C,D,Oc,Od
0.0,1.0,0.0,0.0
0.0,1.0,0.0,0.0
0.5,0.5,0.0,0.0
0.3333333333333333,0.3333333333333333,0.0,0.3333333333333333
0.25,0.25,0.0,0.5
0.0,0.25,0.25,0.5
0.2,0.2,0.2,0.4
0.0,0.4,0.2,0.4
0.0,0.4,0.2,0.4
0.0,0.3333333333333333,0.3333333333333333,0.3333333333333333
0.0,0.3333333333333333,0.3333333333333333,0.3333333333333333
0.0,0.2857142857142857,0.5714285714285714,0.14285714285714285
0.0,0.2857142857142857,0.7142857142857143,0.0
0.0,0.3333333333333333,0.6666666666666666,0.0
0.14285714285714285,0.2857142857142857,0.5714285714285714,0.0
0.16666666666666666,0.3333333333333333,0.5,0.0
0.16666666666666666,0.16666666666666666,0.5,0.16666666666666666
0.0,0.5,0.5,0.0
0.0,0.6,0.4,0.0
0.16666666666666666,0.5,0.3333333333333333,0.0
0.14285714285714285,0.5714285714285714,0.2857142857142857,0.0
0.16666666666666666,0.6666666666666666,0.16666666666666666,0.0
0.14285714285714285,0.7142857142857143,0.14285714285714285,0.0
0.125,0.75,0.125,0.0
0.1,0.7,0.2,0.0
0.16666666666666666,0.6666666666666666,0.16666666666666666,0.0
0.14285714285714285,0.5714285714285714,0.21428571428571427,0.07142857142857142
0.21428571428571427,0.5714285714285714,0.14285714285714285,0.07142857142857142
0.2,0.6,0.13333333333333333,0.06666666666666667
0.3125,0.5,0.125,0.0625
0.2222222222222222,0.5,0.16666666666666666,0.1111111111111111
0.3,0.45,0.05,0.2
0.44,0.4,0.04,0.12
0.43333333333333335,0.3333333333333333,0.06666666666666667,0.16666666666666666
0.4411764705882353,0.3235294117647059,0.058823529411764705,0.17647058823529413
0.5111111111111111,0.26666666666666666,0.06666666666666667,0.15555555555555556
0.5686274509803921,0.23529411764705882,0.058823529411764705,0.13725490196078433
0.5714285714285714,0.25396825396825395,0.047619047619047616,0.12698412698412698
0.6351351351351351,0.20270270270270271,0.04054054054054054,0.12162162162162163
0.6896551724137931,0.1724137931034483,0.034482758620689655,0.10344827586206896
0.7403846153846154,0.1346153846153846,0.038461538461538464,0.08653846153846154
0.7952755905511811,0.10236220472440945,0.023622047244094488,0.07874015748031496
0.8013698630136986,0.08904109589041095,0.0136986301369863,0.0958904109589041
0.8313253012048193,0.06626506024096386,0.018072289156626505,0.08433734939759036
0.8407960199004975,0.05970149253731343,0.014925373134328358,0.0845771144278607
0.8242677824267782,0.04602510460251046,0.016736401673640166,0.11297071129707113
0.8064516129032258,0.03942652329749104,0.010752688172043012,0.14336917562724014
0.7945619335347432,0.03625377643504532,0.00906344410876133,0.16012084592145015
0.7755102040816326,0.030612244897959183,0.025510204081632654,0.1683673469387755
0.7661469933184856,0.024498886414253896,0.0200445434298441,0.18930957683741648
0.7413793103448276,0.02490421455938697,0.022988505747126436,0.210727969348659
0.7444253859348199,0.017152658662092625,0.024013722126929673,0.2144082332761578
0.7263157894736842,0.016541353383458645,0.022556390977443608,0.23458646616541354
0.7140974967061924,0.013175230566534914,0.023715415019762844,0.2490118577075099
0.6837708830548926,0.014319809069212411,0.028639618138424822,0.2732696897374702
0.6735357917570499,0.015184381778741865,0.024945770065075923,0.28633405639913234
0.6739130434782609,0.014822134387351778,0.022727272727272728,0.2885375494071146
0.6675603217158177,0.01519213583556747,0.021447721179624665,0.2957998212689902
0.6570486397361912,0.016488046166529265,0.021434460016488046,0.30502885408079145
0.6666666666666666,0.01557632398753894,0.019470404984423675,0.2982866043613707
0.6558908045977011,0.015086206896551725,0.021551724137931036,0.3074712643678161
0.6568493150684932,0.01643835616438356,0.024657534246575342,0.30205479452054795
0.6535737282678686,0.014810045074050225,0.025112685125563427,0.3065035415325177
0.6542682926829269,0.018292682926829267,0.023170731707317073,0.3042682926829268
0.6535985956699825,0.017554125219426564,0.02399063779988297,0.304856641310708
0.656390134529148,0.01905829596412556,0.024103139013452915,0.3004484304932735
0.6455561468866419,0.019691325172964343,0.025013304949441192,0.30973922299095263
0.6431876606683805,0.021593830334190232,0.02313624678663239,0.31208226221079693
0.6391804097951025,0.022488755622188907,0.022988505747126436,0.3153423288355822
0.6383906931652933,0.021812893843916627,0.022782355792535142,0.317014057198255
0.6407721280602636,0.018832391713747645,0.023540489642184557,0.3168549905838041
0.6411682892906815,0.019471488178025034,0.024571163653222067,0.3147890588780714
0.6355738454503886,0.019204389574759947,0.025605852766346592,0.3196159122085048
0.632240682532555,0.021104625056129322,0.02469690166142793,0.32195779074988773
0.6310592459605027,0.02154398563734291,0.02378815080789946,0.3236086175942549
0.6290682122157825,0.021845742309407043,0.024074899687917966,0.32501114578689255
0.6273542600896861,0.02197309417040359,0.025112107623318385,0.3255605381165919
0.6201793721973095,0.023318385650224215,0.026457399103139014,0.33004484304932735
0.6153157187639946,0.025526197939991044,0.025526197939991044,0.3336318853560233
0.6170403587443947,0.025112107623318385,0.027354260089686097,0.3304932735426009
0.6161705908485118,0.023989338071968014,0.027543314082629944,0.33229675699689026
0.6078431372549019,0.026292335115864526,0.027183600713012478,0.33868092691622104
0.606491774121832,0.026233881725211204,0.02845709204090707,0.3388172521120498
0.603607567091949,0.025516937967443906,0.029036515618125824,0.3418389793224813
0.6058849754792688,0.024074899687917966,0.030762371823450735,0.33927775300936247
0.6042496679946879,0.02434705621956618,0.0283311199645861,0.3430721558211598
0.6039647577092511,0.024229074889867842,0.032158590308370046,0.33964757709251103
0.5915119363395226,0.025198938992042442,0.03227232537577365,0.3510167992926614
0.5957161981258366,0.025435073627844713,0.031236055332440876,0.3476126729138777
0.6046407853636769,0.025435073627844713,0.03168228469433289,0.3382418563141455
0.5946302816901409,0.02772887323943662,0.03125,0.34639084507042256
0.6049601417183348,0.027015057573073518,0.02967227635075288,0.3383525243578388
0.5997340425531915,0.02925531914893617,0.03280141843971631,0.33820921985815605
0.5990295544772828,0.02867225408028231,0.032642258491398325,0.33965593295103663
0.5989352262644189,0.030612244897959183,0.032830523513753325,0.33762200532386866
0.6039076376554174,0.03108348134991119,0.03330373001776199,0.3317051509769094
0.5955947136563877,0.03171806167400881,0.030837004405286344,0.34185022026431716
0.5911699779249449,0.033112582781456956,0.027373068432671083,0.3483443708609272
0.5842547545333923,0.03715170278637771,0.02786377708978328,0.3507297655904467
0.5833333333333334,0.03571428571428571,0.027336860670194002,0.35361552028218696
0.5828166519043402,0.03631532329495128,0.030115146147032774,0.3507528786536758
0.5832587287376902,0.03625783348254252,0.02909579230080573,0.3513876454789615
0.58028545941124,0.032114183764495985,0.029438001784121322,0.3581623550401427
0.576837416481069,0.033853006681514475,0.030289532293986638,0.35902004454342984
0.5716186252771619,0.032815964523281595,0.030598669623059866,0.3649667405764967
0.5743061772605192,0.03178155774395703,0.03178155774395703,0.3621307072515667
0.5753791257805531,0.030330062444246207,0.029438001784121322,0.3648528099910794
0.5767707875054994,0.029036515618125824,0.032996040475142985,0.36119665640123183
0.5692850838481907,0.03089143865842895,0.03398058252427184,0.36584289496910855
0.5757034390352836,0.03305046895935686,0.036176864671728454,0.3550692273336311
0.5683930942895087,0.0283311199645861,0.03497122620628597,0.3683045595396193
0.567124501550731,0.02968542312804608,0.03544528134692069,0.36774479397430215
0.5656656207978485,0.02823845809054236,0.03765127745405648,0.36844464365755264
0.5663082437275986,0.030017921146953404,0.038978494623655914,0.36469534050179214
0.564228367528992,0.030330062444246207,0.040588760035682424,0.3648528099910794
0.5621934908604548,0.03031654034774855,0.04057066428889879,0.3669193045028979
0.5678079146287239,0.031124944419742107,0.03868385949310805,0.36238328145842597
0.5636844424856765,0.03393565447333627,0.03878360511238431,0.36359629792860293
0.5594812164579607,0.03443649373881932,0.03577817531305903,0.370304114490161
0.5579133510167993,0.03536693191865606,0.034482758620689655,0.372236958443855
0.5554078014184397,0.034131205673758866,0.038120567375886524,0.3723404255319149
0.5514184397163121,0.037677304964539006,0.038120567375886524,0.3727836879432624
0.5527502254283138,0.03832281334535618,0.04147880973850315,0.3674481514878269
0.556995976754582,0.03755029056772463,0.03755029056772463,0.3679034421099687
0.5570530098831986,0.03638814016172507,0.035489667565139264,0.3710691823899371
0.5456942003514939,0.03690685413005272,0.0351493848857645,0.38224956063268895
0.5564984368021438,0.03707012058954891,0.036176864671728454,0.37025457793657884
0.5499334221038615,0.03817132711939636,0.032401242787394584,0.3794940079893475
0.5428067078552515,0.03751103265666372,0.03574580759046778,0.38393645189761694
0.5382562277580071,0.03959074733096085,0.036476868327402136,0.3856761565836299
0.542350332594235,0.03680709534368071,0.03458980044345898,0.38625277161862526
0.5391807658058771,0.03784505788067676,0.033392698130008905,0.38958147818343725
0.5402504472271914,0.038461538461538464,0.03130590339892665,0.38998211091234347
0.5398936170212766,0.03590425531914894,0.03324468085106383,0.39095744680851063
0.5294117647058824,0.03832442067736185,0.03431372549019608,0.3979500891265597
0.5270870337477798,0.03596802841918295,0.03374777975133215,0.40319715808170514
0.5355704697986577,0.03668903803131991,0.032214765100671144,0.39552572706935124
0.5384615384615384,0.03580901856763926,0.03183023872679045,0.39389920424403185
0.536379769299024,0.03682342502218278,0.032830523513753325,0.3939662821650399
0.5363153232949512,0.037643932683790966,0.032329495128432244,0.3937112488928255
0.5350799289520426,0.035523978685612786,0.02930728241563055,0.40008880994671403
0.5313881520778072,0.03801945181255526,0.028735632183908046,0.40185676392572944
0.5315394794883106,0.03705337450374945,0.029113365681517425,0.4022937803264226
0.5314685314685315,0.038461538461538464,0.030594405594405596,0.3994755244755245
0.5302695536897923,0.039770216526734424,0.033583738400353516,0.39637649138311976
0.5314437555358724,0.04074402125775022,0.033215234720992026,0.39459698848538527
0.5327060931899642,0.041666666666666664,0.03225806451612903,0.39336917562724016
0.5304659498207885,0.04256272401433692,0.036290322580645164,0.3906810035842294
0.5259423503325943,0.04301552106430155,0.03592017738359202,0.3951219512195122
0.5237461162893919,0.04349755881047492,0.033732800710164226,0.39902352418996895
0.5277777777777778,0.042114695340501794,0.03539426523297491,0.39471326164874554
0.523956043956044,0.04263736263736264,0.033846153846153845,0.3995604395604396
0.5277654375832963,0.0422034651266104,0.034207019102621056,0.39582407818747223
0.5282347710093375,0.044019564250778125,0.03601600711427301,0.3917296576256114
0.5265033407572383,0.04142538975501114,0.0400890868596882,0.39198218262806234
0.5242932862190812,0.04240282685512368,0.03975265017667844,0.39355123674911663
0.5196467991169977,0.04105960264900662,0.039735099337748346,0.3995584988962472
0.5217198581560284,0.0425531914893617,0.037677304964539006,0.3980496453900709
0.5222222222222223,0.03955555555555555,0.04044444444444444,0.3977777777777778
0.5284951024042742,0.0365093499554764,0.03873552983081033,0.396260017809439
0.530296329057939,0.033171163202122954,0.04157452454666077,0.3949579831932773
0.5261293179805138,0.03188662533215235,0.04118689105403012,0.4007971656333038
0.52832674571805,0.03293807641633729,0.04040404040404041,0.3983311374615722
0.5327723649247121,0.03365810451727192,0.04030115146147033,0.3932683790965456
0.5344904316866934,0.03115264797507788,0.03871829105473965,0.3956386292834891
0.5280249110320284,0.029359430604982206,0.04092526690391459,0.40169039145907476
0.5259391771019678,0.02996422182468694,0.04293381037567084,0.4011627906976744
0.519222271321255,0.03137428192664605,0.04021210782147592,0.4091913389306231
0.5220323741007195,0.025629496402877698,0.04001798561151079,0.4123201438848921
0.5195729537366548,0.02802491103202847,0.041370106761565835,0.4110320284697509
0.5187637969094923,0.02781456953642384,0.04282560706401766,0.4105960264900662
0.5183035714285714,0.028125,0.04151785714285714,0.4120535714285714
0.519893899204244,0.029177718832891247,0.03978779840848806,0.41114058355437666
0.5183527305282005,0.03043867502238138,0.03983885407341092,0.41136974037600715
0.5235531628532974,0.03095558546433378,0.038582323912068194,0.4069089277703006
0.5111507582515611,0.029884032114183764,0.03612845673505798,0.42283675289919714
0.5191451469278717,0.028495102404274265,0.03428317008014248,0.41807658058771147
0.518469069870939,0.028037383177570093,0.032487761459724075,0.4210057854917668
0.511968085106383,0.026152482269503546,0.03235815602836879,0.4295212765957447
0.5066489361702128,0.026595744680851064,0.0350177304964539,0.4317375886524823
0.5050952591936199,0.02702702702702703,0.034559149313247675,0.43331856446610545
0.5073170731707317,0.02350332594235033,0.03414634146341464,0.43503325942350335
0.5076096687555953,0.021933751119068933,0.03357206803939123,0.4368845120859445
0.5069600359227661,0.023798832510103278,0.0345756623259991,0.4346654692411316
0.5105333930972658,0.02285970416853429,0.03227252353204841,0.4343343792021515
0.5040467625899281,0.022931654676258992,0.03102517985611511,0.44199640287769787
0.5035810205908684,0.023276633840644583,0.02954341987466428,0.44359892569382275
0.5086859688195992,0.020489977728285078,0.032071269487750555,0.43875278396436523
0.5124003542958371,0.023914968999114262,0.031443755535872454,0.4322409211691763
0.5137533274179237,0.023513753327417924,0.031055900621118012,0.43167701863354035
0.5042391789379741,0.024096385542168676,0.029451137884872823,0.4422132976349844
0.4988972209969122,0.023820026466696075,0.029554477282752536,0.4477282752536392
0.5022301516503123,0.025423728813559324,0.029884032114183764,0.4424620874219447
0.49581313353900397,0.026443367122080213,0.030850594975760245,0.4468929043631556
0.4968861209964413,0.024466192170818506,0.03113879003558719,0.447508896797153
0.49822852081488045,0.025243578387953942,0.032329495128432244,0.44419840566873336
0.4964349376114082,0.026737967914438502,0.031194295900178252,0.44563279857397503
0.4975347377857463,0.025997310623038995,0.029134917077543704,0.447333034513671
0.4942528735632184,0.02475685234305924,0.02961980548187445,0.45137046861184793
0.500220361392684,0.026884089907448214,0.02996914940502424,0.44292639929484356
0.4964381121994657,0.026714158504007122,0.030721282279608193,0.44612644701691895
0.5042391789379741,0.025435073627844713,0.031236055332440876,0.4390896921017403
0.4979991107158737,0.025344597598932858,0.03156958648288128,0.44508670520231214
0.5004472271914132,0.027728085867620753,0.028622540250447227,0.4432021466905188
0.4958094397882664,0.02690780767534186,0.027348919276576972,0.44993383325981473
0.4914361001317523,0.029863855950812472,0.031181379007465964,0.4475186649099693
0.49269588313413015,0.03098716246126605,0.029659141212926073,0.44665781319167774
0.49217002237136465,0.029082774049217,0.03087248322147651,0.44787472035794185
0.48422436459246276,0.03067484662576687,0.03286590709903593,0.45223488168273446
0.48328131966116805,0.029870708872046365,0.032545697726259475,0.45430227374052606
0.48151408450704225,0.032570422535211266,0.032570422535211266,0.4533450704225352
0.47419928825622776,0.03158362989323844,0.030249110320284697,0.4639679715302491
0.48174219093708753,0.029916410030796304,0.029476462824461064,0.45886493620765506
0.47847314691522413,0.030181979582778518,0.029738126941855306,0.46160674656014206
0.4796640141467728,0.027409372236958444,0.03227232537577365,0.46065428824049515
0.479295154185022,0.028634361233480177,0.032158590308370046,0.45991189427312773
0.47629499561018435,0.03204565408252853,0.033801580333625986,0.4578577699736611
0.47749338040600176,0.028684907325684024,0.03486319505736982,0.4589585172109444
0.47738252086078176,0.029863855950812472,0.03337725076855512,0.4593763724198507
0.46444444444444444,0.035111111111111114,0.03333333333333333,0.4671111111111111
0.4771821001329198,0.03544528134692069,0.03322995126273815,0.45414266725742136
0.4719501335707925,0.035173642030276044,0.033392698130008905,0.4594835262689225
0.46492007104795735,0.03330373001776199,0.03241563055062167,0.46936056838365897
0.46153846153846156,0.033156498673740056,0.03094606542882405,0.47435897435897434
0.4734982332155477,0.030918727915194347,0.03356890459363958,0.4620141342756184
0.470770593445527,0.02612931798051373,0.03454384410983171,0.4685562444641275
0.46948775055679287,0.025389755011135856,0.03608017817371938,0.4690423162583519
0.4696969696969697,0.026737967914438502,0.034759358288770054,0.46880570409982175
0.46990637539010255,0.030762371823450735,0.03299152920196166,0.46633972358448506
0.47265451311694084,0.03156958648288128,0.0329035126722988,0.46287238772787903
0.4725177304964539,0.028368794326241134,0.03324468085106383,0.4658687943262411
0.48089591567852435,0.030303030303030304,0.03337725076855512,0.4554238032498902
0.48271276595744683,0.030585106382978722,0.03368794326241135,0.4530141843971631
0.4797507788161994,0.029817534490431688,0.032932799287939477,0.4574988874054295
0.4779706275033378,0.02848242100578549,0.030262572318647086,0.46328437917222964
0.4787422497785651,0.030115146147032774,0.029229406554472984,0.46191319751992915
0.47850877192982455,0.031140350877192982,0.031140350877192982,0.45921052631578946
0.473474801061008,0.03359858532272325,0.03536693191865606,0.45755968169761274
0.4745762711864407,0.03256021409455843,0.03479036574487065,0.45807314897413026
0.468218442256043,0.03222918531781558,0.03715308863025962,0.4623992837958818
0.47061442564559214,0.03250222617987533,0.036064113980409616,0.4608192341941229
0.4631020768890853,0.03314184710561202,0.034025629695095004,0.4697304463102077
0.46355555555555555,0.033777777777777775,0.03688888888888889,0.4657777777777778
0.4635964912280702,0.035964912280701755,0.03508771929824561,0.46535087719298246
0.4676483712628291,0.035698348951361,0.03480589022757698,0.46184738955823296
0.47494456762749443,0.032815964523281595,0.03414634146341464,0.4580931263858093
0.47490004442470013,0.03109729009329187,0.03198578409595735,0.4620168813860506
0.4766562916851934,0.029791018230324588,0.03201422854602046,0.46153846153846156
0.47791519434628976,0.027385159010600707,0.029151943462897525,0.465547703180212
0.47373107747105964,0.028495102404274265,0.02626892252894034,0.4715048975957257
0.4713059195661997,0.030727519204699502,0.02394938996836873,0.47401717126073206
0.47398843930635837,0.028901734104046242,0.024899955535793685,0.4722098710538017
0.4785905441570027,0.027653880463871544,0.02408563782337199,0.4696699375557538
0.4756637168141593,0.02920353982300885,0.023451327433628318,0.47168141592920354
0.4744557974233674,0.029320302087960905,0.024433585073300755,0.4717903154153709
0.4672645739910314,0.03139013452914798,0.026457399103139014,0.4748878923766816
0.47152317880794703,0.030463576158940398,0.026048565121412803,0.47196467991169977
0.47746541722445335,0.031236055332440876,0.026327532351628737,0.46497099509147705
0.4702222222222222,0.030666666666666665,0.02666666666666667,0.47244444444444444
0.47384751773049644,0.027925531914893616,0.028368794326241134,0.4698581560283688
0.4645842498900132,0.029476462824461064,0.029916410030796304,0.4760228772547294
0.4656084656084656,0.03042328042328042,0.029982363315696647,0.4739858906525573
0.46422182468694095,0.03041144901610018,0.029516994633273702,0.47584973166368516
0.45594713656387664,0.032158590308370046,0.027753303964757708,0.4841409691629956
0.4567627494456763,0.032815964523281595,0.026607538802660754,0.4838137472283814
0.4603244191144235,0.03156510302498904,0.024550635686102586,0.4835598421744849
0.4536128456735058,0.03479036574487065,0.02631578947368421,0.4852809991079393
0.45139813581890814,0.03683976919662672,0.026187305814469597,0.4855747891699956
0.4370271473075211,0.03649310191366266,0.0267022696929239,0.4997774810858923
0.437719298245614,0.035964912280701755,0.028070175438596492,0.4982456140350877
0.43361270401411556,0.03484781649757389,0.027790030877812087,0.5037494486104984
0.43286219081272087,0.0353356890459364,0.02871024734982332,0.5030918727915195
0.4316674038036267,0.03494029190623618,0.0291906236178682,0.5042016806722689
0.4281855020261144,0.03556956325979289,0.033318325078793336,0.5029266096352994
0.4249667994687915,0.03275785745905268,0.034528552456839307,0.5077467906153165
0.42711564023039433,0.03190075321222862,0.03322995126273815,0.5077536552946389
0.42262969588550986,0.03130590339892665,0.03309481216457961,0.5129695885509838
0.42244807777286786,0.02828104286345559,0.03093239063190455,0.518338488731772
0.4217506631299735,0.026525198938992044,0.032714412024756855,0.5190097259062776
0.41721854304635764,0.026931567328918323,0.032229580573951436,0.5236203090507726
0.4237213403880071,0.02601410934744268,0.03218694885361552,0.5180776014109347
0.4272404614019521,0.026175687666370896,0.0323868677905945,0.5141969831410825
0.4269911504424779,0.023451327433628318,0.034955752212389384,0.5146017699115044
0.43135518157661645,0.022586359610274578,0.034986713906111605,0.5110717449069974
0.4255224544241885,0.023121387283236993,0.03423743886171632,0.5171187194308582
0.42818791946308726,0.024161073825503355,0.032662192393736016,0.5149888143176734
0.4304192685102587,0.02230151650312221,0.030330062444246207,0.5169491525423728
0.43189964157706096,0.021057347670250897,0.03046594982078853,0.5165770609318996
0.42635314995563445,0.021739130434782608,0.029281277728482696,0.5226264418811003
0.42984014209591476,0.02264653641207815,0.02930728241563055,0.5182060390763765
0.434705621956618,0.02434705621956618,0.02656042496679947,0.5143868968570163
0.42863514719000895,0.025423728813559324,0.025423728813559324,0.5205173951828724
0.43251670378619156,0.025389755011135856,0.025389755011135856,0.5167037861915368
0.4396665204036858,0.025010969723562967,0.02457218078104432,0.5107503290917069
0.43942780509611085,0.02101028162717926,0.024586499776486366,0.5149754135002235
0.43452914798206277,0.022869955156950672,0.026457399103139014,0.5161434977578475
0.4351111111111111,0.02266666666666667,0.027555555555555555,0.5146666666666667
0.42895086321381143,0.02257636122177955,0.025675077467906152,0.5227976980965029
0.4304694419840567,0.02037201062887511,0.025686448184233834,0.5234720992028343
0.43918620079610793,0.020344980097302078,0.025210084033613446,0.5152587350729766
0.42869757174392936,0.02207505518763797,0.026490066225165563,0.5227373068432671
0.4289496910856134,0.024271844660194174,0.026037069726390114,0.5207413945278023
0.42239858906525574,0.02292768959435626,0.027777777777777776,0.5268959435626103
0.42069588793492996,0.024401265250790782,0.02666064166290104,0.5282422051513782
0.42511210762331836,0.02242152466367713,0.028699551569506727,0.5237668161434977
0.41971454058876,0.024531668153434435,0.029884032114183764,0.5258697591436218
0.42857142857142855,0.0258121940364931,0.027147307521139297,0.518469069870939
0.4293286219081272,0.028268551236749116,0.028268551236749116,0.5141342756183745
0.4269911504424779,0.03008849557522124,0.026106194690265486,0.5168141592920354
0.4193404634581105,0.03074866310160428,0.026292335115864526,0.5236185383244206
0.4177383592017738,0.03370288248337029,0.0270509977827051,0.5215077605321508
0.4160714285714286,0.03169642857142857,0.02544642857142857,0.5267857142857143
0.42058562555456963,0.0323868677905945,0.025732031943212066,0.5212954747116237
0.4185739436619718,0.03169014084507042,0.02640845070422535,0.5233274647887324
0.4237213403880071,0.0291005291005291,0.02601410934744268,0.5211640211640212
0.42138364779874216,0.02830188679245283,0.02605570530098832,0.5242587601078167
0.42635314995563445,0.025732031943212066,0.02883762200532387,0.5190771960958296
0.4252974878801234,0.027324812692816218,0.029528426619656236,0.5178492728074041
0.4194407456724368,0.02663115845539281,0.02796271637816245,0.525965379494008
0.41002685765443153,0.02775290957923008,0.02730528200537153,0.5349149507609668
0.41007194244604317,0.03102517985611511,0.025629496402877698,0.533273381294964
0.41990182954038374,0.02989736724676484,0.023650156180276664,0.5265506470325747
0.4182948490230906,0.03241563055062167,0.023090586145648313,0.5261989342806395
0.4147424511545293,0.03463587921847247,0.021758436944937832,0.5288632326820604
0.42044444444444445,0.036444444444444446,0.025333333333333333,0.5177777777777778
0.4196706720071206,0.037828215398308856,0.0258121940364931,0.5166889185580774
0.41888297872340424,0.03546099290780142,0.027925531914893616,0.5177304964539007
0.4160682226211849,0.031867145421903054,0.02827648114901257,0.5237881508078994
0.41368653421633556,0.031788079470198675,0.02781456953642384,0.5267108167770419
0.4190560211733569,0.030877812086457873,0.027790030877812087,0.5222761358623732
0.4209127159946832,0.030571555161719097,0.027913159060700046,0.5206025697828977
0.41962699822380106,0.02664298401420959,0.03108348134991119,0.5226465364120781
0.4214986619090098,0.026761819803746655,0.03256021409455843,0.5191793041926851
0.42490031014621177,0.02525476295968099,0.03145768719539211,0.5183872396987151
0.4230942715381146,0.02480829950383401,0.03112313937753721,0.5209742895805142
0.4231111111111111,0.022222222222222223,0.03155555555555556,0.5231111111111111
0.4304694419840567,0.021700620017714792,0.029229406554472984,0.5186005314437555
0.4320388349514563,0.020741394527802295,0.028684907325684024,0.5185348631950574
0.43090507726269317,0.019426048565121413,0.031788079470198675,0.5178807947019868
0.4357838795394154,0.021700620017714792,0.030558015943312665,0.5119574844995571
0.4353620613060862,0.02132385606397157,0.03154153709462461,0.5117725455353176
0.43133802816901406,0.02112676056338028,0.03345070422535211,0.5140845070422535
0.4321206743566992,0.021739130434782608,0.032830523513753325,0.5133096716947648
0.43788546255506605,0.022466960352422908,0.03303964757709251,0.5066079295154186
0.433761630482942,0.024811696942844484,0.033673017279574655,0.5077536552946389
0.4298323036187114,0.02383053839364519,0.03133274492497794,0.5150044130626655
0.4337879454465464,0.025516937967443906,0.0343158820941487,0.506379234491861
0.4346085409252669,0.026690391459074734,0.037811387900355875,0.5008896797153025
0.42666072224699064,0.026749888542131076,0.034774855104770394,0.5118145341061079
0.4254840162089149,0.0270148581719946,0.033318325078793336,0.5141828005402972
0.42876344086021506,0.029121863799283155,0.036738351254480286,0.5053763440860215
0.4233511586452763,0.029411764705882353,0.036541889483065956,0.5106951871657754
0.4155614500442087,0.029177718832891247,0.038461538461538464,0.5167992926613616
0.423841059602649,0.03090507726269316,0.037527593818984545,0.5077262693156733
0.42088888888888887,0.03333333333333333,0.03911111111111111,0.5066666666666667
0.42391789379741185,0.03346720214190094,0.038375725122713075,0.5042391789379741
0.43395390070921985,0.031471631205673756,0.03856382978723404,0.49601063829787234
0.43738898756660743,0.027531083481349913,0.03907637655417407,0.4960035523978686
0.44038715354157504,0.028156621205455347,0.03739551253849538,0.49406071271447427
0.43886171631836374,0.02712316585148955,0.040017785682525564,0.49399733214762115
0.43125,0.027232142857142858,0.039285714285714285,0.5022321428571429
0.4324801412180053,0.02736098852603707,0.03751103265666372,0.5026478375992939
0.43551236749116606,0.02782685512367491,0.0357773851590106,0.5008833922261484
0.4354767184035477,0.029711751662971176,0.03547671840354767,0.4993348115299335
0.44008908685968817,0.031180400890868598,0.03429844097995546,0.49443207126948774
0.4381374722838137,0.03237250554323725,0.03458980044345898,0.49490022172949
0.43294849023090587,0.02886323268206039,0.03374777975133215,0.5044404973357016
0.4364123159303882,0.027666220437304774,0.031236055332440876,0.5046854082998661
0.4376657824933687,0.029177718832891247,0.03183023872679045,0.5013262599469496
0.43606701940035275,0.028659611992945325,0.03350970017636684,0.5017636684303352
0.43234905244601146,0.02908770383428823,0.03437637725870427,0.5041868664609961
0.4344919786096257,0.0285204991087344,0.03431372549019608,0.5026737967914439
0.4374170720919947,0.02830605926581159,0.03272888102609465,0.5015479876160991
0.4377797672336616,0.02820053715308863,0.03401969561324977,0.5
0.4400356665180562,0.026749888542131076,0.03209986625055729,0.5011145786892555
0.43072824156305506,0.02708703374777975,0.03197158081705151,0.5102131438721137
0.4326115775519222,0.0273972602739726,0.029606716747680072,0.5103844454264251
0.43100358422939067,0.027329749103942653,0.029121863799283155,0.5125448028673835
0.4316674038036267,0.028748341441839895,0.028748341441839895,0.5108359133126935
0.4407603890362511,0.028293545534924844,0.02961980548187445,0.5013262599469496
0.4332291201429209,0.029030817329164807,0.030817329164805715,0.5069227333631086
0.43913235945108453,0.025232403718459494,0.03054448871181939,0.5050907481186365
0.43766696349065004,0.02404274265360641,0.031166518254674976,0.5071237756010686
0.4332887103971441,0.023650156180276664,0.03346720214190094,0.5095939312806783
0.4299107142857143,0.024107142857142858,0.033482142857142856,0.5125
0.4265486725663717,0.025221238938053097,0.034070796460176994,0.5141592920353982
0.42232142857142857,0.02544642857142857,0.033482142857142856,0.51875
0.4261640798226164,0.027494456762749447,0.031042128603104215,0.5152993348115299
0.4302788844621514,0.02877379371403276,0.03275785745905268,0.5081894643647632
0.43282918149466193,0.029359430604982206,0.030249110320284697,0.5075622775800712
0.42977403633141337,0.028356225077536552,0.031014621178555603,0.5108551174124945
0.4359205776173285,0.029332129963898917,0.027978339350180504,0.506768953068592
0.42462087421944694,0.029884032114183764,0.031222123104371096,0.5142729705619982
0.43595406360424027,0.03180212014134275,0.03180212014134275,0.5004416961130742
0.43112701252236135,0.03264758497316637,0.03398926654740608,0.5022361359570662
0.4316258351893096,0.031180400890868598,0.032071269487750555,0.5051224944320712
0.4308510638297872,0.031471631205673756,0.03102836879432624,0.5066489361702128
0.4232992441084927,0.029791018230324588,0.03201422854602046,0.5148955091151622
0.4345878136200717,0.029121863799283155,0.03225806451612903,0.5040322580645161
0.4348404255319149,0.028368794326241134,0.031471631205673756,0.5053191489361702
0.428886925795053,0.030918727915194347,0.029151943462897525,0.5110424028268551
0.43380406001765226,0.03089143865842895,0.02912621359223301,0.5061782877316858
0.42850818946436475,0.029659141212926073,0.0283311199645861,0.5135015493581231
0.4258521469676848,0.027445772465692783,0.027445772465692783,0.5192563081009296
0.4183355585224744,0.029817534490431688,0.030707610146862484,0.5211392968402314
0.41707644166294144,0.030844881537773806,0.030397854269110416,0.5216808225301743
0.41585903083700443,0.03171806167400881,0.03171806167400881,0.520704845814978
0.41085613415710504,0.03133274492497794,0.030450132391879964,0.5273609885260371
0.41604230938739534,0.03129131776112825,0.031732040546496254,0.5209343323049802
0.4107142857142857,0.033035714285714286,0.03169642857142857,0.5245535714285714
0.4134446397188049,0.03251318101933216,0.031195079086115993,0.5228471001757469
0.4103479036574487,0.03300624442462088,0.029438001784121322,0.5272078501338091
0.4129858657243816,0.03224381625441696,0.03136042402826855,0.5234098939929329
0.41011984021304926,0.03195739014647137,0.02885042166000888,0.5290723479804705
0.4210057854917668,0.03115264797507788,0.029372496662216287,0.518469069870939
0.4228899690676094,0.03137428192664605,0.029164825452938577,0.516570923552806
0.42602495543672014,0.03253119429590018,0.03208556149732621,0.5093582887700535
0.4272404614019521,0.03460514640638864,0.02883762200532387,0.5093167701863354
0.4244315648684797,0.03566651805617477,0.027641551493535442,0.5122603655818101
0.4207235372934346,0.036176864671728454,0.026351049575703438,0.5167485484591335
0.41975308641975306,0.033950617283950615,0.025573192239858905,0.5207231040564374
0.41585040071237755,0.036064113980409616,0.024933214603739984,0.5231522707034728
0.42212389380530974,0.033185840707964605,0.029646017699115044,0.5150442477876106
0.412,0.033777777777777775,0.029333333333333333,0.5248888888888888
0.41762621789193977,0.032329495128432244,0.0283436669619132,0.5217006200177148
0.4165162454873646,0.033393501805054154,0.029783393501805054,0.5203068592057761
0.4202056325435852,0.03263299061242736,0.029503799731783638,0.5176575771122038
0.4174800354924579,0.03327417923691216,0.03149955634427684,0.5177462289263531
0.411395244504262,0.033647375504710635,0.03140421713772992,0.5235531628532974
0.4210061782877317,0.03398058252427184,0.03000882612533098,0.5150044130626655
0.42336739227010217,0.034207019102621056,0.03065304309195913,0.5117725455353176
0.42299156679982247,0.032845095428317796,0.026187305814469597,0.5179760319573902
0.42409314823107924,0.032691446484549934,0.025526197939991044,0.5176892073443797
0.42095914742451157,0.03197158081705151,0.025310834813499113,0.5217584369449378
0.4333038869257951,0.030035335689045935,0.02429328621908127,0.5123674911660777
0.42838078291814946,0.03158362989323844,0.025355871886120998,0.5146797153024911
0.4286967968407196,0.03334795963141729,0.025888547608600262,0.5120666959192628
0.42514438027543316,0.0368725011106175,0.027099067081297203,0.5108840515326522
0.4262589928057554,0.0368705035971223,0.026528776978417268,0.510341726618705
0.42194469223907227,0.03345227475468332,0.027207850133809098,0.5173951828724354
0.4230769230769231,0.03130590339892665,0.02728085867620751,0.5183363148479427
0.4260328742780986,0.029764549089293647,0.02576632607729898,0.5184362505553087
0.42152067585593594,0.031124944419742107,0.028901734104046242,0.5184526456202757
0.427689594356261,0.0291005291005291,0.028659611992945325,0.5145502645502645
0.4326115775519222,0.03137428192664605,0.029606716747680072,0.5064074237737517
0.4256546826453617,0.032401242787394584,0.029738126941855306,0.5122059476253884
0.4196233026719229,0.03153745072273324,0.032413491020586944,0.5164257555847569
0.42389380530973453,0.031415929203539826,0.03008849557522124,0.5146017699115044
0.4268022998673153,0.033171163202122954,0.0291906236178682,0.5108359133126935
0.42181340341655715,0.03416557161629435,0.029347349978098992,0.5146736749890495
0.4227534307215582,0.03408587870739265,0.03010181496237273,0.5130588756086764
0.42350332594235035,0.03592017738359202,0.031929046563192905,0.5086474501108648
0.4188458070333634,0.035617673579801626,0.030658250676284943,0.5148782687105501
0.4190560211733569,0.03573003970004411,0.02999558888398765,0.5152183502426114
0.4190391459074733,0.032473309608540925,0.029359430604982206,0.5191281138790036
0.4178383128295255,0.032952548330404216,0.029876977152899824,0.5193321616871704
0.41655658300308235,0.03126376045794804,0.028621752531924262,0.5235579040070454
0.4172949002217295,0.031929046563192905,0.028824833702882482,0.5219512195121951
0.41501103752759383,0.031346578366445915,0.02913907284768212,0.5245033112582781
0.41974210760337927,0.032458870609159626,0.03023566029346376,0.5175633614939973
0.4267374944665781,0.03187250996015936,0.029659141212926073,0.5117308543603364
0.4312087912087912,0.03208791208791209,0.02945054945054945,0.5072527472527473
0.4300884955752212,0.033628318584070796,0.029646017699115044,0.5066371681415929
0.42717149220489975,0.035634743875278395,0.030289532293986638,0.5069042316258352
0.43097345132743364,0.033185840707964605,0.02831858407079646,0.5075221238938054
0.4327824921840107,0.0321572130415364,0.027244305493523895,0.507815989280929
0.43918620079610793,0.03184431667403804,0.024325519681556832,0.5046439628482973
0.44329896907216493,0.03003137606454505,0.025997310623038995,0.500672344240251
0.44158151932474454,0.028431808085295423,0.025322079075966238,0.5046645935139937
0.4386042402826855,0.029151943462897525,0.02561837455830389,0.5066254416961131
0.43314082629942247,0.028431808085295423,0.02576632607729898,0.5126610395379831
0.434531735463826,0.029738126941855306,0.024411895250776743,0.511318242343542
0.43630714602751886,0.030181979582778518,0.023968042609853527,0.509542831779849
0.4383016364440513,0.03140203449800973,0.02344095532950022,0.5068553737284387
0.4380610412926391,0.032764811490125674,0.02378815080789946,0.5053859964093357
0.4401766004415011,0.03399558498896247,0.024282560706401765,0.5015452538631346
0.4424269264836138,0.03631532329495128,0.023472099202834367,0.4977856510186005
0.4388520971302428,0.03576158940397351,0.025607064017660046,0.49977924944812363
0.43029490616621985,0.03663985701519214,0.0290437890974084,0.5040214477211796
0.4364123159303882,0.03435966086568496,0.028112449799196786,0.50111557340473
0.4325153374233129,0.033304119193689745,0.030236634531113058,0.5039439088518843
0.42838078291814946,0.03425266903914591,0.03069395017793594,0.5066725978647687
0.42527716186252773,0.031042128603104215,0.032815964523281595,0.5108647450110865
0.42656112576956906,0.0316622691292876,0.032981530343007916,0.5087950747581355
0.4289496910856134,0.03265666372462489,0.03309796999117388,0.5052956751985879
0.42352415026833634,0.03354203935599284,0.03488372093023256,0.5080500894454383
0.4293286219081272,0.03401060070671378,0.030035335689045935,0.5066254416961131
0.42567269519188355,0.035288928098809,0.030877812086457873,0.5081605646228495
0.4247787610619469,0.03982300884955752,0.029646017699115044,0.5057522123893805
0.42730496453900707,0.0398936170212766,0.030141843971631204,0.5026595744680851
0.4264049955396967,0.03791257805530776,0.032114183764495985,0.5035682426404996
0.4305370616955171,0.03817132711939636,0.032401242787394584,0.49889036839769196
0.4319682959048877,0.03742844561867019,0.03126376045794804,0.49933949801849403
0.42387927208166887,0.040390590324012425,0.032845095428317796,0.5028850421660009
0.4215642951833849,0.039770216526734424,0.0344675209898365,0.5041979673000442
0.4224857268335529,0.03864734299516908,0.03513394817742644,0.5037329819938515
0.42119323241317896,0.0396260017809439,0.03561887800534283,0.5035618878005342
0.4229925405879772,0.03949100482667837,0.03466432645897324,0.5028521281263713
0.42454905411350635,0.04179498460184778,0.03739551253849538,0.49626044874615044
0.4209363957597173,0.037985865724381625,0.0353356890459364,0.5057420494699647
0.4270509977827051,0.03902439024390244,0.03592017738359202,0.4980044345898004
0.4265232974910394,0.03539426523297491,0.03494623655913978,0.5031362007168458
0.43201069995541685,0.03209986625055729,0.03744984395898351,0.49843958983504233
0.4355909694555113,0.033200531208499334,0.03851261620185923,0.49269588313413015
0.431858407079646,0.033185840707964605,0.036283185840707964,0.4986725663716814
0.43079661771250555,0.032487761459724075,0.036048064085447265,0.5006675567423231
0.4344552701505757,0.03454384410983171,0.03720106288751107,0.49379982285208146
0.42478670857656037,0.03502469690166143,0.03547373147732375,0.5047148630444545
0.4221824686940966,0.03264758497316637,0.03488372093023256,0.5102862254025045
0.415377817057004,0.03314184710561202,0.03314184710561202,0.518338488731772
0.41459074733096085,0.035142348754448396,0.032473309608540925,0.5177935943060499
0.42384993300580615,0.030817329164805715,0.03439035283608754,0.5109423849933006
0.4227859368046284,0.030707610146862484,0.03337783711615487,0.5131286159323543
0.42459088898717384,0.033171163202122954,0.03228659885006634,0.5099513489606369
0.42996022978347326,0.03225806451612903,0.03225806451612903,0.5055236411842686
0.42901371074745687,0.030959752321981424,0.03361344537815126,0.5064130915524104
0.4252212389380531,0.030530973451327433,0.034955752212389384,0.5092920353982301
0.426654740608229,0.03175313059033989,0.03488372093023256,0.5067084078711985
0.41868823000898475,0.02830188679245283,0.03504043126684636,0.5179694519317161
0.4137316094516273,0.03031654034774855,0.03611234953187695,0.5198395006687472
0.41171251109139306,0.029281277728482696,0.035048802129547474,0.5239574090505768
