C,D,Oc,Od
0.0,0.0,1.0,0.0
0.0,0.0,0.5,0.5
0.2,0.0,0.4,0.4
0.125,0.0,0.5,0.375
0.18181818181818182,0.09090909090909091,0.36363636363636365,0.36363636363636365
0.1111111111111111,0.2222222222222222,0.3333333333333333,0.3333333333333333
0.16,0.28,0.28,0.28
0.18181818181818182,0.21212121212121213,0.36363636363636365,0.24242424242424243
0.2391304347826087,0.13043478260869565,0.3695652173913043,0.2608695652173913
0.22058823529411764,0.14705882352941177,0.38235294117647056,0.25
0.20987654320987653,0.18518518518518517,0.345679012345679,0.25925925925925924
0.23148148148148148,0.18518518518518517,0.3611111111111111,0.2222222222222222
0.2391304347826087,0.17391304347826086,0.3695652173913043,0.21739130434782608
0.25301204819277107,0.19879518072289157,0.3253012048192771,0.22289156626506024
0.2647058823529412,0.18137254901960784,0.3137254901960784,0.24019607843137256
0.26877470355731226,0.20553359683794467,0.2924901185770751,0.233201581027668
0.2837370242214533,0.21453287197231835,0.28027681660899656,0.22145328719723184
0.28023598820059,0.19469026548672566,0.2713864306784661,0.2536873156342183
0.2857142857142857,0.19458128078817735,0.2536945812807882,0.2660098522167488
0.2929936305732484,0.20169851380042464,0.25477707006369427,0.2505307855626327
0.2962962962962963,0.21481481481481482,0.24444444444444444,0.24444444444444444
0.31687898089171973,0.21337579617834396,0.22770700636942676,0.24203821656050956
0.3184979137691238,0.21974965229485396,0.2239221140472879,0.23783031988873435
0.31456548347613217,0.22031823745410037,0.23133414932680538,0.23378212974296206
0.3173913043478261,0.23152173913043478,0.22826086956521738,0.22282608695652173
0.32027424094025464,0.23408423114593535,0.22428991185112634,0.22135161606268364
0.31109107303877365,0.23895401262398558,0.23264201983769162,0.21731289449954913
0.30901639344262294,0.23852459016393443,0.23114754098360657,0.22131147540983606
0.3169642857142857,0.24925595238095238,0.21651785714285715,0.21726190476190477
0.3191637630662021,0.25365853658536586,0.21672473867595818,0.21045296167247388
0.31362467866323906,0.26413881748071977,0.2152956298200514,0.2069408740359897
0.3075060532687651,0.2639225181598063,0.21610169491525424,0.21246973365617433
0.30158730158730157,0.26303854875283444,0.22505668934240364,0.21031746031746032
0.3096529284164859,0.25704989154013014,0.22342733188720174,0.2098698481561822
0.30684788290642967,0.2566649242028228,0.2268687924725562,0.20961840041819133
0.31405377980720445,0.2567224759005581,0.22425164890918314,0.20497209538305428
0.3074257425742574,0.2589108910891089,0.22673267326732674,0.20693069306930692
0.30344158991759573,0.260785264178381,0.2258846340281144,0.20988851187590887
0.3000958772770853,0.25599232981783315,0.22818791946308725,0.21572387344199426
0.3055940822931114,0.25335182616736013,0.2260748959778086,0.21497919556171982
0.30614115490375804,0.25022914757103576,0.23189734188817598,0.21173235563703025
0.31118240146654447,0.24793767186067828,0.229147571035747,0.21173235563703025
0.3009575923392613,0.253077975376197,0.2302781577747378,0.21568627450980393
0.30384271671134944,0.25022341376228774,0.23056300268096513,0.21537086684539766
0.2976618705035971,0.2522482014388489,0.227068345323741,0.22302158273381295
0.30434782608695654,0.25235320484087853,0.22097714029583146,0.2223218287763335
0.3112313937753721,0.25620207487595853,0.2133513757329725,0.21921515561569688
0.3010136624063464,0.2560599382988101,0.22168356104010578,0.22124283825473778
0.306401766004415,0.2507726269315673,0.21589403973509932,0.2269315673289183
0.3054054054054054,0.2490990990990991,0.21306306306306305,0.23243243243243245
0.3110712684894666,0.25011205737337516,0.20394441954280593,0.23487225459435232
0.31382260243133725,0.25078793336334987,0.2035119315623593,0.23187753264295363
0.31088314005352363,0.2502230151650312,0.21052631578947367,0.22836752899197146
0.31119964586100046,0.2505533421868083,0.2098273572377158,0.22841965471447542
0.30983385720700496,0.2487651549169286,0.21867983834755275,0.22272114952851368
0.30699774266365687,0.2492099322799097,0.21941309255079006,0.22437923250564334
0.3044642857142857,0.25625,0.21785714285714286,0.22142857142857142
0.30324909747292417,0.2572202166064982,0.21796028880866425,0.22157039711191337
0.29118432769367764,0.2649154051647373,0.21861086375779162,0.2252894033837934
0.2954850245864998,0.25927581582476533,0.21949038891372374,0.22574877067501117
0.29422382671480146,0.26398916967509023,0.2134476534296029,0.2283393501805054
0.2963963963963964,0.2662162162162162,0.20540540540540542,0.23198198198198197
0.30044642857142856,0.2571428571428571,0.21428571428571427,0.228125
0.3021710234824989,0.256978289765175,0.2095702259636686,0.23128046078865752
0.30718378140149843,0.25826355222565006,0.20361392684001764,0.23093873953283384
0.3144124168514412,0.2492239467849224,0.2048780487804878,0.23148558758314855
0.3155056179775281,0.25213483146067417,0.1991011235955056,0.23325842696629215
0.30908269317668324,0.24943515589697243,0.20018075011296882,0.2413014008133755
0.30430879712746856,0.2513464991023339,0.2033213644524237,0.24102333931777378
0.3063063063063063,0.24234234234234234,0.21036036036036035,0.240990990990991
0.3077945084145261,0.24224977856510185,0.20859167404782994,0.24136403897254208
0.3109318996415771,0.24014336917562723,0.2060931899641577,0.24283154121863798
0.3280282935455349,0.22900088417329797,0.20512820512820512,0.23784261715296198
0.3206958073148974,0.23238180196253344,0.2024977698483497,0.24442462087421946
0.3205590622182146,0.23309287646528404,0.20333633904418394,0.2430117222723174
0.32192085371276125,0.23210315695864828,0.2009782125389062,0.2449977767896843
0.3177317731773177,0.23267326732673269,0.20297029702970298,0.24662466246624662
0.3224068253255501,0.2366412213740458,0.20116748989672203,0.2397844634036821
0.3280212483399734,0.23151837096060204,0.20274457724656927,0.23771580345285526
0.3242761692650334,0.2311804008908686,0.20623608017817371,0.2383073496659243
0.3284116331096197,0.23176733780760628,0.2004474272930649,0.23937360178970918
0.3222172149616945,0.23749436683190625,0.20099143758449753,0.23929698062190174
0.3210315695864829,0.2387727879057359,0.1974210760337928,0.24277456647398843
0.32665776591010237,0.2358700489541611,0.19893190921228304,0.2385402759234535
0.3304817649707339,0.23187753264295363,0.20126069338135974,0.23638000900495273
0.3354344889689329,0.23142728500675372,0.19810895992796038,0.235029266096353
0.32719101123595506,0.23101123595505618,0.20629213483146067,0.2355056179775281
0.32793522267206476,0.2289698605488079,0.20557804768331084,0.23751686909581646
0.32823052678973436,0.2260243133723548,0.21026564610535795,0.2354795137325529
0.3240699238009861,0.21828776333482744,0.2155983863738234,0.24204392649036308
0.33035714285714285,0.22053571428571428,0.21517857142857144,0.23392857142857143
0.3301929116195603,0.21534320323014805,0.2148945715567519,0.2395693135935397
0.32227700582698343,0.21963245181532945,0.2155983863738234,0.24249215598386373
0.32948490230905864,0.22246891651865008,0.21181172291296627,0.23623445825932504
0.3231185218566922,0.23073456511942317,0.20910319963947724,0.23704371338440738
0.3242152466367713,0.2282511210762332,0.20986547085201793,0.23766816143497757
0.31994645247657294,0.22802320392681838,0.21508255243195,0.23694779116465864
0.3251996450754215,0.22582076308784382,0.21650399290150843,0.23247559893522626
0.3267415730337079,0.22786516853932584,0.21483146067415732,0.230561797752809
0.3308103294746215,0.2257346393588602,0.21104185218165628,0.23241317898486197
0.3251101321585903,0.2290748898678414,0.20352422907488987,0.2422907488986784
0.3254988913525499,0.23059866962305986,0.20798226164079822,0.23592017738359203
0.3293333333333333,0.224,0.21511111111111111,0.23155555555555554
0.3258426966292135,0.2260674157303371,0.21932584269662922,0.22876404494382022
0.3285904846598488,0.22899066251667408,0.2187638950644731,0.223654957759004
0.33049708911777875,0.22660098522167488,0.21988356471115092,0.22301836094939542
0.32814584259670965,0.22899066251667408,0.21076033792796797,0.23210315695864828
0.33007552199022655,0.23011994669035984,0.21190581963571745,0.22789871168369613
0.33156498673740054,0.22988505747126436,0.21485411140583555,0.22369584438549955
0.33863837312113176,0.23076923076923078,0.20999115826702033,0.22060123784261715
0.33900582176444244,0.22928795342588446,0.20689655172413793,0.22480967308553515
0.33944543828264756,0.22853309481216458,0.20348837209302326,0.22853309481216458
0.34027470093043866,0.2255206025697829,0.20381036774479397,0.2303943287549845
0.33865248226950356,0.2296099290780142,0.19902482269503546,0.2327127659574468
0.34656556645851916,0.22346119536128456,0.19937555753791258,0.23059768064228367
0.34954954954954953,0.22342342342342342,0.20225225225225224,0.22477477477477478
0.3393258426966292,0.23101123595505618,0.20449438202247192,0.2251685393258427
0.3387387387387387,0.22117117117117116,0.20540540540540542,0.23468468468468467
0.34274193548387094,0.21774193548387097,0.20116487455197132,0.23835125448028674
0.3400089007565643,0.21762349799732977,0.20249221183800623,0.2398753894080997
0.33662921348314606,0.22247191011235956,0.20224719101123595,0.23865168539325843
0.3358676207513417,0.22540250447227192,0.2016994633273703,0.2370304114490161
0.34269162210338683,0.22593582887700533,0.19162210338680927,0.23975044563279857
0.3432769367764915,0.2315227070347284,0.19278717720391808,0.23241317898486197
0.3403776978417266,0.23426258992805754,0.19739208633093525,0.22796762589928057
0.3391034176653351,0.23879272081668887,0.1966267199289836,0.22547714158899246
0.34130146082337315,0.23771580345285526,0.19300575475874282,0.22797698096502877
0.34195274186357555,0.2362906821221578,0.19349086045474811,0.2282657155595185
0.3386595650244119,0.237017310252996,0.1966267199289836,0.22769640479360853
0.34347442680776014,0.2345679012345679,0.19973544973544974,0.2222222222222222
0.33660276415514934,0.23272403031654035,0.20463664734730272,0.22603655818100757
0.3425636444841447,0.2300133988387673,0.20723537293434569,0.2201875837427423
0.34844444444444445,0.2288888888888889,0.20355555555555555,0.21911111111111112
0.3431372549019608,0.22415329768270945,0.21256684491978609,0.22014260249554368
0.3334817453250223,0.2288512911843277,0.21682991985752448,0.22083704363312556
0.3283450704225352,0.22843309859154928,0.21919014084507044,0.22403169014084506
0.33111702127659576,0.23049645390070922,0.21631205673758866,0.2220744680851064
0.3343763969602146,0.22664282521233794,0.2136790344210997,0.2253017434063478
0.3371732388125831,0.22862206468763846,0.20735489587948605,0.22684980062029242
0.34493529674252565,0.23293172690763053,0.2034805890227577,0.2186523873270861
0.3452274754683318,0.2297056199821588,0.20785013380909903,0.21721677074041035
0.3500889679715303,0.222864768683274,0.2090747330960854,0.2179715302491103
0.34601769911504426,0.21858407079646017,0.21017699115044247,0.2252212389380531
0.3431899641577061,0.21818996415770608,0.20654121863799282,0.23207885304659498
0.3471223021582734,0.21672661870503598,0.20908273381294964,0.227068345323741
0.3474576271186441,0.215878679750223,0.21141837644959857,0.22524531668153436
0.3451685393258427,0.2139325842696629,0.2143820224719101,0.22651685393258428
0.3427167113494191,0.20777479892761394,0.21894548704200179,0.23056300268096513
0.33996463306808133,0.20557029177718833,0.22369584438549955,0.23076923076923078
0.3379341050756901,0.20391807658058772,0.21905609973285842,0.23909171861086376
0.33914988814317676,0.20715883668903803,0.21655480984340045,0.2371364653243848
0.3374888691006233,0.20837043633125557,0.21905609973285842,0.2350845948352627
0.3370436331255565,0.20614425645592163,0.2226179875333927,0.2341941228851291
0.33363108530594016,0.21304153640017864,0.21750781598928093,0.23581956230460027
0.33918918918918917,0.20765765765765765,0.21891891891891893,0.23423423423423423
0.3394950405770965,0.21280432822362488,0.21505861136158702,0.23264201983769162
0.3284116331096197,0.21431767337807606,0.22237136465324384,0.2348993288590604
0.3299244108492663,0.20764784348599377,0.22899066251667408,0.2334370831480658
0.3331858407079646,0.20707964601769913,0.23008849557522124,0.22964601769911505
0.3271441202475685,0.20778072502210435,0.23165340406719717,0.23342175066312998
0.3267504488330341,0.21409335727109516,0.22935368043087973,0.22980251346499103
0.3261552265589951,0.20861372812920592,0.23014804845222073,0.23508299685957829
0.3187108325872874,0.21128021486123547,0.23634735899731424,0.23366159355416294
0.3258728737690242,0.20769919427036707,0.2350044762757386,0.2314234556848702
0.3269827204253434,0.21134249003101463,0.2370403190075321,0.22463447053610988
0.32173136992414103,0.21195894689870592,0.23784024988844266,0.2284694332887104
0.3173679498657117,0.2197851387645479,0.23545210384959714,0.22739480752014324
0.31525122276567363,0.22098710538016897,0.23566029346376166,0.22810137839039574
0.3101893597835888,0.21866546438232642,0.23805229936880073,0.23309287646528404
0.3070097604259095,0.225377107364685,0.23425022182786157,0.23336291038154391
0.3140009062075215,0.22338015405527867,0.23289533303126417,0.22972360670593567
0.31680071492403933,0.21760500446827524,0.2292225201072386,0.23637176050044684
0.31588287488908606,0.2222715173025732,0.22582076308784382,0.2360248447204969
0.3035315154224408,0.22217255252570406,0.2329012069736254,0.24139472507822976
0.30916370106761565,0.21218861209964412,0.23976868327402134,0.23887900355871886
0.30686406460296095,0.2126514131897712,0.23822341857335128,0.24226110363391656
0.30504689593568557,0.21661456007146046,0.2393925859758821,0.23894595801697185
0.3023992756903576,0.21865097329108193,0.2381167949298325,0.24083295608872793
0.3019538188277087,0.22380106571936056,0.23712255772646537,0.23712255772646537
0.30380313199105147,0.22684563758389262,0.2411633109619687,0.22818791946308725
0.3045822102425876,0.22506738544474394,0.23539982030548068,0.23495058400718777
0.29973238180196254,0.23461195361284568,0.227921498661909,0.23773416592328278
0.28886925795053003,0.23851590106007067,0.23454063604240283,0.23807420494699646
0.28546177640300485,0.23906319045514804,0.23641184268669907,0.23906319045514804
0.2860974519445686,0.24139472507822976,0.23245417970496202,0.2400536432722396
0.2802346570397112,0.24052346570397112,0.2342057761732852,0.2450361010830325
0.2828507795100223,0.23385300668151449,0.24053452115812918,0.24276169265033407
0.2799107142857143,0.23616071428571428,0.2392857142857143,0.24464285714285713
0.2836153161175423,0.2444345503116652,0.23018699910952806,0.24176313446126446
0.2823371989295272,0.24710080285459413,0.227921498661909,0.24264049955396966
0.2756780791462872,0.2463317029791018,0.22943530457981326,0.24855491329479767
0.27268643306379153,0.24663072776280323,0.22776280323450135,0.2529200359389039
0.2774308652988403,0.243978590544157,0.22390722569134702,0.2546833184656557
0.27545984746523106,0.24450426200089725,0.2274562584118439,0.25257963212202783
0.2782492184010719,0.23715944618133095,0.22465386333184456,0.2599374720857526
0.2793522267206478,0.23616734143049933,0.2244714349977508,0.2600089968511021
0.27534925642181163,0.23884632717440288,0.2316358720144209,0.2541685443893646
0.28012449977767895,0.23699421965317918,0.23121387283236994,0.2516674077367719
0.273997296079315,0.2320865254619198,0.23569175304191078,0.2582244254168544
0.276092774308653,0.23416592328278324,0.235950044603033,0.2537912578055308
0.27723214285714287,0.23035714285714284,0.2330357142857143,0.259375
0.27268663388466696,0.23871256146624945,0.23468931604827895,0.25391148860080465
0.27297176154190944,0.2429403854773644,0.23397579560735096,0.25011205737337516
0.26252771618625276,0.24168514412416853,0.24035476718403548,0.25543237250554324
0.2616279069767442,0.23479427549194992,0.23658318425760286,0.26699463327370304
0.2661510464058235,0.22929936305732485,0.2370336669699727,0.267515923566879
0.26598122485471615,0.22574877067501117,0.23915958873491283,0.2691104157353599
0.2613941018766756,0.22832886505808758,0.24396782841823056,0.26630920464700625
0.2652877697841727,0.22841726618705036,0.2446043165467626,0.26169064748201437
0.25823686553873554,0.2319679430097952,0.2382012466607302,0.2715939447907391
0.25920994229915667,0.2339103417665335,0.23568575233022637,0.27119396360408343
0.2639571237159446,0.2331397945511389,0.231353282715498,0.2715497990174185
0.2569134701159679,0.23461195361284568,0.23371989295272078,0.27475468331846564
0.25514771709937334,0.23724261414503134,0.23366159355416294,0.2739480752014324
0.25145413870246086,0.23758389261744967,0.23176733780760628,0.2791946308724832
0.25157232704402516,0.23674752920035938,0.23270440251572327,0.27897574123989216
0.24740874267688148,0.23704371338440738,0.23298783235691753,0.2825597115817936
0.25078510542844323,0.23777478689995513,0.22700762673844774,0.2844324809331539
0.2548488949030221,0.2359043752819125,0.22913847541723048,0.28010825439783493
0.25,0.23434704830053668,0.231216457960644,0.2844364937388193
0.25133689839572193,0.23172905525846701,0.23484848484848486,0.2820855614973262
0.2493285586392122,0.2332139659803044,0.23813786929274844,0.279319606087735
0.2538116591928251,0.23721973094170404,0.23183856502242153,0.2771300448430493
0.25078510542844323,0.23373710183938987,0.23553162853297444,0.27994616419919244
0.25315884476534295,0.23330324909747294,0.23691335740072203,0.2766245487364621
0.2548141513658755,0.2413793103448276,0.23779668607254814,0.2660098522167488
0.25011205737337516,0.24652622142536978,0.23621694307485433,0.2671447781264007
0.24562191288729232,0.25011225864391556,0.2348450830713965,0.2694207453973956
0.24898143956541421,0.24898143956541421,0.24535989135355366,0.25667722951561794
0.2523447967842787,0.24609200535953552,0.25011165698972754,0.25145154086645827
0.2521045635799734,0.2467877713779353,0.25387682764731945,0.2472308373947718
0.24761037778789258,0.25307237141556665,0.24761037778789258,0.25170687300864814
0.24130240856378235,0.2586975914362177,0.24665477252453166,0.25334522747546834
0.24391343552750225,0.25924256086564473,0.24165915238954014,0.2551848512173129
0.25156110615521854,0.25735950044603034,0.23639607493309545,0.2546833184656557
0.24571686203787196,0.2583408476104599,0.23534715960324618,0.260595130748422
0.2462154942119323,0.25868210151380233,0.2319679430097952,0.26313446126447015
0.24775583482944344,0.2580789946140036,0.23384201077199282,0.26032315978456017
0.24739465337562302,0.2510194834617127,0.23969188944268238,0.26189397371998185
0.24508050089445438,0.2558139534883721,0.24016100178890876,0.25894454382826476
0.24620196604110814,0.256478999106345,0.24084003574620197,0.256478999106345
0.24379232505643342,0.2532731376975169,0.24469525959367946,0.2582392776523702
0.24457244129375277,0.25476295968099244,0.2410279131590607,0.25963668586619404
0.24171888988361684,0.25246195165622204,0.2394807520143241,0.26633840644583706
0.23983921393479232,0.25681107637338096,0.24028584189370256,0.2630638677981242
0.23597506678539626,0.25690115761353516,0.2439893143365984,0.26313446126447015
0.2369584438549956,0.2537577365163572,0.23916887709991158,0.27011494252873564
0.23518930957683742,0.26057906458797325,0.23518930957683742,0.2690423162583519
0.23277802791535346,0.2638451148131472,0.235029266096353,0.26834759117514634
0.22698838248436104,0.26541554959785524,0.23949955317247543,0.2680965147453083
0.23309608540925267,0.26334519572953735,0.2393238434163701,0.26423487544483987
0.23046002679767755,0.2719964269763287,0.2362661902635105,0.26127735596248325
0.2305282005371531,0.26723366159355416,0.2403760071620412,0.26186213070725156
0.22928795342588446,0.27317510076130763,0.2369010300044783,0.2606359158083296
0.22780269058295965,0.2757847533632287,0.23452914798206279,0.26188340807174887
0.22525750111957007,0.2749664128974474,0.2431706224809673,0.25660546350201524
0.2256913470115968,0.28055307760927745,0.235950044603033,0.25780553077609275
0.2329443447037702,0.28052064631956913,0.23518850987432674,0.2513464991023339
0.23025435073627845,0.28023203926818385,0.2391789379741187,0.250334672021419
0.22769640479360853,0.28495339547270304,0.24234354194407456,0.24500665778961384
0.23011994669035984,0.282985339848956,0.2403376277210129,0.24655708573967125
0.22900763358778625,0.2815446789402784,0.24292770543331837,0.24651998203861697
0.23207126948775056,0.27260579064587975,0.2489977728285078,0.24632516703786192
0.22925958965209633,0.272078501338091,0.256021409455843,0.24264049955396966
0.23669972948602344,0.2628494138863841,0.2601442741208296,0.24030658250676284
0.2374164810690423,0.267260579064588,0.2525612472160356,0.24276169265033407
0.23813827383642114,0.2729326705829191,0.25124265702666065,0.2376863985539991
0.236,0.2693333333333333,0.24888888888888888,0.2457777777777778
0.23777478689995513,0.2673844773441005,0.24764468371467024,0.24719605204127412
0.23366159355416294,0.26320501342882724,0.25604297224709044,0.24709042076991944
0.23616734143049933,0.2613585245164193,0.25191183085919927,0.2505623031938821
0.2368659420289855,0.26721014492753625,0.24682971014492755,0.24909420289855072
0.241179097811523,0.2594908441268423,0.24877177311299686,0.2505582849486378
0.23766816143497757,0.2569506726457399,0.2533632286995516,0.2520179372197309
0.239404869251578,0.25473399458972046,0.2551848512173129,0.25067628494138866
0.23182018510356986,0.25209343323049804,0.2609078889378581,0.255178492728074
0.23471664435519857,0.26015171798304326,0.2570281124497992,0.24810352521195894
0.23218287763334827,0.262662483191394,0.25638727028238456,0.24876736889287315
0.23589065255731922,0.26631393298059963,0.2535273368606702,0.24426807760141092
0.2469690166142793,0.2613381230354737,0.24517287831162998,0.24651998203861697
0.24331550802139038,0.2642602495543672,0.24955436720142601,0.2428698752228164
0.24038026256224537,0.2616568583069262,0.2494341330918968,0.24852874603893163
0.2398573339277753,0.26081141328577795,0.2456531431119037,0.253678109674543
0.24776785714285715,0.2584821428571429,0.24464285714285713,0.24910714285714286
0.23960661600357622,0.262405006705409,0.24184175234689317,0.2561466249441216
0.24271844660194175,0.2599293909973522,0.24139452780229478,0.2559576345984113
0.24319500223114682,0.26416778224007137,0.2427487728692548,0.249888442659527
0.24569916188795765,0.2646669607410675,0.24261138067931187,0.24702249669166298
0.24039320822162646,0.26899016979445933,0.24709562109025915,0.24352100089365505
0.24719605204127412,0.2660385823239121,0.24540152534768955,0.24136384028712426
0.2489905787348587,0.26469268730372364,0.24674742036787797,0.2395693135935397
0.24453369031682284,0.2677376171352075,0.25167336010709507,0.23605533244087462
0.24686379928315413,0.26836917562724016,0.24596774193548387,0.23879928315412186
0.2546916890080429,0.26899016979445933,0.24084003574620197,0.2354781054512958
0.255896751223854,0.2630173564753004,0.2421005785491767,0.2389853137516689
0.24798567591763654,0.26186213070725156,0.2493285586392122,0.24082363473589974
0.24564537740062528,0.26485037963376507,0.24832514515408666,0.241179097811523
0.23925564909171468,0.2662826761187417,0.25520602569782896,0.23925564909171468
0.24536628420123566,0.2616946160635481,0.25419240953221534,0.23874669020300088
0.24671797193300135,0.2675418741511996,0.25305568130375733,0.23268447261204164
0.24496937882764655,0.2694663167104112,0.2537182852143482,0.23184601924759404
0.2410437859354268,0.27421494913754973,0.25254312251216277,0.23219814241486067
0.240500670540903,0.27760393383996423,0.24318283415288333,0.23871256146624945
0.24211000901713256,0.2732191163210099,0.24571686203787196,0.23895401262398558
0.24361233480176211,0.2748898678414097,0.24361233480176211,0.23788546255506607
0.24478935698447893,0.2745011086474501,0.247450110864745,0.23325942350332593
0.24511545293072823,0.27886323268206037,0.2464476021314387,0.22957371225577264
0.24864864864864866,0.2743243243243243,0.24684684684684685,0.2301801801801802
0.2441860465116279,0.2768336314847943,0.24821109123434704,0.23076923076923078
0.24751131221719458,0.27285067873303165,0.24524886877828053,0.2343891402714932
0.2521083000443853,0.2694185530403906,0.24944518419884598,0.22902796271637815
0.25460260440053883,0.26897171082173327,0.2469690166142793,0.2294566681634486
0.26151095216808223,0.2677693339293697,0.25257040679481446,0.21814930710773356
0.2666967509025271,0.26037906137184114,0.25676895306859204,0.2161552346570397
0.26881720430107525,0.26030465949820786,0.257168458781362,0.21370967741935484
0.26711409395973157,0.25906040268456376,0.2523489932885906,0.2214765100671141
0.271505376344086,0.26344086021505375,0.24686379928315413,0.21818996415770608
0.2628001812415043,0.26778432260987767,0.2464884458541006,0.22292705029451745
0.2609283461018477,0.26408292023433977,0.2505633168093736,0.22442541685443892
0.2608303249097473,0.2703068592057762,0.25045126353790614,0.2184115523465704
0.26767452200978215,0.26856380613606046,0.24899955535793686,0.21476211649622054
0.26699463327370304,0.2701252236135957,0.24329159212880144,0.21958855098389982
0.26989150090415914,0.26582278481012656,0.2445750452079566,0.2197106690777577
0.27472035794183447,0.25861297539149886,0.2447427293064877,0.22192393736017896
0.27849223946784923,0.2549889135254989,0.2452328159645233,0.2212860310421286
0.2768817204301075,0.25627240143369173,0.24507168458781362,0.2217741935483871
0.2760018009905448,0.25168842863574964,0.2453849617289509,0.22692480864475462
0.2669055082848186,0.2561576354679803,0.24361845051500225,0.23331840573219884
0.2602063705697622,0.2588604755495738,0.24450426200089725,0.2364288918797667
0.26173604960141716,0.2577502214348981,0.2475642161204606,0.2329495128432241
0.26604692341744135,0.25763612217795484,0.2434705621956618,0.23284639220894202
0.26015901060070673,0.25618374558303886,0.24028268551236748,0.24337455830388693
0.2607126747857465,0.2589084348218313,0.2404149751917005,0.2399639152007217
0.2598844957796535,0.2603287427809862,0.2394491337183474,0.2403376277210129
0.2602921646746348,0.2598494909251881,0.23992917220008853,0.23992917220008853
0.26353790613718414,0.2594765342960289,0.24187725631768953,0.23510830324909748
0.25842696629213485,0.2638202247191011,0.24224719101123596,0.2355056179775281
0.25806451612903225,0.26433691756272404,0.23969534050179211,0.23790322580645162
0.2580207862629914,0.2602801626751017,0.24310890194306373,0.2385901491188432
0.2604776926543488,0.2573231185218567,0.24335286164939163,0.23884632717440288
0.26229508196721313,0.25742135578201153,0.2454585733274258,0.23482498892334958
0.2616696588868941,0.2616696588868941,0.24102333931777378,0.23563734290843807
0.2629003558718861,0.2624555160142349,0.2353202846975089,0.2393238434163701
0.2670863309352518,0.2585431654676259,0.23381294964028776,0.24055755395683454
0.268788682581786,0.25596816976127323,0.2338638373121132,0.2413793103448276
0.2674677347574544,0.2585669781931464,0.23186470850022253,0.2421005785491767
0.27155555555555555,0.25377777777777777,0.2311111111111111,0.24355555555555555
0.27025803531009507,0.2584880036215482,0.23087369850611136,0.24038026256224537
0.2694530902623388,0.2658959537572254,0.22587816807469988,0.2387727879057359
0.270990670812972,0.26166148378498444,0.22701021768103066,0.2403376277210129
0.2670807453416149,0.2595385980479148,0.23336291038154391,0.24001774622892635
0.2761904761904762,0.2507936507936508,0.2344671201814059,0.2385487528344671
0.2738682205289108,0.25773195876288657,0.22770058269834156,0.24069923800986104
0.2727678571428571,0.24732142857142858,0.22857142857142856,0.2513392857142857
0.27475468331846564,0.2448706512042819,0.23238180196253344,0.247992863514719
0.2730496453900709,0.23670212765957446,0.23359929078014185,0.2566489361702128
0.2670530539456086,0.24520731163620152,0.23227819884083817,0.25546143557735174
0.26974865350089766,0.24685816876122083,0.23429084380610413,0.2491023339317774
0.26833631484794274,0.2441860465116279,0.23479427549194992,0.25268336314847945
0.26721014492753625,0.24003623188405798,0.23731884057971014,0.2554347826086957
0.2663952962460425,0.23428312980551785,0.24242424242424243,0.2568973315241972
0.26475849731663686,0.23613595706618962,0.24016100178890876,0.25894454382826476
0.26834759117514634,0.23322827555155334,0.24043223773075192,0.2579918955425484
0.2680320569902048,0.2288512911843277,0.2377560106856634,0.2653606411398041
0.2678088367899008,0.2308385933273219,0.24165915238954014,0.25969341749323716
0.2692652329749104,0.23163082437275986,0.23835125448028674,0.260752688172043
0.26217891939769705,0.2382639503985828,0.2395925597874225,0.2599645704162976
0.26544315129811996,0.2341092211280215,0.2412712623097583,0.25917636526410026
0.26732673267326734,0.23537353735373537,0.24347434743474347,0.2538253825382538
0.26369710467706015,0.2400890868596882,0.24187082405345212,0.2543429844097996
0.2667852378835038,0.23299244108492664,0.2401067140951534,0.26011560693641617
0.2641764176417642,0.23672367236723674,0.24302430243024303,0.2560756075607561
0.2711564023039433,0.23349579087284006,0.2352680549401861,0.26007975188303056
0.2681061628430049,0.24381466486729644,0.22807017543859648,0.2600089968511021
0.2719378427787934,0.24223034734917734,0.2230347349177331,0.26279707495429616
0.2719495722647456,0.239981990094552,0.2215218370103557,0.2665466006303467
0.26909254267744837,0.24573225516621744,0.22282120395327942,0.26235399820305483
0.270619705751226,0.24609897458760588,0.21890325456977264,0.26437806509139544
0.27212094264117387,0.24899955535793686,0.21565140062249888,0.2632281013783904
0.2709251101321586,0.2533039647577093,0.21277533039647578,0.2629955947136564
0.26453617399023527,0.2547714158899245,0.21526853084775854,0.26542387927208166
0.26108156028368795,0.2575354609929078,0.21143617021276595,0.2699468085106383
0.254416961130742,0.267226148409894,0.21024734982332155,0.2681095406360424
0.26015171798304326,0.2597054886211513,0.2074966532797858,0.2726461401160196
0.25609756097560976,0.26648599819331525,0.2032520325203252,0.2741644083107498
0.25793291024478693,0.2638259292837715,0.20353581142339075,0.2747053490480508
0.24609897458760588,0.26972804279982165,0.20329915292019615,0.2808738296923763
0.24113475177304963,0.2726063829787234,0.2078900709219858,0.2783687943262411
0.23756163155535634,0.2752129090094128,0.21021963245181532,0.2770058269834155
0.23903312444046554,0.26589077887197854,0.21217547000895254,0.2829006266786034
0.23871256146624945,0.27045149754135,0.20831470719713902,0.2825212337952615
0.2400890868596882,0.2757238307349666,0.20979955456570157,0.27438752783964365
0.23820026466696073,0.28054697838553155,0.2046757829730922,0.27657697397441555
0.23032200357781754,0.2772808586762075,0.2182468694096601,0.27415026833631484
0.23179396092362345,0.27708703374777977,0.21936056838365897,0.27175843694493784
0.23482849604221637,0.27880386983289357,0.21503957783641162,0.27132805628847845
0.23331840573219884,0.27854903716972684,0.2122704881325571,0.27586206896551724
0.22896368467670505,0.2821080602302923,0.21479185119574845,0.2741364038972542
0.23251670378619155,0.2824053452115813,0.2089086859688196,0.27616926503340755
0.23413762287756926,0.2828418230563003,0.2126899016979446,0.2703306523681859
0.23455119530897608,0.28416779431664413,0.2115471357690573,0.2697338746053225
0.23747763864042934,0.2817531305903399,0.20974955277280857,0.2710196779964222
0.23131357806280406,0.2839451570101725,0.210968597965502,0.27377266696152147
0.23592017738359203,0.282039911308204,0.21374722838137472,0.2682926829268293
0.235663082437276,0.27419354838709675,0.2199820788530466,0.2701612903225806
0.22831460674157303,0.27775280898876403,0.22157303370786516,0.2723595505617977
0.23376623376623376,0.2781012091356919,0.219435736677116,0.2686968204209583
0.23179991067440822,0.2800357302367128,0.2201875837427423,0.2679767753461367
0.2256478999106345,0.2828418230563003,0.2158176943699732,0.27569258266309205
0.2262969588550984,0.28354203935599287,0.21064400715563505,0.27951699463327373
0.22836752899197146,0.28099910793933985,0.21231043710972347,0.2783229259589652
0.22830440587449932,0.28437917222963954,0.2131731197151758,0.27414330218068533
0.22574877067501117,0.28430934286991505,0.21636119803308002,0.27358068842199373
0.2410873440285205,0.2713903743315508,0.21568627450980393,0.2718360071301248
0.23645320197044334,0.2727272727272727,0.21988356471115092,0.270935960591133
0.24427480916030533,0.27301302200269423,0.21239335428828018,0.27031881454872025
0.24628545700135074,0.27239981990094553,0.2134173795587573,0.2678973435389464
0.24966442953020135,0.26532438478747206,0.21655480984340045,0.2684563758389262
0.2534768954688201,0.2696276357110812,0.2148945715567519,0.2620008972633468
0.25512934879571814,0.2671721677074041,0.21231043710972347,0.26538804638715435
0.25,0.2768817204301075,0.21012544802867383,0.26299283154121866
0.25314183123877915,0.27289048473967686,0.20960502692998204,0.2643626570915619
0.2563758389261745,0.2675615212527964,0.20939597315436242,0.26666666666666666
0.25955555555555554,0.26266666666666666,0.212,0.2657777777777778
0.2608695652173913,0.26176602420439266,0.2138054683998207,0.2635589421783953
0.2626852267624607,0.2617871576111361,0.20835204310731925,0.26717557251908397
0.2603841000446628,0.25636444841447076,0.2170611880303707,0.26619026351049574
0.2652425456163774,0.25945705384957723,0.2162883845126836,0.2590120160213618
0.26548672566371684,0.25398230088495577,0.2172566371681416,0.26327433628318586
0.26535186015239803,0.2581801882563873,0.21739130434782608,0.25907664724338864
0.2622877569258266,0.25692582663092045,0.21983914209115282,0.2609472743521001
0.26534296028880866,0.25902527075812276,0.21931407942238268,0.2563176895306859
0.2605979473449353,0.2614904060687193,0.22266845158411425,0.25524319500223114
0.25960679177837354,0.25960679177837354,0.22475424486148346,0.25603217158176944
0.260347129506008,0.2599020916777926,0.22874944370271474,0.25100133511348466
0.25927581582476533,0.2601698703620921,0.23245417970496202,0.2481001341081806
0.2602987777274785,0.2584880036215482,0.2317790855590765,0.2494341330918968
0.2589928057553957,0.2630395683453237,0.23111510791366907,0.2468525179856115
0.2575221238938053,0.2606194690265487,0.22920353982300884,0.25265486725663716
0.2628981606101391,0.2597577388963661,0.23149394347240915,0.2458501570210857
0.26367713004484306,0.2533632286995516,0.2336322869955157,0.24932735426008967
0.2705510388437218,0.25158084914182477,0.23261065943992773,0.24525745257452575
0.26558995065051594,0.253028263795424,0.23149394347240915,0.24988784208165096
0.2587601078167116,0.25426774483378256,0.23270440251572327,0.25426774483378256
0.26256224535989137,0.24717066545948393,0.23540063377093706,0.25486645540968766
0.26756756756756755,0.240990990990991,0.2418918918918919,0.24954954954954955
0.26864330637915546,0.24213836477987422,0.24303683737646,0.24618149146451032
0.2685433422698838,0.23279714030384271,0.2457551385165326,0.2529043789097408
0.26329906124273583,0.2333482342422888,0.24318283415288333,0.2601698703620921
0.2628520339740724,0.23245417970496202,0.24497094322753687,0.2597228430934287
0.2652057245080501,0.2370304114490161,0.240608228980322,0.2571556350626118
0.259670964873277,0.2414406402845709,0.2383281458425967,0.2605602489995554
0.25944244604316546,0.2414568345323741,0.2360611510791367,0.2630395683453237
0.25934263845114813,0.2395317424583521,0.23683025664115265,0.26429536244934715
0.2486607142857143,0.24553571428571427,0.24107142857142858,0.26473214285714286
0.24324324324324326,0.2527027027027027,0.2445945945945946,0.2594594594594595
0.2463898916967509,0.2509025270758123,0.23871841155234658,0.26398916967509023
0.24598930481283424,0.2464349376114082,0.24019607843137256,0.26737967914438504
0.2421665174574754,0.25156669650850494,0.2367949865711728,0.2694717994628469
0.24484304932735426,0.2506726457399103,0.24394618834080717,0.26053811659192827
0.24765729585006693,0.249888442659527,0.24542614904060686,0.2570281124497992
0.2523364485981308,0.24877614597240766,0.2416555407209613,0.25723186470850024
0.2547085201793722,0.2452914798206278,0.24439461883408073,0.2556053811659193
0.25754884547069273,0.24511545293072823,0.24955595026642985,0.2477797513321492
0.25700311249444197,0.2401067140951534,0.2543352601156069,0.24855491329479767
0.2599552572706935,0.24026845637583893,0.24921700223713647,0.2505592841163311
0.2590120160213618,0.2376502002670227,0.24788607031597687,0.2554517133956386
0.2602247191011236,0.23685393258426965,0.24898876404494383,0.2539325842696629
0.25788999098286747,0.24075743913435527,0.2511271415689811,0.25022542831379624
0.2646140116019634,0.23739402052655065,0.25167336010709507,0.2463186077643909
0.2676563202878992,0.23661718398560505,0.25101214574898784,0.24471434997750788
0.2678890876565295,0.23658318425760286,0.24731663685152058,0.24821109123434704
0.2676118741692512,0.2357111209570226,0.2459016393442623,0.2507753655294639
0.26334519572953735,0.23843416370106763,0.2491103202846975,0.2491103202846975
0.25763016157989227,0.23877917414721722,0.2508976660682226,0.25269299820466784
0.2597054886211513,0.23694779116465864,0.250780901383311,0.2525658188308791
0.26046304541406945,0.23597506678539626,0.25512021371326804,0.24844167408726625
0.2602131438721137,0.23801065719360567,0.2588809946714032,0.24289520426287745
0.26108374384236455,0.2270488132557098,0.2669055082848186,0.24496193461710702
0.26619026351049574,0.22554711924966503,0.26172398392139345,0.24653863331844572
0.26875,0.23035714285714284,0.253125,0.24776785714285715
0.26735333631885355,0.23242274966412899,0.2557098074339454,0.2445141065830721
0.26681614349775784,0.22511210762331837,0.25246636771300446,0.2556053811659193
0.27081468218442256,0.2269471799462847,0.2439570277529096,0.25828111011638316
0.2756611385029135,0.2285970416853429,0.24114746750336172,0.2545943523083819
0.27382012466607303,0.22395369545859306,0.24577025823686555,0.25645592163846836
0.2725255215268531,0.2303595206391478,0.243231247225921,0.25388371060807813
0.2697841726618705,0.2306654676258993,0.24505395683453238,0.25449640287769787
0.26610767872903796,0.235216240070609,0.24227714033539277,0.2563989408649603
0.2667554371948513,0.23435419440745672,0.24234354194407456,0.25654682645361737
0.26785714285714285,0.22633928571428572,0.24642857142857144,0.259375
0.26866338846669646,0.22574877067501117,0.2445239159588735,0.2610639248994189
0.2705829995549622,0.22696929238985314,0.24032042723631508,0.2621272808188696
0.2685433422698838,0.23145665773011617,0.23637176050044684,0.26362823949955316
0.27170490328385066,0.23031938821412506,0.23481781376518218,0.2631578947368421
0.2727680574248542,0.23553162853297444,0.23149394347240915,0.2602063705697622
0.27622061482820975,0.22965641952983726,0.23191681735985534,0.26220614828209765
0.2732974910394265,0.22670250896057348,0.23476702508960573,0.26523297491039427
0.2728476821192053,0.2282560706401766,0.23487858719646798,0.2640176600441501
0.2744310575635877,0.23382418563141455,0.23293172690763053,0.25881302989736726
0.2695729537366548,0.23087188612099643,0.2313167259786477,0.2682384341637011
0.2694717994628469,0.2305282005371531,0.23545210384959714,0.26454789615040286
0.2675359712230216,0.2329136690647482,0.23156474820143885,0.26798561151079137
0.270619705751226,0.2345073562193491,0.231832367365136,0.2630405706642889
0.2680229986731535,0.23131357806280406,0.23396727111897392,0.26669615214506853
0.27015057573073514,0.22807794508414525,0.23737821080602303,0.26439326837909655
0.26255506607929513,0.22422907488986785,0.24493392070484582,0.2682819383259912
0.2635761589403974,0.23002207505518762,0.23885209713024283,0.2675496688741722
0.26254997778764994,0.2305641936916926,0.23856063971568192,0.2683251888049756
0.26011560693641617,0.23432636727434417,0.24232992441084927,0.2632281013783904
0.25398230088495577,0.23495575221238937,0.24469026548672565,0.2663716814159292
0.256,0.23555555555555555,0.24977777777777777,0.25866666666666666
0.2546833184656557,0.23639607493309545,0.24977698483496877,0.2591436217662801
0.25045126353790614,0.24097472924187727,0.2477436823104693,0.2608303249097473
0.25022222222222223,0.24355555555555555,0.24755555555555556,0.25866666666666666
0.24644128113879005,0.24555160142348753,0.24555160142348753,0.2624555160142349
0.24417562724014336,0.24238351254480286,0.24955197132616488,0.2638888888888889
