C,D,Oc,Od
0.0,0.0,0.0,1.0
0.0,0.3333333333333333,0.0,0.6666666666666666
0.0,0.2727272727272727,0.18181818181818182,0.5454545454545454
0.0,0.21052631578947367,0.21052631578947367,0.5789473684210527
0.0,0.1935483870967742,0.22580645161290322,0.5806451612903226
0.0392156862745098,0.19607843137254902,0.2549019607843137,0.5098039215686274
0.07692307692307693,0.21794871794871795,0.28205128205128205,0.4230769230769231
0.10077519379844961,0.20155038759689922,0.2868217054263566,0.4108527131782946
0.10810810810810811,0.20540540540540542,0.3027027027027027,0.3837837837837838
0.12992125984251968,0.1889763779527559,0.3031496062992126,0.3779527559055118
0.15160349854227406,0.16909620991253643,0.33527696793002915,0.34402332361516036
0.1736111111111111,0.1550925925925926,0.35185185185185186,0.3194444444444444
0.18923933209647495,0.14656771799628943,0.3673469387755102,0.29684601113172543
0.19282511210762332,0.14349775784753363,0.38266068759342303,0.28101644245142005
0.20493827160493827,0.145679012345679,0.38765432098765434,0.2617283950617284
0.21725571725571727,0.1444906444906445,0.39397089397089397,0.2442827442827443
0.22367194780987884,0.1500465983224604,0.3811742777260019,0.2451071761416589
0.2173202614379085,0.15196078431372548,0.39215686274509803,0.238562091503268
0.22954380883417813,0.14844315713251266,0.3931933381607531,0.22881969587255613
0.21739130434782608,0.155467720685112,0.40118577075098816,0.2259552042160738
0.22303030303030302,0.15878787878787878,0.40060606060606063,0.2175757575757576
0.21523915461624027,0.16129032258064516,0.4021134593993326,0.22135706340378197
0.22105263157894736,0.1631578947368421,0.4005263157894737,0.21526315789473685
0.21502718734552645,0.1695501730103806,0.4087988136431043,0.20662382600098864
0.21564885496183206,0.17080152671755724,0.40791984732824427,0.2056297709923664
0.2191142191142191,0.16456876456876457,0.4121212121212121,0.2041958041958042
0.21551724137931033,0.1705989110707804,0.4088021778584392,0.20508166969147004
0.2132851333032083,0.17126073203795752,0.41798463624039767,0.1974694984184365
0.21201413427561838,0.17137809187279152,0.4178445229681979,0.19876325088339222
0.21057307863171923,0.173256330519769,0.4158151932474456,0.2003553976010662
0.21431708388230128,0.17654808959156784,0.411945542380325,0.1971892841458059
0.21706783369803062,0.1711159737417943,0.4100656455142232,0.20175054704595186
0.22246503496503497,0.17307692307692307,0.4012237762237762,0.20323426573426573
0.22334801762114537,0.16740088105726872,0.4083700440528634,0.20088105726872246
0.22294938917975568,0.1662303664921466,0.40663176265270506,0.20418848167539266
0.221875,0.16785714285714284,0.40267857142857144,0.20758928571428573
0.2250987275120667,0.16630100921456778,0.4058797718297499,0.20272049144361562
0.22590627763041557,0.17064544650751548,0.39832007073386383,0.20512820512820512
0.22444444444444445,0.16444444444444445,0.40355555555555556,0.20755555555555555
0.22164048865619546,0.16012216404886562,0.4048865619546248,0.21335078534031413
0.22300572939620977,0.16438959894226532,0.40414279418245924,0.20846187747906567
0.22168356104010578,0.16835610401057735,0.4023799030409872,0.20758043190832967
0.2191840277777778,0.17100694444444445,0.4014756944444444,0.20833333333333334
0.21579876434245365,0.16813768755516328,0.4029126213592233,0.21315092674315975
0.2174103237095363,0.17454068241469817,0.3937007874015748,0.21434820647419073
0.21048034934497817,0.17292576419213973,0.39956331877729256,0.2170305676855895
0.21704745166959577,0.17486818980667837,0.3927943760984183,0.21528998242530756
0.2168939727232732,0.17553893532776066,0.38671359436867575,0.22085349758029035
0.22036139268400176,0.17584839136183342,0.38651388276773907,0.21727633318642575
0.22393992932862192,0.17137809187279152,0.3913427561837456,0.21333922261484098
0.22914837576821773,0.1707638279192274,0.38366988586479367,0.21641791044776118
0.23164835164835165,0.16439560439560438,0.3920879120879121,0.21186813186813186
0.2312717770034843,0.15940766550522648,0.3911149825783972,0.218205574912892
0.23461708720672864,0.16334661354581673,0.39575033200531207,0.20628596724214254
0.23477493380406,0.16284201235657547,0.39232127096204766,0.21006178287731686
0.23444347063978965,0.16126205083260298,0.3913234005258545,0.21297107800175286
0.24005305039787797,0.15915119363395225,0.3859416445623342,0.21485411140583555
0.23867595818815332,0.16202090592334495,0.3876306620209059,0.21167247386759583
0.2419283502874834,0.15966386554621848,0.3861123396727112,0.21229544449358692
0.23910171730515192,0.16028181417877588,0.3949801849405548,0.2056362835755174
0.24422735346358793,0.15808170515097691,0.3907637655417407,0.2069271758436945
0.24298245614035088,0.16271929824561404,0.3881578947368421,0.20614035087719298
0.24358974358974358,0.16445623342175067,0.3859416445623342,0.20601237842617154
0.2451067615658363,0.16058718861209964,0.38434163701067614,0.2099644128113879
0.2469298245614035,0.16271929824561404,0.38333333333333336,0.20701754385964913
0.2534398579671549,0.16289391921881935,0.374167776298269,0.20949844651575678
0.25495376486129456,0.15984147952443858,0.37824746807573756,0.2069572875385293
0.24703296703296704,0.1621978021978022,0.381978021978022,0.2087912087912088
0.24519230769230768,0.1638986013986014,0.3784965034965035,0.21241258741258742
0.252414398595259,0.16330114135206322,0.373134328358209,0.21115013169446883
0.25011027790030876,0.16188795765328629,0.3749448610498456,0.21305690339655933
0.25208974923009236,0.16058073031236253,0.3739551253849538,0.2133743950725913
0.2569808027923211,0.16143106457242584,0.37783595113438045,0.2037521815008726
0.2630884293884734,0.16102067751869775,0.3748350197976243,0.20105587329520458
0.2611973392461197,0.16851441241685144,0.3694013303769401,0.2008869179600887
0.2611209964412811,0.17215302491103202,0.3652135231316726,0.20151245551601424
0.2612137203166227,0.17502198768689534,0.36103781882145997,0.202726473175022
0.2608886933567972,0.1759788825340959,0.3594368675758909,0.20369555653321603
0.2652439024390244,0.16376306620209058,0.3641114982578397,0.2068815331010453
0.2674008810572687,0.1656387665198238,0.360352422907489,0.2066079295154185
0.2696035242290749,0.16519823788546256,0.3616740088105727,0.20352422907488987
0.26848591549295775,0.1694542253521127,0.3613556338028169,0.2007042253521127
0.2710606721955478,0.16761239633347882,0.36796158882584024,0.19336534264513314
0.27292965271593944,0.1678539626001781,0.3633125556544969,0.19590382902938558
0.27477876106194693,0.16991150442477876,0.3584070796460177,0.19690265486725664
0.2766990291262136,0.17387466902030008,0.3596646072374228,0.18976169461606354
0.27280701754385966,0.16885964912280702,0.3587719298245614,0.19956140350877194
0.2657281126264848,0.17729872415310163,0.35899692036955566,0.1979762428508579
0.26613965744400525,0.17742643829600352,0.3544137022397892,0.20202020202020202
0.2632978723404255,0.1750886524822695,0.3532801418439716,0.20833333333333334
0.25921052631578945,0.17543859649122806,0.35657894736842105,0.20877192982456141
0.25402348847324924,0.17442366246193997,0.35406698564593303,0.21748586341887777
0.2562637362637363,0.17494505494505494,0.35296703296703297,0.21582417582417582
0.25285839929639403,0.17634124890061564,0.3540017590149516,0.2167985927880387
0.2537313432835821,0.1791044776119403,0.34591747146619845,0.2212467076382792
0.2515418502202643,0.19030837004405288,0.3365638766519824,0.22158590308370044
0.2502206531332745,0.18932038834951456,0.3375992939099735,0.2228596646072374
0.25198587819947044,0.18446601941747573,0.33627537511032657,0.22727272727272727
0.2536327608982827,0.18494055482166447,0.3394980184940555,0.22192866578599735
0.24857017157941047,0.18345798504179497,0.3413990321161461,0.22657281126264847
0.24476439790575916,0.1849912739965096,0.3416230366492147,0.2286212914485166
0.24396665204036858,0.18560772268538833,0.3369899078543221,0.23343571741992103
0.2534582775546631,0.18340026773761714,0.3319946452476573,0.23114680946006247
0.25217770034843207,0.18858885017421603,0.3279616724738676,0.2312717770034843
0.24934152765583845,0.1922739244951712,0.3301141352063213,0.228270412642669
0.24934152765583845,0.19051799824407376,0.3244073748902546,0.23573309920983318
0.25426695842450764,0.18905908096280089,0.3225382932166302,0.23413566739606126
0.25210084033613445,0.19195046439628483,0.32419283502874835,0.23175586023883238
0.2530701754385965,0.1986842105263158,0.32105263157894737,0.22719298245614036
0.2507685551163812,0.1976284584980237,0.32103645147123405,0.230566534914361
0.2522007042253521,0.19630281690140844,0.3221830985915493,0.22931338028169015
0.24890061565523308,0.20008795074758134,0.32409850483729113,0.22691292875989447
0.25022026431718064,0.1881057268722467,0.32863436123348017,0.2330396475770925
0.2543046357615894,0.19072847682119207,0.31567328918322296,0.2392935982339956
0.2552910052910053,0.18871252204585537,0.31746031746031744,0.23853615520282187
0.2483429076447194,0.19575784357048165,0.3194874060980999,0.23641184268669907
0.24891774891774893,0.19567099567099566,0.3233766233766234,0.23203463203463204
0.2465934065934066,0.19604395604395605,0.32351648351648354,0.23384615384615384
0.2562747688243065,0.1928665785997358,0.313518273888155,0.23734037868780272
0.2547211242863417,0.19235836627140976,0.31313131313131315,0.23978919631093545
0.25719344842850816,0.19079238601150952,0.31208499335989376,0.23992917220008853
0.2546337157987643,0.19285083848190646,0.31685789938217124,0.235657546337158
0.25557011795543905,0.18960244648318042,0.31891655744866754,0.23591087811271297
0.2583222370173103,0.18686196182867287,0.3195739014647137,0.23524189968930315
0.25930792816469556,0.18747262374069207,0.31449846692947875,0.2387209811651336
0.2663736263736264,0.18769230769230769,0.3068131868131868,0.23912087912087912
0.2617067833698031,0.18949671772428883,0.3054704595185996,0.24332603938730854
0.26498696785403997,0.1894005212858384,0.3053866203301477,0.24022589052997392
0.2588183421516755,0.18606701940035272,0.30952380952380953,0.24559082892416226
0.25961963732861565,0.18222025652366208,0.30915524104378594,0.24900486510393632
0.2657218777679362,0.18157661647475642,0.29805137289636846,0.2546501328609389
0.2648861646234676,0.1830122591943958,0.2999124343257443,0.2521891418563923
0.2642602495543672,0.1876114081996435,0.2927807486631016,0.2553475935828877
0.26555652936021035,0.1866783523225241,0.2892199824715162,0.25854513584574934
0.26237406920718354,0.19404292597459483,0.2855891371003066,0.25799386771791505
0.25976305397103994,0.19921017990346643,0.2803861342694164,0.2606406318560772
0.25551632833186233,0.1968225948808473,0.2850838481906443,0.26257722859664606
0.2638706858890345,0.19047619047619047,0.28615115771079075,0.2595019659239843
0.25573192239858905,0.19400352733686066,0.2821869488536155,0.26807760141093473
0.2613941018766756,0.19302949061662197,0.2774798927613941,0.2680965147453083
0.25739514348785875,0.19514348785871966,0.2768211920529801,0.2706401766004415
0.25521739130434784,0.19695652173913045,0.27043478260869563,0.2773913043478261
0.257243195785777,0.19798068481123793,0.2642669007901668,0.28050921861281825
0.2483574244415243,0.19448094612352168,0.27376259307928164,0.2833990363556724
0.25530035335689044,0.19037102473498232,0.2712014134275618,0.2831272084805654
0.258021978021978,0.18461538461538463,0.27384615384615385,0.2835164835164835
0.2600441501103753,0.18896247240618103,0.2763796909492274,0.27461368653421636
0.2583187390542907,0.18520140105078808,0.2775831873905429,0.2788966725043783
0.25549692172383465,0.19525065963060687,0.27616534740545295,0.27308707124010556
0.2551693796744391,0.1935767707875055,0.28024637043554773,0.2710074791025077
0.2545931758530184,0.1889763779527559,0.28390201224846895,0.27252843394575677
0.2547993019197208,0.18891797556719023,0.28272251308900526,0.27356020942408377
0.25462555066079295,0.19251101321585903,0.2788546255506608,0.2740088105726872
0.25552608311229,0.1892130857648099,0.2807250221043324,0.27453580901856767
0.25701754385964914,0.19166666666666668,0.28114035087719297,0.27017543859649124
0.25625274243089075,0.1943835015357613,0.2838964458095656,0.26546731022378234
0.2575957727873184,0.1928665785997358,0.28401585204755614,0.2655217965653897
0.25240594925634297,0.1942257217847769,0.289588801399825,0.2637795275590551
0.25143614670790987,0.19531595227574017,0.2907644719399028,0.2624834290764472
0.2474546259406817,0.1943337760070828,0.2957060646303674,0.2625055334218681
0.24879544459045116,0.19973718791064388,0.2925974594831362,0.2588699080157687
0.24858016601135868,0.20401922236784623,0.28833551769331583,0.25906509392747923
0.24703296703296704,0.20263736263736265,0.2896703296703297,0.26065934065934065
0.24791940429259746,0.2041173893999124,0.2864651773981603,0.2614980289093298
0.24422735346358793,0.2002664298401421,0.2877442273534636,0.2677619893428064
0.2508896797153025,0.19839857651245552,0.2780249110320285,0.27268683274021355
0.25196850393700787,0.19772528433945757,0.2799650043744532,0.27034120734908135
0.2554131683605833,0.19708351745470615,0.27043747238179405,0.2770658418029165
0.2548330404217926,0.19947275922671354,0.27065026362038663,0.2750439367311072
0.255659121171771,0.20461606746560143,0.2663115845539281,0.2734132268086995
0.2581211589113257,0.2067603160667252,0.26514486391571557,0.26997366110623355
0.26205083260297984,0.20201577563540754,0.26468010517090274,0.2712532865907099
0.26362428001772265,0.19627824545857334,0.25875055383252105,0.281346920691183
0.2672566371681416,0.19336283185840708,0.2579646017699115,0.2814159292035398
0.2648861646234676,0.18826619964973731,0.2701401050788091,0.276707530647986
0.26449912126537783,0.19332161687170474,0.2640597539543058,0.2781195079086116
0.26512455516014233,0.19661921708185054,0.2606761565836299,0.2775800711743772
0.26380368098159507,0.19412795793163892,0.2624890446976337,0.27957931638913236
0.2560599382988101,0.20273248126928162,0.2631115028646981,0.2780960775672102
0.2585301837270341,0.2047244094488189,0.2650918635170604,0.27165354330708663
0.25736911570611526,0.20633523977122745,0.2644082710074791,0.27188737351517817
0.250771264874394,0.20493609519612163,0.2670780079330101,0.2772146319964742
0.2535398230088496,0.20707964601769913,0.2588495575221239,0.28053097345132744
0.25906509392747923,0.20445609436435125,0.2577544779379642,0.27872433377020533
0.2596830985915493,0.20466549295774647,0.2605633802816901,0.27508802816901406
0.2628091872791519,0.2058303886925795,0.26501766784452296,0.2663427561837456
0.26215738284703805,0.20822281167108753,0.2661361626878868,0.2634836427939876
0.25886524822695034,0.21365248226950354,0.2641843971631206,0.2632978723404255
0.25327510917030566,0.21528384279475982,0.26724890829694326,0.26419213973799127
0.24878694309660343,0.21570357300397,0.2651080723423026,0.27040141155712394
0.2458442694663167,0.22134733158355205,0.2637795275590551,0.2690288713910761
0.24546660769570985,0.2193719593100398,0.26625386996904027,0.2689075630252101
0.24263736263736263,0.2254945054945055,0.2663736263736264,0.2654945054945055
0.24070021881838075,0.22538293216630198,0.2647702407002188,0.26914660831509846
0.24150268336314848,0.22808586762075134,0.26028622540250446,0.2701252236135957
0.23746701846965698,0.22207563764291996,0.26561125769569044,0.2748460861917326
0.2403846153846154,0.2229020979020979,0.25655594405594406,0.28015734265734266
0.23943661971830985,0.22315140845070422,0.258362676056338,0.2790492957746479
0.24502432551968156,0.22379478107032286,0.25254312251216277,0.2786377708978328
0.2429701230228471,0.22495606326889278,0.257908611599297,0.2741652021089631
0.2448442299254059,0.2224659938569548,0.25713032031592803,0.27555945590171127
0.2456445993031359,0.21602787456445993,0.259581881533101,0.2787456445993031
0.24845814977973568,0.21629955947136564,0.252863436123348,0.2823788546255507
0.24056813138038172,0.21571238348868177,0.25521526853084775,0.2885042166000888
0.24162257495590828,0.21693121693121692,0.2508818342151676,0.29056437389770723
0.24395604395604395,0.21318681318681318,0.25274725274725274,0.29010989010989013
0.24221149627029398,0.21193505923650724,0.2540587977182975,0.29179464677490125
0.24119718309859156,0.21346830985915494,0.2517605633802817,0.2935739436619718
0.2409428197293758,0.21868179834133566,0.25141859450021825,0.28895678742907027
0.24513274336283186,0.2150442477876106,0.24336283185840707,0.29646017699115046
0.2455595026642984,0.2211367673179396,0.24511545293072823,0.28818827708703376
0.23637961335676624,0.22275922671353252,0.24956063268892795,0.29130052724077327
0.2413491020586947,0.21638195356986423,0.25098554533508544,0.2912833990363557
0.23469387755102042,0.2209405501330967,0.25199645075421473,0.29236912156166817
0.23616557734204793,0.21481481481481482,0.25664488017429193,0.2923747276688453
0.23962930273609886,0.21403353927625773,0.2511032656663725,0.29523389232127095
0.24084003574620197,0.2059874888293119,0.25335120643431636,0.2998212689901698
0.24658138509042787,0.19894133215703572,0.25363917071018965,0.30083811204234673
0.24472759226713534,0.20298769771529,0.2469244288224956,0.3053602811950791
0.23836698858647937,0.20632133450395082,0.24319578577699735,0.31211589113257243
0.23588621444201313,0.20700218818380745,0.24201312910284464,0.3150984682713348
0.2382847038019452,0.19938107869142352,0.23872679045092837,0.32360742705570295
0.2415329768270945,0.19964349376114082,0.24554367201426025,0.31327985739750447
0.2392857142857143,0.20401785714285714,0.2450892857142857,0.31160714285714286
0.2393500219587176,0.20509442248572685,0.24462011418533158,0.310935441370224
0.2406675450153711,0.204655248133509,0.2490118577075099,0.30566534914361
0.24068391056554142,0.20561157387110915,0.2490135905304691,0.3046909250328803
0.2466289691170074,0.20313179643323184,0.24445411048281862,0.30578512396694213
0.24527472527472527,0.20351648351648352,0.24967032967032968,0.30153846153846153
0.24332603938730854,0.20043763676148796,0.25207877461706785,0.3041575492341357
0.24100087796312555,0.20368744512730466,0.2497805092186128,0.305531167690957
0.23751095530236635,0.2046450482033304,0.2537248028045574,0.3041191936897458
0.23782108060230292,0.20593445527015058,0.24977856510186006,0.30646589902568644
0.23961521644075207,0.20463489287275907,0.2540445999125492,0.30170529077393965
0.24453193350831146,0.2121609798775153,0.24453193350831146,0.2987751531058618
0.24505059392872855,0.21205455345358556,0.24505059392872855,0.2978442586889573
0.24444444444444444,0.212,0.24488888888888888,0.2986666666666667
0.25010931351114996,0.20682116309575863,0.2466112811543507,0.29645824223874073
0.2529854046881911,0.20919946926138877,0.24546660769570985,0.2923485183547103
0.2497793468667255,0.2091791703442189,0.2533097969991174,0.28773168578993824
0.248894783377542,0.21441202475685234,0.248894783377542,0.28779840848806365
0.24659938569548048,0.2150065818341378,0.24923211935059236,0.2891619131197894
0.25165271044513,0.20890260026443366,0.249889819303658,0.2895548699867783
0.2588389349628983,0.2060235704932344,0.24967263203841117,0.2854648625054561
0.24911347517730498,0.21187943262411346,0.25398936170212766,0.2850177304964539
0.2507699076110867,0.21425428948526176,0.2542894852617686,0.28068631764188295
0.24789356984478936,0.20931263858093127,0.2567627494456763,0.2860310421286031
0.2443956043956044,0.2087912087912088,0.2540659340659341,0.2927472527472528
0.25154457193292146,0.20697263901147397,0.2524271844660194,0.2890556045895852
0.24691358024691357,0.21516754850088182,0.24426807760141092,0.29365079365079366
0.24867724867724866,0.21252204585537918,0.24426807760141092,0.2945326278659612
0.25418502202643173,0.2145374449339207,0.239647577092511,0.2916299559471366
0.25233229675699687,0.21057307863171923,0.24300310972900932,0.29409151488227453
0.24911347517730498,0.21099290780141844,0.24335106382978725,0.29654255319148937
0.25341560158660204,0.20669898633759365,0.24460114587924195,0.29528426619656234
0.2516469038208169,0.20553359683794467,0.2494510320597277,0.2933684672815108
0.25255669186305024,0.20675855935971543,0.246776345042241,0.29390840373499333
0.2575957727873184,0.20123293703214443,0.24350506384852488,0.29766622633201234
0.26054481546572933,0.20298769771529,0.2438488576449912,0.29261862917398945
0.2609841827768014,0.20650263620386644,0.2460456942003515,0.28646748681898065
0.25682819383259914,0.2105726872246696,0.24052863436123348,0.2920704845814978
0.2570806100217865,0.2074074074074074,0.2400871459694989,0.2954248366013072
0.2540947321823816,0.20230190349712263,0.2403718459495352,0.30323151837096063
0.2545931758530184,0.20166229221347332,0.2436570428696413,0.300087489063867
0.2620202911336568,0.19982355535950597,0.24217026907807676,0.2959858844287605
0.2556390977443609,0.20212295444493586,0.2476780185758514,0.29455992923485186
0.249667994687915,0.19654714475431606,0.250996015936255,0.30278884462151395
0.2516382699868938,0.19746614242027086,0.2503276539973788,0.3005679335954565
0.2544818539571491,0.195015303891561,0.2514210756449497,0.29908176650634016
0.25320371188687585,0.1992929739284136,0.2465753424657534,0.30092797171895713
0.2546833184656557,0.1935771632471008,0.24620874219446923,0.3055307760927743
0.24638949671772428,0.19343544857768052,0.24288840262582057,0.3172866520787746
0.24758135444151275,0.19700967458223395,0.23790677220756376,0.3175021987686895
0.24527472527472527,0.19736263736263737,0.23868131868131867,0.31868131868131866
0.24375274002630426,0.20298114861902675,0.23980710214818063,0.3134590092064884
0.24580759046778464,0.2030008826125331,0.23654015887025595,0.3146513680494263
0.2448522829006267,0.20411817367949867,0.2305282005371531,0.3205013428827216
0.24694055944055945,0.2089160839160839,0.2312062937062937,0.3129370629370629
0.2458001768346596,0.20424403183023873,0.22855879752431477,0.3213969938107869
0.2490118577075099,0.207290294246816,0.2318840579710145,0.31181379007465965
0.24633821571238348,0.2072791833111407,0.2334664891256103,0.3129161118508655
0.24529951902055094,0.21031919545255795,0.23480542195015303,0.3095758635767381
0.24495171202809482,0.21597892888498682,0.228270412642669,0.3107989464442493
0.24695652173913044,0.22,0.2273913043478261,0.3056521739130435
0.24437582708425232,0.21702690780767533,0.23114247904719895,0.3074547860608734
0.24419114423498467,0.22007891275756247,0.22972380534853135,0.30600613765892154
0.24966740576496674,0.22350332594235034,0.22483370288248336,0.30199556541019956
0.2440106477373558,0.2284826974267968,0.2222715173025732,0.3052351375332742
0.2411660777385159,0.23012367491166077,0.22747349823321555,0.30123674911660775
0.2483574244415243,0.2290845378887429,0.22689443714410862,0.2956636005256242
0.2511111111111111,0.23022222222222222,0.22711111111111112,0.29155555555555557
0.25143868968570166,0.22841965471447542,0.2297476759628154,0.2903939796370075
0.2516382699868938,0.22804718217562253,0.22804718217562253,0.29226736566186107
0.2541484716157205,0.22096069868995633,0.2275109170305677,0.29737991266375546
0.2513157894736842,0.22807017543859648,0.22763157894736843,0.2929824561403509
0.25862068965517243,0.22148541114058357,0.22546419098143236,0.29442970822281167
0.25684024713150927,0.21800529567519858,0.22462488967343336,0.30052956751985876
0.26468010517090274,0.22042068361086767,0.21998247151621383,0.29491673970201576
0.2580078982009653,0.2250987275120667,0.2215884159719175,0.29530495831505044
0.25877192982456143,0.2236842105263158,0.22631578947368422,0.2912280701754386
0.2561188811188811,0.22115384615384615,0.229020979020979,0.2937062937062937
0.2588699080157687,0.2233902759526938,0.22207621550591328,0.2956636005256242
0.25862822193097423,0.21581476627348187,0.22892092616863258,0.2966360856269113
0.2561295971978984,0.21978984238178634,0.22504378283712784,0.29903677758318736
0.2559262510974539,0.22036874451273047,0.22651448639157157,0.2971905179982441
0.2536520584329349,0.22620628596724215,0.22532093846834883,0.2948207171314741
0.2599645704162976,0.2254207263064659,0.22586359610274578,0.2887511071744907
0.26195699868363315,0.225976305397104,0.2224659938569548,0.28960070206230804
0.2635761589403974,0.23002207505518762,0.22251655629139072,0.2838852097130243
0.2655417406749556,0.23046181172291297,0.2180284191829485,0.28596802841918295
0.25942156003505695,0.23049956178790534,0.21691498685363717,0.29316389132340054
0.2603890362511052,0.23563218390804597,0.21971706454465076,0.28426171529619804
0.25316455696202533,0.23876036665211697,0.21649934526407683,0.29157573112178087
0.25725593667546176,0.23790677220756376,0.21240105540897097,0.29243623570800353
0.2543859649122807,0.23728070175438595,0.21403508771929824,0.2942982456140351
0.2560706401766004,0.23620309050772628,0.21589403973509932,0.291832229580574
0.26228070175438595,0.2337719298245614,0.21973684210526315,0.28421052631578947
0.26090750436300175,0.23472949389179756,0.21596858638743455,0.28839441535776617
0.2559576345984113,0.2321270962047661,0.22241835834068843,0.28949691085613416
0.2541630148992112,0.2397020157756354,0.22348816827344434,0.28264680105170903
0.25097868638538495,0.24227925184862983,0.2192257503262288,0.2875163114397564
0.2530594405594406,0.24694055944055945,0.21503496503496503,0.28496503496503495
0.2547294324681038,0.24769027716674,0.21205455345358556,0.2855257369115706
0.2609841827768014,0.24736379613356765,0.21309314586994726,0.27855887521968364
0.2535211267605634,0.24867957746478872,0.2147887323943662,0.2830105633802817
0.25636523266022826,0.24846356453028973,0.20983318700614575,0.2853380158033363
0.258021978021978,0.2465934065934066,0.20659340659340658,0.2887912087912088
0.25518763796909494,0.24591611479028697,0.21324503311258278,0.28565121412803535
0.2571047957371226,0.2455595026642984,0.2091474245115453,0.28818827708703376
0.25713032031592803,0.2531812198332602,0.21456779289161912,0.27512066695919263
0.26325010950503724,0.24791940429259746,0.2076215505913272,0.2812089356110381
0.2618629173989455,0.2504393673110721,0.210896309314587,0.27680140597539543
0.2647702407002188,0.2525164113785558,0.20787746170678337,0.274835886214442
0.2596491228070175,0.24736842105263157,0.2131578947368421,0.27982456140350875
0.25957257346393586,0.2439893143365984,0.21593944790739092,0.2804986642920748
0.26389496717724287,0.23894967177242887,0.2161925601750547,0.28096280087527353
0.2705829995549622,0.24032042723631508,0.21228304405874499,0.27681352914997776
0.27066666666666667,0.23955555555555555,0.20977777777777779,0.28
0.2766990291262136,0.23433362753751102,0.2113857016769638,0.27758164165931154
0.2774846086191733,0.23306948109058928,0.21284080914687775,0.27660510114335973
0.281305114638448,0.23015873015873015,0.21428571428571427,0.2742504409171076
0.28118113706478626,0.2357866901718819,0.2124283825473777,0.27060379021595415
0.2765957446808511,0.23315602836879432,0.21586879432624115,0.27437943262411346
0.27076923076923076,0.23736263736263735,0.21186813186813186,0.28
0.27036547776309994,0.23734037868780272,0.21312197269925143,0.27917217084984586
0.27093380096448927,0.2367382726874178,0.208680403331872,0.283647523016221
0.2748794388426129,0.23323103901797457,0.20473476545374836,0.2871547566856642
0.2783687943262411,0.23537234042553193,0.19858156028368795,0.287677304964539
0.26962305986696233,0.23592017738359203,0.20354767184035477,0.2909090909090909
0.2734891927657697,0.23114247904719895,0.20335244816938686,0.29201588001764445
0.27336860670194,0.2275132275132275,0.20238095238095238,0.2967372134038801
0.27549668874172184,0.22781456953642384,0.20397350993377483,0.29271523178807946
0.2742857142857143,0.22945054945054946,0.2057142857142857,0.2905494505494505
0.27485638532920903,0.23155103844454264,0.20592134334953602,0.2876712328767123
0.27496700395952484,0.225692916849978,0.2111746590409151,0.2881654201495821
0.27116402116402116,0.23015873015873015,0.21075837742504408,0.2879188712522046
0.26701800614844096,0.22397891963109354,0.21256038647342995,0.2964426877470356
0.2643979057591623,0.22731239092495636,0.22033158813263526,0.2879581151832461
0.2654945054945055,0.2254945054945055,0.2210989010989011,0.2879120879120879
0.27079646017699116,0.2172566371681416,0.2243362831858407,0.28761061946902655
0.2730480811645346,0.22011468901632114,0.22408469342743714,0.2827525363917071
0.27432848965213563,0.2192866578599736,0.22324966974900926,0.28313518273888155
0.2740150509074812,0.21602478972996902,0.22310756972111553,0.2868525896414343
0.27132125497127707,0.21829429960229785,0.22271321254971277,0.2876712328767123
0.2757709251101322,0.21762114537444935,0.22070484581497798,0.28590308370044054
0.27939876215738285,0.21706454465075153,0.22192749778956675,0.28160919540229884
0.27432848965213563,0.2188463232056363,0.21796565389696168,0.2888595332452664
0.2718016821602479,0.21248339973439576,0.22266489597166889,0.29305002213368747
0.26669615214506853,0.21981424148606812,0.22069880583812473,0.29279080053073864
0.2664024658740643,0.22060766182298547,0.22280933509467196,0.2901805372082783
0.27208480565371024,0.2151060070671378,0.23012367491166077,0.2826855123674912
0.270824247710423,0.21805494984736154,0.2228521587440035,0.2882686436982119
0.27023440955329503,0.21318000884564353,0.23087129588677577,0.2857142857142857
0.27056753189617244,0.2133743950725913,0.22745270567531897,0.2886053673559173
0.27353071144498453,0.2072470172337605,0.22359699513919576,0.2956252761820592
0.26640070921985815,0.20966312056737588,0.22384751773049646,0.3000886524822695
0.2709705753184014,0.21212121212121213,0.21870882740447958,0.2981993851559069
0.26306543697848045,0.21299956082564778,0.2231005709266579,0.3008344312692139
0.26499118165784835,0.21428571428571427,0.22178130511463845,0.29894179894179895
0.26943462897526504,0.2124558303886926,0.22040636042402828,0.29770318021201414
0.2715994683207798,0.21222862206468765,0.2193176783340718,0.2968542312804608
0.27276746242263483,0.21441202475685234,0.21396993810786913,0.2988505747126437
0.27469135802469136,0.20899470899470898,0.21472663139329806,0.30158730158730157
0.27493380406001766,0.20476610767872905,0.21579876434245365,0.30450132391879964
0.27469135802469136,0.20943562610229277,0.21825396825396826,0.2976190476190476
0.2796833773087071,0.2022867194371152,0.21899736147757257,0.2990325417766051
0.27598407784166296,0.2043343653250774,0.21981424148606812,0.2998673153471915
0.28244610646722396,0.2014958205015398,0.21601407831060274,0.30004399472063353
0.2858403176003529,0.19673577415086016,0.21967357741508603,0.29775033083370095
0.2909728308501315,0.203330411919369,0.21691498685363717,0.2887817703768624
0.29764549089293646,0.19635717458907154,0.21634828964904487,0.28964904486894716
0.2912234042553192,0.1999113475177305,0.21808510638297873,0.2907801418439716
0.2873512560599383,0.20405464962538564,0.21419127368884971,0.29440282062582634
0.2913140311804009,0.21069042316258352,0.21380846325167038,0.28418708240534524
0.2852143482064742,0.21128608923884515,0.2178477690288714,0.28565179352580927
0.2869603139991278,0.2154382904491932,0.21456607064980376,0.2830353249018753
0.29219920669898636,0.21375055090348172,0.2128691053327457,0.28118113706478626
0.28829225352112675,0.22095070422535212,0.21214788732394366,0.27860915492957744
0.2889867841409692,0.2185022026431718,0.20748898678414096,0.28502202643171803
0.2912793271359008,0.2151394422310757,0.2089420097388225,0.28463922089420096
0.2858399296394019,0.21503957783641162,0.2119613016710642,0.28715919085312225
0.28884986830553117,0.208955223880597,0.2177348551360843,0.2844600526777875
0.28502415458937197,0.21080368906455862,0.21695212999560826,0.2872200263504611
0.29141104294478526,0.20902716914986855,0.21603856266432953,0.28352322524101664
0.2892199824715162,0.2081507449605609,0.21560035056967572,0.28702892199824714
0.29317980513728964,0.19929140832595216,0.21922054915854738,0.2883082373782108
0.28363475959417733,0.19276576973974416,0.21879135421261578,0.30480811645346273
0.29010989010989013,0.19076923076923077,0.21714285714285714,0.301978021978022
0.2840909090909091,0.1888111888111888,0.22377622377622378,0.30332167832167833
0.28163444639718804,0.19463971880492092,0.22407732864674867,0.29964850615114236
0.28024637043554773,0.192696876374835,0.22393312802463705,0.3031236251649802
0.282560706401766,0.19646799116997793,0.22781456953642384,0.29315673289183225
0.27943760984182775,0.19727592267135324,0.22978910369068542,0.29349736379613356
0.2820061592608887,0.1992960844698636,0.22745270567531897,0.29124505059392874
0.28074041427941826,0.19700308505949757,0.23226090788893786,0.2899955927721463
0.2851441241685144,0.1960088691796009,0.2328159645232816,0.2860310421286031
0.28060097216084845,0.19885108263367213,0.23243482103402563,0.28811312417145385
0.2835689045936396,0.20097173144876326,0.22924028268551236,0.2862190812720848
0.284121320249777,0.19892952720785012,0.23371989295272078,0.2832292595896521
0.28167174575533305,0.195907705703091,0.2346538963865912,0.28776665215498476
0.2824661128115435,0.19414079580236118,0.23830345430695235,0.285089637079143
0.28053097345132744,0.19778761061946903,0.23008849557522124,0.2915929203539823
0.28368163628279236,0.19831036016007114,0.22810137839039574,0.28990662516674076
0.2842661965623623,0.19479947113265755,0.23005729396209784,0.2908770383428823
0.2914285714285714,0.18725274725274726,0.23164835164835165,0.2896703296703297
0.29116733244562804,0.18641810918774968,0.23124722592099423,0.29116733244562804
0.2904363155575143,0.19039224327897752,0.23226090788893786,0.2869105332745703
0.2886142983230362,0.19461606354810237,0.23168578993821712,0.2850838481906443
0.2884784520668426,0.19261213720316622,0.23878627968337732,0.2801231310466139
0.28608923884514437,0.19028871391076116,0.24146981627296588,0.2821522309711286
0.28190559440559443,0.18706293706293706,0.2395104895104895,0.291520979020979
0.2855251544571933,0.1853486319505737,0.24139452780229478,0.28773168578993824
0.2795604395604396,0.1810989010989011,0.25054945054945055,0.2887912087912088
0.278926528816542,0.18169819621645403,0.2512098548174219,0.2881654201495821
0.2791005291005291,0.18430335097001763,0.25,0.2865961199294533
0.2808249232119351,0.18209741114523914,0.2549363756033348,0.282141290039491
0.2842750766535261,0.18177836180464302,0.24791940429259746,0.28602715724923344
0.29080510338759347,0.18301803783545975,0.24681038275406952,0.27936647602287723
0.2835820895522388,0.18568920105355574,0.247585601404741,0.28314310798946446
0.2910612065169529,0.1831792162043153,0.2408630559225011,0.2848965213562307
0.2884108867427568,0.17998244073748904,0.2414398595258999,0.2901668129938543
0.2824258521469677,0.1761841522797698,0.24878264718902168,0.2926073483842408
0.2838964458095656,0.17419921017990347,0.24440544098288722,0.2974989030276437
0.2804931748128578,0.178335535006605,0.24482606781153676,0.29634522236900046
0.28334062090074336,0.17883690424136423,0.2505465675557499,0.28727590730214253
0.2915194346289753,0.18065371024734983,0.23895759717314488,0.28886925795053003
0.29455662862159787,0.17120280948200176,0.242756804214223,0.2914837576821773
0.2998678996036988,0.1712901805372083,0.23954205195948922,0.2892998678996037
0.2953549517966696,0.1691498685363716,0.2432077125328659,0.2922874671340929
0.29515418502202645,0.16916299559471365,0.24493392070484582,0.2907488986784141
0.29664014146772766,0.16755083996463307,0.24005305039787797,0.2957559681697613
0.30499561787905344,0.16432953549517967,0.23794916739702016,0.2927256792287467
0.30816505706760317,0.16242317822651448,0.23968393327480245,0.2897278314310799
0.30250990752972257,0.16292382210479964,0.23601937472479084,0.2985468956406869
0.3032570422535211,0.15933098591549297,0.2319542253521127,0.30545774647887325
0.30136383633963926,0.15750109986801583,0.2300923889133304,0.3110426748790145
0.3101487314085739,0.15398075240594924,0.22572178477690288,0.3101487314085739
0.3131046613896218,0.15435356200527706,0.227792436235708,0.30474934036939316
0.3142353459673865,0.15513442044953724,0.2234464521815778,0.30718378140149843
0.3080279232111693,0.15401396160558464,0.22425828970331588,0.3136998254799302
0.3068081343943413,0.15694076038903626,0.22236958443854996,0.3138815207780725
0.3046944198405669,0.1545615589016829,0.22320637732506643,0.3175376439326838
0.29465449804432853,0.16079965232507606,0.22511951325510648,0.3194263363754889
0.2974156811213316,0.15549715286903198,0.22295225580376699,0.3241349102058695
0.29820725841714035,0.15566243987756886,0.2186270222999563,0.3275032794053345
0.29683377308707126,0.15787159190853123,0.2167985927880387,0.32849604221635886
0.2959542656112577,0.15391380826737028,0.22075637642919965,0.32937554969217236
0.30026338893766463,0.1575943810359965,0.2177348551360843,0.3244073748902546
0.3010989010989011,0.15516483516483517,0.21054945054945054,0.3331868131868132
0.29832303618711387,0.15401588702559577,0.206090026478376,0.3415710503089144
0.29432624113475175,0.15602836879432624,0.2047872340425532,0.3448581560283688
0.29289810322011467,0.1521835024261138,0.2055580061755624,0.3493603881782091
0.29721362229102166,0.14993365767359576,0.20743034055727555,0.34542237947810706
0.28880070546737213,0.14858906525573193,0.21428571428571427,0.34832451499118167
0.29011274934952297,0.15351257588898526,0.20815264527320035,0.3482220294882914
0.28833551769331583,0.15727391874180865,0.20795107033639143,0.34643949322848405
0.2945326278659612,0.1490299823633157,0.2072310405643739,0.3492063492063492
0.2903368794326241,0.14893617021276595,0.20966312056737588,0.35106382978723405
0.29542425588627275,0.14837849844513548,0.21146157263438473,0.34473567303420705
0.2980981866430783,0.14949137549756744,0.21008403361344538,0.3423264042459089
0.3011836913634371,0.14555019728189392,0.2104340201665936,0.3428320911880754
0.3022437307523097,0.14782226132864057,0.21205455345358556,0.33787945446546414
0.30369718309859156,0.14920774647887325,0.2051056338028169,0.3419894366197183
0.30186170212765956,0.15381205673758866,0.20390070921985815,0.3404255319148936
0.29876434245366285,0.15092674315975288,0.2087378640776699,0.3415710503089144
0.2980769230769231,0.14685314685314685,0.21066433566433568,0.34440559440559443
0.2977303070761015,0.14419225634178906,0.2118380062305296,0.3462394303515799
0.29793769197016234,0.14348398420359806,0.21456779289161912,0.3440105309346205
0.30065934065934063,0.1397802197802198,0.2123076923076923,0.34725274725274724
0.30288461538461536,0.14335664335664336,0.21328671328671328,0.34047202797202797
0.30340557275541796,0.14551083591331268,0.21318000884564353,0.33790358248562585
0.3037752414398595,0.14749780509218613,0.21378402107111502,0.3349429323968393
0.30600613765892154,0.14555019728189392,0.2121876370013152,0.33625602805786936
0.30499561787905344,0.14285714285714285,0.2147239263803681,0.3374233128834356
0.3065015479876161,0.14153029632905795,0.21539141972578504,0.3365767359575409
0.31180893409995575,0.1375497567448032,0.21494913754975675,0.3356921716054843
0.31283185840707967,0.1336283185840708,0.21238938053097345,0.3411504424778761
0.30398598335523436,0.13797634691195795,0.20718353044240034,0.3508541392904074
0.30907496711968435,0.14160455940377029,0.20429636124506795,0.34502411223147744
0.3085436033643205,0.1385568835768039,0.19389110225763612,0.35900841080123946
0.31113058720420683,0.1411042944785276,0.19237510955302367,0.35539000876424187
0.3088495575221239,0.13849557522123893,0.19380530973451326,0.3588495575221239
0.30921923246581384,0.13542126157917952,0.18967798853109838,0.36568151742390825
0.2986842105263158,0.13859649122807016,0.19736842105263158,0.3653508771929825
0.3031774051191527,0.1319505736981465,0.1994704324801412,0.36540158870255957
0.30201048951048953,0.13854895104895104,0.19973776223776224,0.3597027972027972
0.2997792494481236,0.13554083885209714,0.19911699779249448,0.3655629139072848
0.3049049933716306,0.13566062748563854,0.19664162615996464,0.36279275298276625
0.30532336119665643,0.13374395072591289,0.19885613726352838,0.36207655081390233
0.3031774051191527,0.13636363636363635,0.19329214474845544,0.36716681376875554
0.301978021978022,0.13846153846153847,0.19648351648351647,0.3630769230769231
0.2988656195462478,0.13961605584642234,0.1932809773123909,0.3682373472949389
0.30225364560318163,0.14140521431727796,0.1939902783915157,0.3623508616880248
0.29706011408512506,0.14172882843352347,0.19394471259324264,0.36726634488810883
