C,D,Oc,Od
0.0,0.0,1.0,0.0
0.0,0.0,0.6666666666666666,0.3333333333333333
0.0,0.0,0.6923076923076923,0.3076923076923077
0.0,0.09090909090909091,0.5909090909090909,0.3181818181818182
0.04878048780487805,0.0975609756097561,0.5365853658536586,0.3170731707317073
0.08450704225352113,0.08450704225352113,0.5352112676056338,0.29577464788732394
0.10091743119266056,0.11009174311926606,0.47706422018348627,0.3119266055045872
0.12269938650306748,0.147239263803681,0.4294478527607362,0.3006134969325153
0.15126050420168066,0.14285714285714285,0.41596638655462187,0.28991596638655465
0.1574074074074074,0.16666666666666666,0.39197530864197533,0.2839506172839506
0.18036529680365296,0.1689497716894977,0.3789954337899543,0.271689497716895
0.19964349376114082,0.17647058823529413,0.35472370766488415,0.26916221033868093
0.21316165951359084,0.1688125894134478,0.351931330472103,0.26609442060085836
0.22727272727272727,0.1655011655011655,0.35664335664335667,0.2505827505827506
0.22157996146435452,0.1628131021194605,0.3516377649325626,0.26396917148362237
0.22745735174654752,0.16165718927701056,0.35093419983753044,0.25995125913891143
0.23472222222222222,0.16180555555555556,0.34652777777777777,0.2569444444444444
0.23417332513829134,0.15918869084204057,0.3534111862323294,0.25322679778733864
0.23608768971332209,0.14839797639123103,0.35413153456998314,0.26138279932546377
0.24335378323108384,0.147239263803681,0.3450920245398773,0.26431492842535786
0.24734811957569913,0.14271938283510124,0.3510125361620058,0.2589199614271938
0.2510460251046025,0.14086471408647142,0.34681543468154347,0.2612738261273826
0.2526267702147099,0.13796253997259023,0.3503883051621745,0.25902238465052535
0.25191873589164787,0.13498871331828444,0.3512415349887133,0.2618510158013544
0.25033407572383076,0.13140311804008908,0.3594654788418708,0.25879732739420935
0.25342163355408387,0.1337748344370861,0.35717439293598235,0.2556291390728477
0.2518714222809335,0.13430206957287538,0.3601937472479084,0.2536327608982827
0.25426695842450764,0.13829321663019695,0.35929978118161926,0.24814004376367615
0.2521968365553603,0.140597539543058,0.35500878734622143,0.2521968365553603
0.2504370629370629,0.1381118881118881,0.354458041958042,0.256993006993007
0.25229960578186594,0.13885238720981166,0.3539202803328953,0.25492772667542707
0.2502210433244916,0.14058355437665782,0.3563218390804598,0.25287356321839083
0.2546881814217183,0.13824683820322722,0.3536851286524204,0.2533798517226341
0.24945006599208094,0.13858336999560053,0.35679718433787944,0.2551693796744391
0.25419240953221534,0.13857016769638128,0.352603706972639,0.2546337157987643
0.25252082419991234,0.13897413415168786,0.3529153879877247,0.25558965366067515
0.254919108001749,0.13817227809357235,0.35067774376912986,0.25623087013554874
0.24890446976336547,0.13803680981595093,0.35100788781770376,0.26205083260297984
0.2502191060473269,0.1437335670464505,0.3514460999123576,0.254601226993865
0.25196850393700787,0.14348206474190725,0.35039370078740156,0.2541557305336833
0.24715660542432197,0.15091863517060367,0.35389326334208226,0.24803149606299213
0.24711111111111111,0.15422222222222223,0.3537777777777778,0.24488888888888888
0.2512098548174219,0.15442146942366916,0.3519577650681918,0.2424109106907171
0.24596774193548387,0.15636200716845877,0.35125448028673834,0.246415770609319
0.2478108581436077,0.16549912434325745,0.34413309982486867,0.2425569176882662
0.2534582775546631,0.1601963409192325,0.3467202141900937,0.23962516733601072
0.2539198606271777,0.16550522648083624,0.3423344947735192,0.2382404181184669
0.25556040122110774,0.16223288268643699,0.33711295246402095,0.24509376362843435
0.25999121651295565,0.16029863855950813,0.3346508563899868,0.2450592885375494
0.2607334525939177,0.15071556350626117,0.3443649373881932,0.2441860465116279
0.2557522123893805,0.1561946902654867,0.34292035398230086,0.24513274336283186
0.2541484716157205,0.1572052401746725,0.3384279475982533,0.25021834061135373
0.26128890837352037,0.16308636562911005,0.3318719859710653,0.24375274002630426
0.2618943692710607,0.1641204714098647,0.3264949803579223,0.24749017896115233
0.267817618415228,0.16600265604249667,0.3187250996015936,0.2474546259406817
0.2660831509846827,0.16586433260393874,0.32166301969365424,0.24638949671772428
0.2669305189094107,0.16226912928759896,0.3232189973614776,0.24758135444151275
0.26130873956960915,0.1642512077294686,0.3254281949934124,0.2490118577075099
0.2590968873301184,0.16440157825515125,0.3222270933800965,0.2542744410346339
0.2594853903183602,0.1661578717836895,0.3235935455734845,0.25076319232446576
0.2602921646746348,0.16644532979194335,0.32625055334218683,0.24701195219123506
0.256466462078036,0.16527838667251205,0.32704953967558087,0.2512056115738711
0.26399294843543414,0.16791538122520935,0.32304980167474656,0.24504186866460997
0.26704795424549055,0.16498020237571492,0.3172019357677079,0.2507699076110867
0.2670753064798599,0.16243432574430824,0.3200525394045534,0.2504378283712785
0.26505494505494503,0.16483516483516483,0.3178021978021978,0.2523076923076923
0.26945054945054947,0.1657142857142857,0.31956043956043956,0.24527472527472527
0.273568281938326,0.1656387665198238,0.3158590308370044,0.24493392070484582
0.2695191883546537,0.16409351565946184,0.31848257609175123,0.2479047198941332
0.2679195804195804,0.16564685314685315,0.31643356643356646,0.25
0.2643269657929809,0.17147934251443803,0.31052865393158596,0.25366503776099514
0.26751313485113837,0.17294220665499124,0.313922942206655,0.2456217162872154
0.26972234464521816,0.17100044072278536,0.31115028646981047,0.24812692816218598
0.2628797886393659,0.17173051519154559,0.3157199471598415,0.24966974900924702
0.2669287898645697,0.17038007863695936,0.30624726955002185,0.2564438619484491
0.2662852112676056,0.1694542253521127,0.3107394366197183,0.2535211267605634
0.261558784676354,0.17569352708058125,0.30647291941875826,0.2562747688243065
0.26206285967242143,0.1783975210270031,0.3085436033643205,0.250996015936255
0.26768558951965066,0.17336244541484716,0.3056768558951965,0.25327510917030566
0.2622005323868678,0.17391304347826086,0.30656610470275064,0.2573203194321207
0.2655217965653897,0.1809775429326288,0.29590488771466317,0.2575957727873184
0.2664618086040386,0.17822651448639157,0.30070237050043896,0.2546093064091308
0.2635726795096322,0.17513134851138354,0.30560420315236425,0.25569176882662
0.2716049382716049,0.1781305114638448,0.2967372134038801,0.2535273368606702
0.2673702726473175,0.17985927880386984,0.2990325417766051,0.2537379067722076
0.2642919964819701,0.17810026385224276,0.3007915567282322,0.256816182937555
0.2680549401860877,0.18254319893664156,0.2981834293309703,0.2512184315463004
0.2675187307183781,0.18201851035698546,0.29528426619656234,0.255178492728074
0.27353071144498453,0.1780821917808219,0.29429960229783475,0.2540874944763588
0.26501766784452296,0.18462897526501768,0.2910777385159011,0.2592756183745583
0.2655838454784899,0.1900790166812994,0.2848990342405619,0.2594381035996488
0.26153846153846155,0.18857142857142858,0.2918681318681319,0.258021978021978
0.25765529308836393,0.18547681539807523,0.29702537182852146,0.25984251968503935
0.2588809946714032,0.1802841918294849,0.2966252220248668,0.2642095914742451
0.2664618086040386,0.17822651448639157,0.29499561018437226,0.2603160667251975
0.2608695652173913,0.18225735617039965,0.29600351339481773,0.2608695652173913
0.2618101545253863,0.18498896247240618,0.29271523178807946,0.26048565121412803
0.2582752613240418,0.18466898954703834,0.2939895470383275,0.26306620209059234
0.2704485488126649,0.18073878627968337,0.2928759894459103,0.2559366754617414
0.269806338028169,0.18089788732394366,0.28257042253521125,0.26672535211267606
0.2718791648156375,0.17903154153709464,0.28565082185695245,0.26343847179031543
0.27003098716246127,0.18548030101814963,0.28596724214254093,0.25852146967684814
0.26783369803063456,0.18293216630196937,0.2910284463894967,0.25820568927789933
0.2662565905096661,0.18145869947275922,0.29305799648506153,0.2592267135325132
0.26795945350374617,0.18334067871308946,0.2891141472014103,0.25958572058175405
0.268788682581786,0.1830238726790451,0.2891246684350133,0.25906277630415564
0.26758071649712517,0.18708536045997345,0.2874834144183989,0.25785050862450243
0.2665198237885463,0.18546255506607928,0.2872246696035242,0.2607929515418502
0.2704126426690079,0.19051799824407376,0.276558384547849,0.26251097453906935
0.26780253385757974,0.1926605504587156,0.2765399737876802,0.26299694189602446
0.2662251655629139,0.19426048565121412,0.2772626931567329,0.26225165562913905
0.2650918635170604,0.1942257217847769,0.27121609798775154,0.2694663167104112
0.26343612334801764,0.1973568281938326,0.2691629955947137,0.27004405286343613
0.2587873462214411,0.20210896309314588,0.2693321616871705,0.2697715289982425
0.2541630148992112,0.2072743207712533,0.26906222611744085,0.26950043821209463
0.262621789193977,0.20372010628875112,0.2657218777679362,0.2679362267493357
0.26582278481012656,0.20689655172413793,0.26407682234831953,0.26320384111741596
0.2583922261484099,0.21201413427561838,0.2623674911660777,0.267226148409894
0.2526455026455027,0.20943562610229277,0.2777777777777778,0.2601410934744268
0.254919108001749,0.20813292522955837,0.2785308264101443,0.2584171403585483
0.25650066108417807,0.21375055090348172,0.2736888497135302,0.2560599382988101
0.2535273368606702,0.21693121693121692,0.2751322751322751,0.25440917107583777
0.25442477876106195,0.2172566371681416,0.2743362831858407,0.25398230088495577
0.252414398595259,0.2177348551360843,0.27436347673397715,0.25548726953467954
0.24977777777777777,0.22177777777777777,0.27111111111111114,0.25733333333333336
0.25299069561364645,0.2206468763845813,0.25963668586619404,0.2667257421355782
0.2502191060473269,0.22129710780017528,0.26555652936021035,0.26292725679228746
0.24100087796312555,0.22563652326602282,0.26909569798068483,0.2642669007901668
0.23874669020300088,0.22771403353927624,0.2731685789938217,0.26037069726390116
0.2434589800443459,0.2319290465631929,0.2682926829268293,0.25631929046563195
0.2482363315696649,0.2310405643738977,0.25925925925925924,0.26146384479717816
0.24499564838990426,0.22715404699738903,0.26327241079199304,0.26457789382071367
0.24760244115082825,0.23060156931124673,0.26765475152571927,0.25414123801220573
0.2508787346221441,0.22715289982425307,0.26537785588752194,0.2565905096660808
0.24811362627607633,0.2228140257434532,0.2698624056813138,0.25920994229915667
0.24638316527838666,0.21744848750548004,0.27005699254712845,0.2661113546690048
0.24382716049382716,0.22134038800705466,0.2698412698412698,0.26499118165784835
0.24529951902055094,0.22081329252295584,0.2684739833843463,0.26541320507214694
0.2517574692442882,0.218804920913884,0.2666959578207381,0.2627416520210896
0.24791940429259746,0.219886114761279,0.26763031099430573,0.2645641699518178
0.24967148488830487,0.2172579938677179,0.266754270696452,0.26631625054752517
0.24956217162872155,0.21453590192644484,0.2736427320490368,0.26225919439579687
0.2547714158899245,0.21260541500221927,0.2747447847314691,0.25787838437638705
0.24725997369574748,0.21788689171416045,0.2783866725120561,0.256466462078036
0.24967032967032968,0.21670329670329672,0.27912087912087913,0.2545054945054945
0.2565789473684211,0.2131578947368421,0.27982456140350875,0.25043859649122807
0.25495376486129456,0.21488331131660063,0.2796125055041832,0.25055041831792163
0.24835164835164836,0.2210989010989011,0.2764835164835165,0.2540659340659341
0.2562747688243065,0.2192866578599736,0.27212681638044917,0.2523117569352708
0.25583443416996915,0.2166446499339498,0.26948480845442535,0.25803610744165567
0.26238938053097344,0.21106194690265487,0.27079646017699116,0.2557522123893805
0.2640597539543058,0.21528998242530756,0.2719683655536028,0.24868189806678384
0.2640176600441501,0.21324503311258278,0.27240618101545255,0.2503311258278146
0.25921052631578945,0.2149122807017544,0.27631578947368424,0.24956140350877193
0.2570929725010912,0.21693583587952858,0.27673505019642075,0.2492361414229594
0.2583479789103691,0.21221441124780316,0.2750439367311072,0.2543936731107206
0.25633051976899157,0.21723678365171034,0.2741003998223012,0.25233229675699687
0.2597173144876325,0.2151060070671378,0.2742932862190813,0.2508833922261484
0.26175687666370895,0.21206743566992015,0.2741792369121562,0.25199645075421473
0.26150442477876107,0.22168141592920354,0.26991150442477874,0.24690265486725663
0.26107942079859586,0.22465993856954805,0.26458973233874505,0.249670908293111
0.2652613087395696,0.21826965305226176,0.2696530522617479,0.24681598594642074
0.26536930561698363,0.21981424148606812,0.27023440955329503,0.24458204334365324
0.2646276595744681,0.22030141843971632,0.27437943262411346,0.24069148936170212
0.2594880847308032,0.2237422771403354,0.2727272727272727,0.2440423654015887
0.2621231979030144,0.22673656618610746,0.2704237658366099,0.24071647007426825
0.262532981530343,0.22735268249780125,0.27132805628847845,0.23878627968337732
0.2638706858890345,0.22848405417212755,0.2699868938401048,0.23765836609873306
0.26320384111741596,0.2234831951113051,0.27149716281099956,0.24181580096027935
0.26395039858281666,0.22054915854738708,0.271036315323295,0.24446412754650132
0.2687417799210872,0.2209557211749233,0.2656729504603244,0.24462954844366505
0.27084252315835905,0.22496691662990737,0.26378473753859727,0.24040582267313632
0.2719683655536028,0.23066783831282953,0.2583479789103691,0.2390158172231986
0.2774308652988403,0.22524531668153436,0.2582515611061552,0.23907225691347012
0.28050921861281825,0.22519754170324846,0.25636523266022826,0.237928007023705
0.27626970227670755,0.22460595446584938,0.2631348511383538,0.23598949211908932
0.27469135802469136,0.22883597883597884,0.25793650793650796,0.23853615520282187
0.27506654835847383,0.2311446317657498,0.2573203194321207,0.23646850044365572
0.28444838280903856,0.22773593265396544,0.2556490917146655,0.23216659282233051
0.2826278659611993,0.23015873015873015,0.25396825396825395,0.23324514991181658
0.28471309680245294,0.2352168199737188,0.2457293035479632,0.23434077967586509
0.28932461873638343,0.23660130718954248,0.2440087145969499,0.23006535947712417
0.28770099956540635,0.23381138635375923,0.24771838331160365,0.23076923076923078
0.28677433435181143,0.2357049323439546,0.24574421649934527,0.2317765168048887
0.2877070619006103,0.23496076721883175,0.24498692240627726,0.23234524847428073
0.2889867841409692,0.23612334801762114,0.24361233480176211,0.23127753303964757
0.28780487804878047,0.23325942350332593,0.2434589800443459,0.23547671840354767
0.2814847547503314,0.2403888643393725,0.24480777728678746,0.23331860362350862
0.2770448548812665,0.2423043095866315,0.24758135444151275,0.23306948109058928
0.2793791574279379,0.24301552106430155,0.2452328159645233,0.23237250554323724
0.28527472527472525,0.23604395604395603,0.2443956043956044,0.2342857142857143
0.2875931608943446,0.2376150811047786,0.24112231477422183,0.23366944322665498
0.291906236178682,0.22644847412649272,0.24458204334365324,0.23706324635117204
0.290223586146427,0.22840859272249014,0.2490135905304691,0.23235423060061378
0.2896703296703297,0.2347252747252747,0.24527472527472527,0.23032967032967033
0.2931110136024572,0.23475208424747696,0.24659938569548048,0.22553751645458534
0.28931095406360424,0.23542402826855124,0.24469964664310953,0.23056537102473498
0.2878521126760563,0.2363556338028169,0.24471830985915494,0.23107394366197184
0.29086115992970124,0.23637961335676624,0.23769771528998243,0.23506151142355008
0.29520457545094586,0.23757149142102948,0.23273207215134184,0.2344918609766828
0.29722589167767505,0.24174372523117568,0.23293703214442976,0.2280933509467195
0.30149647887323944,0.24163732394366197,0.2244718309859155,0.2323943661971831
0.3037135278514589,0.2409372236958444,0.22634836427939875,0.22900088417329797
0.30633802816901406,0.23899647887323944,0.22403169014084506,0.2306338028169014
0.30964912280701756,0.23859649122807017,0.22280701754385965,0.22894736842105262
0.3034300791556728,0.24274406332453827,0.22911169744942833,0.2247141600703606
0.3010181496237273,0.23992917220008853,0.2319610447100487,0.22709163346613545
0.3023152270703473,0.2315227070347284,0.23241317898486197,0.23374888691006232
0.3030973451327434,0.23761061946902653,0.23185840707964603,0.22743362831858407
0.3005249343832021,0.23972003499562555,0.2357830271216098,0.22397200349956256
0.2998673153471915,0.23750552852720036,0.232640424590889,0.22998673153471916
0.30301685891748004,0.22981366459627328,0.23868677905944988,0.2284826974267968
0.30155210643015523,0.23104212860310422,0.24124168514412417,0.2261640798226164
0.3035479632063075,0.22601839684625494,0.24310118265440211,0.22733245729303547
0.3095552619991193,0.22413033905768384,0.24350506384852488,0.22280933509467196
0.31462660185594343,0.2209456473707468,0.2412726469288555,0.22315510384445428
0.31156879929886067,0.22304995617879053,0.24233128834355827,0.22304995617879053
0.3111597374179431,0.22407002188183808,0.24682713347921226,0.21794310722100657
0.31362242663162504,0.22558037669732808,0.2448532632501095,0.21594393342093737
0.30440528634361236,0.22819383259911893,0.24801762114537446,0.21938325991189428
0.3001760563380282,0.22931338028169015,0.25308098591549294,0.21742957746478872
0.3016905071521456,0.23580407455570004,0.25010836584308627,0.21239705244906806
0.2968681076312307,0.24128804587560654,0.2518747243052492,0.20996912218791355
0.2967515364354697,0.242756804214223,0.25021949078138717,0.21027216856892011
0.2918681318681319,0.2413186813186813,0.24615384615384617,0.22065934065934065
0.2900662251655629,0.23841059602649006,0.25165562913907286,0.21986754966887417
0.2953846153846154,0.23164835164835165,0.250989010989011,0.22197802197802197
0.28949691085613416,0.23477493380406,0.25154457193292146,0.22418358340688438
0.2910547396528705,0.2340898976412995,0.24788607031597687,0.22696929238985314
0.2907739396589418,0.23305640577175338,0.2431132487975514,0.23305640577175338
0.2916666666666667,0.22606382978723405,0.25,0.2322695035460993
0.2969298245614035,0.22105263157894736,0.25219298245614036,0.22982456140350876
0.2951251646903821,0.22002635046113306,0.2551602986385595,0.22968818620992534
0.2937581841990397,0.22130074203404626,0.2536010475774771,0.23134002618943691
0.2928321678321678,0.22202797202797203,0.2548076923076923,0.23033216783216784
0.2927689594356261,0.22530864197530864,0.2552910052910053,0.22663139329805995
0.2904363155575143,0.22785368003525783,0.255178492728074,0.2265315116791538
0.28658802970729574,0.22848405417212755,0.254696373962429,0.23023154215814767
0.2922874671340929,0.21998247151621383,0.26029798422436456,0.22743207712532865
0.2914462081128748,0.2208994708994709,0.2601410934744268,0.2275132275132275
0.2862144420131291,0.22275711159737419,0.262144420131291,0.2288840262582057
0.28948526176858774,0.22833260008798945,0.2556093268807743,0.22657281126264847
0.290616854908775,0.22893136403127715,0.2576020851433536,0.22284969591659426
0.2949891067538126,0.2326797385620915,0.25315904139433554,0.21917211328976036
0.29251101321585904,0.22819383259911893,0.2537444933920705,0.22555066079295155
0.2850877192982456,0.23596491228070177,0.25394736842105264,0.225
0.28679413072476656,0.23210315695864828,0.25477990217874613,0.22632281013783903
0.2850838481906443,0.23168578993821712,0.25728155339805825,0.22594880847308033
0.28433945756780404,0.22703412073490814,0.2615923009623797,0.22703412073490814
0.27420774647887325,0.23591549295774647,0.261443661971831,0.22843309859154928
0.2765301629238221,0.23866138265081463,0.25583443416996915,0.2289740202553941
0.2795085563843791,0.2369460289600702,0.26239578762615184,0.22114962702939886
0.2763731473408893,0.23190932868352224,0.26939843068875324,0.22231909328683522
0.2793271359008411,0.23151837096060204,0.2682602921646746,0.22089420097388224
0.27770419426048565,0.23576158940397351,0.26136865342163357,0.2251655629139073
0.28096280087527353,0.22844638949671772,0.263019693654267,0.2275711159737418
0.27991169977924946,0.2304635761589404,0.26445916114790285,0.2251655629139073
0.2724485326325011,0.2325886990801577,0.26763031099430573,0.22733245729303547
0.27437943262411346,0.23049645390070922,0.2646276595744681,0.23049645390070922
0.2722880983750549,0.23671497584541062,0.2648221343873518,0.2261747913921827
0.27276726792784867,0.2331720193576771,0.2591289045314562,0.23493180818301804
0.2669902912621359,0.23874669020300088,0.2586054721977052,0.235657546337158
0.26919682259488087,0.24007060900264784,0.25551632833186233,0.235216240070609
0.27184035476718404,0.2376940133037694,0.2598669623059867,0.23059866962305986
0.25942156003505695,0.2462751971954426,0.2633654688869413,0.23093777388255915
0.26264848218213815,0.2454905411350638,0.2630884293884734,0.22877254729432467
0.2631346578366446,0.23399558498896247,0.271523178807947,0.23134657836644593
0.2579646017699115,0.2411504424778761,0.2721238938053097,0.22876106194690266
0.25537516454585346,0.24835454146555508,0.26327336551118913,0.23299692847740236
0.25364560318161733,0.2421564295183385,0.26734423331860363,0.23685373398144058
0.26229508196721313,0.24457244129375277,0.26007975188303056,0.23305272485600353
0.26542387927208166,0.24811362627607633,0.25521526853084775,0.23124722592099423
0.26132864056313243,0.2454905411350638,0.2578090629124505,0.2353717553893533
0.2640278381905176,0.24923879947803393,0.2514136581122227,0.23531970421922574
0.26276076342654237,0.24633821571238348,0.24900133155792276,0.24189968930315137
0.26541320507214694,0.25185832968954963,0.24486226497595104,0.23786620026235242
0.27184892402283706,0.2450592885375494,0.24022837066315328,0.24286341677646026
0.2678963548528766,0.24857268335529206,0.23671497584541062,0.24681598594642074
0.2658450704225352,0.24691901408450703,0.238556338028169,0.24867957746478872
0.2710686359687228,0.24500434404865334,0.24109470026064292,0.24283231972198088
0.2649122807017544,0.23728070175438595,0.24561403508771928,0.25219298245614036
0.26242371403661724,0.24498692240627726,0.24498692240627726,0.24760244115082825
0.26415929203539823,0.2491150442477876,0.2420353982300885,0.24469026548672565
0.2552910052910053,0.2517636684303351,0.24382716049382716,0.24911816578483245
0.2510993843447669,0.256816182937555,0.24890061565523308,0.24318381706244502
0.24512411347517732,0.2566489361702128,0.25,0.24822695035460993
0.2498890368397692,0.2561029738126942,0.24633821571238348,0.24766977363515313
0.24242424242424243,0.25691699604743085,0.24418093983311376,0.256477821695213
0.23834886817576564,0.2529960053262317,0.25388371060807813,0.2547714158899245
0.24314765694076038,0.2550839964633068,0.24491600353669318,0.2568523430592396
0.24845814977973568,0.25418502202643173,0.24140969162995596,0.25594713656387663
0.24802458296751537,0.25197541703248466,0.23836698858647937,0.26163301141352063
0.25187803800265135,0.25497127706584183,0.23331860362350862,0.25983208130799823
0.2497816593886463,0.25676855895196504,0.2366812227074236,0.25676855895196504
0.25,0.2548245614035088,0.23421052631578948,0.26096491228070173
0.24966916629907365,0.2562858403176004,0.2329069254521394,0.2611380679311866
0.24534986713906112,0.25863596102745795,0.2316209034543844,0.26439326837909655
0.24299474605954466,0.2618213660245184,0.23161120840630472,0.2635726795096322
0.24269264836138174,0.2595217006200177,0.22807794508414525,0.26970770593445526
0.23847167325428195,0.26570048309178745,0.22441809398331136,0.27140974967061926
0.24419114423498467,0.2599736957474792,0.22139412538360367,0.2744410346339325
0.2476983779044279,0.256466462078036,0.21832529592284086,0.2775098640946953
0.2526362038664323,0.2513181019332162,0.22012302284710017,0.2759226713532513
0.2432908051033876,0.26132864056313243,0.21557413110426749,0.2798064232292125
0.2551422319474836,0.25295404814004374,0.21400437636761488,0.2778993435448578
0.25417032484635643,0.25680421422300265,0.21290605794556627,0.27611940298507465
0.24555160142348753,0.25444839857651247,0.21129893238434164,0.28870106761565834
0.24561403508771928,0.26096491228070173,0.2118421052631579,0.28157894736842104
0.24051191526919682,0.2594880847308032,0.2149161518093557,0.2850838481906443
0.24515845070422534,0.2592429577464789,0.21038732394366197,0.2852112676056338
0.24491600353669318,0.259946949602122,0.20866489832007074,0.2864721485411141
0.24601769911504426,0.2668141592920354,0.20309734513274336,0.28407079646017697
0.24057843996494302,0.2668711656441718,0.20990359333917616,0.28264680105170903
0.24480777728678746,0.27176314626601855,0.20326999558108705,0.2801590808661069
0.24602473498233215,0.2712014134275618,0.2053886925795053,0.2773851590106007
0.2404227212681638,0.2752091589608102,0.20607661822985468,0.27829150154117127
0.2472308373947718,0.26451041205139564,0.2095702259636686,0.2786885245901639
0.245792736935341,0.26350752878653677,0.21036315323294952,0.28033658104517273
0.24779929577464788,0.2654049295774648,0.20906690140845072,0.2777288732394366
0.24550635686102587,0.2604120999561596,0.21394125383603682,0.2801402893467777
0.2440737489025461,0.26251097453906935,0.21466198419666374,0.2787532923617208
0.24269264836138174,0.26217891939769705,0.21700620017714792,0.27812223206377323
0.24529128339903636,0.2558037669732808,0.21901007446342532,0.27989487516425754
0.24028268551236748,0.2539752650176678,0.21819787985865724,0.2875441696113074
0.23421052631578948,0.25833333333333336,0.21929824561403508,0.2881578947368421
0.2467706013363029,0.2601336302895323,0.22004454342984409,0.2730512249443207
0.24007060900264784,0.263901147396293,0.22153574580759047,0.2744924977934687
0.24560632688927944,0.26362038664323373,0.22012302284710017,0.27065026362038663
0.24513274336283186,0.25486725663716814,0.22123893805309736,0.27876106194690264
0.24051191526919682,0.2594880847308032,0.21712268314210062,0.2828773168578994
0.24469026548672565,0.2513274336283186,0.2234513274336283,0.28053097345132744
0.24777580071174377,0.2531138790035587,0.2215302491103203,0.2775800711743772
0.24911660777385158,0.24911660777385158,0.2252650176678445,0.2765017667844523
0.24640209332751853,0.24422154382904493,0.22939380723942435,0.2799825556040122
0.24166666666666667,0.2543859649122807,0.2267543859649123,0.2771929824561403
0.24389160373167482,0.26077298978231894,0.22345624167036873,0.2718791648156375
0.2426243945398503,0.2536327608982827,0.2294143549097314,0.27432848965213563
0.24825174825174826,0.2513111888111888,0.2263986013986014,0.27403846153846156
0.24469964664310953,0.25265017667844525,0.22438162544169613,0.2782685512367491
0.2460387323943662,0.24559859154929578,0.2262323943661972,0.28213028169014087
0.24259832081307997,0.25364560318161733,0.22271321254971277,0.28104286345558993
0.24156305506216696,0.2557726465364121,0.21847246891651864,0.2841918294849023
0.24567627494456762,0.2549889135254989,0.21773835920177384,0.28159645232815966
0.24525805028672254,0.2562858403176004,0.2161446846052051,0.282311424790472
0.24615384615384617,0.25934065934065936,0.21846153846153846,0.27604395604395604
0.2406113537117904,0.26026200873362443,0.21965065502183406,0.2794759825327511
0.23933128024637043,0.2600087989441267,0.21821381434227893,0.28244610646722396
0.23856063971568192,0.25233229675699687,0.2243447356730342,0.28476232785428696
0.23894967177242887,0.24770240700218818,0.22582056892778993,0.287527352297593
0.22952255803766974,0.2505475251861586,0.23215067893123084,0.28777923784494086
0.23375490623637157,0.25250763192324466,0.22982991713911904,0.2839075447012647
0.23648351648351648,0.24351648351648353,0.22593406593406593,0.29406593406593406
0.23985890652557318,0.23985890652557318,0.2261904761904762,0.2940917107583774
0.24691901408450703,0.23943661971830985,0.2244718309859155,0.2891725352112676
0.24966974900924702,0.242184059885513,0.22060766182298547,0.28753852928225454
0.25408028231142477,0.24614027348919276,0.21393912659902956,0.2858403176003529
0.26519823788546254,0.2343612334801762,0.2145374449339207,0.28590308370044054
0.2668416447944007,0.23665791776027997,0.2174103237095363,0.279090113735783
0.27114210985178727,0.23278116826503922,0.2153443766346992,0.2807323452484743
0.2731685789938217,0.235657546337158,0.2175639894086496,0.2736098852603707
0.26815398075240593,0.2384076990376203,0.22090988626421698,0.27252843394575677
0.27409372236958446,0.23916887709991158,0.21441202475685234,0.2723253757736516
0.2759526938239159,0.23434077967586509,0.21287779237844942,0.2768287341217696
0.27356422621657167,0.23147742218325296,0.21657167908811925,0.2783866725120561
0.27049539675580886,0.24024550635686104,0.22051731696624288,0.2687417799210872
0.27385159010600707,0.23763250883392226,0.21908127208480566,0.26943462897526504
0.2735229759299781,0.24595185995623634,0.2201312910284464,0.2603938730853392
0.2625055334218681,0.24701195219123506,0.22355024347056218,0.26693227091633465
0.2712532865907099,0.24496056091148116,0.2182296231375986,0.26555652936021035
0.2711864406779661,0.24130240856378235,0.21855486173059768,0.2689562890276539
0.26593406593406593,0.24615384615384617,0.22285714285714286,0.26505494505494503
0.2678729037952339,0.24624889673433362,0.22065313327449249,0.26522506619594
0.2639437856829161,0.24769433465085638,0.2231005709266579,0.2652613087395696
0.26102449888641427,0.2516703786191537,0.21870824053452115,0.26859688195991094
0.26404245908889873,0.2516585581601061,0.21627598407784165,0.2680229986731535
0.25763612217795484,0.2527667109340416,0.2213368747233289,0.2682602921646746
0.26439326837909655,0.24933569530558017,0.22054915854738708,0.2657218777679362
0.2672566371681416,0.24778761061946902,0.22300884955752212,0.26194690265486725
0.26102292768959434,0.2526455026455027,0.22486772486772486,0.26146384479717816
0.2589991220368745,0.25197541703248466,0.2273924495171203,0.26163301141352063
0.25688073394495414,0.25731760594145914,0.22673656618610746,0.25906509392747923
0.2623239436619718,0.2535211267605634,0.22887323943661972,0.25528169014084506
0.2565789473684211,0.2543859649122807,0.23157894736842105,0.2574561403508772
0.2543706293706294,0.25,0.23732517482517482,0.2583041958041958
0.2548330404217926,0.2521968365553603,0.23110720562390158,0.2618629173989455
0.2462751971954426,0.2607361963190184,0.23400525854513585,0.2589833479404032
0.24197860962566844,0.2638146167557932,0.23707664884135474,0.2571301247771836
0.233392382639504,0.2683790965456156,0.23427812223206376,0.26395039858281666
0.2381786339754816,0.26532399299474607,0.23467600700525393,0.2618213660245184
0.23222958057395143,0.2609271523178808,0.23885209713024283,0.26799116997792494
0.22898423817863398,0.260507880910683,0.2373029772329247,0.2732049036777583
0.2351138353765324,0.25569176882662,0.24168126094570927,0.26751313485113837
0.23268206039076378,0.2566607460035524,0.24422735346358793,0.2664298401420959
0.236347750109218,0.2656181738750546,0.24027959807776322,0.2577544779379642
0.2377994676131322,0.2639751552795031,0.23868677905944988,0.2595385980479148
0.23662461939973903,0.26272292301000433,0.23749456285341453,0.2631578947368421
0.23469387755102042,0.2670807453416149,0.23425022182786157,0.2639751552795031
0.2371850564726325,0.26542137271937444,0.22893136403127715,0.2684622067767159
0.23070136744596384,0.2690780767534186,0.23026025584472873,0.2699602999558888
0.23648351648351648,0.26681318681318683,0.22813186813186814,0.26857142857142857
0.2426887821911829,0.25971191619380185,0.22915757311217808,0.2684417285028372
0.23526844172850284,0.2610213880401571,0.23221300742034046,0.27149716281099956
0.23371478873239437,0.26276408450704225,0.23283450704225353,0.2706866197183099
0.22968818620992534,0.2648221343873518,0.23451910408432147,0.2709705753184014
0.23408892763731473,0.25937227550130776,0.23714036617262424,0.26939843068875324
0.22902796271637815,0.26276076342654237,0.23746116289391922,0.2707501109631602
0.22870939420544337,0.2647058823529412,0.23046532045654083,0.27611940298507465
0.22659010600706714,0.26501766784452296,0.23012367491166077,0.2782685512367491
0.22502210433244915,0.26790450928381965,0.22944297082228116,0.27763041556145
0.22430313588850173,0.27264808362369336,0.22778745644599302,0.27526132404181186
0.22207563764291996,0.26868953386103783,0.23306948109058928,0.27616534740545295
0.22486772486772486,0.26940035273368607,0.2261904761904762,0.2795414462081129
0.23199292973928415,0.2695536897923111,0.22448077772867875,0.273972602739726
0.23134657836644593,0.2710816777041943,0.2194260485651214,0.2781456953642384
0.2307017543859649,0.268859649122807,0.22456140350877193,0.27587719298245617
0.22594880847308033,0.2727272727272727,0.22771403353927624,0.2736098852603707
0.22753178430512933,0.27224901359053044,0.22972380534853135,0.27049539675580886
0.222663139329806,0.27380952380952384,0.2275132275132275,0.2760141093474427
0.22803163444639718,0.2772407732864675,0.22759226713532513,0.2671353251318102
0.22823218997361477,0.27880386983289357,0.23131046613896217,0.2616534740545295
0.2269315673289183,0.2785871964679912,0.22913907284768212,0.2653421633554084
0.22591943957968477,0.28371278458844135,0.23117338003502627,0.2591943957968476
0.23012736056214317,0.27624066754501536,0.23451910408432147,0.25911286780852
0.22324966974900926,0.2747688243064729,0.24438573315719947,0.2575957727873184
0.22383465259454705,0.27396657871591906,0.2436235708003518,0.25857519788918204
0.22134038800705466,0.27292768959435626,0.23897707231040563,0.26675485008818345
0.21563460693895475,0.2753623188405797,0.24154589371980675,0.26745718050065875
0.22125054656755574,0.27415828596414515,0.2369916921731526,0.2675994752951465
0.2224659938569548,0.28258007898200965,0.22904782799473453,0.26590609916630104
0.22015915119363394,0.28514588859416445,0.22988505747126436,0.26480990274093724
0.2209557211749233,0.27970188513809735,0.22884699693117053,0.27049539675580886
0.22450765864332603,0.2722100656455142,0.23807439824945295,0.26520787746170676
0.22315140845070422,0.2746478873239437,0.23415492957746478,0.2680457746478873
0.22310405643738976,0.2786596119929453,0.23192239858906524,0.26631393298059963
0.21898454746136867,0.2728476821192053,0.23532008830022075,0.2728476821192053
0.21627598407784165,0.28084918177797435,0.23042901371074745,0.2724458204334365
0.20929203539823008,0.2778761061946903,0.23584070796460177,0.27699115044247785
0.20967032967032967,0.2756043956043956,0.2347252747252747,0.28
0.21052631578947367,0.27324561403508774,0.2337719298245614,0.2824561403508772
0.20389208314904908,0.2768686421937196,0.23219814241486067,0.28704113224237066
0.2097197898423818,0.2732049036777583,0.22635726795096323,0.29071803852889666
0.21354867653656348,0.2660385823239121,0.22700762673844774,0.2934051144010767
0.21673342234089898,0.2612372051624388,0.22607921673342235,0.29595015576323985
0.21610915492957747,0.2592429577464789,0.22799295774647887,0.2966549295774648
0.21849105974705627,0.2546881814217183,0.2307021369385085,0.296118621892717
0.2117492327926348,0.2569048662867163,0.2389302937308198,0.292415607189829
0.20980565371024734,0.26501766784452296,0.23454063604240283,0.29063604240282687
0.20647419072615922,0.2554680664916885,0.2410323709536308,0.29702537182852146
0.2090469916556873,0.256477821695213,0.23891084760649978,0.29556433904259993
0.2134387351778656,0.25252525252525254,0.2406675450153711,0.2933684672815108
0.210411198600175,0.24978127734033245,0.24059492563429571,0.2992125984251969
0.2058694699956198,0.24791940429259746,0.24178712220762155,0.3044240035041612
0.2037037037037037,0.24603174603174602,0.2429453262786596,0.3073192239858907
0.2066259808195292,0.24367916303400175,0.24716652136006975,0.3025283347863993
0.20668425681618294,0.24142480211081793,0.24538258575197888,0.3065083553210202
0.20572687224669603,0.24493392070484582,0.24405286343612334,0.3052863436123348
0.20620842572062084,0.24833702882483372,0.24212860310421286,0.3033259423503326
0.20833333333333334,0.24649122807017543,0.24166666666666667,0.30350877192982456
0.2155662439877569,0.2470485351989506,0.2334936598163533,0.3038915609969392
0.21883173496076722,0.24629468177855274,0.23408892763731473,0.3007846556233653
0.21799912625600698,0.2472695500218436,0.2346002621231979,0.30013106159895153
0.21481806225339764,0.24419114423498467,0.235861464270057,0.3051293292415607
0.21157243816254417,0.247791519434629,0.23851590106007067,0.30212014134275617
0.21280353200883,0.24591611479028697,0.2379690949227373,0.3033112582781457
0.21172353455818022,0.24671916010498687,0.24059492563429571,0.3009623797025372
0.21025195482189402,0.24370112945264988,0.24239791485664638,0.30364900086880975
0.21434820647419073,0.2458442694663167,0.24278215223097113,0.29702537182852146
0.21396993810786913,0.2427055702917772,0.24314765694076038,0.3001768346595933
0.2185430463576159,0.23885209713024283,0.24900662251655628,0.293598233995585
0.2167985927880387,0.23922603342128407,0.24802110817941952,0.2959542656112577
0.21144604630843164,0.23765836609873306,0.254696373962429,0.2961992136304063
0.22153846153846155,0.23252747252747252,0.2545054945054945,0.2914285714285714
0.22120017520805957,0.2352168199737188,0.2536136662286465,0.28996933858957513
0.2275132275132275,0.23412698412698413,0.25573192239858905,0.2826278659611993
0.22310405643738976,0.23721340388007053,0.2508818342151676,0.28880070546737213
0.2233435717419921,0.2378236068451075,0.25362000877577884,0.28521281263712156
0.22291021671826625,0.23087129588677577,0.26094648385670055,0.28527200353825743
0.22300572939620977,0.2353459673865139,0.25738210665491407,0.2842661965623623
0.22236900044033464,0.23645970937912814,0.2571554381329811,0.28401585204755614
0.2147562582345191,0.24330259112867808,0.2534036012296882,0.2885375494071146
0.21790913101014556,0.23775915306572562,0.25363917071018965,0.2906925452139391
0.22124283825473778,0.2353459673865139,0.25385632437197003,0.2895548699867783
0.21966072205306655,0.2357546759460635,0.2588081774684646,0.28577642453240537
0.22395833333333334,0.22916666666666666,0.2604166666666667,0.2864583333333333
0.22536456031816174,0.22580645161290322,0.2629253203711887,0.28590366769774633
0.22651448639157157,0.2317822651448639,0.2581211589113257,0.2835820895522388
0.22508741258741258,0.23251748251748253,0.25874125874125875,0.28365384615384615
0.22080772607550483,0.23529411764705882,0.2532923617208077,0.2906057945566286
0.22261174408413673,0.2388255915863278,0.24978089395267308,0.2887817703768624
0.22357546759460636,0.24010439321444105,0.24488908220965638,0.29143105698129623
0.2225609756097561,0.24128919860627177,0.24738675958188153,0.2887630662020906
0.21839080459770116,0.24447391688771,0.24447391688771,0.2926613616268789
0.2174103237095363,0.2462817147856518,0.2432195975503062,0.29308836395450566
0.22587719298245615,0.2442982456140351,0.24035087719298245,0.2894736842105263
0.22701021768103066,0.2492225677476677,0.24211461572634385,0.2816525988449578
0.22487826471890218,0.2456839309428951,0.2434705621956618,0.28596724214254093
0.21905179982440737,0.242756804214223,0.24802458296751537,0.2901668129938543
0.21832529592284086,0.24506795265234546,0.2507672073651907,0.285839544059623
0.22217353198948292,0.23794916739702016,0.2537248028045574,0.28615249780893953
0.21779141104294478,0.24496056091148116,0.24758983347940403,0.28965819456617004
0.21731448763250882,0.24381625441696114,0.25309187279151946,0.2857773851590106
0.22412280701754386,0.24649122807017543,0.25,0.2793859649122807
0.22777047744196233,0.24791940429259746,0.24441524310118265,0.27989487516425754
0.22413793103448276,0.242263483642794,0.25287356321839083,0.2807250221043324
0.22134733158355205,0.24190726159230097,0.25809273840769903,0.2786526684164479
0.2261747913921827,0.24330259112867808,0.2494510320597277,0.2810715854194115
0.22168141592920354,0.24513274336283186,0.252212389380531,0.2809734513274336
0.22330097087378642,0.24227714033539277,0.2511032656663725,0.2833186231244484
0.21825396825396826,0.23853615520282187,0.2526455026455027,0.29056437389770723
0.22651448639157157,0.24187884108867427,0.247585601404741,0.2840210711150132
0.2248263888888889,0.23914930555555555,0.2478298611111111,0.2881944444444444
0.22773593265396544,0.23659725299069562,0.24900310146211785,0.28666371289322107
0.2309699869508482,0.23444976076555024,0.24532405393649412,0.2892561983471074
0.22982456140350876,0.23026315789473684,0.2517543859649123,0.2881578947368421
