C,D,Oc,Od
0.0,0.0,1.0,0.0
0.0,0.0,1.0,0.0
0.0,0.2222222222222222,0.7777777777777778,0.0
0.0,0.4,0.6,0.0
0.0,0.4230769230769231,0.5,0.07692307692307693
0.0,0.4,0.525,0.075
0.0,0.3880597014925373,0.5373134328358209,0.07462686567164178
0.0,0.39805825242718446,0.5436893203883495,0.05825242718446602
0.0,0.4041095890410959,0.5273972602739726,0.0684931506849315
0.00966183574879227,0.42028985507246375,0.4927536231884058,0.07729468599033816
0.02158273381294964,0.41007194244604317,0.4784172661870504,0.08992805755395683
0.0427807486631016,0.37967914438502676,0.47058823529411764,0.10695187165775401
0.04771784232365145,0.3921161825726141,0.45228215767634855,0.1078838174273859
0.05930807248764415,0.39209225700164746,0.42833607907743,0.12026359143327842
0.06869220607661823,0.3712021136063408,0.4346103038309115,0.12549537648612946
0.07751091703056769,0.3646288209606987,0.42248908296943233,0.13537117903930132
0.08981481481481482,0.362962962962963,0.40370370370370373,0.14351851851851852
0.10423452768729642,0.34364820846905536,0.3916938110749186,0.16042345276872963
0.11470795214637579,0.33849401829697395,0.3821252638986629,0.16467276565798733
0.1172279792746114,0.3393782383419689,0.3646373056994819,0.17875647668393782
0.11840562719812427,0.34642438452520513,0.35580304806565066,0.17936694021101993
0.12588943623426382,0.33825944170771755,0.3399014778325123,0.1959496442255063
0.13178294573643412,0.33178294573643413,0.33540051679586563,0.20103359173126614
0.1354620222544751,0.331881954523464,0.32414126753749395,0.208514755684567
0.145343367826905,0.3236124176857949,0.312793979303857,0.21825023518344308
0.1511681172698122,0.31378836463582227,0.3147045350435181,0.22033898305084745
0.15857461024498887,0.3135857461024499,0.3011135857461025,0.2267260579064588
0.16747252747252747,0.3076923076923077,0.29934065934065934,0.2254945054945055
0.17406593406593407,0.30241758241758243,0.2945054945054945,0.229010989010989
0.1802403204272363,0.29906542056074764,0.2888295505117935,0.23186470850022253
0.18169934640522875,0.29760348583877994,0.2867102396514161,0.23398692810457516
0.17533039647577092,0.3052863436123348,0.27929515418502204,0.24008810572687225
0.17492327926348092,0.29767645769399387,0.28803156510302497,0.23936869793950022
0.179701230228471,0.29393673110720564,0.28778558875219684,0.23857644991212654
0.1835304424003504,0.29303547963206306,0.27989487516425754,0.24353920280332894
0.17965653896961692,0.28797886393659183,0.2857771906649053,0.24658740642888596
0.18563922942206654,0.28327495621716287,0.28940455341506127,0.24168126094570927
0.1847585290208241,0.2835622507753655,0.2875498449268941,0.24412937527691625
0.18005295675198588,0.2855251544571933,0.2886142983230362,0.24580759046778464
0.1857707509881423,0.2779973649538867,0.2889767237593325,0.24725516029863856
0.18541574032903513,0.2712316585148955,0.28546020453534904,0.25789239662072033
0.18404907975460122,0.28089395267309375,0.28352322524101664,0.25153374233128833
0.19087688219663418,0.28476527900797166,0.2754650132860939,0.24889282550930025
0.18896247240618103,0.2768211920529801,0.2763796909492274,0.2578366445916115
0.1931064958020327,0.28104286345558993,0.27043747238179405,0.2554131683605833
0.19032830523513752,0.2803904170363798,0.271960958296362,0.2573203194321207
0.19367588932806323,0.2766798418972332,0.2727272727272727,0.25691699604743085
0.19556541019955653,0.28159645232815966,0.26430155210643014,0.25853658536585367
0.1961301671064204,0.2757255936675462,0.26561125769569044,0.262532981530343
0.20044543429844097,0.27706013363028953,0.25879732739420935,0.26369710467706015
0.20265486725663717,0.2650442477876106,0.26194690265486725,0.270353982300885
0.19860017497812774,0.2699037620297463,0.25984251968503935,0.27165354330708663
0.1974267968056788,0.26131322094055015,0.2639751552795031,0.277284826974268
0.20202020202020202,0.2635046113306983,0.2639437856829161,0.27053140096618356
0.2067286409915892,0.2594068171757415,0.2638335546702081,0.27003098716246127
0.20230190349712263,0.25675077467906154,0.26604692341744135,0.2749003984063745
0.20175824175824175,0.2567032967032967,0.26065934065934065,0.28087912087912087
0.19763365468886943,0.25766871165644173,0.26818580192813324,0.27651183172655563
0.20079435127978817,0.25198587819947044,0.26257722859664606,0.2846425419240953
0.19551845342706503,0.26054481546572933,0.26362038664323373,0.28031634446397186
0.19991193306913255,0.25495376486129456,0.25979744605900484,0.285336856010568
0.20842474769635805,0.25713032031592803,0.2479157525230364,0.2865291794646775
0.20768200089325592,0.2505582849486378,0.25279142474318894,0.28896828941491737
0.20557029177718833,0.2537577365163572,0.2564102564102564,0.28426171529619804
0.2109170305676856,0.2462882096069869,0.25327510917030566,0.28951965065502183
0.2159090909090909,0.24256993006993008,0.24694055944055945,0.2945804195804196
0.20719929762949957,0.24451273046532046,0.24714661984196665,0.30114135206321335
0.21017990346643264,0.249670908293111,0.2461605967529618,0.2939885914874945
0.21850564726324934,0.24413553431798435,0.2463075586446568,0.29105125977410945
0.21681997371879105,0.2505475251861586,0.24310118265440211,0.2895313184406483
0.21801566579634465,0.25108790252393387,0.24281984334203655,0.28807658833768496
0.22360801781737194,0.25211581291759466,0.2374164810690423,0.2868596881959911
0.22384751773049646,0.2557624113475177,0.23359929078014185,0.28679078014184395
0.22654867256637168,0.2557522123893805,0.2336283185840708,0.28407079646017697
0.22992056487202117,0.25551632833186233,0.235216240070609,0.2793468667255075
0.2324561403508772,0.25263157894736843,0.2337719298245614,0.28114035087719297
0.23392857142857143,0.253125,0.23392857142857143,0.27901785714285715
0.23778359511343805,0.25741710296684117,0.23342059336823734,0.27137870855148344
0.23748902546093065,0.2528533801580334,0.23573309920983318,0.2739244951712028
0.2466230936819172,0.25925925925925924,0.22832244008714597,0.2657952069716776
0.2507699076110867,0.258688957325121,0.2278926528816542,0.26264848218213815
0.2496685815289439,0.2602739726027397,0.23199292973928415,0.25806451612903225
0.24486226497595104,0.2645386969829471,0.2334936598163533,0.2571053782247486
0.24286341677646026,0.2639437856829161,0.23451910408432147,0.25867369345630215
0.2479120879120879,0.261978021978022,0.22989010989010988,0.2602197802197802
0.24811027123165852,0.2632281013783904,0.22632281013783903,0.26233881725211206
0.2508880994671403,0.261101243339254,0.22291296625222023,0.2650976909413854
0.2535211267605634,0.26276408450704225,0.2205105633802817,0.2632042253521127
0.25316455696202533,0.2645133129637713,0.21344391095591445,0.26887821911828896
0.254585152838428,0.259825327510917,0.21222707423580786,0.27336244541484717
0.25847644209599296,0.2628797886393659,0.21400264200792601,0.2646411272567151
0.25823451910408435,0.2595520421607378,0.21387790953008345,0.2683355292050944
0.25570175438596493,0.25921052631578945,0.2149122807017544,0.27017543859649124
0.2641093474426808,0.25132275132275134,0.20987654320987653,0.27469135802469136
0.25477990217874613,0.25566918630502444,0.21831925300133392,0.2712316585148955
0.25604927408710954,0.2622085349758029,0.20809502859656842,0.2736471623405191
0.25021987686895336,0.256816182937555,0.20932277924362358,0.2836411609498681
0.24978279756733276,0.2562988705473501,0.20156385751520417,0.29235447437011297
0.25363917071018965,0.25408028231142477,0.19673577415086016,0.29554477282752534
0.2565674255691769,0.2561295971978984,0.19964973730297722,0.28765323992994746
0.2542372881355932,0.25111507582515613,0.19937555753791258,0.2952720785013381
0.2563989408649603,0.24757281553398058,0.1977052074139453,0.29832303618711387
0.25360734586794925,0.24923480542195015,0.20463489287275907,0.2925229558373415
0.25559947299077734,0.2463768115942029,0.20685111989459815,0.29117259552042163
0.2567747667703243,0.24389160373167482,0.20879609062638826,0.2905375388716126
0.2543046357615894,0.24547461368653423,0.2141280353200883,0.2860927152317881
0.2565905096660808,0.24253075571177504,0.2117750439367311,0.28910369068541303
0.25381596162232883,0.24727431312690798,0.21282163105102486,0.28608809419973835
0.2534965034965035,0.24431818181818182,0.21241258741258742,0.2897727272727273
0.25220848056537104,0.24646643109540636,0.2146643109540636,0.286660777385159
0.25746924428822493,0.2517574692442882,0.2038664323374341,0.28690685413005274
0.26958424507658646,0.24726477024070023,0.20218818380743983,0.28096280087527353
0.2675933970460469,0.2523892267593397,0.19765421372719374,0.28236316246741966
0.2700698080279232,0.24956369982547993,0.20026178010471204,0.2801047120418848
0.2693156732891832,0.24900662251655628,0.20088300220750552,0.280794701986755
0.27056753189617244,0.2503299604047514,0.1992960844698636,0.2798064232292125
0.2733245729303548,0.24791940429259746,0.20061322820849758,0.2781427945685502
0.2728476821192053,0.25165562913907286,0.1969094922737307,0.2785871964679912
0.26846528084918175,0.254312251216276,0.20123839009287925,0.27598407784166296
0.2713347921225383,0.25164113785557984,0.19693654266958424,0.2800875273522976
0.2629253203711887,0.25673884224480775,0.20238621299160406,0.27794962439239945
0.26067811536767943,0.2611184500220167,0.2025539409951563,0.2756494936151475
0.26311111111111113,0.2551111111111111,0.20666666666666667,0.2751111111111111
0.259670964873277,0.2552245442418853,0.2072032014228546,0.2779012894619831
0.2589126559714795,0.25668449197860965,0.20499108734402852,0.27941176470588236
0.2609853528628495,0.2574345317354638,0.20195295162006213,0.2796271637816245
0.26587301587301587,0.26146384479717816,0.19973544973544974,0.27292768959435626
0.26474442988204455,0.2651813018785496,0.20096111839231107,0.2691131498470948
0.26090828138913624,0.26313446126447015,0.20614425645592163,0.26981300089047194
0.25999121651295565,0.26570048309178745,0.2002635046113307,0.2740447957839262
0.2501095050372317,0.2720105124835742,0.2014892685063513,0.27639071397284276
0.2523158359064843,0.2686369651521835,0.20335244816938686,0.27569475077194533
0.2514136581122227,0.26750761200521966,0.20139190952588082,0.2796868203566768
0.25317564607971965,0.2680683311432326,0.19667104686815592,0.2820849759088918
0.2574823943661972,0.26188380281690143,0.19630281690140844,0.28433098591549294
0.2608695652173913,0.25823451910408435,0.1963109354413702,0.2845849802371542
0.2589010989010989,0.25362637362637364,0.1956043956043956,0.2918681318681319
0.24934612031386225,0.25588491717523976,0.1931124673060157,0.3016564952048823
0.2556818181818182,0.2561188811188811,0.194493006993007,0.2937062937062937
0.2624890446976337,0.25241016652059595,0.19325153374233128,0.2918492550394391
0.26705048715677593,0.2471213463241807,0.19176262178919398,0.2940655447298494
0.26334362593736216,0.2562858403176004,0.18967798853109838,0.2906925452139391
0.2667829119442023,0.2598081952920663,0.18177855274629467,0.2916303400174368
0.27860915492957744,0.2548415492957746,0.17825704225352113,0.28829225352112675
0.2788546255506608,0.25462555066079295,0.18105726872246697,0.2854625550660793
0.2735723771580345,0.2625055334218681,0.17928286852589642,0.28463922089420096
0.2796312554872695,0.257243195785777,0.17866549604916593,0.2844600526777875
0.28225451343020697,0.261558784676354,0.17613386173491855,0.2800528401585205
0.2895548699867783,0.25694138386954607,0.1749669457910974,0.2785368003525782
0.28372497824194953,0.2554395126196693,0.17362924281984335,0.28720626631853785
0.2874725274725275,0.258021978021978,0.17142857142857143,0.28307692307692306
0.2844638949671772,0.26258205689277897,0.17330415754923414,0.27964989059080964
0.2848990342405619,0.26294995610184374,0.1742756804214223,0.2778753292361721
0.28932461873638343,0.2596949891067538,0.17037037037037037,0.28061002178649236
0.28652668416447946,0.25809273840769903,0.17497812773403323,0.2804024496937883
0.28291814946619215,0.25756227758007116,0.1708185053380783,0.28870106761565834
0.286660777385159,0.254416961130742,0.17137809187279152,0.2875441696113074
0.291906236178682,0.25829279080053075,0.17116320212295444,0.2786377708978328
0.2951251646903821,0.25911286780852,0.17083882301273606,0.27492314448836186
0.2971078001752848,0.25153374233128833,0.17134092900964065,0.28001752848378614
0.30178805058874836,0.24989097252507633,0.17313563017880507,0.27518534670737027
0.2961657117672984,0.25385632437197003,0.17188188629352139,0.2780960775672102
0.2970950704225352,0.2574823943661972,0.16901408450704225,0.2764084507042254
0.30166374781085814,0.2578809106830123,0.16943957968476359,0.271015761821366
0.2992957746478873,0.2623239436619718,0.167693661971831,0.2706866197183099
0.2979664014146773,0.2634836427939876,0.16666666666666666,0.2718832891246684
0.29934354485776804,0.26389496717724287,0.16542669584245076,0.2713347921225383
0.30013106159895153,0.2686762778505898,0.16557448667540411,0.2656181738750546
0.2990325417766051,0.26033421284080915,0.1662269129287599,0.27440633245382584
0.3048888888888889,0.2564444444444444,0.1648888888888889,0.2737777777777778
0.3055555555555556,0.2535273368606702,0.17239858906525574,0.26851851851851855
0.3025732031943212,0.25199645075421473,0.1699201419698314,0.2755102040816326
0.30071174377224197,0.2508896797153025,0.17437722419928825,0.27402135231316727
0.3033905768383972,0.2536327608982827,0.17437252311756934,0.26860413914575076
0.29991204925241866,0.25241864555848725,0.1772207563764292,0.2704485488126649
0.29955947136563876,0.2515418502202643,0.17400881057268722,0.2748898678414097
0.29414354909731394,0.25495376486129456,0.17305151915455746,0.277851166886834
0.2938076416337286,0.25296442687747034,0.16952129995608256,0.28370663153271847
0.290083005679336,0.2512013979903888,0.17256443861948448,0.28615115771079075
0.2925744775455758,0.2463317029791018,0.17252112049799911,0.28857269897732324
0.2897851819377466,0.2529592284085927,0.1705392371766769,0.2867163524769838
0.2891246684350133,0.253315649867374,0.17374005305039789,0.2838196286472148
0.28433098591549294,0.25440140845070425,0.17209507042253522,0.2891725352112676
0.29708222811671087,0.246684350132626,0.17064544650751548,0.28558797524314766
0.2973928413610252,0.25055236411842685,0.16924436588599204,0.2828104286345559
0.30043859649122806,0.24517543859649124,0.17017543859649123,0.28421052631578947
0.3049426301853486,0.2383053839364519,0.16902030008826124,0.28773168578993824
0.3118659020732245,0.23467137185707984,0.16850463167181298,0.28495809439788267
0.3107517482517482,0.23645104895104896,0.1673951048951049,0.2854020979020979
0.3138913624220837,0.2319679430097952,0.1674087266251113,0.2867319679430098
0.31865736704446385,0.23190932868352224,0.17000871839581516,0.2794245858761988
0.32235397452788755,0.22793148880105402,0.16644707949055776,0.28326745718050067
0.3222270933800965,0.22665497588776853,0.16790881192459448,0.28320911880754057
0.3300927971718957,0.2209456473707468,0.1661511268228016,0.2828104286345559
0.32056362835755176,0.21796565389696168,0.1712901805372083,0.2901805372082783
0.32774591971768857,0.21658579620644022,0.1689457432730481,0.2867225408028231
0.3197189284145806,0.2147562582345191,0.17215634606938954,0.2933684672815108
0.3199476211261458,0.21824530772588388,0.16717590571802707,0.2946311654299433
0.32275132275132273,0.20899470899470898,0.16666666666666666,0.30158730158730157
0.32105263157894737,0.20789473684210527,0.16973684210526316,0.3013157894736842
0.3182423435419441,0.21260541500221927,0.16910785619174434,0.30004438526409233
0.3275862068965517,0.21573828470380194,0.16489832007073385,0.2917771883289125
0.3303769401330377,0.2088691796008869,0.16895787139689578,0.2917960088691796
0.3359683794466403,0.21212121212121213,0.1642512077294686,0.287659200702679
0.32717678100263853,0.21240105540897097,0.16666666666666666,0.2937554969217238
0.32597173144876324,0.21333922261484098,0.1696113074204947,0.2910777385159011
0.3262411347517731,0.21719858156028368,0.17109929078014185,0.2854609929078014
0.32275132275132273,0.22001763668430335,0.1675485008818342,0.2896825396825397
0.3219298245614035,0.21754385964912282,0.16622807017543859,0.2942982456140351
0.3293598233995585,0.21501103752759382,0.1673289183222958,0.2883002207505519
0.3220562390158172,0.21660808435852372,0.1687170474516696,0.29261862917398945
0.3193534294451726,0.21799912625600698,0.17256443861948448,0.290083005679336
0.3203159280386134,0.21763931548924967,0.1671785870996051,0.2948661693725318
0.3206545776205219,0.21229544449358692,0.17027863777089783,0.29677134011499334
0.33231039017974573,0.20955721174923278,0.17229285401139852,0.285839544059623
0.32333480370533746,0.2046757829730922,0.17423908248786943,0.29775033083370095
0.32717678100263853,0.2075637642919965,0.17326297273526825,0.29199648197009676
0.32806324110671936,0.20685111989459815,0.17303469477382522,0.2920509442248573
0.32981065609863497,0.20299427564949363,0.17393218846323205,0.29326287978863935
0.3289065958388668,0.20230190349712263,0.17352810978308986,0.29526339088092074
0.3287549844926894,0.20292423571112095,0.17279574656623836,0.2955250332299513
0.32677165354330706,0.19860017497812774,0.17191601049868765,0.3027121609798775
0.33608695652173914,0.20173913043478262,0.16304347826086957,0.2991304347826087
0.3424778761061947,0.19557522123893806,0.16592920353982302,0.2960176991150443
0.34679543459174716,0.19622475856014046,0.16330114135206322,0.29367866549604915
0.3542126157917953,0.1940891045434495,0.15394794883105425,0.29775033083370095
0.3510311540149188,0.19394471259324264,0.15971917507678807,0.29530495831505044
0.35208791208791207,0.1956043956043956,0.16307692307692306,0.28923076923076924
0.34684883208461875,0.20141031291317762,0.15866020273248127,0.29308065226972235
0.3458314953683282,0.19673577415086016,0.16497573886193206,0.29245699161887956
0.349185380889476,0.19594892118009688,0.16424482606781154,0.2906208718626156
0.3470744680851064,0.19414893617021275,0.16666666666666666,0.2921099290780142
0.34394341290893016,0.19805481874447392,0.16887709991158267,0.2891246684350133
0.34256816182937555,0.1948109058927001,0.17194371152154794,0.2906772207563764
0.3474426807760141,0.19135802469135801,0.167989417989418,0.2932098765432099
0.3501979762428509,0.19049714034315882,0.16761988561372634,0.29168499780026397
0.34355828220858897,0.18974583698510078,0.1726555652936021,0.29404031551270815
0.34339457567804027,0.18985126859142606,0.17497812773403323,0.29177602799650043
0.34809565987599644,0.19220549158547387,0.17360496014171833,0.2860938883968113
0.3453903837670931,0.1905602117335686,0.17909131010145568,0.28495809439788267
0.34692982456140353,0.19736842105263158,0.175,0.2807017543859649
0.3378854625550661,0.19823788546255505,0.17577092511013215,0.28810572687224667
0.33700926334362596,0.1985002205558006,0.18041464490516101,0.28407587119541244
0.33700926334362596,0.1940891045434495,0.18041464490516101,0.28848698720776356
0.3337684943429069,0.19451697127937337,0.18450826805918188,0.28720626631853785
0.3404730031236055,0.18786256135653726,0.18027666220437305,0.29138777331548416
0.3333333333333333,0.18909410729991205,0.18865435356200527,0.28891820580474936
0.3318719859710653,0.18851380973257342,0.1854449802718106,0.29416922402455065
0.3229349736379613,0.18936731107205623,0.18717047451669597,0.30052724077328646
0.31748128577719065,0.19815059445178335,0.1928665785997358,0.2915015411712902
0.31646693297825124,0.18863737239236572,0.19618286728806036,0.2987128273413227
0.322339489885664,0.18777484608619174,0.1917326297273527,0.29815303430079154
0.32671081677704195,0.18322295805739514,0.19293598233995585,0.29713024282560707
0.3325981473312748,0.18438464931627702,0.18967798853109838,0.2933392148213498
0.33671668137687555,0.18314210061782876,0.19020300088261252,0.28993821712268314
0.3331866197183099,0.1857394366197183,0.19278169014084506,0.28829225352112675
0.3264949803579223,0.18769096464426016,0.19030990833697076,0.2955041466608468
0.33303964757709253,0.18546255506607928,0.1894273127753304,0.2920704845814978
0.33143107989464443,0.18349429323968394,0.19051799824407376,0.29455662862159787
0.3245382585751979,0.18733509234828497,0.19041336851363236,0.29771328056288476
0.3253170091823349,0.1853957149103629,0.19020550940096195,0.29908176650634016
0.31788079470198677,0.1805739514348786,0.1955849889624724,0.30596026490066225
0.3172992056487202,0.1796116504854369,0.19285083848190646,0.31023830538393643
0.31892368769298635,0.18129686810763124,0.1945302161446846,0.30524922805469784
0.31672443674176776,0.18240901213171576,0.1962738301559792,0.30459272097053725
0.31718061674008813,0.18502202643171806,0.1986784140969163,0.29911894273127754
0.3188022897402025,0.1831792162043153,0.19947159841479525,0.2985468956406869
0.3118856121537087,0.18588025022341376,0.20241286863270777,0.2998212689901698
0.31057268722466963,0.18546255506607928,0.20440528634361232,0.29955947136563876
0.30600613765892154,0.183691363437089,0.20824199912319158,0.3020604997807979
0.30492091388400705,0.18189806678383127,0.2139718804920914,0.2992091388400703
0.30473637176050045,0.18588025022341376,0.21179624664879357,0.2975871313672922
0.298513986013986,0.1888111888111888,0.21678321678321677,0.2958916083916084
0.30385288966725044,0.18432574430823118,0.2180385288966725,0.29378283712784586
0.30643015521064304,0.1787139689578714,0.21906873614190686,0.2957871396895787
0.3071177504393673,0.17398945518453426,0.218804920913884,0.30008787346221444
0.30940919037199127,0.17199124726477025,0.21181619256017506,0.3067833698030635
0.3118942731277533,0.1696035242290749,0.21101321585903085,0.307488986784141
0.3079268292682927,0.17247386759581881,0.21602787456445993,0.30357142857142855
0.3028169014084507,0.1738556338028169,0.21875,0.3045774647887324
0.3036187113857017,0.17299205648720212,0.21844660194174756,0.3049426301853486
0.30533333333333335,0.172,0.21955555555555556,0.3031111111111111
0.3045195261079421,0.16761737604212373,0.22641509433962265,0.30144800351031154
0.30429013710747455,0.1667403803626714,0.22910216718266255,0.2998673153471915
0.30223390275952694,0.16469557599649584,0.22864651773981604,0.3044240035041612
0.29800443458980047,0.16940133037694013,0.22394678492239467,0.30864745011086475
0.2923076923076923,0.17098901098901098,0.22945054945054946,0.30725274725274726
0.2951036612262902,0.17556241729157476,0.22452580502867225,0.30480811645346273
0.2926509186351706,0.17804024496937884,0.22178477690288714,0.30752405949256345
0.29141104294478526,0.1796669588080631,0.22042068361086767,0.30850131463628394
0.2953138815207781,0.17595048629531387,0.22015915119363394,0.30857648099027407
0.3028446389496718,0.17155361050328227,0.22275711159737419,0.3028446389496718
0.3045195261079421,0.17419921017990347,0.22027204914436158,0.3010092145677929
0.30765864332603937,0.1772428884026258,0.21575492341356675,0.29934354485776804
0.30404217926186294,0.18101933216168717,0.21528998242530756,0.29964850615114236
0.29916040653999115,0.18073353954927088,0.2138753866548829,0.30623066725585507
0.290223586146427,0.18719859710653222,0.210872424375274,0.31170539237176675
0.2896703296703297,0.18461538461538463,0.21494505494505495,0.31076923076923074
0.2918681318681319,0.189010989010989,0.21054945054945054,0.30857142857142855
0.2942222222222222,0.18666666666666668,0.21155555555555555,0.3075555555555556
0.2913732394366197,0.18617957746478872,0.21434859154929578,0.30809859154929575
0.29876977152899825,0.18365553602811951,0.2100175746924429,0.30755711775043937
0.2906925452139391,0.18306131451257168,0.2152624614027349,0.3109836788707543
0.2913732394366197,0.18309859154929578,0.2169894366197183,0.3085387323943662
0.2992441084926634,0.17830146731880836,0.21920853712761226,0.303245887060916
0.2967032967032967,0.17186813186813188,0.21802197802197804,0.3134065934065934
0.2949671772428884,0.17330415754923414,0.21663019693654267,0.3150984682713348
0.30449978156400176,0.1712538226299694,0.21537789427697684,0.308868501529052
0.29912280701754385,0.1763157894736842,0.20964912280701756,0.31491228070175437
0.29305799648506153,0.17794376098418277,0.20826010544815465,0.32073813708260107
0.2988556338028169,0.17913732394366197,0.20422535211267606,0.31778169014084506
0.30097087378640774,0.17917034421888792,0.20785525154457193,0.3120035304501324
0.30378096479791394,0.17644502390265102,0.21295089091699262,0.3068231203824424
0.29929266136162685,0.18037135278514588,0.21441202475685234,0.3059239610963749
0.29916410030796303,0.18169819621645403,0.21601407831060274,0.3031236251649802
0.3007518796992481,0.18133569217160547,0.21892967713401149,0.2989827509951349
0.29657293497363796,0.17750439367311072,0.2179261862917399,0.30799648506151145
0.2958241758241758,0.1789010989010989,0.22197802197802197,0.3032967032967033
0.2906057945566286,0.18173836698858647,0.2247585601404741,0.3028972783143108
0.28634167764602547,0.18533157663592445,0.2261747913921827,0.3021519543258674
0.29419467481449146,0.18332605848974248,0.21911828895678742,0.30336097773897863
0.2944812362030905,0.18189845474613686,0.21986754966887417,0.30375275938189844
0.2916484477481417,0.1845212068211631,0.2186270222999563,0.30520332313073895
0.2976929902395741,0.18456078083407276,0.2129547471162378,0.30479148181011534
0.29084537888742884,0.18309242225142355,0.21638195356986423,0.3096802452912834
0.2893467777290662,0.183691363437089,0.22007891275756247,0.30688294607628236
0.290519877675841,0.1891655744866754,0.21930974224552205,0.3010048055919616
0.2886053673559173,0.19313682358117026,0.21865376154861416,0.2996040475142983
0.28003533568904593,0.19478798586572438,0.22614840989399293,0.29902826855123676
0.28325991189427313,0.19691629955947137,0.2198237885462555,0.3
0.28112626484821823,0.1935767707875055,0.2234931808183018,0.3018037835459745
0.28116710875331563,0.19540229885057472,0.21794871794871795,0.30548187444739167
0.2809335094671951,0.1924262439453985,0.22104799647732276,0.3055922501100837
0.2771137671536078,0.19566179725542276,0.2213368747233289,0.3058875608676406
0.2802631578947368,0.19517543859649122,0.22412280701754386,0.30043859649122806
0.27252843394575677,0.1942257217847769,0.2283464566929134,0.30489938757655294
0.2783143107989464,0.18437225636523266,0.2273924495171203,0.3099209833187006
0.2797385620915033,0.19215686274509805,0.22788671023965143,0.3002178649237473
0.2828773168578994,0.18932038834951456,0.23036187113857018,0.2974404236540159
0.28534031413612565,0.19153577661431065,0.2281849912739965,0.2949389179755672
0.2833186231244484,0.19196822594880847,0.23036187113857018,0.294351279788173
0.27236492471213464,0.19441984056687334,0.23073516386182463,0.3024800708591674
0.2813186813186813,0.19252747252747252,0.23032967032967033,0.2958241758241758
0.2794053344993441,0.19938784433756013,0.22780935723655443,0.2933974639265413
0.28227571115973743,0.1951859956236324,0.22538293216630198,0.29715536105032825
0.28906595838866755,0.1952191235059761,0.2204515272244356,0.29526339088092074
0.2819947043248014,0.19549867608120036,0.22330097087378642,0.2992056487202118
0.29173989455184535,0.1937609841827768,0.21924428822495606,0.29525483304042177
0.294351279788173,0.1915269196822595,0.21006178287731686,0.30406001765225066
0.28634361233480177,0.19427312775330396,0.2185022026431718,0.30088105726872244
0.29476950354609927,0.19237588652482268,0.2149822695035461,0.2978723404255319
0.3014230271668823,0.1884432945235015,0.21172919361793877,0.29840448469167746
0.3058978873239437,0.19058098591549297,0.20466549295774647,0.2988556338028169
0.30604203152364273,0.19001751313485113,0.20796847635726795,0.29597197898423816
0.3107569721115538,0.1868083222664896,0.20761398849048252,0.2948207171314741
0.3123359580052493,0.18328958880139984,0.20647419072615922,0.2979002624671916
0.31555751432349055,0.18466284706919348,0.20669898633759365,0.29308065226972235
0.31699779249448123,0.1836644591611479,0.2044150110375276,0.29492273730684326
0.32426502852128125,0.18473014480035102,0.20315928038613426,0.2878455462922334
0.3249669749009247,0.1805372082782915,0.19991193306913255,0.29458388375165123
0.32672831351827386,0.17701453104359313,0.20167327168648172,0.29458388375165123
0.32078774617067835,0.18424507658643327,0.19824945295404814,0.29671772428884025
0.3219298245614035,0.18903508771929825,0.18947368421052632,0.2995614035087719
0.3209444687363358,0.1915172715347617,0.19064276344556186,0.2968954962833406
0.31706244503078274,0.19393139841688653,0.1948109058927001,0.2941952506596306
0.32604895104895104,0.18575174825174826,0.19973776223776224,0.28846153846153844
0.32108060230292296,0.18556244464127547,0.19353410097431356,0.29982285208148807
0.3221300742034046,0.18769096464426016,0.19773024879965082,0.29244871235268444
0.3162280701754386,0.19166666666666668,0.19736842105263158,0.29473684210526313
0.31544214694236694,0.18873735151781787,0.2001759788825341,0.29564452265728114
0.3153271848924023,0.19148001756697408,0.19982433025911286,0.2933684672815108
0.31154014918824047,0.18648530057042562,0.20315928038613426,0.29881526985519963
0.3127498889382497,0.19235895157707686,0.2025766326077299,0.2923145268769436
0.3113330438558402,0.18888406426400348,0.20581849761181067,0.29396439426834564
0.3113082039911308,0.1942350332594235,0.2066518847006652,0.28780487804878047
0.30910683012259194,0.19001751313485113,0.20577933450087565,0.29509632224168125
0.31211589113257243,0.1874451273046532,0.20149253731343283,0.2989464442493415
0.30881057268722467,0.18325991189427313,0.20616740088105726,0.30176211453744495
0.30501089324618735,0.1869281045751634,0.20827886710239651,0.29978213507625273
0.30664916885389326,0.18722659667541558,0.21084864391951005,0.2952755905511811
0.3079295154185022,0.1841409691629956,0.2092511013215859,0.2986784140969163
0.29702089817696753,0.18986216096042685,0.21253890618052468,0.30057803468208094
0.30065075921908896,0.19175704989154013,0.210412147505423,0.29718004338394793
0.3026955368979231,0.19133893062306673,0.21652673442333187,0.2894387980556783
0.3060778312199388,0.19326628771316134,0.2125054656755575,0.2881504153913424
0.30881057268722467,0.18986784140969162,0.2092511013215859,0.2920704845814978
0.30675909878682844,0.19194107452339687,0.2097053726169844,0.2915944540727903
0.31097560975609756,0.19337979094076654,0.2077526132404181,0.28789198606271776
0.3084686265906099,0.19218955682316805,0.21061869240895129,0.28872312417727075
0.31352549889135256,0.19290465631929046,0.2088691796008869,0.2847006651884701
0.30857648099027407,0.1945181255526083,0.20999115826702033,0.28691423519009723
0.30836618484450284,0.19929916776171705,0.2058694699956198,0.2864651773981603
0.30478700043917434,0.1945542380324989,0.21299956082564778,0.287659200702679
0.3128046078865751,0.19184758529020823,0.2095702259636686,0.2857775808595481
0.3170731707317073,0.18492239467849225,0.2088691796008869,0.2891352549889135
0.324430823117338,0.18432574430823118,0.202276707530648,0.28896672504378285
0.3188022897402025,0.18978423601937472,0.20607661822985468,0.285336856010568
0.3226226660877117,0.19409465914025184,0.19626574033868865,0.2870169344333478
0.3246985261277356,0.18847699866011614,0.19830281375614114,0.28852166145600716
0.31930912311780335,0.19220549158547387,0.1979627989371125,0.29052258635961026
0.3125827814569536,0.19823399558498897,0.19735099337748344,0.291832229580574
0.32081307998232433,0.1931064958020327,0.19575784357048165,0.2903225806451613
0.323686553873553,0.19145146927871773,0.19545859305431879,0.2894033837934105
0.3270163067430586,0.19127368884971352,0.19524019391802555,0.2864698104892023
0.32556093268807745,0.194456665200176,0.19049714034315882,0.28948526176858774
0.31752305665349145,0.19411506368028106,0.19060166886253843,0.2977602108036891
0.3156510302498904,0.19947391494958353,0.18895221394125383,0.29592284085927223
0.3158125273762593,0.1953569864213754,0.1927288655278143,0.29610162067455104
0.31627296587926507,0.1994750656167979,0.1889763779527559,0.2952755905511811
0.3062032556093269,0.20369555653321603,0.194456665200176,0.29564452265728114
0.31387181738366987,0.20368744512730466,0.18700614574187885,0.29543459174714665
0.3151837096060204,0.20230190349712263,0.1868083222664896,0.2957060646303674
0.31407146007940007,0.1985002205558006,0.19232465813850905,0.2951036612262902
0.31084656084656087,0.2006172839506173,0.18562610229276896,0.3029100529100529
0.3137687555163283,0.19991173874669022,0.18314210061782876,0.3031774051191527
0.30810092961487384,0.20407259849490925,0.1876936697653829,0.300132802124834
0.30394328754984495,0.20115197164377493,0.18608772707133364,0.3088170137350465
0.30576330840299165,0.20061592608886933,0.18609766827980642,0.3075230972283326
0.30178571428571427,0.20714285714285716,0.18392857142857144,0.30714285714285716
0.3031774051191527,0.20476610767872905,0.18358340688437777,0.3084730803177405
0.29737991266375546,0.20480349344978166,0.18471615720524018,0.3131004366812227
0.3004405286343612,0.20792951541850221,0.18458149779735683,0.3070484581497797
0.30004438526409233,0.21260541500221927,0.18375499334221038,0.303595206391478
0.29440282062582634,0.21330982811811372,0.18510356985456147,0.30718378140149843
0.29494505494505496,0.2057142857142857,0.18065934065934067,0.31868131868131866
0.30199556541019956,0.19778270509977827,0.18492239467849225,0.31529933481152994
0.2963940193491645,0.2022867194371152,0.1851363236587511,0.31618293755496923
0.2951111111111111,0.2071111111111111,0.18266666666666667,0.3151111111111111
0.3010181496237273,0.20451527224435592,0.1868083222664896,0.30765825586542717
0.2979467016164264,0.20270860637833116,0.18435998252512015,0.3149847094801223
0.2958685028876055,0.20613060861839183,0.185250999555753,0.3127498889382497
0.29372791519434627,0.2053886925795053,0.19037102473498232,0.31051236749116606
0.28527336860670194,0.20326278659611993,0.18959435626102292,0.3218694885361552
0.2842750766535261,0.20718353044240034,0.18703460359176521,0.32150678931230836
0.29096545615589015,0.20682019486271036,0.18511957484499558,0.3170947741364039
0.28804587560652845,0.2011468901632113,0.18614909572121746,0.3246581385090428
0.2943246810382754,0.20281566212054553,0.18389793224813022,0.31896172459304883
0.28910369068541303,0.20518453427065025,0.18497363796133567,0.32073813708260107
0.27985896870868227,0.20846187747906567,0.1890700749228735,0.32260907888937856
0.2774079005770084,0.20594762538837105,0.19130048823790502,0.3253439857967155
0.2747688243064729,0.2069572875385293,0.19462791721708497,0.3236459709379128
0.27920353982300883,0.20486725663716815,0.18761061946902655,0.32831858407079645
0.28171478565179353,0.20428696412948383,0.19072615923009623,0.3232720909886264
0.2862144420131291,0.20087527352297593,0.18687089715536104,0.32603938730853393
0.28184991273996507,0.19851657940663175,0.1893542757417103,0.33027923211169286
0.28884986830553117,0.19315188762071994,0.1861281826163301,0.33187006145741876
0.29089301503094606,0.1905393457117595,0.1874447391688771,0.3311229000884173
0.2883082373782108,0.19441984056687334,0.18600531443755536,0.3312666076173605
0.2867163524769838,0.19289785181937746,0.18588338448049102,0.3345024112231477
0.2899955927721463,0.19435874834728956,0.18157778757161747,0.33406787130894666
0.2951833848873177,0.1931064958020327,0.17719840919133892,0.33451171011931063
0.2915578764142733,0.19495213228894692,0.17972149695387293,0.3337684943429069
0.29833040421792617,0.1977152899824253,0.17486818980667837,0.3290861159929701
0.289612676056338,0.19586267605633803,0.18309859154929578,0.3314260563380282
0.2907585004359198,0.1913687881429817,0.18831734960767219,0.3295553618134263
0.30124223602484473,0.19032830523513752,0.18322981366459629,0.3251996450754215
0.2955357142857143,0.19419642857142858,0.18392857142857144,0.3263392857142857
0.29352580927384075,0.19816272965879264,0.18110236220472442,0.32720909886264216
0.2920509442248573,0.1976284584980237,0.1888449714536671,0.3214756258234519
0.29308065226972235,0.1983252534156016,0.18113706478624944,0.32745702952842665
0.2894387980556783,0.20061864781263808,0.1855943437914273,0.3243482103402563
0.2800528401585205,0.20343461030383092,0.1928665785997358,0.3236459709379128
0.2832369942196532,0.2040907069808804,0.1920853712761227,0.3205869275233437
0.2857142857142857,0.20683610867659946,0.1827344434706398,0.324715162138475
0.28027984258854394,0.20463489287275907,0.1880192391779624,0.3270660253607346
0.2813738441215324,0.202113606340819,0.18538088947600176,0.33113166006164685
0.2843224092116918,0.19973427812223207,0.18777679362267494,0.3281665190434012
0.2794182459233142,0.20185103569854562,0.19259585720581754,0.3261348611723226
0.2865934065934066,0.1986813186813187,0.19252747252747252,0.3221978021978022
0.28483516483516486,0.1986813186813187,0.19648351648351647,0.32
0.28104286345558993,0.19752540874944763,0.19796730004418914,0.32346442775077333
0.27895667550839964,0.19849690539345713,0.1971706454465075,0.3253757736516357
0.27900797165633306,0.20372010628875112,0.19929140832595216,0.3179805137289637
0.2773593265396544,0.20026583961010191,0.2007089056269384,0.32166592822330525
0.2784090909090909,0.20541958041958042,0.20279720279720279,0.3133741258741259
0.2782874617737003,0.20445609436435125,0.1961555264307558,0.3211009174311927
0.2845132743362832,0.2075221238938053,0.1920353982300885,0.315929203539823
0.2812637121544537,0.21017990346643264,0.1917507678806494,0.3168056164984642
0.28502202643171803,0.2092511013215859,0.18986784140969162,0.3158590308370044
0.282389108476065,0.20772946859903382,0.19367588932806323,0.31620553359683795
0.278580814717477,0.2058694699956198,0.19448094612352168,0.3210687691633815
0.2807323452484743,0.2074978204010462,0.19398430688753268,0.3177855274629468
0.2761946514686541,0.20604997807978956,0.19903551074090312,0.3187198597106532
0.27677390921110623,0.21022476862053768,0.19920669898633758,0.3137946231820185
0.27465723131357805,0.21627598407784165,0.20212295444493586,0.3069438301636444
0.2700087950747581,0.2198768689533861,0.20316622691292877,0.306948109058927
0.2751322751322751,0.21693121693121692,0.1988536155202822,0.3090828924162258
0.2796125055041832,0.22104799647732276,0.19638925583443417,0.30295024218405986
0.2830687830687831,0.2257495590828924,0.1931216931216931,0.2980599647266314
0.2845814977973568,0.22422907488986785,0.1907488986784141,0.3004405286343612
0.2786377708978328,0.22069880583812473,0.19725785050862452,0.30340557275541796
0.2777777777777778,0.2222222222222222,0.19772528433945757,0.3022747156605424
0.28350970017636684,0.2257495590828924,0.19268077601410935,0.2980599647266314
0.29223343571741994,0.2250987275120667,0.19087318999561212,0.29179464677490125
0.29523389232127095,0.21888790820829657,0.19240953221535745,0.29346866725507503
0.2920901458241273,0.2213875386654883,0.19089703932832522,0.2956252761820592
0.29084537888742884,0.22251423565484013,0.18484450284713097,0.3017958826106001
0.2971905179982441,0.22168568920105355,0.18173836698858647,0.2993854258121159
0.2947875602277705,0.22032413491020586,0.18134034165571616,0.3035479632063075
0.2913732394366197,0.21875,0.1795774647887324,0.3102992957746479
0.29173989455184535,0.2148506151142355,0.17926186291739896,0.3141476274165202
0.2926073483842408,0.21336874723328905,0.17928286852589642,0.3147410358565737
0.29775033083370095,0.20996912218791355,0.1768857520952801,0.3153947948831054
0.29292929292929293,0.2116820377689943,0.17918313570487485,0.31620553359683795
0.29726148409893993,0.2124558303886926,0.1775618374558304,0.3127208480565371
0.29442970822281167,0.21618037135278514,0.17506631299734748,0.31432360742705573
0.28884986830553117,0.21466198419666374,0.17822651448639157,0.3182616330114135
0.2859048465984882,0.21076033792796797,0.18363717207647842,0.31969764339706536
0.28390201224846895,0.2121609798775153,0.18197725284339458,0.3219597550306212
0.28558875219683655,0.21045694200351495,0.179701230228471,0.3242530755711775
0.28075571177504394,0.210896309314587,0.17618629173989456,0.3321616871704745
0.28527336860670194,0.20943562610229277,0.17239858906525574,0.33289241622574955
0.2833186231244484,0.2149161518093557,0.17255075022065314,0.3292144748455428
0.28445618670189343,0.21972699251431088,0.1690885072655218,0.32672831351827386
0.2829610162067455,0.20937363118703461,0.16995181778361804,0.33771353482260186
0.29010989010989013,0.20747252747252748,0.17274725274725275,0.32967032967032966
0.28727590730214253,0.20682116309575863,0.17227809357236554,0.33362483602973325
