C,D,Oc,Od
1.0,0.0,0.0,0.0
0.75,0.0,0.25,0.0
0.5714285714285714,0.2857142857142857,0.14285714285714285,0.0
0.46153846153846156,0.3076923076923077,0.07692307692307693,0.15384615384615385
0.4090909090909091,0.36363636363636365,0.045454545454545456,0.18181818181818182
0.41025641025641024,0.38461538461538464,0.02564102564102564,0.1794871794871795
0.36065573770491804,0.32786885245901637,0.09836065573770492,0.21311475409836064
0.3263157894736842,0.3473684210526316,0.10526315789473684,0.22105263157894736
0.30714285714285716,0.35,0.12142857142857143,0.22142857142857142
0.27319587628865977,0.36597938144329895,0.12886597938144329,0.23195876288659795
0.2727272727272727,0.3712121212121212,0.14393939393939395,0.21212121212121213
0.2605042016806723,0.38935574229691877,0.1484593837535014,0.20168067226890757
0.2264957264957265,0.38461538461538464,0.17094017094017094,0.21794871794871795
0.22961730449251247,0.3627287853577371,0.19800332778702162,0.2096505823627288
0.21409574468085107,0.34441489361702127,0.22340425531914893,0.21808510638297873
0.2,0.34615384615384615,0.22967032967032966,0.22417582417582418
0.19397363465160075,0.3342749529190207,0.24199623352165725,0.2297551789077213
0.18472906403940886,0.3251231527093596,0.2512315270935961,0.23891625615763548
0.18054532056005895,0.31171702284450997,0.2579218865143699,0.24981577008106118
0.17643097643097644,0.30168350168350166,0.2686868686868687,0.2531986531986532
0.1755050505050505,0.30113636363636365,0.2746212121212121,0.24873737373737373
0.17125748502994012,0.2964071856287425,0.27245508982035926,0.25988023952095807
0.17075956596230726,0.2906910336950314,0.2707024557395774,0.26784694460308395
0.16758241758241757,0.29285714285714287,0.2763736263736264,0.2631868131868132
0.1699415825809878,0.2809346787041954,0.2867764206054169,0.2623473181093999
0.16458333333333333,0.2828125,0.2828125,0.26979166666666665
0.16826196473551638,0.2841309823677582,0.2836272040302267,0.2639798488664987
0.16964717254712422,0.277428709521508,0.28951184146930886,0.26341227646205895
0.16157820573038986,0.28464067637388446,0.2902771254109911,0.2635039924847346
0.16029479502533395,0.28420082911100875,0.2915707047443574,0.2639336711192999
0.16218678815489748,0.282004555808656,0.29658314350797266,0.2592255125284738
0.16063348416289594,0.27737556561085974,0.2995475113122172,0.26244343891402716
0.16042780748663102,0.27807486631016043,0.30080213903743314,0.2606951871657754
0.1631762652705061,0.28097731239092494,0.2931937172774869,0.262652705061082
0.16268788682581786,0.27674624226348365,0.3006189213085765,0.259946949602122
0.16527104451300131,0.2741295724988982,0.2966064345526664,0.26399294843543414
0.1623745089480576,0.27411610650371016,0.29332169358358795,0.27018769096464423
0.16885964912280702,0.2754385964912281,0.2929824561403509,0.262719298245614
0.16857899382171226,0.28420123565754635,0.2881729920564872,0.25904677846425417
0.17398869073510223,0.2749021313614615,0.2892561983471074,0.26185297955632886
0.17541557305336833,0.27340332458442695,0.2900262467191601,0.26115485564304464
0.18273888154997797,0.27036547776309994,0.2906208718626156,0.2562747688243065
0.17639198218262805,0.28017817371937637,0.2873051224944321,0.2561247216035635
0.17289925208974924,0.28112626484821823,0.2855257369115706,0.26044874615046193
0.1838170624450308,0.2827616534740545,0.28100263852242746,0.25241864555848725
0.1841988459831336,0.26897470039946736,0.28450954283177987,0.2623169107856192
0.18846323205636284,0.2646411272567151,0.2901805372082783,0.2567151034786438
0.18868758285461776,0.26999558108705257,0.27794962439239945,0.2633672116659302
0.19486271036315322,0.26483613817537643,0.27679362267493357,0.26350752878653677
0.1901624945103206,0.2635046113306983,0.2784365393061045,0.2678963548528766
0.18882042253521128,0.26188380281690143,0.2847711267605634,0.26452464788732394
0.1837909654561559,0.26483613817537643,0.283436669619132,0.2679362267493357
0.18241469816272965,0.2650918635170604,0.28565179352580927,0.2668416447944007
0.18568920105355574,0.26514486391571557,0.28094820017559263,0.26821773485513606
0.18736287845546293,0.2720491443615621,0.27512066695919263,0.26546731022378234
0.18528252299605782,0.26325010950503724,0.28602715724923344,0.26544021024967146
0.18980667838312829,0.2623022847100176,0.28031634446397186,0.26757469244288223
0.1890700749228735,0.2613486117232261,0.28074041427941826,0.26884089907448216
0.18755516328331862,0.2586054721977052,0.2744924977934687,0.2793468667255075
0.18165706690296854,0.256978289765175,0.2760301284891449,0.28533451484271155
0.17974572555896537,0.26085050416483996,0.2761946514686541,0.28320911880754057
0.18310482087571872,0.25519681556833257,0.2711189739053516,0.2905793896505971
0.18594500218245308,0.25185508511567,0.27149716281099956,0.29070274989087735
0.19047619047619047,0.25044091710758376,0.2716049382716049,0.2874779541446208
0.1882716049382716,0.2535273368606702,0.27336860670194,0.2848324514991182
0.19014391626689925,0.2590492804186655,0.27126035761011774,0.27954644570431747
0.19237510955302367,0.26205083260297984,0.26950043821209463,0.27607361963190186
0.19147045757441136,0.26565970679697914,0.2705464238116393,0.27232341181697023
0.19475322365495776,0.26011560693641617,0.2694530902623388,0.2756780791462872
0.1934640522875817,0.257516339869281,0.26405228758169935,0.2849673202614379
0.1996481970096746,0.2515391380826737,0.2673702726473175,0.28144239226033424
0.19515418502202644,0.2488986784140969,0.2687224669603524,0.2872246696035242
0.19347730277655356,0.249008373732922,0.27016306743058616,0.2873512560599383
0.19051799824407376,0.2510974539069359,0.2664618086040386,0.2919227392449517
0.19218955682316805,0.2479157525230364,0.27336551118911806,0.2865291794646775
0.19831036016007114,0.246776345042241,0.2650066696309471,0.28990662516674076
0.20167327168648172,0.24526640246587406,0.261558784676354,0.2915015411712902
0.2014892685063513,0.240473061760841,0.2636881296539641,0.2943495400788436
0.2038244241634072,0.2390265102129509,0.26597131681877445,0.29117774880486746
0.2054794520547945,0.23950508174988952,0.2633672116659302,0.29164825452938575
0.2052304964539007,0.23359929078014185,0.2646276595744681,0.29654255319148937
0.2015880017644464,0.23511248345831495,0.26775474194971327,0.29554477282752534
0.20423467137185708,0.23555359505955006,0.26290251433612705,0.29730921923246584
0.19956043956043956,0.24043956043956044,0.2602197802197802,0.2997802197802198
0.1986813186813187,0.2408791208791209,0.2663736263736264,0.29406593406593406
0.2017467248908297,0.23799126637554585,0.26506550218340613,0.29519650655021834
0.2011393514460999,0.2427695004382121,0.26555652936021035,0.29053461875547765
0.19524019391802555,0.2384310268840899,0.26884089907448216,0.2974878801234024
0.1934065934065934,0.2443956043956044,0.2632967032967033,0.2989010989010989
0.19630281690140844,0.2460387323943662,0.2592429577464789,0.2984154929577465
0.19020044543429845,0.2489977728285078,0.2592427616926503,0.30155902004454344
0.19458018658374057,0.2514438027543314,0.258996001776988,0.29498000888494
0.196113074204947,0.24823321554770317,0.25530035335689044,0.3003533568904594
0.19790301441677588,0.2455220620358235,0.25338575797291396,0.30318916557448666
0.19823788546255505,0.24537444933920705,0.2511013215859031,0.3052863436123348
0.1931216931216931,0.24691358024691357,0.25440917107583777,0.3055555555555556
0.19393139841688653,0.2519788918205805,0.2497801231310466,0.3043095866314864
0.19383259911894274,0.2515418502202643,0.25242290748898677,0.3022026431718062
0.19271290605794555,0.2550482879719052,0.25021949078138717,0.30201931518876207
0.19807608220376038,0.2509838216003498,0.2544818539571491,0.29645824223874073
0.20326278659611993,0.24250440917107582,0.25485008818342153,0.2993827160493827
0.19991270187690965,0.24618070711479703,0.25403753819292885,0.29986905281536447
0.20590828924162258,0.24118165784832452,0.2552910052910053,0.2976190476190476
0.2057017543859649,0.24385964912280703,0.2517543859649123,0.2986842105263158
0.20272049144361562,0.23913997367266346,0.25756910925844667,0.30057042562527425
0.20326999558108705,0.241714538223597,0.25231992929739283,0.3026955368979231
0.20254274441034634,0.2507672073651907,0.2503288031565103,0.29636124506795264
0.1996512641673932,0.25108979947689625,0.24803836094158674,0.3012205754141238
0.19858781994704325,0.25375110326566636,0.24845542806707854,0.2992056487202118
0.19389978213507625,0.2549019607843137,0.2522875816993464,0.2989106753812636
0.19787516600265603,0.2501106684373617,0.24833997343957503,0.30367419212040725
0.19947159841479525,0.25495376486129456,0.24394539850286218,0.301629238221048
0.1992960844698636,0.25384953805543337,0.24153101627804663,0.30532336119665643
0.1994704324801412,0.2511032656663725,0.2440423654015887,0.3053839364518976
0.19726390114739628,0.2563989408649603,0.2383053839364519,0.30803177405119153
0.19320688134097927,0.2580502867225408,0.24172915747684165,0.3070136744596383
0.1976284584980237,0.25867369345630215,0.23978919631093545,0.3039086517347387
0.19902697921273774,0.25342768686421935,0.24458204334365324,0.30296329057938964
0.20141031291317762,0.25914499779638606,0.23975319524019392,0.2996914940502424
0.19717688575209527,0.25540361711513015,0.24172915747684165,0.30569033965593295
0.19805481874447392,0.2541998231653404,0.23651635720601238,0.3112290008841733
0.19947275922671354,0.2587873462214411,0.23681898066783832,0.30492091388400705
0.19642857142857142,0.2642857142857143,0.2294642857142857,0.3098214285714286
0.20140721196130168,0.26517150395778366,0.22163588390501318,0.3117854001759015
0.20052424639580602,0.26780253385757974,0.22455220620358235,0.3071210135430319
0.20307692307692307,0.2632967032967033,0.23032967032967033,0.3032967032967033
0.20315928038613426,0.25713032031592803,0.23255813953488372,0.307152259763054
0.208479020979021,0.2548076923076923,0.23295454545454544,0.30375874125874125
0.20505006530256856,0.25555071832825427,0.2329124945581193,0.3064867218110579
0.20778072502210435,0.25552608311229,0.2382847038019452,0.2984084880636605
0.20767195767195767,0.2552910052910053,0.2345679012345679,0.30246913580246915
0.20503756076005303,0.2509942554131684,0.23817940786566505,0.3057887759611136
0.2057017543859649,0.25570175438596493,0.24298245614035088,0.2956140350877193
0.20921052631578949,0.2578947368421053,0.2394736842105263,0.29342105263157897
0.20619469026548673,0.2610619469026549,0.23805309734513275,0.29469026548672567
0.20299427564949363,0.2575957727873184,0.242184059885513,0.29722589167767505
0.2037037037037037,0.2588183421516755,0.24911816578483245,0.28835978835978837
0.193505923650724,0.2580078982009653,0.24747696358051777,0.3010092145677929
0.19406890536415178,0.25730484081988664,0.2477104230266027,0.3009158307893589
0.19454225352112675,0.26100352112676056,0.2517605633802817,0.292693661971831
0.19012237762237763,0.26005244755244755,0.2521853146853147,0.29763986013986016
0.1899122807017544,0.26096491228070173,0.25043859649122807,0.2986842105263158
0.19264448336252188,0.2552539404553415,0.2486865148861646,0.30341506129597196
0.19281914893617022,0.25975177304964536,0.2522163120567376,0.29521276595744683
0.19070796460176992,0.26194690265486725,0.25486725663716814,0.2924778761061947
0.19736842105263158,0.2614035087719298,0.256140350877193,0.2850877192982456
0.2019400352733686,0.2654320987654321,0.2526455026455027,0.27998236331569665
0.20449537241075363,0.2604671661524901,0.25165271044513,0.28338475099162624
0.19973427812223207,0.25863596102745795,0.2688219663418955,0.2728077945084145
0.19718309859154928,0.2557218309859155,0.27596830985915494,0.2711267605633803
0.1917326297273527,0.25857519788918204,0.2757255936675462,0.27396657871591906
0.19337748344370861,0.2618101545253863,0.2750551876379691,0.269757174392936
0.19444444444444445,0.25970017636684306,0.2804232804232804,0.2654320987654321
0.19772029811486191,0.25865848312143797,0.27882507672073653,0.2647961420429636
0.19832155477031801,0.25618374558303886,0.28224381625441697,0.26325088339222613
0.19045514803358374,0.25673884224480775,0.2828104286345559,0.26999558108705257
0.19588080631025417,0.24978089395267308,0.28001752848378614,0.2743207712532866
0.19218955682316805,0.25537516454585346,0.28696796840719613,0.26546731022378234
0.19735099337748344,0.25165562913907286,0.28211920529801326,0.26887417218543047
0.19675010979358806,0.2560386473429952,0.277119016249451,0.27009222661396576
0.19434782608695653,0.25130434782608696,0.2882608695652174,0.26608695652173914
0.1929902395740905,0.2542147293700089,0.2834960070984916,0.26929902395740907
0.1947136563876652,0.25418502202643173,0.28502202643171803,0.26607929515418505
0.1955849889624724,0.2507726269315673,0.2847682119205298,0.26887417218543047
0.20035072336694432,0.2503288031565103,0.2871547566856642,0.2621657167908812
0.20157411456055968,0.2540445999125492,0.28115435067774375,0.26322693484914733
0.20326278659611993,0.25308641975308643,0.2821869488536155,0.26146384479717816
0.1993838028169014,0.2579225352112676,0.2834507042253521,0.2592429577464789
0.2002652519893899,0.25906277630415564,0.28249336870026526,0.2581786030061892
0.19504643962848298,0.26271561256081377,0.286156567890314,0.2560813799203892
0.197245668591737,0.2665482007996446,0.2838738338516215,0.25233229675699687
0.19095697980684812,0.2677787532923617,0.2848990342405619,0.25636523266022826
0.1927288655278143,0.27376259307928164,0.2855891371003066,0.24791940429259746
0.19113814074717636,0.27541268462206775,0.288879235447437,0.24456993918331885
0.19446883230904302,0.27611940298507465,0.2800702370500439,0.24934152765583845
0.19982394366197184,0.2733274647887324,0.2794894366197183,0.24735915492957747
0.20201136860515959,0.2745955400087451,0.2754700480979449,0.2479230432881504
0.20613060861839183,0.2692136828076411,0.27765437583296315,0.247001332741004
0.20297462817147857,0.27209098862642167,0.2799650043744532,0.24496937882764655
0.20447564721369021,0.26985519964896887,0.2808249232119351,0.2448442299254059
0.2007057785619762,0.2681958535509484,0.2792236435818262,0.2518747243052492
0.20271453590192645,0.2657618213660245,0.28677758318739055,0.2447460595446585
0.20501539815222172,0.26616805983282005,0.28948526176858774,0.23933128024637043
0.20458553791887124,0.25793650793650796,0.29012345679012347,0.24735449735449735
0.1978845306302336,0.25870427501101806,0.2988100484795064,0.24460114587924195
0.20525378450578807,0.25512021371326804,0.29385574354407834,0.24577025823686555
0.20140721196130168,0.2563764291996482,0.29771328056288476,0.24450307827616535
0.20860781730346947,0.2547211242863417,0.29292929292929293,0.2437417654808959
0.2062171628721541,0.2570052539404553,0.29028021015761823,0.24649737302977234
0.20679012345679013,0.25044091710758376,0.2932098765432099,0.2495590828924162
0.20415377817057004,0.24613345117101193,0.2965090587715422,0.25320371188687585
0.2040280210157618,0.2504378283712785,0.28984238178633975,0.25569176882662
0.210989010989011,0.24703296703296704,0.2918681318681319,0.2501098901098901
0.20501539815222172,0.2454905411350638,0.29608446986361636,0.2534095908490981
0.20599911777679752,0.24128804587560654,0.2933392148213498,0.25937362152624616
0.2041173893999124,0.24660534384581692,0.2912833990363557,0.25799386771791505
0.20509442248572685,0.24418093983311376,0.2920509442248573,0.25867369345630215
0.2066079295154185,0.24140969162995596,0.2907488986784141,0.26123348017621145
0.20580474934036938,0.24714160070360597,0.2880386983289358,0.2590149516270888
0.2043859649122807,0.2412280701754386,0.2881578947368421,0.2662280701754386
0.2062720848056537,0.23895759717314488,0.28224381625441697,0.27252650176678445
0.20419763882815917,0.23174464363795366,0.28465238303454304,0.2794053344993441
0.1992153443766347,0.23190932868352224,0.2898866608544028,0.27898866608544026
0.20657894736842106,0.23421052631578948,0.2868421052631579,0.2723684210526316
0.20422535211267606,0.23151408450704225,0.2909330985915493,0.2733274647887324
0.20549158547387067,0.23117803365810452,0.2891939769707706,0.2741364038972542
0.20653133274492497,0.22506619593998234,0.2881729920564872,0.2802294792586055
0.20662251655629138,0.2260485651214128,0.29094922737306844,0.2763796909492274
0.20877659574468085,0.21808510638297873,0.2907801418439716,0.2823581560283688
0.21638195356986423,0.21681997371879105,0.2912833990363557,0.27551467367498905
0.2144748455428067,0.2202118270079435,0.2890556045895852,0.2762577228596646
0.21050328227571116,0.22275711159737419,0.29059080962800876,0.2761487964989059
0.21013543031891654,0.22018348623853212,0.29750982961992134,0.27217125382262997
0.21387790953008345,0.21256038647342995,0.29907773386034253,0.27448397013614406
0.2149737302977233,0.21760070052539404,0.29597197898423816,0.2714535901926445
0.2204724409448819,0.2169728783902012,0.29396325459317585,0.268591426071741
0.22055580061755625,0.21438023820026467,0.29775033083370095,0.26731363034847816
0.218804920913884,0.21309314586994726,0.29042179261862916,0.27768014059753954
0.21897163120567376,0.20966312056737588,0.29388297872340424,0.2774822695035461
0.22329246935201402,0.20796847635726795,0.29028021015761823,0.27845884413309985
0.2185576077396658,0.21240105540897097,0.29199648197009676,0.2770448548812665
0.21881935197514424,0.21748779405237462,0.2898357745228584,0.27385707944962273
0.21815777875716175,0.20978404583516969,0.2860290877038343,0.2860290877038343
0.21873619089703933,0.21210782147591692,0.2845779938135219,0.2845779938135219
0.21788689171416045,0.210872424375274,0.28496273564226215,0.2862779482683034
0.2153300841825432,0.21355782011519717,0.28444838280903856,0.28666371289322107
0.21197339246119734,0.21241685144124167,0.29002217294900223,0.28558758314855875
0.2212934447866256,0.20809502859656842,0.28244610646722396,0.2881654201495821
0.22183098591549297,0.20818661971830985,0.28741197183098594,0.28257042253521125
0.22246793454223796,0.2043343653250774,0.28527200353825743,0.28792569659442724
0.22343681679055533,0.20507214691735898,0.2885876694359423,0.2829033668561434
0.22987994664295242,0.19875500222321033,0.2912405513561583,0.28012449977767895
0.22703412073490814,0.199912510936133,0.28390201224846895,0.2891513560804899
0.2289740202553941,0.20167327168648172,0.2796125055041832,0.289740202553941
0.23036187113857018,0.20520741394527803,0.2722859664607237,0.2921447484554281
0.23488168273444346,0.20157756354075373,0.27300613496932513,0.29053461875547765
0.2317822651448639,0.1971027216856892,0.2774363476733977,0.29367866549604915
0.23482849604221637,0.19349164467897978,0.27880386983289357,0.2928759894459103
0.23151408450704225,0.19586267605633803,0.26936619718309857,0.3032570422535211
0.2346002621231979,0.19309742245522063,0.2691131498470948,0.30318916557448666
0.2294143549097314,0.19638925583443417,0.27432848965213563,0.2998678996036988
0.23124722592099423,0.19307589880159787,0.2729693741677763,0.3027075011096316
0.22876106194690266,0.18761061946902655,0.27831858407079646,0.3053097345132743
0.22719220549158547,0.19353410097431356,0.27945084145261295,0.29982285208148807
0.23008057296329454,0.19113697403760072,0.279319606087735,0.29946284691136976
0.23154215814766274,0.19309742245522063,0.27566622979467015,0.2996941896024465
0.22910216718266255,0.19416187527642637,0.27377266696152147,0.30296329057938964
0.23137598597721298,0.19456617002629273,0.27169149868536374,0.3023663453111306
0.23409893992932862,0.19125441696113074,0.2703180212014134,0.3043286219081272
0.22887323943661972,0.18705985915492956,0.27508802816901406,0.3089788732394366
0.23314484558503698,0.1857329273597216,0.2696824706394084,0.311439756415833
0.23012367491166077,0.19213780918727916,0.2681095406360424,0.30962897526501765
0.22705314009661837,0.1919191919191919,0.2736056214317084,0.30742204655248134
0.2267543859649123,0.1969298245614035,0.2710526315789474,0.30526315789473685
0.22912111937035418,0.20376038478355923,0.26628771316134675,0.30083078268473984
0.23049956178790534,0.20245398773006135,0.26468010517090274,0.3023663453111306
0.22755281690140844,0.2055457746478873,0.2689260563380282,0.29797535211267606
0.23073555166374782,0.20359019264448336,0.2640105078809107,0.30166374781085814
0.22878720568636163,0.19991115059973344,0.2665482007996446,0.3047534429142603
0.22721268163804492,0.202113606340819,0.27212681638044917,0.2985468956406869
0.23137598597721298,0.19982471516213848,0.26993865030674846,0.2988606485539001
0.22971781305114639,0.20238095238095238,0.2707231040564374,0.29717813051146386
0.22735268249780125,0.20316622691292877,0.2669305189094107,0.30255057167985927
0.22783143107989465,0.19885864793678665,0.26909569798068483,0.3042142230026339
0.22033158813263526,0.20331588132635253,0.27486910994764396,0.30148342059336825
0.22599118942731278,0.20572687224669603,0.2691629955947137,0.29911894273127754
0.2206468763845813,0.20381036774479397,0.2702702702702703,0.30527248560035447
0.223841059602649,0.20838852097130242,0.26666666666666666,0.3011037527593819
0.22481302243730752,0.20413550373955125,0.2701275846898372,0.300923889133304
0.22134387351778656,0.20333772507685552,0.26745718050065875,0.30786122090469914
0.22424511545293072,0.2002664298401421,0.2730905861456483,0.30239786856127887
0.225692916849978,0.1970963484381874,0.2736471623405191,0.3035635723713154
0.22013949433304272,0.1970357454228422,0.28029642545771577,0.3025283347863993
0.2198768689533861,0.20052770448548812,0.2757255936675462,0.3038698328935796
0.22270742358078602,0.19912663755458515,0.2777292576419214,0.30043668122270745
0.21961997348652232,0.1992929739284136,0.27971718957136543,0.3013698630136986
0.22041355037395513,0.19313682358117026,0.2837659480862297,0.302683677958645
0.22041355037395513,0.18785745710514737,0.2864056313242411,0.30532336119665643
0.21422300263388938,0.18568920105355574,0.28226514486391574,0.31782265144863914
0.21277533039647578,0.18986784140969162,0.27973568281938327,0.31762114537444935
0.20964175143741706,0.19416187527642637,0.28040689960194604,0.3157894736842105
0.21284965034965034,0.19886363636363635,0.27972027972027974,0.30856643356643354
0.21544537077665643,0.19921017990346643,0.27643703378674855,0.30890741553312856
0.21545979564637938,0.19946690359840072,0.27498889382496666,0.31008440693025324
0.21966341895482727,0.19973427812223207,0.27236492471213464,0.30823737821080605
0.22138084632516702,0.19599109131403117,0.27216035634743874,0.31046770601336304
0.2220287331301698,0.19068350021767522,0.27209403569873747,0.3151937309534175
0.22320247022496692,0.19276576973974416,0.26687251874724305,0.3171592412880459
0.2261061946902655,0.19557522123893806,0.26548672566371684,0.31283185840707967
0.22922134733158356,0.19335083114610674,0.2585301837270341,0.3188976377952756
0.2213368747233289,0.19654714475431606,0.2625055334218681,0.3196104471004869
0.22067160924552987,0.19930222416048846,0.2612298299171391,0.31879633667684254
0.22896368467670505,0.20504871567759078,0.26173604960141716,0.304251550044287
0.2280243690165361,0.20757180156657964,0.2589208006962576,0.30548302872062666
0.2283464566929134,0.2073490813648294,0.2615923009623797,0.3027121609798775
0.23552806009721608,0.20326999558108705,0.26557666813963765,0.2956252761820592
0.24313551815766166,0.19441984056687334,0.26660761736049604,0.295837023914969
0.2388451443569554,0.1942257217847769,0.2664041994750656,0.3005249343832021
0.23628318584070795,0.19646017699115045,0.26415929203539823,0.3030973451327434
0.23549934583515045,0.19537723506323593,0.26166593981683384,0.3074574792847798
0.23555359505955006,0.20202911336568152,0.2571680635200706,0.30524922805469784
0.23681898066783832,0.20298769771529,0.2570298769771529,0.3031634446397188
0.23330404217926187,0.19595782073813708,0.2662565905096661,0.30448154657293497
0.236347750109218,0.19746614242027086,0.26124945391000437,0.30493665356050675
0.23479804704837995,0.19973368841544606,0.26764314247669774,0.29782512205947625
0.2360248447204969,0.20097604259094942,0.27284826974267967,0.290150842945874
0.23389232127096204,0.20255957634598412,0.2766990291262136,0.2868490732568402
0.23845470692717585,0.19538188277087035,0.27486678507992895,0.2912966252220249
0.23511248345831495,0.2046757829730922,0.2686369651521835,0.29157476841640934
0.23555359505955006,0.2086457873842082,0.26775474194971327,0.28804587560652845
0.2375,0.20580357142857142,0.265625,0.2910714285714286
0.23592017738359203,0.20532150776053215,0.2665188470066519,0.29223946784922394
0.23542402826855124,0.2062720848056537,0.26325088339222613,0.2950530035335689
0.24076546506453048,0.205607476635514,0.253671562082777,0.2999554962171785
0.2409211691762622,0.20637732506643047,0.24977856510186006,0.3029229406554473
0.24472759226713534,0.2056239015817223,0.24560632688927944,0.30404217926186294
0.24636403702071397,0.20846187747906567,0.24636403702071397,0.2988100484795064
0.24529128339903636,0.21068769163381515,0.2448532632501095,0.29916776171703896
0.24438573315719947,0.21136063408190225,0.2426243945398503,0.301629238221048
0.24701723376049492,0.21564295183384888,0.24613345117101193,0.29120636323464427
0.24812362030905077,0.2185430463576159,0.24900662251655628,0.284326710816777
0.24370860927152319,0.2251655629139073,0.2467991169977925,0.284326710816777
0.24293286219081273,0.2310070671378092,0.24469964664310953,0.28136042402826855
0.2444933920704846,0.23392070484581498,0.24052863436123348,0.28105726872246695
0.24664879356568364,0.23279714030384271,0.23771224307417338,0.2828418230563003
0.2511993022241605,0.23288268643698212,0.23898822503270825,0.2769297863061492
0.24888888888888888,0.2328888888888889,0.2391111111111111,0.2791111111111111
0.2522007042253521,0.23767605633802816,0.24031690140845072,0.269806338028169
0.2523364485981308,0.23275478415665332,0.24566088117489987,0.26924788607031597
0.2588389349628983,0.23264949803579224,0.2413793103448276,0.2671322566564819
0.25542275343072157,0.23107569721115537,0.2412571934484285,0.27224435590969454
0.2560069899519441,0.23197903014416776,0.24071647007426825,0.2712975098296199
0.2540659340659341,0.23604395604395603,0.23736263736263735,0.2725274725274725
0.256816182937555,0.23087071240105542,0.2343887423043096,0.27792436235708
0.2626306620209059,0.23301393728222997,0.22909407665505227,0.27526132404181186
0.2623239436619718,0.22931338028169015,0.22755281690140844,0.28080985915492956
0.2580504786771105,0.23411662315056572,0.2297650130548303,0.2780678851174935
0.2603841000446628,0.23224653863331846,0.22554711924966503,0.28182224207235373
0.25630810092961487,0.2350597609561753,0.22841965471447542,0.28021248339973437
0.25573192239858905,0.23941798941798942,0.22486772486772486,0.27998236331569665
0.25866666666666666,0.23822222222222222,0.22711111111111112,0.276
0.25921052631578945,0.24298245614035088,0.218859649122807,0.2789473684210526
0.2537248028045574,0.24189307624890447,0.22480280455740578,0.27957931638913236
0.2522202486678508,0.24422735346358793,0.22602131438721138,0.2775310834813499
0.25551632833186233,0.2440423654015887,0.23168578993821712,0.2687555163283319
0.25711782742006134,0.24791940429259746,0.22777047744196233,0.2671922908453789
0.25154457193292146,0.2502206531332745,0.22992056487202117,0.26831421006178285
0.2464476021314387,0.2571047957371226,0.22735346358792186,0.2690941385435169
0.24801762114537446,0.2581497797356828,0.22422907488986785,0.2696035242290749
0.25471284524331433,0.25558965366067515,0.22314774221832528,0.26654975887768523
0.2520971302428256,0.2653421633554084,0.22251655629139072,0.2600441501103753
0.25283842794759825,0.26157205240174675,0.22314410480349345,0.26244541484716155
0.2519929140832595,0.2630646589902569,0.22187776793622674,0.2630646589902569
0.24944812362030905,0.26799116997792494,0.22119205298013245,0.26136865342163357
0.2587873462214411,0.2640597539543058,0.21968365553602812,0.25746924428822493
0.2539404553415061,0.2640105078809107,0.2224168126094571,0.2596322241681261
0.2574430823117338,0.266199649737303,0.21891418563922943,0.2574430823117338
0.2566021126760563,0.27024647887323944,0.21830985915492956,0.2548415492957746
0.25418502202643173,0.2713656387665198,0.21674008810572687,0.2577092511013216
0.24845814977973568,0.2748898678414097,0.2185022026431718,0.2581497797356828
0.249667994687915,0.27091633466135456,0.2213368747233289,0.2580787959274015
0.24956140350877193,0.268859649122807,0.21973684210526315,0.2618421052631579
0.2507685551163812,0.27053140096618356,0.2147562582345191,0.2639437856829161
0.2565789473684211,0.26710526315789473,0.2057017543859649,0.2706140350877193
0.2549450549450549,0.2641758241758242,0.20527472527472526,0.2756043956043956
0.25365853658536586,0.26031042128603105,0.21241685144124167,0.2736141906873614
0.24813678211310827,0.2639193336256028,0.21481806225339764,0.27312582200789126
0.24394539850286218,0.2637604579480405,0.2192866578599736,0.27300748568912375
0.24267599475295146,0.26191517271534764,0.21818976825535635,0.2772190642763446
0.24978127734033245,0.2545931758530184,0.21347331583552057,0.2821522309711286
0.24900486510393632,0.2565236620964175,0.21362229102167182,0.28084918177797435
0.2474636082928981,0.2615791795324217,0.20644022937803264,0.28451698279664756
0.24714160070360597,0.2642919964819701,0.20580474934036938,0.2827616534740545
0.2420774647887324,0.2689260563380282,0.207306338028169,0.28169014084507044
0.24174372523117568,0.2756494936151475,0.20299427564949363,0.2796125055041832
0.24735915492957747,0.2689260563380282,0.198943661971831,0.2847711267605634
0.2516354121238552,0.26166593981683384,0.19624945486262538,0.29044919319668555
0.2497793468667255,0.2581641659311562,0.19858781994704325,0.29346866725507503
0.25308641975308643,0.25573192239858905,0.1931216931216931,0.2980599647266314
0.2509838216003498,0.25360734586794925,0.195015303891561,0.3003935286401399
0.25021834061135373,0.25589519650655024,0.19388646288209607,0.3
0.249889819303658,0.25870427501101806,0.19215513442044954,0.29925077126487437
0.25119721375707443,0.25729212015672615,0.1937309534175011,0.2977797126686983
0.25295404814004374,0.2551422319474836,0.1925601750547046,0.29934354485776804
0.24778368794326242,0.25443262411347517,0.19326241134751773,0.3045212765957447
0.2581211589113257,0.24934152765583845,0.18964003511852504,0.3028972783143108
0.2608315098468271,0.25076586433260395,0.187746170678337,0.30065645514223194
0.26176858776946765,0.24197096348438188,0.1957765068191817,0.30048394192696876
0.26487439400617013,0.24371970030850595,0.19391802556192156,0.2974878801234024
0.26807760141093473,0.24250440917107582,0.195326278659612,0.2940917107583774
0.27445772465692786,0.24435590969455512,0.18813634351482958,0.29305002213368747
0.2732481269281622,0.24460114587924195,0.1864257382106655,0.2957249889819304
0.2676678445229682,0.2504416961130742,0.18992932862190812,0.2919611307420495
0.27156125608137993,0.24723573639982308,0.18796992481203006,0.2932330827067669
0.27807017543859647,0.2381578947368421,0.19342105263157894,0.29035087719298247
0.28528006947459833,0.23100303951367782,0.19756838905775076,0.28614850195397307
0.2893692104102338,0.23026025584472873,0.19320688134097927,0.2871636524040582
0.2914260328742781,0.2310084406930253,0.1905819635717459,0.28698356286095067
0.29179464677490125,0.2268538832821413,0.18867924528301888,0.2926722246599386
0.2887323943661972,0.22887323943661972,0.19058098591549297,0.2918133802816901
0.2879858657243816,0.22570671378091872,0.1894876325088339,0.2968197879858657
0.28439964943032425,0.22261174408413673,0.18843120070113936,0.30455740578439966
0.28162185985015425,0.22124283825473778,0.18995152049360953,0.30718378140149843
0.28431372549019607,0.21657754010695188,0.18672014260249553,0.3123885918003565
0.28118113706478626,0.21551344204495373,0.19171441163508154,0.3115910092551785
0.2804395604395604,0.21274725274725276,0.19604395604395605,0.31076923076923074
0.27645788336933047,0.2099352051835853,0.19956803455723543,0.31403887688984883
0.28111209179170343,0.21094439541041482,0.1977052074139453,0.31023830538393643
0.28153644696639024,0.21038847664775207,0.19292885202968135,0.31514622435617634
0.27660510114335973,0.2154793315743184,0.1917326297273527,0.31618293755496923
0.2760141093474427,0.21252204585537918,0.19400352733686066,0.31746031746031744
0.269897732325478,0.2120942641173855,0.19919964428634948,0.318808359270787
0.26780253385757974,0.21494102228047182,0.1961555264307558,0.3211009174311927
0.2685308477585442,0.20683533067021748,0.20328450954283178,0.32134931202840655
0.26403508771929823,0.2131578947368421,0.20350877192982456,0.3192982456140351
0.2644230769230769,0.21022727272727273,0.19755244755244755,0.3277972027972028
0.2622085349758029,0.21821381434227893,0.1979762428508579,0.3216014078310603
0.2621057307863172,0.2190137716570413,0.19768991559306975,0.32119058196357175
0.26439326837909655,0.2240921169176262,0.20372010628875112,0.3077945084145261
0.26669615214506853,0.21716054842989826,0.20168067226890757,0.3144626271561256
0.2652439024390244,0.21994773519163763,0.1955574912891986,0.3192508710801394
0.26710526315789473,0.2162280701754386,0.19605263157894737,0.3206140350877193
0.2660228270412643,0.21553994732221246,0.19666374012291485,0.3217734855136084
0.2701863354037267,0.2129547471162378,0.20097604259094942,0.31588287488908606
0.26255506607929513,0.2145374449339207,0.2066079295154185,0.3162995594713656
0.2658450704225352,0.21390845070422534,0.20818661971830985,0.31205985915492956
0.27099911582670205,0.20999115826702033,0.20601237842617154,0.3129973474801061
0.25917832167832167,0.2111013986013986,0.2089160839160839,0.3208041958041958
0.25935596170583114,0.21409921671018275,0.21105308964316796,0.3154917319408181
0.27151730257320317,0.20141969831410825,0.20940550133096716,0.31765749778172137
0.26938413823659724,0.20691182986264953,0.20691182986264953,0.31679220203810365
0.2620202911336568,0.20952801058667844,0.20291133656815175,0.325540361711513
0.2604303908651735,0.21124286341677645,0.20377689942907334,0.3245498462889767
0.2640845070422535,0.21434859154929578,0.19850352112676056,0.3230633802816901
0.25551632833186233,0.21800529567519858,0.205648720211827,0.3208296557811121
0.26255506607929513,0.21541850220264316,0.19955947136563876,0.3224669603524229
0.2609658839167036,0.21355782011519717,0.20558263181214,0.3198936641559592
0.26616805983282005,0.20721513418389792,0.2023757149142103,0.32424109106907173
0.26225919439579687,0.2084063047285464,0.2044658493870403,0.3248686514886165
0.262532981530343,0.21416007036059806,0.20008795074758134,0.3232189973614776
0.2605820105820106,0.21472663139329806,0.19973544973544974,0.32495590828924165
0.25365853658536586,0.21906873614190686,0.19911308203991132,0.328159645232816
0.2627416520210896,0.2148506151142355,0.19727592267135324,0.3251318101933216
0.26067811536767943,0.20827829150154117,0.20123293703214443,0.32981065609863497
0.2583479789103691,0.21221441124780316,0.20254833040421794,0.3268892794376098
0.26237406920718354,0.2058694699956198,0.2014892685063513,0.3302671922908454
0.2587873462214411,0.21045694200351495,0.1999121265377856,0.3308435852372584
0.2610406646261478,0.2120682116309576,0.20332313073895933,0.3235679930039353
0.26767452200978215,0.20631391729657625,0.20631391729657625,0.31969764339706536
0.26276076342654237,0.20772303595206393,0.20594762538837105,0.3235685752330226
0.2721297107800175,0.20201577563540754,0.2037686240140228,0.3220858895705521
0.26730937773882557,0.20157756354075373,0.20639789658194566,0.324715162138475
0.2736471623405191,0.19753629564452266,0.20413550373955125,0.32468103827540695
0.2720879120879121,0.20263736263736265,0.20747252747252748,0.3178021978021978
0.2752659574468085,0.20079787234042554,0.1972517730496454,0.3266843971631206
0.2796312554872695,0.19490781387181738,0.1957857769973661,0.329675153643547
0.27224435590969454,0.1961044710048694,0.19167773351040282,0.3399734395750332
0.27059344552701503,0.20239149689991143,0.19441984056687334,0.33259521700620015
0.2715994683207798,0.20248116969428445,0.1896322552060257,0.33628710677891005
0.26544021024967146,0.2076215505913272,0.19491896627244854,0.3320192728865528
0.27224901359053044,0.20780359491451117,0.19333625602805787,0.32661113546690046
0.2682602921646746,0.20628596724214254,0.19034971226206285,0.33510402833111996
0.2745702952842662,0.20449537241075363,0.1890700749228735,0.3318642573821067
0.27534307215582116,0.20805666223992916,0.18503762726870296,0.3315626383355467
0.27284595300261094,0.20757180156657964,0.18450826805918188,0.33507397737162753
0.2741228070175439,0.21228070175438596,0.18728070175438596,0.3263157894736842
0.28182616330114135,0.2080772607550483,0.18964003511852504,0.32045654082528535
0.2800177226406735,0.20779796189632255,0.19893664155959237,0.3132476739034116
0.2830687830687831,0.20502645502645503,0.19620811287477954,0.31569664902998235
0.2813186813186813,0.2043956043956044,0.19956043956043956,0.31472527472527473
0.28028293545534927,0.20689655172413793,0.20468611847922194,0.3081343943412909
0.2710896309314587,0.20913884007029876,0.20342706502636204,0.3163444639718805
0.27320954907161804,0.20601237842617154,0.20380194518125552,0.3169761273209549
0.2657558395769061,0.20802115469369767,0.20581754076685765,0.3204054649625386
0.2672566371681416,0.2013274336283186,0.21858407079646017,0.31283185840707967
0.26531511679153813,0.20449537241075363,0.2150727192595857,0.3151167915381225
0.2667844522968198,0.2045053003533569,0.21333922261484098,0.31537102473498235
0.26831421006178285,0.205648720211827,0.21359223300970873,0.3124448367166814
0.26851851851851855,0.20987654320987653,0.21208112874779542,0.30952380952380953
0.2661965623622741,0.21375055090348172,0.21022476862053768,0.3098281181137065
0.26628771316134675,0.20725841714035856,0.22125054656755574,0.30520332313073895
0.2683887915936953,0.2075306479859895,0.22635726795096323,0.29772329246935203
0.2681095406360424,0.21024734982332155,0.22173144876325088,0.2999116607773852
0.2734891927657697,0.20820467578297308,0.21879135421261578,0.2995147772386414
0.26973684210526316,0.20657894736842106,0.22017543859649122,0.30350877192982456
0.27336244541484717,0.2165938864628821,0.2165938864628821,0.2934497816593886
0.2765017667844523,0.20892226148409895,0.21598939929328623,0.29858657243816256
0.27493380406001766,0.20741394527802295,0.2175639894086496,0.3000882612533098
0.2770448548812665,0.2106420404573439,0.21284080914687775,0.2994722955145119
0.2753623188405797,0.21080368906455862,0.21387790953008345,0.29995608256477824
0.27587738782763216,0.209240337627721,0.21412705464238116,0.30075521990226567
0.2717198581560284,0.2127659574468085,0.21453900709219859,0.30097517730496454
0.26663747810858146,0.212784588441331,0.22373029772329248,0.2968476357267951
0.27113447218572057,0.2146298729741568,0.22251423565484013,0.29172141918528255
0.26561125769569044,0.21372031662269128,0.22383465259454705,0.29683377308707126
0.2622733303847855,0.21229544449358692,0.21892967713401149,0.3065015479876161
0.26173604960141716,0.2174490699734278,0.21567759078830823,0.3051372896368468
0.2615317667536989,0.2206266318537859,0.22019147084421237,0.29765013054830286
0.26451041205139564,0.2157731501993797,0.22419140451927339,0.2955250332299513
0.26290251433612705,0.21967357741508603,0.22011468901632114,0.29730921923246584
0.26369257950530034,0.21996466431095407,0.21819787985865724,0.29814487632508835
0.26065934065934065,0.22065934065934065,0.21978021978021978,0.2989010989010989
0.26233085988651245,0.21824530772588388,0.21780881711043212,0.30161501527717155
0.2650918635170604,0.21916010498687663,0.21434820647419073,0.3013998250218723
0.2647702407002188,0.21925601750547047,0.21137855579868708,0.30459518599562363
0.2671957671957672,0.2156084656084656,0.21119929453262787,0.30599647266313934
0.27167630057803466,0.21342819030680302,0.21031569586482882,0.3045798132503335
0.2677475898334794,0.21297107800175286,0.2081507449605609,0.31113058720420683
0.2655838454784899,0.21027216856892011,0.21729587357330993,0.30684811237928006
0.26675485008818345,0.20943562610229277,0.21693121693121692,0.30687830687830686
0.2642258491398324,0.20379355977062197,0.22055580061755625,0.3114247904719894
0.2618006993006993,0.20279720279720279,0.22596153846153846,0.3094405594405594
0.2630646589902569,0.20814880425155005,0.2267493356953056,0.3020372010628875
0.258719646799117,0.21280353200883,0.22737306843267108,0.3011037527593819
