C,D,Oc,Od
0.0,0.0,0.0,1.0
0.0,0.0,0.3333333333333333,0.6666666666666666
0.16666666666666666,0.0,0.16666666666666666,0.6666666666666666
0.18181818181818182,0.0,0.18181818181818182,0.6363636363636364
0.15,0.0,0.15,0.7
0.21212121212121213,0.0,0.15151515151515152,0.6363636363636364
0.22916666666666666,0.0,0.1875,0.5833333333333334
0.2535211267605634,0.014084507042253521,0.16901408450704225,0.5633802816901409
0.2743362831858407,0.017699115044247787,0.168141592920354,0.5398230088495575
0.2857142857142857,0.03571428571428571,0.16071428571428573,0.5178571428571429
0.2911392405063291,0.05063291139240506,0.1729957805907173,0.48523206751054854
0.27358490566037735,0.0660377358490566,0.18867924528301888,0.4716981132075472
0.2904040404040404,0.06565656565656566,0.18181818181818182,0.4621212121212121
0.272552783109405,0.07677543186180422,0.21113243761996162,0.43953934740882916
0.2676056338028169,0.09389671361502347,0.20344287949921752,0.4350547730829421
0.27331606217616583,0.09974093264248704,0.21502590673575128,0.4119170984455959
0.2847754654983571,0.10295728368017525,0.2157721796276013,0.3964950711938664
0.2826086956521739,0.11247637051039698,0.21644612476370512,0.388468809073724
0.27333894028595457,0.11858704793944491,0.22287636669470143,0.38519764507989906
0.2676991150442478,0.13200589970501475,0.22418879056047197,0.37610619469026546
0.26405228758169935,0.13202614379084968,0.22875816993464052,0.37516339869281046
0.2616596002422774,0.13688673531193216,0.2313749242883101,0.3700787401574803
0.2542841348811498,0.14262023217247097,0.23383084577114427,0.3692647871752349
0.2524624157594609,0.14826334888543286,0.23587350959046138,0.3634007257646449
0.2518703241895262,0.1486284289276808,0.23291770573566084,0.36658354114713215
0.25202863961813843,0.14940334128878283,0.23293556085918854,0.36563245823389023
0.24675925925925926,0.14675925925925926,0.23148148148148148,0.375
0.24635701275045538,0.14663023679417123,0.2272313296903461,0.3797814207650273
0.24276169265033407,0.1465478841870824,0.23028953229398663,0.3804008908685969
0.2416555407209613,0.14908767245215843,0.23052959501557632,0.378727191811304
0.2427873945849978,0.1473590767865069,0.22636484687083888,0.38348868175765644
0.23786407766990292,0.14827890556045895,0.22859664607237423,0.3852603706972639
0.23408892763731473,0.14777680906713164,0.23408892763731473,0.3840453356582389
0.2371766768960982,0.15081104778605875,0.23366944322665498,0.3783428320911881
0.23765836609873306,0.15072083879423329,0.22804718217562253,0.3835736129314111
0.23614775725593667,0.14819700967458224,0.23306948109058928,0.38258575197889183
0.2382404181184669,0.1520034843205575,0.2260452961672474,0.3837108013937282
0.24177777777777779,0.14933333333333335,0.2311111111111111,0.37777777777777777
0.24418093983311376,0.15019762845849802,0.22705314009661837,0.37856829161176986
0.24793388429752067,0.15050021748586342,0.22053066550674205,0.3810352327098739
0.24736842105263157,0.15,0.22412280701754386,0.3785087719298246
0.25132042253521125,0.15316901408450703,0.22535211267605634,0.3701584507042254
0.2516614975631369,0.15241470979175897,0.22241914045192734,0.3735046521931768
0.2518615856329391,0.15111695137976347,0.22864651773981604,0.3683749452474814
0.25252525252525254,0.15458937198067632,0.2274923144488362,0.36539306104523495
0.25295404814004374,0.15229759299781181,0.22975929978118162,0.3649890590809628
0.25360734586794925,0.15478793178836905,0.22343681679055533,0.36816790555312634
0.257243195785777,0.1488147497805092,0.22388059701492538,0.37006145741878843
0.2634836427939876,0.15075154730327145,0.22015915119363394,0.365605658709107
0.25616197183098594,0.1544894366197183,0.22535211267605634,0.36399647887323944
0.2598944591029024,0.15127528583992964,0.22823218997361477,0.3605980650835532
0.25824901011878576,0.1513418389793225,0.2309722833260009,0.3594368675758909
0.2541019955654102,0.14944567627494457,0.2328159645232816,0.36363636363636365
0.2620932277924362,0.15391380826737028,0.22823218997361477,0.35576077396657874
0.264783759929391,0.15225066195939982,0.23433362753751102,0.34863195057369817
0.26138876603272887,0.14949137549756744,0.23883237505528526,0.3502874834144184
0.25976305397103994,0.15225976305397104,0.24221149627029398,0.34576568670469504
0.25519681556833257,0.15701017249004864,0.24590888987173817,0.34188412206988056
0.26073483842408146,0.1571491810535635,0.24258521469676847,0.33953076582558656
0.26142355008787344,0.1586115992970123,0.23681898066783832,0.3431458699472759
0.258980044345898,0.15521064301552107,0.23547671840354767,0.35033259423503327
0.2601410934744268,0.15520282186948853,0.24118165784832452,0.34347442680776014
0.25862068965517243,0.15605658709106984,0.24005305039787797,0.34526967285587973
0.2612298299171391,0.15656345399040558,0.2398604448320977,0.3423462712603576
0.2608886933567972,0.1592608886933568,0.23933128024637043,0.3405191377034756
0.25847644209599296,0.16424482606781154,0.23337736679876706,0.34390136503742846
0.26865671641791045,0.16154521510096576,0.23222124670763827,0.3375768217734855
0.26255506607929513,0.1616740088105727,0.23392070484581498,0.34185022026431716
0.2641509433962264,0.1619131197893813,0.23738481790258886,0.33655111891180345
0.258362676056338,0.1637323943661972,0.24031690140845072,0.33758802816901406
0.2583479789103691,0.16608084358523725,0.23857644991212654,0.3369947275922671
0.26142920550377274,0.16600088770528185,0.23834886817576564,0.33422103861517977
0.2662280701754386,0.16885964912280702,0.23464912280701755,0.33026315789473687
0.26734423331860363,0.17012814847547503,0.23552806009721608,0.32699955810870523
0.268141592920354,0.17300884955752213,0.23141592920353982,0.3274336283185841
0.2598494909251881,0.17928286852589642,0.23727312970340858,0.3235945108455069
0.2655417406749556,0.1736234458259325,0.23934280639431615,0.32149200710479575
0.2623456790123457,0.17372134038800705,0.2429453262786596,0.32098765432098764
0.2577953447518665,0.18181818181818182,0.23803249890206413,0.32235397452788755
0.2651909722222222,0.1814236111111111,0.2361111111111111,0.3172743055555556
0.2637604579480405,0.1805372082782915,0.2307353588727433,0.3249669749009247
0.2703180212014134,0.18418727915194347,0.22393992932862192,0.3215547703180212
0.2649384885764499,0.18936731107205623,0.22319859402460457,0.3224956063268893
0.2642919964819701,0.18997361477572558,0.2233948988566403,0.322339489885664
0.26017316017316017,0.19567099567099566,0.22640692640692642,0.3177489177489177
0.26834659593280286,0.1971706454465075,0.22723253757736517,0.3072502210433245
0.26991150442477874,0.19601769911504424,0.23053097345132742,0.3035398230088496
0.26748790145182577,0.19973603167619886,0.2300923889133304,0.302683677958645
0.27080581241743723,0.19638925583443417,0.2294143549097314,0.3033905768383972
0.2692644483362522,0.2000875656742557,0.22985989492119088,0.30078809106830123
0.26938239159001315,0.19667104686815592,0.23215067893123084,0.3017958826106001
0.26742656729504605,0.1999123191582639,0.2354230600613766,0.29723805348531346
0.2642919964819701,0.19832893579595426,0.24142480211081793,0.2959542656112577
0.2643979057591623,0.19633507853403143,0.23865619546247818,0.3006108202443281
0.26810004387889425,0.19789381307591047,0.2387011847301448,0.29530495831505044
0.2724879333040807,0.20184291355857834,0.23562966213251427,0.2900394910048267
0.27667109340416113,0.2058432934926959,0.2319610447100487,0.2855245683930943
0.27992957746478875,0.20862676056338028,0.22579225352112675,0.28565140845070425
0.28264680105170903,0.20245398773006135,0.22787028921998248,0.28702892199824714
0.2816651904340124,0.20504871567759078,0.21966341895482727,0.2936226749335695
0.28138718173836696,0.2054433713784021,0.22300263388937663,0.2901668129938543
0.2812089356110381,0.2067455102934735,0.21901007446342532,0.29303547963206306
0.2864035087719298,0.19780701754385965,0.21973684210526315,0.29605263157894735
0.2875498449268941,0.19893664155959237,0.21976074435090828,0.29375276916260523
0.28868258178603007,0.1945181255526083,0.22015915119363394,0.29664014146772766
0.28996447602131437,0.19271758436944939,0.21847246891651864,0.2988454706927176
0.28979771328056286,0.19393139841688653,0.22251539138082674,0.2937554969217238
0.28796498905908097,0.18818380743982493,0.2275711159737418,0.2962800875273523
0.28665496049165934,0.18920105355575065,0.22651448639157157,0.2976294995610184
0.28424810352521196,0.19098616688978134,0.22579205711735834,0.2989736724676484
0.28285968028419184,0.18516873889875665,0.23090586145648312,0.30106571936056836
0.2818464269862406,0.18686196182867287,0.22902796271637815,0.3022636484687084
0.27555945590171127,0.19482229047827995,0.22992540587977184,0.29969284774023697
0.2821080602302923,0.1913197519929141,0.23117803365810452,0.2953941541186891
0.28401585204755614,0.19154557463672392,0.23337736679876706,0.2910612065169529
0.28162185985015425,0.19568091670339358,0.2362274129572499,0.2864698104892023
0.28452433143358175,0.19070583077597544,0.2371766768960982,0.2875931608943446
0.27991169977924946,0.18896247240618103,0.2410596026490066,0.2900662251655629
0.29052258635961026,0.18600531443755536,0.23383525243578387,0.2896368467670505
0.2845849802371542,0.18533157663592445,0.23539745278875715,0.2946859903381642
0.28926353149955636,0.1805678793256433,0.23380656610470274,0.2963620230700976
0.2812914639540027,0.18796992481203006,0.23087129588677577,0.2998673153471915
0.28289473684210525,0.18771929824561404,0.22763157894736843,0.3017543859649123
0.2827433628318584,0.18849557522123894,0.23097345132743363,0.297787610619469
0.2832523199292974,0.1855943437914273,0.22889969067609367,0.30225364560318163
0.2803738317757009,0.19403649310191368,0.22162883845126835,0.30396083667111706
0.2795414462081129,0.19444444444444445,0.2244268077601411,0.30158730158730157
0.2803738317757009,0.19626168224299065,0.22251891410769917,0.3008455718736093
0.2787905735882614,0.20008892841262785,0.21654068474877725,0.3045798132503335
0.27755819060166886,0.19894598155467721,0.21870882740447958,0.30478700043917434
0.28100263852242746,0.19744942832014073,0.218117854001759,0.3034300791556728
0.2734891927657697,0.19629466254962505,0.2192324658138509,0.3109836788707543
0.2767543859649123,0.20219298245614034,0.21973684210526315,0.3013157894736842
0.27917217084984586,0.19859092910612064,0.2166446499339498,0.3055922501100837
0.2809439002671416,0.19545859305431879,0.21772039180765806,0.3058771148708816
0.2865291794646775,0.19877139096094779,0.21061869240895129,0.30408073716542344
0.2888198757763975,0.1947648624667258,0.2085181898846495,0.30789707187222715
0.2846425419240953,0.20697263901147397,0.20211827007943514,0.3062665489849956
0.27998236331569665,0.20987654320987653,0.20149911816578484,0.30864197530864196
0.27994676131322094,0.2080745341614907,0.20008873114463177,0.3118899733806566
0.283311199645861,0.20849933598937584,0.20274457724656927,0.3054448871181939
0.2778268551236749,0.20848056537102475,0.19964664310954064,0.31404593639575973
0.27881205673758863,0.2078900709219858,0.20212765957446807,0.31117021276595747
0.27989371124889284,0.20283436669619131,0.20372010628875112,0.31355181576616475
0.27750773309765797,0.21166593018117544,0.20326999558108705,0.3075563411400795
0.2797327394209354,0.2111358574610245,0.20356347438752784,0.30556792873051225
0.2793468667255075,0.20476610767872905,0.2082965578111209,0.30759046778464255
0.2797723292469352,0.20709281961471104,0.2031523642732049,0.30998248686514884
0.2742857142857143,0.2123076923076923,0.20395604395604397,0.30945054945054945
0.2855891371003066,0.2058694699956198,0.2014892685063513,0.3070521243977223
0.28590308370044054,0.20616740088105726,0.19779735682819383,0.31013215859030835
0.29094922737306844,0.2022075055187638,0.19381898454746138,0.3130242825607064
0.3005729396209784,0.1996474217717056,0.19215513442044954,0.3076245041868665
0.30039875941515287,0.19716437749224636,0.19805050952591935,0.3043863535666814
0.298513986013986,0.1993006993006993,0.20323426573426573,0.29895104895104896
0.30526315789473685,0.1986842105263158,0.19956140350877194,0.2964912280701754
0.30520332313073895,0.20113686051595978,0.19632706602536074,0.29733275032794054
0.2999116607773852,0.2062720848056537,0.20008833922261485,0.29372791519434627
0.30597992143168923,0.2034046268005238,0.19161938018332605,0.29899607158446095
0.30286975717439296,0.20927152317880796,0.19293598233995585,0.29492273730684326
0.30476606908613907,0.20332313073895933,0.19588981198076083,0.2960209881941408
0.29921602787456447,0.20513937282229966,0.1986062717770035,0.2970383275261324
0.2934447866256049,0.20589529256489222,0.1992960844698636,0.30136383633963926
0.2932396839332748,0.20412642669007902,0.1971027216856892,0.305531167690957
0.28728070175438597,0.20921052631578949,0.19605263157894737,0.3074561403508772
0.29028021015761823,0.2040280210157618,0.2000875656742557,0.30560420315236425
0.2886053673559173,0.21073471183457984,0.19621645402551693,0.3044434667839859
0.29063604240282687,0.21201413427561838,0.19434628975265017,0.3030035335689046
0.2900932918702799,0.21412705464238116,0.1928031985784096,0.3029764549089294
0.29179464677490125,0.21193505923650724,0.18911803422553752,0.307152259763054
0.2943246810382754,0.2111746590409151,0.19049714034315882,0.3040035195776507
0.28903508771929826,0.21710526315789475,0.18728070175438596,0.30657894736842106
0.29177602799650043,0.22178477690288714,0.18853893263342084,0.2979002624671916
0.28838625489343195,0.21705089169204,0.19008264462809918,0.3044802087864289
0.29023746701846964,0.2119613016710642,0.18557607739665788,0.3122251539138083
0.28615384615384615,0.21846153846153846,0.17978021978021977,0.3156043956043956
0.28125,0.21830985915492956,0.18309859154929578,0.3173415492957746
0.27758164165931154,0.2149161518093557,0.18755516328331862,0.3199470432480141
0.27936647602287723,0.20941487021557414,0.19533655961284646,0.31588209414870216
0.28059440559440557,0.2111013986013986,0.19055944055944055,0.31774475524475526
0.2884275618374558,0.21024734982332155,0.19213780918727916,0.30918727915194344
0.29005281690140844,0.2068661971830986,0.1954225352112676,0.3076584507042254
0.2814292015880018,0.20644022937803264,0.19320688134097927,0.31892368769298635
0.2869718309859155,0.20290492957746478,0.19410211267605634,0.3160211267605634
0.2831509846827133,0.20437636761487965,0.1951859956236324,0.3172866520787746
0.2814004376367615,0.20525164113785557,0.19693654266958424,0.3164113785557987
0.2895313184406483,0.202365308804205,0.1962330267192291,0.3118703460359177
0.2885964912280702,0.21140350877192982,0.1881578947368421,0.3118421052631579
0.28771929824561404,0.21359649122807017,0.19342105263157894,0.30526315789473685
0.2764731945059814,0.21843154630039877,0.1958351794417368,0.309260079751883
0.2791922739244952,0.21246707638279191,0.199297629499561,0.3090430201931519
0.27984084880636606,0.21441202475685234,0.19540229885057472,0.3103448275862069
0.2785428698356286,0.21856952465570859,0.19013771657041315,0.3127498889382497
0.2807250221043324,0.21220159151193635,0.1909814323607427,0.3160919540229885
0.2776315789473684,0.2219298245614035,0.18947368421052632,0.3109649122807018
0.27537511032656664,0.21977052074139453,0.1977052074139453,0.30714916151809357
0.2734891927657697,0.2218791354212616,0.19938244375827086,0.30524922805469784
0.2771618625277162,0.22394678492239467,0.19778270509977827,0.30110864745011084
0.2761031017911752,0.2254259501965924,0.20445609436435125,0.29401485364788116
0.27580149319279756,0.21870882740447958,0.20685111989459815,0.29863855950812473
0.277119016249451,0.22266139657444006,0.20860781730346947,0.2916117698726394
0.27733686067019403,0.22530864197530864,0.20502645502645503,0.2923280423280423
0.27337173238812584,0.2210899424014178,0.20691182986264953,0.29862649534780683
0.2786813186813187,0.23032967032967033,0.20043956043956043,0.2905494505494505
0.28111209179170343,0.22594880847308033,0.20167696381288613,0.2912621359223301
0.27469135802469136,0.22707231040564374,0.20282186948853614,0.29541446208112876
0.2754517408550022,0.23005729396209784,0.20141031291317762,0.29308065226972235
0.27566622979467015,0.22717343818261249,0.20707732634338138,0.290083005679336
0.2815107597716293,0.22705314009661837,0.20553359683794467,0.2859025032938076
0.2801231310466139,0.22955145118733508,0.19788918205804748,0.29243623570800353
0.28346456692913385,0.22090988626421698,0.19816272965879264,0.2974628171478565
0.28160919540229884,0.21927497789566755,0.1989389920424403,0.3001768346595933
0.28321678321678323,0.21416083916083917,0.2111013986013986,0.291520979020979
0.2891939769707706,0.20859167404782994,0.20992028343666963,0.29229406554472986
0.2777284826974268,0.21561668145519078,0.21251109139307897,0.29414374445430347
0.2752091589608102,0.22060766182298547,0.21047996477322764,0.29370321444297665
0.2778505897771953,0.21494102228047182,0.21494102228047182,0.29226736566186107
0.2791922739244952,0.21378402107111502,0.21553994732221246,0.2914837576821773
0.27949499346974316,0.20983892033086635,0.21811057901610797,0.29255550718328255
0.28173374613003094,0.2127377266696152,0.21450685537372843,0.29102167182662536
0.28444444444444444,0.21333333333333335,0.212,0.2902222222222222
0.2923280423280423,0.21296296296296297,0.20987654320987653,0.2848324514991182
0.2928759894459103,0.21503957783641162,0.2088830255057168,0.2832014072119613
0.2888198757763975,0.2111801242236025,0.21073646850044367,0.28926353149955636
0.28596802841918295,0.21314387211367672,0.2135879218472469,0.2873001776198934
0.28852889667250436,0.21409807355516638,0.2105954465849387,0.28677758318739055
0.29155672823219,0.21372031662269128,0.21152154793315744,0.2832014072119613
0.29422143802382,0.21261579179532422,0.20732245258050286,0.2858403176003529
0.2968056787932564,0.21339840283939662,0.2085181898846495,0.28127772848269744
0.29155672823219,0.218117854001759,0.2075637642919965,0.2827616534740545
0.2914083259521701,0.22099202834366696,0.20637732506643047,0.2812223206377325
0.2966213251426064,0.21939447125932426,0.20184291355857834,0.282141290039491
0.2911894273127753,0.2145374449339207,0.20748898678414096,0.286784140969163
0.29036515618125824,0.20985481742190937,0.21249450065992082,0.2872855257369116
0.28866432337434095,0.21045694200351495,0.21133567662565905,0.28954305799648505
0.289588801399825,0.2073490813648294,0.21478565179352582,0.2882764654418198
0.29398762157382846,0.20380194518125552,0.20910698496905394,0.29310344827586204
0.2942969090117545,0.20330866347409665,0.21201567261645624,0.29037875489769266
0.29385574354407834,0.20569902048085487,0.21415850400712377,0.286286731967943
0.2974156811213316,0.20981165133596144,0.20981165133596144,0.2829610162067455
0.29600351339481773,0.20553359683794467,0.21739130434782608,0.2810715854194115
0.29711751662971175,0.2066518847006652,0.21419068736141908,0.282039911308204
0.3025911286780852,0.204655248133509,0.20992534036012298,0.2828282828282828
0.3013274336283186,0.20530973451327433,0.2176991150442478,0.2756637168141593
0.2929652715939448,0.20302760463045413,0.22039180765805877,0.2836153161175423
0.2917933130699088,0.19973947025618757,0.22318714719930524,0.28528006947459833
0.2958057395143488,0.2,0.22472406181015453,0.27947019867549666
0.2860290877038343,0.20537681798148966,0.22212428382547378,0.2864698104892023
0.28520814880425155,0.2046058458813109,0.2254207263064659,0.28476527900797166
0.2813588850174216,0.20209059233449478,0.22473867595818817,0.29181184668989546
0.2849557522123894,0.20442477876106194,0.2252212389380531,0.2853982300884956
0.28824049513704686,0.20468611847922194,0.22502210433244915,0.28205128205128205
0.2869757174392936,0.20485651214128037,0.2260485651214128,0.28211920529801326
0.2827433628318584,0.20221238938053096,0.22787610619469026,0.28716814159292037
0.2834061135371179,0.2096069868995633,0.23275109170305677,0.274235807860262
0.28998242530755713,0.2117750439367311,0.22451669595782073,0.27372583479789103
0.2865961199294533,0.21208112874779542,0.22663139329805995,0.27469135802469136
0.2897777777777778,0.21644444444444444,0.21733333333333332,0.27644444444444444
0.2905793896505971,0.21760283060592658,0.21141088014153028,0.28040689960194604
0.2932396839332748,0.21729587357330993,0.21422300263388938,0.2752414398595259
0.29175848391361836,0.21639488761568973,0.20846187747906567,0.28338475099162624
0.2929203539823009,0.2168141592920354,0.21371681415929203,0.27654867256637167
0.2932396839332748,0.21466198419666374,0.21071115013169447,0.28138718173836696
0.2911111111111111,0.21466666666666667,0.21511111111111111,0.2791111111111111
0.2828104286345559,0.21785240830755634,0.21608484312859036,0.2832523199292974
0.2915194346289753,0.21554770318021202,0.21775618374558303,0.2751766784452297
0.28773168578993824,0.21359223300970873,0.21712268314210062,0.2815533980582524
0.28215398308856254,0.21495327102803738,0.21851357365376056,0.28437917222963954
0.278926528816542,0.21557413110426749,0.21601407831060274,0.28948526176858774
0.275635407537248,0.21954425942156003,0.22042068361086767,0.28439964943032425
0.27448397013614406,0.21651295564339043,0.2231005709266579,0.2859025032938076
0.2773403324584427,0.22178477690288714,0.2174103237095363,0.28346456692913385
0.2691292875989446,0.2233948988566403,0.2119613016710642,0.2955145118733509
0.27004405286343613,0.2185022026431718,0.2185022026431718,0.29295154185022027
0.26948480845442535,0.21840598855129897,0.21532364597093792,0.29678555702333775
0.27264653641207814,0.2144760213143872,0.21847246891651864,0.294404973357016
0.28252299605781866,0.21419185282522996,0.21681997371879105,0.2864651773981603
0.27901883486640383,0.22076215505913271,0.21594393342093737,0.2842750766535261
0.27492314448836186,0.2318840579710145,0.21299956082564778,0.28019323671497587
0.28003533568904593,0.23586572438162545,0.20980565371024734,0.2742932862190813
0.28314310798946446,0.23661106233538193,0.20632133450395082,0.2739244951712028
0.28653169014084506,0.2381161971830986,0.2108274647887324,0.26452464788732394
0.28753292361720806,0.24100087796312555,0.21115013169446883,0.2603160667251975
0.2832523199292974,0.23994697304463103,0.21210782147591692,0.2646928855501547
0.2857142857142857,0.24134871339840283,0.20629991126885536,0.26663708961845606
0.2894619831036016,0.246776345042241,0.20275678079146287,0.26100489106269453
0.29574374725756913,0.24659938569548048,0.19833260201842914,0.2593242650285213
0.29424681598594643,0.2450592885375494,0.20070267896354854,0.25999121651295565
0.2987241531016278,0.25208974923009236,0.2014958205015398,0.24769027716674
0.29401485364788116,0.24814329401485366,0.20445609436435125,0.25338575797291396
0.29124505059392874,0.24769027716674,0.21161460624725034,0.24945006599208094
0.3011941618752764,0.2401592215833702,0.20875718708536045,0.24988942945599293
0.30230496453900707,0.24202127659574468,0.20345744680851063,0.2522163120567376
0.30566534914361,0.23407992973210365,0.2059727711901625,0.25428194993412384
0.29416922402455065,0.2384918895221394,0.20780359491451117,0.2595352915387988
0.2955250332299513,0.23349579087284006,0.21001329198050508,0.2609658839167036
0.2945326278659612,0.2257495590828924,0.21781305114638447,0.2619047619047619
0.2918133802816901,0.22755281690140844,0.2169894366197183,0.2636443661971831
0.2906619903551074,0.22621657167908812,0.21657167908811925,0.26654975887768523
0.2823788546255507,0.22422907488986785,0.22422907488986785,0.2691629955947137
0.27755819060166886,0.22266139657444006,0.2235397452788757,0.27624066754501536
0.2752858399296394,0.22075637642919965,0.23131046613896217,0.2726473175021988
0.27518863737239235,0.22458943630714603,0.22902796271637815,0.27119396360408343
0.27876895628902765,0.21766280107047278,0.23238180196253344,0.2711864406779661
0.2819947043248014,0.22550750220653135,0.21888790820829657,0.2736098852603707
0.28164695575996496,0.22864651773981604,0.21901007446342532,0.2706964520367937
0.2805786935554581,0.22490135905304692,0.21920210434020165,0.2753178430512933
0.2850155624722099,0.2223210315695865,0.21431747443308136,0.27834593152512227
0.28112626484821823,0.21953365596128466,0.22041355037395513,0.278926528816542
0.2784365393061045,0.21739130434782608,0.2235397452788757,0.28063241106719367
0.27849223946784923,0.21818181818181817,0.22660753880266074,0.27671840354767185
0.2777053455019557,0.21686223381138636,0.23381138635375923,0.27162103433289875
0.27872433377020533,0.21581476627348187,0.236347750109218,0.2691131498470948
0.27964601769911507,0.215929203539823,0.23141592920353982,0.27300884955752214
0.27396657871591906,0.2185576077396658,0.2357080035180299,0.2717678100263852
0.27268683274021355,0.222864768683274,0.2304270462633452,0.27402135231316727
0.2725274725274725,0.23076923076923078,0.23296703296703297,0.26373626373626374
0.27180616740088104,0.22731277533039648,0.23127753303964757,0.2696035242290749
0.26953467954345917,0.22870939420544337,0.2317822651448639,0.26997366110623355
0.2706299911268855,0.2284826974267968,0.22715173025732033,0.2737355811889973
0.2706766917293233,0.23175586023883238,0.232640424590889,0.2649270234409553
0.2732506643046944,0.2240921169176262,0.2382639503985828,0.26439326837909655
0.27440633245382584,0.22251539138082674,0.23790677220756376,0.26517150395778366
0.27168141592920353,0.22168141592920354,0.2424778761061947,0.26415929203539823
0.26894107221976077,0.22241914045192734,0.24324324324324326,0.2653965440850687
0.2716049382716049,0.2244268077601411,0.23633156966490299,0.26763668430335097
0.2713968957871397,0.22660753880266074,0.23991130820399112,0.2620842572062084
0.26940035273368607,0.23412698412698413,0.23368606701940034,0.26278659611992944
0.26955002184359983,0.23372651813018785,0.23197903014416776,0.26474442988204455
0.27006651884700666,0.22882483370288248,0.22749445676274946,0.2736141906873614
0.2650285212812637,0.22904782799473453,0.22641509433962265,0.2795085563843791
0.2679824561403509,0.23289473684210527,0.22982456140350876,0.2692982456140351
0.2720070422535211,0.2323943661971831,0.22975352112676056,0.2658450704225352
0.27408056042031526,0.22679509632224168,0.23248686514886166,0.26663747810858146
0.26438296003513395,0.22924901185770752,0.23891084760649978,0.26745718050065875
0.2634836427939876,0.22590627763041557,0.24182139699381078,0.268788682581786
0.2642669007901668,0.22695346795434593,0.242756804214223,0.2660228270412643
0.2656729504603244,0.22621657167908812,0.24243752740026303,0.2656729504603244
0.2708150744960561,0.22655565293602103,0.2353198948290973,0.26730937773882557
0.26818580192813324,0.23838737949167396,0.22743207712532865,0.2659947414548642
0.27469135802469136,0.23368606701940034,0.23015873015873015,0.26146384479717816
0.27003098716246127,0.23683045595396193,0.2297476759628154,0.2633908809207614
0.27772808586762077,0.23211091234347048,0.22942754919499106,0.2607334525939177
0.2778268551236749,0.2310070671378092,0.23012367491166077,0.26104240282685515
0.27571115973741794,0.23457330415754923,0.2275711159737418,0.262144420131291
0.2752414398595259,0.233099209833187,0.22651448639157157,0.26514486391571557
0.2713656387665198,0.24052863436123348,0.2286343612334802,0.2594713656387665
0.26884089907448216,0.24416042309387395,0.22961657117672984,0.25738210665491407
0.26607929515418505,0.24405286343612334,0.2330396475770925,0.25682819383259914
0.2649647887323944,0.25088028169014087,0.2266725352112676,0.2574823943661972
0.26631625054752517,0.2544897065265002,0.22470433639947437,0.2544897065265002
0.26941641070645017,0.25186485300570427,0.22465993856954805,0.2540587977182975
0.27566622979467015,0.25557011795543905,0.2236784622105723,0.24508519003931847
0.2683677958644963,0.25736911570611526,0.22525296964364278,0.24901011878574572
0.27393030436700483,0.25408028231142477,0.22496691662990737,0.24702249669166298
0.2707597173144876,0.2579505300353357,0.22438162544169613,0.24690812720848057
0.27440633245382584,0.2590149516270888,0.2264731750219877,0.24010554089709762
0.27872433377020533,0.2564438619484491,0.2219309742245522,0.24290083005679336
0.2840106007067138,0.25176678445229683,0.22570671378091872,0.23851590106007067
0.2831272084805654,0.26148409893992935,0.22173144876325088,0.2336572438162544
0.27541998231653403,0.2595048629531388,0.22148541114058357,0.24358974358974358
0.27408056042031526,0.2613835376532399,0.21847635726795098,0.24605954465849386
0.2760301284891449,0.2609658839167036,0.21843154630039877,0.24457244129375277
0.27558706247230835,0.25387682764731945,0.22463447053610988,0.2459016393442623
0.2748794388426129,0.25515124945199474,0.2240245506356861,0.24594476106970628
0.27496700395952484,0.25736911570611526,0.22041355037395513,0.24725032996040475
0.2687417799210872,0.26128890837352037,0.22709338009644892,0.24287593160894344
0.26702033598585323,0.2572944297082228,0.22811671087533156,0.2475685234305924
0.2721238938053097,0.2535398230088496,0.2261061946902655,0.2482300884955752
0.27430093209054596,0.2529960053262317,0.2272525521526853,0.24545051043053706
0.27024647887323944,0.25528169014084506,0.22711267605633803,0.24735915492957747
0.2679738562091503,0.2522875816993464,0.23093681917211328,0.24880174291938997
0.2730480811645346,0.24922805469783854,0.2333480370533745,0.24437582708425232
0.27936647602287723,0.24769027716674,0.23405191377034756,0.2388913330400352
0.28087912087912087,0.2408791208791209,0.23384615384615384,0.2443956043956044
0.28224381625441697,0.2398409893992933,0.2332155477031802,0.24469964664310953
0.2812223206377325,0.2395925597874225,0.22984942426926483,0.24933569530558017
0.27639071397284276,0.24178712220762155,0.23390275952693823,0.24791940429259746
0.27549668874172184,0.2467991169977925,0.23178807947019867,0.24591611479028697
0.27992957746478875,0.23899647887323944,0.23107394366197184,0.25
0.28465562336530076,0.24019180470793375,0.22537053182214473,0.24978204010462074
0.2870535714285714,0.24151785714285715,0.21919642857142857,0.25223214285714285
0.28188214599824096,0.23834652594547054,0.22207563764291996,0.25769569041336854
0.2783143107989464,0.23485513608428446,0.228270412642669,0.2585601404741001
0.2718150087260035,0.2356020942408377,0.2338568935427574,0.2587260034904014
0.2807017543859649,0.23684210526315788,0.23289473684210527,0.24956140350877193
0.2760898282694848,0.23866138265081463,0.23425803610744167,0.2509907529722589
0.275355871886121,0.24154804270462635,0.22953736654804271,0.25355871886120995
0.27296703296703295,0.24175824175824176,0.23252747252747252,0.25274725274725274
0.2736471623405191,0.24197096348438188,0.23053233611966564,0.25384953805543337
0.27161035541904344,0.24045634050021938,0.22992540587977184,0.2580078982009653
0.27472527472527475,0.24,0.22681318681318682,0.25846153846153846
0.28182616330114135,0.23836698858647937,0.22519754170324846,0.2546093064091308
0.2816399286987522,0.23663101604278075,0.22549019607843138,0.25623885918003564
0.2847740236946029,0.23738481790258886,0.22729267222465993,0.2505484861781483
0.28205128205128205,0.2396109637488948,0.23342175066312998,0.24491600353669318
0.278391515687141,0.24083075563411402,0.2350861688024746,0.24569155987627045
0.28383705650459923,0.23083661848445028,0.2360928602715725,0.24923346473937802
0.2846458424989001,0.2322921249450066,0.2331720193576771,0.2498900131984162
0.2848378615249781,0.2326906222611744,0.2331288343558282,0.24934268185801928
0.27699736611062337,0.23661106233538193,0.23353819139596138,0.2528533801580334
0.2755905511811024,0.23490813648293962,0.22878390201224846,0.26071741032370954
0.2784090909090909,0.23513986013986013,0.23339160839160839,0.2530594405594406
0.2736842105263158,0.23684210526315788,0.23289473684210527,0.2565789473684211
0.2754385964912281,0.2293859649122807,0.23114035087719298,0.26403508771929823
0.27060379021595415,0.23490524460114587,0.23005729396209784,0.26443367122080214
0.2654320987654321,0.2345679012345679,0.2310405643738977,0.2689594356261023
0.2639683238011439,0.23053233611966564,0.22305323361196655,0.28244610646722396
0.26607142857142857,0.23660714285714285,0.225,0.27232142857142855
0.26430155210643014,0.23725055432372505,0.2221729490022173,0.27627494456762747
0.27256637168141595,0.2331858407079646,0.22123893805309736,0.27300884955752214
0.273568281938326,0.226431718061674,0.22290748898678414,0.27709251101321586
0.27555945590171127,0.23036419482229048,0.21720052654673103,0.2768758227292672
0.2784865816102068,0.2380114386273647,0.21425428948526176,0.2692476902771667
0.2734165923282783,0.23728813559322035,0.21141837644959857,0.2778768956289028
0.27437943262411346,0.2375886524822695,0.21054964539007093,0.2774822695035461
0.2711564023039433,0.23925564909171468,0.21488701816570668,0.27470093043863536
0.26948480845442535,0.23734037868780272,0.21400264200792601,0.27917217084984586
0.27391874180865006,0.24639580602883354,0.21319353429445173,0.26649191786806464
0.2706401766004415,0.24944812362030905,0.21721854304635763,0.26269315673289184
0.271036315323295,0.2471213463241807,0.21700620017714792,0.26483613817537643
0.2703900709219858,0.24069148936170212,0.22384751773049646,0.2650709219858156
0.2707231040564374,0.23985890652557318,0.21957671957671956,0.2698412698412698
0.26807760141093473,0.25,0.2173721340388007,0.26455026455026454
0.2605633802816901,0.25308098591549294,0.21875,0.2676056338028169
0.25736911570611526,0.25164980202375714,0.22085349758029035,0.2701275846898372
0.256466462078036,0.24331433581762385,0.22753178430512933,0.27268741779921085
0.2549450549450549,0.24571428571428572,0.22989010989010988,0.26945054945054947
0.2571554381329811,0.2399823866138265,0.23249669749009247,0.27036547776309994
0.255124291321413,0.24291321412996075,0.23157435673789795,0.2703881378107283
0.25,0.24515845070422534,0.2306338028169014,0.27420774647887325
0.2464726631393298,0.25220458553791886,0.2239858906525573,0.27733686067019403
0.2446524064171123,0.2522281639928699,0.22994652406417113,0.2731729055258467
0.24351648351648353,0.2558241758241758,0.2276923076923077,0.27296703296703295
0.24325519681556834,0.25917735515258733,0.22998673153471916,0.26758071649712517
0.24825174825174826,0.24956293706293706,0.2298951048951049,0.2722902097902098
0.24291321412996075,0.25250763192324466,0.23157435673789795,0.27300479720889664
0.2400354295837024,0.2537643932683791,0.22984942426926483,0.2763507528786537
0.23948649845064188,0.25320938468348825,0.2297476759628154,0.2775564409030544
0.23684210526315788,0.25087719298245614,0.2337719298245614,0.27850877192982454
0.22952255803766974,0.2501095050372317,0.24003504161191414,0.2803328953131844
0.22350845948352627,0.25734639358860195,0.2382012466607302,0.2809439002671416
0.23219814241486067,0.25785050862450243,0.23219814241486067,0.27775320654577623
0.22555066079295155,0.26123348017621145,0.23744493392070484,0.2757709251101322
0.22419140451927339,0.25875055383252105,0.23482498892334958,0.282233052724856
0.2185022026431718,0.2643171806167401,0.23744493392070484,0.27973568281938327
0.22573561703996486,0.26306543697848045,0.23407992973210365,0.277119016249451
0.2251101321585903,0.26123348017621145,0.2431718061674009,0.27048458149779736
0.22781456953642384,0.2618101545253863,0.24415011037527592,0.2662251655629139
0.2311756935270806,0.26067811536767943,0.24702774108322326,0.2611184500220167
0.22862206468763846,0.256978289765175,0.2516614975631369,0.2627381479840496
0.23165340406719717,0.2524314765694076,0.25552608311229,0.2603890362511052
0.23324514991181658,0.2535273368606702,0.2552910052910053,0.25793650793650796
0.2275711159737418,0.262144420131291,0.25032822757111595,0.25995623632385123
0.22701525054466232,0.2662309368191721,0.25098039215686274,0.25577342047930285
0.2319290465631929,0.2607538802660754,0.2549889135254989,0.2523281596452328
0.22731239092495636,0.2600349040139616,0.25218150087260033,0.2604712041884817
0.22489082969432314,0.25633187772925764,0.259825327510917,0.25895196506550217
0.22634836427939875,0.25552608311229,0.2581786030061892,0.259946949602122
0.2250987275120667,0.2558139534883721,0.25976305397103994,0.2593242650285213
0.22765301629238222,0.25055041831792163,0.2611184500220167,0.26067811536767943
0.22733245729303547,0.2518615856329391,0.2553657468243539,0.26544021024967146
0.22715289982425307,0.2469244288224956,0.2561511423550088,0.2697715289982425
0.22922134733158356,0.2484689413823272,0.2572178477690289,0.2650918635170604
0.22803904170363798,0.2511091393078971,0.24933451641526175,0.27151730257320317
0.22104332449160036,0.2519893899204244,0.2524314765694076,0.27453580901856767
0.22969941677882458,0.24854194706146254,0.2489905787348587,0.2727680574248542
0.23513870541611626,0.2518714222809335,0.24174372523117568,0.2712461470717745
0.23506151142355008,0.2557117750439367,0.23725834797891038,0.2719683655536028
0.23879272081668887,0.2547714158899245,0.23834886817576564,0.26808699511762096
0.23459507042253522,0.26188380281690143,0.2381161971830986,0.2654049295774648
0.23500881834215168,0.25044091710758376,0.24338624338624337,0.27116402116402116
0.24078187472234563,0.25366503776099514,0.24300310972900932,0.26254997778764994
0.2420494699646643,0.254416961130742,0.25,0.25353356890459366
0.23938730853391685,0.25557986870897154,0.24901531728665208,0.25601750547045954
0.23601398601398602,0.2521853146853147,0.25393356643356646,0.25786713286713286
0.232773851590106,0.25485865724381623,0.2495583038869258,0.2628091872791519
0.23490230905861456,0.2539964476021314,0.2544404973357016,0.2566607460035524
0.23539823008849559,0.2411504424778761,0.26017699115044246,0.26327433628318586
0.23400525854513585,0.2397020157756354,0.26468010517090274,0.261612620508326
0.23609885260370697,0.2383053839364519,0.26037069726390116,0.26522506619594
0.2382608695652174,0.2382608695652174,0.26130434782608697,0.26217391304347826
0.23576158940397351,0.2379690949227373,0.26666666666666666,0.2596026490066225
0.23625164980202376,0.23757149142102948,0.27144742630884294,0.2547294324681038
0.24035087719298245,0.23596491228070177,0.27017543859649124,0.2535087719298246
0.24451273046532046,0.2273924495171203,0.27348551360842843,0.2546093064091308
0.24437582708425232,0.23246581385090428,0.27613586237318044,0.24702249669166298
0.2472308373947718,0.22684980062029242,0.27957465662383696,0.24634470536109881
0.24725032996040475,0.22305323361196655,0.2784865816102068,0.2512098548174219
0.24715162138475022,0.21954425942156003,0.28001752848378614,0.2532865907099036
0.2464726631393298,0.2261904761904762,0.2751322751322751,0.25220458553791886
0.2447089947089947,0.22971781305114639,0.2689594356261023,0.2566137566137566
0.24747696358051777,0.23211935059236508,0.26546731022378234,0.2549363756033348
0.24727905964301264,0.2242054854157597,0.26817588158467565,0.260339573356552
0.2504378283712785,0.22460595446584938,0.26751313485113837,0.2574430823117338
0.2545691906005222,0.22410791993037424,0.26979982593559615,0.2515230635335074
0.25882352941176473,0.22309368191721132,0.26753812636165575,0.25054466230936817
0.2636443661971831,0.22139084507042253,0.27244718309859156,0.2425176056338028
0.26660877116804166,0.2114633087277464,0.2748588797221016,0.24706904038211028
0.26451041205139564,0.21665928223305272,0.2751439964554719,0.24368630926007975
0.26734423331860363,0.21873619089703933,0.27043747238179405,0.24348210340256296
0.26595744680851063,0.21409574468085107,0.27349290780141844,0.24645390070921985
0.26704795424549055,0.21073471183457984,0.2710074791025077,0.2512098548174219
0.27224435590969454,0.2058432934926959,0.27047366091190794,0.25143868968570166
0.27045951859956235,0.212253829321663,0.27439824945295405,0.24288840262582057
0.26928162185985016,0.20846187747906567,0.2750110180696342,0.24724548259145
0.2655417406749556,0.2091474245115453,0.27353463587921845,0.25177619893428066
0.2749125874125874,0.21284965034965034,0.26835664335664333,0.24388111888111888
0.270824247710423,0.21412996075010904,0.26951591801133884,0.24552987352812908
0.2720491443615621,0.2215884159719175,0.26107942079859586,0.24528301886792453
0.28105726872246695,0.21409691629955946,0.2607929515418502,0.24405286343612334
0.2744410346339325,0.21525646646207802,0.2656729504603244,0.24462954844366505
0.2776080314273243,0.22042776080314272,0.25796595373199477,0.2439982540375382
0.26882661996497376,0.21978984238178634,0.266199649737303,0.24518388791593695
0.2722838137472284,0.21951219512195122,0.25942350332594233,0.24878048780487805
0.2707231040564374,0.2191358024691358,0.2605820105820106,0.2495590828924162
