C,D,Oc,Od
0.0,0.0,1.0,0.0
0.5,0.0,0.5,0.0
0.25,0.0,0.25,0.5
0.3333333333333333,0.0,0.16666666666666666,0.5
0.1111111111111111,0.0,0.3333333333333333,0.5555555555555556
0.09090909090909091,0.0,0.2727272727272727,0.6363636363636364
0.07692307692307693,0.07692307692307693,0.23076923076923078,0.6153846153846154
0.058823529411764705,0.058823529411764705,0.17647058823529413,0.7058823529411765
0.041666666666666664,0.08333333333333333,0.125,0.75
0.058823529411764705,0.058823529411764705,0.11764705882352941,0.7647058823529411
0.05,0.025,0.1,0.825
0.04,0.02,0.1,0.84
0.057971014492753624,0.014492753623188406,0.057971014492753624,0.8695652173913043
0.044444444444444446,0.011111111111111112,0.044444444444444446,0.9
0.0660377358490566,0.009433962264150943,0.03773584905660377,0.8867924528301887
0.05426356589147287,0.007751937984496124,0.05426356589147287,0.8837209302325582
0.05228758169934641,0.013071895424836602,0.0392156862745098,0.8954248366013072
0.046242774566473986,0.028901734104046242,0.04046242774566474,0.884393063583815
0.050505050505050504,0.020202020202020204,0.04040404040404041,0.8888888888888888
0.042735042735042736,0.029914529914529916,0.04700854700854701,0.8803418803418803
0.03636363636363636,0.02909090909090909,0.03636363636363636,0.8981818181818182
0.030100334448160536,0.026755852842809364,0.04013377926421405,0.903010033444816
0.029154518950437316,0.026239067055393587,0.03498542274052478,0.9096209912536443
0.028795811518324606,0.02356020942408377,0.031413612565445025,0.9162303664921466
0.03349282296650718,0.028708133971291867,0.03110047846889952,0.9066985645933014
0.043010752688172046,0.025806451612903226,0.03225806451612903,0.8989247311827957
0.04093567251461988,0.023391812865497075,0.029239766081871343,0.9064327485380117
0.04642857142857143,0.023214285714285715,0.026785714285714284,0.9035714285714286
0.058919803600654665,0.016366612111292964,0.024549918166939442,0.900163666121113
0.057750759878419454,0.015197568389057751,0.02735562310030395,0.8996960486322189
0.05737704918032787,0.01639344262295082,0.0273224043715847,0.8989071038251366
0.05791505791505792,0.018018018018018018,0.03346203346203346,0.8906048906048906
0.062424969987995196,0.01800720288115246,0.031212484993997598,0.8883553421368547
0.060133630289532294,0.014476614699331848,0.03229398663697105,0.8930957683741648
0.06276150627615062,0.013598326359832637,0.032426778242677826,0.891213389121339
0.06609195402298851,0.017241379310344827,0.032567049808429116,0.8840996168582376
0.06630824372759857,0.016129032258064516,0.034050179211469536,0.8835125448028673
0.06814310051107325,0.015332197614991482,0.036626916524701875,0.8798977853492334
0.07521773555027712,0.013460015835312747,0.038796516231195566,0.8725257323832145
0.0791476407914764,0.01445966514459665,0.03576864535768645,0.8706240487062404
0.08594319009468318,0.01529497450837582,0.03277494537509104,0.8659868900218499
0.0953375086986778,0.016701461377870562,0.033402922755741124,0.8545581071677105
0.09584450402144772,0.014745308310991957,0.03150134048257373,0.8579088471849866
0.0970625798212005,0.01532567049808429,0.03065134099616858,0.8569604086845466
0.09925093632958802,0.01435705368289638,0.031835205992509365,0.8545568039950062
0.1030557219892151,0.01378070701018574,0.029358897543439184,0.8538046734571599
0.1088355763604447,0.014628437682855471,0.030427150380339378,0.8461088355763604
0.11181923522595597,0.017960602549246814,0.03186558516801854,0.8383545770567786
0.11761426978818283,0.01839464882943144,0.03177257525083612,0.8322185061315496
0.12093275488069415,0.01789587852494577,0.03036876355748373,0.8308026030368764
0.1213903743315508,0.01871657754010695,0.032620320855614976,0.8272727272727273
0.12175754367390154,0.017998941238750663,0.029115934356802542,0.8311275807305453
0.12275295326142784,0.017976373908577297,0.032357473035439135,0.8269131997945557
0.1244309559939302,0.019221041982802226,0.0343955488113303,0.8219524532119373
0.12544438801422042,0.017267648552564754,0.0340274250888776,0.8232605383443372
0.11925708699902249,0.018084066471163247,0.036656891495601175,0.8260019550342131
0.12127045235803657,0.019249278152069296,0.03801732435033686,0.8214629451395573
0.11756238003838772,0.022072936660268713,0.036468330134357005,0.8238963531669866
0.11914893617021277,0.02364066193853428,0.03546099290780142,0.8217494089834515
0.12247770999530737,0.02627874237447208,0.038010323791647115,0.8132332238385734
0.12354853692522062,0.02786809103576405,0.03715745471435207,0.8114259173246633
0.12309820193637622,0.02627939142461964,0.03642231443061319,0.814200092208391
0.12465501379944802,0.029438822447102116,0.03771849126034959,0.8081876724931003
0.1248868778280543,0.02760180995475113,0.034389140271493215,0.8131221719457014
0.12051971326164874,0.028225806451612902,0.03449820788530466,0.8167562724014337
0.12198391420911528,0.0290437890974084,0.036193029490616625,0.8127792672028596
0.11725067385444744,0.02830188679245283,0.03593890386343217,0.8185085354896675
0.11946308724832215,0.025950782997762864,0.031767337807606266,0.8228187919463087
0.11877224199288257,0.027135231316725978,0.029804270462633453,0.824288256227758
0.11842686699072029,0.026513477684489615,0.03093239063190455,0.8241272646928856
0.11837455830388692,0.027385159010600707,0.03136042402826855,0.8228798586572438
0.12362030905077263,0.025165562913907286,0.03090507726269316,0.820309050772627
0.12225705329153605,0.025078369905956112,0.028660994178235557,0.8240035826242723
0.12254901960784313,0.023172905525846704,0.027183600713012478,0.8270944741532977
0.12035398230088495,0.022123893805309734,0.02566371681415929,0.831858407079646
0.1238390092879257,0.022998673153471916,0.02565236620964175,0.8275099513489607
0.12198391420911528,0.022341376228775692,0.02680965147453083,0.8288650580875782
0.12344582593250444,0.02486678507992895,0.027531083481349913,0.8241563055062167
0.12699115044247788,0.024778761061946902,0.027876106194690265,0.820353982300885
0.12857771906649054,0.02553940995156319,0.02774108322324967,0.8181417877586966
0.13062862238074008,0.026749888542131076,0.028979045920642,0.8136424431564868
0.12842012356575463,0.02471315092674316,0.028684907325684024,0.8181818181818182
0.12594235033259424,0.02483370288248337,0.027494456762749447,0.821729490022173
0.12907548012505582,0.02456453774006253,0.026797677534613668,0.819562304600268
0.12449977767896843,0.01956425077812361,0.026233881725211204,0.8297020898176968
0.12388193202146691,0.020125223613595707,0.025044722719141325,0.830948121645796
0.12078152753108348,0.021314387211367674,0.02486678507992895,0.8330373001776199
0.12040725984949092,0.023461708720672863,0.02390438247011952,0.8322266489597167
0.12439560439560439,0.025494505494505496,0.024175824175824177,0.8259340659340659
0.12148280482358195,0.027244305493523895,0.022778025904421618,0.8284948637784725
0.12263736263736263,0.028131868131868132,0.025494505494505496,0.8237362637362637
0.12875729026469268,0.026917900403768506,0.02736653207716465,0.8169582772543742
0.1302222222222222,0.024444444444444446,0.029333333333333333,0.816
0.12955643390426,0.024154589371980676,0.02766798418972332,0.818620992534036
0.129973474801061,0.02431476569407604,0.028293545534924844,0.8174182139699381
0.13342198581560283,0.024379432624113476,0.027039007092198582,0.8151595744680851
0.136986301369863,0.02342023862129916,0.0273972602739726,0.8121961997348652
0.13559322033898305,0.02631578947368421,0.024977698483496878,0.8131132917038358
0.14649122807017545,0.025,0.02412280701754386,0.8043859649122806
0.14374445430346053,0.026175687666370896,0.024844720496894408,0.8052351375332741
0.14712340799297322,0.025472112428634168,0.025911286780852,0.8014931927975406
0.14775725593667546,0.023306948109058926,0.025065963060686015,0.8038698328935796
0.14495331258337038,0.023566029346376166,0.028012449977767896,0.8034682080924855
0.144,0.02266666666666667,0.03111111111111111,0.8022222222222222
0.1456179775280899,0.02202247191011236,0.03191011235955056,0.8004494382022472
0.14520426287744229,0.021314387211367674,0.02975133214920071,0.8037300177619894
0.15267857142857144,0.019642857142857142,0.02857142857142857,0.7991071428571429
0.15097690941385436,0.021314387211367674,0.03063943161634103,0.7970692717584369
0.1556541019955654,0.020399113082039913,0.027937915742793792,0.7960088691796009
0.1568627450980392,0.020499108734402853,0.03074866310160428,0.7918894830659536
0.15220293724966621,0.020471740097908322,0.03115264797507788,0.7961726746773475
0.15648684797146678,0.019170753455193937,0.03165403477485511,0.7926883637984842
0.15669014084507044,0.019806338028169015,0.02948943661971831,0.7940140845070423
0.15971606033717836,0.02129547471162378,0.02883762200532387,0.790150842945874
0.15521064301552107,0.02261640798226164,0.029711751662971176,0.7924611973392461
0.14882274544646823,0.02132385606397157,0.03065304309195913,0.799200355397601
0.1489643014543852,0.021154693697664168,0.02864698104892023,0.8012340237990304
0.14463729417000445,0.02358700489541611,0.030262572318647086,0.8015131286159324
0.1433659839715049,0.02626892252894034,0.02715939447907391,0.8032056990204809
0.1446846052051169,0.02690780767534186,0.027348919276576972,0.8010586678429643
0.1407702523240372,0.02656042496679947,0.029659141212926073,0.8030101814962373
0.1390728476821192,0.02869757174392936,0.03090507726269316,0.8013245033112583
0.14034315882094148,0.03167619885613726,0.03255609326880774,0.7954245490541135
0.13620230700976044,0.032830523513753325,0.03371783496007098,0.7972493345164152
0.1424802110817942,0.032541776605101144,0.0316622691292876,0.793315743183817
0.14374721851357367,0.030707610146862484,0.030262572318647086,0.7952825990209168
0.14362176628010706,0.029884032114183764,0.028099910793933987,0.7983942908117752
0.14273127753303966,0.028634361233480177,0.027312775330396475,0.8013215859030837
0.14049217002237135,0.029977628635346757,0.029082774049217,0.8004474272930648
0.14368070953436807,0.030598669623059866,0.028824833702882482,0.7968957871396896
0.14178775869660942,0.02906208718626156,0.02686041391457508,0.802289740202554
0.14443462897526502,0.02871024734982332,0.030035335689045935,0.7968197879858657
0.15235579040070454,0.029502421840598855,0.029502421840598855,0.7886393659180978
0.14888888888888888,0.028444444444444446,0.02711111111111111,0.7955555555555556
0.15196078431372548,0.031194295900178252,0.024955436720142603,0.7918894830659536
0.15200721695985567,0.03067207938655841,0.02616147947677041,0.7911592241768155
0.14756317689530685,0.02888086642599278,0.027978339350180504,0.7955776173285198
0.1519434628975265,0.030035335689045935,0.02871024734982332,0.7893109540636042
0.15340151178301467,0.03023566029346376,0.027567807914628723,0.7887950200088928
0.15312916111850866,0.028406569019085663,0.02529960053262317,0.7931646693297825
0.1534719150818222,0.03007518796992481,0.023883237505528527,0.7925696594427245
0.15254237288135594,0.030330062444246207,0.022747546833184657,0.7943800178412131
0.1497563136907399,0.028799291094373063,0.021267168808152416,0.8001772264067346
0.15163572060123784,0.03050397877984085,0.022104332449160036,0.7957559681697612
0.1500441306266549,0.03265666372462489,0.021624007060900265,0.79567519858782
0.1534090909090909,0.03146853146853147,0.02403846153846154,0.791083916083916
0.15920177383592019,0.03015521064301552,0.024390243902439025,0.7862527716186253
0.1568191914704576,0.028431808085295423,0.024877832074633496,0.7898711683696135
0.1590308370044053,0.02643171806167401,0.025110132158590308,0.7894273127753304
0.16003536693191867,0.026967285587975242,0.026083112290008842,0.7869142351900973
0.15728843597696057,0.027913159060700046,0.0256978289765175,0.7891005759858218
0.15721877767936226,0.02878653675819309,0.025686448184233834,0.7883082373782108
0.1616206589492431,0.02983081032947462,0.023597506678539625,0.7849510240427426
0.15703573003970003,0.031318923687692984,0.026025584472871635,0.7856197617997354
0.15604395604395604,0.03164835164835165,0.024615384615384615,0.7876923076923077
0.15637494446912484,0.03154153709462461,0.02665482007996446,0.7854286983562861
0.16282165039929014,0.0323868677905945,0.02839396628216504,0.7763975155279503
0.16378162450066577,0.03151353750554816,0.026187305814469597,0.7785175321793165
0.15947136563876652,0.03480176211453744,0.02555066079295154,0.7801762114537445
0.15896081021576397,0.036547776309995596,0.025979744605900485,0.7785116688683399
0.16305788775961114,0.03623508616880247,0.02695536897923111,0.7737516570923553
0.1592526690391459,0.03558718861209965,0.026245551601423486,0.7789145907473309
0.15594280607685435,0.03663985701519214,0.025022341376228777,0.7823949955317248
0.15650224215246636,0.03632286995515695,0.02242152466367713,0.7847533632286996
0.15873721654068476,0.03646064917741218,0.020898176967541128,0.7839039573143619
0.15705412599822538,0.035048802129547474,0.022626441881100266,0.7852706299911268
0.15703573003970003,0.033083370092633436,0.023820026466696075,0.7860608734009704
0.15821947994711327,0.03305420890260027,0.027324812692816218,0.7814014984574702
0.15716829919857525,0.03294746215494212,0.02715939447907391,0.7827248441674087
0.15258007117437722,0.03113879003558719,0.026245551601423486,0.7900355871886121
0.15504220346512662,0.029764549089293647,0.027099067081297203,0.7880941803642826
0.15848214285714285,0.030357142857142857,0.03169642857142857,0.7794642857142857
0.15405164737310775,0.02894033837934105,0.03250222617987533,0.7845057880676759
0.16140506891951978,0.03156958648288128,0.03334815473543797,0.7736771898621609
0.15521855486173058,0.03166815343443354,0.034344335414808205,0.7787689562890276
0.15611061552185548,0.030776092774308653,0.034344335414808205,0.7787689562890276
0.15688888888888888,0.032,0.03422222222222222,0.7768888888888889
0.16362827923521564,0.03201422854602046,0.032458870609159626,0.7718986216096043
0.15733333333333333,0.03155555555555556,0.03288888888888889,0.7782222222222223
0.158011540168664,0.032401242787394584,0.03151353750554816,0.7780736795383932
0.16238938053097346,0.03672566371681416,0.030530973451327433,0.7703539823008849
0.15933098591549297,0.035211267605633804,0.028609154929577465,0.7768485915492958
0.15735359856951275,0.03531515422440769,0.028162717925793473,0.7791685292802861
0.16292382210479964,0.035667107001321,0.027300748568912372,0.774108322324967
0.16180371352785147,0.034924845269672856,0.030061892130857647,0.773209549071618
0.1593625498007968,0.033200531208499334,0.03054448871181939,0.7768924302788844
0.16061946902654867,0.03185840707964602,0.032300884955752215,0.7752212389380531
0.16486486486486487,0.03153153153153153,0.02972972972972973,0.7738738738738739
0.16421895861148197,0.030262572318647086,0.02892745883400089,0.7765910102358701
0.16113324479858343,0.03010181496237273,0.03408587870739265,0.7746790615316512
0.16681534344335414,0.031222123104371096,0.0352363960749331,0.7667261373773416
0.16532618409294011,0.0290437890974084,0.036193029490616625,0.7694369973190348
0.16836058329650905,0.03225806451612903,0.03314184710561202,0.7662395050817499
0.1671868033883192,0.030762371823450735,0.03299152920196166,0.7690592955862684
0.162533215234721,0.029229406554472984,0.032329495128432244,0.7759078830823738
0.16431095406360424,0.030035335689045935,0.03136042402826855,0.7742932862190812
0.16073018699910951,0.02894033837934105,0.032056990204808546,0.7782724844167409
0.1544894366197183,0.029049295774647887,0.032570422535211266,0.7838908450704225
0.15748031496062992,0.02930883639545057,0.03237095363079615,0.7808398950131233
0.16171909614532565,0.02924235711120957,0.02968542312804608,0.7793531236154188
0.16083296411165263,0.027913159060700046,0.02924235711120957,0.7820115197164378
0.16046099290780141,0.025709219858156027,0.027925531914893616,0.785904255319149
0.16137684398748323,0.02592758158247653,0.027268663388466695,0.7854269110415736
0.1632928475033738,0.026090868196131354,0.024291497975708502,0.7863247863247863
0.16437139049311417,0.02576632607729898,0.02576632607729898,0.7840959573522879
0.1592526690391459,0.029804270462633453,0.025355871886120998,0.7855871886120996
0.1601248884924175,0.028099910793933987,0.025423728813559324,0.7863514719000892
0.16211374832064487,0.027317510076130765,0.027765338110165697,0.7828034034930587
0.16204315279612505,0.028181417877586965,0.02686041391457508,0.7829150154117129
0.16883700044903457,0.027391109115401886,0.02918724741805119,0.7745846430175124
0.16703588834736377,0.028356225077536552,0.027913159060700046,0.7766947275143996
0.16600441501103752,0.02869757174392936,0.029580573951434878,0.7757174392935983
0.16519823788546256,0.029515418502202642,0.030837004405286344,0.7744493392070485
0.16028495102404275,0.03250222617987533,0.031611754229741766,0.7756010685663401
0.16511318242343542,0.032401242787394584,0.031069684864624945,0.771415889924545
0.16821602478972997,0.03275785745905268,0.029659141212926073,0.7693669765382912
0.16541019955654102,0.03237250554323725,0.028824833702882482,0.7733924611973393
0.16431718061674008,0.033480176211453744,0.028634361233480177,0.7735682819383259
0.16012351124834584,0.03484781649757389,0.02999558888398765,0.7750330833700926
0.1614490161001789,0.03354203935599284,0.029516994633273702,0.7754919499105546
0.16356382978723405,0.030585106382978722,0.03102836879432624,0.774822695035461
0.1656387665198238,0.029955947136563875,0.032158590308370046,0.7722466960352423
0.1662990736656374,0.030436700485222762,0.031318923687692984,0.7719453021614469
0.17045961624274877,0.03302097278000892,0.03302097278000892,0.7634984381972334
0.16770462633451957,0.03113879003558719,0.03291814946619217,0.7682384341637011
0.16718266253869968,0.03228659885006634,0.03494029190623618,0.7655904467049978
0.16688800354139,0.033200531208499334,0.03497122620628597,0.7649402390438247
0.1603019538188277,0.03285968028419183,0.035523978685612786,0.7713143872113677
0.15977112676056338,0.03345070422535211,0.035211267605633804,0.7715669014084507
0.15946547884187082,0.03296213808463252,0.032516703786191536,0.7750556792873051
0.16190900981266726,0.03612845673505798,0.034344335414808205,0.7676181980374666
0.16140506891951978,0.035126722987994664,0.032458870609159626,0.7710093374833259
0.1586389748121962,0.034025629695095004,0.031816173221387536,0.7755192222713213
0.15752212389380532,0.031415929203539826,0.033185840707964605,0.7778761061946903
0.16283185840707964,0.03185840707964602,0.034070796460176994,0.7712389380530974
0.16274944567627495,0.03237250554323725,0.03503325942350333,0.7698447893569845
0.16822015090989792,0.03195739014647137,0.037283621837549935,0.7625388371060808
0.16287371709058457,0.030789825970548863,0.03792949576082106,0.7684069611780455
0.16570669029685423,0.028356225077536552,0.0358883473637572,0.770048737261852
0.16017699115044248,0.027876106194690265,0.03672566371681416,0.7752212389380531
0.1620309050772627,0.026048565121412803,0.03532008830022075,0.7766004415011037
0.15828924162257496,0.025573192239858905,0.03439153439153439,0.7817460317460317
0.15826702033598586,0.02564102564102564,0.032714412024756855,0.7833775419982316
0.15180935569285084,0.026919682259488084,0.03398058252427184,0.7872903795233892
0.1542933810375671,0.028622540250447227,0.03264758497316637,0.7844364937388193
0.16076173604960142,0.026572187776793623,0.03188662533215235,0.7807794508414526
0.15873015873015872,0.02601410934744268,0.031746031746031744,0.7835097001763669
0.15870910698496907,0.025198938992042442,0.03183023872679045,0.784261715296198
0.1641323792486583,0.025044722719141325,0.02817531305903399,0.7826475849731663
0.16577060931899643,0.023745519713261647,0.03181003584229391,0.7786738351254481
0.16180371352785147,0.023430592396109638,0.03227232537577365,0.7824933687002652
0.16334661354581673,0.02478972996901284,0.033643204957945996,0.7782204515272244
0.16510903426791276,0.024477080551846907,0.032932799287939477,0.7774810858923008
0.1622222222222222,0.024888888888888887,0.034666666666666665,0.7782222222222223
0.1671840354767184,0.025720620842572064,0.03325942350332594,0.7738359201773836
0.1652097902097902,0.031031468531468532,0.03277972027972028,0.7709790209790209
0.1688253684680661,0.03171058508262617,0.03394372487717731,0.7655203215721305
0.17058041648205582,0.034116083296411165,0.033673017279574655,0.7616304829419583
0.17322138753866548,0.03535130357931949,0.034025629695095004,0.75740167918692
0.17115130127922365,0.03617115130127922,0.03396559329510366,0.7587119541243935
0.16851441241685144,0.03547671840354767,0.03458980044345898,0.761419068736142
0.16808225301743407,0.03442109968708091,0.03173893607510058,0.7657577112203845
0.16844919786096257,0.03208556149732621,0.03074866310160428,0.7687165775401069
0.17168141592920355,0.030973451327433628,0.02920353982300885,0.768141592920354
0.1682078379568472,0.02774108322324967,0.030823425803610745,0.7732276530162924
0.16990291262135923,0.028684907325684024,0.028684907325684024,0.7727272727272727
0.1669603524229075,0.02907488986784141,0.029515418502202642,0.7744493392070485
0.16354723707664884,0.028966131907308377,0.0285204991087344,0.7789661319073083
0.1592920353982301,0.027876106194690265,0.02831858407079646,0.7845132743362832
0.1624007060900265,0.026919682259488084,0.026919682259488084,0.7837599293909974
0.16614837849844513,0.028431808085295423,0.027099067081297203,0.7783207463349623
0.16483032172763332,0.028206258263552227,0.028206258263552227,0.7787571617452622
0.1669603524229075,0.02643171806167401,0.030837004405286344,0.7757709251101321
0.163854351687389,0.02930728241563055,0.03330373001776199,0.7735346358792184
0.16024789729969013,0.027888446215139442,0.035856573705179286,0.7760070827799912
0.1661578717836895,0.02529437418229394,0.03750545137374618,0.7710423026602704
0.16718541574032902,0.026678523788350377,0.035571365051133834,0.7705646954201868
0.17159241288045876,0.025584472871636524,0.033083370092633436,0.7697397441552712
0.1673324456280515,0.028406569019085663,0.032401242787394584,0.7718597425654683
0.164225477141589,0.03062583222370173,0.032401242787394584,0.7727474478473146
0.16452328159645233,0.02926829268292683,0.03414634146341464,0.7720620842572062
0.1654708520179372,0.029596412556053813,0.033632286995515695,0.7713004484304933
0.16644235082996858,0.03140421713772992,0.03050695379093764,0.7716464782413638
0.16352201257861634,0.031446540880503145,0.031446540880503145,0.7735849056603774
0.16089887640449438,0.031011235955056178,0.029662921348314608,0.7784269662921348
0.15883668903803133,0.03087248322147651,0.029082774049217,0.7812080536912752
0.15701017249004864,0.03140203449800973,0.02830605926581159,0.7832817337461301
0.15805739514348785,0.031788079470198675,0.027373068432671083,0.7827814569536424
0.1592328278322926,0.030776092774308653,0.028991971454058876,0.7809991079393399
0.16140350877192983,0.034210526315789476,0.02982456140350877,0.7745614035087719
0.15989280928986155,0.03260384100044663,0.029477445288075034,0.7780259044216168
0.1605321507760532,0.03237250554323725,0.03015521064301552,0.776940133037694
0.1593625498007968,0.034528552456839307,0.03010181496237273,0.7760070827799912
0.1615015277171541,0.03535573985159319,0.028808380619816675,0.7743343518114361
0.1588702559576346,0.03618711385701677,0.030450132391879964,0.7744924977934686
0.15805739514348785,0.03532008830022075,0.030463576158940398,0.776158940397351
0.15582115980522354,0.03408587870739265,0.029216467463479414,0.7808764940239044
0.14926699244780098,0.0346512661039538,0.030208796090626388,0.7858729453576189
0.15415194346289754,0.03445229681978799,0.030035335689045935,0.7813604240282686
0.15155555555555555,0.032,0.03244444444444444,0.784
0.15638963360142985,0.02993744414655943,0.0290437890974084,0.7846291331546024
0.15505913272010513,0.029785370127025843,0.02803328953131844,0.7871222076215506
0.16094986807387862,0.031222515391380826,0.029463500439753737,0.7783641160949868
0.15486725663716813,0.03008849557522124,0.03274336283185841,0.7823008849557522
0.14816452896948254,0.03140203449800973,0.03272888102609465,0.787704555506413
0.14770191878625613,0.03346720214190094,0.035252119589468986,0.783578759482374
0.15394794883105425,0.030877812086457873,0.030877812086457873,0.78429642699603
0.1534761696545693,0.031919545255793616,0.031045037166593792,0.7835592479230433
0.15656789031402035,0.029632905793896505,0.028748341441839895,0.7850508624502432
0.1588495575221239,0.02831858407079646,0.030530973451327433,0.7823008849557522
0.15737851092287117,0.02630405706642889,0.03209986625055729,0.7842175657601427
0.15841142347166443,0.025435073627844713,0.03034359660865685,0.785809906291834
0.15285777580859547,0.024811696942844484,0.028799291094373063,0.793531236154187
0.15579868708971553,0.02363238512035011,0.026695842450765863,0.7938730853391684
0.16090425531914893,0.02171985815602837,0.028812056737588652,0.788563829787234
0.15780062583817614,0.019669199821189094,0.029950827000447027,0.7925793473401878
0.15298840321141838,0.02096342551293488,0.029438001784121322,0.7966101694915254
0.16049382716049382,0.02292768959435626,0.0291005291005291,0.7874779541446209
0.16371681415929204,0.02168141592920354,0.029646017699115044,0.7849557522123893
0.1627179257934734,0.02101028162717926,0.029950827000447027,0.7863209655789003
0.16475265017667845,0.021643109540636044,0.030918727915194347,0.7826855123674912
0.1724137931034483,0.022546419098143235,0.03050397877984085,0.7745358090185677
0.1613909942041908,0.0231832367365136,0.03165403477485511,0.7837717342844405
0.16593503072870938,0.024143985952589993,0.02897278314310799,0.7809482001755926
0.16335540838852097,0.024282560706401765,0.03090507726269316,0.7814569536423841
0.16341030195381884,0.02664298401420959,0.027531083481349913,0.7824156305506217
0.16674057649667406,0.0270509977827051,0.029711751662971176,0.7764966740576497
0.1705150976909414,0.026198934280639432,0.03063943161634103,0.7726465364120781
0.17339246119733925,0.025277161862527715,0.03015521064301552,0.7711751662971175
0.1763668430335097,0.023809523809523808,0.028659611992945325,0.7711640211640212
0.17422222222222222,0.025777777777777778,0.029333333333333333,0.7706666666666667
0.1758193091231178,0.026572187776793623,0.031443755535872454,0.7661647475642162
0.17246049661399548,0.024830699774266364,0.03069977426636569,0.7720090293453724
0.16845397676496873,0.024128686327077747,0.0290437890974084,0.7783735478105451
0.16622340425531915,0.024822695035460994,0.027925531914893616,0.7810283687943262
0.17033450704225353,0.022887323943661973,0.029049295774647887,0.7777288732394366
0.17136563876651983,0.02290748898678414,0.025991189427312777,0.7797356828193832
0.17042939353696326,0.02390438247011952,0.027888446215139442,0.7777777777777778
0.16659321286910533,0.023358307624504186,0.028206258263552227,0.7818422212428383
0.17154255319148937,0.024379432624113476,0.028368794326241134,0.775709219858156
0.17145382235969953,0.023862129916040652,0.029606716747680072,0.7750773309765797
0.16681338028169015,0.02420774647887324,0.030809859154929578,0.778169014084507
0.1671099290780142,0.024822695035460994,0.02925531914893617,0.7788120567375887
0.1720620842572062,0.026607538802660754,0.031042128603104215,0.7702882483370288
0.16540684748777235,0.028901734104046242,0.031124944419742107,0.7745664739884393
0.16651785714285713,0.029017857142857144,0.029464285714285714,0.775
0.1664459161147903,0.0282560706401766,0.030022075055187638,0.7752759381898455
0.16890080428954424,0.028596961572832886,0.03395889186773905,0.7685433422698839
0.1737382760160786,0.027690933452434122,0.033497096918267084,0.7650736936132202
0.17292225201072386,0.029490616621983913,0.03395889186773905,0.7636282394995532
0.16996047430830039,0.02854633289415898,0.03469477382520861,0.766798418972332
0.17592181252776543,0.030208796090626388,0.03509551310528654,0.7587738782763216
0.17346938775510204,0.03194321206743567,0.03460514640638864,0.7599822537710736
0.17068811438784628,0.031724754244861486,0.03395889186773905,0.7636282394995532
0.16689158794421952,0.03148897885739991,0.03508771929824561,0.766531713900135
0.1664459161147903,0.033112582781456956,0.03576158940397351,0.7646799116997792
0.1694086260560249,0.03601600711427301,0.03423743886171632,0.7603379279679857
0.17012814847547503,0.031816173221387536,0.034909412284577994,0.7631462660185594
0.16755793226381463,0.028966131907308377,0.03297682709447415,0.7704991087344029
0.1689457432730481,0.0282311424790472,0.02999558888398765,0.7728275253639171
0.1686534216335541,0.030463576158940398,0.02869757174392936,0.7721854304635761
0.17406749555950266,0.03152753108348135,0.028419182948490232,0.7659857904085258
0.17152961980548187,0.03138815207780725,0.026967285587975242,0.7701149425287356
0.16982796647551832,0.030436700485222762,0.027790030877812087,0.7719453021614469
0.1744186046511628,0.03175313059033989,0.02996422182468694,0.7638640429338104
0.17255252570406795,0.03173893607510058,0.029503799731783638,0.7662047384890478
0.17100538599640933,0.03321364452423698,0.02917414721723519,0.7666068222621185
0.17186108637577915,0.030721282279608193,0.029385574354407838,0.7680320569902048
0.17464539007092197,0.030141843971631204,0.031471631205673756,0.7637411347517731
0.17534490431686695,0.030707610146862484,0.03382287494437027,0.7601246105919003
0.17285587975243147,0.030061892130857647,0.034924845269672856,0.762157382847038
0.1740855002203614,0.030850594975760245,0.03437637725870427,0.7606875275451741
0.17574147853032315,0.03142983621071271,0.035413899955732624,0.7574147853032315
0.17877842175657602,0.03120820329915292,0.032545697726259475,0.7574676772180116
0.1756161971830986,0.03125,0.03125,0.7618838028169014
0.1792242532322782,0.030762371823450735,0.029424877396344182,0.7605884975479269
0.18301803783545975,0.027716673999120107,0.029916410030796304,0.7593488781346238
0.1835387323943662,0.029049295774647887,0.026848591549295774,0.7605633802816901
0.18471056120194432,0.029164825452938577,0.02562969509500663,0.7604949182501105
0.1891891891891892,0.03190075321222862,0.024811696942844484,0.7540983606557377
0.18898678414096917,0.03436123348017621,0.024669603524229075,0.7519823788546256
0.18465655664585193,0.03746654772524532,0.024977698483496878,0.7528991971454059
0.18495297805642633,0.03493058665472459,0.027765338110165697,0.7523510971786834
0.18836072856508218,0.033762772101288314,0.025322079075966238,0.7525544202576633
0.1892130857648099,0.029177718832891247,0.026525198938992044,0.7550839964633068
0.19430858159181857,0.029791018230324588,0.029346376167185415,0.7465540240106714
0.19091710758377425,0.0291005291005291,0.02821869488536155,0.7517636684303352
0.18526785714285715,0.028125,0.029464285714285714,0.7571428571428571
0.18521777386713595,0.027276726792784867,0.031236251649802024,0.7562692476902771
0.1855123674911661,0.02782685512367491,0.030035335689045935,0.7566254416961131
0.18410596026490067,0.030022075055187638,0.03090507726269316,0.7549668874172185
0.1816976127320955,0.027851458885941646,0.03359858532272325,0.7568523430592397
0.1835920177383592,0.027494456762749447,0.03592017738359202,0.7529933481152994
0.1808085295424256,0.02576632607729898,0.03553976010661928,0.7578853842736561
0.1800262812089356,0.025405168637757335,0.035479632063074903,0.7590889180902322
0.17706949977866313,0.025232403718459494,0.03098716246126605,0.7667109340416113
0.17121144389807777,0.024586499776486366,0.029950827000447027,0.7742512293249888
0.17521176995095855,0.022737405260811413,0.034774855104770394,0.7672759696834597
0.17673179396092362,0.025310834813499113,0.03197158081705151,0.7659857904085258
0.1756876663708962,0.025732031943212066,0.03327417923691216,0.7653061224489796
0.17419921017990347,0.025888547608600262,0.03466432645897324,0.765247915752523
0.175054704595186,0.0262582056892779,0.03326039387308534,0.7654266958424507
0.18086040386303776,0.025460930640913083,0.033362598770851626,0.7603160667251976
0.18410596026490067,0.025165562913907286,0.03487858719646799,0.7558498896247241
0.18149307107733573,0.027268663388466695,0.0348681269557443,0.7563701385784533
0.18149466192170818,0.027580071174377226,0.032473309608540925,0.7584519572953736
0.1824264049955397,0.027653880463871544,0.030776092774308653,0.7591436217662801
0.1841297676457694,0.0263042525208242,0.02761946514686541,0.761946514686541
0.18521816562778273,0.02626892252894034,0.02715939447907391,0.761353517364203
0.18627450980392157,0.026292335115864526,0.02807486631016043,0.7593582887700535
0.18636564851704293,0.02611775121735281,0.0283311199645861,0.7591854803010182
0.1891891891891892,0.02525476295968099,0.028356225077536552,0.7571998227735932
0.19072847682119207,0.024282560706401765,0.026931567328918323,0.7580573951434879
0.18644818423383525,0.02745792736935341,0.026572187776793623,0.7595217006200177
0.18659020732245257,0.029554477282752536,0.025584472871636524,0.7582708425231584
0.1835024261138068,0.030877812086457873,0.026025584472871635,0.7595941773268637
0.1825817860300619,0.02961980548187445,0.028293545534924844,0.7595048629531388
0.19017857142857142,0.030357142857142857,0.025,0.7544642857142857
0.19622475856014046,0.029850746268656716,0.025460930640913083,0.7484635645302897
0.19223907225691347,0.027207850133809098,0.026761819803746655,0.7537912578055308
0.19404973357015987,0.02975133214920071,0.023534635879218474,0.7526642984014209
0.19549867608120036,0.02824360105913504,0.02559576345984113,0.7506619593998235
0.1963109354413702,0.025911286780852,0.025032938076416336,0.7527448397013614
0.19656992084432717,0.025945470536499562,0.025065963060686015,0.7524186455584873
0.19630281690140844,0.02464788732394366,0.02596830985915493,0.753080985915493
0.1935771632471008,0.024977698483496878,0.025869759143621766,0.7555753791257805
0.19456812110418523,0.024933214603739984,0.02315227070347284,0.757346393588602
0.19176262178919398,0.023914968999114262,0.024800708591674048,0.7595217006200177
0.1904549509366637,0.024531668153434435,0.02631578947368421,0.7586975914362176
0.1882716049382716,0.026455026455026454,0.027777777777777776,0.7574955908289241
0.18996893031513537,0.027075011096316024,0.027075011096316024,0.7558810474922326
0.1878868258178603,0.026525198938992044,0.029177718832891247,0.7564102564102564
0.1836644591611479,0.026931567328918323,0.031788079470198675,0.7576158940397351
0.18173679498657117,0.02864816472694718,0.03222918531781558,0.7573858549686661
0.1836734693877551,0.030612244897959183,0.031055900621118012,0.7546583850931677
0.1833184656556646,0.030776092774308653,0.029884032114183764,0.756021409455843
0.1876114081996435,0.03163992869875223,0.029857397504456328,0.7508912655971479
0.18190004502476362,0.034218820351193155,0.03241782980639352,0.7514633048176497
0.19577907498877414,0.03412662775033678,0.03322855859901212,0.736865738661877
0.19885108263367213,0.03314184710561202,0.033583738400353516,0.7344233318603623
0.1988611476127902,0.0337275514673675,0.03153745072273324,0.735873850197109
0.20353200883002207,0.03443708609271523,0.032671081677704196,0.7293598233995585
0.2063705697622252,0.033647375504710635,0.03140421713772992,0.7285778375953342
0.20842572062084258,0.03370288248337029,0.030598669623059866,0.7272727272727273
0.21115537848605578,0.03098716246126605,0.029659141212926073,0.7281983178397521
0.21832529592284086,0.03024989039894783,0.029373081981587022,0.7220517316966243
0.22281167108753316,0.03094606542882405,0.030061892130857647,0.7161803713527851
0.2209405501330967,0.031055900621118012,0.02883762200532387,0.7191659272404614
0.22005323868677906,0.02883762200532387,0.029724933451641525,0.7213842058562555
0.2264403751674855,0.02992407324698526,0.028584189370254576,0.7150513622152747
0.22824156305506216,0.02930728241563055,0.03019538188277087,0.7122557726465364
0.2222222222222222,0.029333333333333333,0.030222222222222223,0.7182222222222222
0.21486123545210384,0.02864816472694718,0.03133393017009848,0.7251566696508505
0.22436184505150022,0.028660994178235557,0.029556650246305417,0.7174205105239588
0.22735346358792186,0.02797513321492007,0.03152753108348135,0.7131438721136767
0.22053571428571428,0.028125,0.029017857142857144,0.7223214285714286
0.22921249450065992,0.030796304443466784,0.028156621205455347,0.711834579850418
0.23124177270732776,0.030276437033786747,0.028082492321193506,0.710399297937692
0.22699115044247786,0.03274336283185841,0.02743362831858407,0.7128318584070796
0.22727272727272727,0.03253119429590018,0.024509803921568627,0.7156862745098039
0.22723214285714285,0.03125,0.022767857142857142,0.71875
0.23032714412024757,0.03094606542882405,0.021220159151193633,0.7175066312997348
0.23014804845222073,0.03230148048452221,0.01794526693584567,0.7196052041274114
0.22862206468763846,0.03278688524590164,0.0203810367744794,0.7182100132919805
0.23148558758314855,0.03414634146341464,0.01951219512195122,0.7148558758314856
0.2296756996890271,0.0368725011106175,0.019546868058640605,0.7139049311417148
0.2309407044137316,0.036558181007579134,0.020954079358002677,0.7115470352206866
0.22982774252039892,0.03445149592021759,0.019945602901178604,0.7157751586582048
0.22984942426926483,0.03277236492471213,0.01948627103631532,0.7178919397697077
0.23614775725593667,0.03210202286719437,0.01802990325417766,0.7137203166226913
0.22422907488986785,0.03303964757709251,0.019823788546255508,0.7229074889867841
0.218859649122807,0.03508771929824561,0.02368421052631579,0.7223684210526315
0.21900089206066012,0.037020517395182875,0.026761819803746655,0.7172167707404103
0.2137777777777778,0.036444444444444446,0.02666666666666667,0.7231111111111111
0.20862676056338028,0.035211267605633804,0.026848591549295774,0.7293133802816901
0.2087227414330218,0.03471295060080107,0.02848242100578549,0.7280818869603917
0.2040636042402827,0.037985865724381625,0.02782685512367491,0.7301236749116607
0.20247568523430592,0.03713527851458886,0.026083112290008842,0.7343059239610964
0.20221729490022172,0.03636363636363636,0.02350332594235033,0.7379157427937916
0.2014165559982293,0.03497122620628597,0.02213368747233289,0.7414785303231518
0.19911308203991132,0.037694013303769404,0.01951219512195122,0.743680709534368
0.199203187250996,0.03629924745462594,0.0199203187250996,0.7445772465692785
0.19373345101500442,0.038393645189761696,0.019417475728155338,0.7484554280670785
0.19323241317898487,0.03829029385574354,0.020035618878005344,0.7484416740872663
0.19317678334071778,0.03810367744793974,0.01993797075764289,0.7487815684536996
0.19350533807829182,0.04225978647686833,0.02090747330960854,0.7433274021352313
0.1927710843373494,0.04462293618920125,0.020972780008924587,0.7416331994645248
0.19169611307420495,0.04372791519434629,0.02075971731448763,0.7438162544169611
0.18650088809946713,0.04396092362344583,0.018650088809946713,0.7508880994671403
0.19184758529020823,0.04164820558263181,0.017722640673460344,0.7487815684536996
0.19235836627140976,0.04040404040404041,0.021519543258673692,0.7457180500658761
0.19427036705461057,0.04028648164726947,0.024619516562220233,0.7408236347358997
0.1871345029239766,0.038236617183985605,0.029689608636977057,0.7449392712550608
0.18569524655708575,0.03642825410928476,0.03154153709462461,0.7463349622390049
0.18326693227091634,0.034528552456839307,0.027888446215139442,0.7543160690571049
0.1847922192749779,0.030061892130857647,0.027409372236958444,0.757736516357206
0.18890356671070013,0.028621752531924262,0.02774108322324967,0.7547335975341259
0.18705357142857143,0.027678571428571427,0.032589285714285716,0.7526785714285714
0.18553459119496854,0.027852650494159928,0.029649595687331536,0.75696316262354
0.18592297476759628,0.02656042496679947,0.02656042496679947,0.7609561752988048
0.18861209964412812,0.028469750889679714,0.026245551601423486,0.7566725978647687
0.18181818181818182,0.030598669623059866,0.02483370288248337,0.7627494456762749
0.18593406593406595,0.02989010989010989,0.024615384615384615,0.7595604395604396
0.18821966341895482,0.03188662533215235,0.024800708591674048,0.7550930026572188
0.18967052537845058,0.02983081032947462,0.025378450578806767,0.755120213713268
0.19666966696669666,0.026552655265526554,0.027002700270027002,0.7497749774977498
0.1923766816143498,0.027354260089686097,0.02600896860986547,0.7542600896860987
0.19223907225691347,0.030330062444246207,0.025869759143621766,0.7515611061552185
0.19113082039911308,0.03015521064301552,0.0270509977827051,0.7516629711751663
