C,D,Oc,Od
1.0,0.0,0.0,0.0
0.5,0.5,0.0,0.0
0.6666666666666666,0.3333333333333333,0.0,0.0
0.6666666666666666,0.3333333333333333,0.0,0.0
0.6666666666666666,0.3333333333333333,0.0,0.0
0.5,0.5,0.0,0.0
0.4,0.4,0.2,0.0
0.4,0.4,0.2,0.0
0.5,0.3333333333333333,0.16666666666666666,0.0
0.5,0.16666666666666666,0.16666666666666666,0.16666666666666666
0.5,0.125,0.125,0.25
0.5,0.1,0.1,0.3
0.6666666666666666,0.0,0.1111111111111111,0.2222222222222222
0.8,0.0,0.1,0.1
0.75,0.0,0.08333333333333333,0.16666666666666666
0.6666666666666666,0.08333333333333333,0.08333333333333333,0.16666666666666666
0.6666666666666666,0.16666666666666666,0.08333333333333333,0.08333333333333333
0.6428571428571429,0.14285714285714285,0.07142857142857142,0.14285714285714285
0.7222222222222222,0.1111111111111111,0.05555555555555555,0.1111111111111111
0.7777777777777778,0.1111111111111111,0.0,0.1111111111111111
0.7916666666666666,0.125,0.0,0.08333333333333333
0.7857142857142857,0.07142857142857142,0.03571428571428571,0.10714285714285714
0.7941176470588235,0.058823529411764705,0.058823529411764705,0.08823529411764706
0.7631578947368421,0.05263157894736842,0.10526315789473684,0.07894736842105263
0.8085106382978723,0.0425531914893617,0.0851063829787234,0.06382978723404255
0.8,0.05,0.06666666666666667,0.08333333333333333
0.8108108108108109,0.04054054054054054,0.05405405405405406,0.0945945945945946
0.8351648351648352,0.03296703296703297,0.03296703296703297,0.0989010989010989
0.831858407079646,0.035398230088495575,0.017699115044247787,0.11504424778761062
0.8421052631578947,0.03007518796992481,0.015037593984962405,0.11278195488721804
0.84,0.02,0.013333333333333334,0.12666666666666668
0.8260869565217391,0.03260869565217391,0.016304347826086956,0.125
0.8109452736318408,0.03980099502487562,0.009950248756218905,0.13930348258706468
0.8085106382978723,0.03404255319148936,0.00425531914893617,0.15319148936170213
0.7969924812030075,0.03759398496240601,0.0037593984962406013,0.16165413533834586
0.7796052631578947,0.03289473684210526,0.009868421052631578,0.17763157894736842
0.7749287749287749,0.03133903133903134,0.008547008547008548,0.18518518518518517
0.7777777777777778,0.026455026455026454,0.007936507936507936,0.18783068783068782
0.765375854214123,0.022779043280182234,0.00683371298405467,0.20501138952164008
0.7415966386554622,0.025210084033613446,0.008403361344537815,0.22478991596638656
0.725897920604915,0.026465028355387523,0.011342155009451797,0.23629489603024575
0.7255892255892256,0.02356902356902357,0.010101010101010102,0.24074074074074073
0.7145061728395061,0.020061728395061727,0.009259259259259259,0.25617283950617287
0.6984352773826458,0.015647226173541962,0.008534850640113799,0.2773826458036984
0.6895213454075032,0.015523932729624839,0.009055627425614488,0.2858990944372574
0.6856435643564357,0.018564356435643563,0.011138613861386138,0.28465346534653463
0.693422519509476,0.017837235228539576,0.011148272017837236,0.27759197324414714
0.6797116374871267,0.016477857878475798,0.012358393408856848,0.29145211122554066
0.6753875968992248,0.015503875968992248,0.011627906976744186,0.29748062015503873
0.6747529200359389,0.016172506738544475,0.01078167115902965,0.29829290206648695
0.6829875518672199,0.014937759336099586,0.00995850622406639,0.2921161825726141
0.6589456869009584,0.016773162939297124,0.010383386581469648,0.31389776357827476
0.6539895600298284,0.017897091722595078,0.011185682326621925,0.3169276659209545
0.6492957746478873,0.016901408450704224,0.014084507042253521,0.31971830985915495
0.6416497633536173,0.018931710615280595,0.016903313049357674,0.3225152129817444
0.634900193174501,0.02189311010946555,0.0180296200901481,0.3251770766258854
0.6295369211514393,0.02190237797246558,0.016896120150187734,0.3316645807259074
0.6343195266272189,0.022485207100591716,0.014792899408284023,0.32840236686390534
0.6353558926487748,0.020420070011668612,0.014002333722287048,0.33022170361726955
0.6313416009019166,0.019165727170236752,0.012965050732807215,0.3365276211950395
0.6359696641386782,0.01950162513542795,0.017876489707475622,0.3266522210184182
0.6294549266247379,0.020440251572327043,0.019916142557651992,0.330188679245283
0.6237675142708874,0.021795537104307212,0.019719771665801765,0.33471717695900366
0.6191435768261965,0.02468513853904282,0.01662468513853904,0.3395465994962217
0.6142857142857143,0.024630541871921183,0.01625615763546798,0.3448275862068966
0.6202107279693486,0.022030651340996167,0.017720306513409962,0.3400383141762452
0.6256532066508314,0.02327790973871734,0.017577197149643706,0.3334916864608076
0.6185374941779227,0.02142524452724732,0.020027945971122497,0.3400093153237075
0.6283226397800183,0.021081576535288724,0.02016498625114574,0.3304307974335472
0.6198536139066788,0.021957913998170174,0.021500457456541628,0.3366880146386093
0.6190261496844004,0.023444544634806132,0.021190261496844005,0.3363390441839495
0.6183793571751924,0.02444545043005885,0.021729289271163424,0.33544590312358535
0.615036231884058,0.0276268115942029,0.024003623188405796,0.3333333333333333
0.6143497757847534,0.02914798206278027,0.02376681614349776,0.3327354260089686
0.6066666666666667,0.029777777777777778,0.02666666666666667,0.3368888888888889
0.6031886625332152,0.029229406554472984,0.030558015943312665,0.33702391496899914
0.6033792796798577,0.031124944419742107,0.030680302356602934,0.33481547354379726
0.6077471059661621,0.02715939447907391,0.02715939447907391,0.3379341050756901
0.603731674811195,0.027099067081297203,0.027099067081297203,0.34207019102621056
0.6064630367419213,0.029216467463479414,0.025232403718459494,0.3390880920761399
0.5983170947741364,0.03100088573959256,0.025686448184233834,0.3449955713020372
0.6063829787234043,0.030585106382978722,0.02526595744680851,0.3377659574468085
0.6114311032343819,0.02968542312804608,0.026140894993354008,0.33274257864421797
0.6103494029190624,0.026536930561698365,0.028748341441839895,0.33436532507739936
0.6081141328577797,0.024520731163620153,0.028533214444939812,0.33883192153366026
0.6082887700534759,0.024955436720142603,0.028966131907308377,0.33778966131907306
0.601237842617153,0.02431476569407604,0.028735632183908046,0.34571175950486294
0.5916370106761566,0.028469750889679714,0.03113879003558719,0.3487544483985765
0.5957828622700763,0.028712427097353072,0.03095558546433378,0.3445491251682369
0.5973094170403588,0.030493273542600896,0.028251121076233184,0.3439461883408072
0.5975011155734047,0.030789825970548863,0.027666220437304774,0.34404283801874164
0.600176133861735,0.029502421840598855,0.02774108322324967,0.3425803610744166
0.5996425379803396,0.0290437890974084,0.031724754244861486,0.33958891867739055
0.5910500664599025,0.02924235711120957,0.033673017279574655,0.34603455914931325
0.5898350423539902,0.028533214444939812,0.034329023629068214,0.34730271957200176
0.590625,0.02857142857142857,0.033482142857142856,0.34732142857142856
0.5796064400715564,0.029516994633273702,0.03130590339892665,0.3595706618962433
0.5775784753363229,0.02914798206278027,0.03094170403587444,0.36233183856502243
0.5775089605734767,0.029121863799283155,0.02867383512544803,0.36469534050179214
0.5801801801801801,0.027927927927927927,0.027477477477477478,0.3644144144144144
0.5771812080536913,0.028635346756152126,0.029082774049217,0.3651006711409396
0.5748449955713021,0.030558015943312665,0.026572187776793623,0.36802480070859167
0.5682226211849192,0.03321364452423698,0.027378815080789945,0.37118491921005387
0.5755944369672499,0.02826379542395693,0.028712427097353072,0.3674293405114401
0.5706642888987963,0.02630405706642889,0.026749888542131076,0.3762817654926438
0.5714920071047958,0.025310834813499113,0.026198934280639432,0.37699822380106573
0.5682624113475178,0.024822695035460994,0.0274822695035461,0.37943262411347517
0.5660124888492417,0.024977698483496878,0.029438001784121322,0.37957181088314007
0.567652329749104,0.025537634408602152,0.03046594982078853,0.3763440860215054
0.5618027666220438,0.0249888442659527,0.031236055332440876,0.3819723337795627
0.5682722050375607,0.024745912505523642,0.029164825452938577,0.377817057003977
0.5741239892183289,0.025157232704402517,0.02830188679245283,0.3724168912848158
0.5714934180662733,0.02723558783477077,0.026781661370857923,0.37448933272809803
0.5722543352601156,0.026233881725211204,0.026233881725211204,0.375277901289462
0.5777975925100312,0.02630405706642889,0.024520731163620153,0.37137761925991974
0.5806884219937416,0.02592758158247653,0.022798390701832812,0.37058560572194904
0.5882614495331259,0.02712316585148955,0.020453534904401955,0.36416184971098264
0.5805160142348754,0.02802491103202847,0.022686832740213523,0.36877224199288255
0.5764288879042977,0.02658396101019052,0.02525476295968099,0.37173238812583076
0.5792980897378943,0.027099067081297203,0.027099067081297203,0.36650377609951135
0.5718736092567869,0.027592345349354695,0.027592345349354695,0.3729417000445038
0.5741071428571428,0.026339285714285714,0.027232142857142858,0.3723214285714286
0.5791111111111111,0.02311111111111111,0.02666666666666667,0.3711111111111111
0.5814159292035398,0.02256637168141593,0.026106194690265486,0.36991150442477877
0.5715547703180212,0.022084805653710248,0.02782685512367491,0.37853356890459366
0.5745149911816578,0.02072310405643739,0.026895943562610228,0.37786596119929455
0.5814880425155005,0.021700620017714792,0.0283436669619132,0.36846767050487156
0.5817456801063359,0.02303943287549845,0.027913159060700046,0.3673017279574657
0.583444001770695,0.02257636122177955,0.027003098716246128,0.36697653829127935
0.5775022143489814,0.023472099202834367,0.0283436669619132,0.37068201948627105
0.5853658536585366,0.022172949002217297,0.027494456762749447,0.3649667405764967
0.5834064969271291,0.021071115013169446,0.027216856892010536,0.36830553116769094
0.5804444444444444,0.023555555555555555,0.02711111111111111,0.3688888888888889
0.5753363228699552,0.023318385650224215,0.025560538116591928,0.3757847533632287
0.5746302106678619,0.021515015688032272,0.026445540116539667,0.3774092335275661
0.5712359550561797,0.020224719101123594,0.029662921348314608,0.37887640449438204
0.5770593445527015,0.023029229406554472,0.027900797165633304,0.3720106288751107
0.5742793791574279,0.02261640798226164,0.025277161862527715,0.3778270509977827
0.5737777777777778,0.022222222222222223,0.026222222222222223,0.37777777777777777
0.5699020480854853,0.024487978628673197,0.025823686553873553,0.37978628673196796
0.5725842696629213,0.02606741573033708,0.027865168539325844,0.3734831460674157
0.5659365221278498,0.024586499776486366,0.02592758158247653,0.3835493965131873
0.5682019486271036,0.027015057573073518,0.026572187776793623,0.37821080602302926
0.564079822616408,0.02483370288248337,0.02616407982261641,0.38492239467849226
0.5592691622103387,0.026292335115864526,0.026292335115864526,0.38814616755793224
0.5590969455511288,0.025675077467906152,0.02611775121735281,0.3891102257636122
0.5617828773168579,0.027802294792586054,0.02559576345984113,0.3848190644307149
0.5540720961281709,0.030262572318647086,0.028037383177570093,0.38762794837561193
0.5493273542600897,0.028699551569506727,0.030044843049327353,0.3919282511210762
0.5515258735072976,0.03184431667403804,0.027421494913754976,0.3892083149049093
0.5526432696579298,0.028431808085295423,0.030208796090626388,0.38871612616614837
0.5555054151624549,0.028429602888086644,0.027978339350180504,0.388086642599278
0.5499557913351016,0.027409372236958444,0.026967285587975242,0.39566755083996463
0.5490196078431373,0.02807486631016043,0.027629233511586453,0.39527629233511585
0.5537300177619894,0.02886323268206039,0.027531083481349913,0.38987566607460034
0.5537706381079875,0.026327532351628737,0.026327532351628737,0.39357429718875503
0.5556533216014078,0.025076990761108666,0.025516937967443906,0.3937527496700396
0.553020134228188,0.02371364653243848,0.028635346756152126,0.3946308724832215
0.5499553969669938,0.02408563782337199,0.030776092774308653,0.3951828724353256
0.5421099290780141,0.026152482269503546,0.031914893617021274,0.399822695035461
0.5436241610738255,0.025503355704697986,0.029082774049217,0.40178970917225953
0.5499334221038615,0.02663115845539281,0.027518863737239236,0.3959165557035064
0.5514440433212996,0.026624548736462094,0.02527075812274368,0.39666064981949456
0.5509751773049646,0.02969858156028369,0.02349290780141844,0.3958333333333333
0.5447593342330185,0.02834008097165992,0.022042285200179937,0.4048582995951417
0.5522919448153093,0.0267022696929239,0.022696929238985315,0.3983088562527815
0.5464144302683678,0.025076990761108666,0.02375714914210295,0.4047514298284206
0.5414266725742135,0.02702702702702703,0.0256978289765175,0.4058484714222419
0.5499116607773852,0.026943462897526502,0.024734982332155476,0.39840989399293286
0.5482866043613707,0.02892745883400089,0.025367156208277702,0.39741878059635066
0.551138901295221,0.030817329164805715,0.02456453774006253,0.3934792317999107
0.5519538188277087,0.03241563055062167,0.023534635879218474,0.39209591474245115
0.5458132398071022,0.03156510302498904,0.024550635686102586,0.39807102148180623
0.5479331574318381,0.031222515391380826,0.025505716798592787,0.39533861037818824
0.5485739750445633,0.02807486631016043,0.024955436720142603,0.3983957219251337
0.5411659991099244,0.02892745883400089,0.024477080551846907,0.4054294615042279
0.5428571428571428,0.03169642857142857,0.024107142857142858,0.40133928571428573
0.5442812639074321,0.030707610146862484,0.025367156208277702,0.39964396973742766
0.5402759234534935,0.03204272363150868,0.024477080551846907,0.4032042723631509
0.5427180168216025,0.029659141212926073,0.02478972996901284,0.4028331119964586
0.5405286343612334,0.029955947136563875,0.024669603524229075,0.40484581497797356
0.5414634146341464,0.03015521064301552,0.02261640798226164,0.4057649667405765
0.5427558706247231,0.028799291094373063,0.022153300841825433,0.4062915374390784
0.5373601789709173,0.026845637583892617,0.02237136465324385,0.4134228187919463
0.5372010628875111,0.026572187776793623,0.021700620017714792,0.4145261293179805
0.5412762159750112,0.026327532351628737,0.020972780008924587,0.41142347166443555
0.5446865273454868,0.020898176967541128,0.022232103156958647,0.41218319253001334
0.5450153711023277,0.021958717610891524,0.021080368906455864,0.411945542380325
0.5399290150842946,0.022626441881100266,0.023957409050576754,0.4134871339840284
0.5426287744227354,0.023534635879218474,0.023978685612788632,0.4098579040852576
0.5331858407079646,0.023893805309734513,0.023451327433628318,0.4194690265486726
0.5362190812720848,0.027385159010600707,0.022084805653710248,0.41431095406360424
0.5334811529933481,0.024390243902439025,0.02350332594235033,0.41862527716186254
0.5302826379542396,0.02557200538358008,0.02557200538358008,0.4185733512786003
0.5326184092940125,0.025022341376228777,0.02680965147453083,0.4155495978552279
0.5346051464063887,0.025288376220053237,0.029724933451641525,0.4103815439219166
0.5327354260089686,0.027354260089686097,0.029596412556053813,0.4103139013452915
0.5273454868830592,0.028901734104046242,0.02845709204090707,0.41529568697198754
0.528476821192053,0.027373068432671083,0.029580573951434878,0.41456953642384103
0.5264092321349312,0.027075011096316024,0.029738126941855306,0.4167776298268975
0.5250880281690141,0.02596830985915493,0.030369718309859156,0.4185739436619718
0.5171035095513106,0.028431808085295423,0.030208796090626388,0.42425588627276767
0.5182384341637011,0.02802491103202847,0.030249110320284697,0.4234875444839858
0.5213143872113677,0.028419182948490232,0.028419182948490232,0.4218472468916519
0.5177398160315374,0.02803328953131844,0.02890932982917214,0.425317564607972
0.5149253731343284,0.028094820017559263,0.026777875329236173,0.4302019315188762
0.5098727512066696,0.030276437033786747,0.027643703378674857,0.4322071083808688
0.5044326241134752,0.03102836879432624,0.030141843971631204,0.43439716312056736
0.5017667844522968,0.03136042402826855,0.02871024734982332,0.4381625441696113
0.5042429656096472,0.029030817329164807,0.028584189370254576,0.43814202769093347
0.5046521931767833,0.03145768719539211,0.028799291094373063,0.4350908285334515
0.49847627340008704,0.030039181541140617,0.029603831084022637,0.44188071397474965
0.5055728934462773,0.030762371823450735,0.028979045920642,0.43468568880962993
0.5167992926613616,0.03094606542882405,0.02564102564102564,0.4266136162687887
0.5147849462365591,0.027777777777777776,0.026881720430107527,0.4305555555555556
0.514745308310992,0.028596961572832886,0.027256478999106343,0.42940125111706884
0.5162294353045798,0.02578923966207203,0.026233881725211204,0.43174744330813697
0.5122167925366504,0.027543314082629944,0.02621057307863172,0.43402932030208796
0.5103661226290251,0.02646669607410675,0.029113365681517425,0.43405381561535067
0.5102495543672014,0.025846702317290554,0.029857397504456328,0.43404634581105167
0.5069103878733838,0.02630405706642889,0.03165403477485511,0.43513152028533214
0.5037627268702966,0.025232403718459494,0.03187250996015936,0.43913235945108453
0.5046979865771812,0.02505592841163311,0.032662192393736016,0.4375838926174497
0.5028979045920642,0.028979045920642,0.028979045920642,0.4391440035666518
0.5040467625899281,0.03102517985611511,0.02877697841726619,0.43615107913669066
0.5082112738570794,0.03195739014647137,0.02663115845539281,0.4332001775410564
0.5020224719101124,0.032359550561797755,0.02651685393258427,0.4391011235955056
0.49469964664310956,0.03312720848056537,0.02782685512367491,0.44434628975265017
0.4993258426966292,0.03280898876404494,0.03056179775280899,0.4373033707865169
0.5026785714285714,0.03125,0.03214285714285714,0.43392857142857144
0.5029056772463121,0.029503799731783638,0.0348681269557443,0.43272239606616003
0.5020026702269693,0.03204272363150868,0.03204272363150868,0.43391188251001334
0.4982253771073647,0.030168589174800354,0.03371783496007098,0.43788819875776397
0.5004440497335702,0.03374777975133215,0.03241563055062167,0.433392539964476
0.5026478375992939,0.03177405119152692,0.03177405119152692,0.43380406001765226
0.4977797513321492,0.02930728241563055,0.02886323268206039,0.44404973357015987
0.5002225189141077,0.02892745883400089,0.029817534490431688,0.4410324877614597
0.5013452914798207,0.030493273542600896,0.03273542600896861,0.4354260089686099
0.5055778670236502,0.03034359660865685,0.030789825970548863,0.4332887103971441
0.5051316376617582,0.03302097278000892,0.03257474341811691,0.429272646140116
0.5031111111111111,0.035111111111111114,0.032,0.42977777777777776
0.499113475177305,0.03324468085106383,0.02969858156028369,0.4379432624113475
0.49555160142348753,0.03291814946619217,0.027580071174377226,0.44395017793594305
0.5029213483146068,0.031011235955056178,0.027415730337078652,0.43865168539325844
0.4962171784601691,0.03159768580329328,0.027592345349354695,0.4445927903871829
0.49866666666666665,0.034666666666666665,0.028,0.43866666666666665
0.4957532409476978,0.035762181493071074,0.029056772463120252,0.43942780509611085
0.4939705225547119,0.03662349263063868,0.029477445288075034,0.43992853952657435
0.493766696349065,0.036064113980409616,0.025378450578806767,0.4447907390917186
0.48526785714285714,0.039732142857142855,0.025,0.45
0.4768064228367529,0.039250669045495096,0.02408563782337199,0.45985727029438
0.47494456762749443,0.03680709534368071,0.025720620842572064,0.46252771618625277
0.4697304463102077,0.03711886875828546,0.0273972602739726,0.4657534246575342
0.4671140939597315,0.033109619686800894,0.026845637583892617,0.47293064876957497
0.4747340425531915,0.031471631205673756,0.026595744680851064,0.4671985815602837
0.47587131367292224,0.03261840929401251,0.02770330652368186,0.46380697050938335
0.47333333333333333,0.035555555555555556,0.028888888888888888,0.4622222222222222
0.46672661870503596,0.03462230215827338,0.02697841726618705,0.4716726618705036
0.464,0.035111111111111114,0.025333333333333333,0.47555555555555556
0.4690265486725664,0.035398230088495575,0.026106194690265486,0.46946902654867256
0.46394019349164467,0.03605980650835532,0.027704485488126648,0.47229551451187335
0.4582963620230701,0.03327417923691216,0.027062999112688554,0.4813664596273292
0.4596522514489523,0.032545697726259475,0.02808738296923763,0.4797146678555506
0.46102150537634407,0.033154121863799284,0.026881720430107527,0.4789426523297491
0.4663716814159292,0.030973451327433628,0.02831858407079646,0.4743362831858407
0.4658385093167702,0.031055900621118012,0.030168589174800354,0.47293700088731144
0.45607808340727596,0.029281277728482696,0.03194321206743567,0.48269742679680566
0.45644444444444443,0.028,0.030222222222222223,0.48533333333333334
0.4561093956771063,0.02646669607410675,0.030436700485222762,0.4869872077635642
0.4554280670785525,0.026037069726390114,0.03089143865842895,0.4876434245366284
0.4570920409070698,0.023121387283236993,0.031124944419742107,0.4886616273899511
0.45409982174688057,0.023172905525846704,0.030303030303030304,0.49242424242424243
0.4629546475078581,0.021104625056129322,0.0327795240233498,0.4831612034126628
0.46098974587605884,0.02050824788230049,0.032545697726259475,0.4859563085153812
0.46371681415929206,0.02256637168141593,0.034070796460176994,0.479646017699115
0.46153846153846156,0.022232103156958647,0.03201422854602046,0.48421520675855934
0.4622222222222222,0.021333333333333333,0.03288888888888889,0.48355555555555557
0.4631111111111111,0.02266666666666667,0.032,0.4822222222222222
0.4539385847797063,0.02403204272363151,0.03204272363150868,0.48998664886515353
0.4557130203720106,0.026572187776793623,0.03277236492471213,0.4849424269264836
0.45405887600356826,0.025869759143621766,0.030776092774308653,0.4892952720785013
0.45474910394265233,0.025089605734767026,0.02956989247311828,0.4905913978494624
0.4623318385650224,0.025112107623318385,0.028699551569506727,0.4838565022421525
0.4700089525514772,0.022829006266786033,0.02864816472694718,0.4785138764547896
0.4666964684845776,0.0232454179704962,0.02592758158247653,0.4841305319624497
0.4717741935483871,0.024193548387096774,0.0246415770609319,0.47939068100358423
0.4738973897389739,0.025202520252025202,0.025202520252025202,0.4756975697569757
0.47912966252220246,0.023534635879218474,0.024422735346358793,0.47291296625222023
0.47939068100358423,0.0246415770609319,0.024193548387096774,0.4717741935483871
0.4881854658938921,0.024520731163620153,0.021845742309407043,0.4654480606330807
0.4852017937219731,0.02197309417040359,0.021524663677130046,0.4713004484304933
0.4842292314526877,0.02221235006663705,0.019991115059973346,0.4735673034207019
0.4868830591373944,0.022232103156958647,0.020008892841262782,0.47087594486438417
0.4959713518352731,0.021933751119068933,0.020590868397493287,0.46150402864816475
0.4883208461877479,0.021595416483032173,0.01983252534156016,0.4702512119876598
0.4853932584269663,0.024269662921348314,0.019775280898876403,0.470561797752809
0.4747030356357237,0.02375714914210295,0.01935767707875055,0.4821821381434228
0.47183098591549294,0.025528169014084508,0.022007042253521125,0.48063380281690143
0.4695960940967599,0.02529960053262317,0.027518863737239236,0.47758544163337774
0.47417631344612643,0.021816562778272486,0.028495102404274265,0.4755120213713268
0.46988485385296724,0.022586359610274578,0.026572187776793623,0.48095659875996455
0.4730512249443207,0.023162583518930958,0.026726057906458798,0.47706013363028954
0.47108540925266906,0.02224199288256228,0.026245551601423486,0.4804270462633452
0.47170645446507514,0.022988505747126436,0.026967285587975242,0.47833775419982316
0.47079646017699117,0.023008849557522124,0.02654867256637168,0.479646017699115
0.4776186213070725,0.023724261414503133,0.025067144136078783,0.4735899731423456
0.47769848349687777,0.0231935771632471,0.025423728813559324,0.47368421052631576
0.472,0.021777777777777778,0.025777777777777778,0.48044444444444445
0.4732858414959929,0.0213713268032057,0.026714158504007122,0.4786286731967943
0.47851129818342936,0.02259636685866194,0.027470093043863535,0.4714222419140452
0.4793608521970706,0.0230803373280071,0.026187305814469597,0.47137150466045274
0.4765765765765766,0.022072072072072072,0.02837837837837838,0.47297297297297297
0.47690217391304346,0.021286231884057972,0.028079710144927536,0.473731884057971
0.4813650651100135,0.022002694207453974,0.02784014369106421,0.46879209699146834
0.48083778966131907,0.020499108734402853,0.026292335115864526,0.47237076648841353
0.4776449756529438,0.023019034971226208,0.025675077467906152,0.47366091190792387
0.46816976127320953,0.025198938992042442,0.02564102564102564,0.48099027409372236
0.47216035634743875,0.022271714922048998,0.025835189309576838,0.4797327394209354
0.4738020600089566,0.02239140170174653,0.025078369905956112,0.4787281683833408
0.47176522899066253,0.020898176967541128,0.026678523788350377,0.480658070253446
0.4742498880429915,0.020152261531571878,0.025526197939991044,0.4800716524854456
0.474636082928981,0.020291133656815175,0.023820026466696075,0.48125275694750774
0.4736147757255937,0.02198768689533861,0.025945470536499562,0.47845206684256814
0.47434181169120926,0.023650156180276664,0.025435073627844713,0.47657295850066933
0.4757412398921833,0.0215633423180593,0.025606469002695417,0.477088948787062
0.4735673034207019,0.02132385606397157,0.02665482007996446,0.47845402043536206
0.4673815907059875,0.022341376228775692,0.026362823949955316,0.4839142091152815
0.46258802816901406,0.02068661971830986,0.02640845070422535,0.4903169014084507
0.47398843930635837,0.02267674522009782,0.02578923966207203,0.4775455758114718
0.4743646901471244,0.022737405260811413,0.02630405706642889,0.47659384752563533
0.473474801061008,0.021662245800176835,0.02564102564102564,0.4792219274977896
0.4680089485458613,0.020134228187919462,0.025503355704697986,0.48635346756152126
0.4644760213143872,0.022202486678507993,0.023534635879218474,0.4897868561278863
0.4710338680926916,0.02406417112299465,0.023618538324420676,0.48128342245989303
0.474644128113879,0.02491103202846975,0.023131672597864767,0.47731316725978645
0.47105966162065893,0.023597506678539625,0.024933214603739984,0.4804096170970614
0.4681038275406951,0.02375714914210295,0.026836779586449627,0.4813022437307523
0.4683882457702582,0.02226179875333927,0.028495102404274265,0.4808548530721282
0.4728406055209261,0.025378450578806767,0.030721282279608193,0.47105966162065893
0.4786476868327402,0.024466192170818506,0.030249110320284697,0.4666370106761566
0.47948260481712757,0.025869759143621766,0.028991971454058876,0.4656556645851918
0.4833407374500222,0.024877832074633496,0.028431808085295423,0.46334962239004884
0.486929552503323,0.028356225077536552,0.027913159060700046,0.4568010633584404
0.49314462627156125,0.02786377708978328,0.03051747014595312,0.44847412649270235
0.4851618705035971,0.030575539568345324,0.03012589928057554,0.454136690647482
0.49000908265213444,0.02997275204359673,0.02997275204359673,0.4500454132606721
0.4817453250222618,0.031166518254674976,0.02804986642920748,0.45903829029385573
0.4865816102067752,0.029476462824461064,0.029476462824461064,0.45446546414430267
0.48083778966131907,0.029857397504456328,0.03074866310160428,0.4585561497326203
0.48255813953488375,0.02996422182468694,0.030858676207513418,0.45661896243291594
0.4757238307349666,0.028953229398663696,0.032071269487750555,0.46325167037861914
0.47401155042203463,0.029764549089293647,0.029764549089293647,0.46645935139937805
0.4689991142604074,0.029229406554472984,0.02745792736935341,0.4743135518157662
0.4695613249776186,0.02775290957923008,0.02775290957923008,0.4749328558639212
0.46946902654867256,0.030530973451327433,0.031415929203539826,0.4685840707964602
0.46815144766146993,0.028953229398663696,0.031180400890868598,0.4717149220489978
0.4658273381294964,0.03012589928057554,0.03102517985611511,0.47302158273381295
0.45975989328590483,0.027567807914628723,0.029791018230324588,0.4828812805691418
0.4580588493631972,0.027228809837505488,0.031181379007465964,0.48353096179183136
0.45807314897413026,0.028099910793933987,0.029884032114183764,0.483942908117752
0.45495093666369313,0.027653880463871544,0.028991971454058876,0.48840321141837645
0.46150402864816475,0.02685765443151298,0.02864816472694718,0.4829901521933751
0.4618133095131755,0.0241179097811523,0.030370701205895488,0.48369807949977667
0.4560931899641577,0.025985663082437275,0.028225806451612902,0.48969534050179214
0.4553134726545131,0.02712316585148955,0.026233881725211204,0.4913294797687861
0.4521584334668447,0.029817534490431688,0.027147307521139297,0.4908767245215843
0.4549125168236878,0.03275011215791835,0.02512337371018394,0.48721399730820997
0.4636445242369838,0.03096947935368043,0.026032315978456014,0.4793536804308797
0.4553969669937556,0.027653880463871544,0.02631578947368421,0.49063336306868865
0.45434397163120566,0.025709219858156027,0.02526595744680851,0.4946808510638298
0.46006247211066487,0.026327532351628737,0.022757697456492636,0.4908522980812137
0.4526223005729396,0.02600264433671221,0.022036139268400177,0.499338915821948
0.4458204334365325,0.027421494913754976,0.023883237505528527,0.502874834144184
0.44349775784753365,0.02780269058295964,0.02376681614349776,0.5049327354260089
0.4472384373596767,0.02469690166142793,0.022002694207453974,0.5060619667714414
0.45109423849933006,0.023224653863331845,0.0241179097811523,0.5015631978561857
0.44906997342781224,0.023472099202834367,0.023914968999114262,0.5035429583702391
0.4497543546225994,0.026797677534613668,0.022331397945511387,0.5011165698972756
0.4529569892473118,0.028225806451612902,0.0228494623655914,0.4959677419354839
0.4422560429722471,0.02954341987466428,0.022381378692927483,0.5058191584601611
0.449438202247191,0.02651685393258427,0.02202247191011236,0.5020224719101124
0.44618133095131757,0.029030817329164807,0.022331397945511387,0.5024564537740063
0.4451871657754011,0.0285204991087344,0.023172905525846704,0.5031194295900179
0.44134572819831785,0.02877379371403276,0.02213368747233289,0.5077467906153165
0.436613475177305,0.027039007092198582,0.022163120567375887,0.5141843971631206
0.4338952972493345,0.02883762200532387,0.02085181898846495,0.5164152617568767
0.43805704099821746,0.0285204991087344,0.021836007130124777,0.5115864527629234
0.43985952589991223,0.02633889376646181,0.021071115013169446,0.5127304653204565
0.44008908685968817,0.026726057906458798,0.01915367483296214,0.5140311804008909
0.43513152028533214,0.024966562639322336,0.018724921979491754,0.5211769950958538
0.43456900401965165,0.025011165698972757,0.019205002233139794,0.5212148280482358
0.43879805567830316,0.02342023862129916,0.020326999558108707,0.517454706142289
0.4386353566681436,0.023482498892334957,0.01949490474080638,0.5183872396987151
0.43882978723404253,0.02349290780141844,0.020833333333333332,0.5168439716312057
0.436993699369937,0.023852385238523854,0.020702070207020702,0.5184518451845185
0.43352861649391616,0.02298332582244254,0.020730058584948176,0.5227579990986931
0.44092732946946056,0.01961658493089612,0.020062416406598307,0.5193936691930451
0.4413082437275986,0.01881720430107527,0.021953405017921146,0.517921146953405
0.4395017793594306,0.01912811387900356,0.021352313167259787,0.520017793594306
0.43532008830022073,0.020309050772626933,0.02119205298013245,0.5231788079470199
0.43889384478144516,0.02096342551293488,0.022747546833184657,0.5173951828724354
0.4362505553087517,0.020435362061306087,0.02265659706796979,0.5206574855619724
0.4388520971302428,0.02207505518763797,0.019426048565121413,0.5196467991169977
0.43989314336598395,0.02315227070347284,0.020035618878005344,0.5169189670525378
0.44292639929484356,0.0251211987659762,0.018069634200088145,0.5138827677390921
0.44201605709188224,0.022747546833184657,0.02230151650312221,0.5129348795718108
0.44568121104185215,0.02315227070347284,0.02404274265360641,0.5071237756010686
0.437555358724535,0.023029229406554472,0.025243578387953942,0.5141718334809566
0.43392070484581496,0.024229074889867842,0.02643171806167401,0.5154185022026432
0.4371948513093653,0.0230803373280071,0.02574345317354638,0.5139813581890812
0.44168514412416854,0.02394678492239468,0.024390243902439025,0.5099778270509978
0.438386524822695,0.022606382978723406,0.02526595744680851,0.5137411347517731
0.43695271453590195,0.0223292469352014,0.02583187390542907,0.5148861646234676
0.4289556252801434,0.021515015688032272,0.027790228597041687,0.5217391304347826
0.4316964285714286,0.021875,0.02857142857142857,0.5178571428571429
0.4256546826453617,0.023524189968930315,0.030181979582778518,0.5206391478029294
0.42226148409893993,0.024734982332155476,0.030035335689045935,0.5229681978798587
0.422291296625222,0.026198934280639432,0.02930728241563055,0.522202486678508
0.4142222222222222,0.027555555555555555,0.030222222222222223,0.528
0.42121754700089525,0.02730528200537153,0.02999104744852283,0.5214861235452104
0.42032229185317815,0.025514771709937333,0.03043867502238138,0.5237242614145031
0.42063139172965763,0.027567807914628723,0.029346376167185415,0.5224544241885283
0.41828621908127206,0.027385159010600707,0.02782685512367491,0.5265017667844523
0.413610251878038,0.027839151568714096,0.026513477684489615,0.5320371188687583
0.4119469026548673,0.02831858407079646,0.026106194690265486,0.5336283185840708
0.4130240856378234,0.028545941123996433,0.024977698483496878,0.5334522747546833
0.4090098126672614,0.028545941123996433,0.024977698483496878,0.5374665477252453
0.40376007162041183,0.02864816472694718,0.025962399283795883,0.5416293643688451
0.4016100178890877,0.028622540250447227,0.025491949910554562,0.5442754919499105
0.4056603773584906,0.028751123090745734,0.025157232704402517,0.5404312668463612
0.40636200716845877,0.03046594982078853,0.023297491039426525,0.5398745519713262
0.41276215975011155,0.029451137884872823,0.02320392681838465,0.5345827755466309
0.410610789121712,0.029424877396344182,0.0231832367365136,0.5367810967454302
0.40409434801958166,0.027592345349354695,0.024477080551846907,0.5438362260792168
0.4148413053196245,0.024586499776486366,0.0232454179704962,0.5373267769333929
0.4133685136323659,0.025065963060686015,0.024186455584872472,0.5373790677220757
0.4098579040852576,0.023978685612788632,0.025310834813499113,0.5408525754884547
0.4101876675603217,0.02323503127792672,0.026362823949955316,0.5402144772117963
0.41714538223597,0.024745912505523642,0.026513477684489615,0.5315952275740168
0.4190560211733569,0.022496691662990738,0.025584472871636524,0.5328628142920159
0.4195835179441737,0.021710234824988923,0.02303943287549845,0.5356668143553389
0.41540516473731076,0.0213713268032057,0.021816562778272486,0.5414069456812111
0.41750989881214257,0.02067751869775627,0.02155741311042675,0.5402551693796744
0.42444444444444446,0.019555555555555555,0.023555555555555555,0.5324444444444445
0.424955595026643,0.019538188277087035,0.025310834813499113,0.5301953818827708
0.41823056300268097,0.020107238605898123,0.024128686327077747,0.5375335120643432
0.4176021553659632,0.020655590480466997,0.023798832510103278,0.5379434216434665
0.40880782918149466,0.02090747330960854,0.023576512455516015,0.5467081850533808
0.4052608114132858,0.022737405260811413,0.024074899687917966,0.5479268836379848
0.4,0.024053452115812918,0.023162583518930958,0.5527839643652561
0.3951721054984354,0.022798390701832812,0.025033527045149755,0.556995976754582
0.40366562360303976,0.021457308895842648,0.0232454179704962,0.5516316495306214
0.3915367483296214,0.024053452115812918,0.024498886414253896,0.5599109131403118
0.38567005749668287,0.02565236620964175,0.022998673153471916,0.5656789031402034
0.3900044622936189,0.0249888442659527,0.02677376171352075,0.5582329317269076
0.38789237668161436,0.026457399103139014,0.0242152466367713,0.5614349775784754
0.38776408450704225,0.02420774647887324,0.022887323943661973,0.5651408450704225
0.3873994638069705,0.026362823949955316,0.024575513851653262,0.561662198391421
0.37572254335260113,0.026233881725211204,0.02712316585148955,0.5709204090706981
0.36860670194003525,0.028659611992945325,0.027777777777777776,0.5749559082892416
0.3646850044365572,0.027950310559006212,0.029724933451641525,0.577639751552795
0.3683504693786321,0.02548055431381314,0.029056772463120252,0.5771122038444345
0.37075134168157425,0.0259391771019678,0.028622540250447227,0.5746869409660107
0.3665320771646478,0.02512337371018394,0.031852848811126065,0.5764917003140422
0.3637566137566138,0.027336860670194002,0.03218694885361552,0.5767195767195767
0.3589515770768547,0.02665482007996446,0.03331852509995557,0.5810750777432252
0.357429718875502,0.026327532351628737,0.03302097278000892,0.5832217759928603
0.35701438848920863,0.025629496402877698,0.03102517985611511,0.5863309352517986
0.3542222222222222,0.024444444444444446,0.03111111111111111,0.5902222222222222
0.3500666370501999,0.02665482007996446,0.03154153709462461,0.591737005775211
0.34701986754966885,0.02869757174392936,0.030463576158940398,0.5938189845474614
0.349644128113879,0.029804270462633453,0.029804270462633453,0.5907473309608541
0.34823424228877964,0.028609745194456863,0.02592758158247653,0.597228430934287
0.34922737306843266,0.02869757174392936,0.026490066225165563,0.5955849889624724
0.34929078014184395,0.0274822695035461,0.024379432624113476,0.5988475177304965
0.3463436518618214,0.026469268730372364,0.02512337371018394,0.6020637056976222
0.34558493948901836,0.02868668758404303,0.025549081129538322,0.6001792917974003
0.34292134831460674,0.028314606741573035,0.025617977528089888,0.6031460674157303
0.34565701559020046,0.026280623608017816,0.025835189309576838,0.602227171492205
0.34464521815777877,0.026884089907448214,0.027324812692816218,0.6011458792419568
0.343098091433644,0.026187305814469597,0.027075011096316024,0.6036395916555704
0.3437083148065807,0.028901734104046242,0.02845709204090707,0.5989328590484659
0.3411712511091393,0.030168589174800354,0.027062999112688554,0.6015971606033718
0.3385093167701863,0.02883762200532387,0.02839396628216504,0.6042590949423248
0.33170297910182306,0.028901734104046242,0.028901734104046242,0.6104935526900844
0.32974910394265233,0.027777777777777776,0.027777777777777776,0.6146953405017921
0.32847038019451813,0.027409372236958444,0.026967285587975242,0.6171529619805481
0.32562277580071175,0.026245551601423486,0.026690391459074734,0.62144128113879
0.3296164139161463,0.027653880463871544,0.02408563782337199,0.6186440677966102
0.33348194382523405,0.02630405706642889,0.024520731163620153,0.6156932679447169
0.32728077945084144,0.02878653675819309,0.026572187776793623,0.6173604960141719
0.32962138084632514,0.026726057906458798,0.026726057906458798,0.6169265033407573
0.32901785714285714,0.027232142857142858,0.026339285714285714,0.6174107142857143
0.32637655417406747,0.025310834813499113,0.02708703374777975,0.6212255772646537
0.33007552199022655,0.02798756108396268,0.02665482007996446,0.6152820968458463
0.32905225863596105,0.02745792736935341,0.024357838795394153,0.6191319751992914
0.3219814241486068,0.02786377708978328,0.02565236620964175,0.6245024325519681
0.3253439857967155,0.02574345317354638,0.027075011096316024,0.6218375499334221
0.32439678284182305,0.027256478999106343,0.027256478999106343,0.6210902591599643
0.32316534040671974,0.026083112290008842,0.029177718832891247,0.6215738284703802
0.33006681514476616,0.025389755011135856,0.026280623608017816,0.6182628062360802
0.32340052585451357,0.025854513584574933,0.02366345311130587,0.6270815074496056
0.32562277580071175,0.02491103202846975,0.02491103202846975,0.6245551601423488
0.33437083148065805,0.026233881725211204,0.02401067140951534,0.6153846153846154
0.33171378091872794,0.02517667844522968,0.022084805653710248,0.6210247349823321
0.33052724856003546,0.0256978289765175,0.017279574656623838,0.6264953478068233
0.3270693512304251,0.024161073825503355,0.02192393736017897,0.6268456375838927
0.3265215459795646,0.02265659706796979,0.021768103065304308,0.6290537538871612
0.33726518130187855,0.02490170380078637,0.022280471821756225,0.6155526430755789
0.3331860362350862,0.026071586389748123,0.02209456473707468,0.618647812638091
0.3247100802854594,0.025423728813559324,0.022747546833184657,0.6271186440677966
0.3298876404494382,0.025617977528089888,0.02292134831460674,0.6215730337078652
0.3349622390048867,0.02621057307863172,0.020435362061306087,0.6183918258551755
0.3356953055801594,0.021700620017714792,0.020814880425155006,0.6217891939769707
