C,D,Oc,Od
1.0,0.0,0.0,0.0
0.0,0.0,0.0,1.0
0.5,0.0,0.0,0.5
0.0,0.0,0.5,0.5
0.0,0.3333333333333333,0.3333333333333333,0.3333333333333333
0.0,0.6,0.2,0.2
0.0,0.4,0.4,0.2
0.0,0.4,0.4,0.2
0.0,0.5714285714285714,0.2857142857142857,0.14285714285714285
0.0,0.5714285714285714,0.14285714285714285,0.2857142857142857
0.0,0.7142857142857143,0.0,0.2857142857142857
0.0,0.6666666666666666,0.1111111111111111,0.2222222222222222
0.09090909090909091,0.5454545454545454,0.09090909090909091,0.2727272727272727
0.14285714285714285,0.42857142857142855,0.14285714285714285,0.2857142857142857
0.14285714285714285,0.5,0.14285714285714285,0.21428571428571427
0.23076923076923078,0.46153846153846156,0.0,0.3076923076923077
0.35294117647058826,0.35294117647058826,0.0,0.29411764705882354
0.4,0.32,0.04,0.24
0.4375,0.25,0.03125,0.28125
0.45714285714285713,0.22857142857142856,0.05714285714285714,0.2571428571428571
0.5238095238095238,0.14285714285714285,0.07142857142857142,0.2619047619047619
0.5660377358490566,0.09433962264150944,0.07547169811320754,0.2641509433962264
0.5692307692307692,0.07692307692307693,0.07692307692307693,0.27692307692307694
0.5679012345679012,0.06172839506172839,0.07407407407407407,0.2962962962962963
0.6039603960396039,0.0594059405940594,0.06930693069306931,0.26732673267326734
0.5798319327731093,0.06722689075630252,0.06722689075630252,0.2857142857142857
0.5942028985507246,0.06521739130434782,0.036231884057971016,0.30434782608695654
0.6227544910179641,0.04790419161676647,0.029940119760479042,0.2994011976047904
0.5841584158415841,0.04950495049504951,0.024752475247524754,0.3415841584158416
0.6016597510373444,0.04979253112033195,0.024896265560165973,0.3236514522821577
0.6027874564459931,0.04878048780487805,0.020905923344947737,0.32752613240418116
0.6030769230769231,0.043076923076923075,0.018461538461538463,0.3353846153846154
0.5916666666666667,0.03611111111111111,0.022222222222222223,0.35
0.6108374384236454,0.029556650246305417,0.019704433497536946,0.3399014778325123
0.5882352941176471,0.032679738562091505,0.0196078431372549,0.35947712418300654
0.5909980430528375,0.0273972602739726,0.021526418786692758,0.36007827788649704
0.5895652173913043,0.022608695652173914,0.020869565217391306,0.36695652173913046
0.5899053627760252,0.02365930599369085,0.02365930599369085,0.3627760252365931
0.5793991416309013,0.022889842632331903,0.030042918454935622,0.3676680972818312
0.590612777053455,0.024771838331160364,0.028683181225554105,0.3559322033898305
0.6054827175208581,0.026221692491060787,0.027413587604290822,0.34088200238379024
0.5875139353400223,0.032329988851727984,0.02564102564102564,0.35451505016722407
0.5921450151057401,0.02920443101711984,0.025176233635448138,0.35347432024169184
0.5836431226765799,0.03066914498141264,0.028810408921933085,0.35687732342007433
0.582089552238806,0.0324846356453029,0.029850746268656716,0.3555750658472344
0.5913891145410236,0.030869212022745736,0.02924451665312754,0.34849715678310317
0.595256312165264,0.029839326702371844,0.03442999234889059,0.3404743687834736
0.5989884393063584,0.02745664739884393,0.03251445086705202,0.34104046242774566
0.5991847826086957,0.024456521739130436,0.03192934782608696,0.344429347826087
0.6151898734177215,0.02531645569620253,0.028481012658227847,0.3310126582278481
0.6043689320388349,0.025485436893203883,0.028519417475728157,0.341626213592233
0.5990809879379667,0.026995979322228605,0.030442274554853533,0.34348075818495116
0.605595172792101,0.02303894679100384,0.02852441031267142,0.34284147010422383
0.6039132734003173,0.023796932839767318,0.022739291380222106,0.34955050237969326
0.608540925266904,0.02389425521098119,0.02389425521098119,0.3436705643111337
0.6114117068371864,0.020659124446630595,0.025086079685194294,0.3428430890309887
0.6070242050308495,0.0208827717133365,0.023730422401518746,0.3483626008542952
0.607376283846872,0.021475256769374416,0.02427637721755369,0.3468720821661998
0.6060606060606061,0.022497704315886134,0.023875114784205693,0.3475665748393021
0.6100178890876565,0.022361359570661897,0.024597495527728087,0.3430232558139535
0.6035955056179775,0.023370786516853932,0.02696629213483146,0.34606741573033706
0.6034712950600801,0.022696929238985315,0.0267022696929239,0.3471295060080107
0.6020544886109871,0.022778025904421618,0.02590442161679321,0.34926306386779815
0.6080781180648025,0.023524189968930315,0.02663115845539281,0.3417665335108744
0.6082337317397079,0.025675077467906152,0.027888446215139442,0.3382027445772466
0.6042402826855123,0.026060070671378093,0.026943462897526502,0.34275618374558303
0.6014109347442681,0.025573192239858905,0.029982363315696647,0.3430335097001764
0.6006164685160722,0.025979744605900485,0.032144429766622636,0.34125935711140465
0.6,0.027494456762749447,0.03237250554323725,0.3401330376940133
0.6019546868058641,0.027099067081297203,0.030208796090626388,0.34073745002221234
0.5966460723742277,0.026037069726390114,0.0353045013239188,0.34201235657546336
0.5950486295313882,0.02431476569407604,0.03580901856763926,0.3448275862068966
0.5963506898086337,0.0258121940364931,0.03426791277258567,0.34356920338228747
0.6069695632995148,0.025584472871636524,0.031318923687692984,0.3361270401411557
0.6090225563909775,0.024325519681556832,0.03184431667403804,0.3348076072534277
0.6047640052933392,0.025143361270401413,0.03396559329510366,0.3361270401411557
0.6076512455516014,0.025355871886120998,0.03558718861209965,0.33140569395017794
0.6098434004474272,0.02953020134228188,0.03534675615212528,0.32527964205816556
0.6095617529880478,0.029216467463479414,0.03408587870739265,0.32713590084108013
0.6109625668449198,0.02807486631016043,0.03342245989304813,0.32754010695187163
0.6153846153846154,0.025349650349650348,0.03277972027972028,0.326486013986014
0.6097451944568618,0.028609745194456863,0.033974072418417524,0.3276709879302637
0.6011586452762924,0.03208556149732621,0.03431372549019608,0.3324420677361854
0.6018683274021353,0.029359430604982206,0.03469750889679715,0.33407473309608543
0.5943900267141585,0.03250222617987533,0.03250222617987533,0.3406055209260908
0.5872093023255814,0.03443649373881932,0.03354203935599284,0.34481216457960645
0.5920464700625558,0.036193029490616625,0.032171581769437,0.33958891867739055
0.5933481152993348,0.038580931263858094,0.03636363636363636,0.33170731707317075
0.5808170515097691,0.03907637655417407,0.03507992895204263,0.3450266429840142
0.5896751223854028,0.039163328882955054,0.03337783711615487,0.3377837116154873
0.5856134157105031,0.03927625772285966,0.032215357458075904,0.3428949691085613
0.5918185860382392,0.03601600711427301,0.03334815473543797,0.3388172521120498
0.5930697467792092,0.037760995113282986,0.03287427809862283,0.3362949800088849
0.5879464285714285,0.0375,0.032589285714285716,0.3419642857142857
0.5914221218961625,0.037923250564334085,0.03250564334085779,0.3381489841986456
0.5970809376382131,0.03803626713843432,0.03228659885006634,0.33259619637328613
0.5814056939501779,0.037811387900355875,0.03202846975088968,0.3487544483985765
0.5767857142857142,0.039285714285714285,0.03080357142857143,0.353125
0.578479324144064,0.03912850155624722,0.030680302356602934,0.35171187194308584
0.5792035398230089,0.03893805309734513,0.030973451327433628,0.3508849557522124
0.572313135780628,0.03715170278637771,0.03449800973020787,0.3560371517027864
0.5746767721801159,0.034329023629068214,0.03611234953187695,0.3548818546589389
0.5749005744586831,0.0344675209898365,0.034909412284577994,0.35572249226690233
0.560352422907489,0.03612334801762115,0.03832599118942731,0.3651982378854626
0.5613726352837659,0.03255609326880774,0.03827540695116586,0.36779586449626045
0.5567375886524822,0.03102836879432624,0.03856382978723404,0.37367021276595747
0.564193691692581,0.029764549089293647,0.040870724122612175,0.36517103509551313
0.5642633228840125,0.029556650246305417,0.04120017913121361,0.3649798477384684
0.5668449197860963,0.028966131907308377,0.03877005347593583,0.36541889483065954
0.56021409455843,0.029884032114183764,0.037020517395182875,0.3728813559322034
0.5655080213903744,0.029857397504456328,0.03698752228163993,0.36764705882352944
0.5599118942731277,0.02907488986784141,0.035682819383259914,0.37533039647577093
0.5621669626998224,0.02930728241563055,0.03907637655417407,0.369449378330373
0.5569902048085486,0.028495102404274265,0.04229741763134461,0.3722172751558326
0.5585505965532479,0.0273972602739726,0.0410958904109589,0.3729562527618206
0.5525498891352549,0.028381374722838137,0.03991130820399113,0.37915742793791574
0.5585625554569654,0.02839396628216504,0.03771073646850044,0.37533274179236914
0.5620275678079146,0.03201422854602046,0.03379279679857715,0.3721654068474878
0.5562472209871053,0.03156958648288128,0.03156958648288128,0.38061360604713207
0.5610297381269419,0.03062583222370173,0.03195739014647137,0.37638703950288505
0.5544772827525364,0.032201146890163214,0.031760035288928096,0.3815615350683723
0.5543859649122806,0.03333333333333333,0.030263157894736843,0.38201754385964914
0.5589924878479894,0.03049049933716306,0.029606716747680072,0.3809102960671675
0.5561946902654867,0.030530973451327433,0.029646017699115044,0.3836283185840708
0.5614735907678651,0.03151353750554816,0.029738126941855306,0.37727474478473144
0.564226216571679,0.032003507233669445,0.029811486190267425,0.37395879000438403
0.5654894948591864,0.03173893607510058,0.030844881537773806,0.3719266875279392
0.56656346749226,0.030959752321981424,0.03051747014595312,0.37195931003980537
0.5648922129344479,0.029916410030796304,0.031236251649802024,0.3739551253849538
0.5622791519434629,0.03180212014134275,0.030477031802120143,0.3754416961130742
0.556390977443609,0.03184431667403804,0.02830605926581159,0.38345864661654133
0.5588495575221238,0.032300884955752215,0.02920353982300885,0.37964601769911505
0.5550176056338029,0.030369718309859156,0.028609154929577465,0.38600352112676056
0.5582631812140009,0.030128489144882586,0.030128489144882586,0.38147984049623396
0.5586791610887997,0.0321285140562249,0.03034359660865685,0.3788487282463186
0.5611702127659575,0.03324468085106383,0.03368794326241135,0.37189716312056736
0.5606060606060606,0.034759358288770054,0.03342245989304813,0.3712121212121212
0.5539149888143177,0.0348993288590604,0.033109619686800894,0.378076062639821
0.5529040972534894,0.03601981089599279,0.03601981089599279,0.375056280954525
0.5539345711759505,0.038461538461538464,0.033156498673740056,0.374447391688771
0.5477678571428571,0.03794642857142857,0.03125,0.3830357142857143
0.5517395182872435,0.038804638715432646,0.03166815343443354,0.37778768956289027
0.5483443708609271,0.037527593818984545,0.032229580573951436,0.3818984547461369
0.5547219770520742,0.038393645189761696,0.032215357458075904,0.37466902030008825
0.5595604395604395,0.035164835164835165,0.03472527472527472,0.37054945054945054
0.5605123674911661,0.03224381625441696,0.037544169611307424,0.36969964664310956
0.5651204281891169,0.028099910793933987,0.036574487065120426,0.3702051739518287
0.5605858854860186,0.02885042166000888,0.03772747447847315,0.37283621837549935
0.5656610470275066,0.030168589174800354,0.037267080745341616,0.36690328305235137
0.5624172915747684,0.0282311424790472,0.037935597706219674,0.3714159682399647
0.5716180371352785,0.027851458885941646,0.036251105216622455,0.36427939876215737
0.5609647163912461,0.029030817329164807,0.03394372487717731,0.3760607414024118
0.5645446507515473,0.029177718832891247,0.03138815207780725,0.3748894783377542
0.568100358422939,0.02867383512544803,0.033602150537634407,0.3696236559139785
0.5634427684117125,0.029281277728482696,0.035048802129547474,0.37222715173025733
0.5567470956210903,0.03038427167113494,0.036193029490616625,0.37667560321715815
0.5527839643652561,0.03296213808463252,0.0334075723830735,0.38084632516703787
0.5522321428571428,0.033035714285714286,0.03526785714285714,0.3794642857142857
0.5525257040679481,0.0348681269557443,0.0348681269557443,0.37773804202056327
0.5498236331569665,0.03747795414462081,0.03306878306878307,0.37962962962962965
0.5506018724921979,0.03967900133749443,0.034774855104770394,0.37494427106553724
0.5442418852823477,0.03823921742996887,0.03823921742996887,0.37927967985771455
0.5414808206958073,0.042818911685994644,0.038804638715432646,0.3768956289027654
0.5338078291814946,0.04225978647686833,0.037811387900355875,0.3861209964412811
0.5371681415929204,0.04292035398230089,0.03672566371681416,0.3831858407079646
0.5401785714285714,0.04375,0.03482142857142857,0.38125
0.537219730941704,0.04394618834080718,0.03766816143497758,0.3811659192825112
0.5398032200357782,0.04114490161001789,0.03488372093023256,0.38416815742397137
0.5327433628318584,0.04070796460176991,0.030973451327433628,0.39557522123893807
0.5325311942959001,0.039661319073083776,0.0338680926916221,0.3939393939393939
0.5425389755011136,0.0378619153674833,0.032516703786191536,0.3870824053452116
0.5384957721406319,0.03693813974187806,0.03382287494437027,0.3907432131731197
0.5352549889135255,0.03680709534368071,0.03547671840354767,0.3924611973392461
0.5289438798055678,0.03844454264250994,0.034909412284577994,0.39770216526734425
0.5300936246098975,0.036558181007579134,0.03343736067766384,0.3999108337048596
0.5356824264049955,0.037020517395182875,0.032114183764495985,0.3951828724353256
0.5368561278863233,0.035523978685612786,0.03108348134991119,0.39653641207815277
0.5400265369305617,0.033171163202122954,0.030959752321981424,0.39584254754533393
0.5344751866490997,0.03469477382520861,0.029424681598594644,0.4014053579270971
0.5244816938685487,0.03484781649757389,0.030877812086457873,0.4097926775474195
0.5259683098591549,0.03345070422535211,0.032570422535211266,0.4080105633802817
0.5289982425307557,0.033391915641476276,0.0320738137082601,0.4055360281195079
0.5212389380530974,0.03274336283185841,0.03008849557522124,0.415929203539823
0.5280249110320284,0.032473309608540925,0.032473309608540925,0.4070284697508897
0.5274336283185841,0.03185840707964602,0.032300884955752215,0.4084070796460177
0.5237030411449016,0.03220035778175313,0.03488372093023256,0.4092128801431127
0.5223352498894295,0.03228659885006634,0.03538257408226449,0.4099955771782397
0.5170709793351302,0.029649595687331536,0.034141958670260555,0.4191374663072776
0.5191451469278717,0.02983081032947462,0.03250222617987533,0.41852181656277826
0.515473032714412,0.028735632183908046,0.03094606542882405,0.4248452696728559
0.5282850779510022,0.029844097995545656,0.030734966592427616,0.4111358574610245
0.5251766784452296,0.02871024734982332,0.030477031802120143,0.41563604240282687
0.5273127753303964,0.027312775330396475,0.028634361233480177,0.4167400881057269
0.5333629893238434,0.02491103202846975,0.02891459074733096,0.4128113879003559
0.5310683951721055,0.02548055431381314,0.029503799731783638,0.4139472507822977
0.5200534759358288,0.026292335115864526,0.03074866310160428,0.4229055258467023
0.5207126948775056,0.028062360801781736,0.032516703786191536,0.41870824053452116
0.5267141585040072,0.029385574354407838,0.031166518254674976,0.41273374888691006
0.5216035634743875,0.029398663697104678,0.030734966592427616,0.4182628062360802
0.5177687809266757,0.02834008097165992,0.029689608636977057,0.42420152946468737
0.5216622458001768,0.02961980548187445,0.02961980548187445,0.41909814323607425
0.5231788079470199,0.03090507726269316,0.03090507726269316,0.41501103752759383
0.5235765124555161,0.03202846975088968,0.030249110320284697,0.4141459074733096
0.5254919499105546,0.030858676207513418,0.02996422182468694,0.4136851520572451
0.531858407079646,0.030973451327433628,0.02831858407079646,0.4088495575221239
0.5284444444444445,0.029777777777777778,0.030666666666666665,0.4111111111111111
0.5254988913525499,0.032815964523281595,0.030598669623059866,0.41108647450110863
0.5208974923009239,0.032996040475142985,0.028596568411790584,0.41750989881214257
0.5151921358355674,0.034405719392314564,0.029490616621983913,0.42091152815013405
0.5077881619937694,0.03471295060080107,0.03159768580329328,0.4259012016021362
0.5053667262969589,0.0353309481216458,0.03130590339892665,0.4279964221824687
0.508,0.03333333333333333,0.03244444444444444,0.4262222222222222
0.5070859167404783,0.03587245349867139,0.031443755535872454,0.42559787422497786
0.4984506418769367,0.03497122620628597,0.03142983621071271,0.4351482957060646
0.5048888888888889,0.036,0.03111111111111111,0.428
0.4910313901345291,0.036771300448430494,0.03183856502242152,0.44035874439461886
0.4915178571428571,0.03705357142857143,0.033928571428571426,0.4375
0.4975369458128079,0.03851321092700403,0.03537841468875952,0.42857142857142855
0.5013309671694764,0.037267080745341616,0.03371783496007098,0.4276841171251109
0.49955595026642985,0.03774422735346359,0.03152753108348135,0.4311722912966252
0.4962171784601691,0.037828215398308856,0.030707610146862484,0.43524699599465955
0.4960352422907489,0.03524229074889868,0.03171806167400881,0.4370044052863436
0.4907325684024713,0.03618711385701677,0.03089143865842895,0.442188879082083
0.4868244752121483,0.03573023671281822,0.0321572130415364,0.4452880750334971
0.49401330376940134,0.03414634146341464,0.03237250554323725,0.43946784922394677
0.4935412026726058,0.032071269487750555,0.03162583518930958,0.44276169265033405
0.4946571682991986,0.03383793410507569,0.030721282279608193,0.44078361531611754
0.49508928571428573,0.03571428571428571,0.027678571428571427,0.44151785714285713
0.4997776789684304,0.035126722987994664,0.028012449977767896,0.437083148065807
0.49689716312056736,0.03679078014184397,0.030141843971631204,0.43617021276595747
0.5024433585073301,0.03642825410928476,0.030208796090626388,0.43091959129275875
0.4958168207837957,0.0361074416556583,0.029942756494936152,0.4381329810656099
0.49825783972125437,0.039634146341463415,0.029616724738675958,0.4324912891986063
0.4964788732394366,0.04005281690140845,0.03125,0.43221830985915494
0.4973214285714286,0.039285714285714285,0.030357142857142857,0.4330357142857143
0.4951067615658363,0.03914590747330961,0.03291814946619217,0.43282918149466193
0.49758666081614744,0.03773584905660377,0.03378674857393594,0.43089074155331286
0.4886312973695943,0.04012483281319661,0.03388319215336603,0.43736067766384307
0.4917447568049978,0.04060687193217314,0.02989736724676484,0.43775100401606426
0.4868244752121483,0.04064314426083073,0.029477445288075034,0.44305493523894596
0.48427115640230395,0.03898980948161276,0.034116083296411165,0.4426229508196721
0.48123620309050774,0.039735099337748346,0.03399558498896247,0.44503311258278144
0.47555555555555556,0.03911111111111111,0.03333333333333333,0.452
0.4829116733244563,0.037283621837549935,0.03195739014647137,0.4478473146915224
0.49076517150395776,0.03869832893579595,0.029463500439753737,0.4410729991204925
0.48747252747252745,0.04131868131868132,0.02857142857142857,0.44263736263736264
0.482773851590106,0.04063604240282685,0.02871024734982332,0.44787985865724383
0.49506283662477557,0.03904847396768402,0.027378815080789945,0.4385098743267504
0.48814317673378077,0.03847874720357942,0.02953020134228188,0.4438478747203579
0.47966025927581585,0.038891372373714796,0.031291908806437195,0.45015645954403216
0.4716644355198572,0.03971441320838911,0.0321285140562249,0.4564926372155288
0.47771836007130125,0.03787878787878788,0.03431372549019608,0.4500891265597148
0.4789543642002658,0.0358883473637572,0.035002215330084185,0.45015507310589276
0.4780662488809311,0.03446732318710832,0.03446732318710832,0.4529991047448523
0.47446236559139787,0.03181003584229391,0.03808243727598566,0.45564516129032256
0.4709480122324159,0.03145478374836173,0.036260375709917,0.4613368283093054
0.4746891651865009,0.03330373001776199,0.034191829484902306,0.4578152753108348
0.4704063604240283,0.03268551236749117,0.03489399293286219,0.4620141342756184
0.46639784946236557,0.03270609318996416,0.03449820788530466,0.46639784946236557
0.46564885496183206,0.03188145487202514,0.03592276605298608,0.46654692411315674
0.46646207803594913,0.033318719859710653,0.03638754932047348,0.46383165278386673
0.46353251318101935,0.03471001757469244,0.038224956063268895,0.46353251318101935
0.46921723834652596,0.03210202286719437,0.036499560246262094,0.4621811785400176
0.462384513858337,0.027716673999120107,0.03607567091948966,0.47382314122305325
0.45837023914969,0.027015057573073518,0.0354295837023915,0.479185119574845
0.45624167036872504,0.027099067081297203,0.034207019102621056,0.4824522434473567
0.4542190305206463,0.025583482944344704,0.037253141831238776,0.4829443447037702
0.4541387024608501,0.027293064876957495,0.03713646532438479,0.4814317673378076
0.4504820333041192,0.02716914986853637,0.03549517966695881,0.4868536371603856
0.447450110864745,0.025277161862527715,0.03503325942350333,0.49223946784922396
0.45022222222222225,0.024444444444444446,0.035111111111111114,0.4902222222222222
0.45389755011135857,0.023608017817371936,0.035634743875278395,0.48685968819599107
0.4553969669937556,0.025423728813559324,0.0383586083853702,0.4808206958073149
0.45022222222222225,0.02266666666666667,0.03688888888888889,0.4902222222222222
0.44670499778858913,0.023883237505528527,0.03538257408226449,0.4940291906236179
0.4474393530997305,0.025606469002695417,0.036837376460017966,0.49011680143755615
0.4455357142857143,0.028125,0.03571428571428571,0.490625
0.43724696356275305,0.028789923526765633,0.03418803418803419,0.49977507872244714
0.4384170742552245,0.027567807914628723,0.035126722987994664,0.4988883948421521
0.4368374558303887,0.030477031802120143,0.036219081272084806,0.49646643109540634
0.4396665204036858,0.030276437033786747,0.036419482229047825,0.4936375603334796
0.4387067804220925,0.028738212842388863,0.03637180062864841,0.4961832061068702
0.432,0.028444444444444446,0.03866666666666667,0.5008888888888889
0.43822739480752015,0.02820053715308863,0.03446732318710832,0.4991047448522829
0.43061133422579206,0.02900490852298081,0.035252119589468986,0.5051316376617582
0.42488888888888887,0.028,0.034666666666666665,0.5124444444444445
0.4235768713581354,0.02734199910354101,0.03272075302554908,0.5163603765127746
0.4262589928057554,0.02697841726618705,0.03012589928057554,0.516636690647482
0.42996022978347326,0.024304021210782147,0.030048608042421564,0.515687140963323
0.42680776014109345,0.027336860670194002,0.030864197530864196,0.5149911816578483
0.42649006622516555,0.027373068432671083,0.032229580573951436,0.5139072847682119
0.42782152230971127,0.02799650043744532,0.0310586176727909,0.5131233595800525
0.42521083000443854,0.027518863737239236,0.03062583222370173,0.5166444740346205
0.43027360988526037,0.026037069726390114,0.02824360105913504,0.5154457193292145
0.42914798206278026,0.026905829596412557,0.03139013452914798,0.5125560538116591
0.4280623608017817,0.025835189309576838,0.032071269487750555,0.5140311804008909
0.4284436493738819,0.02370304114490161,0.03354203935599284,0.5143112701252236
0.41596823996471105,0.025584472871636524,0.032642258491398325,0.5258050286722541
0.4152691968225949,0.02824360105913504,0.03177405119152692,0.5247131509267432
0.41688770999115826,0.029177718832891247,0.028735632183908046,0.5251989389920424
0.42251004912907547,0.02992407324698526,0.029477445288075034,0.5180884323358642
0.4277558190601669,0.02854633289415898,0.029863855950812472,0.5138339920948617
0.4254945054945055,0.03032967032967033,0.027252747252747254,0.5169230769230769
0.4251864853005704,0.029398859148749453,0.030715225976305396,0.5146994295743748
0.42316258351893093,0.028507795100222718,0.029844097995545656,0.5184855233853006
0.4271758436944938,0.026198934280639432,0.027531083481349913,0.5190941385435168
0.42428256070640175,0.0282560706401766,0.026931567328918323,0.5205298013245033
0.42844483828090385,0.028799291094373063,0.02702702702702703,0.5157288435976961
0.4215467143495753,0.029950827000447027,0.02682163611980331,0.5216808225301743
0.4179704962002682,0.03173893607510058,0.027268663388466695,0.5230219043361645
0.41633377718597425,0.032401242787394584,0.02929427430093209,0.521970705725699
0.4149029982363316,0.031746031746031744,0.028659611992945325,0.5246913580246914
0.41140079540433055,0.03093239063190455,0.02828104286345559,0.5293857711003094
0.4110075454948957,0.030181979582778518,0.024855747891699954,0.5339547270306259
0.4019349164467898,0.030343007915567283,0.023306948109058926,0.544415127528584
0.4090098126672614,0.030330062444246207,0.026761819803746655,0.5338983050847458
0.4027288732394366,0.032130281690140844,0.029049295774647887,0.5360915492957746
0.4014984574702512,0.03217276333186426,0.030850594975760245,0.5354781842221242
0.3951327433628319,0.03185840707964602,0.030530973451327433,0.5424778761061947
0.402212389380531,0.031415929203539826,0.031415929203539826,0.5349557522123893
0.3949468085106383,0.034131205673758866,0.02969858156028369,0.5412234042553191
0.40044345898004435,0.03503325942350333,0.02926829268292683,0.5352549889135255
0.40588760035682425,0.03166815343443354,0.028099910793933987,0.5343443354148082
0.3997332147621165,0.03023566029346376,0.026233881725211204,0.5437972432192085
0.392602495543672,0.034759358288770054,0.02540106951871658,0.5472370766488414
0.39582407818747223,0.03642825410928476,0.023545091070635273,0.5442025766326077
0.3880070546737213,0.037037037037037035,0.027336860670194002,0.5476190476190477
0.38133333333333336,0.036,0.027555555555555555,0.5551111111111111
0.3828470380194518,0.03713527851458886,0.027409372236958444,0.5526083112290009
0.38492063492063494,0.03791887125220458,0.026895943562610228,0.5502645502645502
0.39122649955237243,0.03401969561324977,0.02730528200537153,0.5474485228290062
0.3973451327433628,0.03274336283185841,0.02654867256637168,0.5433628318584071
0.3977924944812362,0.031788079470198675,0.026048565121412803,0.5443708609271524
0.3966207203201423,0.031124944419742107,0.028012449977767896,0.5442418852823477
0.3947602131438721,0.03241563055062167,0.02664298401420959,0.5461811722912966
0.4005364327223961,0.0348681269557443,0.025033527045149755,0.5395619132767099
0.397931654676259,0.03372302158273381,0.025179856115107913,0.5431654676258992
0.39207832665776593,0.032932799287939477,0.0258121940364931,0.5491766800178015
0.39091718610863757,0.030721282279608193,0.026714158504007122,0.5516473731077471
0.38816674137158225,0.029583146571044376,0.03047960555804572,0.5517705064993277
0.3879003558718861,0.028469750889679714,0.03291814946619217,0.550711743772242
0.3860900579580918,0.026749888542131076,0.03165403477485511,0.555506018724922
0.38625277161862526,0.0270509977827051,0.031042128603104215,0.5556541019955654
0.3861824623560673,0.027015057573073518,0.03277236492471213,0.5540301151461471
0.38506261180679785,0.026386404293381037,0.03354203935599284,0.5550089445438283
0.38831921533660274,0.02630405706642889,0.03343736067766384,0.5519393669193045
0.3828368163628279,0.026233881725211204,0.03156958648288128,0.5593597154290796
0.38228749443702714,0.0267022696929239,0.030707610146862484,0.5603026257231865
0.3844086021505376,0.02867383512544803,0.030913978494623656,0.5560035842293907
0.38927943760984185,0.030755711775043937,0.0320738137082601,0.5478910369068541
0.38896247240618104,0.031788079470198675,0.032671081677704196,0.5465783664459161
0.39638447971781304,0.03218694885361552,0.03218694885361552,0.5392416225749559
0.38985313751668893,0.030707610146862484,0.032932799287939477,0.5465064530485091
0.39368327402135234,0.03202846975088968,0.03158362989323844,0.5427046263345195
0.3884666964684846,0.03173893607510058,0.03218596334376397,0.5476084041126509
0.38711091626479616,0.03288031565103025,0.03244191144234985,0.5475668566418238
0.38221047996477325,0.031704095112285335,0.03302509907529723,0.5530603258476442
0.3814977973568282,0.03127753303964758,0.03259911894273128,0.554625550660793
0.3770053475935829,0.03342245989304813,0.035204991087344026,0.5543672014260249
0.37472185135736535,0.03337783711615487,0.03337783711615487,0.5585224744103249
0.3747787610619469,0.033628318584070796,0.031415929203539826,0.5601769911504425
0.37164579606440074,0.03577817531305903,0.030858676207513418,0.5617173524150268
0.3777484608619173,0.036499560246262094,0.031222515391380826,0.5545294635004397
0.37516570923552806,0.034909412284577994,0.03049049933716306,0.5594343791427309
0.3770491803278688,0.03322995126273815,0.030571555161719097,0.5591493132476739
0.37572254335260113,0.03468208092485549,0.03023566029346376,0.5593597154290796
0.37855871886120995,0.03603202846975089,0.027135231316725978,0.5582740213523132
0.3784860557768924,0.03497122620628597,0.027888446215139442,0.5586542718016821
0.37360677663843067,0.03789567543468569,0.028533214444939812,0.5599643334819439
0.36999109528049867,0.03784505788067676,0.031166518254674976,0.5609973285841496
0.36936936936936937,0.04009009009009009,0.034684684684684684,0.5558558558558558
0.3629498000888494,0.0422034651266104,0.03864948911594847,0.5561972456685917
0.3610237988325101,0.04265828468792097,0.03906600808262236,0.5572519083969466
0.3624887285843102,0.0405770964833183,0.03742110009017133,0.5595130748422001
0.37478031634446396,0.0421792618629174,0.03602811950790861,0.54701230228471
0.3752798925212718,0.03896103896103896,0.03672189879086431,0.5490371697268249
0.3711111111111111,0.03955555555555555,0.036,0.5533333333333333
0.37182345073562195,0.04057066428889879,0.03789567543468569,0.5497102095407935
0.3729946524064171,0.0392156862745098,0.03832442067736185,0.5494652406417112
0.3716696269982238,0.041740674955595025,0.03685612788632327,0.5497335701598579
0.3758300132802125,0.043824701195219126,0.03762726870296591,0.5427180168216025
0.3698328935795954,0.04353562005277045,0.03825857519788918,0.548372911169745
0.3717090584560464,0.04506916555109326,0.03792949576082106,0.5452922802320392
0.36759425493716336,0.0421903052064632,0.03770197486535009,0.5525134649910234
0.36907399202481167,0.04031900753212229,0.03677447939743022,0.5538325210456359
0.37025457793657884,0.04242965609647164,0.034836980794997766,0.5524787851719518
0.3782705099778271,0.041685144124168516,0.03237250554323725,0.5476718403547672
0.36743772241992884,0.04092526690391459,0.03069395017793594,0.5609430604982206
0.36952636282394996,0.04066130473637176,0.03306523681858802,0.5567470956210903
0.37472085752568113,0.038856632425189816,0.0321572130415364,0.5542652970075926
0.37655971479500894,0.0374331550802139,0.03074866310160428,0.5552584670231729
0.37566844919786097,0.03877005347593583,0.028966131907308377,0.5565953654188949
0.3744454303460515,0.0354924578527063,0.027950310559006212,0.562111801242236
0.37533274179236914,0.03682342502218278,0.027062999112688554,0.5607808340727596
0.36991150442477877,0.03716814159292035,0.028761061946902654,0.5641592920353983
0.369826435246996,0.03960836671117045,0.03115264797507788,0.5594125500667557
0.37028824833702884,0.03725055432372506,0.030598669623059866,0.5618625277161863
0.3686534216335541,0.040176600441501106,0.029580573951434878,0.56158940397351
0.3717553893532776,0.04003519577650682,0.027716673999120107,0.5604927408710955
0.36703786191536747,0.040979955456570155,0.028953229398663696,0.5630289532293986
0.35896309314586994,0.04086115992970123,0.029876977152899824,0.570298769771529
0.35900841080123946,0.04161133244798584,0.03010181496237273,0.5692784417884019
0.3576871358135365,0.03675481846705513,0.030927835051546393,0.5746302106678619
0.35425011125945705,0.037383177570093455,0.029817534490431688,0.5785491766800178
0.3545253863134658,0.03664459161147903,0.0282560706401766,0.5805739514348786
0.35398230088495575,0.03716814159292035,0.028761061946902654,0.5800884955752212
0.3500889679715303,0.036476868327402136,0.02891459074733096,0.5845195729537367
0.35139937805419813,0.037316748111950244,0.02576632607729898,0.5855175477565526
0.36238938053097347,0.03893805309734513,0.024336283185840708,0.5743362831858407
0.3617582417582418,0.03912087912087912,0.027252747252747254,0.5718681318681319
0.3633141338059371,0.03898980948161276,0.027470093043863535,0.5702259636685866
0.3664874551971326,0.039874551971326166,0.03046594982078853,0.5631720430107527
0.3635551585529254,0.03528360875390799,0.03260384100044663,0.56855739169272
0.36306868867082964,0.031222123104371096,0.03256021409455843,0.5731489741302409
0.3680214381420277,0.030370701205895488,0.029477445288075034,0.5721304153640018
0.3555754590237349,0.03090013434841021,0.03358710255261979,0.5799373040752351
0.3508225878168075,0.0329035126722988,0.03468208092485549,0.5815918185860383
0.3493975903614458,0.03302097278000892,0.03391343150379295,0.5836680053547524
0.3531236154186974,0.031014621178555603,0.030571555161719097,0.585290208241028
0.3507528786536758,0.03277236492471213,0.02745792736935341,0.5890168290522586
0.3544809228039042,0.03327417923691216,0.029724933451641525,0.5825199645075422
0.3545816733067729,0.03497122620628597,0.02877379371403276,0.5816733067729084
0.35221238938053095,0.035398230088495575,0.026106194690265486,0.5862831858407079
0.34520668425681617,0.036939313984168866,0.024626209322779244,0.5932277924362357
0.350597609561753,0.03629924745462594,0.02611775121735281,0.5869853917662683
0.3457985041794985,0.033875934887813465,0.026836779586449627,0.5934887813462385
0.3407079646017699,0.034070796460176994,0.02920353982300885,0.5960176991150442
0.3358540925266904,0.03291814946619217,0.027135231316725978,0.6040925266903915
0.3398402839396628,0.035048802129547474,0.027062999112688554,0.5980479148181012
0.3388172521120498,0.03646064917741218,0.026233881725211204,0.5984882169853268
0.33995584988962474,0.03708609271523179,0.02781456953642384,0.5951434878587196
0.3386737872719181,0.03649310191366266,0.0258121940364931,0.5990209167779261
0.3434433541480821,0.03389830508474576,0.027653880463871544,0.5950044603033007
0.3373068432671082,0.032671081677704196,0.02781456953642384,0.6022075055187638
0.3432109685979655,0.03272888102609465,0.02830605926581159,0.5957540911101282
0.33790358248562585,0.02786377708978328,0.02565236620964175,0.6085802742149491
0.34114007954043307,0.02695536897923111,0.025187803800265134,0.6067167476800707
0.3393725143614671,0.027839151568714096,0.024745912505523642,0.6080424215642952
0.33288770053475936,0.027629233511586453,0.026737967914438502,0.6127450980392157
0.32605790645879734,0.025835189309576838,0.027171492204899776,0.6209354120267261
0.3254358515869468,0.027268663388466695,0.028609745194456863,0.6186857398301296
0.3305084745762712,0.024977698483496878,0.028099910793933987,0.6164139161462979
0.3224381625441696,0.02517667844522968,0.026943462897526502,0.6254416961130742
0.3247787610619469,0.025221238938053097,0.02743362831858407,0.6225663716814159
0.32049579459938027,0.025675077467906152,0.027445772465692783,0.6263833554670208
0.32145998240985046,0.026824978012313105,0.028144239226033423,0.623570800351803
0.3267543859649123,0.02763157894736842,0.02675438596491228,0.618859649122807
0.327693677649154,0.02715939447907391,0.028495102404274265,0.6166518254674977
0.33094812164579607,0.024150268336314847,0.026833631484794274,0.6180679785330948
0.32694877505567926,0.02271714922048998,0.025835189309576838,0.6244988864142539
0.3275862068965517,0.023430592396109638,0.026083112290008842,0.6229000884173298
0.3308402991641003,0.024197096348438186,0.025516937967443906,0.6194456665200176
0.3253439857967155,0.023968042609853527,0.026187305814469597,0.6245006657789614
0.325,0.026339285714285714,0.027232142857142858,0.6214285714285714
0.32558139534883723,0.026386404293381037,0.027728085867620753,0.620304114490161
0.3257878384376387,0.02796271637816245,0.030181979582778518,0.6160674656014203
0.3321444493981275,0.028533214444939812,0.02630405706642889,0.6130182790905038
0.3297966401414677,0.028293545534924844,0.025198938992042442,0.616710875331565
0.32764654418197725,0.02799650043744532,0.024934383202099737,0.6194225721784777
0.32755555555555554,0.028888888888888888,0.022222222222222223,0.6213333333333333
0.3195921985815603,0.028368794326241134,0.02304964539007092,0.6289893617021277
0.31706244503078274,0.031222515391380826,0.020668425681618294,0.6310466138962181
0.32180851063829785,0.031471631205673756,0.024822695035460994,0.6218971631205674
0.31840354767184037,0.03148558758314856,0.026607538802660754,0.6235033259423504
0.3098716246126605,0.03187250996015936,0.02877379371403276,0.6294820717131474
0.31313131313131315,0.032059727711901624,0.029863855950812472,0.6249451032059727
0.3241317898486198,0.031611754229741766,0.02804986642920748,0.616206589492431
0.3257878384376387,0.032401242787394584,0.02796271637816245,0.6138482023968043
0.3201422854602045,0.03156958648288128,0.028901734104046242,0.619386393952868
0.31926121372031663,0.03210202286719437,0.028144239226033423,0.6204925241864556
0.31782265144863914,0.03160667251975417,0.029850746268656716,0.62071992976295
0.31771530566711287,0.0321285140562249,0.029451137884872823,0.6207050423917894
0.3177361853832442,0.03208556149732621,0.028966131907308377,0.6212121212121212
0.3224799286351472,0.03256021409455843,0.029884032114183764,0.6150758251561106
0.3167481119502443,0.03287427809862283,0.02798756108396268,0.6223900488671702
0.3154153709462461,0.034207019102621056,0.02665482007996446,0.6237227898711684
0.31128747795414463,0.033950617283950615,0.029541446208112873,0.6252204585537919
0.308340727595386,0.03327417923691216,0.027950310559006212,0.6304347826086957
0.3119715175789942,0.030707610146862484,0.027147307521139297,0.630173564753004
0.30892143808255657,0.028406569019085663,0.027518863737239236,0.6351531291611185
0.3040961709706144,0.029385574354407838,0.02894033837934105,0.6375779162956366
0.30245829675153646,0.028094820017559263,0.028533801580333626,0.6409130816505707
0.30044444444444446,0.028,0.03111111111111111,0.6404444444444445
0.29574944071588366,0.02774049217002237,0.032214765100671144,0.6442953020134228
0.2931188561215371,0.029490616621983913,0.030831099195710455,0.6465594280607685
0.29642857142857143,0.029017857142857144,0.03080357142857143,0.64375
0.2989782318969347,0.027543314082629944,0.03109729009329187,0.6423811639271435
0.2975717439293598,0.0282560706401766,0.032229580573951436,0.6419426048565121
0.29524232992441085,0.030680302356602934,0.030680302356602934,0.6433970653623833
0.2932030208796091,0.02798756108396268,0.03065304309195913,0.6481563749444691
0.29304192685102587,0.026761819803746655,0.029884032114183764,0.6503122212310437
0.2978817299205649,0.026037069726390114,0.03089143865842895,0.6451897616946161
0.29359430604982206,0.02802491103202847,0.03113879003558719,0.6472419928825622
0.2870535714285714,0.029910714285714287,0.03080357142857143,0.6522321428571428
0.28335564480142794,0.02900490852298081,0.0321285140562249,0.6555109326193663
0.28476527900797166,0.029229406554472984,0.03188662533215235,0.654118689105403
0.2845779938135219,0.029164825452938577,0.03225806451612903,0.6539991162174105
0.290437890974084,0.02680965147453083,0.03261840929401251,0.6501340482573726
0.28507194244604317,0.02473021582733813,0.03102517985611511,0.6591726618705036
0.2838852097130243,0.02384105960264901,0.029580573951434878,0.6626931567328919
0.28679078014184395,0.02349290780141844,0.031471631205673756,0.6582446808510638
0.28969482529854046,0.022556390977443608,0.0291906236178682,0.6585581601061478
0.29045092838196285,0.01989389920424403,0.027409372236958444,0.6622458001768347
0.29618117229129665,0.020870337477797513,0.02708703374777975,0.6558614564831261
0.28936742934051146,0.02243158366980709,0.02557200538358008,0.6626289816061014
0.2909415439535921,0.023650156180276664,0.027666220437304774,0.6577420794288265
0.2864721485411141,0.02431476569407604,0.023872679045092837,0.6653404067197171
0.2944867772299417,0.024204392649036306,0.022411474675033616,0.6588973554459884
0.29217002237136463,0.02371364653243848,0.024161073825503355,0.6599552572706935
0.2884359769605671,0.024368630926007974,0.023925564909171467,0.6632698272042534
0.2937777777777778,0.02666666666666667,0.024,0.6555555555555556
0.2881654201495821,0.028156621205455347,0.02375714914210295,0.6599208095028597
0.292979297929793,0.027452745274527453,0.024752475247524754,0.6548154815481548
0.2989228007181329,0.02827648114901257,0.02827648114901257,0.644524236983842
0.29915292019616585,0.027641551493535442,0.026749888542131076,0.6464556397681677
0.2968402314196707,0.027147307521139297,0.02892745883400089,0.6470850022251892
0.29770318021201414,0.02782685512367491,0.02871024734982332,0.6457597173144877
