C,D,Oc,Od
1.0,0.0,0.0,0.0
0.6666666666666666,0.3333333333333333,0.0,0.0
0.25,0.75,0.0,0.0
0.4,0.6,0.0,0.0
0.35294117647058826,0.5882352941176471,0.058823529411764705,0.0
0.3225806451612903,0.5483870967741935,0.06451612903225806,0.06451612903225806
0.23076923076923078,0.5384615384615384,0.05128205128205128,0.1794871794871795
0.288135593220339,0.5254237288135594,0.01694915254237288,0.1694915254237288
0.27906976744186046,0.46511627906976744,0.046511627906976744,0.20930232558139536
0.2916666666666667,0.4583333333333333,0.041666666666666664,0.20833333333333334
0.29239766081871343,0.4444444444444444,0.03508771929824561,0.22807017543859648
0.2943722943722944,0.41125541125541126,0.03896103896103896,0.2554112554112554
0.2832764505119454,0.41638225255972694,0.05802047781569966,0.24232081911262798
0.28388746803069054,0.4117647058823529,0.06649616368286446,0.23785166240409208
0.29577464788732394,0.3983903420523139,0.0744466800804829,0.23138832997987926
0.30130293159609123,0.3713355048859935,0.08306188925081433,0.24429967426710097
0.30919220055710306,0.34540389972144847,0.10027855153203342,0.24512534818941503
0.30363423212192264,0.3399765533411489,0.10550996483001172,0.2508792497069168
0.31388329979879276,0.33400402414486924,0.1056338028169014,0.24647887323943662
0.31326352530541013,0.33595113438045376,0.10645724258289703,0.2443280977312391
0.32603596559812353,0.3127443315089914,0.10867865519937452,0.25254104769351055
0.32398316970546986,0.3134642356241234,0.10869565217391304,0.2538569424964937
0.3232258064516129,0.30709677419354836,0.11935483870967742,0.2503225806451613
0.3272080616478957,0.2993479549496147,0.12388855957320688,0.24955542382928275
0.32996632996632996,0.2940516273849607,0.12738496071829405,0.24859708193041527
0.33263378803777544,0.2906610703043022,0.1322140608604407,0.24449108079748164
0.3348303393213573,0.29241516966067865,0.13223552894211577,0.2405189620758483
0.3301204819277108,0.28771084337349395,0.13253012048192772,0.24963855421686748
0.3342709798406001,0.2869198312236287,0.1350210970464135,0.2437880918893577
0.3423217550274223,0.2774223034734918,0.13985374771480805,0.24040219378427788
0.3494356659142212,0.2749435665914221,0.13318284424379231,0.24243792325056435
0.34355555555555556,0.2791111111111111,0.13155555555555556,0.2457777777777778
0.34803705337450375,0.278341420379356,0.1305690339655933,0.24305249228054698
0.3435148295706065,0.2735723771580345,0.13590084108012396,0.24701195219123506
0.3380343763772587,0.27104451300132215,0.1397091229616571,0.251211987659762
0.3429824561403509,0.268859649122807,0.1456140350877193,0.2425438596491228
0.3448735019973369,0.2720816688859299,0.13670661340434975,0.24633821571238348
0.34156015866020273,0.2750110180696342,0.13838695460555311,0.24504186866460997
0.34478203434610305,0.2769704975781594,0.13518273888154997,0.2430647291941876
0.33717834960070986,0.2701863354037267,0.14108251996450755,0.2515527950310559
0.33568904593639576,0.27296819787985865,0.13913427561837455,0.25220848056537104
0.3391838525669153,0.26941641070645017,0.1390960947784116,0.2523036419482229
0.33761061946902654,0.27168141592920353,0.13982300884955753,0.25088495575221237
0.33391992960844696,0.2639683238011439,0.14738231412230532,0.2547294324681038
0.33540372670807456,0.26663708961845606,0.14285714285714285,0.25510204081632654
0.33318719859710655,0.26698816308636564,0.1446733888645331,0.25515124945199474
0.33510402833111996,0.26693227091633465,0.1456396635679504,0.25232403718459495
0.33744493392070485,0.26519823788546254,0.1436123348017621,0.2537444933920705
0.33465608465608465,0.2671957671957672,0.1455026455026455,0.2526455026455027
0.3252959228408593,0.26830337571240687,0.15037264357737834,0.25602805786935556
0.3256738842244808,0.26601855943437913,0.15112682280159082,0.2571807335395493
0.3305567733450241,0.2634809294169224,0.15475668566418238,0.2512056115738711
0.32677693339293695,0.26464014304872596,0.15243629861421545,0.2561466249441216
0.3269911504424779,0.2646017699115044,0.1517699115044248,0.25663716814159293
0.3247787610619469,0.26194690265486725,0.15442477876106195,0.2588495575221239
0.32319223985890655,0.26763668430335097,0.15476190476190477,0.25440917107583777
0.32316534040671974,0.27055702917771884,0.15694076038903626,0.2493368700265252
0.3210643015521064,0.2682926829268293,0.1605321507760532,0.2501108647450111
0.32235397452788755,0.2683355292050944,0.1585419411506368,0.2507685551163812
0.32571428571428573,0.2654945054945055,0.15736263736263736,0.25142857142857145
0.32908051033875935,0.2644082710074791,0.15574131104267488,0.2507699076110867
0.32333480370533746,0.2686369651521835,0.15791795324217026,0.25011027790030876
0.32367149758454106,0.27053140096618356,0.1572244180939833,0.24857268335529206
0.32144429766622634,0.27432848965213563,0.15984147952443858,0.24438573315719947
0.32078774617067835,0.26827133479212256,0.1649890590809628,0.24595185995623634
0.3206958073148974,0.26583407671721676,0.16770740410347904,0.2457627118644068
0.3209281961471103,0.26444833625218916,0.1681260945709282,0.24649737302977234
0.3176991150442478,0.265929203539823,0.16858407079646018,0.24778761061946902
0.3212549712770658,0.2629253203711887,0.1661511268228016,0.2496685815289439
0.3259521700620018,0.2630646589902569,0.1629760850310009,0.24800708591674048
0.3227653016292382,0.261558784676354,0.16600616468516072,0.24966974900924702
0.3229951262738148,0.25875055383252105,0.17013735046521933,0.24811696942844483
0.3245887060915963,0.25477990217874613,0.16896398399288573,0.2516674077367719
0.32130281690140844,0.25880281690140844,0.1681338028169014,0.2517605633802817
0.32354230600613765,0.2494519947391495,0.17448487505480054,0.25252082419991234
0.325066430469442,0.2466784765279008,0.1758193091231178,0.2524357838795394
0.3261443661971831,0.24559859154929578,0.17473591549295775,0.2535211267605634
0.3334773218142549,0.2406047516198704,0.1693304535637149,0.25658747300215984
0.3287852112676056,0.24691901408450703,0.17077464788732394,0.2535211267605634
0.3259355961705831,0.24673629242819844,0.17449956483899043,0.25282854656222803
0.32178868917141606,0.24287593160894344,0.17799210872424376,0.25734327049539674
0.32125279642058163,0.24697986577181208,0.17807606263982104,0.2536912751677852
0.318859649122807,0.24517543859649124,0.17850877192982456,0.2574561403508772
0.31620553359683795,0.24462011418533158,0.1769872639437857,0.2621870882740448
0.32030208796090626,0.2394491337183474,0.17681030653043092,0.26343847179031543
0.3224669603524229,0.2343612334801762,0.1762114537444934,0.2669603524229075
0.3184233835252436,0.23560673162090345,0.1758193091231178,0.27015057573073514
0.32150678931230836,0.23127463863337713,0.17564607971966711,0.2715724923346474
0.3297966401414677,0.22413793103448276,0.17152961980548187,0.27453580901856767
0.3340688437775816,0.22153574580759047,0.17166813768755515,0.2727272727272727
0.3225950782997763,0.2250559284116331,0.1727069351230425,0.2796420581655481
0.32494481236203093,0.2260485651214128,0.17306843267108168,0.27593818984547464
0.31957857769973663,0.22563652326602282,0.17251975417032483,0.28226514486391574
0.31844316674038037,0.22954444935869084,0.16806722689075632,0.2839451570101725
0.31128747795414463,0.23015873015873015,0.17504409171075838,0.28350970017636684
0.3145724258289703,0.2299301919720768,0.1736474694589878,0.28184991273996507
0.3122791519434629,0.22438162544169613,0.17491166077738515,0.2884275618374558
0.3101791175185671,0.2276103101791175,0.17212756662297946,0.290083005679336
0.3147007042253521,0.2227112676056338,0.1756161971830986,0.2869718309859155
0.3030837004405286,0.23039647577092512,0.1748898678414097,0.2916299559471366
0.30638677981241624,0.22956677087985708,0.1782045556051809,0.28584189370254576
0.3039258932509925,0.2258491398323776,0.17423908248786943,0.2959858844287605
0.30492091388400705,0.23374340949033393,0.17223198594024605,0.28910369068541303
0.30478700043917434,0.22968818620992534,0.17083882301273606,0.2946859903381642
0.3088495575221239,0.22920353982300884,0.1663716814159292,0.29557522123893804
0.3133741258741259,0.2215909090909091,0.17089160839160839,0.29414335664335667
0.3102836879432624,0.22384751773049646,0.16445035460992907,0.30141843971631205
0.307928164695576,0.22514235654840123,0.1660096364432764,0.3009198423127464
0.3080652269722345,0.22300572939620977,0.16659321286910533,0.3023358307624504
0.30492091388400705,0.22319859402460457,0.1647627416520211,0.3071177504393673
0.3050772626931567,0.22472406181015453,0.16158940397350993,0.3086092715231788
0.3098404255319149,0.22118794326241134,0.162677304964539,0.30629432624113473
0.31008440693025324,0.21723678365171034,0.16126166148378498,0.31141714793425146
0.3151648351648352,0.21802197802197804,0.15692307692307692,0.3098901098901099
0.3101769911504425,0.22123893805309736,0.15353982300884955,0.31504424778761064
0.30577777777777776,0.22577777777777777,0.15422222222222223,0.31422222222222224
0.3099955966534566,0.21576398062527521,0.15808014090708938,0.31616028181417877
0.31095406360424027,0.21731448763250882,0.15945229681978798,0.3122791519434629
0.30741892492225675,0.2123500666370502,0.16081741448245224,0.31941359395824076
0.312090790048014,0.21475338280226974,0.15670013094718463,0.31645569620253167
0.3110619469026549,0.21283185840707963,0.15442477876106195,0.3216814159292035
0.3087129588677576,0.20831490490933216,0.15568332596196374,0.32728881026094647
0.2987241531016278,0.2168939727232732,0.15574131104267488,0.3286405631324241
0.3038821954484605,0.2177599286033021,0.15439535921463632,0.32396251673360105
0.303595206391478,0.21216156236129605,0.15934309809143365,0.3249001331557923
0.2976190476190476,0.21075837742504408,0.15211640211640212,0.3395061728395062
0.2946113074204947,0.21554770318021202,0.15591872791519434,0.3339222614840989
0.2979194333776007,0.21425409473218238,0.1509517485613103,0.3368747233289066
0.3006108202443281,0.21029668411867364,0.15663176265270506,0.3324607329842932
0.2999124343257443,0.21015761821366025,0.1646234676007005,0.3253064798598949
0.3020924149956408,0.21316477768090672,0.15736704446381866,0.3273757628596338
0.3049426301853486,0.2144748455428067,0.1553398058252427,0.32524271844660196
0.3018783542039356,0.21377459749552774,0.15608228980322003,0.3282647584973166
0.3051293292415607,0.21306444541867603,0.14949583516001755,0.33231039017974573
0.3065015479876161,0.21760283060592658,0.14772224679345422,0.3281733746130031
0.3022241604884431,0.21674662014827736,0.15176624509376363,0.3292629742695159
0.2964426877470356,0.22002635046113306,0.1510759771629337,0.33245498462889767
0.29814487632508835,0.22217314487632508,0.14620141342756185,0.3334805653710247
0.2968681076312307,0.22099691221879136,0.14644905161005733,0.3356859285399206
0.30057547587428063,0.2222222222222222,0.14918105356352368,0.3280212483399734
0.2997792494481236,0.2251655629139073,0.1479028697571744,0.3271523178807947
0.3000882612533098,0.22550750220653135,0.14827890556045895,0.3261253309796999
0.2928540113985094,0.2227093380096449,0.15212626041209995,0.33231039017974573
0.29544449358690844,0.21760283060592658,0.1525873507297656,0.33436532507739936
0.3022747156605424,0.21303587051618547,0.15485564304461943,0.32983377077865267
0.3008849557522124,0.21106194690265487,0.15398230088495576,0.334070796460177
0.2996914940502424,0.20493609519612163,0.1599823710885853,0.3353900396650507
0.30122591943957966,0.20359019264448336,0.1606830122591944,0.3345008756567426
0.29292929292929293,0.20685111989459815,0.1673254281949934,0.3328941589811155
0.2938864628820961,0.2039301310043668,0.1663755458515284,0.3358078602620087
0.29130052724077327,0.20210896309314588,0.17223198594024605,0.3343585237258348
0.29271523178807946,0.20838852097130242,0.1704194260485651,0.32847682119205296
0.29199648197009676,0.20624450307827616,0.17018469656992086,0.33157431838170626
0.2969858156028369,0.2052304964539007,0.17287234042553193,0.3249113475177305
0.29623059866962304,0.20798226164079822,0.16940133037694013,0.3263858093126386
0.3048458149779736,0.20044052863436124,0.16872246696035242,0.32599118942731276
0.30048823790501555,0.19618286728806036,0.17177097203728361,0.33155792276964047
0.2921249450065992,0.20369555653321603,0.17069951605807304,0.33347998240211174
0.2943246810382754,0.20105587329520458,0.17157941047074352,0.3330400351957765
0.29424681598594643,0.20114185331576637,0.17303469477382522,0.331576635924462
0.29071803852889666,0.19658493870402802,0.16549912434325745,0.3471978984238179
0.2881578947368421,0.19824561403508772,0.16885964912280702,0.3447368421052632
0.28882122662026966,0.19704219225750327,0.16224445411048283,0.3518921270117442
0.28172138420585624,0.19432120674356698,0.16770186335403728,0.3562555456965395
0.2793072824156306,0.18960923623445827,0.16563055062166962,0.3654529307282416
0.2821650399290151,0.18722271517302574,0.1699201419698314,0.36069210292812776
0.2796125055041832,0.1919859092910612,0.1695288419198591,0.35887274328489654
0.27480245829675154,0.19051799824407376,0.1694468832309043,0.3652326602282704
0.2764835164835165,0.1898901098901099,0.16791208791208792,0.3657142857142857
0.28033658104517273,0.19574844995571303,0.1629760850310009,0.36093888396811336
0.2816525988449578,0.19369169258107508,0.16525988449577966,0.3593958240781875
0.28230088495575223,0.19823008849557522,0.16415929203539822,0.35530973451327436
0.27604395604395604,0.19692307692307692,0.16923076923076924,0.3578021978021978
0.28044444444444444,0.19244444444444445,0.16444444444444445,0.3626666666666667
0.2712532865907099,0.19763365468886943,0.15819456617002628,0.3729184925503944
0.27652019529516203,0.1966267199289836,0.158011540168664,0.36884154460719043
0.28067078552515445,0.19858781994704325,0.1615180935569285,0.3592233009708738
0.2786596119929453,0.19753086419753085,0.16534391534391535,0.3584656084656085
0.2724867724867725,0.20238095238095238,0.1710758377425044,0.3540564373897707
0.2719683655536028,0.20210896309314588,0.17091388400702986,0.35500878734622143
0.2753303964757709,0.19162995594713655,0.17400881057268722,0.3590308370044053
0.27589246364037023,0.1881886293521375,0.17761128250330543,0.35830762450418685
0.274822695035461,0.19370567375886524,0.16888297872340424,0.3625886524822695
0.27390527256478997,0.18543342269883825,0.17873100983020554,0.36193029490616624
0.27872433377020533,0.18567059851463522,0.17693315858453473,0.35867190913062474
0.2750110180696342,0.1890700749228735,0.17761128250330543,0.35830762450418685
0.27890556045895853,0.18932038834951456,0.17519858781994704,0.35657546337157986
0.2798064232292125,0.19313682358117026,0.17069951605807304,0.3563572371315442
0.2774617067833698,0.19343544857768052,0.1737417943107221,0.35536105032822757
0.27814864263462397,0.19403649310191368,0.16777926123720516,0.36003560302625726
0.2789775231379462,0.19215513442044954,0.17100044072278536,0.35786690171881885
0.2867163524769838,0.19202104340201667,0.16747040771591407,0.35379219640508547
0.28103146853146854,0.19143356643356643,0.16914335664335664,0.3583916083916084
0.28368163628279236,0.18541574032903513,0.1694086260560249,0.3614939973321476
0.2809038546743465,0.18785999113867966,0.17279574656623836,0.3584404076207355
0.2824561403508772,0.1881578947368421,0.17280701754385966,0.35657894736842105
0.27903871829105475,0.18914107699154428,0.17133956386292834,0.3604806408544726
0.2826373626373626,0.189010989010989,0.17362637362637362,0.3547252747252747
0.27755466309683174,0.18697010263275324,0.1637661758143686,0.3717090584560464
0.27584689837219534,0.18213814342278928,0.16849978002639684,0.37351517817861857
0.2817824377457405,0.18042813455657492,0.16863259065093927,0.3691568370467453
0.2826278659611993,0.18209876543209877,0.1697530864197531,0.3655202821869489
0.27684859154929575,0.18397887323943662,0.1738556338028169,0.3653169014084507
0.2839614373356705,0.1801051709027169,0.16608238387379493,0.3698510078878177
0.2812083518436251,0.1808085295424256,0.16703687250111063,0.3709462461128387
0.28870475359790665,0.17662450937636284,0.1648495420846053,0.36982119494112514
0.2830105633802817,0.17869718309859156,0.1619718309859155,0.37632042253521125
0.2850915431560593,0.17436791630340018,0.16477768090671316,0.3757628596338274
0.28029969149405026,0.1767298369325694,0.1621859850154253,0.38078448655795505
0.2845814977973568,0.1726872246696035,0.1590308370044053,0.38370044052863433
0.2833990363556724,0.17783618046430136,0.16119141480508103,0.37757336837494526
0.28628318584070794,0.18495575221238938,0.16150442477876106,0.3672566371681416
0.28320911880754057,0.1832529592284086,0.16133274879438841,0.37220517316966245
0.2862779482683034,0.18807540552389304,0.1551950898728628,0.3704515563349408
0.2839341344014241,0.1824655095683133,0.1548731642189586,0.378727191811304
0.2795085563843791,0.18429135585783238,0.15138218516893373,0.3848179025888548
0.2773820124666073,0.18121104185218165,0.15182546749777381,0.38958147818343725
0.2802631578947368,0.17675438596491228,0.15789473684210525,0.3850877192982456
0.2830105633802817,0.1756161971830986,0.15536971830985916,0.38600352112676056
0.28546177640300485,0.18073353954927088,0.14759169244365886,0.3862129916040654
0.2796312554872695,0.18305531167690958,0.14618086040386305,0.39113257243195787
0.2875931608943446,0.1841297676457694,0.1442349846558527,0.38404208680403334
0.2906208718626156,0.18185821224130339,0.14178775869660942,0.3857331571994716
0.2936021034180543,0.18448729184925505,0.13453111305872043,0.3873794916739702
0.2922737306843267,0.18189845474613686,0.1421633554083885,0.3836644591611479
0.2940391459074733,0.18327402135231316,0.14012455516014236,0.38256227758007116
0.29303547963206306,0.18572054314498468,0.14235654840122647,0.3788874288217258
0.2889187976671153,0.18349035441902198,0.14445939883355766,0.38313144908030505
0.28766519823788544,0.17797356828193833,0.14713656387665197,0.38722466960352425
0.29173989455184535,0.17618629173989456,0.14674868189806678,0.38532513181019334
0.2865342163355408,0.17483443708609273,0.14481236203090508,0.3938189845474614
0.28665496049165934,0.17471466198419666,0.14003511852502196,0.398595258999122
0.2912014292094685,0.17061188030370703,0.14381420276909335,0.39437248771773115
0.28527336860670194,0.16843033509700175,0.1472663139329806,0.3990299823633157
0.28413610251878035,0.17543084401237297,0.14361467079098542,0.39681838267786124
0.2849557522123894,0.1752212389380531,0.13761061946902656,0.402212389380531
0.28590308370044054,0.17797356828193833,0.13744493392070484,0.3986784140969163
0.28502837189000435,0.17765168048886948,0.13836752509821038,0.39895242252291574
0.28501988510826337,0.172779496243924,0.13742819266460451,0.4047724259832081
0.2847769028871391,0.173665791776028,0.13517060367454067,0.40638670166229224
0.2894736842105263,0.16798245614035087,0.1324561403508772,0.4100877192982456
0.28742249778565104,0.17139061116031887,0.1341895482728078,0.4069973427812223
0.28684557853057635,0.17421909370875496,0.1350637923449186,0.4038715354157501
0.2843915343915344,0.1715167548500882,0.1371252204585538,0.4069664902998236
0.28810572687224667,0.17092511013215858,0.1356828193832599,0.4052863436123348
0.2876834148510449,0.17474433081369498,0.13428190306803023,0.4032903512672299
0.2909415439535921,0.17045961624274877,0.13342257920571174,0.40517626059794737
0.28149779735682817,0.1748898678414097,0.13259911894273127,0.41101321585903083
0.28458844133099825,0.17732049036777583,0.1300350262697023,0.4080560420315236
0.2828773168578994,0.17255075022065314,0.13062665489849956,0.41394527802294795
0.28874172185430463,0.17306843267108168,0.13554083885209714,0.40264900662251657
0.2773333333333333,0.17066666666666666,0.13777777777777778,0.4142222222222222
0.2790492957746479,0.17121478873239437,0.13732394366197184,0.41241197183098594
0.276623950508175,0.17631462660185596,0.12903225806451613,0.41802916482545294
0.2690423162583519,0.1759465478841871,0.12516703786191538,0.4298440979955457
0.27076923076923076,0.17758241758241758,0.12395604395604395,0.4276923076923077
0.26865008880994673,0.17539964476021314,0.12744227353463589,0.42850799289520425
0.26505494505494503,0.17582417582417584,0.1279120879120879,0.4312087912087912
0.2639437856829161,0.17215634606938954,0.1326306543697848,0.4312692138779095
0.2662565905096661,0.16520210896309315,0.13796133567662566,0.4305799648506151
0.2720816688859299,0.1646693297825122,0.1380381713271194,0.42521083000443854
0.2786885245901639,0.1599468320779796,0.13956579530350022,0.4217988480283562
0.2784417884019478,0.16246126604692343,0.13811420982735723,0.4209827357237716
0.2769704975781594,0.16160281814178776,0.13694407749889917,0.4244826067811537
0.27432848965213563,0.16424482606781154,0.13474240422721268,0.42668428005284015
0.27424308907415534,0.1654234313295305,0.13514699429574376,0.4251864853005704
0.27770419426048565,0.16467991169977925,0.13554083885209714,0.422075055187638
0.2819614711033275,0.159369527145359,0.13441330998248688,0.4242556917688266
0.2749110320284697,0.1601423487544484,0.1396797153024911,0.42526690391459077
0.27300884955752214,0.1570796460176991,0.14380530973451328,0.4261061946902655
0.2695729537366548,0.15169039145907473,0.14635231316725977,0.43238434163701067
0.26821773485513606,0.15891132572431957,0.13871817383669885,0.43415276558384547
0.2707774798927614,0.15683646112600536,0.14298480786416443,0.42940125111706884
0.27292576419213976,0.1554585152838428,0.14279475982532752,0.42882096069868997
0.27244718309859156,0.15625,0.14392605633802816,0.4273767605633803
0.27377266696152147,0.1525873507297656,0.14462627156125607,0.42901371074745687
0.27276726792784867,0.1548614166300044,0.14254289485261767,0.42982842058952925
0.27132805628847845,0.1547933157431838,0.1437994722955145,0.43007915567282323
0.26557666813963765,0.15377817057003976,0.14670790985417587,0.4339372514361467
0.26972234464521816,0.1489643014543852,0.14367562802996914,0.4376377258704275
0.2657558395769061,0.1485235786690172,0.14279418245923314,0.44292639929484356
0.2624890446976337,0.14680105170902716,0.1446099912357581,0.44609991235758106
0.2602921646746348,0.14519698981850376,0.14475431606905712,0.44975652943780436
0.25867369345630215,0.14448836187966624,0.1458058849363197,0.4510320597277119
0.2624175824175824,0.1498901098901099,0.14285714285714285,0.44483516483516483
0.26687251874724305,0.15086016762240848,0.13939126599029555,0.44287604764005295
0.2673179396092362,0.15008880994671403,0.13943161634103018,0.44316163410301956
0.2681958535509484,0.14865460961623292,0.13542126157917952,0.4477282752536392
0.26844444444444443,0.15066666666666667,0.13466666666666666,0.44622222222222224
0.26799116997792494,0.14525386313465782,0.13289183222958056,0.4538631346578366
0.2637460885113992,0.14483683504693787,0.13768439874832364,0.4537326776933393
0.2552245442418853,0.14361938639395286,0.1378390395731436,0.46331702979101824
0.2585601404741001,0.1431079894644425,0.14047410008779632,0.4578577699736611
0.2540874944763588,0.1453822359699514,0.14184710561201944,0.45868316394167036
0.25296442687747034,0.15239350021958717,0.14009661835748793,0.45454545454545453
0.25197541703248466,0.15364354697102722,0.1360842844600527,0.45829675153643545
0.2517574692442882,0.14982425307557118,0.14235500878734622,0.45606326889279436
0.2514310876265962,0.14839277851166888,0.14619110523998238,0.45398502862175255
0.2556093268807743,0.14518257809062912,0.14518257809062912,0.45402551693796744
0.2530755711775044,0.14103690685413006,0.14674868189806678,0.45913884007029876
0.25254312251216277,0.14462627156125607,0.14551083591331268,0.45731977001326846
0.24899955535793686,0.1462872387727879,0.14584259670964872,0.4588706091596265
0.24967205946655008,0.15216440752076957,0.14341932662877133,0.45474420638390906
0.2467134092900964,0.15074496056091147,0.14592462751971955,0.4566170026292726
0.25233229675699687,0.1519324744557974,0.14393602843180808,0.4517992003553976
0.24779541446208111,0.1490299823633157,0.14462081128747795,0.4585537918871252
0.24810690423162585,0.1510022271714922,0.14342984409799556,0.4574610244988864
0.24934036939313983,0.1437994722955145,0.1442392260334213,0.46262093227792433
0.24978089395267308,0.15030674846625766,0.14198071866783524,0.457931638913234
0.2506619593998235,0.14916151809355693,0.14210061782877317,0.4580759046778464
0.2510974539069359,0.15013169446883232,0.13871817383669885,0.46005267778753295
0.24669020300088262,0.15048543689320387,0.1412180052956752,0.4616063548102383
0.24368630926007975,0.15019937970757644,0.14089499335400973,0.4652193176783341
0.2444836716681377,0.15357458075904679,0.13989408649602825,0.4620476610767873
0.24305249228054698,0.15394794883105425,0.13939126599029555,0.46360829289810324
0.24375274002630426,0.15037264357737834,0.13985094256904868,0.4660236738272687
0.23992994746059546,0.15192644483362522,0.13660245183887915,0.47154115586690015
0.24617402710975075,0.14910362920857018,0.13336248360297331,0.47135986007870573
0.24286341677646026,0.1484409310496267,0.13350900307422048,0.4751866490996926
0.24613345117101193,0.1449403446752099,0.13477684489615555,0.47414935925762264
0.2447521214828048,0.1397945511389013,0.135328271549799,0.48012505582849485
0.2356828193832599,0.14273127753303966,0.1370044052863436,0.4845814977973568
0.23824312333629105,0.145075421472937,0.13620230700976044,0.48047914818101156
0.23516483516483516,0.1463736263736264,0.1345054945054945,0.48395604395604397
0.2356828193832599,0.14669603524229075,0.13259911894273127,0.48502202643171805
0.23698146513680493,0.14518976169461606,0.13018534863195058,0.4876434245366284
0.24563758389261744,0.13870246085011187,0.13154362416107382,0.4841163310961969
0.2422251423565484,0.1392904073587385,0.1340341655716163,0.4844502847130968
0.242184059885513,0.14002642007926025,0.1325407309555262,0.4852487890797006
0.23260965883916704,0.14045192733717324,0.1333628710677891,0.4935755427558706
0.2273924495171203,0.13784021071115013,0.13301141352063214,0.5017559262510974
0.23131357806280406,0.13710747456877487,0.13533834586466165,0.49624060150375937
0.22949389179755672,0.13830715532286214,0.1330715532286213,0.49912739965095987
0.23397717295873574,0.1356453028972783,0.14047410008779632,0.48990342405618964
0.22992540587977184,0.13690215006581835,0.14260640631856078,0.49056603773584906
0.23273207215134184,0.13022437307523096,0.14078310602727673,0.49626044874615044
0.239492119089317,0.12390542907180385,0.14054290718038528,0.4960595446584939
0.2472259209942299,0.1220594762538837,0.13626276076342655,0.4944518419884598
0.2479120879120879,0.12395604395604395,0.13538461538461538,0.49274725274725273
0.24637043554773427,0.12758468983721954,0.13330400351957766,0.49274087109546855
0.24658740642888596,0.12813738441215325,0.13430206957287538,0.4909731395860854
0.25,0.1280701754385965,0.13859649122807016,0.48333333333333334
0.24547461368653423,0.1280353200883002,0.13995584988962473,0.48653421633554084
0.24558303886925795,0.13250883392226148,0.1356007067137809,0.48630742049469966
0.24101198402130491,0.13004882379050156,0.1349312028406569,0.4940079893475366
0.23908248786943095,0.13233348037053375,0.13321570357300397,0.4953683281870313
0.2373180414644905,0.1310101455668284,0.1340979267754742,0.49757388619320686
0.23532008830022075,0.13200883002207506,0.13554083885209714,0.4971302428256071
0.23550087873462214,0.13093145869947276,0.13796133567662566,0.4956063268892794
0.23201046663759267,0.1321412996075011,0.14042738770170082,0.4954208460532054
0.23544973544973544,0.1283068783068783,0.13756613756613756,0.49867724867724866
0.2329246935201401,0.12521891418563924,0.14010507880910683,0.5017513134851138
0.23233215547703182,0.127208480565371,0.14266784452296818,0.49779151943462896
0.23519009725906279,0.12643678160919541,0.14058355437665782,0.497789566755084
0.23672566371681417,0.12654867256637167,0.1495575221238938,0.4871681415929204
0.23493180818301804,0.12098548174219094,0.15222173339199296,0.49186097668279805
0.22767462422634838,0.1273209549071618,0.15207780725022105,0.49292661361626877
0.2360928602715725,0.13009198423127463,0.14848883048620237,0.4853263250109505
0.23880597014925373,0.12774363476733977,0.1527655838454785,0.480684811237928
0.2418645558487247,0.13016710642040458,0.14643799472295516,0.4815303430079156
0.2400354295837024,0.1355181576616475,0.1536758193091231,0.470770593445527
0.2401402278702892,0.13453111305872043,0.1476774758983348,0.4776511831726556
0.23761061946902653,0.13761061946902656,0.1486725663716814,0.4761061946902655
0.2413186813186813,0.13538461538461538,0.14857142857142858,0.4747252747252747
0.23765836609873306,0.13936216688510267,0.14678899082568808,0.47619047619047616
0.23790501553484245,0.13715046604527298,0.1473590767865069,0.47758544163337774
0.2438070404172099,0.1421121251629726,0.14471968709256844,0.46936114732724904
0.24582967515364354,0.13784021071115013,0.14749780509218613,0.4688323090430202
0.24944616747895437,0.14089499335400973,0.14931324767390342,0.4603455914931325
0.25121412803532006,0.13951434878587196,0.1487858719646799,0.46048565121412804
0.2432077125328659,0.14198071866783524,0.1485539000876424,0.4662576687116564
0.24162257495590828,0.14417989417989419,0.1490299823633157,0.4651675485008818
0.24822695035460993,0.14361702127659576,0.14716312056737588,0.46099290780141844
0.25684024713150927,0.1407766990291262,0.14827890556045895,0.45410414827890555
0.2534095908490981,0.13858336999560053,0.1517817861856577,0.45622525296964367
0.25297487880123404,0.1392684001762891,0.1516086381665932,0.45614808285588365
0.24911971830985916,0.13556338028169015,0.15492957746478872,0.460387323943662
0.25418502202643173,0.13524229074889868,0.15330396475770924,0.4572687224669604
0.2581641659311562,0.13371579876434245,0.15180935569285084,0.4563106796116505
0.25890529973935705,0.13075586446568202,0.14943527367506515,0.46090356211989575
0.2649122807017544,0.13026315789473683,0.14956140350877192,0.45526315789473687
0.2640845070422535,0.13380281690140844,0.14788732394366197,0.45422535211267606
0.26402493321460374,0.13089937666963491,0.14514692787177205,0.4599287622439893
0.26352530541012215,0.12085514834205933,0.14790575916230367,0.4677137870855148
0.26299422478898266,0.11994669035984007,0.14571301643713905,0.4713460684140382
0.26436781609195403,0.11759504862953139,0.14854111405835543,0.46949602122015915
0.26582278481012656,0.116542994325622,0.14578786556089043,0.471846355303361
0.25999121651295565,0.12121212121212122,0.14404918752744839,0.47474747474747475
0.2531138790035587,0.12322064056939502,0.1494661921708185,0.47419928825622776
0.24611973392461198,0.12638580931263857,0.152549889135255,0.47494456762749443
0.24613345117101193,0.1312417145382236,0.14803358373840036,0.4745912505523641
0.24802804557405783,0.13190184049079753,0.14329535495179668,0.4767747589833479
0.25691699604743085,0.1282389108476065,0.13790074659639878,0.4769433465085639
0.2620202911336568,0.13321570357300397,0.13718570798411997,0.46757829730921924
0.2589641434262948,0.13058875608676407,0.13988490482514387,0.47056219566179724
0.2571680635200706,0.13233348037053375,0.1407146007940009,0.4697838553153948
0.2548758865248227,0.1356382978723404,0.1400709219858156,0.46941489361702127
0.2603757099169943,0.1345565749235474,0.1363040629095675,0.4687636522498908
0.2540035587188612,0.13300711743772242,0.14012455516014236,0.47286476868327404
0.2537577365163572,0.1317418213969938,0.14279398762157383,0.47170645446507514
0.24868189806678384,0.13532513181019332,0.14806678383128294,0.4679261862917399
0.2491258741258741,0.13286713286713286,0.1464160839160839,0.4715909090909091
0.25684024713150927,0.12886142983230361,0.14783759929390997,0.46646072374227715
0.25583443416996915,0.12857771906649054,0.1457507705856451,0.4698370761778952
0.2546419098143236,0.12245800176834659,0.15030946065428824,0.47259062776304156
0.25021949078138717,0.12598770851624233,0.15232660228270412,0.47146619841966636
0.25846153846153846,0.12967032967032968,0.149010989010989,0.46285714285714286
0.2591289045314562,0.12890453145622524,0.1460624725032996,0.4659040915090189
0.2610406646261478,0.12374289462177525,0.13817227809357235,0.4770441626585046
0.2577092511013216,0.12246696035242291,0.14493392070484581,0.4748898678414097
0.2578090629124505,0.12098548174219094,0.14342278926528818,0.4777826660800704
0.2562858403176004,0.11468901632112924,0.14777238641376267,0.48125275694750774
0.2574477545575811,0.11783014673188083,0.14717652289906624,0.4775455758114718
0.25556544968833483,0.1157613535173642,0.14781834372217276,0.4808548530721282
0.25339168490153174,0.11334792122538294,0.15185995623632384,0.4814004376367615
0.2523076923076923,0.12087912087912088,0.14813186813186813,0.4786813186813187
0.2546337157987643,0.1209179170344219,0.146954986760812,0.47749338040600176
0.25739514348785875,0.11832229580573951,0.1456953642384106,0.4785871964679912
0.2528483786152498,0.12138475021910605,0.1446099912357581,0.48115687992988604
0.25711782742006134,0.11826544021024968,0.143670608848007,0.480946123521682
0.2545374059318282,0.11996458610004426,0.14209827357237717,0.48339973439575035
0.2545054945054945,0.12263736263736263,0.14153846153846153,0.48131868131868133
0.25253415601586604,0.11855442926399296,0.14059056853239313,0.4883208461877479
0.25186485300570427,0.12329969284774024,0.137340939008337,0.4874945151382185
0.24572457245724572,0.1278127812781278,0.14086408640864087,0.4855985598559856
0.24266316250547526,0.12439772229522558,0.1392904073587385,0.49364870784056064
0.25022261798753337,0.11932324131789848,0.13668744434550312,0.493766696349065
0.2539543057996485,0.12038664323374342,0.13532513181019332,0.4903339191564148
0.24956140350877193,0.12236842105263158,0.1368421052631579,0.49122807017543857
0.25570175438596493,0.12587719298245614,0.12982456140350876,0.4885964912280702
0.2521120497999111,0.12361049355269009,0.12716763005780346,0.49710982658959535
0.24900486510393632,0.12030075187969924,0.13224237063246352,0.4984520123839009
0.24436588599204595,0.1241714538223597,0.12903225806451613,0.5024304021210783
0.24955516014234874,0.1201067615658363,0.1307829181494662,0.49955516014234874
0.24492497793468668,0.12003530450132392,0.13636363636363635,0.49867608120035306
0.24635117204776646,0.12030075187969924,0.13224237063246352,0.5011057054400707
0.24420131291028446,0.11859956236323851,0.13391684901531728,0.5032822757111597
0.24469026548672565,0.12035398230088495,0.12920353982300886,0.5057522123893805
0.24430823117338005,0.11865148861646235,0.13222416812609458,0.5048161120840631
0.23773751657092354,0.12063632346442775,0.13477684489615555,0.5068493150684932
0.24768620537681799,0.124724548259145,0.13574261789334507,0.49184662847069194
0.2454585733274258,0.12583074878156844,0.13469206911829862,0.49401860877270715
0.2362099644128114,0.1258896797153025,0.13256227758007116,0.505338078291815
0.24,0.12571428571428572,0.13362637362637364,0.5006593406593407
0.24110671936758893,0.12560386473429952,0.13350900307422048,0.4997804128238911
0.247450110864745,0.12638580931263857,0.12727272727272726,0.49889135254988914
0.24493392070484582,0.12731277533039648,0.12951541850220263,0.49823788546255504
0.2427055702917772,0.1290893015030946,0.1268788682581786,0.5013262599469496
0.2413033905768384,0.12945838837516513,0.12241303390576838,0.5068251871422281
0.2493368700265252,0.1273209549071618,0.1220159151193634,0.5013262599469496
0.2517605633802817,0.1267605633802817,0.12544014084507044,0.4960387323943662
0.25263157894736843,0.12763157894736843,0.125,0.49473684210526314
0.25,0.13155594405594406,0.1215034965034965,0.4969405594405594
0.2529854046881911,0.13268465280849182,0.12206988058381248,0.49226006191950467
0.25386313465783666,0.13024282560706402,0.12362030905077263,0.4922737306843267
0.25275694750771943,0.12924569916188797,0.12262902514336127,0.4953683281870313
0.2551693796744391,0.1271447426308843,0.12010558732952045,0.49758029036515616
0.2607550482879719,0.12423178226514486,0.11984196663740122,0.495171202809482
0.2638522427440633,0.12093227792436236,0.11873350923482849,0.49648197009674583
0.26362428001772265,0.12095702259636686,0.12007089056269384,0.49534780682321666
0.2669902912621359,0.11871138570167697,0.11694616063548102,0.49735216240070607
0.2684417285028372,0.1152335224792667,0.11741597555652554,0.4989087734613706
0.2617067833698031,0.11816192560175055,0.1137855579868709,0.5063457330415755
0.27080581241743723,0.11977102597974461,0.11184500220167327,0.49757815940114486
0.26961858833844804,0.12319158263919333,0.11091626479614204,0.49627356422621655
0.27460456942003514,0.12302284710017575,0.10984182776801406,0.49253075571177507
0.28071709663314387,0.12418014866637517,0.10756449497157848,0.48753825972890247
0.282039911308204,0.1246119733924612,0.10110864745011086,0.49223946784922396
0.28527200353825743,0.12118531623175587,0.10482087571870853,0.48872180451127817
0.28495102404274264,0.11531611754229741,0.11041852181656278,0.4893143365983971
0.2840210711150132,0.1189640035118525,0.11237928007023705,0.48463564530289727
0.2916117698726394,0.11682037768994291,0.11550285463328941,0.47606499780412825
0.2912280701754386,0.11754385964912281,0.12192982456140351,0.4692982456140351
0.2953549517966696,0.12094653812445223,0.11919368974583698,0.4645048203330412
0.2973928413610252,0.12019443216968625,0.12063632346442775,0.4617764030048608
0.28926353149955636,0.12156166814551908,0.12244897959183673,0.46672582076308783
0.2988556338028169,0.12059859154929578,0.12367957746478873,0.45686619718309857
0.29513274336283185,0.11946902654867257,0.12964601769911505,0.4557522123893805
0.3017699115044248,0.11946902654867257,0.12743362831858407,0.45132743362831856
0.29871851524524967,0.12152010605391074,0.1303579319487406,0.449403446752099
0.29133858267716534,0.12117235345581802,0.13079615048118984,0.4566929133858268
0.2908366533864542,0.11952191235059761,0.12749003984063745,0.46215139442231074
0.2835622507753655,0.12095702259636686,0.13114754098360656,0.46433318564466103
0.28125,0.12455985915492958,0.12720070422535212,0.4669894366197183
0.28434365460095945,0.12734409071085914,0.12996075010902747,0.45835150457915397
0.2796125055041832,0.12989872302950242,0.12989872302950242,0.46059004843681195
0.28590192644483364,0.1265323992994746,0.12740805604203154,0.46015761821366025
0.289588801399825,0.12554680664916884,0.1268591426071741,0.458005249343832
0.2919772029811486,0.12362998684787374,0.12889083735203857,0.45550197281893906
0.2921447484554281,0.12577228596646073,0.12224183583406885,0.45984112974404234
0.29354980254497587,0.12768758227292673,0.12022817025010969,0.4585344449319877
0.29349736379613356,0.12785588752196836,0.12038664323374342,0.45826010544815465
0.2941952506596306,0.12752858399296393,0.12137203166226913,0.4569041336851363
0.2925744775455758,0.12627834593152512,0.12449977767896843,0.45664739884393063
0.2914837576821773,0.12774363476733977,0.12906057945566285,0.45171202809482003
0.2942719720157411,0.13117621337997376,0.13161346742457367,0.4429383471797114
0.2912621359223301,0.1328331862312445,0.13636363636363635,0.43954104148278905
0.29091706888986396,0.13119789381307592,0.13295304958315052,0.4449319877139096
0.28824049513704686,0.1330680813439434,0.13527851458885942,0.4434129089301503
0.29411764705882354,0.13312693498452013,0.13489606368863336,0.43785935426802297
0.29238221047996477,0.12725671510347863,0.13430206957287538,0.4460590048436812
0.2941952506596306,0.1297273526824978,0.13324538258575197,0.44283201407211964
0.2961165048543689,0.13018534863195058,0.1328331862312445,0.440864960282436
0.2924235711120957,0.1329198050509526,0.12715994683207799,0.4474966770048737
0.28797886393659183,0.1312197269925143,0.12461470717745486,0.456186701893439
0.2891725352112676,0.13556338028169015,0.12235915492957747,0.4529049295774648
0.2838852097130243,0.13951434878587196,0.1262693156732892,0.4503311258278146
0.28790534618755476,0.13803680981595093,0.1266432953549518,0.4474145486415425
0.2892199824715162,0.1375985977212971,0.13058720420683612,0.44259421560035056
0.2826855123674912,0.13471731448763252,0.13162544169611307,0.45097173144876324
0.28138718173836696,0.13520632133450394,0.13125548726953468,0.45215100965759436
0.2877254729432468,0.13990321161460625,0.12846458424989002,0.44390673119225693
0.2919227392449517,0.13784021071115013,0.12906057945566285,0.4411764705882353
0.290407358738502,0.14060446780551905,0.12746386333771353,0.44152431011826543
