C,D,Oc,Od
1.0,0.0,0.0,0.0
0.0,1.0,0.0,0.0
0.6666666666666666,0.3333333333333333,0.0,0.0
0.4,0.6,0.0,0.0
0.375,0.5,0.0,0.125
0.4444444444444444,0.4444444444444444,0.0,0.1111111111111111
0.3333333333333333,0.4166666666666667,0.0,0.25
0.25,0.4166666666666667,0.08333333333333333,0.25
0.1875,0.4375,0.0625,0.3125
0.15789473684210525,0.47368421052631576,0.0,0.3684210526315789
0.05263157894736842,0.47368421052631576,0.0,0.47368421052631576
0.08333333333333333,0.4583333333333333,0.0,0.4583333333333333
0.08333333333333333,0.4166666666666667,0.0,0.5
0.1,0.4666666666666667,0.0,0.43333333333333335
0.12195121951219512,0.4146341463414634,0.0,0.4634146341463415
0.15384615384615385,0.36538461538461536,0.019230769230769232,0.46153846153846156
0.15942028985507245,0.37681159420289856,0.028985507246376812,0.43478260869565216
0.1875,0.3958333333333333,0.010416666666666666,0.40625
0.23333333333333334,0.375,0.0,0.39166666666666666
0.26,0.32,0.0,0.42
0.2553191489361702,0.31382978723404253,0.015957446808510637,0.4148936170212766
0.2850877192982456,0.2894736842105263,0.02631578947368421,0.3991228070175439
0.30111524163568776,0.2825278810408922,0.026022304832713755,0.3903345724907063
0.31596091205211724,0.2736156351791531,0.029315960912052116,0.3811074918566775
0.3278236914600551,0.25068870523415976,0.030303030303030304,0.39118457300275483
0.3474178403755869,0.24178403755868544,0.018779342723004695,0.392018779342723
0.36041666666666666,0.23541666666666666,0.016666666666666666,0.3875
0.3785211267605634,0.23415492957746478,0.01232394366197183,0.375
0.38571428571428573,0.24126984126984127,0.014285714285714285,0.35873015873015873
0.3834048640915594,0.24177396280400573,0.012875536480686695,0.36194563662374823
0.39173967459324155,0.2265331664580726,0.016270337922403004,0.36545682102628285
0.3894500561167228,0.22671156004489337,0.02132435465768799,0.36251402918069586
0.40767634854771784,0.21058091286307054,0.01970954356846473,0.3620331950207469
0.41356877323420077,0.20446096654275092,0.022304832713754646,0.3596654275092937
0.4099060631938514,0.20922288642186165,0.02220324508966695,0.35866780529462
0.4120443740095087,0.21077654516640254,0.02377179080824089,0.35340729001584786
0.4153400868306802,0.2105643994211288,0.024602026049204053,0.34949348769898697
0.42023082145281737,0.20502376103190767,0.024439918533604887,0.35030549898167007
0.4155019059720457,0.20838627700127066,0.026048284625158832,0.35006353240152477
0.4141048824593128,0.20253164556962025,0.02652200120554551,0.3568414707655214
0.41973908111174135,0.19909245604083947,0.025524673851389675,0.3556437889960295
0.42004381161007665,0.19605695509309967,0.029025191675794086,0.3548740416210296
0.40951882845188287,0.19822175732217573,0.03085774058577406,0.36140167364016734
0.4162462159434914,0.20282542885973764,0.029767911200807264,0.3511604439959637
0.41202562838836865,0.2035485460818137,0.02957121734844751,0.35485460818137016
0.4071011673151751,0.20573929961089493,0.030155642023346304,0.35700389105058367
0.4074422986340085,0.19971738106453132,0.03297220913801225,0.35986811116344797
0.40345956054230947,0.20523609163160356,0.03412809724170173,0.35717625058438524
0.41190036900369004,0.20525830258302583,0.033210332103321034,0.3496309963099631
0.4035168903285516,0.2063859324386858,0.036094400740397964,0.35400277649236467
0.4050747621205256,0.20027186225645674,0.03942002718622564,0.35523334843679205
0.40919333032897703,0.20099143758449753,0.040558810274898605,0.34925642181162686
0.41139240506329117,0.20162748643761302,0.04294755877034358,0.34403254972875225
0.4069714803078316,0.20597555454956995,0.039837030330466275,0.3472159348121322
0.3991130820399113,0.2097560975609756,0.039467849223946784,0.3516629711751663
0.40636200716845877,0.20698924731182797,0.04121863799283154,0.34543010752688175
0.39857015192135836,0.2068811438784629,0.041108132260947276,0.35344057193923145
0.3982022471910112,0.20179775280898876,0.04449438202247191,0.3555056179775281
0.39499121265377857,0.1999121265377856,0.04657293497363796,0.3585237258347979
0.39679715302491103,0.20195729537366547,0.04804270462633452,0.35320284697508897
0.3920606601248885,0.20071364852809992,0.04906333630686887,0.3581623550401427
0.396158999553372,0.20544886109870478,0.04912907548012506,0.34926306386779815
0.3959367945823928,0.20406320541760722,0.05011286681715576,0.34988713318284426
0.40098787606645714,0.20251459362370902,0.05074090704984284,0.345756623259991
0.3999110320284697,0.20240213523131673,0.0498220640569395,0.34786476868327404
0.3972481136262761,0.19884598313359964,0.04837993786063027,0.355525965379494
0.4022937803264226,0.1945302161446846,0.049845610939567714,0.3533303925893251
0.40479421076436,0.19719583898688375,0.04975124378109453,0.3482587064676617
0.40744060959211115,0.1994621246077992,0.049305244285073956,0.3437920215150157
0.41298467087466184,0.19431920649233544,0.05049594229035167,0.34220018034265104
0.40957923008057295,0.19203222918531782,0.051924798567591766,0.34646374216651743
0.4092940125111707,0.19079535299374442,0.05674709562109026,0.34316353887399464
0.41069042316258353,0.1870824053452116,0.057015590200445436,0.34521158129175944
0.41197339246119735,0.18758314855875832,0.05277161862527716,0.34767184035476717
0.41110613524406625,0.18629646215853113,0.05373936408419167,0.3488580385132109
0.4101649576460098,0.18724921979491752,0.055283102987070884,0.34730271957200176
0.41382365972529905,0.18342933097031458,0.051395657953035,0.35135135135135137
0.4111358574610245,0.17861915367483297,0.053006681514476614,0.35723830734966594
0.41439427805096113,0.17121144389807777,0.05543138131426017,0.35896289673670095
0.41648205582631814,0.17368187859991138,0.056269384138236594,0.3535666814355339
0.4078830823737821,0.17271922054915856,0.05845881310894597,0.36093888396811336
0.4141238012205754,0.17000871839581516,0.05797733217088056,0.35789014821272885
0.42095835199283477,0.16569637259292433,0.057769816390506046,0.3555754590237349
0.4192825112107623,0.16995515695067265,0.05560538116591928,0.35515695067264574
0.4195867026055705,0.1720575022461815,0.05256064690026954,0.3557951482479784
0.42451154529307283,0.16962699822380106,0.0497335701598579,0.3561278863232682
0.42420152946468737,0.17049032838506523,0.048582995951417005,0.3567251461988304
0.4328754984492689,0.16526362428001773,0.05006645990252548,0.35179441736818784
0.42362344582593253,0.16740674955595028,0.05106571936056838,0.35790408525754885
0.42982842058952925,0.16190057193136823,0.051473823141223056,0.35679718433787944
0.4240141781125388,0.16614975631369075,0.05449712007089056,0.3553389455028799
0.4266666666666667,0.1648888888888889,0.05555555555555555,0.35288888888888886
0.4266725742135578,0.16526362428001773,0.05006645990252548,0.35799734160389896
0.4234875444839858,0.16725978647686832,0.051601423487544484,0.35765124555160144
0.42363877822045154,0.16644532979194335,0.05312084993359894,0.3567950420540062
0.42731277533039647,0.16343612334801763,0.055506607929515416,0.3537444933920705
0.42160737812911725,0.16073781291172595,0.05884936319718929,0.3588054457619675
0.4234828496042216,0.15963060686015831,0.06156552330694811,0.35532102022867196
0.42483370288248334,0.15299334811529933,0.05942350332594235,0.36274944567627493
0.4173719376391982,0.14966592427616926,0.060579064587973276,0.3723830734966592
0.42274966412897447,0.15629198387819077,0.05866547245857591,0.36229287953425887
0.42743362831858406,0.15486725663716813,0.05486725663716814,0.36283185840707965
0.42901234567901236,0.15079365079365079,0.054673721340388004,0.3655202821869489
0.4384105960264901,0.1509933774834437,0.051655629139072845,0.35894039735099337
0.4351111111111111,0.15155555555555555,0.05288888888888889,0.36044444444444446
0.4382523406152474,0.14489522960321,0.056620597414177444,0.3602318323673651
0.44228217602830605,0.1384343210968598,0.055285272003538256,0.3639982308712959
0.4402487783207463,0.14260328742780987,0.056419369169258105,0.3607285650821857
0.4391651865008881,0.14298401420959148,0.0563943161634103,0.3614564831261101
0.44624835454146555,0.14172882843352347,0.05616498464238701,0.355857832382624
0.4500659920809503,0.139463264408271,0.056313242410910694,0.354157501099868
0.4522657281126265,0.13330400351957766,0.056313242410910694,0.35811702595688516
0.46089630931458697,0.1344463971880492,0.054042179261862916,0.3506151142355009
0.46704745166959577,0.13093145869947276,0.05579964850615114,0.3462214411247803
0.46109637488947836,0.1304155614500442,0.05702917771883289,0.35145888594164454
0.4687224669603524,0.12026431718061674,0.05506607929515418,0.35594713656387666
0.46430155210643015,0.12106430155210643,0.05454545454545454,0.3600886917960089
0.4622892635314996,0.11801242236024845,0.05235137533274179,0.3673469387755102
0.466696269982238,0.11811722912966252,0.05595026642984014,0.3592362344582593
0.4605553107095637,0.11502864698104892,0.05729396209784046,0.36712208021154696
0.4590604026845638,0.11767337807606264,0.056375838926174496,0.3668903803131991
0.4612676056338028,0.11751760563380281,0.05677816901408451,0.3644366197183099
0.45571873609256786,0.12016021361815754,0.05740987983978638,0.3667111704494882
0.46167557932263814,0.11497326203208556,0.05481283422459893,0.36853832442067735
0.46657813191677733,0.10845506861443116,0.05754758742806552,0.367419212040726
0.4678777137793531,0.09968985378821445,0.05804164820558263,0.3743907842268498
0.4675496688741722,0.10242825607064018,0.05827814569536424,0.3717439293598234
0.4704837993786063,0.0985352862849534,0.05503772747447847,0.3759431868619618
0.4718653079308817,0.09880372175454143,0.05538325210456358,0.37394771821001327
0.46999117387466904,0.10105913503971757,0.05119152691968226,0.37775816416593117
0.46964997784669915,0.09614532565352238,0.052724856003544526,0.38147984049623396
0.4637809187279152,0.09717314487632508,0.05167844522968198,0.3873674911660777
0.46372941700044507,0.09390298175344905,0.049399198931909215,0.3929684023141967
0.46942366915970085,0.09370875494940607,0.052353717553893536,0.3845138583369996
0.4645218157778757,0.09607756721022477,0.050683120317320404,0.3887174966945791
0.4707187222715173,0.08917480035492457,0.04791481810115351,0.3921916592724046
0.4671950682518714,0.09202994275649494,0.047556142668428,0.39321884632320564
0.46610915492957744,0.09154929577464789,0.047975352112676055,0.39436619718309857
0.46752669039145905,0.09119217081850534,0.04759786476868327,0.39368327402135234
0.46133567662565905,0.08963093145869948,0.046133567662565905,0.4028998242530756
0.4660534384581691,0.09023215067893123,0.045992115637319315,0.3977222952255804
0.4666076957098629,0.0880141530296329,0.04688191065900044,0.39849624060150374
0.46331702979101824,0.08626056024899956,0.048465984882169855,0.4019564250778124
0.47058823529411764,0.08093763821318001,0.047766475011057054,0.4007076514816453
0.47216035634743875,0.0801781737193764,0.0467706013363029,0.40089086859688194
0.47079646017699117,0.08185840707964602,0.046902654867256637,0.4004424778761062
0.471846355303361,0.08555216062854648,0.04583151462243562,0.3967699694456569
0.4741302408563782,0.08251561106155218,0.04683318465655665,0.39652096342551296
0.46572934973637964,0.07864674868189807,0.05008787346221441,0.4055360281195079
0.4675496688741722,0.08256070640176601,0.04900662251655629,0.4008830022075055
0.4657534246575342,0.07733097657976137,0.048608042421564294,0.4083075563411401
0.4742729306487696,0.07740492170022371,0.043400447427293064,0.40492170022371365
0.4803395889186774,0.07372654155495978,0.043789097408400354,0.40214477211796246
0.47710951526032314,0.07360861759425494,0.04533213644524237,0.40394973070017953
0.4759381898454746,0.0728476821192053,0.04415011037527594,0.40706401766004413
0.47971781305114636,0.07054673721340388,0.04585537918871252,0.4038800705467372
0.47841409691629955,0.07136563876651983,0.04449339207048458,0.405726872246696
0.47155555555555556,0.06622222222222222,0.050222222222222224,0.412
0.46996466431095407,0.06537102473498234,0.05123674911660778,0.4134275618374558
0.4659040915090189,0.07127144742630884,0.05323361196656401,0.4095908490981082
0.46394019349164467,0.07211961301671065,0.052770448548812667,0.41116974494283204
0.4658385093167702,0.06566104702750665,0.05678793256433008,0.41171251109139306
0.45842498900131984,0.0664320281566212,0.05587329520457545,0.4192696876374835
0.44988864142538976,0.066815144766147,0.060133630289532294,0.42316258351893093
0.45293857711003094,0.06805125939019001,0.05877154220061865,0.4202386212991604
0.4490965182899956,0.06875275451740855,0.05509034817100044,0.42706037902159544
0.4605553107095637,0.06478624944909651,0.05509034817100044,0.41956809167033937
0.4607583774250441,0.06128747795414462,0.05202821869488536,0.42592592592592593
0.4520668425681618,0.05980650835532102,0.051011433597185574,0.4371152154793316
0.45974483062032556,0.05895292564892213,0.05015398152221733,0.43114826220853497
0.45490541135063794,0.055433347998240214,0.052353717553893536,0.4373075230972283
0.4551451187335092,0.055408970976253295,0.051890941072999124,0.43755496921723835
0.44967032967032966,0.054945054945054944,0.04835164835164835,0.447032967032967
0.4500883392226148,0.053886925795053005,0.04637809187279152,0.4496466431095406
0.45911111111111114,0.05288888888888889,0.04577777777777778,0.44222222222222224
0.4635211882918305,0.05286151157710791,0.04281345565749235,0.44080384447356924
0.45757441137272326,0.0519768991559307,0.0422034651266104,0.4482452243447357
0.45635799734160387,0.05494018608772707,0.043420469649977846,0.44528134692069116
0.45466666666666666,0.05466666666666667,0.04666666666666667,0.444
0.4619831036016007,0.05246776345042241,0.0493552690084482,0.4361938639395287
0.46099290780141844,0.04920212765957447,0.051418439716312055,0.438386524822695
0.45607808340727596,0.04835847382431233,0.05102040816326531,0.4445430346051464
0.4571051473823141,0.048834139903211615,0.05191377034755829,0.442146942366916
0.45506356861025865,0.049539675580885574,0.0526085050416484,0.44278825076720735
0.451385833699956,0.050593928728552576,0.05323361196656401,0.44478662560492743
0.451067615658363,0.05204626334519573,0.051601423487544484,0.4452846975088968
0.4566681634485855,0.05433318365514145,0.049842837898518184,0.4391558149977548
0.4538223596995139,0.05170128148475475,0.04993371630578878,0.4445426425099426
0.447450110864745,0.05144124168514413,0.04745011086474501,0.45365853658536587
0.448590021691974,0.051626898047722344,0.04598698481561822,0.45379609544468547
0.43881667413715825,0.055132227700582695,0.04885701479157328,0.4571940833706858
0.4303515798842902,0.05740987983978638,0.04717400979083222,0.4650645304850912
0.43112467306015695,0.05754141238012206,0.046643417611159546,0.46469049694856146
0.4220061864781264,0.05877154220061865,0.04551480335837384,0.47370746796288116
0.42756494936151473,0.057683839718185824,0.04579480405107882,0.46895640686922063
0.4288849868305531,0.05970149253731343,0.04521510096575944,0.466198419666374
0.4241486068111455,0.06147722246793454,0.04732419283502875,0.4670499778858912
0.43013578624616733,0.060008760402978534,0.04818221638195357,0.46167323696890056
0.4250111259457054,0.056074766355140186,0.0516243880729862,0.4672897196261682
0.417693661971831,0.05765845070422535,0.05369718309859155,0.4709507042253521
0.413716814159292,0.058849557522123896,0.05221238938053097,0.47522123893805307
0.4131308619919607,0.059401518535060295,0.054041983028137563,0.4734256364448414
0.41415929203539825,0.058849557522123896,0.05309734513274336,0.4738938053097345
0.4173951048951049,0.055944055944055944,0.05550699300699301,0.47115384615384615
0.41876936697653827,0.05887560867640549,0.054006197432492256,0.468348826914564
0.4182139699381079,0.05614500442086649,0.05614500442086649,0.46949602122015915
0.4211691762621789,0.05225863596102746,0.05535872453498671,0.4712134632418069
0.42196531791907516,0.05380168963983993,0.05558025789239662,0.46865273454868833
0.4098504837291117,0.054969217238346524,0.051890941072999124,0.48328935795954264
0.40583554376657827,0.053934571175950484,0.05305039787798409,0.48717948717948717
0.41095280498664294,0.05387355298308103,0.052983081032947466,0.4821905609973286
0.4090509666080844,0.05360281195079086,0.05008787346221441,0.4872583479789104
0.40767172167707405,0.052185548617305975,0.047725245316681535,0.49241748438893845
0.4158547387068202,0.04827280779450841,0.046944198405668734,0.48892825509300264
0.4101423487544484,0.046263345195729534,0.045373665480427046,0.498220640569395
0.40411265087170317,0.048725972284309346,0.04693786320965579,0.5002235136343317
0.408506867523261,0.04918032786885246,0.04519273371732388,0.4971200708905627
0.40353200883002205,0.05121412803532009,0.04856512141280353,0.4966887417218543
0.396,0.051555555555555556,0.05288888888888889,0.49955555555555553
0.3981683384212822,0.05058874836458788,0.051897078063672046,0.49934583515045794
0.4059622972380535,0.049539675580885574,0.052170100832968,0.4923279263480929
0.40797546012269936,0.047765118317265556,0.056091148115687994,0.48816827344434705
0.4121561668145519,0.046583850931677016,0.05412599822537711,0.487133984028394
0.41710758377425045,0.04497354497354497,0.05423280423280423,0.48368606701940037
0.41158402808249234,0.0443176831943835,0.05353225098727512,0.49056603773584906
0.41552712836347594,0.04543449492721659,0.05381561535068372,0.48522276135862374
0.41380826737027265,0.04529463500439754,0.052770448548812667,0.48812664907651715
0.4134446397188049,0.04745166959578207,0.054481546572934976,0.48462214411247806
0.40889084507042256,0.04753521126760563,0.05501760563380282,0.488556338028169
0.41091069071711395,0.051473823141223056,0.056313242410910694,0.4813022437307523
0.4168141592920354,0.05486725663716814,0.05486725663716814,0.47345132743362833
0.420844327176781,0.055408970976253295,0.054969217238346524,0.4687774846086192
0.4194407456724368,0.05725699067909454,0.0559254327563249,0.4673768308921438
0.41098317094774134,0.05713020372010629,0.05978742249778565,0.4720992028343667
0.3982142857142857,0.05625,0.06383928571428571,0.4816964285714286
0.4122340425531915,0.05230496453900709,0.06205673758865248,0.4734042553191489
0.4090311266988163,0.050416483998246386,0.06049978079789566,0.48005260850504167
0.4165202108963093,0.05272407732864675,0.06107205623901582,0.46968365553602814
0.41003079630444345,0.05279366476022877,0.062032556093268805,0.47514298284205897
0.4115812917594655,0.051224944320712694,0.058351893095768374,0.47884187082405344
0.409392999556934,0.05095259193619849,0.06070004430660168,0.4789543642002658
0.40636042402826855,0.05123674911660778,0.05874558303886926,0.4836572438162544
0.4052747252747253,0.04835164835164835,0.05934065934065934,0.48703296703296706
0.4068171757414785,0.04648074369189907,0.05754758742806552,0.48915449313855686
0.40515734265734266,0.046765734265734264,0.054632867132867136,0.49344405594405594
0.409392999556934,0.04652193176783341,0.056712450155073105,0.4873726185201595
0.4110188019239178,0.045911674682990816,0.055094009619588984,0.4879755137735024
0.41088014153029634,0.04555506413091552,0.053516143299425036,0.4900486510393631
0.4103815439219166,0.04569653948535936,0.05102040816326531,0.49290150842945873
0.4069973427812223,0.04738706820194863,0.047829937998228524,0.4977856510186005
0.40026362038664326,0.048330404217926184,0.05008787346221441,0.5013181019332161
0.40204808548530724,0.04541406945681211,0.04719501335707925,0.5053428317008014
0.40159928920479787,0.046645935139937804,0.046645935139937804,0.5051088405153266
0.39640035118525024,0.043898156277436345,0.04477611940298507,0.5149253731343284
0.3956771063078959,0.043670048522276135,0.04455227172474636,0.5161005734450816
0.3953792502179599,0.044027898866608545,0.045771578029642546,0.514821272885789
0.39508340649692714,0.04433713784021071,0.046093064091308165,0.514486391571554
0.3940734188412207,0.044228217602830605,0.04953560371517028,0.5121627598407784
0.39559471365638765,0.04449339207048458,0.04977973568281938,0.5101321585903084
0.39038376709307454,0.0458756065284517,0.04852227613586237,0.5152183502426114
0.39025460930640915,0.046532045654082525,0.04697102721685689,0.5162423178226514
0.38645418326693226,0.045595396193005754,0.046923417441345726,0.5210270030987163
0.38642297650130547,0.04612706701479547,0.04917319408181027,0.5182767624020888
0.39301700984780663,0.046553267681289166,0.047448522829006266,0.5129811996418979
0.3970323741007194,0.046312949640287766,0.046312949640287766,0.510341726618705
0.38886433937251436,0.04551480335837384,0.04639858594785683,0.519222271321255
0.3877909530083443,0.046991655687307864,0.04830917874396135,0.5169082125603864
0.38879082082965577,0.050750220653133275,0.04589585172109444,0.5145631067961165
0.39794551138901296,0.04778919160339437,0.045556051808843236,0.5087092451987495
0.39850942569048664,0.04866286716352477,0.046470846120122755,0.5063568610258659
0.3943975100044464,0.05024455313472655,0.04490884837705647,0.5104490884837706
0.3971818582122413,0.0479964773227653,0.044033465433729636,0.5107881990312637
0.3970976253298153,0.047493403693931395,0.0426561125769569,0.5127528583992964
0.39141972578505085,0.05042016806722689,0.045112781954887216,0.513047324192835
0.39281017097764137,0.04559403770276195,0.044278825076720735,0.5173169662428759
0.39323374340949035,0.048330404217926184,0.04569420035149385,0.5127416520210897
0.39247787610619467,0.04601769911504425,0.04336283185840708,0.518141592920354
0.3953180212014134,0.04637809187279152,0.04019434628975265,0.5181095406360424
0.38965059708093763,0.04820875718708536,0.04024767801857585,0.5218929677134011
0.3875726419311578,0.04917299955297273,0.0424675905230219,0.5207867679928475
0.3878091872791519,0.04902826855123675,0.0446113074204947,0.5185512367491166
0.3867673179396092,0.04884547069271759,0.0452930728241563,0.5190941385435168
0.3805309734513274,0.04911504424778761,0.047345132743362835,0.5230088495575221
0.3852603706972639,0.04677846425419241,0.04589585172109444,0.5220653133274492
0.3816489361702128,0.05053191489361702,0.04343971631205674,0.5243794326241135
0.3820078226857888,0.048674489352455455,0.042155584528465885,0.5271621034332898
0.37868780273007485,0.04931748128577719,0.043593130779392336,0.5284015852047557
0.38309114927344784,0.04931748128577719,0.046235138705416116,0.5213562307353589
0.38051550895587594,0.04980340760157274,0.04674530362603757,0.5229357798165137
0.37955555555555553,0.049777777777777775,0.042222222222222223,0.5284444444444445
0.37947810703228657,0.04688191065900044,0.04467049977885891,0.5289694825298541
0.3787139689578714,0.04434589800443459,0.04700665188470066,0.5299334811529933
0.37736679876706297,0.046235138705416116,0.04931748128577719,0.5270805812417437
0.38074204946996465,0.045936395759717315,0.046819787985865724,0.5265017667844523
0.3842756183745583,0.045053003533568906,0.04726148409893993,0.5234098939929329
0.3805970149253731,0.046093064091308165,0.04784899034240562,0.525460930640913
0.38748335552596536,0.04704837993786063,0.0461606746560142,0.5193075898801598
0.3890119627824546,0.04519273371732388,0.042977403633141335,0.5228178998670802
0.39290465631929045,0.04390243902439024,0.04789356984478936,0.5152993348115299
0.38577110030932393,0.0415377817057004,0.048608042421564294,0.5240830755634114
0.3879082082965578,0.04236540158870256,0.04810238305383936,0.5216240070609003
0.38492063492063494,0.04673721340388007,0.0445326278659612,0.5238095238095238
0.3863037752414399,0.0456540825285338,0.043459174714661986,0.5245829675153644
0.38099428068631763,0.048834139903211615,0.04487461504619446,0.5252969643642763
0.3834652594547054,0.04617414248021108,0.0426561125769569,0.5277044854881267
0.3807658833768494,0.04525674499564839,0.040905134899912966,0.5330722367275892
0.38188277087033745,0.046181172291296625,0.04085257548845471,0.5310834813499112
0.3897777777777778,0.04044444444444444,0.03955555555555555,0.5302222222222223
0.3928884986830553,0.038191395961369626,0.038630377524143986,0.5302897278314311
0.3912472647702407,0.038074398249452954,0.03851203501094092,0.5321663019693654
0.38859649122807016,0.03640350877192983,0.035964912280701755,0.5390350877192982
0.3841758241758242,0.03824175824175824,0.03560439560439561,0.541978021978022
0.3858093126385809,0.040354767184035474,0.03680709534368071,0.5370288248337028
0.3775915306572563,0.04146449051610057,0.038376709307454786,0.5425672695191883
0.3783545974483062,0.0431148262208535,0.04179498460184778,0.5367355917289925
0.38010657193605685,0.04706927175843695,0.04262877442273535,0.5301953818827708
0.3829881004847951,0.04627589246364037,0.04098721903922433,0.5297487880123403
0.38495188101487315,0.04461942257217848,0.0415573053368329,0.5288713910761155
0.3830255057167986,0.04661389621811785,0.04529463500439754,0.525065963060686
0.3790074659639877,0.0461133069828722,0.046991655687307864,0.5278875713658322
0.3806793118659021,0.04631671812968681,0.044111160123511246,0.5288928098808998
0.39464442493415275,0.046093064091308165,0.04170324846356453,0.5175592625109745
0.3992901508429459,0.04569653948535936,0.04259094942324756,0.5124223602484472
0.3992024811696943,0.047408063801506424,0.04474966770048737,0.5086397873283119
0.400352733686067,0.04673721340388007,0.04585537918871252,0.5070546737213404
0.39821826280623607,0.047661469933184854,0.046325167037861915,0.5077951002227171
0.39928698752228164,0.04857397504456328,0.049019607843137254,0.5031194295900179
0.40204808548530724,0.04719501335707925,0.04674977738201247,0.5040071237756011
0.40361711513012793,0.04455227172474636,0.0458756065284517,0.505955006616674
0.4051078819903126,0.04491413474240423,0.04447380008806693,0.5055041831792162
0.4032685512367491,0.04372791519434629,0.045053003533568906,0.5079505300353356
0.399737876802097,0.04106596767147226,0.04630843162953255,0.5128877238968982
0.3992963940193492,0.04177660510114336,0.048372911169744945,0.5105540897097626
0.39752650176678445,0.03931095406360424,0.05035335689045936,0.5128091872791519
0.39640035118525024,0.03687445127304653,0.046093064091308165,0.520632133450395
0.39172535211267606,0.04005281690140845,0.04973591549295775,0.5184859154929577
0.3982102908277405,0.0407158836689038,0.05145413870246085,0.5096196868008949
0.38821954484605087,0.041499330655957165,0.051316376617581434,0.5189647478804106
0.3914780292942743,0.04216600088770528,0.052818464269862406,0.513537505548158
0.39299781181619253,0.04288840262582057,0.04901531728665208,0.5150984682713348
0.3935886019590383,0.04452359750667854,0.051647373107747106,0.5102404274265361
0.39277851166886835,0.04711580801409071,0.05063848524878908,0.5094671950682519
0.39831634913602126,0.042977403633141335,0.05050952591936198,0.5081967213114754
0.39299955693398314,0.043420469649977846,0.04962339388568897,0.51395657953035
0.3951935914552737,0.04361370716510903,0.04850912327547842,0.5126835781041389
0.3902439024390244,0.04523281596452328,0.04878048780487805,0.5157427937915743
0.3849868305531168,0.046532045654082525,0.048287971905179985,0.5201931518876207
0.37780713342140027,0.0488771466314399,0.05063848524878908,0.5226772346983708
0.38227513227513227,0.04805996472663139,0.048500881834215165,0.5211640211640212
0.3827814569536424,0.045033112582781455,0.04944812362030905,0.5227373068432671
0.38252086078173037,0.045234958278436536,0.04435660957400088,0.5278875713658322
0.38133333333333336,0.044444444444444446,0.04044444444444444,0.5337777777777778
0.37882144439521487,0.0460788657509969,0.04164820558263181,0.5334514842711564
0.3797692990239574,0.04702750665483585,0.041259982253771074,0.5319432120674357
0.3800265134776845,0.04639858594785683,0.04197967300044189,0.5315952275740168
0.37959719789842383,0.04509632224168126,0.04203152364273205,0.5332749562171629
0.3807239424334932,0.05058874836458788,0.04099433057130397,0.5276929786306149
0.3783545974483062,0.05323361196656401,0.04223493180818302,0.5261768587769468
0.38210665491405904,0.05244601145879242,0.041427941824592335,0.5240193918025562
0.3796744390673119,0.05279366476022877,0.04223493180818302,0.5252969643642763
0.375609756097561,0.05232815964523282,0.040798226164079826,0.5312638580931264
0.3754416961130742,0.0534452296819788,0.04151943462897526,0.5295936395759717
0.36988110964332893,0.05328049317481286,0.04271246147071774,0.5341259357111404
0.3735733099209833,0.05311676909569798,0.04302019315188762,0.5302897278314311
0.3656387665198238,0.05506607929515418,0.044933920704845816,0.5343612334801762
0.3708899605436212,0.052170100832968,0.04384042086804033,0.5330995177553705
0.37190812720848054,0.054328621908127206,0.04328621908127209,0.5304770318021201
0.37743362831858407,0.05619469026548673,0.03982300884955752,0.5265486725663717
0.3718681318681319,0.05406593406593407,0.03956043956043956,0.5345054945054946
0.3774179037336932,0.05083220872694557,0.04183535762483131,0.5299145299145299
0.3808473080317741,0.04766107678729038,0.038393645189761696,0.5330979699911739
0.3767153607791058,0.04780876494023904,0.041168658698539175,0.534307215582116
0.37868780273007485,0.04535446939674152,0.03742844561867019,0.5385292822545135
0.3844789356984479,0.04390243902439024,0.037694013303769404,0.5339246119733925
0.3891102257636122,0.04249667994687915,0.03629924745462594,0.5320938468348827
0.39082487869430965,0.04278782531980591,0.04014115571239524,0.5262461402734891
0.3903083700440529,0.042731277533039645,0.044933920704845816,0.5220264317180616
0.38745063624396664,0.04256252742430891,0.046511627906976744,0.5234752084247477
0.3724534986713906,0.04074402125775022,0.0491585473870682,0.537643932683791
0.36800352578228296,0.03922432789775231,0.0502423975319524,0.5425297487880123
0.37708516242317824,0.038191395961369626,0.04784899034240562,0.5368744512730466
0.37310774710596617,0.03829029385574354,0.04986642920747997,0.5387355298308103
0.3769264641127257,0.036547776309995596,0.048436811977102597,0.5380889476001761
0.3817132711939636,0.03462050599201065,0.05015534842432313,0.5335108743897026
0.37538461538461537,0.03736263736263736,0.045714285714285714,0.5415384615384615
0.37236842105263157,0.03859649122807018,0.04780701754385965,0.5412280701754386
0.3759332454984629,0.03908651734738691,0.04787000439174352,0.5371102327624067
0.38099428068631763,0.03827540695116586,0.047074351077870655,0.5336559612846459
0.38559508124725517,0.036012296881862096,0.046991655687307864,0.5314009661835749
0.38667251205611575,0.03814116615519509,0.046470846120122755,0.5287154756685665
0.38689685701637894,0.04028331119964586,0.045595396193005754,0.5272244355909694
0.3867717915024091,0.04336399474375821,0.045992115637319315,0.5238720981165134
0.39126559714795006,0.04634581105169341,0.04233511586452763,0.5200534759358288
0.39249448123620306,0.04370860927152318,0.04194260485651214,0.5218543046357615
0.38352524357838796,0.04030115146147033,0.0420726306465899,0.5341009743135519
0.39355123674911663,0.03975265017667844,0.04196113074204947,0.5247349823321554
0.39035283608753907,0.03841000446627959,0.04332291201429209,0.5279142474318892
0.387011847301448,0.03773584905660377,0.04475647213690215,0.5304958315050461
0.38353765323992994,0.03765323992994746,0.047723292469352016,0.5310858143607706
0.3878708551483421,0.037521815008726006,0.0462478184991274,0.5283595113438045
0.38658428949691087,0.0410414827890556,0.04766107678729038,0.5247131509267432
0.38492063492063494,0.03880070546737213,0.04805996472663139,0.5282186948853616
0.3930942895086321,0.03939796370075255,0.0451527224435591,0.5223550243470563
0.39054837271511367,0.04012483281319661,0.0463664734730272,0.5229603209986625
0.392148213498015,0.03925893250992501,0.04631671812968681,0.5222761358623732
0.39646017699115044,0.04026548672566372,0.045575221238938056,0.5176991150442478
0.3893532776066872,0.040475142982842056,0.044434667839859214,0.5257369115706115
0.3903957314361939,0.0377945753668297,0.044464206313917294,0.5273454868830592
0.3902331720193577,0.0387153541575011,0.04223493180818302,0.5288165420149582
0.39212253829321664,0.04026258205689278,0.043326039387308536,0.524288840262582
0.3906111603188663,0.03897254207263064,0.04295837023914969,0.5274579273693534
0.3885893980233603,0.03773584905660377,0.04537286612758311,0.5283018867924528
0.3812664907651715,0.03737906772207564,0.04661389621811785,0.534740545294635
0.3879539415411869,0.03631532329495128,0.046944198405668734,0.5287865367581931
0.39348591549295775,0.037411971830985914,0.04621478873239437,0.522887323943662
0.3930457746478873,0.03609154929577465,0.04665492957746479,0.5242077464788732
0.3886675520141656,0.038955289951305885,0.048251438689685705,0.5241257193448429
0.39082969432314413,0.039301310043668124,0.051965065502183404,0.5179039301310043
0.3879732739420935,0.037416481069042315,0.04855233853006682,0.5260579064587974
0.38179407865665044,0.038886433937251434,0.04993371630578878,0.5293857711003094
0.38363954505686787,0.03718285214348206,0.04636920384951881,0.5328083989501312
0.3809102960671675,0.03623508616880247,0.04507291206363235,0.5377817057003977
0.3816725978647687,0.03603202846975089,0.04759786476868327,0.5346975088967971
0.3830255057167986,0.03562005277044855,0.04573438874230431,0.5356200527704486
0.37956847203874944,0.03478643769264641,0.047556142668428,0.5380889476001761
0.383053839364519,0.03309796999117388,0.04633715798764342,0.5375110326566638
0.38925583443416995,0.036547776309995596,0.04227212681638045,0.531924262439454
0.38987566607460034,0.03596802841918295,0.040408525754884544,0.5337477797513321
0.39228723404255317,0.03679078014184397,0.03856382978723404,0.5323581560283688
0.3933333333333333,0.03688888888888889,0.04088888888888889,0.5288888888888889
0.4013245033112583,0.03487858719646799,0.037969094922737305,0.5258278145695364
0.4019391802556192,0.03393565447333627,0.0379021595416483,0.5262230057293962
0.3930610452349583,0.03469477382520861,0.04216073781291173,0.5300834431269213
0.39122729286663716,0.038546743464776254,0.04164820558263181,0.5285777580859548
0.38685487428319365,0.03749448610498456,0.044111160123511246,0.5315394794883106
0.39276257722859664,0.038834951456310676,0.04148278905560459,0.526919682259488
0.3904719501335708,0.0365093499554764,0.043187889581478185,0.5298308103294747
0.3895989422653151,0.03481710004407228,0.043190832966064345,0.5323931247245483
0.3899122807017544,0.03684210526315789,0.04342105263157895,0.5298245614035088
0.3803680981595092,0.03286590709903593,0.049079754601226995,0.5376862401402279
0.3802197802197802,0.03296703296703297,0.05054945054945055,0.5362637362637362
0.37412280701754386,0.03464912280701754,0.05043859649122807,0.5407894736842105
0.37254901960784315,0.03787878787878788,0.045454545454545456,0.5441176470588235
0.3763250883392226,0.04151943462897526,0.045053003533568906,0.5371024734982333
0.3783428320911881,0.03857957036387549,0.04778605874616396,0.5352915387987724
0.37190812720848054,0.037985865724381625,0.04991166077738516,0.5401943462897526
0.370776656428258,0.03773584905660377,0.04695041684949539,0.5445370776656429
0.37218543046357616,0.03576158940397351,0.04370860927152318,0.5483443708609271
0.3753859726510807,0.03396559329510366,0.04190560211733568,0.5487428319364799
0.3746678476527901,0.031443755535872454,0.04074402125775022,0.5531443755535872
0.37282229965156793,0.03484320557491289,0.040940766550522645,0.5513937282229965
0.36731107205623903,0.03602811950790861,0.03998242530755712,0.5566783831282952
0.3689363595905652,0.03649310191366266,0.03649310191366266,0.5580774365821095
0.3673469387755102,0.03771073646850044,0.03637976929902396,0.5585625554569654
0.37371937639198216,0.03652561247216036,0.03652561247216036,0.5532293986636971
0.3815439219165927,0.03948535936113576,0.0354924578527063,0.5434782608695652
0.3793258426966292,0.03910112359550562,0.0350561797752809,0.5465168539325843
0.38176128743853377,0.03665623603039785,0.035762181493071074,0.5458202950379973
0.38547237076648844,0.03297682709447415,0.03208556149732621,0.5494652406417112
0.38222416812609455,0.03502626970227671,0.03239929947460595,0.5503502626970228
0.3776595744680851,0.03590425531914894,0.03368794326241135,0.5527482269503546
0.3793714032757857,0.03851261620185923,0.03629924745462594,0.545816733067729
0.373292199206699,0.03878360511238431,0.03922432789775231,0.5486998677831644
0.36976641692375495,0.0374614367562803,0.03922432789775231,0.5535478184222125
0.36883802816901406,0.03829225352112676,0.037411971830985914,0.5554577464788732
0.3728813559322034,0.036574487065120426,0.0383586083853702,0.552185548617306
0.3736166445329792,0.041168658698539175,0.03939796370075255,0.545816733067729
0.37697022767075306,0.03896672504378284,0.040718038528896675,0.5433450087565674
0.3779353123615419,0.0412051395657953,0.0407620735489588,0.540097474523704
0.38071968014215907,0.04264771212794314,0.041314971123944916,0.5353176366059529
0.3848202396804261,0.04216600088770528,0.04172214824678207,0.5312916111850865
0.37967914438502676,0.044563279857397504,0.0427807486631016,0.5329768270944741
0.3829505300353357,0.04770318021201413,0.04372791519434629,0.5256183745583038
0.38335546702080564,0.046038069942452416,0.043824701195219126,0.5267817618415228
0.381057268722467,0.04713656387665198,0.042731277533039645,0.5290748898678415
0.3777679362267493,0.04384410983170948,0.04295837023914969,0.5354295837023915
0.37787610619469025,0.0415929203539823,0.04292035398230089,0.5376106194690266
0.37666963490650046,0.04363312555654497,0.0427426536064114,0.5369545859305432
0.3727992957746479,0.042693661971830985,0.043133802816901406,0.5413732394366197
0.3720420683610868,0.044697633654688866,0.04294478527607362,0.5403155127081507
0.3719806763285024,0.04435660957400088,0.04435660957400088,0.5393061045234958
0.370989010989011,0.046153846153846156,0.045714285714285714,0.5371428571428571
0.37019018133569215,0.04290137107474569,0.045112781954887216,0.541795665634675
0.3660477453580902,0.04155614500442087,0.046419098143236075,0.5459770114942529
0.36100131752305664,0.04435660957400088,0.04830917874396135,0.5463328941589811
0.35092348284960423,0.048372911169744945,0.04573438874230431,0.5549692172383466
0.3498014997794442,0.04852227613586237,0.044993383325981476,0.556682840758712
0.345881310894597,0.05137289636846767,0.04561558901682905,0.5571302037201062
0.3475582930048394,0.05191377034755829,0.04575450945886494,0.5547734271887373
0.33508541392904073,0.051248357424441525,0.05081033727551467,0.5628558913710031
0.33112874779541446,0.051587301587301584,0.05114638447971781,0.5661375661375662
0.33480565371024734,0.05256183745583039,0.05123674911660778,0.5613957597173145
0.3348174532502226,0.05120213713268032,0.05209260908281389,0.5618878005342832
0.33023049645390073,0.050975177304964536,0.05319148936170213,0.5656028368794326
0.32756324900133155,0.04837993786063027,0.05415002219263205,0.5699067909454061
0.33085664335664333,0.046765734265734264,0.054632867132867136,0.5677447552447552
0.3257978723404255,0.047872340425531915,0.050088652482269506,0.5762411347517731
0.3281733746130031,0.04643962848297214,0.04820875718708536,0.5771782397169394
0.3282647584973166,0.046958855098389984,0.048747763864042934,0.5760286225402504
0.3304157549234136,0.045076586433260395,0.04901531728665208,0.5754923413566739
0.3297825122059476,0.045272969374167776,0.044829116733244564,0.58011540168664
0.3283582089552239,0.046093064091308165,0.0456540825285338,0.5798946444249341
0.33435987681478224,0.044434667839859214,0.0409150901891773,0.5802903651561813
0.33993835314839277,0.04227212681638045,0.039189784236019376,0.5785997357992074
0.3450578806767587,0.041852181656277826,0.03829029385574354,0.57479964381122
0.3422222222222222,0.043111111111111114,0.03911111111111111,0.5755555555555556
0.33968957871396893,0.04212860310421286,0.03725055432372506,0.5809312638580931
0.33983163491360213,0.0412051395657953,0.04209127159946832,0.5768719539211342
0.33554376657824936,0.04155614500442087,0.041998231653404064,0.5809018567639257
0.33617212012550424,0.04078888390856118,0.043030031376064544,0.5800089645898701
0.33887915936952717,0.040280210157618214,0.040280210157618214,0.5805604203152365
0.3399036355672361,0.03942181340341656,0.04292597459483136,0.5777485764345159
0.3502874834144184,0.03715170278637771,0.04467049977885891,0.567890314020345
0.35048372911169745,0.03737906772207564,0.04397537379067722,0.5681618293755497
0.35439681838267784,0.03711886875828546,0.04286345558992488,0.5656208572691118
