C,D,Oc,Od
1.0,0.0,0.0,0.0
0.6666666666666666,0.0,0.0,0.3333333333333333
0.5,0.16666666666666666,0.0,0.3333333333333333
0.45454545454545453,0.09090909090909091,0.0,0.45454545454545453
0.2777777777777778,0.1111111111111111,0.0,0.6111111111111112
0.3076923076923077,0.07692307692307693,0.0,0.6153846153846154
0.2926829268292683,0.04878048780487805,0.0,0.6585365853658537
0.30158730158730157,0.047619047619047616,0.0,0.6507936507936508
0.27710843373493976,0.10843373493975904,0.0,0.6144578313253012
0.2719298245614035,0.10526315789473684,0.008771929824561403,0.6140350877192983
0.25806451612903225,0.12258064516129032,0.03225806451612903,0.5870967741935483
0.26455026455026454,0.1111111111111111,0.037037037037037035,0.5873015873015873
0.264,0.144,0.036,0.556
0.25675675675675674,0.16554054054054054,0.05067567567567568,0.527027027027027
0.2638888888888889,0.16944444444444445,0.04722222222222222,0.5194444444444445
0.2671232876712329,0.1643835616438356,0.0593607305936073,0.5091324200913242
0.24854368932038834,0.18058252427184465,0.06407766990291262,0.5067961165048543
0.23164763458401305,0.1859706362153344,0.0636215334420881,0.5187601957585645
0.23949579831932774,0.19047619047619047,0.06162464985994398,0.5084033613445378
0.23815461346633415,0.19576059850374064,0.06234413965087282,0.5037406483790524
0.23286180631120784,0.1882480957562568,0.062023939064200215,0.5168661588683352
0.23887814313346228,0.19729206963249515,0.06286266924564797,0.5009671179883946
0.2417391304347826,0.19130434782608696,0.06,0.5069565217391304
0.2347417840375587,0.20031298904538342,0.061815336463223784,0.5031298904538342
0.23071479122434538,0.2024062278839349,0.06652512384996462,0.5003538570417552
0.23127463863337713,0.20696452036793692,0.06701708278580815,0.4947437582128778
0.22498483929654337,0.21528198908429352,0.07155852031534263,0.4881746513038205
0.2256235827664399,0.2165532879818594,0.07029478458049887,0.4875283446712018
0.21891891891891893,0.21513513513513513,0.06648648648648649,0.49945945945945946
0.22970903522205208,0.2057172026544155,0.07044410413476264,0.4941296579887698
0.22709551656920077,0.21296296296296297,0.07358674463937621,0.48635477582846004
0.23036649214659685,0.2094240837696335,0.0752022846263684,0.48500713945740126
0.2275449101796407,0.20958083832335328,0.07738369415016122,0.48549055734684476
0.22086167800453516,0.21224489795918366,0.0761904761904762,0.490702947845805
0.2151215121512151,0.20342034203420342,0.08235823582358236,0.4990999099909991
0.2156599552572707,0.20626398210290828,0.07874720357941835,0.4993288590604027
0.21479185119574845,0.20859167404782994,0.08193091231178033,0.4946855624446413
0.21050308914386584,0.20962047661076788,0.08384819064430715,0.4960282436010591
0.2100656455142232,0.21137855579868708,0.08533916849015317,0.49321663019693657
0.21057307863171923,0.2132385606397157,0.0866281652598845,0.48956019546868057
0.20746334962239005,0.21945801865837405,0.08218569524655708,0.4908929364726788
0.20326278659611993,0.2173721340388007,0.08112874779541446,0.4982363315696649
0.2069271758436945,0.2180284191829485,0.08392539964476022,0.4911190053285968
0.20394736842105263,0.2149122807017544,0.0868421052631579,0.49429824561403507
0.20377689942907334,0.2191480017566974,0.08739569609134827,0.48967940272288096
0.20167696381288613,0.2149161518093557,0.08958517210944396,0.49382171226831423
0.19472527472527473,0.21846153846153846,0.09362637362637363,0.4931868131868132
0.20080142475512022,0.20747996438112198,0.09572573463935886,0.4959928762243989
0.20709534368070953,0.2039911308203991,0.09623059866962307,0.4926829268292683
0.20284697508896798,0.20774021352313168,0.09386120996441281,0.49555160142348753
0.20275066548358472,0.20763087843833186,0.09760425909494233,0.4920141969831411
0.20473848904783193,0.20205632543585159,0.09968708091193562,0.4935181046043809
0.2002629272567923,0.20639789658194566,0.09772129710780017,0.4956178790534619
0.19840566873339238,0.20504871567759078,0.10230292294065545,0.4942426926483614
0.20778652668416447,0.2047244094488189,0.09711286089238845,0.4903762029746282
0.20395604395604397,0.1978021978021978,0.10373626373626374,0.4945054945054945
0.21141088014153028,0.19504643962848298,0.10084033613445378,0.49270234409553293
0.20962047661076788,0.1910856134157105,0.1028243601059135,0.4964695498676081
0.21253890618052468,0.1907514450867052,0.10715873721654068,0.4895509115162294
0.2118380062305296,0.19047619047619047,0.10992434356920339,0.48776145972407653
0.21545253863134659,0.18763796909492272,0.10728476821192053,0.4896247240618102
0.20910698496905394,0.1865605658709107,0.11140583554376658,0.49292661361626877
0.20483516483516484,0.18417582417582418,0.10901098901098902,0.501978021978022
0.21431727794962438,0.18073353954927088,0.10826336721166593,0.4966858152894388
0.21558211598052235,0.17884019477644975,0.10845506861443116,0.49712262062859675
0.21412705464238116,0.17725455353176367,0.10661928031985785,0.5019991115059973
0.21425409473218238,0.17795484727755645,0.10845506861443116,0.49933598937583
0.21470192738682206,0.17615419094576423,0.10981622590766472,0.49932765575974897
0.21476211649622054,0.17207647843485993,0.10982658959537572,0.5033348154735438
0.2125880281690141,0.1756161971830986,0.1113556338028169,0.5004401408450704
0.20818505338078291,0.17348754448398576,0.10765124555160142,0.5106761565836299
0.20615796519410978,0.17402945113788487,0.11378848728246319,0.5060240963855421
0.20463489287275907,0.17315260166156538,0.11718408395277656,0.505028421512899
0.21015452538631346,0.17306843267108168,0.11788079470198676,0.4988962472406181
0.20940550133096716,0.17125110913930788,0.11934338952972494,0.5
0.2121346324180691,0.17006200177147918,0.11780336581045173,0.5
0.2090469916556873,0.16688625384277558,0.12384716732542819,0.5002195871761089
0.2088830255057168,0.16842568161829374,0.12137203166226913,0.5013192612137203
0.21494913754975675,0.16452896948252985,0.12472357363998231,0.4957983193277311
0.21204072598494908,0.16511730854360337,0.12881806108897742,0.4940239043824701
0.21374722838137472,0.16851441241685144,0.12283813747228381,0.49490022172949
0.2144760213143872,0.1660746003552398,0.12477797513321492,0.4946714031971581
0.2155902004454343,0.16703786191536749,0.12383073496659243,0.4935412026726058
0.21128021486123547,0.1656222023276634,0.12712623097582812,0.4959713518352731
0.20945647370746795,0.16880247459125056,0.12284577993813522,0.49889527176314624
0.20851624231782265,0.16549604916593502,0.12203687445127305,0.5039508340649693
0.2088495575221239,0.16504424778761062,0.12079646017699115,0.5053097345132743
0.209741114523914,0.16586222027204914,0.12461605967529618,0.49978060552874065
0.21156373193166886,0.15987735435830047,0.12264564169951818,0.5059132720105125
0.2167985927880387,0.15743183817062445,0.12049252418645559,0.5052770448548812
0.2168939727232732,0.15970083589969203,0.12318521777386714,0.5002199736031676
0.2189010989010989,0.1556043956043956,0.1178021978021978,0.5076923076923077
0.21106194690265487,0.15309734513274337,0.11814159292035398,0.5176991150442478
0.21128021486123547,0.1548791405550582,0.11996418979409132,0.5138764547896151
0.21068904593639576,0.1612190812720848,0.11881625441696113,0.5092756183745583
0.2121746801940891,0.15924128804587562,0.11513012792236436,0.513453903837671
0.21469676848162905,0.16024789729969013,0.11465250110668437,0.5104028331119964
0.21513418389793224,0.1570611526616806,0.11086669599648043,0.5169379674439067
0.21862527716186253,0.1583148558758315,0.11042128603104213,0.5126385809312639
0.22577816747040771,0.16264796142042964,0.11266988163086365,0.498903989478299
0.2178349600709849,0.16459627329192547,0.11712511091393078,0.5004436557231589
0.21995565410199558,0.16363636363636364,0.11840354767184036,0.4980044345898004
0.22182786157941436,0.16104702750665484,0.11668145519077196,0.5004436557231589
0.22363796133567662,0.1594903339191564,0.1195079086115993,0.4973637961335677
0.22030141843971632,0.15602836879432624,0.12322695035460993,0.5004432624113475
0.22520934332304982,0.15557514323490523,0.11679153812252094,0.502423975319524
0.22197898423817863,0.16112084063047286,0.11427320490367776,0.5026269702276708
0.22346119536128456,0.1592328278322926,0.11418376449598573,0.5031222123104371
0.2192324658138509,0.15747684164093514,0.11204234671371857,0.5112483458314954
0.22202486678507993,0.16074600355239788,0.1105683836589698,0.5066607460035524
0.2276923076923077,0.15516483516483517,0.11208791208791209,0.5050549450549451
0.22473867595818817,0.15722996515679444,0.11193379790940766,0.5060975609756098
0.2296099290780142,0.1600177304964539,0.11214539007092199,0.49822695035460995
0.23283450704225353,0.15933098591549297,0.10915492957746478,0.49867957746478875
0.23165851489550912,0.16096042685638062,0.10760337927967986,0.4997776789684304
0.23293703214442976,0.16116248348745046,0.10920299427564949,0.4966974900924703
0.23661106233538193,0.16022827041264268,0.1057945566286216,0.49736611062335384
0.23867205024674742,0.15657245401525346,0.10856886496186631,0.4961866307761328
0.2374164810690423,0.15189309576837418,0.11046770601336303,0.5002227171492205
0.23950508174988952,0.1524524966858153,0.11665930181175431,0.4913831197525409
0.23853615520282187,0.15211640211640212,0.11596119929453262,0.4933862433862434
0.23276240667545015,0.1541501976284585,0.11330698287220026,0.4997804128238911
0.23103901797457255,0.15300306882946077,0.12143796580447172,0.49451994739149496
0.228270412642669,0.15013169446883232,0.12159789288849868,0.5
0.22549019607843138,0.15240641711229946,0.12165775401069519,0.500445632798574
0.23022847100175747,0.15202108963093147,0.12038664323374342,0.4973637961335677
0.21939447125932426,0.15577007459412023,0.12329969284774024,0.5015357612988153
0.22719220549158547,0.1545615589016829,0.1195748449955713,0.49867139061116034
0.22024074899687918,0.1506910387873384,0.12215782434239858,0.5069103878733838
0.22513321492007105,0.1483126110124334,0.1216696269982238,0.5048845470692718
0.2234513274336283,0.15221238938053097,0.12699115044247788,0.49734513274336284
0.22376060741402412,0.15185350602947745,0.12907548012505582,0.4953104064314426
0.22670250896057348,0.1478494623655914,0.12948028673835124,0.4959677419354839
0.23144488361879667,0.1458058849363197,0.1282389108476065,0.4945103205972771
0.22889969067609367,0.14891736632788333,0.1316836058329651,0.4904993371630579
0.22683142100617829,0.14783759929390997,0.1297440423654016,0.49558693733451015
0.2246891651865009,0.1514209591474245,0.130550621669627,0.4933392539964476
0.22324966974900926,0.15147512109202993,0.1334214002642008,0.49185380889476
0.2234982332155477,0.1497349823321555,0.13074204946996468,0.4960247349823322
0.22655565293602103,0.14636283961437335,0.12839614373356706,0.49868536371603855
0.22663139329805995,0.15079365079365079,0.12874779541446207,0.49382716049382713
0.22118794326241134,0.14937943262411346,0.12810283687943264,0.5013297872340425
0.22753178430512933,0.15212626041209995,0.12801402893467778,0.4923279263480929
0.22504378283712784,0.15148861646234676,0.12390542907180385,0.4995621716287215
0.22788671023965143,0.15163398692810456,0.12156862745098039,0.4989106753812636
0.22968818620992534,0.15019762845849802,0.12165129556433904,0.49846288976723757
0.2328159645232816,0.14501108647450112,0.1246119733924612,0.4975609756097561
0.2336283185840708,0.14380530973451328,0.12079646017699115,0.5017699115044247
0.23056537102473498,0.14531802120141343,0.127208480565371,0.49690812720848054
0.23404255319148937,0.1427304964539007,0.12588652482269502,0.4973404255319149
0.23644444444444446,0.14444444444444443,0.12266666666666666,0.49644444444444447
0.22915757311217808,0.140986468790921,0.12309035355739852,0.5067656045395024
0.22852081488042517,0.1408325952170062,0.1204605845881311,0.5101860053144376
0.23568872987477638,0.13729874776386405,0.12075134168157424,0.5062611806797853
0.23698146513680493,0.1297440423654016,0.12400706090026478,0.5092674315975286
0.23977122745270568,0.12538495380554335,0.12186537615486141,0.5129784425868896
0.2409532215357458,0.12797881729920565,0.11385701676963812,0.5172109443954104
0.24151608638166594,0.12869105332745703,0.11502864698104892,0.5147642133098281
0.24634470536109881,0.12937527691626052,0.11874169251218432,0.5055383252104564
0.24295774647887325,0.12720070422535212,0.11883802816901408,0.5110035211267606
0.24546660769570985,0.12472357363998231,0.11410880141530297,0.5157010172490049
0.24582967515364354,0.12423178226514486,0.11501316944688324,0.5149253731343284
0.2477104230266027,0.12559965111208024,0.11644134321849106,0.510248582642826
0.25211581291759466,0.12516703786191538,0.11536748329621381,0.5073496659242762
0.25478841870824054,0.11982182628062361,0.11937639198218263,0.5060133630289533
0.25065963060686014,0.11653474054529464,0.11829375549692173,0.5145118733509235
0.24701195219123506,0.1239486498450642,0.11642319610447101,0.5126162018592297
0.24612660469234174,0.12616201859229748,0.11553784860557768,0.5121735281097831
0.2459016393442623,0.1236154186973859,0.11386796632698272,0.516614975631369
0.2388717496694579,0.11899515204936095,0.11062141912736889,0.5315116791538123
0.23857644991212654,0.11818980667838312,0.109402460456942,0.5338312829525483
0.23579418344519015,0.11946308724832215,0.11319910514541387,0.5315436241610738
0.236347750109218,0.11533420707732635,0.11009174311926606,0.5382262996941896
0.2328278322925959,0.11641391614629795,0.10883140053523639,0.5419268510258698
0.22570671378091872,0.12058303886925795,0.1068904593639576,0.5468197879858657
0.22777532065457762,0.11853162317558602,0.1092436974789916,0.5444493586908448
0.22831858407079647,0.1168141592920354,0.1088495575221239,0.5460176991150443
0.22495606326889278,0.11775043936731107,0.11203866432337434,0.5452548330404218
0.2260061919504644,0.11543564794338788,0.11189739053516143,0.5466607695709863
0.23110720562390158,0.11291739894551846,0.10676625659050967,0.5492091388400703
0.23931247245482593,0.11062141912736889,0.10356985456148082,0.5464962538563244
0.2398945518453427,0.11203866432337434,0.1023725834797891,0.5456942003514939
0.24211908931698775,0.1085814360770578,0.09938704028021016,0.5499124343257443
0.24538258575197888,0.11433597185576078,0.09454705364995603,0.5457343887423043
0.24822695035460993,0.11391843971631206,0.09441489361702128,0.5434397163120568
0.2505475251861586,0.11344721857205431,0.08804204993429698,0.5479632063074902
0.2466230936819172,0.11459694989106754,0.08888888888888889,0.5498910675381263
0.2466112811543507,0.11718408395277656,0.0905115872321819,0.5456930476606908
0.24733570159857904,0.1172291296625222,0.08703374777975133,0.5484014209591475
0.24529128339903636,0.11563731931668857,0.08804204993429698,0.5510293473499781
0.24099599822143175,0.10938194753223655,0.0871498443752779,0.5624722098710538
0.24581497797356827,0.1052863436123348,0.08502202643171806,0.5638766519823789
0.24446412754650132,0.1054030115146147,0.08015943312666077,0.5699734278122232
0.24923480542195015,0.10625273283777875,0.07958023611718408,0.564932225623087
0.2445916114790287,0.10154525386313466,0.08123620309050773,0.5726269315673289
0.24867724867724866,0.09964726631393298,0.0837742504409171,0.5679012345679012
0.2444250109313511,0.10100568430257979,0.08439003060778312,0.570179274158286
0.24537444933920705,0.09691629955947137,0.08370044052863436,0.5740088105726873
0.2462356067316209,0.09654561558901682,0.08370239149689991,0.5735163861824624
0.2375495813133539,0.09255178492728074,0.08241516086381666,0.5874834728955487
0.23836951705804166,0.09392999556933983,0.0872840053167922,0.5804164820558263
0.2321270962047661,0.09267431597528684,0.08870255957634599,0.586496028243601
0.23393885688967656,0.0921577315019938,0.09127159946832078,0.5826318121400088
0.2350845948352627,0.08771148708815672,0.097506678539626,0.5796972395369546
0.2365638766519824,0.08942731277533039,0.0986784140969163,0.5753303964757709
0.232773851590106,0.09054770318021202,0.0980565371024735,0.5786219081272085
0.23343571741992103,0.09609477841158402,0.09741114523913998,0.573058358929355
0.23669159700835898,0.09942806863176419,0.09678838539375274,0.567091948966124
0.2400871459694989,0.09978213507625272,0.09411764705882353,0.5660130718954248
0.24110671936758893,0.09837505489679403,0.09486166007905138,0.5656565656565656
0.24119718309859156,0.09375,0.09683098591549295,0.5682218309859155
0.2358117025956885,0.09590849098108227,0.0963484381874175,0.5719313682358117
0.23692307692307693,0.09494505494505495,0.0945054945054945,0.5736263736263736
0.2375495813133539,0.09431467606875275,0.09299250771264875,0.5751432349052445
0.23448581560283688,0.09929078014184398,0.0899822695035461,0.5762411347517731
0.2412726469288555,0.0963323022536456,0.08616880247459124,0.5762262483429077
0.24263736263736263,0.09714285714285714,0.08571428571428572,0.5745054945054945
0.24496056091148116,0.09772129710780017,0.08632778264680105,0.5709903593339176
0.24645390070921985,0.09618794326241134,0.08687943262411348,0.5704787234042553
0.247682119205298,0.09757174392935983,0.0869757174392936,0.5677704194260486
0.24911190053285967,0.09502664298401421,0.08614564831261101,0.5697158081705151
0.24867957746478872,0.09419014084507042,0.08714788732394366,0.5699823943661971
0.2510993843447669,0.09366754617414248,0.08970976253298153,0.565523306948109
0.25287356321839083,0.08974358974358974,0.09062776304155615,0.5667550839964633
0.2611380679311866,0.08734009704455227,0.08689898544331716,0.564622849580944
0.2537444933920705,0.08634361233480176,0.086784140969163,0.5731277533039647
0.249670908293111,0.08600263273365512,0.08205353225098727,0.5822729267222466
0.2560106856634016,0.08771148708815672,0.08414959928762245,0.5721282279608192
0.2537444933920705,0.0933920704845815,0.08590308370044053,0.5669603524229075
0.2592756183745583,0.09143109540636042,0.08701413427561837,0.5622791519434629
0.2543046357615894,0.0869757174392936,0.08388520971302428,0.5748344370860927
0.2501106684373617,0.0818946436476317,0.0880920761398849,0.5799026117751217
0.2577502214348981,0.08547387068201949,0.08901682905225863,0.5677590788308238
0.25919361984935757,0.08373947718210013,0.08905626938413824,0.5680106335844041
0.25366503776099514,0.08218569524655708,0.08929364726788094,0.5748556197245669
0.25164980202375714,0.0840299164100308,0.09194896612406511,0.5723713154421469
0.25930851063829785,0.08599290780141844,0.08377659574468085,0.5709219858156028
0.26561125769569044,0.08663148636763413,0.08619173262972735,0.5615655233069481
0.2612732095490716,0.08753315649867374,0.08488063660477453,0.5663129973474801
0.25942350332594233,0.09135254988913526,0.08381374722838138,0.565410199556541
0.2588183421516755,0.08950617283950617,0.08597883597883597,0.5656966490299824
0.25298013245033113,0.09050772626931568,0.08741721854304636,0.5690949227373069
0.25570175438596493,0.09035087719298246,0.08771929824561403,0.5662280701754386
0.2655217965653897,0.09423161602818142,0.08674592690444738,0.5535006605019815
0.271015761821366,0.09063047285464099,0.08581436077057793,0.5525394045534151
0.28169642857142857,0.08571428571428572,0.084375,0.5482142857142858
0.27701808557565066,0.0886634318482576,0.08513453903837671,0.549183943537715
0.2724867724867725,0.09303350970017636,0.08994708994708994,0.5445326278659612
0.27352682497801234,0.09234828496042216,0.09058927000879508,0.5435356200527705
0.27809862283429587,0.09062638827187916,0.09195912927587739,0.5393158596179476
0.27758164165931154,0.09223300970873786,0.09179170344218888,0.5383936451897617
0.27846425419240955,0.09046778464254192,0.09311562224183584,0.5379523389232127
0.2795275590551181,0.09098862642169729,0.08967629046369203,0.5398075240594926
0.2760763426542388,0.09409675987572126,0.09143364403018198,0.538393253439858
0.27065026362038663,0.09446397188049209,0.09050966608084358,0.5443760984182777
0.270541958041958,0.0895979020979021,0.09178321678321678,0.5480769230769231
0.27056753189617244,0.08710954685437748,0.08974923009238892,0.5525736911570611
0.2663716814159292,0.08761061946902655,0.08761061946902655,0.5584070796460177
0.26531511679153813,0.08550022036139268,0.08461877479065667,0.5645658880564125
0.27264653641207814,0.08658969804618118,0.08703374777975133,0.5537300177619894
0.27300884955752214,0.08716814159292036,0.08539823008849558,0.554424778761062
0.27417218543046357,0.08432671081677705,0.0869757174392936,0.5545253863134658
0.27785175321793165,0.0887705281846427,0.08655126498002663,0.546826453617399
0.2709534368070953,0.09046563192904657,0.08780487804878048,0.5507760532150776
0.26425099425541315,0.0958904109589041,0.08528501988510827,0.5545735749005745
0.2633201232937032,0.09687362395420519,0.0841039189784236,0.555702333773668
0.2604671661524901,0.09299250771264875,0.08373732921992066,0.5628029969149405
0.2633672116659302,0.08395934600088378,0.08705258506407423,0.5656208572691118
0.26545936395759717,0.08613074204946997,0.09054770318021202,0.5578621908127208
0.26731363034847816,0.08689898544331716,0.08557565063961182,0.5602117335685929
0.26963812886142985,0.088261253309797,0.08870255957634599,0.5533980582524272
0.2677234698370762,0.09070893879348305,0.08762659621312198,0.5539409951563188
0.2679362267493357,0.08990256864481842,0.08768821966341896,0.5544729849424269
0.2665482007996446,0.09107063527321191,0.0888494002665482,0.5535317636605953
0.26513477684489617,0.08749447635881573,0.08661069376933274,0.5607600530269554
0.2618520159503766,0.08418254319893664,0.08595480726628267,0.5680106335844041
0.2617777777777778,0.08711111111111111,0.08488888888888889,0.5662222222222222
0.26457597173144876,0.08833922261484099,0.08568904593639576,0.5613957597173145
0.2685840707964602,0.08982300884955752,0.084070796460177,0.5575221238938053
0.2608125819134993,0.08781127129750983,0.0799475753604194,0.5714285714285714
0.2698763250883392,0.08789752650176678,0.07950530035335689,0.5627208480565371
0.2605633802816901,0.08890845070422536,0.0801056338028169,0.5704225352112676
0.25521526853084775,0.09010208610741234,0.079005770084332,0.5756768752774079
0.2517636684303351,0.09126984126984126,0.07804232804232804,0.5789241622574955
0.25011008366358434,0.09467195068251871,0.0726552179656539,0.582562747688243
0.25419240953221534,0.08958517210944396,0.07325684024713151,0.5829655781112092
0.25521526853084775,0.085219707057257,0.07456724367509987,0.5849977807367954
0.2537577365163572,0.08532272325375774,0.07029177718832891,0.5906277630415562
0.2513274336283186,0.08672566371681416,0.06725663716814159,0.5946902654867257
0.252414398595259,0.08472344161545214,0.06628621597892889,0.5965759438103599
0.24502432551968156,0.08226448474126492,0.07032286598850067,0.6023883237505528
0.24455100261551874,0.08326068003487358,0.07236268526591107,0.5998256320836965
0.25076586433260395,0.0800875273522976,0.07089715536105033,0.5982494529540482
0.24669603524229075,0.07929515418502203,0.07533039647577093,0.5986784140969162
0.24989020641194554,0.07378129117259552,0.07685551163812034,0.5994729907773386
0.25320371188687585,0.07423773751657092,0.07733097657976137,0.5952275740167918
0.26215738284703805,0.06984969053934571,0.07471264367816093,0.5932802829354553
0.25961538461538464,0.06949300699300699,0.07648601398601398,0.5944055944055944
0.2592756183745583,0.071113074204947,0.07464664310954064,0.5949646643109541
0.258719646799117,0.07240618101545254,0.07593818984547461,0.5929359823399558
0.24701723376049492,0.07158638974812197,0.07379584622182943,0.6076005302695537
0.24933804060017653,0.06972639011473963,0.0736981465136805,0.6072374227714034
0.24900486510393632,0.07120743034055728,0.07872622733303848,0.6010614772224679
0.247791519434629,0.06802120141342756,0.07685512367491167,0.6073321554770318
0.2545374059318282,0.06861443116423196,0.07481186365648516,0.6020362992474546
0.2547294324681038,0.07171139463264409,0.07611086669599648,0.5974483062032556
0.25277161862527714,0.070509977827051,0.07317073170731707,0.6035476718403547
0.2514235654840123,0.07533946561541831,0.07227332457293036,0.600963644327639
0.2586054721977052,0.0763459841129744,0.07193292144748456,0.5931156222418358
0.25485008818342153,0.07583774250440917,0.0736331569664903,0.595679012345679
0.2530487804878049,0.07534843205574913,0.07229965156794425,0.5993031358885017
0.24835164835164836,0.07516483516483516,0.07824175824175825,0.5982417582417583
0.25099955575299865,0.07107952021323856,0.07685473123056419,0.6010661928031986
0.2444933920704846,0.07312775330396476,0.08149779735682819,0.6008810572687224
0.24574421649934527,0.07463989524225229,0.08249672632038411,0.5971191619380183
0.24222222222222223,0.076,0.08355555555555555,0.5982222222222222
0.2356043956043956,0.07560439560439561,0.08175824175824176,0.607032967032967
0.2409372236958444,0.07780725022104333,0.08134394341290893,0.5999115826702034
0.23828296101620675,0.07928164695575997,0.08015768725361366,0.6022777047744197
0.23801065719360567,0.07770870337477798,0.0763765541740675,0.6079040852575488
0.2388646288209607,0.07685589519650655,0.07379912663755459,0.6104803493449782
0.2363150867823765,0.08233199821984868,0.07387627948375612,0.6074766355140186
0.23742277140335394,0.07502206531332745,0.07722859664607237,0.6103265666372463
0.2400890868596882,0.07037861915367483,0.07706013363028953,0.6124721603563474
0.23952359947066607,0.07101896779885311,0.07940008822232025,0.6100573445081605
0.245792736935341,0.0704162976085031,0.07838795394154119,0.6054030115146147
0.24423758865248227,0.07313829787234043,0.07712765957446809,0.6054964539007093
0.24779541446208111,0.06790123456790123,0.07407407407407407,0.6102292768959435
0.24735449735449735,0.06746031746031746,0.07275132275132275,0.6124338624338624
0.24689716312056736,0.0673758865248227,0.07402482269503546,0.6117021276595744
0.24944909651829,0.06478624944909651,0.07007492287351257,0.615689731159101
0.2564102564102564,0.0614500442086649,0.06984969053934571,0.612290008841733
0.2606219886114761,0.06132282084975909,0.0683311432325887,0.6097240473061761
0.2685388328214129,0.05616498464238701,0.07196138657305835,0.6033347959631418
0.2713968957871397,0.05898004434589801,0.07361419068736141,0.5960088691796009
0.2706299911268855,0.05767524401064774,0.07497781721384206,0.5967169476486247
0.27184466019417475,0.05648720211827008,0.0736981465136805,0.5979699911738746
0.27324312527280664,0.05543430816237451,0.07551287647315583,0.5958096900916631
0.27645502645502645,0.05731922398589065,0.07098765432098765,0.5952380952380952
0.27924362357080035,0.05716798592788039,0.07211961301671065,0.5914687774846086
0.27677390921110623,0.05641251652710445,0.0740414279418246,0.5927721463199648
0.27551467367498905,0.052562417871222074,0.07446342531756461,0.5974594831362242
0.2803861342694164,0.05309346204475647,0.07371654234313295,0.5928038613426941
0.27496700395952484,0.05103387593488781,0.07655081390233172,0.5974483062032556
0.2795936395759717,0.04637809187279152,0.07464664310954064,0.5993816254416962
0.27758164165931154,0.04457193292144748,0.08075904677846425,0.5970873786407767
0.2761820592134335,0.04639858594785683,0.07777286787450287,0.5996464869642069
0.2781456953642384,0.046799116997792496,0.0781456953642384,0.5969094922737307
0.27432848965213563,0.04579480405107882,0.08102157639806253,0.598855129898723
0.2796985815602837,0.04964539007092199,0.08111702127659574,0.5895390070921985
0.28029642545771577,0.04969485614646905,0.08020924149956409,0.5897994768962511
0.2860938883968113,0.05225863596102746,0.08193091231178033,0.5797165633303809
0.2855257369115706,0.05279366476022877,0.08227012758468984,0.5794104707435108
0.28596802841918295,0.050621669626998225,0.08081705150976909,0.5825932504440497
0.2884108867427568,0.050921861281826165,0.07901668129938542,0.5816505706760317
0.28520971302428255,0.052097130242825605,0.08300220750551876,0.5796909492273731
0.28677758318739055,0.0542907180385289,0.08274956217162872,0.5761821366024519
0.2809667673716012,0.05567544238239102,0.08113940440224428,0.5822183858437635
0.2741295724988982,0.05861613045394447,0.07756721022476862,0.5896870868223887
0.2800710164225477,0.055481580115401684,0.07501109631602308,0.5894363071460276
0.27920353982300883,0.05309734513274336,0.0743362831858407,0.5933628318584071
0.27850877192982454,0.05263157894736842,0.07763157894736843,0.5912280701754385
0.2831588132635253,0.04886561954624782,0.07591623036649214,0.5920593368237347
0.28848698720776356,0.050286722540802825,0.07454786060873402,0.5866784296426996
0.28206258263552225,0.0502423975319524,0.07227853680035258,0.5954164830321728
0.28188214599824096,0.04925241864555849,0.07167985927880387,0.5971855760773966
0.2769704975781594,0.05063848524878908,0.07353588727432848,0.598855129898723
0.2760898282694848,0.05063848524878908,0.07397622192866579,0.5992954645530604
0.2701647875108413,0.049436253252385085,0.07935819601040764,0.601040763226366
0.2747688243064729,0.0488771466314399,0.08014090708938794,0.5962131219726993
0.2676118741692512,0.05095259193619849,0.0815241470979176,0.5999113867966327
0.26687388987566607,0.0497335701598579,0.08037300177619894,0.6030195381882771
0.27065026362038663,0.05228471001757469,0.08347978910369068,0.593585237258348
0.26657824933687,0.05305039787798409,0.08045977011494253,0.5999115826702034
0.2703180212014134,0.053886925795053005,0.07729681978798586,0.5984982332155477
0.268624014022787,0.05565293602103418,0.07449605609114812,0.6012269938650306
0.2626172398392139,0.05984814649397052,0.07414024117909782,0.6033943724877178
0.2668428005284016,0.05680317040951123,0.07441655658300309,0.6019374724790841
0.2611408199643494,0.06149732620320856,0.07620320855614973,0.6011586452762924
0.2656729504603244,0.0657606313020605,0.07321350284962735,0.5953529153879877
0.2646544181977253,0.06386701662292213,0.07217847769028872,0.5993000874890638
0.26413427561837455,0.06316254416961131,0.07287985865724382,0.5998233215547704
0.26445916114790285,0.06754966887417219,0.07196467991169977,0.5960264900662252
0.2606951871657754,0.06550802139037433,0.07575757575757576,0.5980392156862745
0.2568523430592396,0.06675508399646331,0.07559681697612732,0.6007957559681698
0.2549800796812749,0.06595838866755202,0.07304116865869854,0.6060203629924745
0.2604347826086956,0.06173913043478261,0.06869565217391305,0.6091304347826086
0.25636444841447076,0.060741402411790976,0.06878070567217508,0.6141134435015632
0.2621057307863172,0.06086183918258552,0.06441581519324745,0.6126166148378498
0.25643300798580304,0.05767524401064774,0.06521739130434782,0.6206743566992015
0.25865848312143797,0.057430951337132836,0.06444541867601929,0.6194651468654099
0.254601226993865,0.0600350569675723,0.06134969325153374,0.6240140227870289
0.2558550596553248,0.058329650905877155,0.05700397702165267,0.6288113124171454
0.25584472871636527,0.05734450816056462,0.0564622849580944,0.6303484781649757
0.25847644209599296,0.06252752091589608,0.05416116248348745,0.6248348745046235
0.2598597721297108,0.06485539000876424,0.05390008764241893,0.621384750219106
0.26827133479212256,0.05951859956236324,0.05470459518599562,0.6175054704595186
0.26439326837909655,0.0566873339238264,0.05934455270150576,0.6195748449955713
0.267817618415228,0.053563523683045594,0.05754758742806552,0.621071270473661
0.26803672933974637,0.05334499344118933,0.057717533887188456,0.6209007433318758
0.26343612334801764,0.05506607929515418,0.05859030837004405,0.6229074889867842
0.25739514348785875,0.054304635761589407,0.06181015452538632,0.6264900662251656
0.2673702726473175,0.051011433597185574,0.06420404573438875,0.6174142480211082
0.26657824933687,0.048187444739168875,0.06542882404951371,0.6198054818744474
0.266199649737303,0.04947460595446585,0.06348511383537653,0.6208406304728546
0.2581786030061892,0.04995579133510168,0.06631299734748011,0.625552608311229
0.2537444933920705,0.04977973568281938,0.07004405286343612,0.626431718061674
0.2517699115044248,0.05309734513274336,0.06902654867256637,0.6261061946902655
0.24977817213842057,0.055900621118012424,0.06787932564330079,0.6264418811002662
0.25629695095006627,0.052585064074237735,0.06937693327441449,0.6217410517012815
0.25728155339805825,0.05383936451897617,0.06707855251544571,0.6218005295675199
0.25849139832377593,0.054697838553153945,0.06660785178650198,0.6202029113365681
0.2528483786152498,0.056091148115687994,0.06836108676599474,0.6226993865030674
0.2541557305336833,0.05249343832020997,0.06780402449693788,0.6255468066491688
0.24857268335529206,0.057971014492753624,0.0663153271848924,0.6271409749670619
0.2542744410346339,0.05918456817185445,0.06400701446733889,0.6225339763261727
0.2582781456953642,0.06225165562913907,0.06534216335540839,0.6141280353200883
0.2571554381329811,0.06428885953324527,0.06428885953324527,0.6142668428005285
0.25891677675033026,0.06384852487890796,0.06252752091589608,0.6147071774548657
0.24933920704845816,0.06475770925110132,0.06211453744493392,0.6237885462555066
0.2551602986385595,0.06236275801493193,0.06324110671936758,0.619235836627141
0.2525386313465784,0.060485651214128036,0.06269315673289183,0.6242825607064018
0.2512098548174219,0.06423229212494501,0.06555213374395072,0.6190057193136823
0.24525805028672254,0.06307895897662108,0.0674900749889722,0.6241729157476842
0.24834874504623514,0.06340819022457067,0.07309555261999119,0.615147512109203
0.24571428571428572,0.06241758241758242,0.07428571428571429,0.6175824175824176
0.2518714222809335,0.06296785557023338,0.07837956847203875,0.6067811536767944
0.25055041831792163,0.06252752091589608,0.07573756054601496,0.6111845002201673
0.25132978723404253,0.06515957446808511,0.0775709219858156,0.6059397163120568
0.2484608619173263,0.05980650835532102,0.0773966578715919,0.6143359718557607
0.25515124945199474,0.060938185006576065,0.07452871547566857,0.6093818500657606
0.24802804557405783,0.058720420683610865,0.0740578439964943,0.619193689745837
0.25,0.05964912280701754,0.075,0.6153508771929824
0.24788230049041463,0.05840392331698618,0.07668301382077575,0.6170307623718234
0.248562582927908,0.06059265811587793,0.07386112339672711,0.616983635559487
0.24715162138475022,0.05915863277826468,0.0775635407537248,0.6161262050832603
0.24811362627607633,0.05992010652463382,0.07767421216156237,0.6142920550377274
0.24616732369689007,0.060884800700832235,0.07752956636005257,0.6154183092422252
0.24051191526919682,0.0617828773168579,0.07678729037952339,0.6209179170344219
0.2408888888888889,0.06133333333333333,0.07422222222222222,0.6235555555555555
0.24165202108963094,0.05975395430579965,0.07205623901581722,0.6265377855887522
0.24548259144997797,0.06302335830762451,0.07756721022476862,0.6139268400176289
0.24469964664310953,0.06537102473498234,0.07729681978798586,0.6126325088339223
0.23645104895104896,0.0673076923076923,0.0777972027972028,0.6184440559440559
0.2347252747252747,0.0654945054945055,0.08,0.6197802197802198
0.23748902546093065,0.06716417910447761,0.07769973661106233,0.6176470588235294
0.2343612334801762,0.06563876651982378,0.08370044052863436,0.6162995594713656
0.24324324324324326,0.06513070447496677,0.0824102791315906,0.6092157731501994
0.23612334801762114,0.06696035242290749,0.08105726872246696,0.6158590308370044
0.2360248447204969,0.06654835847382432,0.08118899733806566,0.6162377994676131
0.23374340949033393,0.06766256590509666,0.0804042179261863,0.6181898066783831
0.22932166301969364,0.06652078774617068,0.07833698030634573,0.6258205689277899
0.22891036906854131,0.06985940246045694,0.07644991212653779,0.624780316344464
0.22594880847308033,0.06751985878199471,0.07413945278022947,0.6323918799646955
0.22538975501113587,0.06325167037861916,0.07394209354120267,0.6374164810690424
0.2284060552092609,0.06366874443455031,0.06856634016028496,0.6393588601959038
0.22887323943661972,0.05985915492957746,0.07306338028169014,0.6382042253521126
0.22914837576821773,0.061457418788410885,0.07374890254609306,0.6356453028972783
0.23107747105966162,0.06010685663401603,0.07123775601068566,0.6375779162956366
0.23002633889376647,0.06057945566286216,0.07067603160667252,0.6387181738366988
0.23202470224966917,0.06043228936921041,0.06616674018526687,0.6413762681958536
0.2328767123287671,0.06363234644277507,0.06981882456915599,0.6336721166593018
0.23063302346170872,0.06463036741921203,0.0703851261620186,0.6343514829570607
0.2335249889429456,0.06368863334807608,0.06988058381247236,0.6329057938965059
0.23664459161147902,0.06666666666666667,0.06887417218543046,0.6278145695364239
0.2334065934065934,0.07120879120879121,0.06813186813186813,0.6272527472527473
0.23257878384376388,0.06968486462494451,0.06879715934309809,0.6289391921881935
0.2366345311130587,0.06660823838737949,0.06617002629272568,0.6305872042068361
0.2357866901718819,0.06566769501983252,0.06698986337593654,0.6315557514323491
0.23552806009721608,0.06539991162174105,0.07202828104286346,0.6270437472381795
0.2401402278702892,0.060473269062226116,0.0705521472392638,0.6288343558282209
0.23609885260370697,0.06310679611650485,0.0706090026478376,0.6301853486319505
0.23839009287925697,0.06457319770013269,0.06943830163644406,0.6275984077841663
0.24550635686102587,0.06839105655414292,0.0661990355107409,0.6199035510740903
0.24319578577699735,0.0649692712906058,0.06804214223002635,0.6237928007023705
0.24180690876882197,0.06598759964570416,0.07174490699734277,0.6204605845881311
0.23951828724353255,0.06913470115967886,0.07091882247992863,0.6204281891168599
0.23880597014925373,0.06760316066725197,0.07287093942054433,0.62071992976295
0.24148606811145512,0.06678460858027421,0.0725342768686422,0.6191950464396285
0.2409428197293758,0.07071147970318638,0.07202095154954169,0.6163247490178961
0.23805309734513275,0.06946902654867257,0.07168141592920355,0.6207964601769912
0.24175824175824176,0.06857142857142857,0.06945054945054945,0.6202197802197802
0.2395970214629873,0.06701708278580815,0.06876916338151555,0.624616732369689
0.2425569176882662,0.06873905429071804,0.06786339754816112,0.6208406304728546
0.23364075537988582,0.07114624505928854,0.0707070707070707,0.6245059288537549
0.2378021978021978,0.0654945054945055,0.07076923076923076,0.625934065934066
0.2356043956043956,0.0654945054945055,0.07076923076923076,0.6281318681318682
0.23107394366197184,0.06294014084507042,0.07526408450704225,0.6307218309859155
0.22958057395143489,0.06445916114790287,0.07152317880794702,0.6344370860927152
0.2300531914893617,0.06382978723404255,0.07180851063829788,0.6343085106382979
0.23026025584472873,0.061755624172915746,0.07190119100132333,0.6360829289810322
0.22563652326602282,0.05750658472344162,0.07682177348551361,0.6400351185250219
0.22727272727272727,0.05913503971756399,0.0794351279788173,0.6341571050308914
0.23029502421840597,0.0603258476442096,0.07837956847203875,0.6309995596653457
0.22743362831858407,0.06283185840707965,0.07566371681415929,0.6340707964601769
0.22424511545293072,0.06394316163410302,0.0763765541740675,0.6354351687388987
0.2269722344645218,0.06478624944909651,0.07756721022476862,0.630674305861613
0.2264731750219877,0.06420404573438875,0.07695690413368514,0.6323658751099385
0.2268538832821413,0.06494076349275998,0.07722685388328214,0.6309784993418166
0.22656597067969791,0.06619280319857841,0.07774322523322967,0.6294980008884941
0.22709338009644892,0.0661990355107409,0.079351161771153,0.6273564226216571
0.23022222222222222,0.06577777777777778,0.07822222222222222,0.6257777777777778
0.22921249450065992,0.0686317641882974,0.07567091948966125,0.6264848218213814
0.2320637732506643,0.06997342781222321,0.07661647475642161,0.6213463241806909
0.22921249450065992,0.06951165860096789,0.08095028596568411,0.6203255609326881
0.22992056487202117,0.06928508384819064,0.08561341571050309,0.6151809355692851
0.23012736056214317,0.07553798858146685,0.08168642951251646,0.6126482213438735
0.225177304964539,0.07712765957446809,0.08156028368794327,0.6161347517730497
0.22439024390243903,0.07405764966740576,0.08337028824833703,0.6181818181818182
0.2210944395410415,0.07502206531332745,0.08473080317740513,0.619152691968226
0.22125435540069685,0.07621951219512195,0.08667247386759581,0.6158536585365854
0.21986754966887417,0.07019867549668875,0.08830022075055188,0.6216335540838852
0.22060123784261715,0.07117595048629531,0.09283819628647215,0.6153846153846154
0.22080211546936976,0.06875275451740855,0.08990744821507272,0.6205376817981489
0.2222222222222222,0.0703851261620186,0.0880920761398849,0.6193005754758742
0.22506619593998234,0.06707855251544571,0.09002647837599294,0.617828773168579
