C,D,Oc,Od
0.0,0.0,1.0,0.0
0.0,0.0,1.0,0.0
0.16666666666666666,0.0,0.8333333333333334,0.0
0.3333333333333333,0.0,0.6666666666666666,0.0
0.30434782608695654,0.08695652173913043,0.6086956521739131,0.0
0.35714285714285715,0.09523809523809523,0.5476190476190477,0.0
0.39705882352941174,0.058823529411764705,0.5441176470588235,0.0
0.4230769230769231,0.057692307692307696,0.4807692307692308,0.038461538461538464
0.4431137724550898,0.0718562874251497,0.4550898203592814,0.029940119760479042
0.4669603524229075,0.07929515418502203,0.41409691629955947,0.039647577092511016
0.49201277955271566,0.08626198083067092,0.3769968051118211,0.04472843450479233
0.5011764705882353,0.08470588235294117,0.36941176470588233,0.04470588235294118
0.514018691588785,0.08411214953271028,0.36261682242990656,0.03925233644859813
0.5219298245614035,0.07894736842105263,0.358187134502924,0.04093567251461988
0.5148279952550415,0.08896797153024912,0.3475682087781732,0.04863582443653618
0.52465483234714,0.08777120315581854,0.3323471400394477,0.055226824457593686
0.514743049705139,0.09267059814658804,0.33108677337826453,0.061499578770008424
0.5144766146993318,0.08685968819599109,0.3363028953229399,0.062360801781737196
0.5068762278978389,0.08840864440078586,0.33595284872298625,0.068762278978389
0.4994054696789536,0.09571938168846611,0.3329369797859691,0.07193816884661118
0.4821722435545804,0.09873834339001646,0.3390016456390565,0.08008776741634668
0.4801829268292683,0.09806910569105691,0.3409552845528455,0.08079268292682927
0.47442084942084944,0.0999034749034749,0.33832046332046334,0.08735521235521236
0.47464788732394364,0.1,0.3314553990610329,0.09389671361502347
0.46226415094339623,0.10512129380053908,0.3387241689128482,0.09389038634321653
0.45879732739420936,0.10824053452115813,0.34253897550111356,0.09042316258351893
0.4530485091232755,0.11214953271028037,0.3368936359590565,0.09790832220738763
0.45219298245614037,0.10877192982456141,0.34342105263157896,0.0956140350877193
0.44958168207837956,0.11140466754733598,0.34169969176574194,0.09731395860854249
0.46174377224199287,0.1094306049822064,0.3331850533807829,0.09564056939501779
0.45486725663716815,0.11106194690265486,0.3411504424778761,0.09292035398230089
0.45446584938704027,0.1138353765323993,0.3345008756567426,0.09719789842381786
0.4581673306772908,0.10934041611332448,0.33421868083222667,0.09827357237715803
0.4547053649956025,0.10686015831134564,0.3324538258575198,0.1059806508355321
0.4562637362637363,0.11428571428571428,0.32351648351648354,0.10593406593406593
0.45474516695957823,0.11203866432337434,0.3224956063268893,0.11072056239015818
0.4542656112576957,0.11653474054529464,0.31882145998240985,0.11037818821459983
0.45462478184991273,0.11954624781849912,0.31413612565445026,0.11169284467713787
0.4513466550825369,0.12076455256298871,0.31624674196351,0.11164205039096438
0.4465464144302684,0.12758468983721954,0.31544214694236694,0.11042674879014518
0.4520367936925099,0.12001752080595707,0.31449846692947875,0.11344721857205431
0.4541465555068012,0.11496270293988592,0.3163668275559456,0.11452391399736726
0.4580588493631972,0.11769872639437857,0.30917874396135264,0.11506368028107158
0.4594713656387665,0.11409691629955947,0.3092511013215859,0.1171806167400881
0.4607583774250441,0.11772486772486772,0.30599647266313934,0.11552028218694885
0.4579520697167756,0.11895424836601307,0.3058823529411765,0.11721132897603485
0.45727986050566694,0.11769834350479512,0.3047079337401918,0.12031386224934612
0.46275197195442597,0.11831726555652936,0.29842243645924627,0.12050832602979843
0.4539444689290436,0.11987659762009696,0.3018951079770824,0.12428382547377699
0.4501089324618736,0.12156862745098039,0.30762527233115466,0.12069716775599129
0.4541465555068012,0.12637121544537078,0.30539710399297937,0.11408512505484862
0.45249668581528946,0.12593901900132567,0.30181175430844015,0.11975254087494476
0.4525805028672254,0.12792236435818263,0.30083811204234673,0.11865902073224525
0.455026455026455,0.12874779541446207,0.2976190476190476,0.11860670194003527
0.4492307692307692,0.1301098901098901,0.29714285714285715,0.12351648351648352
0.44666956900304744,0.12538093164997824,0.304309969525468,0.12363952982150632
0.4440528634361233,0.12731277533039648,0.3039647577092511,0.12466960352422908
0.4540229885057471,0.1246684350132626,0.2988505747126437,0.12245800176834659
0.444297666226332,0.12461470717745486,0.30603258476442097,0.12505504183179217
0.44121532364597094,0.12857771906649054,0.29722589167767505,0.1329810656098635
0.44327176781002636,0.12532981530343007,0.2994722955145119,0.13192612137203166
0.43629173989455183,0.1274165202108963,0.3022847100175747,0.13400702987697716
0.4288248337028825,0.13303769401330376,0.30598669623059865,0.13215077605321507
0.4320664045434688,0.12844036697247707,0.3101791175185671,0.12931411096548712
0.4268774703557312,0.13175230566534915,0.31225296442687744,0.12911725955204217
0.43399558498896246,0.13289183222958056,0.30066225165562915,0.13245033112582782
0.4268292682926829,0.13980836236933797,0.30139372822299654,0.13196864111498258
0.42581211589113255,0.13652326602282705,0.30245829675153646,0.13520632133450394
0.42648361381753763,0.1403897254207263,0.29805137289636846,0.13507528786536757
0.4239894551845343,0.14015817223198593,0.29964850615114236,0.13620386643233742
0.4206593406593407,0.13934065934065934,0.2997802197802198,0.1402197802197802
0.41908531222515394,0.14291996481970096,0.29815303430079154,0.13984168865435356
0.41832669322709165,0.14741035856573706,0.2926073483842408,0.1416555998229305
0.4118952507767421,0.15357301375943186,0.2947181535730138,0.13981358189081225
0.41456953642384103,0.15584988962472407,0.2891832229580574,0.1403973509933775
0.40855002203613927,0.15513442044953724,0.2899955927721463,0.14631996474217718
0.4141145139813582,0.15667998224589436,0.29027962716378164,0.13892587660896583
0.41125163541212384,0.15830789358918448,0.2900130832969908,0.14042738770170082
0.4045936395759717,0.15856890459363956,0.2946113074204947,0.142226148409894
0.40380362671384346,0.15701017249004864,0.3007518796992481,0.1384343210968598
0.4063336306868867,0.15655664585191792,0.29794826048171275,0.1391614629794826
0.40514609681639774,0.1587440034888792,0.29524640209332753,0.14086349760139555
0.3966356795042054,0.16246126604692343,0.29969012837538733,0.14121292607348385
0.39126637554585153,0.16419213973799127,0.2986899563318777,0.14585152838427948
0.3861429832303619,0.16725507502206532,0.29876434245366285,0.14783759929390997
0.38716717590571803,0.16717590571802707,0.30248799650807506,0.14316892186817984
0.3829225352112676,0.16725352112676056,0.30369718309859156,0.14612676056338028
0.3862433862433862,0.15873015873015872,0.31084656084656087,0.14417989417989419
0.38823529411764707,0.15555555555555556,0.3093681917211329,0.14684095860566448
0.38505244755244755,0.15646853146853146,0.30856643356643354,0.14991258741258742
0.3864035087719298,0.15789473684210525,0.30394736842105263,0.15175438596491228
0.3846491228070175,0.16271929824561404,0.3030701754385965,0.14956140350877192
0.38699690402476783,0.1601061477222468,0.30030959752321984,0.1525873507297656
0.38461538461538464,0.16407292129835482,0.2965762561138284,0.1547354379724322
0.39400617011899514,0.15601586602027326,0.29396209784045835,0.15601586602027326
0.3892294220665499,0.1563047285464098,0.29597197898423816,0.1584938704028021
0.3856063971568192,0.15504220346512662,0.3034207019102621,0.1559306974677921
0.3882767739092111,0.1494050242397532,0.2988100484795064,0.1635081533715293
0.39268400176289114,0.15469369766416924,0.29219920669898636,0.1604230938739533
0.38591050066459903,0.1537439078422685,0.2906513070447497,0.1696942844483828
0.38786279683377306,0.15303430079155672,0.28935795954265614,0.16974494283201408
0.38925583443416995,0.15367679436371642,0.2906208718626156,0.166446499339498
0.3879272081668886,0.15978695073235685,0.28450954283177987,0.1677762982689747
0.38825088339222613,0.15415194346289754,0.2879858657243816,0.1696113074204947
0.3890845070422535,0.15889084507042253,0.2852112676056338,0.16681338028169015
0.37935597706219676,0.15659461843846492,0.29289810322011467,0.17115130127922365
0.37979708866343187,0.15747684164093514,0.290251433612704,0.17247463608292898
0.37983118613949357,0.1634828964904487,0.28476232785428696,0.17192358951577077
0.37894736842105264,0.16359649122807018,0.28728070175438597,0.17017543859649123
0.38016896398399286,0.164517563361494,0.28056914184081816,0.17474433081369498
0.38130434782608696,0.16260869565217392,0.28695652173913044,0.1691304347826087
0.37961335676625657,0.1625659050966608,0.28427065026362036,0.1735500878734622
0.37811816192560177,0.15842450765864333,0.2888402625820569,0.17461706783369804
0.38016896398399286,0.16140506891951978,0.2863494886616274,0.17207647843485993
0.37521891418563924,0.1628721541155867,0.29509632224168125,0.1668126094570928
0.3713784021071115,0.1646180860403863,0.2976294995610184,0.16637401229148377
0.3671111111111111,0.1711111111111111,0.29688888888888887,0.1648888888888889
0.37257495590828926,0.17504409171075838,0.28880070546737213,0.16358024691358025
0.370776656428258,0.17068889863975428,0.29223343571741994,0.16630100921456778
0.375495813133539,0.17100044072278536,0.2851476421330983,0.16835610401057735
0.37072743207712533,0.16783523225241018,0.28702892199824714,0.17440841367221735
0.36777041942604854,0.1664459161147903,0.293598233995585,0.17218543046357615
0.366079295154185,0.17180616740088106,0.29251101321585904,0.1696035242290749
0.36070640176600444,0.16777041942604856,0.2922737306843267,0.17924944812362031
0.35606731620903453,0.17094774136403898,0.29317980513728964,0.17980513728963685
0.3583148558758315,0.17738359201773837,0.2913525498891353,0.1729490022172949
0.35553595059550064,0.17512130569033965,0.28804587560652845,0.18129686810763124
0.34973637961335674,0.17618629173989456,0.29261862917398945,0.18145869947275922
0.3466432645897323,0.18121983326020183,0.2882843352347521,0.18385256691531374
0.34701986754966885,0.17571743929359823,0.28962472406181017,0.18763796909492272
0.3453268977621764,0.1737604212373848,0.2913558578323826,0.18955682316805617
0.3468667255075022,0.176522506619594,0.28375992939099737,0.19285083848190646
0.35132781889420983,0.1784936874183718,0.2738354375272094,0.19634305616020897
0.35499557913351015,0.1812555260831123,0.2696728558797524,0.1940760389036251
0.3620463489287276,0.18014866637516397,0.2684739833843463,0.18933100131176214
0.36109880372175457,0.18697385910500663,0.26229508196721313,0.1896322552060257
0.355119825708061,0.19302832244008714,0.26318082788671027,0.1886710239651416
0.357487922705314,0.18972332015810275,0.26262626262626265,0.1901624945103206
0.3597374179431072,0.19168490153172865,0.2564551422319475,0.19212253829321663
0.35588752196836554,0.19463971880492092,0.2535149384885764,0.19595782073813708
0.3614298323036187,0.18887908208296558,0.2497793468667255,0.19991173874669022
0.35190097259062775,0.1909814323607427,0.2546419098143236,0.20247568523430592
0.3447204968944099,0.19210292812777285,0.25377107364685003,0.20940550133096716
0.3422086425141859,0.1907463989524225,0.25316455696202533,0.2138804015713662
0.3448123620309051,0.19161147902869757,0.2525386313465784,0.211037527593819
0.3458351504579154,0.19624945486262538,0.24727431312690798,0.21064108155255123
0.3484381874175099,0.19841619005719313,0.24505059392872855,0.20809502859656842
0.3386034255599473,0.19894598155467721,0.2516469038208169,0.21080368906455862
0.3420707732634338,0.19702927042376583,0.24814329401485366,0.2127566622979467
0.3426941641070645,0.1970162351908732,0.24572180781044317,0.21456779289161912
0.3447368421052632,0.1969298245614035,0.2425438596491228,0.21578947368421053
0.3448581560283688,0.1999113475177305,0.24601063829787234,0.20921985815602837
0.34294451725644387,0.2053298383573613,0.24071647007426825,0.21100917431192662
0.3463711429813125,0.19991308126901347,0.24206866579747935,0.21164710995219468
0.3405958203646065,0.20364606491774123,0.2449977767896843,0.21076033792796797
0.3415276558384548,0.2032484635645303,0.24451273046532046,0.21071115013169447
0.340139009556907,0.2063423110338836,0.24370112945264988,0.20981754995655952
0.33914559721011334,0.2088055797733217,0.24629468177855274,0.2057541412380122
0.34076015727391873,0.20620358235037134,0.2490170380078637,0.20401922236784623
0.3416666666666667,0.20526315789473684,0.24912280701754386,0.20394736842105263
0.337466784765279,0.20814880425155005,0.2528786536758193,0.20150575730735165
0.34765279007971656,0.20283436669619131,0.24313551815766166,0.20637732506643047
0.34299516908212563,0.2028985507246377,0.24769433465085638,0.20641194554238032
0.34684883208461875,0.2009695901278096,0.24812692816218598,0.20405464962538564
0.3384750991626267,0.20669898633759365,0.24592331423534597,0.20890260026443366
0.3350831146106737,0.2069116360454943,0.2458442694663167,0.2121609798775153
0.3409590849098108,0.20545534535855697,0.24197096348438188,0.21161460624725034
0.3349429323968393,0.20851624231782265,0.24319578577699735,0.21334503950834066
0.3424416042309387,0.2009695901278096,0.23931247245482593,0.21727633318642575
0.33923042901371075,0.20477664750110572,0.23927465723131358,0.21671826625386997
0.33845478489903424,0.2054433713784021,0.24012291483757683,0.21597892888498682
0.3391915641476274,0.20913884007029876,0.24033391915641475,0.21133567662565905
0.32744144940344677,0.208572691117985,0.2421564295183385,0.22182942996022978
0.32953549517966696,0.2107800175284838,0.24057843996494302,0.21910604732690622
0.3377425044091711,0.20855379188712522,0.23853615520282187,0.21516754850088182
0.33186813186813185,0.21494505494505495,0.2347252747252747,0.21846153846153846
0.3337765957446808,0.21320921985815602,0.23182624113475178,0.22118794326241134
0.33464223385689357,0.21553228621291448,0.22949389179755672,0.22033158813263526
0.3325981473312748,0.211733568592854,0.23246581385090428,0.22320247022496692
0.3257042253521127,0.21170774647887325,0.2367957746478873,0.22579225352112675
0.3215547703180212,0.20715547703180212,0.24028268551236748,0.2310070671378092
0.3162995594713656,0.2092511013215859,0.2356828193832599,0.23876651982378855
0.32189973614775724,0.21240105540897097,0.22955145118733508,0.23614775725593667
0.31985940246045697,0.2148506151142355,0.23110720562390158,0.23418277680140598
0.32842287694974004,0.21750433275563258,0.22833622183708838,0.225736568457539
0.3324584426946632,0.2174103237095363,0.22484689413823272,0.22528433945756782
0.3308237378210806,0.22453498671390612,0.21612046058458814,0.22852081488042517
0.32922535211267606,0.2266725352112676,0.2112676056338028,0.23283450704225353
0.33070866141732286,0.22615923009623798,0.21128608923884515,0.23184601924759404
0.3334807607253428,0.2184873949579832,0.21406457319770014,0.23396727111897392
0.32412280701754387,0.2219298245614035,0.2162280701754386,0.23771929824561402
0.32096069868995636,0.22183406113537119,0.21921397379912663,0.23799126637554585
0.3187250996015936,0.22177954847277556,0.2213368747233289,0.2381584772023019
0.32159930465015213,0.21642764015645372,0.22468491960017384,0.23728813559322035
0.31558098591549294,0.2130281690140845,0.2323943661971831,0.23899647887323944
0.3217931646693298,0.21171770972037285,0.22991566799822458,0.2365734576120728
0.32049579459938027,0.21204072598494908,0.22709163346613545,0.2403718459495352
0.32468103827540695,0.21029476462824462,0.22657281126264847,0.23845138583369996
0.3244073748902546,0.21422300263388938,0.2273924495171203,0.23397717295873574
0.31784305129329243,0.21964050854888206,0.22884699693117053,0.23366944322665498
0.32123893805309733,0.21415929203539824,0.23097345132743363,0.2336283185840708
0.3201754385964912,0.21096491228070174,0.23640350877192984,0.2324561403508772
0.32225177304964536,0.21010638297872342,0.23581560283687944,0.23182624113475178
0.32123893805309733,0.21061946902654868,0.23849557522123893,0.22964601769911505
0.31477422183252957,0.2091188075405524,0.23936869793950022,0.2367382726874178
0.31131660061646854,0.2073976221928666,0.24482606781153676,0.23645970937912814
0.3132476739034116,0.20691182986264953,0.2467877713779353,0.23305272485600353
0.30819815870232353,0.208680403331872,0.24813678211310827,0.23498465585269618
0.30309638028783253,0.2102049716528565,0.25381596162232883,0.23288268643698212
0.30870135548753824,0.20376038478355923,0.24879755137735024,0.23874070835155226
0.308431629532547,0.20620358235037134,0.24858016601135868,0.236784622105723
0.3093462044756472,0.21061869240895129,0.2448442299254059,0.23519087318999563
0.30392156862745096,0.21390374331550802,0.24376114081996436,0.23841354723707664
0.29933481152993346,0.2203991130820399,0.24611973392461198,0.23414634146341465
0.3057887759611136,0.21696862571807335,0.23862129916040653,0.23862129916040653
0.3032427695004382,0.22173531989482909,0.23400525854513585,0.24101665205959685
0.2963620230700976,0.21694764862466726,0.2391304347826087,0.24755989352262645
0.3019451812555261,0.21352785145888595,0.23916887709991158,0.2453580901856764
0.3018951079770824,0.2128691053327457,0.2379903040987219,0.24724548259145
0.30566534914361,0.2116820377689943,0.24242424242424243,0.24022837066315328
0.309260079751883,0.21400088613203366,0.2405848471422242,0.2361541869738591
0.3053097345132743,0.21902654867256638,0.2331858407079646,0.2424778761061947
0.3026602703881378,0.22023549934583514,0.23855211513301353,0.23855211513301353
0.29767645769399387,0.22314774221832528,0.24112231477422183,0.23805348531345902
0.2963780918727915,0.2248233215547703,0.2420494699646643,0.23674911660777384
0.29982517482517484,0.21984265734265734,0.24562937062937062,0.23470279720279721
0.3018951079770824,0.21903922432789774,0.24283825473776993,0.2362274129572499
0.2974878801234024,0.21903922432789774,0.24371970030850595,0.23975319524019392
0.29179464677490125,0.2215884159719175,0.24440544098288722,0.24221149627029398
0.29859894921190894,0.2171628721541156,0.24168126094570927,0.2425569176882662
0.2997802197802198,0.22197802197802197,0.23824175824175825,0.24
0.3003533568904594,0.22570671378091872,0.24028268551236748,0.2336572438162544
0.3017699115044248,0.22920353982300884,0.2327433628318584,0.23628318584070795
0.29912280701754385,0.22543859649122808,0.23508771929824562,0.24035087719298245
0.30039525691699603,0.21739130434782608,0.24286341677646026,0.2393500219587176
0.3044240035041612,0.22032413491020586,0.2352168199737188,0.24003504161191414
0.30605926581158777,0.21627598407784165,0.23706324635117204,0.24060150375939848
0.2939885914874945,0.22027204914436158,0.24440544098288722,0.2413339183852567
0.29631274988893824,0.22079075966237227,0.24788982674366947,0.23500666370502
0.2989010989010989,0.21802197802197804,0.24879120879120878,0.2342857142857143
0.29295154185022027,0.21497797356828194,0.2533039647577093,0.23876651982378855
0.287527352297593,0.21269146608315098,0.2512035010940919,0.2485776805251641
0.2884529647793134,0.2104324565314311,0.25546143557735174,0.2456531431119037
0.2838196286472148,0.21441202475685234,0.2506631299734748,0.251105216622458
0.2868525896414343,0.20938468348826914,0.2527667109340416,0.250996015936255
0.2946666666666667,0.2088888888888889,0.244,0.25244444444444447
0.29427312775330394,0.21233480176211453,0.2422907488986784,0.2511013215859031
0.29229406554472986,0.20770593445527016,0.2462356067316209,0.2537643932683791
0.3046704495853339,0.20558707987778263,0.2409428197293758,0.24879965080750763
0.2981148619026743,0.20254274441034634,0.24506795265234546,0.2542744410346339
0.2938053097345133,0.20353982300884957,0.24513274336283186,0.2575221238938053
0.28527200353825743,0.21052631578947367,0.2410437859354268,0.2631578947368421
0.281983178397521,0.21779548472775564,0.23948649845064188,0.26073483842408146
0.2795085563843791,0.22027204914436158,0.24001755155770074,0.2602018429135586
0.2768959435626102,0.222663139329806,0.24426807760141092,0.25617283950617287
0.27469135802469136,0.22134038800705466,0.2508818342151676,0.25308641975308643
0.2739244951712028,0.21949078138718173,0.2462686567164179,0.2603160667251975
0.2722838137472284,0.21862527716186253,0.24611973392461198,0.26297117516629714
0.2647187091146969,0.21761883994766681,0.25556040122110774,0.26210204971652856
0.2666372851476421,0.21419127368884971,0.24856765094755398,0.27060379021595415
0.26598579040852577,0.21403197158081705,0.2468916518650089,0.2730905861456483
0.2655217965653897,0.21488331131660063,0.24482606781153676,0.2747688243064729
0.2659010600706714,0.21908127208480566,0.2411660777385159,0.27385159010600707
0.2648482182138143,0.21645402551693796,0.23845138583369996,0.28024637043554773
0.25921052631578945,0.21271929824561403,0.24517543859649124,0.28289473684210525
0.25925925925925924,0.21208112874779542,0.24735449735449735,0.281305114638448
0.2537182852143482,0.21084864391951005,0.25021872265966755,0.2852143482064742
0.2556093268807743,0.20633523977122745,0.24505059392872855,0.2930048394192697
0.25786713286713286,0.20804195804195805,0.2486888111888112,0.2854020979020979
0.25786713286713286,0.21241258741258742,0.24213286713286714,0.2875874125874126
0.2554131683605833,0.21564295183384888,0.2412726469288555,0.2876712328767123
0.2581641659311562,0.21668137687555164,0.235657546337158,0.28949691085613416
0.25937362152624616,0.2161446846052051,0.24305249228054698,0.2814292015880018
0.2580787959274015,0.21381142098273573,0.2403718459495352,0.2877379371403276
0.251779359430605,0.2139679715302491,0.2442170818505338,0.2900355871886121
0.2605633802816901,0.21566901408450703,0.23899647887323944,0.2847711267605634
0.2658450704225352,0.22007042253521128,0.23547535211267606,0.27860915492957744
0.25736911570611526,0.21865376154861416,0.2388913330400352,0.28508578970523535
0.2563540753724803,0.22436459246275198,0.23751095530236635,0.2817703768624014
0.25375110326566636,0.22550750220653135,0.23654015887025595,0.28420123565754635
0.25,0.22236842105263158,0.2442982456140351,0.2833333333333333
0.24977777777777777,0.22666666666666666,0.2391111111111111,0.28444444444444444
0.24747252747252746,0.22285714285714286,0.2378021978021978,0.2918681318681319
0.25241016652059595,0.22129710780017528,0.2366345311130587,0.28965819456617004
0.2503293807641634,0.2261747913921827,0.23847167325428195,0.28502415458937197
0.24978089395267308,0.2283085013146363,0.2353198948290973,0.28659070990359337
0.24944714727996462,0.226890756302521,0.23750552852720036,0.286156567890314
0.25591586327782645,0.22480280455740578,0.2388255915863278,0.28045574057843997
0.25274243089074155,0.225976305397104,0.23650724001755155,0.2847740236946029
0.2507685551163812,0.2274923144488362,0.24286341677646026,0.27887571365832237
0.2498903989478299,0.23060061376589217,0.24112231477422183,0.2783866725120561
0.24514991181657847,0.2275132275132275,0.25,0.27733686067019403
0.24582967515364354,0.2295873573309921,0.24934152765583845,0.2752414398595259
0.24182139699381078,0.22900088417329797,0.2541998231653404,0.2749778956675508
0.24001755155770074,0.23080298376480912,0.25010969723562965,0.27906976744186046
0.2411660777385159,0.2314487632508834,0.2575088339222615,0.2698763250883392
0.24702249669166298,0.23246581385090428,0.250992501102779,0.2695191883546537
0.2414398595258999,0.2295873573309921,0.2546093064091308,0.27436347673397715
0.25076586433260395,0.23544857768052516,0.24901531728665208,0.2647702407002188
0.25519681556833257,0.2335249889429456,0.248562582927908,0.26271561256081377
0.2514310876265962,0.23029502421840597,0.25979744605900484,0.25847644209599296
0.25164113785557984,0.23063457330415754,0.25689277899343543,0.2608315098468271
0.2583479789103691,0.22847100175746923,0.2539543057996485,0.2592267135325132
0.25739514348785875,0.23487858719646798,0.25121412803532006,0.2565121412803532
0.262621789193977,0.23560673162090345,0.24446412754650132,0.25730735163861823
0.2659010600706714,0.232773851590106,0.24734982332155478,0.2539752650176678
0.26420079260237783,0.23734037868780272,0.24482606781153676,0.2536327608982827
0.26373626373626374,0.23956043956043957,0.23692307692307693,0.25978021978021976
0.26545936395759717,0.23630742049469966,0.24028268551236748,0.2579505300353357
0.26494980357922304,0.23701440419030992,0.2413793103448276,0.25665648188563944
0.26200873362445415,0.23624454148471616,0.24017467248908297,0.26157205240174675
0.26430155210643014,0.23414634146341465,0.23725055432372505,0.26430155210643014
0.26130434782608697,0.23347826086956522,0.23695652173913043,0.2682608695652174
0.261978021978022,0.229010989010989,0.23604395604395603,0.27296703296703295
0.2636727434415296,0.22676745220097821,0.23699421965317918,0.272565584704313
0.2659902955447728,0.2192324658138509,0.24569916188795765,0.2690780767534186
0.2607158638974812,0.21961997348652232,0.2487847989394609,0.2708793636765356
0.26486246672582076,0.2222715173025732,0.24179236912156166,0.27107364685004437
0.2666959578207381,0.22275922671353252,0.24253075571177504,0.2680140597539543
0.2709705753184014,0.2231005709266579,0.23451910408432147,0.27140974967061926
0.2719259585720582,0.2234464521815778,0.23358307624504188,0.27104451300132215
0.27107364685004437,0.2267080745341615,0.2315882874889086,0.2706299911268855
0.2628345765686705,0.23255813953488372,0.23519087318999563,0.26941641070645017
0.2646797153024911,0.22953736654804271,0.2411032028469751,0.2646797153024911
0.2618006993006993,0.23295454545454544,0.24213286713286714,0.2631118881118881
0.2646928855501547,0.22448077772867875,0.24348210340256296,0.26734423331860363
0.26849434290687557,0.2280243690165361,0.24064403829416883,0.2628372497824195
0.27308707124010556,0.2264731750219877,0.2418645558487247,0.25857519788918204
0.26758071649712517,0.22733303847854933,0.24413976116762495,0.26094648385670055
0.26404245908889873,0.2260061919504644,0.24546660769570985,0.26448474126492705
0.2630646589902569,0.22232063773250665,0.25066430469441986,0.26395039858281666
0.266900790166813,0.22300263388937663,0.24495171202809482,0.26514486391571557
0.2652790079716563,0.22364924712134632,0.245792736935341,0.2652790079716563
0.2666083916083916,0.2097902097902098,0.26048951048951047,0.2631118881118881
0.26950043821209463,0.2147239263803681,0.25766871165644173,0.2581069237510955
0.2704626334519573,0.21085409252669038,0.2571174377224199,0.2615658362989324
0.2720879120879121,0.2087912087912088,0.25758241758241757,0.26153846153846155
0.2764731945059814,0.20691182986264953,0.256092157731502,0.2605228178998671
0.27292672224659936,0.21237384817902588,0.2566915313734094,0.2580078982009653
0.2710975076519458,0.21687800612155664,0.254919108001749,0.2571053782247486
0.2759526938239159,0.2137538326763031,0.2544897065265002,0.2558037669732808
0.2781659388646288,0.21484716157205241,0.2537117903930131,0.25327510917030566
0.28264680105170903,0.22085889570552147,0.24934268185801928,0.24715162138475022
0.28272251308900526,0.2238219895287958,0.2443280977312391,0.24912739965095987
0.2750439367311072,0.22407732864674867,0.2482425307557118,0.2526362038664323
0.28507795100222716,0.22360801781737194,0.24365256124721604,0.24766146993318486
0.27955555555555556,0.2288888888888889,0.24444444444444444,0.24711111111111111
0.27636203866432335,0.22363796133567662,0.2491212653778559,0.2508787346221441
0.27117903930131004,0.22314410480349345,0.2550218340611354,0.25065502183406113
0.2697921273772667,0.22069880583812473,0.2565236620964175,0.2529854046881911
0.2754650132860939,0.21612046058458814,0.2537643932683791,0.2546501328609389
0.276623950508175,0.21564295183384888,0.2571807335395493,0.25055236411842685
0.2778993435448578,0.21050328227571116,0.2603938730853392,0.2512035010940919
0.2792236435818262,0.2192324658138509,0.2567269519188355,0.24481693868548743
0.27220503756076003,0.22492266902342023,0.2602739726027397,0.24259832081307997
0.27240926978574553,0.22518583296895497,0.2588543944031482,0.2435505028421513
0.2690780767534186,0.22849580943978826,0.25981473312748127,0.24261138067931187
0.2633214920071048,0.23179396092362345,0.26243339253996445,0.2424511545293073
0.2661647475642161,0.23073516386182463,0.25730735163861823,0.245792736935341
0.26855123674911663,0.22835689045936397,0.25574204946996465,0.24734982332155478
0.2664590747330961,0.22864768683274023,0.2557829181494662,0.2491103202846975
0.2666372851476421,0.23226090788893786,0.25385632437197003,0.24724548259145
0.27436347673397715,0.2317822651448639,0.252414398595259,0.2414398595258999
0.26831421006178285,0.23477493380406,0.25551632833186233,0.24139452780229478
0.2611973392461197,0.23725055432372505,0.2549889135254989,0.2465631929046563
0.2587565674255692,0.2351138353765324,0.2613835376532399,0.2447460595446585
0.26753812636165575,0.22832244008714597,0.2627450980392157,0.24139433551198258
0.26561125769569044,0.23043095866314864,0.256816182937555,0.24714160070360597
0.26060070671378094,0.23807420494699646,0.2592756183745583,0.2420494699646643
0.2614089499335401,0.23925564909171468,0.25476295968099244,0.24457244129375277
0.26044874615046193,0.23933128024637043,0.2564892212934448,0.24373075230972283
0.25666812418014867,0.23917796239615216,0.2610406646261478,0.2431132487975514
0.2608695652173913,0.24681598594642074,0.2595520421607378,0.23276240667545015
0.2568687309201919,0.24334932402965548,0.26515481901439164,0.23462712603576102
0.26643295354951796,0.24364592462751972,0.2537248028045574,0.2361963190184049
0.2677234698370762,0.23469837076177896,0.2611184500220167,0.23645970937912814
0.26610767872903796,0.24271844660194175,0.264783759929391,0.2263901147396293
0.26546731022378234,0.24221149627029398,0.26195699868363315,0.23036419482229048
0.2634809294169224,0.24331433581762385,0.25558965366067515,0.2376150811047786
0.2529960053262317,0.24234354194407456,0.2561029738126942,0.24855747891699956
0.25692916849978004,0.24417069951605808,0.2542894852617686,0.2446106467223933
0.2540587977182975,0.24352786309784993,0.2558139534883721,0.24659938569548048
0.2572052401746725,0.23930131004366811,0.259825327510917,0.24366812227074236
0.25055236411842685,0.2412726469288555,0.2624834290764472,0.24569155987627045
0.2621145374449339,0.24185022026431718,0.25462555066079295,0.24140969162995596
0.2542147293700089,0.24134871339840283,0.25687666370896184,0.24755989352262645
0.25405168637757336,0.24310118265440211,0.2566798072711345,0.24616732369689007
0.25208974923009236,0.24637043554773427,0.25252969643642764,0.24901011878574572
0.2481335090030742,0.24593763724198506,0.25252525252525254,0.2534036012296882
0.24814329401485366,0.2415902140672783,0.254259501965924,0.2560069899519441
0.2475685234305924,0.23607427055702918,0.259946949602122,0.2564102564102564
0.24846625766871167,0.23093777388255915,0.2633654688869413,0.2572304995617879
0.24978127734033245,0.23753280839895013,0.2615923009623797,0.2510936132983377
0.2481335090030742,0.23715415019762845,0.2595520421607378,0.2551602986385595
0.25066079295154187,0.2365638766519824,0.25859030837004404,0.25418502202643173
0.24956140350877193,0.2355263157894737,0.2578947368421053,0.25701754385964914
0.25364560318161733,0.23773751657092354,0.2540874944763588,0.2545293857711003
0.2531812198332602,0.2378236068451075,0.2549363756033348,0.2540587977182975
0.2567269519188355,0.24217026907807676,0.24878694309660343,0.2523158359064843
0.26807760141093473,0.23412698412698413,0.24779541446208111,0.25
0.2568523430592396,0.23651635720601238,0.2484526967285588,0.2581786030061892
0.2632714717306862,0.2326283987915408,0.24600776866637894,0.25809236081139403
0.26866990720282813,0.23199292973928415,0.24524966858152894,0.2540874944763588
0.26542387927208166,0.2339103417665335,0.2467820683533067,0.25388371060807813
0.26816380449141347,0.23866138265081463,0.25055041831792163,0.2426243945398503
0.2718150087260035,0.2356020942408377,0.25087260034904013,0.24171029668411867
0.2662852112676056,0.23987676056338028,0.24867957746478872,0.24515845070422534
0.2614578786556089,0.24312527280663465,0.24574421649934527,0.24967263203841117
0.26322751322751325,0.24338624338624337,0.2517636684303351,0.24162257495590828
0.2645620275678079,0.2352156514006225,0.2565584704313028,0.2436638506002668
0.269757174392936,0.23532008830022075,0.2520971302428256,0.24282560706401765
0.2662801070472792,0.23773416592328278,0.24933095450490633,0.24665477252453166
0.2656181738750546,0.23940585408475318,0.24989078200087375,0.24508519003931847
0.26722987994664293,0.23388172521120498,0.25255669186305024,0.2463317029791018
0.26746242263483644,0.23342175066312998,0.2524314765694076,0.246684350132626
0.26948480845442535,0.23645970937912814,0.2509907529722589,0.2430647291941876
0.27566622979467015,0.236347750109218,0.24595893403232852,0.24202708606378331
0.2675496688741722,0.23576158940397351,0.24900662251655628,0.247682119205298
0.2740150509074812,0.23638778220451528,0.2478972996901284,0.24169986719787517
0.27060379021595415,0.23490524460114587,0.25165271044513,0.24283825473776993
0.2672831351827389,0.2426243945398503,0.25011008366358434,0.2399823866138265
0.26519823788546254,0.24008810572687225,0.2511013215859031,0.24361233480176211
0.26409366869037293,0.24414570685169124,0.2554206418039896,0.23633998265394623
0.2647317502198769,0.24494283201407213,0.2515391380826737,0.23878627968337732
0.26522506619594,0.2418358340688438,0.24801412180052956,0.24492497793468668
0.26096491228070173,0.24780701754385964,0.24780701754385964,0.24342105263157895
0.2610989010989011,0.24527472527472527,0.24923076923076923,0.2443956043956044
0.2667852378835038,0.24722098710538018,0.2463317029791018,0.23966207203201423
0.26803672933974637,0.2409269785745518,0.24967205946655008,0.24136423261915171
0.27717154081187256,0.23352247926669575,0.24967263203841117,0.23963334788302051
0.27845884413309985,0.2351138353765324,0.2456217162872154,0.24080560420315236
0.27900797165633306,0.22984942426926483,0.2462356067316209,0.24490699734278124
0.27268741779921085,0.23191582639193337,0.24682156948706707,0.24857518632178868
0.2741652021089631,0.23637961335676624,0.2438488576449912,0.24560632688927944
0.2729693741677763,0.23213493120284065,0.24456280514869064,0.25033288948069243
0.27548330404217924,0.23374340949033393,0.24428822495606328,0.24648506151142355
0.2687417799210872,0.2345462516440158,0.2503288031565103,0.24638316527838666
0.2722100656455142,0.23282275711159736,0.24682713347921226,0.24814004376367615
0.26710526315789473,0.2307017543859649,0.25043859649122807,0.2517543859649123
0.2734065934065934,0.23296703296703297,0.24307692307692308,0.25054945054945055
0.27731824118415327,0.22725293861558554,0.24640835872877667,0.24902046147148454
0.2776066871975363,0.23053233611966564,0.24769027716674,0.24417069951605808
0.2804395604395604,0.22637362637362637,0.24571428571428572,0.24747252747252746
0.28197158081705154,0.22202486678507993,0.25,0.24600355239786856
0.28138718173836696,0.22870939420544337,0.2467076382791923,0.24319578577699735
0.27883340698188247,0.23066725585505965,0.2403888643393725,0.25011047282368537
0.2791922739244952,0.23134328358208955,0.2344161545215101,0.2550482879719052
0.2834960070984916,0.22626441881100265,0.22981366459627328,0.2604259094942325
0.2860252503265128,0.22594688724423162,0.239007400957771,0.24902046147148454
0.287598944591029,0.22735268249780125,0.23834652594547054,0.24670184696569922
0.2889969067609368,0.22624834290764473,0.23022536456031817,0.2545293857711003
0.2892416225749559,0.22883597883597884,0.2292768959435626,0.2526455026455027
0.2920704845814978,0.22687224669603523,0.23348017621145375,0.2475770925110132
0.2919418758256275,0.22192866578599735,0.23690004403346543,0.24922941435490972
0.29770318021201414,0.22393992932862192,0.2332155477031802,0.24514134275618374
0.2956636005256242,0.22251423565484013,0.23740692071835304,0.24441524310118265
0.29573712255772644,0.2202486678507993,0.24067495559502664,0.2433392539964476
0.29177602799650043,0.2174103237095363,0.2458442694663167,0.24496937882764655
0.2895204262877442,0.22646536412078153,0.2353463587921847,0.24866785079928952
0.29726148409893993,0.21333922261484098,0.23763250883392226,0.25176678445229683
0.29179464677490125,0.21017990346643264,0.23826239578762615,0.25976305397103994
0.2955536181342633,0.2031386224934612,0.24585876198779424,0.25544899738448124
0.2933974639265413,0.20376038478355923,0.2479230432881504,0.254919108001749
0.28293545534924847,0.21087533156498675,0.2427055702917772,0.2634836427939876
0.28715034965034963,0.21328671328671328,0.23863636363636365,0.26092657342657344
0.2892998678996037,0.21400264200792601,0.23690004403346543,0.25979744605900484
0.28190559440559443,0.2159090909090909,0.23863636363636365,0.26354895104895104
0.2755281690140845,0.21963028169014084,0.2425176056338028,0.2623239436619718
0.2821869488536155,0.22001763668430335,0.23941798941798942,0.2583774250440917
0.2835164835164835,0.2123076923076923,0.24395604395604395,0.2602197802197802
0.28345765686704694,0.2180781044317683,0.24177270732777534,0.2566915313734094
0.2766798418972332,0.2178304787000439,0.2481335090030742,0.25735617039964864
0.2762114537444934,0.21938325991189428,0.24581497797356827,0.25859030837004404
0.2828104286345559,0.21652673442333187,0.24436588599204595,0.25629695095006627
0.2833186231244484,0.21844660194174756,0.2383053839364519,0.2599293909973522
0.2829094154395359,0.21642124051762607,0.24364123159303883,0.2570281124497992
0.2835820895522388,0.21949078138718173,0.2370500438981563,0.2598770851624232
0.2860290877038343,0.21903922432789774,0.23446452181577787,0.2604671661524901
0.2847069193477303,0.22300572939620977,0.2362274129572499,0.2560599382988101
0.28227571115973743,0.2210065645514223,0.23413566739606126,0.26258205689277897
0.28253275109170306,0.21222707423580786,0.23799126637554585,0.26724890829694326
0.2841458058849363,0.21256038647342995,0.24022837066315328,0.26306543697848045
0.2835164835164835,0.21714285714285714,0.2408791208791209,0.25846153846153846
0.28824049513704686,0.21308576480990274,0.23563218390804597,0.2630415561450044
0.2909011373578303,0.21128608923884515,0.23140857392825898,0.2664041994750656
0.29354980254497587,0.21193505923650724,0.23211935059236508,0.26239578762615184
0.2923485183547103,0.21318000884564353,0.22644847412649272,0.2680229986731535
0.2915929203539823,0.22123893805309736,0.22256637168141594,0.2646017699115044
0.2968197879858657,0.22084805653710246,0.22217314487632508,0.26015901060070673
0.29491673970201576,0.22611744084136723,0.22655565293602103,0.25241016652059595
0.29494505494505496,0.22593406593406593,0.22593406593406593,0.2531868131868132
0.2906208718626156,0.22413033905768384,0.22589167767503301,0.25935711140466755
0.28433098591549294,0.22535211267605634,0.230193661971831,0.2601232394366197
0.27829150154117127,0.2311756935270806,0.22589167767503301,0.2646411272567151
0.2822902796271638,0.2237017310252996,0.22769640479360853,0.2663115845539281
0.27444933920704845,0.22378854625550662,0.23259911894273128,0.2691629955947137
0.28167770419426047,0.21677704194260486,0.2269315673289183,0.27461368653421636
0.28214285714285714,0.22098214285714285,0.22410714285714287,0.2727678571428571
0.27661469933184857,0.22494432071269488,0.22316258351893095,0.27527839643652563
0.2759226713532513,0.22231985940246046,0.22451669595782073,0.2772407732864675
0.2700087950747581,0.22031662269129287,0.22911169744942833,0.2805628847845207
0.26513477684489617,0.22536456031816174,0.2200618647812638,0.2894387980556783
0.26517857142857143,0.2200892857142857,0.22321428571428573,0.29151785714285716
0.2635522256500661,0.2243278977523138,0.22080211546936976,0.2913177611282503
0.2553846153846154,0.22637362637362637,0.22285714285714286,0.2953846153846154
0.2602018429135586,0.22114962702939886,0.22378236068451074,0.2948661693725318
0.25384277558190604,0.22837066315327184,0.2204655248133509,0.29732103645147123
0.2562988705473501,0.22719374456993918,0.2215464813205908,0.2949609035621199
0.25428194993412384,0.22485726833552921,0.2274923144488362,0.2933684672815108
0.2539752650176678,0.21952296819787986,0.22703180212014135,0.299469964664311
0.2521083000443853,0.21748779405237462,0.2339103417665335,0.29649356413670663
0.25387682764731945,0.2153300841825432,0.23349579087284006,0.2972972972972973
0.2561511423550088,0.2139718804920914,0.23637961335676624,0.29349736379613356
0.25616197183098594,0.21346830985915494,0.23503521126760563,0.2953345070422535
0.25474613686534214,0.21810154525386313,0.2335540838852097,0.293598233995585
