C,D,Oc,Od
0.0,0.0,1.0,0.0
0.0,0.0,0.6666666666666666,0.3333333333333333
0.0,0.0,0.8181818181818182,0.18181818181818182
0.0,0.0,0.7894736842105263,0.21052631578947367
0.06060606060606061,0.0,0.7575757575757576,0.18181818181818182
0.07272727272727272,0.0,0.7090909090909091,0.21818181818181817
0.08433734939759036,0.0,0.6987951807228916,0.21686746987951808
0.10655737704918032,0.0,0.6639344262295082,0.22950819672131148
0.11299435028248588,0.0,0.6384180790960452,0.24858757062146894
0.09361702127659574,0.0,0.6382978723404256,0.2680851063829787
0.09,0.0033333333333333335,0.63,0.27666666666666667
0.07427055702917772,0.010610079575596816,0.6153846153846154,0.29973474801061006
0.07142857142857142,0.0063025210084033615,0.5987394957983193,0.3235294117647059
0.077834179357022,0.005076142131979695,0.5972927241962775,0.3197969543147208
0.0782122905027933,0.009776536312849162,0.5754189944134078,0.3365921787709497
0.08888888888888889,0.01871345029239766,0.5391812865497077,0.3532163742690059
0.09880239520958084,0.0249500998003992,0.5429141716566867,0.3333333333333333
0.11025641025641025,0.03076923076923077,0.5316239316239316,0.32735042735042735
0.12027231467473525,0.03328290468986384,0.5113464447806354,0.3350983358547655
0.12790697674418605,0.04035567715458276,0.5027359781121751,0.3290013679890561
0.13495024875621892,0.05286069651741294,0.48258706467661694,0.32960199004975127
0.13699421965317918,0.06647398843930635,0.47109826589595377,0.32543352601156067
0.14223669923995658,0.07654723127035831,0.4571118349619978,0.3241042345276873
0.1435161455663762,0.08508457201435161,0.4531009738595592,0.318298308559713
0.14599609375,0.0908203125,0.4423828125,0.32080078125
0.14744801512287334,0.09593572778827977,0.43525519848771266,0.32136105860113423
0.15328132170720515,0.09591555759522717,0.4286369894446994,0.3221661312528683
0.15047446904654316,0.09941256213285134,0.42069588793492996,0.32941708088567556
0.14362176628010706,0.10124888492417485,0.41480820695807313,0.34032114183764495
0.1456396635679504,0.10225763612217796,0.4205400619743249,0.3315626383355467
0.14241348713398402,0.10559006211180125,0.417036379769299,0.3349600709849157
0.14814814814814814,0.10361552028218694,0.42151675485008816,0.32671957671957674
0.1525873507297656,0.10128261831048209,0.4179566563467492,0.3281733746130031
0.14945054945054945,0.10197802197802198,0.4189010989010989,0.32967032967032966
0.15405046480743692,0.10624169986719788,0.4161133244798583,0.3235945108455069
0.1529255319148936,0.1077127659574468,0.42109929078014185,0.3182624113475177
0.15435356200527706,0.11125769569041337,0.41996481970096744,0.3144239226033421
0.15213600697471666,0.11203138622493461,0.4176111595466434,0.3182214472537053
0.15458937198067632,0.11242863416776461,0.41545893719806765,0.31752305665349145
0.15828924162257496,0.10934744268077601,0.41887125220458554,0.3134920634920635
0.15994741454864153,0.11437335670464505,0.41060473269062225,0.31507449605609117
0.1599823710885853,0.11943587483472895,0.40370207139709124,0.31687968267959454
0.1658579620644023,0.11777679752977503,0.39964711071901193,0.3167181296868108
0.16301920500223313,0.12103617686467173,0.4010719071013846,0.3148727110317106
0.16941789748045177,0.11685490877497828,0.4000868809730669,0.31364031277150306
0.16571928290336685,0.1215566243987757,0.40227372103191955,0.3104503716659379
0.17358657243816256,0.11837455830388692,0.40636042402826855,0.30167844522968196
0.18230088495575222,0.11946902654867257,0.39557522123893807,0.30265486725663715
0.18233743409490333,0.12170474516695957,0.3989455184534271,0.29701230228471004
0.18440648269820412,0.12264564169951818,0.39903635567236095,0.29391151992991676
0.1867790594498669,0.12111801242236025,0.39707187222715173,0.2950310559006211
0.19240953221535745,0.12003530450132392,0.3909973521624007,0.2965578111209179
0.19825327510917032,0.12096069868995633,0.38471615720524016,0.2960698689956332
0.19638925583443417,0.1202113606340819,0.3844121532364597,0.2989872302950242
0.19726992514310876,0.1206516952884192,0.37868780273007485,0.3033905768383972
0.19490781387181738,0.12554872695346794,0.3762071992976295,0.3033362598770852
0.19283502874834144,0.13135780628040689,0.37947810703228657,0.2963290579389651
0.19772528433945757,0.12817147856517935,0.3731408573928259,0.3009623797025372
0.19601769911504424,0.12256637168141593,0.37743362831858407,0.30398230088495576
0.1863217886891714,0.12757562472599737,0.37702761946514685,0.30907496711968435
0.1966341895482728,0.12843224092116917,0.3720106288751107,0.3029229406554473
0.18813186813186814,0.12923076923076923,0.3731868131868132,0.30945054945054945
0.1872791519434629,0.127208480565371,0.37323321554770317,0.3122791519434629
0.1892605633802817,0.12455985915492958,0.37411971830985913,0.31205985915492956
0.18623124448367168,0.12886142983230361,0.3715798764342454,0.31332744924977934
0.19110523998238663,0.12857771906649054,0.36988110964332893,0.3104359313077939
0.19049714034315882,0.12846458424989002,0.37263528376594807,0.3084029916410031
0.19587176108915239,0.12604303908651734,0.36978480456741325,0.308300395256917
0.19620811287477954,0.12433862433862433,0.36155202821869487,0.31790123456790126
0.1980591089545655,0.12262902514336127,0.35641817379797086,0.32289369210410235
0.19807186678352323,0.1200701139351446,0.35977212971078004,0.3220858895705521
0.19576719576719576,0.12037037037037036,0.3619929453262787,0.3218694885361552
0.1977001326846528,0.1167624944714728,0.35559486952675806,0.32994250331711633
0.20314547837483618,0.11795543905635648,0.3503713411970293,0.3285277413717781
0.1970899470899471,0.12081128747795414,0.3527336860670194,0.32936507936507936
0.20017754105636928,0.12250332889480692,0.343098091433644,0.33422103861517977
0.20603907637655416,0.11989342806394317,0.3370337477797513,0.3370337477797513
0.20334507042253522,0.12147887323943662,0.34463028169014087,0.3305457746478873
0.20831490490933216,0.1167624944714728,0.34011499336576734,0.3348076072534277
0.2040636042402827,0.12102473498233215,0.33568904593639576,0.3392226148409894
0.20593445527015058,0.11514614703277236,0.34189548272807796,0.33702391496899914
0.20320142285460205,0.12094264117385504,0.3414851044908848,0.33437083148065805
0.20306345733041575,0.1212253829321663,0.33916849015317285,0.33654266958424506
0.20513937282229966,0.12020905923344948,0.3362369337979094,0.3384146341463415
0.20650263620386644,0.12038664323374342,0.3413884007029877,0.3317223198594025
0.2032772364924712,0.12356067316209035,0.34720992028343667,0.3259521700620018
0.20646876384581303,0.12051395657953035,0.34249003101462117,0.33052724856003546
0.205607476635514,0.12550066755674233,0.3484646194926569,0.3204272363150868
0.20641194554238032,0.12692138779095302,0.34299516908212563,0.32367149758454106
0.20463664734730272,0.12884529647793133,0.34774855104770397,0.318769505127062
0.20985481742190937,0.13066432028156622,0.3409590849098108,0.3185217773867136
0.21346830985915494,0.1311619718309859,0.3301056338028169,0.32526408450704225
0.21595416483032173,0.13309828118113706,0.3323049801674747,0.31864257382106653
0.21187943262411346,0.13031914893617022,0.33156028368794327,0.3262411347517731
0.21494913754975675,0.13047324192835028,0.32109685979655017,0.3334807607253428
0.21643109540636044,0.12632508833922262,0.31890459363957596,0.338339222614841
0.21947994711326577,0.12825033054208904,0.3124724548259145,0.33979726751873074
0.2185430463576159,0.13068432671081678,0.3090507726269316,0.34172185430463575
0.22232063773250665,0.12798937112488928,0.30558015943312666,0.3441098317094774
0.222663139329806,0.13051146384479717,0.3099647266313933,0.3368606701940035
0.22931338028169015,0.13336267605633803,0.3023767605633803,0.33494718309859156
0.2269722344645218,0.13089466725429705,0.3085059497576025,0.33362714852357866
0.23524189968930315,0.13226808699511763,0.29516200621393696,0.33732800710164224
0.23788350377945755,0.13606047132058693,0.2947976878612717,0.33125833703868385
0.24033391915641475,0.13488576449912126,0.29569420035149385,0.3290861159929701
0.24422735346358793,0.1341030195381883,0.29040852575488457,0.33126110124333924
0.23726599912929908,0.1388767958206356,0.2895080539834567,0.3343491510666086
0.23857644991212654,0.14455184534270651,0.28031634446397186,0.3365553602811951
0.24227714033539277,0.14827890556045895,0.2833186231244484,0.3261253309796999
0.2404274265360641,0.15138023152270705,0.2871772039180766,0.3210151380231523
0.24615384615384617,0.1476923076923077,0.2813186813186813,0.32483516483516484
0.23654015887025595,0.15798764342453664,0.28773168578993824,0.3177405119152692
0.23751095530236635,0.15994741454864153,0.28659070990359337,0.3159509202453988
0.24049513704686118,0.16180371352785147,0.2807250221043324,0.3169761273209549
0.23506151142355008,0.16695957820738136,0.28251318101933215,0.3154657293497364
0.23121387283236994,0.1627389951089373,0.2876834148510449,0.31836371720764783
0.23371478873239437,0.1681338028169014,0.28036971830985913,0.31778169014084506
0.23282275711159736,0.16849015317286653,0.2849015317286652,0.3137855579868709
0.2352168199737188,0.1721419185282523,0.2759526938239159,0.316688567674113
0.2359699513919576,0.17101193106495802,0.28546177640300485,0.3075563411400795
0.23809523809523808,0.1728395061728395,0.2848324514991182,0.30423280423280424
0.2401766004415011,0.17350993377483442,0.27991169977924946,0.306401766004415
0.23529411764705882,0.17160548429898276,0.2905793896505971,0.3025210084033613
0.23103901797457255,0.17229285401139852,0.28803156510302497,0.30863656291100394
0.22546881814217182,0.17618839947666812,0.2830353249018753,0.3153074574792848
0.22695346795434593,0.17822651448639157,0.2848990342405619,0.3099209833187006
0.22774869109947643,0.17582897033158812,0.2857766143106457,0.3106457242582897
0.2251216275984078,0.17647058823529413,0.29102167182662536,0.3073861123396727
0.2214442013129103,0.1785557986870897,0.28796498905908097,0.312035010940919
0.21727633318642575,0.17761128250330543,0.2908770383428823,0.3142353459673865
0.21666666666666667,0.181140350877193,0.2894736842105263,0.312719298245614
0.21318681318681318,0.18021978021978022,0.2936263736263736,0.312967032967033
0.21106194690265487,0.18097345132743362,0.2973451327433628,0.3106194690265487
0.20496894409937888,0.1823425022182786,0.30124223602484473,0.3114463176574978
0.20280332895313186,0.18265440210249673,0.2996057818659658,0.3149364870784056
0.20142285460204534,0.18008003557136504,0.30057803468208094,0.3179190751445087
0.20430579964850615,0.1827768014059754,0.30008787346221444,0.31282952548330406
0.20969162995594715,0.18590308370044054,0.30088105726872244,0.30352422907488985
0.21541850220264316,0.17797356828193833,0.30352422907488985,0.3030837004405286
0.2198768689533861,0.17941952506596306,0.29771328056288476,0.30299032541776605
0.2161925601750547,0.17768052516411378,0.3041575492341357,0.30196936542669583
0.213215859030837,0.1814977973568282,0.29691629955947135,0.30837004405286345
0.21089324618736383,0.18169934640522875,0.29411764705882354,0.31328976034858386
0.20835184362505554,0.18836072856508218,0.29720124389160374,0.30608618391825854
0.20347826086956522,0.1882608695652174,0.2991304347826087,0.3091304347826087
0.20262582056892778,0.1824945295404814,0.30328227571115973,0.31159737417943106
0.19693654266958424,0.18599562363238512,0.3037199124726477,0.3133479212253829
0.1886214442013129,0.18687089715536104,0.3050328227571116,0.31947483588621445
0.18879576532862816,0.1879135421261579,0.29863255403617117,0.3246581385090428
0.1902869757174393,0.18719646799116998,0.29668874172185433,0.3258278145695364
0.19525065963060687,0.1868953386103782,0.29463500439753737,0.3232189973614776
0.19586267605633803,0.1892605633802817,0.29005281690140844,0.3248239436619718
0.1951113051069402,0.18376254910519424,0.29070274989087735,0.3304233958969882
0.19035087719298247,0.1881578947368421,0.28728070175438597,0.33421052631578946
0.19654714475431606,0.18857901726427623,0.28375387339530767,0.33111996458610005
0.19938107869142352,0.1883289124668435,0.2807250221043324,0.33156498673740054
0.1992960844698636,0.18653761548614167,0.28156621205455346,0.33260008798944124
0.2006980802792321,0.18411867364746945,0.2805410122164049,0.33464223385689357
0.20290492957746478,0.18441901408450703,0.2777288732394366,0.33494718309859156
0.19991193306913255,0.18450022016732717,0.2796125055041832,0.33597534125935713
0.20238621299160406,0.1855943437914273,0.276623950508175,0.33539549270879365
0.1978165938864629,0.18253275109170305,0.2812227074235808,0.3384279475982533
0.19973603167619886,0.18081830180378355,0.2842058952925649,0.3352397712274527
0.1969298245614035,0.18157894736842106,0.28114035087719297,0.34035087719298246
0.19635717458907154,0.18214127054642382,0.2816525988449578,0.33984895601954684
0.196,0.17733333333333334,0.28844444444444445,0.3382222222222222
0.19337748344370861,0.17836644591611478,0.28167770419426047,0.3465783664459161
0.19349164467897978,0.18073878627968337,0.28232189973614774,0.3434476693051891
0.19894829097283084,0.1796669588080631,0.2787028921998247,0.3426818580192813
0.1983178397521027,0.17574147853032315,0.28463922089420096,0.34130146082337315
0.19938107869142352,0.1812555260831123,0.2838196286472148,0.33554376657824936
0.20272049144361562,0.1790258885476086,0.27906976744186046,0.3391838525669153
0.20881057268722467,0.17973568281938326,0.27709251101321586,0.3343612334801762
0.208479020979021,0.18444055944055945,0.2714160839160839,0.3356643356643357
0.2105726872246696,0.18590308370044054,0.26784140969162995,0.3356828193832599
0.21549421193232413,0.1803205699020481,0.27025823686553874,0.333926981300089
0.22012302284710017,0.18145869947275922,0.2649384885764499,0.3334797891036907
0.21704745166959577,0.18321616871704746,0.26845342706502634,0.3312829525483304
0.22378236068451074,0.18034225537516455,0.2606406318560772,0.33523475208424747
0.2225177304964539,0.18439716312056736,0.2566489361702128,0.33643617021276595
0.22173723264949805,0.1815800960279354,0.25316455696202533,0.34351811436054125
0.21441202475685234,0.1825817860300619,0.2502210433244916,0.35278514588859416
0.21898454746136867,0.18410596026490067,0.24900662251655628,0.3479028697571744
0.22125054656755574,0.18320944468736336,0.24529951902055094,0.3502404897245299
0.22611744084136723,0.18536371603856266,0.24452234881682736,0.34399649430324275
0.22577816747040771,0.19158263919333626,0.235861464270057,0.346777729066199
0.2149122807017544,0.193859649122807,0.24605263157894736,0.34517543859649125
0.21973684210526315,0.1899122807017544,0.24210526315789474,0.3482456140350877
0.21916010498687663,0.19510061242344706,0.23665791776027997,0.34908136482939633
0.22026431718061673,0.1960352422907489,0.24140969162995596,0.3422907488986784
0.22114962702939886,0.1961386573058359,0.2387011847301448,0.3440105309346205
0.21781305114638447,0.19797178130511464,0.24514991181657847,0.3390652557319224
0.21409574468085107,0.19680851063829788,0.24689716312056736,0.3421985815602837
0.22037603847835593,0.1880192391779624,0.2505465675557499,0.3410581547879318
0.2161446846052051,0.18659020732245257,0.25319805910895454,0.34406704896338774
0.22125054656755574,0.1810231744643638,0.24879755137735024,0.34892872759073024
0.22104332449160036,0.1865605658709107,0.2440318302387268,0.34836427939876213
0.2198332602018429,0.18648530057042562,0.24528301886792453,0.34839842035980695
0.220479302832244,0.1934640522875817,0.23790849673202613,0.34814814814814815
0.22309368191721132,0.1925925925925926,0.2374727668845316,0.3468409586056645
0.2252410166520596,0.1901840490797546,0.23356704645048204,0.35100788781770376
0.21905179982440737,0.19622475856014046,0.237928007023705,0.34679543459174716
0.21899736147757257,0.19744942832014073,0.23350923482849603,0.3500439753737907
0.21488331131660063,0.19726992514310876,0.22985468956406868,0.3579920739762219
0.21775618374558303,0.20229681978798586,0.22791519434628976,0.35203180212014135
0.21961997348652232,0.2072470172337605,0.22580645161290322,0.347326557666814
0.22096069868995633,0.21004366812227074,0.22227074235807862,0.3467248908296943
0.22669584245076588,0.20350109409190373,0.2236323851203501,0.3461706783369803
0.22679509632224168,0.20359019264448336,0.22066549912434325,0.3489492119089317
0.22582076308784382,0.21339840283939662,0.22138420585625554,0.339396628216504
0.22725274725274724,0.20967032967032967,0.21934065934065933,0.34373626373626376
0.22583479789103691,0.21045694200351495,0.21660808435852372,0.3471001757469244
0.22168356104010578,0.20802115469369767,0.22212428382547378,0.3481710004407228
0.22860903905221588,0.20052654673102238,0.21632294866169371,0.354541465555068
0.22678571428571428,0.2,0.2174107142857143,0.35580357142857144
0.22968197879858657,0.20097173144876326,0.22173144876325088,0.3476148409893993
0.23053233611966564,0.19885613726352838,0.22173339199296085,0.34887813462384515
0.22998673153471916,0.19858469703670942,0.22158337019018134,0.3498452012383901
0.22898423817863398,0.1978984238178634,0.22416812609457093,0.3489492119089317
0.225764192139738,0.19956331877729258,0.2240174672489083,0.3506550218340611
0.23093971631205673,0.19858156028368795,0.22695035460992907,0.34352836879432624
0.23022847100175747,0.20518453427065025,0.22539543057996486,0.3391915641476274
0.22419140451927339,0.20691182986264953,0.22906513070447496,0.33983163491360213
0.21954425942156003,0.20639789658194566,0.23488168273444346,0.33917616126205086
0.22448077772867875,0.20282810428634557,0.23552806009721608,0.33716305788775963
0.2254259501965924,0.20270860637833116,0.24027959807776322,0.3315858453473132
0.22153846153846155,0.20175824175824175,0.24395604395604395,0.33274725274725275
0.22373626373626374,0.2021978021978022,0.24351648351648353,0.33054945054945056
0.2273924495171203,0.1971027216856892,0.24495171202809482,0.3305531167690957
0.22344161545215102,0.1922739244951712,0.24495171202809482,0.33933274802458296
0.22513321492007105,0.18872113676731794,0.24422735346358793,0.3419182948490231
0.2218804920913884,0.19200351493848858,0.2438488576449912,0.3422671353251318
0.22663139329805995,0.18783068783068782,0.2482363315696649,0.3373015873015873
0.23259911894273128,0.18061674008810572,0.24801762114537446,0.3387665198237885
0.22168141592920354,0.1836283185840708,0.25088495575221237,0.3438053097345133
0.22727272727272727,0.18358340688437777,0.2511032656663725,0.3380406001765225
0.2259636685866194,0.18165706690296854,0.2472308373947718,0.34514842711564026
0.21647677475898336,0.18492550394390886,0.2462751971954426,0.3523225241016652
0.21603856266432953,0.18536371603856266,0.2432077125328659,0.35539000876424187
0.21613327487943884,0.18149934239368698,0.2498903989478299,0.3524769837790443
0.21511111111111111,0.1831111111111111,0.24666666666666667,0.3551111111111111
0.21195894689870592,0.1856314145470772,0.24497991967871485,0.357429718875502
0.21760283060592658,0.18000884564352057,0.24546660769570985,0.35692171605484296
0.21742957746478872,0.17341549295774647,0.24075704225352113,0.3683978873239437
0.21639488761568973,0.17628911414720141,0.24107536359629794,0.3662406346408109
0.22291296625222023,0.17273534635879217,0.23712255772646537,0.3672291296625222
0.22266139657444006,0.1712779973649539,0.23671497584541062,0.36934563021519545
0.22227112676056338,0.1742957746478873,0.2367957746478873,0.366637323943662
0.22227112676056338,0.17473591549295775,0.24031690140845072,0.3626760563380282
0.22638223770134958,0.17501088376142795,0.23421854592947322,0.3643883326077492
0.2263064658990257,0.1744906997342781,0.23604960141718334,0.36315323294951285
0.23296703296703297,0.17758241758241758,0.22725274725274724,0.3621978021978022
0.231712658782304,0.1747700394218134,0.22251423565484013,0.3710030661410425
0.233392382639504,0.1753764393268379,0.224977856510186,0.3662533215234721
0.232773851590106,0.16696113074204946,0.2248233215547703,0.3754416961130742
0.23381770145310435,0.17040951122853368,0.22545134302069572,0.3703214442976662
0.23238512035010941,0.17549234135667396,0.22669584245076588,0.36542669584245074
0.23237250554323724,0.17694013303769401,0.21906873614190686,0.3716186252771619
0.2356043956043956,0.17978021978021977,0.21978021978021978,0.3648351648351648
0.23498233215547704,0.17800353356890458,0.21775618374558303,0.36925795053003535
0.24163732394366197,0.1795774647887324,0.21830985915492956,0.36047535211267606
0.24395604395604395,0.1810989010989011,0.21670329670329672,0.35824175824175825
0.24318381706244502,0.18117854001759015,0.2167985927880387,0.35883905013192613
0.2432195975503062,0.17979002624671916,0.21872265966754156,0.35826771653543305
0.24723573639982308,0.17956656346749225,0.21229544449358692,0.3609022556390977
0.25021987686895336,0.17458223394898856,0.21767810026385223,0.3575197889182058
0.24575902566333188,0.1722488038277512,0.21792083514571553,0.3640713353632014
0.24769433465085638,0.1725955204216074,0.21651295564339043,0.3631971892841458
0.25252969643642764,0.1680598328200616,0.21293444786625604,0.3664760228772547
0.24625550660792953,0.16740088105726872,0.21585903083700442,0.37048458149779734
0.2546419098143236,0.16489832007073385,0.21087533156498675,0.3695844385499558
0.25739514348785875,0.16467991169977925,0.21456953642384105,0.363355408388521
0.25852146967684814,0.16334661354581673,0.21381142098273573,0.36432049579459935
0.2632281013783904,0.164517563361494,0.2089817696754113,0.36327256558470433
0.25799386771791505,0.1651335961454227,0.2102496714848883,0.36662286465177396
0.25495376486129456,0.16424482606781154,0.21136063408190225,0.36944077498899164
0.2590149516270888,0.16490765171503957,0.20800351802990324,0.36807387862796836
0.2583479789103691,0.16212653778558875,0.20650263620386644,0.37302284710017575
0.26613965744400525,0.15942028985507245,0.2059727711901625,0.36846728151075975
0.26514486391571557,0.1611062335381914,0.20763827919227393,0.36611062335381916
0.2624175824175824,0.16175824175824177,0.2087912087912088,0.367032967032967
0.2581786030061892,0.16401414677276746,0.21308576480990274,0.3647214854111406
0.2567032967032967,0.16791208791208792,0.21362637362637363,0.3617582417582418
0.26525198938992045,0.16047745358090185,0.21308576480990274,0.36118479221927496
0.2590120160213618,0.16332888295505119,0.21895861148197596,0.35870048954161105
0.25738210665491407,0.16394887615689732,0.21947994711326577,0.3591890700749229
0.2669287898645697,0.16863259065093927,0.21013543031891654,0.35430318916557446
0.26570048309178745,0.16644707949055776,0.2116820377689943,0.35617039964866054
0.27017543859649124,0.1692982456140351,0.21228070175438596,0.3482456140350877
0.27399650959860383,0.16753926701570682,0.21291448516579406,0.34554973821989526
0.26784140969162995,0.1682819383259912,0.21674008810572687,0.347136563876652
0.272207563764292,0.1662269129287599,0.21240105540897097,0.3491644678979771
0.28021248339973437,0.16113324479858343,0.21027003098716246,0.3483842408145197
0.2871772039180766,0.1589492430988424,0.20881567230632236,0.3450578806767587
0.2792321116928447,0.16361256544502617,0.20855148342059338,0.3486038394415358
0.27831858407079646,0.16017699115044248,0.2084070796460177,0.3530973451327434
0.2771137671536078,0.15980522355024346,0.20938468348826914,0.3536963258078796
0.2768211920529801,0.15938189845474612,0.2097130242825607,0.354083885209713
0.27768014059753954,0.1594903339191564,0.2126537785588752,0.3501757469244288
0.274622892635315,0.1650399290150843,0.2160603371783496,0.3442768411712511
0.27802101576182137,0.1628721541155867,0.21628721541155868,0.3428196147110333
0.2799650043744532,0.16360454943132108,0.22134733158355205,0.3350831146106737
0.2781195079086116,0.1625659050966608,0.21836555360281196,0.3409490333919156
0.2804718217562254,0.16688510266491918,0.21494102228047182,0.3377020532983836
0.28307692307692306,0.16439560439560438,0.21318681318681318,0.3393406593406593
0.2853380158033363,0.16022827041264268,0.21949078138718173,0.3349429323968393
0.28045574057843997,0.16257668711656442,0.22129710780017528,0.33567046450482035
0.2780229479258605,0.16902030008826124,0.21932921447484555,0.33362753751103263
0.27493380406001766,0.17166813768755515,0.21888790820829657,0.33451015004413065
0.2741652021089631,0.17442882249560632,0.218804920913884,0.3326010544815466
0.2736098852603707,0.17166813768755515,0.22153574580759047,0.33318623124448365
0.2703768624014023,0.1765994741454864,0.21384750219106047,0.33917616126205086
0.2743556138051551,0.1743119266055046,0.21406727828746178,0.33726518130187855
0.27396657871591906,0.1759014951627089,0.21416007036059806,0.335971855760774
0.272,0.18444444444444444,0.2088888888888889,0.33466666666666667
0.2736888497135302,0.18510356985456147,0.20317320405464961,0.3380343763772587
0.2705829995549622,0.18958611481975968,0.20382732532265244,0.33600356030262574
0.26906222611744085,0.19193689745836984,0.20245398773006135,0.33654688869412797
0.2676678445229682,0.1965547703180212,0.19699646643109542,0.3387809187279152
0.2719683655536028,0.19727592267135324,0.18848857644991213,0.3422671353251318
0.2686300758589915,0.1999107541276216,0.18607764390896922,0.3453815261044177
0.2704126426690079,0.2019315188762072,0.18964003511852504,0.33801580333625986
0.2669603524229075,0.20044052863436124,0.1907488986784141,0.34185022026431716
0.2658504591167468,0.19938784433756013,0.1888937472671622,0.3458679492785308
0.2683246073298429,0.19982547993019198,0.18280977312390925,0.34904013961605584
0.264049955396967,0.20205173951828725,0.1886708296164139,0.3452274754683318
0.25253415601586604,0.20802115469369767,0.19303657999118554,0.34640810929925075
0.2550660792951542,0.21365638766519823,0.1894273127753304,0.34185022026431716
0.2489025460930641,0.21466198419666374,0.19139596136962247,0.34503950834064967
0.24519230769230768,0.21634615384615385,0.194493006993007,0.34396853146853146
0.24271844660194175,0.21359223300970873,0.19064430714916153,0.353045013239188
0.23744493392070484,0.21938325991189428,0.19647577092511012,0.34669603524229076
0.24310118265440211,0.21769601401664476,0.19754708716600963,0.3416557161629435
0.2444933920704846,0.21409691629955946,0.19559471365638767,0.3458149779735683
0.24473684210526317,0.21754385964912282,0.2,0.33771929824561403
0.24428822495606328,0.2148506151142355,0.19639718804920914,0.3444639718804921
0.24934383202099739,0.2125984251968504,0.19903762029746283,0.33902012248468943
0.24433797909407665,0.21254355400696864,0.20121951219512196,0.34189895470383275
0.24956293706293706,0.2097902097902098,0.20279720279720279,0.33784965034965037
0.24570673712021135,0.21092029942756496,0.2038749449581682,0.3394980184940555
0.24175824175824176,0.20835164835164835,0.20923076923076922,0.34065934065934067
0.2413186813186813,0.20483516483516484,0.21054945054945054,0.3432967032967033
0.24150110375275938,0.20397350993377483,0.2088300220750552,0.3456953642384106
0.23826239578762615,0.20579201404124617,0.2079859587538394,0.3479596314172883
0.24267968056787934,0.2067435669920142,0.20275066548358472,0.34782608695652173
0.2384076990376203,0.20384951881014873,0.2069116360454943,0.35083114610673666
0.23966578715919085,0.2088830255057168,0.19700967458223395,0.3544415127528584
0.23612334801762114,0.20616740088105726,0.19955947136563876,0.3581497797356828
0.23771929824561402,0.20394736842105263,0.2026315789473684,0.3557017543859649
0.23331860362350862,0.20592134334953602,0.20415377817057004,0.35660627485638535
0.23257839721254356,0.20862369337979095,0.1999128919860627,0.3588850174216028
0.2327209098862642,0.20559930008748906,0.1994750656167979,0.36220472440944884
0.23581560283687944,0.21054964539007093,0.20124113475177305,0.3523936170212766
0.24314765694076038,0.20557029177718833,0.20247568523430592,0.34880636604774534
0.23458445040214476,0.20017873100983022,0.20911528150134048,0.35612153708668454
0.2359451084550686,0.2058432934926959,0.20274457724656927,0.3554670208056662
0.2328159645232816,0.2031042128603104,0.2097560975609756,0.35432372505543236
0.23753280839895013,0.20384951881014873,0.20253718285214348,0.3560804899387577
0.23630742049469966,0.20053003533568906,0.20053003533568906,0.3626325088339223
0.23228346456692914,0.20341207349081364,0.2020997375328084,0.36220472440944884
0.2289532293986637,0.20623608017817371,0.20133630289532295,0.36347438752783967
0.23384615384615384,0.20043956043956043,0.19516483516483515,0.37054945054945054
0.2322921249450066,0.20369555653321603,0.18653761548614167,0.37747470303563574
0.23430592396109637,0.20557029177718833,0.1830238726790451,0.3770999115826702
0.23192239858906524,0.20502645502645503,0.18518518518518517,0.37786596119929455
0.2362274129572499,0.20802115469369767,0.18422212428382548,0.371529308065227
0.24067495559502664,0.2135879218472469,0.19094138543516873,0.35479573712255774
0.23809523809523808,0.21164021164021163,0.19268077601410935,0.3575837742504409
0.23550243470562196,0.21425409473218238,0.1921204072598495,0.35812306330234617
0.23922603342128407,0.21240105540897097,0.18997361477572558,0.35839929639401935
0.2385402759234535,0.2136181575433912,0.1882510013351135,0.35959056519804183
0.23746116289391922,0.21438082556591212,0.19485130936529071,0.3533067021748779
0.2379702537182852,0.21872265966754156,0.19203849518810148,0.35126859142607175
0.23767605633802816,0.22007042253521128,0.19190140845070422,0.3503521126760563
0.23774080560420316,0.21935201401050788,0.19527145359019266,0.3476357267950963
0.23383525243578387,0.21612046058458814,0.19619131975199292,0.3538529672276351
0.22729267222465993,0.21632294866169371,0.20096533567354102,0.35541904344010533
0.22782608695652173,0.21695652173913044,0.19826086956521738,0.35695652173913045
0.2322921249450066,0.2168939727232732,0.194456665200176,0.3563572371315442
0.23444347063978965,0.21384750219106047,0.2011393514460999,0.35056967572305
0.22295225580376699,0.21594393342093737,0.202365308804205,0.3587385019710907
0.2222713212549713,0.2138753866548829,0.20282810428634557,0.3610251878038003
0.2209456473707468,0.21078214759169245,0.20459566946531155,0.3636765355722492
0.22709163346613545,0.21602478972996902,0.20097388224878265,0.3559096945551129
0.2257495590828924,0.21296296296296297,0.2019400352733686,0.359347442680776
0.22955145118733508,0.21459982409850484,0.202726473175022,0.35312225153913807
0.2292768959435626,0.21428571428571427,0.1984126984126984,0.35802469135802467
0.22893692104102337,0.22055580061755625,0.19541243934715483,0.3550948389942655
0.23218997361477572,0.2198768689533861,0.1917326297273527,0.3562005277044855
0.2356828193832599,0.2211453744493392,0.18546255506607928,0.35770925110132157
0.23446452181577787,0.21859850154252974,0.19303657999118554,0.3539003966505068
0.23722149410222804,0.22105723023154217,0.18960244648318042,0.3521188291830494
0.23648351648351648,0.23032967032967033,0.1832967032967033,0.3498901098901099
0.2312087912087912,0.2320879120879121,0.181978021978022,0.3547252747252747
0.23359929078014185,0.2225177304964539,0.18971631205673758,0.3541666666666667
0.23305640577175338,0.2190642763445562,0.19239177962396153,0.3554875382597289
0.22761358623731803,0.2223202470224967,0.18967798853109838,0.3603881782090869
0.23653088042049936,0.21681997371879105,0.19491896627244854,0.3517301795882611
0.23490524460114587,0.21595416483032173,0.19127368884971352,0.35786690171881885
0.23678365171035096,0.21812527765437584,0.19324744557974233,0.35184362505553085
0.23630742049469966,0.22128975265017667,0.19478798586572438,0.3476148409893993
0.23851203501094093,0.21312910284463896,0.1938730853391685,0.3544857768052516
0.2466725820763088,0.21073646850044367,0.19032830523513752,0.35226264418811004
0.24494283201407213,0.2106420404573439,0.1917326297273527,0.3526824978012313
0.24844995571302037,0.21036315323294952,0.19530558015943314,0.345881310894597
0.2511032656663725,0.21270962047661077,0.19064430714916153,0.34554280670785525
0.2497773820124666,0.21282279608192342,0.18967052537845058,0.3477292965271594
0.24758983347940403,0.2107800175284838,0.19456617002629273,0.3470639789658195
0.24569155987627045,0.21166593018117544,0.19531595227574017,0.347326557666814
0.24868421052631579,0.21140350877192982,0.193859649122807,0.3460526315789474
0.24478935698447893,0.21108647450110865,0.1942350332594235,0.34988913525498894
0.24810690423162585,0.2178173719376392,0.19287305122494433,0.3412026726057906
0.2419850680720246,0.21695212999560826,0.19675010979358806,0.3443126921387791
0.24134871339840283,0.22138420585625554,0.19387755102040816,0.3433895297249335
0.23832599118942732,0.22555066079295155,0.18634361233480176,0.3497797356828194
0.2462686567164179,0.2177348551360843,0.18568920105355574,0.35030728709394204
0.24844444444444444,0.21555555555555556,0.18266666666666667,0.35333333333333333
0.24505059392872855,0.20853497580290364,0.1922569291684998,0.354157501099868
0.2448532632501095,0.20805957074025405,0.19185282522996058,0.35523434077967586
0.23683045595396193,0.2107127047366091,0.19698981850376274,0.3554670208056662
0.2434325744308231,0.20665499124343256,0.18957968476357268,0.36033274956217165
0.24684370918589466,0.20243796255986068,0.19416630387461906,0.3565520243796256
0.2515473032714412,0.20866489832007074,0.19230769230769232,0.34748010610079577
0.2512035010940919,0.20437636761487965,0.1951859956236324,0.3492341356673961
0.2511993022241605,0.20279110335804623,0.19188835586567815,0.35412123855211514
0.250780901383311,0.20258813029897368,0.19723337795626952,0.3493975903614458
0.24824868651488616,0.2084063047285464,0.19220665499124343,0.351138353765324
0.2532981530343008,0.20712401055408972,0.19832893579595426,0.3412489006156552
0.25695364238410595,0.2052980132450331,0.19602649006622516,0.34172185430463575
0.2513134851138354,0.20359019264448336,0.2040280210157618,0.3410683012259194
0.256816182937555,0.20184696569920843,0.20976253298153033,0.33157431838170626
0.25746924428822493,0.2047451669595782,0.20342706502636204,0.3343585237258348
0.26271561256081377,0.210968597965502,0.19725785050862452,0.3290579389650597
0.26565970679697914,0.20657485561972458,0.19546868058640604,0.33229675699689026
0.262652705061082,0.20767888307155322,0.19415357766143107,0.3355148342059337
0.26278968080454745,0.2055094009619589,0.1919545255793616,0.33974639265413203
0.2641509433962264,0.21061869240895129,0.18780166739798157,0.33742869679684073
0.27065026362038663,0.2060632688927944,0.19112478031634447,0.3321616871704745
0.27344782034346105,0.20783795684720388,0.19154557463672392,0.3271686481726112
0.27607361963190186,0.20508326029798424,0.18711656441717792,0.331726555652936
0.2705061082024433,0.21553228621291448,0.1880453752181501,0.32591623036649214
0.27758164165931154,0.2091791703442189,0.19020300088261252,0.323036187113857
0.27917217084984586,0.20871862615587847,0.18978423601937472,0.32232496697490093
0.2773658962058439,0.21238552115133014,0.19014391626689925,0.3201046663759267
0.2850838481906443,0.2091791703442189,0.1853486319505737,0.32038834951456313
0.2857771906649053,0.2051959489211801,0.18802289740202555,0.32100396301188905
0.2905944986690328,0.20896184560780834,0.1823425022182786,0.3181011535048802
0.28118113706478626,0.20405464962538564,0.18951079770824153,0.3252534156015866
0.28471309680245294,0.2067455102934735,0.1835304424003504,0.3250109505037232
0.29002217294900223,0.1982261640798226,0.1893569844789357,0.32239467849223946
0.28302712160979876,0.19772528433945757,0.19072615923009623,0.32852143482064744
0.2878521126760563,0.198943661971831,0.18794014084507044,0.32526408450704225
0.28962472406181017,0.19823399558498897,0.18675496688741722,0.32538631346578367
0.2902097902097902,0.19667832167832167,0.18181818181818182,0.3312937062937063
0.29414335664335667,0.20104895104895104,0.18181818181818182,0.32298951048951047
0.29845474613686535,0.1955849889624724,0.18233995584988963,0.3236203090507726
0.2947181535730138,0.18996893031513537,0.18908122503328895,0.3262316910785619
0.2974404236540159,0.19240953221535745,0.1884377758164166,0.32171226831421007
0.29396092362344584,0.19404973357015987,0.1869449378330373,0.325044404973357
0.29863855950812473,0.19675010979358806,0.18840579710144928,0.31620553359683795
0.2983156028368794,0.19326241134751773,0.18661347517730498,0.32180851063829785
0.29881526985519963,0.193505923650724,0.1943835015357613,0.31329530495831504
0.29964850615114236,0.19463971880492092,0.18804920913884007,0.31766256590509667
0.2994325621999127,0.19598428633784373,0.1907463989524225,0.313836752509821
0.29934065934065934,0.19648351648351647,0.19252747252747252,0.31164835164835164
0.3044434667839859,0.1957765068191817,0.1935767707875055,0.3062032556093269
0.2996469549867608,0.19991173874669022,0.18887908208296558,0.3115622241835834
0.2975352112676056,0.2068661971830986,0.19190140845070422,0.30369718309859156
0.2954844366505918,0.20561157387110915,0.18719859710653222,0.31170539237176675
0.29290718038528896,0.20928196147110334,0.19439579684763572,0.30341506129597196
0.2869796279893711,0.20504871567759078,0.19973427812223207,0.30823737821080605
0.2949288256227758,0.2090747330960854,0.19617437722419928,0.2998220640569395
0.2961992136304063,0.21188291830493666,0.19571865443425077,0.2961992136304063
0.2911894273127753,0.2171806167400881,0.19251101321585903,0.29911894273127754
0.28765323992994746,0.22154115586690018,0.1957092819614711,0.29509632224168125
0.2885042166000888,0.2237017310252996,0.19884598313359964,0.28894806924101196
0.28350970017636684,0.22707231040564374,0.20105820105820105,0.28835978835978837
0.2894158981115503,0.2274923144488362,0.19675010979358806,0.28634167764602547
0.28433098591549294,0.23151408450704225,0.19454225352112675,0.289612676056338
0.2805251641137856,0.23063457330415754,0.19343544857768052,0.29540481400437635
0.2710816777041943,0.23090507726269316,0.19735099337748344,0.30066225165562915
0.28184991273996507,0.22469458987783594,0.19546247818499127,0.29799301919720766
0.2832014072119613,0.22735268249780125,0.18997361477572558,0.2994722955145119
0.2800702370500439,0.23353819139596138,0.1887620719929763,0.2976294995610184
0.27384076990376205,0.2279090113735783,0.194663167104112,0.30358705161854765
0.27589246364037023,0.22785368003525783,0.19700308505949757,0.29925077126487437
0.27344782034346105,0.2294143549097314,0.18934390136503743,0.30779392338177014
0.2754069511658601,0.22657281126264847,0.19621645402551693,0.3018037835459745
0.268,0.23066666666666666,0.19555555555555557,0.30577777777777776
0.26788830715532286,0.2286212914485166,0.1993891797556719,0.30410122164048864
0.26746242263483644,0.22634836427939875,0.19982316534040673,0.3063660477453581
0.2712694877505568,0.22717149220489977,0.19643652561247216,0.3051224944320713
0.26369257950530034,0.2248233215547703,0.20229681978798586,0.30918727915194344
0.261558784676354,0.22148833113166005,0.20167327168648172,0.3152796125055042
0.2639193336256028,0.2235861464270057,0.20078912757562473,0.31170539237176675
0.2662309368191721,0.22091503267973855,0.1952069716775599,0.3176470588235294
0.266489597166888,0.22266489597166889,0.1943337760070828,0.31651173085436035
0.26593406593406593,0.21846153846153846,0.1986813186813187,0.3169230769230769
0.27153476169654567,0.2195015303891561,0.195015303891561,0.3139484040227372
0.26681318681318683,0.22285714285714286,0.18945054945054945,0.3208791208791209
0.268760907504363,0.225130890052356,0.18848167539267016,0.31762652705061084
0.2704485488126649,0.218117854001759,0.18865435356200527,0.3227792436235708
0.2744924977934687,0.21712268314210062,0.18402471315092675,0.32436010591350395
0.27224669603524226,0.21674008810572687,0.1828193832599119,0.32819383259911894
0.2752212389380531,0.21460176991150443,0.18539823008849557,0.3247787610619469
0.2736888497135302,0.21639488761568973,0.1877479065667695,0.32216835610401057
0.2702939885914875,0.21895568231680562,0.1851689337428697,0.32558139534883723
0.2710074791025077,0.21513418389793224,0.18741750989881215,0.3264408271007479
0.2736888497135302,0.21375055090348172,0.1881886293521375,0.3243719700308506
0.2764263600176913,0.20964175143741706,0.19239274657231314,0.3215391419725785
0.2799646174259177,0.20875718708536045,0.18664307828394516,0.32463511720477667
0.28089395267309375,0.21253286590709902,0.1827344434706398,0.3238387379491674
0.2829119442022668,0.21272885789014823,0.18352223190932868,0.32083696599825634
0.28698356286095067,0.20835184362505554,0.17903154153709464,0.3256330519768992
0.2874834144183989,0.2043343653250774,0.18222025652366208,0.32596196373286157
