C,D,Oc,Od
0.0,0.0,1.0,0.0
0.0,0.0,0.8,0.2
0.0,0.0,0.6363636363636364,0.36363636363636365
0.0,0.0,0.5909090909090909,0.4090909090909091
0.0,0.02631578947368421,0.5526315789473685,0.42105263157894735
0.034482758620689655,0.017241379310344827,0.4827586206896552,0.46551724137931033
0.053763440860215055,0.021505376344086023,0.45161290322580644,0.4731182795698925
0.045112781954887216,0.03007518796992481,0.44360902255639095,0.48120300751879697
0.06486486486486487,0.032432432432432434,0.41081081081081083,0.4918918918918919
0.07114624505928854,0.039525691699604744,0.3952569169960474,0.49407114624505927
0.07848837209302326,0.040697674418604654,0.38953488372093026,0.49127906976744184
0.08486238532110092,0.03669724770642202,0.3876146788990826,0.4908256880733945
0.0880281690140845,0.045774647887323945,0.4014084507042254,0.4647887323943662
0.09732016925246827,0.04936530324400564,0.40620592383638926,0.44710860366713684
0.11265969802555169,0.0627177700348432,0.40534262485482,0.41927990708478513
0.11315280464216634,0.07543520309477757,0.41779497098646035,0.39361702127659576
0.12211221122112212,0.07838283828382839,0.4240924092409241,0.37541254125412543
0.12474012474012475,0.08454608454608455,0.4164934164934165,0.37422037422037424
0.13205207687538748,0.08989460632362058,0.41475511469311843,0.3632982021078735
0.13550884955752213,0.09347345132743363,0.4192477876106195,0.35176991150442477
0.13513513513513514,0.09943906170321265,0.4125446200917899,0.3528811830698623
0.13581440309328177,0.10874818753020783,0.4069598840019333,0.3484775253745771
0.1344731977818854,0.11090573012939002,0.41173752310536044,0.34288354898336415
0.13611615245009073,0.11297640653357532,0.4133393829401089,0.33756805807622503
0.1357142857142857,0.11473214285714285,0.4133928571428571,0.3361607142857143
0.13835920177383593,0.11796008869179601,0.4084257206208426,0.3352549889135255
0.14091308165057068,0.11764705882352941,0.40781387181738366,0.33362598770851626
0.13628396143733568,0.1200701139351446,0.40315512708150747,0.34049079754601225
0.13815789473684212,0.11578947368421053,0.41535087719298247,0.3307017543859649
0.14034315882094148,0.12010558732952045,0.41091069071711395,0.3286405631324241
0.14474845542806708,0.11959399823477493,0.40335392762577227,0.3323036187113857
0.14210756449497158,0.12330564057717534,0.40489724529951904,0.3296895496283341
0.14667250437828372,0.1212784588441331,0.40148861646234674,0.3305604203152364
0.14323490524460114,0.12119876597620097,0.3962097840458352,0.33935654473336274
0.14279437609841827,0.1256590509666081,0.39323374340949035,0.3383128295254833
0.1474835886214442,0.12735229759299782,0.38818380743982495,0.33698030634573306
0.14982425307557118,0.1304920913884007,0.38884007029876977,0.3308435852372584
0.15364354697102722,0.13257243195785778,0.3915715539947322,0.3222124670763828
0.15475668566418238,0.12932924156071898,0.38667251205611575,0.3292415607189829
0.1568281938325991,0.1290748898678414,0.3841409691629956,0.3299559471365639
0.15649867374005305,0.12953138815207782,0.38770999115826704,0.32625994694960214
0.15696649029982362,0.13139329805996472,0.3880070546737213,0.3236331569664903
0.15350683722981914,0.13233348037053375,0.38597265108072343,0.3281870313189237
0.1568281938325991,0.1299559471365639,0.3907488986784141,0.3224669603524229
0.1619131197893813,0.13339183852566916,0.38657305835892936,0.3181219833260202
0.1600175361683472,0.1310828583954406,0.38404208680403334,0.3248575186321789
0.16194690265486725,0.1336283185840708,0.38141592920353984,0.3230088495575221
0.16822015090989792,0.13626276076342655,0.3710608078118065,0.3244562805148691
0.16724890829694322,0.1406113537117904,0.36724890829694323,0.32489082969432315
0.17358657243816256,0.14664310954063603,0.3590989399293286,0.3206713780918728
0.1786339754816112,0.14010507880910683,0.36208406304728546,0.3191768826619965
0.17776797529775032,0.14027348919276578,0.3643581826202029,0.317600352889281
0.18125824901011878,0.14078310602727673,0.3594368675758909,0.3185217773867136
0.17709251101321585,0.14317180616740088,0.35991189427312775,0.3198237885462555
0.18197725284339458,0.14741907261592302,0.3521434820647419,0.3184601924759405
0.1824655095683133,0.15042278593680464,0.3475745438362261,0.319537160658656
0.18526687251874724,0.14689016321129245,0.3506837229819144,0.3171592412880459
0.18640350877192982,0.14298245614035088,0.34692982456140353,0.3236842105263158
0.18714222809335096,0.1448701012769705,0.349185380889476,0.3188022897402025
0.18285714285714286,0.1468131868131868,0.3534065934065934,0.3169230769230769
0.18903508771929825,0.15,0.35175438596491226,0.3092105263157895
0.19072615923009623,0.15135608048993876,0.3451443569553806,0.3127734033245844
0.19276576973974416,0.1513012792236436,0.34053815615350685,0.3153947948831054
0.19831410825199644,0.15217391304347827,0.34383318544809227,0.305678793256433
0.20458553791887124,0.15123456790123457,0.3443562610229277,0.2998236331569665
0.20194432169686258,0.14582412726469288,0.3451171011931065,0.30711444984533803
0.20239149689991143,0.14614703277236493,0.3467670504871568,0.3046944198405669
0.20461606746560143,0.14380825565912117,0.3417665335108744,0.309809143364403
0.2090469916556873,0.15195432586736934,0.33552920509442247,0.30346947738252084
0.20573951434878587,0.15055187637969095,0.33995584988962474,0.30375275938189844
0.210411198600175,0.14916885389326334,0.3311461067366579,0.3092738407699038
0.20721112076455256,0.14509122502172025,0.3370981754995656,0.3105994787141616
0.20715547703180212,0.1497349823321555,0.3339222614840989,0.30918727915194344
0.20485651214128037,0.1554083885209713,0.33112582781456956,0.3086092715231788
0.20950704225352113,0.1544894366197183,0.3283450704225352,0.3076584507042254
0.2120017520805957,0.15243101182654403,0.3293911519929917,0.3061760840998686
0.21212121212121213,0.16249451032059728,0.32367149758454106,0.30171277997364954
0.21978021978021978,0.1564835164835165,0.3274725274725275,0.29626373626373625
0.22016732716864817,0.15852047556142668,0.3271686481726112,0.29414354909731394
0.2174103237095363,0.15354330708661418,0.32983377077865267,0.2992125984251969
0.2178919397697077,0.15589016829052257,0.32949512843224094,0.2967227635075288
0.2222715173025732,0.1543921916592724,0.32919254658385094,0.29414374445430347
0.22765673632725655,0.15384615384615385,0.3241440640284571,0.2943530457981325
0.22829440282062582,0.15293080652269722,0.3212869105332746,0.2974878801234024
0.2347252747252747,0.15516483516483517,0.31868131868131866,0.2914285714285714
0.23740053050397877,0.15428824049513704,0.3209549071618037,0.28735632183908044
0.2353198948290973,0.1485539000876424,0.3273444347063979,0.2887817703768624
0.24156305506216696,0.14875666074600355,0.325044404973357,0.28463587921847244
0.2462154942119323,0.14826357969723955,0.3201246660730187,0.28539626001780943
0.24487978628673196,0.15004452359750667,0.3227960819234194,0.28227960819234194
0.2432077125328659,0.1551270815074496,0.31814198071866784,0.28352322524101664
0.24118165784832452,0.15564373897707232,0.32671957671957674,0.27645502645502645
0.2399823866138265,0.15808014090708938,0.33245266402465873,0.26948480845442535
0.23922603342128407,0.158311345646438,0.33421284080914687,0.26824978012313105
0.2475685234305924,0.15959328028293546,0.3253757736516357,0.26746242263483644
0.24801762114537446,0.16343612334801763,0.32599118942731276,0.26255506607929513
0.252212389380531,0.15663716814159293,0.32610619469026547,0.2650442477876106
0.24611973392461198,0.16363636363636364,0.329490022172949,0.2607538802660754
0.25207877461706785,0.16148796498905907,0.32297592997811814,0.2634573304157549
0.25467497773820125,0.15939447907390916,0.3192341941228851,0.26669634906500445
0.26174791392182695,0.1598594642072903,0.3153271848924023,0.26306543697848045
0.2652881654201496,0.16322041355037395,0.31368235811702594,0.2578090629124505
0.266900790166813,0.15978928884986832,0.31782265144863914,0.25548726953467954
0.27104451300132215,0.16527104451300131,0.3076245041868665,0.2560599382988101
0.2698412698412698,0.164021164021164,0.3073192239858907,0.2588183421516755
0.2715724923346474,0.15987735435830047,0.316688567674113,0.2518615856329391
0.2671992898357745,0.17221482467820684,0.3093652907234798,0.25122059476253883
0.2631115028646981,0.17100044072278536,0.3124724548259145,0.25341560158660204
0.26117440841367223,0.1726555652936021,0.31551270815074495,0.2506573181419807
0.25979744605900484,0.17305151915455746,0.31219726992514313,0.25495376486129456
0.26702033598585323,0.16710875331564987,0.3134394341290893,0.2524314765694076
0.2612931798051373,0.17139061116031887,0.3179805137289637,0.24933569530558017
0.25793650793650796,0.17372134038800705,0.31966490299823636,0.24867724867724866
0.2563429571303587,0.17760279965004375,0.3184601924759405,0.24759405074365703
0.2534095908490981,0.17729872415310163,0.32424109106907173,0.24505059392872855
0.2534095908490981,0.1737791465024197,0.3167619885613726,0.25604927408710954
0.2528533801580334,0.17383669885864794,0.3173836698858648,0.2559262510974539
0.25109553023663456,0.1722173531989483,0.3203330411919369,0.2563540753724803
0.2516354121238552,0.1718273004797209,0.32097688617531617,0.25556040122110774
0.25177619893428066,0.1736234458259325,0.31527531083481347,0.25932504440497334
0.24956140350877193,0.17324561403508773,0.3223684210526316,0.2548245614035088
0.2470485351989506,0.17708788806296458,0.31613467424573677,0.25972890249234803
0.2554517133956386,0.1802403204272363,0.31108144192256343,0.25322652425456166
0.24835454146555508,0.1851689337428697,0.3168056164984642,0.249670908293111
0.24890446976336547,0.18404907975460122,0.3067484662576687,0.26029798422436456
0.25130662020905925,0.18118466898954705,0.3083623693379791,0.25914634146341464
0.25389755011135856,0.18797327394209354,0.3011135857461025,0.25701559020044545
0.2518813634351483,0.1814962372731297,0.30677290836653387,0.2598494909251881
0.2541998231653404,0.1812555260831123,0.3081343943412909,0.2564102564102564
0.25888547608600265,0.18034225537516455,0.30671347082053535,0.2540587977182975
0.26085050416483996,0.1819377466023674,0.3077597544936431,0.2494519947391495
0.26505494505494503,0.17582417582417584,0.30417582417582417,0.2549450549450549
0.26297117516629714,0.1787139689578714,0.3002217294900222,0.25809312638580933
0.26938239159001315,0.18221638195356987,0.3009198423127464,0.2474813841436706
0.2751439964554719,0.18121400088613204,0.2959680992467878,0.24767390341160833
0.2697921273772667,0.18133569217160547,0.30163644405130474,0.24723573639982308
0.2721238938053097,0.17920353982300885,0.2995575221238938,0.2491150442477876
0.27292768959435626,0.1781305114638448,0.2967372134038801,0.25220458553791886
0.2771137671536078,0.17928286852589642,0.2948207171314741,0.24878264718902168
0.27584689837219534,0.17993840739111305,0.29520457545094586,0.24901011878574572
0.27797202797202797,0.17963286713286714,0.2902097902097902,0.2521853146853147
0.273972602739726,0.1723376049491825,0.29871851524524967,0.25497127706584183
0.26799116997792494,0.17262693156732892,0.30419426048565124,0.25518763796909494
0.26844444444444443,0.176,0.3048888888888889,0.25066666666666665
0.26306543697848045,0.18050065876152832,0.30610452349582784,0.2503293807641634
0.26434245366284204,0.18181818181818182,0.30229479258605474,0.25154457193292146
0.26654975887768523,0.1819377466023674,0.2989916703200351,0.25252082419991234
0.26821773485513606,0.17998244073748904,0.30026338893766463,0.2515364354697103
0.2657218777679362,0.18113374667847654,0.29893711248892824,0.254207263064659
0.2683355292050944,0.18840579710144928,0.29600351339481773,0.24725516029863856
0.27184035476718404,0.1893569844789357,0.28957871396895785,0.2492239467849224
0.27015057573073514,0.18954827280779452,0.29185119574845,0.24844995571302037
0.27060379021595415,0.19479947113265755,0.2864698104892023,0.24812692816218598
0.2697512003491925,0.1951113051069402,0.2872108249672632,0.24792666957660411
0.2667844522968198,0.19434628975265017,0.286660777385159,0.25220848056537104
0.26582278481012656,0.1990397206460061,0.28677433435181143,0.24836316019205587
0.26425099425541315,0.19973486522315512,0.28855501546619533,0.2474591250552364
0.269010989010989,0.19516483516483515,0.28703296703296705,0.24879120879120878
0.26970770593445526,0.20150575730735165,0.2865367581930912,0.24224977856510185
0.26796805678793256,0.19875776397515527,0.2870452528837622,0.24622892635314997
0.26033421284080915,0.19261213720316622,0.2911169744942832,0.2559366754617414
0.2558037669732808,0.1953569864213754,0.2934734997809899,0.2553657468243539
0.2542894852617686,0.19973603167619886,0.2938847338319402,0.25208974923009236
0.2564438619484491,0.19790301441677588,0.291393621668851,0.254259501965924
0.25998225377107365,0.18899733806566105,0.2972493345164153,0.25377107364685003
0.2593242650285213,0.18911803422553752,0.29442738043001315,0.25713032031592803
0.2543630017452007,0.1863001745200698,0.29930191972076786,0.2600349040139616
0.2553846153846154,0.18681318681318682,0.30153846153846153,0.2562637362637363
0.26327336551118913,0.18297498903027642,0.29706011408512506,0.2566915313734094
0.2599293909973522,0.18623124448367168,0.2978817299205649,0.2559576345984113
0.26108156028368795,0.1901595744680851,0.30230496453900707,0.24645390070921985
0.2548758865248227,0.18927304964539007,0.3098404255319149,0.24601063829787234
0.25217770034843207,0.1916376306620209,0.3044425087108014,0.25174216027874563
0.25133214920071045,0.19182948490230906,0.30239786856127887,0.2544404973357016
0.2540445999125492,0.1985133362483603,0.29908176650634016,0.24836029733275033
0.2543859649122807,0.19824561403508772,0.29736842105263156,0.25
0.2574823943661972,0.20202464788732394,0.29313380281690143,0.24735915492957747
0.2650442477876106,0.19911504424778761,0.28584070796460176,0.25
0.2657894736842105,0.19736842105263158,0.2824561403508772,0.2543859649122807
0.2649384885764499,0.19507908611599298,0.28558875219683655,0.2543936731107206
0.26142355008787344,0.20254833040421794,0.27768014059753954,0.2583479789103691
0.2592429577464789,0.20158450704225353,0.28433098591549294,0.2548415492957746
0.26294995610184374,0.2032484635645303,0.28094820017559263,0.2528533801580334
0.2641843971631206,0.20434397163120568,0.2783687943262411,0.25310283687943264
0.2631578947368421,0.20530665506742063,0.28316659417137885,0.2483688560243584
0.26352530541012215,0.20506108202443282,0.2844677137870855,0.2469458987783595
0.2619257950530035,0.2045053003533569,0.2871024734982332,0.24646643109540636
0.27145969498910677,0.21045751633986928,0.2797385620915033,0.2383442265795207
0.27079646017699116,0.21106194690265487,0.2809734513274336,0.23716814159292035
0.27232732072151344,0.20765508139023317,0.2833260008798944,0.23669159700835898
0.2681095406360424,0.21068904593639576,0.2826855123674912,0.23851590106007067
0.26938413823659724,0.21843154630039877,0.28178998670801947,0.2303943287549845
0.2739244951712028,0.22388059701492538,0.27348551360842843,0.22870939420544337
0.2703881378107283,0.2228521587440035,0.27780200610553857,0.22895769733972962
0.27025843188786686,0.22076215505913271,0.278580814717477,0.23039859833552342
0.2769297863061492,0.2132577409507196,0.27954644570431747,0.23026602703881377
0.27527352297593,0.21575492341356675,0.27833698030634574,0.23063457330415754
0.2794245858761988,0.2101133391455972,0.2807323452484743,0.22972972972972974
0.28075571177504394,0.2060632688927944,0.28251318101933215,0.23066783831282953
0.2756637168141593,0.2097345132743363,0.2809734513274336,0.2336283185840708
0.2754385964912281,0.21754385964912282,0.2710526315789474,0.23596491228070177
0.27080581241743723,0.2188463232056363,0.2765301629238221,0.23381770145310435
0.26799116997792494,0.21545253863134659,0.2728476821192053,0.24370860927152319
0.2764835164835165,0.21582417582417582,0.27076923076923076,0.23692307692307693
0.28083989501312334,0.2099737532808399,0.27121609798775154,0.2379702537182852
0.2789473684210526,0.21140350877192982,0.2675438596491228,0.24210526315789474
0.27055702917771884,0.20954907161803712,0.27144120247568526,0.2484526967285588
0.2704237658366099,0.21231979030144169,0.2669287898645697,0.2503276539973788
0.268141592920354,0.21814159292035398,0.2668141592920354,0.24690265486725663
0.26672535211267606,0.21390845070422534,0.2720070422535211,0.24735915492957747
0.26666666666666666,0.20706401766004415,0.2785871964679912,0.247682119205298
0.26096491228070173,0.2131578947368421,0.28157894736842104,0.2442982456140351
0.25772285966460723,0.21668137687555164,0.28596646072374227,0.23962930273609886
0.25613565372601516,0.2177599286033021,0.28335564480142794,0.2427487728692548
0.2532523850823938,0.21725932350390287,0.2818733738074588,0.24761491760624457
0.2546337157987643,0.22241835834068843,0.2762577228596646,0.24669020300088262
0.25939019001325675,0.22315510384445428,0.2770658418029165,0.2403888643393725
0.2552910052910053,0.2204585537918871,0.2843915343915344,0.23985890652557318
0.2598944591029024,0.2247141600703606,0.2752858399296394,0.24010554089709762
0.26107942079859586,0.2233435717419921,0.27073277753400615,0.2448442299254059
0.25904677846425417,0.2263901147396293,0.27184466019417475,0.24271844660194175
0.25711782742006134,0.22864651773981604,0.27639071397284276,0.2378449408672799
0.2642919964819701,0.22823218997361477,0.26824978012313105,0.23922603342128407
0.2642169728783902,0.22615923009623798,0.27165354330708663,0.2379702537182852
0.26453617399023527,0.22325787838437638,0.27385707944962273,0.23834886817576564
0.258148631029987,0.22816166883963493,0.2781399391568883,0.23554976097348979
0.258121940364931,0.22919448153093014,0.27636849132176233,0.2363150867823765
0.25907883082373784,0.22719220549158547,0.2759078830823738,0.23782108060230292
0.25930792816469556,0.23083661848445028,0.2715724923346474,0.23828296101620675
0.26054806437581557,0.22531535450195736,0.2709873858199217,0.24314919530230536
0.2571053782247486,0.23043288150415392,0.2693484914735461,0.2431132487975514
0.2650814619110524,0.22985468956406868,0.26992514310876264,0.23513870541611626
0.27059344552701503,0.2325066430469442,0.26395039858281666,0.2329495128432241
0.2744410346339325,0.23366944322665498,0.26435773783428324,0.22753178430512933
0.2769704975781594,0.2307353588727433,0.2637604579480405,0.2285336856010568
0.27462039045553144,0.22863340563991325,0.2598698481561822,0.2368763557483731
0.2773851590106007,0.2248233215547703,0.2588339222614841,0.23895759717314488
0.28777923784494086,0.22032413491020586,0.2483574244415243,0.24353920280332894
0.2864035087719298,0.22324561403508772,0.25219298245614036,0.2381578947368421
0.2841506129597198,0.22066549912434325,0.2535026269702277,0.24168126094570927
0.28314310798946446,0.21685689201053557,0.25636523266022826,0.24363476733977174
0.28047703180212014,0.22040636042402828,0.25176678445229683,0.24734982332155478
0.27633318642573823,0.2243278977523138,0.249008373732922,0.250330542089026
0.2828104286345559,0.21696862571807335,0.25673884224480775,0.24348210340256296
0.28308501314636286,0.2147239263803681,0.2541630148992112,0.24802804557405783
0.2760898282694848,0.21003963011889035,0.2628797886393659,0.2509907529722589
0.2803292894280763,0.20927209705372618,0.2569324090121317,0.2534662045060659
0.28144239226033424,0.20932277924362358,0.25549692172383465,0.2537379067722076
0.2793468667255075,0.205648720211827,0.24757281553398058,0.2674315975286849
0.2767543859649123,0.20964912280701756,0.24780701754385964,0.2657894736842105
0.27630415561450045,0.20866489832007074,0.251105216622458,0.2639257294429708
0.28114035087719297,0.2043859649122807,0.24736842105263157,0.26710526315789473
0.28008849557522125,0.2013274336283186,0.24778761061946902,0.27079646017699116
0.2867808519982433,0.1971892841458059,0.24462011418533158,0.27140974967061926
0.28251318101933215,0.19332161687170474,0.2521968365553603,0.2719683655536028
0.2839614373356705,0.19544259421560034,0.24802804557405783,0.27256792287467135
0.28565140845070425,0.19410211267605634,0.24295774647887325,0.2772887323943662
0.28927789934354486,0.1951859956236324,0.24638949671772428,0.26914660831509846
0.2903225806451613,0.19531595227574017,0.24524966858152894,0.2691117984975696
0.2909330985915493,0.1892605633802817,0.24295774647887325,0.27684859154929575
0.2831509846827133,0.1938730853391685,0.24420131291028446,0.2787746170678337
0.28174603174603174,0.18959435626102292,0.24338624338624337,0.28527336860670194
0.28419654714475434,0.19167773351040282,0.2403718459495352,0.28375387339530767
0.2878390201224847,0.1889763779527559,0.22965879265091863,0.29352580927384075
0.28848698720776356,0.18835465372739302,0.2333480370533745,0.2898103220114689
0.29080510338759347,0.1935767707875055,0.2278926528816542,0.2877254729432468
0.2920747996438112,0.19902048085485308,0.22395369545859306,0.28495102404274264
0.28419654714475434,0.1983178397521027,0.22709163346613545,0.2903939796370075
0.29078947368421054,0.1956140350877193,0.2267543859649123,0.2868421052631579
0.2933974639265413,0.19414079580236118,0.22562308701355488,0.28683865325754265
0.2922737306843267,0.1947019867549669,0.22913907284768212,0.2838852097130243
0.29305799648506153,0.19332161687170474,0.23066783831282953,0.28295254833040423
0.2885375494071146,0.1919191919191919,0.22968818620992534,0.2898550724637681
0.29317980513728964,0.1899911426040744,0.2316209034543844,0.28520814880425155
0.28753852928225454,0.18934390136503743,0.23029502421840597,0.29282254513430206
0.2931411096548711,0.18785495849716033,0.22979467016164265,0.2892092616863259
0.2920122217372326,0.189873417721519,0.23090353557398516,0.2872108249672632
0.29863255403617117,0.18923687692986327,0.22717247463608292,0.28495809439788267
0.29525483304042177,0.18673110720562391,0.22891036906854131,0.28910369068541303
0.29750982961992134,0.1909130624726955,0.2254259501965924,0.28615115771079075
0.2989872302950242,0.18802289740202555,0.22369000440334655,0.2892998678996037
0.29089301503094606,0.1856763925729443,0.22546419098143236,0.2979664014146773
0.2953846153846154,0.181978021978022,0.22593406593406593,0.2967032967032967
0.29243623570800353,0.1882145998240985,0.2247141600703606,0.29463500439753737
0.28704113224237066,0.183547103051747,0.22998673153471916,0.2994250331711632
0.2880244755244755,0.1866258741258741,0.22596153846153846,0.2993881118881119
0.2813186813186813,0.18285714285714286,0.22725274725274724,0.30857142857142855
0.28065515714918104,0.18016821602478972,0.2288623284639221,0.3103142983621071
0.27933450087565675,0.18563922942206654,0.22504378283712784,0.30998248686514884
0.27667109340416113,0.1868083222664896,0.22532093846834883,0.31119964586100046
0.2741652021089631,0.18409490333919157,0.22407732864674867,0.31766256590509667
0.27666083916083917,0.18575174825174826,0.2202797202797203,0.3173076923076923
0.2789982425307557,0.18717047451669597,0.22144112478031636,0.312390158172232
0.2811529933481153,0.18137472283813746,0.22394678492239467,0.31352549889135256
0.2796125055041832,0.17701453104359313,0.21972699251431088,0.3236459709379128
0.2748794388426129,0.17799210872424376,0.22797018851380974,0.3191582639193336
0.27393617021276595,0.18617021276595744,0.2247340425531915,0.3151595744680851
0.2755905511811024,0.1837270341207349,0.22397200349956256,0.31671041119860016
0.2788546255506608,0.18590308370044054,0.22951541850220264,0.30572687224669604
0.2789775231379462,0.18510356985456147,0.23049801674746584,0.30542089026002645
0.2790286975717439,0.1845474613686534,0.2326710816777042,0.30375275938189844
0.28021015761821366,0.18476357267950963,0.23598949211908932,0.29903677758318736
0.2762577228596646,0.18667255075022066,0.23080317740511916,0.3062665489849956
0.27695004382120947,0.18799298860648553,0.23488168273444346,0.30017528483786154
0.27391874180865006,0.19178680646570556,0.23328964613368283,0.3010048055919616
0.2773626373626374,0.19164835164835164,0.22945054945054946,0.30153846153846153
0.27792436235708,0.18997361477572558,0.22735268249780125,0.30474934036939316
0.2726473175021988,0.19041336851363236,0.23087071240105542,0.30606860158311344
0.2710526315789474,0.1969298245614035,0.2307017543859649,0.3013157894736842
0.2747447847314691,0.19174434087882822,0.23257878384376388,0.3009320905459387
0.2805786935554581,0.1863217886891714,0.2371766768960982,0.29592284085927223
0.28408592722490134,0.1832529592284086,0.2376150811047786,0.29504603244191147
0.2778023925564909,0.19051838723969872,0.23349579087284006,0.2981834293309703
0.27901883486640383,0.19141480508103373,0.23346473937801138,0.29610162067455104
0.28134556574923547,0.19484491044124072,0.23023154215814767,0.29357798165137616
0.2803532008830022,0.19514348785871966,0.23576158940397351,0.28874172185430463
0.2830105633802817,0.19630281690140844,0.23987676056338028,0.28080985915492956
0.28558951965065504,0.2,0.2318777292576419,0.28253275109170306
0.27804663440387156,0.19841619005719313,0.2380114386273647,0.2855257369115706
0.28163444639718804,0.2007908611599297,0.22934973637961337,0.28822495606326887
0.2821080602302923,0.20372010628875112,0.22807794508414525,0.2860938883968113
0.27403846153846156,0.20716783216783216,0.23251748251748253,0.2862762237762238
0.2695690413368514,0.21152154793315744,0.2264731750219877,0.29243623570800353
0.26897762176393153,0.209741114523914,0.22465993856954805,0.2966213251426064
0.2725255215268531,0.20994229915667997,0.22325787838437638,0.29427430093209056
0.2667836770513383,0.21544537077665643,0.22027204914436158,0.2974989030276437
0.2689075630252101,0.21892967713401149,0.22158337019018134,0.2905793896505971
0.2631578947368421,0.22719298245614036,0.22324561403508772,0.2864035087719298
0.26506550218340613,0.22358078602620088,0.22489082969432314,0.28646288209606985
0.26891123742894624,0.22431132487975514,0.22912111937035418,0.27765631832094445
0.2736888497135302,0.22212428382547378,0.2238871749669458,0.28029969149405026
0.266754270696452,0.22733245729303547,0.22207621550591328,0.28383705650459923
0.26643295354951796,0.22962313759859773,0.21647677475898336,0.287467134092901
0.26891123742894624,0.22037603847835593,0.22125054656755574,0.2894621775251421
0.2676056338028169,0.22007042253521128,0.2227112676056338,0.289612676056338
0.2724890829694323,0.22183406113537119,0.225764192139738,0.27991266375545854
0.2695690413368514,0.22559366754617413,0.2247141600703606,0.2801231310466139
0.26573426573426573,0.22552447552447552,0.22596153846153846,0.28277972027972026
0.26948480845442535,0.22016732716864817,0.23205636283575518,0.27829150154117127
0.2708333333333333,0.22296099290780141,0.22872340425531915,0.2774822695035461
0.2614779186707477,0.22343681679055533,0.23130738959335373,0.28377787494534323
0.2633201232937032,0.2294143549097314,0.22413033905768384,0.28313518273888155
0.25930792816469556,0.23390275952693823,0.21901007446342532,0.28777923784494086
0.25983208130799823,0.2328767123287671,0.21961997348652232,0.2876712328767123
0.257908611599297,0.23857644991212654,0.22056239015817222,0.28295254833040423
0.2576632607729898,0.2403376277210129,0.21723678365171034,0.28476232785428696
0.2623674911660777,0.23674911660777384,0.21289752650176677,0.2879858657243816
0.2649647887323944,0.23459507042253522,0.21522887323943662,0.2852112676056338
0.26146384479717816,0.23236331569664903,0.21649029982363316,0.2896825396825397
0.2606986899563319,0.225764192139738,0.22227074235807862,0.29126637554585155
0.25574204946996465,0.23056537102473498,0.2252650176678445,0.2884275618374558
0.248894783377542,0.23076923076923078,0.22679045092838196,0.29354553492484525
0.2534036012296882,0.2274923144488362,0.22441809398331136,0.2946859903381642
0.2537248028045574,0.22348816827344434,0.2283085013146363,0.294478527607362
0.2532981530343008,0.2198768689533861,0.22295514511873352,0.3038698328935796
0.25386313465783666,0.223841059602649,0.22251655629139072,0.2997792494481236
0.24476439790575916,0.22338568935427575,0.22731239092495636,0.3045375218150087
0.2440423654015887,0.22594880847308033,0.22594880847308033,0.30406001765225066
0.23948649845064188,0.22266489597166889,0.2244355909694555,0.31341301460823373
0.23836951705804166,0.22286220646876384,0.22419140451927339,0.31457687195392114
0.23557904007045355,0.22501100836635843,0.22369000440334655,0.3157199471598415
0.23198594024604569,0.23110720562390158,0.2218804920913884,0.3150263620386643
0.23204903677758318,0.23467600700525393,0.2224168126094571,0.3108581436077058
0.23282275711159736,0.24463894967177244,0.21663019693654267,0.3059080962800875
0.23470715835140998,0.24598698481561823,0.21648590021691974,0.30281995661605204
0.24326710816777042,0.24503311258278146,0.2119205298013245,0.2997792494481236
0.23813670004353504,0.24379625598606877,0.21593382673051806,0.3021332172398781
0.23922603342128407,0.24098504837291118,0.21723834652594548,0.30255057167985927
0.24646643109540636,0.23719081272084805,0.21996466431095407,0.2963780918727915
0.24482606781153676,0.23249669749009247,0.22457067371202113,0.29810656098634963
0.24239791485664638,0.23588184187662903,0.2219808861859253,0.2997393570807993
0.24514991181657847,0.23015873015873015,0.22354497354497355,0.3011463844797178
0.24547461368653423,0.22781456953642384,0.2185430463576159,0.30816777041942606
0.24605263157894736,0.23157894736842105,0.2118421052631579,0.3105263157894737
0.24166666666666667,0.23596491228070177,0.2100877192982456,0.312280701754386
0.2454585733274258,0.23393885688967656,0.21001329198050508,0.31058927780239254
0.24415011037527592,0.23443708609271524,0.21147902869757174,0.30993377483443707
0.23902439024390243,0.2319290465631929,0.21862527716186253,0.31042128603104213
0.2412280701754386,0.23114035087719298,0.21140350877192982,0.3162280701754386
0.2405618964003512,0.228270412642669,0.21246707638279191,0.31870061457418786
0.2421005785491767,0.22652425456163774,0.2113929684023142,0.31998219848687137
0.2402111746590409,0.2234931808183018,0.21205455345358556,0.32424109106907173
0.23700440528634362,0.22026431718061673,0.2185022026431718,0.32422907488986785
0.23562966213251427,0.2242211496270294,0.21105748135146996,0.3290917068889864
0.23493180818301804,0.22217333919929608,0.21205455345358556,0.3308402991641003
0.2324561403508772,0.21973684210526315,0.21754385964912282,0.33026315789473687
0.2341078474353354,0.21876370013152127,0.21657167908811925,0.3305567733450241
0.23595994775794515,0.22159338267305181,0.20940356987374836,0.3330430996952547
0.2322380106571936,0.22246891651865008,0.20515097690941386,0.3401420959147424
0.2362758014931928,0.22661396574440051,0.20553359683794467,0.331576635924462
0.23609885260370697,0.22462488967343336,0.2113857016769638,0.32789055604589584
0.2387011847301448,0.2224659938569548,0.20842474769635805,0.33040807371654235
0.24249020461471485,0.21898127993034391,0.20896821941663038,0.32956029603831083
0.2370403190075321,0.22153300841825432,0.21001329198050508,0.33141338059370845
0.24180148666375165,0.22081329252295584,0.21381722780935725,0.3235679930039353
0.23336291038154391,0.21960958296362024,0.2209405501330967,0.32608695652173914
0.2365638766519824,0.22070484581497798,0.2251101321585903,0.31762114537444935
0.24394539850286218,0.2170849845882871,0.22457067371202113,0.3143989431968296
0.249889819303658,0.21947994711326577,0.22036139268400176,0.31026884089907447
0.2549800796812749,0.22266489597166889,0.21381142098273573,0.3085436033643205
0.25364560318161733,0.2200618647812638,0.2138753866548829,0.312417145382236
0.2489025460930641,0.2221246707638279,0.21729587357330993,0.31167690956979804
0.2462686567164179,0.22300263388937663,0.2177348551360843,0.31299385425812115
0.24911190053285967,0.21936056838365897,0.21891651865008882,0.31261101243339257
0.24767390341160833,0.2255206025697829,0.21134249003101463,0.31546300398759414
0.2404897245299519,0.22387407083515523,0.21731526016615654,0.3183209444687363
0.23788350377945755,0.22276567363272565,0.22276567363272565,0.31658514895509116
0.23775915306572562,0.21835024261138067,0.2267313630348478,0.3171592412880459
0.23393091386095322,0.22037603847835593,0.23043288150415392,0.31526016615653696
0.2361963190184049,0.22042068361086767,0.22655565293602103,0.3168273444347064
0.2282560706401766,0.2251655629139073,0.23399558498896247,0.3125827814569536
0.22504378283712784,0.22810858143607707,0.23161120840630472,0.31523642732049034
0.22325375773651635,0.22590627763041557,0.23651635720601238,0.31432360742705573
0.22539543057996486,0.22539543057996486,0.2359402460456942,0.3132688927943761
0.22955145118733508,0.22295514511873352,0.23746701846965698,0.3100263852242744
0.23378914865460962,0.21967357741508603,0.2373180414644905,0.30921923246581384
0.23503521126760563,0.2108274647887324,0.23987676056338028,0.3142605633802817
0.24074074074074073,0.2054673721340388,0.24559082892416226,0.3082010582010582
0.24614027348919276,0.20688134097926775,0.2368769298632554,0.31010145566828407
0.24833997343957503,0.20938468348826914,0.234174413457282,0.30810092961487384
0.25033288948069243,0.20461606746560143,0.2401242787394585,0.30492676431424764
0.250987275120667,0.2079859587538394,0.2343132953049583,0.30671347082053535
0.24879965080750763,0.21649934526407683,0.23003055434308162,0.3046704495853339
0.24603174603174602,0.21296296296296297,0.2310405643738977,0.3099647266313933
0.24168126094570927,0.212784588441331,0.23380035026269702,0.3117338003502627
0.2383053839364519,0.21403353927625773,0.23698146513680493,0.3106796116504854
0.241714538223597,0.21520106053910737,0.23641184268669907,0.30667255855059655
0.24050632911392406,0.2130074203404627,0.23701440419030992,0.30947184635530334
0.241714538223597,0.21166593018117544,0.23729562527618206,0.3093239063190455
0.23956043956043957,0.2123076923076923,0.2408791208791209,0.30725274725274726
0.24271844660194175,0.21403353927625773,0.24536628420123566,0.2978817299205649
0.2436235708003518,0.2102022867194371,0.24494283201407213,0.30123131046613894
0.23740053050397877,0.21264367816091953,0.2471264367816092,0.30282935455349247
0.23427041499330656,0.2101740294511379,0.24899598393574296,0.30655957161981257
0.233201581027668,0.20816864295125165,0.24110671936758893,0.31752305665349145
0.2291849255039439,0.21034180543382996,0.24715162138475022,0.3133216476774759
0.21970357454228423,0.2175239755884917,0.24891020052310375,0.31386224934612034
0.2201509098979139,0.21526853084775854,0.25521526853084775,0.3093652907234798
0.2179261862917399,0.21968365553602812,0.2548330404217926,0.30755711775043937
0.2226596675415573,0.2204724409448819,0.2484689413823272,0.3083989501312336
0.22290478279947346,0.22465993856954805,0.2430890741553313,0.3093462044756472
0.220479302832244,0.22745098039215686,0.24139433551198258,0.31067538126361655
0.2211453744493392,0.226431718061674,0.24273127753303964,0.3096916299559471
0.22270742358078602,0.2244541484716157,0.24541484716157205,0.3074235807860262
0.22701275846898372,0.22085349758029035,0.24813022437307522,0.3040035195776507
0.22651448639157157,0.22519754170324846,0.2462686567164179,0.30201931518876207
0.22902796271637815,0.22503328894806923,0.2441189525077674,0.3018197958277852
0.22878390201224846,0.2226596675415573,0.24453193350831146,0.30402449693788275
0.2343887423043096,0.21767810026385223,0.24450307827616535,0.3034300791556728
0.2326906222611744,0.2116564417177914,0.24802804557405783,0.30762489044697633
0.23350923482849603,0.21240105540897097,0.2519788918205805,0.3021108179419525
0.2401242787394585,0.2108300044385264,0.24900133155792276,0.30004438526409233
0.23712255772646537,0.20959147424511546,0.2544404973357016,0.2988454706927176
0.23446452181577787,0.2128691053327457,0.25694138386954607,0.2957249889819304
0.2381578947368421,0.21447368421052632,0.25219298245614036,0.2951754385964912
0.23353819139596138,0.21553994732221246,0.2537313432835821,0.2971905179982441
0.23352247926669575,0.21868179834133566,0.25578350065473593,0.2920122217372326
0.22975929978118162,0.21925601750547047,0.2617067833698031,0.28927789934354486
0.22246408358728775,0.22507618632999565,0.26599912929908576,0.28646060078363084
0.22320637732506643,0.22276350752878654,0.26217891939769705,0.29185119574845
0.22396066160035763,0.22440768886902102,0.26955744300402323,0.28207420652659815
0.2283464566929134,0.22528433945756782,0.26290463692038496,0.28346456692913385
0.24309884238646481,0.22217275155832591,0.26001780943900266,0.2747105966162066
0.23872679045092837,0.22325375773651635,0.26215738284703805,0.27586206896551724
0.23788546255506607,0.22246696035242292,0.2577092511013216,0.28193832599118945
0.23596491228070177,0.225,0.26096491228070173,0.27807017543859647
0.23389232127096204,0.22859664607237423,0.2599293909973522,0.27758164165931154
0.2269722344645218,0.2353459673865139,0.2617893345085941,0.27589246364037023
0.23331879633667685,0.23724378543392935,0.25381596162232883,0.275621456607065
0.22745270567531897,0.2353717553893533,0.2622085349758029,0.27496700395952484
0.22955837341495408,0.2334936598163533,0.26278968080454745,0.27415828596414515
0.23073555166374782,0.23029772329246936,0.2626970227670753,0.27626970227670755
0.22707231040564374,0.22883597883597884,0.26763668430335097,0.27645502645502645
0.22305323361196655,0.23185217773867137,0.2622085349758029,0.2828860536735592
0.22520934332304982,0.22785368003525783,0.2604671661524901,0.2864698104892023
0.23251748251748253,0.21853146853146854,0.2631118881118881,0.28583916083916083
0.23393885688967656,0.21798848028356224,0.2609658839167036,0.2871067789100576
0.23537234042553193,0.21808510638297873,0.2575354609929078,0.28900709219858156
0.22673656618610746,0.2197466142420271,0.26299694189602446,0.290519877675841
0.22626441881100265,0.22981366459627328,0.2604259094942325,0.2834960070984916
0.23110528615115772,0.2219309742245522,0.26649191786806464,0.2804718217562254
0.2243278977523138,0.23005729396209784,0.2657558395769061,0.27985896870868227
0.23015873015873015,0.2279541446208113,0.26278659611992944,0.2791005291005291
0.2244541484716157,0.2336244541484716,0.25851528384279476,0.2834061135371179
0.22246503496503497,0.23470279720279721,0.25874125874125875,0.2840909090909091
0.22883597883597884,0.2279541446208113,0.2526455026455027,0.29056437389770723
0.22493345164152617,0.23203194321206744,0.2502218278615794,0.29281277728482696
0.22641509433962265,0.22729267222465993,0.250987275120667,0.29530495831505044
0.22663139329805995,0.2279541446208113,0.24514991181657847,0.3002645502645503
0.2324159021406728,0.22105723023154217,0.2455220620358235,0.3010048055919616
0.23114035087719298,0.22543859649122808,0.25263157894736843,0.29078947368421054
0.2312087912087912,0.2210989010989011,0.258021978021978,0.2896703296703297
0.23026602703881377,0.2154382904491932,0.2594853903183602,0.2948102921936328
0.2288888888888889,0.21422222222222223,0.25822222222222224,0.2986666666666667
0.23469837076177896,0.2192866578599736,0.2562747688243065,0.289740202553941
0.23275478415665332,0.22029372496662217,0.2585669781931464,0.2883845126835781
0.22859664607237423,0.21800529567519858,0.25904677846425417,0.294351279788173
0.22713347921225382,0.21969365426695842,0.25864332603938733,0.29452954048140045
0.222663139329806,0.22134038800705466,0.25617283950617287,0.2998236331569665
0.22081329252295584,0.22168780061215565,0.2505465675557499,0.3069523393091386
0.22930500221336875,0.21912350597609562,0.25320938468348825,0.29836210712704736
0.22785368003525783,0.2234464521815778,0.24592331423534597,0.3027765535478184
0.23596491228070177,0.225,0.2394736842105263,0.2995614035087719
0.23415492957746478,0.22227112676056338,0.24075704225352113,0.3028169014084507
0.23204179364388333,0.2220287331301698,0.24379625598606877,0.3021332172398781
0.23399558498896247,0.21810154525386313,0.247682119205298,0.30022075055187636
0.22910216718266255,0.21716054842989826,0.2574082264484741,0.2963290579389651
0.22721325774095072,0.22241604884430877,0.25032708242477103,0.30004361098996946
0.22567747667703242,0.22612172367836517,0.25410928476232786,0.29409151488227453
0.22428256070640176,0.2163355408388521,0.258719646799117,0.30066225165562915
0.22840859272249014,0.21613327487943884,0.2542744410346339,0.3011836913634371
0.22095070422535212,0.22359154929577466,0.25616197183098594,0.2992957746478873
0.2185576077396658,0.2233948988566403,0.2537379067722076,0.3043095866314864
0.21953365596128466,0.23141223053233612,0.25692916849978004,0.2921249450065992
