C,D,Oc,Od
0.0,0.0,1.0,0.0
0.0,0.3333333333333333,0.6666666666666666,0.0
0.0,0.14285714285714285,0.8571428571428571,0.0
0.034482758620689655,0.13793103448275862,0.7586206896551724,0.06896551724137931
0.037037037037037035,0.18518518518518517,0.6666666666666666,0.1111111111111111
0.10989010989010989,0.16483516483516483,0.5824175824175825,0.14285714285714285
0.12413793103448276,0.15862068965517243,0.5448275862068965,0.1724137931034483
0.12558139534883722,0.20465116279069767,0.4790697674418605,0.19069767441860466
0.13398692810457516,0.20915032679738563,0.42810457516339867,0.22875816993464052
0.1407766990291262,0.24029126213592233,0.36650485436893204,0.2524271844660194
0.1575984990619137,0.24765478424015008,0.34709193245778613,0.24765478424015008
0.17391304347826086,0.2413793103448276,0.3313343328335832,0.25337331334332835
0.1941747572815534,0.2342233009708738,0.3094660194174757,0.2621359223300971
0.19461077844311378,0.23852295409181637,0.2954091816367265,0.2714570858283433
0.2094196804037006,0.2380151387720774,0.2809083263246426,0.2716568544995795
0.21526277897768178,0.23686105111591071,0.2814974802015839,0.2663786897048236
0.23578274760383386,0.22555910543130991,0.27859424920127795,0.2600638977635783
0.25431530494821636,0.2238204833141542,0.26352128883774456,0.2583429228998849
0.2591029023746702,0.22638522427440633,0.25804749340369393,0.25646437994722954
0.2646484375,0.22216796875,0.265625,0.24755859375
0.27474560592044406,0.2238667900092507,0.25809435707678074,0.2432932469935245
0.2766990291262136,0.2202118270079435,0.2621359223300971,0.2409532215357458
0.28480744815911974,0.2128650021159543,0.26745662293694455,0.23487092678798138
0.2789646672144618,0.21405094494658997,0.27198027937551356,0.23500410846343467
0.28346774193548385,0.20887096774193548,0.267741935483871,0.2399193548387097
0.281650641025641,0.2091346153846154,0.26963141025641024,0.23958333333333334
0.28211284513805523,0.2116846738695478,0.26410564225690275,0.2420968387354942
0.28365384615384615,0.2171474358974359,0.2668269230769231,0.23237179487179488
0.2771325590708851,0.21826191429715658,0.26631958350020024,0.2382859431317581
0.27392871445734884,0.21545855026031238,0.2719263115738887,0.23868642370845014
0.2796474358974359,0.21594551282051283,0.2676282051282051,0.23677884615384615
0.2777555110220441,0.22324649298597193,0.2649298597194389,0.23406813627254508
0.2777110844337735,0.22088835534213686,0.26330532212885155,0.23809523809523808
0.2778668805132318,0.22413793103448276,0.2694466720128308,0.2285485164394547
0.2754203362690152,0.22297838270616493,0.26621297037630104,0.2353883106485188
0.27472967561073286,0.2250700841009211,0.2671205446535843,0.23307969563476172
0.2657062825130052,0.22769107643057224,0.27050820328131253,0.23609443777511005
0.266025641025641,0.22796474358974358,0.27003205128205127,0.2359775641025641
0.2624198717948718,0.22916666666666666,0.26802884615384615,0.2403846153846154
0.25930372148859543,0.23169267707082833,0.2725090036014406,0.23649459783913565
0.26001602564102566,0.22956730769230768,0.27403846153846156,0.23637820512820512
0.26370548219287715,0.2264905962384954,0.27490996398559425,0.23489395758303322
0.26450580232092835,0.23129251700680273,0.2725090036014406,0.23169267707082833
0.26770708283313327,0.23169267707082833,0.272108843537415,0.22849139655862344
0.26410564225690275,0.23169267707082833,0.2729091636654662,0.23129251700680273
0.25900720576461167,0.23578863090472377,0.26621297037630104,0.2389911929543635
0.254,0.24,0.2672,0.2388
0.2568108974358974,0.24078525641025642,0.2644230769230769,0.23798076923076922
0.24929859719438877,0.24569138276553107,0.2633266533066132,0.24168336673346694
0.24489795918367346,0.2384953981592637,0.26770708283313327,0.24889955982392958
0.24949939927913498,0.24108930716860233,0.2671205446535843,0.2422907488986784
0.2484,0.2404,0.2696,0.2416
0.2515018021625951,0.24309171005206248,0.26672006407689225,0.23868642370845014
0.2567080496595915,0.24349219062875452,0.26111333600320386,0.23868642370845014
0.25380304243394713,0.24139311449159329,0.2654123298638911,0.23939151321056845
0.250400641025641,0.23958333333333334,0.26963141025641024,0.2403846153846154
0.2502001601281025,0.23819055244195356,0.2682145716573259,0.2433947157726181
0.25500400320256206,0.23578863090472377,0.2690152121697358,0.2401921537229784
0.2545018007202881,0.2344937975190076,0.2693077230892357,0.2416966786714686
0.250400641025641,0.2359775641025641,0.27323717948717946,0.2403846153846154
0.24619695756605284,0.2377902321857486,0.27261809447558044,0.2433947157726181
0.244595676541233,0.2397918334667734,0.266613290632506,0.24899919935948758
0.2460984393757503,0.24009603841536614,0.26450580232092835,0.24929971988795518
0.24539631705364293,0.24259407526020815,0.2618094475580464,0.2502001601281025
0.25060048038430743,0.2389911929543635,0.25820656525220176,0.2522017614091273
0.24509411293552263,0.24028834601521826,0.2595114136964357,0.2551061273528234
0.23918269230769232,0.24519230769230768,0.2608173076923077,0.2548076923076923
0.2412,0.2472,0.2636,0.248
0.23689475790316125,0.24769907963185275,0.26410564225690275,0.25130052020808324
0.24009603841536614,0.24489795918367346,0.26290516206482595,0.25210084033613445
0.23729491796718688,0.24449779911964786,0.26250500200080035,0.25570228091236497
0.23738991192954365,0.24579663730984788,0.26140912730184146,0.255404323458767
0.24,0.2416,0.2628,0.2556
0.23729491796718688,0.24289715886354543,0.2621048419367747,0.25770308123249297
0.23468161794152984,0.2515018021625951,0.2619142971565879,0.25190228273928716
0.2364,0.256,0.2592,0.2484
0.2392957182873149,0.24769907963185275,0.264905962384954,0.24809923969587835
0.23729491796718688,0.24289715886354543,0.2665066026410564,0.2533013205282113
0.2406888265919103,0.24189026832198637,0.26271525830997194,0.25470564677613133
0.24369747899159663,0.23729491796718688,0.2581032412965186,0.2609043617446979
0.24179343474779824,0.2365892714171337,0.2566052842273819,0.26501200960768617
0.23937449879711306,0.23696872493985566,0.2578187650360866,0.26583801122694467
0.23729491796718688,0.23769507803121248,0.2553021208483393,0.26970788315326133
0.24118589743589744,0.24078525641025642,0.2532051282051282,0.26482371794871795
0.2455929487179487,0.23918269230769232,0.25240384615384615,0.26282051282051283
0.24318910256410256,0.23918269230769232,0.25721153846153844,0.2604166666666667
0.24739374498797112,0.23777064955894145,0.26222935044105855,0.2526062550120289
0.2456,0.242,0.256,0.2564
0.2384,0.2428,0.2584,0.2604
0.23908690428514218,0.2446936323588306,0.25590708850620747,0.2603123748498198
0.23908690428514218,0.24749699639567482,0.2647176611934321,0.2486984381257509
0.23729491796718688,0.24969987995198079,0.26450580232092835,0.24849939975990396
0.24139311449159329,0.24859887910328263,0.2622097678142514,0.2477982385908727
0.24299439551641314,0.2465972778222578,0.26140912730184146,0.24899919935948758
0.24499599679743794,0.24619695756605284,0.2546036829463571,0.25420336269015215
0.2364,0.2516,0.2572,0.2548
0.2348,0.258,0.2496,0.2576
0.2389911929543635,0.25900720576461167,0.25060048038430743,0.2514011208967174
0.24318910256410256,0.25841346153846156,0.24879807692307693,0.24959935897435898
0.2416966786714686,0.2585034013605442,0.24849939975990396,0.25130052020808324
0.24369747899159663,0.25650260104041617,0.2537014805922369,0.2460984393757503
0.2488,0.2556,0.2496,0.246
0.24409763905562226,0.2601040416166467,0.24969987995198079,0.2460984393757503
0.2484,0.2592,0.2524,0.24
0.24289715886354543,0.2609043617446979,0.2533013205282113,0.24289715886354543
0.2376,0.2636,0.256,0.2428
0.23609443777511005,0.2609043617446979,0.2617046818727491,0.24129651860744297
0.2392957182873149,0.25930372148859543,0.2613045218087235,0.24009603841536614
0.24089635854341737,0.2617046818727491,0.25130052020808324,0.2460984393757503
0.24139311449159329,0.2578062449959968,0.2566052842273819,0.24419535628502803
0.2456,0.2576,0.2592,0.2376
0.24889955982392958,0.2617046818727491,0.2537014805922369,0.23569427771108442
0.25180144115292236,0.2522017614091273,0.2570056044835869,0.2389911929543635
0.2511013215859031,0.2523027633159792,0.25590708850620747,0.2406888265919103
0.24979983987189752,0.2546036829463571,0.25820656525220176,0.23738991192954365
0.2488,0.2544,0.262,0.2348
0.24499599679743794,0.2602081665332266,0.26140912730184146,0.233386709367494
0.24499599679743794,0.2618094475580464,0.25980784627702164,0.233386709367494
0.24609218436873748,0.26613226452905814,0.2545090180360721,0.23326653306613226
0.244595676541233,0.26701361088871095,0.2502001601281025,0.23819055244195356
0.2428,0.2612,0.2524,0.2436
0.25170068027210885,0.25730292116846737,0.2452981192476991,0.2456982793117247
0.25190228273928716,0.2555066079295154,0.24669603524229075,0.24589507408890668
0.2556,0.2596,0.2456,0.2392
0.2595114136964357,0.2567080496595915,0.2394873848618342,0.24429315178213856
0.2570056044835869,0.25820656525220176,0.23618895116092875,0.24859887910328263
0.25590708850620747,0.25710853023628355,0.2406888265919103,0.24629555466559871
0.2522017614091273,0.2562049639711769,0.2421937550040032,0.24939951961569257
0.2514011208967174,0.25580464371497197,0.24299439551641314,0.24979983987189752
0.254,0.2592,0.24,0.2468
0.2549019607843137,0.2609043617446979,0.23769507803121248,0.24649859943977592
0.25900720576461167,0.2566052842273819,0.23819055244195356,0.24619695756605284
0.2562049639711769,0.24819855884707767,0.24259407526020815,0.2530024019215372
0.2566052842273819,0.24179343474779824,0.244595676541233,0.2570056044835869
0.2549019607843137,0.24369747899159663,0.24649859943977592,0.2549019607843137
0.25280448717948717,0.24639423076923078,0.2483974358974359,0.25240384615384615
0.2624,0.24,0.2416,0.256
0.2609043617446979,0.2416966786714686,0.23969587835134054,0.25770308123249297
0.25930372148859543,0.24289715886354543,0.2384953981592637,0.25930372148859543
0.25930372148859543,0.24769907963185275,0.2308923569427771,0.2621048419367747
0.2522017614091273,0.24739791833466773,0.23738991192954365,0.26301040832666134
0.25310372446936324,0.2527032438926712,0.23267921505806968,0.26151381657989586
0.2585034013605442,0.24729891956782712,0.2384953981592637,0.25570228091236497
0.2562049639711769,0.24699759807846278,0.24379503602882305,0.2530024019215372
0.25130052020808324,0.24449779911964786,0.24969987995198079,0.2545018007202881
0.25290116046418565,0.2452981192476991,0.250500200080032,0.25130052020808324
0.2548076923076923,0.24639423076923078,0.25240384615384615,0.24639423076923078
0.25750901081297556,0.24749699639567482,0.25190228273928716,0.24309171005206248
0.2534027221777422,0.24939951961569257,0.2534027221777422,0.24379503602882305
0.2562049639711769,0.24859887910328263,0.25740592473979185,0.2377902321857486
0.25830997196635963,0.24549459351221467,0.25871045254305164,0.23748498197837406
0.25580464371497197,0.24259407526020815,0.26301040832666134,0.23859087269815854
0.25260208166533227,0.2465972778222578,0.26301040832666134,0.2377902321857486
0.2528,0.2484,0.2628,0.236
0.2496,0.2568,0.2584,0.2352
0.2420968387354942,0.26290516206482595,0.2545018007202881,0.24049619847939174
0.25,0.26,0.2512,0.2388
0.24849939975990396,0.2585034013605442,0.25090036014405764,0.2420968387354942
0.24589507408890668,0.26111333600320386,0.25190228273928716,0.24108930716860233
0.2552,0.26,0.2488,0.236
0.25500400320256206,0.2602081665332266,0.24899919935948758,0.23578863090472377
0.25560897435897434,0.2592147435897436,0.24358974358974358,0.24158653846153846
0.2599118942731278,0.2551061273528234,0.23908690428514218,0.24589507408890668
0.26330532212885155,0.2549019607843137,0.24089635854341737,0.24089635854341737
0.2603123748498198,0.2539046856227473,0.23988786543852622,0.24589507408890668
0.2595114136964357,0.25590708850620747,0.2394873848618342,0.24509411293552263
0.2597194388777555,0.2529058116232465,0.23687374749499,0.250501002004008
0.26642628205128205,0.2520032051282051,0.2299679487179487,0.2516025641025641
0.263115738886664,0.24309171005206248,0.24028834601521826,0.25350420504605525
0.2661064425770308,0.24969987995198079,0.22929171668667467,0.2549019607843137
0.2594075260208166,0.25180144115292236,0.23298638911128902,0.25580464371497197
0.256,0.2496,0.2388,0.2556
0.25841346153846156,0.24759615384615385,0.24278846153846154,0.2512019230769231
0.25970388155262103,0.24689875950380152,0.24449779911964786,0.24889955982392958
0.25900720576461167,0.24819855884707767,0.2477982385908727,0.24499599679743794
0.2592,0.2504,0.246,0.2444
0.2570056044835869,0.25260208166533227,0.24859887910328263,0.24179343474779824
0.25750901081297556,0.2551061273528234,0.24309171005206248,0.24429315178213856
0.254,0.2528,0.2456,0.2476
0.24489795918367346,0.25730292116846737,0.24449779911964786,0.2533013205282113
0.24489795918367346,0.25610244097639057,0.24489795918367346,0.2541016406562625
0.2460984393757503,0.25250100040016005,0.24689875950380152,0.2545018007202881
0.24809923969587835,0.25650260104041617,0.24849939975990396,0.24689875950380152
0.24669603524229075,0.25350420504605525,0.2539046856227473,0.24589507408890668
0.24889955982392958,0.2553021208483393,0.24449779911964786,0.25130052020808324
0.25130052020808324,0.2541016406562625,0.24689875950380152,0.24769907963185275
0.2448,0.2572,0.2528,0.2452
0.24519230769230768,0.25721153846153844,0.2536057692307692,0.2439903846153846
0.24059247397918335,0.25740592473979185,0.25820656525220176,0.24379503602882305
0.23477564102564102,0.25560897435897434,0.2636217948717949,0.24599358974358973
0.22818254603682947,0.25420336269015215,0.2678142514011209,0.24979983987189752
0.22698158526821458,0.25420336269015215,0.26701361088871095,0.25180144115292236
0.22488995598239295,0.25570228091236497,0.266906762705082,0.25250100040016005
0.22818254603682947,0.25180144115292236,0.2654123298638911,0.2546036829463571
0.2278734481377653,0.2551061273528234,0.2683219863836604,0.2486984381257509
0.22377902321857485,0.25420336269015215,0.27502001601281023,0.24699759807846278
0.23138510808646917,0.24979983987189752,0.2702161729383507,0.24859887910328263
0.2364,0.2496,0.2724,0.2416
0.2345876701361089,0.25380304243394713,0.27181745396317053,0.2397918334667734
0.23357371794871795,0.25841346153846156,0.2676282051282051,0.2403846153846154
0.24379503602882305,0.24899919935948758,0.2654123298638911,0.24179343474779824
0.2421937550040032,0.25740592473979185,0.255404323458767,0.24499599679743794
0.2496,0.2536,0.252,0.2448
0.2543051661994393,0.2567080496595915,0.2515018021625951,0.23748498197837406
0.24829795754905887,0.2647176611934321,0.24669603524229075,0.24028834601521826
0.24729891956782712,0.26770708283313327,0.2416966786714686,0.24329731892757103
0.2464,0.2696,0.2468,0.2372
0.24929971988795518,0.2657062825130052,0.2424969987995198,0.2424969987995198
0.24409763905562226,0.26770708283313327,0.24409763905562226,0.24409763905562226
0.24479166666666666,0.2676282051282051,0.2467948717948718,0.24078525641025642
0.2484,0.2636,0.2484,0.2396
0.24619695756605284,0.2702161729383507,0.24619695756605284,0.23738991192954365
0.2549019607843137,0.2621048419367747,0.2460984393757503,0.23689475790316125
0.25820656525220176,0.25820656525220176,0.24539631705364293,0.23819055244195356
0.2572,0.2616,0.2464,0.2348
0.255404323458767,0.25580464371497197,0.2530024019215372,0.23578863090472377
0.2549019607843137,0.2533013205282113,0.25610244097639057,0.23569427771108442
0.2524,0.258,0.2512,0.2384
0.24849939975990396,0.2545018007202881,0.2460984393757503,0.25090036014405764
0.25060144346431434,0.2558139534883721,0.24739374498797112,0.24619085805934243
0.2551061273528234,0.2511013215859031,0.24829795754905887,0.24549459351221467
0.25290116046418565,0.25290116046418565,0.24849939975990396,0.2456982793117247
0.2509018036072144,0.2533066132264529,0.24849699398797595,0.2472945891783567
0.2532,0.2528,0.2488,0.2452
0.25721153846153844,0.2548076923076923,0.2467948717948718,0.24118589743589744
0.2598235765838011,0.2554129911788292,0.24779470729751404,0.23696872493985566
0.2601040416166467,0.2537014805922369,0.24769907963185275,0.2384953981592637
0.2592147435897436,0.2568108974358974,0.2455929487179487,0.23838141025641027
0.2626100880704564,0.2522017614091273,0.24899919935948758,0.23618895116092875
0.2682145716573259,0.24619695756605284,0.24499599679743794,0.24059247397918335
0.2695234281137365,0.23988786543852622,0.24749699639567482,0.24309171005206248
0.2692,0.2376,0.2468,0.2464
0.27363782051282054,0.23637820512820512,0.24278846153846154,0.24719551282051283
0.2737094837935174,0.23729491796718688,0.23489395758303322,0.2541016406562625
0.2704326923076923,0.24118589743589744,0.23838141025641027,0.25
0.27312775330396477,0.23668402082499,0.23988786543852622,0.250300360432519
0.2768,0.2332,0.2428,0.2472
0.2771325590708851,0.23868642370845014,0.2394873848618342,0.2446936323588306
0.2809123649459784,0.2308923569427771,0.2416966786714686,0.24649859943977592
0.2766212970376301,0.22618094475580464,0.24699759807846278,0.2502001601281025
0.27531012404961985,0.23129251700680273,0.2456982793117247,0.24769907963185275
0.2689075630252101,0.23169267707082833,0.24889955982392958,0.250500200080032
0.2676,0.2364,0.246,0.25
0.26060848678943155,0.24059247397918335,0.24619695756605284,0.25260208166533227
0.2627356598475732,0.2402727637384677,0.25310870437224225,0.2438828720417168
0.268,0.2436,0.2492,0.2392
0.2671205446535843,0.2394873848618342,0.2539046856227473,0.2394873848618342
0.2668,0.2328,0.2596,0.2408
0.2654123298638911,0.23298638911128902,0.25900720576461167,0.24259407526020815
0.26672006407689225,0.2318782539046856,0.2563075690828995,0.24509411293552263
0.26410564225690275,0.22849139655862344,0.2621048419367747,0.2452981192476991
0.26551862234681617,0.2314777733279936,0.2619142971565879,0.24108930716860233
0.26850740296118447,0.23609443777511005,0.2545018007202881,0.24089635854341737
0.26621297037630104,0.2377902321857486,0.2586068855084067,0.23738991192954365
0.2620192307692308,0.24278846153846154,0.2588141025641026,0.23637820512820512
0.25650260104041617,0.2388955582232893,0.2653061224489796,0.2392957182873149
0.2530024019215372,0.23939151321056845,0.2678142514011209,0.2397918334667734
0.250300360432519,0.24028834601521826,0.2719263115738887,0.23748498197837406
0.2456982793117247,0.24289715886354543,0.27090836334533813,0.24049619847939174
0.2477982385908727,0.2409927942353883,0.26861489191353083,0.24259407526020815
0.2536057692307692,0.24078525641025642,0.2672275641025641,0.23838141025641027
0.256,0.2368,0.2712,0.236
0.25290116046418565,0.2460984393757503,0.2661064425770308,0.23489395758303322
0.25740592473979185,0.24139311449159329,0.26701361088871095,0.23418734987990392
0.258,0.244,0.258,0.24
0.2570056044835869,0.24699759807846278,0.26140912730184146,0.2345876701361089
0.25580464371497197,0.24379503602882305,0.25980784627702164,0.24059247397918335
0.24739791833466773,0.2514011208967174,0.2570056044835869,0.24419535628502803
0.24189026832198637,0.24989987985582698,0.2603123748498198,0.24789747697236683
0.2468,0.2528,0.2616,0.2388
0.25090036014405764,0.25210084033613445,0.26250500200080035,0.2344937975190076
0.252,0.254,0.26,0.234
0.2534027221777422,0.2530024019215372,0.2578062449959968,0.23578863090472377
0.2530024019215372,0.2602081665332266,0.25260208166533227,0.23418734987990392
0.25060048038430743,0.26060848678943155,0.25420336269015215,0.2345876701361089
0.24689875950380152,0.26410564225690275,0.2537014805922369,0.23529411764705882
0.2460984393757503,0.2653061224489796,0.24969987995198079,0.2388955582232893
0.2433947157726181,0.2610088070456365,0.2534027221777422,0.2421937550040032
0.24589507408890668,0.25470564677613133,0.2527032438926712,0.24669603524229075
0.2421937550040032,0.2578062449959968,0.24939951961569257,0.25060048038430743
0.24849939975990396,0.25770308123249297,0.2420968387354942,0.25170068027210885
0.2551061273528234,0.25830997196635963,0.23748498197837406,0.24909891870244294
0.25830997196635963,0.26271525830997194,0.23388065678814576,0.24509411293552263
0.2585034013605442,0.26370548219287715,0.23769507803121248,0.24009603841536614
0.2533013205282113,0.27050820328131253,0.2388955582232893,0.23729491796718688
0.2523027633159792,0.2695234281137365,0.2406888265919103,0.23748498197837406
0.2570056044835869,0.27061649319455566,0.23859087269815854,0.23378702962369896
0.2552,0.2692,0.2448,0.2308
0.2584,0.2668,0.2412,0.2336
0.25871045254305164,0.26551862234681617,0.24028834601521826,0.2354825790949139
0.2657062825130052,0.2617046818727491,0.23489395758303322,0.23769507803121248
0.2687224669603524,0.2619142971565879,0.23668402082499,0.23267921505806968
0.26970788315326133,0.2617046818727491,0.23729491796718688,0.23129251700680273
0.2642113690952762,0.26701361088871095,0.2345876701361089,0.23418734987990392
0.26330532212885155,0.2693077230892357,0.23609443777511005,0.23129251700680273
0.2596,0.2712,0.234,0.2352
0.2586068855084067,0.27261809447558044,0.2397918334667734,0.22898318654923938
0.2609043617446979,0.2689075630252101,0.24129651860744297,0.22889155662264907
0.26511814177012416,0.2639167000400481,0.23868642370845014,0.23227873448137765
0.2642113690952762,0.266613290632506,0.23859087269815854,0.23058446757405926
0.25830997196635963,0.2675210252302763,0.24108930716860233,0.23307969563476172
0.258,0.272,0.2424,0.2276
0.262,0.268,0.2416,0.2284
0.2618094475580464,0.2594075260208166,0.2510008006405124,0.2277822257806245
0.25820656525220176,0.255404323458767,0.2586068855084067,0.2277822257806245
0.25610244097639057,0.25650260104041617,0.25770308123249297,0.22969187675070027
0.2578062449959968,0.255404323458767,0.25580464371497197,0.23098478783026422
0.25380304243394713,0.2594075260208166,0.2570056044835869,0.22978382706164932
0.2510008006405124,0.26701361088871095,0.25260208166533227,0.22938350680544436
0.24689875950380152,0.2613045218087235,0.2549019607843137,0.23689475790316125
0.24499599679743794,0.2642113690952762,0.2510008006405124,0.2397918334667734
0.2456,0.2628,0.2532,0.2384
0.2452981192476991,0.2609043617446979,0.2609043617446979,0.23289315726290516
0.2412,0.2564,0.2648,0.2376
0.2372,0.2572,0.2584,0.2472
0.24829795754905887,0.2515018021625951,0.25750901081297556,0.24269122947537045
0.2501000400160064,0.2545018007202881,0.25610244097639057,0.2392957182873149
0.23937449879711306,0.2550120288692863,0.2566158781074579,0.24899759422614273
0.24089635854341737,0.2545018007202881,0.25650260104041617,0.24809923969587835
0.24589507408890668,0.25710853023628355,0.25590708850620747,0.24108930716860233
0.2523027633159792,0.2599118942731278,0.2446936323588306,0.24309171005206248
0.24929971988795518,0.2605042016806723,0.24809923969587835,0.2420968387354942
0.2468,0.2636,0.2504,0.2392
0.24349219062875452,0.26551862234681617,0.25350420504605525,0.23748498197837406
0.2456,0.268,0.2532,0.2332
0.24689875950380152,0.26730692276910767,0.24689875950380152,0.2388955582232893
0.24009603841536614,0.27090836334533813,0.25210084033613445,0.23689475790316125
0.2424969987995198,0.264905962384954,0.25090036014405764,0.2416966786714686
0.24389267120544653,0.263115738886664,0.24829795754905887,0.2446936323588306
0.24139311449159329,0.25980784627702164,0.25380304243394713,0.24499599679743794
0.2456982793117247,0.25570228091236497,0.24769907963185275,0.25090036014405764
0.2477982385908727,0.2570056044835869,0.24299439551641314,0.2522017614091273
0.24729891956782712,0.25690276110444177,0.2424969987995198,0.2533013205282113
0.2496993987975952,0.2589178356713427,0.24529058116232466,0.24609218436873748
0.2544,0.2528,0.2448,0.248
0.25,0.24879807692307693,0.25240384615384615,0.24879807692307693
0.2464,0.2532,0.2508,0.2496
0.24489795918367346,0.25290116046418565,0.24809923969587835,0.2541016406562625
0.24259407526020815,0.24579663730984788,0.2510008006405124,0.26060848678943155
0.24899919935948758,0.24619695756605284,0.24619695756605284,0.2586068855084067
0.24739791833466773,0.2514011208967174,0.25060048038430743,0.25060048038430743
0.2464,0.254,0.2524,0.2472
0.24829795754905887,0.2515018021625951,0.24629555466559871,0.2539046856227473
0.24448897795591182,0.24929859719438877,0.24609218436873748,0.26012024048096194
0.2446936323588306,0.250300360432519,0.24629555466559871,0.25871045254305164
0.24329731892757103,0.24929971988795518,0.24689875950380152,0.2605042016806723
0.24889955982392958,0.24449779911964786,0.2452981192476991,0.2613045218087235
0.2514011208967174,0.24499599679743794,0.244595676541233,0.25900720576461167
0.24429315178213856,0.2551061273528234,0.24749699639567482,0.25310372446936324
0.2388955582232893,0.25970388155262103,0.2460984393757503,0.2553021208483393
0.2472,0.2572,0.2476,0.248
0.2528,0.2564,0.244,0.2468
0.25731462925851706,0.2589178356713427,0.24288577154308616,0.24088176352705412
0.25310372446936324,0.2591109331197437,0.24349219062875452,0.24429315178213856
0.2530024019215372,0.25900720576461167,0.2433947157726181,0.244595676541233
0.2594075260208166,0.2578062449959968,0.25180144115292236,0.23098478783026422
0.2578062449959968,0.2618094475580464,0.2465972778222578,0.23378702962369896
0.2532051282051282,0.2668269230769231,0.2467948717948718,0.23317307692307693
0.255404323458767,0.2578062449959968,0.24619695756605284,0.24059247397918335
0.26161858974358976,0.2520032051282051,0.2387820512820513,0.24759615384615385
0.26140912730184146,0.2534027221777422,0.24379503602882305,0.24139311449159329
0.25600961538461536,0.2536057692307692,0.24439102564102563,0.24599358974358973
0.2576,0.2468,0.2476,0.248
0.2545018007202881,0.24649859943977592,0.25290116046418565,0.2460984393757503
0.2528,0.248,0.2596,0.2396
0.2572,0.2496,0.2568,0.2364
0.2544,0.2496,0.2572,0.2388
0.2537014805922369,0.2452981192476991,0.26250500200080035,0.2384953981592637
0.2508,0.248,0.2628,0.2384
0.25420336269015215,0.25900720576461167,0.25180144115292236,0.23498799039231386
0.25770308123249297,0.2545018007202881,0.25170068027210885,0.23609443777511005
0.2515018021625951,0.25470564677613133,0.25310372446936324,0.2406888265919103
0.24509411293552263,0.2539046856227473,0.2579094913896676,0.24309171005206248
0.24529058116232466,0.2529058116232465,0.2565130260521042,0.24529058116232466
0.244595676541233,0.24859887910328263,0.25980784627702164,0.24699759807846278
0.243687374749499,0.25130260521042086,0.2665330661322645,0.23847695390781562
0.24409763905562226,0.250500200080032,0.2613045218087235,0.24409763905562226
0.250300360432519,0.2511013215859031,0.2595114136964357,0.23908690428514218
0.25250100040016005,0.2537014805922369,0.25570228091236497,0.23809523809523808
0.24809923969587835,0.25690276110444177,0.2537014805922369,0.24129651860744297
0.24939855653568566,0.25140336808340014,0.2594226142742582,0.23977546110665598
0.25380304243394713,0.2514011208967174,0.25060048038430743,0.24419535628502803
0.2516,0.2476,0.2552,0.2456
0.25610244097639057,0.24689875950380152,0.2545018007202881,0.2424969987995198
0.2581032412965186,0.23809523809523808,0.25930372148859543,0.24449779911964786
0.2477982385908727,0.24259407526020815,0.25900720576461167,0.25060048038430743
0.24089635854341737,0.24449779911964786,0.25610244097639057,0.2585034013605442
0.2384953981592637,0.2460984393757503,0.2601040416166467,0.2553021208483393
0.2377902321857486,0.24819855884707767,0.2610088070456365,0.2530024019215372
0.24049619847939174,0.2456982793117247,0.2613045218087235,0.25250100040016005
0.24139311449159329,0.2409927942353883,0.26381104883907125,0.25380304243394713
0.2387820512820513,0.24639423076923078,0.2588141025641026,0.25600961538461536
0.23748498197837406,0.24629555466559871,0.2619142971565879,0.2543051661994393
0.2424969987995198,0.24969987995198079,0.2601040416166467,0.24769907963185275
0.2377902321857486,0.2546036829463571,0.2586068855084067,0.24899919935948758
0.2428,0.2512,0.2548,0.2512
0.24158653846153846,0.25080128205128205,0.2568108974358974,0.25080128205128205
0.24289715886354543,0.2537014805922369,0.2553021208483393,0.24809923969587835
0.2433947157726181,0.2465972778222578,0.26140912730184146,0.24859887910328263
0.24269122947537045,0.24509411293552263,0.2619142971565879,0.250300360432519
0.24248496993987975,0.2533066132264529,0.25851703406813625,0.24569138276553107
0.2392,0.25,0.2636,0.2472
0.2336934773909564,0.24849939975990396,0.2657062825130052,0.25210084033613445
0.2312,0.2452,0.2652,0.2584
0.23529411764705882,0.2388955582232893,0.2665066026410564,0.25930372148859543
0.2342811373648378,0.23868642370845014,0.2675210252302763,0.2595114136964357
0.23689475790316125,0.24049619847939174,0.27050820328131253,0.25210084033613445
0.23418734987990392,0.24499599679743794,0.26861489191353083,0.2522017614091273
0.2288,0.252,0.2696,0.2496
0.2344937975190076,0.25210084033613445,0.26450580232092835,0.24889955982392958
0.23868642370845014,0.2523027633159792,0.2647176611934321,0.24429315178213856
0.24729891956782712,0.25770308123249297,0.25930372148859543,0.23569427771108442
0.24979983987189752,0.2578062449959968,0.2546036829463571,0.2377902321857486
0.24309171005206248,0.26231477773327994,0.25470564677613133,0.23988786543852622
0.24409763905562226,0.26330532212885155,0.25610244097639057,0.23649459783913565
0.24329731892757103,0.2617046818727491,0.25970388155262103,0.23529411764705882
0.24579663730984788,0.2610088070456365,0.25820656525220176,0.23498799039231386
0.24589507408890668,0.26631958350020024,0.2515018021625951,0.23628354024829795
0.244,0.2576,0.254,0.2444
0.24579663730984788,0.24939951961569257,0.25580464371497197,0.24899919935948758
0.24629555466559871,0.2486984381257509,0.25710853023628355,0.24789747697236683
0.2488,0.2528,0.2544,0.244
0.2492,0.2536,0.2552,0.242
0.24649859943977592,0.25970388155262103,0.25610244097639057,0.23769507803121248
0.2476,0.2592,0.2632,0.23
0.2536,0.262,0.2544,0.23
0.2553021208483393,0.2621048419367747,0.24969987995198079,0.23289315726290516
0.2530024019215372,0.26461168935148116,0.2433947157726181,0.2389911929543635
0.24899919935948758,0.2622097678142514,0.2465972778222578,0.2421937550040032
0.25470564677613133,0.2595114136964357,0.24389267120544653,0.24189026832198637
0.25470564677613133,0.2555066079295154,0.24749699639567482,0.2422907488986784
0.250500200080032,0.25730292116846737,0.25130052020808324,0.24089635854341737
0.2524,0.2588,0.252,0.2368
0.25130052020808324,0.25090036014405764,0.2553021208483393,0.2424969987995198
0.2522017614091273,0.2522017614091273,0.24739791833466773,0.24819855884707767
0.2504,0.2524,0.2484,0.2488
0.24449779911964786,0.2545018007202881,0.2533013205282113,0.24769907963185275
0.24259407526020815,0.2510008006405124,0.25820656525220176,0.24819855884707767
0.2416966786714686,0.2549019607843137,0.25930372148859543,0.24409763905562226
0.24289715886354543,0.25730292116846737,0.25970388155262103,0.24009603841536614
0.2404,0.2548,0.2588,0.246
0.24539631705364293,0.2514011208967174,0.25900720576461167,0.24419535628502803
0.2384,0.2508,0.264,0.2468
0.24,0.2492,0.264,0.2468
0.23418734987990392,0.2522017614091273,0.2678142514011209,0.24579663730984788
0.23859087269815854,0.2477982385908727,0.2682145716573259,0.24539631705364293
0.2412,0.2484,0.2676,0.2428
0.24289715886354543,0.24889955982392958,0.264905962384954,0.24329731892757103
0.24419535628502803,0.2477982385908727,0.26060848678943155,0.24739791833466773
0.2433947157726181,0.24499599679743794,0.26621297037630104,0.24539631705364293
0.24619695756605284,0.24379503602882305,0.2678142514011209,0.2421937550040032
0.25240384615384615,0.2483974358974359,0.26282051282051283,0.23637820512820512
0.25290116046418565,0.25130052020808324,0.2621048419367747,0.2336934773909564
0.24889955982392958,0.24769907963185275,0.266906762705082,0.23649459783913565
0.2465972778222578,0.2510008006405124,0.2654123298638911,0.23698959167333866
0.24539631705364293,0.2534027221777422,0.26621297037630104,0.23498799039231386
0.24539631705364293,0.2534027221777422,0.2634107285828663,0.2377902321857486
0.24449779911964786,0.25170068027210885,0.26290516206482595,0.24089635854341737
0.2424,0.2468,0.26,0.2508
0.24479166666666666,0.2455929487179487,0.2608173076923077,0.24879807692307693
0.23689475790316125,0.2541016406562625,0.25890356142456983,0.2501000400160064
0.24148978774529437,0.2527032438926712,0.25590708850620747,0.24989987985582698
0.2424969987995198,0.24809923969587835,0.2617046818727491,0.24769907963185275
0.244595676541233,0.24739791833466773,0.25740592473979185,0.25060048038430743
0.24859887910328263,0.24179343474779824,0.2602081665332266,0.24939951961569257
0.2512,0.2436,0.2552,0.25
0.25070084100921103,0.2446936323588306,0.25590708850620747,0.2486984381257509
0.2456982793117247,0.24449779911964786,0.2617046818727491,0.24809923969587835
0.23819055244195356,0.24579663730984788,0.26060848678943155,0.255404323458767
0.24369747899159663,0.2392957182873149,0.266906762705082,0.2501000400160064
0.2566052842273819,0.233386709367494,0.2634107285828663,0.2465972778222578
0.25650260104041617,0.23769507803121248,0.2553021208483393,0.250500200080032
0.2543051661994393,0.23388065678814576,0.26271525830997194,0.24909891870244294
0.2528,0.2388,0.2576,0.2508
0.2543051661994393,0.24028834601521826,0.2579094913896676,0.24749699639567482
0.2597194388777555,0.2372745490981964,0.2537074148296593,0.24929859719438877
0.2601040416166467,0.23769507803121248,0.2533013205282113,0.24889955982392958
0.258,0.246,0.2552,0.2408
0.2533013205282113,0.2501000400160064,0.25970388155262103,0.23689475790316125
0.2552,0.2516,0.2596,0.2336
0.252,0.2492,0.2596,0.2392
0.2504,0.2452,0.2624,0.242
0.2522017614091273,0.244595676541233,0.2654123298638911,0.2377902321857486
0.24899919935948758,0.24979983987189752,0.2642113690952762,0.23698959167333866
0.250400641025641,0.2536057692307692,0.265625,0.23036858974358973
0.2484,0.2572,0.2644,0.23
0.2432,0.2548,0.2688,0.2332
0.24489795918367346,0.25570228091236497,0.2653061224489796,0.234093637454982
0.24379503602882305,0.25980784627702164,0.2710168134507606,0.22538030424339472
0.2492,0.2576,0.2696,0.2236
0.25090036014405764,0.2585034013605442,0.2617046818727491,0.22889155662264907
0.24969987995198079,0.2537014805922369,0.26450580232092835,0.23209283713485393
0.24589507408890668,0.2551061273528234,0.26631958350020024,0.23267921505806968
0.24619085805934243,0.2598235765838011,0.2606255012028869,0.23336006415396954
0.2440881763527054,0.2565130260521042,0.25851703406813625,0.24088176352705412
0.24949939927913498,0.2555066079295154,0.2551061273528234,0.23988786543852622
0.2533013205282113,0.2553021208483393,0.25130052020808324,0.24009603841536614
0.25740592473979185,0.2534027221777422,0.25260208166533227,0.2365892714171337
0.24989987985582698,0.2591109331197437,0.25590708850620747,0.23508209851822187
0.24899919935948758,0.2562049639711769,0.25580464371497197,0.2389911929543635
0.2472,0.258,0.2564,0.2384
0.24369747899159663,0.25690276110444177,0.25930372148859543,0.24009603841536614
0.2460984393757503,0.25250100040016005,0.25730292116846737,0.24409763905562226
0.24269122947537045,0.25350420504605525,0.2579094913896676,0.24589507408890668
0.2452981192476991,0.24849939975990396,0.25690276110444177,0.24929971988795518
0.25420336269015215,0.24699759807846278,0.2566052842273819,0.2421937550040032
0.2551061273528234,0.24349219062875452,0.25350420504605525,0.24789747697236683
0.25580464371497197,0.24619695756605284,0.25420336269015215,0.24379503602882305
0.25750901081297556,0.24389267120544653,0.250300360432519,0.24829795754905887
0.2609043617446979,0.24089635854341737,0.2537014805922369,0.24449779911964786
0.2607128554265118,0.24309171005206248,0.24789747697236683,0.24829795754905887
0.25930372148859543,0.2416966786714686,0.2452981192476991,0.2537014805922369
0.25761217948717946,0.24318910256410256,0.24759615384615385,0.2516025641025641
0.25970388155262103,0.2384953981592637,0.24969987995198079,0.25210084033613445
0.26301040832666134,0.24139311449159329,0.25180144115292236,0.24379503602882305
0.2639167000400481,0.23788546255506607,0.24789747697236683,0.250300360432519
0.2683219863836604,0.24148978774529437,0.24669603524229075,0.24349219062875452
0.2690152121697358,0.244595676541233,0.24579663730984788,0.24059247397918335
0.2625250501002004,0.24569138276553107,0.24569138276553107,0.24609218436873748
0.26330532212885155,0.24329731892757103,0.24929971988795518,0.24409763905562226
0.2601040416166467,0.23729491796718688,0.25730292116846737,0.2452981192476991
0.25380304243394713,0.2397918334667734,0.26060848678943155,0.24579663730984788
0.24829795754905887,0.2470965158189828,0.25590708850620747,0.2486984381257509
0.2486984381257509,0.2486984381257509,0.25310372446936324,0.24949939927913498
0.2452,0.2488,0.258,0.248
0.2476,0.2476,0.2576,0.2472
0.2551061273528234,0.24309171005206248,0.25310372446936324,0.2486984381257509
0.2514011208967174,0.24859887910328263,0.2530024019215372,0.24699759807846278
0.24989987985582698,0.25070084100921103,0.2567080496595915,0.24269122947537045
0.25420336269015215,0.24699759807846278,0.2618094475580464,0.23698959167333866
0.25650260104041617,0.24329731892757103,0.264905962384954,0.23529411764705882
0.25871045254305164,0.24949939927913498,0.26151381657989586,0.2302763315979175
0.2563075690828995,0.24829795754905887,0.2643171806167401,0.23107729275130157
0.250500200080032,0.25730292116846737,0.2601040416166467,0.23209283713485393
0.2514011208967174,0.25900720576461167,0.26461168935148116,0.22497998398718974
0.2516,0.264,0.2556,0.2288
0.24369747899159663,0.26250500200080035,0.26450580232092835,0.22929171668667467
0.24909891870244294,0.25830997196635963,0.2595114136964357,0.23307969563476172
0.2511013215859031,0.2555066079295154,0.25750901081297556,0.23588305967160592
0.25400641025641024,0.2564102564102564,0.2548076923076923,0.23477564102564102
0.24539631705364293,0.2610088070456365,0.25060048038430743,0.24299439551641314
0.2496,0.26,0.246,0.2444
0.25380304243394713,0.2594075260208166,0.24739791833466773,0.23939151321056845
0.252,0.2572,0.252,0.2388
0.24489795918367346,0.25770308123249297,0.2545018007202881,0.24289715886354543
0.2416,0.258,0.26,0.2404
0.24189026832198637,0.2595114136964357,0.25710853023628355,0.24148978774529437
0.2416,0.258,0.2512,0.2492
0.23689475790316125,0.25690276110444177,0.2541016406562625,0.25210084033613445
0.2382859431317581,0.2511013215859031,0.2567080496595915,0.2539046856227473
0.2392957182873149,0.24489795918367346,0.25770308123249297,0.2581032412965186
0.23517628205128205,0.24919871794871795,0.26121794871794873,0.25440705128205127
0.23649459783913565,0.24889955982392958,0.2621048419367747,0.25250100040016005
0.23748498197837406,0.2470965158189828,0.2643171806167401,0.2511013215859031
0.23569427771108442,0.25090036014405764,0.2613045218087235,0.25210084033613445
0.23098478783026422,0.25060048038430743,0.26301040832666134,0.255404323458767
0.23058446757405926,0.2514011208967174,0.2654123298638911,0.25260208166533227
0.2308923569427771,0.250500200080032,0.26250500200080035,0.25610244097639057
0.2342811373648378,0.2527032438926712,0.2607128554265118,0.2523027633159792
0.23908690428514218,0.2579094913896676,0.25470564677613133,0.24829795754905887
0.24519230769230768,0.25280448717948717,0.25440705128205127,0.24759615384615385
0.24269122947537045,0.25470564677613133,0.2563075690828995,0.24629555466559871
0.23859087269815854,0.2534027221777422,0.2586068855084067,0.24939951961569257
0.2416966786714686,0.25770308123249297,0.2581032412965186,0.2424969987995198
0.23969587835134054,0.26250500200080035,0.2581032412965186,0.23969587835134054
0.24369747899159663,0.2609043617446979,0.25890356142456983,0.23649459783913565
0.2388955582232893,0.266906762705082,0.25930372148859543,0.23489395758303322
0.244,0.2692,0.2496,0.2372
0.24619695756605284,0.27181745396317053,0.24939951961569257,0.23258606885508407
0.24689875950380152,0.26850740296118447,0.24809923969587835,0.23649459783913565
0.2524,0.2632,0.2508,0.2336
0.252,0.2636,0.252,0.2324
0.24739791833466773,0.26301040832666134,0.25260208166533227,0.23698959167333866
0.24369747899159663,0.26450580232092835,0.2545018007202881,0.23729491796718688
0.24409763905562226,0.2613045218087235,0.25650260104041617,0.23809523809523808
0.2464,0.2572,0.2576,0.2388
0.23809523809523808,0.2665066026410564,0.25650260104041617,0.2388955582232893
0.23388065678814576,0.2695234281137365,0.2555066079295154,0.24108930716860233
