C,D,Oc,Od
1.0,0.0,0.0,0.0
0.6666666666666666,0.0,0.3333333333333333,0.0
0.5,0.0,0.5,0.0
0.4375,0.0,0.4375,0.125
0.41935483870967744,0.06451612903225806,0.3870967741935484,0.12903225806451613
0.4,0.08,0.36,0.16
0.3793103448275862,0.08045977011494253,0.367816091954023,0.1724137931034483
0.3787878787878788,0.08333333333333333,0.36363636363636365,0.17424242424242425
0.36787564766839376,0.08290155440414508,0.35751295336787564,0.19170984455958548
0.3716475095785441,0.07662835249042145,0.3563218390804598,0.19540229885057472
0.38372093023255816,0.08430232558139535,0.32848837209302323,0.20348837209302326
0.3810623556581986,0.08775981524249422,0.3187066974595843,0.21247113163972287
0.3740875912408759,0.08394160583941605,0.3284671532846715,0.21350364963503649
0.3748125937031484,0.07946026986506746,0.335832083958021,0.2098950524737631
0.36560509554140125,0.07388535031847134,0.34394904458598724,0.21656050955414013
0.364124597207304,0.07303974221267455,0.3383458646616541,0.22448979591836735
0.35376044568245124,0.0733519034354689,0.3435468895078923,0.22934076137418755
0.35489086499595796,0.0646725949878739,0.3403395311236863,0.2400970088924818
0.34,0.06428571428571428,0.34785714285714286,0.24785714285714286
0.3290897517504774,0.06047103755569701,0.35073201782304264,0.2597071928707829
0.33175355450236965,0.058056872037914695,0.36196682464454977,0.24822274881516587
0.3293216630196937,0.060175054704595186,0.36214442013129106,0.24835886214442013
0.32450331125827814,0.06367804381049415,0.3652572592969944,0.24656138563423333
0.3136966126656848,0.06774668630338733,0.3760432007854688,0.242513500245459
0.30009407337723426,0.07572906867356538,0.38287864534336785,0.24129821260583256
0.2962621135209968,0.08121827411167512,0.3779418550992155,0.2445777572681126
0.29918772563176893,0.08348375451263539,0.3858303249097473,0.23149819494584836
0.285136955545577,0.08307139649753031,0.3875168387965873,0.24427480916030533
0.2880386983289358,0.08927000879507475,0.38478452066842567,0.23790677220756376
0.2836411609498681,0.09058927000879508,0.38214599824098505,0.2436235708003518
0.2838196286472148,0.09328028293545534,0.3779840848806366,0.24491600353669318
0.2821869488536155,0.09523809523809523,0.3853615520282187,0.23721340388007053
0.28163444639718804,0.09402460456942004,0.38093145869947276,0.24340949033391915
0.28397212543554007,0.09364111498257839,0.37717770034843207,0.2452090592334495
0.27645502645502645,0.09523809523809523,0.3765432098765432,0.2517636684303351
0.2724485326325011,0.10030661410424879,0.37669732807709155,0.2505475251861586
0.2759982448442299,0.09741114523913998,0.3777972795085564,0.24879333040807372
0.27636203866432335,0.09797891036906854,0.37829525483304044,0.24736379613356765
0.2754517408550022,0.10092551784927281,0.38034376377258705,0.24327897752313796
0.27344782034346105,0.10612065169528842,0.3751651254953765,0.24526640246587406
0.2800177226406735,0.10367744793974303,0.3757199822773593,0.2405848471422242
0.2825410928476233,0.10750777432252333,0.37227898711683693,0.23767214571301643
0.2874779541446208,0.11067019400352733,0.36860670194003525,0.23324514991181658
0.2842526690391459,0.10720640569395018,0.3741103202846975,0.23443060498220641
0.28300220750551874,0.10816777041942605,0.36997792494481235,0.23885209713024283
0.28089395267309375,0.11305872042068361,0.3689745836985101,0.23707274320771254
0.282311424790472,0.11821790913101014,0.3705337450374945,0.22893692104102337
0.2795980777632154,0.11314984709480122,0.37702053298383575,0.23023154215814767
0.2760763426542388,0.118508655126498,0.3719485130936529,0.2334664891256103
0.27340989399293286,0.11969964664310954,0.36969964664310956,0.23719081272084805
0.27396657871591906,0.12049252418645559,0.3649956024626209,0.2405452946350044
0.270222999562746,0.12724092697857456,0.3581110625273284,0.2444250109313511
0.27365163572060125,0.1251105216622458,0.35587975243147657,0.2453580901856764
0.26924788607031597,0.12194036493101913,0.3680462839341344,0.24076546506453048
0.2612732095490716,0.125552608311229,0.3695844385499558,0.24358974358974358
0.26457597173144876,0.12411660777385158,0.3670494699646643,0.24425795053003532
0.2680229986731535,0.1251658558160106,0.36311366651923926,0.24369747899159663
0.26827133479212256,0.1212253829321663,0.362363238512035,0.24814004376367615
0.2690780767534186,0.12439347154830172,0.3599470666078518,0.24658138509042787
0.26855123674911663,0.1254416961130742,0.3621908127208481,0.24381625441696114
0.27065026362038663,0.1265377855887522,0.35808435852372583,0.24472759226713534
0.2748898678414097,0.126431718061674,0.3497797356828194,0.2488986784140969
0.27680906713164777,0.12467306015693112,0.35047951176983433,0.24803836094158674
0.2694663167104112,0.1325459317585302,0.3521434820647419,0.2458442694663167
0.27015057573073514,0.13773250664304695,0.34809565987599644,0.24402125775022143
0.27176314626601855,0.14007954043305346,0.34776844896155545,0.2403888643393725
0.2597345132743363,0.13539823008849558,0.3548672566371681,0.25
0.2598770851624232,0.13388937664618086,0.35645302897278314,0.2497805092186128
0.2624834290764472,0.14273088820150243,0.34909412284577995,0.24569155987627045
0.26474442988204455,0.14154652686762778,0.3442551332459589,0.24945391000436873
0.26821773485513606,0.14486391571553994,0.34064969271290607,0.2462686567164179
0.2658450704225352,0.14656690140845072,0.34330985915492956,0.2442781690140845
0.26803672933974637,0.14735461303017053,0.3384346305203323,0.24617402710975075
0.26734423331860363,0.14670790985417587,0.3398144056562086,0.24613345117101193
0.2623674911660777,0.15061837455830387,0.3392226148409894,0.247791519434629
0.2568523430592396,0.15605658709106984,0.34350132625994695,0.24358974358974358
0.2567151034786438,0.1549977983267283,0.3386173491853809,0.24966974900924702
0.2645133129637713,0.15626364033173287,0.3400261894369271,0.23919685726756876
0.2659902955447728,0.15394794883105425,0.33524481693868546,0.24481693868548743
0.26501766784452296,0.15547703180212014,0.3387809187279152,0.24072438162544169
0.27053140096618356,0.15458937198067632,0.33640755379885817,0.23847167325428195
0.26846528084918175,0.1601061477222468,0.3383458646616541,0.23308270676691728
0.2624113475177305,0.15691489361702127,0.3466312056737589,0.23404255319148937
0.26009552757273124,0.15458098132870168,0.35041250542770297,0.2349109856708641
0.2595688517377915,0.15750109986801583,0.3475582930048394,0.2353717553893533
0.26251097453906935,0.15715539947322213,0.3481123792800702,0.23222124670763827
0.2571428571428571,0.15956043956043955,0.3446153846153846,0.23868131868131867
0.2629253203711887,0.15731330092797172,0.34290764471939905,0.23685373398144058
0.2677787532923617,0.15320456540825286,0.33933274802458296,0.23968393327480245
0.270353982300885,0.15132743362831858,0.33716814159292036,0.2411504424778761
0.27280701754385966,0.15,0.3333333333333333,0.24385964912280703
0.269010989010989,0.14461538461538462,0.3393406593406593,0.24703296703296704
0.2647058823529412,0.14486391571553994,0.3424056189640035,0.24802458296751537
0.26371681415929205,0.14557522123893804,0.3420353982300885,0.24867256637168142
0.2580787959274015,0.1416555998229305,0.34971226206285966,0.2505533421868083
0.264783759929391,0.1443071491615181,0.3406884377758164,0.2502206531332745
0.26919682259488087,0.14254192409532215,0.34377758164165934,0.2444836716681377
0.2687089715536105,0.14923413566739607,0.33522975929978116,0.24682713347921226
0.2630646589902569,0.15101860053144375,0.33436669619131976,0.25155004428697963
0.2621489077128845,0.14667855550601872,0.34016941596076683,0.25100312082032994
0.26948480845442535,0.15103478643769264,0.3289299867899604,0.25055041831792163
0.26005244755244755,0.1520979020979021,0.3339160839160839,0.25393356643356646
0.2682280159080866,0.15112682280159082,0.32965090587715423,0.2509942554131684
0.2727272727272727,0.15050021748586342,0.331013484123532,0.24575902566333188
0.27313167259786475,0.14768683274021352,0.3318505338078292,0.24733096085409254
0.26480990274093724,0.15296198054818744,0.33687002652519893,0.2453580901856764
0.2609078889378581,0.1617452622300573,0.33362714852357866,0.24371970030850595
0.2596537949400799,0.16333777185974258,0.33067021748779407,0.24633821571238348
0.2540659340659341,0.16835164835164834,0.3345054945054945,0.24307692307692308
0.25782282944028206,0.16791538122520935,0.3265755839576906,0.24768620537681799
0.25616197183098594,0.16901408450704225,0.332306338028169,0.2425176056338028
0.2602197802197802,0.17406593406593407,0.3274725274725275,0.23824175824175825
0.26301853486319504,0.16902030008826124,0.32391879964695497,0.2440423654015887
0.2631578947368421,0.1723684210526316,0.31973684210526315,0.24473684210526317
0.26570680628272253,0.17539267015706805,0.31893542757417104,0.2399650959860384
0.2661113546690048,0.16922402455063568,0.32661113546690046,0.23805348531345902
0.26733977172958734,0.1672519754170325,0.32528533801580334,0.24012291483757683
0.2566021126760563,0.1681338028169014,0.3305457746478873,0.24471830985915494
0.26246140273489194,0.17247463608292898,0.3162770180855756,0.24878694309660343
0.26327433628318586,0.1747787610619469,0.31371681415929203,0.2482300884955752
0.26480836236933797,0.17247386759581881,0.3105400696864111,0.25217770034843207
0.26301853486319504,0.17431597528684908,0.3084730803177405,0.25419240953221534
0.2641093474426808,0.17768959435626103,0.3029100529100529,0.2552910052910053
0.26060070671378094,0.17667844522968199,0.30918727915194344,0.25353356890459366
0.26290463692038496,0.17585301837270342,0.30489938757655294,0.2563429571303587
0.25377107364685003,0.18544809228039041,0.2990239574090506,0.26175687666370895
0.2594050743657043,0.19116360454943132,0.28652668416447946,0.26290463692038496
0.2543936731107206,0.19068541300527242,0.29042179261862916,0.26449912126537783
0.2533039647577093,0.18722466960352424,0.2894273127753304,0.27004405286343613
0.2612931798051373,0.18467670504871567,0.29096545615589015,0.2630646589902569
0.2592756183745583,0.18286219081272084,0.29063604240282687,0.267226148409894
0.2648861646234676,0.17469352014010509,0.287215411558669,0.2732049036777583
0.26663747810858146,0.17732049036777583,0.2819614711033275,0.27408056042031526
0.2613784135240572,0.18335500650195058,0.2834850455136541,0.2717815344603381
0.2592756183745583,0.1855123674911661,0.286660777385159,0.26855123674911663
0.26090828138913624,0.1829919857524488,0.2867319679430098,0.26936776491540515
0.25297487880123404,0.1855442926399295,0.2886734244160423,0.2728074041427942
0.2559366754617414,0.1864555848724714,0.2862796833773087,0.27132805628847845
0.25583443416996915,0.18934390136503743,0.2813738441215324,0.27344782034346105
0.2530755711775044,0.18673110720562391,0.28251318101933215,0.27768014059753954
0.25505716798592787,0.18997361477572558,0.2752858399296394,0.2796833773087071
0.2527376259307928,0.19229084537888744,0.27113447218572057,0.28383705650459923
0.25327510917030566,0.19519650655021833,0.27379912663755457,0.2777292576419214
0.2482425307557118,0.19595782073813708,0.27987697715289983,0.2759226713532513
0.2532923617208077,0.19446883230904302,0.27348551360842843,0.2787532923617208
0.2577502214348981,0.19264836138175376,0.2674933569530558,0.2821080602302923
0.25785340314136124,0.1932809773123909,0.26919720767888305,0.27966841186736474
0.25252525252525254,0.1963109354413702,0.26570048309178745,0.2854633289415898
0.2563764291996482,0.1961301671064204,0.25769569041336854,0.28979771328056286
0.25298013245033113,0.19514348785871966,0.26136865342163357,0.29050772626931565
0.2531924262439454,0.19594892118009688,0.2611184500220167,0.289740202553941
0.2527376259307928,0.19973718791064388,0.2566798072711345,0.29084537888742884
0.25655594405594406,0.19667832167832167,0.2534965034965035,0.2932692307692308
0.25594713656387663,0.19691629955947137,0.25462555066079295,0.29251101321585904
0.2629955947136564,0.19515418502202644,0.25022026431718064,0.2916299559471366
0.2586054721977052,0.19549867608120036,0.24669020300088262,0.2992056487202118
0.260352422907489,0.19515418502202644,0.25066079295154187,0.2938325991189427
0.2523117569352708,0.20123293703214443,0.2509907529722589,0.2954645530603259
0.2579225352112676,0.1993838028169014,0.24867957746478872,0.29401408450704225
0.2638580931263858,0.19955654101995565,0.24789356984478936,0.2886917960088692
0.2594068171757415,0.20318725099601595,0.2456839309428951,0.2917220008853475
0.26048565121412803,0.20485651214128037,0.24326710816777042,0.2913907284768212
0.2596830985915493,0.21038732394366197,0.2442781690140845,0.28565140845070425
0.2700218818380744,0.20087527352297593,0.24682713347921226,0.28227571115973743
0.2660831509846827,0.2013129102844639,0.25032822757111595,0.28227571115973743
0.25963668586619404,0.19672131147540983,0.25299069561364645,0.2906513070447497
0.2544975866608161,0.19921017990346643,0.2566915313734094,0.28960070206230804
0.256092157731502,0.2007089056269384,0.25742135578201153,0.2857775808595481
0.24570673712021135,0.20651695288419197,0.25495376486129456,0.29282254513430206
0.24415011037527592,0.20176600441501102,0.2618101545253863,0.2922737306843267
0.24357298474945535,0.20610021786492375,0.26100217864923747,0.28932461873638343
0.2408791208791209,0.20131868131868133,0.2681318681318681,0.2896703296703297
0.23778359511343805,0.20157068062827224,0.268760907504363,0.2918848167539267
0.23845138583369996,0.20105587329520458,0.2710074791025077,0.28948526176858774
0.2388255915863278,0.203330411919369,0.268624014022787,0.2892199824715162
0.2429701230228471,0.20518453427065025,0.2693321616871705,0.28251318101933215
0.24825174825174826,0.20585664335664336,0.26354895104895104,0.28234265734265734
0.24616732369689007,0.2049934296977661,0.26982041173894,0.27901883486640383
0.2454905411350638,0.20501539815222172,0.2701275846898372,0.27936647602287723
0.24669603524229075,0.20572687224669603,0.2691629955947137,0.27841409691629954
0.2469352014010508,0.20665499124343256,0.266199649737303,0.28021015761821366
0.2478972996901284,0.20274457724656927,0.2682602921646746,0.2810978308986277
0.25189141076991545,0.2060525144637294,0.2683578104138852,0.27369826435246997
0.24877832074633496,0.21101732563305198,0.2581075077743225,0.2820968458462905
0.2480349344978166,0.2131004366812227,0.25851528384279476,0.28034934497816594
0.24078947368421053,0.21447368421052632,0.2596491228070175,0.2850877192982456
0.24548259144997797,0.21110621419127368,0.25914499779638606,0.2842661965623623
0.24146981627296588,0.2169728783902012,0.2563429571303587,0.2852143482064742
0.2373180414644905,0.21393912659902956,0.2567269519188355,0.29201588001764445
0.23215859030837005,0.21497797356828194,0.26343612334801764,0.2894273127753304
0.23039859833552342,0.2084975908891809,0.2597459483136224,0.30135786246167323
0.2215884159719175,0.2198332602018429,0.250987275120667,0.30759104870557263
0.22290478279947346,0.2215884159719175,0.24923211935059236,0.30627468187801665
0.22892092616863258,0.22018348623853212,0.24639580602883354,0.30449978156400176
0.22992540587977184,0.21763931548924967,0.25186485300570427,0.30057042562527425
0.23406113537117904,0.21397379912663755,0.2445414847161572,0.3074235807860262
0.22904782799473453,0.21895568231680562,0.24221149627029398,0.30978499341816584
0.229010989010989,0.2189010989010989,0.23736263736263735,0.31472527472527473
0.22256500661084178,0.2256500661084178,0.24460114587924195,0.30718378140149843
0.229020979020979,0.22552447552447552,0.24431818181818182,0.30113636363636365
0.22681318681318682,0.22285714285714286,0.24879120879120878,0.30153846153846153
0.22493461203138623,0.22493461203138623,0.24847428073234526,0.3016564952048823
0.22207792207792207,0.22813852813852814,0.2502164502164502,0.2995670995670996
0.21187943262411346,0.22828014184397163,0.2522163120567376,0.3076241134751773
0.21813403416557162,0.22558037669732808,0.24923346473937802,0.3070521243977223
0.21807124239791487,0.22371850564726325,0.24543874891398784,0.31277150304083406
0.22025652366209642,0.22821760283060594,0.24281291463954002,0.3087129588677576
0.21560035056967572,0.23137598597721298,0.24496056091148116,0.30806310254163016
0.2210065645514223,0.23238512035010941,0.24113785557986872,0.3054704595185996
0.21959755030621173,0.22440944881889763,0.24234470691163604,0.3136482939632546
0.22153846153846155,0.22021978021978023,0.24571428571428572,0.31252747252747254
0.218804920913884,0.22407732864674867,0.2469244288224956,0.3101933216168717
0.22276567363272565,0.22098710538016897,0.24410849266340595,0.31213872832369943
0.2168939727232732,0.22261328640563133,0.24285085789705235,0.3176418829740431
0.21967357741508603,0.22011468901632114,0.24437582708425232,0.3158359064843405
0.22294938917975568,0.21902268760907503,0.2456369982547993,0.31239092495637
0.22017543859649122,0.22456140350877193,0.24035087719298245,0.31491228070175437
0.22031662269129287,0.22295514511873352,0.2418645558487247,0.3148636763412489
0.21647677475898336,0.22567922874671342,0.23794916739702016,0.31989482909728306
0.21894273127753303,0.22290748898678414,0.2409691629955947,0.31718061674008813
0.2221246707638279,0.23046532045654083,0.23397717295873574,0.31343283582089554
0.22305323361196655,0.225692916849978,0.22877254729432467,0.3224813022437307
0.22505494505494505,0.22857142857142856,0.23076923076923078,0.3156043956043956
0.22573561703996486,0.22529644268774704,0.22968818620992534,0.31927975406236275
0.218804920913884,0.23374340949033393,0.23154657293497363,0.31590509666080846
0.22691292875989447,0.23175021987686895,0.23087071240105542,0.31046613896218117
0.22329670329670329,0.24043956043956044,0.22197802197802197,0.3142857142857143
0.2290845378887429,0.240473061760841,0.22076215505913271,0.3096802452912834
0.22567922874671342,0.2397020157756354,0.22392638036809817,0.310692375109553
0.2228140257434532,0.24189968930315137,0.22947181535730138,0.3058144695960941
0.2244718309859155,0.238556338028169,0.22931338028169015,0.3076584507042254
0.2224659938569548,0.2413339183852567,0.22948661693725317,0.30671347082053535
0.22673656618610746,0.2398427260812582,0.22673656618610746,0.30668414154652685
0.22470433639947437,0.24441524310118265,0.22514235654840123,0.3057380639509417
0.22783143107989465,0.24582967515364354,0.2273924495171203,0.2989464442493415
0.22697512003491924,0.24356176342208644,0.22915757311217808,0.3003055434308162
0.22709338009644892,0.2371766768960982,0.23366944322665498,0.3020604997807979
0.21602787456445993,0.23693379790940766,0.23606271777003485,0.31097560975609756
0.22167925366503777,0.23411816970235452,0.23678365171035096,0.30741892492225675
0.21842105263157896,0.23421052631578948,0.23903508771929824,0.30833333333333335
0.22530864197530864,0.2257495590828924,0.23897707231040563,0.3099647266313933
0.22158590308370044,0.2277533039647577,0.23700440528634362,0.3136563876651982
0.2223194748358862,0.22450765864332603,0.24113785557986872,0.312035010940919
0.2175253192426244,0.22192866578599735,0.25011008366358434,0.3104359313077939
0.21888598781549173,0.21671018276762402,0.2550043516100957,0.3093994778067885
0.22070484581497798,0.213215859030837,0.25022026431718064,0.3158590308370044
0.2256500661084178,0.21595416483032173,0.24195680916703394,0.31643895989422655
0.22589167767503301,0.22104799647732276,0.23734037868780272,0.3157199471598415
0.22055580061755625,0.22849580943978826,0.24217026907807676,0.30877812086457873
0.22573561703996486,0.23012736056214317,0.23276240667545015,0.3113746157224418
0.2276923076923077,0.23164835164835165,0.2312087912087912,0.30945054945054945
0.22555066079295155,0.23259911894273128,0.23348017621145375,0.30837004405286345
0.23117338003502627,0.23336252189141857,0.22679509632224168,0.3086690017513135
0.22703180212014135,0.23719081272084805,0.22924028268551236,0.30653710247349825
0.2322921249450066,0.2353717553893533,0.22745270567531897,0.30488341399032115
0.23480176211453743,0.23127753303964757,0.22995594713656387,0.3039647577092511
0.23204903677758318,0.23380035026269702,0.23029772329246936,0.30385288966725044
0.22197705207413945,0.2383053839364519,0.23477493380406,0.3049426301853486
0.22715289982425307,0.23506151142355008,0.23286467486818982,0.30492091388400705
0.22407732864674867,0.23506151142355008,0.23374340949033393,0.3071177504393673
0.22017543859649122,0.23684210526315788,0.23026315789473684,0.312719298245614
0.2167985927880387,0.23878627968337732,0.23131046613896217,0.3131046613896218
0.2163355408388521,0.24061810154525387,0.23178807947019867,0.31125827814569534
0.21769601401664476,0.2360928602715725,0.23653088042049936,0.3096802452912834
0.21868083222664897,0.23638778220451528,0.2381584772023019,0.30677290836653387
0.21920853712761226,0.23654957759004003,0.2432192085371276,0.3010226767452201
0.22070484581497798,0.23832599118942732,0.23920704845814977,0.30176211453744495
0.223841059602649,0.23487858719646798,0.23443708609271524,0.3068432671081678
0.2318141980718668,0.2388255915863278,0.23137598597721298,0.2979842243645925
0.23331879633667685,0.23724378543392935,0.2285215874400349,0.3009158307893589
0.2363556338028169,0.2425176056338028,0.22887323943661972,0.29225352112676056
0.23723591549295775,0.24735915492957747,0.22183098591549297,0.2935739436619718
0.24069264069264068,0.24545454545454545,0.21904761904761905,0.2948051948051948
0.23738481790258886,0.24923211935059236,0.21939447125932426,0.2939885914874945
0.23910171730515192,0.23778071334214002,0.2170849845882871,0.30603258476442097
0.2468916518650089,0.23357015985790408,0.21625222024866786,0.3032859680284192
0.2515473032714412,0.22679045092838196,0.21573828470380194,0.3059239610963749
0.25021987686895336,0.22691292875989447,0.218117854001759,0.30474934036939316
0.25333333333333335,0.2222222222222222,0.216,0.30844444444444447
0.25296442687747034,0.22837066315327184,0.21387790953008345,0.30478700043917434
0.25687666370896184,0.22448979591836735,0.22138420585625554,0.2972493345164153
0.25250763192324466,0.22241604884430877,0.2250327082424771,0.30004361098996946
0.25,0.2198952879581152,0.22905759162303665,0.3010471204188482
0.2494510320597277,0.22134387351778656,0.22705314009661837,0.3021519543258674
0.2559366754617414,0.21943711521547934,0.22251539138082674,0.3021108179419525
0.25485008818342153,0.2191358024691358,0.22530864197530864,0.30070546737213405
0.25736911570611526,0.21777386713594368,0.22393312802463705,0.300923889133304
0.25914499779638606,0.22036139268400176,0.2269722344645218,0.29352137505509035
0.2548245614035088,0.2206140350877193,0.23157894736842105,0.2929824561403509
0.2565905096660808,0.21836555360281196,0.23066783831282953,0.29437609841827767
0.2545213939126599,0.2258491398323776,0.22761358623731803,0.29201588001764445
0.24814329401485366,0.23154215814766274,0.22848405417212755,0.29183049366535607
0.2516585581601061,0.232640424590889,0.22865988500663423,0.28704113224237066
0.24934036939313983,0.2339489885664028,0.23043095866314864,0.2862796833773087
0.25265017667844525,0.23498233215547704,0.22703180212014135,0.28533568904593637
0.25547765118317267,0.2331288343558282,0.22392638036809817,0.287467134092901
0.2541630148992112,0.23488168273444346,0.22743207712532865,0.28352322524101664
0.2594713656387665,0.23788546255506607,0.22246696035242292,0.2801762114537445
0.2641014429383472,0.2334936598163533,0.22606034105815478,0.2763445561871447
0.27268779852366476,0.23317412071211463,0.2214502822405558,0.27268779852366476
0.2715669014084507,0.23107394366197184,0.2266725352112676,0.2706866197183099
0.2717013888888889,0.23133680555555555,0.2322048611111111,0.2647569444444444
0.27417218543046357,0.23090507726269316,0.2251655629139073,0.269757174392936
0.2757562472599737,0.22490135905304692,0.23235423060061378,0.26698816308636564
0.27280701754385966,0.22719298245614036,0.23508771929824562,0.2649122807017544
0.2767379679144385,0.2286096256684492,0.22994652406417113,0.2647058823529412
0.2691117984975696,0.22889969067609367,0.2346442775077331,0.26734423331860363
0.27016306743058616,0.2247686205376818,0.2375495813133539,0.2675187307183781
0.26117440841367223,0.2287467134092901,0.24057843996494302,0.26950043821209463
0.26411738550466873,0.22987994664295242,0.2401067140951534,0.2658959537572254
0.2689956331877729,0.237117903930131,0.2336244541484716,0.26026200873362443
0.2671081677704194,0.2392935982339956,0.2370860927152318,0.2565121412803532
0.26514486391571557,0.2440737489025461,0.2295873573309921,0.26119402985074625
0.26163301141352063,0.24802458296751537,0.2317822651448639,0.2585601404741001
0.25942156003505695,0.24934268185801928,0.22787028921998248,0.2633654688869413
0.2571174377224199,0.25044483985765126,0.2313167259786477,0.2611209964412811
0.2609841827768014,0.2478031634446397,0.22978910369068542,0.26142355008787344
0.25240174672489085,0.2550218340611354,0.2292576419213974,0.2633187772925764
0.2601232394366197,0.258362676056338,0.22711267605633803,0.25440140845070425
0.2612533097969991,0.2533097969991174,0.23124448367166814,0.25419240953221534
0.2684739833843463,0.2479230432881504,0.22999562745955401,0.25360734586794925
0.2621870882740448,0.2494510320597277,0.22968818620992534,0.25867369345630215
0.2682060390763766,0.2531083481349911,0.22824156305506216,0.25044404973357015
0.2639683238011439,0.2534095908490981,0.22877254729432467,0.25384953805543337
0.26152482269503546,0.250886524822695,0.22828014184397163,0.25930851063829785
0.2603160667251975,0.2489025460930641,0.22870939420544337,0.262071992976295
0.2562747688243065,0.24834874504623514,0.22721268163804492,0.26816380449141347
0.26132864056313243,0.24901011878574572,0.22613286405631325,0.2635283765948086
0.2573784722222222,0.24696180555555555,0.23177083333333334,0.2638888888888889
0.25726872246696036,0.25022026431718064,0.23083700440528634,0.2616740088105727
0.26044874615046193,0.2507699076110867,0.2322921249450066,0.2564892212934448
0.25756910925844667,0.25010969723562965,0.23519087318999563,0.25713032031592803
0.2629003558718861,0.25044483985765126,0.23487544483985764,0.251779359430605
0.259825327510917,0.2497816593886463,0.23580786026200873,0.254585152838428
0.2608888888888889,0.24266666666666667,0.24266666666666667,0.25377777777777777
0.26240208877284593,0.24281984334203655,0.24760661444734552,0.24717145343777197
0.25618374558303886,0.24514134275618374,0.2504416961130742,0.24823321554770317
0.25539409951563186,0.24350506384852488,0.2531924262439454,0.24790841039189784
0.25263157894736843,0.23640350877192984,0.262719298245614,0.2482456140350877
0.25549692172383465,0.23482849604221637,0.2612137203166227,0.2484608619173263
0.25208241999123193,0.23805348531345902,0.2604120999561596,0.2494519947391495
0.25044483985765126,0.2411032028469751,0.2615658362989324,0.24688612099644128
0.25277161862527714,0.24035476718403548,0.26252771618625276,0.2443458980044346
0.24846356453028973,0.242756804214223,0.2660228270412643,0.242756804214223
0.2460456942003515,0.24253075571177504,0.27065026362038663,0.24077328646748683
0.2483574244415243,0.24879544459045116,0.2636881296539641,0.23915900131406045
0.2462154942119323,0.25066785396260016,0.26447016918967053,0.23864648263579696
0.2467991169977925,0.25121412803532006,0.2640176600441501,0.2379690949227373
0.24669020300088262,0.2533097969991174,0.2599293909973522,0.24007060900264784
0.24344735673034207,0.25322079075966236,0.2581075077743225,0.24522434473567303
0.24110671936758893,0.25867369345630215,0.25428194993412384,0.24593763724198506
0.24081451969898185,0.25763612217795484,0.2594068171757415,0.24214254094732182
0.24441524310118265,0.2566798072711345,0.25317564607971965,0.2457293035479632
0.24494283201407213,0.2620932277924362,0.24890061565523308,0.24406332453825857
0.2456369982547993,0.26221640488656195,0.2526178010471204,0.2395287958115183
0.23820026466696073,0.2699602999558888,0.25275694750771943,0.23908248786943095
0.23977122745270568,0.2652881654201496,0.2507699076110867,0.24417069951605808
0.24318381706244502,0.26517150395778366,0.25065963060686014,0.24098504837291118
0.25252969643642764,0.2666080070391553,0.24065112186537616,0.2402111746590409
0.24933569530558017,0.2657218777679362,0.24889282550930025,0.23604960141718334
0.25271857329273595,0.2701174423662462,0.2379295345802523,0.23923444976076555
0.24867491166077738,0.2747349823321555,0.2416077738515901,0.23498233215547704
0.24635117204776646,0.2781954887218045,0.2419283502874834,0.2335249889429456
0.23904382470119523,0.27976980965028775,0.24612660469234174,0.2350597609561753
0.24075704225352113,0.28036971830985913,0.24515845070422534,0.23371478873239437
0.24174372523117568,0.2796125055041832,0.24438573315719947,0.23425803610744167
0.24658740642888596,0.2769704975781594,0.24482606781153676,0.23161602818141788
0.24911816578483245,0.2724867724867725,0.2447089947089947,0.23368606701940034
0.2504370629370629,0.2687937062937063,0.24956293706293706,0.2312062937062937
0.2526455026455027,0.2654320987654321,0.25220458553791886,0.22971781305114639
0.2579225352112676,0.2601232394366197,0.2442781690140845,0.23767605633802816
0.25689277899343543,0.2608315098468271,0.24463894967177244,0.23763676148796498
0.25366503776099514,0.2576632607729898,0.24211461572634385,0.24655708573967125
0.2511013215859031,0.2607929515418502,0.23788546255506607,0.25022026431718064
0.24801762114537446,0.26387665198237886,0.23832599118942732,0.2497797356828194
0.24780701754385964,0.2706140350877193,0.2381578947368421,0.24342105263157895
0.24457244129375277,0.2715994683207798,0.23881258307487815,0.24501550731058927
0.2387209811651336,0.2671922908453789,0.24266316250547526,0.2514235654840123
0.2394303515798843,0.27102803738317754,0.2421005785491767,0.24744103248776145
0.24269264836138174,0.2679362267493357,0.2409211691762622,0.24844995571302037
0.23461195361284568,0.2627118644067797,0.24531668153434433,0.25735950044603034
0.244,0.26,0.24177777777777779,0.25422222222222224
0.24844444444444444,0.2591111111111111,0.2368888888888889,0.25555555555555554
0.2532981530343008,0.262532981530343,0.23306948109058928,0.2510993843447669
0.25099955575299865,0.2701021768103065,0.23545091070635274,0.24344735673034207
0.2513392857142857,0.26785714285714285,0.23839285714285716,0.24241071428571428
0.25341560158660204,0.2670780079330101,0.23490524460114587,0.24460114587924195
0.2552910052910053,0.2689594356261023,0.23412698412698413,0.24162257495590828
0.25308098591549294,0.26672535211267606,0.2363556338028169,0.2438380281690141
0.2537379067722076,0.2647317502198769,0.23790677220756376,0.2436235708003518
0.25492772667542707,0.26237406920718354,0.2395970214629873,0.24310118265440211
0.2533039647577093,0.26387665198237886,0.24052863436123348,0.2422907488986784
0.25,0.26108156028368795,0.24512411347517732,0.24379432624113476
0.2547545333923043,0.25785050862450243,0.24679345422379478,0.24060150375939848
0.2505465675557499,0.26191517271534764,0.2470485351989506,0.2404897245299519
0.24812692816218598,0.25958572058175405,0.24944909651829,0.24283825473776993
0.24855747891699956,0.2632046160674656,0.24855747891699956,0.2396804260985353
0.25188804975566415,0.26388271879164815,0.2514438027543314,0.23278542869835628
0.25033229951262737,0.26451041205139564,0.24856003544528135,0.23659725299069562
0.2503311258278146,0.26048565121412803,0.24900662251655628,0.2401766004415011
0.24888691006233304,0.2809439002671416,0.23909171861086376,0.23107747105966162
0.24724061810154527,0.27947019867549666,0.23664459161147902,0.23664459161147902
0.2547294324681038,0.27584689837219534,0.23625164980202376,0.2331720193576771
0.2506619593998235,0.27537511032656664,0.23609885260370697,0.23786407766990292
0.2527618205921343,0.27883340698188247,0.23552806009721608,0.2328767123287671
0.25076452599388377,0.2743556138051551,0.236347750109218,0.23853211009174313
0.24636403702071397,0.28294402820625825,0.23446452181577787,0.2362274129572499
0.24800708591674048,0.2812223206377325,0.23073516386182463,0.2400354295837024
0.2491150442477876,0.27831858407079646,0.2327433628318584,0.2398230088495575
0.2514310876265962,0.2809335094671951,0.23161602818141788,0.23601937472479084
0.24402125775022143,0.28476527900797166,0.2263064658990257,0.24490699734278124
0.24546660769570985,0.2874834144183989,0.22069880583812473,0.24635117204776646
0.24735915492957747,0.28080985915492956,0.22139084507042253,0.25044014084507044
0.24659938569548048,0.2781921895568232,0.21895568231680562,0.25625274243089075
0.25542275343072157,0.2682602921646746,0.2266489597166888,0.249667994687915
0.2540659340659341,0.27076923076923076,0.22813186813186814,0.24703296703296704
0.2560069899519441,0.2651813018785496,0.22935779816513763,0.24945391000436873
0.25763612217795484,0.27047366091190794,0.22797698096502877,0.24391323594510844
0.25653310104529614,0.2761324041811847,0.22996515679442509,0.23736933797909407
0.25951859956236323,0.2700218818380744,0.23063457330415754,0.23982494529540482
0.26490066225165565,0.26048565121412803,0.23002207505518762,0.2445916114790287
0.2614779186707477,0.26366418889374726,0.23436816790555312,0.2404897245299519
0.2674315975286849,0.2612533097969991,0.22992056487202117,0.24139452780229478
0.2688927943760984,0.2592267135325132,0.22978910369068542,0.242091388400703
0.26815398075240593,0.2664041994750656,0.23009623797025372,0.23534558180227472
0.2672831351827389,0.2633201232937032,0.23381770145310435,0.23557904007045355
0.2618421052631579,0.26535087719298245,0.23289473684210527,0.23991228070175438
0.260347129506008,0.2719181130396084,0.22340898976412996,0.24432576769025366
0.26412614980289095,0.26938239159001315,0.2233902759526938,0.24310118265440211
0.26816380449141347,0.26992514310876264,0.22413033905768384,0.23778071334214002
0.27132805628847845,0.26824978012313105,0.2198768689533861,0.2405452946350044
0.2719298245614035,0.27017543859649124,0.21710526315789475,0.24078947368421053
0.2713143872113677,0.27042628774422733,0.21492007104795738,0.2433392539964476
0.27062418158009605,0.26887821911828896,0.214316892186818,0.24618070711479703
0.26610767872903796,0.2736098852603707,0.21403353927625773,0.24624889673433362
0.26373626373626374,0.2742857142857143,0.21978021978021978,0.2421978021978022
0.25921052631578945,0.27280701754385966,0.2219298245614035,0.24605263157894736
0.26132864056313243,0.2683677958644963,0.2234931808183018,0.24681038275406952
0.26194690265486725,0.2663716814159292,0.2252212389380531,0.24646017699115044
0.2554420257663261,0.2687694358063083,0.23011994669035984,0.24566859173700578
0.2519788918205805,0.2726473175021988,0.22735268249780125,0.24802110817941952
0.25384277558190604,0.27053140096618356,0.2274923144488362,0.2481335090030742
0.2507685551163812,0.2727272727272727,0.22529644268774704,0.25120772946859904
0.24243752740026303,0.27356422621657167,0.22797018851380974,0.25602805786935556
0.24452234881682736,0.2751971954425942,0.22655565293602103,0.2537248028045574
0.24704336399474375,0.2724485326325011,0.22864651773981604,0.2518615856329391
0.25065963060686014,0.2717678100263852,0.22207563764291996,0.25549692172383465
0.254919108001749,0.2710975076519458,0.22125054656755574,0.25273283777874944
0.2474813841436706,0.27463863337713534,0.22295225580376699,0.25492772667542707
0.2505475251861586,0.26850635129215944,0.22076215505913271,0.26018396846254926
0.24583698510078877,0.2738825591586328,0.22261174408413673,0.25766871165644173
0.24669603524229075,0.2753303964757709,0.21762114537444935,0.260352422907489
0.24725997369574748,0.2775098640946953,0.21613327487943884,0.2590968873301184
0.24586597040905134,0.2763272410791993,0.2193211488250653,0.2584856396866841
0.24473684210526317,0.27850877192982454,0.2206140350877193,0.256140350877193
0.24788982674366947,0.28476232785428696,0.21679253665037762,0.25055530875166593
0.24441524310118265,0.28777923784494086,0.21594393342093737,0.2518615856329391
0.24416042309387395,0.28118113706478626,0.22124283825473778,0.25341560158660204
0.2460801393728223,0.28353658536585363,0.2147212543554007,0.2556620209059233
0.2426243945398503,0.2884191985909291,0.21400264200792601,0.25495376486129456
0.2395970214629873,0.29391151992991676,0.21506789312308366,0.2514235654840123
0.23912087912087912,0.2923076923076923,0.21406593406593408,0.2545054945054945
0.24392399469730447,0.28546177640300485,0.21431727794962438,0.25629695095006627
0.2412726469288555,0.28590366769774633,0.21741051701281486,0.2554131683605833
0.23989569752281617,0.28770099956540635,0.21773142112125163,0.25467188179052586
0.2412571934484285,0.2824258521469677,0.21912350597609562,0.25719344842850816
0.2369584438549956,0.28868258178603007,0.22325375773651635,0.251105216622458
0.24148471615720524,0.2868995633187773,0.21921397379912663,0.25240174672489085
0.2427142235754676,0.28534145280556766,0.21966072205306655,0.25228360156589824
0.24615384615384617,0.28615384615384615,0.2153846153846154,0.2523076923076923
0.2419283502874834,0.28925254312251214,0.21760283060592658,0.25121627598407786
0.24615384615384617,0.2865934065934066,0.21274725274725276,0.2545054945054945
0.24944909651829,0.28029969149405026,0.21727633318642575,0.25297487880123404
0.25231992929739283,0.28501988510826337,0.2205037560760053,0.2421564295183385
0.24569916188795765,0.2858403176003529,0.22452580502867225,0.2439347154830172
0.24223874070835155,0.2925229558373415,0.2190642763445562,0.24617402710975075
0.24714160070360597,0.29155672823219,0.21503957783641162,0.24626209322779244
0.24426807760141092,0.28835978835978837,0.22310405643738976,0.24426807760141092
0.2482456140350877,0.29078947368421054,0.22105263157894736,0.23991228070175438
0.2497797356828194,0.2907488986784141,0.22158590308370044,0.23788546255506607
0.2479010163499779,0.28501988510826337,0.22624834290764473,0.24083075563411402
0.2532981530343008,0.27880386983289357,0.22427440633245382,0.2436235708003518
0.24889086069210292,0.27861579414374443,0.22582076308784382,0.2466725820763088
0.2545616377392078,0.27236315086782376,0.22518914107699153,0.24788607031597687
0.2550660792951542,0.2709251101321586,0.22819383259911893,0.24581497797356827
0.2535398230088496,0.265929203539823,0.23008849557522124,0.2504424778761062
0.25396825396825395,0.27116402116402116,0.22839506172839505,0.2464726631393298
0.2565674255691769,0.2745183887915937,0.22285464098073554,0.24605954465849386
0.25857519788918204,0.2700087950747581,0.22559366754617413,0.24582233948988566
0.2543859649122807,0.26666666666666666,0.22982456140350876,0.24912280701754386
0.2518681318681319,0.26593406593406593,0.2312087912087912,0.250989010989011
0.25252082419991234,0.26435773783428324,0.23323103901797457,0.2498903989478299
0.2553470100392842,0.2618943692710607,0.22959406372762986,0.25316455696202533
0.2521120497999111,0.2658959537572254,0.2285460204535349,0.2534459759893286
0.2529960053262317,0.2667554371948513,0.2303595206391478,0.2498890368397692
0.24592331423534597,0.2732481269281622,0.23093873953283384,0.249889819303658
0.2448532632501095,0.2768287341217696,0.23302671922908455,0.24529128339903636
0.24481693868548743,0.2787825319805911,0.22981914424349362,0.24658138509042787
0.24566088117489987,0.27369826435246997,0.23097463284379172,0.24966622162883845
0.2479047198941332,0.27393030436700483,0.22849580943978826,0.24966916629907365
0.2550482879719052,0.2712906057945566,0.2273924495171203,0.2462686567164179
0.24436588599204595,0.2691117984975696,0.2337604949182501,0.2527618205921343
0.2538293216630197,0.2634573304157549,0.23238512035010941,0.25032822757111595
0.25631929046563195,0.2611973392461197,0.2328159645232816,0.24966740576496674
0.25297487880123404,0.2631115028646981,0.2357866901718819,0.24812692816218598
0.2531924262439454,0.2677234698370762,0.2311756935270806,0.24790841039189784
0.25132042253521125,0.26848591549295775,0.23459507042253522,0.24559859154929578
0.24845814977973568,0.273568281938326,0.23083700440528634,0.24713656387665198
0.25,0.2715669014084507,0.230193661971831,0.2482394366197183
0.25778167470407715,0.27356422621657167,0.2240245506356861,0.24462954844366505
0.2609457092819615,0.2723292469352014,0.22066549912434325,0.24605954465849386
0.25809273840769903,0.27077865266841644,0.22440944881889763,0.24671916010498687
0.25873507297655907,0.27377266696152147,0.22114108801415303,0.24635117204776646
0.2614779186707477,0.27240926978574553,0.2190642763445562,0.2470485351989506
0.26257722859664606,0.263901147396293,0.2237422771403354,0.2497793468667255
0.2611973392461197,0.2722838137472284,0.22172949002217296,0.24478935698447893
