C,D,Oc,Od
0.0,0.0,1.0,0.0
0.0,0.0,1.0,0.0
0.0,0.2857142857142857,0.7142857142857143,0.0
0.0,0.18181818181818182,0.7272727272727273,0.09090909090909091
0.0,0.2222222222222222,0.7222222222222222,0.05555555555555555
0.06666666666666667,0.16666666666666666,0.7,0.06666666666666667
0.07692307692307693,0.19230769230769232,0.6346153846153846,0.09615384615384616
0.10294117647058823,0.19117647058823528,0.5882352941176471,0.11764705882352941
0.10476190476190476,0.19047619047619047,0.5619047619047619,0.14285714285714285
0.09876543209876543,0.19753086419753085,0.5370370370370371,0.16666666666666666
0.10126582278481013,0.24472573839662448,0.4978902953586498,0.15611814345991562
0.12012987012987013,0.2564935064935065,0.461038961038961,0.16233766233766234
0.13138686131386862,0.26520681265206814,0.44282238442822386,0.16058394160583941
0.138671875,0.279296875,0.40625,0.17578125
0.15031645569620253,0.27689873417721517,0.3939873417721519,0.1787974683544304
0.14492753623188406,0.28063241106719367,0.38603425559947296,0.18840579710144928
0.1444568868980963,0.2765957446808511,0.3706606942889138,0.20828667413213886
0.14189837008628955,0.26462128475551294,0.3815915627996165,0.21188878235858102
0.14407502131287298,0.26854219948849106,0.3699914748508099,0.21739130434782608
0.1427486712224753,0.26499620349278663,0.37509491268033407,0.21716021260440393
0.14314928425357873,0.267211997273347,0.3721881390593047,0.2174505794137696
0.15493827160493828,0.26296296296296295,0.3574074074074074,0.22469135802469137
0.15492170022371365,0.2611856823266219,0.35906040268456374,0.22483221476510068
0.16112531969309463,0.2603580562659846,0.34987212276214835,0.22864450127877237
0.16610169491525423,0.26343825665859566,0.34285714285714286,0.22760290556900725
0.16666666666666666,0.26012891344383055,0.34576427255985265,0.2274401473296501
0.16485998193315266,0.2741644083107498,0.33288166214995485,0.22809394760614274
0.16703296703296702,0.269010989010989,0.33802197802197803,0.22593406593406593
0.16600441501103752,0.2671081677704194,0.34613686534216337,0.22075055187637968
0.16630292448712353,0.2723701440419031,0.34744652989960717,0.2138804015713662
0.16431718061674008,0.27665198237885463,0.3449339207048458,0.21409691629955946
0.1639702667249672,0.27590730214254483,0.34543069523393094,0.21469173589855706
0.1662269129287599,0.272207563764292,0.3460861917326297,0.2154793315743184
0.1693868548742832,0.2699602999558888,0.3471548301720335,0.21349801499779444
0.17161572052401747,0.26768558951965066,0.35152838427947597,0.2091703056768559
0.17028824833702882,0.26297117516629714,0.35388026607538803,0.21286031042128603
0.16851441241685144,0.2682926829268293,0.3490022172949002,0.21419068736141908
0.17134092900964065,0.26643295354951796,0.34750219106047325,0.2147239263803681
0.1781786185657721,0.258688957325121,0.3440387153541575,0.2190937087549494
0.1783975210270031,0.26206285967242143,0.34572819831783974,0.21381142098273573
0.1709663314385658,0.26016615653694797,0.34543069523393094,0.22343681679055533
0.16981962164540254,0.26044874615046193,0.3506379234491861,0.2190937087549494
0.1682078379568472,0.26420079260237783,0.34390136503742846,0.22369000440334655
0.1657142857142857,0.26153846153846155,0.34417582417582415,0.22857142857142856
0.1678476527900797,0.26350752878653677,0.3463241806908769,0.22232063773250665
0.1736474694589878,0.2670157068062827,0.3411867364746946,0.2181500872600349
0.1731696624287593,0.2656729504603244,0.3415168785620342,0.21964050854888206
0.1743522178304787,0.2692138779095301,0.3386034255599473,0.2178304787000439
0.1725955204216074,0.27053140096618356,0.339481774264383,0.21739130434782608
0.17379797088663432,0.2699602999558888,0.33524481693868546,0.22099691221879136
0.17402710975076519,0.275032794053345,0.33275032794053344,0.21818976825535635
0.17899343544857768,0.2774617067833698,0.3282275711159737,0.21531728665207878
0.17519858781994704,0.26919682259488087,0.3305383936451898,0.22506619593998234
0.18511957484499558,0.2683790965456156,0.32196634189548273,0.22453498671390612
0.18661971830985916,0.26452464788732394,0.3204225352112676,0.22843309859154928
0.18661347517730498,0.2646276595744681,0.32313829787234044,0.22562056737588654
0.1831357048748353,0.2639437856829161,0.32235397452788755,0.230566534914361
0.1799126637554585,0.262882096069869,0.32707423580786027,0.23013100436681222
0.18222222222222223,0.26711111111111113,0.32,0.23066666666666666
0.17839965019676432,0.27066025360734586,0.3205072146917359,0.23043288150415392
0.18580192813321647,0.26292725679228746,0.31901840490797545,0.2322524101665206
0.1854982206405694,0.26201067615658363,0.31583629893238435,0.23665480427046262
0.1858719646799117,0.2635761589403974,0.31390728476821195,0.23664459161147902
0.1834862385321101,0.2595019659239843,0.3162953254696374,0.24071647007426825
0.1859850154252975,0.25958572058175405,0.31687968267959454,0.2375495813133539
0.18225735617039965,0.2551602986385595,0.31664470794905575,0.24593763724198506
0.17893345085940943,0.255619215513442,0.3208461877479066,0.24460114587924195
0.18525021949078138,0.25417032484635643,0.310359964881475,0.25021949078138717
0.18467670504871567,0.24889282550930025,0.3148804251550044,0.25155004428697963
0.18262411347517732,0.24778368794326242,0.3178191489361702,0.25177304964539005
0.1845681718544498,0.2476983779044279,0.3169662428759316,0.2507672073651907
0.1899122807017544,0.24868421052631579,0.312280701754386,0.24912280701754386
0.1864781263809103,0.2540874944763588,0.31285903667697745,0.2465753424657534
0.1927497789566755,0.2475685234305924,0.3125552608311229,0.2471264367816092
0.19491896627244854,0.24660534384581692,0.3118703460359177,0.24660534384581692
0.1890700749228735,0.24812692816218598,0.31555751432349055,0.24724548259145
0.19316688567674112,0.24441524310118265,0.31537450722733246,0.24704336399474375
0.19920669898633758,0.24724548259145,0.30453944468929045,0.249008373732922
0.19563318777292577,0.2480349344978166,0.3052401746724891,0.25109170305676853
0.20008680555555555,0.2521701388888889,0.296875,0.2508680555555556
0.19902697921273774,0.2547545333923043,0.2980981866430783,0.24812030075187969
0.20167327168648172,0.25055041831792163,0.3003082342580361,0.24746807573756055
0.2059727711901625,0.2551602986385595,0.2938076416337286,0.2450592885375494
0.21092362344582594,0.2544404973357016,0.2908525754884547,0.24378330373001778
0.20866489832007074,0.2502210433244916,0.29619805481874445,0.24491600353669318
0.2059727711901625,0.2507685551163812,0.29907773386034253,0.24418093983311376
0.21015761821366025,0.24824868651488616,0.29640980735551664,0.24518388791593695
0.20642605633802816,0.24911971830985916,0.29577464788732394,0.24867957746478872
0.20769567118495846,0.2479230432881504,0.2907739396589418,0.25360734586794925
0.20477664750110572,0.25254312251216277,0.28969482529854046,0.2529854046881911
0.20520741394527803,0.2528684907325684,0.2872903795233892,0.2546337157987643
0.20176991150442478,0.25309734513274335,0.28893805309734516,0.25619469026548675
0.2008695652173913,0.25173913043478263,0.29434782608695653,0.2530434782608696
0.20184696569920843,0.2532981530343008,0.29155672823219,0.2532981530343008
0.2053886925795053,0.2583922261484099,0.284452296819788,0.25176678445229683
0.20632133450395082,0.25548726953467954,0.2857769973661106,0.252414398595259
0.2100175746924429,0.2596660808435852,0.2789982425307557,0.2513181019332162
0.20231729055258468,0.26336898395721925,0.285650623885918,0.24866310160427807
0.20427236315086783,0.2643524699599466,0.2803738317757009,0.25100133511348466
0.1976950354609929,0.25886524822695034,0.2903368794326241,0.25310283687943264
0.2055457746478873,0.2557218309859155,0.2887323943661972,0.25
0.2001763668430335,0.2588183421516755,0.29012345679012347,0.2508818342151676
0.19118942731277533,0.2616740088105727,0.2973568281938326,0.2497797356828194
0.1940891045434495,0.2620202911336568,0.28804587560652845,0.25584472871636527
0.2009674582233949,0.26077396657871593,0.2827616534740545,0.25549692172383465
0.19743249225320939,0.2647189021691014,0.28419654714475434,0.2536520584329349
0.2011468901632113,0.2562858403176004,0.2858403176003529,0.2567269519188355
0.19832893579595426,0.2594547053649956,0.2854001759014952,0.256816182937555
0.20246478873239437,0.25880281690140844,0.28257042253521125,0.25616197183098594
0.21290605794556627,0.2598770851624232,0.27611940298507465,0.2510974539069359
0.20683610867659946,0.26380368098159507,0.2778264680105171,0.25153374233128833
0.2073651907058308,0.2621657167908812,0.27926348092941694,0.2512056115738711
0.20624450307827616,0.26077396657871593,0.27880386983289357,0.2541776605101143
0.21077792264232942,0.2616253802694481,0.2790091264667536,0.24858757062146894
0.2068661971830986,0.26276408450704225,0.28213028169014087,0.2482394366197183
0.20947741364038971,0.2608503100088574,0.28033658104517273,0.24933569530558017
0.2121876370013152,0.25865848312143797,0.2801402893467777,0.2490135905304691
0.21015452538631346,0.2578366445916115,0.2847682119205298,0.24724061810154527
0.2088830255057168,0.26033421284080915,0.2836411609498681,0.24714160070360597
0.21136063408190225,0.25495376486129456,0.285336856010568,0.24834874504623514
0.2130281690140845,0.25704225352112675,0.2834507042253521,0.24647887323943662
0.21681997371879105,0.25843188786684185,0.27639071397284276,0.2483574244415243
0.21818976825535635,0.26191517271534764,0.27240926978574553,0.2474857892435505
0.22007891275756247,0.26085050416483996,0.2687417799210872,0.2503288031565103
0.22325375773651635,0.26171529619805484,0.26657824933687,0.2484526967285588
0.22644847412649272,0.26006191950464397,0.26758071649712517,0.24590888987173817
0.22636484687083888,0.25521526853084775,0.2747447847314691,0.2436750998668442
0.2288840262582057,0.2538293216630197,0.2708971553610503,0.24638949671772428
0.22530864197530864,0.25,0.27204585537918874,0.2526455026455027
0.22495606326889278,0.2539543057996485,0.27372583479789103,0.24736379613356765
0.23023154215814767,0.2577544779379642,0.2656181738750546,0.24639580602883354
0.23110528615115772,0.2603757099169943,0.2673656618610747,0.24115334207077327
0.2323943661971831,0.2658450704225352,0.2601232394366197,0.24163732394366197
0.23680709534368072,0.2656319290465632,0.25631929046563195,0.24124168514412417
0.2377560106856634,0.26001780943900266,0.26090828138913624,0.2413178984861977
0.23805309734513275,0.25619469026548675,0.26415929203539823,0.2415929203539823
0.23396727111897392,0.26094648385670055,0.26271561256081377,0.24237063246351173
0.2424778761061947,0.2575221238938053,0.268141592920354,0.23185840707964603
0.24418093983311376,0.2604303908651735,0.2595520421607378,0.23583662714097497
0.24542284219703575,0.26024411508282475,0.25501307759372277,0.23931996512641673
0.24469026548672565,0.2721238938053097,0.2517699115044248,0.23141592920353982
0.24548259144997797,0.2732481269281622,0.24812692816218598,0.23314235345967388
0.2498876404494382,0.27370786516853934,0.2458426966292135,0.230561797752809
0.2509942554131684,0.27353071144498453,0.24613345117101193,0.22934158197083518
0.24922669023420238,0.27441449403446755,0.2487847989394609,0.2275740167918692
0.24859002169197397,0.27462039045553144,0.24598698481561823,0.23080260303687636
0.2497793468667255,0.2780229479258605,0.24315975286849073,0.2290379523389232
0.2482363315696649,0.2742504409171076,0.24118165784832452,0.23633156966490299
0.2535149384885764,0.27768014059753954,0.24121265377855888,0.22759226713532513
0.25143868968570166,0.2695883134130146,0.24214254094732182,0.23683045595396193
0.2604120999561596,0.265234546251644,0.23805348531345902,0.2362998684787374
0.25980392156862747,0.2611408199643494,0.2410873440285205,0.23796791443850268
0.2717247463608293,0.2580502867225408,0.23246581385090428,0.23775915306572562
0.26474442988204455,0.25688073394495414,0.236784622105723,0.2415902140672783
0.2662251655629139,0.26136865342163357,0.2260485651214128,0.24635761589403973
0.2581497797356828,0.26123348017621145,0.22951541850220264,0.2511013215859031
0.25499777876499335,0.26299422478898266,0.2305641936916926,0.2514438027543314
0.25142606406318563,0.2702939885914875,0.22817025010969724,0.25010969723562965
0.250989010989011,0.27296703296703295,0.22813186813186814,0.2479120879120879
0.254737769942706,0.27148523578669015,0.22785368003525783,0.24592331423534597
0.25239755884917175,0.2715780296425458,0.23234524847428073,0.24367916303400175
0.2531083481349911,0.26598579040852577,0.2344582593250444,0.2464476021314387
0.258362676056338,0.2654049295774648,0.23151408450704225,0.24471830985915494
0.2546501328609389,0.2674933569530558,0.23427812223206376,0.24357838795394154
0.2548415492957746,0.2658450704225352,0.2306338028169014,0.24867957746478872
0.2504416961130742,0.2742932862190813,0.22747349823321555,0.247791519434629
0.24646017699115044,0.27079646017699116,0.23053097345132742,0.252212389380531
0.24988962472406182,0.2693156732891832,0.2260485651214128,0.25474613686534214
0.25244444444444447,0.2688888888888889,0.22666666666666666,0.252
0.2557633753806003,0.26185297955632886,0.23618964767290127,0.24619399739016964
0.2518681318681319,0.26461538461538464,0.2334065934065934,0.2501098901098901
0.2522163120567376,0.2650709219858156,0.2300531914893617,0.2526595744680851
0.24779541446208111,0.26631393298059963,0.23192239858906524,0.25396825396825395
0.2471315092674316,0.2612533097969991,0.23874669020300088,0.2528684907325684
0.24496056091148116,0.2589833479404032,0.23838737949167396,0.25766871165644173
0.24649122807017543,0.25087719298245614,0.23991228070175438,0.262719298245614
0.2401067140951534,0.2627834593152512,0.24232992441084927,0.25477990217874613
0.2362758014931928,0.256477821695213,0.2481335090030742,0.25911286780852
0.23903508771929824,0.2535087719298246,0.25570175438596493,0.2517543859649123
0.23849557522123893,0.2575221238938053,0.2513274336283186,0.25265486725663716
0.24286341677646026,0.25823451910408435,0.24857268335529206,0.2503293807641634
0.24156071898290224,0.2634809294169224,0.24506795265234546,0.2498903989478299
0.23826239578762615,0.26722246599385696,0.24572180781044317,0.24879333040807372
0.23867595818815332,0.26872822299651566,0.23954703832752614,0.2530487804878049
0.23651635720601238,0.26790450928381965,0.24358974358974358,0.2519893899204244
0.2398945518453427,0.26362038664323373,0.242091388400703,0.2543936731107206
0.24747252747252746,0.25934065934065936,0.24175824175824176,0.25142857142857145
0.2525120139799039,0.2595019659239843,0.24421144604630843,0.2437745740498034
0.249008373732922,0.2604671661524901,0.24416042309387395,0.24636403702071397
0.25417032484635643,0.2581211589113257,0.2440737489025461,0.24363476733977174
0.25601750547045954,0.2577680525164114,0.24070021881838075,0.24551422319474836
0.2552910052910053,0.25925925925925924,0.24118165784832452,0.24426807760141092
0.2561029738126942,0.25787838437638705,0.23834886817576564,0.24766977363515313
0.2527376259307928,0.2536136662286465,0.2448532632501095,0.24879544459045116
0.2507699076110867,0.2507699076110867,0.24681038275406952,0.25164980202375714
0.255178492728074,0.250330542089026,0.24283825473776993,0.25165271044513
0.25322079075966236,0.24877832074633496,0.24122612172367836,0.2567747667703243
0.2596537949400799,0.24145583666222814,0.24456280514869064,0.25432756324900135
0.2550660792951542,0.23612334801762114,0.2422907488986784,0.2665198237885463
0.2587873462214411,0.2469244288224956,0.23945518453427064,0.2548330404217926
0.25955555555555554,0.24266666666666667,0.2408888888888889,0.2568888888888889
0.25620567375886527,0.24556737588652483,0.23670212765957446,0.26152482269503546
0.2481335090030742,0.24593763724198506,0.24462011418533158,0.26130873956960915
0.2501098901098901,0.24703296703296704,0.24527472527472527,0.25758241758241757
0.2599118942731278,0.24493392070484582,0.23700440528634362,0.2581497797356828
0.2615923009623797,0.23928258967629046,0.24278215223097113,0.2563429571303587
0.2652613087395696,0.2362758014931928,0.24110671936758893,0.25735617039964864
0.2650130548302872,0.24064403829416883,0.23759791122715404,0.25674499564838993
0.2607158638974812,0.24569155987627045,0.2350861688024746,0.25850640742377373
0.26581158779301195,0.24900486510393632,0.23573639982308714,0.24944714727996462
0.25813544415127526,0.2537379067722076,0.23966578715919085,0.2484608619173263
0.2548415492957746,0.2517605633802817,0.24075704225352113,0.25264084507042256
0.2533976326172731,0.2516440157825515,0.24287593160894344,0.25208241999123193
0.2498911623857205,0.2559860687853722,0.24379625598606877,0.25032651284283847
0.2514235654840123,0.2558037669732808,0.2439772229522558,0.24879544459045116
0.2557624113475177,0.2570921985815603,0.2375886524822695,0.2495567375886525
0.2519893899204244,0.2595048629531388,0.23607427055702918,0.2524314765694076
0.2484689413823272,0.2541557305336833,0.24059492563429571,0.2567804024496938
0.2424507658643326,0.25733041575492344,0.23851203501094093,0.2617067833698031
0.24525805028672254,0.25319805910895454,0.24305249228054698,0.25849139832377593
0.24660534384581692,0.25317564607971965,0.24353920280332894,0.2566798072711345
0.24373075230972283,0.2507699076110867,0.24505059392872855,0.26044874615046193
0.2414398595258999,0.24714661984196665,0.24846356453028973,0.26294995610184374
0.24283825473776993,0.249889819303658,0.24504186866460997,0.2622300572939621
0.23851590106007067,0.2539752650176678,0.2398409893992933,0.2676678445229682
0.23423026025584473,0.2545213939126599,0.23775915306572562,0.2734891927657697
0.23954205195948922,0.25407309555262,0.23469837076177896,0.2716864817261119
0.2409428197293758,0.24749017896115233,0.23745089480576168,0.27411610650371016
0.2453077258838935,0.2466171977302488,0.23788738542121343,0.27018769096464423
0.2456217162872154,0.2434325744308231,0.2381786339754816,0.27276707530647987
0.24549846288976723,0.24110671936758893,0.2437417654808959,0.2696530522617479
0.25220848056537104,0.2336572438162544,0.24514134275618374,0.26899293286219084
0.252863436123348,0.2330396475770925,0.2431718061674009,0.2709251101321586
0.24966974900924702,0.2307353588727433,0.25011008366358434,0.26948480845442535
0.2548415492957746,0.23547535211267606,0.25,0.2596830985915493
0.2607937200174444,0.23157435673789795,0.24901875272568688,0.25861317051897076
0.2633405639913232,0.22603036876355748,0.2503253796095445,0.2603036876355748
0.25937362152624616,0.22761358623731803,0.24481693868548743,0.2681958535509484
0.2579505300353357,0.22835689045936397,0.23895759717314488,0.2747349823321555
0.26264848218213815,0.22701275846898372,0.2402111746590409,0.2701275846898372
0.26704795424549055,0.21865376154861416,0.2424109106907171,0.27188737351517817
0.2659010600706714,0.2226148409893993,0.2393992932862191,0.27208480565371024
0.27036547776309994,0.21268163804491413,0.24702774108322326,0.26992514310876264
0.26843267108167773,0.21721854304635763,0.24900662251655628,0.2653421633554084
0.26855123674911663,0.21952296819787986,0.24514134275618374,0.2667844522968198
0.2695035460992908,0.21409574468085107,0.2495567375886525,0.26684397163120566
0.2747589833479404,0.2151621384750219,0.24715162138475022,0.26292725679228746
0.2843956043956044,0.2145054945054945,0.24483516483516485,0.2562637362637363
0.278391515687141,0.21166593018117544,0.25497127706584183,0.25497127706584183
0.28324468085106386,0.21631205673758866,0.2548758865248227,0.24556737588652483
0.28,0.22153846153846155,0.2523076923076923,0.24615384615384617
0.28327495621716287,0.22460595446584938,0.2513134851138354,0.24080560420315236
0.28138718173836696,0.22388059701492538,0.2550482879719052,0.23968393327480245
0.2860915492957746,0.2249119718309859,0.2548415492957746,0.23415492957746478
0.2784313725490196,0.23093681917211328,0.2496732026143791,0.240958605664488
0.27861579414374443,0.22448979591836735,0.2515527950310559,0.2453416149068323
0.27716673999120106,0.22085349758029035,0.25384953805543337,0.24813022437307522
0.28108581436077057,0.22110332749562173,0.2491243432574431,0.2486865148861646
0.289925208974923,0.22041355037395513,0.24593048834139902,0.24373075230972283
0.28811312417145385,0.2191780821917808,0.24569155987627045,0.24701723376049492
0.2961165048543689,0.2113857016769638,0.2444836716681377,0.24801412180052956
0.28900709219858156,0.2176418439716312,0.2398049645390071,0.25354609929078015
0.2903795233892321,0.21800529567519858,0.23918799646954986,0.2524271844660194
0.289899431569742,0.21512898994315696,0.2439877568867512,0.2509838216003498
0.2961165048543689,0.21359223300970873,0.2436010591350397,0.24669020300088262
0.30026572187776795,0.21390611160318868,0.23604960141718334,0.24977856510186006
0.3033757124068391,0.21569487067075843,0.23016220955721176,0.2507672073651907
0.2985468956406869,0.21796565389696168,0.23690004403346543,0.24658740642888596
0.2907801418439716,0.225177304964539,0.23803191489361702,0.24601063829787234
0.2950174825174825,0.22246503496503497,0.23776223776223776,0.24475524475524477
0.29102167182662536,0.22777532065457762,0.24237063246351173,0.23883237505528526
0.28852889667250436,0.22854640980735552,0.2425569176882662,0.2403677758318739
0.2864745011086475,0.22305986696230598,0.24390243902439024,0.2465631929046563
0.2846458424989001,0.22921249450065992,0.24373075230972283,0.2424109106907171
0.28527472527472525,0.23032967032967033,0.23604395604395603,0.24835164835164836
0.2766429840142096,0.2322380106571936,0.2366785079928952,0.2544404973357016
0.2707231040564374,0.23633156966490299,0.23809523809523808,0.25485008818342153
0.26643140714600794,0.23378914865460962,0.24172915747684165,0.2580502867225408
0.2695536897923111,0.2346442775077331,0.24083075563411402,0.25497127706584183
0.2692476902771667,0.23713154421469423,0.23977122745270568,0.25384953805543337
0.26882661996497376,0.23642732049036777,0.2403677758318739,0.2543782837127846
0.2712087912087912,0.22813186813186814,0.23956043956043957,0.2610989010989011
0.2660228270412643,0.22914837576821773,0.24100087796312555,0.26382791922739246
0.2631118881118881,0.23251748251748253,0.243006993006993,0.26136363636363635
0.26257722859664606,0.2325684024713151,0.2418358340688438,0.26301853486319504
0.26501766784452296,0.2314487632508834,0.24425795053003532,0.2592756183745583
0.26997366110623355,0.22080772607550483,0.24495171202809482,0.2642669007901668
0.270222999562746,0.22606034105815478,0.2431132487975514,0.2606034105815479
0.26845342706502634,0.22671353251318102,0.24121265377855888,0.26362038664323373
0.2711715664765248,0.2242211496270294,0.24396665204036858,0.2606406318560772
0.2770390070921986,0.22650709219858156,0.23891843971631205,0.2575354609929078
0.27493380406001766,0.22241835834068843,0.24315975286849073,0.2594880847308032
0.27156125608137993,0.2251216275984078,0.24502432551968156,0.25829279080053075
0.2729286663712893,0.2255206025697829,0.24412937527691625,0.25742135578201153
0.2796125055041832,0.2280933509467195,0.2413033905768384,0.2509907529722589
0.27994734532689775,0.2268538832821413,0.2387011847301448,0.2544975866608161
0.274822695035461,0.2296099290780142,0.23537234042553193,0.26019503546099293
0.26855123674911663,0.232773851590106,0.23233215547703182,0.2663427561837456
0.2633908809207614,0.23948649845064188,0.23284639220894202,0.2642762284196547
0.266489597166888,0.23019034971226207,0.2381584772023019,0.26516157591854805
0.2598944591029024,0.23306948109058928,0.23702726473175023,0.2700087950747581
0.2619893428063943,0.22957371225577264,0.24156305506216696,0.26687388987566607
0.2565236620964175,0.23750552852720036,0.23617868199911543,0.2697921273772667
0.24836601307189543,0.23616557734204793,0.2383442265795207,0.27712418300653596
0.2513416815742397,0.23837209302325582,0.23613595706618962,0.27415026833631484
0.24690812720848057,0.24028268551236748,0.23454063604240283,0.2782685512367491
0.24227714033539277,0.24271844660194175,0.2325684024713151,0.2824360105913504
0.24567627494456762,0.2443458980044346,0.22572062084257205,0.2842572062084257
0.24670184696569922,0.23922603342128407,0.22955145118733508,0.28452066842568163
0.2479010163499779,0.23729562527618206,0.2266902342023862,0.28811312417145385
0.24458204334365324,0.2419283502874834,0.2260061919504644,0.2874834144183989
0.2451669595782074,0.23813708260105448,0.23110720562390158,0.28558875219683655
0.24304021210782148,0.2412726469288555,0.2266902342023862,0.2889969067609368
0.24539877300613497,0.24364592462751972,0.22655565293602103,0.28439964943032425
0.24233128834355827,0.24802804557405783,0.22787028921998248,0.2817703768624014
0.24194260485651214,0.24370860927152319,0.2304635761589404,0.2838852097130243
0.24507168458781362,0.24910394265232974,0.22446236559139784,0.28136200716845877
0.2444836716681377,0.24933804060017653,0.22330097087378642,0.2828773168578994
0.24778761061946902,0.24469026548672565,0.22300884955752212,0.2845132743362832
0.2494510320597277,0.24154589371980675,0.22880983750548967,0.28019323671497587
0.2465631929046563,0.24878048780487805,0.2221729490022173,0.2824833702882483
0.2530701754385965,0.2469298245614035,0.2219298245614035,0.27807017543859647
0.24415011037527592,0.25518763796909494,0.223841059602649,0.2768211920529801
0.2430647291941876,0.25935711140466755,0.22501100836635843,0.27256715103478646
0.24128804587560654,0.2562858403176004,0.22805469783855314,0.27437141596823994
0.23506151142355008,0.2583479789103691,0.22978910369068542,0.27680140597539543
0.2276923076923077,0.25978021978021976,0.22813186813186814,0.2843956043956044
0.23330404217926187,0.2587873462214411,0.22495606326889278,0.28295254833040423
0.24391323594510844,0.2602921646746348,0.2151394422310757,0.28065515714918104
0.2397020157756354,0.2651183172655565,0.21428571428571427,0.28089395267309375
0.23805309734513275,0.2668141592920354,0.21460176991150443,0.28053097345132744
0.24287593160894344,0.2604120999561596,0.21613327487943884,0.2805786935554581
0.24490699734278124,0.2612931798051373,0.21523472099202834,0.2785651018600531
0.24901011878574572,0.2591289045314562,0.20941487021557414,0.28244610646722396
0.24790841039189784,0.2567151034786438,0.21488331131660063,0.2804931748128578
0.25196850393700787,0.2585301837270341,0.21872265966754156,0.27077865266841644
0.25868210151380233,0.25378450578806766,0.22083704363312556,0.26669634906500445
0.2617273125822008,0.24419114423498467,0.22490135905304692,0.26918018412976763
0.261558784676354,0.24834874504623514,0.22104799647732276,0.26904447380008806
0.2556291390728477,0.24812362030905077,0.21986754966887417,0.2763796909492274
0.25692916849978004,0.24769027716674,0.22173339199296085,0.2736471623405191
0.25728155339805825,0.2444836716681377,0.2210944395410415,0.27714033539276256
0.25688073394495414,0.24508519003931847,0.22324159021406728,0.2747924858016601
0.250989010989011,0.24615384615384617,0.22593406593406593,0.27692307692307694
0.24704336399474375,0.25229960578186594,0.22251423565484013,0.2781427945685502
0.24592331423534597,0.249889819303658,0.22520934332304982,0.2789775231379462
0.247450110864745,0.25055432372505543,0.22838137472283815,0.2736141906873614
0.24350506384852488,0.25539409951563186,0.22985468956406868,0.2712461470717745
0.24471830985915494,0.2548415492957746,0.230193661971831,0.27024647887323944
0.2507699076110867,0.25164980202375714,0.22701275846898372,0.27056753189617244
0.25633187772925764,0.25109170305676853,0.225764192139738,0.2668122270742358
0.2535398230088496,0.2557522123893805,0.22389380530973452,0.2668141592920354
0.26005244755244755,0.2517482517482518,0.2215909090909091,0.2666083916083916
0.261968085106383,0.24689716312056736,0.2220744680851064,0.26906028368794327
0.25854513584574934,0.2506573181419807,0.22129710780017528,0.26950043821209463
0.2566021126760563,0.25,0.2244718309859155,0.2689260563380282
0.25822007891275756,0.2494519947391495,0.2235861464270057,0.2687417799210872
0.25785340314136124,0.25043630017452007,0.22425828970331588,0.2674520069808028
0.25833333333333336,0.24780701754385964,0.21973684210526315,0.2741228070175439
0.2523076923076923,0.2501098901098901,0.2276923076923077,0.26989010989010986
0.24714160070360597,0.24582233948988566,0.23175021987686895,0.2752858399296394
0.2501087429317094,0.2435841670291431,0.23140495867768596,0.2749021313614615
0.25077399380804954,0.2419283502874834,0.23396727111897392,0.27333038478549315
0.24780701754385964,0.24561403508771928,0.23201754385964912,0.27456140350877195
0.24725032996040475,0.24065112186537616,0.23625164980202376,0.27584689837219534
0.24725516029863856,0.24110671936758893,0.23803249890206413,0.2736056214317084
0.2475685234305924,0.242263483642794,0.23784261715296198,0.2723253757736516
0.2495567375886525,0.24423758865248227,0.23625886524822695,0.2699468085106383
0.24585152838427948,0.2445414847161572,0.23580786026200873,0.27379912663755457
0.2423162583518931,0.2485523385300668,0.22939866369710468,0.2797327394209354
0.24517543859649124,0.24868421052631579,0.22456140350877193,0.28157894736842104
0.2492225677476677,0.23678365171035096,0.23145268769435806,0.2825410928476233
0.2537444933920705,0.23612334801762114,0.23039647577092512,0.27973568281938327
0.2523892267593397,0.2380538662033015,0.23023457862728064,0.2793223284100782
0.2524314765694076,0.2396109637488948,0.23474801061007958,0.27320954907161804
0.25141859450021825,0.24312527280663465,0.23483195111305108,0.27062418158009605
0.25055041831792163,0.242184059885513,0.2413033905768384,0.265962131219727
0.25513324595893405,0.2398427260812582,0.23765836609873306,0.2673656618610747
0.2549363756033348,0.23738481790258886,0.24221149627029398,0.26546731022378234
0.24900486510393632,0.23971693940734187,0.24413976116762495,0.26713843432109685
0.2561295971978984,0.23161120840630472,0.24518388791593695,0.2670753064798599
0.26297273526824977,0.2339489885664028,0.24142480211081793,0.2616534740545295
0.2656729504603244,0.23191582639193337,0.24112231477422183,0.26128890837352037
0.26973684210526316,0.2307017543859649,0.23333333333333334,0.2662280701754386
0.2727272727272727,0.22815533980582525,0.23609885260370697,0.26301853486319504
0.2728074041427942,0.2243278977523138,0.24195680916703394,0.2609078889378581
0.2757709251101322,0.22687224669603523,0.24140969162995596,0.25594713656387663
0.2770658418029165,0.22801590808661068,0.241714538223597,0.25320371188687585
0.2775564409030544,0.22266489597166889,0.23992917220008853,0.2598494909251881
0.2788966725043783,0.21935201401050788,0.24124343257443082,0.260507880910683
0.2778264680105171,0.22392638036809817,0.23751095530236635,0.2607361963190184
0.2794759825327511,0.225764192139738,0.22838427947598253,0.2663755458515284
0.2778021978021978,0.22945054945054946,0.22989010989010988,0.26285714285714284
0.2689625108979948,0.23539668700959024,0.23365300784655624,0.2619877942458588
0.2701525054466231,0.23093681917211328,0.23703703703703705,0.26187363834422656
0.2711189739053516,0.22821760283060594,0.2335249889429456,0.26713843432109685
0.2676612549363756,0.22378236068451074,0.23299692847740236,0.27555945590171127
0.26494980357922304,0.22522915757311218,0.23483195111305108,0.2749890877346137
0.26807760141093473,0.2257495590828924,0.23368606701940034,0.2724867724867725
0.2676923076923077,0.22989010989010988,0.2342857142857143,0.2681318681318681
0.26919682259488087,0.23124448367166814,0.23036187113857018,0.26919682259488087
0.27353463587921845,0.23268206039076378,0.22646536412078153,0.2673179396092362
0.2746478873239437,0.23415492957746478,0.2249119718309859,0.2662852112676056
0.2710606721955478,0.2357049323439546,0.22653862941946748,0.2666957660410301
0.2757255936675462,0.22823218997361477,0.22999120492524186,0.26605101143359716
0.2677619893428064,0.23268206039076378,0.23357015985790408,0.26598579040852577
0.265929203539823,0.2327433628318584,0.2331858407079646,0.268141592920354
0.26325010950503724,0.2325886990801577,0.23828296101620675,0.2658782303985983
0.26865671641791045,0.23222124670763827,0.23661106233538193,0.26251097453906935
0.2687361419068736,0.2337028824833703,0.23547671840354767,0.2620842572062084
0.27485638532920903,0.2337604949182501,0.23552806009721608,0.2558550596553248
0.26950043821209463,0.23400525854513585,0.2322524101665206,0.2642418930762489
0.27427078798432736,0.23117109272964736,0.2329124945581193,0.261645624727906
0.26834659593280286,0.2382847038019452,0.23209549071618038,0.2612732095490716
0.2706766917293233,0.23529411764705882,0.23131357806280406,0.26271561256081377
0.26821773485513606,0.237928007023705,0.23002633889376647,0.26382791922739246
0.27224669603524226,0.23480176211453743,0.23259911894273128,0.260352422907489
0.26857142857142857,0.23956043956043957,0.2356043956043956,0.2562637362637363
0.27060379021595415,0.2388717496694579,0.23226090788893786,0.25826355222565006
0.27067994802945,0.2364660025985275,0.23126894759636207,0.26158510177566047
0.2691117984975696,0.2337604949182501,0.2350861688024746,0.2620415377817057
0.27224435590969454,0.2381584772023019,0.22709163346613545,0.2625055334218681
0.2754650132860939,0.2316209034543844,0.22763507528786536,0.2652790079716563
0.27901883486640383,0.2352168199737188,0.2264564169951818,0.25930792816469556
0.2821631051024858,0.23593545573484517,0.22416048844308767,0.2577409507195813
0.2776315789473684,0.23157894736842105,0.22982456140350876,0.26096491228070173
0.2831858407079646,0.2331858407079646,0.2261061946902655,0.2575221238938053
0.2832523199292974,0.2359699513919576,0.22359699513919576,0.2571807335395493
0.28136042402826855,0.2393992932862191,0.22747349823321555,0.25176678445229683
0.2827616534740545,0.24406332453825857,0.22295514511873352,0.25021987686895336
0.28533568904593637,0.24293286219081273,0.22040636042402828,0.2513250883392226
0.2834507042253521,0.24163732394366197,0.22579225352112675,0.24911971830985916
0.2795604395604396,0.24263736263736263,0.2254945054945055,0.2523076923076923
0.2771137671536078,0.2456839309428951,0.22355024347056218,0.2536520584329349
0.2763445561871447,0.24486226497595104,0.22824661128115434,0.2505465675557499
0.27985896870868227,0.24107536359629794,0.23005729396209784,0.249008373732922
0.27931488801054016,0.24286341677646026,0.23100570926657882,0.24681598594642074
0.2803328953131844,0.24441524310118265,0.231712658782304,0.24353920280332894
0.2810060711188205,0.24414570685169124,0.2302688638334779,0.2445793581960104
0.2822085889570552,0.2467134092900964,0.22787028921998248,0.2432077125328659
0.2781921895568232,0.24747696358051777,0.2233435717419921,0.250987275120667
0.28084918177797435,0.25077399380804954,0.22202565236620964,0.24635117204776646
0.28194993412384717,0.2494510320597277,0.21958717610891523,0.2490118577075099
0.27593818984547464,0.2520971302428256,0.22163355408388521,0.2503311258278146
0.2738825591586328,0.2528483786152498,0.22129710780017528,0.25197195442594217
0.2716864817261119,0.24570673712021135,0.2289740202553941,0.2536327608982827
0.2706401766004415,0.25474613686534214,0.223841059602649,0.2507726269315673
0.2715724923346474,0.25711782742006134,0.22032413491020586,0.25098554533508544
0.2770658418029165,0.25983208130799823,0.20989836500220946,0.25320371188687585
0.2641758241758242,0.2602197802197802,0.2153846153846154,0.2602197802197802
0.2663427561837456,0.25574204946996465,0.21598939929328623,0.2619257950530035
0.262882096069869,0.25676855895196504,0.22227074235807862,0.25807860262008736
0.2724856003544528,0.256978289765175,0.21222862206468765,0.2583074878156845
0.27841409691629954,0.25594713656387663,0.21409691629955946,0.2515418502202643
0.2779973649538867,0.25296442687747034,0.21212121212121213,0.25691699604743085
0.27236492471213464,0.25907883082373784,0.2121346324180691,0.25642161204605846
0.2734891927657697,0.2567269519188355,0.20996912218791355,0.25981473312748127
0.2734548688305914,0.25566918630502444,0.21120497999110716,0.259670964873277
0.2780229479258605,0.24845542806707854,0.21712268314210062,0.2563989408649603
0.27651183172655563,0.2528483786152498,0.20990359333917616,0.2607361963190184
0.27714033539276256,0.2436010591350397,0.21712268314210062,0.2621359223300971
0.28334062090074336,0.24267599475295146,0.2090074333187582,0.264975951027547
0.2772449869224063,0.24629468177855274,0.2040104620749782,0.2724498692240628
0.2756043956043956,0.24395604395604395,0.2057142857142857,0.27472527472527475
0.27365163572060125,0.24049513704686118,0.20689655172413793,0.27895667550839964
0.27557319223985893,0.23721340388007053,0.20590828924162258,0.281305114638448
0.27148523578669015,0.2388717496694579,0.20493609519612163,0.2847069193477303
0.2681095406360424,0.23542402826855124,0.20892226148409895,0.2875441696113074
0.2619893428063943,0.2424511545293073,0.2091474245115453,0.2864120781527531
0.26148409893992935,0.23586572438162545,0.2142226148409894,0.2884275618374558
0.26187363834422656,0.23355119825708062,0.21655773420479302,0.2880174291938998
0.2703296703296703,0.2342857142857143,0.20923076923076922,0.28615384615384615
0.2626707800793301,0.24151608638166594,0.2124283825473777,0.28338475099162624
0.2613486117232261,0.24151608638166594,0.2124283825473777,0.2847069193477303
0.2670780079330101,0.2388717496694579,0.20669898633759365,0.2873512560599383
0.2650814619110524,0.2426243945398503,0.20651695288419197,0.2857771906649053
0.26710239651416123,0.23965141612200436,0.21089324618736383,0.2823529411764706
0.26830337571240687,0.2371766768960982,0.20955721174923278,0.28496273564226215
0.27461368653421636,0.23178807947019867,0.21059602649006623,0.28300220750551874
0.27043747238179405,0.23243482103402563,0.207688908528502,0.2894387980556783
0.2738938053097345,0.23849557522123893,0.20398230088495575,0.2836283185840708
0.2787028921998247,0.2366345311130587,0.19851007887817704,0.28615249780893953
0.27611940298507465,0.23748902546093065,0.1997366110623354,0.28665496049165934
0.2813186813186813,0.23516483516483516,0.1934065934065934,0.29010989010989013
0.2774363476733977,0.2317822651448639,0.19666374012291485,0.29411764705882354
0.2745792736935341,0.2329495128432241,0.19884853852967227,0.2936226749335695
0.2834507042253521,0.22755281690140844,0.20334507042253522,0.28565140845070425
0.27312775330396477,0.2251101321585903,0.21013215859030837,0.2916299559471366
0.2693147097337407,0.2234831951113051,0.21038847664775207,0.2968136185072021
0.2773593265396544,0.22729286663712894,0.2051395657953035,0.29020824102791315
0.27147918511957486,0.22807794508414525,0.20814880425155005,0.29229406554472986
0.27569475077194533,0.2262902514336127,0.2112924569916189,0.2867225408028231
0.282141290039491,0.2250987275120667,0.209741114523914,0.2830188679245283
0.27976980965028775,0.22000885347498894,0.21248339973439576,0.2877379371403276
0.28350970017636684,0.2156084656084656,0.21252204585537918,0.28835978835978837
0.2869796279893711,0.20903454384410983,0.20992028343666963,0.2940655447298494
0.29117259552042163,0.20772946859903382,0.2134387351778656,0.287659200702679
0.2884026258205689,0.20437636761487965,0.2161925601750547,0.2910284463894967
0.28119429590017825,0.20811051693404634,0.2196969696969697,0.2909982174688057
0.28502202643171803,0.21145374449339208,0.2198237885462555,0.28370044052863436
0.28299379982285205,0.20992028343666963,0.21966341895482727,0.28742249778565104
0.2892416225749559,0.21031746031746032,0.21649029982363316,0.2839506172839506
0.28520657485561973,0.20435362061306087,0.22701021768103066,0.28342958685028874
0.2919448153093013,0.2060525144637294,0.22296395193591456,0.27903871829105475
0.2853992059991178,0.20599911777679752,0.22408469342743714,0.28451698279664756
0.2838795394154119,0.2112488928255093,0.2178919397697077,0.2869796279893711
0.28677758318739055,0.21628721541155868,0.21147110332749564,0.28546409807355516
0.2856516015796402,0.21017990346643264,0.2180781044317683,0.28609039052215884
0.2882172579938677,0.211125711782742,0.21419185282522996,0.2864651773981603
0.2924235711120957,0.21665928223305272,0.21001329198050508,0.2809038546743465
0.2971046770601336,0.21603563474387527,0.21469933184855233,0.27216035634743874
0.2982766239505082,0.21210782147591692,0.21785240830755634,0.27176314626601855
0.2971905179982441,0.2151009657594381,0.21685689201053557,0.2708516242317823
0.29411764705882354,0.21583370190181336,0.22291021671826625,0.26713843432109685
0.29398663697104677,0.21959910913140313,0.21648106904231626,0.2699331848552339
0.2943741822939381,0.218927169646751,0.22023549934583514,0.2664631487134758
