C,D,Oc,Od
0.0,1.0,0.0,0.0
0.0,1.0,0.0,0.0
0.15384615384615385,0.8461538461538461,0.0,0.0
0.16666666666666666,0.75,0.08333333333333333,0.0
0.17777777777777778,0.7111111111111111,0.1111111111111111,0.0
0.20512820512820512,0.6538461538461539,0.14102564102564102,0.0
0.21666666666666667,0.5583333333333333,0.21666666666666667,0.008333333333333333
0.1956521739130435,0.5217391304347826,0.2554347826086957,0.02717391304347826
0.19607843137254902,0.47843137254901963,0.28627450980392155,0.0392156862745098
0.19020172910662825,0.4409221902017291,0.3256484149855908,0.043227665706051875
0.19264069264069264,0.4199134199134199,0.33116883116883117,0.05627705627705628
0.1825938566552901,0.40102389078498296,0.3532423208191126,0.06313993174061433
0.18758434547908232,0.3873144399460189,0.349527665317139,0.07557354925775979
0.18666666666666668,0.38,0.3422222222222222,0.09111111111111111
0.19792648444863337,0.3609802073515551,0.3242224316682375,0.11687087653157399
0.20321285140562248,0.3485943775100402,0.3236947791164659,0.12449799196787148
0.20317899101589496,0.3441603317208017,0.3102971665514858,0.14236351071181755
0.20198881292728402,0.33934120571783716,0.29894344313238036,0.15972653822249844
0.21408608160983789,0.3303521520402459,0.28283957518166575,0.1727221911682504
0.21678681771369723,0.3233779608650875,0.2749742533470649,0.18486096807415037
0.21363418146903504,0.31781084973595775,0.26932309169467117,0.19923187710033605
0.21805555555555556,0.31296296296296294,0.2638888888888889,0.2050925925925926
0.21194165907019144,0.3113035551504102,0.26116681859617136,0.21558796718322698
0.21764442454097627,0.31079265562024183,0.2606359158083296,0.2109270040304523
0.21304153640017864,0.31308619919606967,0.2594908441268423,0.21438142027690935
0.21277533039647578,0.31277533039647576,0.25859030837004404,0.21585903083700442
0.2188449848024316,0.31220147633521494,0.25749023013460703,0.2114633087277464
0.21739130434782608,0.31357048748353095,0.2520860781730347,0.21695212999560826
0.21969365426695842,0.3037199124726477,0.2538293216630197,0.22275711159737419
0.21545253863134659,0.30816777041942606,0.24988962472406182,0.22649006622516557
0.22412280701754386,0.30526315789473685,0.24868421052631579,0.2219298245614035
0.2226148409893993,0.30697879858657245,0.24381625441696114,0.22659010600706714
0.21916010498687663,0.3127734033245844,0.2436570428696413,0.22440944881889763
0.219794917521177,0.3138653588943379,0.24342398573339277,0.22291573785109228
0.21973684210526315,0.3092105263157895,0.2442982456140351,0.2267543859649123
0.22142857142857142,0.3098214285714286,0.24151785714285715,0.22723214285714285
0.21998247151621383,0.30806310254163016,0.2401402278702892,0.2318141980718668
0.22679045092838196,0.3099027409372237,0.23342175066312998,0.22988505747126436
0.2290379523389232,0.3062665489849956,0.23477493380406,0.22992056487202117
0.2269315673289183,0.3108167770419426,0.23002207505518762,0.23222958057395143
0.22631578947368422,0.30701754385964913,0.23157894736842105,0.23508771929824562
0.22427440633245382,0.31266490765171506,0.2260334212840809,0.23702726473175023
0.22643979057591623,0.3145724258289703,0.225130890052356,0.2338568935427574
0.22820849759088918,0.3044240035041612,0.23039859833552342,0.23696890056942618
0.22934158197083518,0.30799823243482105,0.22889969067609367,0.2337604949182501
0.2338638373121132,0.3059239610963749,0.22281167108753316,0.23740053050397877
0.2326388888888889,0.3103298611111111,0.21961805555555555,0.23741319444444445
0.2263320123293703,0.3139586085424923,0.22236900044033464,0.23734037868780272
0.23734729493891799,0.3102094240837696,0.21553228621291448,0.2369109947643979
0.23288268643698212,0.3083296990841692,0.21849105974705627,0.2402965547317924
0.23433362753751102,0.3089143865842895,0.22506619593998234,0.23168578993821712
0.23665791776027997,0.3101487314085739,0.2174103237095363,0.2357830271216098
0.2359402460456942,0.30140597539543057,0.22100175746924428,0.24165202108963094
0.23215859030837005,0.307488986784141,0.22246696035242292,0.23788546255506607
0.230193661971831,0.3032570422535211,0.22711267605633803,0.23943661971830985
0.2326906222611744,0.30543382997370727,0.23137598597721298,0.23049956178790534
0.24140969162995596,0.2986784140969163,0.23480176211453743,0.2251101321585903
0.24242424242424243,0.29863855950812473,0.23407992973210365,0.22485726833552921
0.24077328646748683,0.29789103690685415,0.23330404217926187,0.22803163444639718
0.23725055432372505,0.2926829268292683,0.23902439024390243,0.23104212860310422
0.24673060156931126,0.2898866608544028,0.23888404533565824,0.2244986922406277
0.24814653292629743,0.2847797645006542,0.23942433493240298,0.22764936764064544
0.24747696358051777,0.2865291794646775,0.2430890741553313,0.22290478279947346
0.24128804587560654,0.2867225408028231,0.2439347154830172,0.22805469783855314
0.24446412754650132,0.28786536758193093,0.2462356067316209,0.22143489813994685
0.2440106477373558,0.28660159716060335,0.24179236912156166,0.22759538598047915
0.24526640246587406,0.2884191985909291,0.2404227212681638,0.22589167767503301
0.2460456942003515,0.28646748681898065,0.23769771528998243,0.22978910369068542
0.24823321554770317,0.2835689045936396,0.23895759717314488,0.22924028268551236
0.24911347517730498,0.28634751773049644,0.23404255319148937,0.23049645390070922
0.2440423654015887,0.2903795233892321,0.23124448367166814,0.23433362753751102
0.246684350132626,0.28735632183908044,0.22900088417329797,0.2369584438549956
0.2465034965034965,0.2897727272727273,0.22727272727272727,0.23645104895104896
0.24944812362030905,0.2865342163355408,0.22913907284768212,0.23487858719646798
0.24051191526919682,0.28949691085613416,0.22992056487202117,0.24007060900264784
0.24515845070422534,0.28829225352112675,0.22843309859154928,0.2381161971830986
0.24625550660792953,0.2828193832599119,0.23259911894273128,0.23832599118942732
0.2497801231310466,0.2836411609498681,0.23218997361477572,0.2343887423043096
0.2523076923076923,0.2843956043956044,0.22989010989010988,0.2334065934065934
0.25476295968099244,0.282233052724856,0.23216659282233051,0.230837394771821
0.25360734586794925,0.2820288587669436,0.23043288150415392,0.23393091386095322
0.2589641434262948,0.27445772465692786,0.2319610447100487,0.23461708720672864
0.25876608965823344,0.27652019529516203,0.23435419440745672,0.2303595206391478
0.26570048309178745,0.27009222661396576,0.23671497584541062,0.2274923144488362
0.26669615214506853,0.27333038478549315,0.23308270676691728,0.226890756302521
0.26936619718309857,0.27024647887323944,0.23459507042253522,0.22579225352112675
0.26546731022378234,0.27512066695919263,0.2343132953049583,0.2250987275120667
0.2653421633554084,0.2790286975717439,0.23002207505518762,0.22560706401766004
0.261978021978022,0.2821978021978022,0.23516483516483516,0.22065934065934065
0.267226148409894,0.2826855123674912,0.23409893992932862,0.21598939929328623
0.2633889376646181,0.2800702370500439,0.2317822651448639,0.2247585601404741
0.2600441501103753,0.2790286975717439,0.23399558498896247,0.2269315673289183
0.25847644209599296,0.28225451343020697,0.23469837076177896,0.22457067371202113
0.2608888888888889,0.2782222222222222,0.23377777777777778,0.22711111111111112
0.26542387927208166,0.2756324900133156,0.23834886817576564,0.2205947625388371
0.2642919964819701,0.2752858399296394,0.23350923482849603,0.22691292875989447
0.26430155210643014,0.2802660753880266,0.23414634146341465,0.2212860310421286
0.26563876651982377,0.27929515418502204,0.23480176211453743,0.22026431718061673
0.26455026455026454,0.2786596119929453,0.22971781305114639,0.22707231040564374
0.2608695652173913,0.2834960070984916,0.22937000887311446,0.22626441881100265
0.2607550482879719,0.2752414398595259,0.23880597014925373,0.22519754170324846
0.2621359223300971,0.27493380406001766,0.23874669020300088,0.22418358340688438
0.26171529619805484,0.27851458885941643,0.23784261715296198,0.22192749778956675
0.26117751217352814,0.27135900841080124,0.23904382470119523,0.22841965471447542
0.25466666666666665,0.27244444444444443,0.24266666666666667,0.23022222222222222
0.25363917071018965,0.2690780767534186,0.24305249228054698,0.23423026025584473
0.249008373732922,0.26928162185985016,0.24724548259145,0.23446452181577787
0.24570673712021135,0.27080581241743723,0.24746807573756055,0.23601937472479084
0.2408630559225011,0.2672831351827389,0.2523117569352708,0.23954205195948922
0.23625164980202376,0.26704795424549055,0.25208974923009236,0.2446106467223933
0.2429453262786596,0.2623456790123457,0.25485008818342153,0.23985890652557318
0.24113785557986872,0.2564551422319475,0.25601750547045954,0.24638949671772428
0.24056813138038172,0.25876608965823344,0.24944518419884598,0.25122059476253883
0.23931247245482593,0.25914499779638606,0.255619215513442,0.24592331423534597
0.23913997367266346,0.26239578762615184,0.25274243089074155,0.24572180781044317
0.2427873945849978,0.2574345317354638,0.255659121171771,0.2441189525077674
0.23865619546247818,0.2617801047120419,0.256108202443281,0.24345549738219896
0.23803249890206413,0.26613965744400525,0.2516469038208169,0.24418093983311376
0.23586572438162545,0.267226148409894,0.2495583038869258,0.24734982332155478
0.22843309859154928,0.2658450704225352,0.2539612676056338,0.2517605633802817
0.23107569721115537,0.267817618415228,0.25719344842850816,0.24391323594510844
0.22953736654804271,0.2669039145907473,0.2566725978647687,0.24688612099644128
0.22679045092838196,0.2692307692307692,0.259946949602122,0.2440318302387268
0.22667829119442023,0.2619877942458588,0.26068003487358327,0.2506538796861377
0.22339955849889626,0.27019867549668874,0.2556291390728477,0.2507726269315673
0.22256500661084178,0.2754517408550022,0.254737769942706,0.24724548259145
0.21883289124668434,0.27939876215738285,0.251105216622458,0.2506631299734748
0.22448077772867875,0.27441449403446755,0.2474591250552364,0.25364560318161733
0.22300572939620977,0.2750110180696342,0.249889819303658,0.25209343323049804
0.2251101321585903,0.2669603524229075,0.2497797356828194,0.2581497797356828
0.22004454342984409,0.26280623608017817,0.2512249443207127,0.265924276169265
0.22153574580759047,0.2621359223300971,0.25375110326566636,0.26257722859664606
0.21658579620644022,0.2686369651521835,0.24834583149536832,0.26643140714600794
0.2151621384750219,0.26292725679228746,0.2598597721297108,0.26205083260297984
0.22065313327449249,0.263901147396293,0.2559576345984113,0.2594880847308032
0.21456953642384105,0.2635761589403974,0.26048565121412803,0.26136865342163357
0.2137809187279152,0.2667844522968198,0.26015901060070673,0.2592756183745583
0.2128863735306922,0.2629516760992599,0.2581628210709621,0.26599912929908576
0.21305690339655933,0.26775474194971327,0.25981473312748127,0.25937362152624616
0.2145374449339207,0.2682819383259912,0.2616740088105727,0.2555066079295154
0.2191358024691358,0.26102292768959434,0.25925925925925924,0.2605820105820106
0.21597892888498682,0.2633889376646181,0.2581211589113257,0.26251097453906935
0.2144097222222222,0.2625868055555556,0.2552083333333333,0.2677951388888889
0.21771705597179375,0.2631115028646981,0.2617893345085941,0.25738210665491407
0.2163716814159292,0.2610619469026549,0.2597345132743363,0.2628318584070796
0.2186270222999563,0.2579798863139484,0.26191517271534764,0.2614779186707477
0.21779548472775564,0.26117751217352814,0.26206285967242143,0.2589641434262948
0.22319474835886213,0.25557986870897154,0.2617067833698031,0.25951859956236323
0.2263064658990257,0.25597874224977857,0.26173604960141716,0.25597874224977857
0.2248233215547703,0.26060070671378094,0.26369257950530034,0.2508833922261484
0.22703412073490814,0.24978127734033245,0.2694663167104112,0.2537182852143482
0.22426631625054752,0.2501095050372317,0.26763031099430573,0.25799386771791505
0.2259636685866194,0.25387682764731945,0.2627381479840496,0.25742135578201153
0.2251216275984078,0.2560813799203892,0.26669615214506853,0.25210084033613445
0.22715404699738903,0.2554395126196693,0.26675369886858136,0.2506527415143603
0.22566371681415928,0.25486725663716814,0.26902654867256637,0.2504424778761062
0.22404614019520852,0.2559893522626442,0.27284826974267967,0.24711623779946762
0.22530864197530864,0.25440917107583777,0.26807760141093473,0.25220458553791886
0.22840859272249014,0.25865848312143797,0.2626041209995616,0.2503288031565103
0.22725274725274724,0.2562637362637363,0.2632967032967033,0.2531868131868132
0.22801590808661068,0.24922669023420238,0.2629253203711887,0.25983208130799823
0.23168578993821712,0.24492497793468668,0.26610767872903796,0.25728155339805825
0.2359451084550686,0.2478972996901284,0.26117751217352814,0.2549800796812749
0.2279541446208113,0.24559082892416226,0.2707231040564374,0.25573192239858905
0.23157435673789795,0.24160488443087658,0.26951591801133884,0.25730484081988664
0.22934158197083518,0.2403888643393725,0.2695536897923111,0.2607158638974812
0.2307017543859649,0.24298245614035088,0.2710526315789474,0.25526315789473686
0.2332155477031802,0.24514134275618374,0.26855123674911663,0.25309187279151946
0.23617868199911543,0.24458204334365324,0.27200353825740825,0.24723573639982308
0.2384310268840899,0.24592331423534597,0.26443367122080214,0.251211987659762
0.23788738542121343,0.2466171977302488,0.2666957660410301,0.24879965080750763
0.2360928602715725,0.24353920280332894,0.2671922908453789,0.25317564607971965
0.23817940786566505,0.241714538223597,0.2677861246133451,0.25231992929739283
0.23927465723131358,0.24590888987173817,0.2689075630252101,0.24590888987173817
0.23952359947066607,0.2474636082928981,0.2681958535509484,0.24481693868548743
0.24180690876882197,0.24402125775022143,0.2652790079716563,0.24889282550930025
0.24527472527472527,0.2413186813186813,0.26857142857142857,0.24483516483516485
0.24769027716674,0.25208974923009236,0.258688957325121,0.24153101627804663
0.24593763724198506,0.2507685551163812,0.2595520421607378,0.2437417654808959
0.2404227212681638,0.24746807573756055,0.2650814619110524,0.24702774108322326
0.2426887821911829,0.2509821038847665,0.2627673505019642,0.24356176342208644
0.24451273046532046,0.24802458296751537,0.25636523266022826,0.2510974539069359
0.2453580901856764,0.24624226348364278,0.2603890362511052,0.2480106100795756
0.2514161220043573,0.25010893246187366,0.25315904139433554,0.24531590413943355
0.24781849912739964,0.24912739965095987,0.2547993019197208,0.2482547993019197
0.24735449735449735,0.2535273368606702,0.2508818342151676,0.2482363315696649
0.24758135444151275,0.25505716798592787,0.2532981530343008,0.24406332453825857
0.24547461368653423,0.25695364238410595,0.25739514348785875,0.2401766004415011
0.255178492728074,0.2560599382988101,0.24812692816218598,0.24063464081092992
0.25440917107583777,0.25749559082892415,0.24603174603174602,0.24206349206349206
0.2546093064091308,0.2515364354697103,0.2515364354697103,0.24231782265144863
0.25384953805543337,0.25824901011878576,0.24417069951605808,0.24373075230972283
0.25152041702867073,0.2562988705473501,0.24543874891398784,0.2467419635099913
0.2539752650176678,0.25530035335689044,0.24823321554770317,0.24249116607773852
0.2482456140350877,0.25833333333333336,0.24956140350877193,0.24385964912280703
0.24588706091596266,0.25700311249444197,0.2521120497999111,0.2449977767896843
0.2441189525077674,0.25521526853084775,0.25521526853084775,0.24545051043053706
0.24505059392872855,0.25736911570611526,0.2507699076110867,0.24681038275406952
0.2444250109313511,0.2544818539571491,0.24879755137735024,0.25229558373414956
0.24422735346358793,0.2571047957371226,0.24866785079928952,0.25
0.2436570428696413,0.26246719160104987,0.24190726159230097,0.25196850393700787
0.24115334207077327,0.2603757099169943,0.2415902140672783,0.25688073394495414
0.24410849266340595,0.2658959537572254,0.23610493552690084,0.25389061805246776
0.24325519681556834,0.26846528084918175,0.23617868199911543,0.25210084033613445
0.24293286219081273,0.26148409893992935,0.24249116607773852,0.25309187279151946
0.2429453262786596,0.2623456790123457,0.24162257495590828,0.25308641975308643
0.24156305506216696,0.25754884547069273,0.2508880994671403,0.25
0.24572180781044317,0.2602018429135586,0.2461605967529618,0.2479157525230364
0.24690812720848057,0.2570671378091873,0.2513250883392226,0.24469964664310953
0.255896751223854,0.24788607031597687,0.2554517133956386,0.24076546506453048
0.25742135578201153,0.256978289765175,0.24767390341160833,0.23792645104120513
0.258446687143484,0.25537516454585346,0.24703817463799913,0.23913997367266346
0.2635522256500661,0.25209343323049804,0.24416042309387395,0.24019391802556192
0.26065934065934065,0.258021978021978,0.2408791208791209,0.24043956043956044
0.25220458553791886,0.2623456790123457,0.2447089947089947,0.24074074074074073
0.25657015590200444,0.2592427616926503,0.24053452115812918,0.24365256124721604
0.25044014084507044,0.2601232394366197,0.2438380281690141,0.24559859154929578
0.24703296703296704,0.2589010989010989,0.24835164835164836,0.24571428571428572
0.24649122807017543,0.25921052631578945,0.2442982456140351,0.25
0.24934036939313983,0.2563764291996482,0.24494283201407213,0.24934036939313983
0.24836029733275033,0.25666812418014867,0.24836029733275033,0.2466112811543507
0.24834583149536832,0.25319805910895454,0.2514336127040141,0.24702249669166298
0.24462011418533158,0.256477821695213,0.25384277558190604,0.2450592885375494
0.248894783377542,0.253315649867374,0.2572944297082228,0.24049513704686118
0.2536327608982827,0.24966974900924702,0.25011008366358434,0.24658740642888596
0.2530487804878049,0.24346689895470383,0.25653310104529614,0.24695121951219512
0.25809273840769903,0.24496937882764655,0.24759405074365703,0.24934383202099739
0.2503259452411995,0.2438070404172099,0.2507605388961321,0.2551064754454585
0.248562582927908,0.24458204334365324,0.24502432551968156,0.2618310482087572
0.25,0.24211908931698775,0.24737302977232925,0.260507880910683
0.24747252747252746,0.2421978021978022,0.2465934065934066,0.26373626373626374
0.24536628420123566,0.2383053839364519,0.2559576345984113,0.26037069726390116
0.24494283201407213,0.23746701846965698,0.25021987686895336,0.2673702726473175
0.24514991181657847,0.23589065255731922,0.25044091710758376,0.26851851851851855
0.24845542806707854,0.23654015887025595,0.24536628420123566,0.26963812886142985
0.24759405074365703,0.24015748031496062,0.24715660542432197,0.2650918635170604
0.241714538223597,0.23862129916040653,0.24701723376049492,0.27264692885550157
0.24408413672217352,0.23794916739702016,0.24452234881682736,0.27344434706397897
0.2415902140672783,0.2398427260812582,0.2455220620358235,0.27304499781564
0.23336291038154391,0.24312333629103816,0.2546583850931677,0.2688553682342502
0.22575032622879512,0.2427142235754676,0.25663331883427576,0.2749021313614615
0.22305323361196655,0.2454905411350638,0.25692916849978004,0.2745270567531896
0.2249119718309859,0.238556338028169,0.2601232394366197,0.2764084507042254
0.21794871794871795,0.2458001768346596,0.2630415561450044,0.27320954907161804
0.22076788830715532,0.23865619546247818,0.26788830715532286,0.27268760907504364
0.2186270222999563,0.23786620026235242,0.27066025360734586,0.2728465238303454
0.21710526315789475,0.23728070175438595,0.27456140350877195,0.2710526315789474
0.21460176991150443,0.2398230088495575,0.27123893805309734,0.2743362831858407
0.22080211546936976,0.23093873953283384,0.27104451300132215,0.2772146319964742
0.2150065818341378,0.23124177270732776,0.2786309784993418,0.27512066695919263
0.2139718804920914,0.22583479789103691,0.2789982425307557,0.281195079086116
0.20818661971830985,0.2323943661971831,0.27684859154929575,0.28257042253521125
0.2084975908891809,0.23127463863337713,0.27989487516425754,0.2803328953131844
0.2079859587538394,0.23211935059236508,0.27424308907415534,0.2856516015796402
0.21339840283939662,0.23336291038154391,0.27506654835847383,0.27817213842058564
0.21513418389793224,0.23185217773867137,0.2754069511658601,0.2776066871975363
0.2117750439367311,0.2359402460456942,0.2789982425307557,0.273286467486819
0.21094091903719914,0.2363238512035011,0.2778993435448578,0.274835886214442
0.20990359333917616,0.23794916739702016,0.27651183172655563,0.275635407537248
0.20967032967032967,0.23516483516483516,0.2786813186813187,0.2764835164835165
0.20936395759717313,0.23233215547703182,0.28180212014134276,0.2765017667844523
0.21799912625600698,0.22935779816513763,0.2852774137177807,0.2673656618610747
0.21710234824988922,0.22817899867080194,0.2871067789100576,0.2676118741692512
0.21649029982363316,0.23148148148148148,0.2874779541446208,0.26455026455026454
0.21541850220264316,0.23392070484581498,0.28325991189427313,0.2674008810572687
0.21108179419525067,0.23746701846965698,0.287598944591029,0.2638522427440633
0.2156084656084656,0.23412698412698413,0.2826278659611993,0.26763668430335097
0.2106420404573439,0.22999120492524186,0.2862796833773087,0.27308707124010556
0.20341207349081364,0.2279090113735783,0.29483814523184604,0.27384076990376205
0.20367936925098554,0.22382829610162067,0.2974156811213316,0.2750766535260622
0.205218929677134,0.21981424148606812,0.2989827509951349,0.27598407784166296
0.2078207381370826,0.22231985940246046,0.29261862917398945,0.2772407732864675
0.20950704225352113,0.22755281690140844,0.29225352112676056,0.2706866197183099
0.20873362445414848,0.23231441048034934,0.2851528384279476,0.27379912663755457
0.20379355977062197,0.23114247904719895,0.2933392148213498,0.2717247463608293
0.20253718285214348,0.23447069116360456,0.2882764654418198,0.2747156605424322
0.2015880017644464,0.23423026025584473,0.29157476841640934,0.2726069695632995
0.19568091670339358,0.2388717496694579,0.29396209784045835,0.27148523578669015
0.1896251089799477,0.24367916303400175,0.2977332170880558,0.2689625108979948
0.18974583698510078,0.24496056091148116,0.29754601226993865,0.2677475898334794
0.18461538461538463,0.2421978021978022,0.3046153846153846,0.26857142857142857
0.19181130396083668,0.2398753894080997,0.3008455718736093,0.2674677347574544
0.18818380743982493,0.24201312910284464,0.3067833698030635,0.263019693654267
0.19080659150043366,0.2406764960971379,0.2992194275802255,0.26929748482220295
0.19645232815964522,0.2385809312638581,0.30155210643015523,0.2634146341463415
0.20115452930728242,0.24289520426287745,0.30150976909413857,0.2544404973357016
0.20239149689991143,0.24180690876882197,0.29849424269264835,0.25730735163861823
0.19802867383512546,0.2482078853046595,0.3033154121863799,0.25044802867383514
0.20105124835742444,0.2448532632501095,0.29916776171703896,0.25492772667542707
0.20236013986013987,0.24694055944055945,0.2958916083916084,0.2548076923076923
0.2002664298401421,0.2508880994671403,0.29307282415630553,0.2557726465364121
0.20239680426098536,0.2521083000443853,0.29072347980470487,0.2547714158899245
0.19991173874669022,0.2528684907325684,0.29523389232127095,0.25198587819947044
0.19692307692307692,0.25978021978021976,0.2927472527472528,0.25054945054945055
0.19566179725542276,0.2633908809207614,0.2872952633908809,0.2536520584329349
0.19573901464713714,0.26498002663115844,0.28273413226808697,0.25654682645361737
0.19982355535950597,0.2620202911336568,0.2867225408028231,0.2514336127040141
0.20017559262510976,0.26119402985074625,0.2853380158033363,0.2532923617208077
0.20239680426098536,0.2609853528628495,0.28539724811362627,0.25122059476253883
0.1985002205558006,0.26378473753859727,0.2858403176003529,0.2518747243052492
0.2048780487804878,0.2611973392461197,0.27583148558758314,0.25809312638580933
0.1997366110623354,0.2589991220368745,0.2844600526777875,0.25680421422300265
0.2006172839506173,0.2623456790123457,0.2808641975308642,0.25617283950617287
0.1970899470899471,0.2605820105820106,0.2791005291005291,0.26322751322751325
0.19667104686815592,0.25492772667542707,0.2855891371003066,0.2628120893561104
0.1997366110623354,0.252414398595259,0.27699736611062337,0.2708516242317823
0.20149911816578484,0.2495590828924162,0.2791005291005291,0.2698412698412698
0.19876597620096959,0.24768620537681799,0.28206258263552225,0.27148523578669015
0.20088105726872246,0.2537444933920705,0.2762114537444934,0.2691629955947137
0.198943661971831,0.25704225352112675,0.28125,0.26276408450704225
0.2062720848056537,0.25220848056537104,0.28533568904593637,0.25618374558303886
0.20415377817057004,0.2509942554131684,0.28060097216084845,0.26425099425541315
0.21460176991150443,0.23805309734513275,0.27831858407079646,0.26902654867256637
0.21519543258673693,0.23891084760649978,0.2736056214317084,0.2722880983750549
0.21305690339655933,0.24128804587560654,0.2774591971768858,0.2681958535509484
0.20941487021557414,0.23405191377034756,0.27716673999120106,0.27936647602287723
0.21164021164021163,0.23544973544973544,0.27204585537918874,0.2808641975308642
0.20492524186455585,0.2418645558487247,0.27088830255057167,0.28232189973614774
0.20851624231782265,0.24363476733977174,0.2677787532923617,0.2800702370500439
0.2091703056768559,0.2388646288209607,0.27117903930131004,0.28078602620087334
0.20813079982324348,0.24304021210782148,0.27132125497127707,0.27750773309765797
0.2063423110338836,0.24978279756733276,0.2636837532580365,0.2801911381407472
0.20719929762949957,0.24582967515364354,0.26382791922739246,0.28314310798946446
0.2055580061755624,0.2439347154830172,0.2642258491398324,0.286281429201588
0.20816864295125165,0.2375933245498463,0.26745718050065875,0.2867808519982433
0.20796847635726795,0.23992994746059546,0.2640105078809107,0.28809106830122594
0.2088300220750552,0.23443708609271524,0.2671081677704194,0.28962472406181017
0.2131578947368421,0.23114035087719298,0.27149122807017545,0.28421052631578947
0.2105954465849387,0.23248686514886166,0.27583187390542907,0.28108581436077057
0.2112676056338028,0.230193661971831,0.2737676056338028,0.2847711267605634
0.2144429766622633,0.23293703214442976,0.27080581241743723,0.2818141787758697
0.21520106053910737,0.22713212549712772,0.27883340698188247,0.27883340698188247
0.2184873949579832,0.22423706324635118,0.27952233524988945,0.27775320654577623
0.21601407831060274,0.2278926528816542,0.27716673999120106,0.278926528816542
0.21564295183384888,0.2266902342023862,0.275740167918692,0.2819266460450729
0.21715817694369974,0.23011617515638963,0.27882037533512066,0.27390527256478997
0.21136063408190225,0.23205636283575518,0.2760898282694848,0.2804931748128578
0.21422300263388938,0.23397717295873574,0.28314310798946446,0.26865671641791045
0.21981424148606812,0.23219814241486067,0.2843874391862008,0.2636001769128704
0.21537789427697684,0.23197903014416776,0.2874617737003058,0.2651813018785496
0.2136828076410484,0.23456241670368724,0.28698356286095067,0.26477121279431365
0.21357111787733798,0.23444976076555024,0.28621139625924313,0.2657677250978686
0.21428571428571427,0.23606271777003485,0.2857142857142857,0.26393728222996515
0.21564295183384888,0.23862129916040653,0.2845779938135219,0.26115775519222273
0.2167985927880387,0.23966578715919085,0.2849604221635884,0.25857519788918204
0.21932921447484555,0.2418358340688438,0.2824360105913504,0.2563989408649603
0.22382829610162067,0.24529128339903636,0.2728865527814279,0.25799386771791505
0.22007042253521128,0.2482394366197183,0.2720070422535211,0.2596830985915493
0.21494913754975675,0.24546660769570985,0.27200353825740825,0.26758071649712517
0.2230565371024735,0.24381625441696114,0.2698763250883392,0.26325088339222613
0.22877254729432467,0.24373075230972283,0.26704795424549055,0.26044874615046193
0.2233948988566403,0.24626209322779244,0.2673702726473175,0.26297273526824977
0.22095070422535212,0.25,0.2623239436619718,0.26672535211267606
0.21899736147757257,0.25021987686895336,0.2616534740545295,0.2691292875989446
0.22606382978723405,0.24556737588652483,0.26019503546099293,0.26817375886524825
0.22428256070640176,0.24591611479028697,0.2640176600441501,0.26578366445916113
0.2262323943661972,0.24295774647887325,0.2649647887323944,0.2658450704225352
0.2226148409893993,0.24249116607773852,0.26501766784452296,0.2698763250883392
0.21752669039145908,0.24644128113879005,0.26423487544483987,0.27179715302491103
0.21409691629955946,0.2444933920704846,0.2669603524229075,0.27444933920704845
0.21409921671018275,0.24238468233246302,0.2619669277632724,0.2815491731940818
0.2146298729741568,0.24616732369689007,0.2588699080157687,0.2803328953131844
0.21459982409850484,0.25241864555848725,0.2590149516270888,0.27396657871591906
0.2172566371681416,0.2504424778761062,0.26415929203539823,0.268141592920354
0.21863957597173145,0.247791519434629,0.26545936395759717,0.2681095406360424
0.21613327487943884,0.24331433581762385,0.265234546251644,0.2753178430512933
0.218612818261633,0.24187884108867427,0.2655838454784899,0.2739244951712028
0.21441202475685234,0.23607427055702918,0.27541998231653403,0.27409372236958446
0.21330982811811372,0.24063464081092992,0.2732481269281622,0.2728074041427942
0.21315092674315975,0.23962930273609886,0.27714033539276256,0.27007943512797883
0.21603856266432953,0.23794916739702016,0.27607361963190186,0.26993865030674846
0.2122683142100618,0.24315975286849073,0.2727272727272727,0.27184466019417475
0.21409921671018275,0.24238468233246302,0.26849434290687557,0.2750217580504787
0.21202809482001755,0.24714661984196665,0.2642669007901668,0.276558384547849
0.21488701816570668,0.24147097917589722,0.2724856003544528,0.2711564023039433
0.21147902869757174,0.24326710816777042,0.27240618101545255,0.2728476821192053
0.20610349402919062,0.24413976116762495,0.27333038478549315,0.2764263600176913
0.2093327518534671,0.24422154382904493,0.27344090710859137,0.27300479720889664
0.20941487021557414,0.24901011878574572,0.2692476902771667,0.27232732072151344
0.2058303886925795,0.25265017667844525,0.2712014134275618,0.2703180212014134
0.2097902097902098,0.2465034965034965,0.27403846153846156,0.2696678321678322
0.20721112076455256,0.24500434404865334,0.2801911381407472,0.2675933970460469
0.21170774647887325,0.24515845070422534,0.28036971830985913,0.26276408450704225
0.2157293497363796,0.25,0.2750439367311072,0.2592267135325132
0.20616740088105726,0.2497797356828194,0.27444933920704845,0.2696035242290749
0.20468611847922194,0.2515473032714412,0.28293545534924847,0.2608311229000884
0.19982394366197184,0.2566021126760563,0.2790492957746479,0.26452464788732394
0.20228170250109698,0.2544975866608161,0.2773146116717859,0.26590609916630104
0.20202020202020202,0.2621870882740448,0.27140974967061926,0.26438296003513395
0.20500438981562774,0.26382791922739246,0.2752414398595259,0.2559262510974539
0.20877659574468085,0.2641843971631206,0.2703900709219858,0.2566489361702128
0.2060256978289765,0.2631812140008861,0.2809038546743465,0.24988923349579087
0.19902265659706797,0.258996001776988,0.282985339848956,0.258996001776988
0.20166229221347332,0.2594050743657043,0.2874015748031496,0.2515310586176728
0.1986062717770035,0.26480836236933797,0.28397212543554007,0.25261324041811845
0.19686411149825783,0.2691637630662021,0.2804878048780488,0.2534843205574913
0.1958259325044405,0.2664298401420959,0.28063943161634103,0.2571047957371226
0.19840213049267644,0.2636484687083888,0.27785175321793165,0.2600976475810031
0.20262582056892778,0.2673960612691466,0.2722100656455142,0.2577680525164114
0.20449537241075363,0.2626707800793301,0.27589246364037023,0.25694138386954607
0.19955456570155902,0.2641425389755011,0.2717149220489978,0.26458797327394207
0.1963109354413702,0.2639437856829161,0.26745718050065875,0.2722880983750549
0.1925601750547046,0.27177242888402625,0.26827133479212256,0.2673960612691466
0.1955282770714599,0.2687417799210872,0.26918018412976763,0.26654975887768523
0.19746059544658495,0.27057793345008757,0.260507880910683,0.2714535901926445
0.19912280701754387,0.2710526315789474,0.2578947368421053,0.2719298245614035
0.20194862710363154,0.2728077945084145,0.25907883082373784,0.2661647475642161
0.20614035087719298,0.2771929824561403,0.2596491228070175,0.25701754385964914
0.20758043190832967,0.26928162185985016,0.2626707800793301,0.2604671661524901
0.2047451669595782,0.2702108963093146,0.26054481546572933,0.26449912126537783
0.2067603160667252,0.2660228270412643,0.2581211589113257,0.26909569798068483
0.20273851590106007,0.2663427561837456,0.26369257950530034,0.267226148409894
0.20543144984669295,0.26237406920718354,0.26763031099430573,0.2645641699518178
0.19638925583443417,0.2633201232937032,0.27036547776309994,0.26992514310876264
0.1914612676056338,0.2689260563380282,0.26936619718309857,0.27024647887323944
0.1875274483970136,0.2736056214317084,0.27448397013614406,0.26438296003513395
0.18957968476357268,0.2723292469352014,0.2788966725043783,0.2591943957968476
0.19188354653727394,0.26290251433612705,0.28451698279664756,0.2606969563299515
0.18879576532862816,0.26246140273489194,0.2831936479929422,0.2655491839435377
0.19205298013245034,0.2662251655629139,0.27549668874172184,0.2662251655629139
0.19604395604395605,0.26593406593406593,0.28,0.258021978021978
0.19649122807017544,0.26842105263157895,0.2719298245614035,0.2631578947368421
0.20345744680851063,0.2695035460992908,0.27393617021276595,0.25310283687943264
0.20651695288419197,0.2668428005284016,0.27080581241743723,0.25583443416996915
0.20993031358885017,0.25914634146341464,0.2730836236933798,0.2578397212543554
0.20898778359511344,0.2591623036649215,0.2757417102966841,0.256108202443281
0.2058303886925795,0.2583922261484099,0.28224381625441697,0.25353356890459366
0.20892226148409895,0.25,0.28047703180212014,0.26060070671378094
0.211353711790393,0.24890829694323144,0.2834061135371179,0.25633187772925764
0.20532150776053215,0.2523281596452328,0.282039911308204,0.26031042128603105
0.20517316966242877,0.25558965366067515,0.28233231039017975,0.2569048662867163
0.2066041945560018,0.25925925925925924,0.27621597501115575,0.25792057117358325
0.20458553791887124,0.2588183421516755,0.2808641975308642,0.25573192239858905
0.20639789658194566,0.25547765118317267,0.2813321647677476,0.2567922874671341
0.21003963011889035,0.2646411272567151,0.27388815499779834,0.2514310876265962
0.2115469369766417,0.26531511679153813,0.26972234464521816,0.25341560158660204
0.21578947368421053,0.26228070175438595,0.2657894736842105,0.256140350877193
0.20704845814977973,0.26387665198237886,0.2647577092511013,0.2643171806167401
0.21346324180690876,0.26395039858281666,0.26483613817537643,0.2577502214348981
0.21349801499779444,0.2606969563299515,0.2646669607410675,0.2611380679311866
0.21270962047661077,0.26963812886142985,0.26434245366284204,0.2533097969991174
0.21739130434782608,0.2669565217391304,0.26217391304347826,0.2534782608695652
0.22638223770134958,0.2673051806704397,0.25380931649978233,0.2525032651284284
0.227921498661909,0.2649420160570919,0.25245316681534347,0.2546833184656557
0.2283085013146363,0.268624014022787,0.2506573181419807,0.25241016652059595
0.2281849912739965,0.268760907504363,0.25087260034904013,0.25218150087260033
0.23114680946006247,0.26907630522088355,0.2525658188308791,0.24721106648817492
0.22819383259911893,0.2709251101321586,0.2533039647577093,0.2475770925110132
0.22840859272249014,0.2661113546690048,0.25734327049539674,0.24813678211310827
0.22864651773981604,0.26237406920718354,0.2575558475689882,0.2514235654840123
0.22747546833184656,0.2586975914362177,0.2631578947368421,0.25066904549509367
0.2288623284639221,0.25320938468348825,0.2642762284196547,0.2536520584329349
0.23185840707964603,0.25309734513274335,0.2588495575221239,0.25619469026548675
0.2345462516440158,0.25252082419991234,0.2569048662867163,0.25602805786935556
0.23513870541611626,0.25011008366358434,0.2571554381329811,0.2575957727873184
0.2343612334801762,0.2515418502202643,0.25462555066079295,0.2594713656387665
0.24157549234135667,0.24507658643326038,0.24945295404814005,0.26389496717724287
0.24174372523117568,0.23866138265081463,0.25539409951563186,0.26420079260237783
0.2474636082928981,0.24261138067931187,0.24878694309660343,0.2611380679311866
0.23985890652557318,0.24779541446208111,0.2447089947089947,0.26763668430335097
0.2437417654808959,0.2437417654808959,0.2490118577075099,0.2635046113306983
0.24512411347517732,0.24556737588652483,0.24822695035460993,0.26108156028368795
0.24517543859649124,0.24649122807017543,0.2482456140350877,0.2600877192982456
0.2440423654015887,0.2444836716681377,0.24669020300088262,0.264783759929391
0.24735915492957747,0.24031690140845072,0.2539612676056338,0.258362676056338
0.24846625766871167,0.2401402278702892,0.24890446976336547,0.2624890446976337
0.248562582927908,0.23971693940734187,0.24900486510393632,0.26271561256081377
0.24108352144469525,0.2401805869074492,0.2568848758465011,0.2618510158013544
0.250989010989011,0.23252747252747252,0.2567032967032967,0.25978021978021976
0.24462011418533158,0.24462011418533158,0.25296442687747034,0.2577953447518665
0.2406675450153711,0.24418093983311376,0.2547211242863417,0.2604303908651735
0.23383525243578387,0.2466784765279008,0.258193091231178,0.2612931798051373
0.23380035026269702,0.24824868651488616,0.2583187390542907,0.2596322241681261
0.235216240070609,0.2471315092674316,0.26037069726390116,0.25728155339805825
0.2402482269503546,0.24601063829787234,0.2570921985815603,0.2566489361702128
0.24060150375939848,0.24458204334365324,0.254312251216276,0.2605042016806723
0.23721340388007053,0.24206349206349206,0.263668430335097,0.2570546737213404
0.24,0.2378021978021978,0.261978021978022,0.2602197802197802
0.23750552852720036,0.23971693940734187,0.2618310482087572,0.26094648385670055
0.2423580786026201,0.2292576419213974,0.2633187772925764,0.26506550218340613
0.2479047198941332,0.22805469783855314,0.2580502867225408,0.2659902955447728
0.24585876198779424,0.2210113339145597,0.26155187445510025,0.2715780296425458
0.237928007023705,0.22036874451273047,0.2664618086040386,0.2752414398595259
0.24035476718403548,0.22572062084257205,0.25277161862527714,0.2811529933481153
0.23624454148471616,0.22314410480349345,0.25327510917030566,0.2873362445414847
0.23004904146232724,0.22781988408381632,0.2630405706642889,0.27909050378956757
0.23429844097995545,0.22004454342984409,0.26369710467706015,0.2819599109131403
0.23868131868131867,0.22329670329670329,0.2589010989010989,0.27912087912087913
0.2408791208791209,0.22725274725274724,0.25362637362637364,0.27824175824175823
0.23968393327480245,0.22080772607550483,0.2598770851624232,0.2796312554872695
0.23636363636363636,0.22084257206208427,0.25809312638580933,0.2847006651884701
0.2418645558487247,0.21899736147757257,0.25813544415127526,0.28100263852242746
0.242756804214223,0.2151009657594381,0.2581211589113257,0.2840210711150132
0.24606643356643357,0.2145979020979021,0.2618006993006993,0.27753496503496505
0.2475770925110132,0.21409691629955946,0.26387665198237886,0.27444933920704845
0.24271844660194175,0.21579876434245365,0.26301853486319504,0.27846425419240955
0.24457244129375277,0.20868409392999557,0.26894107221976077,0.2778023925564909
0.2488986784140969,0.20572687224669603,0.2748898678414097,0.27048458149779736
0.24091108190976784,0.2058694699956198,0.27726675427069647,0.2759526938239159
0.24139452780229478,0.20653133274492497,0.28067078552515445,0.27140335392762577
0.2415329768270945,0.20944741532976827,0.28342245989304815,0.26559714795008915
0.24072438162544169,0.20936395759717313,0.2835689045936396,0.2663427561837456
0.24015748031496062,0.20909886264216973,0.28390201224846895,0.2668416447944007
0.24681598594642074,0.207290294246816,0.27931488801054016,0.2665788317962231
0.24624889673433362,0.20476610767872905,0.2766990291262136,0.2722859664607237
0.24736842105263157,0.2100877192982456,0.2802631578947368,0.26228070175438595
0.24923076923076923,0.21362637362637363,0.27472527472527475,0.2624175824175824
0.2498903989478299,0.2117492327926348,0.27356422621657167,0.2647961420429636
0.2517574692442882,0.2100175746924429,0.2728471001757469,0.26537785588752194
0.2493368700265252,0.20954907161803712,0.27453580901856767,0.26657824933687
0.25022143489813997,0.21612046058458814,0.2754650132860939,0.258193091231178
0.24490699734278124,0.2178919397697077,0.2741364038972542,0.2630646589902569
0.2431718061674009,0.21762114537444935,0.27665198237885463,0.26255506607929513
0.2427695004382121,0.21603856266432953,0.2857142857142857,0.25547765118317267
0.24313551815766166,0.2178919397697077,0.29185119574845,0.2471213463241807
0.24391323594510844,0.21027003098716246,0.3023461708720673,0.2434705621956618
