C,D,Oc,Od
0.0,1.0,0.0,0.0
0.25,0.75,0.0,0.0
0.2222222222222222,0.7777777777777778,0.0,0.0
0.25,0.75,0.0,0.0
0.3076923076923077,0.6538461538461539,0.0,0.038461538461538464
0.32608695652173914,0.5869565217391305,0.0,0.08695652173913043
0.36923076923076925,0.5538461538461539,0.0,0.07692307692307693
0.3684210526315789,0.5368421052631579,0.0,0.09473684210526316
0.3484848484848485,0.5606060606060606,0.0,0.09090909090909091
0.3626373626373626,0.5439560439560439,0.01098901098901099,0.08241758241758242
0.3783783783783784,0.5057915057915058,0.019305019305019305,0.09652509652509653
0.34971098265895956,0.5144508670520231,0.03468208092485549,0.10115606936416185
0.3362637362637363,0.5032967032967033,0.04835164835164835,0.11208791208791209
0.32978723404255317,0.49822695035460995,0.05319148936170213,0.11879432624113476
0.31736526946107785,0.47904191616766467,0.0718562874251497,0.1317365269461078
0.3157248157248157,0.47297297297297297,0.0773955773955774,0.1339066339066339
0.30662393162393164,0.4594017094017094,0.08440170940170941,0.14957264957264957
0.3122130394857668,0.4508723599632691,0.08356290174471992,0.15335169880624427
0.32019704433497537,0.4318555008210181,0.08702791461412152,0.16091954022988506
0.3163191948238677,0.42774982027318476,0.09130122214234364,0.16462976276060387
0.3137380191693291,0.4191693290734824,0.10031948881789138,0.16677316293929711
0.31103286384976525,0.4119718309859155,0.11502347417840375,0.1619718309859155
0.3118756936736959,0.4034406215316315,0.11986681465038845,0.16481687014428412
0.3076923076923077,0.40188383045525905,0.12035583464154893,0.17006802721088435
0.30061037639877924,0.3987792472024415,0.12410986775178026,0.17650050864699898
0.3047711781888997,0.3904576436222006,0.1299902629016553,0.1747809152872444
0.30376728659990465,0.38865045302813545,0.13209346685741535,0.17548879351454458
0.30536130536130535,0.37995337995337997,0.13193473193473193,0.18275058275058276
0.29868361325465276,0.3772128915115751,0.1366318656377667,0.18747162959600544
0.3026493039964077,0.367759317467445,0.1383026493039964,0.19128872923215087
0.2980132450331126,0.363355408388521,0.14613686534216336,0.19249448123620308
0.29606716747680073,0.3641184268669907,0.14361467079098542,0.19619973486522316
0.30368098159509205,0.35363716038562665,0.14329535495179668,0.19938650306748465
0.30630233583076244,0.3490524460114588,0.1485235786690172,0.19612163948876157
0.3100570926657883,0.3416776460254721,0.15151515151515152,0.19675010979358806
0.31180893409995575,0.33746130030959753,0.1543564794338788,0.19637328615656788
0.31112091791703445,0.3415710503089144,0.1526919682259488,0.19461606354810237
0.3071177504393673,0.34797891036906853,0.15377855887521968,0.19112478031634447
0.31046613896218117,0.33465259454705365,0.1600703605980651,0.1948109058927001
0.3144736842105263,0.33289473684210524,0.1600877192982456,0.1925438596491228
0.31355181576616475,0.3330380868024801,0.1612046058458813,0.19220549158547387
0.31846289752650175,0.325530035335689,0.1612190812720848,0.19478798586572438
0.30974224552206203,0.3289646133682831,0.16601135867190914,0.19528178243774574
0.3127208480565371,0.3281802120141343,0.17137809187279152,0.1877208480565371
0.3091314031180401,0.3322939866369711,0.16525612472160356,0.1933184855233853
0.3037135278514589,0.3306808134394341,0.17197170645446508,0.19363395225464192
0.3125,0.3265845070422535,0.16505281690140844,0.19586267605633803
0.3068131868131868,0.33406593406593404,0.1701098901098901,0.189010989010989
0.3078958976621085,0.3330392589325099,0.1689457432730481,0.1901191001323335
0.306401766004415,0.33024282560706403,0.16997792494481237,0.19337748344370861
0.31521262604121,0.3222270933800965,0.1709776413853573,0.19158263919333626
0.3205357142857143,0.3267857142857143,0.16607142857142856,0.18660714285714286
0.31879633667684254,0.3249018752725687,0.16572176188399476,0.19058002616659397
0.31651173085436035,0.32226648959716686,0.17175741478530324,0.18946436476316955
0.3211453744493392,0.3246696035242291,0.16784140969162994,0.18634361233480176
0.3251779359430605,0.3185053380782918,0.16681494661921709,0.1895017793594306
0.3287731685789938,0.31862312444836716,0.17122683142100617,0.18137687555163284
0.327032967032967,0.31824175824175827,0.17494505494505494,0.17978021978021977
0.3280493174812858,0.313518273888155,0.17701453104359313,0.1814178775869661
0.3144736842105263,0.3223684210526316,0.17587719298245613,0.18728070175438596
0.3154657293497364,0.32073813708260107,0.1766256590509666,0.18717047451669597
0.3182020471740098,0.3164218958611482,0.17222963951935916,0.19314641744548286
0.3117283950617284,0.31084656084656087,0.18121693121693122,0.19620811287477954
0.3175021987686895,0.30299032541776605,0.18117854001759015,0.19832893579595426
0.3160919540229885,0.3010610079575597,0.1843501326259947,0.19849690539345713
0.3126921387790953,0.3065436978480457,0.1875274483970136,0.1932367149758454
0.3153947948831054,0.3034847816497574,0.18614909572121746,0.19497132774591971
0.30874558303886923,0.3043286219081272,0.19037102473498232,0.1965547703180212
0.30677290836653387,0.3054448871181939,0.19256308100929614,0.1952191235059761
0.30881057268722467,0.30176211453744495,0.19515418502202644,0.19427312775330396
0.30803373280071017,0.3018197958277852,0.19573901464713714,0.19440745672436752
0.29964850615114236,0.3031634446397188,0.20210896309314588,0.19507908611599298
0.30586161304539444,0.3027765535478184,0.20537681798148966,0.1859850154252975
0.3063811188811189,0.3063811188811189,0.19973776223776224,0.1875
0.30417582417582417,0.30241758241758243,0.20659340659340658,0.18681318681318682
0.31101321585903086,0.3004405286343612,0.2039647577092511,0.18458149779735683
0.31089459698848537,0.2945084145261293,0.20372010628875112,0.19087688219663418
0.31205985915492956,0.29005281690140844,0.2055457746478873,0.19234154929577466
0.3070136744596383,0.29554477282752534,0.20423467137185708,0.19320688134097927
0.3100741386829481,0.2926297426951592,0.21151330135194069,0.18578281726995202
0.3113456464379947,0.29507475813544415,0.2040457343887423,0.18953386103781883
0.31026884089907447,0.29175848391361836,0.2093433230498017,0.1886293521375055
0.3142857142857143,0.28527472527472525,0.2123076923076923,0.18813186813186814
0.3085339168490153,0.28533916849015317,0.21181619256017506,0.19431072210065645
0.3190075321222862,0.2800177226406735,0.20912715994683206,0.19184758529020823
0.3235425011125946,0.28126390743213175,0.2136181575433912,0.18157543391188252
0.3204444444444444,0.28,0.2137777777777778,0.18577777777777776
0.3230904302019315,0.2800702370500439,0.21334503950834066,0.18349429323968394
0.3145125716806352,0.2734891927657697,0.22055580061755625,0.19144243493603882
0.3138556883576804,0.2673749446657813,0.22487826471890218,0.19389110225763612
0.3247100802854594,0.26181980374665476,0.22123104371097235,0.19223907225691347
0.32245258050286724,0.26643140714600794,0.21835024261138067,0.19276576973974416
0.31539807524059493,0.2659667541557305,0.2226596675415573,0.19597550306211722
0.3201058201058201,0.263668430335097,0.22663139329805995,0.18959435626102292
0.3163941670349094,0.2664604507291206,0.2209456473707468,0.19619973486522316
0.31875819851333625,0.27415828596414515,0.22125054656755574,0.18583296895496285
0.3201948627103631,0.2728077945084145,0.22054915854738708,0.18644818423383525
0.31374281926646047,0.27132125497127707,0.23199292973928415,0.18294299602297834
0.3156498673740053,0.26834659593280286,0.2382847038019452,0.17771883289124668
0.3136645962732919,0.2657497781721384,0.23469387755102042,0.18589174800354924
0.31844064826982044,0.2606219886114761,0.23565484012264565,0.18528252299605782
0.31736263736263737,0.26461538461538464,0.23252747252747252,0.1854945054945055
0.3157894736842105,0.2565789473684211,0.2355263157894737,0.19210526315789472
0.3122791519434629,0.25530035335689044,0.23851590106007067,0.19390459363957596
0.31521262604121,0.25778167470407715,0.24024550635686104,0.1867601928978518
0.31316725978647686,0.25622775800711745,0.24243772241992884,0.18816725978647686
0.3202122954444936,0.24590888987173817,0.24325519681556834,0.19062361786819992
0.3284896521356231,0.2426243945398503,0.2408630559225011,0.18802289740202555
0.32809773123909247,0.24389179755671903,0.2395287958115183,0.18848167539267016
0.3289646133682831,0.24333770205329838,0.236784622105723,0.1909130624726955
0.3273127753303965,0.24008810572687225,0.24008810572687225,0.19251101321585903
0.32380114386273645,0.24153101627804663,0.24285085789705235,0.19181698196216454
0.32082060235704934,0.24181580096027935,0.24574421649934527,0.19161938018332605
0.321570357300397,0.23952359947066607,0.2474636082928981,0.19144243493603882
0.327768014059754,0.23418277680140598,0.24560632688927944,0.19244288224956063
0.3277533039647577,0.23259911894273128,0.2497797356828194,0.18986784140969162
0.32498902064119456,0.2393500219587176,0.24857268335529206,0.18708827404479578
0.32228521587440034,0.24116877453118185,0.24552987352812908,0.1910161360662887
0.32167832167832167,0.24256993006993008,0.24475524475524477,0.1909965034965035
0.31814198071866784,0.24233128834355827,0.24364592462751972,0.19588080631025417
0.3203330411919369,0.24408413672217352,0.2427695004382121,0.19281332164767748
0.3169662428759316,0.24331433581762385,0.24638316527838666,0.19333625602805787
0.32232496697490093,0.23469837076177896,0.24746807573756055,0.1955085865257596
0.32138172278093574,0.23393091386095322,0.24486226497595104,0.19982509838216003
0.3185995623632385,0.23588621444201313,0.24463894967177244,0.20087527352297593
0.31856077226853885,0.2387011847301448,0.2413339183852567,0.20140412461605967
0.32457293035479634,0.23390275952693823,0.2395970214629873,0.20192728865527815
0.3144124168514412,0.24124168514412417,0.24168514412416853,0.20266075388026608
0.3170947741364039,0.2395925597874225,0.2395925597874225,0.20372010628875112
0.32035398230088497,0.2411504424778761,0.23849557522123893,0.2
0.3134065934065934,0.24,0.2443956043956044,0.2021978021978022
0.30875166592625497,0.24211461572634385,0.24833407374500222,0.20079964460239894
0.30455740578439966,0.24583698510078877,0.2432077125328659,0.20639789658194566
0.3108876257105378,0.2435505028421513,0.2444250109313511,0.20113686051595978
0.31057268722466963,0.23788546255506607,0.24669603524229075,0.20484581497797358
0.3154657293497364,0.23374340949033393,0.24428822495606328,0.20650263620386644
0.3142605633802817,0.2319542253521127,0.24735915492957747,0.20642605633802816
0.3104359313077939,0.23645970937912814,0.24174372523117568,0.21136063408190225
0.3116826503923278,0.24367916303400175,0.23321708805579774,0.21142109851787272
0.31501993797075767,0.23881258307487815,0.23792645104120513,0.20824102791315907
0.3175438596491228,0.2381578947368421,0.2425438596491228,0.20175438596491227
0.31671041119860016,0.23753280839895013,0.24015748031496062,0.20559930008748906
0.31574318381706246,0.23614775725593667,0.2405452946350044,0.2075637642919965
0.3192426243945399,0.23249669749009247,0.23734037868780272,0.21092029942756496
0.3086745926904447,0.23645970937912814,0.23910171730515192,0.21576398062527521
0.31211589113257243,0.2405618964003512,0.23529411764705882,0.21202809482001755
0.3148065807025345,0.24277456647398843,0.22943530457981326,0.21298354824366386
0.30826737027264733,0.24494283201407213,0.2343887423043096,0.21240105540897097
0.3108762659621312,0.24746807573756055,0.2289740202553941,0.21268163804491413
0.30114135206321335,0.24802458296751537,0.237928007023705,0.21290605794556627
0.29783473265576665,0.24701723376049492,0.23685373398144058,0.21829429960229785
0.3041575492341357,0.24507658643326038,0.23457330415754923,0.2161925601750547
0.30303030303030304,0.2481335090030742,0.23539745278875715,0.2134387351778656
0.30367419212040725,0.2536520584329349,0.234174413457282,0.20849933598937584
0.3065725628584032,0.250992501102779,0.2364358182620203,0.20599911777679752
0.3053602811950791,0.25,0.23637961335676624,0.20826010544815465
0.30647291941875826,0.24966974900924702,0.23425803610744167,0.20959929546455305
0.30916196265740337,0.25097698653929656,0.2349109856708641,0.20495006513243597
0.31541850220264317,0.2475770925110132,0.23392070484581498,0.20308370044052865
0.31685789938217124,0.24889673433362755,0.2290379523389232,0.20520741394527803
0.31418471056120195,0.2540874944763588,0.23199292973928415,0.19973486522315512
0.31411096548711226,0.2603757099169943,0.22455220620358235,0.20096111839231107
0.31667403803626715,0.26846528084918175,0.22069880583812473,0.19416187527642637
0.3247038174637999,0.26239578762615184,0.21895568231680562,0.19394471259324264
0.32263736263736265,0.258021978021978,0.2175824175824176,0.20175824175824175
0.32420494699646646,0.25353356890459366,0.21863957597173145,0.20362190812720848
0.32130281690140844,0.2566021126760563,0.2205105633802817,0.20158450704225353
0.3078958976621085,0.26643140714600794,0.2192324658138509,0.20644022937803264
0.31957857769973663,0.25548726953467954,0.21685689201053557,0.2080772607550483
0.3144488361879666,0.2547211242863417,0.2191480017566974,0.2116820377689943
0.31505046072838966,0.25756910925844667,0.21588415971917507,0.2114962702939886
0.3118942731277533,0.2577092511013216,0.21497797356828194,0.21541850220264316
0.3148636763412489,0.25505716798592787,0.2106420404573439,0.21943711521547934
0.3181818181818182,0.2502206531332745,0.21535745807590467,0.21624007060900266
0.31856077226853885,0.25362000877577884,0.21237384817902588,0.21544537077665643
0.320298769771529,0.2504393673110721,0.21660808435852372,0.2126537785588752
0.3176831943835015,0.2540587977182975,0.21193505923650724,0.21632294866169371
0.3250222617987533,0.25022261798753337,0.21460373998219057,0.21015138023152272
0.3238262395787626,0.2523036419482229,0.21193505923650724,0.21193505923650724
0.3230088495575221,0.25663716814159293,0.21460176991150443,0.20575221238938052
0.3150263620386643,0.2548330404217926,0.21616871704745166,0.2139718804920914
0.3154867256637168,0.2606194690265487,0.21415929203539824,0.2097345132743363
0.3189806678383128,0.2548330404217926,0.210896309314587,0.21528998242530756
0.3254901960784314,0.25098039215686274,0.2139433551198257,0.20958605664488017
0.32207907596623725,0.25721901377165707,0.21590404264771212,0.2047978676143936
0.3215077605321508,0.2611973392461197,0.21596452328159646,0.20133037694013303
0.3225806451612903,0.25762262483429077,0.21608484312859036,0.20371188687582856
0.32395604395604394,0.25362637362637364,0.21802197802197804,0.2043956043956044
0.3191865605658709,0.25552608311229,0.22015915119363394,0.20512820512820512
0.32555066079295153,0.25242290748898677,0.21894273127753303,0.20308370044052865
0.32713590084108013,0.24878264718902168,0.22399291722000886,0.20008853474988933
0.32602979842243646,0.24715162138475022,0.22173531989482909,0.20508326029798424
0.3168706293706294,0.2517482517482518,0.22596153846153846,0.20541958041958042
0.32100396301188905,0.24922941435490972,0.23029502421840597,0.19947159841479525
0.3241590214067278,0.2503276539973788,0.2254259501965924,0.200087374399301
0.31842105263157894,0.2548245614035088,0.2293859649122807,0.19736842105263158
0.3156043956043956,0.2531868131868132,0.2334065934065934,0.1978021978021978
0.31685789938217124,0.2581641659311562,0.23168578993821712,0.19329214474845544
0.3199823943661972,0.25440140845070425,0.2306338028169014,0.1949823943661972
0.31913959613696224,0.2528533801580334,0.2317822651448639,0.19622475856014046
0.3211935059236507,0.25362000877577884,0.22992540587977184,0.1952610794207986
0.3172866520787746,0.25470459518599564,0.2315098468271335,0.19649890590809627
0.3154657293497364,0.2570298769771529,0.23154657293497363,0.19595782073813708
0.3092511013215859,0.25859030837004404,0.23215859030837005,0.2
0.3146017699115044,0.25663716814159293,0.2261061946902655,0.20265486725663717
0.3185413005272408,0.24648506151142355,0.22891036906854131,0.2060632688927944
0.32124125874125875,0.24388111888111888,0.23251748251748253,0.20236013986013987
0.3206545776205219,0.24281291463954002,0.232640424590889,0.20389208314904908
0.32180385288966723,0.239492119089317,0.22942206654991243,0.20928196147110334
0.3211775043936731,0.2438488576449912,0.23022847100175747,0.2047451669595782
0.32515337423312884,0.2388255915863278,0.23049956178790534,0.20552147239263804
0.3282141290039491,0.2343132953049583,0.2268538832821413,0.21061869240895129
0.3218543046357616,0.24061810154525387,0.223841059602649,0.21368653421633554
0.3240618101545254,0.23311258278145697,0.22781456953642384,0.21501103752759382
0.32475598935226263,0.23469387755102042,0.22759538598047915,0.2129547471162378
0.32704953967558087,0.24112231477422183,0.22314774221832528,0.208680403331872
0.3312829525483304,0.2398945518453427,0.22231985940246046,0.20650263620386644
0.3317349607672188,0.23583260680034873,0.22537053182214473,0.2070619006102877
0.33113746157224416,0.24022837066315328,0.22134387351778656,0.207290294246816
0.3377659574468085,0.24069148936170212,0.2154255319148936,0.20611702127659576
0.33406787130894666,0.2371088585279859,0.22036139268400176,0.20846187747906567
0.3380406001765225,0.23874669020300088,0.21624007060900266,0.20697263901147397
0.3408388520971302,0.23222958057395143,0.21236203090507727,0.21456953642384105
0.3368606701940035,0.2328042328042328,0.21340388007054673,0.21693121693121692
0.3401926444833625,0.2381786339754816,0.21103327495621715,0.2105954465849387
0.33465959328028294,0.24182139699381078,0.21352785145888595,0.20999115826702033
0.336283185840708,0.24424778761061947,0.21283185840707963,0.20663716814159291
0.33464052287581697,0.24313725490196078,0.21437908496732025,0.20784313725490197
0.33201058201058203,0.24029982363315697,0.2156084656084656,0.21208112874779542
0.33199821984868716,0.2385402759234535,0.21272808188696038,0.21673342234089898
0.3310013117621338,0.24486226497595104,0.21031919545255795,0.21381722780935725
0.32728077945084144,0.24269264836138174,0.21700620017714792,0.21302037201062887
0.32690622261174407,0.24233128834355827,0.21910604732690622,0.2116564417177914
0.32953549517966696,0.2432077125328659,0.21603856266432953,0.2112182296231376
0.3283318623124448,0.24271844660194175,0.2149161518093557,0.21403353927625773
0.3304423243712056,0.2393755420641804,0.2142237640936687,0.21595836947094535
0.32445414847161574,0.24148471615720524,0.21572052401746725,0.2183406113537118
0.31782265144863914,0.24495171202809482,0.21422300263388938,0.22300263388937663
0.3176991150442478,0.24336283185840707,0.215929203539823,0.22300884955752212
0.3245266402465874,0.23690004403346543,0.2175253192426244,0.22104799647732276
0.31778169014084506,0.238556338028169,0.21875,0.2249119718309859
0.31828050369083805,0.23621363438992618,0.21841076856274425,0.22709509335649153
0.3233480176211454,0.23259911894273128,0.21674008810572687,0.22731277533039648
0.3238262395787626,0.23387450636243967,0.21632294866169371,0.225976305397104
0.32661113546690046,0.23191582639193337,0.21262604120999562,0.22884699693117053
0.33362753751103263,0.23389232127096204,0.20741394527802295,0.22506619593998234
0.33158125273762595,0.2387209811651336,0.2058694699956198,0.22382829610162067
0.3375992939099735,0.23389232127096204,0.206090026478376,0.22241835834068843
0.33554670208056664,0.24214254094732182,0.20230190349712263,0.22000885347498894
0.34040671971706454,0.24005305039787797,0.19849690539345713,0.22104332449160036
0.3411560191221208,0.24033029117774882,0.2025206431986093,0.21599304650152107
0.34853134590092066,0.2384918895221394,0.19947391494958353,0.2135028496273564
0.34632224168126097,0.24124343257443082,0.20140105078809106,0.21103327495621715
0.34245366284201234,0.24315975286849073,0.1994704324801412,0.2149161518093557
0.33762200532386866,0.2511091393078971,0.19875776397515527,0.21251109139307897
0.34041611332447985,0.24656927844178841,0.19344842850818947,0.21956617972554227
0.34305923961096374,0.24005305039787797,0.1976127320954907,0.21927497789566755
0.3497147871873629,0.23826239578762615,0.1917507678806494,0.22027204914436158
0.3482849604221636,0.23746701846965698,0.1943711521547933,0.2198768689533861
0.3475770925110132,0.2431718061674009,0.186784140969163,0.22246696035242292
0.3388646288209607,0.2366812227074236,0.19563318777292577,0.22882096069868996
0.3399122807017544,0.23201754385964912,0.19649122807017544,0.23157894736842105
0.3458480565371025,0.23630742049469966,0.196113074204947,0.22173144876325088
0.34279475982532753,0.23580786026200873,0.19388646288209607,0.2275109170305677
0.3385093167701863,0.23735581188997337,0.19165927240461403,0.23247559893522626
0.34024713150926744,0.23609885260370697,0.18755516328331862,0.23609885260370697
0.3455752212389381,0.23672566371681417,0.18716814159292036,0.23053097345132742
0.34027470093043866,0.23482498892334958,0.19273371732388125,0.23216659282233051
0.3369899078543221,0.2343132953049583,0.19262834576568671,0.2360684510750329
0.3315508021390374,0.23529411764705882,0.20098039215686275,0.232174688057041
0.33186813186813185,0.23868131868131867,0.1986813186813187,0.23076923076923078
0.3274725274725275,0.2378021978021978,0.19824175824175824,0.23648351648351648
0.3268892794376098,0.23462214411247803,0.1937609841827768,0.24472759226713534
0.32922535211267606,0.23459507042253522,0.19278169014084506,0.24339788732394366
0.33436259373621524,0.23026025584472873,0.19320688134097927,0.24217026907807676
0.3264408271007479,0.2322921249450066,0.194456665200176,0.24681038275406952
0.32730480811645346,0.23555359505955006,0.1940891045434495,0.24305249228054698
0.3323036187113857,0.22815533980582525,0.19461606354810237,0.24492497793468668
0.3307017543859649,0.22982456140350876,0.19912280701754387,0.24035087719298245
0.3253652058432935,0.23461708720672864,0.19344842850818947,0.24656927844178841
0.3233480176211454,0.2356828193832599,0.19647577092511012,0.2444933920704846
0.32438380281690143,0.2306338028169014,0.198943661971831,0.2460387323943662
0.31879633667684254,0.23288268643698212,0.20453554295682513,0.2437854339293502
0.31927175843694494,0.23845470692717585,0.2024866785079929,0.23978685612788633
0.31899641577060933,0.2271505376344086,0.20519713261648745,0.24865591397849462
0.31856077226853885,0.2277314611671786,0.2071083808688021,0.24659938569548048
0.31462660185594343,0.23066725585505965,0.2054794520547945,0.24922669023420238
0.31592803861342694,0.23255813953488372,0.2053532250987275,0.2461605967529618
0.324715162138475,0.2353198948290973,0.19544259421560034,0.24452234881682736
0.3243719700308506,0.23270163067430585,0.20317320405464961,0.23975319524019392
0.320862676056338,0.22931338028169015,0.20202464788732394,0.24779929577464788
0.3154657293497364,0.22847100175746923,0.19859402460456943,0.25746924428822493
0.32354230600613765,0.22665497588776853,0.1955282770714599,0.2542744410346339
0.3258967629046369,0.2283464566929134,0.189413823272091,0.2563429571303587
0.328,0.232,0.188,0.252
0.33377250768555117,0.22837066315327184,0.1919191919191919,0.24593763724198506
0.3253757736516357,0.22369584438549955,0.1962864721485411,0.2546419098143236
0.3224115334207077,0.22280471821756226,0.1961555264307558,0.25862822193097423
0.3250883392226148,0.21731448763250882,0.19522968197879859,0.2623674911660777
0.31714922048997773,0.21870824053452115,0.1955456570155902,0.26859688195991094
0.32213875386654883,0.21652673442333187,0.1926646045072912,0.26866990720282813
0.31954225352112675,0.21522887323943662,0.1936619718309859,0.2715669014084507
0.3203194321206744,0.21650399290150843,0.19165927240461403,0.27151730257320317
0.32202643171806167,0.21277533039647578,0.19383259911894274,0.2713656387665198
0.31717081850533807,0.2130782918149466,0.1952846975088968,0.2744661921708185
0.3181818181818182,0.21372377622377622,0.194493006993007,0.2736013986013986
0.3173913043478261,0.2108695652173913,0.19304347826086957,0.27869565217391307
0.3245498462889767,0.20685111989459815,0.1919191919191919,0.2766798418972332
0.32038834951456313,0.21315092674315975,0.19549867608120036,0.2709620476610768
0.3187198597106532,0.21613327487943884,0.19508987286277948,0.27005699254712845
0.3253064798598949,0.2097197898423818,0.19395796847635727,0.271015761821366
0.32395604395604394,0.20835164835164835,0.20043956043956043,0.2672527472527473
0.3240495137046861,0.20380194518125552,0.19938107869142352,0.27276746242263483
0.3265755839576906,0.20669898633759365,0.19656236227412957,0.27016306743058616
0.3240371845949535,0.20717131474103587,0.20008853474988933,0.2687029659141213
0.31706244503078274,0.2040457343887423,0.19569041336851364,0.2832014072119613
0.31648351648351647,0.2043956043956044,0.20087912087912088,0.27824175824175823
0.3172113289760349,0.20305010893246186,0.20043572984749455,0.2793028322440087
0.31343283582089554,0.2067603160667252,0.20017559262510976,0.2796312554872695
0.3093368237347295,0.20418848167539266,0.19982547993019198,0.28664921465968585
0.3092105263157895,0.20789473684210527,0.1956140350877193,0.28728070175438597
0.3064236111111111,0.2105034722222222,0.1918402777777778,0.2912326388888889
0.30688294607628236,0.2104340201665936,0.19158263919333626,0.29110039456378783
0.31037489102005233,0.2105492589363557,0.1948561464690497,0.2842197035745423
0.3045230631437528,0.21764442454097627,0.19928347514554412,0.27854903716972684
0.3025846702317291,0.21568627450980393,0.19696969696969696,0.28475935828877
0.30297723292469353,0.2171628721541156,0.19921190893169877,0.28064798598949214
0.3032172763331864,0.21419127368884971,0.1996474217717056,0.28294402820625825
0.30048608042421565,0.21210782147591692,0.20371188687582856,0.2836942112240389
0.29712041884816753,0.21335078534031413,0.21029668411867364,0.2792321116928447
0.29766622633201234,0.20607661822985468,0.21532364597093792,0.2809335094671951
0.30201048951048953,0.2089160839160839,0.21197552447552448,0.2770979020979021
0.2967372134038801,0.20899470899470898,0.21296296296296297,0.281305114638448
0.2974878801234024,0.20802115469369767,0.21727633318642575,0.2772146319964742
0.2986784140969163,0.20440528634361232,0.22290748898678414,0.2740088105726872
0.3046153846153846,0.2057142857142857,0.22197802197802197,0.2676923076923077
0.29947460595446584,0.2000875656742557,0.22548161120840632,0.27495621716287216
0.29117259552042163,0.20377689942907334,0.22485726833552921,0.28019323671497587
0.29253203711886877,0.19885108263367213,0.22624834290764473,0.28236853733981443
0.2887139107611549,0.19597550306211722,0.23053368328958881,0.2847769028871391
0.29396092362344584,0.19760213143872113,0.227797513321492,0.28063943161634103
0.2888402625820569,0.20612691466083152,0.22669584245076588,0.27833698030634574
0.28993821712268314,0.20344218887908208,0.2237422771403354,0.2828773168578994
0.2879581151832461,0.20462478184991273,0.22643979057591623,0.28097731239092494
0.2830188679245283,0.20228170250109698,0.2268538832821413,0.2878455462922334
0.2828193832599119,0.1986784140969163,0.22819383259911893,0.29030837004405285
0.2762577228596646,0.19814651368049427,0.22859664607237423,0.2969991173874669
0.2780445220427761,0.2020951549541685,0.2247926669576604,0.29506765604539503
0.2791005291005291,0.19973544973544974,0.22178130511463845,0.2993827160493827
0.28089395267309375,0.19500438212094653,0.22392638036809817,0.30017528483786154
0.2823788546255507,0.19911894273127753,0.2290748898678414,0.2894273127753304
0.2842242503259452,0.19860930030421556,0.22511951325510648,0.2920469361147327
0.2850877192982456,0.1956140350877193,0.22412280701754386,0.2951754385964912
0.28671943711521547,0.18777484608619174,0.22427440633245382,0.30123131046613894
0.2819614711033275,0.1904553415061296,0.23204903677758318,0.29553415061295973
0.27982456140350875,0.19078947368421054,0.23596491228070177,0.29342105263157897
0.2740740740740741,0.19389978213507625,0.2383442265795207,0.29368191721132897
0.27460456942003514,0.19332161687170474,0.2359402460456942,0.2961335676625659
0.2772146319964742,0.1873071837814015,0.24107536359629794,0.29440282062582634
0.282560706401766,0.18984547461368653,0.23311258278145697,0.2944812362030905
0.28614850195397307,0.18671298306556666,0.24055579678679984,0.28658271819366044
0.28190559440559443,0.19143356643356643,0.2416958041958042,0.28496503496503495
0.28809837505489677,0.1888449714536671,0.24242424242424243,0.28063241106719367
0.291832229580574,0.19161147902869757,0.23311258278145697,0.28344370860927154
0.2858399296394019,0.19656992084432717,0.23526824978012312,0.28232189973614774
0.290083005679336,0.19528178243774574,0.23372651813018785,0.2809086937527305
0.284452296819788,0.19699646643109542,0.23895759717314488,0.2795936395759717
0.27917217084984586,0.19726992514310876,0.2404227212681638,0.28313518273888155
0.2774108322324967,0.19594892118009688,0.2404227212681638,0.2862175253192426
0.27952233524988945,0.1959310039805396,0.2344095532950022,0.2901371074745688
0.28068631764188295,0.19313682358117026,0.2331720193576771,0.2930048394192697
0.27917217084984586,0.19638925583443417,0.23866138265081463,0.2857771906649053
0.28299379982285205,0.19574844995571303,0.23516386182462357,0.2860938883968113
0.27807017543859647,0.20175438596491227,0.2337719298245614,0.2864035087719298
0.2833990363556724,0.1988611476127902,0.23039859833552342,0.287341217696014
0.2785428698356286,0.19857840959573522,0.2310084406930253,0.2918702798756108
0.28012449977767895,0.19341929746554024,0.23210315695864828,0.2943530457981325
0.28403141361256545,0.1932809773123909,0.2286212914485166,0.2940663176265271
0.2862206468763846,0.19361984935755427,0.22729286663712894,0.2928666371289322
0.2911169744942832,0.1948109058927001,0.218117854001759,0.2959542656112577
0.29308065226972235,0.19920669898633758,0.2124283825473777,0.29528426619656234
0.2871067789100576,0.2042534337616305,0.21222862206468765,0.29641116526362427
0.28868258178603007,0.20822281167108753,0.21308576480990274,0.29000884173297964
0.2830353249018753,0.21238552115133014,0.21107719145224596,0.29350196249454863
0.2763796909492274,0.21501103752759382,0.21589403973509932,0.29271523178807946
0.28345765686704694,0.209741114523914,0.21851689337428698,0.2882843352347521
0.2812637121544537,0.2062308029837648,0.2250987275120667,0.28740675734971477
0.27677390921110623,0.21859850154252974,0.22124283825473778,0.28338475099162624
0.2801590808661069,0.2191780821917808,0.21873619089703933,0.2819266460450729
0.2859025032938076,0.22002635046113306,0.2134387351778656,0.28063241106719367
0.2904363155575143,0.22036139268400176,0.21330982811811372,0.27589246364037023
0.29352137505509035,0.22212428382547378,0.21815777875716175,0.2661965623622741
0.2945326278659612,0.21825396825396826,0.21693121693121692,0.27028218694885364
0.28925254312251214,0.21671826625386997,0.2193719593100398,0.27465723131357805
0.2975567190226876,0.212478184991274,0.21553228621291448,0.2744328097731239
0.29929266136162685,0.20778072502210435,0.22015915119363394,0.27276746242263483
0.2976190476190476,0.20767195767195767,0.21472663139329806,0.27998236331569665
0.2968681076312307,0.20776356418173797,0.21393912659902956,0.2814292015880018
0.2946817785527463,0.20270270270270271,0.22188317349607672,0.2807323452484743
0.2891352549889135,0.20709534368070953,0.22838137472283815,0.2753880266075388
0.29256489221293447,0.20325560932688078,0.22921249450065992,0.27496700395952484
0.2908770383428823,0.20185103569854562,0.22829440282062582,0.2789775231379462
0.2933684672815108,0.2015810276679842,0.22924901185770752,0.27580149319279756
0.2878587196467991,0.20264900662251656,0.23311258278145697,0.2763796909492274
0.27966475518306133,0.20379355977062197,0.23423026025584473,0.282311424790472
0.27957931638913236,0.20201577563540754,0.2388255915863278,0.27957931638913236
0.28224381625441697,0.2045053003533569,0.23498233215547704,0.2782685512367491
0.28146853146853146,0.20716783216783216,0.23470279720279721,0.27666083916083917
0.27719756309834637,0.20670147954743254,0.23759791122715404,0.278503046127067
0.2825990209167779,0.2105028927458834,0.22874944370271474,0.27814864263462397
0.2763796909492274,0.2119205298013245,0.22560706401766004,0.2860927152317881
0.2779735682819383,0.2105726872246696,0.22687224669603523,0.2845814977973568
0.27883340698188247,0.21034025629695094,0.22403888643393724,0.28678745028722935
0.2842881944444444,0.21180555555555555,0.2209201388888889,0.2829861111111111
0.279754062362758,0.21256038647342995,0.22178304787000439,0.2859025032938076
0.2789473684210526,0.21140350877192982,0.22631578947368422,0.2833333333333333
0.2742857142857143,0.21054945054945054,0.22813186813186814,0.28703296703296705
0.27665198237885463,0.2066079295154185,0.2290748898678414,0.28766519823788544
0.28234265734265734,0.20716783216783216,0.22814685314685315,0.28234265734265734
0.28596646072374227,0.205648720211827,0.22859664607237423,0.2797881729920565
0.2872952633908809,0.20407259849490925,0.22930500221336875,0.2793271359008411
0.286288521661456,0.19562304600267977,0.23179991067440822,0.286288521661456
0.28778558875219684,0.19463971880492092,0.23198594024604569,0.28558875219683655
0.27604395604395604,0.1986813186813187,0.23604395604395603,0.28923076923076924
0.2809734513274336,0.19601769911504424,0.2327433628318584,0.2902654867256637
0.27593818984547464,0.19735099337748344,0.23178807947019867,0.29492273730684326
0.28158362989323843,0.19839857651245552,0.22998220640569395,0.2900355871886121
0.27876106194690264,0.19513274336283185,0.22920353982300884,0.29690265486725664
0.2794568550153307,0.19185282522996058,0.22733245729303547,0.30135786246167323
0.27775340061430454,0.19745502413339183,0.22729267222465993,0.2974989030276437
0.2772626931567329,0.19381898454746138,0.2251655629139073,0.30375275938189844
0.28527200353825743,0.18885448916408668,0.22291021671826625,0.30296329057938964
0.2763507528786537,0.18733392382639505,0.23029229406554472,0.30602302922940655
0.27674624226348365,0.1909814323607427,0.23121131741821396,0.3010610079575597
0.27212681638044917,0.19594892118009688,0.2285336856010568,0.3033905768383972
0.270509977827051,0.2008869179600887,0.22527716186252772,0.3033259423503326
0.2679195804195804,0.20673076923076922,0.22552447552447552,0.29982517482517484
0.2604303908651735,0.207290294246816,0.22793148880105402,0.30434782608695654
0.2585822559072671,0.20641997325011147,0.23272403031654035,0.30227374052608114
0.2612137203166227,0.2022867194371152,0.2343887423043096,0.3021108179419525
0.26150442477876107,0.19601769911504424,0.23849557522123893,0.30398230088495576
0.25730735163861823,0.19397697077059345,0.2395925597874225,0.3091231178033658
0.2558241758241758,0.1912087912087912,0.24703296703296704,0.3059340659340659
0.25680421422300265,0.19051799824407376,0.2497805092186128,0.3028972783143108
0.2613486117232261,0.1886293521375055,0.24944909651829,0.3005729396209784
0.2618213660245184,0.19352014010507881,0.24387040280210157,0.30078809106830123
0.2595217006200177,0.19619131975199292,0.24269264836138174,0.3015943312666076
0.2590149516270888,0.193051890941073,0.2484608619173263,0.2994722955145119
0.26257722859664606,0.1915269196822595,0.24271844660194175,0.3031774051191527
0.2599736957474792,0.19202104340201667,0.23980710214818063,0.30819815870232353
0.25820568927789933,0.19037199124726478,0.23851203501094093,0.31291028446389496
0.2568523430592396,0.1931918656056587,0.23916887709991158,0.3107869142351901
0.25142606406318563,0.193505923650724,0.24001755155770074,0.31505046072838966
0.25309187279151946,0.19390459363957596,0.23807420494699646,0.31492932862190814
0.2553470100392842,0.1951113051069402,0.23963334788302051,0.30990833697075515
0.2584171403585483,0.1880192391779624,0.24223874070835155,0.31132487975513773
0.2504432624113475,0.1870567375886525,0.24335106382978725,0.3191489361702128
0.2508880994671403,0.19005328596802842,0.2424511545293073,0.316607460035524
0.25022143489813997,0.19264836138175376,0.245792736935341,0.31133746678476526
0.24703296703296704,0.19252747252747252,0.24571428571428572,0.31472527472527473
0.24550635686102587,0.19070583077597544,0.2538360368259535,0.30995177553704517
0.24528301886792453,0.1834137779727951,0.25625274243089075,0.31505046072838966
0.24084693427437143,0.18262020291133657,0.254962505513895,0.321570357300397
0.24197096348438188,0.1803783545974483,0.25296964364276286,0.32468103827540695
0.24124343257443082,0.18607705779334502,0.2530647985989492,0.31961471103327493
0.23913997367266346,0.18604651162790697,0.25362000877577884,0.3211935059236507
0.2405452946350044,0.18557607739665788,0.25857519788918204,0.3153034300791557
0.23700440528634362,0.18722466960352424,0.2555066079295154,0.32026431718061676
0.2337719298245614,0.193859649122807,0.256140350877193,0.3162280701754386
0.22855879752431477,0.19982316534040673,0.2502210433244916,0.3213969938107869
0.22935779816513763,0.19965050240279597,0.2512013979903888,0.3197903014416776
0.23344947735191637,0.2029616724738676,0.2495644599303136,0.31402439024390244
0.23348017621145375,0.20044052863436124,0.2511013215859031,0.31497797356828194
0.23403324584426946,0.19728783902012248,0.25240594925634297,0.31627296587926507
0.23399558498896247,0.19911699779249448,0.2560706401766004,0.3108167770419426
0.2325684024713151,0.20653133274492497,0.2528684907325684,0.30803177405119153
0.23185840707964603,0.2097345132743363,0.2482300884955752,0.3101769911504425
0.24285085789705235,0.2067751869775627,0.2503299604047514,0.30004399472063353
0.24273127753303964,0.20837004405286344,0.2475770925110132,0.3013215859030837
0.2381161971830986,0.21346830985915494,0.24339788732394366,0.3050176056338028
0.23167539267015708,0.21378708551483422,0.2412739965095986,0.31326352530541013
0.2362998684787374,0.208680403331872,0.23805348531345902,0.3169662428759316
0.23197903014416776,0.20969855832241152,0.2415902140672783,0.3167321974661424
0.23609885260370697,0.20962047661076788,0.2418358340688438,0.3124448367166814
0.2375495813133539,0.2128691053327457,0.23182018510356986,0.31776112825033054
0.24197096348438188,0.21073471183457984,0.2300923889133304,0.3172019357677079
0.23744493392070484,0.21541850220264316,0.22819383259911893,0.31894273127753303
0.24332603938730854,0.21444201312910285,0.22932166301969364,0.31291028446389496
0.2408791208791209,0.2123076923076923,0.23076923076923078,0.316043956043956
0.23645970937912814,0.21047996477322764,0.23557904007045355,0.31748128577719065
0.23107394366197184,0.21434859154929578,0.2319542253521127,0.3226232394366197
0.23390275952693823,0.21638195356986423,0.23696890056942618,0.31274638633377133
0.22989010989010988,0.21846153846153846,0.2347252747252747,0.3169230769230769
0.23154657293497363,0.22012302284710017,0.23242530755711774,0.31590509666080846
0.23480542195015303,0.22518583296895497,0.22562308701355488,0.31438565806733715
0.23049956178790534,0.2318141980718668,0.2291849255039439,0.30850131463628394
0.24057843996494302,0.21779141104294478,0.23356704645048204,0.30806310254163016
0.23866138265081463,0.21796565389696168,0.23469837076177896,0.3086745926904447
0.2349582784365393,0.21958717610891523,0.23891084760649978,0.3065436978480457
0.235861464270057,0.22007891275756247,0.23279263480929416,0.31126698816308634
0.22884699693117053,0.2209557211749233,0.23191582639193337,0.31828145550197284
0.23060061376589217,0.22183252959228408,0.22797018851380974,0.319596668128014
0.2319679430097952,0.21861086375779162,0.2284060552092609,0.3210151380231523
0.23305272485600353,0.21621621621621623,0.23172352680549402,0.3190075321222862
0.2353202846975089,0.2197508896797153,0.2326512455516014,0.3122775800711744
0.23771929824561402,0.2179824561403509,0.2324561403508772,0.3118421052631579
0.23637961335676624,0.22759226713532513,0.23286467486818982,0.3031634446397188
0.2339489885664028,0.22119613016710643,0.2423043095866315,0.30255057167985927
0.23356704645048204,0.22392638036809817,0.23751095530236635,0.30499561787905344
0.23765432098765432,0.2208994708994709,0.23059964726631393,0.31084656084656087
0.2341078474353354,0.23323103901797457,0.2240245506356861,0.30863656291100394
0.23293703214442976,0.23249669749009247,0.22148833113166005,0.3130779392338177
0.23293703214442976,0.22677234698370763,0.22413033905768384,0.31616028181417877
0.2289532293986637,0.23073496659242762,0.22628062360801782,0.31403118040089084
0.23529411764705882,0.22788671023965143,0.22396514161220044,0.31285403050108934
0.2270509977827051,0.2279379157427938,0.23237250554323724,0.31263858093126384
