C,D,Oc,Od
0.0,0.0,0.0,1.0
0.0,0.3333333333333333,0.0,0.6666666666666666
0.25,0.25,0.0,0.5
0.2857142857142857,0.07142857142857142,0.2857142857142857,0.35714285714285715
0.30434782608695654,0.08695652173913043,0.30434782608695654,0.30434782608695654
0.25,0.1388888888888889,0.3055555555555556,0.3055555555555556
0.23333333333333334,0.15,0.31666666666666665,0.3
0.24731182795698925,0.15053763440860216,0.3333333333333333,0.26881720430107525
0.26573426573426573,0.18181818181818182,0.32167832167832167,0.23076923076923078
0.24519230769230768,0.21634615384615385,0.30288461538461536,0.23557692307692307
0.23825503355704697,0.24496644295302014,0.28859060402684567,0.22818791946308725
0.24688279301745636,0.24937655860349128,0.286783042394015,0.2169576059850374
0.25868725868725867,0.24517374517374518,0.28957528957528955,0.20656370656370657
0.2518628912071535,0.2578241430700447,0.2727272727272727,0.21758569299552907
0.255729794933655,0.25331724969843183,0.26417370325693607,0.22677925211097708
0.2504970178926441,0.25745526838966204,0.2554671968190855,0.23658051689860835
0.24936386768447838,0.2544529262086514,0.26039016115351993,0.2357930449533503
0.23823529411764705,0.26691176470588235,0.24338235294117647,0.2514705882352941
0.23954877239548772,0.26808228268082285,0.23689449236894491,0.25547445255474455
0.22609208972845338,0.2744982290436836,0.24144037780401417,0.2579693034238489
0.22077922077922077,0.2824675324675325,0.2343073593073593,0.2624458874458874
0.2249117498739284,0.2788703983862834,0.23045890065557237,0.2657589510842158
0.21831988609397246,0.2804935927859516,0.2292358803986711,0.27195064072140485
0.2098030233623454,0.27897388914338067,0.24141090242785157,0.26981218506642235
0.2159856308935788,0.2766052986079928,0.23619218679838347,0.27121688370004493
0.22054246331702979,0.2681191640729213,0.23477100933748332,0.2765673632725656
0.21754541426672575,0.2769162605228179,0.22995126273814798,0.27558706247230835
0.2191480017566974,0.27053140096618356,0.2349582784365393,0.2753623188405797
0.2214442013129103,0.2647702407002188,0.24070021881838075,0.27308533916849015
0.22042776080314272,0.2680052378873854,0.23788738542121343,0.2736796158882584
0.21670329670329672,0.26593406593406593,0.23868131868131867,0.2786813186813187
0.21870882740447958,0.26745718050065875,0.23891084760649978,0.27492314448836186
0.2191480017566974,0.2652613087395696,0.24286341677646026,0.2727272727272727
0.21947994711326577,0.26531511679153813,0.24151608638166594,0.2736888497135302
0.21581476627348187,0.26299694189602446,0.2398427260812582,0.28134556574923547
0.2118421052631579,0.26710526315789473,0.24342105263157895,0.2776315789473684
0.21957671957671956,0.26455026455026454,0.23809523809523808,0.2777777777777778
0.21434859154929578,0.26672535211267606,0.24295774647887325,0.27596830985915494
0.21339285714285713,0.265625,0.24196428571428572,0.27901785714285715
0.21866783523225242,0.26205083260297984,0.24233128834355827,0.27695004382120947
0.20721513418389792,0.2648482182138143,0.24901011878574572,0.278926528816542
0.21147110332749564,0.2570052539404553,0.2491243432574431,0.28239929947460596
0.20654577620521894,0.26006191950464397,0.2476780185758514,0.2857142857142857
0.20423467137185708,0.2580502867225408,0.250992501102779,0.2867225408028231
0.20448548812664907,0.2642919964819701,0.24626209322779244,0.2849604221635884
0.20978404583516969,0.2613486117232261,0.24460114587924195,0.2842661965623623
0.20615384615384616,0.26285714285714284,0.24527472527472527,0.2857142857142857
0.20798226164079822,0.258980044345898,0.24567627494456762,0.28736141906873613
0.20743034055727555,0.2622733303847855,0.24590888987173817,0.2843874391862008
0.20713970912296165,0.2613486117232261,0.249889819303658,0.28162185985015425
0.20905923344947736,0.2617595818815331,0.24433797909407665,0.2848432055749129
0.21001329198050508,0.2583074878156845,0.24767390341160833,0.28400531679220203
0.21245102307357422,0.25293861558554637,0.24510230735742272,0.2895080539834567
0.2099956159579132,0.25822007891275756,0.23936869793950022,0.292415607189829
0.2106420404573439,0.25065963060686014,0.2405452946350044,0.29815303430079154
0.21506312581628212,0.2507618632999565,0.24292555507183283,0.2912494558119286
0.21706454465075153,0.2480106100795756,0.2409372236958444,0.29398762157382846
0.2249119718309859,0.2438380281690141,0.23459507042253522,0.2966549295774648
0.22844638949671772,0.24420131291028446,0.23326039387308534,0.29409190371991245
0.22378236068451074,0.24177270732777534,0.2413339183852567,0.2931110136024572
0.22823218997361477,0.24142480211081793,0.23658751099384345,0.2937554969217238
0.2269722344645218,0.2371088585279859,0.24019391802556192,0.2957249889819304
0.2317822651448639,0.23573309920983318,0.23836698858647937,0.29411764705882354
0.2329192546583851,0.23469387755102042,0.24001774622892635,0.29236912156166817
0.2284826974267968,0.2391304347826087,0.24001774622892635,0.29236912156166817
0.23438192290651308,0.24324324324324326,0.22995126273814798,0.2924235711120957
0.23012736056214317,0.2375933245498463,0.2375933245498463,0.2946859903381642
0.22655565293602103,0.24452234881682736,0.24101665205959685,0.28790534618755476
0.22507753655294638,0.2516614975631369,0.23748338502436864,0.2857775808595481
0.2244718309859155,0.24955985915492956,0.2425176056338028,0.2834507042253521
0.22926829268292684,0.24567627494456762,0.23813747228381374,0.2869179600886918
0.231239092495637,0.2456369982547993,0.23603839441535776,0.2870855148342059
0.23127463863337713,0.2395970214629873,0.23565484012264565,0.2934734997809899
0.22651448639157157,0.24363476733977174,0.23617208077260754,0.29367866549604915
0.23205636283575518,0.2426243945398503,0.2311756935270806,0.29414354909731394
0.23503325942350334,0.23902439024390243,0.23458980044345898,0.2913525498891353
0.23603839441535776,0.23472949389179756,0.2325479930191972,0.29668411867364747
0.23134002618943691,0.2413793103448276,0.23090353557398516,0.2963771278917503
0.22739361702127658,0.2398049645390071,0.22916666666666666,0.30363475177304966
0.23467137185707984,0.24261138067931187,0.22540802823114248,0.29730921923246584
0.23563218390804597,0.2382847038019452,0.22458001768346597,0.3015030946065429
0.24046140195208518,0.23558118899733807,0.22448979591836735,0.29946761313220943
0.2412280701754386,0.2307017543859649,0.22587719298245615,0.30219298245614035
0.23875432525951557,0.2292387543252595,0.23183391003460208,0.30017301038062283
0.24057843996494302,0.23006134969325154,0.22787028921998248,0.30148992112182293
0.2319290465631929,0.23059866962305986,0.23237250554323724,0.30509977827051
0.23323103901797457,0.22577816747040771,0.23805348531345902,0.30293730819815873
0.23482498892334958,0.22330527248560036,0.23305272485600353,0.3088170137350465
0.23903508771929824,0.22105263157894736,0.23728070175438595,0.3026315789473684
0.23234524847428073,0.22144725370531823,0.24716652136006975,0.2990409764603313
0.23503713411970292,0.2219309742245522,0.2490170380078637,0.29401485364788116
0.2334370831480658,0.2272120942641174,0.24899955535793686,0.29035126722988
0.23236331569664903,0.22663139329805995,0.2447089947089947,0.2962962962962963
0.23524229074889869,0.22334801762114537,0.24140969162995596,0.3
0.23276240667545015,0.22661396574440051,0.24154589371980675,0.29907773386034253
0.23275109170305677,0.22270742358078602,0.23930131004366811,0.3052401746724891
0.23857644991212654,0.21924428822495606,0.24077328646748683,0.30140597539543057
0.2352156514006225,0.21831925300133392,0.24766562916851934,0.2987994664295242
0.23589515770768546,0.21812527765437584,0.24744557974233675,0.29853398489560196
0.23692307692307693,0.21978021978021978,0.24527472527472527,0.298021978021978
0.23994697304463103,0.2209456473707468,0.23641184268669907,0.3026955368979231
0.23661106233538193,0.2221246707638279,0.23353819139596138,0.3077260755048288
0.23608695652173914,0.21739130434782608,0.23869565217391303,0.30782608695652175
0.23511516731855714,0.22294654498044328,0.23554976097348979,0.30638852672750977
0.2336244541484716,0.2262008733624454,0.2366812227074236,0.3034934497816594
0.23076923076923078,0.22373626373626374,0.24307692307692308,0.30241758241758243
0.22808547754034017,0.2228521587440035,0.2477104230266027,0.30135194068905363
0.2334065934065934,0.22153846153846155,0.24175824175824176,0.3032967032967033
0.2335958005249344,0.22178477690288714,0.24146981627296588,0.3031496062992126
0.2337317397078353,0.2204515272244356,0.23992917220008853,0.3058875608676406
0.23342175066312998,0.21396993810786913,0.2471264367816092,0.30548187444739167
0.2344161545215101,0.20763827919227393,0.252414398595259,0.305531167690957
0.23908248786943095,0.2086457873842082,0.24702249669166298,0.30524922805469784
0.2414406402845709,0.20809248554913296,0.2449977767896843,0.3054690973766118
0.23192239858906524,0.2072310405643739,0.24911816578483245,0.3117283950617284
0.23557692307692307,0.2089160839160839,0.2534965034965035,0.30201048951048953
0.2289740202553941,0.21180096873623955,0.2518714222809335,0.30735358872743285
0.23300970873786409,0.21712268314210062,0.24580759046778464,0.30406001765225066
0.23300970873786409,0.21315092674315975,0.25198587819947044,0.30185348631950576
0.2323008849557522,0.21415929203539824,0.24867256637168142,0.3048672566371681
0.23601398601398602,0.2159090909090909,0.24431818181818182,0.30375874125874125
0.2382404181184669,0.21646341463414634,0.23606271777003485,0.30923344947735193
0.23171806167400882,0.21806167400881057,0.239647577092511,0.31057268722466963
0.2395970214629873,0.22251423565484013,0.23215067893123084,0.3057380639509417
0.2380114386273647,0.22437307523097227,0.22965244170699517,0.3079630444346678
0.23763250883392226,0.21996466431095407,0.23012367491166077,0.3122791519434629
0.23902439024390243,0.21596452328159646,0.23104212860310422,0.3139689578713969
0.2353202846975089,0.2188612099644128,0.2277580071174377,0.3180604982206406
0.23374340949033393,0.21748681898066785,0.22759226713532513,0.3211775043936731
0.23412698412698413,0.21869488536155202,0.2239858906525573,0.32319223985890655
0.22977777777777778,0.22044444444444444,0.22133333333333333,0.32844444444444443
0.23134657836644593,0.2194260485651214,0.22251655629139072,0.32671081677704195
0.22586282219309742,0.22018348623853212,0.23503713411970292,0.31891655744866754
0.223841059602649,0.2260485651214128,0.23090507726269316,0.31920529801324504
0.22612172367836517,0.22612172367836517,0.22923145268769435,0.3185250999555753
0.2244355909694555,0.22487826471890218,0.2337317397078353,0.31695440460380697
0.21964050854888206,0.22884699693117053,0.23191582639193337,0.319596668128014
0.219886114761279,0.22514235654840123,0.23477879982479194,0.3201927288655278
0.22506619593998234,0.22594880847308033,0.2294792586054722,0.3195057369814651
0.2273924495171203,0.2273924495171203,0.23002633889376647,0.315188762071993
0.22810858143607707,0.22416812609457093,0.23555166374781086,0.31217162872154114
0.23168578993821712,0.2263901147396293,0.23300970873786409,0.3089143865842895
0.22962962962962963,0.23093681917211328,0.22875816993464052,0.31067538126361655
0.23539745278875715,0.22837066315327184,0.22880983750548967,0.30742204655248134
0.23591549295774647,0.2323943661971831,0.22315140845070422,0.3085387323943662
0.23016220955721176,0.23366944322665498,0.2253397632617273,0.31082858395440593
0.23880597014925373,0.22651448639157157,0.22168568920105355,0.31299385425812115
0.23609885260370697,0.21712268314210062,0.22550750220653135,0.3212709620476611
0.23337736679876706,0.21576398062527521,0.23029502421840597,0.32056362835755176
0.22984409799554567,0.21692650334075725,0.2329621380846325,0.32026726057906457
0.23359929078014185,0.21675531914893617,0.22606382978723405,0.32358156028368795
0.23299692847740236,0.21763931548924967,0.2224659938569548,0.32689776217639316
0.23430592396109637,0.21750663129973474,0.22767462422634838,0.32051282051282054
0.233099209833187,0.22080772607550483,0.22607550482879718,0.32001755926251096
0.23782108060230292,0.22143489813994685,0.2254207263064659,0.3153232949512843
0.23936869793950022,0.21701008329679966,0.2253397632617273,0.31828145550197284
0.23666813574261789,0.2234464521815778,0.21815777875716175,0.32172763331864257
0.23480542195015303,0.22606034105815478,0.2186270222999563,0.3205072146917359
0.2401766004415011,0.22428256070640176,0.2229580573951435,0.3125827814569536
0.23822104799647734,0.22236900044033464,0.22192866578599735,0.31748128577719065
0.2352168199737188,0.22163819535698642,0.22514235654840123,0.3180026281208936
0.2381786339754816,0.21628721541155868,0.22504378283712784,0.3204903677758319
0.24315975286849073,0.21403353927625773,0.2294792586054722,0.31332744924977934
0.24348210340256296,0.21210782147591692,0.2337604949182501,0.31064958020327
0.24142480211081793,0.21284080914687775,0.23175021987686895,0.31398416886543534
0.2412571934484285,0.2182381584772023,0.22620628596724215,0.314298362107127
0.23469387755102042,0.225377107364685,0.2267080745341615,0.3132209405501331
0.23407992973210365,0.2235397452788757,0.23144488361879667,0.310935441370224
0.23945518453427064,0.22012302284710017,0.22934973637961337,0.3110720562390158
0.23973214285714287,0.2174107142857143,0.23080357142857144,0.31205357142857143
0.24495171202809482,0.21905179982440737,0.22783143107989465,0.30816505706760317
0.23992994746059546,0.21891418563922943,0.22810858143607707,0.31304728546409805
0.23903508771929824,0.21535087719298246,0.23026315789473684,0.31535087719298244
0.23498465585269618,0.21964050854888206,0.23323103901797457,0.31214379658044716
0.23845138583369996,0.2190937087549494,0.22613286405631325,0.3163220413550374
0.23917796239615216,0.22212505465675558,0.22912111937035418,0.3095758635767381
0.2366812227074236,0.22314410480349345,0.23013100436681222,0.31004366812227074
0.23495575221238937,0.22389380530973452,0.2336283185840708,0.3075221238938053
0.23042901371074745,0.22644847412649272,0.23396727111897392,0.30915524104378594
0.22820849759088918,0.22733245729303547,0.24091108190976784,0.3035479632063075
0.22699386503067484,0.22392638036809817,0.23707274320771254,0.31200701139351444
0.22835689045936397,0.22879858657243815,0.2393992932862191,0.3034452296819788
0.22709338009644892,0.2345462516440158,0.235861464270057,0.3024989039894783
0.23226090788893786,0.23490524460114587,0.23270163067430585,0.3001322168356104
0.23158359064843406,0.23202470224966917,0.2333480370533745,0.3030436700485223
0.2255206025697829,0.230837394771821,0.23881258307487815,0.30482941958351795
0.22593406593406593,0.2356043956043956,0.23824175824175825,0.30021978021978024
0.2285839160839161,0.23251748251748253,0.23776223776223776,0.30113636363636365
0.22705314009661837,0.233201581027668,0.23803249890206413,0.30171277997364954
0.22761692650334076,0.23697104677060132,0.23919821826280624,0.2962138084632517
0.2270509977827051,0.24257206208425722,0.23636363636363636,0.2940133037694013
0.22124283825473778,0.24195680916703394,0.23490524460114587,0.3018951079770824
0.222271714922049,0.23652561247216036,0.2378619153674833,0.30334075723830733
0.23171806167400882,0.2356828193832599,0.23480176211453743,0.29779735682819386
0.2318840579710145,0.23539745278875715,0.2349582784365393,0.2977602108036891
0.2303245887060916,0.24055135615829257,0.2352156514006225,0.29390840373499333
0.236,0.23155555555555554,0.22933333333333333,0.3031111111111111
0.23539745278875715,0.2261747913921827,0.23276240667545015,0.30566534914361
0.2375495813133539,0.2247686205376818,0.23446452181577787,0.3032172763331864
0.23503521126760563,0.2319542253521127,0.23459507042253522,0.2984154929577465
0.2275109170305677,0.2331877729257642,0.2388646288209607,0.30043668122270745
0.22777532065457762,0.23529411764705882,0.23971693940734187,0.29721362229102166
0.23127753303964757,0.2251101321585903,0.23876651982378855,0.3048458149779736
0.23591549295774647,0.22843309859154928,0.23943661971830985,0.2962147887323944
0.23891084760649978,0.22266139657444006,0.23891084760649978,0.2995169082125604
0.23130738959335373,0.22518583296895497,0.24223874070835155,0.30126803672933977
0.22593406593406593,0.2210989010989011,0.24835164835164836,0.3046153846153846
0.22979467016164265,0.22498907820008737,0.24595893403232852,0.2992573176059415
0.23029772329246936,0.22635726795096323,0.2434325744308231,0.2999124343257443
0.23211935059236508,0.22641509433962265,0.2448442299254059,0.2966213251426064
0.23235423060061378,0.22972380534853135,0.24243752740026303,0.2954844366505918
0.22855879752431477,0.22458001768346597,0.2471264367816092,0.29973474801061006
0.22878390201224846,0.22528433945756782,0.2462817147856518,0.2996500437445319
0.22852081488042517,0.22896368467670505,0.2400354295837024,0.3024800708591674
0.23013100436681222,0.22663755458515283,0.24323144104803493,0.3
0.23630742049469966,0.22703180212014135,0.23498233215547704,0.30167844522968196
0.23311258278145697,0.22869757174392935,0.2335540838852097,0.304635761589404
0.22945054945054946,0.22329670329670329,0.24,0.30725274725274726
0.22847100175746923,0.22144112478031636,0.24648506151142355,0.30360281195079086
0.2266489597166888,0.21868083222664897,0.250996015936255,0.30367419212040725
0.22673656618610746,0.22062035823503715,0.24770642201834864,0.30493665356050675
0.225976305397104,0.21720052654673103,0.24703817463799913,0.30978499341816584
0.22011468901632114,0.21702690780767533,0.25275694750771943,0.31010145566828407
0.22427440633245382,0.22207563764291996,0.2418645558487247,0.3117854001759015
0.22833260008798945,0.21425428948526176,0.24285085789705235,0.31456225252969644
0.23117338003502627,0.2136602451838879,0.24387040280210157,0.31129597197898423
0.23378914865460962,0.21349801499779444,0.24569916188795765,0.3070136744596383
0.23036419482229048,0.21237384817902588,0.2461605967529618,0.3111013602457218
0.23969871510855117,0.21400088613203366,0.23836951705804166,0.3079308817013735
0.23029229406554472,0.21036315323294952,0.2475642161204606,0.31178033658104515
0.2315098468271335,0.21400437636761488,0.24201312910284464,0.312472647702407
0.23836698858647937,0.21027216856892011,0.24187884108867427,0.3094820017559263
0.23860115095174855,0.2098273572377158,0.24258521469676847,0.30898627711376714
0.2403846153846154,0.21153846153846154,0.24125874125874125,0.3068181818181818
0.2399823866138265,0.21003963011889035,0.24746807573756055,0.30250990752972257
0.2399823866138265,0.2069572875385293,0.2523117569352708,0.3007485689123734
0.2330396475770925,0.20704845814977973,0.2555066079295154,0.30440528634361236
0.23544973544973544,0.20634920634920634,0.2601410934744268,0.2980599647266314
0.24243752740026303,0.20429636124506795,0.25558965366067515,0.29767645769399387
0.24417069951605808,0.2089749230092389,0.25736911570611526,0.28948526176858774
0.24307692307692308,0.2079120879120879,0.2558241758241758,0.29318681318681317
0.24035087719298245,0.20964912280701756,0.25701754385964914,0.2929824561403509
0.2358117025956885,0.21249450065992082,0.26132864056313243,0.29036515618125824
0.24154589371980675,0.20860781730346947,0.26130873956960915,0.2885375494071146
0.24421144604630843,0.21013543031891654,0.25731760594145914,0.28833551769331583
0.24539877300613497,0.2085889570552147,0.2563540753724803,0.28965819456617004
0.23945518453427064,0.2126537785588752,0.2601054481546573,0.28778558875219684
0.243231247225921,0.21615623612960497,0.2521083000443853,0.2885042166000888
0.24812362030905077,0.21721854304635763,0.2467991169977925,0.2878587196467991
0.24509376362843435,0.21500218054949846,0.2533798517226341,0.2865242040994331
0.2399647110719012,0.21746801940891045,0.25981473312748127,0.2827525363917071
0.24029982363315697,0.2191358024691358,0.26146384479717816,0.2791005291005291
0.23700173310225303,0.21923743500866552,0.25909878682842286,0.28466204506065856
0.2422522915757311,0.2138804015713662,0.25971191619380185,0.28415539065910084
0.23994697304463103,0.21564295183384888,0.25894829871851527,0.28546177640300485
0.24330259112867808,0.21695212999560826,0.2551602986385595,0.2845849802371542
0.2432077125328659,0.22392638036809817,0.25241016652059595,0.28045574057843997
0.23774080560420316,0.22854640980735552,0.2530647985989492,0.28064798598949214
0.23552806009721608,0.23155103844454264,0.2479010163499779,0.28501988510826337
0.23931247245482593,0.23402379903040987,0.2371088585279859,0.2895548699867783
0.23706324635117204,0.23485183547103053,0.23617868199911543,0.291906236178682
0.2353198948290973,0.2388255915863278,0.23049956178790534,0.2953549517966696
0.2334065934065934,0.23868131868131867,0.23076923076923078,0.29714285714285715
0.23384615384615384,0.23956043956043957,0.22945054945054946,0.29714285714285715
0.23270163067430585,0.23931247245482593,0.22741295724988983,0.3005729396209784
0.22540802823114248,0.24305249228054698,0.22849580943978826,0.3030436700485223
0.22431132487975514,0.2444250109313511,0.2264975951027547,0.30476606908613907
0.22545134302069572,0.24174372523117568,0.23029502421840597,0.30250990752972257
0.2212934447866256,0.2432908051033876,0.23493180818301804,0.30048394192696876
0.23236694071830377,0.23929035049762007,0.22847252271743834,0.29987018606663784
0.2321270962047661,0.23742277140335394,0.2290379523389232,0.3014121800529568
0.2326512455516014,0.23576512455516013,0.22686832740213522,0.3047153024911032
0.2299301919720768,0.23734729493891799,0.23036649214659685,0.3023560209424084
0.23395896988214754,0.23788738542121343,0.22653862941946748,0.30161501527717155
0.23131357806280406,0.23971693940734187,0.22733303847854933,0.30163644405130474
0.2359451084550686,0.23240371845949534,0.23328906595838866,0.29836210712704736
0.23526824978012312,0.23878627968337732,0.2357080035180299,0.29023746701846964
0.23402379903040987,0.2357866901718819,0.2375495813133539,0.29263992948435436
0.23591549295774647,0.23327464788732394,0.23327464788732394,0.2975352112676056
0.23589065255731922,0.23677248677248677,0.23589065255731922,0.2914462081128748
0.2353717553893533,0.23933128024637043,0.23713154421469423,0.2881654201495821
0.23542501112594572,0.2367601246105919,0.2389853137516689,0.2888295505117935
0.23249669749009247,0.2408630559225011,0.23645970937912814,0.2901805372082783
0.23547671840354767,0.23237250554323724,0.24301552106430155,0.2891352549889135
0.23449781659388647,0.23449781659388647,0.23755458515283842,0.2934497816593886
0.2371766768960982,0.23323103901797457,0.2376150811047786,0.2919772029811486
0.23375490623637157,0.23680767553423462,0.23855211513301353,0.2908853030963803
0.23346473937801138,0.2352168199737188,0.24003504161191414,0.2912833990363557
0.2353717553893533,0.23053233611966564,0.2353717553893533,0.2987241531016278
0.23636363636363636,0.23902439024390243,0.23680709534368072,0.28780487804878047
0.22972380534853135,0.23805348531345902,0.23498465585269618,0.29723805348531346
0.23385300668151449,0.23162583518930957,0.22939866369710468,0.3051224944320713
0.23508771929824562,0.23026315789473684,0.23114035087719298,0.30350877192982456
0.23485513608428446,0.2344161545215101,0.23002633889376647,0.30070237050043896
0.23899647887323944,0.238556338028169,0.22183098591549297,0.30061619718309857
0.2484526967285588,0.2440318302387268,0.22192749778956675,0.28558797524314766
0.24213286713286714,0.2491258741258741,0.22727272727272727,0.28146853146853146
0.24415011037527592,0.24724061810154527,0.22649006622516557,0.28211920529801326
0.24923480542195015,0.24573677306515085,0.22606034105815478,0.2789680804547442
0.249890590809628,0.2485776805251641,0.22450765864332603,0.27702407002188184
0.24705368834570057,0.24356176342208644,0.22522915757311218,0.28415539065910084
0.24338394793926246,0.25379609544468545,0.22342733188720174,0.27939262472885035
0.24923879947803393,0.2514136581122227,0.22749021313614615,0.27185732927359724
0.24582233948988566,0.25021987686895336,0.23087071240105542,0.27308707124010556
0.2497793468667255,0.24051191526919682,0.2263901147396293,0.2833186231244484
0.25590726705305394,0.2425323227819884,0.22915737851092288,0.2724030316540348
0.2577409507195813,0.2398604448320977,0.2341910161360663,0.26820758831225466
0.25904677846425417,0.24007060900264784,0.23124448367166814,0.26963812886142985
0.2717678100263852,0.24582233948988566,0.2198768689533861,0.262532981530343
0.2754069511658601,0.24725032996040475,0.2168939727232732,0.26044874615046193
0.2734065934065934,0.25274725274725274,0.2175824175824176,0.2562637362637363
0.27992957746478875,0.25044014084507044,0.21434859154929578,0.25528169014084506
0.28174603174603174,0.25132275132275134,0.21164021164021163,0.2552910052910053
0.28338475099162624,0.24768620537681799,0.21551344204495373,0.25341560158660204
0.28313518273888155,0.25847644209599296,0.2056362835755174,0.2527520915896081
0.28483516483516486,0.25362637362637364,0.2021978021978022,0.25934065934065936
0.2795085563843791,0.258446687143484,0.2079859587538394,0.2540587977182975
0.27984084880636606,0.253315649867374,0.20910698496905394,0.257736516357206
0.28665496049165934,0.24714661984196665,0.20983318700614575,0.25636523266022826
0.28074041427941826,0.249008373732922,0.20713970912296165,0.2631115028646981
0.2901646639964397,0.24299065420560748,0.20382732532265244,0.2630173564753004
0.28094820017559263,0.24714661984196665,0.20763827919227393,0.2642669007901668
0.2840958605664488,0.24880174291938997,0.20043572984749455,0.26666666666666666
0.28164695575996496,0.25098554533508544,0.20105124835742444,0.26631625054752517
0.28337028824833704,0.2572062084257206,0.19911308203991132,0.26031042128603105
0.2752414398595259,0.2528533801580334,0.2032484635645303,0.26865671641791045
0.28152753108348133,0.25044404973357015,0.20381882770870338,0.2642095914742451
0.2828459188127455,0.24967263203841117,0.2034046268005238,0.26407682234831953
0.2865961199294533,0.24514991181657847,0.20238095238095238,0.26587301587301587
0.2903368794326241,0.2393617021276596,0.2127659574468085,0.2575354609929078
0.2917960088691796,0.2394678492239468,0.2133037694013304,0.25543237250554324
0.29486062717770034,0.2308362369337979,0.21297909407665505,0.2613240418118467
0.28766519823788544,0.23259911894273128,0.21894273127753303,0.2607929515418502
0.2878113879003559,0.2362099644128114,0.21085409252669038,0.26512455516014233
0.291522491349481,0.22880622837370243,0.22058823529411764,0.25908304498269896
0.29409190371991245,0.2315098468271335,0.21838074398249452,0.25601750547045954
0.29504603244191147,0.23147742218325296,0.21744848750548004,0.25602805786935556
0.2948943661971831,0.2306338028169014,0.2147887323943662,0.2596830985915493
0.29414354909731394,0.2280933509467195,0.22413033905768384,0.2536327608982827
0.28851291184327693,0.2288512911843277,0.2252894033837934,0.25734639358860195
0.2896703296703297,0.2312087912087912,0.2210989010989011,0.258021978021978
0.29050772626931565,0.23664459161147902,0.2194260485651214,0.25342163355408387
0.28728070175438597,0.2324561403508772,0.22631578947368422,0.25394736842105264
0.2867225408028231,0.2399647110719012,0.22055580061755625,0.25275694750771943
0.28304347826086956,0.2408695652173913,0.22260869565217392,0.2534782608695652
0.28205128205128205,0.2382847038019452,0.22546419098143236,0.2541998231653404
0.2778268551236749,0.24028268551236748,0.2226148409893993,0.2592756183745583
0.27140974967061926,0.24022837066315328,0.21826965305226176,0.27009222661396576
0.2769028871391076,0.23534558180227472,0.22134733158355205,0.2664041994750656
0.2759078830823738,0.2395925597874225,0.21966341895482727,0.26483613817537643
0.27716673999120106,0.2344918609766828,0.22305323361196655,0.2652881654201496
0.2752414398595259,0.23617208077260754,0.21641791044776118,0.2721685689201054
0.2755458515283843,0.23275109170305677,0.21790393013100437,0.27379912663755457
0.27755819060166886,0.2362758014931928,0.2134387351778656,0.2727272727272727
0.2783641160949868,0.2339489885664028,0.21284080914687775,0.2748460861917326
0.27571115973741794,0.2363238512035011,0.21269146608315098,0.27527352297593
0.2712461470717745,0.2426243945398503,0.21576398062527521,0.27036547776309994
0.27485638532920903,0.2412726469288555,0.2213875386654883,0.2624834290764472
0.27860915492957744,0.23415492957746478,0.21786971830985916,0.26936619718309857
0.2738770170082861,0.2381160052333188,0.2211077191452246,0.26689925861317054
0.2719259585720582,0.24195680916703394,0.22168356104010578,0.26443367122080214
0.2659902955447728,0.23864137626819584,0.22143802382002647,0.27393030436700483
0.2688077430708315,0.23757149142102948,0.22261328640563133,0.2710074791025077
0.2727272727272727,0.23902439024390243,0.2164079822616408,0.27184035476718404
0.2774108322324967,0.23381770145310435,0.21488331131660063,0.27388815499779834
0.272887323943662,0.23107394366197184,0.22095070422535212,0.27508802816901406
0.2720879120879121,0.22857142857142856,0.22373626373626374,0.2756043956043956
0.27292768959435626,0.2261904761904762,0.2239858906525573,0.2768959435626102
0.2740026304252521,0.2240245506356861,0.22665497588776853,0.2753178430512933
0.27276746242263483,0.22767462422634838,0.22325375773651635,0.27630415561450045
0.27177700348432055,0.2312717770034843,0.22038327526132404,0.27656794425087106
0.26821773485513606,0.22914837576821773,0.2295873573309921,0.2730465320456541
0.26734423331860363,0.22889969067609367,0.22403888643393724,0.27971718957136543
0.26821773485513606,0.22563652326602282,0.22607550482879718,0.2800702370500439
0.2640845070422535,0.2205105633802817,0.2319542253521127,0.2834507042253521
0.2742857142857143,0.2153846153846154,0.22241758241758242,0.2879120879120879
0.26455026455026454,0.2191358024691358,0.22486772486772486,0.2914462081128748
0.2659667541557305,0.22353455818022747,0.2222222222222222,0.2882764654418198
0.2626041209995616,0.22665497588776853,0.2227093380096449,0.28803156510302497
0.26704795424549055,0.22305323361196655,0.22173339199296085,0.2881654201495821
0.26663708961845606,0.22404614019520852,0.22182786157941436,0.28748890860692106
0.26537785588752194,0.22231985940246046,0.2139718804920914,0.29833040421792617
0.2604303908651735,0.22441809398331136,0.2147562582345191,0.30039525691699603
0.2575221238938053,0.22566371681415928,0.21814159292035398,0.29867256637168144
0.24901875272568688,0.22590492804186654,0.22067160924552987,0.3044047099869167
0.24758135444151275,0.22251539138082674,0.22691292875989447,0.30299032541776605
0.25220458553791886,0.22178130511463845,0.22530864197530864,0.30070546737213405
0.2522007042253521,0.2244718309859155,0.22359154929577466,0.29973591549295775
0.24425795053003532,0.22879858657243815,0.22747349823321555,0.299469964664311
0.2505513895015439,0.22099691221879136,0.23026025584472873,0.29819144243493606
0.24658138509042787,0.2267313630348478,0.22805469783855314,0.29863255403617117
0.2457293035479632,0.22558037669732808,0.22689443714410862,0.3017958826106001
0.24552987352812908,0.22764936764064544,0.21979938944614041,0.30702136938508506
0.23864137626819584,0.22849580943978826,0.22496691662990737,0.3078958976621085
0.24440544098288722,0.23299692847740236,0.22114962702939886,0.30144800351031154
0.24119718309859156,0.23283450704225353,0.2205105633802817,0.30545774647887325
0.2429078014184397,0.2296099290780142,0.21719858156028368,0.3102836879432624
0.24638316527838666,0.23016220955721176,0.20824199912319158,0.31521262604121
0.24327897752313796,0.23005729396209784,0.2124283825473777,0.3142353459673865
0.23740053050397877,0.23076923076923078,0.21618037135278514,0.3156498673740053
0.24278215223097113,0.23009623797025372,0.2099737532808399,0.31714785651793526
0.23685373398144058,0.22978347326557666,0.21034025629695094,0.3230225364560318
0.2401402278702892,0.22436459246275198,0.20990359333917616,0.3255915863277826
0.23753280839895013,0.2230971128608924,0.2152230971128609,0.3241469816272966
0.2401592215833702,0.22114108801415303,0.21406457319770014,0.32463511720477667
0.23154657293497363,0.22539543057996486,0.21309314586994726,0.3299648506151142
0.24146981627296588,0.22090988626421698,0.21434820647419073,0.3232720909886264
0.23913997367266346,0.22465993856954805,0.21763931548924967,0.31856077226853885
0.23273207215134184,0.22657281126264847,0.21953365596128466,0.32116146062472506
0.2317822651448639,0.22168568920105355,0.22080772607550483,0.3257243195785777
0.23464912280701755,0.21842105263157896,0.2179824561403509,0.32894736842105265
0.24168514412416853,0.21862527716186253,0.21374722838137472,0.3259423503325942
0.24344735673034207,0.21723678365171034,0.2132385606397157,0.3260772989782319
0.25119721375707443,0.217239878101872,0.2107096212451023,0.3208532868959512
0.24496056091148116,0.21866783523225242,0.2147239263803681,0.32164767747589834
0.24592331423534597,0.22124283825473778,0.2150727192595857,0.31776112825033054
0.24613345117101193,0.2200618647812638,0.21078214759169245,0.3230225364560318
0.24966974900924702,0.22236900044033464,0.20651695288419197,0.32144429766622634
0.2476983779044279,0.22972380534853135,0.20824199912319158,0.3143358176238492
0.2478108581436077,0.22723292469352013,0.2105954465849387,0.31436077057793343
0.2475642161204606,0.2316209034543844,0.20637732506643047,0.31443755535872453
0.25174216027874563,0.2304006968641115,0.2038327526132404,0.31402439024390244
0.24325519681556834,0.23706324635117204,0.20654577620521894,0.3131357806280407
0.24879120879120878,0.2320879120879121,0.20703296703296703,0.3120879120879121
0.24592331423534597,0.23402379903040987,0.20669898633759365,0.3133539003966505
0.24638316527838666,0.2341078474353354,0.2104340201665936,0.30907496711968435
0.24689716312056736,0.23404255319148937,0.21143617021276595,0.3076241134751773
0.24700665188470067,0.24035476718403548,0.21108647450110865,0.30155210643015523
0.2551693796744391,0.23625164980202376,0.20325560932688078,0.30532336119665643
0.26174791392182695,0.233201581027668,0.204655248133509,0.30039525691699603
0.25862822193097423,0.23503713411970292,0.2075141983398864,0.29882044560943644
0.2559576345984113,0.235216240070609,0.21006178287731686,0.29876434245366285
0.25120772946859904,0.23891084760649978,0.20992534036012298,0.29995608256477824
0.24812030075187969,0.24237063246351173,0.20654577620521894,0.30296329057938964
0.2514310876265962,0.24570673712021135,0.202113606340819,0.3007485689123734
0.25428194993412384,0.2393500219587176,0.207290294246816,0.29907773386034253
0.25309734513274335,0.23628318584070795,0.20663716814159291,0.30398230088495576
0.2549019607843137,0.232174688057041,0.21167557932263814,0.30124777183600715
0.2518813634351483,0.23284639220894202,0.20938468348826914,0.3058875608676406
0.247791519434629,0.23056537102473498,0.20980565371024734,0.3118374558303887
0.24669020300088262,0.22992056487202117,0.20344218887908208,0.3199470432480141
0.24559082892416226,0.2279541446208113,0.20679012345679013,0.31966490299823636
0.24779929577464788,0.22931338028169015,0.2055457746478873,0.3173415492957746
0.24471830985915494,0.21919014084507044,0.2147887323943662,0.32130281690140844
0.23973509933774834,0.2269315673289183,0.21810154525386313,0.3152317880794702
0.23637176050044684,0.23190348525469168,0.21403038427167115,0.31769436997319034
0.23690004403346543,0.23381770145310435,0.21356230735358872,0.3157199471598415
0.2429078014184397,0.23182624113475178,0.21365248226950354,0.311613475177305
0.2393617021276596,0.23625886524822695,0.21365248226950354,0.31072695035460995
0.24378330373001778,0.23934280639431615,0.21492007104795738,0.3019538188277087
0.24282560706401765,0.2370860927152318,0.2119205298013245,0.30816777041942606
0.24327897752313796,0.22917584839136185,0.21859850154252974,0.3089466725429705
0.2430647291941876,0.2311756935270806,0.2166446499339498,0.309114927344782
0.24489795918367346,0.2311446317657498,0.21428571428571427,0.30967169476486245
0.24658740642888596,0.23513870541611626,0.20607661822985468,0.31219726992514313
0.24153101627804663,0.2331720193576771,0.21073471183457984,0.31456225252969644
0.24237063246351173,0.23219814241486067,0.21141088014153028,0.3140203449800973
0.2420494699646643,0.23012367491166077,0.20892226148409895,0.31890459363957596
0.2382847038019452,0.22855879752431477,0.21264367816091953,0.32051282051282054
0.24145486415425066,0.2318141980718668,0.2112182296231376,0.31551270815074495
0.24318381706244502,0.2326297273526825,0.21328056288478453,0.31090589270008795
0.24350506384852488,0.23249669749009247,0.2144429766622633,0.3095552619991193
0.24613345117101193,0.2346442775077331,0.21608484312859036,0.3031374281926646
0.24558303886925795,0.2318904593639576,0.21201413427561838,0.31051236749116606
0.2439982540375382,0.22697512003491924,0.21562636403317328,0.31340026189436926
0.24569916188795765,0.22452580502867225,0.21790913101014556,0.3118659020732245
0.24331433581762385,0.22665497588776853,0.21525646646207802,0.31477422183252957
0.24603174603174602,0.22663139329805995,0.2138447971781305,0.3134920634920635
0.2517605633802817,0.22315140845070422,0.21346830985915494,0.31161971830985913
0.2594381035996488,0.21992976294995611,0.21027216856892011,0.310359964881475
0.265817223198594,0.21616871704745166,0.21528998242530756,0.30272407732864676
0.26439326837909655,0.2121346324180691,0.2174490699734278,0.30602302922940655
0.25930851063829785,0.22074468085106383,0.21409574468085107,0.3058510638297872
0.26564551422319477,0.21531728665207878,0.20962800875273524,0.30940919037199127
0.26865671641791045,0.21378402107111502,0.20983318700614575,0.3077260755048288
0.2648861646234676,0.21935201401050788,0.2053415061295972,0.3104203152364273
0.2692307692307692,0.22015915119363394,0.20689655172413793,0.3037135278514589
0.2691292875989446,0.21635883905013192,0.20976253298153033,0.30474934036939316
0.26433260393873087,0.21444201312910285,0.20962800875273524,0.31159737417943106
0.27308882015024305,0.20813079982324348,0.20592134334953602,0.31285903667697745
0.2713656387665198,0.21894273127753303,0.19779735682819383,0.3118942731277533
0.2727272727272727,0.21844660194174756,0.1977052074139453,0.31112091791703445
0.26764314247669774,0.2205947625388371,0.20195295162006213,0.309809143364403
0.2682819383259912,0.21541850220264316,0.19779735682819383,0.3185022026431718
0.27043747238179405,0.21608484312859036,0.20238621299160406,0.3110914714980115
0.26415929203539823,0.21194690265486726,0.21150442477876105,0.3123893805309734
0.26468010517090274,0.2147239263803681,0.2085889570552147,0.31200701139351444
0.2663427561837456,0.21554770318021202,0.21068904593639576,0.30742049469964666
0.2707501109631602,0.20949844651575678,0.20772303595206393,0.3120284065690191
0.2692138779095301,0.2059727711901625,0.2090469916556873,0.3157663592446201
0.26936619718309857,0.20026408450704225,0.20950704225352113,0.320862676056338
0.27049539675580886,0.20429636124506795,0.210872424375274,0.3143358176238492
0.26631393298059963,0.20899470899470898,0.20899470899470898,0.31569664902998235
0.2687937062937063,0.2089160839160839,0.20585664335664336,0.31643356643356646
0.26130873956960915,0.21256038647342995,0.2090469916556873,0.3170838823012736
0.2678100263852243,0.21108179419525067,0.21152154793315744,0.3095866314863676
0.2681191640729213,0.21031569586482882,0.2138728323699422,0.3076923076923077
0.26827133479212256,0.21575492341356675,0.2100656455142232,0.3059080962800875
0.2712087912087912,0.2145054945054945,0.21318681318681318,0.3010989010989011
0.26663747810858146,0.21322241681260945,0.21409807355516638,0.30604203152364273
0.27071333628710675,0.2108994240141781,0.2157731501993797,0.3026140894993354
0.2669287898645697,0.2162516382699869,0.21231979030144169,0.30449978156400176
0.2737676056338028,0.21390845070422534,0.20862676056338028,0.30369718309859156
0.2705207413945278,0.21712268314210062,0.206090026478376,0.3062665489849956
0.2721685689201054,0.21817383669885865,0.2032484635645303,0.3064091308165057
0.2696035242290749,0.22422907488986785,0.20352422907488987,0.3026431718061674
0.27465723131357805,0.22467934542237947,0.20123839009287925,0.2994250331711632
0.27463863337713534,0.22032413491020586,0.20630749014454666,0.2987297415681121
0.26748790145182577,0.21997360316761988,0.2045754509458865,0.3079630444346678
0.27336551118911806,0.21939447125932426,0.20052654673102238,0.30671347082053535
0.27402135231316727,0.21708185053380782,0.19706405693950177,0.31183274021352314
0.27541998231653403,0.22458001768346597,0.19982316534040673,0.3001768346595933
0.27927529827662395,0.21608484312859036,0.19619973486522316,0.30844012372956253
