C,D,Oc,Od
1.0,0.0,0.0,0.0
0.6,0.0,0.0,0.4
0.5555555555555556,0.0,0.1111111111111111,0.3333333333333333
0.46153846153846156,0.07692307692307693,0.15384615384615385,0.3076923076923077
0.4782608695652174,0.08695652173913043,0.13043478260869565,0.30434782608695654
0.5128205128205128,0.05128205128205128,0.1282051282051282,0.3076923076923077
0.4482758620689655,0.034482758620689655,0.13793103448275862,0.3793103448275862
0.3875,0.0125,0.15,0.45
0.37606837606837606,0.02564102564102564,0.17094017094017094,0.42735042735042733
0.34615384615384615,0.019230769230769232,0.15384615384615385,0.4807692307692308
0.3248730964467005,0.02030456852791878,0.17766497461928935,0.47715736040609136
0.30578512396694213,0.01652892561983471,0.17768595041322313,0.5
0.2727272727272727,0.02821316614420063,0.1974921630094044,0.5015673981191222
0.25316455696202533,0.02278481012658228,0.20253164556962025,0.5215189873417722
0.23404255319148937,0.031914893617021274,0.2,0.5340425531914894
0.22438162544169613,0.037102473498233215,0.19081272084805653,0.5477031802120141
0.21846153846153846,0.03230769230769231,0.20153846153846153,0.5476923076923077
0.20384615384615384,0.03333333333333333,0.20384615384615384,0.558974358974359
0.19681456200227532,0.023890784982935155,0.2150170648464164,0.5642775881683731
0.19466403162055335,0.030632411067193676,0.20948616600790515,0.5652173913043478
0.18270944741532977,0.031194295900178252,0.21657754010695188,0.56951871657754
0.1833855799373041,0.030564263322884012,0.219435736677116,0.5666144200626959
0.1796759941089838,0.033873343151693665,0.22091310751104565,0.5655375552282769
0.1733514615907546,0.038069340584636305,0.22433718558803534,0.5642420122365738
0.17164653528289892,0.036872218690400506,0.2263191354100445,0.5651621106166561
0.17018708509354255,0.03500301750150875,0.22329511164755583,0.5715147857573929
0.1775486827033219,0.03379152348224513,0.21649484536082475,0.5721649484536082
0.17727025557368134,0.03371397498640565,0.21859706362153344,0.5704187058183795
0.18295870360690017,0.03450078410872975,0.2195504443282802,0.5629900679560899
0.17767537122375832,0.03533026113671275,0.21402969790066564,0.5729646697388633
0.16649848637739656,0.037840565085771945,0.218970736629667,0.5766902119071645
0.18226600985221675,0.04334975369458128,0.20541871921182267,0.5689655172413793
0.18115590092277806,0.0412821758135017,0.20398251578436133,0.5735794074793589
0.18860698898994735,0.04164672091910005,0.19722355193872668,0.572522738152226
0.19672897196261682,0.03785046728971963,0.19205607476635514,0.5733644859813084
0.19036372224846482,0.0406235238545111,0.19555975436939066,0.5734529995276334
0.18953323903818953,0.04148986327204149,0.19000471475719,0.578972182932579
0.1821544151641239,0.039297272306981046,0.1914008321775312,0.5871474803513639
0.17936802973977695,0.03949814126394052,0.19330855018587362,0.5878252788104089
0.17594759007955077,0.03837154890032756,0.18717828731867103,0.5985025737014507
0.17598152424942262,0.03879907621247113,0.18752886836027713,0.5976905311778291
0.17553688141923435,0.03828197945845005,0.18067226890756302,0.6055088702147525
0.17417279411764705,0.03952205882352941,0.17601102941176472,0.6102941176470589
0.17465437788018434,0.03824884792626728,0.16912442396313365,0.6179723502304147
0.16896869244935545,0.040976058931860036,0.17357274401473297,0.6164825046040515
0.17269812185066422,0.03527256069628951,0.1690334402198809,0.6229958772331654
0.17099863201094392,0.0392156862745098,0.16461468308253535,0.625170998632011
0.1739918441323063,0.038513819664703214,0.1590394200271862,0.6284549161758043
0.17528604118993135,0.036155606407322655,0.15377574370709382,0.6347826086956522
0.17665758401453224,0.03905540417801998,0.15349682107175294,0.6307901907356949
0.17941712204007285,0.03825136612021858,0.1493624772313297,0.6329690346083788
0.17956939990838297,0.03573064590013743,0.152084287677508,0.6326156665139716
0.1759090909090909,0.03590909090909091,0.14545454545454545,0.6427272727272727
0.17681818181818182,0.04045454545454545,0.14954545454545454,0.6331818181818182
0.17796995903504778,0.03959945380063723,0.14292216659080564,0.6395084205735093
0.18342391304347827,0.035326086956521736,0.13994565217391305,0.6413043478260869
0.1783783783783784,0.03783783783783784,0.13423423423423422,0.6495495495495496
0.1863493488998653,0.0327795240233498,0.13875168387965872,0.6421194431971262
0.1905829596412556,0.03991031390134529,0.13094170403587443,0.6385650224215247
0.19396939693969398,0.032403240324032405,0.12916291629162915,0.6444644464446445
0.20235934664246824,0.032667876588021776,0.12295825771324864,0.6420145190562614
0.20424762765476728,0.03434252146407592,0.12065070040668775,0.6407591504744691
0.20669380370872908,0.036635006784260515,0.11397557666214382,0.6426956128448665
0.20754716981132076,0.03504043126684636,0.11904761904761904,0.6383647798742138
0.20512820512820512,0.03598740440845704,0.12055780476833108,0.6383265856950068
0.20551601423487545,0.03469750889679715,0.11654804270462633,0.6432384341637011
0.20422852001799371,0.03508771929824561,0.11785874943769681,0.6428250112460638
0.21719659650694134,0.033139274518584866,0.10568741603224362,0.6439767129422301
0.22242152466367712,0.034080717488789235,0.10269058295964126,0.6408071748878924
0.22137745974955278,0.03354203935599284,0.10196779964221825,0.6431127012522362
0.22663656884875846,0.03160270880361174,0.0943566591422122,0.6474040632054177
0.22717049032838507,0.03418803418803419,0.09266756635177688,0.6459739091318039
0.22355024347056218,0.033643204957945996,0.09251881363435148,0.6502877379371403
0.22492266902342023,0.029164825452938577,0.09102960671674767,0.6548828988068935
0.22286735149620365,0.02992407324698526,0.08798570790531487,0.6592228673514962
0.22612172367836517,0.03109729009329187,0.08751665926254998,0.655264326965793
0.23117803365810452,0.027015057573073518,0.0845881310894597,0.6572187776793623
0.23090586145648312,0.03019538188277087,0.07859680284191829,0.6603019538188277
0.2305282005371531,0.025067144136078783,0.0801253357206804,0.6642793196060878
0.22506738544474394,0.027852650494159928,0.07726864330637916,0.6698113207547169
0.23012367491166077,0.026060070671378093,0.071113074204947,0.6727031802120141
0.2323008849557522,0.027876106194690265,0.07168141592920355,0.668141592920354
0.22954444935869084,0.028748341441839895,0.07120743034055728,0.670499778858912
0.22862206468763846,0.028799291094373063,0.07133362871067789,0.6712450155073106
0.2267080745341615,0.026175687666370896,0.06965394853593611,0.6774622892635315
0.23073496659242762,0.026726057906458798,0.06547884187082405,0.6770601336302895
0.2328278322925959,0.025869759143621766,0.06155218554861731,0.6797502230151651
0.23175586023883238,0.022114108801415303,0.05749668288367979,0.6886333480760726
0.23316986179224253,0.023629068212215783,0.06107891217119929,0.6821221578243424
0.2413491020586947,0.022339027595269383,0.056504599211563734,0.6798072711344721
0.24026258205689277,0.021444201312910284,0.04989059080962801,0.6884026258205689
0.2369916921731526,0.019676432006996064,0.05378224748578924,0.6895496283340621
0.24551422319474836,0.017943107221006564,0.04638949671772429,0.6901531728665208
0.2458001768346596,0.021662245800176835,0.04862953138815208,0.6839080459770115
0.23996431757359502,0.021409455842997322,0.04950936663693131,0.6891168599464763
0.23807439824945295,0.019693654266958426,0.04682713347921225,0.6954048140043764
0.2381161971830986,0.018045774647887324,0.04709507042253521,0.6967429577464789
0.24442462087421946,0.014272970561998216,0.042818911685994644,0.6984834968777877
0.25044091710758376,0.013668430335097001,0.041005291005291,0.6948853615520282
0.25308098591549294,0.014524647887323943,0.03609154929577465,0.6963028169014085
0.24670184696569922,0.012752858399296393,0.03737906772207564,0.7031662269129287
0.24540682414698162,0.014435695538057743,0.03674540682414698,0.7034120734908137
0.24607329842931938,0.014397905759162303,0.03534031413612566,0.7041884816753927
0.24607329842931938,0.013961605584642234,0.033595113438045374,0.706369982547993
0.2422251423565484,0.016206745510293472,0.037669732807709154,0.703898379325449
0.24645390070921985,0.018173758865248225,0.03590425531914894,0.699468085106383
0.2475642161204606,0.01904340124003543,0.030115146147032774,0.7032772364924712
0.24615384615384617,0.018461538461538463,0.03076923076923077,0.7046153846153846
0.24342105263157895,0.017982456140350878,0.030263157894736843,0.7083333333333334
0.24716652136006975,0.016129032258064516,0.02920662598081953,0.7074978204010463
0.24645390070921985,0.01773049645390071,0.028812056737588652,0.7070035460992907
0.24424778761061947,0.01415929203539823,0.02654867256637168,0.7150442477876107
0.23891084760649978,0.014053579270970576,0.025472112428634168,0.7215634606938954
0.24190726159230097,0.016185476815398076,0.02668416447944007,0.7152230971128609
0.24381625441696114,0.015017667844522967,0.02561837455830389,0.715547703180212
0.239492119089317,0.01576182136602452,0.026707530647985988,0.7180385288966725
0.23702726473175023,0.01759014951627089,0.018469656992084433,0.7269129287598944
0.2398945518453427,0.015377855887521968,0.016695957820738138,0.7280316344463972
0.23961521644075207,0.016178399650196764,0.014429383471797114,0.729777000437254
0.23853211009174313,0.014416775884665793,0.01310615989515072,0.7339449541284404
0.2335958005249344,0.011373578302712161,0.016622922134733157,0.7384076990376203
0.22955837341495408,0.012680367293397464,0.016178399650196764,0.7415828596414517
0.23060344827586207,0.01163793103448276,0.015086206896551725,0.7426724137931034
0.234884732492388,0.01087429317094389,0.0156589821661592,0.7385819921705089
0.2380330722367276,0.01174934725848564,0.015230635335073977,0.7349869451697127
0.23565484012264565,0.010950503723171266,0.012702584318878668,0.7406920718353044
0.2376150811047786,0.010083296799649276,0.01183691363437089,0.7404647084612013
0.23427331887201736,0.012147505422993492,0.01475054229934924,0.7388286334056399
0.23669159700835898,0.012318521777386713,0.014958205015398152,0.7360316761988561
0.23308270676691728,0.01238390092879257,0.012826183104820876,0.7417072091994693
0.23036649214659685,0.011343804537521814,0.012652705061082025,0.7456369982547993
0.2276103101791175,0.009174311926605505,0.012232415902140673,0.7509829619921363
0.22787028921998248,0.009202453987730062,0.014022787028921999,0.7489044697633654
0.2262582056892779,0.006564551422319475,0.01225382932166302,0.7549234135667396
0.23532008830022075,0.008830022075055188,0.008388520971302429,0.7474613686534216
0.23083585967951495,0.0086617583369424,0.009527934170636639,0.750974447812906
0.23297180043383947,0.006941431670281995,0.008676789587852495,0.751409978308026
0.2363162467419635,0.009556907037358819,0.006516072980017376,0.7476107732406603
0.2357546759460635,0.0078294910830796,0.0078294910830796,0.7485863418877773
0.23680767553423462,0.007413868294810292,0.0113388573920628,0.7444395987788923
0.23506151142355008,0.009666080843585237,0.009666080843585237,0.7456063268892794
0.23617208077260754,0.009218612818261633,0.010535557506584723,0.7440737489025461
0.23709536307961504,0.009623797025371828,0.009186351706036745,0.7440944881889764
0.23400525854513585,0.008764241893076249,0.009640666082383873,0.747589833479404
0.23093681917211328,0.008714596949891068,0.009586056644880174,0.7507625272331154
0.23070251517779705,0.007372072853425846,0.009106678230702514,0.7528187337380746
0.2299301919720768,0.007417102966841187,0.009598603839441536,0.7530541012216405
0.2304670449585334,0.00785683107813182,0.012221737232649499,0.7494543867306853
0.23513870541611626,0.007926023778071334,0.010568031704095112,0.7463672391017173
0.22915757311217808,0.006983849847228284,0.012658227848101266,0.7512003491924923
0.22887323943661972,0.009242957746478873,0.013644366197183098,0.7482394366197183
0.22717343818261249,0.010048055919615552,0.01616426387068589,0.746614242027086
0.22763157894736843,0.011403508771929825,0.014035087719298246,0.7469298245614036
0.22697512003491924,0.013094718463553033,0.014840680925360105,0.7450894805761676
0.22397200349956256,0.01399825021872266,0.013123359580052493,0.7489063867016623
0.2287326388888889,0.016927083333333332,0.010850694444444444,0.7434895833333334
0.23087129588677577,0.013268465280849183,0.010614772224679346,0.7452454666076958
0.229020979020979,0.016171328671328672,0.006993006993006993,0.7478146853146853
0.2291304347826087,0.012608695652173913,0.009130434782608696,0.7491304347826087
0.22544353093898745,0.010817827780181739,0.011683254002596278,0.7520553872782345
0.23003055434308162,0.01178524661719773,0.010912265386294195,0.7472719336534265
0.22847252271743834,0.010817827780181739,0.01038511466897447,0.7503245348334054
0.22567922874671342,0.009640666082383873,0.011831726555652936,0.7528483786152498
0.22478260869565217,0.009565217391304347,0.009130434782608696,0.7565217391304347
0.23388501742160278,0.008275261324041812,0.009581881533101045,0.7482578397212544
0.2332323669407183,0.00865426222414539,0.013414106447425357,0.744699264387711
0.22778745644599302,0.010017421602787456,0.013937282229965157,0.7482578397212544
0.22577816747040771,0.01052170100832968,0.012713722051731697,0.7509864094695309
0.2269965277777778,0.009114583333333334,0.013020833333333334,0.7508680555555556
0.22492401215805471,0.010855405992184108,0.015197568389057751,0.7490230134607034
0.22236727589208008,0.009573542210617928,0.014360313315926894,0.7536988685813751
0.2189119170984456,0.009067357512953367,0.014248704663212436,0.7577720207253886
0.21891418563922943,0.008756567425569177,0.01532399299474606,0.7570052539404554
0.21419127368884971,0.010577346848832084,0.015425297487880123,0.7598060819744381
0.21412900394910048,0.013163668275559455,0.017551557700745943,0.7551557700745941
0.2099519860323003,0.01178524661719773,0.017023134002618942,0.761239633347883
0.21290605794556627,0.010535557506584723,0.015364354697102721,0.7611940298507462
0.20893561103810776,0.009636443276390714,0.018834866403854577,0.762593079281647
0.21027216856892011,0.009657594381035996,0.01624231782265145,0.7638279192273925
0.21515679442508712,0.007404181184668989,0.016986062717770034,0.7604529616724739
0.2132514260640632,0.004826678367705134,0.016673979815708645,0.765247915752523
0.21911828895678742,0.006110868616324749,0.015277171540811872,0.759493670886076
0.22092520536100302,0.006917423259835711,0.01556420233463035,0.7565931690445309
0.2180385288966725,0.006129597197898424,0.01838879159369527,0.7574430823117339
0.2206776715899218,0.006081668114682885,0.018245004344048653,0.7549956559513467
0.218927169646751,0.008286088094199739,0.017880505887483647,0.7549062363715656
0.2158744003488879,0.007849978194505015,0.0170082860880942,0.7592673353685129
0.21506789312308366,0.00700832238282961,0.015330705212439772,0.762593079281647
0.2132577409507196,0.007413868294810292,0.014827736589620584,0.7645006541648496
0.21378402107111502,0.006145741878841089,0.014486391571553995,0.7655838454784899
0.21344391095591445,0.004801396769969445,0.015277171540811872,0.7664775207333042
0.21676802780191137,0.004344048653344918,0.01216333622936577,0.766724587315378
0.21105308964316796,0.005221932114882507,0.014795474325500435,0.7689295039164491
0.2063561166739225,0.0043535045711798,0.01697866782760122,0.7723117109272964
0.21022727272727273,0.006555944055944056,0.01791958041958042,0.7652972027972028
0.20940356987374836,0.006965607313887679,0.014366565084893338,0.7692642577274706
0.21130434782608695,0.00782608695652174,0.01391304347826087,0.7669565217391304
0.20981165133596144,0.010074463425317565,0.01576872536136662,0.7643451598773544
0.21145374449339208,0.007929515418502203,0.011894273127753305,0.7687224669603524
0.2109851787271142,0.011769834350479512,0.012205754141238012,0.7650392327811683
0.21196358907672302,0.010836584308625921,0.011270047680970958,0.7659297789336801
0.21336206896551724,0.010344827586206896,0.01163793103448276,0.7646551724137931
0.21462777535916414,0.00914235959947758,0.012625163256421419,0.7636047017849369
0.21651295564339043,0.00878348704435661,0.013175230566534914,0.761528326745718
0.21475338280226974,0.00960279353993889,0.017023134002618942,0.7586206896551724
0.21555845284658845,0.011299435028248588,0.017383746197305518,0.7557583659278575
0.21804835924006907,0.013385146804835924,0.01770293609671848,0.7508635578583766
0.21549847627340007,0.013931214627775359,0.013060513713539399,0.7575097953852852
0.2095782073813708,0.014499121265377855,0.012741652021089631,0.7631810193321616
0.20962800875273524,0.014442013129102845,0.01400437636761488,0.761925601750547
0.20585664335664336,0.016608391608391608,0.014423076923076924,0.7631118881118881
0.2076215505913272,0.014892685063512922,0.017082785808147174,0.7604029785370127
0.2077125328659071,0.012269938650306749,0.01621384750219106,0.7638036809815951
0.2069116360454943,0.014435695538057743,0.014435695538057743,0.7642169728783902
0.20877192982456141,0.012719298245614035,0.013157894736842105,0.7653508771929824
0.20620358235037134,0.010921799912625601,0.012669287898645697,0.7702053298383573
0.20305676855895197,0.010043668122270743,0.013537117903930132,0.7733624454148471
0.2026431718061674,0.012334801762114538,0.01629955947136564,0.7687224669603524
0.20139190952588082,0.012614180078294911,0.014354066985645933,0.7716398434101783
0.20793374019180472,0.013513513513513514,0.015257192676547515,0.7632955536181343
0.2073651907058308,0.012713722051731697,0.014905743095133712,0.7650153441473038
0.2040104620749782,0.010897994768962511,0.013077593722755012,0.7720139494333043
0.20701754385964913,0.010964912280701754,0.013157894736842105,0.768859649122807
0.20263736263736265,0.014505494505494506,0.012307692307692308,0.7705494505494506
0.20374401393121463,0.012189812799303439,0.012189812799303439,0.7718763604701785
0.20105820105820105,0.011022927689594356,0.01146384479717813,0.7764550264550265
0.20216450216450216,0.011255411255411256,0.011688311688311689,0.7748917748917749
0.2035667681600696,0.010439321444106133,0.010439321444106133,0.7755545889517181
0.20035460992907803,0.010195035460992909,0.012411347517730497,0.7770390070921985
0.20373588184187663,0.009122502172024326,0.014335360556038228,0.7728062554300608
0.19852622453402688,0.011270047680970958,0.013003901170351105,0.777199826614651
0.19948074426655127,0.009519688446559932,0.013414106447425357,0.7775854608394634
0.1985068072024594,0.011418533157663592,0.010540184453227932,0.7795344751866491
0.19597550306211722,0.012248468941382326,0.013123359580052493,0.778652668416448
0.19947621126145787,0.010912265386294195,0.010912265386294195,0.7786992579659537
0.20156726164562472,0.006965607313887679,0.0108837614279495,0.780583369612538
0.20008775778850374,0.007020623080298377,0.008775778850372971,0.7841158402808249
0.20209059233449478,0.0078397212543554,0.009581881533101045,0.7804878048780488
0.20234476769431176,0.00911854103343465,0.009552757273122015,0.7789839339991316
0.20456540825285338,0.009218612818261633,0.010974539069359086,0.7752414398595259
0.20228170250109698,0.009653356735410267,0.008775778850372971,0.7792891619131198
0.20288587669435942,0.007433318758198513,0.011368605159597726,0.7783121993878444
0.20541958041958042,0.008304195804195804,0.010926573426573426,0.7753496503496503
0.20500438981562774,0.01009657594381036,0.008340649692712906,0.776558384547849
0.20286707211120764,0.009556907037358819,0.010860121633362294,0.7767158992180713
0.20228170250109698,0.009214567792891619,0.010530934620447565,0.7779727950855638
0.19851980844579886,0.00827165868524162,0.014801915542011318,0.7784066173269482
0.20210434020166593,0.008329679964927663,0.014028934677772907,0.7755370451556335
0.20166593599298555,0.008768084173608066,0.012275317843051293,0.7772906619903551
0.2045158488927486,0.00911854103343465,0.013460703430308293,0.7729049066435084
0.20724258289703315,0.011343804537521814,0.008726003490401396,0.7726876090750436
0.2001759788825341,0.009678838539375276,0.010558732952045754,0.7795864496260448
0.2019064124783362,0.012131715771230503,0.00996533795493934,0.7759965337954939
0.20112945264986967,0.011728931364031277,0.009556907037358819,0.7775847089487402
0.20105124835742444,0.013140604467805518,0.009198423127463863,0.7766097240473062
0.19887103777681286,0.012592270950933565,0.011723838471558836,0.7768128528006948
0.1985133362483603,0.009619588981198076,0.014866637516397026,0.7770004372540446
0.20070267896354854,0.011857707509881422,0.015810276679841896,0.7716293368467282
0.2021834061135371,0.013100436681222707,0.013973799126637555,0.7707423580786026
0.2090004327131112,0.014279532669839896,0.011683254002596278,0.7650367806144526
0.20665499124343256,0.011821366024518389,0.011821366024518389,0.7697022767075307
0.20776953295504147,0.011348756001745963,0.013094718463553033,0.7677869925796595
0.20860495436766624,0.009995654063450673,0.014341590612777053,0.7670578009561061
0.2093327518534671,0.010902747492368076,0.015263846489315308,0.7645006541648496
0.21319353429445173,0.00873743993010048,0.01529051987767584,0.762778505897772
0.2150304083405734,0.008688097306689836,0.013900955690703735,0.762380538662033
0.21612200435729848,0.01045751633986928,0.015250544662309368,0.7581699346405228
0.21180555555555555,0.010416666666666666,0.014756944444444444,0.7630208333333334
0.21588415971917507,0.009653356735410267,0.01228609039052216,0.7621763931548925
0.21385017421602787,0.011759581881533102,0.01132404181184669,0.7630662020905923
0.2099519860323003,0.011348756001745963,0.01003928415539066,0.7686599738105631
0.21153012570437799,0.009969657563935847,0.010836584308625921,0.7676636324230602
0.21506312581628212,0.00914235959947758,0.0108837614279495,0.7649107531562909
0.21737232649498037,0.00785683107813182,0.010475774770842427,0.7642950676560454
0.21689895470383275,0.008710801393728223,0.010452961672473868,0.7639372822299652
0.22114962702939886,0.010969723562966213,0.009214567792891619,0.7586660816147434
0.22236900044033464,0.010568031704095112,0.008806693086745927,0.7582562747688243
0.22762814943527368,0.008688097306689836,0.00999131190269331,0.7536924413553432
0.22662026968247065,0.010004349717268378,0.009134406263592866,0.7542409743366681
0.2243839169909209,0.010808473843493299,0.009943795936013834,0.754863813229572
0.2312062937062937,0.011363636363636364,0.009178321678321678,0.7482517482517482
0.2267188859878155,0.011314186248912098,0.012619669277632724,0.7493472584856397
0.2244629548443665,0.00920648838228847,0.01446733888645331,0.7518632178868917
0.2222222222222222,0.010061242344706912,0.014435695538057743,0.7532808398950132
0.22501081782778018,0.009086975335352661,0.015144958892254435,0.7507572479446127
0.22338568935427575,0.010034904013961605,0.015270506108202443,0.7513089005235603
0.22386759581881532,0.008710801393728223,0.01088850174216028,0.7565331010452961
0.22154911293812202,0.01038511466897447,0.01038511466897447,0.757680657723929
0.22082973206568712,0.010803802938634399,0.011235955056179775,0.7571305099394987
0.21619293712316967,0.0103359173126615,0.013781223083548665,0.7596899224806202
0.22004357298474944,0.009150326797385621,0.013071895424836602,0.7577342047930283
0.2151009657594381,0.012291483757682178,0.01141352063213345,0.7611940298507462
0.22,0.00826086956521739,0.011739130434782608,0.76
0.21788194444444445,0.010416666666666666,0.012586805555555556,0.7591145833333334
0.22072268175881585,0.01044841097083152,0.011319111885067479,0.7575097953852852
0.2227529309596179,0.010855405992184108,0.010421189752496743,0.7559704732957012
0.22952961672473868,0.010017421602787456,0.01088850174216028,0.7495644599303136
0.22808547754034017,0.007413868294810292,0.010902747492368076,0.7535979066724815
0.2261437908496732,0.00784313725490196,0.009150326797385621,0.7568627450980392
0.22774869109947643,0.009162303664921465,0.011780104712041885,0.7513089005235603
0.22911169744942833,0.009674582233948988,0.011433597185576077,0.7497801231310466
0.2326086956521739,0.00826086956521739,0.013043478260869565,0.7460869565217392
0.22675933970460468,0.01216333622936577,0.013900955690703735,0.7471763683753258
0.22653862941946748,0.012221737232649499,0.015277171540811872,0.7459624618070712
0.22407732864674867,0.013181019332161687,0.013620386643233744,0.7491212653778558
0.2299000434593655,0.015210777922642329,0.013472403302911778,0.7414167753150804
0.23100570926657882,0.012296881862099254,0.011418533157663592,0.7452788757136584
0.23269896193771628,0.01384083044982699,0.010380622837370242,0.7430795847750865
0.2388451443569554,0.015748031496062992,0.012248468941382326,0.7331583552055994
0.24168126094570927,0.012259194395796848,0.012697022767075307,0.7333625218914186
0.23865619546247818,0.011780104712041885,0.010471204188481676,0.7390924956369983
0.23899647887323944,0.009683098591549295,0.012764084507042254,0.738556338028169
0.23355119825708062,0.008714596949891068,0.011328976034858388,0.74640522875817
0.23547267996530788,0.00997398091934085,0.011708586296617519,0.7428447528187337
0.23547400611620795,0.009174311926605505,0.011795543905635648,0.7435561380515509
0.23137598597721298,0.014022787028921999,0.014460999123575811,0.7401402278702892
0.23480542195015303,0.013992129427197202,0.012680367293397464,0.7385220813292523
0.23459507042253522,0.01232394366197183,0.010123239436619719,0.7429577464788732
0.2367736339982654,0.010407632263660017,0.010407632263660017,0.7424111014744146
0.2388451443569554,0.008311461067366578,0.008748906386701663,0.7440944881889764
0.23539668700959024,0.008282476024411508,0.010897994768962511,0.7454228421970357
0.23496321938554737,0.0073561228905235825,0.011683254002596278,0.7459974037213327
0.23734729493891799,0.007853403141361256,0.010907504363001745,0.743891797556719
0.23869565217391303,0.00826086956521739,0.01,0.7430434782608696
0.23170731707317074,0.009581881533101045,0.010452961672473868,0.7482578397212544
0.23049801674746584,0.011018069634200088,0.0123402379903041,0.74614367562803
0.23201046663759267,0.011774967291757523,0.01264718709114697,0.7435673789795029
0.23956521739130435,0.013478260869565217,0.01217391304347826,0.7347826086956522
0.23860115095174855,0.013280212483399735,0.01018149623727313,0.7379371403275786
0.23938053097345133,0.010176991150442478,0.011946902654867256,0.738495575221239
0.24040139616055847,0.008726003490401396,0.012216404886561954,0.7386561954624782
0.24333770205329838,0.007863695937090432,0.009611183923110528,0.7391874180865007
0.2446167097329888,0.007321274763135229,0.009905254091300603,0.7381567614125754
0.24245038826574633,0.007333908541846419,0.010785159620362382,0.7394305435720449
0.23766233766233766,0.006493506493506494,0.014285714285714285,0.7415584415584415
0.2422251423565484,0.007446342531756461,0.015330705212439772,0.7349978098992553
0.24151436031331594,0.010879025239338555,0.018276762402088774,0.7293298520452568
0.2438488576449912,0.011423550087873463,0.016695957820738138,0.7280316344463972
0.24503311258278146,0.010154525386313467,0.016777041942604858,0.7280353200883002
0.2469352014010508,0.010507880910683012,0.016199649737302976,0.7263572679509632
0.24498692240627726,0.00959023539668701,0.017436791630340016,0.7279860505666957
0.24472759226713534,0.007469244288224956,0.016695957820738138,0.7311072056239016
0.24814653292629743,0.007849978194505015,0.01569995638901003,0.7283035324901875
0.2426243945398503,0.007926023778071334,0.01453104359313078,0.7349185380889476
0.2381786339754816,0.006129597197898424,0.013572679509632224,0.7421190893169878
0.2466230936819172,0.007407407407407408,0.014814814814814815,0.7311546840958606
0.24336090552895082,0.0108837614279495,0.011754462342185459,0.7340008707009142
0.24163407214254673,0.009995654063450673,0.011734028683181226,0.7366362451108214
0.23838737949167396,0.010078878177037686,0.011831726555652936,0.7397020157756354
0.23960138648180243,0.010398613518197574,0.011265164644714038,0.738734835355286
0.240052470485352,0.010056843025797988,0.011805859204197638,0.7380848272846524
0.24003504161191414,0.010950503723171266,0.010950503723171266,0.7380639509417434
0.236457437661221,0.011607910576096303,0.009888220120378332,0.7420464316423044
0.2408695652173913,0.012608695652173913,0.01,0.7365217391304347
0.2368769298632554,0.011468901632112925,0.009263343625937363,0.7423908248786943
0.23503521126760563,0.01232394366197183,0.01056338028169014,0.7420774647887324
0.23850823937554205,0.010407632263660017,0.009106678230702514,0.7419774501300954
0.23925314806773773,0.00998697351280938,0.010855405992184108,0.7399044724272688
0.240473061760841,0.008760402978537012,0.009198423127463863,0.7415681121331581
0.24517543859649124,0.008771929824561403,0.007017543859649123,0.7390350877192983
0.24891020052310375,0.009154315605928508,0.009154315605928508,0.7327811682650393
0.24337244676227726,0.011299435028248588,0.006953498478922208,0.738374619730552
0.24041811846689895,0.013066202090592335,0.007404181184668989,0.7391114982578397
0.24413553431798435,0.016072980017376195,0.008253692441355343,0.731537793223284
0.23869565217391303,0.02,0.006956521739130435,0.7343478260869565
0.2392935982339956,0.015894039735099338,0.007947019867549669,0.7368653421633554
0.23912087912087912,0.01802197802197802,0.007032967032967033,0.7358241758241758
0.23952359947066607,0.01808557565063961,0.0061755624172915745,0.7362152624614028
0.235370611183355,0.0164716081491114,0.006068487212830516,0.7420892934547031
0.22637362637362637,0.014065934065934066,0.007912087912087912,0.7516483516483516
0.22580645161290322,0.012641673931996512,0.006974716652136007,0.7545771578029643
0.22559652928416485,0.012581344902386117,0.0078091106290672455,0.7540130151843818
0.22464083587287767,0.012189812799303439,0.00957771005659556,0.7535916412712234
0.21708805579773321,0.013077593722755012,0.010897994768962511,0.7589363557105493
0.22018348623853212,0.012232415902140673,0.011358671909130624,0.7562254259501966
0.2200873362445415,0.012663755458515284,0.013537117903930132,0.7537117903930131
0.21220043572984748,0.016122004357298474,0.012200435729847494,0.7594771241830065
0.21204188481675393,0.015706806282722512,0.011343804537521814,0.7609075043630017
0.21151330135194069,0.01569995638901003,0.009594417793283908,0.7631923244657653
0.20860781730346947,0.018006148440931048,0.011857707509881422,0.761528326745718
0.20588235294117646,0.017120280948200176,0.010974539069359086,0.7660228270412642
0.20290492957746478,0.020246478873239437,0.011883802816901408,0.7649647887323944
0.1972818939061815,0.01841297676457694,0.01446733888645331,0.7698377904427882
0.1986725663716814,0.016371681415929203,0.01327433628318584,0.7716814159292036
0.20193576770787505,0.014958205015398152,0.011438627364716234,0.7716673999120106
0.1993891797556719,0.016579406631762654,0.008289703315881327,0.7757417102966842
0.19788918205804748,0.013192612137203167,0.010993843447669306,0.7779243623570801
0.19530230535015225,0.014354066985645933,0.010004349717268378,0.7803392779469335
0.19319668556476233,0.015263846489315308,0.01264718709114697,0.7788922808547754
0.20184291355857834,0.013163668275559455,0.010969723562966213,0.774023694602896
0.20192728865527815,0.012264564169951819,0.012264564169951819,0.7735435830048182
0.2084063047285464,0.013572679509632224,0.01138353765323993,0.7666374781085814
0.202365308804205,0.01445466491458607,0.009198423127463863,0.7739816031537451
0.20607375271149675,0.014316702819956615,0.011279826464208243,0.7683297180043384
0.2026086956521739,0.01391304347826087,0.011739130434782608,0.7717391304347826
0.2019064124783362,0.014298093587521665,0.00996533795493934,0.7738301559792028
0.20051970550021656,0.014724989172802079,0.010827197921177999,0.7739281074058034
0.19702276707530647,0.013572679509632224,0.012697022767075307,0.776707530647986
0.19589877835951133,0.011780104712041885,0.009162303664921465,0.7831588132635253
0.187308533916849,0.014442013129102845,0.007439824945295405,0.7908096280087528
0.1915172715347617,0.010931351114997814,0.010931351114997814,0.7866200262352426
0.19859402460456943,0.012741652021089631,0.010984182776801407,0.7776801405975395
0.19538729329852045,0.01392515230635335,0.011314186248912098,0.779373368146214
0.18648530057042562,0.014041246160596753,0.013602457218078104,0.7858709960508995
0.18933100131176214,0.009619588981198076,0.013117621337997376,0.7879317883690424
0.19076655052264807,0.01088850174216028,0.011759581881533102,0.7865853658536586
0.1924923614142296,0.01003928415539066,0.010912265386294195,0.7865560890440856
0.1909722222222222,0.011284722222222222,0.009548611111111112,0.7881944444444444
0.18782837127845883,0.010507880910683012,0.01138353765323993,0.7902802101576182
0.19035202086049544,0.012603215993046502,0.01086484137331595,0.7861799217731421
0.19406890536415178,0.013955516790231139,0.010466637592673354,0.7815089402529437
0.195015303891561,0.01355487538259729,0.009619588981198076,0.7818102317446436
0.19219088937093276,0.016052060737527116,0.011279826464208243,0.7804772234273318
0.19412019022913965,0.01729355814958928,0.010808473843493299,0.7777777777777778
0.1896853146853147,0.019230769230769232,0.0118006993006993,0.7792832167832168
0.1845212068211631,0.017927415828596416,0.010494097070397902,0.7870572802798426
0.18641810918774968,0.013315579227696404,0.01287172658677319,0.7873945849977807
0.18891797556719023,0.012652705061082025,0.010907504363001745,0.787521815008726
0.19242490204614715,0.013931214627775359,0.01001306051371354,0.783630822812364
0.19318181818181818,0.015297202797202798,0.008304195804195804,0.7832167832167832
0.19289785181937746,0.013590530469092503,0.009644892590968873,0.7838667251205611
0.1945780498469611,0.010931351114997814,0.009619588981198076,0.784871010056843
0.20368744512730466,0.014047410008779631,0.009657594381035996,0.7726075504828798
0.2032132001736865,0.015631784628745114,0.007381676074685193,0.7737733391228832
0.2077526132404181,0.014808362369337979,0.01132404181184669,0.7661149825783972
0.21089324618736383,0.01045751633986928,0.009150326797385621,0.7694989106753812
0.2053842813721233,0.010421189752496743,0.007381676074685193,0.7768128528006948
0.2073490813648294,0.009623797025371828,0.009623797025371828,0.773403324584427
0.20140105078809106,0.009632224168126095,0.010507880910683012,0.7784588441330998
0.20417936438833262,0.00783630822812364,0.01001306051371354,0.7779712668698302
0.20537261698440207,0.010398613518197574,0.012998266897746967,0.7712305025996534
0.2037521815008726,0.010907504363001745,0.011780104712041885,0.7735602094240838
0.20475161987041038,0.012095032397408207,0.014254859611231102,0.7688984881209503
0.21041023378914867,0.011910013233348038,0.014556682840758712,0.7631230701367446
0.2095782073813708,0.012302284710017574,0.009666080843585237,0.7684534270650264
0.20553872782345306,0.012115967113803548,0.011683254002596278,0.7706620510601471
0.20641194554238032,0.013175230566534914,0.014931927975406236,0.7654808959156785
0.2085328689595124,0.015237265999129298,0.01610796691336526,0.760121898127993
0.2105723023154216,0.014416775884665793,0.014416775884665793,0.7605941459152469
0.20632856523623755,0.016905071521456438,0.015604681404421327,0.7611616818378847
0.2056239015817223,0.01757469244288225,0.013620386643233744,0.7631810193321616
0.20655021834061135,0.016157205240174673,0.013973799126637555,0.7633187772925765
0.20608695652173914,0.015217391304347827,0.01652173913043478,0.7621739130434783
0.21263616557734205,0.01568627450980392,0.013071895424836602,0.7586056644880175
0.2120017520805957,0.016644765659220323,0.01445466491458607,0.7568988173455979
0.21665213600697472,0.013077593722755012,0.013077593722755012,0.7571926765475152
0.2210113339145597,0.010462074978204011,0.013949433304272014,0.7545771578029643
0.2226596675415573,0.010936132983377077,0.014435695538057743,0.7519685039370079
0.22319093286835223,0.013949433304272014,0.013513513513513514,0.7493461203138623
0.22178819444444445,0.014756944444444444,0.016927083333333332,0.7465277777777778
0.21648590021691974,0.016052060737527116,0.015184381778741865,0.7522776572668113
0.21729682746631898,0.01694915254237288,0.01564537157757497,0.7501086484137331
0.21309314586994726,0.020210896309314587,0.01625659050966608,0.7504393673110721
0.21153846153846154,0.016171328671328672,0.012674825174825174,0.7596153846153846
0.21714534377719757,0.012619669277632724,0.014360313315926894,0.7558746736292428
0.21484716157205241,0.014847161572052401,0.012663755458515284,0.75764192139738
0.21628721541155868,0.01532399299474606,0.013572679509632224,0.7548161120840631
0.22096069868995633,0.014847161572052401,0.011353711790393014,0.7528384279475983
0.21947994711326577,0.018069634200088145,0.009695901278096077,0.75275451740855
0.21868179834133566,0.017023134002618942,0.011348756001745963,0.7529463116542995
0.21647677475898336,0.014022787028921999,0.010955302366345312,0.7585451358457493
0.21425467188179054,0.015210777922642329,0.014341590612777053,0.7561929595827901
0.21331581252737625,0.012702584318878668,0.012702584318878668,0.7612790188348664
0.21133567662565905,0.012302284710017574,0.012741652021089631,0.7636203866432337
0.21400608960417572,0.013919095258808177,0.012614180078294911,0.7594606350587212
0.2158992180712424,0.013900955690703735,0.013900955690703735,0.7562988705473501
0.22319474835886213,0.01400437636761488,0.010940919037199124,0.7518599562363238
0.22329670329670329,0.013626373626373627,0.008791208791208791,0.7542857142857143
0.22328826864369822,0.016136066288704752,0.0113388573920628,0.7492368076755342
0.22068368671570748,0.014712245781047165,0.012115967113803548,0.7524881003894418
0.22090469916556874,0.011418533157663592,0.010540184453227932,0.7571365832235397
0.2261284722222222,0.009982638888888888,0.009982638888888888,0.75390625
0.22251308900523561,0.008289703315881327,0.010907504363001745,0.7582897033158813
0.22683566433566432,0.007867132867132868,0.010052447552447552,0.7552447552447552
0.22246313963573286,0.00823937554206418,0.009540329575021683,0.7597571552471812
0.2188041594454073,0.009532062391681109,0.007365684575389948,0.7642980935875217
0.22043478260869565,0.00826086956521739,0.006521739130434782,0.7647826086956522
0.2175805047867711,0.008703220191470844,0.007832898172323759,0.7658833768494343
0.22003499562554682,0.007874015748031496,0.009623797025371828,0.7624671916010499
0.212618841832325,0.008210890233362144,0.012100259291270527,0.7670700086430423
0.20969855832241152,0.00873743993010048,0.012232415902140673,0.7693315858453473
0.21188291830493666,0.007863695937090432,0.013543031891655745,0.7667103538663171
0.2123585726718886,0.006527415143603133,0.012619669277632724,0.7684943429068756
0.21121251629726207,0.006953498478922208,0.016079965232507605,0.7657540199913081
0.21103327495621715,0.008756567425569177,0.01838879159369527,0.7618213660245184
0.2072743207712533,0.008326029798422436,0.015775635407537247,0.768624014022787
0.20967032967032967,0.006153846153846154,0.015384615384615385,0.7687912087912088
0.21422338568935428,0.008726003490401396,0.014397905759162303,0.7626527050610821
0.210989010989011,0.006593406593406593,0.014505494505494506,0.7679120879120879
0.20508326029798424,0.007887817703768623,0.015337423312883436,0.7716914986853637
0.194889562581204,0.009094846253789519,0.015158077089649198,0.7808575140753573
0.20279720279720279,0.008741258741258742,0.013986013986013986,0.7744755244755245
0.20254833040421794,0.008787346221441126,0.014499121265377855,0.7741652021089631
0.20052424639580602,0.010484927916120577,0.01529051987767584,0.7737003058103975
0.19965050240279597,0.009611183923110528,0.015727391874180863,0.7750109217999126
0.2000871839581517,0.009154315605928508,0.01918047079337402,0.7715780296425457
0.1949411251635412,0.00872219799389446,0.019188835586567816,0.7771478412559966
0.19858781994704325,0.010150044130626656,0.013680494263018535,0.7775816416593115
0.20140721196130168,0.009674582233948988,0.0158311345646438,0.7730870712401056
0.20228170250109698,0.006581834137779728,0.016235190873189996,0.7749012724879333
0.20604997807978956,0.008329679964927663,0.01446733888645331,0.7711530030688295
0.202726473175022,0.009674582233948988,0.012752858399296393,0.7748460861917327
0.2015810276679842,0.00834431269213878,0.013175230566534914,0.7768994290733421
0.20113438045375218,0.009598603839441536,0.012216404886561954,0.7770506108202443
