C,D,Oc,Od
1.0,0.0,0.0,0.0
1.0,0.0,0.0,0.0
1.0,0.0,0.0,0.0
0.8636363636363636,0.09090909090909091,0.0,0.045454545454545456
0.868421052631579,0.07894736842105263,0.0,0.05263157894736842
0.85,0.1,0.0,0.05
0.8131868131868132,0.08791208791208792,0.03296703296703297,0.06593406593406594
0.792,0.096,0.048,0.064
0.7383720930232558,0.10465116279069768,0.06395348837209303,0.09302325581395349
0.7083333333333334,0.10833333333333334,0.07083333333333333,0.1125
0.6761904761904762,0.09841269841269841,0.08571428571428572,0.13968253968253969
0.6326530612244898,0.11224489795918367,0.10459183673469388,0.15051020408163265
0.6105476673427992,0.11967545638945233,0.11156186612576065,0.15821501014198783
0.5956375838926175,0.12416107382550336,0.12583892617449666,0.15436241610738255
0.5795297372060858,0.13278008298755187,0.14246196403872752,0.14522821576763487
0.5491990846681922,0.14530892448512586,0.15903890160183065,0.14645308924485126
0.5521350546176763,0.14796425024826215,0.15491559086395235,0.14498510427010924
0.531786941580756,0.1563573883161512,0.16065292096219932,0.15120274914089346
0.5203313253012049,0.16415662650602408,0.17093373493975902,0.14457831325301204
0.5124579124579125,0.17037037037037037,0.1750841750841751,0.1420875420875421
0.5051173991571343,0.17459361830222758,0.18181818181818182,0.13847080072245635
0.4991726420297849,0.17264202978488694,0.1908439051296194,0.13734142305570876
0.4987199180747568,0.17050691244239632,0.1966205837173579,0.134152585765489
0.4904214559386973,0.17337164750957854,0.1977969348659004,0.13840996168582376
0.4812734082397004,0.17275280898876405,0.20131086142322097,0.1446629213483146
0.48701594533029613,0.16810933940774486,0.2,0.144874715261959
0.48487544483985767,0.1699288256227758,0.199288256227758,0.14590747330960854
0.47991169977924947,0.16556291390728478,0.1986754966887417,0.15584988962472407
0.47061384414453633,0.17239878101872008,0.20243796255986068,0.1545494122768829
0.4742729306487696,0.17091722595078299,0.2017897091722595,0.15302013422818792
0.4780530204259018,0.1681877444589309,0.1990438939591482,0.15471534115601912
0.47048458149779737,0.17312775330396477,0.2039647577092511,0.1524229074889868
0.4743758212877792,0.17170389837932545,0.19842312746386334,0.15549715286903198
0.4775330396475771,0.17312775330396477,0.19515418502202644,0.15418502202643172
0.4736611062335382,0.1694468832309043,0.19885864793678665,0.15803336259877085
0.4773936170212766,0.1697695035460993,0.1981382978723404,0.15469858156028368
0.478984238178634,0.17381786339754815,0.19614711033274956,0.1510507880910683
0.4656084656084656,0.17901234567901234,0.19620811287477954,0.1591710758377425
0.46811337466784764,0.17891939769707707,0.1970770593445527,0.15589016829052257
0.468348826914564,0.17972554227534307,0.19256308100929614,0.1593625498007968
0.46675531914893614,0.18129432624113476,0.19060283687943264,0.16134751773049646
0.4608274647887324,0.18089788732394366,0.1914612676056338,0.16681338028169015
0.4614019520851819,0.1836734693877551,0.1881100266193434,0.1668145519077196
0.4642072902942468,0.181379007465964,0.18620992534036013,0.16820377689942909
0.4577526132404181,0.18728222996515678,0.19033101045296166,0.16463414634146342
0.45644444444444443,0.19111111111111112,0.18533333333333332,0.1671111111111111
0.4533804684047724,0.19752540874944763,0.1864781263809103,0.16261599646486966
0.4507356219349086,0.2024074899687918,0.1876950512706197,0.1591618368256799
0.4447380008806693,0.20079260237780713,0.19154557463672392,0.16292382210479964
0.439877568867512,0.20288587669435942,0.19326628771316134,0.1639702667249672
0.4422241529105126,0.20112945264986967,0.19113814074717636,0.16550825369244135
0.4335083114610674,0.20428696412948383,0.1968503937007874,0.16535433070866143
0.4339622641509434,0.20842474769635805,0.1952610794207986,0.16235190873189995
0.43415276558384547,0.20719929762949957,0.1971027216856892,0.16154521510096576
0.42196531791907516,0.2089817696754113,0.2009782125389062,0.1680746998666074
0.4275618374558304,0.21024734982332155,0.19346289752650175,0.1687279151943463
0.42625109745390694,0.21027216856892011,0.19402985074626866,0.1694468832309043
0.42536327608982827,0.20871862615587847,0.19903126376045796,0.1668868339938353
0.4216120460584588,0.20814880425155005,0.20194862710363154,0.1682905225863596
0.4177660510114336,0.20712401055408972,0.20184696569920843,0.17326297273526825
0.41264266900790164,0.21202809482001755,0.19622475856014046,0.1791044776119403
0.41541850220264315,0.21674008810572687,0.19295154185022026,0.1748898678414097
0.4112190812720848,0.2226148409893993,0.19434628975265017,0.17181978798586572
0.4060846560846561,0.21957671957671956,0.19797178130511464,0.1763668430335097
0.40513047324192836,0.21760283060592658,0.19858469703670942,0.17868199911543564
0.40857392825896766,0.2121609798775153,0.20253718285214348,0.17672790901137359
0.4021978021978022,0.21318681318681318,0.20483516483516484,0.17978021978021977
0.39814814814814814,0.21781305114638447,0.2001763668430335,0.18386243386243387
0.3985983355234341,0.21506789312308366,0.19448094612352168,0.19185282522996058
0.3995584988962472,0.21810154525386313,0.18940397350993377,0.19293598233995585
0.394829097283085,0.22042068361086767,0.18843120070113936,0.19631901840490798
0.3933274802458297,0.21422300263388938,0.19095697980684812,0.20149253731343283
0.39742451154529307,0.20870337477797513,0.19493783303730017,0.1989342806394316
0.3963684676705049,0.2112488928255093,0.19087688219663418,0.20150575730735165
0.392511013215859,0.21409691629955946,0.1894273127753304,0.2039647577092511
0.38704028021015763,0.21935201401050788,0.18432574430823118,0.20928196147110334
0.380764163372859,0.21826965305226176,0.18093983311374615,0.22002635046113306
0.37990304098721905,0.22212428382547378,0.18157778757161747,0.21639488761568973
0.3785087719298246,0.22105263157894736,0.1868421052631579,0.21359649122807017
0.3832599118942731,0.21541850220264316,0.1894273127753304,0.2118942731277533
0.38485113835376533,0.2202276707530648,0.18345008756567427,0.21147110332749564
0.38162544169611307,0.22084805653710246,0.18242049469964663,0.2151060070671378
0.3853849499782514,0.2231404958677686,0.17659852109612875,0.21487603305785125
0.38854625550660793,0.21894273127753303,0.17312775330396477,0.21938325991189428
0.39091718610863757,0.21816562778272486,0.17809439002671415,0.21282279608192342
0.3845474613686534,0.21721854304635763,0.18101545253863136,0.21721854304635763
0.3897188049209139,0.2157293497363796,0.17794376098418277,0.21660808435852372
0.38279192273924495,0.21422300263388938,0.18173836698858647,0.2212467076382792
0.3783311489733508,0.21363040629095675,0.1799912625600699,0.22804718217562253
0.3742894621775251,0.22037603847835593,0.17577612592916483,0.22955837341495408
0.3649956024626209,0.22119613016710643,0.17985927880386984,0.2339489885664028
0.3763724198506807,0.21870882740447958,0.17830478700043917,0.22661396574440051
0.37877442273534634,0.2144760213143872,0.17895204262877443,0.227797513321492
0.37660611431103236,0.21355782011519717,0.18077093486929552,0.22906513070447496
0.3760532150776053,0.2075388026607539,0.18226164079822615,0.23414634146341465
0.38662533215234723,0.2032772364924712,0.1767050487156776,0.233392382639504
0.38659565024411896,0.20594762538837105,0.17709720372836218,0.2303595206391478
0.3861734918538089,0.21136063408190225,0.17965653896961692,0.22280933509467196
0.38693913816081743,0.21501554864504666,0.18258551754775657,0.21545979564637938
0.37831858407079644,0.21946902654867256,0.18628318584070797,0.215929203539823
0.3771853146853147,0.2180944055944056,0.18924825174825174,0.21547202797202797
0.3759465478841871,0.22048997772828507,0.18574610244988865,0.2178173719376392
0.37423312883435583,0.2182296231375986,0.18624014022787028,0.22129710780017528
0.37626373626373627,0.2175824175824176,0.1832967032967033,0.22285714285714286
0.37693327441449404,0.21873619089703933,0.17675651789659744,0.2275740167918692
0.37302284710017575,0.22012302284710017,0.17750439367311072,0.22934973637961337
0.3792494481236203,0.21766004415011037,0.18233995584988963,0.22075055187637968
0.36876640419947504,0.21959755030621173,0.19116360454943132,0.2204724409448819
0.3671943711521548,0.218117854001759,0.19261213720316622,0.22207563764291996
0.36186252771618627,0.2212860310421286,0.19379157427937915,0.22305986696230598
0.36119665640123183,0.22085349758029035,0.1935767707875055,0.22437307523097227
0.36584289496910855,0.22197705207413945,0.19461606354810237,0.2175639894086496
0.3671052631578947,0.2236842105263158,0.19166666666666668,0.21754385964912282
0.3612818261633011,0.22300263388937663,0.19051799824407376,0.22519754170324846
0.3666813574261789,0.21639488761568973,0.18951079770824153,0.22741295724988983
0.3745019920318725,0.21602478972996902,0.18902169101372288,0.2204515272244356
0.36638876700307155,0.2062308029837648,0.19569986836331724,0.23168056164984643
0.3695652173913043,0.2005323868677906,0.19920141969831412,0.23070097604259096
0.3669885864793679,0.20280948200175591,0.20017559262510976,0.23002633889376647
0.36777041942604854,0.2088300220750552,0.1902869757174393,0.23311258278145697
0.3709043250327654,0.2035823503713412,0.1891655744866754,0.236347750109218
0.37302284710017575,0.20826010544815465,0.18892794376098418,0.22978910369068542
0.36835164835164835,0.21494505494505495,0.19076923076923077,0.22593406593406593
0.373732921992067,0.21771705597179375,0.1873071837814015,0.22124283825473778
0.3762681958535509,0.2121746801940891,0.19188354653727394,0.21967357741508603
0.37710736468500444,0.2160603371783496,0.18944099378881987,0.21739130434782608
0.375886524822695,0.20700354609929078,0.19281914893617022,0.22429078014184398
0.3759332454984629,0.21299956082564778,0.18928414580588493,0.22178304787000439
0.3754906236371566,0.21151330135194069,0.1910161360662887,0.22197993894461404
0.375495813133539,0.2093433230498017,0.19524019391802555,0.21992066989863376
0.37821080602302926,0.20903454384410983,0.18910540301151463,0.22364924712134632
0.38147497805092184,0.20983318700614575,0.1900790166812994,0.218612818261633
0.375886524822695,0.21187943262411346,0.18971631205673758,0.2225177304964539
0.3808473080317741,0.2122683142100618,0.18623124448367168,0.22065313327449249
0.3866138265081462,0.20783795684720388,0.1831792162043153,0.22236900044033464
0.3862433862433862,0.20855379188712522,0.18298059964726632,0.2222222222222222
0.38972542072630645,0.20770593445527016,0.18556244464127547,0.21700620017714792
0.38231412230532336,0.2133743950725913,0.18169819621645403,0.22261328640563133
0.3786279683377309,0.21899736147757257,0.18469656992084432,0.21767810026385223
0.38143422789265286,0.21161460624725034,0.18609766827980642,0.22085349758029035
0.38495575221238937,0.21194690265486726,0.1827433628318584,0.22035398230088496
0.3829881004847951,0.20493609519612163,0.18951079770824153,0.22256500661084178
0.382171226831421,0.20785525154457193,0.18667255075022066,0.22330097087378642
0.3725231175693527,0.20651695288419197,0.18978423601937472,0.2311756935270806
0.3611111111111111,0.20987654320987653,0.18959435626102292,0.23941798941798942
0.3652058432934927,0.2089420097388225,0.19167773351040282,0.234174413457282
0.3696035242290749,0.21013215859030837,0.18502202643171806,0.23524229074889869
0.3720106288751107,0.20549158547387067,0.18644818423383525,0.23604960141718334
0.36897923110914715,0.21034025629695094,0.1811754308440124,0.23950508174988952
0.3646384479717813,0.20987654320987653,0.18518518518518517,0.24029982363315697
0.36174911660777387,0.2142226148409894,0.18021201413427562,0.24381625441696114
0.3619768477292965,0.21237756010685663,0.1798753339269813,0.24577025823686555
0.3726269315673289,0.20794701986754968,0.17748344370860927,0.24194260485651214
0.37056737588652483,0.20611702127659576,0.18218085106382978,0.24113475177304963
0.3701584507042254,0.20774647887323944,0.17869718309859156,0.24339788732394366
0.35685928539920597,0.2086457873842082,0.18262020291133657,0.2518747243052492
0.35961454226894435,0.20324134910205868,0.1896627244853263,0.2474813841436706
0.3572056239015817,0.20254833040421794,0.18936731107205623,0.2508787346221441
0.36443276390713975,0.20367936925098554,0.18791064388961892,0.2439772229522558
0.3574858140549978,0.2034046268005238,0.1938018332605849,0.2453077258838935
0.3569530558015943,0.204162976085031,0.19619131975199292,0.24269264836138174
0.36026200873362446,0.20131004366812227,0.1930131004366812,0.24541484716157205
0.3576158940397351,0.1947019867549669,0.1969094922737307,0.2507726269315673
0.3585903083700441,0.19515418502202644,0.20308370044052865,0.2431718061674009
0.35908691834942935,0.19139596136962247,0.2067603160667252,0.242756804214223
0.36086572438162545,0.19081272084805653,0.20097173144876326,0.24734982332155478
0.3655536028119508,0.18409490333919157,0.20913884007029876,0.24121265377855888
0.36471103327495624,0.18739054290718038,0.20709281961471104,0.24080560420315236
0.3680462839341344,0.1909212283044059,0.2105028927458834,0.23052959501557632
0.3673559172899252,0.1913770347558293,0.21029476462824462,0.2309722833260009
0.36723910171730517,0.18450022016732717,0.21047996477322764,0.23778071334214002
0.3598233995584989,0.18189845474613686,0.21236203090507727,0.24591611479028697
0.36609873307121016,0.17780690257754478,0.21231979030144169,0.2437745740498034
0.3679328621908127,0.1793286219081272,0.21068904593639576,0.2420494699646643
0.36475770925110135,0.1828193832599119,0.2118942731277533,0.24052863436123348
0.3720106288751107,0.17759078830823738,0.21169176262178918,0.23870682019486272
0.36323464427750773,0.17852408307556342,0.2138753866548829,0.24436588599204595
0.36223591549295775,0.17693661971830985,0.21170774647887325,0.24911971830985916
0.3597185576077397,0.17678100263852242,0.21328056288478453,0.25021987686895336
0.35660957400087834,0.18533157663592445,0.21256038647342995,0.24549846288976723
0.3500221533008418,0.17899867080194948,0.21621621621621623,0.25476295968099244
0.3537985865724382,0.18242049469964663,0.20892226148409895,0.25485865724381623
0.35506607929515416,0.18370044052863435,0.20792951541850221,0.2533039647577093
0.35931307793923384,0.1805372082782915,0.20783795684720388,0.2523117569352708
0.3654867256637168,0.18008849557522125,0.21238938053097345,0.2420353982300885
0.36514886164623467,0.1777583187390543,0.21847635726795098,0.23861646234676007
0.3617021276595745,0.1788970907511941,0.21363438992618325,0.2457663916630482
0.3634389926183239,0.17933130699088146,0.21189752496743378,0.24533217542336083
0.37543859649122807,0.17850877192982456,0.20833333333333334,0.23771929824561402
0.3720620842572062,0.1835920177383592,0.20798226164079822,0.23636363636363636
0.3726872246696035,0.17973568281938326,0.21233480176211453,0.23524229074889869
0.36962247585601404,0.18568920105355574,0.21202809482001755,0.23266022827041263
0.36816790555312634,0.1884564932225623,0.2125054656755575,0.23087013554875382
0.36620964175143744,0.18531623175586023,0.21539141972578504,0.23308270676691728
0.36723910171730517,0.18802289740202555,0.20827829150154117,0.23645970937912814
0.3718681318681319,0.18813186813186814,0.21186813186813186,0.22813186813186814
0.363355408388521,0.19381898454746138,0.21280353200883,0.23002207505518762
0.3549369290996085,0.19443236189647672,0.21052631578947367,0.24010439321444105
0.35664028144239224,0.19261213720316622,0.2040457343887423,0.24670184696569922
0.3606411398040962,0.18967052537845058,0.20258236865538737,0.2471059661620659
0.3556430446194226,0.19116360454943132,0.2099737532808399,0.2432195975503062
0.3539202803328953,0.19360490582566797,0.20630749014454666,0.24616732369689007
0.35221783047870003,0.19675010979358806,0.2015810276679842,0.2494510320597277
0.3502202643171806,0.19515418502202644,0.2013215859030837,0.2533039647577093
0.3488372093023256,0.1943835015357613,0.20447564721369021,0.2523036419482229
0.34028393966282167,0.1974267968056788,0.20275066548358472,0.2595385980479148
0.3374833259226323,0.19653179190751446,0.20453534904401957,0.2614495331258337
0.34746136865342164,0.19337748344370861,0.20397350993377483,0.25518763796909494
0.3416776460254721,0.19060166886253843,0.2090469916556873,0.25867369345630215
0.3471664435519857,0.19723337795626952,0.20526550647032574,0.250334672021419
0.3426695842450766,0.19781181619256016,0.20306345733041575,0.2564551422319475
0.3409893992932862,0.19920494699646643,0.2049469964664311,0.25485865724381623
0.3378615249780894,0.20245398773006135,0.20157756354075373,0.2581069237510955
0.333920704845815,0.20704845814977973,0.1960352422907489,0.2629955947136564
0.34156015866020273,0.20802115469369767,0.19479947113265755,0.255619215513442
0.338809946714032,0.2091474245115453,0.19271758436944939,0.25932504440497334
0.338737949167397,0.2072743207712533,0.19763365468886943,0.2563540753724803
0.3416776460254721,0.20377689942907334,0.1971892841458059,0.25735617039964864
0.3450110864745011,0.20221729490022172,0.19334811529933482,0.25942350332594233
0.3407079646017699,0.20088495575221238,0.19557522123893806,0.2628318584070796
0.343205574912892,0.20209059233449478,0.19207317073170732,0.2626306620209059
0.3437088996054362,0.19903551074090312,0.19202104340201667,0.265234546251644
0.3411297440423654,0.20167696381288613,0.20211827007943514,0.25507502206531335
0.3432704953967558,0.19508987286277948,0.20341955282770716,0.25822007891275756
0.33569844789356984,0.19689578713968958,0.2008869179600887,0.2665188470066519
0.333628710677891,0.1998227735932654,0.20292423571112095,0.26362428001772265
0.32773851590106007,0.2045053003533569,0.2067137809187279,0.26104240282685515
0.323943661971831,0.2068661971830986,0.20598591549295775,0.2632042253521127
0.3264589732338745,0.20491443615620886,0.21763931548924967,0.250987275120667
0.3255915863277826,0.21297107800175286,0.2085889570552147,0.2528483786152498
0.3180026281208936,0.21287779237844942,0.20937363118703461,0.2597459483136224
0.31774475524475526,0.21153846153846154,0.2076048951048951,0.2631118881118881
0.3167181296868108,0.20732245258050286,0.20732245258050286,0.2686369651521835
0.31973684210526315,0.1986842105263158,0.21271929824561403,0.268859649122807
0.3200883002207506,0.20264900662251656,0.2088300220750552,0.26843267108167773
0.3239312472454826,0.20229175848391362,0.20405464962538564,0.26972234464521816
0.3206474190726159,0.20384951881014873,0.20166229221347332,0.27384076990376205
0.31808278867102396,0.2047930283224401,0.20217864923747278,0.27494553376906317
0.32133333333333336,0.2048888888888889,0.20355555555555555,0.2702222222222222
0.31105169340463457,0.21345811051693406,0.20632798573975045,0.26916221033868093
0.3134394341290893,0.20954907161803712,0.20512820512820512,0.2718832891246684
0.31058927780239254,0.2104563579973416,0.2095702259636686,0.26938413823659724
0.3093145869947276,0.20738137082601055,0.20738137082601055,0.2759226713532513
0.30786219081272087,0.2040636042402827,0.21157243816254417,0.2765017667844523
0.3113746157224418,0.20245937637241984,0.20333772507685552,0.2828282828282828
0.3157199471598415,0.20871862615587847,0.2047556142668428,0.27080581241743723
0.316043956043956,0.2079120879120879,0.2021978021978022,0.27384615384615385
0.3171592412880459,0.20423467137185708,0.1980591089545655,0.28054697838553155
0.31984161900571934,0.20281566212054553,0.20281566212054553,0.2745270567531896
0.317984361424848,0.2059079061685491,0.2002606429192007,0.2758470894874023
0.3172866520787746,0.20962800875273524,0.20306345733041575,0.2700218818380744
0.31299385425812115,0.21027216856892011,0.20368744512730466,0.2730465320456541
0.31736263736263737,0.210989010989011,0.2021978021978022,0.26945054945054947
0.3083370092633436,0.21658579620644022,0.2007057785619762,0.27437141596823994
0.3057130396860009,0.21456607064980376,0.2006105538595726,0.27911033580462274
0.30492676431424764,0.21482467820683532,0.2006213936972925,0.2796271637816245
0.30335097001763667,0.2138447971781305,0.2001763668430335,0.2826278659611993
0.3025618374558304,0.21157243816254417,0.19964664310954064,0.2862190812720848
0.2948661693725318,0.2150065818341378,0.20315928038613426,0.28696796840719613
0.30586161304539444,0.21727633318642575,0.19435874834728956,0.28250330542089025
0.3067190226876091,0.2164048865619546,0.19197207678883071,0.2849040139616056
0.3044434667839859,0.21865376154861416,0.1935767707875055,0.2833260008798944
0.3043670048522276,0.21790913101014556,0.19585355094838994,0.2818703131892369
0.2979286029087704,0.21771705597179375,0.2000881445570736,0.2842661965623623
0.30017528483786154,0.21428571428571427,0.21034180543382996,0.2751971954425942
0.29645824223874073,0.21775251421075645,0.20769567118495846,0.2780935723655444
0.29460762823323106,0.2222709338009645,0.2117492327926348,0.2713722051731697
0.29568697198755,0.22409959982214317,0.21164962205424634,0.26856380613606046
0.29624724061810154,0.22428256070640176,0.20838852097130242,0.2710816777041943
0.295364238410596,0.22428256070640176,0.21368653421633554,0.26666666666666666
0.28852889667250436,0.22591943957968477,0.2180385288966725,0.26751313485113837
0.28483516483516486,0.22593406593406593,0.22285714285714286,0.2663736263736264
0.28805309734513274,0.2234513274336283,0.2243362831858407,0.26415929203539823
0.29305799648506153,0.22144112478031636,0.22275922671353252,0.2627416520210896
0.2928759894459103,0.22075637642919965,0.21899736147757257,0.2673702726473175
0.28923076923076924,0.2210989010989011,0.21802197802197804,0.27164835164835166
0.2847740236946029,0.225976305397104,0.22027204914436158,0.26897762176393153
0.2913907284768212,0.21501103752759382,0.21898454746136867,0.27461368653421636
0.29220489977728287,0.21915367483296214,0.21915367483296214,0.26948775055679286
0.29199648197009676,0.22075637642919965,0.21899736147757257,0.26824978012313105
0.28927789934354486,0.2288840262582057,0.2148796498905908,0.26695842450765866
0.2970383275261324,0.22343205574912892,0.21297909407665505,0.2665505226480836
0.2950530035335689,0.2252650176678445,0.21201413427561838,0.2676678445229682
0.29056437389770723,0.2328042328042328,0.20634920634920634,0.27028218694885364
0.290251433612704,0.23158359064843406,0.20776356418173797,0.27040141155712394
0.29544449358690844,0.23573639982308714,0.20566121185316233,0.2631578947368421
0.29094076655052264,0.2343205574912892,0.20252613240418119,0.272212543554007
0.294973544973545,0.2345679012345679,0.20149911816578484,0.2689594356261023
0.29765590446705,0.232640424590889,0.2034498009730208,0.26625386996904027
0.2958057395143488,0.23664459161147902,0.1986754966887417,0.26887417218543047
0.2994325621999127,0.23788738542121343,0.19554779572239198,0.2671322566564819
0.2990239574090506,0.24312333629103816,0.1929902395740905,0.26486246672582076
0.28822495606326887,0.24428822495606328,0.19903339191564148,0.26845342706502634
0.2884275618374558,0.24249116607773852,0.19964664310954064,0.26943462897526504
0.2871547566856642,0.24156071898290224,0.20298114861902675,0.26830337571240687
0.2771929824561403,0.24473684210526317,0.20877192982456141,0.2692982456140351
0.28286852589641437,0.24391323594510844,0.20451527224435592,0.2687029659141213
0.28383705650459923,0.24353920280332894,0.2084975908891809,0.26412614980289095
0.2933920704845815,0.24273127753303964,0.20748898678414096,0.2563876651982379
0.29315673289183225,0.24591611479028697,0.2044150110375276,0.2565121412803532
0.29385574354407834,0.24265360641139805,0.21059661620658948,0.25289403383793413
0.29452954048140045,0.23807439824945295,0.2175054704595186,0.249890590809628
0.2990325417766051,0.23702726473175023,0.21328056288478453,0.25065963060686014
0.2964757709251101,0.24008810572687225,0.21101321585903085,0.25242290748898677
0.2951754385964912,0.23640350877192984,0.21403508771929824,0.2543859649122807
0.29096545615589015,0.24269264836138174,0.21612046058458814,0.25022143489813997
0.2918848167539267,0.2456369982547993,0.21160558464223386,0.25087260034904013
0.2919418758256275,0.24746807573756055,0.20915896081021576,0.2514310876265962
0.2968818620992534,0.2437417654808959,0.207290294246816,0.2520860781730347
0.2946113074204947,0.24734982332155478,0.20759717314487633,0.2504416961130742
0.29385574354407834,0.24487978628673196,0.21237756010685663,0.24888691006233304
0.2927042376583661,0.24508519003931847,0.21581476627348187,0.24639580602883354
0.2855883649184663,0.25209343323049804,0.21771705597179375,0.24460114587924195
0.2911336568151742,0.24481693868548743,0.22452580502867225,0.23952359947066607
0.2869757174392936,0.2503311258278146,0.22251655629139072,0.2401766004415011
0.2859042553191489,0.24468085106382978,0.22118794326241134,0.24822695035460993
0.2886142983230362,0.235657546337158,0.2290379523389232,0.24669020300088262
0.28903508771929826,0.23421052631578948,0.22807017543859648,0.24868421052631579
0.2896368467670505,0.23472099202834368,0.22232063773250665,0.2533215234720992
0.28602811950790863,0.24077328646748683,0.22144112478031636,0.2517574692442882
0.2828104286345559,0.2342023862129916,0.22801590808661068,0.25497127706584183
0.2727272727272727,0.2419850680720246,0.22880983750548967,0.256477821695213
0.2760141093474427,0.2482363315696649,0.22486772486772486,0.2508818342151676
0.28047703180212014,0.24028268551236748,0.2234982332155477,0.25574204946996465
0.27824175824175823,0.24395604395604395,0.22065934065934065,0.2571428571428571
0.28058510638297873,0.24601063829787234,0.22695035460992907,0.24645390070921985
0.28169014084507044,0.2425176056338028,0.22579225352112675,0.25
0.2827525363917071,0.24834583149536832,0.22452580502867225,0.24437582708425232
0.2773820124666073,0.25378450578806766,0.22217275155832591,0.2466607301869991
0.2783641160949868,0.2519788918205805,0.22251539138082674,0.24714160070360597
0.2818464269862406,0.2498890368397692,0.2201509098979139,0.24811362627607633
0.2764084507042254,0.25088028169014087,0.21919014084507044,0.2535211267605634
0.2812089356110381,0.2527376259307928,0.22251423565484013,0.24353920280332894
0.2836942112240389,0.2545293857711003,0.21785240830755634,0.24392399469730447
0.27923521565140064,0.2530013339261894,0.21742996887505558,0.25033348154735435
0.2848297213622291,0.24679345422379478,0.22335249889429457,0.24502432551968156
0.280794701986755,0.24812362030905077,0.223841059602649,0.24724061810154527
0.2831509846827133,0.24770240700218818,0.21137855579868708,0.2577680525164114
0.284375,0.24642857142857144,0.21696428571428572,0.25223214285714285
0.28225108225108225,0.24978354978354977,0.21688311688311687,0.2510822510822511
0.27882507672073653,0.24638316527838666,0.22139412538360367,0.2533976326172731
0.272565584704313,0.2516674077367719,0.2249888839484215,0.25077812361049356
0.27184466019417475,0.24801412180052956,0.22683142100617829,0.2533097969991174
0.2761061946902655,0.24513274336283186,0.22654867256637168,0.252212389380531
0.27135900841080124,0.24922532093846836,0.2288623284639221,0.2505533421868083
0.26786497150372646,0.24550635686102587,0.23366944322665498,0.2529592284085927
0.2701275846898372,0.24505059392872855,0.2309722833260009,0.25384953805543337
0.27116402116402116,0.24603174603174602,0.23059964726631393,0.25220458553791886
0.2752414398595259,0.25197541703248466,0.22388059701492538,0.2489025460930641
0.2791922739244952,0.2489025460930641,0.22344161545215102,0.24846356453028973
0.27555945590171127,0.24659938569548048,0.2215884159719175,0.25625274243089075
0.2778023925564909,0.24235711120957024,0.22463447053610988,0.25520602569782896
0.28056914184081816,0.24544241885282347,0.22587816807469988,0.24811027123165852
0.27957931638913236,0.23794916739702016,0.2291849255039439,0.2532865907099036
0.2795980777632154,0.23809523809523808,0.23023154215814767,0.25207514198339886
0.2785714285714286,0.24330357142857142,0.23080357142857144,0.24732142857142858
0.2786526684164479,0.23928258967629046,0.23009623797025372,0.25196850393700787
0.2819947043248014,0.23786407766990292,0.22771403353927624,0.2524271844660194
0.27785175321793165,0.23746116289391922,0.22991566799822458,0.2547714158899245
0.27718832891246686,0.2396109637488948,0.22900088417329797,0.2541998231653404
0.27336244541484717,0.24716157205240175,0.22707423580786026,0.25240174672489085
0.2740150509074812,0.24878264718902168,0.2266489597166888,0.2505533421868083
0.2727272727272727,0.2452328159645233,0.22749445676274946,0.2545454545454545
0.27393030436700483,0.24834583149536832,0.22540802823114248,0.2523158359064843
0.27702407002188184,0.24201312910284464,0.2262582056892779,0.25470459518599564
0.2785651018600531,0.23870682019486272,0.22940655447298494,0.2533215234720992
0.28209606986899566,0.24017467248908297,0.2244541484716157,0.25327510917030566
0.28091872791519434,0.24028268551236748,0.2248233215547703,0.2539752650176678
0.27992957746478875,0.24295774647887325,0.21919014084507044,0.2579225352112676
0.28167770419426047,0.23973509933774834,0.2194260485651214,0.25916114790286976
0.28100263852242746,0.2339489885664028,0.22515391380826738,0.2598944591029024
0.28111209179170343,0.235216240070609,0.21712268314210062,0.26654898499558694
0.2827316224445411,0.23140495867768596,0.2192257503262288,0.26663766855154414
0.29084537888742884,0.22996057818659657,0.21857205431449847,0.2606219886114761
0.28870475359790665,0.23201046663759267,0.22067160924552987,0.25861317051897076
0.28965819456617004,0.2366345311130587,0.21735319894829097,0.2563540753724803
0.28590308370044054,0.23832599118942732,0.2198237885462555,0.25594713656387663
0.2896825396825397,0.2310405643738977,0.2239858906525573,0.2552910052910053
0.289925208974923,0.2331720193576771,0.22393312802463705,0.25296964364276286
0.2949671772428884,0.23763676148796498,0.21838074398249452,0.24901531728665208
0.29800443458980047,0.24212860310421286,0.21108647450110865,0.24878048780487805
0.2955665024630542,0.2445141065830721,0.20734437975817285,0.25257501119570086
0.2939885914874945,0.24352786309784993,0.20666959192628345,0.2558139534883721
0.2951176983435048,0.23670444638186575,0.2118570183086312,0.2563208369659983
0.29168499780026397,0.2331720193576771,0.22041355037395513,0.2547294324681038
0.2950530035335689,0.2318904593639576,0.21952296819787986,0.25353356890459366
0.2981148619026743,0.22972380534853135,0.2222709338009645,0.2498903989478299
0.29658792650918636,0.22878390201224846,0.22397200349956256,0.25065616797900264
0.2947875602277705,0.22382829610162067,0.22514235654840123,0.25624178712220763
0.2957931638913234,0.22787028921998248,0.22567922874671342,0.2506573181419807
0.30127922364358184,0.22496691662990737,0.22452580502867225,0.24922805469783854
0.305531167690957,0.2247585601404741,0.22300263388937663,0.2467076382791923
0.3066371681415929,0.2261061946902655,0.22212389380530972,0.24513274336283186
0.3022847100175747,0.22803163444639718,0.21924428822495606,0.2504393673110721
0.30030688294607627,0.22928540113985094,0.21744848750548004,0.2529592284085927
0.3029100529100529,0.22707231040564374,0.2244268077601411,0.24559082892416226
0.30450132391879964,0.22815533980582525,0.22330097087378642,0.2440423654015887
0.3052261747913922,0.23012736056214317,0.21958717610891523,0.2450592885375494
0.3008344312692139,0.22837066315327184,0.21826965305226176,0.25252525252525254
0.3036187113857017,0.22815533980582525,0.21359223300970873,0.2546337157987643
0.3031236251649802,0.22217333919929608,0.21645402551693796,0.25824901011878576
0.29532546963739625,0.22629969418960244,0.2197466142420271,0.25862822193097423
0.30123674911660775,0.22968197879858657,0.21554770318021202,0.25353356890459366
0.2951251646903821,0.23451910408432147,0.21958717610891523,0.2507685551163812
0.29422066549912435,0.23774080560420316,0.22373029772329248,0.24430823117338005
0.2937581841990397,0.23788738542121343,0.22435617634220864,0.2439982540375382
0.296118621892717,0.2398604448320977,0.22067160924552987,0.24334932402965548
0.2950242184059885,0.23822104799647734,0.22236900044033464,0.24438573315719947
0.285089637079143,0.24486226497595104,0.22081329252295584,0.24923480542195015
0.28502415458937197,0.24110671936758893,0.21651295564339043,0.25735617039964864
0.27943760984182775,0.23945518453427064,0.22056239015817222,0.26054481546572933
0.276,0.24888888888888888,0.21955555555555556,0.25555555555555554
0.27812223206377323,0.25022143489813997,0.21922054915854738,0.2524357838795394
0.2720879120879121,0.2518681318681319,0.21978021978021978,0.2562637362637363
0.26993865030674846,0.25503943908851884,0.21910604732690622,0.25591586327782645
0.27256637168141595,0.2610619469026549,0.21150442477876105,0.25486725663716814
0.2727272727272727,0.2607538802660754,0.2097560975609756,0.2567627494456763
0.27493380406001766,0.263901147396293,0.20520741394527803,0.2559576345984113
0.27336551118911806,0.25976305397103994,0.2071083808688021,0.25976305397103994
0.2732072151341839,0.2595688517377915,0.20721513418389792,0.2600087989441267
0.27240926978574553,0.2606034105815479,0.20419763882815917,0.26278968080454745
0.2710896309314587,0.26449912126537783,0.2038664323374341,0.26054481546572933
0.2751531058617673,0.2572178477690289,0.20559930008748906,0.26202974628171477
0.27388815499779834,0.2664024658740643,0.20651695288419197,0.2531924262439454
0.2776315789473684,0.26359649122807016,0.20614035087719298,0.25263157894736843
0.28,0.26065934065934065,0.20835164835164835,0.250989010989011
0.2804931748128578,0.2633201232937032,0.2043152796125055,0.2518714222809335
0.2709705753184014,0.26877470355731226,0.207290294246816,0.25296442687747034
0.27328377787494534,0.26541320507214694,0.20988194140795802,0.2514210756449497
0.27917217084984586,0.27080581241743723,0.2056362835755174,0.24438573315719947
0.2747688243064729,0.27388815499779834,0.2047556142668428,0.24658740642888596
0.27049539675580886,0.27093380096448927,0.20604997807978956,0.25252082419991234
0.2719298245614035,0.2692982456140351,0.2013157894736842,0.2574561403508772
0.2660831509846827,0.26564551422319477,0.20700218818380745,0.2612691466083151
0.2631578947368421,0.2649122807017544,0.21447368421052632,0.2574561403508772
0.2677787532923617,0.2642669007901668,0.20983318700614575,0.2581211589113257
0.26406734603455917,0.2653965440850687,0.21798848028356224,0.25254762959680993
0.2664041994750656,0.2637795275590551,0.2152230971128609,0.2545931758530184
0.2578366445916115,0.2693156732891832,0.21501103752759382,0.2578366445916115
0.26327336551118913,0.26239578762615184,0.21632294866169371,0.2580078982009653
0.2599293909973522,0.2612533097969991,0.22330097087378642,0.25551632833186233
0.2609853528628495,0.25521526853084775,0.22192632046160674,0.26187305814469597
0.26174791392182695,0.25867369345630215,0.2235397452788757,0.2560386473429952
0.26294995610184374,0.25548726953467954,0.22563652326602282,0.2559262510974539
0.2635017421602787,0.25217770034843207,0.22430313588850173,0.26001742160278746
0.26402493321460374,0.25244879786286734,0.2226179875333927,0.26090828138913624
0.26689925861317054,0.25032708242477103,0.22372437854339294,0.2590492804186655
0.2615923009623797,0.25240594925634297,0.22528433945756782,0.26071741032370954
0.2556620209059233,0.24912891986062718,0.2260452961672474,0.2691637630662021
0.25261324041811845,0.2456445993031359,0.22909407665505227,0.27264808362369336
0.2549194991055456,0.24239713774597496,0.231216457960644,0.2714669051878354
0.2511091393078971,0.24267968056787934,0.23469387755102042,0.27151730257320317
0.25624178712220763,0.24441524310118265,0.22470433639947437,0.27463863337713534
0.250989010989011,0.24747252747252746,0.23692307692307693,0.26461538461538464
0.2463075586446568,0.24543874891398784,0.23240660295395307,0.2758470894874023
0.24834583149536832,0.24966916629907365,0.23555359505955006,0.26643140714600794
0.2469298245614035,0.25087719298245614,0.23201754385964912,0.27017543859649124
0.247585601404741,0.24451273046532046,0.2309043020193152,0.27699736611062337
0.24890829694323144,0.2427947598253275,0.2318777292576419,0.27641921397379915
0.2480106100795756,0.24005305039787797,0.2369584438549956,0.2749778956675508
0.2554395126196693,0.24412532637075718,0.22758920800696258,0.27284595300261094
0.25583443416996915,0.25011008366358434,0.22192866578599735,0.27212681638044917
0.2557633753806003,0.24880382775119617,0.2192257503262288,0.27620704654197475
0.2564892212934448,0.24857017157941047,0.22305323361196655,0.27188737351517817
0.25364560318161733,0.25143614670790987,0.22624834290764473,0.26866990720282813
0.25,0.25398936170212766,0.22650709219858156,0.2695035460992908
0.2506654835847382,0.2524401064773736,0.22404614019520852,0.27284826974267967
0.24437582708425232,0.24702249669166298,0.22805469783855314,0.28054697838553155
0.24758135444151275,0.24714160070360597,0.22559366754617413,0.2796833773087071
0.24421144604630843,0.24464831804281345,0.23154215814766274,0.2795980777632154
0.241714538223597,0.2483429076447194,0.23243482103402563,0.27750773309765797
0.24509376362843435,0.25076319232446576,0.2307021369385085,0.27344090710859137
0.23853615520282187,0.2508818342151676,0.23148148148148148,0.2791005291005291
0.2344226579520697,0.2518518518518518,0.22962962962962963,0.2840958605664488
0.23751095530236635,0.24890446976336547,0.23488168273444346,0.2787028921998247
0.24206349206349206,0.2447089947089947,0.23985890652557318,0.27336860670194
0.2418358340688438,0.2533097969991174,0.2383053839364519,0.26654898499558694
0.24052863436123348,0.2533039647577093,0.23348017621145375,0.27268722466960355
0.24638949671772428,0.24945295404814005,0.2350109409190372,0.26914660831509846
0.2491150442477876,0.24646017699115044,0.23185840707964603,0.27256637168141595
0.25738210665491407,0.23931247245482593,0.23490524460114587,0.26840017628911417
0.26077396657871593,0.24098504837291118,0.22867194371152155,0.2695690413368514
0.26730937773882557,0.2388255915863278,0.22611744084136723,0.2677475898334794
0.2599118942731278,0.24273127753303964,0.2286343612334802,0.2687224669603524
0.26899293286219084,0.2398409893992933,0.22703180212014135,0.26413427561837455
0.26257722859664606,0.23609885260370697,0.2321270962047661,0.26919682259488087
0.2647702407002188,0.23588621444201313,0.2288840262582057,0.27045951859956235
0.2622879512831666,0.23836450630709005,0.22531535450195736,0.274032187907786
0.25756227758007116,0.24555160142348753,0.22864768683274023,0.2682384341637011
0.25998225377107365,0.24312333629103816,0.2311446317657498,0.2657497781721384
0.2532865907099036,0.24408413672217352,0.23400525854513585,0.268624014022787
0.2604120999561596,0.24725997369574748,0.23279263480929416,0.2595352915387988
0.25999121651295565,0.2450592885375494,0.23671497584541062,0.25823451910408435
0.2538293216630197,0.25164113785557984,0.22932166301969364,0.26520787746170676
0.2592920353982301,0.24513274336283186,0.23053097345132742,0.2650442477876106
0.26519823788546254,0.24713656387665198,0.23039647577092512,0.25726872246696036
0.2684739833843463,0.2444250109313511,0.22824661128115434,0.2588543944031482
0.2623239436619718,0.24647887323943662,0.22711267605633803,0.2640845070422535
0.2659902955447728,0.2439347154830172,0.22143802382002647,0.2686369651521835
0.26202974628171477,0.2436570428696413,0.2274715660542432,0.2668416447944007
0.261443661971831,0.24647887323943662,0.22931338028169015,0.26276408450704225
0.26085050416483996,0.2494519947391495,0.22709338009644892,0.2626041209995616
0.2652881654201496,0.2446106467223933,0.22613286405631325,0.2639683238011439
0.26795945350374617,0.24680475980608196,0.21815777875716175,0.2670780079330101
0.2598770851624232,0.2594381035996488,0.21949078138718173,0.26119402985074625
0.25951859956236323,0.2612691466083151,0.22275711159737419,0.2564551422319475
0.26163301141352063,0.25768217734855137,0.22168568920105355,0.2589991220368745
0.26215738284703805,0.2519893899204244,0.23032714412024757,0.25552608311229
0.2599645704162976,0.2524357838795394,0.23029229406554472,0.25730735163861823
0.2581913499344692,0.25207514198339886,0.22673656618610746,0.26299694189602446
0.26287744227353466,0.2522202486678508,0.22424511545293072,0.26065719360568385
0.26278659611992944,0.25396825396825395,0.2191358024691358,0.2641093474426808
0.2575032622879513,0.254458460200087,0.22183558068725534,0.2662026968247064
0.2560106856634016,0.25378450578806766,0.21905609973285842,0.2711487088156723
0.2574082264484741,0.2529854046881911,0.21671826625386997,0.27288810260946483
0.2567922874671341,0.2502191060473269,0.21560035056967572,0.2773882559158633
