C,D,Oc,Od
0.0,1.0,0.0,0.0
0.0,0.5,0.0,0.5
0.2857142857142857,0.2857142857142857,0.0,0.42857142857142855
0.4166666666666667,0.3333333333333333,0.0,0.25
0.42105263157894735,0.3157894736842105,0.0,0.2631578947368421
0.4444444444444444,0.2222222222222222,0.0,0.3333333333333333
0.475,0.25,0.0,0.275
0.42857142857142855,0.20634920634920634,0.0,0.36507936507936506
0.43010752688172044,0.1935483870967742,0.0,0.3763440860215054
0.4180327868852459,0.20491803278688525,0.0,0.3770491803278688
0.38953488372093026,0.22093023255813954,0.011627906976744186,0.37790697674418605
0.36681222707423583,0.22707423580786026,0.013100436681222707,0.3930131004366812
0.34615384615384615,0.21678321678321677,0.017482517482517484,0.4195804195804196
0.33613445378151263,0.2184873949579832,0.028011204481792718,0.4173669467787115
0.3094688221709007,0.24480369515011546,0.04157043879907621,0.40415704387990764
0.2936802973977695,0.24349442379182157,0.04275092936802974,0.4200743494423792
0.28885400313971743,0.24960753532182103,0.05023547880690738,0.41130298273155413
0.27440633245382584,0.24274406332453827,0.05804749340369393,0.42480211081794195
0.27044711014176664,0.24645583424209377,0.05997818974918211,0.42311886586695746
0.2834274952919021,0.2448210922787194,0.062146892655367235,0.4096045197740113
0.2952789699570815,0.24120171673819743,0.06695278969957082,0.3965665236051502
0.3048128342245989,0.23911382734912145,0.060351413292589765,0.39572192513368987
0.3157529493407356,0.2387231089521166,0.06037473976405274,0.3851492019430951
0.3122629582806574,0.2458912768647282,0.06257901390644753,0.37926675094816686
0.3169590643274854,0.24619883040935672,0.06257309941520468,0.3742690058479532
0.31827956989247314,0.2446236559139785,0.06881720430107527,0.3682795698924731
0.3273657289002558,0.24398976982097187,0.06854219948849105,0.36010230179028135
0.32865440464666024,0.2473378509196515,0.07260406582768635,0.3514036786060019
0.32732447817836813,0.24478178368121442,0.075426944971537,0.35246679316888047
0.3250230840258541,0.25253924284395196,0.07710064635272391,0.34533702677746997
0.3244222927050294,0.25283189850475757,0.08065246941549614,0.3420933393747168
0.32295895354082094,0.2575552548488949,0.08164185836716284,0.33784393324312134
0.3188798554652213,0.26513098464317975,0.08310749774164408,0.33288166214995485
0.32419283502874835,0.2618310482087572,0.08137992038920831,0.33259619637328613
0.3253652058432935,0.25763612217795484,0.08853474988933156,0.3284639220894201
0.3233480176211454,0.2555066079295154,0.09251101321585903,0.32863436123348017
0.32226648959716686,0.25320938468348825,0.09296148738379814,0.3315626383355467
0.3229120142920947,0.25323805270209915,0.09379187137114783,0.33005806163465834
0.3205298013245033,0.25386313465783666,0.09624724061810154,0.3293598233995585
0.3153232949512843,0.2533215234720992,0.0987599645704163,0.33259521700620015
0.3123625164980202,0.2578090629124505,0.09678838539375274,0.3330400351957765
0.31285903667697745,0.25850640742377373,0.09765797613787008,0.3309765797613787
0.31384615384615383,0.25978021978021976,0.09802197802197803,0.3283516483516484
0.31438721136767317,0.25754884547069273,0.10390763765541741,0.3241563055062167
0.3155339805825243,0.2594880847308032,0.10150044130626655,0.323477493380406
0.31086474501108646,0.26252771618625276,0.10509977827050998,0.3215077605321508
0.31473214285714285,0.26205357142857144,0.10267857142857142,0.3205357142857143
0.3101769911504425,0.265929203539823,0.10265486725663717,0.32123893805309733
0.3118466898954704,0.2617595818815331,0.1019163763066202,0.32447735191637633
0.3123615418697386,0.26007975188303056,0.10190518387239698,0.32565352237483386
0.30630233583076244,0.25914499779638606,0.10709563684442486,0.32745702952842665
0.2938053097345133,0.26017699115044246,0.11592920353982301,0.33008849557522124
0.2935739436619718,0.258362676056338,0.11399647887323944,0.3340669014084507
0.28931095406360424,0.2588339222614841,0.11925795053003534,0.3325971731448763
0.2924901185770751,0.25735617039964864,0.11857707509881422,0.331576635924462
0.2963290579389651,0.24812030075187969,0.124281291463954,0.33126934984520123
0.2957559681697613,0.246684350132626,0.11892130857648099,0.33863837312113176
0.29862649534780683,0.24324324324324326,0.12184315463003988,0.33628710677891005
0.2998673153471915,0.24413976116762495,0.11985846970367094,0.33613445378151263
0.29508196721311475,0.24457244129375277,0.12405848471422241,0.33628710677891005
0.2975824175824176,0.25142857142857145,0.12615384615384614,0.32483516483516484
0.3021519543258674,0.25120772946859904,0.12560386473429952,0.32103645147123405
0.30423280423280424,0.25485008818342153,0.12345679012345678,0.31746031746031744
0.30741733690795353,0.24754244861483468,0.12511170688114387,0.3199285075960679
0.2955145118733509,0.24890061565523308,0.12708883025505716,0.32849604221635886
0.30044444444444446,0.24355555555555555,0.12755555555555556,0.32844444444444443
0.30336581045172717,0.2475642161204606,0.13020372010628875,0.31886625332152346
0.30022075055187636,0.2467991169977925,0.12891832229580574,0.3240618101545254
0.30341506129597196,0.24518388791593695,0.13266199649737304,0.318739054290718
0.2994350282485876,0.24467622772707517,0.1316818774445893,0.32420686657974795
0.29644444444444445,0.2391111111111111,0.13333333333333333,0.33111111111111113
0.28957871396895785,0.24301552106430155,0.13880266075388026,0.3286031042128603
0.2941439427805096,0.24318283415288333,0.13902548055431382,0.3236477425122932
0.2956058588548602,0.243231247225921,0.13271193963604083,0.328450954283178
0.2975391498881432,0.24161073825503357,0.1337807606263982,0.3270693512304251
0.2910777385159011,0.24028268551236748,0.14487632508833923,0.32376325088339225
0.2949288256227758,0.23887900355871886,0.14190391459074733,0.32428825622775803
0.28948526176858774,0.24373075230972283,0.1469423669159701,0.31984161900571934
0.2907334211682038,0.2406675450153711,0.14404918752744839,0.3245498462889767
0.29487750556792874,0.2374164810690423,0.14298440979955457,0.3247216035634744
0.29814487632508835,0.2332155477031802,0.1435512367491166,0.3250883392226148
0.300531914893617,0.23581560283687944,0.14095744680851063,0.32269503546099293
0.298753339269813,0.2408726625111309,0.14203027604630455,0.31834372217275153
0.3045230631437528,0.2360053739364084,0.14106583072100312,0.31840573219883567
0.3007915567282322,0.23834652594547054,0.1424802110817942,0.31838170624450307
0.3070484581497797,0.23480176211453743,0.1378854625550661,0.32026431718061676
0.3101153504880213,0.23380656610470274,0.14285714285714285,0.3132209405501331
0.3065083553210202,0.23306948109058928,0.1455584872471416,0.3148636763412489
0.3134590092064884,0.23060061376589217,0.14028934677772906,0.3156510302498904
0.3059080962800875,0.2350109409190372,0.14529540481400438,0.3137855579868709
0.3118613949355842,0.22923145268769435,0.14660151043980454,0.3123056419369169
0.3098404255319149,0.2322695035460993,0.14140070921985815,0.31648936170212766
0.31114012184508266,0.231940818102698,0.14926022628372498,0.30765883376849434
0.3095030514385353,0.23190932868352224,0.15126416739319964,0.3073234524847428
0.30633802816901406,0.230193661971831,0.15184859154929578,0.31161971830985913
0.30619469026548674,0.23141592920353982,0.1517699115044248,0.3106194690265487
0.3046153846153846,0.23076923076923078,0.1556043956043956,0.309010989010989
0.3056405771753389,0.22955837341495408,0.15828596414516835,0.3065150852645387
0.30114135206321335,0.22651448639157157,0.16417910447761194,0.30816505706760317
0.3037362637362637,0.22197802197802197,0.16703296703296702,0.30725274725274726
0.3033905768383972,0.22765301629238222,0.16996917657419638,0.2989872302950242
0.3023461708720673,0.2288623284639221,0.1691013722886233,0.29969012837538733
0.3023154215814766,0.22411533420707733,0.1743119266055046,0.2992573176059415
0.2965914121292607,0.22797698096502877,0.17706949977866313,0.29836210712704736
0.29547471162378,0.23646850044365572,0.17346938775510204,0.29458740017746227
0.29845474613686535,0.2304635761589404,0.17792494481236204,0.29315673289183225
0.2955947136563877,0.23700440528634362,0.17665198237885463,0.2907488986784141
0.2940655447298494,0.23383525243578387,0.18290522586359612,0.2891939769707706
0.3005806163465833,0.231353282715498,0.17909781152300133,0.28896828941491737
0.2919227392449517,0.23529411764705882,0.17822651448639157,0.29455662862159787
0.291832229580574,0.23532008830022075,0.17571743929359823,0.29713024282560707
0.2855883649184663,0.2384310268840899,0.18025561921551345,0.2957249889819304
0.2914462081128748,0.23765432098765432,0.17680776014109348,0.2940917107583774
0.2950242184059885,0.23954205195948922,0.17701453104359313,0.2884191985909291
0.2964426877470356,0.2393500219587176,0.17830478700043917,0.2859025032938076
0.3015030946065429,0.2338638373121132,0.17771883289124668,0.28691423519009723
0.2993854258121159,0.23353819139596138,0.17647058823529413,0.2906057945566286
0.29232111692844676,0.24040139616055847,0.17713787085514834,0.2901396160558464
0.29797535211267606,0.24075704225352113,0.17297535211267606,0.28829225352112675
0.29414374445430347,0.24134871339840283,0.18145519077196096,0.28305235137533274
0.29302736098852605,0.24580759046778464,0.1787290379523389,0.2824360105913504
0.2918149466192171,0.24199288256227758,0.1806049822064057,0.28558718861209964
0.2891246684350133,0.2440318302387268,0.1830238726790451,0.2838196286472148
0.2908525754884547,0.24200710479573712,0.18561278863232683,0.28152753108348133
0.2907334211682038,0.24330259112867808,0.18050065876152832,0.2854633289415898
0.28894806924101196,0.23834886817576564,0.1873058144695961,0.28539724811362627
0.290625,0.234375,0.19285714285714287,0.28214285714285714
0.2918149466192171,0.2362099644128114,0.18772241992882563,0.2842526690391459
0.29050772626931565,0.23178807947019867,0.18896247240618103,0.28874172185430463
0.29678555702333775,0.22721268163804492,0.18758256274768825,0.2884191985909291
0.29422143802382,0.2227613586237318,0.19497132774591971,0.28804587560652845
0.2933097031457687,0.22729286663712894,0.1891891891891892,0.29020824102791315
0.2961657117672984,0.22829440282062582,0.18510356985456147,0.2904363155575143
0.29411764705882354,0.22865988500663423,0.18531623175586023,0.291906236178682
0.29398762157382846,0.22502210433244915,0.1843501326259947,0.29664014146772766
0.29608446986361636,0.2212934447866256,0.18609766827980642,0.2965244170699516
0.29995569339831635,0.22153300841825432,0.18608772707133364,0.2924235711120957
0.29490022172949004,0.2203991130820399,0.18314855875831484,0.30155210643015523
0.2941696113074205,0.22924028268551236,0.1784452296819788,0.29814487632508835
0.29442970822281167,0.22767462422634838,0.18346595932802828,0.29442970822281167
0.29524232992441085,0.22987994664295242,0.18497109826589594,0.28990662516674076
0.29540383757251226,0.22713074520303436,0.18697010263275324,0.29049531459170014
0.29688888888888887,0.228,0.18755555555555556,0.28755555555555556
0.3016220955721175,0.22577816747040771,0.1867601928978518,0.285839544059623
0.2995575221238938,0.22699115044247786,0.18761061946902655,0.28584070796460176
0.3022026431718062,0.226431718061674,0.18590308370044054,0.2854625550660793
0.30303030303030304,0.2286096256684492,0.1836007130124777,0.28475935828877
0.3025283347863993,0.23147340889276374,0.18308631211857018,0.2829119442022668
0.30223390275952694,0.2290845378887429,0.1835304424003504,0.2851511169513798
0.30026572187776795,0.2267493356953056,0.1820194862710363,0.29096545615589015
0.3024085637823372,0.22836752899197146,0.18599464763603926,0.2832292595896521
0.30369052912405514,0.23165851489550912,0.18674966651845265,0.2779012894619831
0.3025322079075966,0.2310084406930253,0.1905819635717459,0.27587738782763216
0.2981834293309703,0.22773593265396544,0.18564466105449712,0.2884359769605671
0.2987994664295242,0.23210315695864828,0.1871943085815918,0.2819030680302357
0.3032200357781753,0.2262969588550984,0.19230769230769232,0.278175313059034
0.2977303070761015,0.23097463284379172,0.19448153093012907,0.27681352914997776
0.29832303618711387,0.22992056487202117,0.1941747572815534,0.27758164165931154
0.29730921923246584,0.22893692104102337,0.20335244816938686,0.27040141155712394
0.2970340858787074,0.22576361221779548,0.20008853474988933,0.2771137671536078
0.2942458587619878,0.23016564952048824,0.1961639058413252,0.2794245858761988
0.2977700043725404,0.22780935723655443,0.19588981198076083,0.2785308264101443
0.2946625496250551,0.22761358623731803,0.20423467137185708,0.2734891927657697
0.2918492550394391,0.23137598597721298,0.20552147239263804,0.2712532865907099
0.28703296703296705,0.23164835164835165,0.20175824175824175,0.2795604395604396
0.28430934286991505,0.23692445239159587,0.20384443451050513,0.2749217702279839
0.28846153846153844,0.22727272727272727,0.2097902097902098,0.2744755244755245
0.2886142983230362,0.23168578993821712,0.21050308914386584,0.26919682259488087
0.2905944986690328,0.2302573203194321,0.2085181898846495,0.2706299911268855
0.2983521248915872,0.22983521248915872,0.20555073720728534,0.2662619254119688
0.2966064345526664,0.23270163067430585,0.20493609519612163,0.2657558395769061
0.2949288256227758,0.23443060498220641,0.21085409252669038,0.2597864768683274
0.2954946996466431,0.2336572438162544,0.20803886925795054,0.2628091872791519
0.28883071553228623,0.23734729493891799,0.20593368237347295,0.26788830715532286
0.28029322984044847,0.23846485554118155,0.21259163432514014,0.26865028029322985
0.27955555555555556,0.2311111111111111,0.21911111111111112,0.2702222222222222
0.28131966116807844,0.23272403031654035,0.21801159161836825,0.26794471689701294
0.28044444444444444,0.23155555555555554,0.21511111111111111,0.2728888888888889
0.2757562472599737,0.2253397632617273,0.2240245506356861,0.2748794388426129
0.27945084145261295,0.22852081488042517,0.22099202834366696,0.271036315323295
0.2773333333333333,0.22177777777777777,0.22444444444444445,0.27644444444444444
0.27994734532689775,0.2250987275120667,0.22378236068451074,0.2711715664765248
0.278341420379356,0.22143802382002647,0.21967357741508603,0.28054697838553155
0.27485638532920903,0.23155103844454264,0.21696862571807335,0.276623950508175
0.27028218694885364,0.23544973544973544,0.2156084656084656,0.2786596119929453
0.27384615384615385,0.23692307692307693,0.21362637362637363,0.2756043956043956
0.26935123042505593,0.2407158836689038,0.21789709172259508,0.2720357941834452
0.26693227091633465,0.2350597609561753,0.2244355909694555,0.2735723771580345
0.26301853486319504,0.23389232127096204,0.2263901147396293,0.2766990291262136
0.26027996500437445,0.24015748031496062,0.22615923009623798,0.27340332458442695
0.25590726705305394,0.23851983950066874,0.2309407044137316,0.2746321890325457
0.2603938730853392,0.2424507658643326,0.22450765864332603,0.2726477024070022
0.2680549401860877,0.2410279131590607,0.22684980062029242,0.26406734603455917
0.26517150395778366,0.24538258575197888,0.22163588390501318,0.2678100263852243
0.26784140969162995,0.2497797356828194,0.22290748898678414,0.2594713656387665
0.26119402985074625,0.24582967515364354,0.2295873573309921,0.2633889376646181
0.2605979473449353,0.250780901383311,0.22757697456492637,0.26104417670682734
0.2661326212728082,0.2416555407209613,0.23052959501557632,0.2616822429906542
0.2663448881088197,0.24001755155770074,0.23343571741992103,0.2602018429135586
0.2718832891246684,0.2369584438549956,0.23740053050397877,0.2537577365163572
0.26435773783428324,0.2371766768960982,0.24243752740026303,0.25602805786935556
0.269010989010989,0.23516483516483516,0.23736263736263735,0.25846153846153846
0.2699602999558888,0.23908248786943095,0.24040582267313632,0.2505513895015439
0.2682926829268293,0.23237250554323724,0.2394678492239468,0.2598669623059867
0.26733977172958734,0.23617208077260754,0.24012291483757683,0.25636523266022826
0.26222222222222225,0.24,0.2408888888888889,0.2568888888888889
0.2541998231653404,0.2484526967285588,0.24049513704686118,0.2568523430592396
0.2611607142857143,0.24910714285714286,0.23705357142857142,0.2526785714285714
0.25187803800265135,0.2527618205921343,0.24304021210782148,0.25231992929739283
0.25022222222222223,0.2511111111111111,0.23866666666666667,0.26
0.2545533391153513,0.25195143104943624,0.23720728534258456,0.25628794449262793
0.2547294324681038,0.25384953805543337,0.23933128024637043,0.25208974923009236
0.25398230088495577,0.25309734513274335,0.23628318584070795,0.25663716814159293
0.25066079295154187,0.25418502202643173,0.2422907488986784,0.252863436123348
0.25033348154735435,0.25922632281013785,0.2418852823477101,0.24855491329479767
0.24789356984478936,0.25942350332594233,0.24257206208425722,0.2501108647450111
0.24496056091148116,0.25942156003505695,0.24846625766871167,0.24715162138475022
0.24259832081307997,0.2629253203711887,0.24259832081307997,0.25187803800265135
0.24148471615720524,0.26200873362445415,0.23930131004366811,0.2572052401746725
0.23742277140335394,0.2599293909973522,0.24492497793468668,0.25772285966460723
0.23751095530236635,0.26029798422436456,0.2462751971954426,0.25591586327782645
0.23315602836879432,0.25310283687943264,0.24645390070921985,0.26728723404255317
0.23648351648351648,0.2465934065934066,0.24747252747252746,0.26945054945054947
0.2393617021276596,0.2473404255319149,0.2424645390070922,0.2708333333333333
0.23843416370106763,0.251779359430605,0.23976868327402134,0.27001779359430605
0.24433585073300756,0.2501110617503332,0.23678365171035096,0.2687694358063083
0.23918799646954986,0.24845542806707854,0.2440423654015887,0.26831421006178285
0.24476439790575916,0.24476439790575916,0.2395287958115183,0.2709424083769634
0.2445916114790287,0.2503311258278146,0.23090507726269316,0.27417218543046357
0.2459016393442623,0.24900310146211785,0.22817899867080194,0.2769162605228179
0.24810690423162585,0.24276169265033407,0.2334075723830735,0.2757238307349666
0.24026845637583893,0.2501118568232662,0.2295302013422819,0.28008948545861295
0.24511545293072823,0.24156305506216696,0.22602131438721138,0.2873001776198934
0.2476983779044279,0.23936869793950022,0.2253397632617273,0.2875931608943446
0.24845542806707854,0.23477493380406,0.2237422771403354,0.29302736098852605
0.25145936237090255,0.22496632240682532,0.23215087561742254,0.29142343960484957
0.25690115761353516,0.22484416740872662,0.22484416740872662,0.2934105075690116
0.26146384479717816,0.2239858906525573,0.22310405643738976,0.2914462081128748
0.2592756183745583,0.2230565371024735,0.21731448763250882,0.3003533568904594
0.2615182097411145,0.22378236068451074,0.21895568231680562,0.29574374725756913
0.2574477545575811,0.22943530457981326,0.22276567363272565,0.29035126722988
0.26663708961845606,0.2329192546583851,0.2204968944099379,0.27994676131322094
0.265929203539823,0.23495575221238937,0.2163716814159292,0.2827433628318584
0.26687251874724305,0.2368769298632554,0.21658579620644022,0.27966475518306133
0.266636891469406,0.24162572577043323,0.20634211701652524,0.28539526574363555
0.2652425456163774,0.2394303515798843,0.20382732532265244,0.2914997774810859
0.2542147293700089,0.24312333629103816,0.2111801242236025,0.2914818101153505
0.25121412803532006,0.247682119205298,0.21456953642384105,0.2865342163355408
0.2457777777777778,0.24755555555555556,0.21866666666666668,0.288
0.2514336127040141,0.23952359947066607,0.21790913101014556,0.2911336568151742
0.256,0.23644444444444446,0.21644444444444444,0.2911111111111111
0.2526178010471204,0.23516579406631763,0.22294938917975568,0.2892670157068063
0.24747696358051777,0.2387011847301448,0.22202720491443614,0.29179464677490125
0.2537444933920705,0.2330396475770925,0.22422907488986785,0.2889867841409692
0.25850640742377373,0.23331860362350862,0.2275740167918692,0.28060097216084845
0.259670964873277,0.23121387283236994,0.21965317919075145,0.2894619831036016
0.26174791392182695,0.22968818620992534,0.22002635046113306,0.2885375494071146
0.25619469026548675,0.22831858407079647,0.2234513274336283,0.2920353982300885
0.2542894852617686,0.23757149142102948,0.2212934447866256,0.28684557853057635
0.25055530875166593,0.23989338071968014,0.22701021768103066,0.2825410928476233
0.2557218309859155,0.24119718309859156,0.2249119718309859,0.27816901408450706
0.24887892376681614,0.24439461883408073,0.22242152466367712,0.284304932735426
0.25220848056537104,0.23851590106007067,0.22659010600706714,0.2826855123674912
0.25364560318161733,0.24259832081307997,0.22448077772867875,0.27927529827662395
0.25022026431718064,0.24140969162995596,0.23127753303964757,0.27709251101321586
0.2538360368259535,0.2376150811047786,0.2354230600613766,0.27312582200789126
0.2559893522626442,0.23425022182786157,0.23336291038154391,0.27639751552795033
0.25754884547069273,0.23401420959147423,0.23712255772646537,0.2713143872113677
0.2612298299171391,0.23201046663759267,0.2381160052333188,0.2686436982119494
0.2625994694960212,0.23076923076923078,0.24049513704686118,0.2661361626878868
0.25873507297655907,0.23175586023883238,0.24458204334365324,0.2649270234409553
0.2610213880401571,0.22653862941946748,0.2413793103448276,0.2710606721955478
0.25809273840769903,0.22615923009623798,0.2432195975503062,0.27252843394575677
0.2625055334218681,0.22089420097388224,0.2456839309428951,0.27091633466135456
0.2640597539543058,0.21924428822495606,0.2451669595782074,0.27152899824253074
0.2668141592920354,0.2172566371681416,0.24513274336283186,0.27079646017699116
0.2660427807486631,0.21657754010695188,0.24019607843137256,0.27718360071301246
0.26746242263483644,0.21662245800176835,0.23784261715296198,0.2780725022104332
0.26581158779301195,0.22379478107032286,0.23662096417514375,0.27377266696152147
0.26681318681318683,0.22681318681318682,0.23604395604395603,0.2703296703296703
0.26148409893992935,0.23012367491166077,0.23719081272084805,0.2712014134275618
0.26849800620292424,0.2303943287549845,0.23836951705804166,0.2627381479840496
0.2663405958203646,0.23076923076923078,0.23966207203201423,0.2632281013783904
0.26430155210643014,0.23503325942350334,0.24035476718403548,0.26031042128603105
0.2646669607410675,0.22937803264225848,0.2505513895015439,0.25540361711513015
0.2608695652173913,0.23583662714097497,0.24593763724198506,0.25735617039964864
0.26215738284703805,0.23076923076923078,0.2506631299734748,0.2564102564102564
0.2615791795324217,0.23246581385090428,0.250992501102779,0.254962505513895
0.25863596102745795,0.2329495128432241,0.2555358724534987,0.2528786536758193
0.2583518930957684,0.23429844097995545,0.25478841870824054,0.2525612472160356
0.25911286780852,0.230566534914361,0.25867369345630215,0.2516469038208169
0.25920994229915667,0.22947181535730138,0.2600976475810031,0.25122059476253883
0.2537577365163572,0.2338638373121132,0.25862068965517243,0.2537577365163572
0.2543782837127846,0.23861646234676007,0.2618213660245184,0.24518388791593695
0.2518747243052492,0.23908248786943095,0.26378473753859727,0.24525805028672254
0.2496732026143791,0.2374727668845316,0.2636165577342048,0.24923747276688454
0.24833407374500222,0.24389160373167482,0.26343847179031543,0.24433585073300756
0.24032042723631508,0.2523364485981308,0.2590120160213618,0.24833110814419226
0.24041811846689895,0.24695121951219512,0.2608885017421603,0.25174216027874563
0.2454905411350638,0.23757149142102948,0.2635283765948086,0.2534095908490981
0.24592331423534597,0.2375495813133539,0.2635522256500661,0.25297487880123404
0.2409372236958444,0.24491600353669318,0.259946949602122,0.2541998231653404
0.239647577092511,0.24273127753303964,0.2607929515418502,0.25682819383259914
0.2482363315696649,0.23677248677248677,0.25396825396825395,0.26102292768959434
0.25066079295154187,0.23348017621145375,0.2577092511013216,0.2581497797356828
0.24788982674366947,0.22923145268769435,0.26299422478898266,0.2598844957796535
0.24428822495606328,0.23725834797891038,0.2618629173989455,0.2565905096660808
0.25,0.23398576512455516,0.2571174377224199,0.25889679715302494
0.25055728934462773,0.23406152474364691,0.2572447614801605,0.25813642443156487
0.2490170380078637,0.23197903014416776,0.2603757099169943,0.25862822193097423
0.25231992929739283,0.22978347326557666,0.2558550596553248,0.2620415377817057
0.24624226348364278,0.23607427055702918,0.25906277630415564,0.25862068965517243
0.24900486510393632,0.23794781070322865,0.2565236620964175,0.2565236620964175
0.2511032656663725,0.23433362753751102,0.2506619593998235,0.263901147396293
0.24679345422379478,0.23131357806280406,0.25121627598407786,0.2706766917293233
0.24966622162883845,0.23186470850022253,0.25055629728526924,0.26791277258566976
0.2514310876265962,0.23557904007045355,0.24702774108322326,0.265962131219727
0.2508880994671403,0.2353463587921847,0.24200710479573712,0.27175843694493784
0.2516585581601061,0.232640424590889,0.23750552852720036,0.2781954887218045
0.24922669023420238,0.2337604949182501,0.23773751657092354,0.27927529827662395
0.24503311258278146,0.23885209713024283,0.2326710816777042,0.28344370860927154
0.24582233948988566,0.23922603342128407,0.2326297273526825,0.28232189973614774
0.24239753195240193,0.2371088585279859,0.23446452181577787,0.2860290877038343
0.23638778220451528,0.23860115095174855,0.23683045595396193,0.28818061088977426
0.2404274265360641,0.2404274265360641,0.23374888691006232,0.28539626001780943
0.23811639271434917,0.2372278987116837,0.23545091070635274,0.2892047978676144
0.2403888643393725,0.22978347326557666,0.23641184268669907,0.29341581970835173
0.24315975286849073,0.22859664607237423,0.23786407766990292,0.2903795233892321
0.2426243945398503,0.2289740202553941,0.23469837076177896,0.29370321444297665
0.24469964664310953,0.22791519434628976,0.2336572438162544,0.29372791519434627
0.2439570277529096,0.2251566696508505,0.2350044762757386,0.29588182632050136
0.24570673712021135,0.22589167767503301,0.23425803610744167,0.29414354909731394
0.24833702882483372,0.21906873614190686,0.23015521064301553,0.3024390243902439
0.24450307827616535,0.21899736147757257,0.22911169744942833,0.3073878627968338
0.24497094322753687,0.22038444345105052,0.22977201609298167,0.3048725972284309
0.2497801231310466,0.2075637642919965,0.23482849604221637,0.30782761653474056
0.24790841039189784,0.2144429766622633,0.23205636283575518,0.3055922501100837
0.2518681318681319,0.21142857142857144,0.2347252747252747,0.301978021978022
0.24901875272568688,0.2158744003488879,0.2341910161360663,0.3009158307893589
0.2515364354697103,0.21115013169446883,0.23880597014925373,0.29850746268656714
0.251004912907548,0.21750781598928093,0.24341223760607414,0.2880750334970969
0.25142857142857145,0.21494505494505495,0.25142857142857145,0.2821978021978022
0.2514210756449497,0.2190642763445562,0.24836029733275033,0.28115435067774375
0.24656927844178841,0.2182381584772023,0.24878264718902168,0.2864099158919876
0.24507658643326038,0.22319474835886213,0.24638949671772428,0.28533916849015317
0.2509942554131684,0.22359699513919576,0.24524966858152894,0.2801590808661069
0.2604817127564674,0.21989295272078502,0.24174843889384479,0.2778768956289028
0.2633201232937032,0.22192866578599735,0.23866138265081463,0.2760898282694848
0.26222222222222225,0.2248888888888889,0.24044444444444443,0.27244444444444443
0.25983208130799823,0.22889969067609367,0.2350861688024746,0.2761820592134335
0.2673702726473175,0.22955145118733508,0.23614775725593667,0.2669305189094107
0.26758071649712517,0.23529411764705882,0.23087129588677577,0.26625386996904027
0.2727272727272727,0.22926829268292684,0.22926829268292684,0.2687361419068736
0.2736471623405191,0.2322921249450066,0.22437307523097227,0.269687637483502
0.2732481269281622,0.2269722344645218,0.2247686205376818,0.2750110180696342
0.27716673999120106,0.22481302243730752,0.22173339199296085,0.27628684557853056
0.27163247100802856,0.23059768064228367,0.22346119536128456,0.27430865298840323
0.2688219663418955,0.22984942426926483,0.22143489813994685,0.27989371124889284
0.271523178807947,0.22781456953642384,0.2229580573951435,0.27770419426048565
0.27895667550839964,0.22502210433244915,0.22413793103448276,0.2718832891246684
0.27829150154117127,0.22280933509467196,0.22501100836635843,0.27388815499779834
0.2733274647887324,0.22227112676056338,0.22755281690140844,0.27684859154929575
0.2783641160949868,0.22031662269129287,0.22559366754617413,0.2757255936675462
0.27005699254712845,0.22840859272249014,0.22840859272249014,0.27312582200789126
0.27408056042031526,0.23073555166374782,0.22635726795096323,0.26882661996497376
0.2742857142857143,0.23076923076923078,0.22813186813186814,0.26681318681318683
0.2737527114967462,0.23383947939262473,0.220824295010846,0.2715835140997831
0.268624014022787,0.2397020157756354,0.22217353198948292,0.26950043821209463
0.26882661996497376,0.24299474605954466,0.21891418563922943,0.2692644483362522
0.26799116997792494,0.24282560706401765,0.21501103752759382,0.27417218543046357
0.26334362593736216,0.2479047198941332,0.2161446846052051,0.2726069695632995
0.26613965744400525,0.2490118577075099,0.21431708388230128,0.27053140096618356
0.2715994683207798,0.24900310146211785,0.21311475409836064,0.2662826761187417
0.26866990720282813,0.24480777728678746,0.21785240830755634,0.26866990720282813
0.27065026362038663,0.24560632688927944,0.21924428822495606,0.26449912126537783
0.263901147396293,0.2497793468667255,0.21668137687555164,0.26963812886142985
0.26402493321460374,0.25200356188780054,0.21371326803205698,0.27025823686553874
0.256978289765175,0.2516614975631369,0.21798848028356224,0.27337173238812584
0.26123348017621145,0.2537444933920705,0.2145374449339207,0.27048458149779736
0.2652972027972028,0.2465034965034965,0.2194055944055944,0.2687937062937063
0.2659947414548642,0.254601226993865,0.2112182296231376,0.26818580192813324
0.26506550218340613,0.25633187772925764,0.21790393013100437,0.2606986899563319
0.2687555163283319,0.2524271844660194,0.2210944395410415,0.25772285966460723
0.2612732095490716,0.2608311229000884,0.22148541114058357,0.2564102564102564
0.2563876651982379,0.2581497797356828,0.22422907488986785,0.26123348017621145
0.2624175824175824,0.2571428571428571,0.21846153846153846,0.261978021978022
0.2625055334218681,0.25320938468348825,0.22310756972111553,0.26117751217352814
0.26416778224007137,0.249442213297635,0.2253458277554663,0.26104417670682734
0.26587301587301587,0.2495590828924162,0.2244268077601411,0.2601410934744268
0.2641843971631206,0.2557624113475177,0.22562056737588654,0.25443262411347517
0.2640845070422535,0.2517605633802817,0.22887323943661972,0.25528169014084506
0.26704795424549055,0.24769027716674,0.23185217773867137,0.2534095908490981
0.2649647887323944,0.24471830985915494,0.23723591549295775,0.25308098591549294
0.2619257950530035,0.24293286219081273,0.24249116607773852,0.25265017667844525
0.2598944591029024,0.24582233948988566,0.24010554089709762,0.2541776605101143
0.25916114790286976,0.2507726269315673,0.2401766004415011,0.24988962472406182
0.256092157731502,0.2521045635799734,0.2352680549401861,0.2565352237483385
0.254962505513895,0.25540361711513015,0.2368769298632554,0.25275694750771943
0.2636727434415296,0.24855491329479767,0.23654957759004003,0.2512227656736327
0.2589833479404032,0.24539877300613497,0.2427695004382121,0.2528483786152498
0.2550660792951542,0.24581497797356827,0.2488986784140969,0.25022026431718064
0.25241864555848725,0.23966578715919085,0.25241864555848725,0.25549692172383465
0.2591289045314562,0.23669159700835898,0.2507699076110867,0.2534095908490981
0.26023778071334214,0.23734037868780272,0.24746807573756055,0.25495376486129456
0.2519650655021834,0.2427947598253275,0.24890829694323144,0.25633187772925764
0.24679345422379478,0.24502432551968156,0.24988942945599293,0.25829279080053075
0.2497793468667255,0.24669020300088262,0.24227714033539277,0.2612533097969991
0.25199645075421473,0.24622892635314997,0.24001774622892635,0.26175687666370895
0.25543237250554324,0.24833702882483372,0.24124168514412417,0.2549889135254989
0.2506631299734748,0.2453580901856764,0.2506631299734748,0.253315649867374
0.2579064587973274,0.2485523385300668,0.24766146993318486,0.24587973273942093
0.2593242650285213,0.24528301886792453,0.24879333040807372,0.24659938569548048
0.25662544169611307,0.24823321554770317,0.24381625441696114,0.2513250883392226
0.2532923617208077,0.25065847234416155,0.2440737489025461,0.25197541703248466
0.2545293857711003,0.25187803800265135,0.24524966858152894,0.2483429076447194
0.2579798863139484,0.25273283777874944,0.24967205946655008,0.23961521644075207
0.24467140319715808,0.25488454706927177,0.25177619893428066,0.24866785079928952
0.25054945054945055,0.24879120879120878,0.24835164835164836,0.2523076923076923
0.24779929577464788,0.25132042253521125,0.24779929577464788,0.25308098591549294
0.2479047198941332,0.2567269519188355,0.24437582708425232,0.250992501102779
0.24389160373167482,0.2558862727676588,0.24433585073300756,0.2558862727676588
0.24586499776486365,0.2516763522574877,0.2481001341081806,0.25435851586946806
0.243231247225921,0.2472259209942299,0.24855747891699956,0.2609853528628495
0.24140969162995596,0.2511013215859031,0.24581497797356827,0.2616740088105727
0.24514134275618374,0.24867491166077738,0.24690812720848057,0.2592756183745583
0.24647887323943662,0.24515845070422534,0.25044014084507044,0.2579225352112676
0.24525805028672254,0.24305249228054698,0.2505513895015439,0.2611380679311866
0.2540106951871658,0.23618538324420676,0.2540106951871658,0.2557932263814617
0.25055530875166593,0.23589515770768546,0.2545535317636606,0.258996001776988
0.24527472527472527,0.23384615384615384,0.2632967032967033,0.25758241758241757
0.2540874944763588,0.23243482103402563,0.25762262483429077,0.2558550596553248
0.2534398579671549,0.22991566799822458,0.2583222370173103,0.2583222370173103
0.2598494909251881,0.22753430721558213,0.2540947321823816,0.25852146967684814
0.25617283950617287,0.22883597883597884,0.25440917107583777,0.2605820105820106
0.25696594427244585,0.23087129588677577,0.2574082264484741,0.2547545333923043
0.2582515611061552,0.2310437109723461,0.256021409455843,0.2546833184656557
0.2606969563299515,0.2262902514336127,0.2545213939126599,0.25849139832377593
0.2547545333923043,0.22467934542237947,0.26271561256081377,0.25785050862450243
0.25739514348785875,0.22251655629139072,0.2631346578366446,0.25695364238410595
0.2572178477690289,0.2279090113735783,0.2589676290463692,0.2559055118110236
0.26018396846254926,0.22996057818659657,0.25799386771791505,0.2518615856329391
0.2670835194283162,0.2264403751674855,0.2559178204555605,0.2505582849486378
0.2688888888888889,0.232,0.25422222222222224,0.24488888888888888
0.2735229759299781,0.23194748358862144,0.24945295404814005,0.24507658643326038
0.2709620476610768,0.23036187113857018,0.24801412180052956,0.2506619593998235
0.27584689837219534,0.23053233611966564,0.24593048834139902,0.24769027716674
0.27440633245382584,0.2343887423043096,0.2436235708003518,0.24758135444151275
0.2773146116717859,0.23036419482229048,0.24265028521281265,0.249670908293111
0.2819947043248014,0.2263901147396293,0.24889673433362755,0.24271844660194175
0.28065515714918104,0.22709163346613545,0.24878264718902168,0.2434705621956618
0.28452066842568163,0.23087071240105542,0.25021987686895336,0.2343887423043096
0.28426171529619804,0.2382847038019452,0.24447391688771,0.23297966401414677
0.29321663019693656,0.23676148796498905,0.24463894967177244,0.22538293216630198
0.2958241758241758,0.2320879120879121,0.24263736263736263,0.22945054945054946
0.2965578111209179,0.22815533980582525,0.23698146513680493,0.2383053839364519
0.28959074733096085,0.2277580071174377,0.24332740213523132,0.2393238434163701
0.2898103220114689,0.22320247022496692,0.24966916629907365,0.2373180414644905
0.2838680926916221,0.21524064171122995,0.25668449197860965,0.24420677361853832
0.27925531914893614,0.21586879432624115,0.2553191489361702,0.2495567375886525
0.2826855123674912,0.21598939929328623,0.2513250883392226,0.25
0.2797858099062918,0.21285140562248997,0.25881302989736726,0.24854975457385095
0.2736471623405191,0.21821381434227893,0.2600087989441267,0.24813022437307522
0.27419354838709675,0.2153443766346992,0.26373147340889275,0.24673060156931126
0.27264653641207814,0.21625222024866786,0.26598579040852577,0.24511545293072823
0.2712461470717745,0.21532364597093792,0.26023778071334214,0.2531924262439454
0.27660510114335973,0.21240105540897097,0.26297273526824977,0.24802110817941952
0.27219730941704035,0.21704035874439462,0.2641255605381166,0.24663677130044842
0.2736185383244207,0.2090017825311943,0.25980392156862747,0.25757575757575757
0.2695191883546537,0.21349801499779444,0.2651080723423026,0.2518747243052492
0.27135900841080124,0.21425409473218238,0.2602921646746348,0.2540947321823816
0.27055702917771884,0.21839080459770116,0.259946949602122,0.251105216622458
0.2734891927657697,0.22055580061755625,0.25849139832377593,0.2474636082928981
0.2751531058617673,0.20953630796150483,0.2668416447944007,0.2484689413823272
0.2736935341009743,0.20770593445527016,0.26439326837909655,0.254207263064659
0.2736888497135302,0.21330982811811372,0.2600264433671221,0.25297487880123404
0.27534307215582116,0.21204072598494908,0.26206285967242143,0.2505533421868083
0.2736185383244207,0.21479500891265596,0.2629233511586453,0.24866310160427807
0.27336551118911806,0.21588415971917507,0.26590609916630104,0.2448442299254059
0.26849800620292424,0.21887461231723526,0.2627381479840496,0.24988923349579087
0.2712694877505568,0.21915367483296214,0.265924276169265,0.24365256124721604
0.2692307692307692,0.21352785145888595,0.26790450928381965,0.2493368700265252
0.26737967914438504,0.214349376114082,0.26515151515151514,0.2531194295900178
0.27184035476718404,0.21596452328159646,0.25942350332594233,0.25277161862527714
0.27252453166815344,0.211864406779661,0.25958965209634255,0.256021409455843
0.2728476821192053,0.21368653421633554,0.2582781456953642,0.25518763796909494
0.272207563764292,0.20668425681618294,0.26297273526824977,0.25813544415127526
0.27709251101321586,0.20044052863436124,0.2629955947136564,0.2594713656387665
0.27537511032656664,0.20388349514563106,0.26301853486319504,0.25772285966460723
0.27300748568912375,0.2073976221928666,0.25847644209599296,0.2611184500220167
0.2769162605228179,0.20336730172795747,0.2583074878156845,0.2614089499335401
0.27414330218068533,0.2091677792612372,0.25723186470850024,0.25945705384957723
0.28138913624220835,0.21371326803205698,0.25779162956366874,0.2471059661620659
0.28370044052863436,0.2171806167400881,0.2563876651982379,0.24273127753303964
0.28558718861209964,0.21841637010676157,0.251779359430605,0.2442170818505338
0.285336856010568,0.21268163804491413,0.25979744605900484,0.242184059885513
0.29528426619656234,0.21022476862053768,0.250330542089026,0.24416042309387395
0.29219363279546445,0.21805494984736154,0.2459659834278238,0.2437854339293502
0.28742249778565104,0.21612046058458814,0.25730735163861823,0.2391496899911426
0.2858414959928762,0.21905609973285842,0.25957257346393586,0.23552983081032947
0.29236912156166817,0.2209405501330967,0.2559893522626442,0.23070097604259096
0.2800177226406735,0.22374833850243686,0.25963668586619404,0.23659725299069562
0.27252453166815344,0.2216770740410348,0.2649420160570919,0.2408563782337199
0.2728476821192053,0.22163355408388521,0.2635761589403974,0.24194260485651214
0.2757255936675462,0.21767810026385223,0.2642919964819701,0.2423043095866315
0.2668451584114235,0.2217759928603302,0.26729138777331546,0.24408746095493083
0.26827094474153296,0.22058823529411764,0.26737967914438504,0.24376114081996436
0.26359649122807016,0.2219298245614035,0.2692982456140351,0.24517543859649124
0.26616805983282005,0.21733391992960846,0.27276726792784867,0.24373075230972283
0.26065719360568385,0.22291296625222023,0.2753108348134991,0.2411190053285968
0.2598844957796535,0.21812527765437584,0.2772101288316304,0.24478009773434029
0.26142920550377274,0.21171770972037285,0.2831779849090102,0.2436750998668442
0.25659365221278496,0.2168082253017434,0.28430934286991505,0.24228877961555656
0.256021409455843,0.21810883140053525,0.2769848349687779,0.2488849241748439
0.2553285968028419,0.21625222024866786,0.2730905861456483,0.2553285968028419
0.24635761589403973,0.21810154525386313,0.2790286975717439,0.2565121412803532
0.24444444444444444,0.22266666666666668,0.2817777777777778,0.2511111111111111
0.24361233480176211,0.22731277533039648,0.2775330396475771,0.2515418502202643
