C,D,Oc,Od
0.0,0.0,0.0,1.0
0.0,0.0,0.0,1.0
0.0,0.0,0.0,1.0
0.0,0.0,0.0,1.0
0.03571428571428571,0.0,0.0,0.9642857142857143
0.041666666666666664,0.0,0.020833333333333332,0.9375
0.05333333333333334,0.013333333333333334,0.03333333333333333,0.9
0.08482142857142858,0.022321428571428572,0.04017857142857143,0.8526785714285714
0.1,0.01875,0.05625,0.825
0.12641083521444696,0.01580135440180587,0.06997742663656885,0.7878103837471784
0.14186851211072665,0.01730103806228374,0.08650519031141868,0.754325259515571
0.15586206896551724,0.023448275862068966,0.09793103448275862,0.7227586206896551
0.171875,0.03125,0.109375,0.6875
0.18733031674208145,0.03800904977375565,0.11855203619909502,0.6561085972850679
0.19648318042813456,0.04510703363914373,0.12232415902140673,0.636085626911315
0.20541611624834874,0.05416116248348745,0.1261558784676354,0.6142668428005285
0.2144535840188014,0.060517038777908344,0.12514688601645124,0.599882491186839
0.22108660570199032,0.06777837547068316,0.12049488972565896,0.5906401291016675
0.226321036889332,0.07228315054835494,0.11864406779661017,0.5827517447657029
0.22784810126582278,0.07172995780590717,0.12001875293014534,0.5804031879981247
0.23537234042553193,0.0749113475177305,0.12101063829787234,0.5687056737588653
0.24218089602704987,0.07776838546069316,0.1242603550295858,0.5557903634826712
0.2459016393442623,0.0778688524590164,0.12540983606557377,0.5508196721311476
0.24556451612903227,0.07903225806451612,0.12580645161290321,0.5495967741935484
0.24379503602882305,0.08366693354683746,0.12489991993594876,0.5476381104883907
0.2428,0.0872,0.1244,0.5456
0.2428,0.0892,0.124,0.544
0.242,0.0908,0.1256,0.5416
0.2408,0.0912,0.1288,0.5392
0.2396,0.0944,0.1312,0.5348
0.2416,0.0944,0.1316,0.5324
0.244,0.0944,0.134,0.5276
0.2432,0.0964,0.1352,0.5252
0.2436,0.096,0.1372,0.5232
0.2444,0.0964,0.1392,0.52
0.2424,0.0984,0.1424,0.5168
0.2424,0.0988,0.1428,0.516
0.24,0.0996,0.1452,0.5152
0.2408,0.1,0.1464,0.5128
0.2408,0.1008,0.1468,0.5116
0.24,0.1036,0.1468,0.5096
0.2396,0.1064,0.1472,0.5068
0.24,0.1088,0.1464,0.5048
0.2392,0.1112,0.148,0.5016
0.2392,0.1144,0.1488,0.4976
0.2408,0.1156,0.1496,0.494
0.2404,0.1188,0.1508,0.49
0.2392,0.1196,0.1536,0.4876
0.24,0.1208,0.1548,0.4844
0.2412,0.1232,0.1564,0.4792
0.2432,0.1224,0.1584,0.476
0.2416,0.1228,0.1584,0.4772
0.24,0.1248,0.1596,0.4756
0.2396,0.1252,0.1604,0.4748
0.24,0.1236,0.1636,0.4728
0.238,0.1236,0.1636,0.4748
0.2396,0.124,0.1652,0.4712
0.2388,0.1256,0.1652,0.4704
0.2404,0.1288,0.1664,0.4644
0.2432,0.1308,0.166,0.46
0.2436,0.1312,0.168,0.4572
0.2436,0.1324,0.1696,0.4544
0.246,0.1336,0.1684,0.452
0.2472,0.1352,0.1692,0.4484
0.2496,0.1356,0.1688,0.446
0.2488,0.138,0.168,0.4452
0.2484,0.1396,0.1672,0.4448
0.2476,0.1428,0.1676,0.442
0.2464,0.1436,0.1676,0.4424
0.244,0.1452,0.1672,0.4436
0.2444,0.1468,0.1672,0.4416
0.2464,0.1472,0.1676,0.4388
0.248,0.148,0.1664,0.4376
0.2452,0.1504,0.1676,0.4368
0.2444,0.1504,0.1684,0.4368
0.2436,0.1536,0.1688,0.434
0.244,0.1572,0.168,0.4308
0.242,0.1584,0.1676,0.432
0.2416,0.1596,0.1688,0.43
0.2428,0.158,0.1716,0.4276
0.244,0.1572,0.1716,0.4272
0.2452,0.1576,0.172,0.4252
0.2452,0.1596,0.1728,0.4224
0.2444,0.1596,0.172,0.424
0.2452,0.1592,0.1736,0.422
0.2444,0.1612,0.1752,0.4192
0.246,0.162,0.176,0.416
0.2468,0.1616,0.1768,0.4148
0.2468,0.1616,0.1764,0.4152
0.2444,0.164,0.1784,0.4132
0.2448,0.1636,0.1796,0.412
0.242,0.1652,0.182,0.4108
0.2436,0.164,0.1816,0.4108
0.2416,0.1652,0.184,0.4092
0.2416,0.1656,0.1856,0.4072
0.2428,0.1672,0.184,0.406
0.2416,0.1688,0.1828,0.4068
0.2396,0.1708,0.1836,0.406
0.2388,0.1712,0.184,0.406
0.2376,0.172,0.1848,0.4056
0.2364,0.1728,0.1856,0.4052
0.2368,0.1744,0.186,0.4028
0.2364,0.1756,0.1856,0.4024
0.2368,0.1764,0.186,0.4008
0.238,0.1764,0.1876,0.398
0.2376,0.178,0.1868,0.3976
0.2372,0.1772,0.1888,0.3968
0.2348,0.1784,0.1896,0.3972
0.236,0.1768,0.1912,0.396
0.236,0.1796,0.1916,0.3928
0.2356,0.1804,0.1916,0.3924
0.2352,0.18,0.1912,0.3936
0.2352,0.1792,0.192,0.3936
0.2364,0.1796,0.19,0.394
0.2372,0.1804,0.1912,0.3912
0.2356,0.1816,0.1932,0.3896
0.2364,0.1824,0.1928,0.3884
0.2376,0.1832,0.1924,0.3868
0.236,0.184,0.1932,0.3868
0.2364,0.184,0.196,0.3836
0.2356,0.1844,0.1976,0.3824
0.236,0.1856,0.1972,0.3812
0.238,0.1844,0.1984,0.3792
0.2368,0.186,0.2004,0.3768
0.2376,0.1872,0.1996,0.3756
0.238,0.1884,0.2004,0.3732
0.24,0.1888,0.202,0.3692
0.2396,0.1888,0.2024,0.3692
0.2388,0.1888,0.202,0.3704
0.2384,0.1884,0.2056,0.3676
0.2408,0.1872,0.2052,0.3668
0.242,0.186,0.2044,0.3676
0.2432,0.188,0.202,0.3668
0.2428,0.1876,0.2028,0.3668
0.242,0.188,0.2048,0.3652
0.2416,0.1892,0.206,0.3632
0.2404,0.1904,0.206,0.3632
0.2392,0.1912,0.2072,0.3624
0.2396,0.194,0.2064,0.36
0.2404,0.194,0.2076,0.358
0.24,0.1956,0.2076,0.3568
0.2412,0.1968,0.2072,0.3548
0.2424,0.198,0.2076,0.352
0.242,0.1988,0.2072,0.352
0.2424,0.2,0.2064,0.3512
0.2424,0.2,0.2068,0.3508
0.242,0.2012,0.2064,0.3504
0.2424,0.202,0.2076,0.348
0.2412,0.2024,0.2084,0.348
0.2412,0.2032,0.21,0.3456
0.2416,0.2056,0.2084,0.3444
0.2396,0.206,0.2104,0.344
0.2388,0.2068,0.2104,0.344
0.2384,0.2068,0.2104,0.3444
0.2384,0.2092,0.2116,0.3408
0.2388,0.2116,0.2108,0.3388
0.238,0.2124,0.2124,0.3372
0.238,0.2132,0.2116,0.3372
0.2404,0.2124,0.2108,0.3364
0.2408,0.2104,0.2124,0.3364
0.2392,0.2136,0.2116,0.3356
0.2408,0.2148,0.2116,0.3328
0.24,0.216,0.2136,0.3304
0.24,0.2148,0.2132,0.332
0.2396,0.2148,0.214,0.3316
0.2404,0.216,0.2124,0.3312
0.2388,0.2172,0.214,0.33
0.2372,0.2136,0.2176,0.3316
0.2356,0.212,0.2188,0.3336
0.2332,0.2136,0.2196,0.3336
0.2344,0.2124,0.22,0.3332
0.2348,0.214,0.2196,0.3316
0.2336,0.2176,0.2196,0.3292
0.232,0.2176,0.2204,0.33
0.2316,0.2188,0.2212,0.3284
0.2316,0.2176,0.2216,0.3292
0.2308,0.2188,0.2212,0.3292
0.2316,0.2192,0.222,0.3272
0.2336,0.2196,0.2212,0.3256
0.234,0.2188,0.2212,0.326
0.232,0.22,0.2232,0.3248
0.2324,0.2204,0.2228,0.3244
0.232,0.2192,0.224,0.3248
0.232,0.2204,0.2248,0.3228
0.232,0.2196,0.2248,0.3236
0.234,0.2204,0.2232,0.3224
0.232,0.22,0.2248,0.3232
0.2332,0.22,0.2256,0.3212
0.2336,0.2192,0.2256,0.3216
0.2328,0.2208,0.2256,0.3208
0.2328,0.2208,0.2268,0.3196
0.234,0.2212,0.2268,0.318
0.2348,0.222,0.2272,0.316
0.2348,0.222,0.2264,0.3168
0.2356,0.2216,0.2256,0.3172
0.2352,0.2216,0.2268,0.3164
0.2356,0.222,0.228,0.3144
0.236,0.2236,0.2268,0.3136
0.236,0.2252,0.226,0.3128
0.2344,0.2256,0.2284,0.3116
0.2344,0.2256,0.228,0.312
0.234,0.2256,0.2276,0.3128
0.2324,0.2264,0.2276,0.3136
0.2316,0.2284,0.228,0.312
0.234,0.2268,0.2268,0.3124
0.2332,0.2264,0.2268,0.3136
0.2332,0.2268,0.2264,0.3136
0.2332,0.2272,0.2256,0.314
0.234,0.2276,0.2256,0.3128
0.2344,0.2272,0.226,0.3124
0.2348,0.228,0.2256,0.3116
0.234,0.2276,0.226,0.3124
0.2348,0.2268,0.2264,0.312
0.2348,0.2276,0.2264,0.3112
0.2352,0.2284,0.2268,0.3096
0.2344,0.2276,0.23,0.308
0.2352,0.2284,0.2308,0.3056
0.2348,0.2284,0.23,0.3068
0.2384,0.2276,0.2312,0.3028
0.2388,0.2272,0.2316,0.3024
0.2388,0.2264,0.2324,0.3024
0.2408,0.2264,0.2312,0.3016
0.2432,0.2268,0.2292,0.3008
0.2456,0.226,0.2288,0.2996
0.2436,0.2272,0.2304,0.2988
0.2412,0.2296,0.2316,0.2976
0.2424,0.2288,0.2308,0.298
0.2396,0.2296,0.2312,0.2996
0.24,0.2296,0.2316,0.2988
0.2412,0.2296,0.2328,0.2964
0.242,0.2296,0.2324,0.296
0.242,0.2284,0.2328,0.2968
0.2412,0.228,0.2324,0.2984
0.242,0.2276,0.2324,0.298
0.2416,0.2288,0.232,0.2976
0.2432,0.2272,0.2332,0.2964
0.2432,0.2272,0.234,0.2956
0.2456,0.2272,0.2308,0.2964
0.2464,0.226,0.2312,0.2964
0.244,0.226,0.2336,0.2964
0.2428,0.226,0.2336,0.2976
0.244,0.2256,0.2336,0.2968
0.2444,0.2256,0.2324,0.2976
0.2448,0.2264,0.2328,0.296
0.2444,0.2276,0.2316,0.2964
0.2432,0.2296,0.2312,0.296
0.2436,0.2312,0.2316,0.2936
0.2428,0.2308,0.232,0.2944
0.2436,0.232,0.232,0.2924
0.2444,0.2316,0.2336,0.2904
0.2464,0.2316,0.2316,0.2904
0.2452,0.2304,0.2344,0.29
0.2468,0.2304,0.2336,0.2892
0.2492,0.2332,0.2324,0.2852
0.2508,0.2304,0.234,0.2848
0.2492,0.23,0.2352,0.2856
0.2488,0.2316,0.2368,0.2828
0.2492,0.2324,0.2368,0.2816
0.2496,0.2316,0.2352,0.2836
0.2496,0.2332,0.2372,0.28
0.248,0.2348,0.2368,0.2804
0.248,0.236,0.2356,0.2804
0.2468,0.2372,0.2368,0.2792
0.2448,0.236,0.24,0.2792
0.2432,0.2352,0.2408,0.2808
0.2452,0.2348,0.2412,0.2788
0.2452,0.2364,0.2408,0.2776
0.2468,0.2364,0.2408,0.276
0.2452,0.236,0.2396,0.2792
0.2448,0.2364,0.2396,0.2792
0.2444,0.2368,0.2408,0.278
0.2432,0.2372,0.2404,0.2792
0.2428,0.2348,0.2412,0.2812
0.242,0.2352,0.2412,0.2816
0.2424,0.2324,0.2432,0.282
0.2432,0.2316,0.242,0.2832
0.244,0.2288,0.2432,0.284
0.2456,0.228,0.2428,0.2836
0.246,0.2284,0.242,0.2836
0.2464,0.2296,0.242,0.282
0.2444,0.2316,0.2428,0.2812
0.244,0.2332,0.2448,0.278
0.2424,0.2344,0.2444,0.2788
0.2408,0.236,0.244,0.2792
0.2396,0.2376,0.2444,0.2784
0.2388,0.2368,0.2448,0.2796
0.2376,0.238,0.2436,0.2808
0.238,0.2372,0.2424,0.2824
0.24,0.2344,0.242,0.2836
0.2396,0.2372,0.2416,0.2816
0.2408,0.2356,0.242,0.2816
0.2404,0.2364,0.2432,0.28
0.2392,0.238,0.2428,0.28
0.2408,0.2352,0.2436,0.2804
0.24,0.2384,0.2436,0.278
0.2388,0.2384,0.2452,0.2776
0.2388,0.2396,0.2444,0.2772
0.2392,0.2388,0.244,0.278
0.24,0.238,0.244,0.278
0.2396,0.2376,0.244,0.2788
0.2392,0.2388,0.242,0.28
0.24,0.2384,0.242,0.2796
0.24,0.24,0.242,0.278
0.2384,0.24,0.242,0.2796
0.238,0.2404,0.2412,0.2804
0.2388,0.24,0.2412,0.28
0.24,0.2404,0.2412,0.2784
0.2384,0.2416,0.2392,0.2808
0.2416,0.242,0.2388,0.2776
0.2416,0.2416,0.238,0.2788
0.2408,0.242,0.2376,0.2796
0.2412,0.2428,0.2396,0.2764
0.24,0.2424,0.2416,0.276
0.24,0.2428,0.2412,0.276
0.2392,0.2424,0.2412,0.2772
0.2356,0.2432,0.2436,0.2776
0.2368,0.2428,0.2424,0.278
0.2356,0.2444,0.2436,0.2764
0.238,0.2464,0.2408,0.2748
0.2396,0.2456,0.2408,0.274
0.2392,0.2484,0.2392,0.2732
0.2364,0.2492,0.2408,0.2736
0.2348,0.25,0.2412,0.274
0.2344,0.2508,0.2408,0.274
0.234,0.2508,0.24,0.2752
0.2344,0.25,0.24,0.2756
0.2356,0.2508,0.2396,0.274
0.2348,0.2508,0.2384,0.276
0.2348,0.2508,0.2396,0.2748
0.2356,0.25,0.24,0.2744
0.2368,0.2504,0.2392,0.2736
0.2376,0.2504,0.2404,0.2716
0.2372,0.25,0.2404,0.2724
0.2368,0.2488,0.2412,0.2732
0.2384,0.2476,0.2408,0.2732
0.2376,0.2476,0.242,0.2728
0.238,0.248,0.2396,0.2744
0.2376,0.2488,0.2392,0.2744
0.2368,0.2476,0.2416,0.274
0.2376,0.2472,0.242,0.2732
0.2384,0.2472,0.242,0.2724
0.238,0.2468,0.2436,0.2716
0.2364,0.2468,0.244,0.2728
0.2364,0.2492,0.2436,0.2708
0.2344,0.2512,0.2444,0.27
0.2368,0.2484,0.2452,0.2696
0.2352,0.2492,0.2444,0.2712
0.2344,0.2496,0.2452,0.2708
0.2348,0.2496,0.2444,0.2712
0.236,0.2492,0.244,0.2708
0.236,0.2488,0.2432,0.272
0.238,0.2468,0.2448,0.2704
0.2368,0.2484,0.2448,0.27
0.2372,0.2484,0.2452,0.2692
0.236,0.2504,0.2436,0.27
0.2364,0.2504,0.2424,0.2708
0.2356,0.2496,0.2436,0.2712
0.2336,0.2484,0.2472,0.2708
0.2336,0.2492,0.2464,0.2708
0.2324,0.2504,0.2484,0.2688
0.2304,0.2496,0.2492,0.2708
0.2296,0.25,0.2504,0.27
0.23,0.25,0.2496,0.2704
0.2312,0.2476,0.2512,0.27
0.2292,0.248,0.2512,0.2716
0.2324,0.2476,0.2524,0.2676
0.2328,0.2476,0.2512,0.2684
0.2324,0.2468,0.2508,0.27
0.2348,0.2448,0.2492,0.2712
0.2332,0.246,0.2496,0.2712
0.2336,0.2428,0.2508,0.2728
0.234,0.2428,0.2504,0.2728
0.234,0.242,0.25,0.274
0.2348,0.2424,0.2484,0.2744
0.2356,0.2416,0.2516,0.2712
0.2348,0.2432,0.2512,0.2708
0.2324,0.2436,0.254,0.27
0.2316,0.2452,0.2544,0.2688
0.2312,0.2448,0.254,0.27
0.2304,0.248,0.2528,0.2688
0.23,0.2464,0.2548,0.2688
0.2304,0.246,0.2544,0.2692
0.2264,0.2452,0.2576,0.2708
0.2268,0.2448,0.258,0.2704
0.2268,0.2456,0.2584,0.2692
0.2268,0.2472,0.2584,0.2676
0.2256,0.2484,0.258,0.268
0.2268,0.248,0.2588,0.2664
0.2256,0.248,0.2592,0.2672
0.2244,0.2484,0.2576,0.2696
0.2272,0.2472,0.2576,0.268
0.2276,0.2472,0.2572,0.268
0.2264,0.248,0.2572,0.2684
0.228,0.2488,0.256,0.2672
0.228,0.2488,0.2584,0.2648
0.2284,0.2476,0.2604,0.2636
0.2308,0.2452,0.2604,0.2636
0.2304,0.2468,0.2596,0.2632
0.2308,0.248,0.2596,0.2616
0.232,0.2508,0.2572,0.26
0.2296,0.2516,0.2588,0.26
0.2296,0.2512,0.2584,0.2608
0.2292,0.252,0.2588,0.26
0.23,0.2544,0.256,0.2596
0.2296,0.2532,0.258,0.2592
0.2272,0.2556,0.2584,0.2588
0.2292,0.254,0.2576,0.2592
0.23,0.254,0.2564,0.2596
0.2328,0.2516,0.2576,0.258
0.2308,0.2528,0.2584,0.258
0.23,0.2532,0.2588,0.258
0.2324,0.2524,0.2588,0.2564
0.2328,0.2512,0.2592,0.2568
0.2312,0.2492,0.2612,0.2584
0.2312,0.2508,0.26,0.258
0.2308,0.2508,0.2608,0.2576
0.2312,0.2508,0.2632,0.2548
0.2316,0.2508,0.2636,0.254
0.2332,0.25,0.2652,0.2516
0.2316,0.2492,0.2664,0.2528
0.232,0.2488,0.2672,0.252
0.2336,0.248,0.2672,0.2512
0.2336,0.2488,0.266,0.2516
0.2336,0.2484,0.266,0.252
0.2324,0.2476,0.2664,0.2536
0.2336,0.2504,0.2652,0.2508
0.2328,0.2504,0.266,0.2508
0.2316,0.2508,0.2656,0.252
0.2296,0.2516,0.2672,0.2516
0.2312,0.25,0.266,0.2528
0.232,0.2508,0.2648,0.2524
0.2292,0.2516,0.2644,0.2548
0.2284,0.252,0.264,0.2556
0.228,0.252,0.2648,0.2552
0.2288,0.2544,0.2628,0.254
0.2276,0.2532,0.264,0.2552
0.2276,0.2528,0.264,0.2556
0.2268,0.2544,0.2636,0.2552
0.2284,0.2528,0.2648,0.254
0.2296,0.2512,0.2668,0.2524
0.2316,0.2488,0.2672,0.2524
0.2316,0.25,0.2664,0.252
0.2324,0.2492,0.2668,0.2516
0.2336,0.2484,0.2676,0.2504
0.2332,0.2496,0.268,0.2492
0.2348,0.2496,0.2684,0.2472
0.2356,0.248,0.2692,0.2472
0.236,0.2476,0.2688,0.2476
0.2364,0.2476,0.2668,0.2492
0.2368,0.2472,0.266,0.25
0.2368,0.2464,0.2668,0.25
0.2376,0.2476,0.266,0.2488
0.2372,0.248,0.2648,0.25
0.236,0.2508,0.2636,0.2496
0.2356,0.252,0.2616,0.2508
0.238,0.2532,0.2604,0.2484
0.242,0.2504,0.2608,0.2468
0.2424,0.25,0.26,0.2476
0.2424,0.2496,0.26,0.248
0.2412,0.2488,0.2608,0.2492
0.2424,0.248,0.2608,0.2488
0.2448,0.2472,0.26,0.248
0.2448,0.2472,0.2596,0.2484
0.244,0.248,0.26,0.248
0.2432,0.248,0.2596,0.2492
0.2448,0.2456,0.26,0.2496
0.2464,0.246,0.2592,0.2484
0.2448,0.2472,0.2584,0.2496
0.2452,0.2464,0.2576,0.2508
0.2456,0.246,0.2584,0.25
0.2464,0.246,0.2584,0.2492
0.2468,0.2448,0.258,0.2504
0.2472,0.2452,0.2576,0.25
0.2476,0.248,0.2568,0.2476
0.246,0.2488,0.2564,0.2488
0.2468,0.2452,0.2572,0.2508
0.2448,0.2452,0.258,0.252
0.244,0.244,0.2572,0.2548
0.2436,0.2448,0.2572,0.2544
0.2432,0.2452,0.2568,0.2548
0.2452,0.2448,0.2568,0.2532
0.2436,0.2432,0.2588,0.2544
0.2404,0.2456,0.2604,0.2536
0.24,0.2456,0.2592,0.2552
0.2396,0.2456,0.2588,0.256
0.2388,0.2484,0.2584,0.2544
0.238,0.2496,0.2588,0.2536
0.2392,0.2476,0.26,0.2532
0.2392,0.2456,0.2608,0.2544
0.2416,0.2448,0.2604,0.2532
0.2396,0.2452,0.2616,0.2536
0.2396,0.2468,0.2596,0.254
0.2396,0.2452,0.2604,0.2548
0.2388,0.248,0.2572,0.256
0.2376,0.2496,0.2568,0.256
0.2364,0.2496,0.2568,0.2572
0.2384,0.2488,0.2556,0.2572
0.2376,0.2504,0.2536,0.2584
0.238,0.2492,0.2536,0.2592
0.2376,0.2504,0.2536,0.2584
0.238,0.2488,0.2536,0.2596
0.2384,0.2496,0.2536,0.2584
0.2384,0.2512,0.2528,0.2576
0.2396,0.2508,0.2524,0.2572
0.2396,0.2504,0.2532,0.2568
0.24,0.2492,0.254,0.2568
0.2408,0.248,0.2544,0.2568
0.2404,0.2496,0.2544,0.2556
0.242,0.2488,0.2548,0.2544
0.242,0.2504,0.2528,0.2548
0.2408,0.2504,0.254,0.2548
0.2396,0.2516,0.2532,0.2556
0.24,0.2512,0.2548,0.254
0.2412,0.2504,0.2544,0.254
0.2416,0.2492,0.2552,0.254
0.2404,0.2508,0.2552,0.2536
0.2404,0.25,0.2552,0.2544
0.2396,0.2488,0.256,0.2556
0.2388,0.2484,0.2572,0.2556
0.2376,0.2484,0.2592,0.2548
0.2368,0.2488,0.2604,0.254
0.238,0.2476,0.2604,0.254
0.2388,0.2472,0.26,0.254
0.238,0.2472,0.2624,0.2524
0.2392,0.2448,0.2632,0.2528
0.2392,0.2428,0.264,0.254
0.2392,0.2424,0.2644,0.254
0.2388,0.2444,0.2652,0.2516
0.24,0.2444,0.266,0.2496
0.2412,0.244,0.2668,0.248
0.2404,0.2436,0.268,0.248
0.2404,0.2448,0.2684,0.2464
0.2384,0.2464,0.2688,0.2464
0.2388,0.2468,0.2676,0.2468
0.2392,0.2468,0.268,0.246
0.24,0.2468,0.2664,0.2468
0.2416,0.246,0.266,0.2464
0.2428,0.2472,0.2652,0.2448
0.2432,0.2484,0.264,0.2444
0.2448,0.25,0.2624,0.2428
0.2472,0.2496,0.2616,0.2416
0.2456,0.25,0.262,0.2424
0.2456,0.2512,0.2616,0.2416
0.2452,0.2536,0.2624,0.2388
0.2452,0.2548,0.2616,0.2384
0.2468,0.2532,0.2616,0.2384
0.2468,0.254,0.2616,0.2376
0.2484,0.256,0.2584,0.2372
0.2492,0.2536,0.2584,0.2388
0.2492,0.254,0.2584,0.2384
0.2496,0.2556,0.2564,0.2384
0.2496,0.256,0.2548,0.2396
0.2508,0.2544,0.2548,0.24
0.25,0.254,0.2568,0.2392
0.2504,0.2532,0.2564,0.24
0.2508,0.2512,0.2576,0.2404
0.2536,0.2516,0.2564,0.2384
0.254,0.2512,0.2576,0.2372
0.2552,0.2512,0.2564,0.2372
0.256,0.25,0.2548,0.2392
0.2544,0.25,0.2556,0.24
0.2556,0.252,0.2528,0.2396
0.2548,0.2516,0.2548,0.2388
0.2536,0.2532,0.2544,0.2388
0.2536,0.2524,0.2548,0.2392
0.2552,0.2532,0.2536,0.238
0.2544,0.2536,0.2548,0.2372
0.2532,0.2528,0.2576,0.2364
0.2556,0.2528,0.2564,0.2352
0.256,0.2508,0.2572,0.236
0.2568,0.2524,0.2548,0.236
0.2564,0.2532,0.254,0.2364
0.2568,0.2524,0.256,0.2348
0.2584,0.2524,0.2548,0.2344
0.2548,0.2544,0.2564,0.2344
0.254,0.2552,0.2564,0.2344
0.2532,0.2544,0.2584,0.234
0.2524,0.2548,0.2584,0.2344
0.2512,0.2544,0.2592,0.2352
0.25,0.2552,0.2596,0.2352
0.2516,0.2556,0.26,0.2328
0.2532,0.2532,0.2604,0.2332
0.2532,0.2524,0.2616,0.2328
0.2536,0.2508,0.2616,0.234
0.2528,0.2508,0.262,0.2344
0.2536,0.248,0.2624,0.236
0.2532,0.25,0.2612,0.2356
0.254,0.25,0.2604,0.2356
0.2528,0.25,0.262,0.2352
0.2528,0.2504,0.26,0.2368
0.2512,0.2516,0.2608,0.2364
0.2504,0.252,0.2604,0.2372
0.252,0.2512,0.2584,0.2384
0.252,0.252,0.2576,0.2384
0.2528,0.2508,0.2584,0.238
0.25,0.2524,0.2596,0.238
0.252,0.2504,0.2576,0.24
0.2528,0.2504,0.2564,0.2404
0.2536,0.2484,0.2576,0.2404
0.2524,0.2492,0.258,0.2404
0.2532,0.2464,0.258,0.2424
0.254,0.2484,0.258,0.2396
0.256,0.2464,0.2584,0.2392
0.2548,0.2464,0.26,0.2388
0.2556,0.2484,0.2588,0.2372
0.2568,0.2492,0.2568,0.2372
0.258,0.2488,0.2552,0.238
0.2572,0.2488,0.254,0.24
0.2548,0.2512,0.2532,0.2408
0.2556,0.252,0.2524,0.24
0.2544,0.2528,0.2512,0.2416
0.2552,0.2524,0.2512,0.2412
0.256,0.2508,0.2504,0.2428
0.2552,0.2512,0.252,0.2416
0.2548,0.2524,0.2508,0.242
0.2568,0.2516,0.2496,0.242
0.2588,0.2508,0.2488,0.2416
0.26,0.2488,0.2496,0.2416
0.2604,0.2488,0.2496,0.2412
0.2612,0.2484,0.2488,0.2416
0.2588,0.2496,0.2488,0.2428
0.2588,0.2504,0.2472,0.2436
0.2576,0.2512,0.2484,0.2428
0.2544,0.2524,0.25,0.2432
0.254,0.252,0.2516,0.2424
0.2568,0.2512,0.2516,0.2404
0.2572,0.252,0.2508,0.24
0.2556,0.254,0.252,0.2384
0.2572,0.2524,0.2516,0.2388
0.256,0.2504,0.254,0.2396
0.2556,0.2524,0.254,0.238
0.2572,0.2508,0.2536,0.2384
0.2568,0.2504,0.2532,0.2396
0.2568,0.2488,0.2544,0.24
0.258,0.2472,0.252,0.2428
0.2556,0.2484,0.2524,0.2436
0.2532,0.2476,0.2556,0.2436
0.2504,0.2484,0.256,0.2452
0.2516,0.2492,0.2548,0.2444
0.2532,0.248,0.2556,0.2432
0.252,0.2472,0.258,0.2428
0.2516,0.2496,0.2572,0.2416
0.25,0.25,0.2568,0.2432
0.2496,0.2512,0.2564,0.2428
0.2496,0.2512,0.256,0.2432
0.2492,0.25,0.2572,0.2436
0.2512,0.25,0.2564,0.2424
0.2504,0.2496,0.2572,0.2428
0.2488,0.2524,0.2576,0.2412
0.2492,0.2528,0.2576,0.2404
0.2516,0.2512,0.2584,0.2388
0.2516,0.2536,0.2584,0.2364
0.2524,0.2528,0.2568,0.238
0.2536,0.2528,0.2556,0.238
0.2512,0.2524,0.2592,0.2372
0.2512,0.2532,0.2584,0.2372
0.2516,0.2528,0.258,0.2376
0.252,0.2532,0.2576,0.2372
0.2516,0.2516,0.258,0.2388
0.252,0.25,0.258,0.24
0.2528,0.2468,0.2596,0.2408
0.2516,0.2472,0.2608,0.2404
0.2524,0.2472,0.2604,0.24
0.2528,0.2468,0.262,0.2384
0.2512,0.2472,0.2628,0.2388
0.2504,0.246,0.2636,0.24
0.2496,0.2456,0.2668,0.238
0.2484,0.2464,0.2672,0.238
0.2492,0.2452,0.2672,0.2384
0.2504,0.2444,0.2672,0.238
0.2504,0.2432,0.2672,0.2392
0.2504,0.2424,0.2676,0.2396
0.2484,0.2452,0.2668,0.2396
0.2488,0.2444,0.2676,0.2392
0.2468,0.2448,0.2676,0.2408
0.248,0.2452,0.2668,0.24
0.2472,0.2464,0.2652,0.2412
0.2456,0.248,0.2644,0.242
0.246,0.2472,0.2648,0.242
0.2452,0.2452,0.2644,0.2452
0.2444,0.2452,0.2652,0.2452
0.2432,0.2476,0.266,0.2432
0.2448,0.246,0.2652,0.244
0.2468,0.2436,0.264,0.2456
0.2468,0.242,0.2632,0.248
0.2484,0.2448,0.2592,0.2476
0.2492,0.2444,0.258,0.2484
0.2492,0.2436,0.258,0.2492
0.2472,0.2444,0.2584,0.25
0.2488,0.2436,0.2584,0.2492
0.2464,0.2432,0.2604,0.25
0.2488,0.2432,0.2584,0.2496
0.246,0.2432,0.2588,0.252
0.246,0.2428,0.2588,0.2524
0.246,0.244,0.2588,0.2512
0.2452,0.2464,0.2576,0.2508
0.246,0.246,0.2584,0.2496
0.2444,0.2456,0.2584,0.2516
0.244,0.2476,0.2584,0.25
0.2448,0.248,0.2576,0.2496
0.2444,0.248,0.2572,0.2504
0.2428,0.2484,0.2568,0.252
0.2424,0.248,0.2568,0.2528
0.2412,0.2484,0.258,0.2524
0.2416,0.2484,0.2584,0.2516
0.2416,0.2484,0.2596,0.2504
0.2412,0.2496,0.2596,0.2496
0.2416,0.2496,0.2596,0.2492
0.2412,0.252,0.2596,0.2472
0.2432,0.2508,0.2592,0.2468
0.244,0.2492,0.2592,0.2476
0.2444,0.2488,0.2592,0.2476
0.2456,0.2492,0.2584,0.2468
0.2436,0.25,0.2596,0.2468
0.2424,0.2504,0.26,0.2472
0.244,0.2512,0.2596,0.2452
0.2436,0.2524,0.2584,0.2456
0.2416,0.2516,0.2588,0.248
0.2424,0.2528,0.2576,0.2472
0.2428,0.2504,0.2584,0.2484
0.2424,0.2504,0.2576,0.2496
0.242,0.2504,0.258,0.2496
0.2408,0.2512,0.2592,0.2488
0.2432,0.2512,0.2572,0.2484
0.2416,0.2536,0.2548,0.25
0.2424,0.252,0.2572,0.2484
0.2428,0.2524,0.2572,0.2476
0.2424,0.2516,0.256,0.25
0.2444,0.2504,0.2556,0.2496
0.2436,0.2504,0.2572,0.2488
0.2452,0.2504,0.2568,0.2476
0.246,0.2508,0.2572,0.246
0.246,0.2492,0.2588,0.246
0.2444,0.2504,0.2592,0.246
0.2436,0.2516,0.258,0.2468
0.2452,0.2524,0.2572,0.2452
0.2452,0.2516,0.2576,0.2456
0.2436,0.2516,0.2584,0.2464
0.2452,0.2496,0.258,0.2472
0.2472,0.2496,0.2584,0.2448
0.248,0.2508,0.2572,0.244
0.2476,0.25,0.2596,0.2428
0.2488,0.2524,0.2588,0.24
0.25,0.2504,0.2592,0.2404
0.2492,0.2492,0.2612,0.2404
0.2508,0.25,0.2604,0.2388
0.25,0.2496,0.2612,0.2392
0.2488,0.2492,0.2612,0.2408
0.2504,0.2484,0.2616,0.2396
0.2516,0.2496,0.26,0.2388
0.252,0.2484,0.2612,0.2384
0.2512,0.248,0.262,0.2388
0.2504,0.2496,0.26,0.24
0.2504,0.2516,0.258,0.24
0.2504,0.2508,0.2588,0.24
0.2512,0.2492,0.2592,0.2404
0.25,0.2488,0.26,0.2412
0.252,0.2504,0.2572,0.2404
0.2524,0.2496,0.2568,0.2412
0.2516,0.2504,0.2572,0.2408
0.2524,0.2512,0.2556,0.2408
0.2532,0.2492,0.2564,0.2412
0.2532,0.2488,0.2564,0.2416
0.2544,0.2476,0.256,0.242
0.2544,0.2476,0.2564,0.2416
0.2548,0.2476,0.2544,0.2432
0.2544,0.2468,0.2552,0.2436
0.2536,0.246,0.2532,0.2472
0.2516,0.246,0.2536,0.2488
0.2524,0.2456,0.254,0.248
0.2524,0.2468,0.254,0.2468
0.2516,0.2476,0.2528,0.248
0.2536,0.2464,0.252,0.248
0.2516,0.2476,0.2504,0.2504
0.2528,0.2496,0.2504,0.2472
0.2536,0.25,0.25,0.2464
0.2532,0.2504,0.2488,0.2476
0.2524,0.2516,0.2484,0.2476
0.2524,0.25,0.2492,0.2484
0.252,0.2508,0.2476,0.2496
0.2504,0.2508,0.246,0.2528
0.2496,0.2516,0.2452,0.2536
0.2488,0.2528,0.2452,0.2532
0.248,0.2524,0.2452,0.2544
0.248,0.2536,0.2444,0.254
0.2456,0.2544,0.246,0.254
0.2452,0.2536,0.2472,0.254
0.2464,0.252,0.2492,0.2524
0.2468,0.2528,0.2476,0.2528
0.2468,0.2508,0.2496,0.2528
0.2492,0.2508,0.2492,0.2508
0.2488,0.2496,0.2512,0.2504
0.2488,0.2488,0.2544,0.248
0.2488,0.2492,0.256,0.246
0.2508,0.2496,0.2536,0.246
0.2516,0.2488,0.2528,0.2468
0.2524,0.2484,0.252,0.2472
0.252,0.2508,0.2484,0.2488
0.2516,0.2504,0.2508,0.2472
0.2504,0.2528,0.2492,0.2476
0.2488,0.2528,0.2512,0.2472
0.25,0.2508,0.2512,0.248
0.2496,0.25,0.2512,0.2492
0.2492,0.248,0.252,0.2508
0.2492,0.248,0.2508,0.252
0.2512,0.2456,0.2512,0.252
0.2532,0.2428,0.2516,0.2524
0.254,0.2436,0.2512,0.2512
0.256,0.2428,0.2516,0.2496
0.2552,0.2428,0.2532,0.2488
0.2552,0.244,0.2544,0.2464
0.2564,0.246,0.2532,0.2444
0.2568,0.2452,0.254,0.244
0.2588,0.2456,0.2536,0.242
0.2584,0.2452,0.254,0.2424
0.2572,0.2464,0.2564,0.24
0.2564,0.2476,0.2556,0.2404
0.2564,0.2464,0.258,0.2392
0.2556,0.2448,0.2584,0.2412
0.2524,0.2464,0.2584,0.2428
0.2524,0.2444,0.2592,0.244
0.2548,0.2432,0.2584,0.2436
0.2548,0.2424,0.2604,0.2424
0.2536,0.24,0.2636,0.2428
0.2528,0.2404,0.2632,0.2436
0.2544,0.2416,0.2632,0.2408
0.256,0.242,0.262,0.24
0.2564,0.2416,0.262,0.24
0.2544,0.2408,0.2624,0.2424
0.2548,0.2372,0.2632,0.2448
0.2528,0.24,0.264,0.2432
0.2536,0.2412,0.2628,0.2424
0.2532,0.2412,0.2632,0.2424
0.2552,0.2408,0.2636,0.2404
0.2548,0.242,0.2636,0.2396
0.2556,0.2416,0.2644,0.2384
0.2556,0.2424,0.266,0.236
0.2548,0.2412,0.2668,0.2372
0.2536,0.2432,0.2668,0.2364
0.2536,0.244,0.2668,0.2356
0.252,0.246,0.2648,0.2372
0.2512,0.246,0.2652,0.2376
0.25,0.2468,0.2652,0.238
0.2496,0.2476,0.266,0.2368
0.2488,0.2484,0.2672,0.2356
0.2504,0.2476,0.2676,0.2344
0.25,0.2476,0.2684,0.234
0.2508,0.2468,0.2692,0.2332
0.252,0.2472,0.2696,0.2312
0.252,0.2492,0.2692,0.2296
0.252,0.2488,0.2688,0.2304
0.2524,0.2492,0.2688,0.2296
0.2512,0.25,0.2708,0.228
0.2516,0.248,0.2704,0.23
0.2504,0.2492,0.27,0.2304
0.2476,0.2484,0.2712,0.2328
0.2456,0.2496,0.272,0.2328
0.2468,0.2508,0.2692,0.2332
0.2456,0.2516,0.27,0.2328
0.2452,0.2504,0.2708,0.2336
0.2452,0.2508,0.27,0.234
0.2464,0.2508,0.27,0.2328
0.2464,0.2496,0.2708,0.2332
0.2476,0.248,0.2724,0.232
0.2468,0.2472,0.2724,0.2336
0.2468,0.2476,0.2724,0.2332
0.2484,0.2468,0.2712,0.2336
0.2484,0.2476,0.2704,0.2336
0.248,0.2492,0.2688,0.234
0.248,0.2492,0.268,0.2348
0.246,0.2508,0.2692,0.234
0.2448,0.2532,0.27,0.232
0.2444,0.2544,0.268,0.2332
0.2448,0.2528,0.2692,0.2332
0.2452,0.254,0.2688,0.232
0.2452,0.254,0.268,0.2328
0.2448,0.2552,0.2668,0.2332
0.2448,0.2548,0.2664,0.234
0.2428,0.256,0.2664,0.2348
0.2432,0.2548,0.2664,0.2356
0.244,0.2548,0.2672,0.234
0.2432,0.256,0.2664,0.2344
0.242,0.2564,0.2672,0.2344
0.2432,0.2568,0.2672,0.2328
0.2432,0.2556,0.268,0.2332
0.2456,0.256,0.2652,0.2332
0.2444,0.2548,0.2676,0.2332
0.244,0.2536,0.2676,0.2348
0.2432,0.2532,0.2676,0.236
0.2444,0.2548,0.266,0.2348
0.2444,0.2536,0.2664,0.2356
0.2416,0.2564,0.266,0.236
0.2428,0.256,0.264,0.2372
0.242,0.2568,0.2652,0.236
0.2388,0.2564,0.2668,0.238
0.2376,0.2548,0.2664,0.2412
0.2348,0.2568,0.2664,0.242
0.236,0.2572,0.2648,0.242
0.236,0.2568,0.2652,0.242
0.236,0.2572,0.2664,0.2404
0.2364,0.2576,0.2636,0.2424
0.2364,0.256,0.2628,0.2448
0.2376,0.2564,0.2604,0.2456
0.2408,0.2572,0.2568,0.2452
0.2388,0.2572,0.2588,0.2452
0.2396,0.2568,0.2584,0.2452
0.2396,0.258,0.2568,0.2456
0.2388,0.2584,0.2588,0.244
0.2388,0.256,0.26,0.2452
0.238,0.2572,0.2588,0.246
0.238,0.2584,0.2576,0.246
0.2368,0.2584,0.2584,0.2464
0.2392,0.2576,0.2572,0.246
0.2376,0.256,0.2572,0.2492
0.2376,0.2548,0.256,0.2516
0.238,0.2568,0.2548,0.2504
0.238,0.2568,0.252,0.2532
0.2384,0.256,0.2528,0.2528
0.2388,0.2552,0.252,0.254
0.2388,0.2552,0.252,0.254
0.2396,0.2536,0.2516,0.2552
0.2384,0.254,0.252,0.2556
0.2388,0.2552,0.25,0.256
0.2412,0.2528,0.2492,0.2568
0.2416,0.254,0.2484,0.256
0.2408,0.2532,0.2484,0.2576
0.24,0.2536,0.2496,0.2568
0.2388,0.2532,0.2516,0.2564
0.238,0.2548,0.2512,0.256
0.2384,0.256,0.2492,0.2564
0.2392,0.2548,0.2496,0.2564
0.2392,0.2552,0.2496,0.256
0.2392,0.2564,0.2508,0.2536
0.2392,0.256,0.2516,0.2532
0.2384,0.2556,0.2508,0.2552
0.2404,0.2564,0.2512,0.252
0.238,0.2568,0.254,0.2512
0.2388,0.2556,0.2532,0.2524
0.2376,0.2556,0.254,0.2528
0.2392,0.254,0.254,0.2528
0.2404,0.2536,0.254,0.252
0.2436,0.2536,0.2528,0.25
0.2436,0.2524,0.2524,0.2516
0.2468,0.25,0.2516,0.2516
0.248,0.2504,0.2516,0.25
0.248,0.2512,0.2508,0.25
0.2476,0.2508,0.25,0.2516
0.2472,0.2532,0.2492,0.2504
0.2464,0.2528,0.2496,0.2512
0.246,0.2544,0.25,0.2496
0.2456,0.256,0.2492,0.2492
0.2452,0.2556,0.2496,0.2496
0.2448,0.2552,0.2488,0.2512
0.2464,0.2552,0.2468,0.2516
0.2464,0.2552,0.2464,0.252
0.2472,0.256,0.246,0.2508
0.2468,0.2572,0.2464,0.2496
0.2464,0.2584,0.2456,0.2496
0.246,0.258,0.2464,0.2496
0.2456,0.2576,0.2492,0.2476
0.2452,0.2588,0.2488,0.2472
0.2452,0.2588,0.2484,0.2476
0.2464,0.2588,0.2484,0.2464
0.2472,0.2588,0.248,0.246
0.2472,0.26,0.2484,0.2444
0.2488,0.2616,0.2452,0.2444
0.2476,0.262,0.2468,0.2436
0.246,0.2612,0.2496,0.2432
0.2468,0.2612,0.2504,0.2416
0.2464,0.2596,0.252,0.242
0.2456,0.2604,0.252,0.242
0.2464,0.2596,0.2516,0.2424
0.248,0.2592,0.2516,0.2412
0.2484,0.2564,0.2532,0.242
0.248,0.2568,0.2544,0.2408
0.2476,0.2556,0.2552,0.2416
0.2516,0.254,0.2532,0.2412
0.2512,0.2516,0.2552,0.242
0.2516,0.2508,0.256,0.2416
0.2528,0.2496,0.2548,0.2428
0.254,0.2488,0.2552,0.242
0.2532,0.2476,0.2572,0.242
0.2532,0.248,0.258,0.2408
0.2516,0.2484,0.258,0.242
0.252,0.2496,0.2556,0.2428
0.2504,0.2512,0.2556,0.2428
0.2508,0.2524,0.2556,0.2412
0.25,0.2532,0.2564,0.2404
0.2476,0.2516,0.258,0.2428
0.2472,0.2504,0.2588,0.2436
0.2468,0.25,0.2596,0.2436
0.2476,0.2512,0.2584,0.2428
0.2472,0.2512,0.2596,0.242
0.2472,0.2496,0.2612,0.242
0.2464,0.2496,0.262,0.242
0.2468,0.248,0.2632,0.242
0.2468,0.2468,0.2632,0.2432
0.2468,0.2492,0.2608,0.2432
0.2472,0.248,0.2628,0.242
0.2488,0.2476,0.2632,0.2404
0.2488,0.248,0.2628,0.2404
0.252,0.2468,0.2616,0.2396
0.2516,0.2464,0.2612,0.2408
0.2528,0.2468,0.2608,0.2396
0.2528,0.2456,0.2612,0.2404
0.2508,0.2444,0.2628,0.242
0.252,0.244,0.2616,0.2424
0.2524,0.2432,0.26,0.2444
0.2524,0.2416,0.2608,0.2452
0.2516,0.2416,0.26,0.2468
0.252,0.2416,0.2584,0.248
0.2544,0.2412,0.2564,0.248
0.2528,0.2412,0.2568,0.2492
0.2536,0.2428,0.256,0.2476
0.254,0.244,0.2564,0.2456
0.2528,0.2444,0.2576,0.2452
0.252,0.2444,0.2584,0.2452
0.2532,0.2444,0.2616,0.2408
0.2496,0.2444,0.2612,0.2448
0.25,0.244,0.2608,0.2452
0.2516,0.2452,0.2604,0.2428
0.2492,0.2464,0.2596,0.2448
0.2496,0.2464,0.2592,0.2448
0.2488,0.2452,0.2608,0.2452
0.2496,0.2452,0.2608,0.2444
0.248,0.2448,0.2612,0.246
0.2472,0.2472,0.2604,0.2452
0.2456,0.2476,0.2612,0.2456
0.246,0.2484,0.2608,0.2448
0.246,0.2484,0.2624,0.2432
0.2464,0.2484,0.2632,0.242
0.2452,0.2476,0.2664,0.2408
0.248,0.2472,0.2644,0.2404
0.2472,0.2488,0.2636,0.2404
0.2484,0.2492,0.2636,0.2388
0.2452,0.2504,0.2652,0.2392
0.246,0.2488,0.2632,0.242
0.2476,0.2492,0.2616,0.2416
0.2484,0.2488,0.262,0.2408
0.246,0.25,0.2608,0.2432
0.246,0.2496,0.2624,0.242
0.2468,0.2488,0.2616,0.2428
0.2472,0.2472,0.262,0.2436
0.2472,0.2476,0.2612,0.244
0.2472,0.2496,0.2596,0.2436
0.244,0.25,0.2612,0.2448
0.2424,0.2516,0.2616,0.2444
0.2416,0.2516,0.2612,0.2456
0.2408,0.2512,0.2624,0.2456
0.2416,0.2512,0.262,0.2452
0.2396,0.2512,0.2624,0.2468
0.24,0.2504,0.2636,0.246
0.2416,0.2496,0.2636,0.2452
0.2436,0.2496,0.2648,0.242
0.2436,0.2468,0.2648,0.2448
0.2452,0.2456,0.264,0.2452
0.246,0.2432,0.2636,0.2472
0.2452,0.242,0.264,0.2488
0.2464,0.2408,0.2648,0.248
0.2448,0.2412,0.2652,0.2488
0.248,0.2404,0.266,0.2456
0.2476,0.242,0.2652,0.2452
0.248,0.2412,0.266,0.2448
0.25,0.2396,0.2656,0.2448
0.2496,0.2404,0.2652,0.2448
0.2488,0.24,0.2668,0.2444
0.2492,0.2388,0.2652,0.2468
0.2484,0.2388,0.2656,0.2472
0.25,0.24,0.2648,0.2452
0.2504,0.2384,0.2652,0.246
0.2516,0.2376,0.268,0.2428
0.2528,0.24,0.2656,0.2416
0.2536,0.2392,0.2664,0.2408
0.2548,0.2376,0.2664,0.2412
0.2544,0.2372,0.2672,0.2412
0.254,0.2376,0.2652,0.2432
0.2536,0.2384,0.2636,0.2444
0.2544,0.2384,0.2644,0.2428
0.2544,0.2376,0.2636,0.2444
0.2556,0.2364,0.2632,0.2448
0.2576,0.234,0.2628,0.2456
0.2588,0.2348,0.2636,0.2428
0.258,0.2356,0.264,0.2424
0.2572,0.2352,0.2664,0.2412
0.2568,0.2356,0.266,0.2416
0.2556,0.2364,0.2652,0.2428
0.2548,0.238,0.2636,0.2436
0.2548,0.2396,0.2612,0.2444
0.256,0.2412,0.2596,0.2432
0.2544,0.2412,0.262,0.2424
0.2548,0.2408,0.2604,0.244
0.2556,0.2416,0.2612,0.2416
0.2564,0.2424,0.262,0.2392
0.2528,0.244,0.264,0.2392
0.2528,0.244,0.264,0.2392
0.2528,0.246,0.2628,0.2384
0.2536,0.246,0.262,0.2384
0.2544,0.2472,0.2612,0.2372
0.2536,0.248,0.2612,0.2372
0.254,0.2472,0.2616,0.2372
0.254,0.2464,0.2612,0.2384
0.2552,0.246,0.2616,0.2372
0.2556,0.246,0.2628,0.2356
0.2544,0.2468,0.2628,0.236
0.2532,0.2484,0.262,0.2364
0.2548,0.2492,0.2608,0.2352
0.2532,0.2496,0.2616,0.2356
0.2532,0.2488,0.2624,0.2356
0.2544,0.2484,0.262,0.2352
0.252,0.2508,0.262,0.2352
0.2532,0.2504,0.2612,0.2352
0.2512,0.2516,0.2636,0.2336
0.2524,0.2524,0.2648,0.2304
0.252,0.2504,0.266,0.2316
0.2528,0.2504,0.2656,0.2312
0.2544,0.2496,0.2652,0.2308
0.2528,0.2484,0.2664,0.2324
0.2532,0.2484,0.2668,0.2316
0.252,0.2484,0.2672,0.2324
0.2508,0.2504,0.2676,0.2312
0.252,0.2484,0.2672,0.2324
0.2528,0.2468,0.268,0.2324
0.254,0.2464,0.266,0.2336
0.2536,0.246,0.266,0.2344
0.2536,0.2456,0.2652,0.2356
0.2572,0.2436,0.264,0.2352
0.2568,0.2448,0.2648,0.2336
0.2568,0.2432,0.264,0.236
0.256,0.2436,0.2632,0.2372
0.254,0.2436,0.2684,0.234
0.2544,0.2452,0.2664,0.234
0.2536,0.2428,0.2668,0.2368
0.254,0.2436,0.2648,0.2376
0.254,0.2436,0.2624,0.24
0.2528,0.2448,0.2632,0.2392
0.2572,0.2432,0.2616,0.238
0.256,0.2456,0.2612,0.2372
0.2568,0.2464,0.2592,0.2376
0.2584,0.2472,0.2572,0.2372
0.2572,0.2468,0.2588,0.2372
0.2592,0.2436,0.2608,0.2364
0.2596,0.2424,0.2612,0.2368
0.2592,0.2436,0.2604,0.2368
0.2576,0.2452,0.2596,0.2376
0.2588,0.2448,0.26,0.2364
0.2572,0.2428,0.2644,0.2356
0.2552,0.2428,0.2648,0.2372
0.2532,0.2424,0.2672,0.2372
0.2528,0.244,0.2672,0.236
0.2516,0.2464,0.2656,0.2364
0.252,0.2448,0.2656,0.2376
0.2524,0.2432,0.2664,0.238
0.2544,0.2404,0.266,0.2392
0.254,0.2392,0.2652,0.2416
0.2532,0.238,0.266,0.2428
0.2536,0.2396,0.2636,0.2432
0.254,0.238,0.2632,0.2448
0.2544,0.2376,0.262,0.246
0.2532,0.2372,0.2632,0.2464
0.2536,0.2388,0.262,0.2456
0.2548,0.2384,0.26,0.2468
0.2536,0.2408,0.2576,0.248
0.2532,0.2408,0.2576,0.2484
0.2548,0.2412,0.2556,0.2484
0.2572,0.2396,0.2544,0.2488
0.2568,0.2392,0.2544,0.2496
0.2564,0.2404,0.2544,0.2488
0.2548,0.2392,0.2556,0.2504
0.2568,0.2392,0.2524,0.2516
0.256,0.2388,0.252,0.2532
0.2552,0.2384,0.252,0.2544
0.2536,0.2372,0.2532,0.256
0.2552,0.2348,0.2524,0.2576
0.256,0.2344,0.254,0.2556
0.256,0.234,0.254,0.256
0.2556,0.2352,0.2544,0.2548
0.2588,0.2344,0.2536,0.2532
0.26,0.2364,0.2532,0.2504
0.2588,0.2384,0.2524,0.2504
0.2568,0.2404,0.2508,0.252
0.258,0.24,0.248,0.254
0.258,0.24,0.2492,0.2528
0.258,0.24,0.2484,0.2536
0.2588,0.2404,0.2484,0.2524
0.2568,0.2404,0.2488,0.254
0.2572,0.2404,0.2488,0.2536
0.2568,0.2392,0.25,0.254
0.2552,0.24,0.2496,0.2552
0.2536,0.24,0.2504,0.256
0.2536,0.2388,0.2516,0.256
0.2544,0.238,0.2508,0.2568
0.2564,0.2396,0.2484,0.2556
0.2568,0.24,0.2488,0.2544
0.2576,0.2408,0.2472,0.2544
0.2572,0.2396,0.2488,0.2544
0.2552,0.2412,0.2488,0.2548
0.2556,0.2424,0.2476,0.2544
0.256,0.2424,0.248,0.2536
0.2548,0.2424,0.2488,0.254
0.2532,0.2424,0.2488,0.2556
0.2536,0.2416,0.2488,0.256
0.2536,0.2428,0.2472,0.2564
0.2552,0.2416,0.2468,0.2564
0.256,0.2428,0.2464,0.2548
0.2556,0.2432,0.246,0.2552
0.2552,0.2436,0.2468,0.2544
0.2536,0.2448,0.248,0.2536
0.2532,0.2448,0.2484,0.2536
0.2528,0.2444,0.2496,0.2532
0.252,0.244,0.2492,0.2548
0.2516,0.2436,0.2516,0.2532
0.25,0.2456,0.2508,0.2536
0.2504,0.2452,0.252,0.2524
0.2508,0.2448,0.2516,0.2528
0.2492,0.2488,0.25,0.252
0.2476,0.2504,0.2516,0.2504
0.2472,0.2512,0.2528,0.2488
0.248,0.2512,0.252,0.2488
0.2488,0.2524,0.2508,0.248
0.2492,0.252,0.2504,0.2484
0.2484,0.2516,0.254,0.246
0.2516,0.2504,0.2544,0.2436
0.2508,0.252,0.2544,0.2428
0.252,0.2512,0.254,0.2428
0.2532,0.252,0.2536,0.2412
0.2564,0.2524,0.2504,0.2408
0.2572,0.2516,0.2516,0.2396
0.2552,0.2532,0.2508,0.2408
0.256,0.2528,0.25,0.2412
0.2548,0.2528,0.2512,0.2412
0.2536,0.254,0.2496,0.2428
0.2528,0.2532,0.2492,0.2448
0.2528,0.2548,0.2488,0.2436
0.2536,0.2544,0.25,0.242
0.2528,0.2528,0.2516,0.2428
0.2536,0.252,0.2508,0.2436
0.2524,0.2516,0.2528,0.2432
0.25,0.2512,0.254,0.2448
0.248,0.2532,0.2548,0.244
0.2452,0.2544,0.2552,0.2452
0.2436,0.2552,0.256,0.2452
0.2428,0.256,0.2568,0.2444
0.2444,0.2532,0.258,0.2444
0.2436,0.2512,0.2596,0.2456
0.2436,0.2512,0.2588,0.2464
0.244,0.252,0.2592,0.2448
0.2448,0.2516,0.2576,0.246
0.244,0.254,0.2564,0.2456
0.2444,0.2524,0.258,0.2452
0.2452,0.2524,0.2576,0.2448
0.2448,0.2536,0.2568,0.2448
0.2452,0.2536,0.2568,0.2444
0.2468,0.2508,0.256,0.2464
0.2436,0.2512,0.2572,0.248
0.242,0.252,0.2588,0.2472
0.2404,0.2496,0.2608,0.2492
0.2408,0.2512,0.2596,0.2484
0.2372,0.2528,0.2596,0.2504
0.2364,0.2508,0.2616,0.2512
0.2372,0.2512,0.2588,0.2528
0.2368,0.252,0.258,0.2532
0.2372,0.2516,0.2576,0.2536
0.236,0.2524,0.2584,0.2532
0.2368,0.2508,0.26,0.2524
0.2404,0.2508,0.2576,0.2512
0.2392,0.252,0.256,0.2528
0.2404,0.2504,0.2548,0.2544
0.2424,0.2488,0.254,0.2548
0.242,0.25,0.2528,0.2552
0.242,0.2512,0.252,0.2548
0.2432,0.2516,0.2512,0.254
0.2448,0.2528,0.2504,0.252
0.2448,0.2512,0.25,0.254
0.2452,0.25,0.2512,0.2536
0.246,0.2476,0.2536,0.2528
0.2444,0.2492,0.2536,0.2528
0.2428,0.2512,0.2532,0.2528
0.2416,0.2516,0.2544,0.2524
0.24,0.252,0.2552,0.2528
0.2372,0.2524,0.2548,0.2556
0.238,0.2528,0.2548,0.2544
0.2388,0.2516,0.2544,0.2552
0.24,0.2516,0.2544,0.254
0.2392,0.2524,0.2548,0.2536
0.2392,0.2536,0.2528,0.2544
0.2408,0.2528,0.2528,0.2536
0.24,0.2532,0.2532,0.2536
0.2404,0.2504,0.2548,0.2544
0.2396,0.2508,0.2552,0.2544
0.24,0.25,0.2552,0.2548
0.2396,0.2508,0.256,0.2536
0.2412,0.2512,0.2564,0.2512
0.24,0.254,0.2548,0.2512
0.2396,0.2532,0.2564,0.2508
0.2396,0.2524,0.2576,0.2504
0.2396,0.252,0.2572,0.2512
0.2404,0.2496,0.2576,0.2524
0.2416,0.248,0.2576,0.2528
0.2424,0.2488,0.2572,0.2516
0.2452,0.2472,0.2552,0.2524
0.2436,0.2468,0.2556,0.254
0.2432,0.2476,0.2564,0.2528
0.2432,0.2484,0.2568,0.2516
0.2436,0.248,0.258,0.2504
0.2444,0.2496,0.256,0.25
0.2432,0.248,0.2564,0.2524
0.2428,0.2492,0.256,0.252
0.2412,0.2492,0.2564,0.2532
0.2424,0.2488,0.2548,0.254
0.2444,0.2476,0.2524,0.2556
0.2452,0.2464,0.252,0.2564
0.246,0.2468,0.2508,0.2564
0.2468,0.2448,0.2516,0.2568
0.2484,0.2436,0.2536,0.2544
0.248,0.2444,0.2532,0.2544
0.2472,0.246,0.2524,0.2544
0.2464,0.2476,0.2516,0.2544
0.2468,0.2444,0.2524,0.2564
0.2464,0.2452,0.2508,0.2576
0.2464,0.2452,0.252,0.2564
0.2468,0.2448,0.2516,0.2568
0.246,0.2452,0.2508,0.258
0.2444,0.2428,0.252,0.2608
0.2448,0.2424,0.2512,0.2616
0.2448,0.2436,0.2504,0.2612
0.2456,0.2412,0.2508,0.2624
0.2464,0.242,0.25,0.2616
0.2476,0.2412,0.2492,0.262
0.2484,0.2408,0.2512,0.2596
0.248,0.2412,0.2508,0.26
0.2496,0.2396,0.25,0.2608
0.2488,0.2388,0.2516,0.2608
0.25,0.2384,0.2504,0.2612
0.248,0.24,0.2508,0.2612
0.2488,0.2408,0.2492,0.2612
0.2464,0.242,0.2508,0.2608
0.2472,0.2428,0.2492,0.2608
0.2476,0.2444,0.2492,0.2588
0.2464,0.2424,0.25,0.2612
0.246,0.2424,0.2496,0.262
0.246,0.2432,0.2492,0.2616
0.246,0.244,0.2492,0.2608
0.2452,0.2428,0.2508,0.2612
0.2456,0.2432,0.252,0.2592
0.2472,0.2432,0.252,0.2576
0.2456,0.2428,0.2528,0.2588
0.2464,0.2412,0.2524,0.26
0.2476,0.24,0.2524,0.26
0.246,0.2412,0.2524,0.2604
0.246,0.2412,0.252,0.2608
0.2468,0.2408,0.2516,0.2608
0.2476,0.2404,0.2504,0.2616
0.2476,0.2416,0.2492,0.2616
0.2468,0.2424,0.2492,0.2616
0.2472,0.2404,0.2496,0.2628
0.2484,0.2388,0.2512,0.2616
0.2464,0.2412,0.2512,0.2612
0.2456,0.2408,0.2524,0.2612
0.2456,0.24,0.2536,0.2608
0.2444,0.24,0.2536,0.262
0.2448,0.2392,0.2516,0.2644
0.244,0.2392,0.2528,0.264
0.2444,0.24,0.2512,0.2644
0.2456,0.2416,0.2512,0.2616
0.2444,0.2428,0.2504,0.2624
0.2456,0.2436,0.2504,0.2604
0.246,0.2456,0.2508,0.2576
0.2456,0.2476,0.2508,0.256
0.248,0.2468,0.2508,0.2544
0.2484,0.2456,0.2516,0.2544
0.248,0.2428,0.2544,0.2548
0.2472,0.2436,0.254,0.2552
0.2468,0.2436,0.2544,0.2552
0.246,0.2428,0.2548,0.2564
0.2452,0.2424,0.2564,0.256
0.242,0.2412,0.2572,0.2596
0.2404,0.2432,0.2568,0.2596
0.2384,0.242,0.258,0.2616
0.238,0.2424,0.2576,0.262
0.2396,0.2416,0.2584,0.2604
0.2408,0.2408,0.2576,0.2608
0.2424,0.24,0.2576,0.26
0.244,0.24,0.256,0.26
0.2432,0.2396,0.2576,0.2596
0.2444,0.2388,0.2584,0.2584
0.2424,0.2392,0.2588,0.2596
0.2432,0.24,0.258,0.2588
0.2412,0.2408,0.2588,0.2592
0.2424,0.2424,0.2584,0.2568
0.242,0.24,0.26,0.258
0.24,0.2428,0.2588,0.2584
0.2408,0.2408,0.2592,0.2592
0.2424,0.2384,0.2572,0.262
0.2436,0.238,0.256,0.2624
0.2444,0.2384,0.256,0.2612
0.2444,0.2392,0.2564,0.26
0.2436,0.2388,0.2568,0.2608
0.2424,0.2392,0.2588,0.2596
0.242,0.2396,0.2596,0.2588
0.2436,0.2376,0.2612,0.2576
0.2436,0.236,0.262,0.2584
0.2452,0.2364,0.2604,0.258
0.2452,0.2372,0.2612,0.2564
0.246,0.2364,0.26,0.2576
0.2476,0.2372,0.26,0.2552
0.2508,0.2368,0.2588,0.2536
0.2504,0.238,0.2588,0.2528
0.2504,0.2364,0.2604,0.2528
0.2488,0.2372,0.26,0.254
0.2484,0.2368,0.2616,0.2532
0.2484,0.236,0.2612,0.2544
0.248,0.2372,0.2604,0.2544
0.2492,0.2384,0.2604,0.252
0.2484,0.24,0.2612,0.2504
0.2508,0.2384,0.2616,0.2492
0.2504,0.2368,0.2624,0.2504
0.2488,0.2384,0.2636,0.2492
0.2472,0.2384,0.2632,0.2512
0.248,0.2368,0.2624,0.2528
0.2476,0.2356,0.2636,0.2532
0.2476,0.234,0.264,0.2544
0.246,0.2336,0.2628,0.2576
0.246,0.234,0.2624,0.2576
0.2444,0.2356,0.2624,0.2576
0.2444,0.2348,0.262,0.2588
0.2448,0.2348,0.2612,0.2592
0.2436,0.2352,0.2624,0.2588
0.2424,0.2348,0.264,0.2588
0.2436,0.2348,0.2628,0.2588
0.2428,0.2352,0.2628,0.2592
0.24,0.2352,0.2656,0.2592
0.2408,0.2328,0.268,0.2584
0.2388,0.2328,0.2712,0.2572
0.2396,0.2324,0.2692,0.2588
0.2384,0.2328,0.2708,0.258
0.2392,0.232,0.2708,0.258
0.2388,0.2292,0.2724,0.2596
0.2384,0.2316,0.27,0.26
0.2384,0.234,0.2704,0.2572
0.2396,0.234,0.2692,0.2572
0.2396,0.234,0.2696,0.2568
0.238,0.234,0.2708,0.2572
0.2376,0.2328,0.2708,0.2588
0.2376,0.2336,0.2704,0.2584
0.238,0.2344,0.2708,0.2568
0.238,0.2336,0.272,0.2564
0.2368,0.234,0.2728,0.2564
0.2364,0.2336,0.2728,0.2572
