C,D,Oc,Od
0,0,0,0
0.0,0.0,0.0,1.0
0.3333333333333333,0.0,0.0,0.6666666666666666
0.0,0.25,0.0,0.75
0.0,0.4,0.0,0.6
0.2,0.4,0.0,0.4
0.14285714285714285,0.42857142857142855,0.0,0.42857142857142855
0.1,0.3,0.2,0.4
0.08333333333333333,0.08333333333333333,0.25,0.5833333333333334
0.0625,0.125,0.3125,0.5
0.05,0.15,0.25,0.55
0.045454545454545456,0.18181818181818182,0.13636363636363635,0.6363636363636364
0.041666666666666664,0.125,0.08333333333333333,0.75
0.03225806451612903,0.0967741935483871,0.0967741935483871,0.7741935483870968
0.029411764705882353,0.08823529411764706,0.08823529411764706,0.7941176470588235
0.024390243902439025,0.0975609756097561,0.04878048780487805,0.8292682926829268
0.017543859649122806,0.10526315789473684,0.03508771929824561,0.8421052631578947
0.014492753623188406,0.08695652173913043,0.028985507246376812,0.8695652173913043
0.01282051282051282,0.11538461538461539,0.01282051282051282,0.8589743589743589
0.01098901098901099,0.12087912087912088,0.01098901098901099,0.8571428571428571
0.028846153846153848,0.08653846153846154,0.009615384615384616,0.875
0.008547008547008548,0.08547008547008547,0.017094017094017096,0.8888888888888888
0.014814814814814815,0.08888888888888889,0.014814814814814815,0.8814814814814815
0.006944444444444444,0.06944444444444445,0.020833333333333332,0.9027777777777778
0.017857142857142856,0.047619047619047616,0.017857142857142856,0.9166666666666666
0.03535353535353535,0.05555555555555555,0.020202020202020204,0.8888888888888888
0.028037383177570093,0.0514018691588785,0.028037383177570093,0.8925233644859814
0.03734439834024896,0.04149377593360996,0.016597510373443983,0.9045643153526971
0.04460966542750929,0.03717472118959108,0.011152416356877323,0.9070631970260223
0.05154639175257732,0.03436426116838488,0.01718213058419244,0.8969072164948454
0.0670926517571885,0.04153354632587859,0.012779552715654952,0.8785942492012779
0.07042253521126761,0.04507042253521127,0.016901408450704224,0.8676056338028169
0.07772020725388601,0.04922279792746114,0.015544041450777202,0.8575129533678757
0.08716707021791767,0.048426150121065374,0.01694915254237288,0.847457627118644
0.09803921568627451,0.04139433551198257,0.017429193899782137,0.8431372549019608
0.10080645161290322,0.04032258064516129,0.014112903225806451,0.844758064516129
0.11214953271028037,0.03925233644859813,0.018691588785046728,0.8299065420560747
0.12286689419795221,0.03924914675767918,0.020477815699658702,0.8174061433447098
0.14533965244865718,0.03475513428120063,0.022116903633491312,0.7977883096366508
0.15249266862170088,0.03225806451612903,0.02346041055718475,0.7917888563049853
0.16483516483516483,0.034340659340659344,0.024725274725274724,0.7760989010989011
0.18045112781954886,0.03258145363408521,0.020050125313283207,0.7669172932330827
0.20521541950113378,0.02834467120181406,0.018140589569160998,0.7482993197278912
0.21351931330472104,0.02682403433476395,0.017167381974248927,0.7424892703862661
0.229607250755287,0.025176233635448138,0.017119838872104734,0.7280966767371602
0.22924528301886793,0.02358490566037736,0.01509433962264151,0.7320754716981132
0.2441860465116279,0.01967799642218247,0.016100178890876567,0.7200357781753131
0.2603201347935973,0.020219039595619208,0.019376579612468407,0.7000842459983151
0.266721044045677,0.01794453507340946,0.01957585644371941,0.6957585644371941
0.27230411171450736,0.017843289371605897,0.021722265321955005,0.6881303335919318
0.289532293986637,0.01855976243504083,0.020786933927245732,0.6711210096510765
0.2918424753867792,0.01828410689170183,0.023206751054852322,0.6666666666666666
0.300475866757308,0.020394289598912305,0.02515295717199184,0.6539768864717879
0.30085022890778285,0.02289077828646174,0.028122956180510136,0.6481360366252452
0.3139240506329114,0.024050632911392405,0.025949367088607594,0.6360759493670886
0.30466384009691094,0.025439127801332527,0.028467595396729255,0.6414294367050273
0.3118405627198124,0.023446658851113716,0.0246189917936694,0.6400937866354045
0.3109339407744875,0.0244874715261959,0.022209567198177675,0.642369020501139
0.3097974822112753,0.025177887246852763,0.021893814997263273,0.6431308155446086
0.31118314424635335,0.023230686115613183,0.02377093462992977,0.6418152350081038
0.31906005221932116,0.02349869451697128,0.02402088772845953,0.633420365535248
0.3134940995382247,0.022575679835813236,0.028219599794766546,0.6357106208311954
0.32280701754385965,0.02506265664160401,0.028070175438596492,0.6240601503759399
0.3149801587301587,0.029265873015873016,0.027281746031746032,0.6284722222222222
0.3231441048034934,0.02911208151382824,0.028141678796700632,0.6196021348859777
0.32582654528030663,0.03162434115955918,0.02539530426449449,0.6171538092956397
0.3308199811498586,0.03157398680490104,0.0235626767200754,0.614043355325165
0.32916666666666666,0.031018518518518518,0.023148148148148147,0.6166666666666667
0.3286235186873291,0.0300820419325433,0.02552415679124886,0.6157702825888788
0.3346883468834688,0.03116531165311653,0.024841915085817526,0.6093044263775971
0.33690316822846944,0.03391343150379295,0.022757697456492636,0.606425702811245
0.3349644128113879,0.03469750889679715,0.023576512455516015,0.6067615658362989
0.34080717488789236,0.03183856502242152,0.026457399103139014,0.600896860986547
0.34116083296411165,0.033673017279574655,0.02924235711120957,0.5959237926451041
0.33674377224199287,0.03113879003558719,0.030249110320284697,0.6018683274021353
0.3330361123495319,0.030762371823450735,0.030762371823450735,0.6054391440035667
0.3377659574468085,0.028812056737588652,0.030141843971631204,0.6032801418439716
0.3373333333333333,0.025777777777777778,0.03333333333333333,0.6035555555555555
0.3351206434316354,0.027256478999106343,0.030831099195710455,0.6067917783735478
0.3306595365418895,0.025846702317290554,0.030303030303030304,0.6131907308377896
0.33007552199022655,0.02621057307863172,0.029320302087960905,0.6143936028431808
0.33348115299334813,0.03015521064301552,0.028824833702882482,0.6075388026607539
0.32487761459724074,0.032487761459724075,0.02848242100578549,0.6141522029372497
0.3221089942401418,0.03544528134692069,0.027470093043863535,0.614975631369074
0.31966490299823636,0.03527336860670194,0.0291005291005291,0.6159611992945326
0.3175735950044603,0.03479036574487065,0.030776092774308653,0.6168599464763604
0.31822222222222224,0.03688888888888889,0.032,0.6128888888888889
0.31898846495119787,0.03371783496007098,0.03149955634427684,0.6157941437444543
0.31908329660643453,0.030850594975760245,0.030850594975760245,0.619215513442045
0.3175376439326838,0.03188662533215235,0.03100088573959256,0.6195748449955713
0.3102987070887205,0.029870708872046365,0.03611234953187695,0.6237182345073562
0.3103448275862069,0.03138815207780725,0.03713527851458886,0.621131741821397
0.311219946571683,0.03294746215494212,0.04140694568121104,0.6144256455921638
0.316023080337328,0.03062583222370173,0.04305370616955171,0.6102973812694186
0.31343283582089554,0.030728709394205442,0.043898156277436345,0.6119402985074627
0.3133599644917887,0.032401242787394584,0.04349755881047492,0.6107412339103417
0.3180798564378645,0.03230148048452221,0.04486316733961418,0.6047554957379991
0.3144239226033421,0.03518029903254178,0.04397537379067722,0.6064204045734388
0.30959752321981426,0.03759398496240601,0.04467049977885891,0.6081379920389208
0.31261101243339257,0.03818827708703375,0.04262877442273535,0.6065719360568383
0.31297709923664124,0.03906600808262236,0.04265828468792097,0.6052986079928154
0.306732055283103,0.03700401248328132,0.04190815871600535,0.6143557735176104
0.31016042780748665,0.036541889483065956,0.040998217468805706,0.6122994652406417
0.31158455392809586,0.037283621837549935,0.039502885042166,0.6116289391921882
0.3115264797507788,0.037383177570093455,0.03960836671117045,0.6114819759679573
0.3118568232662192,0.03758389261744966,0.03847874720357942,0.6120805369127517
0.3087843833185448,0.03593611357586513,0.03904170363797693,0.6162377994676131
0.3075547608404113,0.035762181493071074,0.041573535985695124,0.6151095216808226
0.30181175430844015,0.03314184710561202,0.0410958904109589,0.623950508174989
0.3033905768383972,0.03258476442095993,0.03963011889035667,0.6243945398502863
0.3051976899155931,0.03287427809862283,0.03909373611728121,0.6228342958685029
0.29942247889826745,0.03509551310528654,0.0368725011106175,0.6286095068858285
0.30442477876106194,0.03584070796460177,0.03672566371681416,0.6230088495575221
0.3022222222222222,0.037333333333333336,0.037333333333333336,0.6231111111111111
0.3099389712292938,0.036617262423714034,0.036617262423714034,0.6168265039232781
0.3092920353982301,0.034070796460176994,0.035398230088495575,0.6212389380530974
0.30896860986547087,0.03273542600896861,0.03452914798206278,0.6237668161434977
0.30013339261894173,0.0329035126722988,0.032458870609159626,0.6345042240995998
0.30186170212765956,0.03368794326241135,0.031471631205673756,0.6329787234042553
0.3037070120589549,0.0321572130415364,0.0321572130415364,0.6319785618579723
0.3037300177619893,0.03108348134991119,0.03330373001776199,0.6318827708703375
0.3018699910952805,0.02983081032947462,0.035173642030276044,0.6331255565449688
0.2958500669344043,0.028112449799196786,0.03391343150379295,0.642124051762606
0.3011836913634371,0.028057869355545814,0.033318719859710653,0.6374397194213064
0.29253203711886877,0.026513477684489615,0.03225806451612903,0.6486964206805126
0.29588677576293676,0.026536930561698365,0.03361344537815126,0.6439628482972136
0.293598233995585,0.029580573951434878,0.030022075055187638,0.6467991169977925
0.2914083259521701,0.03188662533215235,0.02967227635075288,0.6470327723649247
0.28824833702882485,0.028824833702882482,0.030598669623059866,0.6523281596452328
0.2910777385159011,0.030477031802120143,0.02959363957597173,0.648851590106007
0.28979771328056286,0.02990325417766051,0.031222515391380826,0.6490765171503958
0.29526339088092074,0.0283311199645861,0.029659141212926073,0.646746347941567
0.3033259423503326,0.030598669623059866,0.027937915742793792,0.6381374722838138
0.30070859167404784,0.032329495128432244,0.02612931798051373,0.6408325952170062
0.30164371390493117,0.03065304309195913,0.028431808085295423,0.6392714349178144
0.3042114695340502,0.03046594982078853,0.030017921146953404,0.6353046594982079
0.3045798132503335,0.029346376167185415,0.029346376167185415,0.6367274344152957
0.2974043114826221,0.032116146062472505,0.03255609326880774,0.6379234491860977
0.29934065934065934,0.03340659340659341,0.03164835164835165,0.6356043956043956
0.2961657117672984,0.03349493168796827,0.030850594975760245,0.6394887615689732
0.29393536963258077,0.03231518370960602,0.03098716246126605,0.6427622841965471
0.29487750556792874,0.03296213808463252,0.03296213808463252,0.6391982182628062
0.29002217294900223,0.03237250554323725,0.03370288248337029,0.6439024390243903
0.2918531781557744,0.02909579230080573,0.03715308863025962,0.6418979409131602
0.29414374445430347,0.031055900621118012,0.037267080745341616,0.6375332741792369
0.28936742934051146,0.03230148048452221,0.036787797218483624,0.6415432929564827
0.2874331550802139,0.03297682709447415,0.03698752228163993,0.642602495543672
0.2880071333036112,0.03209986625055729,0.034774855104770394,0.645118145341061
0.2912014292094685,0.03171058508262617,0.03439035283608754,0.6426976328718178
0.28565121412803535,0.031788079470198675,0.03487858719646799,0.6476821192052981
0.290437890974084,0.02993744414655943,0.032171581769437,0.6474530831099196
0.29592284085927223,0.03024989039894783,0.029811486190267425,0.6440157825515125
0.2926073483842408,0.03231518370960602,0.027888446215139442,0.6471890216910138
0.2906208718626156,0.033905768383971815,0.02906208718626156,0.646411272567151
0.28809837505489677,0.034255599472990776,0.027228809837505488,0.650417215634607
0.2945357618836073,0.03509551310528654,0.02798756108396268,0.6423811639271435
0.2911279536335265,0.03299152920196166,0.029870708872046365,0.6460098082924655
0.2926829268292683,0.03636363636363636,0.027937915742793792,0.6430155210643016
0.29348795718108833,0.03612845673505798,0.024977698483496878,0.6454058876003568
0.29498000888494,0.03287427809862283,0.02621057307863172,0.6459351399378054
0.3011185682326622,0.03713646532438479,0.02505592841163311,0.6366890380313199
0.3046944198405669,0.03720106288751107,0.025686448184233834,0.6324180690876883
0.30666666666666664,0.03333333333333333,0.02666666666666667,0.6333333333333333
0.31063268892794377,0.035588752196836555,0.02592267135325132,0.6278558875219684
0.3112087912087912,0.03604395604395604,0.026813186813186812,0.625934065934066
0.312751677852349,0.03400447427293065,0.026398210290827742,0.6268456375838927
0.3152951699463327,0.03577817531305903,0.02728085867620751,0.6216457960644007
0.31551038444542645,0.0344675209898365,0.02828104286345559,0.6217410517012815
0.31824294038547735,0.033617212012550426,0.02734199910354101,0.6207978484984312
0.3209821428571429,0.032589285714285716,0.029017857142857144,0.6174107142857143
0.3118856121537087,0.03127792672028597,0.027256478999106343,0.629579982126899
0.3140096618357488,0.030303030303030304,0.02678963548528766,0.6288976723759332
0.3099955966534566,0.029502421840598855,0.028181417877586965,0.6323205636283575
0.3090507726269316,0.029580573951434878,0.0282560706401766,0.633112582781457
0.3101769911504425,0.030973451327433628,0.027876106194690265,0.6309734513274337
0.3091231178033658,0.03188662533215235,0.027900797165633304,0.6310894596988486
0.30603258476442097,0.032144429766622636,0.02906208718626156,0.6327608982826949
0.303475935828877,0.03253119429590018,0.028966131907308377,0.6350267379679144
0.30803177405119153,0.03442188879082083,0.026919682259488084,0.6306266548984996
0.30066815144766146,0.037416481069042315,0.024944320712694878,0.6369710467706013
0.3008057296329454,0.03625783348254252,0.025067144136078783,0.6378692927484333
0.29649356413670663,0.03550821127385708,0.024411895250776743,0.6435863293386596
0.29390840373499333,0.035571365051133834,0.022232103156958647,0.6482881280569142
0.2912405513561583,0.03423743886171632,0.022232103156958647,0.6522899066251667
0.29223343571741994,0.030715225976305396,0.022378236068451074,0.6546731022378236
0.29120636323464427,0.029606716747680072,0.02562969509500663,0.653557224922669
0.2893081761006289,0.028751123090745734,0.028751123090745734,0.6531895777178796
0.29082774049217003,0.02953020134228188,0.026845637583892617,0.6527964205816554
0.29498000888494,0.028876055086628164,0.028431808085295423,0.6477121279431364
0.2898486197684773,0.030276046304541407,0.02894033837934105,0.6509349955476402
0.2924235711120957,0.027470093043863535,0.028356225077536552,0.6517501107665042
0.2925413130861992,0.028584189370254576,0.029477445288075034,0.6493970522554712
0.29664014146772766,0.02961980548187445,0.03094606542882405,0.6427939876215738
0.2919227392449517,0.029850746268656716,0.030728709394205442,0.6474978050921861
0.287677304964539,0.0274822695035461,0.03235815602836879,0.6524822695035462
0.29411764705882354,0.02786377708978328,0.02830605926581159,0.6497125165855816
0.2891141472014103,0.027765535478184222,0.02864698104892023,0.6544733362714852
0.2924988903683977,0.02885042166000888,0.028406569019085663,0.6502441189525078
0.2976929902395741,0.027062999112688554,0.027950310559006212,0.6472937000887311
0.2886323268206039,0.02575488454706927,0.02930728241563055,0.6563055062166963
0.2967974740640505,0.02706359945872801,0.02616147947677041,0.649977447000451
0.28855501546619533,0.024745912505523642,0.0273972602739726,0.6593018117543085
0.2828282828282828,0.025032938076416336,0.028107158541941152,0.6640316205533597
0.28481862964621585,0.025526197939991044,0.026869682042095836,0.6627854903716973
0.2799646174259177,0.026094648385670056,0.027421494913754976,0.6665192392746573
0.2836218375499334,0.026187305814469597,0.027518863737239236,0.6626719928983578
0.2778268551236749,0.02782685512367491,0.029151943462897525,0.6651943462897526
0.2729286663712893,0.027913159060700046,0.027913159060700046,0.6712450155073106
0.27714033539276256,0.028684907325684024,0.03133274492497794,0.6628420123565755
0.27589246364037023,0.026443367122080213,0.03129131776112825,0.6663728514764213
0.278175313059034,0.024150268336314847,0.029516994633273702,0.6681574239713775
0.2746478873239437,0.025528169014084508,0.03125,0.6685739436619719
0.27470093043863536,0.0256978289765175,0.031014621178555603,0.6685866194062915
0.27179715302491103,0.026690391459074734,0.03113879003558719,0.6703736654804271
0.26991150442477874,0.028761061946902654,0.029646017699115044,0.6716814159292035
0.26818384649709953,0.03168228469433289,0.0321285140562249,0.6680053547523427
0.26371681415929205,0.03274336283185841,0.031415929203539826,0.6721238938053097
0.2663716814159292,0.03008849557522124,0.030973451327433628,0.672566371681416
0.2634623943035158,0.03204272363150868,0.032932799287939477,0.671562082777036
0.2574082264484741,0.03272888102609465,0.03494029190623618,0.6749226006191951
0.2556291390728477,0.03090507726269316,0.03620309050772627,0.6772626931567329
0.2627381479840496,0.034559149313247675,0.0358883473637572,0.6668143553389455
0.26411738550466873,0.032458870609159626,0.036905291240551356,0.6665184526456203
0.26989150090415914,0.029837251356238697,0.03571428571428571,0.6645569620253164
0.27029438001784123,0.028991971454058876,0.037020517395182875,0.6636931311329171
0.2744747429593205,0.029950827000447027,0.03799731783638802,0.6575771122038444
0.27244305493523896,0.02992407324698526,0.03528360875390799,0.6623492630638678
0.2674731182795699,0.02956989247311828,0.033154121863799284,0.6698028673835126
0.27450980392156865,0.027183600713012478,0.03297682709447415,0.6653297682709447
0.28012449977767895,0.02845709204090707,0.03201422854602046,0.6594041796353936
0.2705464238116393,0.027543314082629944,0.028876055086628164,0.6730342070191027
0.26355555555555554,0.028444444444444446,0.028888888888888888,0.6791111111111111
0.26332288401253917,0.029556650246305417,0.026421854008060904,0.6806986117330945
0.260347129506008,0.02848242100578549,0.027592345349354695,0.6835781041388518
0.265962131219727,0.029942756494936152,0.027300748568912372,0.6767943637164244
0.2681191640729213,0.029346376167185415,0.028901734104046242,0.6736327256558471
0.27176314626601855,0.03049049933716306,0.027839151568714096,0.6699072028281042
0.2696579298089738,0.03109729009329187,0.030208796090626388,0.669035984007108
0.26675485008818345,0.031746031746031744,0.03218694885361552,0.6693121693121693
0.25961963732861565,0.033171163202122954,0.03140203449800973,0.6758071649712517
0.25582437275985664,0.036290322580645164,0.03449820788530466,0.6733870967741935
0.2551693796744391,0.0365156181258249,0.033875934887813465,0.6744390673119226
0.25734639358860195,0.0396260017809439,0.03561887800534283,0.6674087266251113
0.258688957325121,0.039595248570171576,0.03563572371315442,0.666080070391553
0.2497773820124666,0.03829029385574354,0.03428317008014248,0.6776491540516474
0.24812362030905077,0.039293598233995586,0.033554083885209716,0.6790286975717439
0.24966916629907365,0.043228936921041024,0.033083370092633436,0.6740185266872519
0.25333926981300087,0.044968833481745324,0.033392698130008905,0.6682991985752449
0.2563758389261745,0.04697986577181208,0.03445190156599553,0.6621923937360179
0.25500667556742324,0.04672897196261682,0.032932799287939477,0.6653315531820204
0.25542275343072157,0.046038069942452416,0.03231518370960602,0.66622399291722
0.2555853440571939,0.04423592493297587,0.039767649687220734,0.6604110813226095
0.25497127706584183,0.0415377817057004,0.038886433937251434,0.6646045072912063
0.25354609929078015,0.0398936170212766,0.03679078014184397,0.6697695035460993
0.257168458781362,0.039874551971326166,0.036738351254480286,0.6662186379928315
0.2559893522626442,0.037267080745341616,0.03771073646850044,0.6690328305235137
0.250996015936255,0.034528552456839307,0.034528552456839307,0.6799468791500664
0.2526690391459075,0.03336298932384341,0.03113879003558719,0.6828291814946619
0.25145154086645827,0.033497096918267084,0.033497096918267084,0.6815542652970076
0.2543046357615894,0.03532008830022075,0.033554083885209716,0.6768211920529801
0.2528888888888889,0.033777777777777775,0.03288888888888889,0.6804444444444444
0.25255669186305024,0.03334815473543797,0.035126722987994664,0.6789684304135171
0.24797843665768193,0.03324348607367475,0.03234501347708895,0.6864330637915543
0.24533333333333332,0.037333333333333336,0.03155555555555556,0.6857777777777778
0.2444933920704846,0.03436123348017621,0.029955947136563875,0.6911894273127753
0.24348607367475292,0.035489667565139264,0.03009883198562444,0.6909254267744834
0.2407079646017699,0.033628318584070796,0.03008849557522124,0.695575221238938
0.24179775280898877,0.032359550561797755,0.03056179775280899,0.6952808988764045
0.23712255772646537,0.03108348134991119,0.02708703374777975,0.7047069271758437
0.23385300668151449,0.03296213808463252,0.027171492204899776,0.7060133630289532
0.23516187050359713,0.030575539568345324,0.027428057553956834,0.7068345323741008
0.23925564909171468,0.027470093043863535,0.02702702702702703,0.7062472308373948
0.23555555555555555,0.025777777777777778,0.026222222222222223,0.7124444444444444
0.23213493120284065,0.02663115845539281,0.027075011096316024,0.7141588992454505
0.23813747228381374,0.028381374722838137,0.02483370288248337,0.7086474501108647
0.23423026025584473,0.032201146890163214,0.024261138067931187,0.7093074547860608
0.232620320855615,0.029857397504456328,0.024509803921568627,0.7130124777183601
0.23644444444444446,0.029777777777777778,0.024,0.7097777777777777
0.23114680946006247,0.030789825970548863,0.026327532351628737,0.7117358322177599
0.229010989010989,0.03560439560439561,0.025494505494505496,0.7098901098901099
0.22640673460345592,0.0358883473637572,0.02702702702702703,0.7106778910057598
0.2258491398323776,0.035288928098809,0.025584472871636524,0.7132774591971769
0.23367392270102177,0.03553976010661928,0.02621057307863172,0.7045757441137273
0.2359451084550686,0.03497122620628597,0.02478972996901284,0.7042939353696326
0.23589515770768546,0.03154153709462461,0.02665482007996446,0.7059084851177254
0.23479804704837995,0.028406569019085663,0.02663115845539281,0.7101642254771416
0.237017310252996,0.028406569019085663,0.027075011096316024,0.7075011096316023
0.23516287371709058,0.03034359660865685,0.025435073627844713,0.7090584560464078
0.2297476759628154,0.03187250996015936,0.02434705621956618,0.714032757857459
0.2294792586054722,0.03442188879082083,0.02383053839364519,0.7122683142100618
0.22435325602140946,0.032114183764495985,0.024977698483496878,0.7185548617305977
0.2256913470115968,0.03300624442462088,0.02408563782337199,0.7172167707404103
0.22301516503122212,0.032114183764495985,0.020517395182872437,0.7243532560214094
0.22679045092838196,0.03227232537577365,0.020335985853227233,0.7206012378426172
0.21779548472775564,0.029216467463479414,0.021248339973439574,0.7317397078353254
0.22153574580759047,0.03000882612533098,0.020741394527802295,0.7277140335392762
0.21700620017714792,0.02967227635075288,0.021700620017714792,0.7316209034543845
0.21841637010676157,0.03158362989323844,0.02179715302491103,0.728202846975089
0.21624046657694032,0.031852848811126065,0.01973979362943024,0.7321668909825033
0.21125502456453774,0.0321572130415364,0.018758374274229567,0.7378293881196963
0.2122683142100618,0.03133274492497794,0.018534863195057368,0.7378640776699029
0.20704845814977973,0.03524229074889868,0.019383259911894272,0.7383259911894273
0.20499108734402852,0.035650623885918005,0.01871657754010695,0.7406417112299465
0.20849933598937584,0.03408587870739265,0.0199203187250996,0.7374944665781319
0.2152624614027349,0.03352448169386855,0.0211733568592854,0.7300397000441111
0.22069271758436945,0.03241563055062167,0.019094138543516874,0.727797513321492
0.22251891410769917,0.03471295060080107,0.01824655095683133,0.7245215843346684
0.2267260579064588,0.033853006681514475,0.017817371937639197,0.7216035634743875
0.22615315718763995,0.036274070756829375,0.020152261531571878,0.7174205105239588
0.21971706454465076,0.03359858532272325,0.020335985853227233,0.7263483642793988
0.22207387627948375,0.03337783711615487,0.022696929238985315,0.7218513573653761
0.22448979591836735,0.03460514640638864,0.022626441881100266,0.7182786157941438
0.22053571428571428,0.03571428571428571,0.023660714285714285,0.7200892857142858
0.2207850133809099,0.036574487065120426,0.024977698483496878,0.7176628010704728
0.2202781516375056,0.037236428891879766,0.02602063705697622,0.7164647824136384
0.21492403932082216,0.034405719392314564,0.028596961572832886,0.7220732797140303
0.21715817694369974,0.03485254691689008,0.028150134048257374,0.7198391420911529
0.22067415730337078,0.03550561797752809,0.028764044943820226,0.7150561797752809
0.21785240830755634,0.03314184710561202,0.029164825452938577,0.719840919133893
0.2218791354212616,0.029113365681517425,0.02690780767534186,0.7220996912218791
0.21965317919075145,0.029346376167185415,0.02578923966207203,0.7252112049799911
0.21657754010695188,0.028966131907308377,0.026292335115864526,0.7281639928698752
0.21735241502683364,0.027728085867620753,0.02728085867620751,0.7276386404293381
0.21152993348115298,0.027494456762749447,0.027937915742793792,0.7330376940133038
0.21260541500221927,0.02885042166000888,0.029738126941855306,0.7288060363959166
0.21288014311270126,0.03041144901610018,0.02728085867620751,0.7294275491949911
0.21708185053380782,0.03069395017793594,0.027580071174377226,0.724644128113879
0.21492805755395683,0.03282374100719424,0.025629496402877698,0.7266187050359713
0.21760500446827524,0.03038427167113494,0.024575513851653262,0.7274352100089365
0.21971706454465076,0.03094606542882405,0.023430592396109638,0.7259062776304156
0.21973684210526315,0.03070175438596491,0.02324561403508772,0.7263157894736842
0.21729490022172948,0.031929046563192905,0.022172949002217297,0.7286031042128603
0.21492805755395683,0.03462230215827338,0.023381294964028777,0.727068345323741
0.21527467619472979,0.03439035283608754,0.022331397945511387,0.7280035730236712
0.2148576512455516,0.03425266903914591,0.02402135231316726,0.7268683274021353
0.21976074435090828,0.03234381922906513,0.02259636685866194,0.7252990695613647
0.21758436944937834,0.02886323268206039,0.021758436944937832,0.7317939609236235
0.2199820788530466,0.027777777777777776,0.0228494623655914,0.7293906810035843
0.22379478107032286,0.028748341441839895,0.02344095532950022,0.724015922158337
0.2185430463576159,0.029580573951434878,0.023399558498896248,0.7284768211920529
0.21008403361344538,0.029632905793896505,0.02476780185758514,0.735515258735073
0.20967032967032967,0.02989010989010989,0.025054945054945054,0.7353846153846154
0.207688908528502,0.03093239063190455,0.026071586389748123,0.7353071144498453
0.20374498439589836,0.028979045920642,0.026749888542131076,0.7405260811413286
0.21463852716659182,0.02784014369106421,0.02694207453973956,0.7305792546026044
0.21981424148606812,0.02786377708978328,0.025210084033613446,0.7271118973905352
0.21627598407784165,0.02697921273772667,0.026536930561698365,0.7302078726227333
0.22026431718061673,0.02378854625550661,0.02643171806167401,0.7295154185022027
0.2129175946547884,0.027616926503340758,0.024498886414253896,0.734966592427617
0.21157243816254417,0.02782685512367491,0.024734982332155476,0.7358657243816255
0.2132385606397157,0.027543314082629944,0.02221235006663705,0.7370057752110173
0.2102496714848883,0.02715724923346474,0.023653088042049936,0.738939991239597
0.210989010989011,0.025934065934065935,0.028131868131868132,0.7349450549450549
0.2093433230498017,0.02600264433671221,0.027324812692816218,0.7373292199206699
0.21101732563305198,0.02621057307863172,0.028876055086628164,0.7338960462016881
0.2139347923179991,0.026797677534613668,0.028584189370254576,0.7306833407771326
0.21384205856255545,0.02883762200532387,0.029724933451641525,0.7275953859804791
0.2150442477876106,0.02831858407079646,0.02831858407079646,0.7283185840707964
0.2188612099644128,0.02802491103202847,0.027135231316725978,0.7259786476868327
0.21543264942016058,0.0231935771632471,0.026761819803746655,0.7346119536128457
0.2141894925909295,0.024247867085765602,0.023798832510103278,0.7377638078132016
0.217352810978309,0.025675077467906152,0.02257636122177955,0.7343957503320053
0.21075837742504408,0.027336860670194002,0.022486772486772486,0.7394179894179894
0.20532150776053215,0.0270509977827051,0.02394678492239468,0.743680709534368
0.21212121212121213,0.02807486631016043,0.02406417112299465,0.7357397504456328
0.21267985611510792,0.02877697841726619,0.025179856115107913,0.733363309352518
0.21167557932263814,0.027629233511586453,0.02540106951871658,0.7352941176470589
0.21027003098716246,0.029216467463479414,0.027888446215139442,0.7326250553342187
0.21880570409982175,0.03074866310160428,0.0285204991087344,0.7219251336898396
0.21268163804491413,0.031704095112285335,0.031704095112285335,0.7239101717305152
0.21589403973509932,0.031788079470198675,0.03487858719646799,0.717439293598234
0.21076033792796797,0.029346376167185415,0.03423743886171632,0.7256558470431302
0.2154255319148936,0.027039007092198582,0.03634751773049645,0.7211879432624113
0.21320249776984834,0.029438001784121322,0.03568242640499554,0.7216770740410348
0.20643198609300303,0.028683181225554105,0.03215993046501521,0.7327249022164276
0.20616740088105726,0.03259911894273128,0.03171806167400881,0.7295154185022027
0.20485651214128037,0.032229580573951436,0.03399558498896247,0.7289183222958058
0.20454545454545456,0.028966131907308377,0.036541889483065956,0.7299465240641712
0.20473848904783193,0.02682163611980331,0.037103263299061245,0.7313366115333035
0.20377689942907334,0.025911286780852,0.03732981993851559,0.732981993851559
0.20374498439589836,0.028533214444939812,0.03700401248328132,0.7307177886758806
0.20424403183023873,0.027409372236958444,0.03536693191865606,0.7329796640141468
0.20571173583221777,0.0321285140562249,0.03614457831325301,0.7260151717983043
0.20584269662921348,0.032359550561797755,0.036853932584269666,0.7249438202247191
0.20933333333333334,0.03422222222222222,0.033777777777777775,0.7226666666666667
0.2072032014228546,0.03201422854602046,0.03334815473543797,0.727434415295687
0.21252204585537918,0.031746031746031744,0.03262786596119929,0.7231040564373897
0.21456953642384105,0.030463576158940398,0.032671081677704196,0.7222958057395144
0.2124558303886926,0.030918727915194347,0.03445229681978799,0.7221731448763251
0.2131367292225201,0.03127792672028597,0.035299374441465595,0.7202859696157283
0.2139347923179991,0.030817329164805715,0.03394372487717731,0.7213041536400179
0.21195894689870592,0.028112449799196786,0.03480589022757698,0.7251227130745203
0.21648106904231626,0.029398663697104678,0.035634743875278395,0.7184855233853007
0.225,0.03080357142857143,0.03660714285714286,0.7075892857142857
0.22236900044033464,0.032144429766622636,0.0361074416556583,0.7093791281373845
0.22346119536128456,0.03256021409455843,0.03568242640499554,0.7082961641391614
0.22364358182620203,0.032201146890163214,0.032642258491398325,0.7115130127922364
0.23336291038154391,0.030168589174800354,0.03149955634427684,0.7049689440993789
0.22729286663712894,0.02968542312804608,0.030571555161719097,0.7124501550731059
0.22494432071269488,0.030734966592427616,0.028507795100222718,0.7158129175946548
0.22872340425531915,0.028368794326241134,0.02925531914893617,0.7136524822695035
0.23345101500441306,0.028684907325684024,0.02824360105913504,0.7096204766107679
0.2297661870503597,0.02922661870503597,0.028327338129496404,0.7126798561151079
0.22981366459627328,0.030612244897959183,0.027062999112688554,0.712511091393079
0.2337317397078353,0.03010181496237273,0.027445772465692783,0.7087206728640991
0.23059768064228367,0.030330062444246207,0.027653880463871544,0.7114183764495986
0.22579205711735834,0.028112449799196786,0.027666220437304774,0.7184292726461401
0.2275132275132275,0.0291005291005291,0.02513227513227513,0.7182539682539683
0.2329192546583851,0.03194321206743567,0.025732031943212066,0.7094055013309671
0.23683045595396193,0.03054448871181939,0.025232403718459494,0.7073926516157591
0.22290748898678414,0.032158590308370046,0.02643171806167401,0.7185022026431718
0.2226596675415573,0.031496062992125984,0.026246719160104987,0.7195975503062118
0.22909252669039146,0.03113879003558719,0.026245551601423486,0.7135231316725978
0.23278542869835628,0.03243003109729009,0.024877832074633496,0.7099067081297201
0.22896368467670505,0.03188662533215235,0.029229406554472984,0.7099202834366696
0.22663656884875846,0.032054176072234764,0.02618510158013544,0.7151241534988714
0.22659010600706714,0.03180212014134275,0.028268551236749116,0.713339222614841
0.2283922973578146,0.03090013434841021,0.02910882221227049,0.7115987460815048
0.2199281867145422,0.0296229802513465,0.02872531418312388,0.7217235188509874
0.21830357142857143,0.03080357142857143,0.029464285714285714,0.7214285714285714
0.2224699063753901,0.032545697726259475,0.02719572001783326,0.7177886758805172
0.22525750111957007,0.03090013434841021,0.027765338110165697,0.716077026421854
0.22545134302069572,0.03038309114927345,0.026420079260237782,0.7177454865697931
0.22359154929577466,0.032570422535211266,0.02992957746478873,0.7139084507042254
0.22666666666666666,0.032,0.029333333333333333,0.712
0.22266666666666668,0.032,0.030222222222222223,0.7151111111111111
0.2261061946902655,0.03185840707964602,0.03008849557522124,0.7119469026548673
0.23063223508459482,0.031611754229741766,0.031166518254674976,0.7065894924309885
0.23045822102425875,0.02830188679245283,0.03459119496855346,0.706648697214735
0.22717149220489977,0.027616926503340758,0.03474387527839644,0.7104677060133631
0.2256478999106345,0.025915996425379804,0.03351206434316354,0.7149240393208222
0.22153846153846155,0.026373626373626374,0.032527472527472526,0.7195604395604396
0.22134038800705466,0.026455026455026454,0.03262786596119929,0.7195767195767195
0.22690941385435168,0.027531083481349913,0.03463587921847247,0.7109236234458259
0.22114962702939886,0.028960070206230804,0.03422553751645459,0.7156647652479158
0.22486772486772486,0.029982363315696647,0.03527336860670194,0.7098765432098766
0.2291296625222025,0.028419182948490232,0.03507992895204263,0.7073712255772646
0.2260334212840809,0.027264731750219876,0.034740545294635,0.7119613016710642
0.22666666666666666,0.025777777777777778,0.03288888888888889,0.7146666666666667
0.22749445676274946,0.024390243902439025,0.03325942350332594,0.7148558758314856
0.2233948988566403,0.025505716798592787,0.03210202286719437,0.7189973614775725
0.22095070422535212,0.025088028169014086,0.03169014084507042,0.7222711267605634
0.2169853268119164,0.024455313472654512,0.03023566029346376,0.7283236994219653
0.2191659272404614,0.023957409050576754,0.030612244897959183,0.7262644188110027
0.22035398230088496,0.026106194690265486,0.029646017699115044,0.7238938053097345
0.22359699513919576,0.022536456031816175,0.028722934158197082,0.725143614670791
0.2202486678507993,0.02264653641207815,0.02975133214920071,0.7273534635879219
0.22505494505494505,0.02241758241758242,0.02989010989010989,0.7226373626373627
0.22698838248436104,0.02100089365504915,0.031724754244861486,0.7202859696157283
0.22316258351893095,0.02182628062360802,0.03296213808463252,0.7220489977728285
0.22953736654804271,0.02090747330960854,0.03069395017793594,0.7188612099644128
0.22560706401766004,0.022516556291390728,0.03090507726269316,0.720971302428256
0.2318840579710145,0.024593763724198508,0.030303030303030304,0.7132191480017567
0.23198198198198197,0.024774774774774775,0.02972972972972973,0.7135135135135136
0.2320071524362986,0.024586499776486366,0.028609745194456863,0.7147966025927581
0.23650156180276663,0.024096385542168676,0.02677376171352075,0.712628290941544
0.2363150867823765,0.023141967067200713,0.02358700489541611,0.7169559412550067
0.23650156180276663,0.023650156180276664,0.023650156180276664,0.7161981258366801
0.23124722592099423,0.02529960053262317,0.023524189968930315,0.7199289835774523
0.235216240070609,0.02559576345984113,0.02383053839364519,0.7153574580759047
0.2372051624388073,0.024477080551846907,0.02358700489541611,0.7147307521139297
0.2395505617977528,0.025617977528089888,0.02292134831460674,0.7119101123595506
0.23920704845814977,0.022466960352422908,0.023348017621145373,0.714977973568282
0.24330357142857142,0.02544642857142857,0.022321428571428572,0.7089285714285715
0.24189968930315137,0.0230803373280071,0.020861074123391034,0.7141588992454505
0.24063464081092992,0.0251211987659762,0.023358307624504186,0.7108858527985897
0.24063464081092992,0.025561921551344204,0.020713970912296167,0.7130894667254297
0.2394303515798843,0.024922118380062305,0.023141967067200713,0.7125055629728527
0.24101198402130491,0.0230803373280071,0.0230803373280071,0.7128273413226809
0.24060150375939848,0.02476780185758514,0.024325519681556832,0.7103051747014595
0.23732517482517482,0.025786713286713288,0.024475524475524476,0.7124125874125874
0.2334525939177102,0.02817531305903399,0.025491949910554562,0.7128801431127012
0.23233215547703182,0.026060070671378093,0.023409893992932862,0.7181978798586572
0.23659725299069562,0.026140894993354008,0.021267168808152416,0.7159946832077979
0.2359451084550686,0.02656042496679947,0.01859229747675963,0.7189021691013723
0.23727312970340858,0.02611775121735281,0.01859229747675963,0.7180168216024789
0.2392665474060823,0.024597495527728087,0.017889087656529516,0.7182468694096601
0.23157894736842105,0.02280701754385965,0.018421052631578946,0.7271929824561404
0.2364358182620203,0.025143361270401413,0.01808557565063961,0.7203352448169387
0.24014178112538767,0.02658396101019052,0.01905183872396987,0.7142224191404519
0.24350940017905104,0.025962399283795883,0.019695613249776187,0.7108325872873769
0.24052863436123348,0.02555066079295154,0.020704845814977973,0.713215859030837
0.2412571934484285,0.025675077467906152,0.023019034971226208,0.7100486941124391
0.24211461572634385,0.024877832074633496,0.024433585073300755,0.7085739671257218
0.24524125719344844,0.025675077467906152,0.02257636122177955,0.7065073041168659
0.2464349376114082,0.025846702317290554,0.022727272727272728,0.7049910873440285
0.24571428571428572,0.022857142857142857,0.023296703296703296,0.7081318681318681
0.2465631929046563,0.02350332594235033,0.02483370288248337,0.70509977827051
0.24966622162883845,0.022251891410769914,0.024922118380062305,0.7031597685803294
0.24633821571238348,0.02174877940523746,0.02529960053262317,0.7066134043497558
0.2426243945398503,0.023337736679876705,0.023337736679876705,0.7107001321003963
0.23809523809523808,0.021806853582554516,0.025367156208277702,0.7147307521139297
0.23996431757359502,0.02007136485280999,0.025869759143621766,0.7140945584299733
0.24136403897254208,0.01948627103631532,0.023914968999114262,0.7152347209920283
0.24394618834080717,0.021076233183856503,0.026457399103139014,0.7085201793721974
0.2428443649373882,0.02101967799642218,0.027728085867620753,0.7084078711985689
0.248,0.01911111111111111,0.02666666666666667,0.7062222222222222
0.2416555407209613,0.020026702269692925,0.02403204272363151,0.7142857142857143
0.24271844660194175,0.020741394527802295,0.02471315092674316,0.7118270079435128
0.2418852823477101,0.0213428190306803,0.024455313472654512,0.7123165851489551
0.24373881932021466,0.022361359570661897,0.0259391771019678,0.7079606440071556
0.24344735673034207,0.02221235006663705,0.025322079075966238,0.7090182141270547
0.24622892635314997,0.02129547471162378,0.022626441881100266,0.709849157054126
0.24496056091148116,0.022348816827344433,0.021910604732690624,0.7107800175284837
0.2473404255319149,0.024822695035460994,0.022606382978723406,0.7052304964539007
0.2557726465364121,0.02486678507992895,0.023978685612788632,0.6953818827708703
0.25234061524743645,0.024074899687917966,0.02630405706642889,0.6972804279982167
0.2482300884955752,0.023893805309734513,0.02654867256637168,0.7013274336283186
0.24776785714285715,0.024107142857142858,0.023660714285714285,0.7044642857142858
0.25033407572383076,0.026280623608017816,0.023162583518930958,0.7002227171492205
0.24945006599208094,0.029916410030796304,0.026396832380114386,0.6942366915970084
0.24634470536109881,0.03145768719539211,0.0256978289765175,0.6964997784669916
