C,D,Oc,Od
0.0,0.0,0.0,1.0
0.0,0.0,0.0,1.0
0.0,0.5,0.0,0.5
0.0,1.0,0.0,0.0
0.3333333333333333,0.6666666666666666,0.0,0.0
0.25,0.25,0.0,0.5
0.0,0.16666666666666666,0.0,0.8333333333333334
0.0,0.0,0.0,1.0
0.0,0.0,0.1111111111111111,0.8888888888888888
0.0,0.0,0.2222222222222222,0.7777777777777778
0.0,0.0,0.1111111111111111,0.8888888888888888
0.0,0.0,0.3,0.7
0.0,0.0,0.3333333333333333,0.6666666666666666
0.06666666666666667,0.0,0.2,0.7333333333333333
0.06666666666666667,0.0,0.13333333333333333,0.8
0.0,0.125,0.125,0.75
0.0,0.058823529411764705,0.11764705882352941,0.8235294117647058
0.0,0.05263157894736842,0.10526315789473684,0.8421052631578947
0.0,0.041666666666666664,0.125,0.8333333333333334
0.0,0.038461538461538464,0.07692307692307693,0.8846153846153846
0.0,0.0,0.06896551724137931,0.9310344827586207
0.03125,0.0,0.03125,0.9375
0.02631578947368421,0.0,0.02631578947368421,0.9473684210526315
0.0,0.0,0.0,1.0
0.0,0.0,0.0,1.0
0.0,0.0,0.0,1.0
0.0,0.0,0.0,1.0
0.0,0.0,0.0,1.0
0.0,0.0,0.016666666666666666,0.9833333333333333
0.0,0.0,0.03225806451612903,0.967741935483871
0.0,0.0,0.06349206349206349,0.9365079365079365
0.0,0.0,0.06944444444444445,0.9305555555555556
0.0,0.0,0.1038961038961039,0.8961038961038961
0.0,0.0125,0.1,0.8875
0.0,0.024096385542168676,0.07228915662650602,0.9036144578313253
0.011363636363636364,0.0,0.056818181818181816,0.9318181818181818
0.02127659574468085,0.010638297872340425,0.05319148936170213,0.9148936170212766
0.010638297872340425,0.031914893617021274,0.05319148936170213,0.9042553191489362
0.021052631578947368,0.021052631578947368,0.042105263157894736,0.9157894736842105
0.010309278350515464,0.030927835051546393,0.0,0.9587628865979382
0.009615384615384616,0.038461538461538464,0.0,0.9519230769230769
0.00909090909090909,0.01818181818181818,0.03636363636363636,0.9363636363636364
0.01694915254237288,0.025423728813559324,0.01694915254237288,0.940677966101695
0.008130081300813009,0.016260162601626018,0.016260162601626018,0.959349593495935
0.016260162601626018,0.016260162601626018,0.0,0.967479674796748
0.023809523809523808,0.023809523809523808,0.0,0.9523809523809523
0.015151515151515152,0.015151515151515152,0.0,0.9696969696969697
0.02112676056338028,0.014084507042253521,0.0,0.9647887323943662
0.026490066225165563,0.033112582781456956,0.0,0.9403973509933775
0.013333333333333334,0.02,0.0,0.9666666666666667
0.012269938650306749,0.018404907975460124,0.006134969325153374,0.9631901840490797
0.017341040462427744,0.017341040462427744,0.005780346820809248,0.9595375722543352
0.02857142857142857,0.005714285714285714,0.011428571428571429,0.9542857142857143
0.03763440860215054,0.016129032258064516,0.010752688172043012,0.9354838709677419
0.04060913705583756,0.01015228426395939,0.01015228426395939,0.9390862944162437
0.04225352112676056,0.018779342723004695,0.009389671361502348,0.9295774647887324
0.06140350877192982,0.03070175438596491,0.0043859649122807015,0.9035087719298246
0.06837606837606838,0.02564102564102564,0.004273504273504274,0.9017094017094017
0.07346938775510205,0.02040816326530612,0.004081632653061225,0.9020408163265307
0.07307692307692308,0.015384615384615385,0.0038461538461538464,0.9076923076923077
0.06563706563706563,0.015444015444015444,0.011583011583011582,0.9073359073359073
0.07462686567164178,0.014925373134328358,0.018656716417910446,0.8917910447761194
0.0661764705882353,0.01838235294117647,0.011029411764705883,0.9044117647058824
0.05136986301369863,0.0136986301369863,0.010273972602739725,0.9246575342465754
0.06229508196721312,0.009836065573770493,0.006557377049180328,0.921311475409836
0.05750798722044728,0.01597444089456869,0.006389776357827476,0.9201277955271565
0.046012269938650305,0.015337423312883436,0.009202453987730062,0.9294478527607362
0.05917159763313609,0.014792899408284023,0.005917159763313609,0.9201183431952663
0.0603448275862069,0.0028735632183908046,0.008620689655172414,0.9281609195402298
0.06666666666666667,0.008333333333333333,0.011111111111111112,0.9138888888888889
0.064,0.005333333333333333,0.0026666666666666666,0.928
0.08244680851063829,0.0026595744680851063,0.0,0.9148936170212766
0.07731958762886598,0.005154639175257732,0.0,0.9175257731958762
0.0792838874680307,0.0025575447570332483,0.0025575447570332483,0.9156010230179028
0.09207161125319693,0.0076726342710997444,0.0,0.9002557544757033
0.08521303258145363,0.010025062656641603,0.0,0.9047619047619048
0.09090909090909091,0.009828009828009828,0.007371007371007371,0.8918918918918919
0.09263657957244656,0.007125890736342043,0.004750593824228029,0.8954869358669834
0.1036036036036036,0.009009009009009009,0.0045045045045045045,0.8828828828828829
0.12337662337662338,0.004329004329004329,0.006493506493506494,0.8658008658008658
0.11974789915966387,0.0021008403361344537,0.01050420168067227,0.8676470588235294
0.13786008230452676,0.0,0.006172839506172839,0.8559670781893004
0.13709677419354838,0.004032258064516129,0.004032258064516129,0.8548387096774194
0.14566929133858267,0.001968503937007874,0.003937007874015748,0.8484251968503937
0.142,0.006,0.006,0.846
0.13813229571984437,0.0038910505836575876,0.005836575875486381,0.8521400778210116
0.1464354527938343,0.0038535645472061657,0.005780346820809248,0.8439306358381503
0.15257352941176472,0.001838235294117647,0.007352941176470588,0.8382352941176471
0.1520572450805009,0.0,0.008944543828264758,0.8389982110912343
0.15084745762711865,0.001694915254237288,0.010169491525423728,0.8372881355932204
0.15878378378378377,0.005067567567567568,0.008445945945945946,0.8277027027027027
0.17128874388254486,0.0065252854812398045,0.0065252854812398045,0.8156606851549756
0.15422077922077923,0.00974025974025974,0.003246753246753247,0.8327922077922078
0.16459627329192547,0.009316770186335404,0.0015527950310559005,0.8245341614906833
0.1506849315068493,0.0106544901065449,0.0060882800608828,0.832572298325723
0.1536144578313253,0.004518072289156626,0.009036144578313253,0.8328313253012049
0.15294117647058825,0.010294117647058823,0.007352941176470588,0.8294117647058824
0.15517241379310345,0.008620689655172414,0.004310344827586207,0.8318965517241379
0.15571428571428572,0.004285714285714286,0.007142857142857143,0.8328571428571429
0.16305916305916307,0.004329004329004329,0.002886002886002886,0.8297258297258298
0.1692524682651622,0.004231311706629055,0.004231311706629055,0.8222849083215797
0.17702702702702702,0.004054054054054054,0.0,0.8189189189189189
0.1651376146788991,0.002621231979030144,0.002621231979030144,0.8296199213630406
0.15979381443298968,0.002577319587628866,0.002577319587628866,0.8350515463917526
0.14974619289340102,0.006345177664974619,0.0025380710659898475,0.8413705583756346
0.15181932245922208,0.010037641154328732,0.0037641154328732747,0.8343789209535759
0.15299877600979192,0.0073439412484700125,0.004895960832313341,0.8347613219094248
0.15429917550058891,0.008244994110718492,0.004711425206124852,0.8327444051825678
0.16896551724137931,0.005747126436781609,0.006896551724137931,0.8183908045977012
0.17198177676537585,0.007972665148063782,0.004555808656036446,0.8154897494305239
0.1729490022172949,0.0066518847006651885,0.009977827050997782,0.8104212860310421
0.16286644951140064,0.00760043431053203,0.00760043431053203,0.8219326818675353
0.17405063291139242,0.00949367088607595,0.005274261603375527,0.8111814345991561
0.18633540372670807,0.008281573498964804,0.002070393374741201,0.8033126293995859
0.18058455114822547,0.009394572025052192,0.005219206680584551,0.8048016701461378
0.177319587628866,0.008247422680412371,0.002061855670103093,0.8123711340206186
0.17448979591836736,0.01020408163265306,0.007142857142857143,0.8081632653061225
0.1646586345381526,0.010040160642570281,0.0050200803212851405,0.820281124497992
0.1844181459566075,0.006903353057199211,0.008875739644970414,0.7998027613412229
0.18869731800766285,0.0038314176245210726,0.007662835249042145,0.7998084291187739
0.1758139534883721,0.0065116279069767444,0.008372093023255815,0.8093023255813954
0.1696014828544949,0.009267840593141797,0.0074142724745134385,0.8137164040778498
0.16866359447004609,0.004608294930875576,0.007373271889400922,0.8193548387096774
0.17925386715195632,0.004549590536851683,0.007279344858962694,0.8089171974522293
0.170018281535649,0.006398537477148081,0.005484460694698354,0.8180987202925045
0.1657559198542805,0.006375227686703097,0.00546448087431694,0.8224043715846995
0.16593503072870938,0.007023705004389816,0.006145741878841089,0.8208955223880597
0.16924398625429554,0.002577319587628866,0.006013745704467354,0.8221649484536082
0.16595744680851063,0.000851063829787234,0.00425531914893617,0.828936170212766
0.1693480101608806,0.004233700254022015,0.003386960203217612,0.8230313293818797
0.17632241813602015,0.007556675062972292,0.005877413937867338,0.8102434928631402
0.19532554257095158,0.007512520868113523,0.00667779632721202,0.7904841402337228
0.20066334991708126,0.003316749585406302,0.008291873963515755,0.7877280265339967
0.19820554649265906,0.004893964110929853,0.00734094616639478,0.7895595432300163
0.19696969696969696,0.004784688995215311,0.003987240829346092,0.7942583732057417
0.2123125493291239,0.0023677979479084454,0.0023677979479084454,0.7829518547750592
0.20504731861198738,0.003943217665615142,0.0015772870662460567,0.7894321766561514
0.22125984251968503,0.002362204724409449,0.0007874015748031496,0.7755905511811023
0.22064617809298662,0.0015760441292356187,0.0007880220646178094,0.77698975571316
0.2282780410742496,0.002369668246445498,0.0007898894154818325,0.768562401263823
0.22021943573667713,0.0007836990595611285,0.0023510971786833857,0.7766457680250783
0.21235521235521235,0.0007722007722007722,0.003088803088803089,0.7837837837837838
0.2103235747303544,0.0007704160246533128,0.004622496147919877,0.7842835130970724
0.227760736196319,0.0023006134969325155,0.0023006134969325155,0.7676380368098159
0.21678321678321677,0.003108003108003108,0.006216006216006216,0.7738927738927739
0.21384615384615385,0.005384615384615384,0.006923076923076923,0.7738461538461539
0.21237585943468296,0.0030557677616501145,0.006111535523300229,0.7784568372803667
0.21921921921921922,0.0037537537537537537,0.003003003003003003,0.774024024024024
0.22696629213483147,0.0052434456928838954,0.00299625468164794,0.7647940074906368
0.23268072289156627,0.00677710843373494,0.0037650602409638554,0.7567771084337349
0.2343987823439878,0.0045662100456621,0.0045662100456621,0.756468797564688
0.22264150943396227,0.006792452830188679,0.0015094339622641509,0.7690566037735849
0.21583271097834206,0.005227781926811053,0.002987303958177745,0.7759522031366691
0.22887060583395663,0.0037397157816005983,0.004487658937920718,0.762902019446522
0.24024024024024024,0.006006006006006006,0.0022522522522522522,0.7515015015015015
0.24737631184407796,0.005247376311844078,0.0029985007496251873,0.7443778110944528
0.24203338391502277,0.007587253414264037,0.009104704097116844,0.7412746585735963
0.22885196374622357,0.005287009063444109,0.008308157099697885,0.7575528700906344
0.22534142640364188,0.005311077389984826,0.006069802731411229,0.7632776934749621
0.23458646616541354,0.005263157894736842,0.004511278195488722,0.7556390977443609
0.23163418290854573,0.0029985007496251873,0.005247376311844078,0.760119940029985
0.23323170731707318,0.0038109756097560975,0.003048780487804878,0.7599085365853658
0.21882172915072687,0.001530221882172915,0.0022953328232593728,0.7773527161438408
0.22536287242169595,0.004583651642475172,0.0053475935828877,0.7647058823529411
0.2222222222222222,0.0022988505747126436,0.0015325670498084292,0.7739463601532567
0.22256568778979907,0.00463678516228748,0.0007727975270479134,0.7720247295208655
0.2265321955003879,0.0062063615205585725,0.003878975950349108,0.7633824670287044
0.20885093167701863,0.006211180124223602,0.003105590062111801,0.781832298136646
0.20279720279720279,0.003885003885003885,0.004662004662004662,0.7886557886557887
0.21032056293979673,0.00547302580140735,0.00547302580140735,0.7787333854573886
0.21212121212121213,0.00777000777000777,0.005439005439005439,0.7746697746697747
0.22102009273570325,0.0077279752704791345,0.0038639876352395673,0.767387944358578
0.21918876755070202,0.0062402496099844,0.0039001560062402497,0.7706708268330733
0.21792890262751158,0.0061823802163833074,0.00231839258114374,0.7735703245749613
0.20811017597551645,0.0045906656465187455,0.0007651109410864575,0.7865340474368784
0.2006125574272588,0.0030627871362940277,0.002297090352220521,0.7940275650842267
0.20906994619523445,0.0030745580322828594,0.0030745580322828594,0.7847809377401999
0.2056792018419033,0.003837298541826554,0.0030698388334612432,0.7874136607828089
0.20368946963873943,0.0030745580322828594,0.006149116064565719,0.787086856264412
0.2056792018419033,0.0023023791250959325,0.0061396776669224865,0.7858787413660783
0.20152091254752852,0.0007604562737642585,0.006844106463878327,0.7908745247148289
0.2,0.0037593984962406013,0.006015037593984963,0.7902255639097744
0.20697498104624715,0.006823351023502654,0.0037907505686125853,0.7824109173616376
0.20937263794406652,0.006802721088435374,0.0030234315948601664,0.780801209372638
0.2085843373493976,0.007530120481927711,0.0030120481927710845,0.7808734939759037
0.20621683093252463,0.0037907505686125853,0.003032600454890068,0.7869598180439727
0.22189128816083395,0.0052122114668652275,0.0007446016381236039,0.7721518987341772
0.2178438661710037,0.006691449814126394,0.0007434944237918215,0.774721189591078
0.22388059701492538,0.004477611940298508,0.0014925373134328358,0.7701492537313432
0.21951219512195122,0.005173688100517369,0.0022172949002217295,0.7730968218773097
0.20916481892091648,0.005173688100517369,0.0029563932002956393,0.7827050997782705
0.20710059171597633,0.004437869822485207,0.005177514792899409,0.783284023668639
0.20178704393149666,0.00967982129560685,0.004467609828741623,0.7840655249441548
0.2,0.012830188679245283,0.009056603773584906,0.7781132075471698
0.2018140589569161,0.013605442176870748,0.008314436885865457,0.7762660619803476
0.2043906131718395,0.012112036336109008,0.009084027252081756,0.7744133232399697
0.19785276073619631,0.006901840490797546,0.003834355828220859,0.7914110429447853
0.1958041958041958,0.005439005439005439,0.003885003885003885,0.7948717948717948
0.1976923076923077,0.006923076923076923,0.004615384615384616,0.7907692307692308
0.20588235294117646,0.0015479876160990713,0.005417956656346749,0.7871517027863777
0.19508448540706605,0.0030721966205837174,0.007680491551459293,0.794162826420891
0.20705521472392638,0.0015337423312883436,0.010736196319018405,0.7806748466257669
0.2142316426949281,0.0,0.010598031794095382,0.7751703255109765
0.20923076923076922,0.0015384615384615385,0.011538461538461539,0.7776923076923077
0.205723124516628,0.0030935808197989174,0.013147718484145398,0.7780355761794276
0.20766283524904214,0.0015325670498084292,0.011494252873563218,0.7793103448275862
0.21263482280431434,0.0030816640986132513,0.00847457627118644,0.775808936825886
0.21445221445221446,0.005439005439005439,0.006993006993006993,0.7731157731157731
0.22136817832436587,0.004611837048424289,0.009992313604919293,0.7640276710222905
0.22523219814241485,0.005417956656346749,0.007739938080495356,0.7616099071207431
0.21855828220858894,0.003067484662576687,0.006901840490797546,0.7714723926380368
0.21450381679389313,0.0061068702290076335,0.0053435114503816794,0.7740458015267175
0.2161753590325019,0.007558578987150416,0.009070294784580499,0.7671957671957672
0.21368821292775667,0.00532319391634981,0.00532319391634981,0.7756653992395437
0.22377622377622378,0.003885003885003885,0.004662004662004662,0.7676767676767676
0.22239382239382238,0.004633204633204633,0.003088803088803089,0.7698841698841699
0.23493044822256567,0.0077279752704791345,0.0038639876352395673,0.7534775888717156
0.24270353302611367,0.008448540706605223,0.005376344086021506,0.7434715821812596
0.24475524475524477,0.011655011655011656,0.002331002331002331,0.7412587412587412
0.24803767660910517,0.01020408163265306,0.0015698587127158557,0.7401883830455259
0.246875,0.00703125,0.003125,0.74296875
0.2629513343799058,0.007849293563579277,0.003924646781789639,0.7252747252747253
0.2546583850931677,0.006211180124223602,0.007763975155279503,0.7313664596273292
0.25920245398773006,0.006134969325153374,0.012269938650306749,0.7223926380368099
0.2513451191391238,0.006149116064565719,0.009992313604919293,0.7325134511913912
0.25446082234290146,0.003878975950349108,0.0069821567106283944,0.734678044996121
0.26150306748466257,0.003834355828220859,0.00843558282208589,0.7262269938650306
0.26047220106626046,0.006854531607006854,0.009900990099009901,0.7227722772277227
0.2598001537279016,0.006149116064565719,0.003843197540353574,0.7302075326671791
0.2632386799693016,0.004604758250191865,0.003837298541826554,0.72831926323868
0.27615384615384614,0.006153846153846154,0.005384615384615384,0.7123076923076923
0.28117738187451585,0.006196746707978312,0.003098373353989156,0.7095274980635167
0.2748091603053435,0.0061068702290076335,0.004580152671755725,0.7145038167938931
0.28785607196401797,0.005247376311844078,0.0022488755622188904,0.704647676161919
0.3037974683544304,0.0052122114668652275,0.0029784065524944155,0.68801191362621
0.31101190476190477,0.003720238095238095,0.001488095238095238,0.6837797619047619
0.3010355029585799,0.0073964497041420114,0.0036982248520710057,0.6878698224852071
0.29572271386430676,0.0014749262536873156,0.0022123893805309734,0.700589970501475
0.30181543116490167,0.0045385779122541605,0.0030257186081694403,0.6906202723146747
0.3003048780487805,0.006097560975609756,0.0007621951219512195,0.6928353658536586
0.2945619335347432,0.004531722054380665,0.0015105740181268882,0.6993957703927492
0.30097087378640774,0.002987303958177745,0.0014936519790888724,0.6945481702763256
0.3106287425149701,0.0007485029940119761,0.0014970059880239522,0.687125748502994
0.3039879608728367,0.0015048908954100827,0.004514672686230248,0.6899924755455229
0.2892561983471074,0.002253944402704733,0.005259203606311044,0.7032306536438768
0.29508196721311475,0.0029806259314456036,0.0022354694485842027,0.6997019374068555
0.2861423220973783,0.003745318352059925,0.0022471910112359553,0.7078651685393258
0.2924242424242424,0.004545454545454545,0.006818181818181818,0.6962121212121212
0.28450920245398775,0.003834355828220859,0.003834355828220859,0.7078220858895705
0.2771822358346095,0.004594180704441042,0.002297090352220521,0.7159264931087289
0.2746153846153846,0.004615384615384616,0.003076923076923077,0.7176923076923077
0.27748294162244125,0.00530705079605762,0.0037907505686125853,0.7134192570128886
0.2796674225245654,0.003779289493575208,0.006046863189720333,0.7105064247921391
0.2874617737003058,0.00382262996941896,0.005351681957186544,0.7033639143730887
0.2857142857142857,0.006177606177606178,0.008494208494208495,0.6996138996138996
0.2864864864864865,0.006177606177606178,0.008494208494208495,0.6988416988416989
0.2810810810810811,0.005405405405405406,0.010038610038610039,0.7034749034749035
0.27391975308641975,0.009259259259259259,0.005401234567901234,0.7114197530864198
0.27391975308641975,0.012345679012345678,0.005401234567901234,0.7083333333333334
0.27336999214454044,0.012568735271013355,0.004713275726630008,0.7093479968578161
0.2589984350547731,0.009389671361502348,0.006259780907668232,0.7253521126760564
0.2626656274356976,0.010132501948558068,0.004676539360872954,0.7225253312548714
0.26791277258566976,0.00778816199376947,0.003894080996884735,0.7204049844236761
0.2686108979278588,0.00920951650038373,0.0023023791250959325,0.7198772064466615
0.267221801665405,0.004542013626040878,0.003785011355034065,0.72445117335352
0.2849702380952381,0.001488095238095238,0.000744047619047619,0.7127976190476191
0.29259259259259257,0.0014814814814814814,0.0022222222222222222,0.7037037037037037
0.2839140103780578,0.0037064492216456633,0.002223869532987398,0.7101556708673091
0.2805059523809524,0.002232142857142857,0.002232142857142857,0.7150297619047619
0.27266081871345027,0.0021929824561403508,0.005116959064327485,0.7200292397660819
0.2830470500373413,0.0014936519790888724,0.005227781926811053,0.7102315160567588
0.28313253012048195,0.002259036144578313,0.00677710843373494,0.7078313253012049
0.2777777777777778,0.00228310502283105,0.00837138508371385,0.7115677321156774
0.2875,0.00390625,0.0078125,0.70078125
0.3012232415902141,0.006880733944954129,0.0061162079510703364,0.6857798165137615
0.2932505818463926,0.01008533747090768,0.005430566330488751,0.691233514352211
0.296551724137931,0.006896551724137931,0.0053639846743295016,0.6911877394636016
0.305019305019305,0.006177606177606178,0.004633204633204633,0.6841698841698842
0.3034321372854914,0.0062402496099844,0.0062402496099844,0.6840873634945398
0.30116731517509726,0.005447470817120622,0.005447470817120622,0.6879377431906615
0.2946219797349961,0.003117692907248636,0.004676539360872954,0.6975837879968823
0.2905457340507302,0.005380476556495004,0.006917755572636433,0.6971560338201384
0.2891287586738628,0.002313030069390902,0.01156515034695451,0.6969930609097919
0.2890743550834598,0.0037936267071320183,0.010622154779969651,0.6965098634294385
0.29176289453425713,0.003079291762894534,0.011547344110854504,0.6936104695919938
0.2859304084720121,0.006051437216338881,0.009833585476550681,0.6981845688350984
0.2953328232593726,0.0038255547054322878,0.011476664116296864,0.6893649579188983
0.29884169884169887,0.003861003861003861,0.010810810810810811,0.6864864864864865
0.299922898997687,0.009252120277563608,0.007710100231303007,0.6831148804934464
0.30816170861937453,0.011441647597254004,0.006102212051868803,0.6742944317315027
0.3211567732115677,0.01141552511415525,0.0045662100456621,0.662861491628615
0.32233307751343054,0.00844205679201842,0.005372217958557176,0.6638526477359938
0.31345565749235477,0.009938837920489297,0.006880733944954129,0.6697247706422018
0.3157894736842105,0.009287925696594427,0.005417956656346749,0.6695046439628483
0.3048875096974399,0.009309542280837859,0.0062063615205585725,0.6795965865011637
0.29844961240310075,0.0069767441860465115,0.006201550387596899,0.6883720930232559
0.29266409266409266,0.006177606177606178,0.004633204633204633,0.6965250965250965
0.282642089093702,0.004608294930875576,0.0038402457757296467,0.7089093701996928
0.2888386123680241,0.006787330316742082,0.005279034690799397,0.6990950226244343
0.28277439024390244,0.006097560975609756,0.004573170731707317,0.7065548780487805
0.28177641653905056,0.006125574272588055,0.006125574272588055,0.7059724349157733
0.28835774865073244,0.006168080185042405,0.0015420200462606013,0.7039321511179646
0.2895927601809955,0.007541478129713424,0.0022624434389140274,0.700603318250377
0.2848575712143928,0.009745127436281859,0.0022488755622188904,0.7031484257871065
0.2987208427389014,0.008276899924755455,0.002257336343115124,0.690744920993228
0.29020194465220644,0.008227374719521317,0.0014958863126402393,0.700074794315632
0.2962138084632517,0.0066815144766146995,0.005196733481811433,0.6919079435783222
0.30192878338278933,0.008902077151335312,0.00370919881305638,0.685459940652819
0.3194029850746269,0.007462686567164179,0.0029850746268656717,0.6701492537313433
0.3273542600896861,0.0029895366218236174,0.006726457399103139,0.6629297458893871
0.33157099697885195,0.0022658610271903325,0.006042296072507553,0.6601208459214502
0.3208955223880597,0.0037313432835820895,0.0014925373134328358,0.6738805970149254
0.3224610822831727,0.0029651593773165306,0.0037064492216456633,0.6708673091178651
0.32320237212750186,0.005189028910303929,0.0029651593773165306,0.6686434395848777
0.3402520385470719,0.005189028910303929,0.002223869532987398,0.6523350630096367
0.3491346877351392,0.002257336343115124,0.002257336343115124,0.6463506395786306
0.34527439024390244,0.0022865853658536584,0.008384146341463415,0.6440548780487805
0.34045801526717556,0.004580152671755725,0.008396946564885497,0.6465648854961832
0.329803328290469,0.0030257186081694403,0.00529500756429652,0.6618759455370651
0.3214556482183472,0.003032600454890068,0.003032600454890068,0.6724791508718726
0.3212121212121212,0.0015151515151515152,0.0022727272727272726,0.675
0.3207831325301205,0.0037650602409638554,0.005271084337349397,0.6701807228915663
0.334070796460177,0.003687315634218289,0.00663716814159292,0.6556047197640118
0.3253909158600149,0.0052122114668652275,0.0037230081906180195,0.6656738644825019
0.3261355174981385,0.005956813104988831,0.0037230081906180195,0.6641846612062546
0.3360473723168024,0.0044411547002220575,0.0022205773501110288,0.6572908956328646
0.3343108504398827,0.0036656891495601175,0.001466275659824047,0.6605571847507331
0.32359386413440466,0.006574141709276844,0.005113221329437546,0.664718772826881
0.3132267441860465,0.0029069767441860465,0.005813953488372093,0.6780523255813954
0.31647398843930635,0.002167630057803468,0.0072254335260115606,0.6741329479768786
0.3175182481751825,0.006569343065693431,0.008029197080291971,0.6678832116788321
0.31895910780669146,0.0044609665427509295,0.011895910780669145,0.6646840148698885
0.3051750380517504,0.00228310502283105,0.0121765601217656,0.680365296803653
0.30798479087452474,0.003041825095057034,0.0076045627376425855,0.6813688212927757
0.2997711670480549,0.0038138825324180014,0.0038138825324180014,0.6926010678871091
0.29946112394149343,0.004618937644341801,0.004618937644341801,0.6913010007698229
0.2984375,0.003125,0.00390625,0.69453125
0.30727130570758404,0.004691164972634871,0.0023455824863174357,0.6856919468334637
0.31336405529953915,0.002304147465437788,0.004608294930875576,0.6797235023041475
0.31124807395993837,0.0023112480739599386,0.006933744221879815,0.6795069337442219
0.31550387596899226,0.003875968992248062,0.004651162790697674,0.6759689922480621
0.31525157232704404,0.0023584905660377358,0.00550314465408805,0.6768867924528302
0.3029827315541601,0.004709576138147566,0.0031397174254317113,0.6891679748822606
0.304858934169279,0.004702194357366771,0.006269592476489028,0.6841692789968652
0.28911042944785276,0.003067484662576687,0.006901840490797546,0.700920245398773
0.2884468247895945,0.005355776587605203,0.009946442234123947,0.6962509563886764
0.2838855421686747,0.006024096385542169,0.012048192771084338,0.6980421686746988
0.2821482602118003,0.0015128593040847202,0.01588502269288956,0.7004538577912254
0.2902985074626866,0.002238805970149254,0.014925373134328358,0.6925373134328359
0.2878673700075358,0.0015071590052750565,0.01281085154483798,0.6978146194423511
0.29175946547884185,0.0022271714922048997,0.008908685968819599,0.6971046770601337
0.27694610778443113,0.0037425149700598802,0.008233532934131737,0.7110778443113772
0.26876876876876876,0.0037537537537537537,0.0045045045045045045,0.722972972972973
0.28172205438066467,0.0037764350453172208,0.0037764350453172208,0.7107250755287009
0.26926010678871093,0.005339435545385202,0.0030511060259344014,0.7223493516399695
0.25232198142414863,0.006191950464396285,0.003869969040247678,0.7376160990712074
0.2542113323124043,0.005359877488514548,0.0038284839203675345,0.7366003062787136
0.24942263279445728,0.006928406466512702,0.004618937644341801,0.7390300230946882
0.25585023400936036,0.01014040561622465,0.0031201248049922,0.7308892355694228
0.24459876543209877,0.009259259259259259,0.004629629629629629,0.7415123456790124
0.236985236985237,0.00777000777000777,0.006993006993006993,0.7482517482517482
0.25723221266614543,0.009382329945269743,0.007036747458952306,0.7263487099296325
0.26137239784117194,0.008481110254433308,0.006939090208172706,0.723207401696222
0.26063829787234044,0.00911854103343465,0.005319148936170213,0.7249240121580547
0.2563121652639633,0.013006885998469778,0.011476664116296864,0.7192042846212701
0.26264150943396225,0.011320754716981131,0.006792452830188679,0.7192452830188679
0.28108515448379806,0.006028636021100226,0.008289374529012811,0.7045968349660889
0.2844311377245509,0.0074850299401197605,0.0074850299401197605,0.7005988023952096
0.2798812175204157,0.008166295471417966,0.005196733481811433,0.7067557535263549
0.28613352898019073,0.00586940572267058,0.00586940572267058,0.7021276595744681
0.2642910170749814,0.004454342984409799,0.002969561989606533,0.7282850779510023
0.2661169415292354,0.006746626686656672,0.0029985007496251873,0.7241379310344828
0.2751322751322751,0.008314436885865457,0.006802721088435374,0.7097505668934241
0.2731411229135053,0.009863429438543247,0.006069802731411229,0.7109256449165402
0.26138909634055263,0.011202389843166542,0.00597460791635549,0.7214339058999253
0.2636363636363636,0.009848484848484848,0.003787878787878788,0.7227272727272728
0.25287356321839083,0.01532567049808429,0.0022988505747126436,0.7295019157088123
0.2511380880121396,0.012139605462822459,0.0030349013657056147,0.7336874051593323
0.24771341463414634,0.013719512195121951,0.003048780487804878,0.7355182926829268
0.2511415525114155,0.0121765601217656,0.00228310502283105,0.7343987823439878
0.24848024316109424,0.007598784194528876,0.001519756838905775,0.7424012158054711
0.26595744680851063,0.007598784194528876,0.0007598784194528875,0.7256838905775076
0.26339622641509436,0.0060377358490566035,0.0015094339622641509,0.7290566037735849
0.25931558935361215,0.0045627376425855515,0.0022813688212927757,0.7338403041825095
0.26666666666666666,0.00599250936329588,0.0044943820224719105,0.7228464419475655
0.2554144884241972,0.010455563853622106,0.006721433905899925,0.7274085138162808
0.2602739726027397,0.00837138508371385,0.00684931506849315,0.7245053272450532
0.2521137586471945,0.005380476556495004,0.005380476556495004,0.7371252882398155
0.24558710667689945,0.005372217958557176,0.004604758250191865,0.7444359171143515
0.2492283950617284,0.006944444444444444,0.004629629629629629,0.7391975308641975
0.2476993865030675,0.0023006134969325155,0.004601226993865031,0.745398773006135
0.2415902140672783,0.00382262996941896,0.0045871559633027525,0.75
0.24122137404580152,0.0053435114503816794,0.0061068702290076335,0.7473282442748092
0.24713083397092578,0.005355776587605203,0.005355776587605203,0.7421576128538638
0.2501924557351809,0.007698229407236336,0.003849114703618168,0.7382602001539645
0.24481964696853414,0.00844205679201842,0.005372217958557176,0.7413660782808903
0.2490392006149116,0.006149116064565719,0.003843197540353574,0.740968485780169
0.2498107494322483,0.002271006813020439,0.005299015897047691,0.7426192278576835
0.251131221719457,0.003770739064856712,0.006033182503770739,0.7390648567119156
0.2483221476510067,0.005965697240865026,0.006711409395973154,0.7390007457121551
0.2606741573033708,0.0044943820224719105,0.008239700374531835,0.7265917602996255
0.25297619047619047,0.004464285714285714,0.006696428571428571,0.7358630952380952
0.255079006772009,0.003762227238525207,0.0030097817908201654,0.7381489841986456
0.2622088655146506,0.005259203606311044,0.002253944402704733,0.7302779864763336
0.2773613193403298,0.004497751124437781,0.0022488755622188904,0.7158920539730135
0.2708018154311649,0.00680786686838124,0.00529500756429652,0.7170953101361573
0.26963746223564955,0.0075528700906344415,0.005287009063444109,0.7175226586102719
0.28277439024390244,0.006097560975609756,0.004573170731707317,0.7065548780487805
0.2709284627092846,0.0060882800608828,0.0045662100456621,0.7184170471841704
0.26093630084420566,0.004604758250191865,0.005372217958557176,0.7290867229470452
0.26717557251908397,0.003816793893129771,0.0053435114503816794,0.7236641221374046
0.27037319116527037,0.002284843869002285,0.006092916984006093,0.7212490479817213
0.2663587374903772,0.0023094688221709007,0.007698229407236336,0.7236335642802155
0.2819349962207105,0.005291005291005291,0.0045351473922902496,0.7082388510959939
0.273542600896861,0.0029895366218236174,0.005979073243647235,0.7174887892376681
0.258751902587519,0.0030441400304414,0.0106544901065449,0.7275494672754946
0.25779467680608364,0.003041825095057034,0.008365019011406844,0.7307984790874524
0.2513287775246773,0.0037965072133637054,0.006074411541381929,0.738800303720577
0.24311926605504589,0.0022935779816513763,0.0045871559633027525,0.75
0.25412293853073464,0.0029985007496251873,0.004497751124437781,0.7383808095952024
0.25806451612903225,0.00450112528132033,0.003000750187546887,0.7344336084021005
0.26681614349775784,0.00523168908819133,0.0029895366218236174,0.7249626307922272
0.254724111866969,0.005291005291005291,0.003779289493575208,0.7362055933484505
0.2501912777352716,0.009181331293037491,0.001530221882172915,0.739097169089518
0.2540168324407039,0.00612088752869166,0.0022953328232593728,0.7375669472073451
0.2616679418515685,0.008416220351951033,0.0007651109410864575,0.7291507268553941
0.25384615384615383,0.004615384615384616,0.0007692307692307692,0.7407692307692307
0.2409545804464973,0.004618937644341801,0.0,0.7544264819091608
0.24885145482388973,0.0038284839203675345,0.0,0.7473200612557427
0.25268817204301075,0.007680491551459293,0.0007680491551459293,0.738863287250384
0.2403041825095057,0.0076045627376425855,0.0045627376425855515,0.7475285171102661
0.24660633484162897,0.004524886877828055,0.005279034690799397,0.7435897435897436
0.24697885196374622,0.00906344410876133,0.0075528700906344415,0.736404833836858
0.24357034795763993,0.0045385779122541605,0.0030257186081694403,0.7488653555219364
0.25075075075075076,0.006756756756756757,0.0022522522522522522,0.7402402402402403
0.24546827794561935,0.008308157099697885,0.0030211480362537764,0.743202416918429
0.25075757575757573,0.007575757575757576,0.0015151515151515152,0.7401515151515151
0.2534142640364188,0.0037936267071320183,0.0007587253414264037,0.7420333839150227
0.24452830188679245,0.005283018867924529,0.0022641509433962265,0.7479245283018868
0.25549658832448824,0.009097801364670205,0.003032600454890068,0.7323730098559514
0.24752475247524752,0.010662604722010662,0.00456968773800457,0.7372429550647372
0.2518796992481203,0.011278195488721804,0.0037593984962406013,0.7330827067669173
0.2627182991647684,0.011389521640091117,0.0037965072133637054,0.7220956719817767
0.25286478227654696,0.007639419404125287,0.0053475935828877,0.73414820473644
0.2674591381872214,0.007429420505200594,0.003714710252600297,0.7213967310549777
0.25737463126843657,0.00663716814159292,0.0029498525073746312,0.7330383480825958
0.2659259259259259,0.008888888888888889,0.005185185185185185,0.72
0.26804123711340205,0.003681885125184094,0.005154639175257732,0.7231222385861561
0.2676056338028169,0.005930318754633061,0.005930318754633061,0.720533728687917
0.2607062359128475,0.009015777610818933,0.007513148009015778,0.7227648384673178
0.2555886736214605,0.007451564828614009,0.005961251862891207,0.7309985096870343
0.2568875651526433,0.007446016381236039,0.004467609828741623,0.731198808637379
0.24794007490636705,0.008988764044943821,0.006741573033707865,0.7363295880149813
0.25617977528089886,0.008988764044943821,0.00599250936329588,0.7288389513108614
0.25376506024096385,0.011295180722891566,0.005271084337349397,0.7296686746987951
0.25337331334332835,0.011244377811094454,0.005997001499250375,0.7293853073463268
0.25093353248693057,0.008961911874533234,0.002987303958177745,0.7371172516803585
0.2552710843373494,0.007530120481927711,0.002259036144578313,0.7349397590361446
0.2571644042232277,0.007541478129713424,0.003770739064856712,0.7315233785822021
0.2460377358490566,0.005283018867924529,0.0030188679245283017,0.7456603773584906
0.24812030075187969,0.005263157894736842,0.0030075187969924814,0.7436090225563909
0.25900900900900903,0.006006006006006006,0.0022522522522522522,0.7327327327327328
0.2551775147928994,0.008136094674556213,0.0029585798816568047,0.7337278106508875
0.24258160237388723,0.009643916913946587,0.0066765578635014835,0.7410979228486647
0.24683072334079045,0.007457121551081283,0.007457121551081283,0.738255033557047
0.24906507105459985,0.0029917726252804786,0.005983545250560957,0.7419596110695588
0.24962630792227206,0.0029895366218236174,0.00523168908819133,0.742152466367713
0.25,0.0037313432835820895,0.005970149253731343,0.7402985074626866
0.26997041420118345,0.0014792899408284023,0.006656804733727811,0.7218934911242604
0.262343404568902,0.002210759027266028,0.0014738393515106854,0.7339719970523213
0.25639152666179693,0.0007304601899196494,0.0029218407596785976,0.7399561723886048
0.24981522542498152,0.0007390983000739098,0.003695491500369549,0.745750184774575
0.258955223880597,0.0007462686567164179,0.0029850746268656717,0.7373134328358208
0.24721603563474387,0.003711952487008166,0.002969561989606533,0.7461024498886414
0.24158563949139866,0.004487658937920718,0.005235602094240838,0.7486910994764397
0.24024024024024024,0.006756756756756757,0.010510510510510511,0.7424924924924925
0.2424924924924925,0.009009009009009009,0.0075075075075075074,0.740990990990991
0.23431594860166288,0.006802721088435374,0.0045351473922902496,0.7543461829176115
0.25093914350112695,0.007513148009015778,0.005259203606311044,0.7362885048835462
0.2461890243902439,0.010670731707317074,0.003048780487804878,0.7400914634146342
0.24405218726016883,0.005372217958557176,0.004604758250191865,0.7459708365310821
0.24541284403669725,0.0061162079510703364,0.0061162079510703364,0.7423547400611621
0.23029839326702373,0.005355776587605203,0.005355776587605203,0.7589900535577658
0.24150943396226415,0.006792452830188679,0.004528301886792453,0.7471698113207547
0.2486969471332837,0.0037230081906180195,0.0037230081906180195,0.7438570364854803
0.26327599102468213,0.005235602094240838,0.0037397157816005983,0.7277486910994765
0.2642369020501139,0.009870918754745633,0.0037965072133637054,0.7220956719817767
0.2524344569288389,0.008239700374531835,0.003745318352059925,0.7355805243445693
0.2569706103993971,0.007535795026375283,0.0037678975131876413,0.73172569706104
0.25835866261398177,0.004559270516717325,0.003799392097264438,0.7332826747720365
0.2549467275494673,0.00228310502283105,0.00380517503805175,0.73896499238965
0.24865280985373364,0.003849114703618168,0.006928406466512702,0.7405696689761355
0.2564885496183206,0.0022900763358778627,0.008396946564885497,0.732824427480916
0.2601067887109077,0.0007627765064836003,0.006102212051868803,0.7330282227307399
0.26443768996960487,0.0007598784194528875,0.003799392097264438,0.7310030395136778
0.26952526799387444,0.0038284839203675345,0.004594180704441042,0.722052067381317
0.2738998482549317,0.0037936267071320183,0.005311077389984826,0.7169954476479514
0.2680334092634776,0.005315110098709187,0.006074411541381929,0.7205770690964313
0.2564491654021244,0.006069802731411229,0.004552352048558422,0.7329286798179059
0.25698757763975155,0.006987577639751553,0.004658385093167702,0.7313664596273292
0.2629144178874325,0.006168080185042405,0.006939090208172706,0.7239784117193524
0.2592307692307692,0.008461538461538461,0.008461538461538461,0.7238461538461538
0.24633204633204633,0.005405405405405406,0.005405405405405406,0.7428571428571429
0.2513576415826222,0.009309542280837859,0.004654771140418929,0.734678044996121
0.2597809076682316,0.00782472613458529,0.005477308294209703,0.7269170579029735
0.2603273577552611,0.009353078721745909,0.007014809041309431,0.7233047544816835
0.25254901960784315,0.010980392156862745,0.006274509803921568,0.7301960784313726
0.2507788161993769,0.010124610591900311,0.00778816199376947,0.7313084112149533
0.24453125,0.00625,0.009375,0.73984375
0.2398753894080997,0.004672897196261682,0.010903426791277258,0.7445482866043613
0.2572096648480125,0.002338269680436477,0.010911925175370226,0.7295401402961809
0.26080246913580246,0.006172839506172839,0.012345679012345678,0.720679012345679
0.2681992337164751,0.004597701149425287,0.009195402298850575,0.7180076628352491
0.26795366795366793,0.004633204633204633,0.007722007722007722,0.7196911196911197
0.26754047802621433,0.004626060138781804,0.006168080185042405,0.7216653816499614
0.2700228832951945,0.002288329519450801,0.0038138825324180014,0.7238749046529367
0.27505827505827507,0.006216006216006216,0.003108003108003108,0.7156177156177156
0.2775193798449612,0.002325581395348837,0.0015503875968992248,0.7186046511627907
0.28141865844255975,0.005397070161912105,0.0038550501156515036,0.7093292212798766
0.2707856598016781,0.0038138825324180014,0.004576659038901602,0.7208237986270023
0.2697318007662835,0.0038314176245210726,0.007662835249042145,0.7187739463601532
0.2639939485627837,0.007564296520423601,0.006051437216338881,0.7223903177004538
0.25572519083969464,0.006870229007633588,0.009923664122137405,0.7274809160305343
