C,D,Oc,Od
1.0,0.0,0.0,0.0
0.5,0.5,0.0,0.0
0.5,0.5,0.0,0.0
0.4666666666666667,0.3333333333333333,0.06666666666666667,0.13333333333333333
0.5,0.32142857142857145,0.07142857142857142,0.10714285714285714
0.4791666666666667,0.3333333333333333,0.10416666666666667,0.08333333333333333
0.44,0.32,0.13333333333333333,0.10666666666666667
0.39603960396039606,0.33663366336633666,0.1485148514851485,0.1188118811881188
0.3793103448275862,0.33793103448275863,0.15862068965517243,0.12413793103448276
0.36548223350253806,0.350253807106599,0.15228426395939088,0.1319796954314721
0.3784860557768924,0.3426294820717131,0.14741035856573706,0.13147410358565736
0.36977491961414793,0.33440514469453375,0.1607717041800643,0.13504823151125403
0.38320209973753283,0.32020997375328086,0.16272965879265092,0.13385826771653545
0.3659574468085106,0.32340425531914896,0.16808510638297872,0.1425531914893617
0.38162544169611307,0.31802120141342755,0.16784452296819788,0.13250883392226148
0.3682678311499272,0.31877729257641924,0.17321688500727803,0.13973799126637554
0.36855036855036855,0.3181818181818182,0.17076167076167076,0.14250614250614252
0.36787564766839376,0.3088082901554404,0.17305699481865286,0.15025906735751296
0.3811659192825112,0.2932735426008969,0.17488789237668162,0.15067264573991032
0.38822593476531425,0.2911694510739857,0.16785998408910102,0.15274463007159905
0.3829337094499295,0.28843441466854725,0.16502115655853314,0.16361071932299012
0.3804143126177024,0.28562460765850595,0.162586315128688,0.1713747645951036
0.3815789473684211,0.2740274599542334,0.16590389016018306,0.17848970251716248
0.37773042088438996,0.28023441662226956,0.16036228023441662,0.1816728822589238
0.375311100049776,0.2777501244400199,0.15778994524639123,0.18914883026381285
0.376679462571977,0.26919385796545103,0.15738963531669867,0.1967370441458733
0.36475972540045765,0.26407322654462245,0.16155606407322654,0.20961098398169337
0.36141304347826086,0.26811594202898553,0.15942028985507245,0.21105072463768115
0.36012433392539966,0.27087033747779754,0.1625222024866785,0.20648312611012434
0.3643581826202029,0.26731363034847816,0.16012351124834584,0.20820467578297308
0.35896309314586994,0.2702108963093146,0.16520210896309315,0.2056239015817223
0.3684907325684025,0.265666372462489,0.15931156222418358,0.20653133274492497
0.36876929863255403,0.2690780767534186,0.1627701808557565,0.19938244375827086
0.36569148936170215,0.2721631205673759,0.16134751773049646,0.20079787234042554
0.3648351648351648,0.2676923076923077,0.16483516483516483,0.20263736263736265
0.3594228246611281,0.2719720157411456,0.1644075207695671,0.20419763882815917
0.35843240863055925,0.27212681638044917,0.16292382210479964,0.20651695288419197
0.3564835164835165,0.27164835164835166,0.16483516483516483,0.20703296703296703
0.35597706219673575,0.2695191883546537,0.16806352007057784,0.20644022937803264
0.36727434415295684,0.2618941751889729,0.16496220542463316,0.2058692752334371
0.36704446381865735,0.2619877942458588,0.16434176111595467,0.2066259808195292
0.36795774647887325,0.25616197183098594,0.16681338028169015,0.20906690140845072
0.3632778264680105,0.25503943908851884,0.16739702015775634,0.21428571428571427
0.3673289183222958,0.25165562913907286,0.1673289183222958,0.21368653421633554
0.368141592920354,0.2584070796460177,0.16061946902654867,0.21283185840707963
0.362363238512035,0.25864332603938733,0.16849015317286653,0.21050328227571116
0.3590308370044053,0.25726872246696036,0.16519823788546256,0.2185022026431718
0.3595950704225352,0.24735915492957747,0.1742957746478873,0.21875
0.3611357586512866,0.2502218278615794,0.16947648624667258,0.2191659272404614
0.3654441007512152,0.25143614670790987,0.1652673442333186,0.21785240830755634
0.35630178805058876,0.2477104230266027,0.16877453118185784,0.22721325774095072
0.3500219587176109,0.2516469038208169,0.1686429512516469,0.22968818620992534
0.3556430446194226,0.2515310586176728,0.16754155730533685,0.22528433945756782
0.35912087912087914,0.25362637362637364,0.16439560439560438,0.22285714285714286
0.3574580759046778,0.2546337157987643,0.16063548102383055,0.22727272727272727
0.3576803895528995,0.2536520584329349,0.16290393979637008,0.22576361221779548
0.3590308370044053,0.2594713656387665,0.16343612334801763,0.21806167400881057
0.36311366651923926,0.2516585581601061,0.16231755860238833,0.22291021671826625
0.3629242819843342,0.2515230635335074,0.15926892950391644,0.22628372497824195
0.3625110521662246,0.253315649867374,0.15649867374005305,0.22767462422634838
0.3560371517027864,0.24988942945599293,0.16143299425033172,0.232640424590889
0.35905304690925033,0.2538360368259535,0.16352476983779043,0.2235861464270057
0.3579319487406098,0.25673884224480775,0.15952275740167918,0.22580645161290322
0.35786690171881885,0.25253415601586604,0.1599823710885853,0.22961657117672984
0.3561643835616438,0.2558550596553248,0.16349977905435262,0.22448077772867875
0.35559486952675806,0.2529854046881911,0.1609907120743034,0.23042901371074745
0.3523936170212766,0.25177304964539005,0.1622340425531915,0.23359929078014185
0.3562610229276896,0.25573192239858905,0.15828924162257496,0.22971781305114639
0.3502222222222222,0.26222222222222225,0.16044444444444445,0.22711111111111112
0.3440105309346205,0.26810004387889425,0.1570864414216762,0.23080298376480912
0.3475395430579965,0.26757469244288223,0.15992970123022848,0.22495606326889278
0.33524734982332155,0.2703180212014134,0.15945229681978798,0.23498233215547704
0.33935654473336274,0.2626707800793301,0.15910092551784927,0.2388717496694579
0.3352601156069364,0.272565584704313,0.1493997332147621,0.24277456647398843
0.3308501314636284,0.275635407537248,0.15425065731814197,0.2392638036809816
0.3331858407079646,0.27256637168141595,0.1579646017699115,0.23628318584070795
0.3368653421633554,0.2737306843267108,0.15408388520971303,0.23532008830022075
0.33597534125935713,0.2668428005284016,0.15984147952443858,0.23734037868780272
0.3342036553524804,0.27154046997389036,0.16144473455178415,0.2328111401218451
0.33377600708278,0.27578574590526783,0.15847720230190349,0.2319610447100487
0.33614190687361417,0.27006651884700666,0.1574279379157428,0.23636363636363636
0.3351182507809014,0.27219991075412764,0.1566265060240964,0.23605533244087462
0.33318642573821067,0.2728074041427942,0.15557514323490523,0.2384310268840899
0.32876106194690263,0.2721238938053097,0.16017699115044248,0.23893805309734514
0.32956029603831083,0.2677405311275577,0.15977361776229865,0.24292555507183283
0.3333333333333333,0.2612137203166227,0.16490765171503957,0.2405452946350044
0.33245614035087717,0.2565789473684211,0.16842105263157894,0.2425438596491228
0.3362676056338028,0.2522007042253521,0.17033450704225353,0.24119718309859156
0.3314260563380282,0.24867957746478872,0.17297535211267606,0.24691901408450703
0.3331868131868132,0.23824175824175825,0.17626373626373626,0.2523076923076923
0.33465259454705365,0.24582233948988566,0.17502198768689534,0.24450307827616535
0.33008849557522124,0.2491150442477876,0.17610619469026548,0.24469026548672565
0.3331856446610545,0.24767390341160833,0.17589720868409392,0.24324324324324326
0.3309608540925267,0.2442170818505338,0.175711743772242,0.2491103202846975
0.33554376657824936,0.242263483642794,0.17506631299734748,0.2471264367816092
0.32673702726473175,0.24538258575197888,0.17766051011433598,0.25021987686895336
0.326486013986014,0.24694055944055945,0.180506993006993,0.24606643356643357
0.3230904302019315,0.2440737489025461,0.1826163301141352,0.25021949078138717
0.3246235606731621,0.24269264836138174,0.1837909654561559,0.24889282550930025
0.3264499121265378,0.2359402460456942,0.18629173989455183,0.2513181019332162
0.3235551663747811,0.24124343257443082,0.18169877408056043,0.2535026269702277
0.32450331125827814,0.24370860927152319,0.176158940397351,0.2556291390728477
0.3297777777777778,0.23777777777777778,0.1768888888888889,0.25555555555555554
0.33013100436681225,0.2388646288209607,0.17860262008733624,0.25240174672489085
0.32919805050952594,0.23969871510855117,0.18387239698715108,0.2472308373947718
0.3317244405440983,0.2387011847301448,0.18692408951294429,0.24265028521281265
0.3306948109058927,0.23614775725593667,0.18557607739665788,0.24758135444151275
0.3254281949934124,0.24154589371980675,0.18840579710144928,0.24462011418533158
0.31973684210526315,0.24605263157894736,0.1912280701754386,0.24298245614035088
0.3214756258234519,0.2406675450153711,0.19279754062362758,0.2450592885375494
0.3232189973614776,0.23966578715919085,0.193051890941073,0.24406332453825857
0.3210315695864829,0.24544241885282347,0.19119608714984437,0.24232992441084927
0.3218189768255356,0.24836029733275033,0.1910800174901618,0.23874070835155226
0.32270916334661354,0.2456839309428951,0.18857901726427623,0.24302788844621515
0.32075471698113206,0.24352786309784993,0.18955682316805617,0.2461605967529618
0.3228621291448517,0.24607329842931938,0.1863001745200698,0.24476439790575916
0.3199115044247788,0.2415929203539823,0.1911504424778761,0.24734513274336284
0.31693262411347517,0.25,0.18218085106382978,0.250886524822695
0.31438565806733715,0.2479230432881504,0.1814604285089637,0.25623087013554874
0.32081307998232433,0.2465753424657534,0.17587273530711445,0.25673884224480775
0.3178191489361702,0.24556737588652483,0.1777482269503546,0.25886524822695034
0.3200531208499336,0.24833997343957503,0.17042939353696326,0.26117751217352814
0.3241830065359477,0.2514161220043573,0.16688453159041394,0.257516339869281
0.3172352680549402,0.2512184315463004,0.1692512184315463,0.26229508196721313
0.3163941670349094,0.25320371188687585,0.16261599646486966,0.2677861246133451
0.3182218309859155,0.2557218309859155,0.16593309859154928,0.2601232394366197
0.3114247904719894,0.2576091751213057,0.16982796647551832,0.2611380679311866
0.31312690798081116,0.2511993022241605,0.17226341037941562,0.26341037941561274
0.31776112825033054,0.24416042309387395,0.17276333186425738,0.26531511679153813
0.31114070128717264,0.2401242787394585,0.17532179316466934,0.2734132268086995
0.31274812527569473,0.23908248786943095,0.1729157476841641,0.27525363917071016
0.30789707187222715,0.24489795918367346,0.1725820763087844,0.274622892635315
0.3121131741821397,0.2409372236958444,0.17064544650751548,0.27630415561450045
0.3136907399202481,0.24014178112538767,0.1692512184315463,0.2769162605228179
0.31862312444836716,0.24051191526919682,0.16902030008826124,0.27184466019417475
0.31318923687692984,0.24525805028672254,0.1658579620644023,0.27569475077194533
0.31618293755496923,0.24582233948988566,0.16358839050131926,0.27440633245382584
0.3179039301310044,0.2427947598253275,0.16593886462882096,0.27336244541484717
0.31541850220264317,0.24669603524229075,0.16740088105726872,0.27048458149779736
0.313215859030837,0.24140969162995596,0.16784140969162994,0.2775330396475771
0.31261022927689597,0.24559082892416226,0.1693121693121693,0.2724867724867725
0.3142353459673865,0.24460114587924195,0.16879682679594535,0.2723666813574262
0.310692375109553,0.24408413672217352,0.16958808063102543,0.275635407537248
0.3199115044247788,0.23495575221238937,0.1743362831858407,0.27079646017699116
0.31393298059964725,0.24206349206349206,0.16887125220458554,0.2751322751322751
0.30655021834061136,0.24759825327510918,0.17554585152838428,0.2703056768558952
0.3052351375332742,0.24489795918367346,0.17834960070984915,0.27151730257320317
0.30678851174934724,0.24412532637075718,0.1814621409921671,0.26762402088772846
0.3048245614035088,0.23859649122807017,0.17763157894736842,0.2789473684210526
0.2995147772386414,0.2399647110719012,0.18041464490516101,0.28010586678429644
0.29329852045256743,0.2402088772845953,0.18320278503046128,0.283289817232376
0.29023746701846964,0.24582233948988566,0.1820580474934037,0.28188214599824096
0.29558373414954087,0.2374289462177525,0.18277219064276345,0.28421512898994317
0.2936021034180543,0.24233128834355827,0.1831726555652936,0.28089395267309375
0.2932098765432099,0.23544973544973544,0.18871252204585537,0.2826278659611993
0.2958057395143488,0.2335540838852097,0.1911699779249448,0.27947019867549666
0.2904929577464789,0.23503521126760563,0.19982394366197184,0.2746478873239437
0.29080510338759347,0.2331720193576771,0.19621645402551693,0.2798064232292125
0.2932924156071898,0.23498465585269618,0.19333625602805787,0.2783866725120561
0.2984084880636605,0.23519009725906279,0.1918656056587091,0.27453580901856767
0.29636124506795264,0.23147742218325296,0.19333625602805787,0.27882507672073653
0.2965396408234779,0.22777047744196233,0.19448094612352168,0.2812089356110381
0.2926722246599386,0.23168056164984643,0.19569986836331724,0.27994734532689775
0.2874779541446208,0.24074074074074073,0.18518518518518517,0.2865961199294533
0.291832229580574,0.2326710816777042,0.18763796909492272,0.2878587196467991
0.2898550724637681,0.2362758014931928,0.1919191919191919,0.28194993412384717
0.2894273127753304,0.2343612334801762,0.1947136563876652,0.28149779735682817
0.28503046127067017,0.23585726718885988,0.19799825935596171,0.28111401218450827
0.28114035087719297,0.24078947368421053,0.1986842105263158,0.2793859649122807
0.2781921895568232,0.2395787626151821,0.19964896884598507,0.28258007898200965
0.27957931638913236,0.24145486415425066,0.1971954425942156,0.2817703768624014
0.2732072151341839,0.24417069951605808,0.2001759788825341,0.28244610646722396
0.2707501109631602,0.2507767421216156,0.2006213936972925,0.27785175321793165
0.27047366091190794,0.24391323594510844,0.20185922974767595,0.28375387339530767
0.26150442477876107,0.24469026548672565,0.2075221238938053,0.28628318584070794
0.26,0.24133333333333334,0.2088888888888889,0.2897777777777778
0.25888547608600265,0.2448442299254059,0.2132514260640632,0.2830188679245283
0.2598597721297108,0.24364592462751972,0.20683610867659946,0.28965819456617004
0.2560813799203892,0.24502432551968156,0.2118531623175586,0.28704113224237066
0.2612137203166227,0.24318381706244502,0.2075637642919965,0.2880386983289358
0.24933804060017653,0.2471315092674316,0.20697263901147397,0.2965578111209179
0.249889819303658,0.24327897752313796,0.21419127368884971,0.29263992948435436
0.24923211935059236,0.24089512944273805,0.21676173760421238,0.2931110136024572
0.25065616797900264,0.24540682414698162,0.2174103237095363,0.28652668416447946
0.24690812720848057,0.24734982332155478,0.21863957597173145,0.2871024734982332
0.2508741258741259,0.2530594405594406,0.21503496503496503,0.28103146853146854
0.24779541446208111,0.25485008818342153,0.21869488536155202,0.2786596119929453
0.25010969723562965,0.24879333040807372,0.21763931548924967,0.28345765686704694
0.24406332453825857,0.2515391380826737,0.21591908531222515,0.2884784520668426
0.24250440917107582,0.25,0.21604938271604937,0.2914462081128748
0.24057843996494302,0.2467134092900964,0.22042068361086767,0.2922874671340929
0.24649122807017543,0.24736842105263157,0.21973684210526315,0.2864035087719298
0.24237140366172624,0.2506538796861377,0.22188317349607672,0.2850915431560593
0.24595185995623634,0.2525164113785558,0.2175054704595186,0.2840262582056893
0.2494510320597277,0.25120772946859904,0.21870882740447958,0.28063241106719367
0.2596660808435852,0.242091388400703,0.22319859402460457,0.2750439367311072
0.2549363756033348,0.24703817463799913,0.22378236068451074,0.27424308907415534
0.24647887323943662,0.24471830985915494,0.23327464788732394,0.2755281690140845
0.24658740642888596,0.23601937472479084,0.2404227212681638,0.2769704975781594
0.2444933920704846,0.23744493392070484,0.239647577092511,0.27841409691629954
0.24267599475295146,0.23393091386095322,0.2444250109313511,0.2789680804547442
0.2479047198941332,0.23423026025584473,0.2364358182620203,0.2814292015880018
0.2427873945849978,0.2427873945849978,0.23479804704837995,0.2796271637816245
0.239647577092511,0.239647577092511,0.2409691629955947,0.27973568281938327
0.24725032996040475,0.2344918609766828,0.24373075230972283,0.2745270567531896
0.24616732369689007,0.23127463863337713,0.24441524310118265,0.2781427945685502
0.24526640246587406,0.22545134302069572,0.24922941435490972,0.2800528401585205
0.2445916114790287,0.2251655629139073,0.24900662251655628,0.28123620309050773
0.24791940429259746,0.21857205431449847,0.2536136662286465,0.27989487516425754
0.24080560420315236,0.2180385288966725,0.2543782837127846,0.28677758318739055
0.24624889673433362,0.2202118270079435,0.25198587819947044,0.2815533980582524
0.24239753195240193,0.21903922432789774,0.254737769942706,0.2838254737769943
0.24711623779946762,0.2204968944099379,0.2546583850931677,0.2777284826974268
0.2462882096069869,0.2240174672489083,0.2537117903930131,0.2759825327510917
0.24528301886792453,0.22202720491443614,0.2558139534883721,0.2768758227292672
0.2427873945849978,0.2197070572569907,0.2574345317354638,0.2800710164225477
0.24524966858152894,0.22359699513919576,0.2496685815289439,0.2814847547503314
0.2427695004382121,0.22129710780017528,0.25153374233128833,0.28439964943032425
0.24262734584450402,0.21537086684539766,0.2537980339588919,0.28820375335120646
0.24845814977973568,0.21762114537444935,0.25066079295154187,0.28325991189427313
0.2486865148861646,0.2158493870402802,0.24956217162872155,0.28590192644483364
0.2501091226538629,0.21606285464862504,0.24879965080750763,0.28502837189000435
0.2481335090030742,0.2160737812911726,0.25120772946859904,0.2845849802371542
0.24540682414698162,0.21478565179352582,0.2545931758530184,0.2852143482064742
0.2464726631393298,0.21869488536155202,0.25220458553791886,0.2826278659611993
0.24482606781153676,0.21796565389696168,0.2531924262439454,0.28401585204755614
0.24735449735449735,0.21472663139329806,0.2570546737213404,0.2808641975308642
0.25,0.2055457746478873,0.25704225352112675,0.28741197183098594
0.2532923617208077,0.21202809482001755,0.25197541703248466,0.28270412642669007
0.25604927408710954,0.20853497580290364,0.2512098548174219,0.2842058952925649
0.2598844957796535,0.209240337627721,0.2501110617503332,0.2807641048422923
0.26142355008787344,0.2069420035149385,0.2539543057996485,0.27768014059753954
0.2559756627553238,0.20990873533246415,0.2524989135158627,0.2816166883963494
0.2556291390728477,0.20662251655629138,0.2556291390728477,0.28211920529801326
0.25099778270509976,0.2031042128603104,0.25365853658536586,0.29223946784922394
0.24846625766871167,0.20245398773006135,0.25547765118317267,0.2936021034180543
0.2535211267605634,0.2068661971830986,0.2548415492957746,0.2847711267605634
0.2543936731107206,0.2117750439367311,0.24648506151142355,0.28734622144112476
0.25386313465783666,0.21456953642384105,0.2507726269315673,0.280794701986755
0.25296442687747034,0.2134387351778656,0.2520860781730347,0.2815107597716293
0.2518714222809335,0.21047996477322764,0.25495376486129456,0.28269484808454426
0.254737769942706,0.21330982811811372,0.24812692816218598,0.2838254737769943
0.2600087989441267,0.20985481742190937,0.2454905411350638,0.2846458424989001
0.2608315098468271,0.21050328227571116,0.23982494529540482,0.2888402625820569
0.26254997778764994,0.21012883163038648,0.23589515770768546,0.2914260328742781
0.27056753189617244,0.2133743950725913,0.22525296964364278,0.29080510338759347
0.27058823529411763,0.21263616557734205,0.22570806100217866,0.29106753812636166
0.271729587357331,0.21027216856892011,0.22256365232660227,0.29543459174714665
0.2702939885914875,0.2088635366388767,0.22027204914436158,0.30057042562527425
0.25984251968503935,0.20341207349081364,0.22528433945756782,0.3114610673665792
0.26527050610820246,0.2037521815008726,0.22469458987783594,0.306282722513089
0.26162018592297476,0.20097388224878265,0.2266489597166888,0.3107569721115538
0.25849139832377593,0.2007057785619762,0.23158359064843406,0.30921923246581384
0.25850640742377373,0.2063632346442775,0.22403888643393724,0.3110914714980115
0.2614089499335401,0.20646876384581303,0.2202038103677448,0.31191847585290206
0.2616534740545295,0.2106420404573439,0.22251539138082674,0.3051890941072999
0.26415929203539823,0.2163716814159292,0.21415929203539824,0.3053097345132743
0.2595019659239843,0.21406727828746178,0.21887287024901703,0.3075578855395369
0.2643478260869565,0.2126086956521739,0.21434782608695652,0.30869565217391304
0.25862068965517243,0.20866489832007074,0.22192749778956675,0.3107869142351901
0.2618520159503766,0.20336730172795747,0.22817899867080194,0.306601683650864
0.27151730257320317,0.19520851818988466,0.22493345164152617,0.308340727595386
0.27188737351517817,0.1957765068191817,0.22393312802463705,0.3084029916410031
0.2784865816102068,0.19401671799384074,0.225692916849978,0.3018037835459745
0.2805786935554581,0.19421306444541866,0.22051731696624288,0.3046909250328803
0.28205128205128205,0.1909814323607427,0.22236958443854996,0.3045977011494253
0.27639071397284276,0.19010074463425317,0.22295225580376699,0.3105562855891371
0.276558384547849,0.1957857769973661,0.22300263388937663,0.30465320456540823
0.2724046140195209,0.19387755102040816,0.22803904170363798,0.305678793256433
0.2789775231379462,0.19435874834728956,0.22124283825473778,0.30542089026002645
0.2789473684210526,0.19736842105263158,0.2179824561403509,0.3057017543859649
0.2760600706713781,0.2045053003533569,0.21113074204946997,0.3083038869257951
0.27320954907161804,0.20203359858532272,0.21220159151193635,0.3125552608311229
0.2796985815602837,0.20035460992907803,0.2154255319148936,0.3045212765957447
0.27541998231653403,0.20203359858532272,0.21043324491600354,0.3121131741821397
0.27580149319279756,0.20114185331576637,0.207290294246816,0.3157663592446201
0.28116710875331563,0.19938107869142352,0.20468611847922194,0.3147656940760389
0.2819599109131403,0.19287305122494433,0.20935412026726058,0.3158129175946548
0.28125,0.19454225352112675,0.21214788732394366,0.31205985915492956
0.28175824175824177,0.18945054945054945,0.21186813186813186,0.3169230769230769
0.27666083916083917,0.19493006993006992,0.20410839160839161,0.3243006993006993
0.2814847547503314,0.19001325673884226,0.20459566946531155,0.3239063190455148
0.2776066871975363,0.1922569291684998,0.20589529256489222,0.32424109106907173
0.27165354330708663,0.19247594050743658,0.21609798775153105,0.31977252843394577
0.2846425419240953,0.19020300088261252,0.2087378640776699,0.31641659311562226
0.27516483516483514,0.1956043956043956,0.21010989010989012,0.3191208791208791
0.2924317062248097,0.19077474249888043,0.19973130317957905,0.31706224809673084
0.2918133802816901,0.18617957746478872,0.20422535211267606,0.31778169014084506
0.29030837004405285,0.1907488986784141,0.20704845814977973,0.3118942731277533
0.2815533980582524,0.1910856134157105,0.20697263901147397,0.32038834951456313
0.27548330404217924,0.20123022847100175,0.20298769771529,0.320298769771529
0.2785308264101443,0.19414079580236118,0.20288587669435942,0.3244425010931351
0.2829119442022668,0.2000871839581517,0.1992153443766347,0.3177855274629468
0.2809233449477352,0.2029616724738676,0.20165505226480837,0.3144599303135889
0.28074041427941826,0.20846187747906567,0.2009695901278096,0.3098281181137065
0.2792236435818262,0.20379355977062197,0.2086457873842082,0.3083370092633436
0.28136042402826855,0.20229681978798586,0.20892226148409895,0.30742049469964666
0.2911336568151742,0.19629466254962505,0.2090868989854433,0.3034847816497574
0.2896825396825397,0.1948853615520282,0.20282186948853614,0.31261022927689597
0.2841506129597198,0.19833625218914186,0.202276707530648,0.31523642732049034
0.27998236331569665,0.1970899470899471,0.20590828924162258,0.3170194003527337
0.2891619131197894,0.19789381307591047,0.20096533567354102,0.3119789381307591
0.28258967629046366,0.20253718285214348,0.20122484689413822,0.3136482939632546
0.2898103220114689,0.2051168945743273,0.1940891045434495,0.3109836788707543
0.2885042166000888,0.20772303595206393,0.1904127829560586,0.3133599644917887
0.2946311654299433,0.20427760803142733,0.18507202095154954,0.31601920558707985
0.2845918812745526,0.2020951549541685,0.1907463989524225,0.32256656481885637
0.28895678742907027,0.20515058926233087,0.18900043649061546,0.3168921868179834
0.28496503496503495,0.21066433566433568,0.19143356643356643,0.3129370629370629
0.2822862129144852,0.20855148342059338,0.1967713787085515,0.31239092495637
0.28163444639718804,0.2056239015817223,0.19463971880492092,0.3181019332161687
0.28036971830985913,0.2108274647887324,0.1936619718309859,0.31514084507042256
0.28527200353825743,0.205218929677134,0.19239274657231314,0.31711632021229547
0.28374777975133214,0.20071047957371227,0.19982238010657194,0.3157193605683837
0.2766798418972332,0.20772946859903382,0.19982433025911286,0.3157663592446201
0.27296587926509186,0.2099737532808399,0.194663167104112,0.3223972003499563
0.27684117125110913,0.2129547471162378,0.19165927240461403,0.318544809228039
0.2804232804232804,0.21957671957671956,0.18871252204585537,0.31128747795414463
0.28608695652173916,0.21608695652173912,0.18478260869565216,0.3130434782608696
0.2848990342405619,0.2151009657594381,0.18437225636523266,0.31562774363476737
0.2872200263504611,0.20860781730346947,0.18489240228370662,0.31927975406236275
0.28471309680245294,0.21156373193166886,0.18572054314498468,0.3180026281208936
0.2888102609464839,0.21008403361344538,0.19195046439628483,0.30915524104378594
0.2872108249672632,0.20951549541684852,0.19030990833697076,0.3129637712789175
0.2906468531468531,0.208479020979021,0.1883741258741259,0.3125
0.28824049513704686,0.20601237842617154,0.1874447391688771,0.3183023872679045
0.2970950704225352,0.20422535211267606,0.18661971830985916,0.31205985915492956
0.2928445229681979,0.2058303886925795,0.19037102473498232,0.31095406360424027
0.29173989455184535,0.2100175746924429,0.18233743409490333,0.31590509666080846
0.2890453145622525,0.20985481742190937,0.18213814342278928,0.31896172459304883
0.29063604240282687,0.21068904593639576,0.18507067137809188,0.3136042402826855
0.29318681318681317,0.2043956043956044,0.181978021978022,0.32043956043956046
0.29305799648506153,0.2007908611599297,0.18189806678383127,0.3242530755711775
0.2870981946279172,0.20651695288419197,0.18538088947600176,0.32100396301188905
0.2886734244160423,0.20449537241075363,0.1859850154252975,0.3208461877479066
0.2847769028871391,0.205161854768154,0.18810148731408574,0.3219597550306212
0.287598944591029,0.20668425681618294,0.1838170624450308,0.32189973614775724
0.28925254312251214,0.20875718708536045,0.1760283060592658,0.32596196373286157
0.2975717439293598,0.21236203090507727,0.1717439293598234,0.3183222958057395
0.28799291094373064,0.2157731501993797,0.17678334071776694,0.31945059813912274
0.2954844366505918,0.2121876370013152,0.17711530030688294,0.31521262604121
0.2941964285714286,0.215625,0.17366071428571428,0.31651785714285713
0.2974878801234024,0.2119876597620097,0.17320405464962538,0.31732040546496254
0.3015030946065429,0.20733863837312114,0.17727674624226347,0.3138815207780725
0.3064373897707231,0.19929453262786595,0.17768959435626103,0.3165784832451499
0.3037752414398595,0.19534679543459174,0.17647058823529413,0.3244073748902546
0.30043668122270745,0.20131004366812227,0.18034934497816593,0.3179039301310044
0.3005679335954565,0.200087374399301,0.18086500655307994,0.31847968545216254
0.30278884462151395,0.19964586100044268,0.18016821602478972,0.31739707835325365
0.3048672566371681,0.20353982300884957,0.17920353982300885,0.3123893805309734
0.29924745462594066,0.2036299247454626,0.17928286852589642,0.3178397521027003
0.3022847100175747,0.20210896309314588,0.17794376098418277,0.31766256590509667
0.2951251646903821,0.20948616600790515,0.17830478700043917,0.3170838823012736
0.2930131004366812,0.21004366812227074,0.1794759825327511,0.3174672489082969
0.29223343571741994,0.2132514260640632,0.1816586222027205,0.3128565160157964
0.296118621892717,0.2154382904491932,0.17444395987788922,0.3139991277802006
0.29307282415630553,0.21181172291296627,0.17850799289520428,0.316607460035524
0.29238221047996477,0.21268163804491413,0.1809775429326288,0.3139586085424923
0.29117259552042163,0.21826965305226176,0.17962231005709267,0.310935441370224
0.2933684672815108,0.2178304787000439,0.17918313570487485,0.3096179183135705
0.2984875444839858,0.2157473309608541,0.17882562277580072,0.3069395017793594
0.2958553791887125,0.2191358024691358,0.17901234567901234,0.30599647266313934
0.29341581970835173,0.2209456473707468,0.18780380026513477,0.29783473265576665
0.2986784140969163,0.22158590308370044,0.18193832599118942,0.29779735682819386
0.2919772029811486,0.22183252959228408,0.18281455501972818,0.3033757124068391
0.287659200702679,0.22661396574440051,0.18489240228370662,0.3008344312692139
0.2902942468159859,0.22266139657444006,0.19279754062362758,0.29424681598594643
0.28793256433007985,0.21694764862466726,0.19920141969831412,0.29591836734693877
0.28565254969749354,0.21348314606741572,0.19878997407087295,0.3020743301642178
0.28634555899248787,0.21608484312859036,0.19752540874944763,0.30004418912947417
0.2840958605664488,0.21612200435729848,0.19607843137254902,0.3037037037037037
0.2852706299911269,0.21561668145519078,0.1929902395740905,0.30612244897959184
0.2819614711033275,0.21541155866900175,0.19395796847635727,0.3086690017513135
0.28031634446397186,0.21748681898066785,0.18892794376098418,0.3132688927943761
0.2736098852603707,0.21668137687555164,0.1941747572815534,0.3155339805825243
0.27252453166815344,0.22212310437109722,0.19803746654772525,0.3073148974130241
0.2761031017911752,0.2236784622105723,0.19877675840978593,0.30144167758846657
0.2826761187416925,0.21843154630039877,0.19317678334071778,0.30571555161719094
0.28508189464364764,0.2244355909694555,0.19167773351040282,0.29880478087649404
0.2900394910048267,0.2215884159719175,0.18955682316805617,0.29881526985519963
0.2887511071744907,0.224977856510186,0.18954827280779452,0.2967227635075288
0.28762243989314334,0.22662511130899377,0.19100623330365094,0.2947462154942119
0.2808340727595386,0.23336291038154391,0.19254658385093168,0.2932564330079858
0.2820169567157519,0.22980812137438644,0.18786256135653726,0.3003123605533244
0.285839544059623,0.23103901797457255,0.1819377466023674,0.3011836913634371
0.28334062090074336,0.23393091386095322,0.18670747704416266,0.2960209881941408
0.2812223206377325,0.23029229406554472,0.18600531443755536,0.3024800708591674
0.27984084880636606,0.22723253757736517,0.1909814323607427,0.3019451812555261
0.2811529933481153,0.22749445676274946,0.19246119733924613,0.29889135254988913
0.28185840707964605,0.22743362831858407,0.18982300884955752,0.3008849557522124
0.28091872791519434,0.23056537102473498,0.1881625441696113,0.3003533568904594
0.2820968458462905,0.2252332296756997,0.18791648156374943,0.3047534429142603
0.2862849533954727,0.2241455836662228,0.17931646693297826,0.31025299600532624
0.29027962716378164,0.22458943630714603,0.18331114070128718,0.3018197958277852
0.2882843352347521,0.2242211496270294,0.18121983326020183,0.30627468187801665
0.2796833773087071,0.22735268249780125,0.18073878627968337,0.3122251539138083
0.2794568550153307,0.23127463863337713,0.18309242225142355,0.3061760840998686
0.27353463587921845,0.2291296625222025,0.1878330373001776,0.3095026642984014
0.27436347673397715,0.23266022827041263,0.18349429323968394,0.3094820017559263
0.2791411042944785,0.22962313759859773,0.1866783523225241,0.30455740578439966
0.2793271359008411,0.22532093846834883,0.1868083222664896,0.3085436033643205
0.2788966725043783,0.22329246935201402,0.18782837127845883,0.30998248686514884
0.2871547566856642,0.21657167908811925,0.18763700131521263,0.30863656291100394
0.2885964912280702,0.2149122807017544,0.18552631578947368,0.3109649122807018
0.2901371074745688,0.210968597965502,0.18664307828394516,0.31225121627598407
0.28596491228070176,0.20350877192982456,0.18552631578947368,0.325
0.28935795954265614,0.20140721196130168,0.18601583113456466,0.3232189973614776
0.29046563192904656,0.2008869179600887,0.1893569844789357,0.31929046563192903
0.28982300884955753,0.20088495575221238,0.19557522123893806,0.31371681415929203
0.2871547566856642,0.19903551074090312,0.1972818939061815,0.3165278386672512
0.2840106007067138,0.19876325088339222,0.20053003533568906,0.3166961130742049
0.28163444639718804,0.20210896309314588,0.20298769771529,0.3132688927943761
0.2857142857142857,0.20277898393399912,0.20147633521493705,0.3100303951367781
0.28098808998676666,0.20379355977062197,0.20026466696074108,0.3149536832818703
0.27481252756947505,0.20644022937803264,0.20335244816938686,0.3153947948831054
0.27480245829675154,0.20588235294117646,0.1984196663740123,0.3208955223880597
0.26404245908889873,0.21494913754975675,0.20212295444493586,0.3188854489164087
0.26938413823659724,0.21222862206468765,0.20159503766061143,0.31679220203810365
0.2691117984975696,0.2147591692443659,0.2010605391073796,0.3150684931506849
0.27016306743058616,0.21066549140590568,0.20405464962538564,0.3151167915381225
0.26887821911828896,0.21169794849410736,0.20689655172413793,0.31252728066346575
0.27132805628847845,0.2119613016710642,0.20316622691292877,0.31354441512752856
0.27088830255057167,0.21767810026385223,0.19525065963060687,0.31618293755496923
0.27024647887323944,0.2169894366197183,0.20466549295774647,0.30809859154929575
0.2740511915269197,0.21668137687555164,0.20432480141218004,0.3049426301853486
0.2768211920529801,0.21368653421633554,0.20309050772626933,0.306401766004415
0.2802269751200349,0.21824530772588388,0.2020951549541685,0.2994325621999127
0.2719298245614035,0.21929824561403508,0.2057017543859649,0.3030701754385965
0.28225451343020697,0.22457067371202113,0.20167327168648172,0.2915015411712902
0.28255093002657217,0.22143489813994685,0.20017714791851196,0.295837023914969
0.28514588859416445,0.22192749778956675,0.1962864721485411,0.29664014146772766
0.2842058952925649,0.22393312802463705,0.19753629564452266,0.2943246810382754
0.2887323943661972,0.22579225352112675,0.2011443661971831,0.28433098591549294
0.28091872791519434,0.22659010600706714,0.1978798586572438,0.2946113074204947
0.28439964943032425,0.22304995617879053,0.19894829097283084,0.2936021034180543
0.2881578947368421,0.22280701754385965,0.19956140350877194,0.2894736842105263
0.2865961199294533,0.2239858906525573,0.20414462081128748,0.28527336860670194
0.28463922089420096,0.2266489597166888,0.20097388224878265,0.2877379371403276
0.28375387339530767,0.2319610447100487,0.19964586100044268,0.28463922089420096
0.28596646072374227,0.22462488967343336,0.205648720211827,0.28375992939099737
0.2828014184397163,0.225177304964539,0.20390070921985815,0.28812056737588654
0.286215978928885,0.22783143107989465,0.20500438981562774,0.28094820017559263
0.29103815439219166,0.2191659272404614,0.2054125998225377,0.28438331854480925
0.2924028268551237,0.21952296819787986,0.20318021201413428,0.2848939929328622
0.2932396839332748,0.21597892888498682,0.2032484635645303,0.28753292361720806
0.29201588001764445,0.21746801940891045,0.19717688575209527,0.2933392148213498
0.29619805481874445,0.21396993810786913,0.1927497789566755,0.29708222811671087
0.3028972783143108,0.21817383669885865,0.18700614574187885,0.2919227392449517
0.2981691368788143,0.22057541412380122,0.1900610287707062,0.2911944202266783
0.2982300884955752,0.22168141592920354,0.18938053097345134,0.2907079646017699
0.3052863436123348,0.2171806167400881,0.19030837004405288,0.2872246696035242
0.30419426048565124,0.2119205298013245,0.18984547461368653,0.29403973509933773
0.30786122090469914,0.21563460693895475,0.18840579710144928,0.28809837505489677
0.3105425672695192,0.21305690339655933,0.18659020732245257,0.2898103220114689
0.3163444639718805,0.21045694200351495,0.18717047451669597,0.28602811950790863
0.30952380952380953,0.20679012345679013,0.19620811287477954,0.2874779541446208
0.31040564373897706,0.20414462081128748,0.19620811287477954,0.2892416225749559
0.3137598597721297,0.19500438212094653,0.19938650306748465,0.2918492550394391
0.318544809228039,0.19387755102040816,0.2023070097604259,0.2852706299911269
0.3176418829740431,0.2014958205015398,0.19841619005719313,0.28244610646722396
0.3200525394045534,0.19614711033274956,0.19483362521891417,0.28896672504378285
0.3191489361702128,0.19858156028368795,0.19326241134751773,0.28900709219858156
0.3205467372134039,0.19620811287477954,0.19268077601410935,0.29056437389770723
0.3213969938107869,0.19540229885057472,0.1971706454465075,0.28603006189213087
0.3185217773867136,0.1922569291684998,0.1992960844698636,0.289925208974923
0.3201927288655278,0.19448094612352168,0.19929916776171705,0.28602715724923344
0.3201407211961302,0.20008795074758134,0.1943711521547933,0.2854001759014952
0.32289369210410235,0.19761799735333038,0.19276576973974416,0.2867225408028231
0.3243482103402563,0.1948740609809987,0.19133893062306673,0.2894387980556783
0.32263736263736265,0.19692307692307692,0.19384615384615383,0.2865934065934066
0.3205699020480855,0.20035618878005343,0.188780053428317,0.2902938557435441
0.31940167179938406,0.19973603167619886,0.192696876374835,0.2881654201495821
0.3203330411919369,0.19894829097283084,0.1971954425942156,0.28352322524101664
0.3170838823012736,0.2002635046113307,0.19104084321475626,0.2916117698726394
0.3183209444687363,0.20376038478355923,0.19282903366856144,0.285089637079143
0.31848257609175123,0.20202911336568152,0.1945302161446846,0.28495809439788267
0.3144736842105263,0.2,0.19912280701754387,0.2864035087719298
0.30923344947735193,0.1999128919860627,0.20165505226480837,0.289198606271777
0.31463628396143734,0.1971954425942156,0.19894829097283084,0.2892199824715162
0.30701754385964913,0.1969298245614035,0.2100877192982456,0.28596491228070176
0.30803177405119153,0.19461606354810237,0.21050308914386584,0.2868490732568402
0.31211589113257243,0.18920105355575065,0.21071115013169447,0.28797190517998245
0.3121951219512195,0.1893569844789357,0.2133037694013304,0.2851441241685144
0.31016278046634405,0.1869775626924769,0.21513418389793224,0.2877254729432468
0.30257979886313946,0.18933100131176214,0.2160034980323568,0.29208570179274157
0.3024390243902439,0.18669623059866963,0.21818181818181817,0.2926829268292683
0.3000882612533098,0.1941747572815534,0.205648720211827,0.3000882612533098
0.3001760563380282,0.19762323943661972,0.2011443661971831,0.301056338028169
0.2947875602277705,0.20280332895313186,0.2049934296977661,0.2974156811213316
0.291520979020979,0.20804195804195805,0.20585664335664336,0.2945804195804196
0.29401408450704225,0.20642605633802816,0.1993838028169014,0.3001760563380282
0.2898806893504198,0.20945647370746795,0.19796730004418914,0.3026955368979231
0.2979101823032459,0.2072032014228546,0.200533570475767,0.2943530457981325
0.3010610079575597,0.20689655172413793,0.20468611847922194,0.28735632183908044
0.29558373414954087,0.21031919545255795,0.20376038478355923,0.29033668561434195
0.3053000438020149,0.2084975908891809,0.19973718791064388,0.2864651773981603
0.3033905768383972,0.20783795684720388,0.2038749449581682,0.2848965213562307
0.30489938757655294,0.20559930008748906,0.20253718285214348,0.2869641294838145
0.3027121609798775,0.20341207349081364,0.20166229221347332,0.2922134733158355
0.3049583150504607,0.20491443615620886,0.20184291355857834,0.2882843352347521
0.30183727034120733,0.2099737532808399,0.20253718285214348,0.28565179352580927
0.3052401746724891,0.20829694323144105,0.20436681222707423,0.28209606986899566
0.3095552619991193,0.21047996477322764,0.20167327168648172,0.27829150154117127
0.3067833698030635,0.2074398249452954,0.20218818380743983,0.2835886214442013
0.3169107856191744,0.20683533067021748,0.19973368841544606,0.27652019529516203
0.31742556917688264,0.20709281961471104,0.2084063047285464,0.2670753064798599
0.31746031746031744,0.20943562610229277,0.21119929453262787,0.2619047619047619
0.31678383128295257,0.21309314586994726,0.2069420035149385,0.2631810193321617
0.3241830065359477,0.21568627450980393,0.20348583877995643,0.25664488017429193
0.3185217773867136,0.21425428948526176,0.2067751869775627,0.26044874615046193
0.31241830065359477,0.21263616557734205,0.20697167755991286,0.2679738562091503
0.3150087260034904,0.21204188481675393,0.20331588132635253,0.2696335078534031
0.31167690956979804,0.21641791044776118,0.20149253731343283,0.2704126426690079
0.30755711775043937,0.21836555360281196,0.2069420035149385,0.2671353251318102
0.30328227571115973,0.22582056892778993,0.20043763676148796,0.27045951859956235
0.30171277997364954,0.22529644268774704,0.20245937637241984,0.27053140096618356
