C,D,Oc,Od
1.0,0.0,0.0,0.0
0.6666666666666666,0.3333333333333333,0.0,0.0
1.0,0.0,0.0,0.0
0.8571428571428571,0.0,0.14285714285714285,0.0
0.8333333333333334,0.0,0.08333333333333333,0.08333333333333333
0.7368421052631579,0.05263157894736842,0.05263157894736842,0.15789473684210525
0.76,0.12,0.04,0.08
0.75,0.05555555555555555,0.08333333333333333,0.1111111111111111
0.7307692307692307,0.057692307692307696,0.07692307692307693,0.1346153846153846
0.7605633802816901,0.04225352112676056,0.056338028169014086,0.14084507042253522
0.6966292134831461,0.056179775280898875,0.06741573033707865,0.1797752808988764
0.6379310344827587,0.05172413793103448,0.09482758620689655,0.21551724137931033
0.6133333333333333,0.04,0.09333333333333334,0.25333333333333335
0.5968586387434555,0.031413612565445025,0.10471204188481675,0.2670157068062827
0.5685483870967742,0.03225806451612903,0.12096774193548387,0.2782258064516129
0.5771812080536913,0.026845637583892617,0.10738255033557047,0.28859060402684567
0.5417789757412399,0.029649595687331536,0.1078167115902965,0.32075471698113206
0.5205479452054794,0.0365296803652968,0.1141552511415525,0.3287671232876712
0.5076628352490421,0.0421455938697318,0.12452107279693486,0.32567049808429116
0.49261083743842365,0.04926108374384237,0.12315270935960591,0.33497536945812806
0.5007032348804501,0.05907172995780591,0.11814345991561181,0.32208157524613223
0.49516908212560384,0.0640096618357488,0.11835748792270531,0.322463768115942
0.4879074658254469,0.06729758149316509,0.12407991587802314,0.3207150368033649
0.48640776699029126,0.06990291262135923,0.1262135922330097,0.3174757281553398
0.4787985865724382,0.0715547703180212,0.12367491166077739,0.32597173144876324
0.48148148148148145,0.07407407407407407,0.12560386473429952,0.3188405797101449
0.4727408513816281,0.07841672890216579,0.12696041822255413,0.321882001493652
0.4692891649413389,0.08281573498964803,0.13871635610766045,0.30917874396135264
0.4707792207792208,0.08571428571428572,0.137012987012987,0.3064935064935065
0.46424242424242423,0.08424242424242424,0.14727272727272728,0.30424242424242426
0.4583333333333333,0.09189497716894977,0.15296803652968036,0.2968036529680365
0.4535336672231497,0.0879243183082916,0.15915414579855314,0.29938786867000555
0.44680851063829785,0.0925531914893617,0.1601063829787234,0.300531914893617
0.4406604747162023,0.09081527347781218,0.16253869969040247,0.3059855521155831
0.4372830937035201,0.0887456618740704,0.16063460585027267,0.31333663857213684
0.4341534008683068,0.08876025084418716,0.17414375301495416,0.30294259527255185
0.43928738865447725,0.08673230192217533,0.17346460384435067,0.3005157055789967
0.426070935052971,0.08797789037309996,0.171349608475357,0.3146015660985721
0.4231456657730116,0.08936550491510277,0.17917783735478104,0.30831099195710454
0.4206989247311828,0.08826164874551971,0.1827956989247312,0.30824372759856633
0.42252894033837934,0.08459483526268922,0.18833481745325023,0.3045414069456812
0.4225663716814159,0.08893805309734513,0.18495575221238938,0.3035398230088496
0.42214380238200266,0.08910454344949272,0.1835024261138068,0.30524922805469784
0.42793987621573826,0.09018567639257294,0.18037135278514588,0.3015030946065429
0.42838137472283816,0.08736141906873614,0.1827050997782705,0.30155210643015523
0.4276923076923077,0.09054945054945054,0.17626373626373626,0.3054945054945055
0.4186560565870911,0.09062776304155615,0.1794871794871795,0.3112290008841733
0.4244541484716157,0.09388646288209607,0.1707423580786026,0.3109170305676856
0.4130052724077329,0.0913884007029877,0.17926186291739896,0.3163444639718805
0.4166666666666667,0.0890652557319224,0.17724867724867724,0.3170194003527337
0.4139307897071872,0.09272404614019521,0.17834960070984915,0.3149955634427684
0.4086115992970123,0.09622144112478032,0.18014059753954306,0.3150263620386643
0.4190265486725664,0.09734513274336283,0.17079646017699116,0.31283185840707967
0.4090106007067138,0.09849823321554771,0.1771201413427562,0.31537102473498235
0.40388864339372516,0.09721608484312859,0.1798497569597879,0.31904551480335835
0.3998238661382651,0.09335094671950682,0.18361955085865259,0.3232056362835755
0.398669623059867,0.09490022172949002,0.18580931263858094,0.3206208425720621
0.3985028621752532,0.09467195068251871,0.1831792162043153,0.3236459709379128
0.40115761353517365,0.09216384683882457,0.182546749777382,0.3241317898486198
0.39938623410784746,0.09381850065760632,0.18062253397632616,0.3261727312582201
0.4017817371937639,0.09086859688195992,0.1799554565701559,0.3273942093541203
0.40636042402826855,0.09319787985865724,0.18418727915194347,0.31625441696113077
0.40757042253521125,0.09330985915492958,0.17825704225352113,0.320862676056338
0.41761612620508326,0.09027169149868536,0.1765994741454864,0.31551270815074495
0.4137478108581436,0.09106830122591944,0.1777583187390543,0.31742556917688264
0.41088014153029634,0.09199469261388767,0.17647058823529413,0.3206545776205219
0.41085613415710504,0.08958517210944396,0.17828773168578993,0.3212709620476611
0.40789473684210525,0.08859649122807017,0.181140350877193,0.3223684210526316
0.4073587385019711,0.08848007008322382,0.17783618046430136,0.3263250109505037
0.4007989347536618,0.09454061251664447,0.18153573013759433,0.3231247225920994
0.3978965819456617,0.09027169149868536,0.18404907975460122,0.32778264680105174
0.3985921689397272,0.09370875494940607,0.18169819621645403,0.3260008798944127
0.3956960913482653,0.09266578831796222,0.18181818181818182,0.3298199385155907
0.4043594306049822,0.08852313167259787,0.1797153024911032,0.3274021352313167
0.40202553940995156,0.08542492294143549,0.1831792162043153,0.3293703214442977
0.4076685764654033,0.08373732921992066,0.17232260907888938,0.3362714852357867
0.40806380150642446,0.08595480726628267,0.17235268054940187,0.333628710677891
0.4068171757414785,0.08942009738822487,0.17220008853474988,0.3315626383355467
0.41092847623278544,0.0866281652598845,0.16525988449577966,0.3371834740115504
0.40703296703296704,0.08703296703296703,0.17054945054945056,0.3353846153846154
0.4024713150926743,0.08473080317740513,0.16990291262135923,0.3428949691085613
0.4060446780551905,0.08322382829610162,0.16995181778361804,0.3407796758650898
0.41019955654101997,0.08780487804878048,0.1662971175166297,0.33569844789356984
0.4140521431727795,0.08616880247459124,0.1665930181175431,0.3331860362350862
0.4061116031886625,0.08945969884853854,0.16474756421612047,0.33968113374667847
0.40703296703296704,0.09010989010989011,0.16967032967032966,0.3331868131868132
0.39831261101243337,0.09680284191829484,0.16785079928952043,0.3370337477797513
0.40166083916083917,0.10008741258741259,0.17089160839160839,0.32736013986013984
0.3998230871295887,0.1021671826625387,0.16939407341884122,0.32861565678903143
0.40070921985815605,0.10195035460992907,0.16533687943262412,0.3320035460992908
0.3968888888888889,0.10088888888888889,0.164,0.3382222222222222
0.38756613756613756,0.10493827160493827,0.1697530864197531,0.3377425044091711
0.3912466843501326,0.10123784261715296,0.16976127320954906,0.33775419982316535
0.39096094778411583,0.104870557261957,0.17025010969723564,0.33391838525669154
0.39103690685413006,0.10456942003514938,0.16827768014059755,0.336115992970123
0.39452780229479256,0.1028243601059135,0.16284201235657547,0.33980582524271846
0.39452780229479256,0.10635481023830538,0.16019417475728157,0.3389232127096205
0.39873987398739874,0.10936093609360936,0.15841584158415842,0.3334833483348335
0.3992932862190813,0.10865724381625441,0.15856890459363956,0.3334805653710247
0.4019564250778124,0.1084926634059582,0.15606936416184972,0.33348154735437974
0.4024604569420035,0.10984182776801406,0.1546572934973638,0.3330404217926186
0.4066225165562914,0.106401766004415,0.1576158940397351,0.3293598233995585
0.40801781737193765,0.10779510022271716,0.15634743875278395,0.32783964365256124
0.4094903339191564,0.10808435852372583,0.15817223198594024,0.3242530755711775
0.4166666666666667,0.10493827160493827,0.15520282186948853,0.32319223985890655
0.41377797279508555,0.10530934620447564,0.15401491882404564,0.32689776217639316
0.4109772423025435,0.10843373493975904,0.14904060687193219,0.3315484158857653
0.41346153846153844,0.10533216783216784,0.145979020979021,0.3352272727272727
0.4150442477876106,0.10663716814159292,0.14690265486725665,0.33141592920353985
0.4168504631671813,0.10719011910013233,0.14600794000882222,0.32995147772386413
0.4144620811287478,0.10934744268077601,0.14417989417989419,0.33201058201058203
0.4169951817783618,0.10906701708278581,0.14323258869908015,0.33070521243977224
0.4149029982363316,0.10537918871252204,0.14285714285714285,0.3368606701940035
0.41228070175438597,0.1118421052631579,0.13815789473684212,0.33771929824561403
0.42066259808195294,0.10941586748038361,0.13426329555361813,0.33565823888404533
0.41870824053452116,0.110913140311804,0.13719376391982183,0.333184855233853
0.4228920926168633,0.10703363914373089,0.1380515508955876,0.3320227173438183
0.41846153846153844,0.10637362637362638,0.13802197802197802,0.33714285714285713
0.4096119929453263,0.10626102292768959,0.1388888888888889,0.34523809523809523
0.40835164835164833,0.10901098901098902,0.13054945054945055,0.35208791208791207
0.4105960264900662,0.10949227373068433,0.13112582781456952,0.3487858719646799
0.40744021257750224,0.112488928255093,0.13330380868024802,0.3467670504871568
0.41392904073587383,0.11038107752956636,0.1279018834866404,0.3477879982479194
0.41108647450110863,0.11175166297117517,0.13082039911308205,0.3463414634146341
0.4141280353200883,0.10816777041942605,0.1280353200883002,0.34966887417218545
0.41626373626373625,0.10813186813186813,0.12307692307692308,0.3525274725274725
0.4172982612572448,0.10744538564422648,0.12617030762371823,0.34908604547481054
0.4232111692844677,0.10383944153577661,0.1243455497382199,0.3486038394415358
0.42473591549295775,0.1056338028169014,0.12323943661971831,0.34639084507042256
0.42389380530973453,0.10530973451327434,0.12123893805309735,0.3495575221238938
0.4215642951833849,0.10693769332744145,0.12063632346442775,0.35086168802474593
0.4219982471516214,0.10385626643295355,0.12401402278702892,0.35013146362839614
0.4252212389380531,0.10088495575221239,0.12699115044247788,0.34690265486725663
0.4238263950398583,0.10230292294065545,0.12887511071744906,0.3449955713020372
0.41761612620508326,0.1021034180543383,0.13234005258545137,0.3479404031551271
0.422874671340929,0.10692375109553023,0.12751971954425942,0.3426818580192813
0.4197967300044189,0.10561201944321696,0.13212549712770658,0.3424657534246575
0.41878841088674273,0.10228270412642669,0.12906057945566285,0.3498683055311677
0.4241748438893845,0.10214094558429973,0.12533452274754683,0.34834968777876896
0.4263668430335097,0.1009700176366843,0.12389770723104056,0.3487654320987654
0.42951541850220265,0.09955947136563877,0.12511013215859032,0.3458149779735683
0.42963940193491645,0.10290237467018469,0.12225153913808268,0.34520668425681617
0.42844444444444446,0.10133333333333333,0.12,0.3502222222222222
0.42706037902159544,0.1004847950639048,0.125605993829881,0.34684883208461875
0.429701230228471,0.101493848857645,0.1282952548330404,0.3405096660808436
0.4301454385191714,0.09828118113706479,0.12296165711767298,0.3486117232260908
0.4307017543859649,0.1,0.1267543859649123,0.3425438596491228
0.43252747252747253,0.09406593406593407,0.12395604395604395,0.34945054945054943
0.42794568550153306,0.09724047306176084,0.12308366184844503,0.3517301795882611
0.4278098622834296,0.09195912927587739,0.12438916037316748,0.35584184806752556
0.42895086321381143,0.0903054448871182,0.12262062859672422,0.35812306330234617
0.42636001769128706,0.09066784608580274,0.124281291463954,0.35869084475895624
0.4350479511769834,0.08849171752397558,0.12510897994768963,0.35135135135135137
0.43253968253968256,0.08950617283950617,0.12610229276895943,0.35185185185185186
0.4377474703035636,0.086229652441707,0.11922569291684998,0.35679718433787944
0.43071491615180935,0.09532215357458076,0.12180052956751986,0.35216240070609
0.43069523393091386,0.0944468736335811,0.12418014866637517,0.35067774376912986
0.43101182654402104,0.09198423127463863,0.12308366184844503,0.3539202803328953
0.43603364320495797,0.08986277113767153,0.12306330234617087,0.35104028331119963
0.43014059753954303,0.08919156414762741,0.12434094903339192,0.3563268892794376
0.4319371727748691,0.08464223385689354,0.12958115183246074,0.3538394415357766
0.42990654205607476,0.08811748998664887,0.1321762349799733,0.34979973297730305
0.43580786026200874,0.08820960698689956,0.13013100436681221,0.34585152838427946
0.43323049801674746,0.08990744821507272,0.127368884971353,0.3494931687968268
0.4367816091954023,0.08576480990274093,0.12953138815207782,0.347922192749779
0.44395017793594305,0.0849644128113879,0.12766903914590746,0.34341637010676157
0.44072948328267475,0.08554059921841077,0.12939643942683457,0.34433347807207987
0.4370304904993372,0.08749447635881573,0.1303579319487406,0.3451171011931065
0.4332887103971441,0.0856760374832664,0.1356537260151718,0.3453815261044177
0.42744063324538256,0.08575197889182058,0.13500439753737906,0.3518029903254178
0.4298982750995135,0.08403361344537816,0.12914639540026537,0.35692171605484296
0.4310421286031042,0.08470066518847007,0.12727272727272726,0.35698447893569846
0.4312087912087912,0.08923076923076922,0.12703296703296704,0.3525274725274725
0.4278098622834296,0.09240337627721013,0.12705464238116393,0.35273211905819635
0.4223794781070323,0.09287925696594428,0.12693498452012383,0.3578062804068996
0.4165194346289753,0.09717314487632508,0.12676678445229683,0.35954063604240283
0.4166298098186643,0.09199469261388767,0.12649270234409554,0.3648827952233525
0.41699691765741964,0.09247027741083223,0.12241303390576838,0.36811977102597976
0.4120247568523431,0.09372236958443855,0.11936339522546419,0.3748894783377542
0.4126149802890933,0.09592641261498029,0.11651335961454228,0.37494524748138414
0.4103918978423602,0.09687362395420519,0.1206516952884192,0.3720827829150154
0.409150901891773,0.1007479102507699,0.11790585129784426,0.37219533655961284
0.40732664631487137,0.09943305713039687,0.11513301351940688,0.3781072830353249
0.4137323943661972,0.09551056338028169,0.1131161971830986,0.37764084507042256
0.4126149802890933,0.09986859395532194,0.11038107752956636,0.3771353482260184
0.41392904073587383,0.10074463425317565,0.1099430573806395,0.375383267630311
0.4168504631671813,0.10057344508160565,0.10851345390383767,0.37406263784737537
0.41515285777580857,0.1023482498892335,0.11209570225963669,0.37040319007532124
0.41011984021304926,0.10297381269418553,0.1114070128717266,0.3754993342210386
0.4168149466192171,0.10008896797153025,0.11120996441281139,0.3718861209964413
0.4143302180685358,0.09568313306631064,0.11526479750778816,0.37472185135736535
0.4125165271044513,0.09211106214191274,0.11458792419568092,0.38078448655795505
0.41387024608501116,0.09351230425055929,0.11096196868008948,0.38165548098434005
0.40995998221431745,0.09293019119608716,0.11694086260560249,0.38016896398399286
0.40994330571303966,0.08722197993894461,0.11731356301788051,0.3855211513301352
0.41424802110817943,0.0839929639401935,0.11829375549692173,0.3834652594547054
0.4172214824678207,0.08610741233910342,0.11273857079449623,0.38393253439857966
0.4101423487544484,0.08451957295373666,0.11654804270462633,0.3887900355871886
0.411945542380325,0.08344312692138779,0.1137461572244181,0.3908651734738691
0.4133037694013304,0.08159645232815965,0.11840354767184036,0.38669623059866964
0.4102112676056338,0.08142605633802817,0.11355633802816902,0.394806338028169
0.4088691796008869,0.07937915742793791,0.11618625277161862,0.39556541019955654
0.4116350815337153,0.07800793301013663,0.11767298369325695,0.39268400176289114
0.4153368794326241,0.07845744680851063,0.10948581560283688,0.3967198581560284
0.41318681318681316,0.07956043956043957,0.11032967032967032,0.39692307692307693
0.4134446397188049,0.08084358523725835,0.10984182776801406,0.3958699472759227
0.40801781737193765,0.07973273942093541,0.11180400890868597,0.400445434298441
0.41389995573262506,0.07481186365648516,0.11066843736166446,0.40061974324922534
0.4219858156028369,0.07890070921985816,0.1077127659574468,0.39140070921985815
0.42123738481790257,0.07722685388328214,0.11189118034225537,0.3896445809565599
0.41112084063047283,0.08274956217162872,0.10989492119089317,0.39623467600700524
0.41319751992914083,0.08193091231178033,0.10628875110717449,0.3985828166519043
0.4137022397891963,0.08344312692138779,0.11023276240667546,0.3926218708827404
0.4132630654369785,0.08607817303469477,0.11067193675889328,0.38998682476943347
0.40943146760687527,0.08814455707360071,0.11018069634200088,0.39224327897752315
0.40803844473569245,0.08693752730449979,0.11183923110528615,0.3931847968545216
0.4037785588752197,0.0883128295254833,0.11511423550087874,0.3927943760984183
0.40535792709705754,0.08563899868247694,0.11462450592885376,0.3943785682916118
0.40167548500881833,0.0890652557319224,0.11022927689594356,0.3990299823633157
0.40397350993377484,0.08520971302428255,0.11169977924944813,0.3991169977924945
0.4106749007498897,0.08601676224084694,0.10895456550507278,0.39435377150419054
0.40972830850131464,0.0876424189307625,0.10736196319018405,0.39526730937773885
0.4130052724077329,0.08743409490333919,0.1054481546572935,0.39411247803163446
0.40580357142857143,0.090625,0.10669642857142857,0.396875
0.40554821664464996,0.08894760017613386,0.10788199031263761,0.39762219286657857
0.40282062582635525,0.09078889378580873,0.10973997355663288,0.3966505068312032
0.40498442367601245,0.08722741433021806,0.10947930574098798,0.3983088562527815
0.3953798311861395,0.08573967125721901,0.11150599733451799,0.4073745002221235
0.3915156871409633,0.08395934600088378,0.11400795404330534,0.41051701281484754
0.3902331720193577,0.0840299164100308,0.11438627364716233,0.41135063792344917
0.3930457746478873,0.0801056338028169,0.11223591549295775,0.414612676056338
0.39098073555166374,0.08318739054290718,0.10814360770577934,0.4176882661996497
0.3958608542492294,0.08234258036107442,0.10920299427564949,0.41259357111404665
0.3979637007525454,0.08366533864541832,0.10889774236387782,0.40947321823815847
0.3921654929577465,0.08054577464788733,0.1113556338028169,0.4159330985915493
0.3940734188412207,0.07784166298098187,0.1096859796550199,0.41839893852277754
0.3916083916083916,0.0777972027972028,0.11013986013986014,0.42045454545454547
0.3954827280779451,0.07617360496014172,0.11027457927369354,0.41806908768821965
0.39489885664028146,0.07871591908531222,0.10861917326297274,0.4177660510114336
0.39797267518730717,0.07360070515645659,0.10753635962979285,0.42089026002644336
0.39664310954063603,0.07906360424028269,0.10512367491166077,0.4191696113074205
0.39344262295081966,0.08019494904740807,0.10899424014178112,0.41736818785999114
0.3927943760984183,0.07864674868189807,0.1063268892794376,0.422231985940246
0.39443462897526504,0.07818021201413428,0.10468197879858657,0.42270318021201414
0.39323374340949035,0.0773286467486819,0.10105448154657294,0.4283831282952548
0.3912852112676056,0.07966549295774648,0.10167253521126761,0.4273767605633803
0.3888396811337467,0.08281665190434012,0.09743135518157661,0.43091231178033657
0.3826395039858282,0.08193091231178033,0.09920283436669619,0.43622674933569533
0.3857957036387549,0.0775975449364314,0.10127137220517317,0.4353353792196405
0.38301636444051307,0.07518796992481203,0.10614772224679346,0.4356479433878815
0.3823008849557522,0.07389380530973451,0.1079646017699115,0.4358407079646018
0.377560106856634,0.07702582368655388,0.10863757791629564,0.43677649154051645
0.37063246351172047,0.07695709862892526,0.10880141530296329,0.44360902255639095
0.37511071744907,0.07440212577502214,0.10806023029229407,0.4424269264836138
0.3696035242290749,0.07268722466960352,0.10484581497797357,0.452863436123348
0.3786748573935937,0.07108380868802106,0.1066257130320316,0.44361562088635365
0.3673559172899252,0.07347118345798505,0.10602727672679278,0.45314562252529694
0.36012433392539966,0.0741563055062167,0.10213143872113677,0.4635879218472469
0.37028824833702884,0.07494456762749446,0.10110864745011086,0.45365853658536587
0.36969964664310956,0.07729681978798586,0.09761484098939929,0.4553886925795053
0.37139107611548555,0.07830271216097988,0.0984251968503937,0.45188101487314086
0.3683510638297872,0.07668439716312057,0.09796099290780141,0.4570035460992908
0.3671735241502683,0.07155635062611806,0.1037567084078712,0.4575134168157424
0.3645189761694616,0.07325684024713151,0.10503089143865843,0.45719329214474846
0.37115215479331576,0.07343887423043095,0.10158311345646438,0.45382585751978893
0.3705179282868526,0.06994245241257194,0.10624169986719788,0.4532979194333776
0.3749450549450549,0.06901098901098901,0.10989010989010989,0.4461538461538462
0.37261852015950375,0.07089056269384138,0.11120957022596367,0.44528134692069116
0.37180616740088107,0.07356828193832599,0.1066079295154185,0.44801762114537447
0.3715170278637771,0.07430340557275542,0.10659000442282177,0.4475895621406457
0.3712121212121212,0.0748663101604278,0.10294117647058823,0.45098039215686275
0.36825679893000446,0.07445385644226482,0.09674543022737406,0.4605439144003567
0.377945753668297,0.07114273010226767,0.09959982214317474,0.45131169408626054
0.38026315789473686,0.07105263157894737,0.1013157894736842,0.4473684210526316
0.3839718185821224,0.07309555261999119,0.09819462791721709,0.4447380008806693
0.38404208680403334,0.07496711968434897,0.09732573432704954,0.44366505918456817
0.39015817223198596,0.07776801405975395,0.10017574692442882,0.4318980667838313
0.3799822852081488,0.07573073516386182,0.10141718334809566,0.4428697962798937
0.38702559576345985,0.08120035304501325,0.09488084730803177,0.4368932038834951
0.3848538529672276,0.08237378210806023,0.09698848538529672,0.4357838795394154
0.38331854480922806,0.07985803016858918,0.09760425909494233,0.4392191659272405
0.3846834882691456,0.0796812749003984,0.10048694112439133,0.4351482957060646
0.3894736842105263,0.08070175438596491,0.09956140350877193,0.43026315789473685
0.387854609929078,0.08200354609929078,0.1023936170212766,0.42774822695035464
0.3906111603188663,0.07927369353410098,0.10496014171833482,0.42515500442869797
0.3873239436619718,0.08142605633802817,0.10167253521126761,0.4295774647887324
0.39054837271511367,0.0806954971020954,0.10075791350869372,0.4279982166740972
0.3915900131406045,0.08147174770039421,0.09724047306176084,0.4296977660972405
0.38427365615282094,0.07774322523322967,0.1008440693025322,0.43713904931141717
0.3932038834951456,0.0794351279788173,0.0939982347749338,0.4333627537511033
0.3966578715919085,0.07871591908531222,0.09498680738786279,0.42963940193491645
0.39533861037818824,0.07651715039577836,0.09586631486367635,0.43227792436235707
0.3960923623445826,0.0763765541740675,0.09547069271758436,0.43206039076376557
0.3890845070422535,0.07570422535211267,0.09903169014084508,0.43617957746478875
0.39725420726306465,0.07351638618246235,0.09743135518157661,0.43179805137289634
0.3968253968253968,0.07098765432098765,0.09700176366843033,0.4351851851851852
0.4019349164467898,0.06992084432717678,0.09718557607739665,0.4309586631486368
0.396,0.07244444444444445,0.1,0.4315555555555556
0.4036251105216622,0.07117595048629531,0.09814323607427056,0.4270557029177719
0.39649122807017545,0.07192982456140351,0.10043859649122808,0.431140350877193
0.39417644502390264,0.07257714037375054,0.1016949152542373,0.4315514993481095
0.3895989422653151,0.07712648743940062,0.10092551784927281,0.43234905244601146
0.39136242208370436,0.0792520035618878,0.09617097061442564,0.4332146037399822
0.3878894251864853,0.07810443176831944,0.09697235629662132,0.43703378674857396
0.38723969871510855,0.08019494904740807,0.10146211785556047,0.4311032343819229
0.3939662821650399,0.07897071872227152,0.1002661934338953,0.42679680567879325
0.39626832518880495,0.07818747223456242,0.10128831630386495,0.42425588627276767
0.3954827280779451,0.07528786536758193,0.10363153232949512,0.42559787422497786
0.38495772140631956,0.07432131731197152,0.1045838896306186,0.43613707165109034
0.38761061946902653,0.07300884955752213,0.10088495575221239,0.43849557522123894
0.3894039735099338,0.07019867549668875,0.09845474613686535,0.44194260485651216
0.390030607783122,0.0695233930913861,0.0940096195889812,0.4464363795365107
0.394806338028169,0.07042253521126761,0.09507042253521127,0.4397007042253521
0.398669623059867,0.07139689578713969,0.09445676274944567,0.4354767184035477
0.39807102148180623,0.06882946076282333,0.09074967119684349,0.44234984655852694
0.3967486818980668,0.07117750439367311,0.09094903339191564,0.44112478031634444
0.40730955526199913,0.07089387934830471,0.08850726552179657,0.4332892998678996
0.4043114826220853,0.07215134183897932,0.09062912450505939,0.4329080510338759
0.4113756613756614,0.0701058201058201,0.0855379188712522,0.4329805996472663
0.404227212681638,0.0717745486569793,0.08894760017613386,0.4350506384852488
0.40115248226950356,0.07668439716312057,0.08687943262411348,0.4352836879432624
0.41252220248667854,0.07504440497335702,0.08436944937833037,0.4280639431616341
0.40762073548958794,0.07576428887904298,0.08019494904740807,0.436420026583961
0.4022075055187638,0.07417218543046358,0.08211920529801324,0.44150110375275936
0.40598855129898725,0.07705856450902686,0.08278291501541171,0.4341699691765742
0.3964757709251101,0.08105726872246696,0.08193832599118943,0.44052863436123346
0.39707835325365204,0.07259849490925188,0.0849933598937583,0.44532979194333777
0.40044052863436125,0.06651982378854626,0.08942731277533039,0.4436123348017621
0.39342806394316165,0.07015985790408526,0.08436944937833037,0.45204262877442275
0.3967343336275375,0.07016769638128861,0.0820829655781112,0.4510150044130627
0.3944153577661431,0.06980802792321117,0.08115183246073299,0.45462478184991273
0.40248778320746337,0.07418924922256774,0.07685473123056419,0.4464682363394047
0.3993808049535604,0.07076514816452897,0.08137992038920831,0.44847412649270235
0.4032757857459053,0.07082779991146525,0.07746790615316512,0.4484285081894644
0.4010647737355812,0.07187222715173026,0.0771960958296362,0.44986690328305234
0.40377027619465145,0.07058307759754494,0.07409031126698816,0.45155633494081543
0.3970070422535211,0.0743838028169014,0.07658450704225352,0.45202464788732394
0.3990278391515687,0.07556341140079541,0.07909854175872735,0.44631020768890856
0.3958333333333333,0.07934397163120567,0.07712765957446809,0.44769503546099293
0.39491004826678366,0.08161474330846863,0.0759104870557262,0.4475647213690215
0.3959074733096085,0.08140569395017794,0.07695729537366548,0.445729537366548
0.4007045354469397,0.08278291501541171,0.07617789520035227,0.44033465433729635
0.40667545015371104,0.08476064997804128,0.07465963987703118,0.4339042599912165
0.4046675473359753,0.08806693086745927,0.07529722589167767,0.4319682959048877
0.3972663139329806,0.09038800705467372,0.07980599647266313,0.43253968253968256
0.3993835314839278,0.0841039189784236,0.07881990312637605,0.4376926464112726
0.39038376709307454,0.08645787384208205,0.0811645346272607,0.4419938244375827
0.3903411608329641,0.08506867523260966,0.08063801506424458,0.44395214887018164
0.3935795954265611,0.08311345646437995,0.07959542656112577,0.44371152154793314
0.3966652040368583,0.08117595436594997,0.07985958753839403,0.4422992540587977
0.3992059991177768,0.07631230701367446,0.07719453021614468,0.44728716365240406
0.3947833775419982,0.07471264367816093,0.07736516357206012,0.4531388152077807
0.39215686274509803,0.07308377896613191,0.07976827094474154,0.45499108734402854
0.40456340500219395,0.07547169811320754,0.06976744186046512,0.4501974550241334
0.40532150776053216,0.07982261640798226,0.07184035476718403,0.44301552106430153
0.41005291005291006,0.07848324514991181,0.07054673721340388,0.4409171075837742
0.4017777777777778,0.08355555555555555,0.07155555555555555,0.4431111111111111
0.4023851590106007,0.08524734982332155,0.07287985865724382,0.43948763250883394
0.4022887323943662,0.08538732394366197,0.07086267605633803,0.4414612676056338
0.40739091718610865,0.085040071237756,0.07257346393588603,0.43499554764024934
0.4058226731363035,0.08557565063961182,0.07278341420379356,0.4358182620202911
0.40748898678414097,0.08634361233480176,0.07180616740088105,0.4343612334801762
0.40240106714095153,0.08359270787016451,0.07025344597598933,0.4437527790128946
0.4061674008810573,0.08898678414096917,0.06916299559471366,0.4356828193832599
0.40131578947368424,0.08947368421052632,0.0706140350877193,0.43859649122807015
0.40397350993377484,0.08830022075055188,0.07417218543046358,0.4335540838852097
0.39521739130434785,0.08826086956521739,0.07478260869565218,0.44173913043478263
0.3965593295103661,0.08822232024702249,0.07454786060873402,0.4406704896338774
0.39180255619215515,0.0872631115028647,0.0753635962979286,0.44557073600705155
0.3907894736842105,0.08991228070175439,0.07324561403508772,0.44605263157894737
0.3933774834437086,0.08918322295805739,0.07637969094922738,0.4410596026490066
0.3932233615693268,0.08515381185911726,0.07445385644226482,0.44716897012929113
0.3895015438906043,0.0846934274371416,0.07146007940008822,0.45434494927216584
0.3762114537444934,0.08149779735682819,0.07797356828193833,0.4643171806167401
0.3846838824577026,0.08593054318788958,0.07791629563668745,0.4514692787177204
0.38571428571428573,0.08354978354978355,0.07705627705627706,0.4536796536796537
0.37918871252204583,0.0837742504409171,0.07936507936507936,0.4576719576719577
0.37763157894736843,0.08201754385964913,0.07894736842105263,0.4614035087719298
0.37598597721297106,0.08063102541630149,0.0775635407537248,0.46581945661700264
0.368006993006993,0.08347902097902098,0.07954545454545454,0.46896853146853146
0.3709106984969054,0.08664898320070734,0.07869142351900972,0.46374889478337755
0.37472671622212506,0.08395277656318322,0.07564494971578486,0.4656755574989069
0.37681159420289856,0.07861220904699165,0.07422046552481334,0.47035573122529645
0.37549756744803187,0.07916850950906679,0.0734188412206988,0.47191508182220254
0.37808098591549294,0.0761443661971831,0.07130281690140845,0.4744718309859155
0.37330415754923413,0.07352297592997811,0.07571115973741795,0.4774617067833698
0.37609841827768015,0.07381370826010544,0.07601054481546574,0.4740773286467487
0.37697715289982425,0.07469244288224956,0.07425307557117751,0.4740773286467487
0.3759332454984629,0.0764163372859025,0.07202459376372419,0.4756258234519104
0.3789287295263391,0.07392651615759185,0.07127047366091191,0.47587428065515713
0.37549407114624506,0.07202459376372419,0.07290294246815986,0.4795783926218709
0.3730684326710817,0.0728476821192053,0.07373068432671082,0.4803532008830022
0.37220732797140305,0.07015192135835567,0.0741733690795353,0.483467381590706
0.37843833185448095,0.06610470275066549,0.07542147293700088,0.4800354924578527
0.37467134092900967,0.06923751095530237,0.07712532865907099,0.478965819456617
0.37846153846153846,0.07472527472527472,0.07824175824175825,0.4685714285714286
0.37717770034843207,0.07665505226480836,0.07317073170731707,0.4729965156794425
0.37790442788250767,0.07496711968434897,0.07277509864094696,0.4743533537921964
0.37859354268023,0.07430340557275542,0.07076514816452897,0.4763379035824856
0.38475021910604734,0.07624890446976336,0.06748466257668712,0.4715162138475022
0.3747795414462081,0.0736331569664903,0.07054673721340388,0.4810405643738977
0.3908606921029281,0.07054125998225377,0.06876663708961846,0.46983141082519964
0.3894830659536542,0.0677361853832442,0.07130124777183601,0.4714795008912656
0.38543516873889877,0.07015985790408526,0.07015985790408526,0.47424511545293074
0.38181818181818183,0.06696230598669622,0.07760532150776053,0.47361419068736144
0.38333333333333336,0.06666666666666667,0.07675438596491228,0.4732456140350877
0.3755516328331862,0.06707855251544571,0.0763459841129744,0.48102383053839365
0.3797190517998244,0.06672519754170325,0.07462686567164178,0.47892888498683056
0.37970253718285213,0.07174103237095363,0.07392825896762904,0.4746281714785652
0.3895528995130589,0.06994245241257194,0.07613988490482515,0.46436476316954406
0.3790820829655781,0.07413945278022947,0.07193292144748456,0.4748455428067079
0.3742844561867019,0.07485689123734038,0.07441655658300309,0.4764420959929547
0.3718791064388962,0.07533946561541831,0.07095926412614981,0.4818221638195357
0.3795365107127241,0.07564494971578486,0.07083515522518584,0.4739833843463052
0.38315696649029984,0.07583774250440917,0.06878306878306878,0.4722222222222222
0.3820026466696074,0.0741067490074989,0.06881340979267754,0.47507719453021613
0.37866666666666665,0.072,0.07066666666666667,0.4786666666666667
0.3831858407079646,0.07389380530973451,0.06858407079646017,0.4743362831858407
0.3787812362998685,0.07540552389302937,0.06926786497150372,0.47654537483559845
0.38495971351835273,0.06982990152193375,0.0702775290957923,0.4749328558639212
0.38163174320107,0.06999554168524298,0.0722246990637539,0.4761480160499331
0.3848538529672276,0.07130203720106289,0.0704162976085031,0.4734278122232064
0.392511013215859,0.07312775330396476,0.06740088105726873,0.4669603524229075
0.3852967227635075,0.07484499557130203,0.06820194862710363,0.4716563330380868
0.3870541611624835,0.07573756054601496,0.06957287538529282,0.4676354029062087
0.38451443569553806,0.0778652668416448,0.07086614173228346,0.4667541557305337
0.3777484608619173,0.0760773966578716,0.07299912049252419,0.4731750219876869
0.380468404772426,0.07821475916924436,0.07247017233760494,0.4688466637207247
0.38345864661654133,0.07695709862892526,0.07076514816452897,0.4688191065900044
0.38749449581682077,0.07617789520035227,0.06869220607661823,0.4676354029062087
0.3862736471623405,0.075230972283326,0.0730312362516498,0.4654641443026837
0.38961605584642234,0.07460732984293193,0.07460732984293193,0.46116928446771377
0.38910675381263615,0.07581699346405228,0.07320261437908497,0.46187363834422657
0.39268400176289114,0.07800793301013663,0.07051564565888056,0.4587924195680917
0.38932980599647266,0.07936507936507936,0.07407407407407407,0.4572310405643739
0.3956866197183099,0.08098591549295775,0.0721830985915493,0.4511443661971831
0.4009747452370403,0.07797961896322551,0.07310589277802393,0.44793974302171025
0.3977777777777778,0.07466666666666667,0.07377777777777778,0.4537777777777778
0.40266075388026606,0.06917960088691796,0.0762749445676275,0.4518847006651885
0.398152221733392,0.07215134183897932,0.075230972283326,0.45446546414430267
0.3958054439982151,0.071396697902722,0.07095046854082998,0.46184738955823296
0.3908450704225352,0.06734154929577464,0.07262323943661972,0.46919014084507044
0.3925764192139738,0.06724890829694323,0.07379912663755459,0.4663755458515284
0.3920529801324503,0.06534216335540839,0.07196467991169977,0.4706401766004415
0.4,0.06754385964912281,0.07324561403508772,0.45921052631578946
0.40043478260869564,0.06695652173913043,0.07217391304347825,0.46043478260869564
0.40299823633156967,0.07098765432098765,0.07054673721340388,0.4554673721340388
0.40378687802730073,0.07309555261999119,0.06913254073095552,0.45398502862175255
0.4014022787028922,0.07449605609114812,0.0740578439964943,0.4500438212094654
0.4014084507042254,0.0761443661971831,0.07482394366197183,0.4476232394366197
0.4048565121412804,0.07328918322295806,0.07549668874172186,0.4463576158940397
0.4012345679012346,0.0718694885361552,0.07760141093474426,0.44929453262786595
0.3988541207580432,0.07183781401498457,0.07624504186866461,0.4530630233583076
0.4012345679012346,0.07319223985890652,0.07671957671957672,0.4488536155202822
0.3999125874125874,0.07124125874125874,0.08085664335664336,0.44798951048951047
0.3949211908931699,0.07092819614711034,0.08056042031523643,0.45359019264448336
0.3966356795042054,0.06861443116423196,0.08410801239486498,0.45064187693669766
0.3972481136262761,0.07323568575233022,0.08166888592987129,0.4478473146915224
0.3968393327480246,0.07901668129938542,0.08121158911325724,0.4429323968393327
0.3894783377541998,0.07603890362511052,0.07957559681697612,0.45490716180371354
0.39424778761061946,0.0747787610619469,0.07876106194690266,0.452212389380531
0.387011847301448,0.07634927599824484,0.08029837648091268,0.4563405002193945
0.39055604589585174,0.0763459841129744,0.0763459841129744,0.4567519858781995
0.39105403011514617,0.07794508414526129,0.07617360496014172,0.45482728077945084
0.39699381078691426,0.07780725022104333,0.07250221043324491,0.4526967285587975
0.4000878348704436,0.07509881422924901,0.0707070707070707,0.45410628019323673
0.40781387181738366,0.07462686567164178,0.07155399473222125,0.44600526777875327
0.40554821664464996,0.07353588727432848,0.06869220607661823,0.4522236900044033
0.41101321585903083,0.0722466960352423,0.06828193832599119,0.4484581497797357
0.41249446167478954,0.07089056269384138,0.06956136464333186,0.4470536109880372
0.40923076923076923,0.0734065934065934,0.0654945054945055,0.45186813186813185
0.4189129474149359,0.06981882456915599,0.06495802032699956,0.44631020768890856
0.40688437775816416,0.07193292144748456,0.06707855251544571,0.45410414827890555
0.4135039717563989,0.07237422771403354,0.06751985878199471,0.44660194174757284
0.4102222222222222,0.07466666666666667,0.072,0.4431111111111111
0.40769903762029747,0.07349081364829396,0.07392825896762904,0.4448818897637795
0.40947321823815847,0.07613988490482515,0.07304116865869854,0.44134572819831785
0.4088495575221239,0.07743362831858407,0.07300884955752213,0.4407079646017699
0.4060846560846561,0.07539682539682539,0.07671957671957672,0.4417989417989418
0.4062776304155615,0.07294429708222812,0.07603890362511052,0.4447391688770999
0.40536971830985913,0.0761443661971831,0.07526408450704225,0.4432218309859155
0.401144870101277,0.07837956847203875,0.07485689123734038,0.4456186701893439
0.40373499333036905,0.07914628723877279,0.07603379279679857,0.44108492663405957
0.405452946350044,0.08047493403693931,0.07695690413368514,0.4371152154793316
0.4111452391399737,0.07985958753839403,0.0776656428258008,0.4313295304958315
0.4121863799283154,0.0846774193548387,0.07482078853046595,0.4283154121863799
0.4119205298013245,0.08520971302428255,0.07240618101545254,0.4304635761589404
0.41259357111404665,0.0845442536327609,0.0722148833113166,0.43064729194187584
0.4126984126984127,0.08333333333333333,0.07319223985890652,0.43077601410934746
0.41084229390681004,0.08243727598566308,0.07168458781362007,0.4350358422939068
0.42011319111885065,0.07618632999564649,0.07444492816717457,0.42925555071832827
0.41791703442188877,0.07678729037952339,0.07105030891438659,0.43424536628420124
0.4182459233142353,0.07624504186866461,0.07227853680035258,0.43323049801674746
0.4167032967032967,0.07736263736263736,0.0734065934065934,0.43252747252747253
0.4124616059675296,0.0759104870557262,0.07634927599824484,0.43527863097849934
0.4148936170212766,0.07180851063829788,0.0797872340425532,0.43351063829787234
0.4174757281553398,0.07149161518093557,0.08031774051191527,0.43071491615180935
0.42239858906525574,0.0701058201058201,0.07892416225749559,0.42857142857142855
0.4210758377425044,0.07407407407407407,0.07583774250440917,0.42901234567901236
0.414021164021164,0.07539682539682539,0.07671957671957672,0.43386243386243384
0.41379310344827586,0.0747872816838334,0.08016121809225257,0.43125839677563815
0.4114285714285714,0.0734065934065934,0.07560439560439561,0.43956043956043955
0.4141280353200883,0.07196467991169977,0.07593818984547461,0.43796909492273733
0.40835164835164833,0.07252747252747253,0.07868131868131868,0.44043956043956045
0.41297676457693994,0.07145988601490574,0.0775975449364314,0.43796580447172295
0.41140079540433055,0.07202828104286346,0.07556341140079541,0.4410075121520106
0.40405822673136305,0.07146007940008822,0.07322452580502867,0.45125716806352006
0.4026666666666667,0.07377777777777778,0.07511111111111111,0.4484444444444444
0.40035508211273857,0.07412339103417666,0.07323568575233022,0.45228584110075454
0.4072775098640947,0.07145988601490574,0.07233669443226655,0.448925909688733
0.4021978021978022,0.07208791208791208,0.07164835164835165,0.45406593406593404
0.40160642570281124,0.07228915662650602,0.07050423917893797,0.4556001784917448
0.4007954043305347,0.07158638974812197,0.07247017233760494,0.4551480335837384
0.3987648875165417,0.070577856197618,0.06969563299514778,0.46096162329069257
0.3966131907308378,0.07219251336898395,0.07442067736185383,0.45677361853832443
