C,D,Oc,Od
0.0,0.0,1.0,0.0
0.0,0.0,1.0,0.0
0.0,0.0,0.7777777777777778,0.2222222222222222
0.0,0.0,0.6875,0.3125
0.0,0.0,0.6666666666666666,0.3333333333333333
0.0392156862745098,0.0,0.6666666666666666,0.29411764705882354
0.03488372093023256,0.0,0.6744186046511628,0.29069767441860467
0.03968253968253968,0.015873015873015872,0.626984126984127,0.31746031746031744
0.023255813953488372,0.040697674418604654,0.5813953488372093,0.3546511627906977
0.03017241379310345,0.034482758620689655,0.5646551724137931,0.3706896551724138
0.03225806451612903,0.041935483870967745,0.5290322580645161,0.3967741935483871
0.03626943005181347,0.04922279792746114,0.533678756476684,0.38082901554404147
0.039337474120082816,0.062111801242236024,0.515527950310559,0.3830227743271222
0.03648424543946932,0.06799336650082918,0.5124378109452736,0.38308457711442784
0.04299583911234397,0.06796116504854369,0.5006934812760055,0.3883495145631068
0.05202312138728324,0.07630057803468208,0.47630057803468207,0.3953757225433526
0.06069651741293532,0.08059701492537313,0.4736318407960199,0.3850746268656716
0.06851691240242845,0.09106678230702515,0.46227233304423243,0.37814397224631396
0.08073115003808073,0.09520182787509521,0.4485910129474486,0.37547600913937546
0.08791208791208792,0.09752747252747253,0.4375,0.37706043956043955
0.09857408555486671,0.10539367637941724,0.425914445133292,0.37011779293242403
0.1100451467268623,0.10496613995485328,0.4305869074492099,0.3544018058690745
0.11789038262668046,0.11013443640124095,0.4286452947259566,0.34332988624612204
0.12554744525547445,0.11338199513381995,0.4306569343065693,0.33041362530413626
0.12814538676607642,0.10997204100652376,0.43243243243243246,0.3294501397949674
0.13016157989228008,0.11624775583482945,0.4232495511669659,0.3303411131059246
0.12123933542882802,0.11854512797485406,0.42882801975752133,0.3313875168387966
0.1287305122494432,0.11314031180400891,0.43608017817371936,0.3220489977728285
0.1253904506916555,0.11780455153949129,0.43284248103525214,0.32396251673360105
0.1262178919397697,0.11603188662533215,0.4300265721877768,0.32772364924712133
0.12478184991273997,0.11780104712041885,0.4363001745200698,0.32111692844677137
0.12142542894852618,0.11966564012318522,0.4377474703035636,0.32116146062472506
0.1258741258741259,0.12325174825174826,0.42657342657342656,0.3243006993006993
0.12887511071744906,0.12843224092116917,0.41806908768821965,0.3246235606731621
0.1256590509666081,0.12917398945518455,0.4160808435852373,0.3290861159929701
0.12917398945518455,0.13005272407732865,0.4156414762741652,0.3251318101933216
0.13312693498452013,0.13268465280849182,0.4192835028748341,0.3149049093321539
0.1296133567662566,0.13268892794376097,0.4191564147627416,0.3185413005272408
0.12901805372082784,0.13650374284456188,0.41699691765741964,0.31748128577719065
0.13123359580052493,0.13517060367454067,0.41688538932633423,0.31671041119860016
0.13206713780918727,0.1413427561837456,0.4107773851590106,0.31581272084805656
0.13838695460555311,0.14103129131776113,0.40855002203613927,0.3120317320405465
0.13785460992907803,0.1453900709219858,0.4051418439716312,0.311613475177305
0.14154250657318143,0.14592462751971955,0.401840490797546,0.310692375109553
0.13351016799292661,0.14500442086648982,0.40716180371352784,0.31432360742705573
0.13624338624338625,0.15343915343915343,0.4021164021164021,0.3082010582010582
0.14248251748251747,0.15166083916083917,0.40384615384615385,0.30201048951048953
0.14147201410312912,0.1485235786690172,0.4019391802556192,0.3080652269722345
0.14121292607348385,0.14918105356352368,0.40548915449313855,0.3041168658698539
0.13508771929824562,0.1513157894736842,0.40614035087719297,0.3074561403508772
0.1323594510845507,0.15405046480743692,0.4059318282425852,0.30765825586542717
0.13398402839396628,0.1557231588287489,0.40150842945874,0.3087843833185448
0.12928759894459102,0.15523306948109059,0.4072119613016711,0.30826737027264733
0.12794759825327512,0.15502183406113537,0.40829694323144106,0.3087336244541485
0.1262693156732892,0.16379690949227374,0.40264900662251657,0.3072847682119205
0.125605993829881,0.15866020273248127,0.41516086381665934,0.3005729396209784
0.1321334503950834,0.15715539947322213,0.41264266900790164,0.2980684811237928
0.13664596273291926,0.15705412599822538,0.4125998225377107,0.2937000887311446
0.13532513181019332,0.1546572934973638,0.4103690685413005,0.29964850615114236
0.13624220837043632,0.15048975957257346,0.42297417631344614,0.2902938557435441
0.1455026455026455,0.1574074074074074,0.4122574955908289,0.2848324514991182
0.14730381411661553,0.15124945199473916,0.4059622972380535,0.2954844366505918
0.14417582417582417,0.15208791208791209,0.41274725274725277,0.290989010989011
0.1441637630662021,0.15374564459930315,0.4155052264808362,0.2865853658536585
0.14053579270970576,0.15810276679841898,0.4132630654369785,0.28809837505489677
0.14718804920913883,0.16124780316344464,0.414323374340949,0.2772407732864675
0.14949137549756744,0.16895179124281293,0.40203449800973023,0.27952233524988945
0.14783759929390997,0.1676963812886143,0.4090909090909091,0.27537511032656664
0.1484409310496267,0.16776460254721123,0.4062362758014932,0.27755819060166886
0.14123305640577175,0.17621337997376477,0.4062090074333188,0.2763445561871447
0.14462627156125607,0.17470145953118088,0.40778416629809816,0.27288810260946483
0.1476923076923077,0.1767032967032967,0.4004395604395604,0.27516483516483514
0.1494661921708185,0.17126334519572953,0.3994661921708185,0.27980427046263345
0.15509666080843584,0.17135325131810195,0.3958699472759227,0.27768014059753954
0.1615180935569285,0.16946160635481025,0.3918799646954987,0.27714033539276256
0.1608084358523726,0.16915641476274165,0.3967486818980668,0.273286467486819
0.16482545293857712,0.1665930181175431,0.3972602739726027,0.27132125497127707
0.16212653778558875,0.1695957820738137,0.3976274165202109,0.27065026362038663
0.16285211267605634,0.1681338028169014,0.3926056338028169,0.2764084507042254
0.1638986013986014,0.17526223776223776,0.39335664335664333,0.2674825174825175
0.1712538226299694,0.17474879860200962,0.38663171690694625,0.2673656618610747
0.1706140350877193,0.1736842105263158,0.3907894736842105,0.2649122807017544
0.17381689517912427,0.17293233082706766,0.3923042901371075,0.26094648385670055
0.17398945518453426,0.17926186291739896,0.37785588752196836,0.2688927943760984
0.16799292661361626,0.1786030061892131,0.383289124668435,0.27011494252873564
0.171792618629174,0.1726713532513181,0.38181019332161686,0.27372583479789103
0.17220279720279721,0.1743881118881119,0.3868006993006993,0.2666083916083916
0.1646234676007005,0.1777583187390543,0.38791593695271454,0.26970227670753066
0.16321129245699162,0.18967798853109838,0.38332598147331276,0.26378473753859727
0.1601750547045952,0.18949671772428883,0.37899343544857766,0.2713347921225383
0.17130242825607064,0.18675496688741722,0.3739514348785872,0.26799116997792494
0.16842105263157894,0.18464912280701753,0.3824561403508772,0.2644736842105263
0.17483443708609273,0.1845474613686534,0.376158940397351,0.26445916114790285
0.17783618046430136,0.18572054314498468,0.37494524748138414,0.2614980289093298
0.17751217352810977,0.18857901726427623,0.36786188579017265,0.26604692341744135
0.1778270509977827,0.19201773835920177,0.37250554323725055,0.25764966740576495
0.18085106382978725,0.19281914893617022,0.36480496453900707,0.26152482269503546
0.18423383525243578,0.1975199291408326,0.36271036315323296,0.2555358724534987
0.18008003557136504,0.200533570475767,0.3668297020898177,0.25255669186305024
0.18245923314235346,0.19524019391802555,0.36932569413838695,0.25297487880123404
0.17924944812362031,0.1911699779249448,0.36997792494481235,0.2596026490066225
0.18214127054642382,0.19768991559306975,0.36250555308751664,0.2576632607729898
0.18661971830985916,0.19762323943661972,0.3529929577464789,0.26276408450704225
0.18610747051114024,0.2018348623853211,0.3508082131935343,0.26124945391000437
0.18796992481203006,0.20168067226890757,0.3485183547103052,0.2618310482087572
0.18783068783068782,0.21208112874779542,0.3403880070546737,0.25970017636684306
0.18804920913884007,0.20826010544815465,0.34402460456942,0.2596660808435852
0.18794014084507044,0.20994718309859156,0.3380281690140845,0.2640845070422535
0.19106047326906223,0.21253286590709902,0.34049079754601225,0.25591586327782645
0.18717277486910994,0.21465968586387435,0.3411867364746946,0.2569808027923211
0.19089703932832522,0.21520106053910737,0.34202386212991603,0.25187803800265135
0.19085312225153914,0.2154793315743184,0.3333333333333333,0.26033421284080915
0.18914185639229422,0.21978984238178634,0.3340630472854641,0.2570052539404553
0.1906649053280493,0.21312197269925143,0.33465433729634525,0.261558784676354
0.18967798853109838,0.21261579179532422,0.3325981473312748,0.2651080723423026
0.195326278659612,0.21296296296296297,0.3262786596119929,0.2654320987654321
0.19041336851363236,0.20932277924362358,0.33157431838170626,0.26868953386103783
0.19205298013245034,0.2088300220750552,0.3271523178807947,0.27196467991169976
0.19294425087108014,0.2186411149825784,0.3192508710801394,0.2691637630662021
0.19181698196216454,0.21029476462824462,0.32468103827540695,0.2732072151341839
0.19571865443425077,0.21100917431192662,0.3167321974661424,0.2765399737876802
0.19416187527642637,0.21052631578947367,0.31711632021229547,0.2781954887218045
0.19738562091503267,0.20784313725490197,0.31546840958605665,0.2793028322440087
0.2019315188762072,0.208955223880597,0.31387181738366987,0.2752414398595259
0.2018716577540107,0.20855614973262032,0.31327985739750447,0.27629233511586454
0.19840213049267644,0.21615623612960497,0.31380381713271194,0.27163781624500666
0.20493609519612163,0.21639488761568973,0.30718378140149843,0.27148523578669015
0.20374401393121463,0.2194166303874619,0.3021332172398781,0.27470613844144537
0.19982509838216003,0.21731526016615654,0.30520332313073895,0.27765631832094445
0.20589529256489222,0.21733391992960846,0.30136383633963926,0.2754069511658601
0.20536499560246263,0.21152154793315744,0.30299032541776605,0.2801231310466139
0.2108274647887324,0.20422535211267606,0.3050176056338028,0.27992957746478875
0.21727633318642575,0.20802115469369767,0.29396209784045835,0.28074041427941826
0.21951219512195122,0.20709534368070953,0.29623059866962304,0.2771618625277162
0.21606285464862504,0.20646006110868617,0.2994325621999127,0.2780445220427761
0.21566901408450703,0.20466549295774647,0.30061619718309857,0.2790492957746479
0.21597892888498682,0.20061457418788411,0.3107989464442493,0.2726075504828797
0.2151060070671378,0.20185512367491165,0.30918727915194344,0.27385159010600707
0.21892967713401149,0.20123839009287925,0.30207872622733306,0.27775320654577623
0.2186270222999563,0.20113686051595978,0.30432881504153914,0.27590730214254483
0.21978021978021978,0.19824175824175824,0.30153846153846153,0.2804395604395604
0.21742957746478872,0.20598591549295775,0.3045774647887324,0.2720070422535211
0.21727748691099477,0.2111692844677138,0.3006108202443281,0.2709424083769634
0.21287779237844942,0.2146298729741568,0.3035479632063075,0.2689443714410863
0.21746801940891045,0.21438023820026467,0.2995147772386414,0.2686369651521835
0.20949844651575678,0.21482467820683532,0.30492676431424764,0.2707501109631602
0.207290294246816,0.21826965305226176,0.29907773386034253,0.2753623188405797
0.20382732532265244,0.21895861148197596,0.30351579884290164,0.27369826435246997
0.20588235294117646,0.2177348551360843,0.3028972783143108,0.27348551360842843
0.20846187747906567,0.2150727192595857,0.3018951079770824,0.2745702952842662
0.2040280210157618,0.22197898423817863,0.30472854640980734,0.2692644483362522
0.2025206431986093,0.2207735767057801,0.31029986962190353,0.2664059104737071
0.19964507542147295,0.22271517302573204,0.3163265306122449,0.26131322094055015
0.202365308804205,0.22601839684625494,0.31274638633377133,0.2588699080157687
0.20343461030383092,0.22457067371202113,0.309114927344782,0.2628797886393659
0.20167696381288613,0.22418358340688438,0.31112091791703445,0.26301853486319504
0.2005288673424416,0.22961657117672984,0.31070956368444247,0.25914499779638606
0.20070733863837312,0.22900088417329797,0.30857648099027407,0.26171529619805484
0.20423467137185708,0.23026025584472873,0.30524922805469784,0.2602558447287164
0.2022667829119442,0.23147340889276374,0.3077593722755013,0.25850043591979077
0.20305010893246186,0.22875816993464052,0.30980392156862746,0.25838779956427016
0.20601237842617154,0.22148541114058357,0.3125552608311229,0.259946949602122
0.20842474769635805,0.21676173760421238,0.3128565160157964,0.26195699868363315
0.20536499560246263,0.22119613016710643,0.3148636763412489,0.25857519788918204
0.20463489287275907,0.2190642763445562,0.3139484040227372,0.2623524267599475
0.2046450482033304,0.21866783523225242,0.3093777388255916,0.26730937773882557
0.2040280210157618,0.22373029772329248,0.30472854640980734,0.26751313485113837
0.2074468085106383,0.2225177304964539,0.2974290780141844,0.2726063829787234
0.21252204585537918,0.22663139329805995,0.28880070546737213,0.27204585537918874
0.2129427197201574,0.2264975951027547,0.2907739396589418,0.26978574551814605
0.21456607064980376,0.23026602703881377,0.2830353249018753,0.2721325774095072
0.21582417582417582,0.229010989010989,0.2865934065934066,0.26857142857142857
0.2095782073813708,0.23374340949033393,0.28339191564147626,0.273286467486819
0.21362637362637363,0.23032967032967033,0.2874725274725275,0.26857142857142857
0.21082496726320385,0.22872108249672632,0.28895678742907027,0.27149716281099956
0.21001329198050508,0.22507753655294638,0.2919805050952592,0.2729286663712893
0.21084864391951005,0.22878390201224846,0.2904636920384952,0.2699037620297463
0.20831490490933216,0.23131357806280406,0.2932330827067669,0.26713843432109685
0.2088830255057168,0.22911169744942833,0.29771328056288476,0.2642919964819701
0.21514476614699332,0.2285077951002227,0.29487750556792874,0.26146993318485523
0.21557413110426749,0.21953365596128466,0.2982842058952926,0.2666080070391553
0.21685689201053557,0.21949078138718173,0.29455662862159787,0.26909569798068483
0.21478260869565216,0.2182608695652174,0.2995652173913044,0.2673913043478261
0.21416007036059806,0.21591908531222515,0.2990325417766051,0.27088830255057167
0.20929203539823008,0.2163716814159292,0.3008849557522124,0.2734513274336283
0.20352422907488987,0.21938325991189428,0.3,0.27709251101321586
0.20870337477797513,0.22069271758436945,0.294404973357016,0.2761989342806394
0.21567759078830823,0.21966341895482727,0.2971656333038087,0.2674933569530558
0.2129916040653999,0.21873619089703933,0.29783473265576665,0.27043747238179405
0.21800529567519858,0.21359223300970873,0.293909973521624,0.2744924977934687
0.21739130434782608,0.2116820377689943,0.3008344312692139,0.27009222661396576
0.21513418389793224,0.22261328640563133,0.30136383633963926,0.2608886933567972
0.21575492341356675,0.2175054704595186,0.30897155361050327,0.2577680525164114
0.21814159292035398,0.21814159292035398,0.3013274336283186,0.26238938053097344
0.22142857142857142,0.21473214285714284,0.2941964285714286,0.26964285714285713
0.22611744084136723,0.21428571428571427,0.29666958808063104,0.26292725679228746
0.2292576419213974,0.21615720524017468,0.28995633187772923,0.2646288209606987
0.23161602818141788,0.2144429766622633,0.2910612065169529,0.2628797886393659
0.22800875273522975,0.21794310722100657,0.28796498905908097,0.2660831509846827
0.2285336856010568,0.2192866578599736,0.2910612065169529,0.2611184500220167
0.22659667541557305,0.22528433945756782,0.2904636920384952,0.25765529308836393
0.2228140257434532,0.22325787838437638,0.2920550377274745,0.26187305814469597
0.2261061946902655,0.22168141592920354,0.2920353982300885,0.26017699115044246
0.22965244170699517,0.2190937087549494,0.29476462824461064,0.2564892212934448
0.22922134733158356,0.21872265966754156,0.2983377077865267,0.2537182852143482
0.2228596646072374,0.22330097087378642,0.3000882612533098,0.25375110326566636
0.22261328640563133,0.22217333919929608,0.29564452265728114,0.2595688517377915
0.22256365232660227,0.22080772607550483,0.2976294995610184,0.2589991220368745
0.2218791354212616,0.21438023820026467,0.30216144684605206,0.2615791795324217
0.2298951048951049,0.21066433566433568,0.30288461538461536,0.25655594405594406
0.22655565293602103,0.20639789658194566,0.3058720420683611,0.26117440841367223
0.22440087145969498,0.21045751633986928,0.3037037037037037,0.26143790849673204
0.22919448153093014,0.210057854917668,0.3008455718736093,0.2599020916777926
0.22745270567531897,0.21073471183457984,0.3044434667839859,0.25736911570611526
0.23407992973210365,0.20948616600790515,0.29995608256477824,0.256477821695213
0.22996515679442509,0.20862369337979095,0.3009581881533101,0.2604529616724739
0.23222958057395143,0.21501103752759382,0.295364238410596,0.25739514348785875
0.23794781070322865,0.21052631578947367,0.29544449358690844,0.2560813799203892
0.24024550635686104,0.208680403331872,0.2893467777290662,0.2617273125822008
0.24955752212389382,0.20353982300884957,0.28938053097345134,0.2575221238938053
0.24467622772707517,0.20860495436766624,0.28335506301608,0.2633637548891786
0.24368630926007975,0.21222862206468765,0.27957465662383696,0.26451041205139564
0.24503311258278146,0.20794701986754968,0.282560706401766,0.26445916114790285
0.2482394366197183,0.2068661971830986,0.2772887323943662,0.2676056338028169
0.2523158359064843,0.2007057785619762,0.28098808998676666,0.2659902955447728
0.2478031634446397,0.1999121265377856,0.27943760984182775,0.2728471001757469
0.24934383202099739,0.199912510936133,0.2782152230971129,0.27252843394575677
0.24694055944055945,0.1971153846153846,0.28059440559440557,0.27534965034965037
0.23938053097345133,0.2013274336283186,0.2774336283185841,0.28185840707964605
0.2470485351989506,0.19414079580236118,0.28465238303454304,0.27415828596414515
0.24285085789705235,0.20061592608886933,0.28156621205455346,0.27496700395952484
0.24770240700218818,0.20481400437636763,0.2792122538293217,0.26827133479212256
0.25285839929639403,0.20668425681618294,0.2748460861917326,0.26561125769569044
0.2495590828924162,0.2054673721340388,0.2777777777777778,0.2671957671957672
0.2566021126760563,0.20598591549295775,0.27684859154929575,0.2605633802816901
0.26017316017316017,0.20303030303030303,0.27705627705627706,0.2597402597402597
0.26237406920718354,0.20192728865527815,0.27726675427069647,0.25843188786684185
0.25786442179884805,0.20381036774479397,0.2769162605228179,0.2614089499335401
0.2600877192982456,0.20526315789473684,0.27456140350877195,0.2600877192982456
0.26458973233874505,0.20315928038613426,0.2795085563843791,0.25274243089074155
0.26598579040852577,0.20293072824156305,0.28463587921847244,0.2464476021314387
0.2640105078809107,0.20665499124343256,0.27845884413309985,0.2508756567425569
0.27252650176678445,0.2053886925795053,0.2756183745583039,0.24646643109540636
0.2728074041427942,0.20229175848391362,0.2719259585720582,0.25297487880123404
0.27701808557565066,0.2112924569916189,0.26334362593736216,0.24834583149536832
0.2735723771580345,0.20495794599380257,0.26914563966356797,0.25232403718459495
0.27440633245382584,0.20184696569920843,0.27132805628847845,0.25241864555848725
0.26834659593280286,0.19805481874447392,0.27895667550839964,0.2546419098143236
0.2728077945084145,0.19087688219663418,0.27767936226749335,0.25863596102745795
0.27240618101545255,0.19337748344370861,0.2710816777041943,0.2631346578366446
0.27276746242263483,0.1945181255526083,0.2661361626878868,0.26657824933687
0.2757255936675462,0.19700967458223395,0.2647317502198769,0.262532981530343
0.27005699254712845,0.19333625602805787,0.26961858833844804,0.26698816308636564
0.270979020979021,0.18924825174825174,0.2687937062937063,0.270979020979021
0.2664041994750656,0.19772528433945757,0.2659667541557305,0.2699037620297463
0.2699037620297463,0.19553805774278216,0.2642169728783902,0.27034120734908135
0.2636001769128704,0.189296771340115,0.27421494913754973,0.27288810260946483
0.26354895104895104,0.1853146853146853,0.27403846153846156,0.2770979020979021
0.2600441501103753,0.18763796909492272,0.28211920529801326,0.27019867549668874
0.25591586327782645,0.19149868536371603,0.28001752848378614,0.27256792287467135
0.2559055118110236,0.189413823272091,0.28346456692913385,0.27121609798775154
0.25735617039964864,0.18489240228370662,0.2815107597716293,0.27624066754501536
0.2613486117232261,0.18157778757161747,0.28118113706478626,0.27589246364037023
0.265962131219727,0.18361955085865259,0.277851166886834,0.27256715103478646
0.2632042253521127,0.18441901408450703,0.27596830985915494,0.2764084507042254
0.2696530522617479,0.18050065876152832,0.2709705753184014,0.27887571365832237
0.2662280701754386,0.181140350877193,0.2710526315789474,0.28157894736842104
0.265962131219727,0.18538088947600176,0.2646411272567151,0.28401585204755614
0.27384615384615385,0.1832967032967033,0.2610989010989011,0.28175824175824177
0.27628684557853056,0.18521777386713595,0.25604927408710954,0.28244610646722396
0.27244718309859156,0.18441901408450703,0.2566021126760563,0.28653169014084506
0.26882661996497376,0.18826619964973731,0.2565674255691769,0.28633975481611207
0.2636165577342048,0.18997821350762528,0.25359477124183005,0.2928104575163399
0.2663427561837456,0.18595406360424027,0.26104240282685515,0.286660777385159
0.2682819383259912,0.19251101321585903,0.2533039647577093,0.28590308370044054
0.2578947368421053,0.19912280701754387,0.2513157894736842,0.2916666666666667
0.2619047619047619,0.19576719576719576,0.2535273368606702,0.28880070546737213
0.263459841129744,0.19373345101500442,0.2559576345984113,0.2868490732568402
0.2645133129637713,0.19598428633784373,0.25185508511567,0.28764731558271495
0.26775474194971327,0.18923687692986327,0.25540361711513015,0.28760476400529333
0.2730102267674522,0.18808359270787017,0.2521120497999111,0.28679413072476656
0.2722859664607237,0.19020300088261252,0.24933804060017653,0.2881729920564872
0.27348551360842843,0.19095697980684812,0.2497805092186128,0.2857769973661106
0.2766990291262136,0.1884377758164166,0.24624889673433362,0.2886142983230362
0.2713656387665198,0.1894273127753304,0.24625550660792953,0.29295154185022027
0.27057793345008757,0.18914185639229422,0.24737302977232925,0.29290718038528896
0.26997366110623355,0.19183494293239683,0.25021949078138717,0.28797190517998245
0.2672790901137358,0.194663167104112,0.2462817147856518,0.29177602799650043
0.26983435047951176,0.19049694856146468,0.24934612031386225,0.2903225806451613
0.27252843394575677,0.18460192475940507,0.24496937882764655,0.2979002624671916
0.27613586237318044,0.18703131892368768,0.24084693427437143,0.2959858844287605
0.2767895878524946,0.182646420824295,0.23904555314533624,0.30151843817787416
0.2750653879686138,0.17959895379250218,0.24193548387096775,0.30340017436791633
0.273972602739726,0.18073353954927088,0.23729562527618206,0.30799823243482105
0.27622841965471445,0.17928286852589642,0.24302788844621515,0.301460823373174
0.27678181023174464,0.17883690424136423,0.2439877568867512,0.3003935286401399
0.27864467231386536,0.1792242532322782,0.24164065983058403,0.3004904146232724
0.2676678445229682,0.18374558303886926,0.23719081272084805,0.3113957597173145
0.2639437856829161,0.18269653052261747,0.23978919631093545,0.31357048748353095
0.2653862941946748,0.18245307725883894,0.23832387603666522,0.313836752509821
0.2673749446657813,0.17928286852589642,0.24214254094732182,0.31119964586100046
0.26601855943437913,0.1780821917808219,0.2465753424657534,0.3093239063190455
0.26763668430335097,0.1763668430335097,0.24118165784832452,0.3148148148148148
0.2736842105263158,0.17587719298245613,0.23859649122807017,0.3118421052631579
0.26648841354723707,0.1769162210338681,0.2357397504456328,0.32085561497326204
0.26501766784452296,0.1784452296819788,0.24072438162544169,0.31581272084805656
0.2611380679311866,0.17820908689898543,0.24966916629907365,0.3109836788707543
0.2602197802197802,0.18153846153846154,0.24879120879120878,0.30945054945054945
0.26052631578947366,0.175,0.25043859649122807,0.3140350877192982
0.2655217965653897,0.17040951122853368,0.2523117569352708,0.31175693527080584
0.2694663167104112,0.1710411198600175,0.24978127734033245,0.30971128608923887
0.273286467486819,0.17398945518453426,0.2469244288224956,0.30579964850615116
0.2722838137472284,0.16851441241685144,0.2541019955654102,0.30509977827051
0.2753940455341506,0.1733800350262697,0.2478108581436077,0.30341506129597196
0.2737210319195453,0.17446436379536512,0.25185832968954963,0.29995627459554003
0.27380952380952384,0.1763668430335097,0.24735449735449735,0.30246913580246915
0.2704126426690079,0.18129938542581212,0.24846356453028973,0.29982440737489024
0.26763031099430573,0.1835304424003504,0.2448532632501095,0.30398598335523436
0.27252843394575677,0.1762904636920385,0.24671916010498687,0.30446194225721784
0.2730480811645346,0.18217909131010146,0.2474636082928981,0.29730921923246584
0.27300613496932513,0.1827344434706398,0.24802804557405783,0.2962313759859772
0.26438296003513395,0.17830478700043917,0.25559947299077734,0.30171277997364954
0.2651813018785496,0.18261249453910006,0.25688073394495414,0.29532546963739625
0.26290463692038496,0.18722659667541558,0.2554680664916885,0.29440069991251094
0.26006191950464397,0.189296771340115,0.24988942945599293,0.3007518796992481
0.26799116997792494,0.1911699779249448,0.23885209713024283,0.3019867549668874
0.26992514310876264,0.1933069132540731,0.24350506384852488,0.29326287978863935
0.26436781609195403,0.1976127320954907,0.23740053050397877,0.3006189213085765
0.2628318584070796,0.1995575221238938,0.23672566371681417,0.3008849557522124
0.26468010517090274,0.19675723049956179,0.2361963190184049,0.3023663453111306
0.25852146967684814,0.1983178397521027,0.24391323594510844,0.29924745462594066
0.25121412803532006,0.2,0.24856512141280354,0.30022075055187636
0.24923480542195015,0.19720157411456055,0.24879755137735024,0.30476606908613907
0.25272331154684097,0.1925925925925926,0.24444444444444444,0.31023965141612203
0.24462954844366505,0.19903551074090312,0.2490135905304691,0.3073213502849627
0.24489795918367346,0.2005323868677906,0.243566992014197,0.31100266193433895
0.24460114587924195,0.20758043190832967,0.2357866901718819,0.3120317320405465
0.2479010163499779,0.2129916040653999,0.2337604949182501,0.30534688466637205
0.249890590809628,0.21137855579868708,0.23588621444201313,0.3028446389496718
0.2472695500218436,0.2166885102664919,0.23197903014416776,0.3040629095674967
0.2515364354697103,0.21641791044776118,0.23046532045654083,0.3015803336259877
0.2530381944444444,0.21614583333333334,0.2282986111111111,0.3025173611111111
0.2530701754385965,0.21403508771929824,0.22719298245614036,0.3057017543859649
0.25308098591549294,0.21390845070422534,0.22711267605633803,0.3058978873239437
0.251528384279476,0.21397379912663755,0.22882096069868996,0.3056768558951965
0.24956063268892795,0.21836555360281196,0.22759226713532513,0.30448154657293497
0.2534337616304829,0.21887461231723526,0.22286220646876384,0.30482941958351795
0.2562747688243065,0.2162043152796125,0.22369000440334655,0.3038309114927345
0.2641843971631206,0.2154255319148936,0.23049645390070922,0.2898936170212766
0.2619257950530035,0.21687279151943462,0.22438162544169613,0.2968197879858657
0.263459841129744,0.21800529567519858,0.22418358340688438,0.294351279788173
0.2604671661524901,0.2234464521815778,0.2234464521815778,0.29263992948435436
0.2581075077743225,0.2305641936916926,0.22079075966237227,0.2905375388716126
0.2546881814217183,0.2285215874400349,0.2228521587440035,0.29393807239424335
0.2456839309428951,0.2266489597166888,0.21956617972554227,0.30810092961487384
0.25142857142857145,0.2246153846153846,0.22197802197802197,0.301978021978022
0.25220848056537104,0.22968197879858657,0.21908127208480566,0.29902826855123676
0.25164980202375714,0.22921249450065992,0.22041355037395513,0.2987241531016278
0.24647887323943662,0.23327464788732394,0.2244718309859155,0.29577464788732394
0.2459659834278238,0.23157435673789795,0.22328826864369822,0.29917139119058
0.2479047198941332,0.23070136744596384,0.2258491398323776,0.29554477282752534
0.2540947321823816,0.2288623284639221,0.22576361221779548,0.2912793271359008
0.25485008818342153,0.22134038800705466,0.22178130511463845,0.3020282186948854
0.2569808027923211,0.21771378708551484,0.22469458987783594,0.3006108202443281
0.2529592284085927,0.2209557211749233,0.2240245506356861,0.3020604997807979
0.25684485006518903,0.21642764015645372,0.22120817036071275,0.3055193394176445
0.26513477684489617,0.2147591692443659,0.21741051701281486,0.3026955368979231
0.2561188811188811,0.2180944055944056,0.2229020979020979,0.30288461538461536
0.2540874944763588,0.22448077772867875,0.21829429960229785,0.3031374281926646
0.2534095908490981,0.22393312802463705,0.22173339199296085,0.300923889133304
0.2472308373947718,0.22995126273814798,0.2255206025697829,0.2972972972972973
0.2437636761487965,0.23063457330415754,0.22407002188183808,0.3015317286652079
0.24422735346358793,0.22735346358792186,0.22380106571936056,0.3046181172291297
0.24933920704845816,0.22555066079295155,0.22687224669603523,0.2982378854625551
0.24825783972125434,0.2304006968641115,0.22386759581881532,0.29747386759581884
0.2530541012216405,0.23036649214659685,0.2198952879581152,0.29668411867364747
0.24944518419884598,0.23568575233022637,0.21926320461606746,0.2956058588548602
0.2484608619173263,0.2339489885664028,0.21767810026385223,0.29991204925241866
0.2571680635200706,0.2329069254521394,0.21305690339655933,0.2968681076312307
0.25736911570611526,0.23757149142102948,0.20721513418389792,0.2978442586889573
0.2651813018785496,0.23372651813018785,0.20489296636085627,0.2961992136304063
0.26299826689774697,0.24263431542461006,0.20363951473136915,0.2907279029462738
0.2615182097411145,0.2387011847301448,0.20096533567354102,0.29881526985519963
0.249670908293111,0.2413339183852567,0.2071083808688021,0.3018867924528302
0.2546419098143236,0.23740053050397877,0.20822281167108753,0.29973474801061006
0.2516469038208169,0.24022837066315328,0.207290294246816,0.3008344312692139
0.25833333333333336,0.23464912280701755,0.21052631578947367,0.2964912280701754
0.2540445999125492,0.2431132487975514,0.21075644949715786,0.29208570179274157
0.2604120999561596,0.23936869793950022,0.20473476545374836,0.2954844366505918
0.258021978021978,0.23604395604395603,0.20659340659340658,0.29934065934065934
0.2657618213660245,0.23642732049036777,0.19921190893169877,0.29859894921190894
0.2659947414548642,0.2357581069237511,0.2042068361086766,0.29404031551270815
0.25657015590200444,0.2400890868596882,0.20801781737193764,0.2953229398663697
0.2581786030061892,0.24182139699381078,0.20557029177718833,0.29442970822281167
0.2511091393078971,0.24622892635314997,0.20186335403726707,0.3007985803016859
0.2539198606271777,0.23911149825783973,0.20470383275261325,0.30226480836236935
0.2517482517482518,0.24256993006993008,0.1993006993006993,0.3063811188811189
0.24989020641194554,0.23978919631093545,0.20421607378129117,0.30610452349582784
0.2537248028045574,0.23751095530236635,0.20639789658194566,0.3023663453111306
0.25407309555262,0.23866138265081463,0.2069572875385293,0.3003082342580361
0.24845542806707854,0.2444836716681377,0.2091791703442189,0.2978817299205649
0.2505623031938821,0.2384165542060279,0.21367521367521367,0.29734592892487627
0.2504393673110721,0.242091388400703,0.2117750439367311,0.29569420035149385
0.2502210433244916,0.23651635720601238,0.21441202475685234,0.2988505747126437
0.25296964364276286,0.23493180818301804,0.20765508139023317,0.3044434667839859
0.25176678445229683,0.2336572438162544,0.20980565371024734,0.3047703180212014
0.2526362038664323,0.24033391915641475,0.2100175746924429,0.29701230228471004
0.2531194295900178,0.23707664884135474,0.20944741532976827,0.3003565062388592
0.2507685551163812,0.23539745278875715,0.20509442248572685,0.30873956960913485
0.2503293807641634,0.23847167325428195,0.20509442248572685,0.30610452349582784
0.24767390341160833,0.2370403190075321,0.20735489587948605,0.3079308817013735
0.24339788732394366,0.2442781690140845,0.20202464788732394,0.3102992957746479
0.2477797513321492,0.23712255772646537,0.20293072824156305,0.31216696269982236
0.24479166666666666,0.234375,0.2092013888888889,0.3116319444444444
0.24650959860383945,0.231239092495637,0.21204188481675393,0.3102094240837696
0.24337455830388693,0.23542402826855124,0.21598939929328623,0.3052120141342756
0.24267968056787934,0.23735581188997337,0.21650399290150843,0.3034605146406389
0.2528334786399303,0.23931996512641673,0.21665213600697472,0.2911944202266783
0.25165562913907286,0.24326710816777042,0.21721854304635763,0.2878587196467991
0.2478031634446397,0.25,0.21353251318101935,0.28866432337434095
0.2465217391304348,0.2508695652173913,0.2182608695652174,0.2843478260869565
0.2517574692442882,0.24956063268892795,0.20826010544815465,0.29042179261862916
0.2532923617208077,0.2497805092186128,0.20500438981562774,0.2919227392449517
0.2466112811543507,0.25229558373414956,0.21119370354175776,0.289899431569742
0.24591611479028697,0.25342163355408387,0.21280353200883,0.2878587196467991
0.249889819303658,0.25341560158660204,0.21330982811811372,0.28338475099162624
0.25087260034904013,0.25087260034904013,0.21291448516579406,0.28534031413612565
0.2504432624113475,0.25132978723404253,0.2052304964539007,0.2929964539007092
0.2563876651982379,0.2475770925110132,0.20616740088105726,0.28986784140969163
0.2525032651284284,0.24640835872877667,0.2063561166739225,0.29473225946887244
0.2563540753724803,0.24408413672217352,0.20683610867659946,0.2927256792287467
0.25850043591979077,0.23714036617262424,0.2083696599825632,0.2959895379250218
0.2619991193306913,0.23425803610744167,0.2073976221928666,0.29634522236900046
0.27011494252873564,0.23474801061007958,0.20159151193633953,0.29354553492484525
0.2676056338028169,0.23459507042253522,0.20202464788732394,0.29577464788732394
0.26970227670753066,0.23423817863397547,0.19964973730297722,0.29640980735551664
0.268624014022787,0.2397020157756354,0.1971954425942156,0.294478527607362
0.27043747238179405,0.23552806009721608,0.19885108263367213,0.2951833848873177
0.2660228270412643,0.2392449517120281,0.20149253731343283,0.2932396839332748
0.26842105263157895,0.23464912280701755,0.20394736842105263,0.2929824561403509
0.27180616740088104,0.23392070484581498,0.19911894273127753,0.29515418502202645
0.2685388328214129,0.23650724001755155,0.20096533567354102,0.2939885914874945
0.2735723771580345,0.23948649845064188,0.2014165559982293,0.2855245683930943
0.2718791648156375,0.23322967569968903,0.20390937361172812,0.2909817858729454
0.27568042142230026,0.2344161545215101,0.20632133450395082,0.2835820895522388
0.27209098862642167,0.2440944881889764,0.20078740157480315,0.28302712160979876
0.27076923076923076,0.2413186813186813,0.20263736263736265,0.28527472527472525
0.28031634446397186,0.23769771528998243,0.19551845342706503,0.28646748681898065
0.28178998670801947,0.2352680549401861,0.1993797075764289,0.2835622507753655
0.28173374613003094,0.23308270676691728,0.20035382574082264,0.2848297213622291
0.2854625550660793,0.2330396475770925,0.2,0.28149779735682817
0.2915387987724682,0.22884699693117053,0.19640508548882069,0.28320911880754057
0.2955947136563877,0.22819383259911893,0.19691629955947137,0.27929515418502204
0.2887723896898209,0.2324159021406728,0.19790301441677588,0.2809086937527305
0.2941952506596306,0.22999120492524186,0.1961301671064204,0.2796833773087071
0.29168499780026397,0.22701275846898372,0.1992960844698636,0.2820061592608887
0.29411764705882354,0.2335249889429456,0.19327731092436976,0.27908005307386113
0.29623059866962304,0.23547671840354767,0.19068736141906872,0.2776053215077605
0.2941952506596306,0.23614775725593667,0.19085312225153914,0.27880386983289357
0.2848990342405619,0.237928007023705,0.19315188762071994,0.2840210711150132
0.2833478639930253,0.23583260680034873,0.19398430688753268,0.2868352223190933
0.2835689045936396,0.23719081272084805,0.19390459363957596,0.28533568904593637
0.28496503496503495,0.23732517482517482,0.19143356643356643,0.2862762237762238
0.29429960229783475,0.23155103844454264,0.18912947414935927,0.28501988510826337
0.2969090117544623,0.23247714410100132,0.1828471919895516,0.28776665215498476
0.2982456140350877,0.23859649122807017,0.17763157894736842,0.2855263157894737
0.29960750109027473,0.23942433493240298,0.1796772786742259,0.28129088530309637
0.29947460595446584,0.23423817863397547,0.18213660245183888,0.2841506129597198
0.2945326278659612,0.23941798941798942,0.18386243386243387,0.2821869488536155
0.2915015411712902,0.23690004403346543,0.18185821224130339,0.289740202553941
0.3030436700485223,0.2373180414644905,0.1773268636965152,0.282311424790472
0.30782839451570104,0.23087129588677577,0.18045112781954886,0.28084918177797435
0.31039076376554176,0.23046181172291297,0.1825044404973357,0.2766429840142096
0.3107394366197183,0.2249119718309859,0.18221830985915494,0.28213028169014087
0.30779392338177014,0.2311756935270806,0.17701453104359313,0.28401585204755614
0.31576655052264807,0.23388501742160278,0.171602787456446,0.2787456445993031
0.3145125716806352,0.2333480370533745,0.1733568592853992,0.2787825319805911
0.3164612676056338,0.22887323943661972,0.17825704225352113,0.2764084507042254
0.31574318381706246,0.23131046613896217,0.17326297273526825,0.2796833773087071
0.30550621669627,0.23357015985790408,0.17628774422735347,0.28463587921847244
0.3046153846153846,0.23648351648351648,0.17626373626373626,0.2826373626373626
0.3054318788958148,0.2435440783615316,0.17586821015138024,0.27515583259127335
0.30465320456540823,0.24187884108867427,0.17515364354697102,0.2783143107989464
0.3032859680284192,0.2464476021314387,0.17273534635879217,0.2775310834813499
0.30684811237928006,0.2462686567164179,0.17339771729587358,0.27348551360842843
0.29977827050997785,0.2434589800443459,0.17560975609756097,0.2811529933481153
0.2998236331569665,0.23897707231040563,0.17724867724867724,0.2839506172839506
0.30255057167985927,0.24274406332453827,0.17106420404573439,0.2836411609498681
0.298932384341637,0.24466192170818504,0.16948398576512455,0.28692170818505336
0.29871851524524967,0.24259832081307997,0.17719840919133892,0.2814847547503314
0.29334500875656744,0.24956217162872155,0.17907180385288968,0.27802101576182137
0.2994722955145119,0.24582233948988566,0.17941952506596306,0.2752858399296394
0.3006134969325153,0.24583698510078877,0.17484662576687116,0.2787028921998247
0.2960352422907489,0.2444933920704846,0.17180616740088106,0.28766519823788544
0.29569420035149385,0.2429701230228471,0.17486818980667837,0.28646748681898065
0.29070274989087735,0.24443474465298995,0.1724137931034483,0.29244871235268444
0.28970718722271516,0.2515527950310559,0.16858917480035493,0.290150842945874
0.2932098765432099,0.24382716049382716,0.17063492063492064,0.2923280423280423
0.2938847338319402,0.2402111746590409,0.1702595688517378,0.29564452265728114
0.2892199824715162,0.24452234881682736,0.1722173531989483,0.29404031551270815
0.28777923784494086,0.2439772229522558,0.1712658782303986,0.29697766097240474
0.2875498449268941,0.24368630926007975,0.17102348249889235,0.2977403633141338
0.2917220008853475,0.23992917220008853,0.17485613103142983,0.29349269588313415
0.2964757709251101,0.23348017621145375,0.17841409691629956,0.2916299559471366
0.2944812362030905,0.23532008830022075,0.1814569536423841,0.28874172185430463
0.3010048055919616,0.236347750109218,0.17562254259501967,0.2870249017038008
0.30296329057938964,0.23219814241486067,0.17470145953118088,0.2901371074745688
0.29427430093209056,0.24101198402130491,0.17132711939636042,0.2933865956502441
0.29484354341119434,0.24327897752313796,0.1740855002203614,0.28779197884530633
0.2941696113074205,0.24646643109540636,0.1771201413427562,0.28224381625441697
0.2912833990363557,0.24791940429259746,0.17082785808147175,0.28996933858957513
0.286660777385159,0.24646643109540636,0.1700530035335689,0.2968197879858657
0.29246544806063307,0.2429781542576906,0.16897012929112795,0.29558626839054836
0.2919418758256275,0.23910171730515192,0.16776750330250992,0.3011889035667107
0.2897851819377466,0.24243752740026303,0.1687856203419553,0.2989916703200351
0.29271523178807946,0.24503311258278146,0.1695364238410596,0.29271523178807946
