C,D,Oc,Od
1.0,0.0,0.0,0.0
1.0,0.0,0.0,0.0
1.0,0.0,0.0,0.0
0.6666666666666666,0.3333333333333333,0.0,0.0
1.0,0.0,0.0,0.0
0.6666666666666666,0.0,0.0,0.3333333333333333
0.75,0.0,0.0,0.25
0.6,0.0,0.0,0.4
0.6,0.0,0.0,0.4
0.5,0.0,0.0,0.5
0.42857142857142855,0.14285714285714285,0.0,0.42857142857142855
0.42857142857142855,0.2857142857142857,0.0,0.2857142857142857
0.2857142857142857,0.2857142857142857,0.0,0.42857142857142855
0.25,0.25,0.0,0.5
0.42857142857142855,0.2857142857142857,0.0,0.2857142857142857
0.42857142857142855,0.2857142857142857,0.0,0.2857142857142857
0.5,0.25,0.0,0.25
0.4444444444444444,0.2222222222222222,0.0,0.3333333333333333
0.5454545454545454,0.18181818181818182,0.0,0.2727272727272727
0.6428571428571429,0.14285714285714285,0.0,0.21428571428571427
0.7058823529411765,0.058823529411764705,0.0,0.23529411764705882
0.6956521739130435,0.043478260869565216,0.043478260869565216,0.21739130434782608
0.7333333333333333,0.03333333333333333,0.03333333333333333,0.2
0.7142857142857143,0.05714285714285714,0.02857142857142857,0.2
0.6956521739130435,0.043478260869565216,0.021739130434782608,0.2391304347826087
0.6896551724137931,0.05172413793103448,0.017241379310344827,0.2413793103448276
0.6901408450704225,0.04225352112676056,0.014084507042253521,0.2535211267605634
0.6941176470588235,0.023529411764705882,0.011764705882352941,0.27058823529411763
0.6601941747572816,0.009708737864077669,0.038834951456310676,0.2912621359223301
0.6641221374045801,0.015267175572519083,0.04580152671755725,0.2748091603053435
0.66,0.02666666666666667,0.04,0.2733333333333333
0.6574585635359116,0.027624309392265192,0.03314917127071823,0.281767955801105
0.7058823529411765,0.0196078431372549,0.029411764705882353,0.24509803921568626
0.6866952789699571,0.017167381974248927,0.030042918454935622,0.26609442060085836
0.7153846153846154,0.015384615384615385,0.03076923076923077,0.23846153846153847
0.7147766323024055,0.013745704467353952,0.027491408934707903,0.24398625429553264
0.72782874617737,0.01529051987767584,0.024464831804281346,0.2324159021406728
0.7131578947368421,0.015789473684210527,0.02368421052631579,0.24736842105263157
0.7076566125290024,0.02088167053364269,0.02088167053364269,0.2505800464037123
0.684322033898305,0.014830508474576272,0.023305084745762712,0.2775423728813559
0.6780952380952381,0.013333333333333334,0.02095238095238095,0.2876190476190476
0.6723842195540308,0.015437392795883362,0.022298456260720412,0.28987993138936535
0.6844512195121951,0.013719512195121951,0.018292682926829267,0.28353658536585363
0.6928471248246845,0.014025245441795231,0.019635343618513323,0.27349228611500703
0.7079081632653061,0.012755102040816327,0.02040816326530612,0.25892857142857145
0.700834326579261,0.014302741358760428,0.026221692491060787,0.2586412395709178
0.7091503267973857,0.016339869281045753,0.020697167755991286,0.25381263616557737
0.7069143446852425,0.014447884416924664,0.0196078431372549,0.2590299277605779
0.7059386973180076,0.014367816091954023,0.022030651340996167,0.25766283524904215
0.7099911582670203,0.013262599469496022,0.02564102564102564,0.251105216622458
0.7018425460636516,0.017587939698492462,0.03015075376884422,0.25041876046901174
0.7100078802206462,0.016548463356973995,0.027580772261623327,0.2458628841607565
0.7170658682634731,0.016467065868263474,0.02619760479041916,0.2402694610778443
0.7057142857142857,0.015,0.027857142857142858,0.25142857142857145
0.7127444369521241,0.014160485502360081,0.023600809170600135,0.2494942683749157
0.7158365261813537,0.014687100893997445,0.020434227330779056,0.24904214559386972
0.7224969097651421,0.014833127317676144,0.018541409147095178,0.24412855377008652
0.7270588235294118,0.014705882352941176,0.018235294117647058,0.24
0.7249857061177816,0.015437392795883362,0.017724413950829045,0.241852487135506
0.7232635060639471,0.017640573318632856,0.019294377067254686,0.2398015435501654
0.7267932489451476,0.016877637130801686,0.02109704641350211,0.23523206751054854
0.731006160164271,0.012833675564681724,0.02053388090349076,0.23562628336755648
0.7369477911646586,0.01355421686746988,0.019076305220883535,0.23042168674698796
0.7373249637856109,0.0159343312409464,0.017382906808305166,0.22935779816513763
0.7391304347826086,0.014177693761814745,0.020321361058601134,0.22637051039697542
0.7297169811320755,0.015566037735849057,0.02358490566037736,0.23113207547169812
0.7241539174779786,0.01808066759388039,0.023180343069077423,0.23458507185906352
0.7341361741547012,0.01713756368689208,0.021306160259379342,0.22742010189902734
0.73014440433213,0.018501805054151624,0.020306859205776174,0.23104693140794225
0.7280740414279419,0.021595416483032173,0.020273248126928163,0.23005729396209784
0.7260458839406208,0.022941970310391364,0.023391812865497075,0.2276203328834908
0.7252252252252253,0.021621621621621623,0.022972972972972974,0.2301801801801802
0.7204108977221975,0.020991514068780706,0.0241179097811523,0.2344796784278696
0.7235844850646456,0.020954079358002677,0.02541239411502452,0.23004904146232724
0.7236315086782377,0.022251891410769914,0.0258121940364931,0.22830440587449932
0.7248677248677249,0.02292768959435626,0.02513227513227513,0.22707231040564374
0.7190119100132334,0.022496691662990738,0.02337891486546096,0.23511248345831495
0.7212822796081924,0.02404274265360641,0.022707034728406055,0.2319679430097952
0.7149866190900981,0.025423728813559324,0.021855486173059768,0.23773416592328278
0.7131438721136767,0.027531083481349913,0.023090586145648313,0.23623445825932504
0.7066666666666667,0.030666666666666665,0.022222222222222223,0.24044444444444443
0.7098628925254312,0.030959752321981424,0.020787262273330383,0.23839009287925697
0.7121346324180691,0.03100088573959256,0.023029229406554472,0.23383525243578387
0.71131741821397,0.03094606542882405,0.02475685234305924,0.23297966401414677
0.7084070796460177,0.032300884955752215,0.02566371681415929,0.2336283185840708
0.707855251544572,0.030450132391879964,0.026919682259488084,0.23477493380406
0.7041314971123945,0.0346512661039538,0.02576632607729898,0.23545091070635274
0.7069042316258352,0.03296213808463252,0.025835189309576838,0.23429844097995545
0.7073386383731212,0.03404067197170645,0.027409372236958444,0.23121131741821396
0.7039532794249775,0.031446540880503145,0.02605570530098832,0.238544474393531
0.7061442564559216,0.02983081032947462,0.027604630454140695,0.23642030276046305
0.7016769638128861,0.03000882612533098,0.02824360105913504,0.24007060900264784
0.702212389380531,0.030530973451327433,0.029646017699115044,0.23761061946902653
0.6982565936522128,0.031291908806437195,0.031291908806437195,0.23915958873491283
0.6923758865248227,0.03235815602836879,0.03324468085106383,0.24202127659574468
0.692239467849224,0.03414634146341464,0.029711751662971176,0.24390243902439024
0.6934831460674157,0.028314606741573035,0.03056179775280899,0.24764044943820224
0.6925133689839572,0.027183600713012478,0.031194295900178252,0.24910873440285206
0.6925810750777432,0.028431808085295423,0.03198578409595735,0.247001332741004
0.6933689363595905,0.027592345349354695,0.030262572318647086,0.24877614597240766
0.6866338846669647,0.029950827000447027,0.033080017881090745,0.25033527045149756
0.687776793622675,0.030115146147032774,0.030558015943312665,0.25155004428697963
0.6763668430335097,0.03042328042328042,0.033950617283950615,0.25925925925925924
0.6755674232309746,0.03159768580329328,0.032932799287939477,0.2599020916777926
0.6748548459133542,0.02992407324698526,0.03528360875390799,0.2599374720857526
0.6781914893617021,0.026595744680851064,0.03679078014184397,0.25842198581560283
0.6728723404255319,0.027925531914893616,0.03590425531914894,0.2632978723404255
0.6763668430335097,0.026895943562610228,0.03571428571428571,0.26102292768959434
0.6768211920529801,0.027373068432671083,0.03664459161147903,0.25916114790286976
0.6739227010217681,0.029320302087960905,0.033762772101288314,0.26299422478898266
0.6704238052299368,0.031559963931469794,0.031109107303877368,0.26690712353471596
0.6814119749776586,0.03038427167113494,0.031724754244861486,0.256478999106345
0.6758928571428572,0.032589285714285716,0.033482142857142856,0.2580357142857143
0.6711895070104026,0.031659882406151064,0.03618272274988693,0.26096788783355945
0.6692100538599641,0.03052064631956912,0.035457809694793535,0.26481149012567323
0.6639857015192135,0.03127792672028597,0.03663985701519214,0.2680965147453083
0.6647347302719572,0.03120820329915292,0.036558181007579134,0.26749888542131073
0.6706827309236948,0.030789825970548863,0.03435966086568496,0.26416778224007137
0.6693156732891832,0.029580573951434878,0.033112582781456956,0.26799116997792494
0.6662222222222223,0.030666666666666665,0.03288888888888889,0.2702222222222222
0.6739034116083297,0.030571555161719097,0.03234381922906513,0.2631812140008861
0.6681574239713775,0.029516994633273702,0.03488372093023256,0.26744186046511625
0.6628010704727921,0.027653880463871544,0.03612845673505798,0.2734165923282783
0.6687527939204292,0.028162717925793473,0.035762181493071074,0.2673223066607063
0.6648912561029738,0.030181979582778518,0.03462050599201065,0.27030625832223704
0.6647191011235956,0.031011235955056178,0.03056179775280899,0.27370786516853934
0.6671159029649596,0.028751123090745734,0.02830188679245283,0.27583108715184185
0.6678523788350378,0.027567807914628723,0.029346376167185415,0.27523343708314807
0.656084656084656,0.026895943562610228,0.03042328042328042,0.2865961199294533
0.660667251975417,0.028094820017559263,0.03467954345917471,0.276558384547849
0.6563876651982379,0.027312775330396475,0.035682819383259914,0.2806167400881057
0.6665184526456203,0.024455313472654512,0.03379279679857715,0.27523343708314807
0.667260579064588,0.025389755011135856,0.03162583518930958,0.2757238307349666
0.6590807675145025,0.023650156180276664,0.035698348951361,0.2815707273538599
0.6534167038856632,0.0241179097811523,0.03573023671281822,0.2867351496203662
0.6493564136706613,0.024411895250776743,0.03817132711939636,0.28806036395916557
0.6550491510277033,0.025022341376228777,0.0388739946380697,0.2810545129579982
0.6549889135254989,0.025720620842572064,0.039467849223946784,0.2798226164079823
0.6532329495128433,0.023914968999114262,0.03808680248007086,0.28476527900797166
0.6563758389261745,0.025950782997762864,0.032662192393736016,0.28501118568232664
0.6588391670358883,0.0256978289765175,0.034116083296411165,0.281346920691183
0.6567230632235085,0.025378450578806767,0.03428317008014248,0.2836153161175423
0.653250773993808,0.02476780185758514,0.03272888102609465,0.28925254312251214
0.657258064516129,0.025985663082437275,0.03270609318996416,0.2840501792114695
0.653250773993808,0.02476780185758514,0.03449800973020787,0.2874834144183989
0.6611973392461198,0.02261640798226164,0.032815964523281595,0.28337028824833704
0.6638278798744958,0.021963245181532944,0.033168982519049754,0.28103989242492156
0.6619090098126673,0.02007136485280999,0.030776092774308653,0.2872435325602141
0.6626719928983578,0.022636484687083888,0.029738126941855306,0.28495339547270304
0.6643015521064302,0.02350332594235033,0.03015521064301552,0.282039911308204
0.6672613737734165,0.022747546833184657,0.028991971454058876,0.28099910793933985
0.6641592920353983,0.023451327433628318,0.026991150442477876,0.2853982300884956
0.6622340425531915,0.025709219858156027,0.022606382978723406,0.2894503546099291
0.6588391670358883,0.026140894993354008,0.023482498892334957,0.29153743907842267
0.6465324384787472,0.029082774049217,0.026845637583892617,0.2975391498881432
0.6491071428571429,0.029910714285714287,0.026339285714285714,0.29464285714285715
0.6460296096904441,0.03140421713772992,0.02512337371018394,0.297442799461642
0.6454746136865342,0.031346578366445915,0.025165562913907286,0.2980132450331126
0.6402654867256637,0.030973451327433628,0.02654867256637168,0.30221238938053097
0.6463576158940397,0.031788079470198675,0.027373068432671083,0.2944812362030905
0.6505918456817186,0.031126698816308637,0.025427444103463395,0.2928540113985094
0.6409232134931203,0.029738126941855306,0.027075011096316024,0.3022636484687084
0.6447427293064877,0.02953020134228188,0.02774049217002237,0.2979865771812081
0.6466431095406361,0.027385159010600707,0.027385159010600707,0.29858657243816256
0.6380994671403197,0.03063943161634103,0.02975133214920071,0.30150976909413857
0.6375661375661376,0.029982363315696647,0.0291005291005291,0.30335097001763667
0.6351531291611185,0.027518863737239236,0.03062583222370173,0.30670217487794055
0.6366858661940629,0.0256978289765175,0.028799291094373063,0.3088170137350465
0.6356007067137809,0.023409893992932862,0.030035335689045935,0.31095406360424027
0.6360017691287041,0.025210084033613446,0.03007518796992481,0.3087129588677576
0.6292834890965732,0.025367156208277702,0.029817534490431688,0.31553182020471743
0.6285840317600353,0.027348919276576972,0.029554477282752536,0.3145125716806352
0.6316954404603807,0.027003098716246128,0.027445772465692783,0.3138556883576804
0.635752688172043,0.0246415770609319,0.02956989247311828,0.3100358422939068
0.6368539325842697,0.025617977528089888,0.029213483146067417,0.308314606741573
0.6370535714285714,0.024107142857142858,0.028125,0.3107142857142857
0.6369285397248113,0.023524189968930315,0.029738126941855306,0.309809143364403
0.6413577489950871,0.022778025904421618,0.030817329164805715,0.30504689593568557
0.6318342151675485,0.02292768959435626,0.03262786596119929,0.31261022927689597
0.6305024455313473,0.024899955535793685,0.03379279679857715,0.3108048021342819
0.6260017809439002,0.024933214603739984,0.03428317008014248,0.3147818343722173
0.6281474820143885,0.02473021582733813,0.03732014388489208,0.3098021582733813
0.6171529619805481,0.022988505747126436,0.03669319186560566,0.32316534040671974
0.6218971631205674,0.024379432624113476,0.03856382978723404,0.3151595744680851
0.6198310360160071,0.02401067140951534,0.041796353935082256,0.31436193863939527
0.6174765938475256,0.02541239411502452,0.04235399019170753,0.31475702184574234
0.6195361284567351,0.02631578947368421,0.04014272970561998,0.31400535236396077
0.6165178571428571,0.024107142857142858,0.038392857142857145,0.3209821428571429
0.6187527642636002,0.023883237505528527,0.03494029190623618,0.32242370632463513
0.6159323542501113,0.0262572318647085,0.03204272363150868,0.3257676902536716
0.6146017699115044,0.02743362831858407,0.030530973451327433,0.3274336283185841
0.6136162687886826,0.02961980548187445,0.03050397877984085,0.32625994694960214
0.6114058355437666,0.02961980548187445,0.028735632183908046,0.3302387267904509
0.6218861209964412,0.02891459074733096,0.02802491103202847,0.3211743772241993
0.6108617594254937,0.025583482944344704,0.02917414721723519,0.3343806104129264
0.6142222222222222,0.025333333333333333,0.029333333333333333,0.33111111111111113
0.6126604692341744,0.02434705621956618,0.029659141212926073,0.3333333333333333
0.6084418500224518,0.025145936237090254,0.03188145487202514,0.33453075886843286
0.6042590949423248,0.025732031943212066,0.03460514640638864,0.33540372670807456
0.6037567084078712,0.025491949910554562,0.03398926654740608,0.33676207513416817
0.6058981233243967,0.02770330652368186,0.03351206434316354,0.33288650580875784
0.6038669064748201,0.026528776978417268,0.03237410071942446,0.33723021582733814
0.6028431808085295,0.027099067081297203,0.03243003109729009,0.3376277210128832
0.60625,0.026339285714285714,0.033035714285714286,0.334375
0.6040925266903915,0.030249110320284697,0.033807829181494664,0.3318505338078292
0.601330376940133,0.030598669623059866,0.03503325942350333,0.33303769401330374
0.6011535048802129,0.0323868677905945,0.035048802129547474,0.3314108251996451
0.6041759218125278,0.03243003109729009,0.03198578409595735,0.33140826299422477
0.6068262411347518,0.034574468085106384,0.03280141843971631,0.3257978723404255
0.6095280498664292,0.030721282279608193,0.03250222617987533,0.3272484416740873
0.6087931807985644,0.0300583221175415,0.0354419021982952,0.32570659488559894
0.605121293800539,0.03009883198562444,0.035489667565139264,0.32929020664869724
0.6080357142857142,0.032589285714285716,0.033035714285714286,0.3263392857142857
0.6086956521739131,0.03003137606454505,0.030927835051546393,0.3303451367099955
0.6104651162790697,0.026833631484794274,0.02728085867620751,0.3354203935599284
0.6187919463087248,0.024608501118568233,0.02505592841163311,0.3315436241610738
0.6208742194469223,0.0231935771632471,0.025423728813559324,0.3305084745762712
0.6188140882746321,0.024074899687917966,0.02541239411502452,0.33169861792242533
0.6158292574477545,0.023121387283236993,0.02712316585148955,0.3339261894175189
0.6178428761651131,0.024411895250776743,0.02574345317354638,0.3320017754105637
0.6243923994697305,0.02342023862129916,0.026513477684489615,0.3256738842244808
0.6228265715559519,0.023629068212215783,0.02808738296923763,0.32545697726259476
0.62129916040654,0.022536456031816175,0.028722934158197082,0.32744144940344677
0.6173221387538665,0.02342023862129916,0.029606716747680072,0.32965090587715423
0.6095921111609144,0.024652622142536978,0.03047960555804572,0.33527566113850293
0.6081141328577797,0.0231832367365136,0.030762371823450735,0.3379402585822559
0.6079894644424935,0.024143985952589993,0.03204565408252853,0.3358208955223881
0.6139804096170971,0.024933214603739984,0.02983081032947462,0.3312555654496883
0.6175298804780877,0.02611775121735281,0.029659141212926073,0.32669322709163345
0.6124721603563474,0.029398663697104678,0.029844097995545656,0.3282850779510022
0.614495331258337,0.028012449977767896,0.027567807914628723,0.3299244108492663
0.6147722246793454,0.028748341441839895,0.029632905793896505,0.32684652808491815
0.6140350877192983,0.029689608636977057,0.032388663967611336,0.32388663967611336
0.6130899376669635,0.027604630454140695,0.03250222617987533,0.3268032056990205
0.6096471639124609,0.027690933452434122,0.030817329164805715,0.3318445734702992
0.6108156028368794,0.028368794326241134,0.031914893617021274,0.32890070921985815
0.61074416556583,0.028621752531924262,0.03038309114927345,0.33025099075297226
0.615350683722982,0.029554477282752536,0.030877812086457873,0.3242170269078077
0.6107916850950906,0.03184431667403804,0.033171163202122954,0.32419283502874835
0.612628750559785,0.03045230631437528,0.032243618450515,0.3246753246753247
0.6104363472784525,0.03148897885739991,0.03283850652271705,0.3252361673414305
0.6144631765749778,0.027950310559006212,0.031055900621118012,0.32653061224489793
0.616785079928952,0.02708703374777975,0.02797513321492007,0.3281527531083481
0.6309470875944865,0.024899955535793685,0.02845709204090707,0.3156958648288128
0.6308724832214765,0.025503355704697986,0.02953020134228188,0.31409395973154364
0.623989218328841,0.024707996406109614,0.03189577717879605,0.3194070080862534
0.6197057512260365,0.028533214444939812,0.028979045920642,0.3227819884083816
0.619661921708185,0.03069395017793594,0.02891459074733096,0.320729537366548
0.6222515391380826,0.029023746701846966,0.02990325417766051,0.31882145998240985
0.6184738955823293,0.029451137884872823,0.030789825970548863,0.321285140562249
0.6222320637732507,0.02967227635075288,0.030115146147032774,0.3179805137289637
0.6222521310004486,0.029609690444145357,0.031852848811126065,0.3162853297442799
0.6293986636971047,0.028507795100222718,0.031180400890868598,0.310913140311804
0.6366874443455031,0.024487978628673197,0.030721282279608193,0.3081032947462155
0.6309683177153057,0.023650156180276664,0.0321285140562249,0.3132530120481928
0.6268522676246071,0.02469690166142793,0.0327795240233498,0.31567130669061516
0.6216337522441652,0.025583482944344704,0.032764811490125674,0.32001795332136446
0.6320712694877506,0.025389755011135856,0.03162583518930958,0.310913140311804
0.630057803468208,0.022232103156958647,0.030680302356602934,0.3170297910182303
0.6327354260089686,0.023318385650224215,0.03094170403587444,0.3130044843049327
0.6363234644277508,0.02342023862129916,0.029164825452938577,0.3110914714980115
0.6347173144876325,0.02429328621908127,0.03224381625441696,0.30874558303886923
0.6398040961709706,0.022707034728406055,0.028495102404274265,0.3089937666963491
0.6361209964412812,0.026245551601423486,0.027135231316725978,0.3104982206405694
0.6257833482542524,0.02775290957923008,0.025962399283795883,0.3205013428827216
0.6311992786293958,0.02660054102795311,0.02254283137962128,0.3196573489630298
0.639801891040072,0.030166591625393965,0.023863124718595228,0.30616839261593876
0.6315074694431869,0.029425079221367133,0.022634676324128564,0.31643277501131734
0.6357142857142857,0.026785714285714284,0.022321428571428572,0.3151785714285714
0.632333184057322,0.025078369905956112,0.025526197939991044,0.31706224809673084
0.6234347048300537,0.026386404293381037,0.025491949910554562,0.32468694096601075
0.6330645161290323,0.023745519713261647,0.024193548387096774,0.31899641577060933
0.632471008028546,0.024531668153434435,0.022747546833184657,0.320249776984835
0.62751228226887,0.026797677534613668,0.021438142027690933,0.3242518981688254
0.6251113089937667,0.025378450578806767,0.021816562778272486,0.327693677649154
0.625,0.026339285714285714,0.022767857142857142,0.32589285714285715
0.6257309941520468,0.026090868196131354,0.025191183085919926,0.32298695456590193
0.6269196025293586,0.025293586269196026,0.024841915085817526,0.3229448961156278
0.6224899598393574,0.028112449799196786,0.024542614904060688,0.3248549754573851
0.6309314586994728,0.025483304042179262,0.02592267135325132,0.31766256590509667
0.6297454220634212,0.023224653863331845,0.027244305493523895,0.3197856185797231
0.6330234617087207,0.023019034971226208,0.02877379371403276,0.3151837096060204
0.6277827248441674,0.025378450578806767,0.02894033837934105,0.3178984861976848
0.6233995584988963,0.026931567328918323,0.030463576158940398,0.31920529801324504
0.6299911268855368,0.027950310559006212,0.026175687666370896,0.31588287488908606
0.6236030397854269,0.02682163611980331,0.029056772463120252,0.32051855163164955
0.6295636687444346,0.02626892252894034,0.02715939447907391,0.3170080142475512
0.6353566681435534,0.0256978289765175,0.027913159060700046,0.31103234381922906
0.6358744394618834,0.02466367713004484,0.03094170403587444,0.30852017937219733
0.6358768406961178,0.023650156180276664,0.0285586791610888,0.3119143239625167
0.6438848920863309,0.023381294964028777,0.02877697841726619,0.3039568345323741
0.6380613606047132,0.025344597598932858,0.029346376167185415,0.3072476656291685
0.6317180616740088,0.026872246696035242,0.029955947136563875,0.3114537444933921
0.6267138434321097,0.025210084033613446,0.030959752321981424,0.31711632021229547
0.6301671064204045,0.025065963060686015,0.027264731750219876,0.3175021987686895
0.6250555308751666,0.027099067081297203,0.028876055086628164,0.31896934695690804
0.6316944688323091,0.027216856892010536,0.029411764705882353,0.31167690956979804
0.6216696269982238,0.028419182948490232,0.03019538188277087,0.3197158081705151
0.6236654804270463,0.028469750889679714,0.032473309608540925,0.3153914590747331
0.6208594449418084,0.02864816472694718,0.03222918531781558,0.3182632050134288
0.6253897550111358,0.026726057906458798,0.032071269487750555,0.3158129175946548
0.6266190263510496,0.027244305493523895,0.029477445288075034,0.3166592228673515
0.6234347048300537,0.03041144901610018,0.026386404293381037,0.31976744186046513
0.6199013895114298,0.029134917077543704,0.02689376961004034,0.3240699238009861
0.618921308576481,0.028735632183908046,0.027851458885941646,0.3244916003536693
0.6171735241502684,0.03041144901610018,0.026386404293381037,0.32602862254025045
0.6224988883948421,0.03156958648288128,0.02401067140951534,0.32192085371276125
0.6244988864142539,0.029844097995545656,0.022271714922048998,0.32338530066815147
0.622054246331703,0.029791018230324588,0.024455313472654512,0.3236994219653179
0.6267482517482518,0.03146853146853147,0.024912587412587412,0.3168706293706294
0.6176991150442478,0.030973451327433628,0.026991150442477876,0.32433628318584073
0.6104066462614779,0.031482291211193704,0.026672496720594664,0.3314385658067337
0.6103202846975089,0.037366548042704624,0.023131672597864767,0.3291814946619217
0.6068414038205242,0.03598400710795202,0.02576632607729898,0.33140826299422477
0.6102308736985061,0.03757356269805342,0.027161611588954276,0.3250339520144862
0.6063063063063063,0.03423423423423423,0.026576576576576576,0.33288288288288287
0.6039515042658284,0.03637180062864841,0.029636281993713515,0.3300404131118096
0.6074766355140186,0.040943480195816645,0.027147307521139297,0.32443257676902537
0.5997328584149599,0.0427426536064114,0.02626892252894034,0.3312555654496883
0.6035955056179775,0.04044943820224719,0.02606741573033708,0.3298876404494382
0.60786065207682,0.0401965163019205,0.025457793657882984,0.3264850379633765
0.6172120125504258,0.03496190049305244,0.024204392649036306,0.32362169430748544
0.6118538324420677,0.0338680926916221,0.02540106951871658,0.32887700534759357
0.6124168514412417,0.03370288248337029,0.027494456762749447,0.3263858093126386
0.6071269487750557,0.032071269487750555,0.027616926503340758,0.333184855233853
0.6118012422360248,0.03149955634427684,0.026175687666370896,0.3305235137533274
0.6134453781512605,0.030959752321981424,0.02697921273772667,0.32861565678903143
0.6076683013820776,0.029870708872046365,0.026749888542131076,0.335711101203745
0.6143733567046451,0.029798422436459245,0.02848378615249781,0.3273444347063979
0.6152815013404825,0.029490616621983913,0.02770330652368186,0.32752457551385167
0.6080781180648025,0.029738126941855306,0.027518863737239236,0.334664891256103
0.6112107623318386,0.03183856502242152,0.028251121076233184,0.32869955156950675
0.6012351124834583,0.031760035288928096,0.02999558888398765,0.33700926334362596
0.5988372093023255,0.03354203935599284,0.03130590339892665,0.3363148479427549
0.5939447907390917,0.031166518254674976,0.03250222617987533,0.342386464826358
0.5864828812805691,0.031124944419742107,0.0329035126722988,0.34948866162738995
0.5917820455560518,0.03260384100044663,0.03171058508262617,0.3439035283608754
0.5871681415929203,0.029646017699115044,0.033185840707964605,0.35
0.5841802916482546,0.028722934158197082,0.034909412284577994,0.3521873619089704
0.5821428571428572,0.03080357142857143,0.033482142857142856,0.3535714285714286
0.5829213483146067,0.03056179775280899,0.03460674157303371,0.35191011235955055
0.5882614495331259,0.03023566029346376,0.03156958648288128,0.3499333036905291
0.5835567470956211,0.02993744414655943,0.03306523681858802,0.35344057193923145
0.5838926174496645,0.029082774049217,0.03131991051454139,0.35570469798657717
0.5860215053763441,0.0264336917562724,0.03136200716845878,0.35618279569892475
0.5811051693404634,0.027183600713012478,0.03297682709447415,0.35873440285204994
0.5818425760286225,0.02728085867620751,0.03264758497316637,0.35822898032200357
0.572508896797153,0.026690391459074734,0.033807829181494664,0.3669928825622776
0.5821428571428572,0.027678571428571427,0.033035714285714286,0.35714285714285715
0.5879732739420935,0.028062360801781736,0.030734966592427616,0.3532293986636971
0.5836662228140257,0.029738126941855306,0.03462050599201065,0.3519751442521083
0.5912117177097204,0.02796271637816245,0.032845095428317796,0.3479804704837994
0.5876565295169947,0.028622540250447227,0.030858676207513418,0.35286225402504473
0.5845259391771019,0.029516994633273702,0.029069767441860465,0.35688729874776387
0.5890652557319224,0.029982363315696647,0.0291005291005291,0.35185185185185186
0.5961199294532628,0.028659611992945325,0.027336860670194002,0.3478835978835979
0.5920177383592018,0.030598669623059866,0.028824833702882482,0.3485587583148559
0.5855085508550855,0.0315031503150315,0.0288028802880288,0.3541854185418542
0.5814997754827121,0.03143242029636282,0.02918724741805119,0.35788055680287384
0.575811471765229,0.030680302356602934,0.029346376167185415,0.36416184971098264
0.5834080717488789,0.026905829596412557,0.02914798206278027,0.36053811659192825
0.5737999102736653,0.02736653207716465,0.03050695379093764,0.3683266038582324
0.5750784401613627,0.02689376961004034,0.027790228597041687,0.37023756163155536
0.5768543342269884,0.028150134048257374,0.02680965147453083,0.3681858802502234
0.5758513931888545,0.029632905793896505,0.026094648385670056,0.3684210526315789
0.5763087843833186,0.027950310559006212,0.026175687666370896,0.3695652173913043
0.5740905057675244,0.024401064773735583,0.026175687666370896,0.37533274179236914
0.5707360070515646,0.023358307624504186,0.02908770383428823,0.376817981489643
0.5748898678414097,0.022026431718061675,0.029955947136563875,0.37312775330396475
0.5726950354609929,0.02127659574468085,0.03235815602836879,0.37367021276595747
0.5666368515205724,0.022361359570661897,0.03130590339892665,0.379695885509839
0.5687583444592791,0.022696929238985315,0.03159768580329328,0.37694704049844235
0.5791350869371378,0.02139991083370486,0.028533214444939812,0.3709317877842176
0.5711081202332885,0.02063705697622252,0.03050695379093764,0.3777478689995514
0.566427289048474,0.02154398563734291,0.02917414721723519,0.38285457809694795
0.5592691622103387,0.020053475935828877,0.027629233511586453,0.393048128342246
0.5613333333333334,0.019555555555555555,0.028444444444444446,0.39066666666666666
0.5621956617972554,0.019477644975652943,0.02611775121735281,0.3922089420097388
0.5592691622103387,0.022281639928698752,0.024955436720142603,0.39349376114081996
0.5624438454627134,0.0220125786163522,0.026504941599281222,0.3890386343216532
0.5586023883237505,0.02344095532950022,0.02476780185758514,0.3931888544891641
0.5513392857142857,0.023660714285714285,0.024553571428571428,0.4004464285714286
0.5515855292541313,0.023671281822242072,0.02188476998660116,0.40285841893702545
0.5471111111111111,0.02311111111111111,0.024444444444444446,0.4053333333333333
0.5410347903657449,0.023639607493309546,0.02631578947368421,0.4090098126672614
0.5352862849533955,0.024411895250776743,0.026187305814469597,0.4141145139813582
0.535204991087344,0.025846702317290554,0.02807486631016043,0.410873440285205
0.5385300668151448,0.024053452115812918,0.025835189309576838,0.4115812917594655
0.5406847487772344,0.023121387283236993,0.027567807914628723,0.40862605602489993
0.5423351158645277,0.023172905525846704,0.028966131907308377,0.4055258467023173
0.5459363957597173,0.02429328621908127,0.029151943462897525,0.4006183745583039
0.5325602140945584,0.024531668153434435,0.028991971454058876,0.41391614629794826
0.5367713004484305,0.028251121076233184,0.027354260089686097,0.40762331838565025
0.5407572383073497,0.027171492204899776,0.026726057906458798,0.4053452115812918
0.5366398570151921,0.027256478999106343,0.024575513851653262,0.41152815013404825
0.5349977708426215,0.028533214444939812,0.024966562639322336,0.41150245207311636
0.5366829702089818,0.02845709204090707,0.024899955535793685,0.40995998221431745
0.5329744279946165,0.029609690444145357,0.02602063705697622,0.411395244504262
0.5383244206773619,0.030303030303030304,0.023172905525846704,0.40819964349376114
0.5264797507788161,0.029372496662216287,0.0258121940364931,0.4183355585224744
0.5310251798561151,0.03102517985611511,0.025179856115107913,0.41276978417266186
0.5295698924731183,0.03225806451612903,0.026881720430107527,0.4112903225806452
0.52690084481992,0.0329035126722988,0.028901734104046242,0.411293908403735
0.5269968763944668,0.03168228469433289,0.027219991075412762,0.4141008478357876
0.5245755138516532,0.032171581769437,0.03038427167113494,0.4128686327077748
0.522566371681416,0.03185840707964602,0.027876106194690265,0.4176991150442478
0.5304850912327548,0.030262572318647086,0.027147307521139297,0.4121050289274588
0.5270390070921985,0.030585106382978722,0.027039007092198582,0.4153368794326241
0.531332744924978,0.03353927625772286,0.02118270079435128,0.41394527802294795
0.5251766784452296,0.03268551236749117,0.02120141342756184,0.4209363957597173
0.5208053691275167,0.0348993288590604,0.021476510067114093,0.4228187919463087
0.5231522707034728,0.034728406055209264,0.020035618878005344,0.42208370436331255
0.5258928571428572,0.033928571428571426,0.021875,0.41830357142857144
0.5230219043361645,0.03173893607510058,0.02101028162717926,0.4242288779615557
0.5191964285714286,0.029910714285714287,0.02142857142857143,0.4294642857142857
0.5202821869488536,0.029982363315696647,0.02204585537918871,0.427689594356261
0.5096196868008949,0.029977628635346757,0.023266219239373602,0.43713646532438477
0.5125,0.03080357142857143,0.023660714285714285,0.4330357142857143
0.5081967213114754,0.02968542312804608,0.023482498892334957,0.4386353566681436
0.5101410934744268,0.028659611992945325,0.02292768959435626,0.4382716049382716
0.5122167925366504,0.027543314082629944,0.023989338071968014,0.4362505553087517
0.5135495335406486,0.027099067081297203,0.019991115059973346,0.43936028431808083
0.5108647450110865,0.028381374722838137,0.01951219512195122,0.44124168514412415
0.5137900355871886,0.028469750889679714,0.02001779359430605,0.4377224199288256
0.5144991212653779,0.028558875219683654,0.01977152899824253,0.43717047451669594
0.5122385402759234,0.028037383177570093,0.020026702269692925,0.43969737427681355
0.5102040816326531,0.027950310559006212,0.02129547471162378,0.4405501330967169
0.5075221238938054,0.027876106194690265,0.023008849557522124,0.4415929203539823
0.5064761054041983,0.028584189370254576,0.02456453774006253,0.4403751674854846
0.5148295706064631,0.0283311199645861,0.02434705621956618,0.43249225320938467
0.5151111111111111,0.028444444444444446,0.025777777777777778,0.43066666666666664
0.5099601593625498,0.02877379371403276,0.021691013722886232,0.4395750332005312
0.5116696588868941,0.02917414721723519,0.02333931777378815,0.4358168761220826
0.5139318885448917,0.029632905793896505,0.02344095532950022,0.4329942503317116
0.5111308993766697,0.02983081032947462,0.024487978628673197,0.43455031166518254
0.5135615829257448,0.031124944419742107,0.02401067140951534,0.43130280124499776
0.5040106951871658,0.030303030303030304,0.022727272727272728,0.44295900178253117
0.5011076650420913,0.03234381922906513,0.021267168808152416,0.44528134692069116
0.49843819723337796,0.03168228469433289,0.020526550647032574,0.4493529674252566
0.49106344950848974,0.032171581769437,0.01876675603217158,0.4579982126899017
0.48798932384341637,0.03158362989323844,0.01912811387900356,0.46129893238434166
0.48348745046235136,0.03346543372963452,0.02157639806252752,0.4614707177454866
0.48143236074270557,0.034924845269672856,0.023872679045092837,0.45977011494252873
0.49377224199288255,0.03158362989323844,0.02224199288256228,0.4524021352313167
0.4931324767390341,0.02924235711120957,0.022153300841825433,0.4554718653079309
0.48820649755229195,0.03204272363150868,0.02358700489541611,0.4561637739207833
0.49001331557922767,0.03062583222370173,0.02174877940523746,0.45761207279183314
0.4935755427558706,0.027913159060700046,0.023482498892334957,0.45502879929109435
0.4942067736185383,0.028966131907308377,0.02540106951871658,0.4514260249554367
0.49466192170818507,0.03113879003558719,0.02402135231316726,0.4501779359430605
0.488701816570669,0.030571555161719097,0.027913159060700046,0.45281346920691184
0.4821034025629695,0.029606716747680072,0.02695536897923111,0.4613345117101193
0.48300220750551875,0.030022075055187638,0.027373068432671083,0.4596026490066225
0.4840566873339238,0.02745792736935341,0.025243578387953942,0.4632418069087688
0.4825914499779639,0.027324812692816218,0.022917584839136182,0.46716615249008375
0.48575305291723203,0.029850746268656716,0.023066485753052916,0.46132971506105835
0.48982300884955754,0.028761061946902654,0.02256637168141593,0.4588495575221239
0.4881854658938921,0.03031654034774855,0.020954079358002677,0.4605439144003567
0.48092280390417036,0.0323868677905945,0.022626441881100266,0.4640638864241349
0.4873051224944321,0.030289532293986638,0.023162583518930958,0.4592427616926503
0.4905405405405405,0.03063063063063063,0.02252252252252252,0.4563063063063063
0.48092280390417036,0.02883762200532387,0.023957409050576754,0.46628216503992903
0.47123893805309736,0.031415929203539826,0.023893805309734513,0.47345132743362833
0.47140303842716713,0.03127792672028597,0.024128686327077747,0.47319034852546915
0.47027268663388466,0.029503799731783638,0.025033527045149755,0.47518998658918193
0.4720744680851064,0.028368794326241134,0.024822695035460994,0.4747340425531915
0.4621923937360179,0.02774049217002237,0.026398210290827742,0.483668903803132
0.46672621706118805,0.025457793657882984,0.027690933452434122,0.48012505582849485
0.471115091804747,0.02418271383788625,0.027765338110165697,0.47693685624720106
0.46910856134157103,0.0264783759929391,0.03000882612533098,0.4744042365401589
0.46492007104795735,0.026198934280639432,0.03019538188277087,0.4786856127886323
0.46967684816290395,0.02656042496679947,0.029659141212926073,0.47410358565737054
0.4658385093167702,0.022626441881100266,0.03149955634427684,0.4800354924578527
0.4639821029082774,0.024608501118568233,0.03445190156599553,0.47695749440715884
0.45556552962298025,0.02423698384201077,0.03500897666068223,0.48518850987432677
0.45814581458145814,0.023402340234023402,0.032403240324032405,0.48604860486048607
0.4508670520231214,0.024455313472654512,0.03423743886171632,0.4904401956425078
0.45422063421170167,0.023224653863331845,0.03439035283608754,0.48816435908887895
0.45977011494252873,0.023430592396109638,0.034924845269672856,0.4818744473916888
0.4623608017817372,0.02182628062360802,0.032071269487750555,0.48374164810690423
0.46106194690265484,0.022123893805309734,0.03274336283185841,0.484070796460177
0.4596162427487729,0.02320392681838465,0.029451137884872823,0.48772869254796963
0.4654480606330807,0.022737405260811413,0.028533214444939812,0.48328131966116805
0.46307829181494664,0.022686832740213523,0.029804270462633453,0.4844306049822064
0.46765498652291104,0.0220125786163522,0.030548068283917342,0.4797843665768194
0.4666370106761566,0.021352313167259787,0.029804270462633453,0.4822064056939502
0.47074468085106386,0.022606382978723406,0.02969858156028369,0.4769503546099291
0.47939743021710235,0.021267168808152416,0.02924235711120957,0.4700930438635357
0.4680661009379187,0.022778025904421618,0.030370701205895488,0.4787851719517642
0.46913023884632715,0.021631365479945923,0.02929247408742677,0.4799459215863001
0.4615726343847179,0.02087960906263883,0.029320302087960905,0.48822745446468235
0.46044444444444443,0.020888888888888887,0.028,0.49066666666666664
0.457306338028169,0.02464788732394366,0.029049295774647887,0.48899647887323944
0.45064187693669766,0.025232403718459494,0.03187250996015936,0.4922532093846835
0.43897026187305815,0.026187305814469597,0.03506435863293387,0.4997780736795384
0.4442959001782531,0.026292335115864526,0.035650623885918005,0.49376114081996436
0.43967828418230565,0.02680965147453083,0.035299374441465595,0.4982126899016979
0.4359660865684962,0.02900490852298081,0.03346720214190094,0.501561802766622
0.43889384478144516,0.029438001784121322,0.03256021409455843,0.49910793933987513
0.43769680611785877,0.02834008097165992,0.032388663967611336,0.50157444894287
0.43562135486765363,0.02781516375056079,0.03275011215791835,0.5038133692238672
0.4351520572450805,0.028622540250447227,0.03264758497316637,0.5035778175313059
0.43232413178984863,0.02894033837934105,0.030276046304541407,0.5084594835262689
0.42960615663196017,0.02761430511543685,0.02761430511543685,0.5151652331371661
0.4336164506034868,0.02592758158247653,0.027268663388466695,0.5131873044255699
0.43125839677563815,0.026869682042095836,0.02910882221227049,0.5127630989699955
0.427992799279928,0.025652565256525654,0.0297029702970297,0.5166516651665166
0.42554131683605834,0.024304021210782147,0.026513477684489615,0.5236411842686699
0.41662961316140507,0.028012449977767896,0.02712316585148955,0.5282347710093375
0.4110320284697509,0.029359430604982206,0.027580071174377226,0.5320284697508897
0.4120805369127517,0.02774049217002237,0.025503355704697986,0.5346756152125279
0.4115004492362983,0.025606469002695417,0.023809523809523808,0.5390835579514824
0.41655420602789023,0.02564102564102564,0.02249212775528565,0.5353126405757984
0.41540516473731076,0.02804986642920748,0.02226179875333927,0.5342831700801425
0.41518650088809944,0.03152753108348135,0.023534635879218474,0.5297513321492007
0.4129753914988814,0.03087248322147651,0.02058165548098434,0.5355704697986577
