C,D,Oc,Od
1.0,0.0,0.0,0.0
0.5,0.0,0.5,0.0
0.3333333333333333,0.3333333333333333,0.3333333333333333,0.0
0.5,0.0,0.5,0.0
0.5,0.0,0.25,0.25
0.6666666666666666,0.0,0.16666666666666666,0.16666666666666666
0.5714285714285714,0.0,0.14285714285714285,0.2857142857142857
0.625,0.0,0.125,0.25
0.5454545454545454,0.0,0.18181818181818182,0.2727272727272727
0.5714285714285714,0.0,0.14285714285714285,0.2857142857142857
0.6,0.0,0.13333333333333333,0.26666666666666666
0.5294117647058824,0.058823529411764705,0.11764705882352941,0.29411764705882354
0.47619047619047616,0.09523809523809523,0.09523809523809523,0.3333333333333333
0.4230769230769231,0.07692307692307693,0.07692307692307693,0.4230769230769231
0.5151515151515151,0.030303030303030304,0.06060606060606061,0.3939393939393939
0.5121951219512195,0.024390243902439025,0.04878048780487805,0.4146341463414634
0.5,0.017857142857142856,0.05357142857142857,0.42857142857142855
0.5,0.014705882352941176,0.04411764705882353,0.4411764705882353
0.44047619047619047,0.011904761904761904,0.03571428571428571,0.5119047619047619
0.4,0.010526315789473684,0.05263157894736842,0.5368421052631579
0.45454545454545453,0.00909090909090909,0.05454545454545454,0.4818181818181818
0.48,0.008,0.04,0.472
0.45695364238410596,0.013245033112582781,0.033112582781456956,0.4966887417218543
0.5142857142857142,0.011428571428571429,0.02857142857142857,0.44571428571428573
0.5345622119815668,0.0,0.027649769585253458,0.4377880184331797
0.547244094488189,0.003937007874015748,0.023622047244094488,0.4251968503937008
0.5547945205479452,0.00684931506849315,0.02054794520547945,0.4178082191780822
0.5481049562682215,0.008746355685131196,0.029154518950437316,0.4139941690962099
0.548051948051948,0.012987012987012988,0.023376623376623377,0.4155844155844156
0.5489749430523918,0.011389521640091117,0.025056947608200455,0.4145785876993166
0.5668662674650699,0.011976047904191617,0.021956087824351298,0.3992015968063872
0.5859649122807018,0.012280701754385965,0.015789473684210527,0.38596491228070173
0.5768621236133122,0.011093502377179081,0.01584786053882726,0.39619651347068147
0.5867052023121387,0.010115606936416185,0.017341040462427744,0.38583815028901736
0.5956072351421189,0.011627906976744186,0.016795865633074936,0.375968992248062
0.5938967136150235,0.01056338028169014,0.017605633802816902,0.3779342723004695
0.5946843853820598,0.01107419712070875,0.016611295681063124,0.37763012181616834
0.6002024291497976,0.011133603238866396,0.019230769230769232,0.3694331983805668
0.6037914691943128,0.012322274881516588,0.023696682464454975,0.36018957345971564
0.6058201058201058,0.012345679012345678,0.019400352733686066,0.36243386243386244
0.6127973748974569,0.014766201804757998,0.017227235438884332,0.35520918785890077
0.6213895394223263,0.01639344262295082,0.0156128024980484,0.34660421545667447
0.6191881918819189,0.016974169741697416,0.01845018450184502,0.34538745387453873
0.6155988857938719,0.018802228412256268,0.016016713091922007,0.34958217270194986
0.6181075561606535,0.017699115044247787,0.014976174268209666,0.34921715452688906
0.615234375,0.018880208333333332,0.015625,0.3502604166666667
0.6079158936301794,0.019789734075448363,0.019789734075448363,0.3525046382189239
0.6089781453041937,0.02008269344359126,0.02067336089781453,0.35026580035440047
0.6105324074074074,0.02141203703703704,0.020833333333333332,0.3472222222222222
0.6094808126410836,0.02200902934537246,0.023702031602708805,0.3448081264108352
0.6044372294372294,0.024350649350649352,0.021645021645021644,0.3495670995670996
0.5976707252514558,0.026998411858125994,0.024880889359449446,0.35044997353096874
0.5941295546558705,0.025303643724696356,0.025809716599190284,0.3547570850202429
0.5872235872235873,0.026535626535626536,0.026535626535626536,0.3597051597051597
0.583616093068347,0.02956858943286476,0.028599127484246242,0.3582161900145419
0.5899038461538462,0.026923076923076925,0.02980769230769231,0.35336538461538464
0.5845570819516817,0.028422548555187114,0.03173851255329228,0.35528185693983894
0.5855477855477855,0.027972027972027972,0.032167832167832165,0.3543123543123543
0.582427536231884,0.028079710144927536,0.030344202898550724,0.3591485507246377
0.5915750915750916,0.024267399267399268,0.02976190476190476,0.3543956043956044
0.5929243170622481,0.025526197939991044,0.028660994178235557,0.3528884908195253
0.5830692621095518,0.02444545043005885,0.03123585332729742,0.3612494341330919
0.5866369710467706,0.026726057906458798,0.03296213808463252,0.3536748329621381
0.5838537020517395,0.028099910793933987,0.03300624442462088,0.35504014272970563
0.5812696983340837,0.030166591625393965,0.03241782980639352,0.3561458802341288
0.5752448797862867,0.029385574354407838,0.032056990204808546,0.3633125556544969
0.5775592311130979,0.030397854269110416,0.03218596334376397,0.3598569512740277
0.5837837837837838,0.031081081081081083,0.03423423423423423,0.3509009009009009
0.5784532856504246,0.03352704514975414,0.03442109968708091,0.35359856951274027
0.5700808625336927,0.032794249775381853,0.036837376460017966,0.36028751123090746
0.568,0.03288888888888889,0.03777777777777778,0.36133333333333334
0.5661469933184855,0.03518930957683741,0.03518930957683741,0.36347438752783967
0.5657245401525348,0.031852848811126065,0.0354419021982952,0.36698070883804396
0.5644007155635062,0.03264758497316637,0.0353309481216458,0.3676207513416816
0.5664585191793042,0.03166815343443354,0.03256021409455843,0.36931311329170385
0.5662703654777631,0.029502421840598855,0.031704095112285335,0.3725231175693527
0.5689578713968958,0.03148558758314856,0.03015521064301552,0.3694013303769401
0.5651204281891169,0.03300624442462088,0.030330062444246207,0.37154326494201606
0.562807331247206,0.03352704514975414,0.029950827000447027,0.37371479660259277
0.5645805592543276,0.030181979582778518,0.031069684864624945,0.374167776298269
0.5674725274725275,0.03076923076923077,0.03120879120879121,0.37054945054945054
0.5588760035682426,0.030776092774308653,0.030776092774308653,0.37957181088314007
0.5643520566121185,0.03051747014595312,0.029632905793896505,0.37549756744803187
0.5550601872492198,0.03120820329915292,0.03120820329915292,0.3825234061524744
0.5506470325747435,0.03302097278000892,0.03257474341811691,0.3837572512271307
0.5472035794183445,0.032214765100671144,0.031767337807606266,0.3888143176733781
0.5436807095343681,0.03015521064301552,0.03370288248337029,0.3924611973392461
0.5390102541239411,0.03120820329915292,0.03120820329915292,0.398573339277753
0.5351614329942503,0.03140203449800973,0.03140203449800973,0.40203449800973023
0.5313204146011717,0.030193780982424517,0.03199639477242001,0.4064894096439838
0.5280748663101604,0.03074866310160428,0.029857397504456328,0.41131907308377896
0.5249110320284698,0.03291814946619217,0.028469750889679714,0.41370106761565834
0.5214477211796247,0.03395889186773905,0.028150134048257374,0.4164432529043789
0.5109326193663543,0.03391343150379295,0.02900490852298081,0.4261490406068719
0.506447309915518,0.03201422854602046,0.028901734104046242,0.4326367274344153
0.5161432994250331,0.033171163202122954,0.02697921273772667,0.4237063246351172
0.5026455026455027,0.033950617283950615,0.027336860670194002,0.43606701940035275
0.49504504504504504,0.03288288288288288,0.02837837837837838,0.4436936936936937
0.49044868947134607,0.034207019102621056,0.028876055086628164,0.4464682363394047
0.48927613941018766,0.03351206434316354,0.029490616621983913,0.4477211796246649
0.48081164534627263,0.03573003970004411,0.029113365681517425,0.45434494927216584
0.4769707705934455,0.037643932683790966,0.02967227635075288,0.4557130203720106
0.47957371225577267,0.037300177619893425,0.02886323268206039,0.45426287744227356
0.4765554553651939,0.04102795311091073,0.029756537421100092,0.4526600541027953
0.4769299023957409,0.04081632653061224,0.029724933451641525,0.4525288376220053
0.4757412398921833,0.03863432165318958,0.031446540880503145,0.45417789757412397
0.4698581560283688,0.038120567375886524,0.031471631205673756,0.4605496453900709
0.47216035634743875,0.0378619153674833,0.03162583518930958,0.45835189309576835
0.47330960854092524,0.03825622775800712,0.032473309608540925,0.4559608540925267
0.4800531914893617,0.0350177304964539,0.02969858156028369,0.45523049645390073
0.4701123595505618,0.038651685393258424,0.03056179775280899,0.4606741573033708
0.4703217036701405,0.03896692342546443,0.031717263253285,0.4589941096511101
0.46986859990937924,0.03896692342546443,0.031717263253285,0.45944721341187134
0.4699866607381058,0.03823921742996887,0.031124944419742107,0.4606491774121832
0.47116674117121143,0.03755029056772463,0.030844881537773806,0.4604380867232901
0.4679061531651173,0.038069942452412575,0.03054448871181939,0.4634794156706507
0.46663681146439767,0.0380653828929691,0.03045230631437528,0.46484549932825797
0.4697173620457604,0.0354419021982952,0.02781516375056079,0.4670255720053836
0.4694059848146494,0.034836980794997766,0.027244305493523895,0.46851272889682893
0.47098214285714285,0.033928571428571426,0.025892857142857145,0.46919642857142857
0.46492805755395683,0.0368705035971223,0.02787769784172662,0.47032374100719426
0.4657231313578063,0.04024767801857585,0.027421494913754976,0.4666076957098629
0.4608150470219436,0.04433497536945813,0.032243618450515,0.4626063591580833
0.46343651861821444,0.04531179901301032,0.0300583221175415,0.46119336025123375
0.4572841726618705,0.042715827338129495,0.02922661870503597,0.47077338129496404
0.465417224453369,0.04417670682730924,0.02989736724676484,0.4605087014725569
0.4628393413440142,0.04316866933689364,0.027147307521139297,0.4668446817979528
0.4567070435172723,0.037236428891879766,0.03095558546433378,0.47510094212651416
0.452914798206278,0.037219730941704034,0.03094170403587444,0.4789237668161435
0.4570920409070698,0.03868385949310805,0.03156958648288128,0.47265451311694084
0.45202464788732394,0.03873239436619718,0.030369718309859156,0.4788732394366197
0.4482300884955752,0.03849557522123894,0.03008849557522124,0.4831858407079646
0.4496674057649667,0.03680709534368071,0.029711751662971176,0.4838137472283814
0.4436056838365897,0.03907637655417407,0.02797513321492007,0.48934280639431615
0.44543828264758495,0.038461538461538464,0.02817531305903399,0.4879248658318426
0.4373075230972283,0.03607567091948966,0.029476462824461064,0.49714034315882094
0.4423247559893523,0.03460514640638864,0.02883762200532387,0.49423247559893524
0.4348404255319149,0.03590425531914894,0.03102836879432624,0.49822695035460995
0.43454790823211875,0.03598740440845704,0.030589293747188485,0.4988753936122357
0.43402932030208796,0.0346512661039538,0.03109729009329187,0.5002221235006664
0.431390134529148,0.03228699551569507,0.03228699551569507,0.5040358744394619
0.42780026990553305,0.03283850652271705,0.033738191632928474,0.5056230319388214
0.419124218051832,0.030831099195710455,0.034405719392314564,0.515638963360143
0.4221824686940966,0.029516994633273702,0.03398926654740608,0.5143112701252236
0.4190391459074733,0.02891459074733096,0.030249110320284697,0.521797153024911
0.4161849710982659,0.03023566029346376,0.03023566029346376,0.5233437083148066
0.41855203619909503,0.03076923076923077,0.031221719457013575,0.5194570135746607
0.4103479036574487,0.030776092774308653,0.028545941123996433,0.5303300624442462
0.41961486789072994,0.03090013434841021,0.03045230631437528,0.5190326914464846
0.42131074453856443,0.03165403477485511,0.03165403477485511,0.5153811859117253
0.42163846838824576,0.03383793410507569,0.030276046304541407,0.5142475512021372
0.4186666666666667,0.036,0.030666666666666665,0.5146666666666667
0.40778416629809816,0.03715170278637771,0.03140203449800973,0.5236620964175144
0.40923213493120286,0.03817132711939636,0.03195739014647137,0.5206391478029294
0.4037102473498233,0.037985865724381625,0.030918727915194347,0.5273851590106007
0.40062111801242234,0.03637976929902396,0.0323868677905945,0.5306122448979592
0.3930789707187223,0.03682342502218278,0.03371783496007098,0.536379769299024
0.39362657091561937,0.036355475763016155,0.036355475763016155,0.5336624775583483
0.3925359712230216,0.03372302158273381,0.03462230215827338,0.5391187050359713
0.3911671924290221,0.03605227579990987,0.034249662009914375,0.5385308697611537
0.3872549019607843,0.035204991087344026,0.03342245989304813,0.5441176470588235
0.3855421686746988,0.03614457831325301,0.03480589022757698,0.5435073627844712
0.38523131672597866,0.033807829181494664,0.03469750889679715,0.5462633451957295
0.3910891089108911,0.03375337533753375,0.0369036903690369,0.5382538253825383
0.3875168387965873,0.03502469690166143,0.03637180062864841,0.5410866636731029
0.38574610244988866,0.03697104677060133,0.037416481069042315,0.5398663697104678
0.37934105075690117,0.036064113980409616,0.03829029385574354,0.5463045414069457
0.3838202247191011,0.035955056179775284,0.03775280898876404,0.5424719101123595
0.3871256146624944,0.035762181493071074,0.035762181493071074,0.5413500223513634
0.38177777777777777,0.034666666666666665,0.03955555555555555,0.544
0.3814977973568282,0.03436123348017621,0.03832599118942731,0.5458149779735683
0.3824185631414547,0.03257474341811691,0.037037037037037035,0.5479696564033913
0.37944839857651247,0.03113879003558719,0.03469750889679715,0.5547153024911032
0.37986577181208053,0.02953020134228188,0.0348993288590604,0.5557046979865772
0.3894595801697186,0.027244305493523895,0.03662349263063868,0.5466726217061189
0.3837156995051732,0.027440395861448492,0.03508771929824561,0.5537561853351327
0.3885663242518982,0.028584189370254576,0.034836980794997766,0.5480125055828495
0.38879082082965577,0.02912621359223301,0.03353927625772286,0.5485436893203883
0.38646482635796975,0.028495102404274265,0.03561887800534283,0.5494211932324132
0.3719266875279392,0.027268663388466695,0.035762181493071074,0.565042467590523
0.3728661275831087,0.029200359389038633,0.03504043126684636,0.5628930817610063
0.3757251227130745,0.02989736724676484,0.036590807675145026,0.5577867023650156
0.37859712230215825,0.03012589928057554,0.0368705035971223,0.5544064748201439
0.3678571428571429,0.029910714285714287,0.03705357142857143,0.5651785714285714
0.36610320284697506,0.03202846975088968,0.037366548042704624,0.5645017793594306
0.36215978928884984,0.030728709394205442,0.03511852502194908,0.5719929762949956
0.36093888396811336,0.033215234720992026,0.03587245349867139,0.5699734278122232
0.36420302760463047,0.03294746215494212,0.03695458593054319,0.5658949243098842
0.3570792520035619,0.031166518254674976,0.03784505788067676,0.5739091718610864
0.3483047115808014,0.03038309114927345,0.03786878027300748,0.5834434169969177
0.34445446348061315,0.029756537421100092,0.0369702434625789,0.5888187556357078
0.34071396294622686,0.028920018075011298,0.03886127428829643,0.5915047446904654
0.3400447427293065,0.02505592841163311,0.03803131991051454,0.5968680089485459
0.34331694233348237,0.02682163611980331,0.03665623603039785,0.5932051855163165
0.34419642857142857,0.02544642857142857,0.03660714285714286,0.59375
0.3389010989010989,0.024615384615384615,0.035164835164835165,0.6013186813186813
0.3454384410983171,0.024357838795394153,0.033215234720992026,0.5969884853852967
0.34055727554179566,0.024325519681556832,0.03538257408226449,0.599734630694383
0.3381706244503078,0.024626209322779244,0.03605980650835532,0.6011433597185576
0.34027470093043866,0.023482498892334957,0.034559149313247675,0.6016836508639787
0.3379526151095217,0.025033527045149755,0.03531515422440769,0.6016987036209209
0.3293172690763052,0.028112449799196786,0.03614457831325301,0.606425702811245
0.3265033407572383,0.028507795100222718,0.03296213808463252,0.6120267260579064
0.3225377107364685,0.02839396628216504,0.03194321206743567,0.6171251109139307
0.3164726947179946,0.02775290957923008,0.03267681289167413,0.6230975828111012
0.3178778421756576,0.028533214444939812,0.03209986625055729,0.6214890771288453
0.3184483536310329,0.029769959404600813,0.031574199368516014,0.6202074875958502
0.3183035714285714,0.02857142857142857,0.029910714285714287,0.6232142857142857
0.31252766710934043,0.03010181496237273,0.029659141212926073,0.6277113767153608
0.3170403587443946,0.02914798206278027,0.030493273542600896,0.6233183856502242
0.31085305940151853,0.02813756141134435,0.030817329164805715,0.6301920500223314
0.3215563506261181,0.02728085867620751,0.03220035778175313,0.6189624329159212
0.32079646017699115,0.026106194690265486,0.030973451327433628,0.6221238938053097
0.3147410358565737,0.02611775121735281,0.029216467463479414,0.629924745462594
0.3128024637043555,0.024197096348438186,0.029916410030796304,0.63308402991641
0.3102836879432624,0.02349290780141844,0.02925531914893617,0.636968085106383
0.3000898472596586,0.02336028751123091,0.026954177897574125,0.6495956873315364
0.3023255813953488,0.022808586762075134,0.028622540250447227,0.6462432915921288
0.29829290206648695,0.021114106019766397,0.027403414195867025,0.6531895777178796
0.2972972972972973,0.022153300841825433,0.02658396101019052,0.6539654408506868
0.29445933869526364,0.02100089365504915,0.025022341376228777,0.6595174262734584
0.29430097951914513,0.022707034728406055,0.021816562778272486,0.6611754229741763
0.2958314657104437,0.021515015688032272,0.02285970416853429,0.6597938144329897
0.28596724214254093,0.0199203187250996,0.02478972996901284,0.6693227091633466
0.2862206468763846,0.021710234824988923,0.02702702702702703,0.6650420912715995
0.27419354838709675,0.023745519713261647,0.02867383512544803,0.6733870967741935
0.2803234501347709,0.02425876010781671,0.028751123090745734,0.6666666666666666
0.2825794894760412,0.025078369905956112,0.02910882221227049,0.6632333184057322
0.2773333333333333,0.026222222222222223,0.029333333333333333,0.6671111111111111
0.28227960819234194,0.02715939447907391,0.02404274265360641,0.6665182546749777
0.2794313638382941,0.02621057307863172,0.023989338071968014,0.6703687250111062
0.27671840354767185,0.025277161862527715,0.02483370288248337,0.6731707317073171
0.2642602495543672,0.027629233511586453,0.027183600713012478,0.6809269162210339
0.2643112701252236,0.027728085867620753,0.0259391771019678,0.6820214669051878
0.2625994694960212,0.027409372236958444,0.026525198938992044,0.6834659593280283
0.2658677319130049,0.027518863737239236,0.027075011096316024,0.6795383932534399
0.26238938053097344,0.029646017699115044,0.02566371681415929,0.6823008849557523
0.2607921673342234,0.029372496662216287,0.0258121940364931,0.6840231419670671
0.25892857142857145,0.028125,0.026339285714285714,0.6866071428571429
0.26318161333934204,0.02794051374493015,0.027039206849932402,0.6818386660657954
0.2560646900269542,0.027852650494159928,0.025606469002695417,0.6904761904761905
0.2567989300044583,0.02719572001783326,0.024520731163620153,0.6914846188140883
0.2557726465364121,0.02886323268206039,0.025310834813499113,0.6900532859680284
0.25354609929078015,0.03102836879432624,0.025709219858156027,0.6897163120567376
0.2567868268802848,0.028037383177570093,0.025367156208277702,0.6898086337338674
0.2538253825382538,0.0279027902790279,0.025202520252025202,0.693069306930693
0.2549800796812749,0.027888446215139442,0.02656042496679947,0.6905710491367862
0.2618520159503766,0.027470093043863535,0.023925564909171467,0.6867523260965884
0.24966740576496674,0.026607538802660754,0.02616407982261641,0.697560975609756
0.252007136485281,0.02631578947368421,0.028991971454058876,0.6926851025869759
0.25190839694656486,0.028738212842388863,0.02784014369106421,0.691513246519982
0.24577025823686555,0.028495102404274265,0.02715939447907391,0.6985752448797863
0.24800354924578527,0.027950310559006212,0.027506654835847383,0.6965394853593612
0.249888442659527,0.025435073627844713,0.027666220437304774,0.6970102632753236
0.25255215268530845,0.02574345317354638,0.02574345317354638,0.6959609409675988
0.25223214285714285,0.022321428571428572,0.026339285714285714,0.6991071428571428
0.25033288948069243,0.02130492676431425,0.027075011096316024,0.7012871726586773
0.25208241999123193,0.01972818939061815,0.027181060938185005,0.701008329679965
0.25559534467323186,0.021038495971351837,0.025962399283795883,0.6974037600716204
0.25165271044513,0.019391802556192154,0.023358307624504186,0.7055971793741737
0.24832514515408666,0.02009825815096025,0.022778025904421618,0.7087985707905314
0.24731663685152058,0.01967799642218247,0.024150268336314847,0.7088550983899821
0.24842484248424843,0.018901890189018902,0.020702070207020702,0.711971197119712
0.24755989352262645,0.02040816326530612,0.02085181898846495,0.7111801242236024
0.24669020300088262,0.02030008826125331,0.02118270079435128,0.7118270079435128
0.24842767295597484,0.02021563342318059,0.022911051212938006,0.7084456424079065
0.2478709099058718,0.0210667861945316,0.021963245181532944,0.7090990587180637
0.24353256021409456,0.02230151650312221,0.021855486173059768,0.7123104371097234
0.24140969162995596,0.02290748898678414,0.02026431718061674,0.7154185022026431
0.2451067615658363,0.02179715302491103,0.01912811387900356,0.7139679715302492
0.2410279131590607,0.021710234824988923,0.01860877270713336,0.718653079308817
0.2432192085371276,0.022232103156958647,0.01823032458870609,0.7163183637172077
0.24775985663082437,0.022401433691756272,0.020161290322580645,0.7096774193548387
0.24439461883408073,0.023318385650224215,0.021076233183856503,0.7112107623318386
0.24522434473567303,0.02221235006663705,0.023545091070635273,0.7090182141270547
0.243231247225921,0.020861074123391034,0.0230803373280071,0.7128273413226809
0.24202127659574468,0.020833333333333332,0.02349290780141844,0.7136524822695035
0.23794502027940514,0.022082018927444796,0.023884632717440287,0.7160883280757098
0.23241317898486197,0.02226179875333927,0.023597506678539625,0.7217275155832591
0.23592976136875282,0.021611886537595677,0.023863124718595228,0.7185952273750563
0.23374888691006232,0.020480854853072127,0.023597506678539625,0.7221727515583259
0.2323187108325873,0.021486123545210387,0.025514771709937333,0.720680393912265
0.23156012516763522,0.02056325435851587,0.024139472507822977,0.723737147966026
0.2318969346956908,0.018658374055975122,0.02310084406930253,0.7263438471790316
0.22852081488042517,0.020814880425155006,0.021257750221434897,0.729406554472985
0.23284639220894202,0.02080566622399292,0.02213368747233289,0.7242142540947322
0.2268086995117621,0.02174877940523746,0.0230803373280071,0.7283621837549934
0.22690941385435168,0.021314387211367674,0.023534635879218474,0.7282415630550622
0.22331838565022422,0.02466367713004484,0.02197309417040359,0.7300448430493274
0.2180349932705249,0.02602063705697622,0.02288021534320323,0.7330641543292956
0.21425389755011137,0.028062360801781736,0.021380846325167038,0.7363028953229399
0.21617977528089888,0.02696629213483146,0.023820224719101123,0.7330337078651685
0.21649484536082475,0.02734199910354101,0.024652622142536978,0.7315105333930972
0.21371326803205698,0.02626892252894034,0.02404274265360641,0.7359750667853963
0.2113676731793961,0.026198934280639432,0.023534635879218474,0.738898756660746
0.20810810810810812,0.026126126126126126,0.024774774774774775,0.740990990990991
0.22053571428571428,0.024553571428571428,0.026339285714285714,0.7285714285714285
0.214636323070058,0.022757697456492636,0.022311468094600623,0.7402945113788487
0.2088495575221239,0.023451327433628318,0.022123893805309734,0.745575221238938
0.20613060861839183,0.023545091070635273,0.02132385606397157,0.7490004442470013
0.20619946091644206,0.022911051212938006,0.020664869721473494,0.7502246181491464
0.20921985815602837,0.023936170212765957,0.02127659574468085,0.7455673758865248
0.20755555555555555,0.02311111111111111,0.021333333333333333,0.748
0.20372836218375498,0.02130492676431425,0.020861074123391034,0.7541056369285397
0.20473848904783193,0.024586499776486366,0.019669199821189094,0.7510058113544926
0.20750551876379691,0.023399558498896248,0.019426048565121413,0.7496688741721854
0.2002652519893899,0.022104332449160036,0.022546419098143235,0.7550839964633068
0.20053120849933598,0.02257636122177955,0.02213368747233289,0.7547587428065515
0.20035382574082264,0.024325519681556832,0.019902697921273773,0.7554179566563467
0.20106288751107174,0.022586359610274578,0.023029229406554472,0.7533215234720992
0.20291133656815175,0.020732245258050286,0.025143361270401413,0.7512130569033966
0.2040358744394619,0.019730941704035873,0.025560538116591928,0.7506726457399103
0.19902265659706797,0.019991115059973346,0.025322079075966238,0.7556641492669924
0.19362084456424078,0.02021563342318059,0.027403414195867025,0.7587601078167115
0.18986216096042685,0.02267674522009782,0.026233881725211204,0.7612272120942641
0.18747203579418345,0.02371364653243848,0.026845637583892617,0.7619686800894855
0.18885448916408668,0.025210084033613446,0.02697921273772667,0.7589562140645731
0.1911504424778761,0.02743362831858407,0.02566371681415929,0.7557522123893805
0.18802660753880265,0.02616407982261641,0.026607538802660754,0.7592017738359201
0.1896551724137931,0.02475685234305924,0.026083112290008842,0.7595048629531388
0.19123505976095617,0.02390438247011952,0.0283311199645861,0.7565294378043382
0.19481680071492405,0.024128686327077747,0.02680965147453083,0.7542448614834674
0.19750889679715303,0.02491103202846975,0.02491103202846975,0.7526690391459074
0.19540229885057472,0.025198938992042442,0.02431476569407604,0.7550839964633068
0.1931869116987898,0.025997310623038995,0.025549081129538322,0.7552666965486329
0.19514348785871966,0.025165562913907286,0.025607064017660046,0.754083885209713
0.18461538461538463,0.025934065934065935,0.024615384615384615,0.7648351648351648
0.1836461126005362,0.025915996425379804,0.025022341376228777,0.7654155495978552
0.18417523468931604,0.028162717925793473,0.025033527045149755,0.7626285203397407
0.18495575221238938,0.028761061946902654,0.025221238938053097,0.7610619469026548
0.1825817860300619,0.026525198938992044,0.025198938992042442,0.7656940760389036
0.18108471537427162,0.025549081129538322,0.025997310623038995,0.767368892873151
0.1864781263809103,0.026513477684489615,0.025187803800265134,0.761820592134335
0.18650088809946713,0.02886323268206039,0.023978685612788632,0.7606571936056838
0.186243858865565,0.030817329164805715,0.020991514068780706,0.7619472979008486
0.18444444444444444,0.03155555555555556,0.01911111111111111,0.7648888888888888
0.17945326278659612,0.03262786596119929,0.02072310405643739,0.7671957671957672
0.1745890715237672,0.03154153709462461,0.019546868058640605,0.7743225233229676
0.16942333482342423,0.029503799731783638,0.02101028162717926,0.7800625838176128
0.1615623612960497,0.03151353750554816,0.020861074123391034,0.7860630270750111
0.16270730614074405,0.03047960555804572,0.019722097714029583,0.7870909905871807
0.16823687752355315,0.02781516375056079,0.01794526693584567,0.7860026917900403
0.16546762589928057,0.028327338129496404,0.015737410071942445,0.7904676258992805
0.15889924545051043,0.029738126941855306,0.016866400355082113,0.7944962272525522
0.16147686832740213,0.027580071174377226,0.017348754448398576,0.7935943060498221
0.15980522355024346,0.02434705621956618,0.017706949977866312,0.798140770252324
0.16435288849081953,0.02328705776981639,0.018808777429467086,0.793551276309897
0.16651943462897525,0.023409893992932862,0.020318021201413426,0.7897526501766784
0.16891284815813118,0.026954177897574125,0.019766397124887692,0.784366576819407
0.16651785714285713,0.024553571428571428,0.020982142857142855,0.7879464285714286
0.17670682730923695,0.0249888442659527,0.022311468094600623,0.7759928603302098
0.17618198037466548,0.028099910793933987,0.021855486173059768,0.7738626226583407
0.176081200353045,0.02736098852603707,0.02383053839364519,0.7727272727272727
0.17535335689045936,0.026943462897526502,0.02517667844522968,0.7725265017667845
0.1738556338028169,0.02464788732394366,0.02596830985915493,0.7755281690140845
0.17082785808147175,0.026719229084537888,0.02803328953131844,0.7744196233026719
0.17298261257244762,0.029424877396344182,0.029424877396344182,0.768167632634864
0.17150513622152747,0.030370701205895488,0.026351049575703438,0.7717731129968736
0.1742627345844504,0.028150134048257374,0.025915996425379804,0.7716711349419124
0.17103509551310528,0.027543314082629944,0.02621057307863172,0.775211017325633
0.16977777777777778,0.028444444444444446,0.02711111111111111,0.7746666666666666
0.17077543702375617,0.027790228597041687,0.029134917077543704,0.7722994173016584
0.1654611211573237,0.026220614828209764,0.028933092224231464,0.779385171790235
0.1665924276169265,0.023608017817371936,0.028062360801781736,0.7817371937639198
0.163897620116749,0.026493039964077234,0.026493039964077234,0.7831162999550966
0.15936794582392777,0.02708803611738149,0.02618510158013544,0.7873589164785553
0.1627389951089373,0.02712316585148955,0.02578923966207203,0.7843485993775011
0.1611185086551265,0.027075011096316024,0.026187305814469597,0.7856191744340879
0.16080178173719376,0.028507795100222718,0.027171492204899776,0.7835189309576838
0.159768580329328,0.029817534490431688,0.02358700489541611,0.7868268802848242
0.1494661921708185,0.03069395017793594,0.02402135231316726,0.7958185053380783
0.15535714285714286,0.03169642857142857,0.025,0.7879464285714286
0.1592128801431127,0.03175313059033989,0.024150268336314847,0.7848837209302325
0.16005349977708427,0.029870708872046365,0.024074899687917966,0.7860008916629514
0.15992892047978677,0.028876055086628164,0.02265659706796979,0.7885384273656153
0.164225477141589,0.02796271637816245,0.020861074123391034,0.7869507323568575
0.1676300578034682,0.02578923966207203,0.020898176967541128,0.7856825255669186
0.16497125165855817,0.02565236620964175,0.020344980097302078,0.7890314020344981
0.16554809843400448,0.027293064876957495,0.021029082774049218,0.7861297539149888
0.16888297872340424,0.027039007092198582,0.02171985815602837,0.7823581560283688
0.16791869200176757,0.027839151568714096,0.019443216968625717,0.7847989394608926
0.16830357142857144,0.02857142857142857,0.019196428571428573,0.7839285714285714
0.17079646017699116,0.03008849557522124,0.018141592920353982,0.7809734513274337
0.16909492273730684,0.030463576158940398,0.018984547461368653,0.7814569536423841
0.16712079927338783,0.029518619436875566,0.018619436875567667,0.784741144414169
0.16457399103139014,0.03094170403587444,0.019282511210762333,0.7852017937219731
0.1622103386809269,0.03253119429590018,0.0213903743315508,0.783868092691622
0.15246636771300448,0.030044843049327353,0.021524663677130046,0.7959641255605381
0.15955555555555556,0.029333333333333333,0.024,0.7871111111111111
0.1568191914704576,0.028431808085295423,0.023989338071968014,0.790759662372279
0.15712383488681758,0.029738126941855306,0.0230803373280071,0.79005770084332
0.15745614035087718,0.030263157894736843,0.02280701754385965,0.7894736842105263
0.1593235425011126,0.030707610146862484,0.019581664441477527,0.7903871829105474
0.16600088770528185,0.029738126941855306,0.02130492676431425,0.7829560585885486
0.16681534344335414,0.030776092774308653,0.021855486173059768,0.7805530776092774
0.1604661586732407,0.031376064545047065,0.021963245181532944,0.7861945316001793
0.16859430604982206,0.03158362989323844,0.02224199288256228,0.7775800711743772
0.16681494661921709,0.03336298932384341,0.02224199288256228,0.7775800711743772
0.1664459161147903,0.03090507726269316,0.022958057395143488,0.779690949227373
0.16859946476360393,0.028991971454058876,0.025869759143621766,0.7765388046387154
0.1642124051762606,0.029451137884872823,0.0249888442659527,0.7813476126729139
0.1618834080717489,0.028699551569506727,0.0242152466367713,0.7852017937219731
0.16041108132260948,0.02993744414655943,0.026362823949955316,0.7832886505808758
0.15489849955869373,0.028684907325684024,0.025154457193292144,0.7912621359223301
0.15367483296213807,0.031180400890868598,0.024498886414253896,0.7906458797327395
0.14874551971326164,0.030913978494623656,0.025537634408602152,0.7948028673835126
0.15557514323490523,0.029528426619656236,0.026884089907448214,0.7880123402379903
0.15652951699463327,0.028622540250447227,0.027728085867620753,0.7871198568872988
0.1587015329125338,0.027953110910730387,0.02569882777276826,0.7876465284039675
0.15888689407540396,0.0296229802513465,0.02289048473967684,0.7885996409335727
0.16792873051224944,0.029844097995545656,0.02182628062360802,0.7804008908685969
0.1592328278322926,0.030330062444246207,0.021409455842997322,0.7890276538804639
0.161836825679893,0.029424877396344182,0.0231832367365136,0.7855550601872492
0.16217430368373764,0.03099730458221024,0.022911051212938006,0.7839173405211141
0.16534740545294635,0.029463500439753737,0.02198768689533861,0.7832014072119613
0.16358839050131926,0.029023746701846966,0.022867194371152155,0.7845206684256816
0.1598233995584989,0.026048565121412803,0.024282560706401765,0.7898454746136865
0.16127603012848915,0.023925564909171467,0.024811696942844484,0.7899867080194949
0.15655664585191792,0.024977698483496878,0.024977698483496878,0.7934879571810883
0.15013286093888398,0.025686448184233834,0.02612931798051373,0.7980513728963685
0.15367383512544802,0.025537634408602152,0.025985663082437275,0.7948028673835126
0.1558325912733749,0.02626892252894034,0.023597506678539625,0.7943009795191451
0.1619343389529725,0.025732031943212066,0.022626441881100266,0.7897071872227152
0.1552491103202847,0.02491103202846975,0.02491103202846975,0.7949288256227758
0.15332428765264586,0.023518769787426504,0.024423337856173677,0.798733604703754
0.15146067415730338,0.02247191011235955,0.025168539325842697,0.8008988764044944
0.15004452359750667,0.022707034728406055,0.025378450578806767,0.8018699910952805
0.1486123545210385,0.024171888988361683,0.026410026857654433,0.8008057296329454
0.15152857775808595,0.024811696942844484,0.02702702702702703,0.7966326982720425
0.15019937970757644,0.02658396101019052,0.027913159060700046,0.795303500221533
0.15113687026304057,0.027641551493535442,0.029424877396344182,0.7917967008470798
0.1543264942016057,0.027207850133809098,0.028991971454058876,0.7894736842105263
0.1592328278322926,0.02631578947368421,0.030776092774308653,0.7836752899197146
0.1609907120743034,0.02565236620964175,0.033171163202122954,0.7801857585139319
0.1629336846728151,0.026350461133069828,0.03513394817742644,0.7755819060166886
0.16532976827094475,0.0285204991087344,0.03208556149732621,0.7740641711229946
0.16140667267808836,0.029756537421100092,0.032010820559062216,0.7768259693417493
0.15946547884187082,0.029398663697104678,0.029844097995545656,0.7812917594654788
0.1601061477222468,0.0291906236178682,0.03051747014595312,0.7801857585139319
0.1574977817213842,0.027950310559006212,0.029281277728482696,0.7852706299911268
0.16046099290780141,0.02925531914893617,0.027925531914893616,0.7823581560283688
0.1613047363717605,0.031724754244861486,0.027256478999106343,0.7797140303842717
0.1602506714413608,0.03088630259623993,0.02685765443151298,0.7820053715308863
0.1556751906684612,0.03230148048452221,0.02557200538358008,0.7864513234634365
0.15415549597855227,0.03038427167113494,0.025915996425379804,0.789544235924933
0.15534842432312473,0.02929427430093209,0.024855747891699954,0.7905015534842432
0.15425297487880124,0.029528426619656236,0.026884089907448214,0.7893345085940943
0.15081822202565237,0.03051747014595312,0.02697921273772667,0.7916850950906679
0.1478029294274301,0.02929427430093209,0.02929427430093209,0.7936085219707057
0.1539491298527443,0.029451137884872823,0.027666220437304774,0.7889335118250781
0.14913448735019974,0.028406569019085663,0.024855747891699954,0.7976031957390146
0.15569395017793594,0.027580071174377226,0.025355871886120998,0.7913701067615658
0.1560379918588874,0.027137042062415198,0.025780189959294438,0.7910447761194029
0.1546714349575324,0.027715690657130084,0.02637460885113992,0.7912382655341976
0.15546594982078854,0.0264336917562724,0.025985663082437275,0.7921146953405018
0.1562363238512035,0.0262582056892779,0.026695842450765863,0.7908096280087528
0.1625,0.025,0.02857142857142857,0.7839285714285714
0.16548042704626334,0.023131672597864767,0.02891459074733096,0.7824733096085409
0.16644414775255897,0.02358700489541611,0.02848242100578549,0.7814864263462394
0.16532976827094475,0.023172905525846704,0.025846702317290554,0.785650623885918
0.16415261756876665,0.023070097604259095,0.027062999112688554,0.7857142857142857
0.1637323943661972,0.02640845070422535,0.027288732394366196,0.7825704225352113
0.1668145519077196,0.026175687666370896,0.024401064773735583,0.782608695652174
0.1634913602126717,0.026140894993354008,0.023482498892334957,0.7868852459016393
0.16431095406360424,0.02782685512367491,0.02120141342756184,0.786660777385159
0.16266666666666665,0.029777777777777778,0.020888888888888887,0.7866666666666666
0.1630482941958352,0.030571555161719097,0.023925564909171467,0.7824545857332743
0.16747680070702606,0.02828104286345559,0.02342023862129916,0.7808219178082192
0.16666666666666666,0.027559055118110236,0.023184601924759404,0.7825896762904637
0.1691829484902309,0.02797513321492007,0.023978685612788632,0.7788632326820604
0.16629514043691485,0.026749888542131076,0.02719572001783326,0.7797592510031208
0.16859946476360393,0.02408563782337199,0.027207850133809098,0.780107047279215
0.16262353998203055,0.025606469002695417,0.025606469002695417,0.7861635220125787
0.1672613737734166,0.024977698483496878,0.0231935771632471,0.7845673505798394
0.16525612472160356,0.025389755011135856,0.024053452115812918,0.7853006681514476
0.16435908887896383,0.025011165698972757,0.02188476998660116,0.7887449754354623
0.1619343389529725,0.024401064773735583,0.021739130434782608,0.7919254658385093
0.1688195991091314,0.02182628062360802,0.022271714922048998,0.7870824053452116
0.16033943724877178,0.023224653863331845,0.023671281822242072,0.7927646270656543
0.16170590848511773,0.023545091070635273,0.02310084406930253,0.7916481563749445
0.16008869179600888,0.023059866962305987,0.025277161862527715,0.7915742793791575
0.16176470588235295,0.022281639928698752,0.02540106951871658,0.7905525846702317
0.16215015548645045,0.024433585073300755,0.023989338071968014,0.7894269213682807
0.16637010676156583,0.023576512455516015,0.02491103202846975,0.7851423487544484
0.16748329621380847,0.024944320712694878,0.024053452115812918,0.7835189309576838
0.164225477141589,0.024855747891699954,0.024411895250776743,0.7865068797159344
0.16175156389633602,0.02546916890080429,0.024575513851653262,0.7882037533512064
0.15672306322350846,0.02715939447907391,0.024933214603739984,0.7911843276936776
0.15899025686448184,0.03100088573959256,0.025243578387953942,0.7847652790079717
0.1557450628366248,0.032764811490125674,0.026929982046678635,0.7845601436265709
0.1513392857142857,0.032589285714285716,0.025,0.7910714285714285
0.1512866015971606,0.03371783496007098,0.024401064773735583,0.7905944986690329
0.1499330655957162,0.03302097278000892,0.023650156180276664,0.7933958054439982
0.1572780531771068,0.03334835511491663,0.02433528616493916,0.7850383055430374
0.16136162687886826,0.030061892130857647,0.021220159151193633,0.7873563218390804
0.15878679750223015,0.030776092774308653,0.0231935771632471,0.7872435325602141
0.1612046058458813,0.032329495128432244,0.023472099202834367,0.7829937998228521
0.1623290692545214,0.030436700485222762,0.023820026466696075,0.7834142037935597
0.16822429906542055,0.03204272363150868,0.02403204272363151,0.7757009345794392
0.16459074733096085,0.03425266903914591,0.026690391459074734,0.7744661921708185
0.16090425531914893,0.03368794326241135,0.025709219858156027,0.7796985815602837
0.16437139049311417,0.03598400710795202,0.025322079075966238,0.7743225233229676
0.15882874889086068,0.032830523513753325,0.023513753327417924,0.7848269742679681
0.1561812582490101,0.03563572371315442,0.025076990761108666,0.7831060272767268
0.16083296411165263,0.034116083296411165,0.024368630926007974,0.7806823216659282
0.16460176991150444,0.029646017699115044,0.024336283185840708,0.7814159292035399
0.16577301161751565,0.0290437890974084,0.02546916890080429,0.7797140303842717
0.1669603524229075,0.026872246696035242,0.024669603524229075,0.7814977973568282
0.1678476527900797,0.02612931798051373,0.024800708591674048,0.7812223206377326
0.163897620116749,0.025594970812752582,0.024247867085765602,0.7862595419847328
0.1671868033883192,0.023629068212215783,0.023629068212215783,0.7855550601872492
0.16246126604692343,0.02390438247011952,0.02434705621956618,0.7892872952633909
