C,D,Oc,Od
0.0,1.0,0.0,0.0
0.0,0.6666666666666666,0.3333333333333333,0.0
0.0,0.5,0.5,0.0
0.125,0.375,0.5,0.0
0.13333333333333333,0.4,0.4666666666666667,0.0
0.16666666666666666,0.3888888888888889,0.4444444444444444,0.0
0.1111111111111111,0.37037037037037035,0.48148148148148145,0.037037037037037035
0.18421052631578946,0.34210526315789475,0.4473684210526316,0.02631578947368421
0.21739130434782608,0.2826086956521739,0.43478260869565216,0.06521739130434782
0.22388059701492538,0.23880597014925373,0.4626865671641791,0.07462686567164178
0.3023255813953488,0.19767441860465115,0.4186046511627907,0.08139534883720931
0.31932773109243695,0.20168067226890757,0.40336134453781514,0.07563025210084033
0.3194444444444444,0.2152777777777778,0.3888888888888889,0.0763888888888889
0.3370165745856354,0.20994475138121546,0.3867403314917127,0.06629834254143646
0.33636363636363636,0.20909090909090908,0.36818181818181817,0.08636363636363636
0.3473282442748092,0.1946564885496183,0.35877862595419846,0.09923664122137404
0.3344262295081967,0.20655737704918034,0.3344262295081967,0.12459016393442623
0.3181818181818182,0.20738636363636365,0.34375,0.13068181818181818
0.330188679245283,0.2099056603773585,0.33254716981132076,0.12735849056603774
0.3286573146292585,0.21042084168336672,0.3246492985971944,0.13627254509018036
0.3257443082311734,0.2136602451838879,0.3257443082311734,0.13485113835376533
0.3249258160237389,0.21216617210682492,0.327893175074184,0.13501483679525222
0.32387096774193547,0.21806451612903227,0.32,0.13806451612903226
0.3064699205448354,0.21679909194097616,0.3314415437003405,0.1452894438138479
0.305668016194332,0.23076923076923078,0.31781376518218624,0.145748987854251
0.3088512241054614,0.23069679849340866,0.3060263653483992,0.1544256120527307
0.30119453924914674,0.2295221843003413,0.3046075085324232,0.16467576791808874
0.3024162120031177,0.23460639127045985,0.3008573655494934,0.16212003117692908
0.29854014598540146,0.23722627737226276,0.29927007299270075,0.16496350364963502
0.3084610259826782,0.22718187874750168,0.29513657561625584,0.1692205196535643
0.30635118306351183,0.23474470734744707,0.29389788293897884,0.16500622665006226
0.2925531914893617,0.2470449172576832,0.29491725768321514,0.16548463356973994
0.2897506925207756,0.2476454293628809,0.29861495844875346,0.16398891966759002
0.2803191489361702,0.249468085106383,0.3074468085106383,0.16276595744680852
0.27686796315250767,0.24667349027635618,0.31371545547594676,0.16274309109518936
0.2849462365591398,0.24193548387096775,0.30791788856304986,0.1652003910068426
0.2882158069096072,0.2389966871746332,0.30477993374349266,0.16800757217226692
0.28737773637633907,0.24685607824871914,0.30041918956683744,0.16534699580810433
0.28230980751604035,0.2470210815765353,0.30614115490375804,0.16452795600366635
0.2812215132178669,0.24840474020054695,0.3053783044667274,0.1649954421148587
0.2790909090909091,0.24681818181818183,0.30772727272727274,0.16636363636363635
0.2849462365591398,0.24865591397849462,0.3064516129032258,0.15994623655913978
0.2806215722120658,0.25274223034734916,0.3039305301645338,0.16270566727605118
0.2749664128974474,0.25212718316166594,0.3072100313479624,0.16569637259292433
0.2755238519839501,0.24877396344181898,0.30494872938029427,0.1707534551939367
0.2721547458389564,0.2546108861898336,0.3013945119208277,0.17183985605038238
0.27705433318365513,0.2537045352492142,0.29411764705882354,0.17512348450830714
0.2718360071301248,0.25445632798573975,0.2963458110516934,0.17736185383244207
0.2722419928825623,0.251779359430605,0.2975978647686833,0.17838078291814946
0.2723613595706619,0.24508050089445438,0.2983005366726297,0.18425760286225404
0.27003098716246127,0.24524125719344844,0.29969012837538733,0.18503762726870296
0.2723253757736516,0.24049513704686118,0.3037135278514589,0.18346595932802828
0.26564610535794686,0.24628545700135074,0.2962629446195407,0.19180549302116165
0.2641255605381166,0.24394618834080717,0.3004484304932735,0.1914798206278027
0.26437806509139544,0.23807400802496656,0.3053945608559964,0.19215336602764155
0.26186213070725156,0.2430617726051925,0.3052820053715309,0.18979409131602507
0.26006191950464397,0.24148606811145512,0.3065015479876161,0.19195046439628483
0.2633214920071048,0.24289520426287745,0.3006216696269982,0.19316163410301954
0.2692307692307692,0.23430592396109637,0.29929266136162685,0.1971706454465075
0.26666666666666666,0.23445190156599552,0.30156599552572705,0.19731543624161074
0.2702823845809054,0.2285970416853429,0.30838189152846257,0.1927386822052891
0.2667560321715818,0.24128686327077747,0.30294906166219837,0.18900804289544235
0.25955555555555554,0.24711111111111111,0.3022222222222222,0.19111111111111112
0.26005361930294907,0.24441465594280606,0.30563002680965146,0.18990169794459338
0.250780901383311,0.25122713074520303,0.30834448906738066,0.18964747880410532
0.2515695067264574,0.2430493273542601,0.31031390134529147,0.19506726457399104
0.25111507582515613,0.252007136485281,0.3055307760927743,0.19134701159678857
0.24854194706146254,0.2521310004486317,0.3073126962763571,0.19201435621354868
0.24943820224719102,0.2575280898876405,0.30786516853932583,0.1851685393258427
0.24633821571238348,0.2569906790945406,0.30892143808255657,0.1877496671105193
0.24944616747895437,0.26007975188303056,0.3043863535666814,0.18608772707133364
0.25112107623318386,0.2609865470852018,0.3053811659192825,0.18251121076233184
0.2501128668171558,0.2677200902934537,0.3047404063205418,0.17742663656884877
0.2553097345132743,0.26371681415929205,0.3,0.18097345132743362
0.25168842863574964,0.2611436289959478,0.2980639351643404,0.18910400720396217
0.25794894760412,0.25436632333184056,0.29646215853112406,0.19122257053291536
0.25739910313901343,0.2569506726457399,0.29775784753363227,0.18789237668161435
0.25611382836816365,0.2565584704313028,0.2947976878612717,0.1925300133392619
0.25099778270509976,0.25809312638580933,0.3028824833702882,0.18802660753880265
0.25,0.2659010600706714,0.29372791519434627,0.19037102473498232
0.25011047282368537,0.26380910296067167,0.30048608042421565,0.1855943437914273
0.2526690391459075,0.25934163701067614,0.30338078291814946,0.1846085409252669
0.24833407374500222,0.26254997778764994,0.3025322079075966,0.18658374055975122
0.2535778175313059,0.2634168157423971,0.2974060822898032,0.18559928443649373
0.25401785714285713,0.26607142857142857,0.296875,0.18303571428571427
0.25625,0.26964285714285713,0.29464285714285715,0.17946428571428572
0.24809673085535155,0.27138378862516793,0.2973578145991939,0.1831616659202866
0.2517953321364452,0.2670556552962298,0.2971274685816876,0.18402154398563733
0.24821428571428572,0.2683035714285714,0.29285714285714287,0.190625
0.25234061524743645,0.26794471689701294,0.29246544806063307,0.18724921979491752
0.2530174340634779,0.26955744300402323,0.28967367009387573,0.18775145283862316
0.2513345195729537,0.26912811387900354,0.29359430604982206,0.18594306049822065
0.24561403508771928,0.27530364372469635,0.28654970760233917,0.19253261358524518
0.24197860962566844,0.27762923351158647,0.2914438502673797,0.1889483065953654
0.24656927844178841,0.2784417884019478,0.28818061088977426,0.1868083222664896
0.24369747899159663,0.2914639540026537,0.2812914639540027,0.183547103051747
0.24742268041237114,0.29538323621694307,0.2787987449574182,0.1783953384132676
0.2435440783615316,0.2889581478183437,0.27960819234194123,0.18788958147818344
0.2422192151556157,0.2918358141632837,0.2719891745602165,0.19395579612088407
0.23983739837398374,0.2981029810298103,0.26874435411020775,0.1933152664859982
0.23584485064645563,0.2915737851092287,0.2724030316540348,0.20017833259028087
0.23461195361284568,0.2903657448706512,0.2769848349687779,0.19803746654772525
0.23605533244087462,0.2931726907630522,0.27309236947791166,0.19767960731816153
0.24238351254480286,0.29345878136200715,0.2647849462365591,0.19937275985663083
0.24660633484162897,0.29547511312217195,0.26289592760180996,0.19502262443438914
0.24821109123434704,0.29427549194991054,0.268783542039356,0.1887298747763864
0.24425416854438936,0.29517800811176204,0.2708427219468229,0.1897251013970257
0.2473993668023519,0.29534147444595205,0.27182270465852554,0.1854364540931705
0.24321880650994576,0.29249547920433994,0.27622061482820975,0.18806509945750452
0.2365350089766607,0.289048473967684,0.27827648114901254,0.19614003590664272
0.23128342245989306,0.2914438502673797,0.27450980392156865,0.20276292335115864
0.2300045187528242,0.28694080433800273,0.27428829643018526,0.2087663804789878
0.23049001814882034,0.2872050816696915,0.2754083484573503,0.20689655172413793
0.22871376811594202,0.2857789855072464,0.2726449275362319,0.2128623188405797
0.2250559284116331,0.27874720357941835,0.2738255033557047,0.22237136465324384
0.2263064658990257,0.27679362267493357,0.27147918511957486,0.2254207263064659
0.2274562584118439,0.2781516375056079,0.2741139524450426,0.2202781516375056
0.22711111111111112,0.2733333333333333,0.28,0.21955555555555556
0.23283983849259757,0.2687303723642889,0.2700762673844773,0.22835352175863616
0.23473967684021543,0.26750448833034113,0.2643626570915619,0.2333931777378815
0.23529411764705882,0.2680229986731535,0.26094648385670055,0.23573639982308714
0.23404255319148937,0.2699468085106383,0.26108156028368795,0.2349290780141844
0.23283983849259757,0.2691790040376851,0.2557200538358008,0.24226110363391656
0.23654957759004003,0.2618941751889729,0.2627834593152512,0.2387727879057359
0.23458445040214476,0.2649687220732797,0.25960679177837354,0.24084003574620197
0.2374164810690423,0.265924276169265,0.25657015590200444,0.2400890868596882
0.23107747105966162,0.26892252894033836,0.25868210151380233,0.2413178984861977
0.24150430448572724,0.2628001812415043,0.2632532850022655,0.23244222927050295
0.24125560538116592,0.26547085201793724,0.2600896860986547,0.23318385650224216
0.23773075191355245,0.26564610535794686,0.2579918955425484,0.23863124718595227
0.23516287371709058,0.26595269968763946,0.26193663543061135,0.23694779116465864
0.2364774251229325,0.2641931157800626,0.2597228430934287,0.23960661600357622
0.23694779116465864,0.2655064703257474,0.2574743418116912,0.24007139669790273
0.24182713837886252,0.264218540080609,0.2530228392297358,0.24093148231079264
0.23965827338129497,0.2589928057553957,0.26258992805755393,0.23875899280575538
0.23232778027915355,0.2687978388113462,0.2611436289959478,0.23773075191355245
0.234375,0.271875,0.26071428571428573,0.2330357142857143
0.2375,0.2638392857142857,0.2638392857142857,0.23482142857142857
0.23434704830053668,0.26833631484794274,0.2678890876565295,0.22942754919499106
0.2332139659803044,0.26007162041181736,0.2730528200537153,0.23366159355416294
0.23052959501557632,0.2599020916777926,0.2661326212728082,0.24343569203382287
0.2298747763864043,0.259391771019678,0.2714669051878354,0.2392665474060823
0.22769640479360853,0.25920994229915667,0.27652019529516203,0.2365734576120728
0.22749445676274946,0.2572062084257206,0.27627494456762747,0.23902439024390243
0.22625448028673836,0.2625448028673835,0.27553763440860213,0.235663082437276
0.2196969696969697,0.2589126559714795,0.27807486631016043,0.24331550802139038
0.22052205220522053,0.2578757875787579,0.27767776777677766,0.24392439243924394
0.2193577566711895,0.2596110357304387,0.27634554500226144,0.24468566259611035
0.22554711924966503,0.25770433229120143,0.27422956677087984,0.24251898168825367
0.22541535698248766,0.25639874270318813,0.2748091603053435,0.24337674000898069
0.22767462422634838,0.2541998231653404,0.27365163572060125,0.24447391688771
0.22962629446195407,0.2521386762719496,0.275101305718145,0.24313372354795137
0.2268086995117621,0.2574345317354638,0.2707501109631602,0.24500665778961384
0.22000905387052966,0.2557718424626528,0.2729741964689905,0.25124490719782705
0.2168620378719567,0.2601442741208296,0.2723174030658251,0.25067628494138866
0.21578243423985732,0.2634864021399911,0.2670530539456086,0.253678109674543
0.21764442454097627,0.25660546350201524,0.26735333631885355,0.25839677563815494
0.2199281867145422,0.2594254937163375,0.26570915619389585,0.25493716337522443
0.2185251798561151,0.25764388489208634,0.266636690647482,0.25719424460431656
0.22433288104929897,0.25463591135232927,0.26232473993668026,0.25870646766169153
0.2256478999106345,0.25022341376228774,0.26184092940125114,0.2622877569258266
0.2258491398323776,0.2571680635200706,0.2602558447287164,0.2567269519188355
0.22899066251667408,0.25789239662072033,0.2565584704313028,0.2565584704313028
0.22563417890520696,0.25723186470850024,0.2607921673342234,0.25634178905206945
0.22603655818100757,0.26125724476148016,0.2541239411502452,0.2585822559072671
0.22,0.256,0.25555555555555554,0.26844444444444443
0.22459893048128343,0.2624777183600713,0.24955436720142601,0.26336898395721925
0.22217214961694456,0.2541685443893646,0.25957638575935105,0.26408292023433977
0.21973094170403587,0.26188340807174887,0.262780269058296,0.2556053811659193
0.22404614019520852,0.25998225377107365,0.2604259094942325,0.25554569653948533
0.21903052064631956,0.2589766606822262,0.2643626570915619,0.25763016157989227
0.22594880847308033,0.2506619593998235,0.26257722859664606,0.26081200353045014
0.22501120573733752,0.2519049753473779,0.2635589421783953,0.2595248767368893
0.22345624167036873,0.24788982674366947,0.25633051976899157,0.27232341181697023
0.22315882874889087,0.24755989352262645,0.25643300798580304,0.27284826974267967
0.22121896162528218,0.2474040632054176,0.2514672686230248,0.2799097065462754
0.22227211495285137,0.24786708576560396,0.24382577458464302,0.2860350246969017
0.2252894033837934,0.25111308993766696,0.23686553873552982,0.2867319679430098
0.22595078299776286,0.2501118568232662,0.23803131991051454,0.2859060402684564
0.2254594352308382,0.2528014343343792,0.236665172568355,0.2850739578664276
0.225377107364685,0.2515527950310559,0.2377994676131322,0.2852706299911269
0.23018360949395433,0.2512315270935961,0.2328705776981639,0.2857142857142857
0.23132313231323132,0.2524752475247525,0.2295229522952295,0.2866786678667867
0.2309770373705538,0.25393966681674923,0.2305267897343539,0.2845565060783431
0.2287756925826631,0.25960679177837354,0.23056300268096513,0.2810545129579982
0.22796762589928057,0.26169064748201437,0.23381294964028776,0.27652877697841727
0.23254779902178746,0.25878168074699864,0.22676745220097821,0.2819030680302357
0.2283393501805054,0.2585740072202166,0.2197653429602888,0.2933212996389892
0.23283983849259757,0.2602063705697622,0.21399730820995963,0.2929564827276806
0.23271577044735653,0.26299141436963397,0.21373700858563036,0.2905558065973791
0.2336448598130841,0.2634623943035158,0.21228304405874499,0.2906097018246551
0.2315270935960591,0.264666368114644,0.21854008060904612,0.2852664576802508
0.23576158940397351,0.2640176600441501,0.21545253863134659,0.2847682119205298
0.22935368043087973,0.26885098743267505,0.21723518850987433,0.2845601436265709
0.23073516386182463,0.27236492471213464,0.21922054915854738,0.27767936226749335
0.2319290465631929,0.2709534368070953,0.21906873614190686,0.2780487804878049
0.22538392050587172,0.2764227642276423,0.2186088527551942,0.27958446251129176
0.23003194888178913,0.27521679598356913,0.21633957097215883,0.2784116841624829
0.23486901535682023,0.27100271002710025,0.22312556458897922,0.27100271002710025
0.2315270935960591,0.2686968204209583,0.22525750111957007,0.27451858486341246
0.23427041499330656,0.26327532351628735,0.22980812137438644,0.2726461401160196
0.2356115107913669,0.26393884892086333,0.22661870503597123,0.2738309352517986
0.23513634331694233,0.26553419758605273,0.22038444345105052,0.2789450156459544
0.2281639928698752,0.26559714795008915,0.22058823529411764,0.285650623885918
0.231216457960644,0.2634168157423971,0.22227191413237926,0.2830948121645796
0.23122171945701359,0.2683257918552036,0.21990950226244343,0.28054298642533937
0.23518930957683742,0.2712694877505568,0.21648106904231626,0.27706013363028953
0.23076923076923078,0.26900584795321636,0.21997300944669365,0.2802519118308592
0.2257346393588602,0.27604630454140694,0.21816562778272486,0.280053428317008
0.2236665172568355,0.2707306140744061,0.21918422232182877,0.28641864634692965
0.22658340767172166,0.272078501338091,0.22390722569134702,0.2774308652988403
0.23076923076923078,0.26900844819919967,0.22098710538016897,0.27923521565140064
0.2292418772563177,0.273014440433213,0.2184115523465704,0.2793321299638989
0.22844444444444445,0.2697777777777778,0.22133333333333333,0.28044444444444444
0.22835352175863616,0.26693584567070433,0.23014804845222073,0.27456258411843876
0.22843093428699152,0.2713455520786768,0.22574877067501117,0.2744747429593205
0.22757999098693105,0.27534925642181163,0.2266786840919333,0.270392068499324
0.23429844097995545,0.2717149220489978,0.22538975501113587,0.26859688195991094
0.23743886171631837,0.2743441529568697,0.2218763895064473,0.2663405958203646
0.2377994676131322,0.2803904170363798,0.21428571428571427,0.2675244010647737
0.24434389140271492,0.27601809954751133,0.21131221719457013,0.2683257918552036
0.24202963628199373,0.2766052986079928,0.21463852716659182,0.26672653794342166
0.24505395683453238,0.27428057553956836,0.21267985611510792,0.26798561151079137
0.2391500904159132,0.27757685352622063,0.21564195298372513,0.26763110307414106
0.24012567324955117,0.2764811490125673,0.21543985637342908,0.26795332136445243
0.24697445091887046,0.27431645002241145,0.21156432093231733,0.2671447781264007
0.24548736462093862,0.2703068592057762,0.21074007220216606,0.27346570397111913
0.25377107364685003,0.2741792369121562,0.20718722271517304,0.26486246672582076
0.2517857142857143,0.26875,0.20758928571428573,0.271875
0.25177619893428066,0.26953818827708703,0.20293072824156305,0.27575488454706926
0.2567084078711986,0.27325581395348836,0.20080500894454384,0.2692307692307692
0.2547085201793722,0.2713004484304933,0.20493273542600896,0.26905829596412556
0.2571556350626118,0.27057245080500897,0.2016994633273703,0.27057245080500897
0.256478999106345,0.2707774798927614,0.2037533512064343,0.26899016979445933
0.25492831541218636,0.2764336917562724,0.20206093189964158,0.26657706093189965
0.25279142474318894,0.2719964269763287,0.20946851272889683,0.26574363555158553
0.25662921348314605,0.27730337078651685,0.19865168539325842,0.26741573033707866
0.25282677521483493,0.2772501130710086,0.2062415196743555,0.263681592039801
0.25815217391304346,0.27309782608695654,0.20833333333333334,0.2604166666666667
0.2584421431787483,0.2714993246285457,0.2080144079243584,0.2620441242683476
0.25505163897620114,0.27211495285136955,0.20790300853165694,0.26493039964077236
0.24966442953020135,0.27293064876957496,0.2080536912751678,0.26935123042505593
0.2483281319661168,0.26972804279982165,0.21266161390994204,0.2692822113241195
0.24966322406825325,0.2694207453973956,0.20925011225864393,0.27166591827570724
0.24674157303370786,0.26741573033707866,0.21348314606741572,0.2723595505617977
0.2560646900269542,0.2695417789757412,0.20575022461814915,0.26864330637915546
0.24732142857142858,0.26205357142857144,0.20758928571428573,0.2830357142857143
0.2483221476510067,0.2612975391498881,0.20626398210290828,0.2841163310961969
0.24393530997304583,0.2641509433962264,0.20799640610961365,0.2839173405211141
0.2413178984861977,0.26001780943900266,0.21237756010685663,0.286286731967943
0.24307417336907952,0.2631814119749777,0.2167113494191242,0.2770330652368186
0.24068253255500674,0.2572968118545128,0.22047597665020208,0.2815446789402784
0.24157801418439717,0.25930851063829785,0.21365248226950354,0.2854609929078014
0.2451067615658363,0.25355871886120995,0.2157473309608541,0.28558718861209964
0.2412712623097583,0.25783348254252464,0.20948970456580127,0.29140555058191586
0.2503293807641634,0.25252525252525254,0.20992534036012298,0.2872200263504611
0.25873507297655907,0.24635117204776646,0.21008403361344538,0.2848297213622291
0.2554517133956386,0.2416555407209613,0.210057854917668,0.29283489096573206
0.2549800796812749,0.23992917220008853,0.2107127047366091,0.29437804338202744
0.2555853440571939,0.24307417336907952,0.2068811438784629,0.29445933869526364
0.2562747688243065,0.23557904007045355,0.21003963011889035,0.29810656098634963
0.24977618621307074,0.24350940017905104,0.211727842435094,0.29498657117278426
0.24674742036787797,0.24405563032750113,0.21399730820995963,0.2951996410946613
0.23953695458593055,0.2475512021371327,0.20970614425645592,0.30320569902048083
0.23805229936880073,0.24752028854824165,0.20559062218214608,0.30883678990081154
0.23935454952935903,0.24742268041237114,0.20708202599731063,0.3061407440609592
0.2430617726051925,0.2403760071620412,0.21307072515666964,0.3034914950760967
0.24167416741674166,0.24032403240324032,0.21107110711071106,0.3069306930693069
0.2444745151105097,0.24402345511953089,0.2074875958502481,0.30401443391971134
0.24464285714285713,0.24464285714285713,0.20625,0.3044642857142857
0.24463327370304114,0.24821109123434704,0.20572450805008943,0.30143112701252234
0.24488888888888888,0.24488888888888888,0.20622222222222222,0.304
0.247974797479748,0.24077407740774076,0.20117011701170118,0.3100810081008101
0.24136384028712426,0.23912068192014357,0.2027815163750561,0.31673396141767607
0.2458125848800362,0.23630602082390223,0.2019013128112268,0.31598008148483475
0.242914979757085,0.23616734143049933,0.19613135402609086,0.3247863247863248
0.2457777777777778,0.23555555555555555,0.2008888888888889,0.31777777777777777
0.24461400359066426,0.23967684021543986,0.19748653500897667,0.31822262118491923
0.24732620320855614,0.23885918003565063,0.2014260249554367,0.3123885918003565
0.2583370386838595,0.23788350377945755,0.19297465540240108,0.3108048021342819
0.2611036339165545,0.23373710183938987,0.1942575145805294,0.31090174966352624
0.254416961130742,0.23630742049469966,0.19522968197879859,0.31404593639575973
0.2557726465364121,0.2322380106571936,0.19538188277087035,0.316607460035524
0.25861297539149886,0.23310961968680088,0.19015659955257272,0.3181208053691275
0.2592093441150045,0.2376460017969452,0.19227313566936208,0.3108715184186882
0.2585740072202166,0.23691335740072203,0.1917870036101083,0.31272563176895307
0.26607142857142857,0.23080357142857144,0.19330357142857144,0.3098214285714286
0.26749888542131073,0.2362906821221578,0.18947837717342844,0.306732055283103
0.26071428571428573,0.23794642857142856,0.19464285714285715,0.3066964285714286
0.2643269657929809,0.23367392270102177,0.18702798756108396,0.3149711239449134
0.2605979473449353,0.23605533244087462,0.18429272646140116,0.3190539937527889
0.26308724832214764,0.23534675615212527,0.18747203579418345,0.31409395973154364
0.26499552372426144,0.2439570277529096,0.18263205013428827,0.3084153983885407
0.25515695067264577,0.24484304932735426,0.18295964125560538,0.3170403587443946
0.26227272727272727,0.23681818181818182,0.1831818181818182,0.31772727272727275
0.2642762284196547,0.2434705621956618,0.1806108897742364,0.3116423196104471
0.2547545333923043,0.24723573639982308,0.183547103051747,0.3144626271561256
0.25686448184233834,0.24446412754650132,0.18024800708591673,0.3184233835252436
0.25333333333333335,0.24533333333333332,0.1817777777777778,0.31955555555555554
0.25391148860080465,0.24139472507822976,0.1823871256146625,0.3223066607063031
0.24650743578188372,0.24245155475439387,0.18476791347453808,0.3262730959891843
0.2469415496148618,0.24558223833257817,0.1866787494336203,0.3207974626189397
0.24944320712694878,0.24810690423162585,0.18841870824053453,0.31403118040089084
0.24743646901471245,0.2545697726259474,0.18858671422202408,0.30940704413731607
0.24350940017905104,0.24977618621307074,0.19158460161145927,0.315129811996419
0.24207235372934346,0.25279142474318894,0.19071013845466725,0.31442608307280034
0.24263038548752835,0.2503401360544218,0.1909297052154195,0.3160997732426304
0.24171888988361684,0.24798567591763654,0.19337511190689347,0.3169203222918532
0.2382882882882883,0.24594594594594596,0.19594594594594594,0.31981981981981983
0.23373710183938987,0.2494392104082548,0.19515477792732167,0.32166890982503366
0.2305282005371531,0.2421665174574754,0.19695613249776187,0.3303491495076097
0.2368888888888889,0.24222222222222223,0.19333333333333333,0.32755555555555554
0.2377560106856634,0.25155832591273375,0.1892252894033838,0.32146037399821903
0.2382012466607302,0.2471059661620659,0.18744434550311664,0.3272484416740873
0.236983842010772,0.24775583482944344,0.18850987432675045,0.3267504488330341
0.23197492163009403,0.24720107478728168,0.1930138826690551,0.3278101209135692
0.23468468468468467,0.240990990990991,0.19054054054054054,0.33378378378378376
0.23484848484848486,0.2415329768270945,0.19073083778966132,0.33288770053475936
0.23263110712684895,0.2402510085163604,0.18735992828328105,0.3397579560735096
0.23909171861086376,0.23864648263579696,0.1892252894033838,0.3330365093499555
0.23983921393479232,0.23537293434569004,0.19517641804376953,0.3296114336757481
0.24074899687917967,0.2345073562193491,0.19215336602764155,0.3325902808738297
0.2457475380483438,0.23545210384959714,0.19158460161145927,0.3272157564905998
0.24622222222222223,0.23866666666666667,0.19155555555555556,0.32355555555555554
0.239981990094552,0.23367852318775326,0.19585772174696084,0.3304817649707339
0.2364774251229325,0.2288779615556549,0.19579794367456416,0.33884666964684845
0.2350861688024746,0.23066725585505965,0.1992929739284136,0.3349536014140521
0.232620320855615,0.23083778966131907,0.19607843137254902,0.3404634581105169
0.2390134529147982,0.2327354260089686,0.1977578475336323,0.3304932735426009
0.24068253255500674,0.224517287831163,0.203861697350696,0.33093848226313427
0.24289520426287745,0.22380106571936056,0.19982238010657194,0.33348134991119005
0.24697445091887046,0.22501120573733752,0.19497982967279248,0.33303451367099957
0.24710080285459413,0.2207850133809099,0.2016057091882248,0.3305084745762712
0.24355555555555555,0.22088888888888888,0.2008888888888889,0.33466666666666667
0.23835125448028674,0.22132616487455198,0.20474910394265233,0.335573476702509
0.2448522829006267,0.2144136078782453,0.20725156669650852,0.3334825425246195
0.24812362030905077,0.21545253863134659,0.2,0.33642384105960266
0.2467706013363029,0.21514476614699332,0.2022271714922049,0.33585746102449887
0.25,0.21601073345259392,0.1967799642218247,0.3372093023255814
0.2479892761394102,0.21805183199285075,0.19571045576407506,0.338248436103664
0.24041034790365745,0.21900089206066012,0.19580731489741302,0.3447814451382694
0.24247867085765604,0.2195779074988774,0.1917377638078132,0.3462056578356533
0.2401242787394585,0.2210386151797603,0.19218819351975144,0.34664891256102975
0.24420677361853832,0.22147950089126558,0.18983957219251338,0.3444741532976827
0.24273580688421995,0.22172552525704067,0.1975860527492177,0.3379526151095217
0.24788982674366947,0.22212350066637052,0.20390937361172812,0.3260772989782319
0.24265360641139805,0.2315227070347284,0.1981300089047195,0.327693677649154
0.24093148231079264,0.22525750111957007,0.20107478728168382,0.33273622928795343
0.2445239159588735,0.2248547161376844,0.20473848904783193,0.3258828788556102
0.2494371904547501,0.22827555155335436,0.20036019810895994,0.32192705988293563
0.24831913939937247,0.2285970416853429,0.20304796055580457,0.32003585835948006
0.23875899280575538,0.2302158273381295,0.2135791366906475,0.31744604316546765
0.2443054935238946,0.22912014292094685,0.21125502456453774,0.3153193389906208
0.23955555555555555,0.232,0.21422222222222223,0.31422222222222224
0.24350940017905104,0.23545210384959714,0.21083258728737692,0.3102059086839749
0.24433585073300756,0.23145268769435806,0.21012883163038648,0.3140826299422479
0.24573991031390136,0.2282511210762332,0.20896860986547086,0.3170403587443946
0.24372759856630824,0.22311827956989247,0.20922939068100357,0.3239247311827957
0.2391496899911426,0.2267493356953056,0.2112488928255093,0.3228520814880425
0.23811639271434917,0.2310084406930253,0.20613060861839183,0.3247445579742337
0.23495318769505127,0.231832367365136,0.20463664734730272,0.32857779759251005
0.23524189968930315,0.23524189968930315,0.20239680426098536,0.3271193963604083
0.2334075723830735,0.23474387527839644,0.2089086859688196,0.32293986636971045
0.23960216998191683,0.22920433996383363,0.21021699819168174,0.3209764918625678
0.23912068192014357,0.22790489008524,0.2063705697622252,0.3266038582323912
0.2366890380313199,0.22863534675615213,0.20894854586129755,0.3257270693512304
0.24007139669790273,0.22936189201249443,0.2101740294511379,0.320392681838465
0.22935368043087973,0.23518850987432674,0.21813285457809695,0.3173249551166966
0.22701021768103066,0.2363394047090182,0.21723678365171034,0.31941359395824076
0.22586439155814997,0.23709025594970812,0.21463852716659182,0.3224068253255501
0.23025435073627845,0.23739402052655065,0.21151271753681392,0.32083891120035696
0.23021904336164506,0.2373714796602593,0.21591417076441663,0.31649530621367905
0.23369079535299375,0.23637176050044684,0.21492403932082216,0.31501340482573725
0.23503521126760563,0.23899647887323944,0.21830985915492956,0.3076584507042254
0.24014336917562723,0.2325268817204301,0.2199820788530466,0.30734767025089604
0.23929698062190174,0.2302839116719243,0.21451104100946372,0.31590806669671023
0.24012567324955117,0.23518850987432674,0.20915619389587073,0.31552962298025133
0.24400181077410593,0.22181982797645994,0.21231326392032593,0.3218650973291082
0.2402334979793444,0.2209250112258644,0.21374045801526717,0.325101032779524
0.23738738738738738,0.22207207207207208,0.21621621621621623,0.32432432432432434
0.23508299685957829,0.22386720502467475,0.21220278151637506,0.32884701659937193
0.23906179521876408,0.2210193955796121,0.21380243572395127,0.3261163734776725
0.24092558983666063,0.22277676950998185,0.20689655172413793,0.3294010889292196
0.23704371338440738,0.22217214961694456,0.21270842721946823,0.3280757097791798
0.2443054935238946,0.21974095578383207,0.2170611880303707,0.31889236266190263
0.24515547543938712,0.2181162685894547,0.2181162685894547,0.3186119873817035
0.24722098710538018,0.21654068474877725,0.2187638950644731,0.3174744330813695
0.24254561637739208,0.22029372496662217,0.2140631953716066,0.32309746328437916
0.2446236559139785,0.21818996415770608,0.21415770609318996,0.32302867383512546
0.2428698752228164,0.22415329768270945,0.2161319073083779,0.31684491978609625
0.24707470747074708,0.21917191719171916,0.21332133213321333,0.32043204320432045
0.25144124168514415,0.21773835920177384,0.21286031042128603,0.317960088691796
0.25378450578806766,0.21727515583259127,0.21104185218165628,0.3178984861976848
0.2421005785491767,0.22073876279483756,0.21717846016911438,0.31998219848687137
0.24776785714285715,0.21875,0.2174107142857143,0.31607142857142856
0.2537980339588919,0.21894548704200179,0.21537086684539766,0.3118856121537087
0.2501114578689255,0.22068658047258136,0.22113241194828354,0.30806954971020956
0.25022261798753337,0.2226179875333927,0.21905609973285842,0.3081032947462155
0.25055728934462773,0.2255907267053054,0.219794917521177,0.30405706642888986
0.2503358710255262,0.2239140170174653,0.2140618002686968,0.3116883116883117
0.2514463729417,0.22696929238985314,0.2064975522919448,0.315086782376502
0.24378330373001778,0.23845470692717585,0.2100355239786856,0.3077264653641208
0.24128686327077747,0.2386058981233244,0.21134941912421806,0.3087578194816801
0.2421005785491767,0.2340898976412995,0.2082777036048064,0.31553182020471743
0.2453083109919571,0.2354781054512958,0.20420017873100982,0.31501340482573725
0.24673570463755065,0.23367852318775326,0.20666366501575867,0.3129221071589374
0.24877177311299686,0.23046002679767755,0.20544886109870478,0.3153193389906208
0.24777580071174377,0.23665480427046262,0.2001779359430605,0.3153914590747331
0.24529991047448524,0.2332139659803044,0.20546105640107432,0.3160250671441361
0.23975044563279857,0.24197860962566844,0.20766488413547238,0.3106060606060606
0.24842200180342652,0.23805229936880073,0.2042380522993688,0.30928764652840396
0.24281867145421904,0.2365350089766607,0.2078096947935368,0.3128366247755835
0.24388072986203826,0.2385402759234535,0.20516243880729862,0.31241655540720964
0.24572457245724572,0.23177317731773178,0.21062106210621062,0.3118811881188119
0.24620874219446923,0.23550401427297057,0.2127564674397859,0.3055307760927743
0.24711623779946762,0.23425022182786157,0.21561668145519078,0.30301685891748004
0.24813022437307522,0.23845138583369996,0.21425428948526176,0.29916410030796303
0.24432576769025366,0.23542501112594572,0.2140631953716066,0.30618602581219406
0.2529572338489536,0.22975432211101002,0.21064604185623295,0.30664240218380345
0.24842200180342652,0.23038773669972948,0.21596032461677186,0.30522993688007216
0.25444839857651247,0.23354092526690393,0.21352313167259787,0.2984875444839858
0.2589126559714795,0.23039215686274508,0.21568627450980393,0.29500891265597146
0.25980392156862747,0.22593582887700533,0.2179144385026738,0.2963458110516934
0.26229508196721313,0.22374833850243686,0.21488701816570668,0.29906956136464335
0.2669642857142857,0.22142857142857142,0.2138392857142857,0.29776785714285714
0.2655064703257474,0.22311468094600626,0.21329763498438198,0.29808121374386437
0.2674366948023101,0.22745446468236338,0.2136828076410484,0.2914260328742781
0.2632286995515695,0.2304932735426009,0.22017937219730943,0.2860986547085202
0.2628797886393659,0.23029502421840597,0.22545134302069572,0.2813738441215324
0.2619153674832962,0.22806236080178174,0.2285077951002227,0.2815144766146993
0.2630395683453237,0.21987410071942445,0.22302158273381295,0.29406474820143885
0.2631338510735496,0.22019186843307445,0.23024211968935587,0.2864321608040201
0.25994575045207957,0.22377938517179025,0.23688969258589512,0.2793851717902351
0.2630395683453237,0.2189748201438849,0.23516187050359713,0.28282374100719426
0.26011560693641617,0.22276567363272565,0.23388172521120498,0.2832369942196532
0.2580213903743315,0.22103386809269163,0.2357397504456328,0.28520499108734404
0.2546916890080429,0.22028596961572833,0.2386058981233244,0.2864164432529044
0.2524886877828054,0.2171945701357466,0.24615384615384617,0.2841628959276018
0.24910394265232974,0.22043010752688172,0.2517921146953405,0.278673835125448
0.246415770609319,0.22401433691756273,0.253584229390681,0.27598566308243727
0.24133333333333334,0.22711111111111112,0.2551111111111111,0.27644444444444444
0.24811696942844483,0.2259636685866194,0.2512184315463004,0.27470093043863536
0.24695808922938262,0.2316358720144209,0.24740874267688148,0.273997296079315
0.24342701722574797,0.23526745240253852,0.2470534904805077,0.2742520398912058
0.24598214285714284,0.23616071428571428,0.24464285714285713,0.2732142857142857
0.24744103248776145,0.24032042723631508,0.24299065420560748,0.26924788607031597
0.24592391304347827,0.23822463768115942,0.24456521739130435,0.271286231884058
0.24652622142536978,0.23307933662034963,0.24428507395786642,0.27610936799641417
0.25066785396260016,0.23285841495992876,0.24532502226179875,0.2711487088156723
0.24865831842576028,0.22942754919499106,0.24776386404293382,0.27415026833631484
0.23994638069705093,0.23145665773011617,0.2529043789097408,0.27569258266309205
0.24437443744374437,0.23627362736273627,0.2524752475247525,0.2668766876687669
0.25066904549509367,0.231935771632471,0.25066904549509367,0.26672613737734163
0.247538048343778,0.229632945389436,0.25470008952551476,0.26812891674127126
0.2415929203539823,0.23141592920353982,0.2504424778761062,0.27654867256637167
0.2413178984861977,0.23374888691006232,0.25512021371326804,0.26981300089047194
0.24453369031682284,0.23382418563141455,0.2525658188308791,0.26907630522088355
0.24389140271493212,0.23800904977375564,0.24343891402714932,0.2746606334841629
0.2508976660682226,0.23473967684021543,0.24416517055655296,0.27019748653500897
0.24800354924578527,0.23380656610470274,0.2466725820763088,0.27151730257320317
0.2517825311942959,0.23663101604278075,0.2482174688057041,0.26336898395721925
0.2552910052910053,0.2345679012345679,0.25132275132275134,0.2588183421516755
0.2584726615454135,0.23407139629462267,0.24988703117939448,0.2575689109805694
0.25769927536231885,0.23369565217391305,0.25,0.2586050724637681
0.25829596412556055,0.2336322869955157,0.25739910313901343,0.2506726457399103
0.2624943719045475,0.23367852318775326,0.25033768572714993,0.2534894191805493
0.260752688172043,0.23700716845878136,0.239247311827957,0.26299283154121866
0.2575011195700851,0.24048365427675772,0.238692342140618,0.26332288401253917
0.25881302989736726,0.23962516733601072,0.23516287371709058,0.26639892904953144
0.2597864768683274,0.23887900355871886,0.22998220640569395,0.2713523131672598
0.2572202166064982,0.23826714801444043,0.2319494584837545,0.27256317689530685
0.2568848758465011,0.24243792325056435,0.23521444695259594,0.2654627539503386
0.26019503546099293,0.24468085106382978,0.23670212765957446,0.25842198581560283
0.2599374720857526,0.24028584189370256,0.23715944618133095,0.2626172398392139
0.2628091872791519,0.23895759717314488,0.23630742049469966,0.2619257950530035
0.25930851063829785,0.24113475177304963,0.2349290780141844,0.2646276595744681
0.25267379679144386,0.24732620320855614,0.23796791443850268,0.2620320855614973
0.25211958946898705,0.25211958946898705,0.23516287371709058,0.2605979473449353
0.24547920433996384,0.25316455696202533,0.23417721518987342,0.26717902350813744
0.24151785714285715,0.2544642857142857,0.23035714285714284,0.2736607142857143
0.24341223760607414,0.2554711924966503,0.2331397945511389,0.2679767753461367
0.2371823450735622,0.2599197503343736,0.23227819884083817,0.270619705751226
0.23632286995515694,0.24977578475336323,0.24394618834080717,0.2699551569506726
0.23627362736273627,0.2560756075607561,0.23537353735373537,0.2722772277227723
0.2388663967611336,0.2550607287449393,0.23661718398560505,0.2694556905083221
0.23307933662034963,0.25773195876288657,0.2384580905423577,0.2707306140744061
0.2334384858044164,0.2568724650743578,0.2352410995944119,0.2744479495268139
0.24175327609579755,0.2553095345684591,0.2349751468594668,0.26796204247627653
0.22928795342588446,0.2597402597402597,0.24272279444693237,0.2682489923869234
0.22731356693620844,0.25965858041329737,0.2416891284815813,0.27133872416891286
0.2242152466367713,0.2591928251121076,0.24887892376681614,0.2677130044843049
0.22459893048128343,0.2571301247771836,0.24688057040998218,0.2713903743315508
0.22654155495978553,0.257372654155496,0.24888293118856122,0.26720285969615726
0.2262222222222222,0.2568888888888889,0.24844444444444444,0.26844444444444443
0.22493345164152617,0.2573203194321207,0.2422360248447205,0.2755102040816326
0.22582096266306792,0.26045883940620784,0.23661718398560505,0.2771030139451192
0.22202327663384064,0.26230975828111014,0.23813786929274844,0.2775290957923008
0.21868083222664897,0.2647189021691014,0.23683045595396193,0.27976980965028775
0.22251655629139072,0.25739514348785875,0.24282560706401765,0.2772626931567329
0.22425323227819885,0.2567989300044583,0.23896567097637092,0.2799821667409719
0.22587917042380523,0.2551848512173129,0.23850315599639316,0.28043282236248873
0.22636363636363635,0.26181818181818184,0.23545454545454544,0.27636363636363637
0.23121387283236994,0.26411738550466873,0.2285460204535349,0.27612272120942644
0.23170184104176023,0.2640323304894477,0.23215087561742254,0.27211495285136955
0.2375222816399287,0.2638146167557932,0.22281639928698752,0.2758467023172905
0.23379526151095217,0.2668752793920429,0.22306660706303086,0.27626285203397405
0.23598026020637056,0.2682817406908928,0.21982951996410946,0.2759084791386272
0.23125,0.26160714285714287,0.2236607142857143,0.28348214285714285
0.22623828647925034,0.26639892904953144,0.22400713966979027,0.28335564480142794
0.22907290729072907,0.26372637263726373,0.21917191719171916,0.28802880288028804
0.23239120681920145,0.2691790040376851,0.2180349932705249,0.2803947958725886
0.2343115124153499,0.2695259593679458,0.2144469525959368,0.2817155756207675
0.23733333333333334,0.2644444444444444,0.21733333333333332,0.2808888888888889
0.23915958873491283,0.27000447027268665,0.2127849798837729,0.27805096110862765
0.24350940017905104,0.26768128916741274,0.2144136078782453,0.27439570277529096
0.2471808750563825,0.2647722147045557,0.2183130356337393,0.2697338746053225
0.24697445091887046,0.27162707306140743,0.21604661586732407,0.26535186015239803
0.2498888394842152,0.26856380613606046,0.22098710538016897,0.2605602489995554
