C,D,Oc,Od
1.0,0.0,0.0,0.0
0.75,0.0,0.0,0.25
0.6,0.0,0.2,0.2
0.5555555555555556,0.2222222222222222,0.1111111111111111,0.1111111111111111
0.7142857142857143,0.14285714285714285,0.07142857142857142,0.07142857142857142
0.75,0.1,0.05,0.1
0.7272727272727273,0.09090909090909091,0.09090909090909091,0.09090909090909091
0.75,0.08333333333333333,0.08333333333333333,0.08333333333333333
0.7333333333333333,0.1,0.06666666666666667,0.1
0.7142857142857143,0.16666666666666666,0.047619047619047616,0.07142857142857142
0.7391304347826086,0.15217391304347827,0.043478260869565216,0.06521739130434782
0.76,0.14,0.04,0.06
0.7619047619047619,0.1746031746031746,0.015873015873015872,0.047619047619047616
0.7926829268292683,0.15853658536585366,0.012195121951219513,0.036585365853658534
0.8041237113402062,0.14432989690721648,0.020618556701030927,0.030927835051546393
0.8316831683168316,0.10891089108910891,0.019801980198019802,0.039603960396039604
0.8740157480314961,0.07874015748031496,0.023622047244094488,0.023622047244094488
0.9060402684563759,0.06040268456375839,0.013422818791946308,0.020134228187919462
0.9096045197740112,0.062146892655367235,0.011299435028248588,0.01694915254237288
0.9064039408866995,0.059113300492610835,0.014778325123152709,0.019704433497536946
0.9090909090909091,0.05,0.01818181818181818,0.022727272727272728
0.92,0.04,0.016,0.024
0.9166666666666666,0.036231884057971016,0.025362318840579712,0.021739130434782608
0.9079754601226994,0.03987730061349693,0.02147239263803681,0.03067484662576687
0.9078947368421053,0.039473684210526314,0.02368421052631579,0.02894736842105263
0.9180327868852459,0.0351288056206089,0.01873536299765808,0.02810304449648712
0.9232409381663113,0.029850746268656716,0.017057569296375266,0.029850746268656716
0.9365384615384615,0.019230769230769232,0.015384615384615385,0.028846153846153848
0.9357142857142857,0.019642857142857142,0.014285714285714285,0.030357142857142857
0.9288025889967637,0.019417475728155338,0.014563106796116505,0.0372168284789644
0.9162995594713657,0.022026431718061675,0.014684287812041116,0.04698972099853157
0.9199457259158752,0.0203527815468114,0.013568521031207599,0.04613297150610583
0.9122807017543859,0.022556390977443608,0.016290726817042606,0.04887218045112782
0.9106529209621993,0.01718213058419244,0.018327605956471937,0.053837342497136315
0.917558886509636,0.014989293361884369,0.017130620985010708,0.05032119914346895
0.909452736318408,0.01691542288557214,0.01890547263681592,0.05472636815920398
0.9079925650557621,0.016728624535315983,0.020446096654275093,0.05483271375464684
0.911504424778761,0.016814159292035398,0.017699115044247787,0.05398230088495575
0.912751677852349,0.014261744966442953,0.02097315436241611,0.05201342281879195
0.9128043990573449,0.012568735271013355,0.0204241948153967,0.05420267085624509
0.9125188536953243,0.01583710407239819,0.01885369532428356,0.05279034690799397
0.9082437275985663,0.017921146953405017,0.02007168458781362,0.053763440860215055
0.907446068197634,0.019485038274182326,0.024356297842727904,0.04871259568545581
0.9103989535644212,0.01765860039241334,0.02158273381294964,0.050359712230215826
0.9065066329753633,0.01958307012002527,0.01958307012002527,0.05432722678458623
0.9035033804548248,0.020282728948985862,0.0215119852489244,0.054701905347264906
0.8940677966101694,0.024818401937046004,0.021791767554479417,0.059322033898305086
0.8972125435540069,0.025551684088269456,0.019744483159117306,0.05749128919860627
0.893507972665148,0.03018223234624146,0.01879271070615034,0.057517084282460135
0.8870614035087719,0.029605263157894735,0.020833333333333332,0.0625
0.8857908847184987,0.030026809651474532,0.022520107238605896,0.06166219839142091
0.8901795142555439,0.028511087645195353,0.02164730728616684,0.05966209081309398
0.8939549180327869,0.027151639344262294,0.019979508196721313,0.05891393442622951
0.8896725440806046,0.027707808564231738,0.02216624685138539,0.060453400503778336
0.8909180651530109,0.02566633761105627,0.020236920039486673,0.0631786771964462
0.8845043310875842,0.026948989412897015,0.02358036573628489,0.06496631376323388
0.8800764452938366,0.02771141901576684,0.02866698518872432,0.06354515050167224
0.8876298394711992,0.025495750708215296,0.027384324834749764,0.059490084985835696
0.883177570093458,0.02336448598130841,0.030373831775700934,0.0630841121495327
0.8830032243205896,0.02487333026255182,0.032243205895900504,0.059880239520958084
0.8825426070935053,0.025794564716720404,0.03454629203132197,0.05711653615845232
0.881739918441323,0.024467603081105575,0.0348889895786135,0.05890348889895786
0.8802502234137622,0.02680965147453083,0.035746201966041107,0.05719392314566577
0.8734234234234234,0.02702702702702703,0.036936936936936934,0.06261261261261261
0.8721399730820996,0.029609690444145357,0.037236428891879766,0.06101390758187528
0.8717948717948718,0.02961980548187445,0.034482758620689655,0.0641025641025641
0.8681757656458056,0.030181979582778518,0.037283621837549935,0.06435863293386596
0.8649489115948468,0.029320302087960905,0.037316748111950244,0.06841403820524211
0.8587973273942093,0.028062360801781736,0.0400890868596882,0.07305122494432072
0.856378233719893,0.030330062444246207,0.03969669937555754,0.0735950044603033
0.8525179856115108,0.02877697841726619,0.040467625899280574,0.07823741007194245
0.8536476868327402,0.028469750889679714,0.03959074733096085,0.07829181494661921
0.8488063660477454,0.028735632183908046,0.03801945181255526,0.08443854995579134
0.8399465002229157,0.029424877396344182,0.043245653143111906,0.08738296923762817
0.8388667552014165,0.0283311199645861,0.04736609119079239,0.08543603364320496
0.8382809038546744,0.028799291094373063,0.048294195835179445,0.08462560921577315
0.8378136200716846,0.028225806451612902,0.04883512544802868,0.08512544802867383
0.8348993288590604,0.02953020134228188,0.04697986577181208,0.08859060402684564
0.8348868175765646,0.031069684864624945,0.04971149578339991,0.08433200177541056
0.8395934600088378,0.029606716747680072,0.048608042421564294,0.0821917808219178
0.8423403305046896,0.0321572130415364,0.045556051808843236,0.07994640464493077
0.8459495351925631,0.03054448871181939,0.043824701195219126,0.0796812749003984
0.8439024390243902,0.03414634146341464,0.040798226164079826,0.0811529933481153
0.8355555555555556,0.034666666666666665,0.044444444444444446,0.08533333333333333
0.8354710305174702,0.03582485625829279,0.043343653250773995,0.08536045997346307
0.8312720848056537,0.0357773851590106,0.0446113074204947,0.08833922261484099
0.8335576491700314,0.03633916554508748,0.04441453566621804,0.08568864961866307
0.8365810451727193,0.0354295837023915,0.04428697962798937,0.08370239149689991
0.8343722172751559,0.034728406055209264,0.04541406945681211,0.0854853072128228
0.8326603858232391,0.03319874383131449,0.0462090623598026,0.08793180798564379
0.8334073745002222,0.03243003109729009,0.0444247001332741,0.08973789426921368
0.8289007092198581,0.03368794326241135,0.04698581560283688,0.09042553191489362
0.8258377425044092,0.03571428571428571,0.04497354497354497,0.09347442680776014
0.8291830493665356,0.03713411970292704,0.04456094364351245,0.0891218872870249
0.821113074204947,0.03666077738515901,0.04637809187279152,0.09584805653710247
0.8183836589698046,0.038632326820603906,0.04573712255772647,0.09724689165186501
0.8145665773011618,0.0388739946380697,0.04825737265415549,0.09830205540661305
0.8161175422974176,0.03695458593054319,0.04853072128227961,0.09839715048975957
0.8100706713780919,0.037102473498233215,0.04858657243816254,0.10424028268551237
0.8153371529308066,0.038342882327016305,0.045394446892904367,0.10092551784927281
0.8113374667847653,0.04030115146147033,0.04561558901682905,0.10274579273693533
0.8184222124283825,0.03966505068312032,0.042309387395328336,0.09960334949316879
0.8133333333333334,0.03955555555555555,0.044444444444444446,0.10266666666666667
0.806948109058927,0.03869832893579595,0.04529463500439754,0.1090589270008795
0.8001788109074653,0.04067948144836835,0.0464908359409924,0.1126508717031739
0.8014440433212996,0.04061371841155235,0.044675090252707585,0.11326714801444043
0.802754331408263,0.04309195912927588,0.04575744113727232,0.10839626832518881
0.8044543429844098,0.04053452115812917,0.044097995545657014,0.110913140311804
0.8031180400890868,0.04187082405345212,0.04498886414253898,0.11002227171492204
0.7995575221238939,0.04380530973451328,0.04424778761061947,0.11238938053097346
0.7989347536617842,0.04438526409232135,0.043941411451398134,0.11273857079449623
0.7969588550983899,0.04382826475849732,0.04338103756708408,0.11583184257602862
0.7956463793869392,0.04486894713460684,0.04620168813860506,0.11328298533984896
0.7976827094474154,0.04590017825311943,0.0481283422459893,0.10828877005347594
0.8033228558599013,0.0431073192635833,0.0449034575662326,0.1086663673102829
0.8044345898004435,0.03813747228381375,0.04478935698447894,0.11263858093126386
0.8015232974910395,0.036738351254480286,0.04435483870967742,0.11738351254480286
0.8038086802480071,0.03631532329495128,0.04472984942426927,0.11514614703277236
0.8057906458797327,0.03474387527839644,0.044543429844097995,0.11492204899777284
0.8051259390190013,0.034909412284577994,0.04595669465311533,0.11400795404330534
0.8049755664149267,0.0346512661039538,0.04620168813860506,0.11417147934251444
0.7984807864164433,0.035746201966041107,0.04647006255585344,0.1193029490616622
0.7979708866343185,0.035288928098809,0.04455227172474636,0.12218791354212616
0.7947019867549668,0.03576158940397351,0.046357615894039736,0.12317880794701987
0.7931494661921709,0.03291814946619217,0.0449288256227758,0.1290035587188612
0.7922077922077922,0.03537841468875952,0.04209583519928348,0.1303179579041648
0.7922769640479361,0.036395916555703504,0.04172214824678207,0.12960497114957834
0.7838565022421524,0.03856502242152467,0.042152466367713005,0.13542600896860987
0.7836153161175423,0.0365093499554764,0.04363312555654497,0.13624220837043632
0.7852706299911268,0.037267080745341616,0.04525288376220053,0.13220940550133098
0.78429642699603,0.036612262902514334,0.04102337891486546,0.13806793118659022
0.7828947368421053,0.03903508771929825,0.04298245614035088,0.13508771929824562
0.7891005759858218,0.038546743464776254,0.0412051395657953,0.13114754098360656
0.7835555555555556,0.037333333333333336,0.042666666666666665,0.13644444444444445
0.7806509139545252,0.03923316986179224,0.04458314757021846,0.1355327686134641
0.7755102040816326,0.04081632653061224,0.046583850931677016,0.1370896184560781
0.7735346358792184,0.04085257548845471,0.05017761989342807,0.13543516873889877
0.7663551401869159,0.04450378282153983,0.0520694259012016,0.13707165109034267
0.7679362267493357,0.04650132860938884,0.046944198405668734,0.13861824623560673
0.7656736327256558,0.04668741662961316,0.04668741662961316,0.14095153401511784
0.7695035460992907,0.04565602836879433,0.04299645390070922,0.14184397163120568
0.7774810858923008,0.04494882064975523,0.044058744993324434,0.13351134846461948
0.7769816390506046,0.04478280340349306,0.0438871473354232,0.13434841021047916
0.7746354396818382,0.04595669465311533,0.04330534688466637,0.13610251878038002
0.7733274647887324,0.045774647887323945,0.04225352112676056,0.1386443661971831
0.7732558139534884,0.049194991055456175,0.042486583184257604,0.13506261180679785
0.7749110320284698,0.046263345195729534,0.04048042704626335,0.13834519572953738
0.7680140597539543,0.04525483304042179,0.04525483304042179,0.14147627416520211
0.7652519893899205,0.048187444739168875,0.04730327144120248,0.13925729442970822
0.7615419094576423,0.04975347377857463,0.047512326311071267,0.14119229045271178
0.7598214285714285,0.049107142857142856,0.048214285714285716,0.14285714285714285
0.7619257950530035,0.04770318021201413,0.04770318021201413,0.14266784452296818
0.7661001788908766,0.04561717352415027,0.04606440071556351,0.14221824686940965
0.7605508662816526,0.04531319413593958,0.047534429142603286,0.14660151043980454
0.7590685176892074,0.04433497536945813,0.04970891177787729,0.14688759516345723
0.7544091710758377,0.04365079365079365,0.04938271604938271,0.15255731922398588
0.7535398230088496,0.04115044247787611,0.05309734513274336,0.15221238938053097
0.7508833922261484,0.04019434628975265,0.0534452296819788,0.15547703180212014
0.7535335689045937,0.038869257950530034,0.04991166077738516,0.15768551236749118
0.7516629711751663,0.03592017738359202,0.04966740576496674,0.16274944567627495
0.7559893522626442,0.03771073646850044,0.044365572315882874,0.1619343389529725
0.7526595744680851,0.040780141843971635,0.04565602836879433,0.16090425531914893
0.743907842268498,0.04253433761630483,0.04474966770048737,0.16880815241470978
0.7396109637488948,0.04509283819628647,0.04288240495137047,0.1724137931034483
0.7366051328230527,0.047726249437190456,0.04097253489419181,0.17469608284556506
0.735333631885356,0.04567845947156292,0.04433497536945813,0.17465293327362294
0.7293744333635539,0.04487760652765186,0.044424297370806894,0.1813236627379873
0.7275969683459652,0.04592064199732501,0.04279982166740972,0.18368256798930005
0.7284330985915493,0.04445422535211268,0.04357394366197183,0.1835387323943662
0.7352150537634409,0.04659498207885305,0.04256272401433692,0.17562724014336917
0.7329724853405503,0.046008119079837616,0.04059539918809202,0.18042399639152007
0.7281167108753316,0.04730327144120248,0.041998231653404064,0.1825817860300619
0.7283621837549934,0.044829116733244564,0.04438526409232135,0.18242343541944075
0.727433628318584,0.04424778761061947,0.04380530973451328,0.18451327433628317
0.731729055258467,0.04367201426024955,0.04322638146167558,0.18137254901960784
0.7290465631929046,0.04745011086474501,0.04434589800443459,0.17915742793791575
0.7319679430097952,0.04719501335707925,0.04407836153161175,0.1767586821015138
0.7262969588550984,0.04293381037567084,0.04561717352415027,0.1851520572450805
0.7153024911032029,0.04759786476868327,0.04715302491103203,0.18994661921708186
0.7144766146993319,0.04721603563474387,0.04498886414253898,0.1933184855233853
0.71529933481153,0.04656319290465632,0.04434589800443459,0.19379157427937915
0.7103849597135183,0.046553267681289166,0.043419874664279316,0.19964189794091317
0.7080717488789238,0.04618834080717489,0.04394618834080718,0.20179372197309417
0.7034237438861717,0.04713205869275233,0.04090706980880391,0.2085371276122721
0.6981132075471698,0.04806828391734052,0.04177897574123989,0.21203953279424978
0.6972559604138552,0.04768331084120558,0.04183535762483131,0.21322537112010798
0.698434004474273,0.049217002237136466,0.04161073825503356,0.21073825503355706
0.693969396939694,0.04950495049504951,0.0405040504050405,0.21602160216021601
0.6960567124501551,0.0460788657509969,0.03898980948161276,0.21887461231723526
0.696942844483828,0.04918032786885246,0.03987594151528578,0.21400088613203366
0.6981300089047195,0.0458593054318789,0.03829029385574354,0.21772039180765806
0.6968486462494452,0.045272969374167776,0.03994673768308921,0.21793164669329781
0.7019660411081322,0.043789097408400354,0.040214477211796246,0.21403038427167115
0.7144128113879004,0.037366548042704624,0.03870106761565836,0.20951957295373666
0.7125721901377166,0.03642825410928476,0.037316748111950244,0.2136828076410484
0.7100436681222707,0.034934497816593885,0.04017467248908297,0.21484716157205241
0.7047157338034377,0.0374614367562803,0.040546496253856326,0.21727633318642575
0.703090013434841,0.03403493058665472,0.041648007165248545,0.22122704881325572
0.6993755575379126,0.03479036574487065,0.04103479036574487,0.2247992863514719
0.7000891265597148,0.0374331550802139,0.0427807486631016,0.2196969696969697
0.6936132201875838,0.037516748548459135,0.04376953997320232,0.2251004912907548
0.6934604904632152,0.0340599455040872,0.04223433242506812,0.23024523160762944
0.6829052258635961,0.034986713906111605,0.042515500442869794,0.2395925597874225
0.6783677051338306,0.03334795963141729,0.04300131636682756,0.24528301886792453
0.6740576496674058,0.03414634146341464,0.04434589800443459,0.247450110864745
0.6763412489006156,0.034740545294635,0.04617414248021108,0.24274406332453827
0.6718334809565988,0.0354295837023915,0.04472984942426927,0.24800708591674048
0.6650420912715995,0.035002215330084185,0.048294195835179445,0.2516614975631369
0.6677130044843049,0.036771300448430494,0.04798206278026906,0.24753363228699551
0.6685917370057752,0.037316748111950244,0.04620168813860506,0.24788982674366947
0.6663673102828918,0.0345756623259991,0.04804669959586888,0.25101032779524024
0.6566238369517058,0.03677447939743022,0.052281789986708016,0.25431989366415597
0.6562637362637362,0.033846153846153845,0.052307692307692305,0.25758241758241757
0.6554323725055432,0.03237250554323725,0.04878048780487805,0.2634146341463415
0.6558035714285714,0.032589285714285716,0.04732142857142857,0.2642857142857143
0.6598850066342327,0.03449800973020787,0.047766475011057054,0.25785050862450243
0.6653386454183267,0.03408587870739265,0.0451527224435591,0.25542275343072157
0.6656263932233616,0.03299152920196166,0.04101649576460098,0.2603655818100758
0.6644591611479028,0.03487858719646799,0.039293598233995586,0.26136865342163357
0.6712328767123288,0.03225806451612903,0.03800265134776845,0.25850640742377373
0.6714349575324094,0.030844881537773806,0.038891372373714796,0.2588287885561019
0.6761819803746655,0.028099910793933987,0.03612845673505798,0.25958965209634255
0.6797153024911032,0.025800711743772242,0.033807829181494664,0.2606761565836299
0.6778612461334512,0.026071586389748123,0.034909412284577994,0.26115775519222273
0.6747787610619469,0.028761061946902654,0.03849557522123894,0.2579646017699115
0.6725585505965532,0.02695536897923111,0.039770216526734424,0.2607158638974812
0.66681554265297,0.02992407324698526,0.03841000446627959,0.26485037963376507
0.6660722246990638,0.029424877396344182,0.04101649576460098,0.2634864021399911
0.6582222222222223,0.028444444444444446,0.042222222222222223,0.27111111111111114
0.6579892280071813,0.02827648114901257,0.042639138240574505,0.2710951526032316
0.6598669623059867,0.02926829268292683,0.040798226164079826,0.27006651884700666
0.6623318385650224,0.027354260089686097,0.04170403587443946,0.268609865470852
0.6589285714285714,0.027232142857142858,0.038839285714285715,0.275
0.6581769436997319,0.0290437890974084,0.0388739946380697,0.27390527256478997
0.652673442333186,0.029606716747680072,0.0415377817057004,0.2761820592134335
0.6509769094138543,0.02975133214920071,0.04396092362344583,0.2753108348134991
0.6502683363148479,0.030858676207513418,0.044722719141323794,0.27415026833631484
0.6365256124721603,0.0334075723830735,0.04721603563474387,0.2828507795100223
0.6307692307692307,0.03208791208791209,0.04923076923076923,0.2879120879120879
0.6362428001772265,0.03190075321222862,0.05095259193619849,0.2809038546743465
0.6409232134931203,0.032845095428317796,0.05059920106524634,0.2756324900133156
0.6390004462293619,0.03168228469433289,0.04863900044622936,0.28067826863007583
0.6392348754448398,0.03158362989323844,0.04759786476868327,0.28158362989323843
0.6358815731330093,0.03225806451612903,0.04551480335837384,0.28634555899248787
0.6333777185974256,0.032845095428317796,0.045272969374167776,0.2885042166000888
0.6334362593736216,0.029113365681517425,0.04719894133215704,0.290251433612704
0.628482972136223,0.03272888102609465,0.04688191065900044,0.291906236178682
0.6243945398502863,0.033905768383971815,0.043593130779392336,0.29810656098634963
0.6214664310954063,0.03445229681978799,0.045936395759717315,0.29814487632508835
0.61739902352419,0.03462050599201065,0.04438526409232135,0.303595206391478
0.6156567890314021,0.03847854931446263,0.0437859354268023,0.30207872622733306
0.612488928255093,0.04118689105403012,0.04030115146147033,0.30602302922940655
0.6049601417183348,0.043401240035429584,0.03675819309123118,0.3148804251550044
0.6096687555953447,0.04118173679498657,0.03804834377797672,0.311101163831692
0.6067720090293454,0.04153498871331828,0.03882618510158013,0.3128668171557562
0.6027765338110166,0.0380653828929691,0.03896103896103896,0.32019704433497537
0.6076854334226989,0.03842716711349419,0.03708668453976765,0.31680071492403933
0.6000883782589483,0.03932832523199293,0.03711886875828546,0.32346442775077333
0.5981391227292867,0.0412051395657953,0.03943287549844927,0.3212228622064688
0.5961794757885385,0.0422034651266104,0.03909373611728121,0.32252332296756997
0.59245960502693,0.04308797127468582,0.03904847396768402,0.3254039497307002
0.591273374888691,0.043187889581478185,0.037399821905609976,0.3281389136242208
0.5870624723083739,0.046964997784669914,0.03810367744793974,0.32786885245901637
0.5898230088495575,0.04469026548672567,0.03805309734513274,0.3274336283185841
0.5903829029385574,0.04674977738201247,0.03695458593054319,0.3259127337488869
0.5844504021447721,0.04691689008042895,0.03932082216264522,0.3293118856121537
0.5838202247191011,0.0449438202247191,0.04,0.33123595505617975
0.5831485587583148,0.042572062084257206,0.038580931263858094,0.33569844789356984
0.5777975925100312,0.04502897904592064,0.04012483281319661,0.33704859563085154
0.5862068965517241,0.04209583519928348,0.039856695029108824,0.3318405732198836
0.5877896613190731,0.040998217468805706,0.03787878787878788,0.3333333333333333
0.5789942145082332,0.04494882064975523,0.04138851802403204,0.3346684468179795
0.5852247441032488,0.044058744993324434,0.04005340453938585,0.33066310636404095
0.5844504021447721,0.04289544235924933,0.03753351206434316,0.3351206434316354
0.5814260563380281,0.04137323943661972,0.04401408450704225,0.3331866197183099
0.5795607350963693,0.04078888390856118,0.047064096817570594,0.33258628417749886
0.5818262020291134,0.03970004411116013,0.04675782973092192,0.3317159241288046
0.5878923766816143,0.039461883408071746,0.0484304932735426,0.3242152466367713
0.5918185860382392,0.03868385949310805,0.044019564250778125,0.3254779902178746
0.5889924545051043,0.03905903240124279,0.0426098535286285,0.3293386595650244
0.5922840859272249,0.03857957036387549,0.04515563349408154,0.32398071021481806
0.5918548030101815,0.038955289951305885,0.04648074369189907,0.32270916334661354
0.5942350332594235,0.03592017738359202,0.04700665188470066,0.3228381374722838
0.5887600356824264,0.0383586083853702,0.0463871543264942,0.3264942016057092
0.5940114487010127,0.0361074416556583,0.04579480405107882,0.3240863055922501
0.5889867841409692,0.033920704845814977,0.046255506607929514,0.33083700440528635
0.5859901212393355,0.03367759317467445,0.04355635383924562,0.3367759317467445
0.5877694676638804,0.03563572371315442,0.044434667839859214,0.332160140783106
0.582109479305741,0.03426791277258567,0.04717400979083222,0.3364485981308411
0.5889735544598834,0.033168982519049754,0.045271178843567905,0.33258628417749886
0.5937777777777777,0.032,0.043555555555555556,0.33066666666666666
0.5845195729537367,0.03291814946619217,0.046263345195729534,0.33629893238434166
0.5897895208240036,0.032243618450515,0.042991491267353334,0.33497536945812806
0.5870910698496905,0.03404067197170645,0.044650751547303275,0.33421750663129973
0.5827814569536424,0.03532008830022075,0.04415011037527594,0.33774834437086093
0.585431654676259,0.03552158273381295,0.044964028776978415,0.3340827338129496
0.5805008944543828,0.03398926654740608,0.046958855098389984,0.33855098389982113
0.5860238832375055,0.03361344537815126,0.043343653250773995,0.3370190181335692
0.5811587793011942,0.03272888102609465,0.042459088898717384,0.34365325077399383
0.583738400353513,0.03225806451612903,0.039770216526734424,0.3442333186036235
0.581147176522899,0.030680302356602934,0.040017785682525564,0.34815473543797243
0.5898350423539902,0.03031654034774855,0.036558181007579134,0.3432902362906821
0.5900044228217602,0.03007518796992481,0.03449800973020787,0.34542237947810706
0.591745177209511,0.03095558546433378,0.036787797218483624,0.3405114401076716
0.5849223946784923,0.03237250554323725,0.03813747228381375,0.34456762749445674
0.5765076507650765,0.03195319531953195,0.03735373537353735,0.3541854185418542
0.5799373040752351,0.03358710255261979,0.036274070756829375,0.35020152261531573
0.588,0.033777777777777775,0.034666666666666665,0.34355555555555556
0.5884975479268837,0.03165403477485511,0.03611234953187695,0.3437360677663843
0.5932504440497336,0.03285968028419183,0.03108348134991119,0.3428063943161634
0.5914310954063604,0.03312720848056537,0.03268551236749117,0.34275618374558303
0.5903454384410983,0.032329495128432244,0.030558015943312665,0.3467670504871568
0.5819234194122885,0.03428317008014248,0.02983081032947462,0.3539626001780944
0.5791111111111111,0.034666666666666665,0.02666666666666667,0.3595555555555556
0.579884290164664,0.035603026257231864,0.024922118380062305,0.35959056519804183
0.5749221876389506,0.03423743886171632,0.029346376167185415,0.3614939973321476
0.5721282279608192,0.03250222617987533,0.030276046304541407,0.365093499554764
0.5705521472392638,0.03242769500438212,0.030236634531113058,0.366783523225241
0.5688114387846291,0.03038427167113494,0.03351206434316354,0.3672922252010724
0.5686274509803921,0.028966131907308377,0.03342245989304813,0.3689839572192513
0.5716853932584269,0.029213483146067417,0.03550561797752809,0.36359550561797754
0.57328552218736,0.02823845809054236,0.03451367099955177,0.36396234872254596
0.567531305903399,0.026386404293381037,0.03577817531305903,0.370304114490161
0.5751779359430605,0.024466192170818506,0.033807829181494664,0.3665480427046263
0.5730837789661319,0.0285204991087344,0.035650623885918005,0.3627450980392157
0.5678303137428192,0.030048608042421564,0.037560760053026956,0.36456031816173223
0.5724923346473938,0.02890932982917214,0.03810775295663601,0.36049058256679806
0.5761648745519713,0.027329749103942653,0.03853046594982079,0.3579749103942652
0.5719298245614035,0.028070175438596492,0.03684210526315789,0.3631578947368421
0.5683035714285715,0.026785714285714284,0.038392857142857145,0.3665178571428571
0.5630810092961488,0.027445772465692783,0.04028331119964586,0.3691899070385126
0.5643300798580302,0.027506654835847383,0.0385980479148181,0.3695652173913043
0.5626952253458277,0.0249888442659527,0.0392681838464971,0.37304774654172246
0.5575143234905244,0.0251211987659762,0.04098721903922433,0.376377258704275
0.5541795665634675,0.027421494913754976,0.043343653250773995,0.37505528527200355
0.5542222222222222,0.025777777777777778,0.044,0.376
0.5585224744103249,0.025367156208277702,0.04717400979083222,0.3689363595905652
0.5598935226264419,0.024844720496894408,0.044365572315882874,0.37089618456078083
0.5594869526758072,0.02476780185758514,0.044228217602830605,0.3715170278637771
0.5627224199288257,0.023576512455516015,0.04581850533807829,0.3678825622775801
0.5631111111111111,0.026222222222222223,0.044444444444444446,0.3662222222222222
0.5592163846838825,0.026714158504007122,0.044968833481745324,0.3691006233303651
0.56072695035461,0.027039007092198582,0.04299645390070922,0.3692375886524823
0.5642058165548098,0.027293064876957495,0.042505592841163314,0.36599552572706934
0.56021409455843,0.027207850133809098,0.04192685102586976,0.3706512042818912
0.5574354407836153,0.029385574354407838,0.040516473731077474,0.3726625111308994
0.5599647266313933,0.029541446208112873,0.039241622574955906,0.3712522045855379
0.5665467625899281,0.030575539568345324,0.03821942446043165,0.364658273381295
0.566430469441984,0.02967227635075288,0.037643932683790966,0.3662533215234721
0.5605858854860186,0.030181979582778518,0.037283621837549935,0.3719485130936529
0.560340960071781,0.03050695379093764,0.038582323912068194,0.3705697622252131
0.5594869526758072,0.03228659885006634,0.03847854931446263,0.3697478991596639
0.5644876325088339,0.03312720848056537,0.03489399293286219,0.3674911660777385
0.5592920353982301,0.034513274336283185,0.035398230088495575,0.37079646017699114
0.5589150733659404,0.03423743886171632,0.03468208092485549,0.3721654068474878
0.5570857396712572,0.03864948911594847,0.03509551310528654,0.3691692581075078
0.5639097744360902,0.03494029190623618,0.03361344537815126,0.36753648827952234
0.5569787985865724,0.03445229681978799,0.03489399293286219,0.3736749116607774
0.5617529880478087,0.036741921204072596,0.036741921204072596,0.36476316954404603
0.5532950022114109,0.03803626713843432,0.03538257408226449,0.3732861565678903
0.5504014272970562,0.034344335414808205,0.03389830508474576,0.3813559322033898
0.5486883059137394,0.03423743886171632,0.035126722987994664,0.3819475322365496
0.5534283170080142,0.03561887800534283,0.037399821905609976,0.37355298308103296
0.5540301151461471,0.03631532329495128,0.03675819309123118,0.3728963684676705
0.5473032714412025,0.03536693191865606,0.03536693191865606,0.3819628647214854
0.5458185053380783,0.03425266903914591,0.035142348754448396,0.3847864768683274
0.5431494661921709,0.03425266903914591,0.03692170818505338,0.3856761565836299
0.5366284201235657,0.03662842012356576,0.03795233892321271,0.38879082082965577
0.5321944809461235,0.03591765221200175,0.04029785370127026,0.3915900131406045
0.5336581045172719,0.03454384410983171,0.03941541186891054,0.39238263950398583
0.5339246119733925,0.031929046563192905,0.03725055432372506,0.3968957871396896
0.5427937915742794,0.032815964523281595,0.03636363636363636,0.38802660753880264
0.5406486006219458,0.03198578409595735,0.03820524211461573,0.38916037316748114
0.5406847487772344,0.03201422854602046,0.03868385949310805,0.38861716318363715
0.5448943661971831,0.03301056338028169,0.03653169014084507,0.3855633802816901
0.5366284201235657,0.03662842012356576,0.03662842012356576,0.3901147396293027
0.5380846325167038,0.03608017817371938,0.03474387527839644,0.3910913140311804
0.5384271671134941,0.03663985701519214,0.03798033958891868,0.386952636282395
0.5341365461847389,0.03614457831325301,0.038821954484605084,0.3908969210174029
0.5377400625279143,0.03394372487717731,0.03796337650736936,0.39035283608753907
0.5417789757412399,0.03459119496855346,0.03638814016172507,0.38724168912848156
0.5512934879571811,0.03568242640499554,0.03479036574487065,0.37823371989295274
0.5444493586908448,0.0362671384343211,0.03582485625829279,0.38345864661654133
0.5465013286093888,0.033215234720992026,0.03808680248007086,0.38219663418954825
0.5501342882721576,0.02954341987466428,0.03670546105640107,0.3836168307967771
0.5547153024911032,0.032473309608540925,0.03202846975088968,0.3807829181494662
0.5535317636605953,0.03154153709462461,0.03243003109729009,0.38249666814749
0.5530236634531113,0.03155127081507449,0.03155127081507449,0.3838737949167397
0.5458958517210944,0.032215357458075904,0.03353927625772286,0.3883495145631068
0.5470692717584369,0.03152753108348135,0.03330373001776199,0.38809946714031973
0.541005291005291,0.03130511463844797,0.03262786596119929,0.3950617283950617
0.5362190812720848,0.03180212014134275,0.03268551236749117,0.3992932862190813
0.5341009743135519,0.034986713906111605,0.03188662533215235,0.39902568644818426
0.5286539315859617,0.034207019102621056,0.034207019102621056,0.4029320302087961
0.5283185840707965,0.034955752212389384,0.034513274336283185,0.402212389380531
0.5293855743544078,0.03561887800534283,0.03873552983081033,0.396260017809439
0.5339892665474061,0.03577817531305903,0.03577817531305903,0.3944543828264758
0.5323645970937912,0.03302509907529723,0.036988110964332896,0.39762219286657857
0.5228178998670802,0.03322995126273815,0.033673017279574655,0.410279131590607
0.5261044176706827,0.03302097278000892,0.03346720214190094,0.4074074074074074
0.5245683930942895,0.033200531208499334,0.03408587870739265,0.4081451969898185
0.5237250554323725,0.03237250554323725,0.03458980044345898,0.40931263858093125
0.5196467991169977,0.03487858719646799,0.03576158940397351,0.40971302428256073
0.5231316725978647,0.03425266903914591,0.037366548042704624,0.4052491103202847
0.5223613595706619,0.03488372093023256,0.03756708407871199,0.40518783542039355
0.5255957634598412,0.03486319505736982,0.03927625772285966,0.4002647837599294
0.5322652425456164,0.035603026257231864,0.03827325322652426,0.3938584779706275
0.5276292335115864,0.035650623885918005,0.0392156862745098,0.39750445632798576
0.5246338215712384,0.03506435863293387,0.03772747447847315,0.40257434531735464
0.5164152617568767,0.034161490683229816,0.03992901508429459,0.40949423247559896
0.5180884323358642,0.036176864671728454,0.03930326038410004,0.40643144260830727
0.5192135835567471,0.035299374441465595,0.0388739946380697,0.4066130473637176
0.5153643546971027,0.03511852502194908,0.040825285338015806,0.4086918349429324
0.5101143359718557,0.03386103781882146,0.040897097625329816,0.415127528583993
0.5133830627468188,0.03290917068889864,0.03861342694164107,0.41509433962264153
0.5080142475512022,0.03250222617987533,0.0365093499554764,0.42297417631344614
0.5145888594164456,0.03227232537577365,0.036251105216622455,0.41688770999115826
0.5116997792494481,0.032229580573951436,0.03487858719646799,0.42119205298013246
0.516,0.032,0.03688888888888889,0.4151111111111111
0.5157894736842106,0.032017543859649125,0.035964912280701755,0.4162280701754386
0.5180561747659385,0.03388319215336603,0.03566651805617477,0.4123941150245207
0.5133544590312359,0.032593933906745136,0.034404708012675415,0.4196468990493436
0.517426273458445,0.03127792672028597,0.031724754244861486,0.4195710455764075
0.512549537648613,0.03258476442095993,0.03346543372963452,0.42140026420079263
0.5146608315098469,0.03369803063457331,0.03194748358862144,0.4196936542669584
0.5088417329796641,0.03227232537577365,0.03138815207780725,0.4274977895667551
0.5102862254025045,0.030858676207513418,0.03175313059033989,0.4271019677996422
0.503125,0.033035714285714286,0.033482142857142856,0.4303571428571429
0.5077330976579761,0.03314184710561202,0.03535130357931949,0.42377375165709236
0.5011057054400707,0.03449800973020787,0.03538257408226449,0.42901371074745687
0.5088652482269503,0.034574468085106384,0.034131205673758866,0.4224290780141844
0.5040322580645161,0.03181003584229391,0.036290322580645164,0.42786738351254483
0.5068858285206574,0.029320302087960905,0.03553976010661928,0.4282541092847623
0.501983252534156,0.02908770383428823,0.0370207139709123,0.43190832966064346
0.4948499776085983,0.027765338110165697,0.035826242722794444,0.44155844155844154
0.49712262062859675,0.027445772465692783,0.035856573705179286,0.4395750332005312
0.49714285714285716,0.023736263736263738,0.03472527472527472,0.4443956043956044
0.499106344950849,0.022341376228775692,0.03306523681858802,0.4454870420017873
0.5019937970757643,0.02259636685866194,0.034116083296411165,0.4412937527691626
0.4928952042628774,0.023090586145648313,0.035523978685612786,0.44849023090586143
0.4873726185201595,0.022153300841825433,0.034559149313247675,0.4559149313247674
0.49358123063302345,0.02257636122177955,0.034528552456839307,0.4493138556883577
0.4878048780487805,0.02261640798226164,0.03503325942350333,0.45454545454545453
0.4860927152317881,0.02119205298013245,0.03532008830022075,0.4573951434878587
0.48464619492656874,0.021361815754339118,0.03426791277258567,0.45972407654650643
0.4776647501105705,0.022114108801415303,0.0362671384343211,0.4639540026536931
0.48070953436807096,0.024390243902439025,0.03503325942350333,0.45986696230598667
0.47522123893805307,0.023008849557522124,0.03274336283185841,0.4690265486725664
0.4783578759482374,0.022311468094600623,0.035698348951361,0.463632307005801
0.47525186158563293,0.022777047744196234,0.03723171265878231,0.46473937801138854
0.47516778523489933,0.025950782997762864,0.03847874720357942,0.4604026845637584
0.4747880410531013,0.025881302989736725,0.037037037037037035,0.46229361892012494
0.47619047619047616,0.0267022696929239,0.032932799287939477,0.46417445482866043
0.475914362176628,0.025869759143621766,0.03389830508474576,0.4643175735950045
0.47410714285714284,0.025,0.03526785714285714,0.465625
0.4704336399474376,0.02715724923346474,0.032413491020586944,0.46999561979851073
0.47333333333333333,0.029777777777777778,0.03288888888888889,0.464
0.4697716077026422,0.029556650246305417,0.03090013434841021,0.4697716077026422
0.4745535714285714,0.03125,0.029910714285714287,0.4642857142857143
0.4724199288256228,0.029804270462633453,0.029359430604982206,0.46841637010676157
0.46512661039537984,0.029764549089293647,0.03065304309195913,0.4744557974233674
0.4654032613486117,0.02908770383428823,0.030409872190392245,0.4750991626267078
0.4644930772666369,0.027690933452434122,0.03171058508262617,0.47610540419830283
0.46639784946236557,0.030017921146953404,0.03136200716845878,0.4722222222222222
0.47181535730137597,0.030181979582778518,0.03195739014647137,0.46604527296937415
0.47152317880794703,0.029580573951434878,0.03487858719646799,0.4640176600441501
0.47434181169120926,0.02989736724676484,0.03391343150379295,0.46184738955823296
0.4758956214064573,0.029632905793896505,0.030959752321981424,0.46351172047766476
0.47426796805678795,0.0323868677905945,0.030612244897959183,0.46273291925465837
0.4620168813860506,0.03331852509995557,0.03331852509995557,0.4713460684140382
0.4674688057040998,0.03431372549019608,0.0338680926916221,0.464349376114082
0.4615724381625442,0.03180212014134275,0.03445229681978799,0.4721731448763251
0.4635879218472469,0.03108348134991119,0.03285968028419183,0.4724689165186501
0.4653948535936114,0.029281277728482696,0.03327417923691216,0.4720496894409938
0.46258802816901406,0.030809859154929578,0.032570422535211266,0.47403169014084506
0.4650132860938884,0.033215234720992026,0.030115146147032774,0.4716563330380868
0.46367239101717306,0.034346103038309116,0.031704095112285335,0.4702774108322325
0.4673144876325088,0.037544169611307424,0.030918727915194347,0.4642226148409894
0.4691413237924866,0.03935599284436494,0.03041144901610018,0.4610912343470483
0.46946054391440034,0.038341506910387874,0.03120820329915292,0.46098974587605884
0.47197898423817863,0.03940455341506129,0.0297723292469352,0.45884413309982486
0.473474801061008,0.04111405835543767,0.03138815207780725,0.4540229885057471
0.4688191065900044,0.042459088898717384,0.030959752321981424,0.4577620521892968
0.4691358024691358,0.0427689594356261,0.029982363315696647,0.45811287477954143
0.4611283873833852,0.04175921812527766,0.03109729009329187,0.46601510439804533
0.46038069942452414,0.03939796370075255,0.03142983621071271,0.46879150066401065
0.4620811287477954,0.03791887125220458,0.03262786596119929,0.4673721340388007
0.46109637488947836,0.03669319186560566,0.03138815207780725,0.4708222811671088
0.45896520963425513,0.03389830508474576,0.03166815343443354,0.47546833184656556
0.4544642857142857,0.033928571428571426,0.033928571428571426,0.47767857142857145
0.4473214285714286,0.038839285714285715,0.033928571428571426,0.4799107142857143
0.45434397163120566,0.03634751773049645,0.034574468085106384,0.4747340425531915
0.449403446752099,0.037560760053026956,0.034025629695095004,0.47901016349977904
0.4473916887709991,0.03801945181255526,0.03183023872679045,0.4827586206896552
0.44873501997336884,0.03994673768308921,0.033732800710164226,0.47758544163337774
0.451067615658363,0.0400355871886121,0.032473309608540925,0.476423487544484
0.45422379478107033,0.03715170278637771,0.03051747014595312,0.47810703228659884
0.44871794871794873,0.03757736516357206,0.03138815207780725,0.482316534040672
0.4486725663716814,0.03761061946902655,0.032300884955752215,0.4814159292035398
0.4480802792321117,0.037085514834205933,0.033595113438045374,0.481239092495637
0.4393193013882669,0.03940886699507389,0.032243618450515,0.4890282131661442
0.44596382884869873,0.03749448610498456,0.031760035288928096,0.48478164975738863
0.44503311258278144,0.03708609271523179,0.02913907284768212,0.48874172185430464
0.44252108300044385,0.03817132711939636,0.029738126941855306,0.4895694629383045
0.44725177304964536,0.034574468085106384,0.028368794326241134,0.48980496453900707
0.44691248334073747,0.034207019102621056,0.030208796090626388,0.48867170146601513
0.4403052064631957,0.033662477558348294,0.03096947935368043,0.49506283662477557
0.43572695035460995,0.03368794326241135,0.03280141843971631,0.4977836879432624
0.4341987466427932,0.03401969561324977,0.03491495076096687,0.4968666069829902
0.43788819875776397,0.03637976929902396,0.03327417923691216,0.49245785270629994
0.4445927903871829,0.03337783711615487,0.03159768580329328,0.49043168669336895
0.44404973357015987,0.03241563055062167,0.03374777975133215,0.4897868561278863
0.4426595269968764,0.029451137884872823,0.03435966086568496,0.49352967425256583
