C,D,Oc,Od
1.0,0.0,0.0,0.0
0.6666666666666666,0.0,0.0,0.3333333333333333
0.6666666666666666,0.0,0.0,0.3333333333333333
0.6363636363636364,0.0,0.0,0.36363636363636365
0.6578947368421053,0.0,0.0,0.34210526315789475
0.6333333333333333,0.0,0.0,0.36666666666666664
0.6075949367088608,0.0,0.0,0.3924050632911392
0.5405405405405406,0.009009009009009009,0.018018018018018018,0.43243243243243246
0.5061728395061729,0.012345679012345678,0.043209876543209874,0.4382716049382716
0.4911504424778761,0.035398230088495575,0.048672566371681415,0.4247787610619469
0.4895833333333333,0.027777777777777776,0.06944444444444445,0.4131944444444444
0.46475195822454307,0.03655352480417755,0.08877284595300261,0.40992167101827676
0.4590818363273453,0.043912175648702596,0.10379241516966067,0.3932135728542914
0.4410339256865913,0.05331179321486268,0.12116316639741519,0.38449111470113084
0.43466666666666665,0.06533333333333333,0.13466666666666666,0.36533333333333334
0.42696629213483145,0.07191011235955057,0.14831460674157304,0.35280898876404493
0.4127906976744186,0.0755813953488372,0.1569767441860465,0.3546511627906977
0.4052901023890785,0.08276450511945392,0.16382252559726962,0.34812286689419797
0.4009252120277564,0.09252120277563608,0.17116422513492677,0.3353893600616808
0.39944903581267216,0.09986225895316804,0.17148760330578514,0.32920110192837465
0.3897338403041825,0.10963244613434728,0.1761723700887199,0.3244613434727503
0.3877668782458165,0.1142527409117138,0.1817657241777265,0.31621465666474324
0.378698224852071,0.12210866057019903,0.17966648735879506,0.31952662721893493
0.3778894472361809,0.12663316582914572,0.1844221105527638,0.31105527638190955
0.368623676612127,0.13041385948026948,0.18334937439846005,0.3176130895091434
0.3645687645687646,0.13566433566433567,0.18834498834498833,0.31142191142191145
0.36347358997314233,0.1360787824529991,0.18979409131602507,0.3106535362578335
0.35859929078014185,0.13918439716312056,0.1875,0.3147163120567376
0.35210643015521065,0.14368070953436807,0.18713968957871396,0.3170731707317073
0.3561341571050309,0.13857016769638128,0.18667255075022066,0.31862312444836716
0.35593971631205673,0.1351950354609929,0.18661347517730498,0.32225177304964536
0.35975341259357113,0.13518273888154997,0.18538088947600176,0.31968295904887717
0.35899692036955566,0.13462384513858336,0.18785745710514737,0.3185217773867136
0.35849889624724063,0.13509933774834437,0.19072847682119207,0.31567328918322296
0.34809294169224025,0.13765892152564665,0.19508987286277948,0.3191582639193336
0.3498683055311677,0.13871817383669885,0.18832309043020193,0.3230904302019315
0.34805421950153037,0.13773502404897245,0.1945780498469611,0.31963270660253607
0.3480565371024735,0.14796819787985865,0.19213780918727916,0.3118374558303887
0.3473684210526316,0.14342105263157895,0.1925438596491228,0.31666666666666665
0.3505019642077695,0.14797031863814927,0.1938018332605849,0.3077258838934963
0.34373645426961424,0.1482444733420026,0.19505851755526657,0.3129605548331166
0.34613686534216337,0.14922737306843267,0.1947019867549669,0.30993377483443707
0.351493848857645,0.14938488576449913,0.19024604569420034,0.30887521968365556
0.3546690048224463,0.14905743095133714,0.18588338448049102,0.3103901797457256
0.34611953612845675,0.1534344335414808,0.1873327386262266,0.31311329170383584
0.3423264042459089,0.15214506855373727,0.18841220698805838,0.31711632021229547
0.3424175824175824,0.1556043956043956,0.18593406593406595,0.316043956043956
0.3384413309982487,0.16024518388791595,0.17994746059544658,0.3213660245183888
0.33610867659947413,0.16389132340052587,0.1792287467134093,0.32077125328659073
0.3362910381543922,0.17080745341614906,0.18278615794143743,0.3101153504880213
0.34336823734729494,0.16753926701570682,0.18193717277486912,0.30715532286212915
0.3405923344947735,0.1672473867595819,0.1803135888501742,0.3118466898954704
0.33923042901371075,0.167624944714728,0.18045112781954886,0.3126934984520124
0.34009704455227174,0.1658579620644023,0.1835024261138068,0.3105425672695192
0.33186813186813185,0.16527472527472528,0.18681318681318682,0.316043956043956
0.33274179236912155,0.16770186335403728,0.18589174800354924,0.3136645962732919
0.3377425044091711,0.16358024691358025,0.1882716049382716,0.31040564373897706
0.33304119193689746,0.17046450482033304,0.18624014022787028,0.3102541630148992
0.3333333333333333,0.17416225749559083,0.18871252204585537,0.3037918871252205
0.32949512843224094,0.17360496014171833,0.19087688219663418,0.30602302922940655
0.33259911894273125,0.1762114537444934,0.18766519823788547,0.30352422907488985
0.33773087071240104,0.17766051011433598,0.18249780123131046,0.3021108179419525
0.33244444444444443,0.17555555555555555,0.18844444444444444,0.3035555555555556
0.3337748344370861,0.17748344370860927,0.17924944812362031,0.30949227373068433
0.32436010591350395,0.18181818181818182,0.18402471315092675,0.30979699911738745
0.3199470432480141,0.18137687555163284,0.18887908208296558,0.30979699911738745
0.3166961130742049,0.18109540636042404,0.18639575971731448,0.31581272084805656
0.31404593639575973,0.18904593639575973,0.1868374558303887,0.31007067137809186
0.31349911190053287,0.1882770870337478,0.18650088809946713,0.3117229129662522
0.31217162872154114,0.1904553415061296,0.1904553415061296,0.30691768826619964
0.31834372217275153,0.18432769367764915,0.18833481745325023,0.3089937666963491
0.3116651825467498,0.1861086375779163,0.1918967052537845,0.3103294746215494
0.316140506891952,0.1840818141396176,0.18852823477100933,0.31124944419742107
0.31128747795414463,0.18783068783068782,0.19047619047619047,0.31040564373897706
0.3165340406719717,0.18346595932802828,0.1927497789566755,0.3072502210433245
0.32259488084730803,0.18181818181818182,0.1941747572815534,0.3014121800529568
0.3142857142857143,0.19076923076923077,0.19384615384615383,0.3010989010989011
0.31274638633377133,0.19360490582566797,0.20105124835742444,0.2925974594831362
0.3116710875331565,0.19540229885057472,0.1971706454465075,0.2957559681697613
0.30498016747465845,0.1983252534156016,0.2005288673424416,0.2961657117672984
0.30623066725585507,0.20503756076005303,0.19619973486522316,0.29253203711886877
0.30135194068905363,0.20846053205407764,0.2006105538595726,0.2895769733972961
0.29590488771466317,0.21047996477322764,0.20299427564949363,0.2906208718626156
0.2946584938704028,0.2075306479859895,0.20271453590192645,0.29509632224168125
0.29419467481449146,0.2073330423395897,0.20427760803142733,0.29419467481449146
0.2931494661921708,0.21352313167259787,0.2050711743772242,0.28825622775800713
0.2962800875273523,0.20919037199124726,0.20481400437636763,0.2897155361050328
0.29019434628975266,0.21113074204946997,0.20715547703180212,0.2915194346289753
0.287659200702679,0.20992534036012298,0.207290294246816,0.2951251646903821
0.2905793896505971,0.21406457319770014,0.20743034055727555,0.28792569659442724
0.28735632183908044,0.21220159151193635,0.20689655172413793,0.29354553492484525
0.2923951048951049,0.20410839160839161,0.21022727272727273,0.2932692307692308
0.28796498905908097,0.20612691466083152,0.21050328227571116,0.29540481400437635
0.28114035087719297,0.21447368421052632,0.21052631578947367,0.29385964912280704
0.28900709219858156,0.2052304964539007,0.21010638297872342,0.29565602836879434
0.28495809439788267,0.2086457873842082,0.211733568592854,0.2946625496250551
0.2911504424778761,0.21150442477876105,0.20929203539823008,0.28805309734513274
0.2886142983230362,0.2118270079435128,0.21315092674315975,0.28640776699029125
0.2916666666666667,0.20789473684210527,0.21447368421052632,0.28596491228070176
0.29223946784922394,0.21685144124168515,0.2066518847006652,0.2842572062084257
0.28501988510826337,0.21608484312859036,0.20945647370746795,0.2894387980556783
0.28998242530755713,0.2148506151142355,0.20518453427065025,0.28998242530755713
0.29253203711886877,0.2129916040653999,0.20238621299160406,0.2920901458241273
0.2892998678996037,0.21356230735358872,0.2051959489211801,0.2919418758256275
0.2888595332452664,0.21003963011889035,0.20827829150154117,0.29282254513430206
0.2919418758256275,0.21047996477322764,0.2073976221928666,0.2901805372082783
0.2888402625820569,0.2175054704595186,0.20787746170678337,0.2857768052516411
0.29349269588313415,0.20938468348826914,0.21027003098716246,0.2868525896414343
0.2865961199294533,0.2072310405643739,0.2173721340388007,0.28880070546737213
0.2977602108036891,0.20114185331576637,0.2178304787000439,0.28326745718050067
0.2958500669344043,0.20838911200356983,0.21285140562248997,0.2829094154395359
0.28891820580474936,0.21284080914687775,0.21503957783641162,0.2832014072119613
0.29326287978863935,0.21268163804491413,0.21136063408190225,0.28269484808454426
0.2879858657243816,0.21157243816254417,0.21068904593639576,0.28975265017667845
0.29365079365079366,0.21208112874779542,0.20811287477954143,0.2861552028218695
0.2912966252220249,0.2144760213143872,0.2033747779751332,0.2908525754884547
0.293909973521624,0.2113857016769638,0.2113857016769638,0.2833186231244484
0.2932396839332748,0.2080772607550483,0.2115891132572432,0.2870939420544337
0.29307282415630553,0.21092362344582594,0.21225577264653642,0.28374777975133214
0.2897851819377466,0.21131082858395442,0.21306444541867603,0.285839544059623
0.286784140969163,0.2118942731277533,0.2185022026431718,0.2828193832599119
0.2840210711150132,0.2151009657594381,0.2177348551360843,0.28314310798946446
0.2874015748031496,0.21391076115485563,0.21566054243219598,0.28302712160979876
0.28520971302428255,0.21147902869757174,0.2185430463576159,0.2847682119205298
0.2826855123674912,0.20892226148409895,0.22438162544169613,0.2840106007067138
0.28083989501312334,0.20822397200349957,0.22659667541557305,0.28433945756780404
0.28811312417145385,0.20901458241272647,0.22448077772867875,0.278391515687141
0.2824631860776439,0.20838911200356983,0.2289156626506024,0.28023203926818385
0.28045574057843997,0.20946538124452235,0.2283085013146363,0.2817703768624014
0.2776315789473684,0.2074561403508772,0.23684210526315788,0.27807017543859647
0.28383705650459923,0.20718353044240034,0.23477879982479194,0.2742006132282085
0.28071709663314387,0.21075644949715786,0.23393091386095322,0.2745955400087451
0.28702090592334495,0.20557491289198607,0.23606271777003485,0.27134146341463417
0.2951251646903821,0.20070267896354854,0.23407992973210365,0.27009222661396576
0.2894503546099291,0.20079787234042554,0.23537234042553193,0.27437943262411346
0.29070274989087735,0.19816673941510257,0.23963334788302051,0.27149716281099956
0.2964757709251101,0.19691629955947137,0.23876651982378855,0.26784140969162995
0.2932330827067669,0.20168067226890757,0.23927465723131358,0.26581158779301195
0.29308065226972235,0.20537681798148966,0.2379903040987219,0.2635522256500661
0.29289810322011467,0.2121746801940891,0.2267313630348478,0.2681958535509484
0.2988606485539001,0.2085889570552147,0.23400525854513585,0.25854513584574934
0.29640980735551664,0.20928196147110334,0.2403677758318739,0.2539404553415061
0.2975929978118162,0.2135667396061269,0.23938730853391685,0.24945295404814005
0.2975313988739714,0.21091381550454744,0.24469467301862277,0.24686011260285837
0.3003533568904594,0.21024734982332155,0.24602473498233215,0.24337455830388693
0.2997335701598579,0.21314387211367672,0.2468916518650089,0.24023090586145648
0.29225352112676056,0.21830985915492956,0.25044014084507044,0.23899647887323944
0.29842243645924627,0.21297107800175286,0.24978089395267308,0.2388255915863278
0.2925531914893617,0.22074468085106383,0.24157801418439717,0.24512411347517732
0.28865527814279457,0.22777047744196233,0.2395970214629873,0.2439772229522558
0.28866432337434095,0.23066783831282953,0.23681898066783832,0.2438488576449912
0.2921447484554281,0.23080317740511916,0.23609885260370697,0.2409532215357458
0.28886925795053003,0.22968197879858657,0.2420494699646643,0.2393992932862191
0.28658271819366044,0.23100303951367782,0.24055579678679984,0.2418584455058619
0.2923617208077261,0.22870939420544337,0.233099209833187,0.24582967515364354
0.28716814159292037,0.23141592920353982,0.23407079646017698,0.24734513274336284
0.2902942468159859,0.22661396574440051,0.23891084760649978,0.24418093983311376
0.29261862917398945,0.22934973637961337,0.23550087873462214,0.24253075571177504
0.2908525754884547,0.2233570159857904,0.24023090586145648,0.2455595026642984
0.2886142983230362,0.22418358340688438,0.2383053839364519,0.24889673433362755
0.28609039052215884,0.22641509433962265,0.2369460289600702,0.2505484861781483
0.2882327016306743,0.22961657117672984,0.23093873953283384,0.251211987659762
0.28874172185430463,0.23311258278145697,0.2269315673289183,0.25121412803532006
0.2958553791887125,0.23192239858906524,0.2173721340388007,0.25485008818342153
0.29089301503094606,0.23651635720601238,0.22148541114058357,0.251105216622458
0.2883435582822086,0.24408413672217352,0.21779141104294478,0.24978089395267308
0.287598944591029,0.24626209322779244,0.21635883905013192,0.2497801231310466
0.2896703296703297,0.2421978021978022,0.21670329670329672,0.25142857142857145
0.28777923784494086,0.24178712220762155,0.21287779237844942,0.2575558475689882
0.2924778761061947,0.2398230088495575,0.2084070796460177,0.2592920353982301
0.29925405879771827,0.23562966213251427,0.21105748135146996,0.2540587977182975
0.29507475813544415,0.23702726473175023,0.21284080914687775,0.25505716798592787
0.30168589174800353,0.2391304347826087,0.21384205856255545,0.2453416149068323
0.29803063457330414,0.24638949671772428,0.20700218818380745,0.2485776805251641
0.3034605146406389,0.2377994676131322,0.21517302573203195,0.243566992014197
0.30796460176991153,0.2415929203539823,0.20530973451327433,0.24513274336283186
0.30375874125874125,0.24606643356643357,0.20410839160839161,0.24606643356643357
0.3024989039894783,0.24112231477422183,0.2099956159579132,0.24638316527838666
0.30296329057938964,0.23971693940734187,0.21362229102167182,0.24369747899159663
0.307488986784141,0.2444933920704846,0.21013215859030837,0.23788546255506607
0.312280701754386,0.24210526315789474,0.20964912280701756,0.23596491228070177
0.3117283950617284,0.24206349206349206,0.20634920634920634,0.23985890652557318
0.31555751432349055,0.24460114587924195,0.20449537241075363,0.2353459673865139
0.31613756613756616,0.24779541446208111,0.20238095238095238,0.23368606701940034
0.31140350877192985,0.2548245614035088,0.20482456140350877,0.22894736842105262
0.3103146853146853,0.25524475524475526,0.20585664335664336,0.2285839160839161
0.30915524104378594,0.2516585581601061,0.21494913754975675,0.22423706324635118
0.31297369594293356,0.24609897458760588,0.21622826571555953,0.22469906375390103
0.31131660061646854,0.24966974900924702,0.2188463232056363,0.22016732716864817
0.3153947948831054,0.2505513895015439,0.21879135421261578,0.2152624614027349
0.31283185840707967,0.2504424778761062,0.22389380530973452,0.21283185840707963
0.3114247904719894,0.25319805910895454,0.21879135421261578,0.21658579620644022
0.3091386095321382,0.2588543944031482,0.2190642763445562,0.2129427197201574
0.31013215859030835,0.25462555066079295,0.21938325991189428,0.21585903083700442
0.30806737588652483,0.2575354609929078,0.22074468085106383,0.21365248226950354
0.3046563192904656,0.25587583148558757,0.22926829268292684,0.21019955654101996
0.30691325407309555,0.2571554381329811,0.22985468956406868,0.20607661822985468
0.30596026490066225,0.2503311258278146,0.23532008830022075,0.20838852097130242
0.30670217487794055,0.24766977363515313,0.23169107856191745,0.2139369729249889
0.3015030946065429,0.2506631299734748,0.22767462422634838,0.22015915119363394
0.305506993006993,0.24562937062937062,0.2263986013986014,0.22246503496503497
0.29973474801061006,0.2480106100795756,0.22679045092838196,0.22546419098143236
0.29725010912265387,0.23876036665211697,0.2317765168048887,0.23221300742034046
0.2984014209591474,0.2353463587921847,0.23046181172291297,0.2357904085257549
0.2984154929577465,0.23283450704225353,0.23327464788732394,0.23547535211267606
0.3032427695004382,0.23444347063978965,0.22743207712532865,0.23488168273444346
0.3063660477453581,0.23253757736516356,0.22767462422634838,0.23342175066312998
0.306601683650864,0.23836951705804166,0.22374833850243686,0.23128046078865752
0.30369718309859156,0.238556338028169,0.2262323943661972,0.23151408450704225
0.30030959752321984,0.23794781070322865,0.22423706324635118,0.23750552852720036
0.2999116607773852,0.23807420494699646,0.22614840989399293,0.23586572438162545
0.30114135206321335,0.24495171202809482,0.22036874451273047,0.23353819139596138
0.30474934036939316,0.2343887423043096,0.22295514511873352,0.23790677220756376
0.30136383633963926,0.2402111746590409,0.21865376154861416,0.23977122745270568
0.3002178649237473,0.2383442265795207,0.21481481481481482,0.2466230936819172
0.30244755244755245,0.23645104895104896,0.2159090909090909,0.24519230769230768
0.304251550044287,0.23782108060230292,0.21656333038086803,0.24136403897254208
0.30026338893766463,0.23617208077260754,0.22036874451273047,0.24319578577699735
0.30166374781085814,0.23598949211908932,0.21978984238178634,0.2425569176882662
0.3025283347863993,0.23060156931124673,0.22319093286835223,0.24367916303400175
0.2989916703200351,0.23016220955721176,0.22753178430512933,0.24331433581762385
0.29717813051146386,0.22663139329805995,0.2292768959435626,0.24691358024691357
0.29986847873739586,0.22577816747040771,0.22753178430512933,0.24682156948706707
0.2951251646903821,0.22573561703996486,0.2261747913921827,0.25296442687747034
0.290407358738502,0.22864651773981604,0.22514235654840123,0.2558037669732808
0.2979467016164264,0.22498907820008737,0.22411533420707733,0.2529488859764089
0.2987297415681121,0.2290845378887429,0.22514235654840123,0.24704336399474375
0.29626334519572955,0.22998220640569395,0.222864768683274,0.2508896797153025
0.2964757709251101,0.22731277533039648,0.23039647577092512,0.24581497797356827
0.29483146067415733,0.23191011235955056,0.22786516853932584,0.2453932584269663
0.2893692104102338,0.22893692104102337,0.22981914424349362,0.2518747243052492
0.29071803852889666,0.22416812609457093,0.23380035026269702,0.2513134851138354
0.28892809880899867,0.22893692104102337,0.2333480370533745,0.24878694309660343
0.29354980254497587,0.22817025010969724,0.23519087318999563,0.2430890741553313
0.2981148619026743,0.23191582639193337,0.23279263480929416,0.2371766768960982
0.2926613616268789,0.23253757736516356,0.2382847038019452,0.23651635720601238
0.29115586690017514,0.23861646234676007,0.2351138353765324,0.2351138353765324
0.2908366533864542,0.2403718459495352,0.2359451084550686,0.23284639220894202
0.2900262467191601,0.23709536307961504,0.24146981627296588,0.23140857392825898
0.2895313184406483,0.23653088042049936,0.2448532632501095,0.2290845378887429
0.29515418502202645,0.23832599118942732,0.24185022026431718,0.22466960352422907
0.3066432028156621,0.23185217773867137,0.2402111746590409,0.2212934447866256
0.29911894273127754,0.2343612334801762,0.23920704845814977,0.22731277533039648
0.2934497816593886,0.2366812227074236,0.2427947598253275,0.22707423580786026
0.29411764705882354,0.23836698858647937,0.24012291483757683,0.2273924495171203
0.30004418912947417,0.24304021210782148,0.23110914714980116,0.22580645161290322
0.2936021034180543,0.2427695004382121,0.23488168273444346,0.2287467134092901
0.29683377308707126,0.23922603342128407,0.22735268249780125,0.23658751099384345
0.29406593406593406,0.23956043956043957,0.2254945054945055,0.2408791208791209
0.2986784140969163,0.23612334801762114,0.22422907488986785,0.2409691629955947
0.2965217391304348,0.23695652173913043,0.2217391304347826,0.2447826086956522
0.29728546409807355,0.23029772329246936,0.23073555166374782,0.24168126094570927
0.292,0.23555555555555555,0.23244444444444445,0.24
0.29640980735551664,0.23204903677758318,0.2351138353765324,0.23642732049036777
0.2961657117672984,0.23402379903040987,0.23358307624504188,0.2362274129572499
0.2906057945566286,0.2344161545215101,0.23397717295873574,0.24100087796312555
0.29071803852889666,0.2351138353765324,0.2381786339754816,0.23598949211908932
0.2907334211682038,0.2393500219587176,0.23276240667545015,0.23715415019762845
0.2883845126835781,0.2376502002670227,0.2336448598130841,0.24032042723631508
0.28325991189427313,0.2343612334801762,0.23259911894273128,0.2497797356828194
0.28156621205455346,0.2344918609766828,0.2388913330400352,0.24505059392872855
0.2816651904340124,0.23649247121346323,0.23604960141718334,0.245792736935341
0.2838427947598253,0.23624454148471616,0.23100436681222708,0.24890829694323144
0.2855251544571933,0.23389232127096204,0.22727272727272727,0.2533097969991174
0.28444444444444444,0.23333333333333334,0.22933333333333333,0.2528888888888889
0.28804587560652845,0.22937803264225848,0.22937803264225848,0.25319805910895454
0.28602811950790863,0.23374340949033393,0.22715289982425307,0.2530755711775044
0.29238221047996477,0.2311756935270806,0.22545134302069572,0.2509907529722589
0.29623059866962304,0.23503325942350334,0.22172949002217296,0.24700665188470067
0.2927689594356261,0.23765432098765432,0.2222222222222222,0.24735449735449735
0.29133510167992926,0.24491600353669318,0.22192749778956675,0.24182139699381078
0.28615249780893953,0.24715162138475022,0.2151621384750219,0.25153374233128833
0.2764835164835165,0.25274725274725274,0.2189010989010989,0.2518681318681319
0.2830353249018753,0.2437854339293502,0.22416048844308767,0.24901875272568688
0.2897851819377466,0.24156071898290224,0.2222709338009645,0.24638316527838666
0.2826761187416925,0.2419140451927337,0.23216659282233051,0.24324324324324326
0.28777923784494086,0.240473061760841,0.22996057818659657,0.24178712220762155
0.2914837576821773,0.24100087796312555,0.22607550482879718,0.2414398595258999
0.2906619903551074,0.24156071898290224,0.22665497588776853,0.24112231477422183
0.29063604240282687,0.2411660777385159,0.22703180212014135,0.2411660777385159
0.2839614373356705,0.2397020157756354,0.22611744084136723,0.2502191060473269
0.2848297213622291,0.24281291463954002,0.22291021671826625,0.24944714727996462
0.2884108867427568,0.2370500438981563,0.22388059701492538,0.25065847234416155
0.2882764654418198,0.23972003499562555,0.22134733158355205,0.25065616797900264
0.2950022114108801,0.23617868199911543,0.21760283060592658,0.25121627598407786
0.29302736098852605,0.23080317740511916,0.22153574580759047,0.2546337157987643
0.30246913580246915,0.23192239858906524,0.21825396825396826,0.24735449735449735
0.2975609756097561,0.2328159645232816,0.21862527716186253,0.25099778270509976
0.30250990752972257,0.23690004403346543,0.2144429766622633,0.24614707177454867
0.3072502210433245,0.23916887709991158,0.21927497789566755,0.23430592396109637
0.31216696269982236,0.2357904085257549,0.21847246891651864,0.23357015985790408
0.30837004405286345,0.2365638766519824,0.21541850220264316,0.239647577092511
0.3021519543258674,0.23847167325428195,0.2191480017566974,0.24022837066315328
0.30021978021978024,0.23076923076923078,0.22593406593406593,0.24307692307692308
0.2960209881941408,0.23174464363795366,0.2225623087013555,0.24967205946655008
0.29820725841714035,0.23261915172715347,0.22125054656755574,0.2479230432881504
0.30367419212040725,0.2288623284639221,0.22399291722000886,0.2434705621956618
0.2935168738898757,0.2344582593250444,0.21980461811722912,0.2522202486678508
0.2948717948717949,0.23607427055702918,0.21883289124668434,0.2502210433244916
0.29317980513728964,0.23649247121346323,0.2178919397697077,0.2524357838795394
0.2915387987724682,0.24068391056554142,0.22007891275756247,0.2476983779044279
0.286660777385159,0.24646643109540636,0.22438162544169613,0.24249116607773852
0.29035087719298247,0.2442982456140351,0.22587719298245615,0.2394736842105263
0.28426171529619804,0.24049513704686118,0.23253757736516356,0.2427055702917772
0.28954305799648505,0.2460456942003515,0.22715289982425307,0.23725834797891038
0.28527336860670194,0.2495590828924162,0.2261904761904762,0.23897707231040563
0.285089637079143,0.2474857892435505,0.22387407083515523,0.2435505028421513
0.2867808519982433,0.24857268335529206,0.22397891963109354,0.2406675450153711
0.2838254737769943,0.24460114587924195,0.2256500661084178,0.24592331423534597
0.28565121412803535,0.24944812362030905,0.2251655629139073,0.23973509933774834
0.2847826086956522,0.24434782608695652,0.23043478260869565,0.24043478260869566
0.28389084507042256,0.25,0.230193661971831,0.23591549295774647
0.2907801418439716,0.24335106382978725,0.2300531914893617,0.23581560283687944
0.2905793896505971,0.24988942945599293,0.226890756302521,0.232640424590889
0.29238221047996477,0.24614707177454867,0.22369000440334655,0.23778071334214002
0.29010989010989013,0.2443956043956044,0.2276923076923077,0.2378021978021978
0.2885042166000888,0.24234354194407456,0.22237017310252996,0.2467820683533067
0.28277071459886016,0.24331433581762385,0.23147742218325296,0.24243752740026303
0.28609039052215884,0.24265028521281265,0.22992540587977184,0.2413339183852567
0.28590308370044054,0.23700440528634362,0.23127753303964757,0.24581497797356827
0.28172138420585624,0.2391304347826087,0.23469387755102042,0.24445430346051464
0.29023746701846964,0.2343887423043096,0.23043095866314864,0.24494283201407213
0.2907488986784141,0.24405286343612334,0.22951541850220264,0.2356828193832599
0.290150842945874,0.24445430346051464,0.23203194321206744,0.23336291038154391
0.2898806893504198,0.2474591250552364,0.2284577993813522,0.2342023862129916
0.2857142857142857,0.25519681556833257,0.23219814241486067,0.226890756302521
0.2829033668561434,0.2575426322693485,0.22955837341495408,0.22999562745955401
0.27994734532689775,0.2602018429135586,0.23036419482229048,0.22948661693725317
0.28050921861281825,0.257243195785777,0.22783143107989465,0.2344161545215101
0.2780725022104332,0.2537577365163572,0.22900088417329797,0.23916887709991158
0.2717247463608293,0.25540361711513015,0.22981914424349362,0.24305249228054698
0.2736056214317084,0.24857268335529206,0.23364075537988582,0.24418093983311376
0.2741364038972542,0.24977856510186006,0.2325066430469442,0.24357838795394154
0.27040141155712394,0.25275694750771943,0.23423026025584473,0.24261138067931187
0.2729693741677763,0.2498890368397692,0.23790501553484245,0.23923657345761207
0.2741228070175439,0.25394736842105264,0.23684210526315788,0.23508771929824562
0.27645502645502645,0.2526455026455027,0.24074074074074073,0.23015873015873015
0.27512066695919263,0.2505484861781483,0.24396665204036858,0.23036419482229048
0.28226514486391574,0.24714661984196665,0.2462686567164179,0.22431957857769974
0.28178998670801947,0.24767390341160833,0.24147097917589722,0.22906513070447496
0.2831820146995244,0.24729788153912668,0.24124513618677043,0.22827496757457846
0.27628684557853056,0.25164980202375714,0.2454905411350638,0.22657281126264847
0.27586206896551724,0.2492361414229594,0.2492361414229594,0.22566564818856394
0.27708703374777977,0.25044404973357015,0.24866785079928952,0.22380106571936056
0.28236853733981443,0.25364560318161733,0.2496685815289439,0.21431727794962438
0.28096280087527353,0.24507658643326038,0.2512035010940919,0.22275711159737419
0.28193832599118945,0.24537444933920705,0.25198237885462554,0.22070484581497798
0.279842588543944,0.2509838216003498,0.2470485351989506,0.22212505465675558
0.27936647602287723,0.2507699076110867,0.2454905411350638,0.22437307523097227
0.2731685789938217,0.2528684907325684,0.24757281553398058,0.2263901147396293
0.2728471001757469,0.24868189806678384,0.2513181019332162,0.22715289982425307
0.2608503100088574,0.24534986713906112,0.2612931798051373,0.2325066430469442
0.26742656729504605,0.24419114423498467,0.2542744410346339,0.2341078474353354
0.2674008810572687,0.24669603524229075,0.25418502202643173,0.23171806167400882
0.25601750547045954,0.24595185995623634,0.2525164113785558,0.24551422319474836
0.25854513584574934,0.2506573181419807,0.24846625766871167,0.24233128834355827
0.26054481546572933,0.2508787346221441,0.24868189806678384,0.2398945518453427
0.24932975871313673,0.2546916890080429,0.256478999106345,0.23949955317247543
0.25076586433260395,0.24901531728665208,0.25470459518599564,0.24551422319474836
0.2516469038208169,0.2516469038208169,0.25296442687747034,0.2437417654808959
0.25407309555262,0.25495376486129456,0.2527520915896081,0.23822104799647734
0.2604074402125775,0.2533215234720992,0.24977856510186006,0.23649247121346323
0.25664488017429193,0.2522875816993464,0.25098039215686274,0.2400871459694989
0.2551693796744391,0.2595688517377915,0.24769027716674,0.23757149142102948
0.25254762959680993,0.25299069561364645,0.256092157731502,0.23836951705804166
0.2539404553415061,0.2526269702276708,0.2535026269702277,0.23992994746059546
0.2543706293706294,0.25393356643356646,0.2521853146853147,0.2395104895104895
0.2550839964633068,0.2497789566755084,0.251105216622458,0.2440318302387268
0.2571807335395493,0.2474591250552364,0.25055236411842685,0.24480777728678746
0.2591623036649215,0.24738219895287958,0.24781849912739964,0.2456369982547993
0.26077396657871593,0.2423043095866315,0.2559366754617414,0.24098504837291118
0.2600877192982456,0.2412280701754386,0.26052631578947366,0.2381578947368421
0.2604671661524901,0.23446452181577787,0.2609078889378581,0.24416042309387395
0.25826355222565006,0.2357866901718819,0.25958572058175405,0.24636403702071397
0.2558241758241758,0.23252747252747252,0.25934065934065936,0.2523076923076923
0.25914499779638606,0.22917584839136185,0.255178492728074,0.25650066108417807
0.2600700525394046,0.2224168126094571,0.2591943957968476,0.2583187390542907
0.25704225352112675,0.22315140845070422,0.261443661971831,0.258362676056338
0.25589519650655024,0.22227074235807862,0.26375545851528387,0.25807860262008736
0.2537313432835821,0.228270412642669,0.26251097453906935,0.25548726953467954
0.26352530541012215,0.22949389179755672,0.256108202443281,0.25087260034904013
0.26443367122080214,0.2371088585279859,0.25341560158660204,0.24504186866460997
0.2691117984975696,0.23066725585505965,0.25364560318161733,0.2465753424657534
0.265234546251644,0.23366944322665498,0.25208241999123193,0.2490135905304691
0.26959247648902823,0.23063143752798926,0.2575011195700851,0.24227496641289745
0.26610767872903796,0.235216240070609,0.25551632833186233,0.24315975286849073
0.2645620275678079,0.23743886171631837,0.2583370386838595,0.23966207203201423
0.26371215445370777,0.2387011847301448,0.25976305397103994,0.2378236068451075
0.2617893345085941,0.24371970030850595,0.25650066108417807,0.2379903040987219
0.2655217965653897,0.2426243945398503,0.25011008366358434,0.24174372523117568
0.27048458149779736,0.24537444933920705,0.2511013215859031,0.2330396475770925
0.2798064232292125,0.24153101627804663,0.24769027716674,0.2309722833260009
0.2747887950200089,0.246776345042241,0.2512227656736327,0.2272120942641174
0.2682602921646746,0.24169986719787517,0.25542275343072157,0.23461708720672864
0.2710074791025077,0.23977122745270568,0.2591289045314562,0.2300923889133304
0.272565584704313,0.23921742996887504,0.25789239662072033,0.2303245887060916
0.2786309784993418,0.2387011847301448,0.2523036419482229,0.23036419482229048
0.2816651904340124,0.23782108060230292,0.2471213463241807,0.233392382639504
0.28716814159292037,0.23938053097345133,0.2420353982300885,0.23141592920353982
0.2887912087912088,0.24043956043956044,0.24043956043956044,0.23032967032967033
0.28217602830605926,0.23617868199911543,0.24679345422379478,0.23485183547103053
0.28614718614718615,0.23506493506493506,0.24718614718614718,0.23160173160173161
0.2854001759014952,0.2357080035180299,0.24670184696569922,0.23218997361477572
0.28152364273204905,0.23642732049036777,0.2508756567425569,0.23117338003502627
0.2789982425307557,0.24033391915641475,0.24736379613356765,0.23330404217926187
0.2745270567531896,0.24373075230972283,0.2507699076110867,0.2309722833260009
0.2796271637816245,0.24944518419884598,0.2458943630714603,0.22503328894806923
0.27929515418502204,0.24801762114537446,0.24493392070484582,0.2277533039647577
0.2791922739244952,0.24539069359086918,0.2467076382791923,0.22870939420544337
0.2795085563843791,0.2413339183852567,0.2461605967529618,0.23299692847740236
0.27956521739130435,0.23608695652173914,0.24913043478260868,0.23521739130434782
0.2757417102966841,0.24040139616055847,0.2425828970331588,0.2412739965095986
0.27009222661396576,0.23671497584541062,0.24725516029863856,0.24593763724198506
0.2756043956043956,0.2356043956043956,0.2378021978021978,0.250989010989011
0.27073277753400615,0.23826239578762615,0.2448442299254059,0.2461605967529618
0.27145969498910677,0.23616557734204793,0.24793028322440086,0.24444444444444444
0.2734548688305914,0.23610493552690084,0.2436638506002668,0.246776345042241
0.2655491839435377,0.2368769298632554,0.2479047198941332,0.24966916629907365
0.2618629173989455,0.24033391915641475,0.2429701230228471,0.2548330404217926
0.2667554371948513,0.24234354194407456,0.23612960497114957,0.2547714158899245
0.26972234464521816,0.24327897752313796,0.2384310268840899,0.24856765094755398
0.2721658579620644,0.2364358182620203,0.2474636082928981,0.2439347154830172
0.2747688243064729,0.23425803610744167,0.24570673712021135,0.24526640246587406
0.277119016249451,0.23847167325428195,0.24110671936758893,0.24330259112867808
0.27718832891246686,0.24005305039787797,0.2453580901856764,0.23740053050397877
0.2769028871391076,0.23140857392825898,0.2537182852143482,0.2379702537182852
0.2770390070921986,0.23093971631205673,0.25398936170212766,0.23803191489361702
0.2779003087781209,0.2262902514336127,0.25849139832377593,0.2373180414644905
0.2857771906649053,0.22501100836635843,0.25803610744165567,0.2311756935270806
0.28103146853146854,0.22202797202797203,0.25874125874125875,0.2381993006993007
0.28814317673378076,0.21923937360178972,0.25727069351230425,0.23534675615212527
0.28665496049165934,0.2212467076382792,0.2550482879719052,0.2370500438981563
0.2879188712522046,0.2156084656084656,0.25573192239858905,0.24074074074074073
0.287659200702679,0.2160737812911726,0.2608695652173913,0.23539745278875715
0.2859641451683428,0.21818976825535635,0.26016615653694797,0.23567993003935286
0.28659885006634234,0.21627598407784165,0.2636001769128704,0.2335249889429456
0.28696796840719613,0.21632294866169371,0.2615182097411145,0.23519087318999563
0.28445618670189343,0.22016732716864817,0.25583443416996915,0.23954205195948922
0.2810834813499112,0.2246891651865009,0.2588809946714032,0.2353463587921847
0.2867319679430098,0.21816562778272486,0.2560106856634016,0.23909171861086376
0.2819266460450729,0.22271321254971277,0.25497127706584183,0.2403888643393725
0.28270412642669007,0.22607550482879718,0.25548726953467954,0.23573309920983318
0.2883845126835781,0.22251891410769917,0.25500667556742324,0.2340898976412995
0.2905793896505971,0.22467934542237947,0.2516585581601061,0.23308270676691728
0.2879858657243816,0.21687279151943462,0.2592756183745583,0.23586572438162545
0.2862144420131291,0.22056892778993437,0.26433260393873087,0.2288840262582057
0.289740202553941,0.22192866578599735,0.2628797886393659,0.22545134302069572
0.28389084507042256,0.21963028169014084,0.258362676056338,0.2381161971830986
0.28690319754708715,0.2233902759526938,0.2518615856329391,0.2378449408672799
0.2857768052516411,0.21925601750547047,0.2551422319474836,0.23982494529540482
0.28771929824561404,0.225,0.25219298245614036,0.23508771929824562
0.2858399296394019,0.227792436235708,0.2510993843447669,0.23526824978012312
0.2794182459233142,0.23005729396209784,0.25209343323049804,0.2384310268840899
0.28313518273888155,0.2311756935270806,0.25011008366358434,0.23557904007045355
0.2857142857142857,0.23042901371074745,0.248562582927908,0.23529411764705882
0.28903508771929826,0.22850877192982455,0.2425438596491228,0.23991228070175438
0.2903795233892321,0.22683142100617829,0.23609885260370697,0.24669020300088262
0.28796498905908097,0.2275711159737418,0.24026258205689277,0.24420131291028446
0.2817777777777778,0.23155555555555554,0.236,0.25066666666666665
0.278391515687141,0.23331860362350862,0.23552806009721608,0.2527618205921343
0.2820738137082601,0.22803163444639718,0.23110720562390158,0.2587873462214411
0.2809335094671951,0.2280933509467195,0.23425803610744167,0.2567151034786438
0.27568042142230026,0.22783143107989465,0.22695346795434593,0.26953467954345917
0.2804232804232804,0.22530864197530864,0.23236331569664903,0.2619047619047619
0.2784365393061045,0.23100570926657882,0.2274923144488362,0.26306543697848045
0.27328377787494534,0.23436816790555312,0.22431132487975514,0.26803672933974637
0.2699822380106572,0.22868561278863234,0.23490230905861456,0.2664298401420959
0.27353071144498453,0.22580645161290322,0.2350861688024746,0.26557666813963765
0.2773071778867588,0.22380740080249667,0.23316986179224253,0.265715559518502
0.2752858399296394,0.22295514511873352,0.23175021987686895,0.2700087950747581
0.27821869488536155,0.2244268077601411,0.23500881834215168,0.2623456790123457
0.27493380406001766,0.22330097087378642,0.23786407766990292,0.263901147396293
0.2824561403508772,0.21973684210526315,0.2337719298245614,0.26403508771929823
0.27548330404217924,0.22759226713532513,0.23550087873462214,0.26142355008787344
0.2775098640946953,0.22797018851380974,0.2354230600613766,0.2590968873301184
0.27667109340416113,0.22930500221336875,0.23904382470119523,0.2549800796812749
0.2755281690140845,0.23107394366197184,0.24119718309859156,0.2522007042253521
0.2731297034085879,0.22930500221336875,0.24479858344400177,0.2527667109340416
0.27510917030567683,0.2331877729257642,0.2445414847161572,0.24716157205240175
0.2745702952842662,0.23005729396209784,0.24327897752313796,0.25209343323049804
0.27569475077194533,0.22717247463608292,0.24481693868548743,0.2523158359064843
0.2698689956331878,0.23449781659388647,0.2462882096069869,0.24934497816593887
0.2623456790123457,0.23941798941798942,0.2482363315696649,0.25
0.2609271523178808,0.23487858719646798,0.25342163355408387,0.2507726269315673
0.26366418889374726,0.23305640577175338,0.2509838216003498,0.25229558373414956
0.25847644209599296,0.23690004403346543,0.2514310876265962,0.2531924262439454
0.2567151034786438,0.23734037868780272,0.24878907970057243,0.2571554381329811
0.2562637362637363,0.23692307692307693,0.2553846153846154,0.25142857142857145
0.250771264874394,0.24019391802556192,0.26487439400617013,0.24416042309387395
0.25353356890459366,0.24558303886925795,0.2579505300353357,0.24293286219081273
0.25065847234416155,0.24714661984196665,0.26163301141352063,0.2405618964003512
0.2482363315696649,0.24603174603174602,0.26322751322751325,0.24250440917107582
0.24419114423498467,0.24112231477422183,0.26654975887768523,0.24813678211310827
0.2531868131868132,0.24395604395604395,0.26065934065934065,0.2421978021978022
0.255619215513442,0.24724548259145,0.25826355222565006,0.2388717496694579
0.25285839929639403,0.23922603342128407,0.26077396657871593,0.24714160070360597
0.25551632833186233,0.235657546337158,0.2616946160635481,0.2471315092674316
0.25362637362637364,0.23868131868131867,0.258021978021978,0.24967032967032968
0.2515473032714412,0.24005305039787797,0.2546419098143236,0.2537577365163572
0.2538360368259535,0.2345462516440158,0.2529592284085927,0.25865848312143797
0.2606986899563319,0.23013100436681222,0.2554585152838428,0.2537117903930131
0.25654450261780104,0.23080279232111692,0.25523560209424084,0.25741710296684117
0.26046304541406945,0.2284060552092609,0.25200356188780054,0.2591273374888691
0.24934268185801928,0.22699386503067484,0.2589833479404032,0.26468010517090274
0.2606406318560772,0.22641509433962265,0.25713032031592803,0.2558139534883721
0.25864332603938733,0.22800875273522975,0.25864332603938733,0.25470459518599564
0.26593886462882094,0.22882096069868996,0.25676855895196504,0.248471615720524
0.26117440841367223,0.22962313759859773,0.2563540753724803,0.2528483786152498
0.2605633802816901,0.23151408450704225,0.25880281690140844,0.24911971830985916
0.2601410934744268,0.2261904761904762,0.25970017636684306,0.25396825396825395
0.25739514348785875,0.22958057395143489,0.25298013245033113,0.2600441501103753
0.26130873956960915,0.233201581027668,0.2481335090030742,0.25735617039964864
0.26063829787234044,0.23537234042553193,0.24645390070921985,0.2575354609929078
0.2679362267493357,0.24047829937998227,0.23516386182462357,0.25642161204605846
0.2683775554588952,0.23923444976076555,0.23357981731187472,0.2588081774684646
