C,D,Oc,Od
0.0,1.0,0.0,0.0
0.0,0.5,0.0,0.5
0.0,0.4444444444444444,0.1111111111111111,0.4444444444444444
0.0,0.47058823529411764,0.11764705882352941,0.4117647058823529
0.0,0.41935483870967744,0.16129032258064516,0.41935483870967744
0.0,0.37037037037037035,0.16666666666666666,0.46296296296296297
0.0,0.4222222222222222,0.2,0.37777777777777777
0.015037593984962405,0.40601503759398494,0.21804511278195488,0.3609022556390977
0.02702702702702703,0.3783783783783784,0.22702702702702704,0.3675675675675676
0.036734693877551024,0.37551020408163266,0.24081632653061225,0.3469387755102041
0.04678362573099415,0.3713450292397661,0.2573099415204678,0.32456140350877194
0.07390300230946882,0.3625866050808314,0.25635103926096997,0.3071593533487298
0.07992565055762081,0.35687732342007433,0.25464684014869887,0.30855018587360594
0.1019786910197869,0.3409436834094368,0.243531202435312,0.3135464231354642
0.11913814955640051,0.3269961977186312,0.24968314321926488,0.3041825095057034
0.1351063829787234,0.3159574468085106,0.2351063829787234,0.31382978723404253
0.14528301886792452,0.30943396226415093,0.24150943396226415,0.30377358490566037
0.15754001684919966,0.3150800336983993,0.22577927548441448,0.3016006739679865
0.16409124356144222,0.31199411331861665,0.2229580573951435,0.30095658572479767
0.17682119205298014,0.3086092715231788,0.2205298013245033,0.29403973509933773
0.17933130699088146,0.3027355623100304,0.22188449848024316,0.296048632218845
0.18732782369146006,0.2980716253443526,0.21818181818181817,0.29641873278236913
0.18708010335917313,0.30129198966408266,0.2222222222222222,0.28940568475452194
0.1832023575638507,0.3025540275049116,0.2318271119842829,0.2824165029469548
0.1827956989247312,0.29967274427302476,0.23048153342683497,0.2870500233754091
0.19236079153244362,0.2922227335480902,0.22273354809019788,0.2926829268292683
0.19201435621354868,0.29161058770749215,0.2265589950650516,0.28981606101390756
0.1926646045072912,0.28501988510826337,0.23155103844454264,0.2907644719399028
0.19183494293239683,0.28797190517998245,0.228270412642669,0.2919227392449517
0.1916376306620209,0.2857142857142857,0.2273519163763066,0.2952961672473868
0.19346289752650175,0.2826855123674912,0.23012367491166077,0.29372791519434627
0.19391802556192156,0.2864698104892023,0.23226090788893786,0.2873512560599383
0.19089703932832522,0.2832523199292974,0.23199292973928415,0.2938577110030932
0.1877208480565371,0.28180212014134276,0.23542402826855124,0.2950530035335689
0.1927710843373494,0.2784471218206158,0.22980812137438644,0.2989736724676484
0.1948853615520282,0.28527336860670194,0.2261904761904762,0.29365079365079366
0.19642077695329552,0.2802269751200349,0.23090353557398516,0.29244871235268444
0.1882404563405002,0.2786309784993418,0.22904782799473453,0.30408073716542344
0.1898846495119787,0.27639751552795033,0.2302573203194321,0.3034605146406389
0.18904593639575973,0.27385159010600707,0.2314487632508834,0.30565371024734983
0.1868421052631579,0.2736842105263158,0.23114035087719298,0.30833333333333335
0.1936619718309859,0.2720070422535211,0.22975352112676056,0.3045774647887324
0.1899070385126162,0.2771137671536078,0.23284639220894202,0.300132802124834
0.18761061946902655,0.27699115044247785,0.2331858407079646,0.30221238938053097
0.18947368421052632,0.2754385964912281,0.2355263157894737,0.2995614035087719
0.19237510955302367,0.2703768624014023,0.22611744084136723,0.31113058720420683
0.19229084537888744,0.2742006132282085,0.22864651773981604,0.30486202365308807
0.18878668418747263,0.278580814717477,0.22820849759088918,0.3044240035041612
0.18572695035460993,0.2841312056737589,0.225177304964539,0.3049645390070922
0.18717047451669597,0.28075571177504394,0.22934973637961337,0.30272407732864676
0.1883741258741259,0.2770979020979021,0.23470279720279721,0.29982517482517484
0.19274475524475523,0.2722902097902098,0.23470279720279721,0.30026223776223776
0.190224570673712,0.27388815499779834,0.23645970937912814,0.2994275649493615
0.1873071837814015,0.2754517408550022,0.2375495813133539,0.2996914940502424
0.1896322552060257,0.2724856003544528,0.2370403190075321,0.30084182543198934
0.18985126859142606,0.2747156605424322,0.23928258967629046,0.29615048118985127
0.19288224956063268,0.2688927943760984,0.23725834797891038,0.30096660808435854
0.19807186678352323,0.2721297107800175,0.2357581069237511,0.29404031551270815
0.20610349402919062,0.2680229986731535,0.226890756302521,0.2989827509951349
0.20459566946531155,0.2646928855501547,0.23243482103402563,0.2982766239505082
0.21261579179532422,0.2615791795324217,0.23114247904719895,0.2946625496250551
0.20921985815602837,0.2650709219858156,0.22695035460992907,0.2987588652482269
0.2083514571552849,0.2570682905611135,0.23183993040452372,0.30274032187907784
0.20952801058667844,0.25849139832377593,0.22761358623731803,0.3043670048522276
0.212322695035461,0.2557624113475177,0.22872340425531915,0.30319148936170215
0.21591908531222515,0.2669305189094107,0.21503957783641162,0.3021108179419525
0.22149122807017543,0.2565789473684211,0.22105263157894736,0.30087719298245613
0.21859850154252974,0.25429704715733803,0.21947994711326577,0.3076245041868665
0.2227112676056338,0.24867957746478872,0.21566901408450703,0.31294014084507044
0.22417582417582418,0.2523076923076923,0.22021978021978023,0.3032967032967033
0.2287467134092901,0.25153374233128833,0.22042068361086767,0.2992988606485539
0.23255813953488372,0.249670908293111,0.21851689337428698,0.29925405879771827
0.22460595446584938,0.2513134851138354,0.22591943957968477,0.29816112084063046
0.22872340425531915,0.2526595744680851,0.21852836879432624,0.3000886524822695
0.22961657117672984,0.25297487880123404,0.21551344204495373,0.3018951079770824
0.23029229406554472,0.254207263064659,0.2174490699734278,0.29805137289636846
0.23154215814766274,0.25207514198339886,0.2214941022280472,0.2948885976408912
0.23534558180227472,0.24978127734033245,0.2174103237095363,0.2974628171478565
0.2390158172231986,0.2478031634446397,0.21221441124780316,0.30096660808435854
0.23838737949167396,0.25591586327782645,0.21428571428571427,0.29141104294478526
0.2444345503116652,0.25244879786286734,0.21460373998219057,0.28851291184327693
0.24378330373001778,0.25843694493783304,0.21047957371225579,0.2873001776198934
0.25309734513274335,0.25663716814159293,0.2079646017699115,0.28230088495575223
0.2479892761394102,0.2555853440571939,0.2126899016979446,0.2837354781054513
0.24202127659574468,0.25620567375886527,0.212322695035461,0.2894503546099291
0.24912280701754386,0.2517543859649123,0.20307017543859648,0.29605263157894735
0.24394539850286218,0.25451343020695727,0.20783795684720388,0.29370321444297665
0.23637961335676624,0.2609841827768014,0.20254833040421794,0.30008787346221444
0.24336283185840707,0.2570796460176991,0.20265486725663717,0.29690265486725664
0.23544973544973544,0.2583774250440917,0.20767195767195767,0.2985008818342152
0.23451910408432147,0.25867369345630215,0.20948616600790515,0.29732103645147123
0.23406152474364691,0.2567989300044583,0.21578243423985732,0.29335711101203743
0.2343954604975993,0.25927542557835004,0.21213443910955915,0.29419467481449146
0.23693379790940766,0.2621951219512195,0.21123693379790942,0.2896341463414634
0.24714160070360597,0.2590149516270888,0.2106420404573439,0.2832014072119613
0.2428698752228164,0.2553475935828877,0.2179144385026738,0.2838680926916221
0.232773851590106,0.2539752650176678,0.2234982332155477,0.28975265017667845
0.23444347063978965,0.24978089395267308,0.22304995617879053,0.2927256792287467
0.2357866901718819,0.25297487880123404,0.21683561040105773,0.29440282062582634
0.23498233215547704,0.2597173144876325,0.21731448763250882,0.2879858657243816
0.23776223776223776,0.2530594405594406,0.21503496503496503,0.29414335664335667
0.23433362753751102,0.25154457193292146,0.21006178287731686,0.30406001765225066
0.23897707231040563,0.2495590828924162,0.21119929453262787,0.3002645502645503
0.23940585408475318,0.24639580602883354,0.2105723023154216,0.3036260375709917
0.2420494699646643,0.2508833922261484,0.21113074204946997,0.2959363957597173
0.23681898066783832,0.2539543057996485,0.2117750439367311,0.29745166959578206
0.2353711790393013,0.2462882096069869,0.22183406113537119,0.2965065502183406
0.2347252747252747,0.24351648351648353,0.22505494505494505,0.2967032967032967
0.2344161545215101,0.24714661984196665,0.2247585601404741,0.29367866549604915
0.23500881834215168,0.23809523809523808,0.23015873015873015,0.2967372134038801
0.2290845378887429,0.24266316250547526,0.23346473937801138,0.2947875602277705
0.22926829268292684,0.24966740576496674,0.23148558758314855,0.28957871396895785
0.22928540113985094,0.2498903989478299,0.22928540113985094,0.2915387987724682
0.23467600700525393,0.24430823117338005,0.23204903677758318,0.28896672504378285
0.23641184268669907,0.2421564295183385,0.23066725585505965,0.2907644719399028
0.2393617021276596,0.2429078014184397,0.225177304964539,0.2925531914893617
0.24363476733977174,0.23661106233538193,0.22651448639157157,0.2932396839332748
0.2472308373947718,0.2410279131590607,0.21400088613203366,0.2977403633141338
0.24412937527691625,0.23836951705804166,0.21488701816570668,0.3026140894993354
0.23847167325428195,0.2362758014931928,0.22090469916556874,0.30434782608695654
0.24413976116762495,0.22556390977443608,0.22467934542237947,0.3056169836355595
0.2368769298632554,0.23202470224966917,0.23158359064843406,0.2995147772386414
0.24242424242424243,0.23012736056214317,0.22793148880105402,0.2995169082125604
0.24,0.22989010989010988,0.22857142857142856,0.30153846153846153
0.24291321412996075,0.23549934583515045,0.22764936764064544,0.29393807239424335
0.2442781690140845,0.23459507042253522,0.22887323943661972,0.29225352112676056
0.24324324324324326,0.22862206468763846,0.230837394771821,0.2972972972972973
0.2466230936819172,0.23616557734204793,0.2261437908496732,0.29106753812636166
0.24716652136006975,0.23234524847428073,0.22537053182214473,0.2951176983435048
0.2464726631393298,0.2345679012345679,0.2204585537918871,0.2985008818342152
0.2467991169977925,0.23487858719646798,0.21810154525386313,0.30022075055187636
0.2592429577464789,0.2319542253521127,0.2108274647887324,0.29797535211267606
0.253028263795424,0.23059668012561688,0.21624046657694032,0.3001345895020188
0.25066079295154187,0.22687224669603523,0.2145374449339207,0.3079295154185022
0.25120772946859904,0.22837066315327184,0.21080368906455862,0.3096179183135705
0.25,0.225130890052356,0.21291448516579406,0.31195462478184993
0.25,0.22197898423817863,0.21147110332749564,0.31654991243432573
0.25252969643642764,0.22173339199296085,0.21029476462824462,0.31544214694236694
0.2517543859649123,0.2206140350877193,0.2149122807017544,0.312719298245614
0.25,0.222663139329806,0.2173721340388007,0.3099647266313933
0.25620567375886527,0.22118794326241134,0.21099290780141844,0.311613475177305
0.25701559020044545,0.21870824053452115,0.21514476614699332,0.3091314031180401
0.25958965209634255,0.2207850133809099,0.2127564674397859,0.3068688670829616
0.2574082264484741,0.22069880583812473,0.21627598407784165,0.3056169836355595
0.26246140273489194,0.21658579620644022,0.211733568592854,0.30921923246581384
0.2613486117232261,0.21551344204495373,0.2150727192595857,0.3080652269722345
0.2581641659311562,0.21359223300970873,0.21624007060900266,0.3120035304501324
0.2608315098468271,0.21706783369803062,0.21575492341356675,0.3063457330415755
0.2609841827768014,0.22231985940246046,0.21616871704745166,0.30052724077328646
0.25862822193097423,0.21887287024901703,0.21887287024901703,0.3036260375709917
0.25547765118317267,0.2147239263803681,0.22173531989482909,0.30806310254163016
0.25876608965823344,0.20905459387483355,0.2201509098979139,0.3120284065690191
0.25283842794759825,0.21572052401746725,0.21790393013100437,0.31353711790393013
0.25551632833186233,0.2122683142100618,0.2149161518093557,0.3172992056487202
0.2604671661524901,0.21022476862053768,0.21375055090348172,0.31555751432349055
0.25198587819947044,0.2113857016769638,0.21932921447484555,0.3172992056487202
0.25735950044603034,0.21097234611953614,0.21944692239072258,0.31222123104371097
0.25342163355408387,0.21368653421633554,0.22030905077262694,0.3125827814569536
0.258193091231178,0.2121346324180691,0.22276350752878654,0.3069087688219663
0.2622085349758029,0.21249450065992082,0.2212934447866256,0.3040035195776507
0.2534337616304829,0.21488701816570668,0.22286220646876384,0.3088170137350465
0.25888547608600265,0.21281263712154452,0.22290478279947346,0.30539710399297937
0.2598944591029024,0.21503957783641162,0.21899736147757257,0.30606860158311344
0.25663716814159293,0.2075221238938053,0.22654867256637168,0.3092920353982301
0.2506573181419807,0.2081507449605609,0.23137598597721298,0.3098159509202454
0.25297487880123404,0.20713970912296165,0.22961657117672984,0.31026884089907447
0.25385632437197003,0.20405464962538564,0.22961657117672984,0.3124724548259145
0.25165562913907286,0.20838852097130242,0.223841059602649,0.3161147902869757
0.24495171202809482,0.21378402107111502,0.2247585601404741,0.3165057067603161
0.24582967515364354,0.21246707638279191,0.2247585601404741,0.3169446883230904
0.24549846288976723,0.2116820377689943,0.2160737812911726,0.32674571805006586
0.2406675450153711,0.21212121212121213,0.21387790953008345,0.3333333333333333
0.2412571934484285,0.21336874723328905,0.21381142098273573,0.3315626383355467
0.23495575221238937,0.21283185840707963,0.22035398230088496,0.33185840707964603
0.24592331423534597,0.20758043190832967,0.21903922432789774,0.32745702952842665
0.24595893403232852,0.21100917431192662,0.21712538226299694,0.3259065093927479
0.2411660777385159,0.21598939929328623,0.2146643109540636,0.3281802120141343
0.2401766004415011,0.22163355408388521,0.21059602649006623,0.3275938189845475
0.2393048128342246,0.22014260249554368,0.21524064171122995,0.3253119429590018
0.2539543057996485,0.21441124780316345,0.2126537785588752,0.3189806678383128
0.257908611599297,0.2126537785588752,0.21309314586994726,0.3163444639718805
0.2566021126760563,0.2112676056338028,0.2205105633802817,0.31161971830985913
0.26395039858281666,0.21302037201062887,0.2178919397697077,0.3051372896368468
0.2621359223300971,0.2149161518093557,0.21932921447484555,0.3036187113857017
0.2574561403508772,0.218859649122807,0.21578947368421053,0.3078947368421053
0.25862068965517243,0.21529619805481875,0.22281167108753316,0.3032714412024757
0.2565789473684211,0.2131578947368421,0.22280701754385965,0.3074561403508772
0.2508833922261484,0.21775618374558303,0.2248233215547703,0.30653710247349825
0.24878907970057243,0.21180096873623955,0.23469837076177896,0.3047115808014091
0.24966916629907365,0.21085134539038378,0.2368769298632554,0.3026025584472872
0.2545213939126599,0.21261579179532422,0.2333480370533745,0.2995147772386414
0.2553846153846154,0.21582417582417582,0.22857142857142856,0.30021978021978024
0.25692916849978004,0.2190937087549494,0.22833260008798945,0.29564452265728114
0.2557218309859155,0.22227112676056338,0.2262323943661972,0.29577464788732394
0.2513274336283186,0.22123893805309736,0.22920353982300884,0.2982300884955752
0.251105216622458,0.22281167108753316,0.23297966401414677,0.29310344827586204
0.2516614975631369,0.2202038103677448,0.23393885688967656,0.29419583517944176
0.25209343323049804,0.2234464521815778,0.2256500661084178,0.2988100484795064
0.2557117750439367,0.21836555360281196,0.23022847100175747,0.29569420035149385
0.25022026431718064,0.22026431718061673,0.23215859030837005,0.2973568281938326
0.2526690391459075,0.22108540925266904,0.23087188612099643,0.29537366548042704
0.24933804060017653,0.22462488967343336,0.23080317740511916,0.29523389232127095
0.24879333040807372,0.22860903905221588,0.22641509433962265,0.2961825362000878
0.24945006599208094,0.2278926528816542,0.2300923889133304,0.29256489221293447
0.24714160070360597,0.22207563764291996,0.23131046613896217,0.2994722955145119
0.2516440157825515,0.22139412538360367,0.22709338009644892,0.29986847873739586
0.2536010475774771,0.21824530772588388,0.2343954604975993,0.2937581841990397
0.2570546737213404,0.21781305114638447,0.22707231040564374,0.2980599647266314
0.25552608311229,0.21839080459770116,0.23032714412024757,0.2957559681697613
0.2534904013961606,0.2198952879581152,0.23167539267015708,0.2949389179755672
0.2466112811543507,0.219938784433756,0.23305640577175338,0.3003935286401399
0.2436010591350397,0.22065313327449249,0.23477493380406,0.30097087378640774
0.25486725663716814,0.2163716814159292,0.23097345132743363,0.297787610619469
0.2517574692442882,0.2126537785588752,0.23154657293497363,0.30404217926186294
0.25500667556742324,0.2118380062305296,0.23275478415665332,0.30040053404539385
0.252414398595259,0.20719929762949957,0.23134328358208955,0.3090430201931519
0.2504416961130742,0.20715547703180212,0.2393992932862191,0.3030035335689046
0.25240174672489085,0.2126637554585153,0.23100436681222708,0.30393013100436683
0.25120772946859904,0.21124286341677645,0.23012736056214317,0.30742204655248134
0.25244444444444447,0.21022222222222223,0.22977777777777778,0.3075555555555556
0.25540361711513015,0.21393912659902956,0.22893692104102337,0.30172033524481695
0.25584472871636527,0.21482134980149978,0.2267313630348478,0.3026025584472872
0.25569176882662,0.2149737302977233,0.22723292469352013,0.3021015761821366
0.25503943908851884,0.2116564417177914,0.22217353198948292,0.31113058720420683
0.25820763087843834,0.20718722271517304,0.2209405501330967,0.3136645962732919
0.25842198581560283,0.20567375886524822,0.22118794326241134,0.3147163120567376
0.25418502202643173,0.21013215859030837,0.22378854625550662,0.3118942731277533
0.26077298978231894,0.20657485561972458,0.2176810306530431,0.3149711239449134
0.2580078982009653,0.2062308029837648,0.22071083808688022,0.31505046072838966
0.2655141843971631,0.2047872340425532,0.2220744680851064,0.3076241134751773
0.26866990720282813,0.20989836500220946,0.2147591692443659,0.30667255855059655
0.2737355811889973,0.20319432120674358,0.2160603371783496,0.3070097604259095
0.2738354375272094,0.19808445798868088,0.2237701349586417,0.304309969525468
0.27645502645502645,0.19576719576719576,0.2310405643738977,0.2967372134038801
0.2778753292361721,0.1997366110623354,0.2273924495171203,0.29499561018437226
0.27893569844789357,0.2,0.2203991130820399,0.3006651884700665
0.2838852097130243,0.1977924944812362,0.22119205298013245,0.29713024282560707
0.28608923884514437,0.1942257217847769,0.2222222222222222,0.2974628171478565
0.28633975481611207,0.18870402802101577,0.2180385288966725,0.30691768826619964
0.2849604221635884,0.19569041336851364,0.21459982409850484,0.30474934036939316
0.2816651904340124,0.19884853852967227,0.21257750221434898,0.3069087688219663
0.2889867841409692,0.20044052863436124,0.20792951541850221,0.3026431718061674
0.2780229479258605,0.19858781994704325,0.21270962047661077,0.3106796116504854
0.273972602739726,0.2063632346442775,0.21254971277065843,0.30711444984533803
0.2757562472599737,0.20517316966242877,0.2104340201665936,0.30863656291100394
0.27508802816901406,0.19982394366197184,0.21610915492957747,0.3089788732394366
0.27189141856392296,0.2009632224168126,0.2136602451838879,0.3134851138353765
0.27992957746478875,0.2007042253521127,0.2112676056338028,0.30809859154929575
0.277284826974268,0.20186335403726707,0.21162377994676132,0.30922803904170365
0.285336856010568,0.1928665785997358,0.20783795684720388,0.3139586085424923
0.28471309680245294,0.19929916776171705,0.2049934296977661,0.31099430573806397
0.2782685512367491,0.19964664310954064,0.2151060070671378,0.30697879858657245
0.2766990291262136,0.19902912621359223,0.21270962047661077,0.3115622241835834
0.27163781624500666,0.19973368841544606,0.21216156236129605,0.31646693297825124
0.2675994752951465,0.19982509838216003,0.21512898994315696,0.3174464363795365
0.2699331848552339,0.1973273942093541,0.21603563474387527,0.3167037861915368
0.27409372236958446,0.1896551724137931,0.21927497789566755,0.3169761273209549
0.2736098852603707,0.19285083848190646,0.21888790820829657,0.3146513680494263
0.25507502206531335,0.20344218887908208,0.22683142100617829,0.3146513680494263
0.25690115761353516,0.20614425645592163,0.21905609973285842,0.3178984861976848
0.2552910052910053,0.20502645502645503,0.2173721340388007,0.322310405643739
0.2552539404553415,0.2084063047285464,0.21409807355516638,0.3222416812609457
0.2560706401766004,0.20618101545253864,0.21721854304635763,0.3205298013245033
0.25807860262008736,0.21048034934497817,0.21572052401746725,0.31572052401746725
0.2590492804186655,0.21064108155255123,0.2158744003488879,0.31443523767989534
0.26148409893992935,0.20803886925795054,0.2234982332155477,0.30697879858657245
0.2657497781721384,0.21206743566992015,0.2209405501330967,0.30124223602484473
0.2628318584070796,0.21106194690265487,0.22256637168141594,0.3035398230088496
0.26773049645390073,0.21409574468085107,0.21586879432624115,0.30230496453900707
0.27056753189617244,0.2190937087549494,0.21733391992960846,0.2930048394192697
0.26763668430335097,0.21693121693121692,0.2244268077601411,0.291005291005291
0.27119396360408343,0.21793164669329781,0.22192632046160674,0.28894806924101196
0.26919682259488087,0.2175639894086496,0.2237422771403354,0.28949691085613416
0.2773146116717859,0.22378236068451074,0.21763931548924967,0.2812637121544537
0.27849223946784923,0.22305986696230598,0.2203991130820399,0.2780487804878049
0.2827433628318584,0.21991150442477875,0.22168141592920354,0.2756637168141593
0.28008849557522125,0.22300884955752212,0.2234513274336283,0.2734513274336283
0.2760141093474427,0.22883597883597884,0.222663139329806,0.2724867724867725
0.2782685512367491,0.2252650176678445,0.22747349823321555,0.26899293286219084
0.2724890829694323,0.22270742358078602,0.2353711790393013,0.2694323144104803
0.2728857890148213,0.22711421098517873,0.23583260680034873,0.26416739319965127
0.27049539675580886,0.23191582639193337,0.23498465585269618,0.2626041209995616
0.26731363034847816,0.23467137185707984,0.2329069254521394,0.2651080723423026
0.2733274647887324,0.230193661971831,0.22843309859154928,0.2680457746478873
0.27463863337713534,0.23302671922908455,0.22952255803766974,0.2628120893561104
0.27324561403508774,0.22982456140350876,0.23289473684210527,0.26403508771929823
0.2664618086040386,0.23617208077260754,0.23529411764705882,0.262071992976295
0.2624113475177305,0.2402482269503546,0.2398049645390071,0.2575354609929078
0.263668430335097,0.23677248677248677,0.23853615520282187,0.26102292768959434
0.26430755788553956,0.23547400611620795,0.23809523809523808,0.2621231979030144
0.2647058823529412,0.233099209833187,0.23617208077260754,0.2660228270412643
0.2628345765686705,0.225976305397104,0.24396665204036858,0.26722246599385696
0.2745270567531896,0.2278926528816542,0.23669159700835898,0.2608886933567972
0.27388815499779834,0.22721268163804492,0.23734037868780272,0.261558784676354
0.2740026304252521,0.22753178430512933,0.2371766768960982,0.26128890837352037
0.27672679278486584,0.23053233611966564,0.23757149142102948,0.2551693796744391
0.27417218543046357,0.2304635761589404,0.23973509933774834,0.2556291390728477
0.27835951134380454,0.225130890052356,0.2369109947643979,0.25959860383944156
0.2777284826974268,0.22626441881100265,0.23646850044365572,0.2595385980479148
0.2784262862083874,0.22827496757457846,0.23000432338953739,0.26329442282749677
0.2769097222222222,0.22352430555555555,0.23524305555555555,0.2643229166666667
0.2810170977641385,0.21832529592284086,0.235861464270057,0.2647961420429636
0.286215978928885,0.21949078138718173,0.2309043020193152,0.2633889376646181
0.28540113985094256,0.2235861464270057,0.22972380534853135,0.26128890837352037
0.28464912280701754,0.22236842105263158,0.2293859649122807,0.26359649122807016
0.2875874125874126,0.2215909090909091,0.2298951048951049,0.26092657342657344
0.2848378615249781,0.22304995617879053,0.2287467134092901,0.2633654688869413
0.28715034965034963,0.22202797202797203,0.22508741258741258,0.26573426573426573
0.2867225408028231,0.2218791354212616,0.22805469783855314,0.26334362593736216
0.28596568411790585,0.22657281126264847,0.225692916849978,0.26176858776946765
0.29509632224168125,0.22416812609457093,0.22548161120840632,0.2552539404553415
0.2974989030276437,0.22027204914436158,0.22465993856954805,0.25756910925844667
0.2975501113585746,0.22538975501113587,0.21915367483296214,0.2579064587973274
0.30516014234875444,0.2277580071174377,0.21930604982206406,0.24777580071174377
0.30144800351031154,0.22860903905221588,0.21895568231680562,0.250987275120667
0.3029642545771578,0.22885789014821273,0.21970357454228423,0.24847428073234526
0.29610162067455104,0.22996057818659657,0.22295225580376699,0.25098554533508544
0.2955145118733509,0.2326297273526825,0.22075637642919965,0.2510993843447669
0.2975929978118162,0.2275711159737418,0.2236323851203501,0.2512035010940919
0.28818827708703376,0.2313499111900533,0.22291296625222023,0.25754884547069273
0.287598944591029,0.2326297273526825,0.22559366754617413,0.2541776605101143
0.2806167400881057,0.23920704845814977,0.22466960352422907,0.2555066079295154
0.28546177640300485,0.23685373398144058,0.22624834290764473,0.25143614670790987
0.279754062362758,0.23891084760649978,0.23364075537988582,0.24769433465085638
0.2794568550153307,0.2387209811651336,0.22996057818659657,0.2518615856329391
0.2769434628975265,0.23586572438162545,0.23012367491166077,0.2570671378091873
0.2818141787758697,0.23513870541611626,0.2280933509467195,0.25495376486129456
0.2813738441215324,0.23910171730515192,0.2280933509467195,0.2514310876265962
0.2818141787758697,0.2404227212681638,0.2263320123293703,0.2514310876265962
0.28528006947459833,0.23664785062961355,0.2297003907946157,0.24837168910117238
0.28527336860670194,0.23677248677248677,0.2292768959435626,0.24867724867724866
0.2896825396825397,0.22663139329805995,0.23236331569664903,0.25132275132275134
0.29902826855123676,0.2226148409893993,0.2234982332155477,0.25485865724381623
0.29978118161925604,0.23107221006564552,0.2188183807439825,0.25032822757111595
0.29349736379613356,0.23286467486818982,0.22363796133567662,0.25
0.2911504424778761,0.2345132743362832,0.2247787610619469,0.24955752212389382
0.2913558578323826,0.2378236068451075,0.22027204914436158,0.2505484861781483
0.2916117698726394,0.2393500219587176,0.2231005709266579,0.24593763724198506
0.2912234042553192,0.24202127659574468,0.22163120567375885,0.24512411347517732
0.28954305799648505,0.2359402460456942,0.2179261862917399,0.2565905096660808
0.2815405046480744,0.23550243470562196,0.22709163346613545,0.2558654271801682
0.284326710816777,0.2326710816777042,0.22737306843267108,0.2556291390728477
0.283647523016221,0.2341078474353354,0.2253397632617273,0.2569048662867163
0.28253275109170306,0.2388646288209607,0.2200873362445415,0.25851528384279476
0.28533214444939814,0.23584485064645563,0.22603655818100757,0.25278644672313866
0.28366013071895424,0.2344226579520697,0.22483660130718955,0.2570806100217865
0.28368794326241137,0.23670212765957446,0.21808510638297873,0.26152482269503546
0.2848990342405619,0.23573309920983318,0.22256365232660227,0.25680421422300265
0.2881729920564872,0.22418358340688438,0.22153574580759047,0.26610767872903796
0.2802294792586055,0.2290379523389232,0.22550750220653135,0.26522506619594
0.28029642545771577,0.22972972972972974,0.22057541412380122,0.26939843068875324
0.2786666666666667,0.24,0.22088888888888888,0.2604444444444444
0.2745270567531896,0.2388913330400352,0.2168939727232732,0.269687637483502
0.27377266696152147,0.23662096417514375,0.21716054842989826,0.2724458204334365
0.27304499781564,0.23896898208824816,0.21581476627348187,0.27217125382262997
0.27308707124010556,0.23878627968337732,0.21503957783641162,0.27308707124010556
0.270541958041958,0.24213286713286714,0.2172202797202797,0.2701048951048951
0.26904447380008806,0.23778071334214002,0.22060766182298547,0.27256715103478646
0.27189141856392296,0.2373029772329247,0.22110332749562173,0.26970227670753066
0.2737777777777778,0.236,0.21733333333333332,0.2728888888888889
0.2756494936151475,0.23778071334214002,0.21972699251431088,0.2668428005284016
0.27312775330396477,0.2431718061674009,0.21762114537444935,0.26607929515418505
0.2769704975781594,0.23734037868780272,0.22369000440334655,0.2619991193306913
0.28126390743213175,0.22919448153093014,0.22563417890520696,0.2639074321317312
0.2827525363917071,0.23114247904719895,0.22055580061755625,0.2655491839435377
0.27680140597539543,0.22451669595782073,0.22319859402460457,0.27548330404217924
0.2838964458095656,0.21895568231680562,0.22378236068451074,0.27336551118911806
0.2820288587669436,0.2225623087013555,0.2186270222999563,0.27678181023174464
0.2777777777777778,0.22530864197530864,0.2204585537918871,0.27645502645502645
0.27580071174377224,0.22197508896797152,0.2255338078291815,0.27669039145907476
0.2756043956043956,0.22021978021978023,0.2254945054945055,0.2786813186813187
0.27527352297593,0.21925601750547047,0.23107221006564552,0.27439824945295405
0.27933450087565675,0.22416812609457093,0.22504378283712784,0.2714535901926445
0.28067078552515445,0.2237422771403354,0.22550750220653135,0.27007943512797883
0.28400531679220203,0.21976074435090828,0.22330527248560036,0.2729286663712893
0.2843224092116918,0.2183348095659876,0.22896368467670505,0.2683790965456156
0.2843352347520842,0.21939447125932426,0.22465993856954805,0.27161035541904344
0.2772234273318872,0.217353579175705,0.23253796095444684,0.272885032537961
0.27526132404181186,0.2147212543554007,0.24346689895470383,0.2665505226480836
0.27296819787985865,0.22173144876325088,0.24249116607773852,0.2628091872791519
0.2778745644599303,0.22125435540069685,0.24041811846689895,0.2604529616724739
0.27200353825740825,0.226890756302521,0.23883237505528526,0.2622733303847855
0.27268683274021355,0.22909252669039146,0.23754448398576514,0.2606761565836299
0.2756183745583039,0.21996466431095407,0.24690812720848057,0.2575088339222615
0.27731824118415327,0.22028733130169786,0.2411841532433609,0.26121027427078797
0.2761061946902655,0.22079646017699114,0.2398230088495575,0.26327433628318586
0.2782152230971129,0.22397200349956256,0.2384076990376203,0.2594050743657043
0.277851166886834,0.22677234698370763,0.23734037868780272,0.25803610744165567
0.2820401046207498,0.22406277244986922,0.23670444638186575,0.25719267654751526
0.28123639529821504,0.22464083587287767,0.239442751414889,0.2546800174140183
0.2864745011086475,0.22572062084257205,0.23636363636363636,0.25144124168514415
0.2835689045936396,0.2226148409893993,0.23586572438162545,0.2579505300353357
0.28,0.22177777777777777,0.23422222222222222,0.264
0.2737306843267108,0.2260485651214128,0.23399558498896247,0.2662251655629139
0.2825311942959002,0.2161319073083779,0.2339572192513369,0.26737967914438504
0.27920353982300883,0.2168141592920354,0.23761061946902653,0.2663716814159292
0.2789473684210526,0.21710526315789475,0.2324561403508772,0.27149122807017545
0.27584689837219534,0.2190937087549494,0.23669159700835898,0.2683677958644963
0.2676923076923077,0.22285714285714286,0.24571428571428572,0.26373626373626374
0.26734423331860363,0.23110914714980116,0.23773751657092354,0.26380910296067167
0.2679824561403509,0.23596491228070177,0.22763157894736843,0.26842105263157895
0.2733780760626398,0.23803131991051454,0.22237136465324384,0.2662192393736018
0.2748460861917326,0.2339489885664028,0.2167985927880387,0.27440633245382584
0.2748460861917326,0.23175021987686895,0.2185576077396658,0.2748460861917326
0.28300220750551874,0.22913907284768212,0.21589403973509932,0.27196467991169976
0.2855251544571933,0.22418358340688438,0.21800529567519858,0.2722859664607237
0.29056437389770723,0.21825396825396826,0.22134038800705466,0.2698412698412698
0.28910369068541303,0.21660808435852372,0.218804920913884,0.27548330404217924
0.29541446208112876,0.2204585537918871,0.21649029982363316,0.26763668430335097
0.3000882612533098,0.21932921447484555,0.21006178287731686,0.2705207413945278
0.3015943312666076,0.2187776793622675,0.2108060230292294,0.2688219663418955
0.2906208718626156,0.22765301629238222,0.20871862615587847,0.27300748568912375
0.29623059866962304,0.22261640798226165,0.21108647450110865,0.27006651884700666
0.29094922737306844,0.22207505518763798,0.21147902869757174,0.27549668874172184
0.2891832229580574,0.22075055187637968,0.2119205298013245,0.2781456953642384
0.29115586690017514,0.21628721541155868,0.21672504378283713,0.27583187390542907
0.2949108307959983,0.21574597651152674,0.21748586341887777,0.27185732927359724
0.29475982532751094,0.2170305676855895,0.22227074235807862,0.26593886462882094
0.29406593406593406,0.21362637362637363,0.22241758241758242,0.26989010989010986
0.2889867841409692,0.2145374449339207,0.22422907488986785,0.27224669603524226
0.29212983548243665,0.21253890618052468,0.22276567363272565,0.272565584704313
0.2903225806451613,0.21608484312859036,0.2209456473707468,0.27264692885550157
0.2839451570101725,0.21494913754975675,0.22379478107032286,0.2773109243697479
0.27883340698188247,0.21254971277065843,0.23155103844454264,0.2770658418029165
0.28046078865750995,0.21311475409836064,0.22729286663712894,0.27913159060700043
0.27895667550839964,0.20999115826702033,0.22988505747126436,0.28116710875331563
0.2753108348134991,0.21269982238010657,0.23090586145648312,0.2810834813499112
0.27753496503496505,0.21197552447552448,0.22727272727272727,0.28321678321678323
0.27991266375545854,0.20786026200873362,0.2279475982532751,0.2842794759825327
0.2835886214442013,0.20919037199124726,0.224945295404814,0.28227571115973743
0.28114035087719297,0.20964912280701756,0.22456140350877193,0.28464912280701754
0.28094820017559263,0.2115891132572432,0.2212467076382792,0.286215978928885
0.2734513274336283,0.21548672566371682,0.21858407079646017,0.2924778761061947
0.27154046997389036,0.2206266318537859,0.22106179286335945,0.2867711053089643
0.26958424507658646,0.21969365426695842,0.22275711159737419,0.28796498905908097
0.2632978723404255,0.2225177304964539,0.2296099290780142,0.2845744680851064
0.2710896309314587,0.22144112478031636,0.22495606326889278,0.28251318101933215
0.2682291666666667,0.2209201388888889,0.22395833333333334,0.2868923611111111
0.26067811536767943,0.22501100836635843,0.22545134302069572,0.2888595332452664
0.2594547053649956,0.22251539138082674,0.22383465259454705,0.2941952506596306
0.2607538802660754,0.2221729490022173,0.22305986696230598,0.2940133037694013
0.26006191950464397,0.22246793454223796,0.22865988500663423,0.2888102609464839
0.2504416961130742,0.23012367491166077,0.22438162544169613,0.2950530035335689
0.25394736842105264,0.2307017543859649,0.21929824561403508,0.29605263157894735
0.25650066108417807,0.23093873953283384,0.21947994711326577,0.29308065226972235
0.25087260034904013,0.2338568935427574,0.22338568935427575,0.2918848167539267
0.2509821038847665,0.2343954604975993,0.22261021388040156,0.2920122217372326
0.2502191060473269,0.23707274320771254,0.2252410166520596,0.287467134092901
0.24879333040807372,0.23913997367266346,0.2215884159719175,0.2904782799473453
0.2569686411149826,0.23257839721254356,0.22038327526132404,0.29006968641114983
0.25332741792369123,0.23070097604259096,0.22138420585625554,0.29458740017746227
0.2543046357615894,0.22781456953642384,0.22649006622516557,0.2913907284768212
0.25633187772925764,0.22969432314410482,0.22532751091703057,0.28864628820960697
0.2520860781730347,0.22924901185770752,0.2318840579710145,0.2867808519982433
0.25196850393700787,0.23009623797025372,0.23097112860892388,0.2869641294838145
0.251211987659762,0.23137946231820186,0.23005729396209784,0.2873512560599383
0.2528236316246742,0.22415291051259775,0.2306689834926151,0.29235447437011297
0.2541776605101143,0.2233948988566403,0.227792436235708,0.29463500439753737
0.25222419928825623,0.22508896797153025,0.222864768683274,0.2998220640569395
0.24934152765583845,0.22519754170324846,0.2212467076382792,0.3042142230026339
0.25055629728526924,0.23052959501557632,0.21717846016911438,0.30173564753004006
0.24683820322721325,0.2250327082424771,0.22197993894461404,0.3061491495856956
0.2471213463241807,0.22896368467670505,0.22054915854738708,0.30336581045172717
0.25099778270509976,0.22838137472283815,0.21951219512195122,0.30110864745011084
0.24669020300088262,0.2290379523389232,0.21932921447484555,0.3049426301853486
0.24614027348919276,0.22717247463608292,0.2223202470224967,0.3043670048522276
0.2427695004382121,0.22436459246275198,0.21866783523225242,0.3141980718667835
0.24689716312056736,0.22340425531914893,0.22118794326241134,0.30851063829787234
0.2629003558718861,0.2197508896797153,0.2117437722419929,0.3056049822064057
0.2621870882740448,0.22002635046113306,0.21299956082564778,0.30478700043917434
0.2577777777777778,0.22444444444444445,0.20844444444444443,0.30933333333333335
0.2575558475689882,0.22251423565484013,0.22163819535698642,0.2982917214191853
0.2578125,0.2191840277777778,0.21961805555555555,0.3033854166666667
0.25387682764731945,0.21887461231723526,0.21710234824988922,0.31014621178555607
0.25317564607971965,0.22163819535698642,0.20981165133596144,0.31537450722733246
0.24464831804281345,0.22673656618610746,0.21319353429445173,0.31542158147662736
0.2509907529722589,0.2294143549097314,0.21180096873623955,0.30779392338177014
0.250987275120667,0.23255813953488372,0.2132514260640632,0.30320315928038616
0.2491258741258741,0.23382867132867133,0.2202797202797203,0.29676573426573427
0.25120772946859904,0.23364075537988582,0.2147562582345191,0.30039525691699603
0.24834874504623514,0.23293703214442976,0.22148833113166005,0.29722589167767505
0.2467076382791923,0.23880597014925373,0.21729587357330993,0.2971905179982441
0.2434589800443459,0.23237250554323724,0.22838137472283815,0.2957871396895787
0.2440423654015887,0.23345101500441306,0.2290379523389232,0.29346866725507503
0.2420774647887324,0.23503521126760563,0.2306338028169014,0.29225352112676056
0.24551422319474836,0.23544857768052516,0.22975929978118162,0.28927789934354486
0.24202127659574468,0.23404255319148937,0.2322695035460993,0.2916666666666667
0.23971377459749552,0.23300536672629696,0.23837209302325582,0.2889087656529517
0.23903508771929824,0.22894736842105262,0.23859649122807017,0.29342105263157897
0.23966578715919085,0.22559366754617413,0.24098504837291118,0.2937554969217238
0.23477493380406,0.2263901147396293,0.24624889673433362,0.2925860547219771
0.2379295345802523,0.22357546759460636,0.24010439321444105,0.2983906046107003
0.23178807947019867,0.2269315673289183,0.2379690949227373,0.3033112582781457
0.2337604949182501,0.22536456031816174,0.24259832081307997,0.2982766239505082
0.23403324584426946,0.22353455818022747,0.24278215223097113,0.2996500437445319
0.23723591549295775,0.22315140845070422,0.23899647887323944,0.30061619718309857
0.23337736679876706,0.21972699251431088,0.24350506384852488,0.3033905768383972
0.2310405643738977,0.22001763668430335,0.24250440917107582,0.3064373897707231
0.22677234698370763,0.2175253192426244,0.24790841039189784,0.30779392338177014
0.22765673632725655,0.21342819030680302,0.25033348154735435,0.308581591818586
0.22815533980582525,0.21535745807590467,0.25154457193292146,0.3049426301853486
0.22515391380826738,0.21767810026385223,0.24714160070360597,0.3100263852242744
0.2260907888937858,0.21903922432789774,0.25165271044513,0.3032172763331864
0.22295514511873352,0.2198768689533861,0.2559366754617414,0.30123131046613894
0.22188183807439826,0.2135667396061269,0.25689277899343543,0.30765864332603937
0.2248233215547703,0.21201413427561838,0.25265017667844525,0.31051236749116606
0.22577816747040771,0.21788689171416045,0.2507672073651907,0.30556773345024113
0.2255671902268761,0.21858638743455497,0.25174520069808026,0.30410122164048864
0.22717343818261249,0.21494102228047182,0.24858016601135868,0.30930537352555704
0.22692822113241196,0.2171199286669639,0.24520731163620152,0.31074453856442263
0.23384615384615384,0.21362637362637363,0.2465934065934066,0.3059340659340659
0.23413566739606126,0.21312910284463896,0.24945295404814005,0.30328227571115973
0.2380114386273647,0.21249450065992082,0.24593048834139902,0.3035635723713154
0.238556338028169,0.21214788732394366,0.2442781690140845,0.3050176056338028
0.2331288343558282,0.21428571428571427,0.24408413672217352,0.30850131463628394
0.23963334788302051,0.21169794849410736,0.24618070711479703,0.30248799650807506
