C,D,Oc,Od
0.0,1.0,0.0,0.0
0.0,0.0,1.0,0.0
0.5,0.0,0.5,0.0
0.3333333333333333,0.0,0.6666666666666666,0.0
0.3333333333333333,0.0,0.3333333333333333,0.3333333333333333
0.5,0.0,0.25,0.25
0.5,0.0,0.25,0.25
0.4,0.0,0.4,0.2
0.3333333333333333,0.16666666666666666,0.3333333333333333,0.16666666666666666
0.3333333333333333,0.16666666666666666,0.3333333333333333,0.16666666666666666
0.4,0.2,0.2,0.2
0.2,0.4,0.2,0.2
0.25,0.75,0.0,0.0
0.25,0.5,0.0,0.25
0.25,0.5,0.0,0.25
0.25,0.5,0.0,0.25
0.25,0.25,0.0,0.5
0.4,0.2,0.0,0.4
0.3333333333333333,0.3333333333333333,0.0,0.3333333333333333
0.42857142857142855,0.2857142857142857,0.0,0.2857142857142857
0.375,0.375,0.0,0.25
0.3333333333333333,0.4444444444444444,0.0,0.2222222222222222
0.45454545454545453,0.36363636363636365,0.0,0.18181818181818182
0.5454545454545454,0.2727272727272727,0.09090909090909091,0.09090909090909091
0.5384615384615384,0.23076923076923078,0.15384615384615385,0.07692307692307693
0.6,0.2,0.13333333333333333,0.06666666666666667
0.6111111111111112,0.16666666666666666,0.16666666666666666,0.05555555555555555
0.631578947368421,0.21052631578947367,0.10526315789473684,0.05263157894736842
0.7368421052631579,0.15789473684210525,0.05263157894736842,0.05263157894736842
0.7916666666666666,0.125,0.041666666666666664,0.041666666666666664
0.8076923076923077,0.07692307692307693,0.07692307692307693,0.038461538461538464
0.8125,0.0625,0.0625,0.0625
0.8918918918918919,0.02702702702702703,0.02702702702702703,0.05405405405405406
0.8809523809523809,0.047619047619047616,0.023809523809523808,0.047619047619047616
0.9183673469387755,0.04081632653061224,0.02040816326530612,0.02040816326530612
0.9,0.03333333333333333,0.016666666666666666,0.05
0.8717948717948718,0.01282051282051282,0.02564102564102564,0.08974358974358974
0.8651685393258427,0.011235955056179775,0.033707865168539325,0.0898876404494382
0.8571428571428571,0.01904761904761905,0.02857142857142857,0.09523809523809523
0.8416666666666667,0.025,0.03333333333333333,0.1
0.8432835820895522,0.029850746268656716,0.022388059701492536,0.1044776119402985
0.8344370860927153,0.026490066225165563,0.039735099337748346,0.09933774834437085
0.8402366863905325,0.03550295857988166,0.03550295857988166,0.08875739644970414
0.8547486033519553,0.0223463687150838,0.0335195530726257,0.0893854748603352
0.8627450980392157,0.0196078431372549,0.024509803921568627,0.09313725490196079
0.8577981651376146,0.01834862385321101,0.03669724770642202,0.0871559633027523
0.88671875,0.01171875,0.03515625,0.06640625
0.8661971830985915,0.014084507042253521,0.03169014084507042,0.0880281690140845
0.8534201954397395,0.013029315960912053,0.029315960912052116,0.10423452768729642
0.8601190476190477,0.017857142857142856,0.023809523809523808,0.09821428571428571
0.8496042216358839,0.018469656992084433,0.029023746701846966,0.10290237467018469
0.8415841584158416,0.019801980198019802,0.024752475247524754,0.11386138613861387
0.8552036199095022,0.01583710407239819,0.020361990950226245,0.1085972850678733
0.8512396694214877,0.02066115702479339,0.022727272727272728,0.10537190082644628
0.8566108007448789,0.0186219739292365,0.0186219739292365,0.10614525139664804
0.8458781362007168,0.023297491039426525,0.017921146953405017,0.11290322580645161
0.8452579034941764,0.02329450915141431,0.013311148086522463,0.11813643926788686
0.823170731707317,0.021341463414634148,0.018292682926829267,0.13719512195121952
0.8108843537414966,0.021768707482993196,0.01904761904761905,0.14829931972789115
0.8072916666666666,0.020833333333333332,0.020833333333333332,0.15104166666666666
0.8002406738868832,0.021660649819494584,0.024067388688327317,0.15403128760529483
0.797281993204983,0.02378255945639864,0.01925254813137033,0.159682899207248
0.7955974842767296,0.02410901467505241,0.023060796645702306,0.15723270440251572
0.7834146341463415,0.025365853658536587,0.023414634146341463,0.1678048780487805
0.7744292237442922,0.025570776255707764,0.021917808219178082,0.1780821917808219
0.7743589743589744,0.023931623931623933,0.021367521367521368,0.18034188034188034
0.7662866449511401,0.025244299674267102,0.021172638436482084,0.18729641693811075
0.7564885496183206,0.025954198473282442,0.020610687022900764,0.1969465648854962
0.7528901734104047,0.024566473988439308,0.02167630057803468,0.20086705202312138
0.7367688022284122,0.027855153203342618,0.02437325905292479,0.21100278551532034
0.7261273209549072,0.02586206896551724,0.023209549071618037,0.22480106100795755
0.7198986058301647,0.025348542458808618,0.025348542458808618,0.229404309252218
0.718266253869969,0.02414860681114551,0.023529411764705882,0.23405572755417955
0.7116788321167883,0.0267639902676399,0.022506082725060828,0.23905109489051096
0.701518691588785,0.02453271028037383,0.026869158878504672,0.24707943925233644
0.6962669683257918,0.02262443438914027,0.02828054298642534,0.2528280542986425
0.7008781558726674,0.02030735455543359,0.02689352360043908,0.2519209659714599
0.6916846652267818,0.01997840172786177,0.02591792656587473,0.26241900647948163
0.687598944591029,0.027440633245382585,0.02691292875989446,0.25804749340369393
0.6756476683937824,0.029533678756476684,0.03005181347150259,0.26476683937823836
0.658661216147164,0.03168114460909555,0.032703117015840576,0.27695452222789985
0.6592261904761905,0.030257936507936508,0.03373015873015873,0.2767857142857143
0.6615751789976133,0.02720763723150358,0.031026252983293555,0.2801909307875895
0.6526465028355387,0.02551984877126654,0.0335538752362949,0.2882797731568998
0.6471135940409684,0.02653631284916201,0.03398510242085661,0.29236499068901306
0.6528095020557332,0.025582457743261764,0.031064412973960714,0.2905436272270443
0.6465556055830707,0.02656461053579469,0.0315173345339937,0.29536244934714095
0.6461538461538462,0.027149321266968326,0.0330316742081448,0.29366515837104074
0.6485260770975056,0.025396825396825397,0.030385487528344673,0.29569160997732424
0.6461607543780871,0.023798832510103278,0.03367759317467445,0.29636281993713515
0.6481810115350488,0.023957409050576754,0.032830523513753325,0.2950310559006211
0.6473988439306358,0.020898176967541128,0.035126722987994664,0.2965762561138284
0.6355633802816901,0.02420774647887324,0.035211267605633804,0.3050176056338028
0.6313446126447017,0.024487978628673197,0.039180765805877114,0.304986642920748
0.6337965038099507,0.024204392649036306,0.03765127745405648,0.30434782608695654
0.6267985611510791,0.024280575539568347,0.03597122302158273,0.3129496402877698
0.6304635761589404,0.019867549668874173,0.03708609271523179,0.3125827814569536
0.6323008849557522,0.02168141592920354,0.03716814159292035,0.3088495575221239
0.6255015604101649,0.020954079358002677,0.036558181007579134,0.3169861792242532
0.6277210128831631,0.020435362061306087,0.034207019102621056,0.3176366059529098
0.6217662801070473,0.02230151650312221,0.0352363960749331,0.3206958073148974
0.623162583518931,0.021380846325167038,0.033853006681514475,0.3216035634743875
0.6146993318485523,0.02182628062360802,0.03608017817371938,0.3273942093541203
0.6125724476148016,0.02139991083370486,0.03789567543468569,0.32813196611680784
0.6129317980513729,0.023029229406554472,0.03941541186891054,0.3246235606731621
0.61331569664903,0.02204585537918871,0.03791887125220458,0.32671957671957674
0.615592609283461,0.023884632717440287,0.04010815682739973,0.32041460117169895
0.5996464869642069,0.022978347326557666,0.04197967300044189,0.33539549270879365
0.6085011185682326,0.024161073825503355,0.04429530201342282,0.32304250559284114
0.6003560302625723,0.02403204272363151,0.042723631508678236,0.33288829550511795
0.5989256938227395,0.023724261414503133,0.04118173679498657,0.3361683079677708
0.5963587921847247,0.023090586145648313,0.03996447602131439,0.34058614564831263
0.5988449577965349,0.021768103065304308,0.04042647712127943,0.3389604620168814
0.6015971606033718,0.024401064773735583,0.041259982253771074,0.33274179236912155
0.6006317689530686,0.02572202166064982,0.04287003610108303,0.33077617328519854
0.5970744680851063,0.026152482269503546,0.04343971631205674,0.3333333333333333
0.588706091596265,0.027567807914628723,0.04313028012449978,0.3405958203646065
0.5879464285714285,0.029464285714285714,0.04642857142857143,0.3361607142857143
0.5823346648912561,0.031069684864624945,0.04660452729693742,0.33999112294718153
0.5831475702184574,0.03165403477485511,0.045474810521622826,0.3397235844850646
0.5750556792873052,0.031180400890868598,0.046325167037861915,0.34743875278396436
0.576188360728565,0.030208796090626388,0.047090182141270545,0.346512661039538
0.5734702992407325,0.029030817329164807,0.0482358195623046,0.34926306386779815
0.5760773966578716,0.02990325417766051,0.04925241864555849,0.3447669305189094
0.570353982300885,0.03185840707964602,0.05,0.347787610619469
0.5629464285714286,0.033928571428571426,0.049553571428571426,0.3535714285714286
0.5544686527345487,0.037349933303690526,0.048465984882169855,0.3597154290795909
0.5573991031390134,0.03811659192825112,0.04484304932735426,0.3596412556053812
0.5554066130473637,0.03842716711349419,0.04423592493297587,0.36193029490616624
0.5489759572573464,0.03784505788067676,0.04452359750667854,0.3686553873552983
0.5470275066548358,0.03593611357586513,0.044365572315882874,0.37267080745341613
0.549977588525325,0.03227252353204841,0.04616763783056925,0.37158225011205737
0.54986642920748,0.02983081032947462,0.0458593054318789,0.3744434550311665
0.5505117935024477,0.027147307521139297,0.04806408544726302,0.37427681352915
0.5507569011576136,0.029385574354407838,0.04452359750667854,0.3753339269813001
0.5553602811950791,0.029437609841827767,0.04130052724077329,0.37390158172231985
0.5534842432312472,0.03062583222370173,0.041278295605858856,0.3746116289391922
0.5488986784140969,0.03127753303964758,0.04229074889867841,0.3775330396475771
0.5487588652482269,0.030585106382978722,0.040780141843971635,0.3798758865248227
0.5542275343072156,0.02877379371403276,0.03629924745462594,0.3806994245241257
0.5512934879571811,0.030330062444246207,0.0352363960749331,0.3831400535236396
0.5516171909614532,0.02924235711120957,0.03322995126273815,0.38591050066459903
0.554561717352415,0.03041144901610018,0.03175313059033989,0.3832737030411449
0.5533333333333333,0.03288888888888889,0.029333333333333333,0.3844444444444444
0.5550581915846016,0.03043867502238138,0.02775290957923008,0.38675022381378693
0.5485739750445633,0.0338680926916221,0.0285204991087344,0.3890374331550802
0.541313086199196,0.03528360875390799,0.02813756141134435,0.39526574363555156
0.5454545454545454,0.03537841468875952,0.026421854008060904,0.3927451858486341
0.5394973070017953,0.03411131059245961,0.026929982046678635,0.3994614003590664
0.5473123056419369,0.034207019102621056,0.030208796090626388,0.38827187916481565
0.5458980044345898,0.032815964523281595,0.02926829268292683,0.3920177383592018
0.5518909410729991,0.03386103781882146,0.027704485488126648,0.3865435356200528
0.5403726708074534,0.03460514640638864,0.029281277728482696,0.39574090505767523
0.5350177304964538,0.034574468085106384,0.030585106382978722,0.399822695035461
0.5303842716711349,0.03395889186773905,0.03261840929401251,0.40303842716711347
0.5303030303030303,0.03297682709447415,0.030303030303030304,0.40641711229946526
0.5259423503325943,0.032815964523281595,0.03148558758314856,0.4097560975609756
0.5297273133661153,0.03263299061242736,0.030844881537773806,0.4067948144836835
0.529226618705036,0.03282374100719424,0.03192446043165468,0.4060251798561151
0.5261510952168083,0.03352704514975414,0.029950827000447027,0.41037103263299063
0.5349044019564251,0.031124944419742107,0.029791018230324588,0.4041796353935082
0.5374331550802139,0.03208556149732621,0.03208556149732621,0.3983957219251337
0.5340196956132498,0.03312444046553268,0.03267681289167413,0.40017905102954343
0.5356982487651549,0.030534351145038167,0.0327795240233498,0.40098787606645714
0.536813922356091,0.027219991075412762,0.0321285140562249,0.4038375725122713
0.5339848956019547,0.02621057307863172,0.03287427809862283,0.40693025322079074
0.5307760927743087,0.028099910793933987,0.03389830508474576,0.4072256913470116
0.5325022261798753,0.02894033837934105,0.030721282279608193,0.40783615316117544
0.5338413267593007,0.026445540116539667,0.029134917077543704,0.4105782160466159
0.5364536453645364,0.026552655265526554,0.0297029702970297,0.4072907290729073
0.5396683101748095,0.02330793366203496,0.02823845809054236,0.40878529807261316
0.5403334835511492,0.024785939612438034,0.02658855340243353,0.40829202343397925
0.5398032200357782,0.02817531305903399,0.026833631484794274,0.40518783542039355
0.5420560747663551,0.027147307521139297,0.0267022696929239,0.40409434801958166
0.5375,0.029464285714285714,0.025892857142857145,0.40714285714285714
0.5399019170753455,0.029424877396344182,0.026749888542131076,0.4039233169861792
0.5348314606741573,0.028764044943820226,0.028764044943820226,0.40764044943820227
0.5368653421633555,0.030022075055187638,0.026931567328918323,0.40618101545253865
0.5373665480427047,0.030249110320284697,0.026690391459074734,0.40569395017793597
0.5363475177304965,0.031914893617021274,0.0274822695035461,0.40425531914893614
0.5355408388520971,0.031346578366445915,0.025165562913907286,0.40794701986754967
0.5282347710093375,0.032458870609159626,0.02267674522009782,0.41662961316140507
0.5293594306049823,0.03291814946619217,0.02402135231316726,0.41370106761565834
0.5355535553555355,0.030153015301530153,0.024752475247524754,0.4095409540954095
0.532345013477089,0.027403414195867025,0.02425876010781671,0.4159928122192273
0.5294380017841214,0.028099910793933987,0.02631578947368421,0.41614629794826047
0.5244444444444445,0.02711111111111111,0.025777777777777778,0.4226666666666667
0.5283436669619131,0.025686448184233834,0.02612931798051373,0.41984056687333926
0.5297273133661153,0.028609745194456863,0.02682163611980331,0.4148413053196245
0.5296495956873315,0.029649595687331536,0.026504941599281222,0.4141958670260557
0.5233183856502243,0.030044843049327353,0.02780269058295964,0.4188340807174888
0.5145674585387718,0.03003137606454505,0.02868668758404303,0.42671447781264005
0.5073825503355704,0.030425055928411632,0.026398210290827742,0.43579418344519016
0.5078369905956113,0.03045230631437528,0.026869682042095836,0.4348410210479176
0.5038167938931297,0.02784014369106421,0.030983385720700495,0.4373596766951055
0.4979991107158737,0.02712316585148955,0.029346376167185415,0.4455313472654513
0.5002225189141077,0.027147307521139297,0.03159768580329328,0.4410324877614597
0.4957608210620259,0.027666220437304774,0.031236055332440876,0.4453369031682285
0.500224315836698,0.026469268730372364,0.03095558546433378,0.44235082996859576
0.49506726457399103,0.02466367713004484,0.03228699551569507,0.4479820627802691
0.5039964476021315,0.023534635879218474,0.03197158081705151,0.4404973357015986
0.49110320284697506,0.023131672597864767,0.03291814946619217,0.452846975088968
0.4979702300405954,0.02210193955796121,0.031574199368516014,0.44835363103292736
0.4957608210620259,0.022311468094600623,0.031236055332440876,0.4506916555109326
0.4948453608247423,0.022411474675033616,0.031376064545047065,0.45136709995517704
0.49778172138420584,0.022626441881100266,0.03149955634427684,0.44809228039041704
0.4929390997352162,0.02206531332744925,0.03133274492497794,0.45366284201235657
0.48830022075055185,0.02163355408388521,0.03090507726269316,0.45916114790286977
0.4878372401592216,0.02344095532950022,0.03272888102609465,0.45599292348518355
0.4842572062084257,0.023059866962305987,0.03237250554323725,0.46031042128603106
0.47955555555555557,0.024,0.03333333333333333,0.4631111111111111
0.4724199288256228,0.025355871886120998,0.03291814946619217,0.46930604982206403
0.47555555555555556,0.025333333333333333,0.03244444444444444,0.4666666666666667
0.47580645161290325,0.025985663082437275,0.03225806451612903,0.4659498207885305
0.4862466725820763,0.026175687666370896,0.026619343389529725,0.46095829636202307
0.49133718347401156,0.02576632607729898,0.027099067081297203,0.45579742336739226
0.48414470745868693,0.026797677534613668,0.026797677534613668,0.46225993747208577
0.48295706064630367,0.02656042496679947,0.027003098716246128,0.4634794156706507
0.47710093374833257,0.02712316585148955,0.028012449977767896,0.46776345042240997
0.4720496894409938,0.025732031943212066,0.029281277728482696,0.47293700088731144
0.47004405286343615,0.027312775330396475,0.025991189427312777,0.47665198237885464
0.47681224673570466,0.027465105808194508,0.026114362899594776,0.4696082845565061
0.47335423197492166,0.027765338110165697,0.026869682042095836,0.4720107478728168
0.473967684021544,0.02827648114901257,0.026032315978456014,0.47172351885098746
0.4778126400717167,0.025549081129538322,0.024204392649036306,0.47243388614970866
0.4745308310991957,0.02770330652368186,0.022788203753351208,0.4749776586237712
0.4746666666666667,0.029777777777777778,0.02266666666666667,0.4728888888888889
0.4761690647482014,0.02787769784172662,0.02473021582733813,0.4712230215827338
0.4609865470852018,0.028699551569506727,0.0242152466367713,0.4860986547085202
0.4544642857142857,0.03080357142857143,0.024553571428571428,0.4901785714285714
0.4608888888888889,0.028888888888888888,0.023555555555555555,0.4866666666666667
0.4523704031900753,0.030571555161719097,0.022153300841825433,0.49490474080638014
0.4541814946619217,0.03158362989323844,0.020462633451957295,0.49377224199288255
0.4504862953138815,0.03094606542882405,0.020778072502210435,0.497789566755084
0.45108455068614434,0.03142983621071271,0.02036299247454626,0.49712262062859675
0.4490884837705647,0.028901734104046242,0.01956425077812361,0.5024455313472654
0.44611973392461196,0.03015521064301552,0.017738359201773836,0.5059866962305987
0.44666666666666666,0.03155555555555556,0.018222222222222223,0.5035555555555555
0.44404814979937585,0.03209986625055729,0.02050824788230049,0.5033437360677664
0.43595505617977526,0.03280898876404494,0.019775280898876403,0.5114606741573033
0.43819229065130705,0.030128489144882586,0.021710234824988923,0.5099689853788214
0.43499554764024934,0.032056990204808546,0.022707034728406055,0.5102404274265361
0.43532560214094557,0.030330062444246207,0.0231935771632471,0.5111507582515611
0.4361607142857143,0.03125,0.023660714285714285,0.5089285714285714
0.4276109367996414,0.030927835051546393,0.023756163155535633,0.5177050649932765
0.4336322869955157,0.03273542600896861,0.02242152466367713,0.5112107623318386
0.42939866369710467,0.032516703786191536,0.021380846325167038,0.5167037861915368
0.41921204072598495,0.03497122620628597,0.02434705621956618,0.5214696768481629
0.42219274977895666,0.034924845269672856,0.023872679045092837,0.5190097259062776
0.4187192118226601,0.03403493058665472,0.02239140170174653,0.5248544558889386
0.4267260579064588,0.035634743875278395,0.02093541202672606,0.5167037861915368
0.4269813000890472,0.033392698130008905,0.02226179875333927,0.5173642030276047
0.43209876543209874,0.034832451499118164,0.02513227513227513,0.5079365079365079
0.4267374944665781,0.035856573705179286,0.023461708720672863,0.5139442231075697
0.42609082813891364,0.034728406055209264,0.022707034728406055,0.5164737310774711
0.42604074402125774,0.034100974313551816,0.021700620017714792,0.5181576616474757
0.42526690391459077,0.037811387900355875,0.02491103202846975,0.5120106761565836
0.4248773963441819,0.03700401248328132,0.028533214444939812,0.509585376727597
0.42671447781264005,0.03630658897355446,0.026445540116539667,0.5105333930972658
0.4274193548387097,0.03225806451612903,0.026881720430107527,0.5134408602150538
0.43232413178984863,0.028495102404274265,0.02626892252894034,0.5129118432769367
0.4296594982078853,0.027329749103942653,0.0264336917562724,0.5165770609318996
0.4296527159394479,0.026714158504007122,0.025823686553873553,0.5178094390026714
0.4350940017905103,0.02685765443151298,0.022829006266786033,0.5152193375111906
0.43138131426016985,0.02592758158247653,0.023692445239159587,0.518998658918194
0.42901371074745687,0.02697921273772667,0.02344095532950022,0.5205661211853162
0.41974210760337927,0.029346376167185415,0.022232103156958647,0.5286794130724767
0.42079428826416776,0.02989736724676484,0.0249888442659527,0.5243195002231147
0.42002658396101017,0.030128489144882586,0.02658396101019052,0.5232609658839167
0.4125780553077609,0.028099910793933987,0.025423728813559324,0.5338983050847458
0.4162550516389762,0.027391109115401886,0.024247867085765602,0.5321059721598563
0.41540516473731076,0.02894033837934105,0.022707034728406055,0.5329474621549422
0.4152202937249666,0.0267022696929239,0.02403204272363151,0.5340453938584779
0.4123665480427046,0.027580071174377226,0.025355871886120998,0.5346975088967971
0.41431095406360424,0.027385159010600707,0.02429328621908127,0.5340106007067138
0.4152617568766637,0.027506654835847383,0.025288376220053237,0.5319432120674357
0.41341030195381884,0.02930728241563055,0.02264653641207815,0.5346358792184724
0.4072759538598048,0.027062999112688554,0.023070097604259095,0.5425909494232476
0.39884649511978704,0.025732031943212066,0.025288376220053237,0.5501330967169477
0.4017094017094017,0.025191183085919926,0.024291497975708502,0.5488079172289698
0.40008940545373267,0.022351363433169423,0.025033527045149755,0.5525257040679481
0.40141467727674623,0.022546419098143235,0.022546419098143235,0.5534924845269673
0.40719613865730586,0.025010969723562967,0.02106186924089513,0.5467310223782361
0.40115504220346515,0.02621057307863172,0.023545091070635273,0.5490892936472679
0.40176991150442476,0.023008849557522124,0.026106194690265486,0.5491150442477876
0.4017857142857143,0.020535714285714286,0.025892857142857145,0.5517857142857143
0.3949016100178891,0.020572450805008944,0.025491949910554562,0.5590339892665475
0.39601769911504425,0.02168141592920354,0.023451327433628318,0.5588495575221238
0.3938033228558599,0.022002694207453974,0.023798832510103278,0.5603951504265828
0.3920863309352518,0.02158273381294964,0.022032374100719423,0.5642985611510791
0.3938310236924452,0.022351363433169423,0.02056325435851587,0.5632543585158695
0.38762794837561193,0.02358700489541611,0.02091677792612372,0.5678682688028482
0.3787878787878788,0.023618538324420676,0.021836007130124777,0.5757575757575758
0.37755102040816324,0.022626441881100266,0.022182786157941437,0.577639751552795
0.38084632516703787,0.022271714922048998,0.022271714922048998,0.5746102449888641
0.38084632516703787,0.02093541202672606,0.02271714922048998,0.5755011135857461
0.38574610244988866,0.018708240534521157,0.018708240534521157,0.576837416481069
0.38188277087033745,0.021314387211367674,0.019982238010657193,0.5768206039076377
0.387298747763864,0.022808586762075134,0.019230769230769232,0.5706618962432916
0.3830357142857143,0.02142857142857143,0.019642857142857142,0.5758928571428571
0.3868092691622103,0.019162210338680926,0.01693404634581105,0.5770944741532977
0.3793879387938794,0.018901890189018902,0.02025202520252025,0.5814581458145814
0.3825234061524744,0.018724921979491754,0.018724921979491754,0.5800267498885421
0.3831023692445239,0.02056325435851587,0.021457308895842648,0.5748770675011176
0.37778768956289027,0.019625334522747548,0.023639607493309546,0.5789473684210527
0.3755516328331862,0.0176522506619594,0.023389232127096204,0.5834068843777581
0.3679120879120879,0.01978021978021978,0.022857142857142857,0.5894505494505494
0.3665924276169265,0.0200445434298441,0.023162583518930958,0.5902004454342984
0.36775043936731105,0.020210896309314587,0.02240773286467487,0.5896309314586995
0.36697653829127935,0.02080566622399292,0.021691013722886232,0.5905267817618415
0.36404293381037567,0.018336314847942754,0.024150268336314847,0.5934704830053668
0.3559928443649374,0.01967799642218247,0.025044722719141325,0.5992844364937389
0.3554244212437585,0.021788470267816613,0.02723558783477077,0.5955515206536541
0.34924845269672855,0.021662245800176835,0.027409372236958444,0.6016799292661361
0.3490440195642508,0.020898176967541128,0.028012449977767896,0.6020453534904402
0.3465478841870824,0.020489977728285078,0.027171492204899776,0.6057906458797327
0.3487133984028394,0.019520851818988466,0.027506654835847383,0.6042590949423248
0.34986713906111605,0.02037201062887511,0.027900797165633304,0.6018600531443755
0.3452914798206278,0.018385650224215247,0.02914798206278027,0.6071748878923767
0.3535936113575865,0.019077196095829637,0.02839396628216504,0.5989352262644189
0.36236462093862815,0.021209386281588447,0.02707581227436823,0.5893501805054152
0.3629498000888494,0.02221235006663705,0.02798756108396268,0.5868502887605509
0.36139722346618897,0.025526197939991044,0.026869682042095836,0.5862068965517241
0.3642889187976671,0.026917900403768506,0.026917900403768506,0.5818752803947959
0.3679078014184397,0.027039007092198582,0.024379432624113476,0.5806737588652482
0.36371760500446826,0.027256478999106343,0.025022341376228777,0.5840035746201966
0.3622426631625055,0.026719229084537888,0.026719229084537888,0.5843188786684187
0.35498025449758663,0.02720491443615621,0.028521281263712155,0.589293549802545
0.364,0.028,0.028,0.58
0.3587819947043248,0.027802294792586054,0.027802294792586054,0.5856134157105031
0.36339285714285713,0.026785714285714284,0.025892857142857145,0.5839285714285715
0.3631085305940152,0.02813756141134435,0.027244305493523895,0.5815096025011166
0.36042402826855124,0.02871024734982332,0.028268551236749116,0.5825971731448764
0.35876840696117807,0.02989736724676484,0.02900490852298081,0.5823293172690763
0.36298614215467145,0.027268663388466695,0.029056772463120252,0.5806884219937416
0.35891748003549245,0.027062999112688554,0.029281277728482696,0.5847382431233363
0.36140819964349374,0.026737967914438502,0.029411764705882353,0.5824420677361853
0.36010709504685406,0.027666220437304774,0.028112449799196786,0.5841142347166444
0.36507936507936506,0.02821869488536155,0.02601410934744268,0.5806878306878307
0.3670048522276136,0.02690780767534186,0.02646669607410675,0.5796206440229378
0.3667405764966741,0.0270509977827051,0.02616407982261641,0.5800443458980045
0.3653675819309123,0.0283436669619132,0.025243578387953942,0.5810451727192205
0.3631484794275492,0.029069767441860465,0.026833631484794274,0.580948121645796
0.36307146027518866,0.03195739014647137,0.026187305814469597,0.5787838437638704
0.3639170710189678,0.0282311424790472,0.026025584472871635,0.5818262020291134
0.3631907308377897,0.0285204991087344,0.027183600713012478,0.5811051693404634
0.3581353653070372,0.029134917077543704,0.029134917077543704,0.5835948005378754
0.35528060097216085,0.0273972602739726,0.030048608042421564,0.587273530711445
0.3553866785873938,0.028609745194456863,0.029503799731783638,0.5864997764863656
0.3557347670250896,0.025985663082437275,0.03181003584229391,0.5864695340501792
0.3599470666078518,0.02646669607410675,0.029113365681517425,0.5844728716365241
0.3630259623992838,0.025962399283795883,0.02909579230080573,0.5819158460161146
0.3689363595905652,0.0262572318647085,0.027592345349354695,0.5772140631953716
0.36626613262127283,0.0262572318647085,0.02848242100578549,0.5789942145082332
0.36574487065120426,0.024531668153434435,0.028991971454058876,0.5807314897413024
0.3596102745792737,0.024800708591674048,0.02967227635075288,0.5859167404782993
0.35956043956043954,0.024615384615384615,0.03032967032967033,0.5854945054945055
0.36379769299023956,0.027950310559006212,0.030168589174800354,0.5780834072759539
0.35426802299867316,0.02830605926581159,0.03051747014595312,0.5869084475895622
0.3630742049469965,0.026501766784452298,0.030477031802120143,0.5799469964664311
0.36331096196868007,0.02371364653243848,0.03087248322147651,0.582102908277405
0.36154186973859104,0.0256978289765175,0.031014621178555603,0.5817456801063359
0.3712389380530973,0.023008849557522124,0.031415929203539826,0.5743362831858407
0.36599552572706934,0.022818791946308724,0.03087248322147651,0.5803131991051454
0.35967669510552314,0.02334979793444095,0.03322855859901212,0.5837449483610238
0.3609360936093609,0.023852385238523854,0.03375337533753375,0.5814581458145814
0.36622807017543857,0.02543859649122807,0.03245614035087719,0.5758771929824561
0.37235915492957744,0.02772887323943662,0.032570422535211266,0.5673415492957746
0.3751111111111111,0.026222222222222223,0.03288888888888889,0.5657777777777778
0.36942112240388864,0.026513477684489615,0.030048608042421564,0.5740167918692002
0.37450022212350065,0.024877832074633496,0.03065304309195913,0.5699689027099067
0.3698752228163993,0.0285204991087344,0.03163992869875223,0.5699643493761141
0.3678870754300838,0.027348919276576972,0.030436700485222762,0.5743273048081164
0.3635551585529254,0.02813756141134435,0.02992407324698526,0.578383206788745
0.36088888888888887,0.025333333333333333,0.03244444444444444,0.5813333333333334
0.3605533244087461,0.025435073627844713,0.03168228469433289,0.5823293172690763
0.3537841468875952,0.025078369905956112,0.032243618450515,0.5888938647559337
0.35663082437275984,0.0246415770609319,0.03494623655913978,0.5837813620071685
0.35406486006219456,0.02576632607729898,0.03198578409595735,0.5881830297645491
0.35641817379797086,0.025143361270401413,0.030877812086457873,0.5875606528451698
0.35327760668719754,0.025516937967443906,0.03255609326880774,0.5886493620765508
0.35959056519804183,0.024922118380062305,0.03159768580329328,0.5838896306186026
0.36082928981032203,0.02690780767534186,0.032642258491398325,0.5796206440229378
0.36343514829570606,0.02478972996901284,0.03054448871181939,0.5812306330234617
0.35891748003549245,0.026175687666370896,0.031055900621118012,0.5838509316770186
0.36119803308001786,0.02548055431381314,0.031291908806437195,0.5820295037997317
0.35443602318323675,0.025858225590726706,0.028979045920642,0.5907267053053945
0.354295837023915,0.024357838795394153,0.0283436669619132,0.5930026572187777
0.3573959255978742,0.026572187776793623,0.027015057573073518,0.5890168290522586
0.35015493581230633,0.029216467463479414,0.027003098716246128,0.5936254980079682
0.3493546951490877,0.02848242100578549,0.027592345349354695,0.5945705384957721
0.3557735176103433,0.028979045920642,0.02808738296923763,0.5871600534997771
0.35806308307418927,0.029320302087960905,0.029764549089293647,0.5828520657485562
0.35425011125945705,0.029817534490431688,0.02892745883400089,0.5870048954161103
0.3505338078291815,0.03113879003558719,0.03069395017793594,0.5876334519572953
0.35375055481580114,0.030181979582778518,0.03151353750554816,0.5845539280958721
0.35395492708793636,0.03049049933716306,0.029606716747680072,0.5859478568272205
0.35818262020291136,0.02690780767534186,0.029113365681517425,0.5857962064402293
0.35439681838267784,0.028722934158197082,0.0273972602739726,0.5894829871851525
0.3579749103942652,0.030017921146953404,0.026881720430107527,0.5851254480286738
0.35935397039030953,0.03095558546433378,0.02288021534320323,0.5868102288021534
0.3498881431767338,0.03087248322147651,0.024161073825503355,0.5950782997762863
0.34782608695652173,0.029134917077543704,0.02689376961004034,0.5961452263558942
0.3535936113575865,0.02839396628216504,0.025732031943212066,0.5922803904170364
0.3469750889679715,0.030249110320284697,0.026690391459074734,0.5960854092526691
0.34831460674157305,0.031011235955056178,0.02696629213483146,0.5937078651685394
0.34587813620071683,0.030017921146953404,0.026881720430107527,0.5972222222222222
0.3430755395683453,0.02787769784172662,0.025629496402877698,0.6034172661870504
0.3442333186036235,0.024745912505523642,0.02828104286345559,0.6027397260273972
0.3358440407620735,0.024811696942844484,0.027470093043863535,0.6118741692512184
0.3357079252003562,0.024933214603739984,0.027604630454140695,0.6117542297417632
0.3330380868024801,0.023472099202834367,0.025686448184233834,0.6178033658104517
0.3314031180400891,0.024498886414253896,0.027616926503340758,0.6164810690423163
0.3371937639198218,0.023162583518930958,0.028953229398663696,0.6106904231625835
0.33809099018733274,0.021409455842997322,0.03256021409455843,0.6079393398751115
0.3364485981308411,0.021361815754339118,0.030262572318647086,0.6119270137961726
0.3358540925266904,0.022686832740213523,0.03069395017793594,0.6107651245551602
0.34189548272807796,0.023914968999114262,0.02967227635075288,0.604517271922055
0.34075723830734966,0.023162583518930958,0.028062360801781736,0.6080178173719376
0.3383793410507569,0.02404274265360641,0.027604630454140695,0.609973285841496
0.3376334519572954,0.02802491103202847,0.026690391459074734,0.6076512455516014
0.33807829181494664,0.028469750889679714,0.027580071174377226,0.6058718861209964
0.3416038989809482,0.02702702702702703,0.02658396101019052,0.6047851129818342
0.3481182795698925,0.027329749103942653,0.026881720430107527,0.5976702508960573
0.34001782531194297,0.025846702317290554,0.0285204991087344,0.6056149732620321
0.33597534125935713,0.025979744605900485,0.02906208718626156,0.6089828269484808
0.33989266547406083,0.0259391771019678,0.029516994633273702,0.6046511627906976
0.3382616487455197,0.02956989247311828,0.030913978494623656,0.6012544802867383
0.3395472703062583,0.03062583222370173,0.031069684864624945,0.598757212605415
0.34164810690423164,0.028062360801781736,0.03162583518930958,0.598663697104677
0.3432504440497336,0.02708703374777975,0.03108348134991119,0.5985790408525755
0.3400089007565643,0.0258121940364931,0.03382287494437027,0.6003560302625723
0.34419642857142857,0.024107142857142858,0.032589285714285716,0.5991071428571428
0.34517992003553977,0.02310084406930253,0.03198578409595735,0.5997334517992003
0.3467670504871568,0.02037201062887511,0.030558015943312665,0.6023029229406555
0.3440142412105029,0.020026702269692925,0.030262572318647086,0.6056964842011571
0.3443708609271523,0.019867549668874173,0.030022075055187638,0.6057395143487859
0.33377837116154874,0.023141967067200713,0.030262572318647086,0.6128170894526035
0.338876404494382,0.025168539325842697,0.03325842696629214,0.6026966292134831
0.33873144399460187,0.026090868196131354,0.032388663967611336,0.6027890238416554
0.3367301727957466,0.0256978289765175,0.031014621178555603,0.6065573770491803
0.3301971326164875,0.0246415770609319,0.030017921146953404,0.6151433691756273
0.3339253996447602,0.02708703374777975,0.027531083481349913,0.6114564831261101
0.333926981300089,0.024933214603739984,0.02715939447907391,0.6139804096170971
0.3325872873769024,0.024171888988361683,0.02909579230080573,0.6141450313339302
0.3308103294746215,0.025378450578806767,0.027604630454140695,0.616206589492431
0.3354120267260579,0.026280623608017816,0.026280623608017816,0.6120267260579064
0.3306595365418895,0.024509803921568627,0.026737967914438502,0.6180926916221033
0.3262316910785619,0.024411895250776743,0.02796271637816245,0.6213936972924989
0.32220738762794837,0.024477080551846907,0.027147307521139297,0.6261682242990654
0.322177599286033,0.024542614904060688,0.02677376171352075,0.6265060240963856
0.31536748329621384,0.025389755011135856,0.026280623608017816,0.6329621380846325
0.3229120142920947,0.02456453774006253,0.027690933452434122,0.6248325145154087
0.32485233984552475,0.02407996365288505,0.028169014084507043,0.6228986824170831
0.3177570093457944,0.024477080551846907,0.027147307521139297,0.6306186025812194
0.318769505127062,0.02229157378510923,0.02808738296923763,0.6308515381185912
0.3258575197889182,0.020228671943711522,0.025505716798592787,0.6284080914687775
0.32486631016042783,0.020499108734402853,0.025846702317290554,0.6287878787878788
0.3199639477242001,0.01982875168995043,0.02568724650743578,0.6345200540784137
0.331397945511389,0.018758374274229567,0.025457793657882984,0.6243858865564984
0.32521045635799734,0.018165706690296855,0.0256978289765175,0.6309260079751883
0.32720909886264216,0.017497812773403325,0.02537182852143482,0.6299212598425197
0.33096716947648624,0.01685891748003549,0.026619343389529725,0.6255545696539485
0.335387323943662,0.018045774647887324,0.02640845070422535,0.6201584507042254
0.333926981300089,0.017809439002671415,0.027604630454140695,0.6206589492430988
0.33037300177619894,0.017761989342806393,0.02575488454706927,0.6261101243339254
0.32142857142857145,0.01875,0.027232142857142858,0.6325892857142857
0.3161147902869757,0.019426048565121413,0.0282560706401766,0.6362030905077263
0.3185053380782918,0.01912811387900356,0.027580071174377226,0.6347864768683275
0.30957683741648107,0.0200445434298441,0.028062360801781736,0.6423162583518931
0.3109205776173285,0.02075812274368231,0.027527075812274367,0.6407942238267148
0.313204146011717,0.020279405137449302,0.026137899954934655,0.6403785488958991
0.3111714156490276,0.018995929443690638,0.026232473993668022,0.6436001809136137
0.3206039076376554,0.017761989342806393,0.025310834813499113,0.6363232682060391
0.32017738359201775,0.01818181818181818,0.02483370288248337,0.6368070953436807
0.31590607000443066,0.01905183872396987,0.024368630926007974,0.6406734603455915
0.316,0.02,0.024,0.64
0.31283422459893045,0.020053475935828877,0.026292335115864526,0.6408199643493762
0.31088314005352363,0.01694915254237288,0.025423728813559324,0.6467439785905441
0.30714916151809357,0.0176522506619594,0.025154457193292144,0.6500441306266549
0.3119964189794091,0.018800358102059087,0.024619516562220233,0.6445837063563116
0.3121412803532009,0.018543046357615896,0.022958057395143488,0.6463576158940397
0.3129161118508655,0.019973368841544607,0.02130492676431425,0.6458055925432756
0.3128888888888889,0.020444444444444446,0.022222222222222223,0.6444444444444445
0.3104982206405694,0.023131672597864767,0.02224199288256228,0.6441281138790036
0.312,0.021777777777777778,0.02311111111111111,0.6431111111111111
0.31411974977658624,0.022788203753351208,0.025915996425379804,0.6371760500446828
0.32172763331864257,0.021595416483032173,0.0246804759806082,0.6319964742177171
0.3242170269078077,0.02293780326422585,0.022496691662990738,0.6303484781649757
0.31679220203810365,0.024368630926007974,0.023482498892334957,0.6353566681435534
0.3186861961828673,0.02130492676431425,0.024855747891699954,0.6351531291611185
0.32348993288590605,0.02371364653243848,0.024608501118568233,0.6281879194630873
0.3286031042128603,0.024390243902439025,0.024390243902439025,0.6226164079822616
0.3252212389380531,0.02256637168141593,0.025221238938053097,0.6269911504424779
0.3274725274725275,0.022857142857142857,0.026373626373626374,0.6232967032967033
0.32819383259911894,0.022466960352422908,0.028193832599118944,0.6211453744493393
0.3259423503325942,0.02261640798226164,0.0270509977827051,0.624390243902439
0.3334805653710247,0.02120141342756184,0.026060070671378093,0.6192579505300353
0.32983377077865267,0.021434820647419073,0.02668416447944007,0.6220472440944882
0.3274100399822301,0.019102621057307864,0.027543314082629944,0.6259440248778321
0.3249438202247191,0.021573033707865168,0.025617977528089888,0.6278651685393258
0.32262382864792505,0.020526550647032574,0.024096385542168676,0.6327532351628737
0.3305235137533274,0.02129547471162378,0.022182786157941437,0.6259982253771074
0.3318505338078292,0.02001779359430605,0.02224199288256228,0.6258896797153025
0.3319946452476573,0.020080321285140562,0.023650156180276664,0.6242748772869254
0.33658969804618116,0.019982238010657193,0.023534635879218474,0.6198934280639432
0.3281733746130031,0.021229544449358692,0.02476780185758514,0.625829279080053
0.32888295505117937,0.022251891410769914,0.024477080551846907,0.6243880729862038
0.3321476211649622,0.02267674522009782,0.021787461093819474,0.6233881725211204
0.33082039911308203,0.021729490022172948,0.02350332594235033,0.6239467849223946
0.3276709879302637,0.02101028162717926,0.02592758158247653,0.6253911488600805
0.3283917340521114,0.020664869721473494,0.02605570530098832,0.6248876909254267
0.3297777777777778,0.021777777777777778,0.02711111111111111,0.6213333333333333
0.3395390070921986,0.02127659574468085,0.026595744680851064,0.6125886524822695
0.33934859154929575,0.019806338028169015,0.025528169014084508,0.6153169014084507
0.34025629695095005,0.0207688908528502,0.027839151568714096,0.6111356606274856
0.34290764471939905,0.021210782147591693,0.026513477684489615,0.6093680954485197
0.3428063943161634,0.021758436944937832,0.02930728241563055,0.6061278863232682
0.3453903837670931,0.022496691662990738,0.029113365681517425,0.6029995588883987
0.34902309058614567,0.023534635879218474,0.03241563055062167,0.5950266429840142
0.3410610789121712,0.02229157378510923,0.030762371823450735,0.6058849754792688
