C,D,Oc,Od
0.0,0.0,0.0,1.0
0.0,0.4,0.0,0.6
0.0,0.5454545454545454,0.0,0.45454545454545453
0.0,0.55,0.0,0.45
0.0,0.5714285714285714,0.0,0.42857142857142855
0.0,0.559322033898305,0.03389830508474576,0.4067796610169492
0.0,0.5714285714285714,0.04395604395604396,0.38461538461538464
0.0,0.5954198473282443,0.05343511450381679,0.3511450381679389
0.0,0.6178010471204188,0.04712041884816754,0.33507853403141363
0.0,0.6268115942028986,0.050724637681159424,0.322463768115942
0.0,0.6386554621848739,0.056022408963585436,0.30532212885154064
0.010893246187363835,0.6361655773420479,0.05228758169934641,0.3006535947712418
0.01669449081803005,0.6126878130217028,0.048414023372287146,0.32220367278797996
0.02702702702702703,0.6,0.05540540540540541,0.31756756756756754
0.03655913978494624,0.5903225806451613,0.05591397849462366,0.3172043010752688
0.0405040504050405,0.5823582358235824,0.05310531053105311,0.324032403240324
0.05118411000763942,0.5645530939648586,0.05653170359052712,0.3277310924369748
0.05850706119704102,0.5601882985877606,0.05985205110961668,0.3214525891055817
0.06413301662707839,0.5540380047505938,0.060570071258907364,0.32125890736342044
0.07367280606717226,0.5585048754062839,0.060130010834236185,0.3076923076923077
0.07951685958731756,0.5541016607951686,0.06492199295420231,0.3014594866633115
0.08456760630673674,0.5537505972288581,0.06593406593406594,0.2957477305303392
0.08451347647327546,0.5541343079031521,0.06852444038373687,0.29282777523983555
0.09099058718063649,0.5432541461228149,0.0681308830121022,0.29762438368444644
0.09279717189571365,0.5461776403004861,0.06981882456915599,0.29120636323464427
0.09186351706036745,0.5389326334208224,0.0726159230096238,0.29658792650918636
0.09333917616126206,0.5346187554776511,0.0736196319018405,0.29842243645924627
0.09737991266375545,0.5270742358078603,0.07860262008733625,0.29694323144104806
0.10070052539404553,0.5236427320490368,0.07880910683012259,0.2968476357267951
0.09878154917319408,0.5217580504786771,0.08224543080939947,0.29721496953872933
0.10584101888449715,0.5090030742204655,0.08739569609134827,0.2977602108036891
0.1096859796550199,0.5033171163202123,0.08845643520566121,0.29854046881910656
0.11550285463328941,0.4980237154150198,0.08739569609134827,0.29907773386034253
0.11692307692307692,0.4967032967032967,0.08967032967032967,0.2967032967032967
0.12262902514336127,0.4949272165857962,0.08601676224084694,0.2964269960299956
0.1273046532045654,0.4872695346795435,0.08823529411764706,0.2971905179982441
0.12571428571428572,0.49230769230769234,0.08879120879120879,0.29318681318681317
0.12744227353463589,0.48845470692717585,0.0905861456483126,0.2935168738898757
0.12611408199643495,0.4879679144385027,0.0873440285204991,0.2985739750445633
0.1307017543859649,0.4789473684210526,0.09429824561403509,0.29605263157894735
0.13108945969884853,0.48848538529672275,0.09255978742249779,0.28786536758193093
0.1331868131868132,0.48,0.09362637362637363,0.29318681318681317
0.13099467140319715,0.48312611012433393,0.09857904085257549,0.2873001776198934
0.12951541850220263,0.4801762114537445,0.0973568281938326,0.29295154185022027
0.13884007029876977,0.4837434094903339,0.09490333919156414,0.28251318101933215
0.13690215006581835,0.4778411584028083,0.09872751206669592,0.2865291794646775
0.13974749673487158,0.47714410100130605,0.09621245102307358,0.2868959512407488
0.1343680709534368,0.47804878048780486,0.10376940133037695,0.2838137472283814
0.1340026189436927,0.47490178961152335,0.10475774770842426,0.2863378437363597
0.13654266958424507,0.47921225382932164,0.10065645514223195,0.2835886214442013
0.1437335670464505,0.4671340929009641,0.10078878177037687,0.2883435582822086
0.1479028697571744,0.46269315673289185,0.106401766004415,0.28300220750551874
0.14692982456140352,0.45526315789473687,0.10877192982456141,0.28903508771929826
0.14826357969723955,0.45191451469278715,0.11219946571682991,0.28762243989314334
0.1480828558836492,0.45658880564125165,0.10973997355663288,0.2855883649184663
0.14997794441993825,0.44993383325981473,0.11071901191001324,0.2893692104102338
0.1586452762923351,0.44607843137254904,0.10561497326203209,0.2896613190730838
0.15952797202797203,0.4458041958041958,0.11057692307692307,0.2840909090909091
0.15984147952443858,0.4434169969176574,0.11140466754733598,0.285336856010568
0.158702323542306,0.44234984655852694,0.10784743533537922,0.29110039456378783
0.16095444685466379,0.4420824295010846,0.10542299349240782,0.2915401301518438
0.15733803437637725,0.4416042309387395,0.10621419127368885,0.29484354341119434
0.15364238410596026,0.445916114790287,0.10507726269315673,0.295364238410596
0.1534065934065934,0.43868131868131865,0.10945054945054945,0.29846153846153844
0.15789473684210525,0.4449358690844759,0.10437859354268023,0.29279080053073864
0.1626267078007933,0.4367562802996915,0.10224768620537682,0.2983693256941384
0.16681299385425813,0.4253731343283582,0.10711150131694469,0.30070237050043896
0.1720620842572062,0.4195121951219512,0.10909090909090909,0.29933481152993346
0.17662801070472792,0.41391614629794826,0.11016949152542373,0.2992863514719001
0.1766256590509666,0.4134446397188049,0.11423550087873462,0.29569420035149385
0.17734855136084285,0.41527655838454786,0.11369622475856014,0.29367866549604915
0.1742591773551526,0.41707209199469264,0.11455108359133127,0.29411764705882354
0.17217084984588288,0.4196389255834434,0.11096433289299867,0.29722589167767505
0.17887261429205503,0.4172214824678207,0.10741233910341766,0.29649356413670663
0.1795324217026908,0.41243934715483016,0.11248345831495368,0.29554477282752534
0.17313563017880507,0.4143044047099869,0.11556912341910161,0.29699084169210643
0.17261118450022017,0.4183179216204315,0.11360634081902246,0.2954645530603259
0.17121478873239437,0.4154929577464789,0.11663732394366197,0.2966549295774648
0.17269076305220885,0.4109772423025435,0.12226684515841142,0.2940651494868362
0.17634124890061564,0.4067722075637643,0.12313104661389622,0.2937554969217238
0.1755485893416928,0.41110613524406625,0.12315270935960591,0.290192566054635
0.17829119442022667,0.4032258064516129,0.12336530078465563,0.2951176983435048
0.17641921397379912,0.4017467248908297,0.12925764192139738,0.2925764192139738
0.178743961352657,0.3974527887571366,0.13087395696091347,0.29292929292929293
0.18389793224813022,0.39683238011438626,0.13110426748790144,0.2881654201495821
0.18345798504179497,0.40123185217773866,0.13462384513858336,0.28068631764188295
0.17773867135943686,0.40167179938407394,0.13198416190057194,0.2886053673559173
0.17563989408649602,0.40688437775816416,0.13327449249779347,0.28420123565754635
0.1766256590509666,0.4094903339191564,0.13400702987697716,0.27987697715289983
0.1774967291757523,0.40950719581334494,0.13911905800261665,0.2738770170082861
0.17402826855123674,0.40724381625441697,0.1431095406360424,0.2756183745583039
0.1744906997342781,0.39946855624446415,0.14658990256864482,0.27945084145261295
0.17337461300309598,0.40026536930561696,0.14860681114551083,0.27775320654577623
0.17283413147583804,0.39660426643447977,0.15324336090552895,0.27731824118415327
0.17553191489361702,0.39184397163120566,0.149822695035461,0.2828014184397163
0.17835232252410166,0.3921998247151621,0.14899211218229624,0.28045574057843997
0.1757230499561788,0.3904469763365469,0.14592462751971955,0.28790534618755476
0.17685589519650655,0.388646288209607,0.14497816593886462,0.28951965065502183
0.17207647843485993,0.3903957314361939,0.1498443752779013,0.2876834148510449
0.17131474103585656,0.3926516157591855,0.1522797698096503,0.28375387339530767
0.1731696624287593,0.39193336256028055,0.15738711091626478,0.2775098640946953
0.1712779973649539,0.3935002195871761,0.15371102327624067,0.2815107597716293
0.17055971793741737,0.3856324371970031,0.15513442044953724,0.2886734244160423
0.16533333333333333,0.38666666666666666,0.15511111111111112,0.29288888888888887
0.16483998246383166,0.3800964489259097,0.16177115300306882,0.2932924156071898
0.1662257495590829,0.37566137566137564,0.16710758377425045,0.291005291005291
0.1661511268228016,0.37030490499337165,0.17101193106495802,0.29253203711886877
0.16482545293857712,0.3747238179407866,0.172779496243924,0.2876712328767123
0.16879682679594535,0.374173644777435,0.16835610401057735,0.2886734244160423
0.16884247171453437,0.370757180156658,0.1679721496953873,0.2924281984334204
0.17395182872435325,0.3617305976806423,0.16815343443354147,0.296164139161463
0.16901408450704225,0.3648767605633803,0.1738556338028169,0.29225352112676056
0.17410323709536307,0.36351706036745407,0.17016622922134733,0.2922134733158355
0.16746620148277366,0.36764064544265157,0.17269952027911034,0.29219363279546445
0.17261118450022017,0.3619550858652576,0.1690885072655218,0.29634522236900046
0.17531617967727867,0.3593545573484518,0.1735717400784998,0.2917575228957697
0.16921731526016615,0.359860078705728,0.17665063401836467,0.2942719720157411
0.16994320664045434,0.3547400611620795,0.1852337265181302,0.290083005679336
0.16979484941073766,0.35966826713225664,0.18550851156700132,0.28502837189000435
0.16893972723273207,0.3572371315442147,0.1869775626924769,0.28684557853057635
0.17703768624014024,0.35539000876424187,0.18711656441717792,0.28045574057843997
0.18117854001759015,0.3526824978012313,0.18293755496921724,0.2832014072119613
0.1827814569536424,0.3465783664459161,0.1880794701986755,0.282560706401766
0.1851363236587511,0.34740545294635006,0.18425681618293754,0.2832014072119613
0.18101545253863136,0.3483443708609272,0.19072847682119207,0.27991169977924946
0.18253275109170305,0.3475982532751092,0.18995633187772926,0.27991266375545854
0.18245307725883894,0.3531209079004801,0.1911828895678743,0.27324312527280664
0.18582122413033905,0.35535006605019814,0.18714222809335096,0.2716864817261119
0.18651488616462347,0.3471978984238179,0.19220665499124343,0.27408056042031526
0.19072847682119207,0.3479028697571744,0.18498896247240618,0.2763796909492274
0.19528178243774574,0.34993446920052423,0.18130187854958496,0.27348186981214506
0.19316688567674112,0.3495400788436268,0.18396846254927726,0.2733245729303548
0.19529516200621394,0.3484243231247226,0.18508655126498003,0.27119396360408343
0.19575784357048165,0.34334953601414053,0.1873619089703933,0.27353071144498453
0.20044642857142858,0.3375,0.1924107142857143,0.26964285714285713
0.2013157894736842,0.33596491228070174,0.19736842105263158,0.26535087719298245
0.2089817696754113,0.329035126722988,0.19653179190751446,0.26545131169408626
0.20945647370746795,0.3261157755192223,0.19796730004418914,0.2664604507291206
0.2038749449581682,0.33201232937032144,0.20079260237780713,0.2633201232937032
0.2069116360454943,0.326334208223972,0.2020997375328084,0.2646544181977253
0.20595968448729185,0.3212094653812445,0.2042068361086766,0.268624014022787
0.2022867194371152,0.3179419525065963,0.2088830255057168,0.27088830255057167
0.1969094922737307,0.3205298013245033,0.21147902869757174,0.2710816777041943
0.19586267605633803,0.3102992957746479,0.21830985915492956,0.2755281690140845
0.19528178243774574,0.308431629532547,0.21756225425950196,0.27872433377020533
0.19500438212094653,0.30718667835232255,0.21779141104294478,0.28001752848378614
0.19336283185840708,0.3101769911504425,0.21858407079646017,0.2778761061946903
0.19361888111888112,0.3111888111888112,0.21241258741258742,0.28277972027972026
0.19444444444444445,0.3073192239858907,0.22001763668430335,0.27821869488536155
0.1912087912087912,0.3059340659340659,0.22197802197802197,0.28087912087912087
0.1889763779527559,0.3088363954505687,0.22134733158355205,0.28083989501312334
0.19164072921298356,0.30991551800800354,0.21965317919075145,0.2787905735882614
0.19428571428571428,0.3054945054945055,0.22153846153846155,0.2786813186813187
0.19340849956634865,0.30875975715524717,0.2220294882914137,0.27580225498699046
0.19497132774591971,0.30877812086457873,0.21570357300397,0.28054697838553155
0.1959310039805396,0.3087129588677576,0.22025652366209642,0.2750995134896064
0.1956140350877193,0.31008771929824563,0.2131578947368421,0.28114035087719297
0.19649890590809627,0.31159737417943106,0.21444201312910285,0.2774617067833698
0.19313682358117026,0.3062032556093269,0.21381434227892654,0.28684557853057635
0.19187062937062938,0.3094405594405594,0.21241258741258742,0.2862762237762238
0.19235836627140976,0.30742204655248134,0.21387790953008345,0.28634167764602547
0.18755555555555556,0.30444444444444446,0.21822222222222223,0.2897777777777778
0.18903508771929825,0.3026315789473684,0.2162280701754386,0.29210526315789476
0.19083629893238435,0.3082740213523132,0.21129893238434164,0.28959074733096085
0.1935626102292769,0.30335097001763667,0.2156084656084656,0.2874779541446208
0.20017559262510976,0.3015803336259877,0.21334503950834066,0.2848990342405619
0.20176600441501102,0.2988962472406181,0.2141280353200883,0.28520971302428255
0.20300751879699247,0.29411764705882354,0.21406457319770014,0.2888102609464839
0.19930222416048846,0.29524640209332753,0.21936327954644572,0.28608809419973835
0.1988536155202822,0.2857142857142857,0.23059964726631393,0.2848324514991182
0.19789381307591047,0.282141290039491,0.22948661693725317,0.2904782799473453
0.19752540874944763,0.28590366769774633,0.23243482103402563,0.28413610251878035
0.1963109354413702,0.28502415458937197,0.23364075537988582,0.28502415458937197
0.20017559262510976,0.28314310798946446,0.2295873573309921,0.2870939420544337
0.19078947368421054,0.28421052631578947,0.2381578947368421,0.2868421052631579
0.19210526315789472,0.2850877192982456,0.2307017543859649,0.29210526315789476
0.18716814159292036,0.2982300884955752,0.2243362831858407,0.2902654867256637
0.18733392382639505,0.2914083259521701,0.233392382639504,0.28786536758193093
0.1865671641791045,0.291044776119403,0.2295873573309921,0.29280070237050043
0.1855442926399295,0.29263992948435436,0.23402379903040987,0.28779197884530633
0.1868083222664896,0.2965914121292607,0.234174413457282,0.2824258521469677
0.19381898454746138,0.29271523178807946,0.23487858719646798,0.2785871964679912
0.1891651865008881,0.2921847246891652,0.23046181172291297,0.28818827708703376
0.19039224327897752,0.29396209784045835,0.2247686205376818,0.2908770383428823
0.19047619047619047,0.2914462081128748,0.2310405643738977,0.28703703703703703
0.19513255106475447,0.29421990438939594,0.2299000434593655,0.28074750108648416
0.19123505976095617,0.2965914121292607,0.22620628596724215,0.28596724214254093
0.18769096464426016,0.29332169358358795,0.23264949803579224,0.2863378437363597
0.19037199124726478,0.29671772428884025,0.2288840262582057,0.2840262582056893
0.18940397350993377,0.29624724061810154,0.23002207505518762,0.284326710816777
0.18928414580588493,0.30039525691699603,0.23364075537988582,0.2766798418972332
0.18986784140969162,0.2986784140969163,0.23348017621145375,0.2779735682819383
0.1824655095683133,0.30707610146862485,0.2340898976412995,0.27636849132176233
0.1883289124668435,0.3076923076923077,0.23076923076923078,0.27320954907161804
0.1869775626924769,0.3044434667839859,0.2336119665640123,0.27496700395952484
0.18568920105355574,0.2971905179982441,0.23617208077260754,0.28094820017559263
0.18717277486910994,0.299738219895288,0.23298429319371727,0.2801047120418848
0.19154557463672392,0.2901805372082783,0.23778071334214002,0.2804931748128578
0.1858719646799117,0.30286975717439296,0.23311258278145697,0.2781456953642384
0.18552631578947368,0.30657894736842106,0.22894736842105262,0.2789473684210526
0.19229065130704476,0.2995126273814798,0.22950819672131148,0.2786885245901639
0.19483362521891417,0.3021015761821366,0.22898423817863398,0.27408056042031526
0.19753629564452266,0.30004399472063353,0.22481302243730752,0.2776066871975363
0.202113606340819,0.3011889035667107,0.22721268163804492,0.26948480845442535
0.19746059544658495,0.30253940455341505,0.22679509632224168,0.2732049036777583
0.19700308505949757,0.3010136624063464,0.23005729396209784,0.2719259585720582
0.19543258673693456,0.3065436978480457,0.22573561703996486,0.2722880983750549
0.1910013233348037,0.30877812086457873,0.22364358182620203,0.27657697397441555
0.19621645402551693,0.3070831500219974,0.22261328640563133,0.2740871095468544
0.19353410097431356,0.30336581045172717,0.2254207263064659,0.27767936226749335
0.19852302345786274,0.3040834057341442,0.21807124239791487,0.2793223284100782
0.20105587329520458,0.3110426748790145,0.21601407831060274,0.27188737351517817
0.20026466696074108,0.31318923687692984,0.22011468901632114,0.26643140714600794
0.1994704324801412,0.31288614298323036,0.22683142100617829,0.26081200353045014
0.1949490474080638,0.30837394771821003,0.22862206468763846,0.2680549401860877
0.1990397206460061,0.3155827149716281,0.22784810126582278,0.257529463116543
0.20229681978798586,0.31051236749116606,0.22570671378091872,0.26148409893992935
0.20184291355857834,0.30978499341816584,0.22378236068451074,0.26458973233874505
0.20367936925098554,0.3026719229084538,0.2233902759526938,0.27025843188786686
0.20588235294117646,0.29850746268656714,0.22431957857769974,0.2712906057945566
0.20568927789934355,0.3037199124726477,0.21925601750547047,0.2713347921225383
0.20104895104895104,0.3081293706293706,0.21896853146853146,0.2718531468531469
0.20893561103810776,0.29785370127025845,0.2264564169951818,0.266754270696452
0.2052980132450331,0.2958057395143488,0.22649006622516557,0.27240618101545255
0.2134931202840657,0.29116733244562804,0.2210386151797603,0.27430093209054596
0.2119613016710642,0.29991204925241866,0.22119613016710643,0.2669305189094107
0.21155555555555555,0.3008888888888889,0.21955555555555556,0.268
0.21047996477322764,0.2994275649493615,0.21796565389696168,0.27212681638044917
0.21431708388230128,0.2916117698726394,0.21431708388230128,0.279754062362758
0.21400264200792601,0.2950242184059885,0.2170849845882871,0.27388815499779834
0.21665928223305272,0.2928666371289322,0.21665928223305272,0.2738147984049623
0.21638195356986423,0.2925974594831362,0.2146298729741568,0.27639071397284276
0.21140350877192982,0.2894736842105263,0.218859649122807,0.2802631578947368
0.21416083916083917,0.28496503496503495,0.2202797202797203,0.28059440559440557
0.21170774647887325,0.28565140845070425,0.22183098591549297,0.28080985915492956
0.21425428948526176,0.2864056313242411,0.22041355037395513,0.278926528816542
0.2134387351778656,0.2841458058849363,0.2261747913921827,0.27624066754501536
0.22056892778993437,0.27964989059080964,0.22844638949671772,0.2713347921225383
0.21930604982206406,0.2820284697508897,0.22686832740213522,0.27179715302491103
0.22135076252723312,0.2758169934640523,0.22919389978213509,0.2736383442265795
0.23005729396209784,0.2736888497135302,0.22829440282062582,0.26795945350374617
0.23653088042049936,0.26325010950503724,0.231712658782304,0.26850635129215944
0.22813186813186814,0.2672527472527473,0.23604395604395603,0.26857142857142857
0.2191780821917808,0.27264692885550157,0.2350861688024746,0.27308882015024305
0.22328826864369822,0.2725686873092019,0.23113824683820322,0.27300479720889664
0.22426631625054752,0.26500219010074466,0.23477879982479194,0.2759526938239159
0.22701275846898372,0.26704795424549055,0.23493180818301804,0.2710074791025077
0.22759226713532513,0.26845342706502634,0.23242530755711774,0.27152899824253074
0.23696890056942618,0.2575558475689882,0.23390275952693823,0.2715724923346474
0.2388913330400352,0.2595688517377915,0.23405191377034756,0.26748790145182577
0.24077328646748683,0.2508787346221441,0.23725834797891038,0.2710896309314587
0.2404227212681638,0.2509907529722589,0.23381770145310435,0.2747688243064729
0.23433362753751102,0.24933804060017653,0.23962930273609886,0.2766990291262136
0.2329069254521394,0.2545213939126599,0.23599470666078518,0.27657697397441555
0.2361541869738591,0.2618520159503766,0.22773593265396544,0.27425786442179884
0.23552806009721608,0.26557666813963765,0.22448077772867875,0.27441449403446755
0.2325479930191972,0.25741710296684117,0.225130890052356,0.2849040139616056
0.23368606701940034,0.26322751322751325,0.2208994708994709,0.2821869488536155
0.24174372523117568,0.2655217965653897,0.21356230735358872,0.27917217084984586
0.23931247245482593,0.26399294843543414,0.21947994711326577,0.2772146319964742
0.24166666666666667,0.25701754385964914,0.22149122807017543,0.27982456140350875
0.24205485415759687,0.26251632564214195,0.21811057901610797,0.27731824118415327
0.24364592462751972,0.2651183172655565,0.21954425942156003,0.27169149868536374
0.24287593160894344,0.2656729504603244,0.21481806225339764,0.2766330556773345
0.23805348531345902,0.2604120999561596,0.2209557211749233,0.2805786935554581
0.24146981627296588,0.26115485564304464,0.22003499562554682,0.2773403324584427
0.24655708573967125,0.258996001776988,0.22123500666370502,0.2732119058196357
0.24496937882764655,0.25984251968503935,0.22090988626421698,0.2742782152230971
0.24014178112538767,0.25919361984935757,0.22374833850243686,0.2769162605228179
0.2419850680720246,0.2577953447518665,0.2261747913921827,0.2740447957839262
0.24214254094732182,0.25763612217795484,0.22532093846834883,0.2749003984063745
0.24300310972900932,0.25233229675699687,0.23145268769435806,0.2732119058196357
0.243231247225921,0.25255215268530845,0.22991566799822458,0.27430093209054596
0.24670184696569922,0.25505716798592787,0.2264731750219877,0.2717678100263852
0.24835164835164836,0.2602197802197802,0.22593406593406593,0.2654945054945055
0.24606643356643357,0.25874125874125875,0.23295454545454544,0.26223776223776224
0.24595893403232852,0.254259501965924,0.23503713411970292,0.26474442988204455
0.24156071898290224,0.2542744410346339,0.2371766768960982,0.26698816308636564
0.24537444933920705,0.25198237885462554,0.2365638766519824,0.26607929515418505
0.24100087796312555,0.2515364354697103,0.24231782265144863,0.26514486391571557
0.24130434782608695,0.25043478260869567,0.24739130434782608,0.2608695652173913
0.24879333040807372,0.249670908293111,0.24089512944273805,0.2606406318560772
0.25298013245033113,0.2503311258278146,0.23090507726269316,0.26578366445916113
0.2623022847100176,0.2491212653778559,0.22891036906854131,0.2596660808435852
0.2517699115044248,0.25309734513274335,0.23716814159292035,0.2579646017699115
0.2576419213973799,0.24716157205240175,0.23406113537117904,0.2611353711790393
0.25880281690140844,0.24647887323943662,0.23899647887323944,0.2557218309859155
0.2564892212934448,0.25208974923009236,0.23493180818301804,0.2564892212934448
0.25917735515258733,0.25077399380804954,0.22954444935869084,0.2605042016806723
0.2615182097411145,0.24835454146555508,0.2268538832821413,0.26327336551118913
0.25862822193097423,0.25076452599388377,0.23197903014416776,0.25862822193097423
0.25999121651295565,0.24769433465085638,0.2235397452788757,0.26877470355731226
0.2589010989010989,0.2443956043956044,0.22241758241758242,0.2742857142857143
0.26146384479717816,0.24162257495590828,0.222663139329806,0.2742504409171076
0.25769059295586266,0.2456531431119037,0.22068658047258136,0.2759696834596522
0.2668428005284016,0.2430647291941876,0.22016732716864817,0.26992514310876264
0.27522935779816515,0.23896898208824816,0.21581476627348187,0.2699868938401048
0.27300748568912375,0.2408630559225011,0.21796565389696168,0.26816380449141347
0.2744661921708185,0.24154804270462635,0.2157473309608541,0.2682384341637011
0.28270412642669007,0.2317822651448639,0.21466198419666374,0.2708516242317823
0.2773626373626374,0.23648351648351648,0.21142857142857144,0.27472527472527475
0.2772146319964742,0.24063464081092992,0.21639488761568973,0.2657558395769061
0.27741371778069024,0.236784622105723,0.21756225425950196,0.26823940585408473
0.2791005291005291,0.23809523809523808,0.21296296296296297,0.2698412698412698
0.27901883486640383,0.2387209811651336,0.2146298729741568,0.26763031099430573
0.2828860536735592,0.23625164980202376,0.21205455345358556,0.2688077430708315
0.2787028921998247,0.23751095530236635,0.2151621384750219,0.268624014022787
0.2718106093818501,0.2384918895221394,0.21964050854888206,0.27005699254712845
0.27702996092053844,0.24272687798523665,0.2153712548849327,0.26487190620929224
0.2729624838292367,0.2410521776627857,0.21259163432514014,0.2733937041828374
0.27217125382262997,0.24421144604630843,0.20882481432940148,0.2747924858016601
0.27312775330396477,0.24625550660792953,0.2092511013215859,0.2713656387665198
0.2708695652173913,0.2382608695652174,0.22434782608695653,0.2665217391304348
0.27677390921110623,0.24504186866460997,0.21727633318642575,0.2609078889378581
0.27300613496932513,0.23838737949167396,0.22085889570552147,0.2677475898334794
0.2718832891246684,0.23872679045092837,0.21971706454465076,0.2696728558797524
0.2753623188405797,0.24286341677646026,0.21958717610891523,0.2621870882740448
0.2760301284891449,0.23881258307487815,0.2206468763845813,0.26451041205139564
0.2794245858761988,0.23321708805579774,0.22188317349607672,0.2654751525719268
0.2838254737769943,0.23270163067430585,0.22036139268400176,0.2631115028646981
0.28283712784588444,0.23467600700525393,0.21760070052539404,0.2648861646234676
0.28294402820625825,0.2384310268840899,0.21727633318642575,0.2613486117232261
0.29215943933420935,0.22558037669732808,0.2146298729741568,0.26763031099430573
0.287467134092901,0.23400525854513585,0.21560035056967572,0.26292725679228746
0.2855257369115706,0.23273207215134184,0.21777386713594368,0.2639683238011439
0.28420123565754635,0.23168578993821712,0.21932921447484555,0.264783759929391
0.2873665480427046,0.23220640569395018,0.2148576512455516,0.2655693950177936
0.28812056737588654,0.2327127659574468,0.2176418439716312,0.26152482269503546
0.2890625,0.23567708333333334,0.2126736111111111,0.2625868055555556
0.2881578947368421,0.23684210526315788,0.21666666666666667,0.25833333333333336
0.2909817858729454,0.22612172367836517,0.22478898267436695,0.2581075077743225
0.2918133802816901,0.23371478873239437,0.22359154929577466,0.25088028169014087
0.29373081981587024,0.23498465585269618,0.21701008329679966,0.2542744410346339
0.2906875543951262,0.2349869451697128,0.21627502175805047,0.2580504786771105
0.29010989010989013,0.2320879120879121,0.21626373626373627,0.26153846153846155
0.2904636920384952,0.2331583552055993,0.21303587051618547,0.26334208223972005
0.2924901185770751,0.23144488361879667,0.21387790953008345,0.2621870882740448
0.29035087719298247,0.23771929824561402,0.2179824561403509,0.25394736842105264
0.28658802970729574,0.24246395806028834,0.21581476627348187,0.25513324595893405
0.2887323943661972,0.23723591549295775,0.21346830985915494,0.2605633802816901
0.2890625,0.2378472222222222,0.21180555555555555,0.2612847222222222
0.283647523016221,0.2494519947391495,0.2099956159579132,0.2569048662867163
0.2843874391862008,0.248562582927908,0.20787262273330384,0.25917735515258733
0.2780229479258605,0.24801412180052956,0.2091791703442189,0.264783759929391
0.28407587119541244,0.23775915306572562,0.2086457873842082,0.2695191883546537
0.28728070175438597,0.2355263157894737,0.2100877192982456,0.26710526315789473
0.2855274629468178,0.23234524847428073,0.2118570183086312,0.2702702702702703
0.28740675734971477,0.23299692847740236,0.20842474769635805,0.2711715664765248
0.2865934065934066,0.23384615384615384,0.20835164835164835,0.2712087912087912
0.2848378615249781,0.2397020157756354,0.2081507449605609,0.26730937773882557
0.2843224092116918,0.2382639503985828,0.21612046058458814,0.2612931798051373
0.2826183104820876,0.23750552852720036,0.20919946926138877,0.2706766917293233
0.2828193832599119,0.23832599118942732,0.2105726872246696,0.2682819383259912
0.2862144420131291,0.23851203501094093,0.21094091903719914,0.26433260393873087
0.28313518273888155,0.242184059885513,0.21532364597093792,0.25935711140466755
0.28377787494534323,0.23917796239615216,0.20857017927415827,0.2684739833843463
0.2820849759088918,0.2413491020586947,0.2102496714848883,0.26631625054752517
0.28908296943231443,0.23799126637554585,0.21048034934497817,0.26244541484716155
0.2830687830687831,0.23721340388007053,0.2156084656084656,0.2641093474426808
0.28451698279664756,0.23820026466696073,0.21879135421261578,0.25849139832377593
0.28313518273888155,0.2404227212681638,0.2188463232056363,0.2575957727873184
0.28634361233480177,0.23700440528634362,0.21674008810572687,0.2599118942731278
0.2838196286472148,0.2409372236958444,0.21839080459770116,0.2568523430592396
0.28416013925152306,0.2349869451697128,0.2228024369016536,0.2580504786771105
0.28314310798946446,0.23046532045654083,0.22344161545215102,0.26294995610184374
0.2742504409171076,0.23412698412698413,0.2279541446208113,0.263668430335097
0.2736471623405191,0.22877254729432467,0.2336119665640123,0.2639683238011439
0.2740511915269197,0.2321270962047661,0.23036187113857018,0.263459841129744
0.26936619718309857,0.22843309859154928,0.23547535211267606,0.26672535211267606
0.26897762176393153,0.22948661693725317,0.23168056164984643,0.26985519964896887
0.26564551422319477,0.2350109409190372,0.22800875273522975,0.2713347921225383
0.2648482182138143,0.23493180818301804,0.22833260008798945,0.27188737351517817
0.2685433422698838,0.23279714030384271,0.23011617515638963,0.2685433422698838
0.26689925861317054,0.23157435673789795,0.2285215874400349,0.27300479720889664
0.26371681415929205,0.23761061946902653,0.2331858407079646,0.26548672566371684
0.2683790965456156,0.2329495128432241,0.2325066430469442,0.2661647475642161
0.26887417218543047,0.23178807947019867,0.2335540838852097,0.26578366445916113
0.2666959578207381,0.23286467486818982,0.23418277680140598,0.2662565905096661
0.27086063783311487,0.22629969418960244,0.236784622105723,0.26605504587155965
0.2742932862190813,0.22703180212014135,0.232773851590106,0.2659010600706714
0.2727272727272727,0.22594880847308033,0.2290379523389232,0.2722859664607237
0.2730480811645346,0.22099691221879136,0.2267313630348478,0.2792236435818262
0.2705061082024433,0.225130890052356,0.22469458987783594,0.27966841186736474
0.2669287898645697,0.2306684141546527,0.22411533420707733,0.2782874617737003
0.27189141856392296,0.23161120840630472,0.22285464098073554,0.2736427320490368
0.26946902654867255,0.2345132743362832,0.2243362831858407,0.27168141592920353
0.2711189739053516,0.23308270676691728,0.22733303847854933,0.26846528084918175
0.2689594356261023,0.23765432098765432,0.22971781305114639,0.263668430335097
0.28189390618149934,0.22928540113985094,0.22709338009644892,0.2617273125822008
0.2765957446808511,0.23359929078014185,0.23049645390070922,0.25930851063829785
0.2776315789473684,0.2307017543859649,0.23464912280701755,0.25701754385964914
0.2804232804232804,0.23324514991181658,0.23412698412698413,0.25220458553791886
0.2751322751322751,0.23500881834215168,0.23324514991181658,0.2566137566137566
0.2756521739130435,0.23304347826086957,0.23130434782608697,0.26
0.277851166886834,0.23161602818141788,0.23293703214442976,0.2575957727873184
0.2730512249443207,0.23028953229398663,0.23474387527839644,0.2619153674832962
0.27049539675580886,0.23366944322665498,0.23980710214818063,0.25602805786935556
0.26865671641791045,0.237928007023705,0.23748902546093065,0.2559262510974539
0.266754270696452,0.23696890056942618,0.24091108190976784,0.2553657468243539
0.26290463692038496,0.2384076990376203,0.2440944881889764,0.2545931758530184
0.2616253802694481,0.24076488483268144,0.24511082138200782,0.2524989135158627
0.261978021978022,0.23912087912087912,0.24527472527472527,0.25362637362637364
0.26294995610184374,0.24187884108867427,0.24846356453028973,0.2467076382791923
0.25958572058175405,0.24327897752313796,0.24856765094755398,0.24856765094755398
0.26117440841367223,0.24233128834355827,0.24890446976336547,0.24758983347940403
0.25570175438596493,0.24736842105263157,0.24736842105263157,0.24956140350877193
0.25769059295586266,0.24699063753901027,0.24966562639322337,0.2456531431119037
0.2579798863139484,0.2474857892435505,0.2505465675557499,0.2439877568867512
0.2567922874671341,0.24802804557405783,0.25109553023663456,0.24408413672217352
0.2595048629531388,0.23916887709991158,0.25596816976127323,0.2453580901856764
0.2595688517377915,0.23845138583369996,0.2644082710074791,0.23757149142102948
0.26439326837909655,0.23782108060230292,0.2595217006200177,0.2382639503985828
0.2653862941946748,0.2413793103448276,0.2588389349628983,0.2343954604975993
0.26734423331860363,0.2359699513919576,0.2602739726027397,0.23641184268669907
0.2628120893561104,0.2483574244415243,0.2544897065265002,0.23434077967586509
0.26970770593445526,0.24313551815766166,0.254207263064659,0.2329495128432241
0.2727272727272727,0.2381993006993007,0.2530594405594406,0.23601398601398602
0.273568281938326,0.23171806167400882,0.25462555066079295,0.24008810572687225
0.2745702952842662,0.23446452181577787,0.25826355222565006,0.23270163067430585
0.2713722051731697,0.24243752740026303,0.25734327049539674,0.22884699693117053
0.2762114537444934,0.2422907488986784,0.2563876651982379,0.2251101321585903
0.2793468667255075,0.235216240070609,0.263459841129744,0.22197705207413945
0.2820284697508897,0.23665480427046262,0.2606761565836299,0.2206405693950178
0.2832014072119613,0.23834652594547054,0.25813544415127526,0.22031662269129287
0.28829225352112675,0.23415492957746478,0.25528169014084506,0.22227112676056338
0.2907488986784141,0.2356828193832599,0.2555066079295154,0.21806167400881057
0.2920901458241273,0.2346442775077331,0.25055236411842685,0.22271321254971277
0.2881504153913424,0.23305640577175338,0.25360734586794925,0.22518583296895497
0.2853333333333333,0.23422222222222222,0.2568888888888889,0.22355555555555556
0.2940917107583774,0.2279541446208113,0.25617283950617287,0.22178130511463845
0.29201588001764445,0.23114247904719895,0.2571680635200706,0.21967357741508603
0.2928666371289322,0.2370403190075321,0.25963668586619404,0.2104563579973416
0.29469026548672567,0.23584070796460177,0.26017699115044246,0.20929203539823008
0.29261862917398945,0.2390158172231986,0.2570298769771529,0.21133567662565905
0.2897851819377466,0.2354230600613766,0.2634809294169224,0.21131082858395442
0.29676573426573427,0.23208041958041958,0.25786713286713286,0.21328671328671328
0.2912494558119286,0.23639529821506314,0.2594688724423161,0.2128863735306922
0.2838738338516215,0.2372278987116837,0.26477121279431365,0.21412705464238116
0.2857771906649053,0.23645970937912814,0.2624394539850286,0.21532364597093792
0.2826183104820876,0.23396727111897392,0.2631578947368421,0.22025652366209642
0.28427065026362036,0.23462214411247803,0.2627416520210896,0.21836555360281196
0.2870981946279172,0.23381770145310435,0.2633201232937032,0.21576398062527521
0.2826855123674912,0.2393992932862191,0.26413427561837455,0.2137809187279152
0.2809086937527305,0.2328527741371778,0.26649191786806464,0.2197466142420271
0.28157894736842104,0.23859649122807017,0.26535087719298245,0.21447368421052632
0.2784365393061045,0.24110671936758893,0.2652613087395696,0.21519543258673693
0.2778268551236749,0.24028268551236748,0.26413427561837455,0.21775618374558303
0.2772146319964742,0.24548259144997797,0.25826355222565006,0.21903922432789774
0.2763507528786537,0.2462356067316209,0.25642161204605846,0.22099202834366696
0.2804931748128578,0.25055041831792163,0.24878907970057243,0.22016732716864817
0.281972937581842,0.2527280663465735,0.24792666957660411,0.21737232649498037
0.2831936479929422,0.25275694750771943,0.24437582708425232,0.21967357741508603
0.2814292015880018,0.2562858403176004,0.24658138509042787,0.21570357300397
0.28171478565179353,0.26027996500437445,0.2432195975503062,0.21478565179352582
0.27444933920704845,0.25859030837004404,0.24845814977973568,0.2185022026431718
0.26742656729504605,0.2599736957474792,0.24725997369574748,0.2253397632617273
0.26150442477876107,0.26415929203539823,0.24292035398230089,0.23141592920353982
0.26581158779301195,0.26581158779301195,0.24281291463954002,0.22556390977443608
0.2711267605633803,0.2658450704225352,0.23723591549295775,0.22579225352112675
0.2677787532923617,0.26251097453906935,0.24100087796312555,0.22870939420544337
0.26704795424549055,0.2595688517377915,0.2410910690717114,0.2322921249450066
0.2684234033050469,0.2554711924966503,0.24028584189370256,0.23581956230460027
0.2683251888049756,0.25366503776099514,0.24211461572634385,0.23589515770768546
0.27396657871591906,0.2537379067722076,0.2343887423043096,0.23790677220756376
0.26821773485513606,0.25417032484635643,0.23529411764705882,0.24231782265144863
0.26918018412976763,0.2512056115738711,0.23191582639193337,0.2476983779044279
0.265817223198594,0.2521968365553603,0.23330404217926187,0.24868189806678384
0.268059181897302,0.24978241949521324,0.23585726718885988,0.2463011314186249
0.26861702127659576,0.24778368794326242,0.23049645390070922,0.25310283687943264
0.26940035273368607,0.25,0.22971781305114639,0.2508818342151676
0.26570048309178745,0.2490118577075099,0.23407992973210365,0.25120772946859904
0.2708516242317823,0.247585601404741,0.23266022827041263,0.2489025460930641
0.2736471623405191,0.24769027716674,0.2344918609766828,0.24417069951605808
0.27212681638044917,0.25495376486129456,0.23645970937912814,0.23645970937912814
0.2738770170082861,0.24858264282599216,0.24116877453118185,0.2363715656345399
0.28027984258854394,0.2474857892435505,0.23393091386095322,0.23830345430695235
0.2889969067609368,0.2465753424657534,0.23817940786566505,0.22624834290764473
0.2868525896414343,0.2434705621956618,0.2403718459495352,0.22930500221336875
0.2891939769707706,0.23737821080602303,0.23870682019486272,0.23472099202834368
0.2926297426951592,0.23593545573484517,0.2363715656345399,0.23506323593545572
0.2942477876106195,0.22654867256637168,0.2411504424778761,0.23805309734513275
0.2923485183547103,0.22733303847854933,0.24635117204776646,0.23396727111897392
0.2903225806451613,0.22182942996022978,0.2509942554131684,0.23685373398144058
0.29078947368421054,0.22149122807017543,0.24605263157894736,0.24166666666666667
0.28427065026362036,0.22275922671353252,0.24472759226713534,0.2482425307557118
0.2885375494071146,0.22485726833552921,0.2437417654808959,0.24286341677646026
0.2818380743982494,0.22800875273522975,0.24726477024070023,0.24288840262582057
0.28169623539593247,0.22803980960623108,0.2431847684984855,0.24707918649935093
0.27984084880636606,0.23209549071618038,0.2396109637488948,0.2484526967285588
0.2786813186813187,0.23604395604395603,0.24307692307692308,0.2421978021978022
0.28087912087912087,0.2342857142857143,0.23604395604395603,0.24879120879120878
0.28400531679220203,0.22729286663712894,0.23482498892334958,0.25387682764731945
0.28621139625924313,0.22923010004349717,0.23314484558503698,0.2514136581122227
0.28854625550660795,0.23039647577092512,0.22951541850220264,0.2515418502202643
0.28715034965034963,0.22683566433566432,0.23339160839160839,0.2526223776223776
0.2961825362000878,0.22817025010969724,0.22817025010969724,0.24747696358051777
0.29515418502202645,0.2251101321585903,0.22951541850220264,0.25022026431718064
0.2911894273127753,0.23259911894273128,0.22995594713656387,0.24625550660792953
0.2899122807017544,0.22587719298245615,0.23421052631578948,0.25
0.29491673970201576,0.22480280455740578,0.22743207712532865,0.2528483786152498
0.29594063727629855,0.22304670449585334,0.22784810126582278,0.25316455696202533
0.29658792650918636,0.2230971128608924,0.22703412073490814,0.2532808398950131
0.29053461875547765,0.22655565293602103,0.23049956178790534,0.25241016652059595
0.2957559681697613,0.23032714412024757,0.23076923076923078,0.24314765694076038
0.29303547963206306,0.23039859833552342,0.23039859833552342,0.24616732369689007
0.2957559681697613,0.23165340406719717,0.22723253757736517,0.2453580901856764
0.2976294995610184,0.22651448639157157,0.23134328358208955,0.24451273046532046
0.29917139119058,0.22721325774095072,0.23026602703881377,0.24334932402965548
0.2904363155575143,0.22124283825473778,0.2388717496694579,0.24944909651829
0.29201588001764445,0.22364358182620203,0.2368769298632554,0.2474636082928981
0.2902946273830156,0.22530329289428075,0.23440207972270363,0.25
0.2922874671340929,0.21954425942156003,0.2388255915863278,0.24934268185801928
0.2889087656529517,0.22361359570661896,0.23300536672629696,0.25447227191413235
0.2859042553191489,0.2296099290780142,0.23537234042553193,0.24911347517730498
0.2965578111209179,0.22462488967343336,0.23389232127096204,0.24492497793468668
0.29455662862159787,0.22651448639157157,0.23266022827041263,0.2462686567164179
0.2894736842105263,0.23157894736842105,0.2307017543859649,0.2482456140350877
