C,D,Oc,Od
0.0,0.0,0.0,1.0
0.0,0.0,0.0,1.0
0.0,0.0,0.5,0.5
0.14285714285714285,0.0,0.42857142857142855,0.42857142857142855
0.2,0.0,0.2,0.6
0.2777777777777778,0.0,0.2222222222222222,0.5
0.25,0.0,0.17857142857142858,0.5714285714285714
0.3333333333333333,0.027777777777777776,0.16666666666666666,0.4722222222222222
0.3220338983050847,0.01694915254237288,0.22033898305084745,0.4406779661016949
0.32894736842105265,0.013157894736842105,0.21052631578947367,0.4473684210526316
0.3431372549019608,0.0196078431372549,0.24509803921568626,0.39215686274509803
0.35384615384615387,0.023076923076923078,0.24615384615384617,0.3769230769230769
0.34705882352941175,0.01764705882352941,0.2529411764705882,0.38235294117647056
0.3767441860465116,0.018604651162790697,0.2744186046511628,0.3302325581395349
0.3695652173913043,0.018115942028985508,0.2826086956521739,0.32971014492753625
0.3657142857142857,0.02857142857142857,0.28,0.32571428571428573
0.3488372093023256,0.03255813953488372,0.28837209302325584,0.3302325581395349
0.36538461538461536,0.038461538461538464,0.275,0.3211538461538462
0.3469055374592834,0.04234527687296417,0.2719869706840391,0.33876221498371334
0.35235378031383735,0.0442225392296719,0.2781740370898716,0.3252496433666191
0.34895191122071517,0.04438964241676942,0.2786683107274969,0.3279901356350185
0.35698924731182796,0.04516129032258064,0.28279569892473116,0.3150537634408602
0.3528846153846154,0.04807692307692308,0.27884615384615385,0.32019230769230766
0.3623693379790941,0.04442508710801394,0.2787456445993031,0.3144599303135889
0.3592233009708738,0.043689320388349516,0.2807443365695793,0.3163430420711974
0.3490427098674521,0.04639175257731959,0.27908689248895435,0.32547864506627394
0.35096153846153844,0.04739010989010989,0.2651098901098901,0.33653846153846156
0.3487012987012987,0.05,0.2662337662337662,0.33506493506493507
0.34739454094292804,0.04962779156327544,0.26240694789081886,0.3405707196029777
0.3510204081632653,0.052478134110787174,0.2559766763848397,0.34052478134110786
0.33871866295264624,0.05738161559888579,0.26016713091922006,0.34373259052924793
0.32908027644869753,0.06432748538011696,0.2557150451887294,0.3508771929824561
0.32906857727737976,0.06908904810644831,0.24820880245649948,0.35363357215967245
0.3205383848454636,0.07676969092721835,0.2452642073778664,0.3574277168494516
0.32645223235717713,0.08065290446471435,0.242918867018723,0.3499759961593855
0.32137866790870984,0.08616674429436423,0.23660922217047042,0.3558453656264555
0.32498840982846544,0.0880853036624942,0.2285581826611034,0.35836810384793694
0.31746031746031744,0.08662131519274377,0.2272108843537415,0.3687074829931973
0.32673267326732675,0.0846084608460846,0.22637263726372636,0.3622862286228623
0.32636727434415297,0.08759448643841708,0.223654957759004,0.36238328145842597
0.32391879964695497,0.08870255957634599,0.22241835834068843,0.3649602824360106
0.3169423334823424,0.08806437192668753,0.2248547161376844,0.3701385784532856
0.3198237885462555,0.08458149779735682,0.22466960352422907,0.37092511013215856
0.3228346456692913,0.08661417322834646,0.22659667541557305,0.36395450568678916
0.317404647084612,0.08724243752740027,0.22577816747040771,0.36957474791758
0.31443755535872453,0.09300265721877768,0.224977856510186,0.3675819309123118
0.3084029916410031,0.09458864936207655,0.2331720193576771,0.3638363396392433
0.31225296442687744,0.09266578831796222,0.2349582784365393,0.360122968818621
0.3196286472148541,0.09681697612732096,0.22679045092838196,0.356763925729443
0.3120035304501324,0.0997352162400706,0.23036187113857018,0.35789938217122685
0.3147163120567376,0.09352836879432624,0.23138297872340424,0.3603723404255319
0.3106194690265487,0.10044247787610619,0.23584070796460177,0.3530973451327434
0.3058720420683611,0.10736196319018405,0.23444347063978965,0.3523225241016652
0.30595026642984013,0.10701598579040852,0.2344582593250444,0.35257548845470693
0.31086474501108646,0.1082039911308204,0.23547671840354767,0.34545454545454546
0.3108167770419426,0.10596026490066225,0.2326710816777042,0.35055187637969093
0.3144513826940232,0.10883140053523639,0.23059768064228367,0.34611953612845675
0.3169761273209549,0.10477453580901856,0.23342175066312998,0.3448275862068966
0.3208888888888889,0.10666666666666667,0.23333333333333334,0.3391111111111111
0.3176991150442478,0.1084070796460177,0.23185840707964603,0.3420353982300885
0.3157193605683837,0.11190053285968028,0.2291296625222025,0.3432504440497336
0.3161175422974176,0.10952804986642921,0.2341941228851291,0.340160284951024
0.3238560639715682,0.10795202132385606,0.2318969346956908,0.3362949800088849
0.3136042402826855,0.11219081272084806,0.23233215547703182,0.3418727915194346
0.31169977924944814,0.11434878587196468,0.2326710816777042,0.341280353200883
0.316043956043956,0.11120879120879121,0.229010989010989,0.34373626373626376
0.3064091308165057,0.11633011413520632,0.22914837576821773,0.3481123792800702
0.30608618391825854,0.11861394935584185,0.2296756996890271,0.3456241670368725
0.3077264653641208,0.1127886323268206,0.22690941385435168,0.35257548845470693
0.3138913624220837,0.1157613535173642,0.22306322350845947,0.3472840605520926
0.31500219973603166,0.1161460624725033,0.21777386713594368,0.3510778706555213
0.3159752868490733,0.11297440423654016,0.21977052074139453,0.35127978817299205
0.3067078552515446,0.117828773168579,0.22197705207413945,0.353486319505737
0.3094405594405594,0.11494755244755245,0.2229020979020979,0.3527097902097902
0.3089466725429705,0.11546936976641692,0.21992066989863376,0.35566328779197887
0.3151167915381225,0.11767298369325695,0.21595416483032173,0.35125605993829884
0.3144239226033421,0.11917326297273527,0.21767810026385223,0.34872471416007034
0.3120879120879121,0.12307692307692308,0.21714285714285714,0.3476923076923077
0.30928288605367354,0.12362516498020237,0.2168939727232732,0.3501979762428509
0.31387181738366987,0.12335381913959614,0.21422300263388938,0.3485513608428446
0.3132688927943761,0.1265377855887522,0.21353251318101935,0.3466608084358524
0.30863656291100394,0.12932924156071898,0.20517316966242877,0.35686102586584834
0.3089395267309378,0.12883435582822086,0.2081507449605609,0.3540753724802805
0.3047079337401918,0.12728857890148212,0.2105492589363557,0.35745422842197033
0.3082405345211581,0.12783964365256126,0.21069042316258352,0.3532293986636971
0.30448154657293497,0.1256590509666081,0.210896309314587,0.35896309314586994
0.30363475177304966,0.12721631205673758,0.20966312056737588,0.3594858156028369
0.29772329246935203,0.1256567425569177,0.21541155866900175,0.36120840630472856
0.29906956136464335,0.12184315463003988,0.22241914045192734,0.35666814355338944
0.3007485689123734,0.1206516952884192,0.22148833113166005,0.3571114046675473
0.2986079928154468,0.12034126627750337,0.22317018410417602,0.35788055680287384
0.2968197879858657,0.12234982332155477,0.2234982332155477,0.3573321554770318
0.29281277728482696,0.12067435669920142,0.22715173025732033,0.3593611357586513
0.29155555555555557,0.11822222222222223,0.22444444444444445,0.36577777777777776
0.2901371074745688,0.11278195488721804,0.22777532065457762,0.36930561698363557
0.2907334211682038,0.1137461572244181,0.22924901185770752,0.3662714097496706
0.291906236178682,0.11543564794338788,0.22998673153471916,0.36267138434321095
0.2963951935914553,0.11526479750778816,0.22741433021806853,0.36092567868268804
0.29326287978863935,0.1206516952884192,0.22324966974900926,0.3628357551739322
0.293569844789357,0.12017738359201774,0.22527716186252772,0.36097560975609755
0.2999116607773852,0.12234982332155477,0.22128975265017667,0.35644876325088337
0.30335097001763667,0.12257495590828923,0.22486772486772486,0.3492063492063492
0.30225364560318163,0.12019443216968625,0.22713212549712772,0.3504197967300044
0.2964426877470356,0.11725955204216074,0.2318840579710145,0.3544137022397892
0.29223343571741994,0.11759543659499781,0.2343132953049583,0.355857832382624
0.2961165048543689,0.11606354810238305,0.2325684024713151,0.3552515445719329
0.2957060646303674,0.12306330234617087,0.22930500221336875,0.351925630810093
0.2953436807095344,0.12106430155210643,0.2270509977827051,0.3565410199556541
0.2928445229681979,0.11793286219081273,0.22703180212014135,0.3621908127208481
0.2923413566739606,0.12035010940919037,0.22844638949671772,0.3588621444201313
0.28969482529854046,0.12118531623175587,0.22335249889429457,0.3657673595754091
0.2840605520926091,0.12422083704363313,0.22662511130899377,0.365093499554764
0.28678745028722935,0.12593901900132567,0.21696862571807335,0.37030490499337165
0.289925208974923,0.11702595688517378,0.21733391992960846,0.37571491421029474
0.2891352549889135,0.11441241685144124,0.21374722838137472,0.3827050997782705
0.2887912087912088,0.12131868131868132,0.210989010989011,0.3789010989010989
0.2875498449268941,0.11652636242800177,0.20779796189632255,0.38812583074878154
0.29155672823219,0.11081794195250659,0.2102022867194371,0.38742304309586634
0.28818061088977426,0.11199645861000443,0.2098273572377158,0.38999557326250556
0.28526785714285713,0.11160714285714286,0.21071428571428572,0.3924107142857143
0.28926353149955636,0.11180124223602485,0.2085181898846495,0.3904170363797693
0.2902942468159859,0.10891523935002195,0.20772946859903382,0.3930610452349583
0.29934065934065934,0.10813186813186813,0.20307692307692307,0.38945054945054947
0.29720124389160374,0.10972900932918703,0.20124389160373168,0.3918258551754776
0.29542425588627275,0.10928476232785429,0.2025766326077299,0.3927143491781431
0.3026025584472872,0.11160123511248346,0.2011468901632113,0.3846493162770181
0.303886925795053,0.11263250883392226,0.1965547703180212,0.3869257950530035
0.3045977011494253,0.10919540229885058,0.19672855879752432,0.3894783377541998
0.3080652269722345,0.11106214191273689,0.19876597620096959,0.38210665491405904
0.3065725628584032,0.10939567710630789,0.1985002205558006,0.3855315394794883
0.30482941958351795,0.11519716437749225,0.19805050952591935,0.3819229065130704
0.3040629095674967,0.11577107907383137,0.19397116644823068,0.38619484491044126
0.2996040475142983,0.11790585129784426,0.194456665200176,0.3880334359876815
0.2974878801234024,0.11414720141031291,0.19524019391802555,0.39312472454825914
0.29881526985519963,0.11803422553751645,0.1961386573058359,0.387011847301448
0.3025322079075966,0.12083518436250555,0.18791648156374943,0.38871612616614837
0.30524922805469784,0.1239523599470666,0.18570798411998235,0.3850904278782532
0.3076923076923077,0.12062937062937062,0.1875,0.38417832167832167
0.310359964881475,0.1237928007023705,0.1839332748024583,0.38191395961369623
0.3042316258351893,0.12472160356347439,0.1870824053452116,0.3839643652561247
0.30123674911660775,0.12014134275618374,0.19081272084805653,0.3878091872791519
0.301056338028169,0.12455985915492958,0.1817781690140845,0.3926056338028169
0.3018951079770824,0.125165271044513,0.18069634200088144,0.39224327897752315
0.30070859167404784,0.12577502214348982,0.1820194862710363,0.39149689991142606
0.302841918294849,0.12211367673179396,0.18206039076376554,0.39298401420959145
0.30225364560318163,0.1232876712328767,0.18692001767565178,0.38753866548828986
0.2999108734402852,0.12388591800356506,0.19340463458110516,0.3827985739750446
0.3019867549668874,0.12582781456953643,0.1845474613686534,0.38763796909492276
0.30167844522968196,0.12190812720848057,0.18153710247349825,0.3948763250883392
0.300132802124834,0.1279327135900841,0.18326693227091634,0.3886675520141656
0.29574374725756913,0.12593242650285214,0.17858709960508995,0.39973672663448884
0.2975243147656941,0.1286472148541114,0.1794871794871795,0.394341290893015
0.30274822695035464,0.12854609929078015,0.1768617021276596,0.39184397163120566
0.3087188612099644,0.12633451957295375,0.18193950177935944,0.3830071174377224
0.30378619153674835,0.12739420935412027,0.18173719376391984,0.3870824053452116
0.3125833703868386,0.12361049355269009,0.17874610938194754,0.3850600266785238
0.31922398589065254,0.12742504409171077,0.1763668430335097,0.376984126984127
0.31895424836601305,0.12461873638344227,0.17647058823529413,0.37995642701525056
0.32548845470692717,0.11767317939609236,0.17539964476021314,0.3814387211367673
0.3257042253521127,0.1192781690140845,0.17737676056338028,0.37764084507042256
0.3194874060980999,0.1237295625276182,0.17675651789659744,0.3800265134776845
0.3185644661054497,0.11962782454585734,0.18077093486929552,0.38103677447939743
0.32419283502874835,0.11985846970367094,0.1817779743476338,0.3741707209199469
0.31945059813912274,0.1236154186973859,0.18210013291980506,0.3748338502436863
0.32367149758454106,0.12296881862099253,0.18093983311374615,0.37241985068072025
0.32495590828924165,0.12125220458553791,0.17901234567901234,0.3747795414462081
0.3264942016057092,0.12444246208742195,0.17885816235504015,0.3702051739518287
0.32416851441241684,0.13126385809312638,0.18004434589800444,0.3645232815964523
0.3333333333333333,0.12786596119929453,0.1781305114638448,0.36067019400352734
0.32695729537366547,0.12766903914590746,0.17749110320284697,0.3678825622775801
0.3261443661971831,0.13512323943661972,0.17825704225352113,0.36047535211267606
0.33362560280578696,0.1297676457693994,0.17536168347216133,0.3612450679526523
0.33201058201058203,0.1318342151675485,0.1697530864197531,0.3664021164021164
0.3347902097902098,0.12980769230769232,0.16826923076923078,0.36713286713286714
0.33980582524271846,0.12753751103265668,0.16681376875551632,0.36584289496910855
0.3343612334801762,0.12511013215859032,0.17092511013215858,0.3696035242290749
0.33024282560706403,0.13068432671081678,0.16688741721854305,0.37218543046357616
0.33216476774758985,0.12883435582822086,0.16301489921121823,0.37598597721297106
0.3333333333333333,0.12483574244415244,0.15987735435830047,0.38195356986421375
0.3320175438596491,0.13157894736842105,0.16096491228070176,0.37543859649122807
0.3314360770577933,0.13353765323992994,0.15761821366024517,0.37740805604203154
0.3290636042402827,0.13427561837455831,0.15371024734982333,0.3829505300353357
0.3312910284463895,0.13085339168490154,0.15448577680525163,0.3833698030634573
0.3327518534670737,0.12996075010902747,0.15569123419101613,0.3815961622328827
0.335978835978836,0.12742504409171077,0.15520282186948853,0.38139329805996475
0.3397235844850646,0.12884529647793133,0.15292019616584931,0.3785109228711547
0.32948490230905864,0.13232682060390763,0.15852575488454707,0.3796625222024867
0.32964601769911506,0.134070796460177,0.16371681415929204,0.37256637168141593
0.3296799649276633,0.13459009206488382,0.16133274879438841,0.37439719421306444
0.3295053003533569,0.1351590106007067,0.1603356890459364,0.375
0.32783964365256124,0.13897550111358575,0.16258351893095768,0.3706013363028953
0.3281870313189237,0.13674459638288486,0.1662990736656374,0.36876929863255403
0.3222811671087533,0.13793103448275862,0.16755083996463307,0.372236958443855
0.32033673017279574,0.1329198050509526,0.17013735046521933,0.37660611431103236
0.323943661971831,0.13028169014084506,0.167693661971831,0.37808098591549294
0.3228894691035683,0.13141862489120976,0.1618798955613577,0.3838120104438642
0.3224813022437307,0.13242410910690716,0.1583809942806863,0.38671359436867575
0.3285340314136126,0.1300174520069808,0.16012216404886562,0.38132635253054104
0.32376325088339225,0.13074204946996468,0.15724381625441697,0.38825088339222613
0.32616330114135206,0.13081650570676032,0.15539947322212466,0.38762071992976294
0.33595113438045376,0.13176265270506107,0.15139616055846422,0.38089005235602097
0.3323036187113857,0.13371579876434245,0.15092674315975288,0.383053839364519
0.33787945446546414,0.13374395072591289,0.1460624725032996,0.38231412230532336
0.33070866141732286,0.1377952755905512,0.1500437445319335,0.38145231846019245
0.3327449249779347,0.13503971756398941,0.146954986760812,0.3852603706972639
0.33201232937032144,0.1329810656098635,0.14707177454865697,0.38793483047115807
0.3349622390048867,0.12749888938249668,0.14882274544646823,0.38871612616614837
0.33629893238434166,0.1258896797153025,0.14590747330960854,0.3919039145907473
0.33126385809312636,0.1303769401330377,0.14855875831485588,0.38980044345898
0.32966064345526663,0.13265755839576907,0.14323490524460114,0.39444689290436313
0.33407572383073497,0.133184855233853,0.14342984409799556,0.38930957683741646
0.3271441202475685,0.1348364279398762,0.14058355437665782,0.3974358974358974
0.32556093268807745,0.139463264408271,0.1416630004399472,0.39331280246370437
0.33406787130894666,0.13353900396650506,0.14191273688849715,0.3904803878360511
0.33010136624063463,0.13486117232260908,0.14191273688849715,0.39312472454825914
0.32608695652173914,0.12821650399290152,0.145075421472937,0.40062111801242234
0.32637655417406747,0.1238898756660746,0.15053285968028418,0.39920071047957373
0.3261253309796999,0.12400706090026478,0.147396293027361,0.4024713150926743
0.32515337423312884,0.12532865907099036,0.14329535495179668,0.40622261174408414
0.3296411165263624,0.12671688081524146,0.14089499335400973,0.40274700930438634
0.32402482269503546,0.13076241134751773,0.13785460992907803,0.4073581560283688
0.3296799649276633,0.12538360368259535,0.14160455940377029,0.4033318719859711
0.3295154185022026,0.12070484581497798,0.13964757709251102,0.4101321585903084
0.3198237885462555,0.12511013215859032,0.14140969162995595,0.41365638766519824
0.32038834951456313,0.1235657546337158,0.13857016769638128,0.4174757281553398
0.3273365511189118,0.12198332602018429,0.13251426064063185,0.418165862220272
0.3241106719367589,0.12779973649538867,0.13350900307422048,0.414580588493632
0.3241830065359477,0.12679738562091503,0.13769063180827887,0.4113289760348584
0.325185508511567,0.12483631601920558,0.13618507202095154,0.41379310344827586
0.32138172278093574,0.12418014866637517,0.135111499781373,0.41932662877131616
0.32381370826010547,0.12609841827768015,0.13400702987697716,0.4160808435852373
0.32371225577264656,0.12344582593250444,0.1372113676731794,0.41563055062166965
0.32616330114135206,0.12247585601404741,0.13388937664618086,0.4174714661984197
0.32402482269503546,0.11790780141843972,0.13164893617021275,0.42641843971631205
0.32030208796090626,0.11950244335850733,0.13282985339848957,0.4273656152820968
0.3172231985940246,0.11994727592267135,0.1313708260105448,0.4314586994727592
0.32026431718061676,0.12290748898678414,0.12951541850220263,0.42731277533039647
0.318342151675485,0.12433862433862433,0.12389770723104056,0.4334215167548501
0.31357048748353095,0.12428634167764603,0.12779973649538867,0.43434343434343436
0.316688567674113,0.12133158125273763,0.12658782303985983,0.4353920280332895
0.3162125949084413,0.12014292094685128,0.1237159446181331,0.43992853952657435
0.31377777777777777,0.11822222222222223,0.12444444444444444,0.44355555555555554
0.30786317192358953,0.12172367836517103,0.12438916037316748,0.44602398933807197
0.3153034300791557,0.12005277044854881,0.1218117854001759,0.44283201407211964
0.31233480176211453,0.12070484581497798,0.12202643171806167,0.44493392070484583
0.31313131313131315,0.12121212121212122,0.11594202898550725,0.44971453667105843
0.31156879929886067,0.12357581069237511,0.11831726555652936,0.4465381244522349
0.3148636763412489,0.12225153913808268,0.11609498680738786,0.4467897977132806
0.31507449605609117,0.12226117440841368,0.11349693251533742,0.44916739702015773
0.31661578717836897,0.12167466201482774,0.11556912341910161,0.4461404273877017
0.31776516804888694,0.12221737232649497,0.11872544740288084,0.44129201222173725
0.3157193605683837,0.12300177619893428,0.12477797513321492,0.43650088809946713
0.3191208791208791,0.12087912087912088,0.12351648351648352,0.43648351648351646
0.3211935059236507,0.12593242650285214,0.11803422553751645,0.4348398420359807
0.3165784832451499,0.12742504409171077,0.11816578483245149,0.43783068783068785
0.3206958073148974,0.12533452274754683,0.11373773416592328,0.44023193577163244
0.31509267431597526,0.12533097969991175,0.11297440423654016,0.44660194174757284
0.3131844064826982,0.11914148050810337,0.11300919842312747,0.45466491458607095
0.3139586085424923,0.1210920299427565,0.11360634081902246,0.45134302069572874
0.3179805137289637,0.12134632418069087,0.10806023029229407,0.4526129317980514
0.31908329660643453,0.12252093433230499,0.10841780520052886,0.4499779638607316
0.3137687555163283,0.12180052956751986,0.10944395410414828,0.4549867608120035
0.3052261747913922,0.12209046991655688,0.10759771629336846,0.4650856389986825
0.3048672566371681,0.11902654867256637,0.10398230088495575,0.4721238938053097
0.308882015024304,0.11842686699072029,0.10119310649580203,0.47149801148917364
0.30687830687830686,0.11904761904761904,0.1027336860670194,0.4713403880070547
0.30149647887323944,0.11883802816901408,0.10211267605633803,0.47755281690140844
0.2992091388400703,0.11862917398945519,0.10105448154657294,0.4811072056239016
0.2975929978118162,0.11991247264770241,0.09846827133479212,0.4840262582056893
0.3047703180212014,0.12146643109540636,0.10070671378091872,0.4730565371024735
0.3021295474711624,0.11845607808340727,0.10381543921916593,0.4755989352262644
0.31119964586100046,0.11686586985391766,0.10668437361664453,0.46525011066843736
0.3084730803177405,0.11297440423654016,0.10944395410414828,0.46910856134157103
0.313215859030837,0.11145374449339207,0.1052863436123348,0.47004405286343615
0.3171265878230399,0.11344721857205431,0.10074463425317565,0.46868155935173017
0.31101321585903086,0.11277533039647578,0.10044052863436123,0.47577092511013214
0.3054448871181939,0.11243913235945109,0.10048694112439133,0.4816290393979637
0.3070521243977223,0.10862899693385895,0.10512483574244415,0.4791940429259746
0.3109836788707543,0.10763123070136744,0.10322011468901632,0.4781649757388619
0.31509267431597526,0.11165048543689321,0.10105913503971757,0.47219770520741394
0.31790123456790126,0.11155202821869488,0.09832451499118165,0.4722222222222222
0.3099778270509978,0.11086474501108648,0.10066518847006652,0.47849223946784925
0.31008440693025324,0.11550422034651266,0.09729009329187029,0.47712127943136384
0.30742049469964666,0.11219081272084806,0.09673144876325088,0.4836572438162544
0.3051372896368468,0.11558901682905226,0.10141718334809566,0.47785651018600533
0.3062665489849956,0.11429832303618712,0.0970873786407767,0.4823477493380406
0.3110720562390158,0.11203866432337434,0.09973637961335677,0.4771528998242531
0.31063268892794377,0.11379613356766256,0.09885764499121265,0.476713532513181
0.3141980718667835,0.11349693251533742,0.09903593339176162,0.4732690622261174
0.317311971517579,0.11392968402314196,0.102803738317757,0.465954606141522
0.30738434163701067,0.11610320284697509,0.10631672597864769,0.47019572953736655
0.31028446389496717,0.112472647702407,0.10328227571115974,0.4739606126914661
0.30629432624113473,0.1125886524822695,0.10904255319148937,0.4720744680851064
0.30898627711376714,0.11465250110668437,0.10978308986277113,0.46657813191677733
0.3067078552515446,0.11429832303618712,0.10414827890556046,0.4748455428067079
0.30846422338568935,0.11474694589877836,0.10340314136125654,0.4733856893542757
0.30687830687830686,0.1146384479717813,0.10626102292768959,0.4722222222222222
0.30498016747465845,0.11502864698104892,0.10312913177611283,0.4768620537681798
0.30684811237928006,0.11281826163301141,0.10272168568920105,0.47761194029850745
0.31443755535872453,0.10806023029229407,0.10274579273693533,0.47475642161204606
0.31294014084507044,0.11091549295774648,0.10827464788732394,0.46786971830985913
0.30921923246581384,0.11116012351124835,0.11601235112483459,0.46360829289810324
0.31678383128295257,0.10676625659050967,0.11379613356766256,0.46265377855887524
0.320704845814978,0.10792951541850221,0.10881057268722467,0.46255506607929514
0.32135028496273566,0.10653222270933801,0.1060938185006576,0.4660236738272687
0.31808183018037833,0.10690717113946327,0.10426748790145182,0.4707435107787066
0.3222124670763828,0.10491659350307288,0.10272168568920105,0.4701492537313433
0.3185217773867136,0.10426748790145182,0.10426748790145182,0.47294324681038274
0.3209549071618037,0.10565870910698497,0.10256410256410256,0.4708222811671088
0.318859649122807,0.10482456140350878,0.09956140350877193,0.47675438596491226
0.3211453744493392,0.10396475770925111,0.09691629955947137,0.4779735682819383
0.3333333333333333,0.10013175230566534,0.09442248572683355,0.47211242863416775
0.3247216035634744,0.10155902004454342,0.09443207126948774,0.47928730512249446
0.32505543237250556,0.1015521064301552,0.09223946784922395,0.4811529933481153
0.333920704845815,0.1052863436123348,0.09251101321585903,0.4682819383259912
0.3323036187113857,0.10414827890556046,0.08914386584289496,0.4744042365401589
0.3363994743758213,0.10249671484888305,0.08672798948751642,0.4743758212877792
0.3363028953229399,0.10200445434298441,0.08463251670378619,0.47706013363028954
0.3349429323968393,0.10359964881474978,0.08735733099209833,0.4741000877963126
0.34775010921799915,0.10572302315421582,0.08650065530799476,0.4600262123197903
0.35062056737588654,0.10682624113475177,0.09086879432624113,0.4516843971631206
0.3481906443071492,0.09929390997352162,0.0939982347749338,0.4585172109443954
0.3510258697591436,0.09812667261373774,0.09455842997323818,0.45628902765388046
0.3544415127528584,0.09674582233948989,0.09762532981530343,0.45118733509234826
0.34748700173310226,0.09575389948006932,0.09835355285961872,0.4584055459272097
0.3487450462351387,0.10215763980625275,0.09687362395420519,0.4522236900044033
0.3481123792800702,0.10272168568920105,0.09789288849868305,0.45127304653204564
0.3474426807760141,0.09876543209876543,0.0992063492063492,0.45458553791887124
0.3497340425531915,0.10283687943262411,0.10017730496453901,0.44725177304964536
0.3474988933156264,0.099601593625498,0.10756972111553785,0.44532979194333777
0.34679543459174716,0.09745390693590869,0.10798946444249341,0.44776119402985076
0.34334953601414053,0.0958904109589041,0.10649580203269995,0.45426425099425544
0.33790358248562585,0.09951348960636887,0.102609464838567,0.4599734630694383
0.3369899078543221,0.09960508995173321,0.10136024572180781,0.4620447564721369
0.3330400351957765,0.09810822701275847,0.10382754069511659,0.46502419709634846
0.3355234340779676,0.09724047306176084,0.1029347349978099,0.4643013578624617
0.33201232937032144,0.10259797446059005,0.10039630118890357,0.46499339498018494
0.3317244405440983,0.10706450197455024,0.10179903466432647,0.45941202281702503
0.3293598233995585,0.106401766004415,0.1011037527593819,0.4631346578366446
0.3287971905179982,0.10798946444249341,0.10403863037752414,0.4591747146619842
0.3275862068965517,0.11052166224580018,0.09858532272325375,0.46330680813439434
0.3355034722222222,0.109375,0.1037326388888889,0.4513888888888889
0.33036112349531876,0.11012037449843959,0.10789121711992866,0.451627284886313
0.3327495621716287,0.10683012259194395,0.1042031523642732,0.45621716287215414
0.3350993377483444,0.10419426048565121,0.10463576158940398,0.45607064017660043
0.33185840707964603,0.10132743362831859,0.10707964601769912,0.4597345132743363
0.32603938730853393,0.10021881838074398,0.10634573304157549,0.4673960612691466
0.3333333333333333,0.09968847352024922,0.1041388518024032,0.4628393413440142
0.3434878587196468,0.09448123620309051,0.10507726269315673,0.45695364238410596
0.34774933804060015,0.09223300970873786,0.10503089143865843,0.4549867608120035
0.3445414847161572,0.09213973799126637,0.10480349344978165,0.4585152838427948
0.34738691260430393,0.09837505489679403,0.10320597277119016,0.4510320597277119
0.3387809187279152,0.10159010600706714,0.10335689045936396,0.45627208480565373
0.34177215189873417,0.1003928415539066,0.1030117852466172,0.45482322130074204
0.3387953941541187,0.0987599645704163,0.10451727192205491,0.4579273693534101
0.3387809187279152,0.09938162544169611,0.10070671378091872,0.46113074204946997
0.3386103781882146,0.10026385224274406,0.1011433597185576,0.4599824098504837
0.3421750663129973,0.09637488947833775,0.10256410256410256,0.4588859416445623
0.3420935412026726,0.09665924276169265,0.10022271714922049,0.4610244988864143
0.3339176161262051,0.09947414548641542,0.10078878177037687,0.46581945661700264
0.3413672217353199,0.10254163014899212,0.09772129710780017,0.4583698510078878
0.33964757709251103,0.10572687224669604,0.10088105726872247,0.45374449339207046
0.34720992028343667,0.10717449069973428,0.10008857395925598,0.4455270150575731
0.345374449339207,0.10616740088105726,0.09779735682819383,0.4506607929515419
0.347326557666814,0.10782147591692444,0.0905877154220062,0.45426425099425544
0.3467670504871568,0.10584588131089459,0.09300265721877768,0.45438441098317095
0.34951456310679613,0.10061782877316858,0.09488084730803177,0.4549867608120035
0.34030501089324616,0.10021786492374728,0.09411764705882353,0.465359477124183
0.3470744680851064,0.09840425531914894,0.09042553191489362,0.4640957446808511
0.3408687943262411,0.09929078014184398,0.09175531914893617,0.46808510638297873
0.34484265734265734,0.10052447552447552,0.09090909090909091,0.4637237762237762
0.34853852967227633,0.10053144375553587,0.08990256864481842,0.4610274579273694
0.3500666370501999,0.10217681030653043,0.08396268325188805,0.4637938693913816
0.35156594618438464,0.09748566387295986,0.08248786943096603,0.46846052051168946
0.34853134590092066,0.09951775537045156,0.08636562911003946,0.4655852696185883
0.3462384513858337,0.0985481742190937,0.08578970523537176,0.46942366915970085
0.3483047115808014,0.09423161602818142,0.08806693086745927,0.4693967415235579
0.3422907488986784,0.09295154185022027,0.0907488986784141,0.47400881057268723
0.3353927625772286,0.09135039717563989,0.08914386584289496,0.48411297440423656
0.3299469964664311,0.09496466431095406,0.09187279151943463,0.4832155477031802
0.3216168717047452,0.09270650263620386,0.09314586994727592,0.49253075571177507
0.32183406113537116,0.09737991266375545,0.09126637554585153,0.48951965065502184
0.321113074204947,0.10114840989399293,0.09054770318021202,0.4871908127208481
0.32097130242825606,0.10198675496688742,0.09183222958057395,0.48520971302428256
0.32477144101001304,0.10622551153678711,0.08794079233783196,0.4810622551153679
0.3343531468531469,0.10576923076923077,0.08347902097902098,0.4763986013986014
0.32682926829268294,0.10509977827050998,0.08913525498891353,0.4789356984478936
0.3289299867899604,0.10083663584324086,0.09335094671950682,0.47688243064729197
0.3309765797613787,0.10517012814847547,0.0901458241272647,0.47370746796288116
0.3252319929297393,0.10561201944321696,0.08837825894829872,0.480777728678745
0.318342151675485,0.10802469135802469,0.08994708994708994,0.48368606701940037
0.316043956043956,0.10725274725274725,0.09362637362637363,0.48307692307692307
0.31856077226853885,0.1066257130320316,0.09828872312417727,0.4765247915752523
0.316043956043956,0.10329670329670329,0.09846153846153846,0.48219780219780217
0.32280701754385965,0.09912280701754386,0.09429824561403509,0.4837719298245614
0.317600352889281,0.1027790030877812,0.08910454344949272,0.4905161005734451
0.31784305129329243,0.10039456378781236,0.08943445857080227,0.4923279263480929
0.3123359580052493,0.10411198600174978,0.08967629046369203,0.49387576552930884
0.3097228332600088,0.1007479102507699,0.09062912450505939,0.4989001319841619
0.3108348134991119,0.108348134991119,0.08703374777975133,0.4937833037300178
0.31252766710934043,0.10668437361664453,0.08587870739265162,0.4949092518813634
0.31765749778172137,0.10204081632653061,0.08473824312333629,0.4955634427684117
0.3141476274165202,0.1063268892794376,0.08479789103690685,0.4947275922671353
0.31528384279475985,0.10262008733624454,0.0868995633187773,0.49519650655021835
0.3123615418697386,0.10412051395657954,0.0872840053167922,0.49623393885688966
0.3140604467805519,0.1029347349978099,0.08278580814717477,0.5002190100744635
0.31282952548330406,0.10456942003514938,0.08260105448154657,0.5
0.31195079086115995,0.10413005272407733,0.08260105448154657,0.5013181019332161
0.306948109058927,0.10686015831134564,0.08091468777484609,0.5052770448548812
0.3035555555555556,0.10888888888888888,0.08,0.5075555555555555
0.30602302922940655,0.10141718334809566,0.07971656333038087,0.5128432240921169
0.3032859680284192,0.10035523978685613,0.08348134991119005,0.5128774422735346
0.30657894736842106,0.10175438596491228,0.08114035087719298,0.5105263157894737
0.31338028169014087,0.09859154929577464,0.08274647887323944,0.5052816901408451
0.31529933481152994,0.09977827050997783,0.08381374722838138,0.5011086474501109
0.3115910092551785,0.09563684442485676,0.08417805200528868,0.5085940943146761
0.30793226381461675,0.09759358288770054,0.08021390374331551,0.5142602495543672
0.31555555555555553,0.09911111111111111,0.076,0.5093333333333333
0.31544214694236694,0.09678838539375274,0.07919049714034315,0.5085789705235372
0.3136645962732919,0.09494232475598935,0.08296362023070097,0.5084294587400178
0.31014621178555607,0.09171466548515729,0.08019494904740807,0.5179441736818786
0.31089459698848537,0.091674047829938,0.08104517271922054,0.516386182462356
0.31387181738366987,0.08911325724319578,0.08560140474100088,0.5114135206321334
0.31588209414870216,0.08974923009238892,0.08578970523537176,0.5085789705235372
0.31616028181417877,0.09026860413914575,0.08894760017613386,0.5046235138705416
0.3191954525579362,0.08832531700918234,0.08570179274158286,0.5067774376912987
0.31509267431597526,0.08781994704324801,0.08781994704324801,0.5092674315975286
0.3145374449339207,0.0920704845814978,0.0841409691629956,0.5092511013215859
0.31721384205856257,0.0940550133096717,0.08518189884649512,0.5035492457852706
0.3144239226033421,0.0932277924362357,0.0870712401055409,0.5052770448548812
0.3174744330813695,0.09026233881725211,0.08581591818586039,0.506447309915518
0.32409850483729113,0.09146877748460862,0.0839929639401935,0.5004397537379067
0.3259814733127481,0.09131010145566829,0.08204675782973092,0.5006616674018527
0.32583774250440917,0.09259259259259259,0.08112874779541446,0.5004409171075838
0.33201407211961304,0.08619173262972735,0.07827616534740545,0.5035180299032542
0.3245382585751979,0.08839050131926121,0.08091468777484609,0.5061565523306948
0.3212869105332746,0.09034817100044072,0.07888937858087264,0.509475539885412
0.3219298245614035,0.0912280701754386,0.08114035087719298,0.5057017543859649
0.31792162043152794,0.09247027741083223,0.07837956847203875,0.5112285336856011
0.3217088055797733,0.0928509154315606,0.07715780296425458,0.5082824760244115
0.3161862527716186,0.0917960088691796,0.07671840354767184,0.5152993348115299
0.32226648959716686,0.09074811863656485,0.07791057990261177,0.5090748118636564
0.32616330114135206,0.09086918349429324,0.07682177348551361,0.5061457418788411
0.32272325375773653,0.08885941644562334,0.07648099027409372,0.5119363395225465
0.3229675699689027,0.0888494002665482,0.07552199022656597,0.5126610395379831
0.32336119665640123,0.08930928288605368,0.07347118345798505,0.5138583369995601
0.32272325375773653,0.09106984969053934,0.07294429708222812,0.513262599469496
0.3232588699080158,0.08979413053000437,0.07314936487078405,0.5137976346911958
0.32456531431119034,0.09050378956754347,0.07623718234507357,0.5086937137761925
0.3261157755192223,0.08616880247459124,0.0764471939902784,0.5112682280159081
0.32380114386273645,0.08534975802903652,0.07259128904531456,0.5182578090629124
0.3228381374722838,0.09268292682926829,0.07361419068736141,0.5108647450110865
0.3250544662309368,0.09019607843137255,0.06971677559912855,0.515032679738562
0.3265845070422535,0.09198943661971831,0.07086267605633803,0.5105633802816901
0.32323232323232326,0.09530083443126922,0.0733421168203777,0.5081247255160298
0.3229349736379613,0.09710017574692442,0.07117750439367311,0.5087873462214412
0.3258476442095993,0.09863496257155438,0.071334214002642,0.5041831792162044
0.32874278098622833,0.09551310528653932,0.06974677920924034,0.505997334517992
0.33289357959542654,0.09234828496042216,0.06904133685136324,0.5057167985927881
0.33027121609798776,0.08923884514435695,0.07042869641294838,0.510061242344707
0.3292307692307692,0.09230769230769231,0.0698901098901099,0.5085714285714286
0.32891246684350134,0.09328028293545534,0.06984969053934571,0.5079575596816976
0.32242582897033156,0.08944153577661432,0.07198952879581152,0.5161431064572426
0.3299648506151142,0.08743409490333919,0.07205623901581722,0.5105448154657294
0.32866520787746173,0.087527352297593,0.07483588621444201,0.5089715536105033
0.3293859649122807,0.09078947368421053,0.07280701754385965,0.5070175438596491
0.32956029603831083,0.09055289508053983,0.07531562908141054,0.5045711797997388
0.3333333333333333,0.0869757174392936,0.07505518763796909,0.5046357615894039
0.325164113785558,0.09102844638949671,0.07833698030634573,0.5054704595185996
0.32169686257180735,0.08926204153778171,0.08086610693769333,0.5081749889527176
0.32135028496273566,0.08855765015344147,0.0789127575624726,0.5111793073213503
0.31382978723404253,0.08953900709219859,0.07624113475177305,0.5203900709219859
0.31322609472743523,0.08757819481680071,0.07685433422698838,0.5223413762287757
0.3137946231820185,0.0877038342882327,0.0749228735125606,0.5235786690171882
0.31661578717836897,0.085041430440471,0.07544701264718709,0.522895769733973
0.31643895989422655,0.08505949757602468,0.07360070515645659,0.5249008373732922
0.32158590308370044,0.0828193832599119,0.07312775330396476,0.5224669603524229
0.3180414644905161,0.08557565063961182,0.07101896779885311,0.5253639170710189
0.31741821396993813,0.08620689655172414,0.07250221043324491,0.5238726790450928
0.31641659311562226,0.07899382171226832,0.07458075904677847,0.530008826125331
0.32178868917141606,0.07452871547566857,0.07540552389302937,0.528277071459886
0.3283052351375333,0.07275953859804792,0.0740905057675244,0.5248447204968945
0.33112582781456956,0.07373068432671082,0.0706401766004415,0.5245033112582781
0.3200883002207506,0.07328918322295806,0.07373068432671082,0.5328918322295806
0.31675392670157065,0.07897033158813263,0.07155322862129145,0.5327225130890052
0.3113666519239275,0.08137992038920831,0.07076514816452897,0.5364882795223352
0.31225121627598407,0.08182220256523662,0.06678460858027421,0.539141972578505
0.31776112825033054,0.07977082415160863,0.06698986337593654,0.5354781842221242
0.3219814241486068,0.07651481645289694,0.0659000442282176,0.5356037151702786
0.32149122807017544,0.07850877192982456,0.06798245614035088,0.5320175438596492
0.3204903677758319,0.08099824868651488,0.06567425569176882,0.5328371278458844
0.3182218309859155,0.08362676056338028,0.06734154929577464,0.5308098591549296
0.30667838312829526,0.0843585237258348,0.06854130052724078,0.5404217926186292
0.31063268892794377,0.08347978910369068,0.07161687170474516,0.5342706502636204
0.3072847682119205,0.08256070640176601,0.07108167770419425,0.5390728476821192
0.3137946231820185,0.08241516086381666,0.0749228735125606,0.5288673424416043
0.3133479212253829,0.08183807439824946,0.07308533916849015,0.5317286652078774
0.3191865605658709,0.08267020335985853,0.07161803713527852,0.5265251989389921
0.32351648351648354,0.08703296703296703,0.07164835164835165,0.5178021978021978
0.31921533660276413,0.08827463218903255,0.07133303611234953,0.5211769950958538
0.316023080337328,0.09010208610741234,0.07412339103417666,0.519751442521083
0.3134065934065934,0.08923076923076922,0.07252747252747253,0.5248351648351648
0.3153153153153153,0.08963963963963964,0.07702702702702703,0.5180180180180181
0.31690140845070425,0.08934859154929578,0.07746478873239436,0.5162852112676056
0.325185508511567,0.08642514185945002,0.07551287647315583,0.5128764731558272
0.31837979094076657,0.08667247386759581,0.07926829268292683,0.5156794425087108
0.3264589732338745,0.08731899956121106,0.07547169811320754,0.5107503290917069
0.3263250109505037,0.08628996933858958,0.07971966710468681,0.5076653526062199
0.32978723404255317,0.08421985815602837,0.08023049645390071,0.5057624113475178
0.3297966401414677,0.08134394341290893,0.08134394341290893,0.5075154730327144
0.3276165347405453,0.0839929639401935,0.08135444151275285,0.5070360598065083
0.33186619718309857,0.07966549295774648,0.08582746478873239,0.5026408450704225
0.3355379188712522,0.07583774250440917,0.08509700176366843,0.5035273368606702
0.33814523184601925,0.07742782152230972,0.08530183727034121,0.4991251093613298
0.33554670208056664,0.0796812749003984,0.08632138114209828,0.4984506418769367
0.3323076923076923,0.08351648351648351,0.08571428571428572,0.49846153846153846
