C,D,Oc,Od
1.0,0.0,0.0,0.0
0.75,0.25,0.0,0.0
0.6666666666666666,0.3333333333333333,0.0,0.0
0.5555555555555556,0.3333333333333333,0.1111111111111111,0.0
0.5,0.25,0.16666666666666666,0.08333333333333333
0.4375,0.25,0.1875,0.125
0.5714285714285714,0.23809523809523808,0.14285714285714285,0.047619047619047616
0.5517241379310345,0.27586206896551724,0.13793103448275862,0.034482758620689655
0.5,0.3125,0.125,0.0625
0.4318181818181818,0.25,0.22727272727272727,0.09090909090909091
0.4528301886792453,0.2641509433962264,0.20754716981132076,0.07547169811320754
0.44285714285714284,0.2857142857142857,0.18571428571428572,0.08571428571428572
0.4827586206896552,0.27586206896551724,0.1724137931034483,0.06896551724137931
0.45918367346938777,0.2857142857142857,0.16326530612244897,0.09183673469387756
0.4426229508196721,0.29508196721311475,0.1885245901639344,0.07377049180327869
0.46794871794871795,0.3141025641025641,0.14102564102564102,0.07692307692307693
0.4602272727272727,0.30113636363636365,0.17045454545454544,0.06818181818181818
0.4789473684210526,0.2631578947368421,0.18421052631578946,0.07368421052631578
0.45794392523364486,0.2616822429906542,0.19158878504672897,0.08878504672897196
0.46311475409836067,0.25,0.19672131147540983,0.09016393442622951
0.4529616724738676,0.2578397212543554,0.18815331010452963,0.10104529616724739
0.43769968051118213,0.2779552715654952,0.17891373801916932,0.10543130990415335
0.4115942028985507,0.2927536231884058,0.2028985507246377,0.0927536231884058
0.4263959390862944,0.29949238578680204,0.19035532994923857,0.08375634517766498
0.4418604651162791,0.27209302325581397,0.2,0.08604651162790698
0.42171189979123175,0.267223382045929,0.20668058455114824,0.10438413361169102
0.41825095057034223,0.2832699619771863,0.1920152091254753,0.10646387832699619
0.38488576449912126,0.27943760984182775,0.21616871704745166,0.1195079086115993
0.38016528925619836,0.27603305785123966,0.22644628099173553,0.11735537190082644
0.39344262295081966,0.26229508196721313,0.21609538002980627,0.12816691505216096
0.37432432432432433,0.26216216216216215,0.22567567567567567,0.13783783783783785
0.383270911360799,0.2484394506866417,0.23845193508114856,0.12983770287141075
0.3658823529411765,0.2541176470588235,0.23529411764705882,0.14470588235294118
0.36132596685082874,0.23977900552486187,0.2541436464088398,0.14475138121546963
0.3617021276595745,0.23297872340425532,0.23617021276595745,0.16914893617021276
0.36693548387096775,0.21673387096774194,0.2469758064516129,0.1693548387096774
0.362475442043222,0.2151277013752456,0.2455795677799607,0.17681728880157171
0.3455743879472693,0.2071563088512241,0.2711864406779661,0.1760828625235405
0.33484573502722326,0.20598911070780399,0.2867513611615245,0.1724137931034483
0.36418166238217653,0.2099400171379606,0.2579263067694944,0.16795201371036847
0.3554621848739496,0.21092436974789916,0.25546218487394956,0.1781512605042017
0.36325503355704697,0.21476510067114093,0.24664429530201343,0.17533557046979867
0.3428107229894395,0.21852152721364745,0.2437043054427295,0.19496344435418358
0.33307086614173226,0.20866141732283464,0.2622047244094488,0.19606299212598424
0.3359375,0.21328125,0.2625,0.18828125
0.3307453416149068,0.20574534161490685,0.2686335403726708,0.19487577639751552
0.324468085106383,0.2066869300911854,0.27279635258358664,0.196048632218845
0.3254262416604892,0.2127501853224611,0.26167531504818387,0.20014825796886582
0.31466470154753134,0.21370670596904937,0.262343404568902,0.2092851879145173
0.31272465851905107,0.22429906542056074,0.2631200575125809,0.19985621854780733
0.30938833570412516,0.2197724039829303,0.2795163584637269,0.19132290184921763
0.30576789437109103,0.21403752605976373,0.29325920778318276,0.18693537178596248
0.3126702997275204,0.2186648501362398,0.2779291553133515,0.1907356948228883
0.3235694822888283,0.22888283378746593,0.2656675749318801,0.1818801089918256
0.3130081300813008,0.21680216802168023,0.27371273712737126,0.19647696476964768
0.3068181818181818,0.20989304812834225,0.2787433155080214,0.20454545454545456
0.3033052495139339,0.20803629293583928,0.2760855476344783,0.21257290991574854
0.2923784494086728,0.19973718791064388,0.2812089356110381,0.2266754270696452
0.2980392156862745,0.20065359477124184,0.28104575163398693,0.22026143790849673
0.30409356725146197,0.18908382066276802,0.2826510721247563,0.22417153996101363
0.3074433656957929,0.1883495145631068,0.2750809061488673,0.229126213592233
0.3105912930474334,0.18128654970760233,0.2794022092267706,0.22871994801819362
0.3275080906148867,0.1883495145631068,0.26601941747572816,0.2181229773462783
0.30512820512820515,0.1935897435897436,0.27307692307692305,0.2282051282051282
0.31629392971246006,0.19105431309904153,0.26645367412140575,0.22619808306709266
0.32260141661300706,0.17965228589826143,0.27044430135222153,0.22730199613650998
0.32698621142481943,0.18844386080105055,0.2593565331582403,0.22521339461588968
0.32964169381107494,0.18110749185667752,0.2553745928338762,0.23387622149837134
0.3228092783505155,0.18621134020618557,0.2506443298969072,0.24033505154639176
0.32922077922077925,0.19545454545454546,0.2422077922077922,0.2331168831168831
0.3335483870967742,0.17935483870967742,0.2496774193548387,0.23741935483870968
0.3328964613368283,0.18283093053735255,0.24639580602883354,0.23787680209698558
0.34525357607282187,0.1905071521456437,0.2340702210663199,0.23016905071521457
0.33696348494554773,0.20371556694426649,0.23830877642536835,0.22101217168481743
0.33954983922829585,0.1967845659163987,0.23922829581993568,0.22443729903536977
0.3335492227979275,0.20012953367875647,0.2260362694300518,0.24028497409326424
0.33419354838709675,0.1896774193548387,0.23161290322580644,0.24451612903225806
0.3161668839634941,0.20990873533246415,0.23076923076923078,0.24315514993481094
0.3309305373525557,0.19921363040629095,0.2214941022280472,0.24836173001310616
0.33355176933158587,0.19397116644823068,0.22018348623853212,0.25229357798165136
0.3190789473684211,0.18881578947368421,0.22763157894736843,0.2644736842105263
0.30789302022178733,0.18917155903457272,0.2328767123287671,0.2700587084148728
0.3145631067961165,0.1766990291262136,0.23300970873786409,0.2757281553398058
0.3282994090610637,0.1654629021667761,0.23440577806959947,0.27183191070256074
0.3350751143043762,0.1659046374918354,0.23318092749836708,0.26583932070542127
0.3395860284605433,0.17723156532988357,0.22639068564036222,0.25679172056921085
0.35316946959896506,0.17270375161707632,0.2115135834411384,0.2626131953428202
0.35705045278137126,0.16558861578266496,0.20504527813712808,0.2723156532988357
0.35192307692307695,0.1576923076923077,0.19615384615384615,0.29423076923076924
0.341130604288499,0.15919428200129954,0.20727745289148797,0.29239766081871343
0.35565669700910274,0.15669700910273082,0.21651495448634592,0.27113133940182055
0.3486120077469335,0.15816655907036797,0.2091672046481601,0.28405422853453843
0.34928848641655885,0.15329883570504527,0.21410090556274256,0.2833117723156533
0.3513157894736842,0.15921052631578947,0.20526315789473684,0.28421052631578947
0.34423076923076923,0.1596153846153846,0.2032051282051282,0.29294871794871796
0.3412596401028278,0.17030848329048842,0.19601542416452442,0.29241645244215936
0.3382447149263293,0.16912235746316465,0.19538757206918642,0.29724535554131964
0.3460543337645537,0.16170763260025872,0.1927554980595084,0.29948253557567917
0.3474630700064226,0.15863840719332048,0.1913937058445729,0.302504816955684
0.36245954692556637,0.15080906148867315,0.18705501618122977,0.29967637540453074
0.3684210526315789,0.13840155945419103,0.20077972709551656,0.29239766081871343
0.3686635944700461,0.14154048716260698,0.1889400921658986,0.3008558262014483
0.37944408532643825,0.13703943115707823,0.1874595992243051,0.2960568842921784
0.3791064388961892,0.1340341655716163,0.18462549277266754,0.30223390275952694
0.38431876606683807,0.12789203084832904,0.17930591259640102,0.30848329048843187
0.38633377135348224,0.13206307490144548,0.18068331143232588,0.3009198423127464
0.41671984684109764,0.1225271218889598,0.16783663050414804,0.2929164007657945
0.40897435897435896,0.13076923076923078,0.17564102564102563,0.2846153846153846
0.4023062139654068,0.1313260730301089,0.17168481742472774,0.2946828955797566
0.39374185136897,0.13298565840938723,0.17470664928292046,0.2985658409387223
0.42129032258064514,0.12580645161290321,0.17806451612903226,0.27483870967741936
0.4191270860077022,0.12259306803594351,0.1925545571245186,0.26572528883183566
0.4295729764181007,0.11918419375398343,0.17909496494582536,0.27214786488209053
0.4114681789540013,0.129174543163201,0.17328292375551355,0.28607435412728416
0.4224082421120412,0.1184803605924018,0.16613007083065034,0.29298132646490666
0.4293125810635538,0.11284046692607004,0.16536964980544747,0.2924773022049287
0.42913128674069234,0.10907903331156107,0.16133246244284782,0.30045721750489873
0.42378449408672797,0.1202365308804205,0.15703022339027595,0.29894875164257556
0.43102352193261284,0.11697393515575334,0.15638906547997458,0.2956134774316593
0.44229529335912315,0.10831721470019343,0.15538362346872986,0.2940038684719536
0.43444730077120824,0.11632390745501285,0.16002570694087404,0.2892030848329049
0.43215434083601284,0.1189710610932476,0.1607717041800643,0.2881028938906752
0.43378119001919385,0.1164427383237364,0.163787587971849,0.28598848368522073
0.4183344092963202,0.12524209167204647,0.16655907036797934,0.289864428663654
0.43534762833008445,0.10916179337231968,0.1663417803768681,0.28914879792072773
0.4289405684754522,0.11369509043927649,0.17054263565891473,0.2868217054263566
0.4296774193548387,0.11225806451612903,0.1703225806451613,0.28774193548387095
0.4234990316333118,0.11362169141381537,0.1736604260813428,0.28921885087153004
0.43021032504780116,0.10707456978967496,0.1822817080943276,0.2804333970681963
0.42010309278350516,0.10502577319587629,0.18621134020618557,0.28865979381443296
0.42504866969500327,0.11291369240752758,0.18040233614536016,0.28163530175210905
0.4251458198314971,0.10693454309786131,0.17174335709656513,0.2961762799740765
0.4265279583875163,0.11118335500650195,0.1684005201560468,0.293888166449935
0.4271034039820167,0.10789980732177264,0.16120745022479127,0.3037893384714194
0.4252948885976409,0.11336828309305373,0.16251638269986893,0.29882044560943644
0.4326797385620915,0.10784313725490197,0.15490196078431373,0.3045751633986928
0.4255181347150259,0.10621761658031088,0.15414507772020725,0.31411917098445596
0.4186197916666667,0.11067708333333333,0.15494791666666666,0.3157552083333333
0.4239897370109044,0.11353431686978832,0.15522771007055805,0.3072482360487492
0.42535392535392536,0.10746460746460747,0.15894465894465895,0.3082368082368082
0.403172504957039,0.1163251817580965,0.17052214144084601,0.3099801718440185
0.4010249839846252,0.11787315823190263,0.17232543241511852,0.30877642536835365
0.3935483870967742,0.12129032258064516,0.17483870967741935,0.3103225806451613
0.3984476067270375,0.11190168175937905,0.19210866752910738,0.2975420439844761
0.39231738035264485,0.11272040302267003,0.19143576826196473,0.3035264483627204
0.382219338092148,0.12070084360804673,0.18818948734587929,0.30889033095392604
0.3887468030690537,0.12020460358056266,0.17838874680306904,0.3126598465473146
0.39652956298200515,0.12917737789203085,0.17223650385604114,0.30205655526992287
0.39010282776349614,0.13046272493573266,0.17030848329048842,0.30912596401028275
0.3735632183908046,0.1334610472541507,0.17369093231162197,0.31928480204342274
0.37809647979139505,0.13494132985658408,0.17209908735332463,0.31486310299869624
0.36502871729419273,0.1429483088704531,0.1761327377153797,0.31589023611997447
0.3648562300319489,0.1412140575079872,0.17380191693290734,0.32012779552715653
0.3666026871401152,0.13563659628918745,0.17914267434420986,0.31861804222648754
0.3457823567289118,0.1519639407598197,0.17578879587894397,0.3264649066323245
0.3435064935064935,0.1512987012987013,0.18181818181818182,0.3233766233766234
0.3326923076923077,0.15705128205128205,0.191025641025641,0.3192307692307692
0.3296915167095116,0.15874035989717222,0.19473007712082263,0.31683804627249357
0.31297709923664124,0.16793893129770993,0.1984732824427481,0.32061068702290074
0.3142305215711526,0.1699935608499678,0.19639407598197037,0.3193818415969092
0.3292761050608584,0.1755285073670724,0.18129404228058937,0.31390134529147984
0.3318152244632401,0.180871828236825,0.18282368249837344,0.30448926480156147
0.32667525773195877,0.17719072164948454,0.18234536082474226,0.31378865979381443
0.3277634961439589,0.17802056555269924,0.17673521850899743,0.31748071979434445
0.3333333333333333,0.17354289456450556,0.18402095612311722,0.3091028159790439
0.34520725388601037,0.17033678756476683,0.17357512953367876,0.31088082901554404
0.3382259093809828,0.17294192724952137,0.1684747925973197,0.32035737077217613
0.3250490516677567,0.18835840418574232,0.17331589274035317,0.3132766514061478
0.32114882506527415,0.19908616187989556,0.16840731070496084,0.3113577023498694
0.3151750972762646,0.20233463035019456,0.16990920881971466,0.3125810635538262
0.3239712606139778,0.19790986283474854,0.16459830176355322,0.31352057478772044
0.3220878421387651,0.19032463399108848,0.17122851686823679,0.3163590070019096
0.3069053708439898,0.19053708439897699,0.1758312020460358,0.32672634271099743
0.3025974025974026,0.19090909090909092,0.17727272727272728,0.32922077922077925
0.3076923076923077,0.1888111888111888,0.17164653528289892,0.3318499682136046
0.3075924724205062,0.18754055807916936,0.17391304347826086,0.3309539260220636
0.29549902152641877,0.1898238747553816,0.17090671885192432,0.34377038486627526
0.302812295618051,0.18574231523871812,0.16677567037279267,0.34466971877043817
0.2906148867313916,0.19093851132686085,0.16957928802588998,0.3488673139158576
0.2842242503259452,0.19491525423728814,0.1897001303780965,0.33116036505867014
0.28515369522563766,0.2079790712884238,0.17658600392413343,0.3302812295618051
0.26412614980289095,0.202365308804205,0.1911957950065703,0.34231274638633374
0.2604712041884817,0.20680628272251309,0.17735602094240838,0.3553664921465969
0.27034120734908135,0.1942257217847769,0.17191601049868765,0.36351706036745407
0.25279789335088876,0.1988150098749177,0.1869651086240948,0.36142198815009874
0.25629438347320854,0.20077469335054873,0.18592640413169786,0.3570045190445449
0.2661962796664529,0.19114817190506736,0.1860166773572803,0.35663887107119946
0.26360103626943004,0.19689119170984457,0.18652849740932642,0.35297927461139894
0.25229357798165136,0.18807339449541285,0.18938401048492792,0.3702490170380079
0.24661071659134925,0.18979987088444158,0.1801162040025823,0.38347320852162686
0.24144609425435765,0.19173660426081343,0.18076178179470626,0.38605551969012264
0.2503176620076239,0.193138500635324,0.17344345616264295,0.38310038119440915
0.2528957528957529,0.1833976833976834,0.17631917631917632,0.38738738738738737
0.26228462029355454,0.18059987236758138,0.1780472239948947,0.37906828334396936
0.2650523560209424,0.19044502617801048,0.168848167539267,0.3756544502617801
0.27088772845953,0.17950391644908617,0.17428198433420367,0.37532637075718017
0.263465282284231,0.1752109020116807,0.17780661907852044,0.3835171966255678
0.2742146596858639,0.17604712041884818,0.17081151832460734,0.37892670157068065
0.2708333333333333,0.18880208333333334,0.17057291666666666,0.3697916666666667
0.2803921568627451,0.17777777777777778,0.17058823529411765,0.3712418300653595
0.2798965740142211,0.17970265029088558,0.16612798965740141,0.3742727860374919
0.28007889546351084,0.17291255752794216,0.17159763313609466,0.37541091387245235
0.2853453841187863,0.17947062621045837,0.16333118140735958,0.37185280826339573
0.28846153846153844,0.16346153846153846,0.1608974358974359,0.3871794871794872
0.28690629011553276,0.16110397946084723,0.16110397946084723,0.3908857509627728
0.2811688311688312,0.16753246753246753,0.16428571428571428,0.38701298701298703
0.2668377164849262,0.17575368826170623,0.16484926234765876,0.39255933290570877
0.26383526383526384,0.18082368082368083,0.16795366795366795,0.38738738738738737
0.2737393582187295,0.17550753110674525,0.15848068107400132,0.3922724296005239
0.2733766233766234,0.17662337662337663,0.16363636363636364,0.38636363636363635
0.2687620269403464,0.17190506735086594,0.16100064143681847,0.3983322642719692
0.26857142857142857,0.16634920634920636,0.1688888888888889,0.3961904761904762
0.2674271229404309,0.16983523447401774,0.15779467680608364,0.4049429657794677
0.2764976958525346,0.1685319289005925,0.16458196181698487,0.39038841342988806
0.2815344603381014,0.16644993498049415,0.1625487646293888,0.3894668400520156
0.27004490057729313,0.163566388710712,0.16549069916613213,0.40089801154586274
0.28229974160206717,0.15956072351421188,0.15503875968992248,0.40310077519379844
0.2774869109947644,0.16164921465968587,0.14725130890052357,0.41361256544502617
0.27522935779816515,0.16710353866317168,0.1474442988204456,0.41022280471821754
0.28356254092992794,0.16306483300589392,0.14014407334643092,0.4132285527177472
0.27225130890052357,0.15575916230366493,0.13416230366492146,0.43782722513089006
0.27887139107611547,0.15616797900262466,0.12926509186351706,0.4356955380577428
0.27355425601039635,0.15594541910331383,0.12930474333983105,0.4411955815464587
0.27599486521181,0.14377406931964057,0.14826700898587933,0.4319640564826701
0.2672692059393157,0.14267269205939315,0.15752098127824402,0.4325371207230471
0.27079303675048355,0.1521598968407479,0.14248871695680207,0.4345583494519665
0.2585978835978836,0.16005291005291006,0.14153439153439154,0.4398148148148148
0.2600638977635783,0.1597444089456869,0.14440894568690096,0.43578274760383384
0.2740076824583867,0.1645326504481434,0.14852752880921896,0.41293213828425096
0.266025641025641,0.15576923076923077,0.15064102564102563,0.42756410256410254
0.27691309987029833,0.17185473411154345,0.14072632944228275,0.41050583657587547
0.26838709677419353,0.1761290322580645,0.14129032258064517,0.41419354838709677
0.2850589777195282,0.18020969855832242,0.1382699868938401,0.3964613368283093
0.2871994801819363,0.17543859649122806,0.13580246913580246,0.4015594541910331
0.2833981841763943,0.17639429312581065,0.13294422827496757,0.4072632944228275
0.28598848368522073,0.18234165067178504,0.127319257837492,0.40435060780550225
0.3039533376539209,0.1795204147764096,0.12443292287751134,0.39209332469215813
0.30383864671437866,0.18802862719583605,0.1210149642160052,0.3871177618737801
0.28406169665809766,0.18444730077120822,0.13174807197943444,0.39974293059125965
0.2908855850032321,0.17970265029088558,0.13574660633484162,0.3936651583710407
0.2975420439844761,0.18111254851228978,0.12354463130659767,0.3978007761966365
0.28303108808290156,0.18264248704663213,0.125,0.40932642487046633
0.2859947643979058,0.17277486910994763,0.1099476439790576,0.431282722513089
0.28356254092992794,0.17943680419122462,0.11067452521283562,0.4263261296660118
0.28994845360824745,0.17332474226804123,0.11082474226804123,0.4259020618556701
0.296078431372549,0.16993464052287582,0.10915032679738562,0.42483660130718953
0.29857512953367876,0.17033678756476683,0.1094559585492228,0.4216321243523316
0.29069767441860467,0.17248062015503876,0.1020671834625323,0.4347545219638243
0.2957474226804124,0.17847938144329897,0.10115979381443299,0.42461340206185566
0.2900516795865633,0.17571059431524547,0.11046511627906977,0.42377260981912146
0.2933591231463572,0.17343649258542876,0.1218568665377176,0.41134751773049644
0.28833551769331583,0.17627785058977719,0.1251638269986894,0.41022280471821754
0.29114754098360657,0.16852459016393442,0.1160655737704918,0.4242622950819672
0.2812295618051014,0.16677567037279267,0.13080444735120994,0.421190320470896
0.2767456758488149,0.15631005765534914,0.13773222293401666,0.42921204356181936
0.28469980632666236,0.1697869593285991,0.13750806972240154,0.408005164622337
0.27698309492847856,0.17100130039011704,0.13133940182054615,0.4206762028608583
0.2837060702875399,0.1635782747603834,0.12396166134185303,0.42875399361022365
0.2603896103896104,0.17922077922077922,0.1266233766233766,0.43376623376623374
0.25506329113924053,0.1670886075949367,0.13987341772151898,0.4379746835443038
0.2591170825335892,0.17018554062699937,0.1362763915547025,0.4344209852847089
0.25530546623794215,0.17491961414790996,0.14662379421221866,0.4231511254019293
0.2529411764705882,0.17320261437908496,0.13660130718954247,0.4372549019607843
0.24641460234680573,0.17666232073011734,0.14602346805736635,0.43089960886571055
0.2418216805644644,0.17190506735086594,0.14881334188582424,0.4374599101988454
0.23925593329057088,0.17575368826170623,0.15330339961513792,0.431686978832585
0.24327784891165172,0.15685019206145967,0.16325224071702946,0.43661971830985913
0.22955974842767296,0.16163522012578616,0.1641509433962264,0.4446540880503145
0.2369607211848036,0.1648422408242112,0.16613007083065034,0.4320669671603348
0.24287564766839378,0.16062176165803108,0.15155440414507773,0.44494818652849744
0.2434837889383344,0.1691036236490782,0.15257469802924348,0.43483788938334395
0.24331210191082803,0.1624203821656051,0.14904458598726114,0.44522292993630574
0.2542043984476067,0.15459249676584735,0.148124191461837,0.44307891332470895
0.24760689215060624,0.16656030631780472,0.14422463305679642,0.4416081684747926
0.25127877237851665,0.16687979539641945,0.13810741687979539,0.4437340153452685
0.24918672739102146,0.17501626545217958,0.14638906961613532,0.42940793754066364
0.26137091607943624,0.17424727738629084,0.14541960281870595,0.4189622037155669
0.26001313197636244,0.170059093893631,0.15167432698621142,0.41825344714379514
0.2608978529603123,0.16265452179570591,0.14443721535458687,0.43201040988939493
0.24774774774774774,0.16795366795366795,0.15186615186615188,0.43243243243243246
0.2506443298969072,0.16623711340206185,0.1411082474226804,0.4420103092783505
0.2471042471042471,0.1628056628056628,0.14092664092664092,0.4491634491634492
0.2391025641025641,0.15705128205128205,0.14423076923076922,0.4596153846153846
0.24387096774193548,0.15483870967741936,0.15225806451612903,0.44903225806451613
0.23111684958037443,0.15429309231762428,0.15429309231762428,0.460296965784377
0.23352527191298783,0.1433141394753679,0.15419065898912349,0.4689699296225208
0.26284970722186074,0.13793103448275862,0.15549772283669486,0.44372153545868576
0.2578981302385558,0.13217279174725982,0.16763378465506126,0.44229529335912315
0.24644243208279432,0.14747736093143596,0.17141009055627426,0.4346701164294955
0.24020552344251767,0.14515093127809892,0.17597944765574824,0.4386640976236352
0.2395900064061499,0.13452914798206278,0.19026265214606022,0.4356181934657271
0.23141564318034907,0.1396250808015514,0.19133807369101485,0.4376212023270847
0.2193713919178961,0.15715202052597818,0.19627966645285438,0.42719692110327134
0.22897800776196636,0.15459249676584735,0.18758085381630013,0.42884864165588615
0.23653846153846153,0.15,0.19935897435897437,0.41410256410256413
0.23680823680823682,0.13577863577863578,0.20012870012870013,0.4272844272844273
0.23076923076923078,0.14166666666666666,0.19615384615384615,0.43141025641025643
0.23680823680823682,0.15637065637065636,0.18404118404118405,0.42277992277992277
0.2331168831168831,0.16428571428571428,0.18116883116883117,0.42142857142857143
0.23936507936507936,0.16317460317460317,0.18603174603174602,0.4114285714285714
0.2364341085271318,0.16020671834625322,0.18733850129198967,0.4160206718346253
0.23057161207450225,0.16184971098265896,0.18689788053949905,0.4206807964033398
0.22653721682847897,0.16440129449838187,0.19158576051779935,0.4174757281553398
0.22501611863313992,0.1644100580270793,0.19277885235332043,0.41779497098646035
0.22006472491909385,0.16375404530744336,0.20129449838187702,0.4148867313915858
0.21795705920624595,0.16265452179570591,0.19713728041639558,0.4222511385816526
0.2119460500963391,0.170199100834939,0.19588953114964675,0.42196531791907516
0.2108667529107374,0.1571798188874515,0.19857697283311773,0.4333764553686934
0.22419460880999342,0.14464168310322156,0.1946088099934254,0.4365548980933596
0.23111979166666666,0.14973958333333334,0.189453125,0.4296875
0.22721354166666666,0.15625,0.181640625,0.4348958333333333
0.22294654498044328,0.14797913950456323,0.17470664928292046,0.45436766623207303
0.22780678851174935,0.1514360313315927,0.17036553524804177,0.45039164490861616
0.21795705920624595,0.1561483409238777,0.1704619388418998,0.4554326610279766
0.2214941022280472,0.14482306684141547,0.17693315858453473,0.4567496723460026
0.22650130548302871,0.14556135770234988,0.16775456919060053,0.4601827676240209
0.22532467532467532,0.14415584415584415,0.17467532467532468,0.45584415584415583
0.22765818656229614,0.13829093281148075,0.18395303326810175,0.4500978473581213
0.22496749024707413,0.14369310793237972,0.17620286085825748,0.45513654096228867
0.22012987012987012,0.1461038961038961,0.17922077922077922,0.45454545454545453
0.2198852772466539,0.14722753346080306,0.17463352453792225,0.45825366475462076
0.2206721623335447,0.15599239061509196,0.17374762206721622,0.4495878249841471
0.20912547528517111,0.15716096324461343,0.17934093789607097,0.4543726235741445
0.20373952288845906,0.1579626047711154,0.1831076724693746,0.4551901998710509
0.19466145833333334,0.162109375,0.18359375,0.4596354166666667
0.2036673215455141,0.1558611656843484,0.1741977734119188,0.46627373935821875
0.20353403141361257,0.1544502617801047,0.1806282722513089,0.46138743455497383
0.19783024888321635,0.1614550095724314,0.1818761965539247,0.4588385449904276
0.19474695707879563,0.16591928251121077,0.17296604740550928,0.4663677130044843
0.18754055807916936,0.16612589227774172,0.17131732641142117,0.47501622323166776
0.18929254302103252,0.15423836838750796,0.1835564053537285,0.47291268323773106
0.2035110533159948,0.1482444733420026,0.17425227568270482,0.4739921976592978
0.20876288659793815,0.13981958762886598,0.18363402061855671,0.4677835051546392
0.21480026195153898,0.137524557956778,0.19187950229207595,0.45579567779960706
0.21660181582360571,0.14267185473411154,0.18482490272373542,0.45590142671854733
0.20775095298602286,0.14167725540025414,0.18170266836086404,0.46886912325285895
0.22745098039215686,0.13529411764705881,0.16666666666666666,0.47058823529411764
0.22307202039515614,0.13575525812619502,0.17080943275971958,0.47036328871892924
0.21830985915492956,0.14148527528809218,0.16901408450704225,0.471190781049936
0.21645569620253163,0.15063291139240506,0.1651898734177215,0.46772151898734177
0.20889748549323017,0.14893617021276595,0.16892327530625403,0.4732430689877498
0.21333333333333335,0.1523809523809524,0.17714285714285713,0.45714285714285713
0.21382842509603073,0.16389244558258642,0.16581306017925737,0.4564660691421255
0.21558441558441557,0.16753246753246753,0.16948051948051948,0.4474025974025974
0.21076523994811933,0.16472114137483787,0.1621271076523995,0.46238651102464334
0.2178988326848249,0.17380025940337224,0.15888456549935148,0.4494163424124514
0.22098360655737706,0.17114754098360654,0.15344262295081967,0.4544262295081967
0.21386908619572262,0.18211276733635776,0.16267012313674659,0.44134802333117307
0.23540856031128404,0.19130998702983137,0.1562905317769131,0.4169909208819715
0.2362924281984334,0.1801566579634465,0.1468668407310705,0.4366840731070496
0.2344155844155844,0.16883116883116883,0.1577922077922078,0.43896103896103894
0.23544631306597671,0.16817593790426907,0.1520051746442432,0.444372574385511
0.24049000644745325,0.1708575112830432,0.13926499032882012,0.44938749194068345
0.2361904761904762,0.1707936507936508,0.15174603174603174,0.44126984126984126
0.22193548387096773,0.1664516129032258,0.15612903225806452,0.45548387096774196
0.22618276085547634,0.16526247569669475,0.15294880103694103,0.45560596241088785
0.23027581783194356,0.1731879409878127,0.1539448364336113,0.44259140474663244
0.2365869424692954,0.17388493859082094,0.14285714285714285,0.4466709760827408
0.23922829581993568,0.17170418006430868,0.1414790996784566,0.447588424437299
0.24107142857142858,0.17346938775510204,0.1377551020408163,0.4477040816326531
0.23961661341853036,0.1744408945686901,0.14185303514376996,0.4440894568690096
0.24061107574793125,0.16868236791852323,0.13812858052196053,0.452577975811585
0.23928342930262317,0.1689059500959693,0.14075495841330773,0.4510556621880998
0.23586744639376217,0.16699155295646523,0.14814814814814814,0.4489928525016244
0.2420916720464816,0.1736604260813428,0.1342801807617818,0.4499677211103938
0.2335907335907336,0.17374517374517376,0.14285714285714285,0.4498069498069498
0.23732119635890767,0.16579973992197658,0.1423927178153446,0.4544863459037711
0.23680823680823682,0.16988416988416988,0.13835263835263836,0.45495495495495497
0.2563938618925831,0.1585677749360614,0.13810741687979539,0.4469309462915601
0.2608142493638677,0.15139949109414758,0.13295165394402036,0.4548346055979644
0.2591404746632457,0.150096215522771,0.13662604233483003,0.4541372674791533
0.2571428571428571,0.15555555555555556,0.13396825396825396,0.4533333333333333
0.25833333333333336,0.15576923076923077,0.14166666666666666,0.4442307692307692
0.24580645161290324,0.14387096774193547,0.15096774193548387,0.4593548387096774
0.2421120412105602,0.14810045074050227,0.14874436574372182,0.4610431423052157
0.25098039215686274,0.1437908496732026,0.14248366013071895,0.4627450980392157
0.2537313432835821,0.14536015574302402,0.14081765087605452,0.4600908500973394
0.2582697201017812,0.138676844783715,0.14631043256997456,0.45674300254452926
0.25609756097560976,0.13414634146341464,0.1521181001283697,0.4576379974326059
0.26784586228679724,0.13834491471888818,0.15792798483891346,0.43588123815540114
0.2587548638132296,0.13878080415045396,0.1556420233463035,0.446822308690013
0.2607561929595828,0.12255541069100391,0.15319426336375488,0.4634941329856584
0.26434558349451964,0.12637008381689233,0.14958091553836234,0.45970341715022567
0.27249357326478146,0.12275064267352186,0.14974293059125965,0.455012853470437
0.26896112173358827,0.12237093690248566,0.1504142766093053,0.45825366475462076
0.269355888093689,0.12036434612882238,0.1424853610930384,0.4677944046844502
0.278902677988243,0.11822338340953625,0.1495754408883083,0.45329849771391245
0.2648963730569948,0.12435233160621761,0.15479274611398963,0.45595854922279794
0.27237851662404094,0.1323529411764706,0.14705882352941177,0.44820971867007675
0.2676962676962677,0.13384813384813385,0.148005148005148,0.45045045045045046
0.27698309492847856,0.13003901170351106,0.1482444733420026,0.4447334200260078
0.2859897172236504,0.13110539845758354,0.14652956298200515,0.43637532133676094
0.27184466019417475,0.14110032362459546,0.141747572815534,0.4453074433656958
0.27405991077119185,0.1338432122370937,0.14212874442319948,0.449968132568515
0.27552986512524086,0.12973667308927425,0.1355170199100835,0.4592164418754014
0.2680077871512005,0.13562621674237507,0.14146658014276445,0.45489941596365996
0.2607282184655397,0.13849154746423928,0.13849154746423928,0.46228868660598177
0.2644199611147116,0.13609850939727802,0.1373946856772521,0.46208684381075826
0.2580858085808581,0.14653465346534653,0.1405940594059406,0.4547854785478548
0.2529335071707953,0.14015645371577576,0.14146023468057367,0.4654498044328553
0.25351213282247764,0.14431673052362706,0.14623243933588762,0.4559386973180077
0.26135615536537193,0.15009874917709018,0.14154048716260698,0.4470046082949309
0.26804123711340205,0.15399484536082475,0.14175257731958762,0.43621134020618557
0.2714468629961588,0.1613316261203585,0.14148527528809218,0.42573623559539053
0.2740693196405648,0.1527599486521181,0.1495507060333761,0.42362002567394097
0.26312419974391804,0.1587708066581306,0.13700384122919335,0.441101152368758
0.2635264162953533,0.14385741565881605,0.13303628262253342,0.45957988542329725
0.2664941785252264,0.1461836998706339,0.12354463130659767,0.46377749029754206
0.28183581124757595,0.13574660633484162,0.11506140917905623,0.4673561732385262
0.2929358392741413,0.13480233311730394,0.10758263123784835,0.4646791963707064
0.2960609911054638,0.12579415501905972,0.11626429479034307,0.4618805590851334
0.29517684887459805,0.12861736334405144,0.1112540192926045,0.464951768488746
0.28148614609571787,0.13664987405541562,0.11964735516372796,0.4622166246851385
0.28380102040816324,0.13201530612244897,0.1211734693877551,0.4630102040816326
0.30498721227621484,0.12148337595907928,0.12404092071611253,0.44948849104859334
0.2994858611825193,0.12596401028277635,0.13046272493573266,0.4440874035989717
0.2879276952872821,0.1265332472562944,0.13621691413815365,0.44932214331826986
0.28938906752411575,0.13633440514469453,0.13054662379421222,0.4437299035369775
0.28425748884639895,0.13193116634799235,0.1268323773103888,0.4569789674952199
0.2742453436095055,0.12973667308927425,0.1329479768786127,0.4630700064226076
0.28030788967286724,0.13983322642719692,0.13277742142398974,0.4470814624759461
0.2865421764327109,0.13329040566645203,0.13457823567289118,0.4455891822279459
0.2875564152159897,0.12250161186331399,0.13281753707285623,0.4571244358478401
0.2688588007736944,0.12508059316569956,0.13281753707285623,0.4732430689877498
0.2698412698412698,0.12380952380952381,0.12634920634920635,0.48
0.27030539311241064,0.12280701754385964,0.1286549707602339,0.47823261858349575
0.2820846905537459,0.12182410423452769,0.1250814332247557,0.4710097719869707
0.2878205128205128,0.11538461538461539,0.13333333333333333,0.4634615384615385
0.28562259306803595,0.11745827984595636,0.13286264441591783,0.46405648267008986
0.2891644908616188,0.11161879895561358,0.13577023498694518,0.46344647519582244
0.28783000643915,0.1184803605924018,0.14166130070830651,0.45202833226014166
0.2934851359898798,0.11827956989247312,0.13851992409867173,0.4497153700189753
0.291163382072473,0.11951684678957407,0.13350286077558804,0.45581691036236494
0.28635778635778636,0.10682110682110682,0.1364221364221364,0.4703989703989704
0.2825947334617855,0.11303789338471419,0.14964675658317278,0.45472061657032753
0.2808041504539559,0.11413748378728923,0.14202334630350194,0.46303501945525294
0.2850678733031674,0.10601163542340013,0.15061409179056237,0.45830639948287005
0.2702182284980745,0.10975609756097561,0.15019255455712452,0.46983311938382544
0.2678454485920105,0.10936476751800916,0.14865749836280287,0.47413228552717746
0.25954692556634307,0.11326860841423948,0.1533980582524272,0.47378640776699027
0.2663671373555841,0.12387676508344031,0.14826700898587933,0.4614890885750963
0.2839821314613912,0.12571793235481812,0.13209955328653478,0.4582003828972559
0.2770137524557957,0.12442698100851342,0.13555992141453832,0.4629993451211526
0.2744215938303342,0.12339331619537275,0.12853470437017994,0.4736503856041131
0.28692257644762525,0.11646063760572543,0.12947299934938192,0.4671437865972674
0.2884739214423696,0.12169993560849968,0.13264649066323245,0.45717965228589824
0.28664072632944226,0.1245136186770428,0.1297016861219196,0.4591439688715953
0.287732819524727,0.12395632626846499,0.12973667308927425,0.45857418111753373
0.30700064226075785,0.12074502247912652,0.1361592806679512,0.4360950545921644
0.30904522613065327,0.12248743718592965,0.12688442211055276,0.4415829145728643
0.3042091836734694,0.12755102040816327,0.12627551020408162,0.4419642857142857
0.30165816326530615,0.12372448979591837,0.13073979591836735,0.44387755102040816
0.2940051020408163,0.12372448979591837,0.1288265306122449,0.4534438775510204
0.3040671400903809,0.12330535829567463,0.12007746933505488,0.4525500322788896
0.2974025974025974,0.1292207792207792,0.11688311688311688,0.4564935064935065
0.29935897435897435,0.1371794871794872,0.11474358974358974,0.44871794871794873
0.28729641693811075,0.14136807817589578,0.11661237785016286,0.4547231270358306
0.29069767441860467,0.13501291989664083,0.12403100775193798,0.4502583979328165
0.28183581124757595,0.15126050420168066,0.12346477052359406,0.4434389140271493
0.2696046662346079,0.14193130265716136,0.12767336357744652,0.4607906675307842
0.27482383087764256,0.14798206278026907,0.1313260730301089,0.4458680333119795
0.2659368963296845,0.15904700579523504,0.13264649066323245,0.44236960721184804
0.28010302640051515,0.15325177076625884,0.128783000643915,0.437862202189311
0.2996742671009772,0.1511400651465798,0.1257328990228013,0.4234527687296417
0.29296875,0.16080729166666666,0.126953125,0.4192708333333333
0.29212043561819345,0.17168481742472774,0.11915438821268418,0.4170403587443946
0.30332681017612523,0.15133724722765818,0.11285061969993476,0.4324853228962818
0.2871994801819363,0.16439246263807666,0.11695906432748537,0.4314489928525016
0.2920410783055199,0.17329910141206675,0.11810012836970475,0.4165596919127086
0.2979830839297333,0.16981132075471697,0.1236174365647365,0.4085881587508133
0.283043197936815,0.1773049645390071,0.12508059316569956,0.4145712443584784
0.29513444302176695,0.17413572343149808,0.1203585147247119,0.41037131882202305
0.2966751918158568,0.16687979539641945,0.1272378516624041,0.4092071611253197
0.3001269035532995,0.157994923857868,0.12944162436548223,0.41243654822335024
0.29539641943734013,0.16176470588235295,0.12340153452685422,0.4194373401534527
0.2847088931541907,0.16826615483045426,0.12923864363403711,0.417786308381318
0.289864428663654,0.17430600387346676,0.13040671400903808,0.4054228534538412
0.28701891715590344,0.17221135029354206,0.13894324853228962,0.4018264840182648
0.279191128506197,0.1669928245270711,0.13372472276581865,0.4200913242009132
0.2689295039164491,0.16514360313315926,0.13120104438642297,0.4347258485639687
0.27108821635544106,0.16741790083708952,0.13779781068898905,0.42369607211848037
0.2720257234726688,0.16527331189710612,0.13890675241157557,0.4237942122186495
0.269355888093689,0.16851008458035133,0.13858165256994145,0.4235523747560182
0.2680878552971576,0.17183462532299743,0.14147286821705427,0.4186046511627907
0.2695035460992908,0.16892327530625403,0.13862024500322373,0.4229529335912315
0.27191298784388995,0.17402431222008957,0.13883557261676263,0.4152271273192578
0.2781289506953224,0.16434892541087232,0.14412136536030343,0.4134007585335019
0.27064803049555275,0.17789072426937738,0.14930114358322744,0.40216010165184246
0.27583979328165376,0.1821705426356589,0.14534883720930233,0.39664082687338503
0.2897800776196636,0.17529107373868047,0.1539456662354463,0.3809831824062096
0.2909441233140655,0.17469492614001284,0.1567116249197174,0.37764932562620424
0.2929936305732484,0.17388535031847133,0.1535031847133758,0.3796178343949045
0.3005743458838545,0.17677089980855137,0.1537970644543714,0.3688576898532227
0.31432274789371356,0.1795204147764096,0.13674659753726506,0.3694102397926118
0.3173884938590821,0.1790562378797673,0.14027149321266968,0.3632837750484809
0.30187459599224303,0.16612798965740141,0.15384615384615385,0.37815126050420167
0.3,0.1685897435897436,0.14807692307692308,0.38333333333333336
0.2948308870453095,0.15698787492022973,0.1499680918953414,0.39821314613911934
0.2950391644908616,0.15535248041775457,0.1422976501305483,0.4073107049608355
0.3071564281190627,0.15452818239392022,0.14376187460417986,0.39455351488283724
0.3052899936265137,0.15997450605481198,0.14276609305289995,0.3919694072657744
0.2980089916506101,0.15542710340398203,0.1329479768786127,0.41361592806679515
0.2874519846350832,0.15620998719590268,0.1440460947503201,0.41229193341869397
0.27550357374918777,0.15334632878492527,0.1442495126705653,0.4269005847953216
0.28543435662965383,0.15480078380143697,0.14826910516002612,0.4114957544088831
0.29460847240051347,0.15083440308087293,0.1521181001283697,0.4024390243902439
0.2883513685550605,0.15977084659452578,0.14385741565881605,0.40802036919159773
0.29381771829190567,0.16252390057361377,0.1408540471637986,0.40280433397068194
0.2804642166344294,0.16698903932946485,0.1347517730496454,0.41779497098646035
0.27539936102236423,0.17763578274760383,0.1329073482428115,0.41405750798722046
0.2751592356687898,0.18089171974522292,0.1356687898089172,0.4082802547770701
0.2750809061488673,0.1818770226537217,0.143042071197411,0.4
0.25601039636127354,0.19168291098115658,0.13775178687459388,0.41455490578297594
0.2555847568988173,0.18331143232588698,0.13797634691195795,0.4231274638633377
0.2516170763260026,0.18240620957309184,0.1351875808538163,0.4307891332470893
0.2576647097195042,0.19373776908023482,0.12654924983692106,0.42204827136333983
0.25047558655675334,0.2010145846544071,0.12682308180088775,0.42168674698795183
