C,D,Oc,Od
0.0,0.0,1.0,0.0
0.0,0.0,1.0,0.0
0.0,0.0,0.8333333333333334,0.16666666666666666
0.0,0.07692307692307693,0.7692307692307693,0.15384615384615385
0.0,0.08695652173913043,0.7391304347826086,0.17391304347826086
0.0,0.10666666666666667,0.6933333333333334,0.2
0.02608695652173913,0.11304347826086956,0.6695652173913044,0.19130434782608696
0.04819277108433735,0.12650602409638553,0.6265060240963856,0.19879518072289157
0.05907172995780591,0.15611814345991562,0.5991561181434599,0.18565400843881857
0.07536231884057971,0.1681159420289855,0.553623188405797,0.2028985507246377
0.09565217391304348,0.1673913043478261,0.5478260869565217,0.1891304347826087
0.12248322147651007,0.18624161073825504,0.5251677852348994,0.16610738255033558
0.13096862210095497,0.18417462482946795,0.514324693042292,0.17053206002728513
0.14205186020293123,0.17700112739571588,0.5095828635851184,0.1713641488162345
0.14995313964386128,0.17994376757263356,0.5032802249297095,0.1668228678537957
0.1610305958132045,0.18840579710144928,0.49033816425120774,0.16022544283413848
0.16326530612244897,0.18296973961998592,0.4904996481351161,0.16326530612244897
0.15984896161107615,0.19005663939584644,0.4852108244178729,0.16488357457520453
0.1695108077360637,0.18486916951080773,0.48236632536973834,0.1632536973833902
0.16728232189973616,0.19630606860158312,0.47440633245382585,0.16200527704485487
0.16922315685304304,0.19940623453735776,0.46956952003958435,0.16180108857001485
0.17133364973896537,0.20882771713336498,0.4636924537256763,0.15614617940199335
0.17833800186741364,0.2119514472455649,0.4505135387488329,0.1591970121381886
0.1763382816014395,0.20737741790373368,0.4579397210976158,0.15834457939721097
0.1769095697980685,0.2115891132572432,0.4499561018437226,0.16154521510096576
0.17823971693940735,0.2118531623175586,0.4449358690844759,0.16497125165855817
0.1775618374558304,0.21333922261484098,0.44434628975265017,0.16475265017667845
0.17761128250330543,0.22036139268400176,0.4363155575143235,0.16571176729836934
0.183691363437089,0.21394125383603682,0.4340201665935993,0.16834721613327489
0.18021201413427562,0.21952296819787986,0.43418727915194344,0.16607773851590105
0.18609766827980642,0.21557413110426749,0.43642762868455787,0.16190057193136823
0.18374558303886926,0.21643109540636044,0.4416961130742049,0.15812720848056538
0.18796662274923145,0.22002635046113306,0.4295125164690382,0.16249451032059728
0.1857394366197183,0.21566901408450703,0.4339788732394366,0.16461267605633803
0.1882404563405002,0.21456779289161912,0.43440105309346205,0.16279069767441862
0.18760984182776802,0.21221441124780316,0.4389279437609842,0.16124780316344464
0.18887908208296558,0.2144748455428067,0.43424536628420124,0.1624007060900265
0.18154114061819765,0.2194166303874619,0.43752720940356987,0.16151501959077058
0.19047619047619047,0.21712538226299694,0.4338138925294889,0.15858453473132372
0.19247594050743658,0.21478565179352582,0.4339457567804024,0.15879265091863518
0.18890356671070013,0.22104799647732276,0.4284456186701893,0.16160281814178776
0.19245944761069705,0.21832529592284086,0.42832091188075405,0.16089434458570803
0.19726992514310876,0.22060766182298547,0.42668428005284015,0.1554381329810656
0.19548872180451127,0.2184873949579832,0.4281291463954003,0.15789473684210525
0.2016695957820738,0.20650263620386644,0.4270650263620387,0.1647627416520211
0.20277898393399912,0.20885801128962223,0.4233608336951802,0.16500217108119844
0.20536499560246263,0.21459982409850484,0.41908531222515394,0.16094986807387862
0.20361392684001764,0.20713970912296165,0.42133098281181136,0.16791538122520935
0.20238095238095238,0.2072310405643739,0.42239858906525574,0.167989417989418
0.2095782073813708,0.20826010544815465,0.4103690685413005,0.171792618629174
0.21013215859030837,0.20837004405286344,0.40925110132158593,0.17224669603524229
0.21322889469103568,0.20887728459530025,0.402088772845953,0.17580504786771106
0.21164021164021163,0.21119929453262787,0.4007936507936508,0.1763668430335097
0.21186813186813186,0.2153846153846154,0.3991208791208791,0.17362637362637362
0.21048034934497817,0.21484716157205241,0.40305676855895195,0.17161572052401747
0.20755536257056015,0.21580547112462006,0.40208423795049936,0.17455492835432046
0.2060632688927944,0.2095782073813708,0.4108084358523726,0.1735500878734622
0.20443458980044346,0.2133037694013304,0.40487804878048783,0.17738359201773837
0.20280948200175591,0.20763827919227393,0.4086918349429324,0.18086040386303776
0.19527145359019266,0.2075306479859895,0.4172504378283713,0.17994746059544658
0.19868995633187772,0.20655021834061135,0.4104803493449782,0.18427947598253275
0.20409982174688057,0.2103386809269162,0.4028520499108734,0.18270944741532977
0.19982433025911286,0.21124286341677645,0.40667545015371104,0.18225735617039965
0.20269682470639408,0.20965637233579817,0.4040887342322749,0.18355806872553285
0.19973368841544606,0.21171770972037285,0.4047936085219707,0.18375499334221038
0.1976127320954907,0.21131741821396993,0.40804597701149425,0.1830238726790451
0.1942350332594235,0.2133037694013304,0.40443458980044344,0.18802660753880265
0.19648351648351647,0.21494505494505495,0.4013186813186813,0.18725274725274726
0.19168490153172865,0.21269146608315098,0.40831509846827135,0.187308533916849
0.1909965034965035,0.21634615384615385,0.40777972027972026,0.18487762237762237
0.19168490153172865,0.2188183807439825,0.4,0.18949671772428883
0.1901813356921716,0.21008403361344538,0.40601503759398494,0.19371959310039805
0.19184758529020823,0.21355782011519717,0.40894993354009745,0.18564466105449712
0.19161147902869757,0.2141280353200883,0.40971302428256073,0.1845474613686534
0.1915929203539823,0.21238938053097345,0.4066371681415929,0.18938053097345134
0.19299781181619255,0.22056892778993437,0.4013129102844639,0.1851203501094092
0.19612163948876157,0.21815777875716175,0.39797267518730717,0.1877479065667695
0.19737991266375546,0.2200873362445415,0.3925764192139738,0.18995633187772926
0.19432120674356698,0.2191659272404614,0.39174800354924577,0.1947648624667258
0.19091710758377425,0.2173721340388007,0.39814814814814814,0.1935626102292769
0.18568920105355574,0.2177348551360843,0.40079016681299384,0.1957857769973661
0.18703460359176521,0.2146298729741568,0.4021024967148489,0.1962330267192291
0.19072615923009623,0.21653543307086615,0.39413823272090986,0.19860017497812774
0.19049714034315882,0.21513418389793224,0.39243290805103387,0.20193576770787505
0.18747262374069207,0.21331581252737625,0.395970214629873,0.20324134910205868
0.19148936170212766,0.20972644376899696,0.39209726443769,0.2066869300911854
0.1956043956043956,0.2087912087912088,0.39076923076923076,0.20483516483516484
0.19544259421560034,0.2046450482033304,0.3908851884312007,0.20902716914986855
0.19333625602805787,0.20298114861902675,0.38667251205611575,0.21701008329679966
0.1891772987241531,0.20281566212054553,0.3928728552573691,0.21513418389793224
0.19699646643109542,0.20053003533568906,0.3878091872791519,0.2146643109540636
0.19139596136962247,0.2019315188762072,0.3915715539947322,0.2151009657594381
0.1985002205558006,0.20776356418173797,0.38244375827084254,0.2112924569916189
0.19649122807017544,0.21140350877192982,0.387719298245614,0.2043859649122807
0.19402985074626866,0.20763827919227393,0.3854258121158911,0.21290605794556627
0.19292885202968135,0.2125709297250109,0.3841117415975557,0.21038847664775207
0.19426048565121412,0.2194260485651214,0.37571743929359824,0.21059602649006623
0.1899174272055628,0.2194697957409822,0.379400260756193,0.21121251629726207
0.19097678493210687,0.21769601401664476,0.37757336837494526,0.2137538326763031
0.18375499334221038,0.2166000887705282,0.3857079449622725,0.2139369729249889
0.1858603823921743,0.2169853268119164,0.3841707425522454,0.21298354824366386
0.18481123792800702,0.21641791044776118,0.3867427568042142,0.21202809482001755
0.18675496688741722,0.21766004415011037,0.38498896247240616,0.21059602649006623
0.19181698196216454,0.21601407831060274,0.3801143862736472,0.21205455345358556
0.19164835164835164,0.21318681318681318,0.381978021978022,0.21318681318681318
0.18957136544410075,0.22182942996022978,0.37649138311975255,0.21210782147591692
0.18635170603674542,0.22484689413823272,0.36964129483814523,0.21916010498687663
0.18648530057042562,0.22202720491443614,0.37121544537077666,0.22027204914436158
0.18521777386713595,0.22261328640563133,0.37131544214694234,0.22085349758029035
0.18997361477572558,0.22207563764291996,0.36807387862796836,0.2198768689533861
0.1924262439453985,0.2188463232056363,0.36767943637164247,0.22104799647732276
0.1917808219178082,0.2129916040653999,0.3672116659301812,0.22801590808661068
0.1939902783915157,0.21608484312859036,0.3636765355722492,0.22624834290764473
0.1915929203539823,0.21548672566371682,0.36238938053097347,0.23053097345132742
0.19734513274336282,0.21415929203539824,0.3561946902654867,0.2323008849557522
0.19588080631025417,0.20683610867659946,0.3624014022787029,0.23488168273444346
0.19222271321254972,0.2072470172337605,0.3623508616880248,0.23817940786566505
0.19313682358117026,0.20985481742190937,0.3647162340519138,0.2322921249450066
0.19131197893813076,0.2079859587538394,0.3716542343132953,0.22904782799473453
0.19133893062306673,0.20989836500220946,0.3698630136986301,0.22889969067609367
0.1873071837814015,0.21595416483032173,0.36800352578228296,0.22873512560599382
0.19261213720316622,0.2198768689533861,0.36323658751099386,0.22427440633245382
0.19832155477031801,0.22393992932862192,0.3551236749116608,0.2226148409893993
0.19964896884598507,0.22465993856954805,0.34839842035980695,0.22729267222465993
0.203330411919369,0.22217353198948292,0.3488168273444347,0.22567922874671342
0.20987654320987653,0.22178130511463845,0.3474426807760141,0.2208994708994709
0.21103327495621715,0.22066549912434325,0.3471978984238179,0.22110332749562173
0.2151009657594381,0.22168568920105355,0.34460052677787534,0.218612818261633
0.2185576077396658,0.22207563764291996,0.3434476693051891,0.21591908531222515
0.2244541484716157,0.2170305676855895,0.34279475982532753,0.21572052401746725
0.22090469916556874,0.2235397452788757,0.3386034255599473,0.21695212999560826
0.2260907888937858,0.2234464521815778,0.33935654473336274,0.21110621419127368
0.22831858407079647,0.22743362831858407,0.3349557522123894,0.20929203539823008
0.22599118942731278,0.22422907488986785,0.3343612334801762,0.21541850220264316
0.2234464521815778,0.2247686205376818,0.3371529308065227,0.2146319964742177
0.2233435717419921,0.21632294866169371,0.33874506362439666,0.2215884159719175
0.22054915854738708,0.2183348095659876,0.3383525243578388,0.22276350752878654
0.21769601401664476,0.21944809461235218,0.3363994743758213,0.2264564169951818
0.21533660276415514,0.21801159161836825,0.33704859563085154,0.22960320998662506
0.2208994708994709,0.2239858906525573,0.3342151675485009,0.2208994708994709
0.22029372496662217,0.22830440587449932,0.33066310636404095,0.22073876279483756
0.22522915757311218,0.233085988651244,0.3256219991270188,0.21606285464862504
0.2225623087013555,0.2374289462177525,0.3226934849147355,0.21731526016615654
0.22105723023154217,0.2398427260812582,0.32459589340323286,0.2145041502839668
0.22540802823114248,0.23952359947066607,0.3145125716806352,0.22055580061755625
0.2254945054945055,0.23604395604395603,0.31868131868131866,0.21978021978021978
0.23002633889376647,0.23617208077260754,0.31387181738366987,0.21992976294995611
0.2295873573309921,0.23529411764705882,0.3147497805092186,0.22036874451273047
0.22387407083515523,0.23917796239615216,0.3095758635767381,0.22737210319195453
0.22514235654840123,0.2360928602715725,0.3114323258869908,0.22733245729303547
0.21984265734265734,0.2416958041958042,0.30856643356643354,0.2298951048951049
0.22436459246275198,0.24408413672217352,0.3063102541630149,0.2252410166520596
0.2252410166520596,0.24233128834355827,0.310692375109553,0.22173531989482909
0.22197705207413945,0.24536628420123566,0.3067078552515446,0.22594880847308033
0.2227613586237318,0.24525805028672254,0.3074547860608734,0.22452580502867225
0.22099202834366696,0.24844995571302037,0.3095659875996457,0.22099202834366696
0.22329670329670329,0.2549450549450549,0.30813186813186816,0.21362637362637363
0.22187776793622674,0.2537643932683791,0.30823737821080605,0.21612046058458814
0.2198952879581152,0.25087260034904013,0.3089005235602094,0.22033158813263526
0.22389380530973452,0.24955752212389382,0.3163716814159292,0.21017699115044247
0.22241604884430877,0.24814653292629743,0.30963802878325336,0.21979938944614041
0.22547714158899246,0.2458943630714603,0.3093652907234798,0.21926320461606746
0.22902796271637815,0.2472259209942299,0.3031513537505548,0.2205947625388371
0.23107394366197184,0.24647887323943662,0.3076584507042254,0.2147887323943662
0.22955145118733508,0.24934036939313983,0.30606860158311344,0.21503957783641162
0.2275711159737418,0.24113785557986872,0.31553610503282276,0.21575492341356675
0.22707423580786026,0.23973799126637554,0.31877729257641924,0.21441048034934498
0.23426573426573427,0.23339160839160839,0.3168706293706294,0.21547202797202797
0.2379903040987219,0.23358307624504188,0.31599823710885855,0.2124283825473777
0.23931247245482593,0.23182018510356986,0.3142353459673865,0.2146319964742177
0.23161120840630472,0.2434325744308231,0.3073555166374781,0.21760070052539404
0.2315098468271335,0.24507658643326038,0.3063457330415755,0.21706783369803062
0.23503713411970292,0.24945391000436873,0.2983835736129314,0.21712538226299694
0.23336252189141857,0.24737302977232925,0.30078809106830123,0.21847635726795098
0.23364075537988582,0.24286341677646026,0.30610452349582784,0.21739130434782608
0.2371766768960982,0.24199912319158265,0.3051293292415607,0.21569487067075843
0.23218189768255357,0.24486226497595104,0.30520332313073895,0.21775251421075645
0.24028268551236748,0.24690812720848057,0.2950530035335689,0.21775618374558303
0.23550087873462214,0.2504393673110721,0.30008787346221444,0.2139718804920914
0.2343612334801762,0.25198237885462554,0.30352422907488985,0.21013215859030837
0.24035087719298245,0.24517543859649124,0.3017543859649123,0.21271929824561403
0.24332603938730854,0.24726477024070023,0.30196936542669583,0.2074398249452954
0.24658138509042787,0.2434936038817821,0.2995147772386414,0.21041023378914867
0.2463768115942029,0.2463768115942029,0.29995608256477824,0.207290294246816
0.23868131868131867,0.2479120879120879,0.3010989010989011,0.2123076923076923
0.23314235345967388,0.250771264874394,0.30409872190392245,0.2119876597620097
0.23665791776027997,0.24715660542432197,0.30402449693788275,0.2121609798775153
0.23978919631093545,0.24418093983311376,0.3069828722002635,0.2090469916556873
0.2420824295010846,0.24121475054229935,0.2997830802603037,0.21691973969631237
0.24305249228054698,0.2364358182620203,0.30524922805469784,0.2152624614027349
0.2382847038019452,0.23430592396109637,0.30548187444739167,0.22192749778956675
0.23560673162090345,0.23649247121346323,0.3073516386182462,0.22054915854738708
0.2393048128342246,0.2339572192513369,0.3088235294117647,0.2179144385026738
0.2357866901718819,0.24239753195240193,0.30674305861613044,0.2150727192595857
0.23209549071618038,0.242263483642794,0.30857648099027407,0.21706454465075153
0.23331879633667685,0.23855211513301353,0.30658525948539034,0.22154382904491932
0.2335249889429456,0.2419283502874834,0.30782839451570104,0.21671826625386997
0.24369747899159663,0.24546660769570985,0.2994250331711632,0.21141088014153028
0.2421978021978022,0.24879120879120878,0.30153846153846153,0.20747252747252748
0.24603174603174602,0.24074074074074073,0.2985008818342152,0.21472663139329806
0.24559082892416226,0.24735449735449735,0.28835978835978837,0.21869488536155202
0.24476439790575916,0.24650959860383945,0.2931937172774869,0.21553228621291448
0.24091108190976784,0.2474813841436706,0.29697766097240474,0.2146298729741568
0.23397717295873574,0.24802458296751537,0.2993854258121159,0.218612818261633
0.24498692240627726,0.24629468177855274,0.29642545771578027,0.2122929380993897
0.242756804214223,0.24802458296751537,0.30465320456540823,0.20456540825285338
0.24418093983311376,0.2503293807641634,0.3012736056214317,0.20421607378129117
0.2421602787456446,0.2508710801393728,0.29921602787456447,0.2077526132404181
0.24012291483757683,0.25548726953467954,0.30026338893766463,0.20412642669007902
0.24139452780229478,0.25419240953221534,0.29346866725507503,0.21094439541041482
0.2411504424778761,0.25265486725663716,0.3008849557522124,0.20530973451327433
0.24587973273942093,0.2534521158129176,0.2984409799554566,0.2022271714922049
0.2398230088495575,0.25486725663716814,0.2982300884955752,0.20707964601769913
0.23485513608428446,0.26119402985074625,0.30245829675153646,0.20149253731343283
0.23137254901960785,0.26100217864923747,0.3045751633986928,0.20305010893246186
0.23246581385090428,0.2567269519188355,0.30877812086457873,0.20202911336568152
0.23607427055702918,0.2603890362511052,0.3006189213085765,0.20291777188328913
0.24033391915641475,0.2570298769771529,0.30140597539543057,0.20123022847100175
0.23532008830022075,0.25695364238410595,0.30419426048565124,0.20353200883002207
0.2296756996890271,0.26254997778764994,0.3065304309195913,0.20124389160373168
0.2328767123287671,0.25673884224480775,0.308882015024304,0.20150243040212107
0.23846823324630112,0.2545691906005222,0.30809399477806787,0.1988685813751088
0.2401766004415011,0.24812362030905077,0.31346578366445915,0.19823399558498897
0.24542614904060686,0.250780901383311,0.3061133422579206,0.19767960731816153
0.24445430346051464,0.2528837622005324,0.30434782608695654,0.19831410825199644
0.2473404255319149,0.25,0.29565602836879434,0.20700354609929078
0.24551422319474836,0.24463894967177244,0.3037199124726477,0.20612691466083152
0.24658138509042787,0.24702249669166298,0.30083811204234673,0.2055580061755624
0.25021758050478676,0.24934725848563968,0.3050478677110531,0.19538729329852045
0.25177619893428066,0.24600355239786856,0.30595026642984013,0.19626998223801065
0.25655594405594406,0.24344405594405594,0.3006993006993007,0.1993006993006993
0.25196850393700787,0.24803149606299213,0.2992125984251969,0.20078740157480315
0.25833333333333336,0.2469298245614035,0.2942982456140351,0.20043859649122808
0.2611380679311866,0.2439347154830172,0.2959858844287605,0.19894133215703572
0.26441881100266196,0.2466725820763088,0.2914818101153505,0.1974267968056788
0.2631812140008861,0.24457244129375277,0.2906513070447497,0.20159503766061143
0.2682819383259912,0.24493392070484582,0.28590308370044054,0.20088105726872246
0.2676118741692512,0.2419140451927337,0.29153743907842267,0.19893664155959237
0.27028218694885364,0.24074074074074073,0.2892416225749559,0.19973544973544974
0.27074235807860264,0.24497816593886462,0.2868995633187773,0.19737991266375546
0.26730937773882557,0.25197195442594217,0.2822085889570552,0.19851007887817704
0.25862822193097423,0.2512013979903888,0.2887723896898209,0.2013979903888161
0.25233229675699687,0.25721901377165707,0.28653931585961795,0.20390937361172812
0.2600087989441267,0.24945006599208094,0.2820061592608887,0.20853497580290364
0.25713032031592803,0.2580078982009653,0.2781921895568232,0.20666959192628345
0.2602558447287164,0.25275694750771943,0.2831936479929422,0.20379355977062197
0.2580071174377224,0.2571174377224199,0.2842526690391459,0.20062277580071175
0.25591586327782645,0.2541630148992112,0.28352322524101664,0.20639789658194566
0.2574823943661972,0.24911971830985916,0.28036971830985913,0.2130281690140845
0.2566798072711345,0.24967148488830487,0.278580814717477,0.21506789312308366
0.2553097345132743,0.2553097345132743,0.2774336283185841,0.21194690265486726
0.2540659340659341,0.25362637362637364,0.2804395604395604,0.21186813186813186
0.2537248028045574,0.24978089395267308,0.28352322524101664,0.21297107800175286
0.2579225352112676,0.2522007042253521,0.28433098591549294,0.2055457746478873
0.2547294324681038,0.2556093268807743,0.2842058952925649,0.20545534535855697
0.25252525252525254,0.25559947299077734,0.28809837505489677,0.20377689942907334
0.25596816976127323,0.2595048629531388,0.28293545534924847,0.20159151193633953
0.2534965034965035,0.26092657342657344,0.28321678321678323,0.20236013986013987
0.249667994687915,0.2633908809207614,0.281983178397521,0.20495794599380257
0.24481693868548743,0.26246140273489194,0.290251433612704,0.20247022496691663
0.23969871510855117,0.26495347806823216,0.2910943730615862,0.2042534337616305
0.24703296703296704,0.2672527472527473,0.28307692307692306,0.20263736263736265
0.2522163120567376,0.25620567375886527,0.2872340425531915,0.20434397163120568
0.24646017699115044,0.2610619469026549,0.2853982300884956,0.20707964601769913
0.24735915492957747,0.2623239436619718,0.28433098591549294,0.20598591549295775
0.25021987686895336,0.2616534740545295,0.2832014072119613,0.20492524186455585
0.24944812362030905,0.26799116997792494,0.2768211920529801,0.20573951434878587
0.254259501965924,0.2669287898645697,0.27304499781564,0.20576671035386632
0.25121627598407786,0.2649270234409553,0.2750995134896064,0.20875718708536045
0.24624226348364278,0.27099911582670205,0.27674624226348365,0.20601237842617154
0.2531868131868132,0.2703296703296703,0.2756043956043956,0.20087912087912088
0.2501110617503332,0.2763216348289649,0.27276765881830295,0.20079964460239894
0.2482456140350877,0.2802631578947368,0.2736842105263158,0.19780701754385965
0.2517574692442882,0.2781195079086116,0.2741652021089631,0.19595782073813708
0.2512184315463004,0.2769162605228179,0.26938413823659724,0.20248116969428445
0.2403718459495352,0.283311199645861,0.2695883134130146,0.2067286409915892
0.2475512021371327,0.2773820124666073,0.26625111308993765,0.20881567230632236
0.2445916114790287,0.27770419426048565,0.26490066225165565,0.21280353200883
0.23945518453427064,0.2759226713532513,0.26537785588752194,0.21924428822495606
0.2401402278702892,0.2773882559158633,0.2677475898334794,0.2147239263803681
0.24529128339903636,0.26850635129215944,0.26938239159001315,0.21681997371879105
0.240473061760841,0.27025843188786686,0.2715724923346474,0.21769601401664476
0.23864137626819584,0.2827525363917071,0.2646669607410675,0.21393912659902956
0.2381584772023019,0.28995130588756085,0.2589641434262948,0.2129260734838424
0.24118165784832452,0.2879188712522046,0.25925925925925924,0.21164021164021163
0.24517543859649124,0.2881578947368421,0.25921052631578945,0.2074561403508772
0.24073266463148713,0.2839075447012647,0.26341037941561274,0.2119494112516354
0.2374289462177525,0.2881504153913424,0.2575426322693485,0.21687800612155664
0.23544857768052516,0.28665207877461707,0.2564551422319475,0.2214442013129103
0.23666813574261789,0.2860290877038343,0.25826355222565006,0.21903922432789774
0.23584070796460177,0.2853982300884956,0.2646017699115044,0.21415929203539824
0.2420353982300885,0.27831858407079646,0.2646017699115044,0.2150442477876106
0.24344405594405594,0.2762237762237762,0.2666083916083916,0.21372377622377622
0.24250440917107582,0.27998236331569665,0.26675485008818345,0.21075837742504408
0.24396665204036858,0.2773146116717859,0.2663448881088197,0.21237384817902588
0.2437636761487965,0.2844638949671772,0.263019693654267,0.2087527352297593
0.2489063867016623,0.2751531058617673,0.2655293088363955,0.210411198600175
0.24481693868548743,0.2695191883546537,0.27040141155712394,0.2152624614027349
0.2513134851138354,0.2670753064798599,0.2692644483362522,0.21234676007005254
0.2474546259406817,0.2695883134130146,0.2731297034085879,0.2098273572377158
0.24889086069210292,0.26308784383318545,0.271960958296362,0.2160603371783496
0.2540587977182975,0.2544975866608161,0.27994734532689775,0.2114962702939886
0.24977817213842057,0.2506654835847382,0.2852706299911269,0.21428571428571427
0.25010969723562965,0.2479157525230364,0.2856516015796402,0.21632294866169371
0.25719344842850816,0.23992917220008853,0.28463922089420096,0.2182381584772023
0.2571554381329811,0.24174372523117568,0.2813738441215324,0.21972699251431088
0.2589010989010989,0.250989010989011,0.27516483516483514,0.21494505494505495
0.2575221238938053,0.25309734513274335,0.268141592920354,0.22123893805309736
0.2619669277632724,0.25021758050478676,0.26849434290687557,0.2193211488250653
0.26362038664323373,0.2504393673110721,0.265817223198594,0.22012302284710017
0.2646544181977253,0.24146981627296588,0.2699037620297463,0.22397200349956256
0.2661647475642161,0.24534986713906112,0.26483613817537643,0.22364924712134632
0.2701863354037267,0.2422360248447205,0.2675244010647737,0.22005323868677906
0.267817618415228,0.23860115095174855,0.2726870296591412,0.22089420097388224
0.2708150744960561,0.2388255915863278,0.26818580192813324,0.22217353198948292
0.26810004387889425,0.23913997367266346,0.27292672224659936,0.2198332602018429
0.2602921646746348,0.23638778220451528,0.27622841965471445,0.22709163346613545
0.27161035541904344,0.23475208424747696,0.26590609916630104,0.2277314611671786
0.27212094264117387,0.22765673632725655,0.27078701645175635,0.22943530457981326
0.2667844522968198,0.2318904593639576,0.27208480565371024,0.22924028268551236
0.2629955947136564,0.22951541850220264,0.27224669603524226,0.23524229074889869
0.26023778071334214,0.23469837076177896,0.2655217965653897,0.23954205195948922
0.2596491228070175,0.23333333333333334,0.26403508771929823,0.24298245614035088
0.25701754385964914,0.23333333333333334,0.2614035087719298,0.2482456140350877
0.2558139534883721,0.23255813953488372,0.26327336551118913,0.24835454146555508
0.2677234698370762,0.22236900044033464,0.2628797886393659,0.24702774108322326
0.2705061082024433,0.22294938917975568,0.26090750436300175,0.2456369982547993
0.26860413914575076,0.2188463232056363,0.26816380449141347,0.24438573315719947
0.27296703296703295,0.2210989010989011,0.26285714285714284,0.24307692307692308
0.27831858407079646,0.2168141592920354,0.25265486725663716,0.252212389380531
0.2752414398595259,0.2221246707638279,0.25065847234416155,0.25197541703248466
0.2750551876379691,0.22560706401766004,0.24988962472406182,0.24944812362030905
0.2750551876379691,0.2269315673289183,0.24944812362030905,0.24856512141280354
0.27474923680767555,0.2285215874400349,0.255124291321413,0.24160488443087658
0.2695993031358885,0.23257839721254356,0.25609756097560976,0.2417247386759582
0.2655693950177936,0.23309608540925267,0.2531138790035587,0.24822064056939502
0.27292768959435626,0.2275132275132275,0.24603174603174602,0.2535273368606702
0.26982041173894,0.22864651773981604,0.24967148488830487,0.2518615856329391
0.27114210985178727,0.22231909328683522,0.24629468177855274,0.26024411508282475
0.2664282521233795,0.22261957979436744,0.24899418864550737,0.26195797943674565
0.2670157068062827,0.22164048865619546,0.25654450261780104,0.2547993019197208
0.26745718050065875,0.2160737812911726,0.2507685551163812,0.26570048309178745
0.2652613087395696,0.22002635046113306,0.24857268335529206,0.26613965744400525
0.26352530541012215,0.22425828970331588,0.2443280977312391,0.26788830715532286
0.2591436217662801,0.2256913470115968,0.25156110615521854,0.26360392506690455
0.26195699868363315,0.22378236068451074,0.24879333040807372,0.26546731022378234
0.25630810092961487,0.22709163346613545,0.2536520584329349,0.26294820717131473
0.2564326210204972,0.22634103794156127,0.25556040122110774,0.26166593981683384
0.2516469038208169,0.23100570926657882,0.25735617039964864,0.25999121651295565
0.25242290748898677,0.22555066079295155,0.25198237885462554,0.27004405286343613
0.2513157894736842,0.22982456140350876,0.25043859649122807,0.26842105263157895
0.2507726269315673,0.23487858719646798,0.24591611479028697,0.26843267108167773
0.25617283950617287,0.2345679012345679,0.24338624338624337,0.26587301587301587
0.25153374233128833,0.23707274320771254,0.24539877300613497,0.2659947414548642
0.2514235654840123,0.2352168199737188,0.24791940429259746,0.26544021024967146
0.25566918630502444,0.23388172521120498,0.24855491329479767,0.2618941751889729
0.26117440841367223,0.2361963190184049,0.24890446976336547,0.2537248028045574
0.25904677846425417,0.23389232127096204,0.2497793468667255,0.25728155339805825
0.254585152838428,0.23449781659388647,0.251528384279476,0.2593886462882096
0.2497816593886463,0.23100436681222708,0.254585152838428,0.2646288209606987
0.25663716814159293,0.2323008849557522,0.24646017699115044,0.2646017699115044
0.26285963382737576,0.22231909328683522,0.25108979947689625,0.26373147340889275
0.2688077430708315,0.2212934447866256,0.25208974923009236,0.2578090629124505
0.2640176600441501,0.21986754966887417,0.26269315673289184,0.25342163355408387
0.26443367122080214,0.21771705597179375,0.2600264433671221,0.25782282944028206
0.26570048309178745,0.21870882740447958,0.25999121651295565,0.25559947299077734
0.27144120247568526,0.22060123784261715,0.2537577365163572,0.2541998231653404
0.27224669603524226,0.2145374449339207,0.25859030837004404,0.25462555066079295
0.2644082710074791,0.21513418389793224,0.2644082710074791,0.25604927408710954
0.27049539675580886,0.21657167908811925,0.25822007891275756,0.25471284524331433
0.2652439024390244,0.218205574912892,0.25522648083623695,0.2613240418118467
0.2667829119442023,0.22013949433304272,0.25457715780296425,0.25850043591979077
0.2674008810572687,0.22378854625550662,0.25594713656387663,0.252863436123348
0.26563876651982377,0.22422907488986785,0.25682819383259914,0.2533039647577093
0.2710975076519458,0.2155662439877569,0.254919108001749,0.2584171403585483
0.27204585537918874,0.2191358024691358,0.2517636684303351,0.2570546737213404
0.2681318681318681,0.2153846153846154,0.25758241758241757,0.2589010989010989
0.2720105124835742,0.219886114761279,0.2566798072711345,0.2514235654840123
0.2730480811645346,0.22143802382002647,0.25363917071018965,0.2518747243052492
0.26982720425343376,0.2206468763845813,0.25919361984935757,0.25033229951262737
0.2752858399296394,0.22075637642919965,0.2594547053649956,0.24450307827616535
0.27557319223985893,0.22707231040564374,0.2583774250440917,0.23897707231040563
0.26891123742894624,0.23218189768255357,0.25666812418014867,0.24223874070835155
0.2708150744960561,0.2357581069237511,0.254601226993865,0.2388255915863278
0.271036315323295,0.23737821080602303,0.25907883082373784,0.2325066430469442
0.26992514310876264,0.23557904007045355,0.2523117569352708,0.242184059885513
0.27292768959435626,0.23544973544973544,0.2508818342151676,0.24074074074074073
0.27189141856392296,0.23467600700525393,0.25569176882662,0.23774080560420316
0.2706866197183099,0.24295774647887325,0.25440140845070425,0.2319542253521127
0.2748460861917326,0.23834652594547054,0.25769569041336854,0.22911169744942833
0.27486678507992895,0.24067495559502664,0.25754884547069273,0.22690941385435168
0.2761946514686541,0.2384918895221394,0.26085050416483996,0.2244629548443665
0.2798064232292125,0.2410910690717114,0.2556093268807743,0.2234931808183018
0.2788546255506608,0.24405286343612334,0.25198237885462554,0.2251101321585903
0.2741792369121562,0.243566992014197,0.2528837622005324,0.22937000887311446
0.2722100656455142,0.25164113785557984,0.25076586433260395,0.22538293216630198
0.2740871095468544,0.258688957325121,0.24637043554773427,0.22085349758029035
0.27057793345008757,0.2561295971978984,0.24387040280210157,0.22942206654991243
0.2718106093818501,0.25208241999123193,0.2494519947391495,0.22665497588776853
0.27352682497801234,0.25769569041336854,0.24494283201407213,0.22383465259454705
0.27456140350877195,0.25219298245614036,0.24649122807017543,0.2267543859649123
0.27308533916849015,0.2525164113785558,0.25557986870897154,0.2188183807439825
0.2721631205673759,0.24689716312056736,0.2575354609929078,0.22340425531914893
0.2723253757736516,0.248894783377542,0.2541998231653404,0.22458001768346597
0.27304499781564,0.24945391000436873,0.2525120139799039,0.22498907820008737
0.2751322751322751,0.24779541446208111,0.25132275132275134,0.2257495590828924
0.2701401050788091,0.2491243432574431,0.2539404553415061,0.22679509632224168
0.273576512455516,0.2411032028469751,0.25533807829181493,0.22998220640569395
0.27493380406001766,0.24051191526919682,0.26257722859664606,0.22197705207413945
0.2760575665067597,0.2398604448320977,0.2594853903183602,0.2245965983427824
0.2751766784452297,0.2398409893992933,0.2619257950530035,0.2230565371024735
0.27709251101321586,0.239647577092511,0.2621145374449339,0.2211453744493392
0.28118113706478626,0.24107536359629794,0.25914499779638606,0.21859850154252974
0.27463863337713534,0.24178712220762155,0.26544021024967146,0.21813403416557162
0.2761989342806394,0.2433392539964476,0.26465364120781526,0.21580817051509768
0.27372583479789103,0.24253075571177504,0.2618629173989455,0.2218804920913884
0.2740871095468544,0.24417069951605808,0.2608886933567972,0.22085349758029035
0.2755281690140845,0.238556338028169,0.26188380281690143,0.22403169014084506
0.28138718173836696,0.2370500438981563,0.2546093064091308,0.22695346795434593
0.2806167400881057,0.23348017621145375,0.25462555066079295,0.23127753303964757
0.28163444639718804,0.23550087873462214,0.2561511423550088,0.22671353251318102
0.2808695652173913,0.23565217391304347,0.25956521739130434,0.22391304347826088
0.2881578947368421,0.2355263157894737,0.25263157894736843,0.2236842105263158
0.290989010989011,0.22945054945054946,0.25362637362637364,0.22593406593406593
0.29030837004405285,0.2343612334801762,0.24845814977973568,0.22687224669603523
0.2889969067609368,0.2328767123287671,0.25011047282368537,0.22801590808661068
0.2857142857142857,0.23032967032967033,0.25054945054945055,0.2334065934065934
0.28515625,0.2309027777777778,0.2495659722222222,0.234375
0.27631578947368424,0.2324561403508772,0.25219298245614036,0.23903508771929824
0.2754069511658601,0.2358117025956885,0.24945006599208094,0.23933128024637043
0.275022143489814,0.23472099202834368,0.2519929140832595,0.2382639503985828
0.2784865816102068,0.23625164980202376,0.25208974923009236,0.2331720193576771
0.2736098852603707,0.23389232127096204,0.2621359223300971,0.23036187113857018
0.2720816688859299,0.23169107856191745,0.2632046160674656,0.23302263648468707
0.2740511915269197,0.235216240070609,0.26081200353045014,0.22992056487202117
0.27189141856392296,0.23336252189141857,0.260507880910683,0.23423817863397547
0.27300613496932513,0.2353198948290973,0.2598597721297108,0.2318141980718668
0.27348551360842843,0.23485513608428446,0.2603160667251975,0.23134328358208955
0.2708971553610503,0.23676148796498905,0.25864332603938733,0.2336980306345733
0.26748790145182577,0.24593048834139902,0.2547294324681038,0.23185217773867137
0.2663448881088197,0.24572180781044317,0.24703817463799913,0.24089512944273805
0.27196467991169976,0.23973509933774834,0.25342163355408387,0.23487858719646798
0.27060379021595415,0.24283825473776993,0.251211987659762,0.2353459673865139
0.27333038478549315,0.23839009287925697,0.2529854046881911,0.23529411764705882
0.2720879120879121,0.2443956043956044,0.25274725274725274,0.23076923076923078
0.2756494936151475,0.24482606781153676,0.2531924262439454,0.2263320123293703
0.27672679278486584,0.24725032996040475,0.24945006599208094,0.22657281126264847
0.2744227353463588,0.24866785079928952,0.24911190053285967,0.227797513321492
0.2841458058849363,0.24462011418533158,0.24286341677646026,0.22837066315327184
0.2846458424989001,0.24505059392872855,0.24065112186537616,0.22965244170699517
0.2841458058849363,0.24022837066315328,0.2450592885375494,0.230566534914361
0.2801047120418848,0.24520069808027922,0.2486910994764398,0.22600349040139617
0.28558989986939487,0.24379625598606877,0.2477144101001306,0.22289943404440574
0.27933450087565675,0.2478108581436077,0.2478108581436077,0.22504378283712784
0.2752659574468085,0.2402482269503546,0.250886524822695,0.23359929078014185
0.27116402116402116,0.24559082892416226,0.25396825396825395,0.2292768959435626
0.2687029659141213,0.24878264718902168,0.2549800796812749,0.22753430721558213
0.2702702702702703,0.2507753655294639,0.24988923349579087,0.22906513070447496
0.26573426573426573,0.2513111888111888,0.2526223776223776,0.23033216783216784
0.2721658579620644,0.24922805469783854,0.25584472871636527,0.2227613586237318
0.2796125055041832,0.25011008366358434,0.25011008366358434,0.22016732716864817
0.27802101576182137,0.24737302977232925,0.2561295971978984,0.21847635726795098
0.27733686067019403,0.2508818342151676,0.2508818342151676,0.2208994708994709
0.27767857142857144,0.25357142857142856,0.25044642857142857,0.21830357142857143
0.27570921985815605,0.2526595744680851,0.25443262411347517,0.21719858156028368
0.2776066871975363,0.2542894852617686,0.25208974923009236,0.21601407831060274
0.2700218818380744,0.2551422319474836,0.25470459518599564,0.2201312910284464
0.2618943692710607,0.25971191619380185,0.25403753819292885,0.22435617634220864
0.27248441674087265,0.26090828138913624,0.2466607301869991,0.21994657168299198
0.2720879120879121,0.26153846153846155,0.24615384615384617,0.22021978021978023
0.2748898678414097,0.2629955947136564,0.24052863436123348,0.22158590308370044
0.27169149868536374,0.26117440841367223,0.24145486415425066,0.22567922874671342
0.27316644707949056,0.25911286780852,0.2437417654808959,0.22397891963109354
0.2778023925564909,0.25786442179884805,0.23659725299069562,0.22773593265396544
0.2732481269281622,0.25914499779638606,0.24019391802556192,0.22741295724988983
0.2709705753184014,0.25691699604743085,0.24330259112867808,0.22880983750548967
0.27308707124010556,0.26033421284080915,0.23746701846965698,0.22911169744942833
0.26824978012313105,0.2497801231310466,0.24406332453825857,0.23790677220756376
0.2728476821192053,0.247682119205298,0.2445916114790287,0.23487858719646798
0.27016306743058616,0.25429704715733803,0.24063464081092992,0.23490524460114587
0.2676923076923077,0.25274725274725274,0.24527472527472527,0.2342857142857143
0.26063829787234044,0.2553191489361702,0.2473404255319149,0.23670212765957446
0.26531511679153813,0.255178492728074,0.24592331423534597,0.23358307624504188
0.2628318584070796,0.2557522123893805,0.24646017699115044,0.23495575221238937
0.25914499779638606,0.25782282944028206,0.249008373732922,0.23402379903040987
0.25793650793650796,0.2654320987654321,0.24426807760141092,0.23236331569664903
0.2609853528628495,0.26808699511762096,0.23923657345761207,0.23169107856191745
0.26163301141352063,0.26733977172958734,0.2344161545215101,0.23661106233538193
0.2607929515418502,0.2621145374449339,0.23215859030837005,0.24493392070484582
0.26187305814469597,0.2663115845539281,0.23080337328007103,0.24101198402130491
0.25758241758241757,0.2681318681318681,0.22593406593406593,0.24835164835164836
0.2602921646746348,0.2656042496679947,0.22753430721558213,0.24656927844178841
0.27080581241743723,0.25979744605900484,0.22016732716864817,0.24922941435490972
0.27153476169654567,0.2623524267599475,0.21687800612155664,0.24923480542195015
0.2695690413368514,0.2612137203166227,0.22031662269129287,0.24890061565523308
0.267927848658161,0.26132864056313243,0.22085349758029035,0.2498900131984162
0.26436781609195403,0.26790450928381965,0.21706454465075153,0.2506631299734748
0.2662826761187417,0.26406734603455917,0.21754541426672575,0.2521045635799734
0.2678890876565295,0.2710196779964222,0.21556350626118068,0.24552772808586762
0.2642762284196547,0.26693227091633465,0.22310756972111553,0.2456839309428951
0.265666372462489,0.2709620476610768,0.21932921447484555,0.2440423654015887
0.25809273840769903,0.2650918635170604,0.2327209098862642,0.2440944881889764
0.25601750547045954,0.2726477024070022,0.22932166301969364,0.24201312910284464
0.26173604960141716,0.2683790965456156,0.22984942426926483,0.2400354295837024
0.26610767872903796,0.2705207413945278,0.22594880847308033,0.23742277140335394
0.2641093474426808,0.27028218694885364,0.23015873015873015,0.23544973544973544
0.26946902654867255,0.27168141592920353,0.22699115044247786,0.23185840707964603
0.26860413914575076,0.265962131219727,0.23029502421840597,0.23513870541611626
0.2758164165931156,0.2678729037952339,0.2228596646072374,0.23345101500441306
0.27093380096448927,0.26654975887768523,0.2227093380096449,0.23980710214818063
0.2769704975781594,0.2624394539850286,0.22016732716864817,0.2404227212681638
0.27396657871591906,0.26605101143359716,0.2260334212840809,0.2339489885664028
0.27047366091190794,0.2656042496679947,0.22620628596724215,0.23771580345285526
0.27365163572060125,0.2656940760389036,0.22281167108753316,0.23784261715296198
