C,D,Oc,Od
0.0,0.0,1.0,0.0
0.0,0.5,0.5,0.0
0.0,0.5,0.5,0.0
0.13333333333333333,0.5333333333333333,0.3333333333333333,0.0
0.18181818181818182,0.5454545454545454,0.2727272727272727,0.0
0.21212121212121213,0.45454545454545453,0.2727272727272727,0.06060606060606061
0.23214285714285715,0.44642857142857145,0.26785714285714285,0.05357142857142857
0.24675324675324675,0.4805194805194805,0.2077922077922078,0.06493506493506493
0.24347826086956523,0.4956521739130435,0.17391304347826086,0.08695652173913043
0.25625,0.475,0.18125,0.0875
0.2648401826484018,0.4657534246575342,0.1643835616438356,0.1050228310502283
0.2508591065292096,0.46735395189003437,0.16494845360824742,0.11683848797250859
0.2625994694960212,0.46419098143236076,0.15384615384615385,0.11936339522546419
0.24680851063829787,0.474468085106383,0.1425531914893617,0.13617021276595745
0.2504258943781942,0.47018739352640543,0.14480408858603067,0.13458262350936967
0.25034965034965034,0.4783216783216783,0.14545454545454545,0.1258741258741259
0.2502883506343714,0.48212226066897346,0.1453287197231834,0.12226066897347174
0.24826904055390703,0.4856577645895153,0.1434223541048467,0.12265084075173097
0.24440619621342513,0.48881239242685026,0.14371772805507746,0.12306368330464716
0.250384024577573,0.48847926267281105,0.14516129032258066,0.11597542242703533
0.2506906077348066,0.4903314917127072,0.14226519337016574,0.11671270718232044
0.2551150895140665,0.4859335038363171,0.1438618925831202,0.11508951406649616
0.26160092807424595,0.49129930394431554,0.13921113689095127,0.10788863109048724
0.2684268426842684,0.4807480748074808,0.13806380638063806,0.11276127612761276
0.27537740760020823,0.47943779281624155,0.13378448724622594,0.11140031233732431
0.28053624627606755,0.4746772591857001,0.1300893743793446,0.11469712015888779
0.28289473684210525,0.4718045112781955,0.12781954887218044,0.1174812030075188
0.29066543438077636,0.46072088724584104,0.12985212569316082,0.11876155268022182
0.2869446962828649,0.4601087941976428,0.13327289211242066,0.11967361740707162
0.2825311942959002,0.4603386809269162,0.13324420677361853,0.12388591800356506
0.28855501546619533,0.45868316394167036,0.12991604065399912,0.12284577993813522
0.29626373626373625,0.4501098901098901,0.13054945054945055,0.12307692307692308
0.29352137505509035,0.45526663728514766,0.12428382547377699,0.12692816218598502
0.2918681318681319,0.45054945054945056,0.12967032967032968,0.1279120879120879
0.2932098765432099,0.44664902998236333,0.13095238095238096,0.12918871252204586
0.2855891371003066,0.4533508541392904,0.12702584318878668,0.1340341655716163
0.28054697838553155,0.45478606087340095,0.12968681076312308,0.1349801499779444
0.2824631860776439,0.4462293618920125,0.13297634984381973,0.13833110218652386
0.28225451343020697,0.44914134742404227,0.130779392338177,0.13782474680757376
0.2860927152317881,0.44194260485651216,0.13200883002207506,0.13995584988962473
0.2886142983230362,0.4470432480141218,0.12886142983230361,0.1354810238305384
0.2872246696035242,0.44493392070484583,0.12731277533039648,0.14052863436123347
0.2950174825174825,0.44274475524475526,0.125,0.13723776223776224
0.29336283185840706,0.4451327433628319,0.12123893805309735,0.14026548672566372
0.2845814977973568,0.44713656387665196,0.12158590308370044,0.14669603524229075
0.28558875219683655,0.44420035149384884,0.12478031634446397,0.14543057996485062
0.2833260008798944,0.44434667839859215,0.12318521777386714,0.1491421029476463
0.28010586678429644,0.44331715924128806,0.12615791795324216,0.15041905602117336
0.27917217084984586,0.4438573315719947,0.12769704975781593,0.14927344782034346
0.28703296703296705,0.4338461538461538,0.1265934065934066,0.15252747252747254
0.2886232846392209,0.43382027445772464,0.12749003984063745,0.150066401062417
0.2830105633802817,0.4326584507042254,0.12588028169014084,0.15845070422535212
0.2839506172839506,0.4294532627865961,0.1300705467372134,0.15652557319223986
0.28615249780893953,0.42725679228746716,0.12883435582822086,0.15775635407537247
0.28558989986939487,0.43012625163256424,0.130169786678276,0.15411406181976492
0.2874725274725275,0.4259340659340659,0.13582417582417583,0.15076923076923077
0.28191489361702127,0.42730496453900707,0.13652482269503546,0.15425531914893617
0.28180212014134276,0.4204946996466431,0.1351590106007067,0.1625441696113074
0.28118113706478626,0.4230938739532834,0.1361833406787131,0.15954164830321726
0.2837719298245614,0.4206140350877193,0.1368421052631579,0.1587719298245614
0.2805786935554581,0.41385357299430076,0.13941253836036827,0.16615519508987286
0.2782685512367491,0.4160777385159011,0.13692579505300354,0.1687279151943463
0.27393030436700483,0.4203793559770622,0.1340979267754742,0.17159241288045876
0.27984084880636606,0.4124668435013263,0.13262599469496023,0.17506631299734748
0.28067078552515445,0.41615180935569285,0.13062665489849956,0.17255075022065314
0.2857771906649053,0.4143549097313959,0.12637604579480405,0.17349185380889476
0.2874015748031496,0.40551181102362205,0.12992125984251968,0.17716535433070865
0.2774869109947644,0.40706806282722513,0.1330715532286213,0.1823734729493892
0.2815107597716293,0.40228370663153273,0.12736056214317085,0.1888449714536671
0.2868490732568402,0.39585172109443956,0.13415710503089143,0.18314210061782876
0.28634361233480177,0.3986784140969163,0.13171806167400882,0.18325991189427313
0.2857142857142857,0.3978021978021978,0.13230769230769232,0.18417582417582418
0.28084918177797435,0.39451570101724903,0.13622291021671826,0.18841220698805838
0.28068631764188295,0.3946326440827101,0.13638363396392433,0.18829740431148262
0.2809233449477352,0.3906794425087108,0.1332752613240418,0.1951219512195122
0.28295254833040423,0.3897188049209139,0.12873462214411246,0.19859402460456943
0.2839614373356705,0.38650306748466257,0.12751971954425942,0.20201577563540754
0.2745011086474501,0.3924611973392461,0.13082039911308205,0.20221729490022172
0.27365615282096845,0.3847179031541537,0.13593958240781875,0.20568636161705908
0.2749782797567333,0.38010425716768026,0.13336229365768898,0.21155516941789748
0.2788966725043783,0.37302977232924694,0.13660245183887915,0.21147110332749564
0.28077091546211125,0.3745072273324573,0.13622426631625054,0.2084975908891809
0.28400531679220203,0.3748338502436863,0.1329198050509526,0.20824102791315907
0.27846425419240955,0.3764342453662842,0.13150926743159752,0.21359223300970873
0.2786666666666667,0.37644444444444447,0.13066666666666665,0.21422222222222223
0.2778268551236749,0.36925795053003535,0.1356007067137809,0.21731448763250882
0.27697684578418524,0.36609873307121016,0.1380515508955876,0.21887287024901703
0.27152899824253074,0.37478031634446396,0.13708260105448156,0.21660808435852372
0.2728077945084145,0.3742249778565102,0.1355181576616475,0.2174490699734278
0.27011494252873564,0.3753315649867374,0.13837312113174183,0.21618037135278514
0.27079646017699116,0.3787610619469027,0.13716814159292035,0.21327433628318584
0.27184892402283706,0.37856829161176986,0.13614404918752745,0.2134387351778656
0.2677234698370762,0.3813298106560986,0.13782474680757376,0.21312197269925143
0.26999558108705257,0.3809102960671675,0.14140521431727796,0.207688908528502
0.26783369803063456,0.38161925601750546,0.1413566739606127,0.20919037199124726
0.2681958535509484,0.38729598588442876,0.1415968239964711,0.20291133656815175
0.2718360071301248,0.38235294117647056,0.14572192513368984,0.2000891265597148
0.2754069511658601,0.3801143862736472,0.1460624725032996,0.19841619005719313
0.26525198938992045,0.376657824933687,0.15428824049513704,0.20380194518125552
0.2658396101019052,0.36907399202481167,0.15064244572441293,0.2144439521488702
0.2692138779095301,0.36671058410188845,0.1510759771629337,0.21299956082564778
0.27232341181697023,0.36472678809418035,0.1519324744557974,0.21101732563305198
0.2734513274336283,0.36460176991150445,0.15575221238938053,0.20619469026548673
0.2713656387665198,0.3656387665198238,0.15286343612334802,0.21013215859030837
0.27312775330396477,0.36651982378854625,0.15286343612334802,0.20748898678414096
0.26514486391571557,0.36611062335381916,0.1514486391571554,0.21729587357330993
0.2680140597539543,0.3633567662565905,0.15729349736379614,0.21133567662565905
0.26599912929908576,0.35959947757945143,0.1562908141053548,0.21811057901610797
0.27466666666666667,0.36,0.15644444444444444,0.2088888888888889
0.27555945590171127,0.36287845546292236,0.15050460728389645,0.21105748135146996
0.2804395604395604,0.35604395604395606,0.15120879120879122,0.2123076923076923
0.2778268551236749,0.36130742049469966,0.14796819787985865,0.21289752650176677
0.27797202797202797,0.36276223776223776,0.15384615384615385,0.20541958041958042
0.2755417956656347,0.36178681999115436,0.15479876160990713,0.20787262273330384
0.2666080070391553,0.3616366036075671,0.1592608886933568,0.21249450065992082
0.2744227353463588,0.35701598579040855,0.16296625222024866,0.205595026642984
0.27340989399293286,0.3537985865724382,0.1625441696113074,0.21024734982332155
0.2789775231379462,0.3508153371529308,0.15954164830321726,0.21066549140590568
0.2803861342694164,0.3435717419921018,0.15928038613426942,0.21676173760421238
0.27649367640645445,0.3423462712603576,0.16310510248582644,0.21805494984736154
0.27882507672073653,0.3406400701446734,0.16220955721174923,0.21832529592284086
0.2782152230971129,0.33727034120734906,0.1605424321959755,0.22397200349956256
0.28180212014134276,0.33613074204946997,0.16386925795053003,0.21819787985865724
0.28197158081705154,0.3370337477797513,0.16474245115452932,0.21625222024866786
0.2813333333333333,0.33155555555555555,0.16666666666666666,0.22044444444444444
0.28205128205128205,0.32420686657974795,0.16601477618426771,0.2277270751847023
0.2752457551385165,0.32439678284182305,0.16934763181411974,0.23100983020554067
0.27906976744186046,0.31943835015357613,0.16937253181219833,0.23211935059236508
0.2805628847845207,0.31354441512752856,0.17370272647317503,0.23218997361477572
0.26970770593445526,0.32152347209920284,0.17360496014171833,0.23516386182462357
0.2774846086191733,0.3245382585751979,0.16886543535620052,0.22911169744942833
0.283436669619132,0.31310894596988487,0.1753764393268379,0.22807794508414525
0.28,0.31384615384615383,0.17098901098901098,0.23516483516483516
0.2787028921998247,0.30718667835232255,0.1757230499561788,0.23838737949167396
0.2781921895568232,0.3141728828433524,0.16981132075471697,0.2378236068451075
0.2809335094671951,0.30735358872743285,0.17305151915455746,0.23866138265081463
0.27819884083816315,0.2982612572447615,0.17967008470798038,0.24386981720909495
0.27821869488536155,0.30158730158730157,0.17945326278659612,0.24074074074074073
0.27895667550839964,0.2979664014146773,0.1794871794871795,0.24358974358974358
0.2678729037952339,0.2974404236540159,0.18402471315092675,0.2506619593998235
0.27584689837219534,0.29168499780026397,0.18301803783545975,0.24945006599208094
0.2795085563843791,0.28960070206230804,0.1807810443176832,0.25010969723562965
0.27636849132176233,0.2968402314196707,0.17489986648865152,0.25189141076991545
0.2740026304252521,0.3007452871547567,0.17360806663743972,0.2516440157825515
0.277851166886834,0.301629238221048,0.17084984588287097,0.24966974900924702
0.28357551739321885,0.2888595332452664,0.1690885072655218,0.25847644209599296
0.2927256792287467,0.28264680105170903,0.16520595968448729,0.25942156003505695
0.28740675734971477,0.27994734532689775,0.16761737604212373,0.2650285212812637
0.29308065226972235,0.2789775231379462,0.1621859850154253,0.2657558395769061
0.29437804338202744,0.28065515714918104,0.1593625498007968,0.2656042496679947
0.2958057395143488,0.27770419426048565,0.1629139072847682,0.2635761589403974
0.2860938883968113,0.2807794508414526,0.1678476527900797,0.2652790079716563
0.29000884173297964,0.27984084880636606,0.16578249336870027,0.26436781609195403
0.2914818101153505,0.2741792369121562,0.16770186335403728,0.26663708961845606
0.2968954962833406,0.2737210319195453,0.16484477481416704,0.2645386969829471
0.3028953229398664,0.2712694877505568,0.16481069042316257,0.26102449888641427
0.29783473265576665,0.27750773309765797,0.16040653999116217,0.26425099425541315
0.30586161304539444,0.26972234464521816,0.15777875716174528,0.2666372851476421
0.31046613896218117,0.26868953386103783,0.15787159190853123,0.26297273526824977
0.3065304309195913,0.27276765881830295,0.15504220346512662,0.26565970679697914
0.30572687224669604,0.2740088105726872,0.15550660792951543,0.2647577092511013
0.3070447496677005,0.27470093043863536,0.1586176340274701,0.25963668586619404
0.30826410144293837,0.2610406646261478,0.1635330126803673,0.26716222125054656
0.3086312118570183,0.2611159546643418,0.15998256320836965,0.2702702702702703
0.30826410144293837,0.264975951027547,0.15566243987756886,0.2710975076519458
0.3067484662576687,0.2659947414548642,0.15644171779141106,0.2708150744960561
0.3032714412024757,0.27011494252873564,0.15649867374005305,0.27011494252873564
0.30531358885017423,0.2665505226480836,0.15374564459930315,0.27439024390243905
0.2984084880636605,0.26746242263483644,0.15694076038903626,0.27718832891246686
0.29765590446705,0.26271561256081377,0.15568332596196374,0.2839451570101725
0.29243623570800353,0.2616534740545295,0.16182937554969218,0.28408091468777485
0.2923951048951049,0.26704545454545453,0.15865384615384615,0.28190559440559443
0.29592284085927223,0.26698816308636564,0.15256466462078036,0.28452433143358175
0.28949691085613416,0.26654898499558694,0.15225066195939982,0.29170344218887906
0.2870939420544337,0.26382791922739246,0.1562774363476734,0.29280070237050043
0.2980981866430783,0.2560813799203892,0.15214506855373727,0.2936753648827952
0.2892745883400089,0.2616822429906542,0.155318202047174,0.2937249666221629
0.2898103220114689,0.25540361711513015,0.1521835024261138,0.3026025584472872
0.2965090587715422,0.2496685815289439,0.15377817057003976,0.30004418912947417
0.297273526824978,0.24758135444151275,0.14731750219876869,0.30782761653474056
0.287598944591029,0.24494283201407213,0.15303430079155672,0.3144239226033421
0.2900662251655629,0.24856512141280354,0.14834437086092717,0.3130242825607064
0.28799291094373064,0.2534337616304829,0.14621178555604786,0.3123615418697386
0.28482697426796805,0.2515527950310559,0.14906832298136646,0.31455190771960956
0.2850838481906443,0.24889673433362755,0.1553398058252427,0.3106796116504854
0.2883082373782108,0.2395925597874225,0.1536758193091231,0.3184233835252436
0.2885202968136185,0.24312527280663465,0.1518987341772152,0.31645569620253167
0.2847740236946029,0.2448442299254059,0.1553312856516016,0.31505046072838966
0.28734622144112476,0.24340949033391915,0.15289982425307558,0.3163444639718805
0.28865527814279457,0.2360928602715725,0.15856329391151994,0.316688567674113
0.2884359769605671,0.24014178112538767,0.1546300398759415,0.31679220203810365
0.28646748681898065,0.24428822495606328,0.15817223198594024,0.3110720562390158
0.2849015317286652,0.24113785557986872,0.16148796498905907,0.312472647702407
0.28347143480157,0.24116877453118185,0.16572176188399476,0.30963802878325336
0.2896825396825397,0.23412698412698413,0.1693121693121693,0.30687830687830686
0.2979286029087704,0.23049801674746584,0.1626267078007933,0.3089466725429705
0.2890556045895852,0.23168578993821712,0.16372462488967343,0.3155339805825243
0.2848378615249781,0.2322524101665206,0.16608238387379493,0.3168273444347064
0.2891513560804899,0.22922134733158356,0.16754155730533685,0.31408573928258965
0.2893919218819352,0.22636484687083888,0.16822015090989792,0.316023080337328
0.2832523199292974,0.22315510384445428,0.17498895271763146,0.3186036235086169
0.2806167400881057,0.21762114537444935,0.18237885462555067,0.31938325991189426
0.2834960070984916,0.2204968944099379,0.17480035492457852,0.321206743566992
0.2773658962058439,0.22416048844308767,0.17880505887483647,0.319668556476232
0.27895667550839964,0.22104332449160036,0.1799292661361627,0.32007073386383733
0.27211796246648795,0.2229669347631814,0.18588025022341376,0.3190348525469169
0.28063943161634103,0.21936056838365897,0.1847246891651865,0.31527531083481347
0.2766429840142096,0.2211367673179396,0.1811722912966252,0.3210479573712256
0.2855902777777778,0.2126736111111111,0.1831597222222222,0.3185763888888889
0.286784140969163,0.21541850220264316,0.18105726872246697,0.31674008810572685
0.28160919540229884,0.21529619805481875,0.1799292661361627,0.32316534040671974
0.28159645232815966,0.21818181818181817,0.18226164079822615,0.317960088691796
0.284326710816777,0.21589403973509932,0.1805739514348786,0.31920529801324504
0.28041144901610016,0.22003577817531306,0.18246869409660108,0.3170840787119857
0.27344434706397897,0.22085889570552147,0.1801051709027169,0.3255915863277826
0.27873183619550856,0.21312197269925143,0.17965653896961692,0.3284896521356231
0.27876106194690264,0.2234513274336283,0.1747787610619469,0.3230088495575221
0.2734891927657697,0.22540802823114248,0.1795324217026908,0.321570357300397
0.26919682259488087,0.2263901147396293,0.1787290379523389,0.32568402471315094
0.26366418889374726,0.22518583296895497,0.18189768255356362,0.32925229558373414
0.261968085106383,0.2247340425531915,0.18218085106382978,0.33111702127659576
0.2646675358539765,0.22338113863537593,0.18470230334637114,0.3272490221642764
0.26461538461538464,0.22065934065934065,0.181978021978022,0.33274725274725275
0.26085050416483996,0.22183252959228408,0.17974572555896537,0.3375712406839106
0.26246140273489194,0.21393912659902956,0.1839435377150419,0.33965593295103663
0.2580071174377224,0.2179715302491103,0.18371886120996442,0.3403024911032028
0.2551422319474836,0.21925601750547047,0.18074398249452955,0.3448577680525164
0.25559947299077734,0.22090469916556874,0.17830478700043917,0.3451910408432148
0.2589833479404032,0.21910604732690622,0.17703768624014024,0.3448729184925504
0.25843188786684185,0.21944809461235218,0.18878668418747263,0.3333333333333333
0.2629955947136564,0.21585903083700442,0.18766519823788547,0.33348017621145376
0.2631810193321617,0.2095782073813708,0.19332161687170474,0.3339191564147627
0.2616946160635481,0.2149161518093557,0.19505736981465135,0.3283318623124448
0.2696335078534031,0.21422338568935428,0.18717277486910994,0.32897033158813266
0.2691131498470948,0.2162516382699869,0.18960244648318042,0.32503276539973786
0.26278968080454745,0.2190642763445562,0.18976825535636205,0.32837778749453433
0.26225919439579687,0.21760070052539404,0.19133099824868652,0.3288091068301226
0.25606585788561526,0.21577123050259966,0.19410745233968804,0.33405545927209707
0.2638392857142857,0.2125,0.19285714285714287,0.3308035714285714
0.2593397046046916,0.2150304083405734,0.19852302345786274,0.3271068635968723
0.26054481546572933,0.22144112478031636,0.19727592267135324,0.32073813708260107
0.26115485564304464,0.22134733158355205,0.19728783902012248,0.32020997375328086
0.26100352112676056,0.2205105633802817,0.19762323943661972,0.320862676056338
0.26264848218213815,0.22085349758029035,0.19665640123185218,0.31984161900571934
0.26104240282685515,0.2248233215547703,0.19832155477031801,0.31581272084805656
0.2636403317328677,0.22130074203404626,0.20253164556962025,0.31252728066346575
0.26750761200521966,0.23183993040452372,0.19530230535015225,0.30535015224010437
0.2725686873092019,0.22634103794156127,0.19581334496293065,0.30527692978630616
0.26698606271777003,0.2260452961672474,0.1986062717770035,0.3083623693379791
0.2619360490582567,0.22032413491020586,0.19973718791064388,0.3180026281208936
0.26403508771929823,0.21842105263157896,0.20043859649122808,0.3171052631578947
0.26415929203539823,0.2150442477876106,0.19778761061946903,0.3230088495575221
0.2646928855501547,0.21608484312859036,0.20150243040212107,0.3177198409191339
0.2655217965653897,0.21840598855129897,0.20343461030383092,0.3126376045794804
0.27208480565371024,0.22173144876325088,0.19964664310954064,0.30653710247349825
0.26851851851851855,0.222663139329806,0.20458553791887124,0.30423280423280424
0.2759526938239159,0.22382829610162067,0.20061322820849758,0.2996057818659658
0.27908005307386113,0.22114108801415303,0.20123839009287925,0.29854046881910656
0.27578574590526783,0.21469676848162905,0.20053120849933598,0.30898627711376714
0.28071709663314387,0.21775251421075645,0.19676432006996064,0.30476606908613907
0.27767936226749335,0.22054915854738708,0.19353410097431356,0.30823737821080605
0.2790091264667536,0.2199043893959148,0.19643633202955238,0.30465015210777924
0.27164310954063603,0.21775618374558303,0.1974381625441696,0.3131625441696113
0.2774822695035461,0.21187943262411346,0.20345744680851063,0.3071808510638298
0.2780725022104332,0.21087533156498675,0.20733863837312114,0.3037135278514589
0.27474923680767555,0.21412996075010904,0.20453554295682513,0.30658525948539034
0.27917217084984586,0.20783795684720388,0.2051959489211801,0.30779392338177014
0.27917217084984586,0.2073976221928666,0.20651695288419197,0.30691325407309555
0.2776066871975363,0.20105587329520458,0.21029476462824462,0.3110426748790145
0.27256715103478646,0.20827829150154117,0.21003963011889035,0.309114927344782
0.27292576419213976,0.20480349344978166,0.20436681222707423,0.3179039301310044
0.27765631832094445,0.20682116309575863,0.20201136860515959,0.3135111499781373
0.28019323671497587,0.20860781730346947,0.20202020202020202,0.30917874396135264
0.2719756309834639,0.2093124456048738,0.20147954743255003,0.31723237597911225
0.2748257839721254,0.20557491289198607,0.20034843205574912,0.3192508710801394
0.278391515687141,0.20061864781263808,0.2010605391073796,0.31992929739284137
0.2736056214317084,0.20685111989459815,0.2015810276679842,0.31796223100570925
0.280794701986755,0.19955849889624724,0.20397350993377483,0.31567328918322296
0.2773626373626374,0.20043956043956043,0.2,0.3221978021978022
0.27873945849977805,0.1979582778517532,0.19884598313359964,0.3244562805148691
0.2759526938239159,0.19579500657030224,0.20105124835742444,0.3272010512483574
0.2771929824561403,0.19649122807017544,0.2074561403508772,0.318859649122807
0.27555555555555555,0.19377777777777777,0.21066666666666667,0.32
0.27256637168141595,0.19557522123893806,0.21150442477876105,0.32035398230088497
0.2728465238303454,0.19982509838216003,0.21425448185395715,0.3130738959335374
0.26654975887768523,0.20122753178430514,0.22007891275756247,0.31214379658044716
0.26815398075240593,0.19860017497812774,0.21391076115485563,0.3193350831146107
0.2705829995549622,0.20115709835336004,0.21940364931019138,0.30885625278148643
0.26684397163120566,0.20035460992907803,0.22384751773049646,0.30895390070921985
0.2646017699115044,0.1986725663716814,0.22256637168141594,0.3141592920353982
0.265666372462489,0.1977052074139453,0.22197705207413945,0.3146513680494263
0.27377266696152147,0.1977001326846528,0.22114108801415303,0.3073861123396727
0.2664041994750656,0.19728783902012248,0.22440944881889763,0.3118985126859143
0.26531511679153813,0.2009695901278096,0.21859850154252974,0.3151167915381225
0.2700087950747581,0.202726473175022,0.2119613016710642,0.3153034300791557
0.27102803738317754,0.20071206052514465,0.2082777036048064,0.31998219848687137
0.27636203866432335,0.2016695957820738,0.2069420035149385,0.3150263620386643
0.2747156605424322,0.19728783902012248,0.2099737532808399,0.31802274715660545
0.2741364038972542,0.20062001771479185,0.2108060230292294,0.31443755535872453
0.2764475402699173,0.20374401393121463,0.2063561166739225,0.3134523291249456
0.2754700480979449,0.19763882815916048,0.2094446873633581,0.3174464363795365
0.2855268911237429,0.19720157411456055,0.20507214691735898,0.31219938784433754
0.2819266460450729,0.19089703932832522,0.20592134334953602,0.3212549712770658
0.2800702370500439,0.19534679543459174,0.20763827919227393,0.3169446883230904
0.28273413226808697,0.19174434087882822,0.20861074123391035,0.3169107856191744
0.28171478565179353,0.19203849518810148,0.2125984251968504,0.3136482939632546
0.2829682610639249,0.19222172552525704,0.21457308895842647,0.3102369244523916
0.28222996515679444,0.1912020905923345,0.20993031358885017,0.3166376306620209
0.27132125497127707,0.19575784357048165,0.21034025629695094,0.3225806451612903
0.27846425419240955,0.19461606354810237,0.20344218887908208,0.323477493380406
0.281305114638448,0.19444444444444445,0.20326278659611993,0.32098765432098764
0.2795275590551181,0.19160104986876642,0.2121609798775153,0.31671041119860016
0.2833622183708839,0.1910745233968804,0.20797227036395147,0.3175909878682842
0.28533916849015317,0.18468271334792122,0.2100656455142232,0.3199124726477024
0.2857769973661106,0.18700614574187885,0.2032484635645303,0.32396839332748023
0.28596568411790585,0.18609766827980642,0.20193576770787505,0.3260008798944127
0.28427065026362036,0.18717047451669597,0.2047451669595782,0.32381370826010547
0.28964613368283093,0.19003931847968544,0.19877675840978593,0.3215377894276977
0.2902654867256637,0.18938053097345134,0.19823008849557522,0.32212389380530976
0.2934497816593886,0.1873362445414847,0.1960698689956332,0.3231441048034934
0.29540481400437635,0.18949671772428883,0.19737417943107222,0.3177242888402626
0.29203152364273205,0.19089316987740806,0.19921190893169877,0.3178633975481611
0.2852112676056338,0.1932218309859155,0.2011443661971831,0.3204225352112676
0.28742249778565104,0.1899911426040744,0.204162976085031,0.3184233835252436
0.28270412642669007,0.1900790166812994,0.2067603160667252,0.32045654082528535
0.28175824175824177,0.1920879120879121,0.20395604395604397,0.3221978021978022
0.2857142857142857,0.19432120674356698,0.20763087843833186,0.31233362910381546
0.2833186231244484,0.19549867608120036,0.2091791703442189,0.3120035304501324
0.2795414462081129,0.19929453262786595,0.20282186948853614,0.318342151675485
0.2796125055041832,0.19991193306913255,0.2056362835755174,0.3148392778511669
0.28327495621716287,0.2000875656742557,0.20490367775831875,0.3117338003502627
0.291005291005291,0.19400352733686066,0.20811287477954143,0.30687830687830686
0.2864056313242411,0.1913770347558293,0.20501539815222172,0.3172019357677079
0.2903930131004367,0.1943231441048035,0.20305676855895197,0.31222707423580787
0.28749443702714733,0.19848687138406765,0.20382732532265244,0.31019136626613264
0.28234265734265734,0.20104895104895104,0.2062937062937063,0.3103146853146853
0.28735632183908044,0.1971706454465075,0.20557029177718833,0.3099027409372237
0.28753292361720806,0.2019315188762072,0.20061457418788411,0.3099209833187006
0.2835622507753655,0.2060256978289765,0.20203810367744793,0.30837394771821003
0.28075571177504394,0.21133567662565905,0.20123022847100175,0.30667838312829526
0.2803532008830022,0.2088300220750552,0.19955849889624724,0.31125827814569534
0.28112626484821823,0.21293444786625604,0.19973603167619886,0.3062032556093269
0.28734622144112476,0.210896309314587,0.1968365553602812,0.30492091388400705
0.28546409807355516,0.21541155866900175,0.19833625218914186,0.30078809106830123
0.2869179600886918,0.20931263858093127,0.1942350332594235,0.3095343680709534
0.2891141472014103,0.21022476862053768,0.19215513442044954,0.3085059497576025
0.2878455462922334,0.21281263712154452,0.1882404563405002,0.3111013602457218
0.28996933858957513,0.21287779237844942,0.18396846254927726,0.3131844064826982
0.29486062717770034,0.21080139372822299,0.18684668989547037,0.3074912891986063
0.2927472527472528,0.20703296703296703,0.19252747252747252,0.3076923076923077
0.2941696113074205,0.20848056537102475,0.18904593639575973,0.3083038869257951
0.2939885914874945,0.20447564721369021,0.1882404563405002,0.31329530495831504
0.29028021015761823,0.2084063047285464,0.18695271453590193,0.31436077057793343
0.29854046881910656,0.20743034055727555,0.183547103051747,0.31048208757187085
0.29908176650634016,0.20638390905115872,0.1875819851333625,0.3069523393091386
0.2953345070422535,0.20334507042253522,0.1914612676056338,0.30985915492957744
0.3035635723713154,0.1992960844698636,0.1900571931368236,0.3070831500219974
0.30286975717439296,0.1977924944812362,0.19072847682119207,0.3086092715231788
0.29903677758318736,0.19964973730297722,0.19264448336252188,0.3086690017513135
0.30643015521064304,0.19645232815964522,0.188470066518847,0.30864745011086475
0.31836195508586523,0.1924262439453985,0.18582122413033905,0.3033905768383972
0.31966490299823636,0.19576719576719576,0.18430335097001763,0.3002645502645503
0.32354230600613765,0.19465146865409907,0.1850065760631302,0.29679964927663305
0.32216835610401057,0.19524019391802555,0.18422212428382548,0.2983693256941384
0.3273444347063979,0.19412795793163892,0.18624014022787028,0.2922874671340929
0.3260772989782319,0.19768991559306975,0.18258551754775657,0.2936472678809418
0.33466666666666667,0.19244444444444445,0.18088888888888888,0.292
0.33098591549295775,0.19278169014084506,0.17825704225352113,0.29797535211267606
0.3353900396650507,0.1864257382106655,0.17893345085940943,0.29925077126487437
0.3364279398762157,0.1865605658709107,0.1768346595932803,0.3001768346595933
0.3333333333333333,0.18552631578947368,0.1736842105263158,0.3074561403508772
0.33259521700620015,0.183348095659876,0.1758193091231178,0.30823737821080605
0.33083700440528635,0.18061674008810572,0.18061674008810572,0.3079295154185022
0.3347959631417288,0.1755155770074594,0.18473014480035102,0.3049583150504607
0.3387308533916849,0.1737417943107221,0.18424507658643327,0.30328227571115973
0.3381706244503078,0.17458223394898856,0.1851363236587511,0.3021108179419525
0.34478203434610305,0.17217084984588288,0.18670189343901364,0.29634522236900046
0.3381263616557734,0.17516339869281045,0.19084967320261437,0.29586056644880177
0.3392698130008905,0.1709706144256456,0.19590382902938558,0.29385574354407834
0.3393406593406593,0.17142857142857143,0.18813186813186814,0.3010989010989011
0.33407374500222126,0.1745890715237672,0.18791648156374943,0.3034207019102621
0.3389158219479947,0.1767298369325694,0.19347730277655356,0.2908770383428823
0.3447518664909969,0.1756697408871322,0.19279754062362758,0.2867808519982433
0.33509467195068254,0.18538088947600176,0.19726992514310876,0.28225451343020697
0.33964757709251103,0.1828193832599119,0.19515418502202644,0.2823788546255507
0.34065934065934067,0.1832967032967033,0.19648351648351647,0.2795604395604396
0.33715798764342453,0.18667255075022066,0.20211827007943514,0.2740511915269197
0.3337707786526684,0.18547681539807523,0.20297462817147857,0.2777777777777778
0.332306338028169,0.18397887323943662,0.20598591549295775,0.2777288732394366
0.32833847509916264,0.18334067871308946,0.20405464962538564,0.2842661965623623
0.3254988913525499,0.1835920177383592,0.20354767184035477,0.28736141906873613
0.32919805050952594,0.18697385910500663,0.19760744350908285,0.2862206468763846
0.3320035460992908,0.18085106382978725,0.2047872340425532,0.2823581560283688
0.3297777777777778,0.18355555555555556,0.20266666666666666,0.284
0.3297966401414677,0.1883289124668435,0.20335985853227231,0.27851458885941643
0.3243006993006993,0.1883741258741259,0.20716783216783216,0.28015734265734266
0.32075471698113206,0.18736287845546293,0.20579201404124617,0.28609039052215884
0.31865736704446385,0.1843940714908457,0.2101133391455972,0.2868352223190933
0.3236842105263158,0.1850877192982456,0.20701754385964913,0.28421052631578947
0.3191208791208791,0.1832967032967033,0.21054945054945054,0.28703296703296705
0.316651904340124,0.17803365810451727,0.2183348095659876,0.2869796279893711
0.31649978232477144,0.18371789290378754,0.217239878101872,0.282542446669569
0.31712756467439784,0.18599464763603926,0.2167707404103479,0.280107047279215
0.31856077226853885,0.18867924528301888,0.21281263712154452,0.27994734532689775
0.31808183018037833,0.192696876374835,0.21073471183457984,0.2784865816102068
0.31755860238832373,0.18841220698805838,0.210968597965502,0.2830605926581159
0.31643895989422655,0.19215513442044954,0.20537681798148966,0.2860290877038343
0.3041575492341357,0.19649890590809627,0.2087527352297593,0.29059080962800876
0.300923889133304,0.20061592608886933,0.2111746590409151,0.2872855257369116
0.2954844366505918,0.20604997807978956,0.208680403331872,0.2897851819377466
0.29365079365079366,0.2072310405643739,0.20767195767195767,0.2914462081128748
0.2916299559471366,0.2052863436123348,0.20969162995594715,0.2933920704845815
0.2890556045895852,0.20211827007943514,0.2175639894086496,0.2912621359223301
0.2918133802816901,0.1954225352112676,0.21522887323943662,0.2975352112676056
0.29411764705882354,0.19402985074626866,0.21027216856892011,0.3015803336259877
0.29691629955947135,0.18502202643171806,0.22070484581497798,0.2973568281938326
0.3049583150504607,0.18385256691531374,0.21632294866169371,0.2948661693725318
0.3045774647887324,0.1857394366197183,0.2169894366197183,0.292693661971831
0.3073213502849627,0.1819377466023674,0.21920210434020165,0.2915387987724682
0.3087719298245614,0.1837719298245614,0.21754385964912282,0.2899122807017544
0.30017761989342806,0.18428063943161635,0.21891651865008882,0.2966252220248668
0.3044240035041612,0.18221638195356987,0.2146298729741568,0.2987297415681121
0.2982300884955752,0.1831858407079646,0.21061946902654868,0.30796460176991153
0.28982300884955753,0.18628318584070797,0.21460176991150443,0.3092920353982301
0.28792569659442724,0.18443166740380362,0.21583370190181336,0.31180893409995575
0.2908208296557811,0.18446601941747573,0.21403353927625773,0.3106796116504854
0.2896028558679161,0.1927710843373494,0.20794288264167782,0.30968317715305665
0.28753292361720806,0.1900790166812994,0.20983318700614575,0.3125548726953468
0.28940455341506127,0.19089316987740806,0.20928196147110334,0.3104203152364273
0.2864099158919876,0.1943337760070828,0.21469676848162905,0.3045595396193006
0.2884699693117054,0.1981587023235423,0.2091188075405524,0.3042525208241999
0.28061002178649236,0.20261437908496732,0.21045751633986928,0.306318082788671
0.2732119058196357,0.20079964460239894,0.21812527765437584,0.30786317192358953
0.2754385964912281,0.2,0.21973684210526315,0.3048245614035088
0.2753623188405797,0.20245937637241984,0.21826965305226176,0.3039086517347387
0.27168141592920353,0.19778761061946903,0.22168141592920354,0.3088495575221239
0.2726473175021988,0.1961301671064204,0.22119613016710643,0.3100263852242744
0.2647702407002188,0.19649890590809627,0.22450765864332603,0.31422319474835886
0.2639257294429708,0.19982316534040673,0.23032714412024757,0.3059239610963749
0.26830337571240687,0.19772029811486191,0.2253397632617273,0.30863656291100394
0.27016306743058616,0.19215513442044954,0.2269722344645218,0.31070956368444247
0.27620704654197475,0.18921270117442365,0.22705524140930838,0.3075250108742932
0.2751322751322751,0.19576719576719576,0.22354497354497355,0.3055555555555556
0.26643140714600794,0.19629466254962505,0.22761358623731803,0.30966034406704895
0.2728865527814279,0.19316688567674112,0.2233902759526938,0.3105562855891371
0.2718193660442901,0.19148936170212766,0.22405557967867998,0.3126356925749023
0.2735229759299781,0.19168490153172865,0.21663019693654267,0.31816192560175055
0.27276726792784867,0.19313682358117026,0.2212934447866256,0.3128024637043555
0.27256637168141595,0.18716814159292036,0.22699115044247786,0.31327433628318585
0.27161035541904344,0.19218955682316805,0.22290478279947346,0.31329530495831504
0.2746478873239437,0.19102112676056338,0.22183098591549297,0.3125
0.27333038478549315,0.19460415745245466,0.21716054842989826,0.3149049093321539
0.27453580901856767,0.1931918656056587,0.21662245800176835,0.3156498673740053
0.2682489923869234,0.1876399462606359,0.22301836094939542,0.3210927004030452
0.2682602921646746,0.19123505976095617,0.21868083222664897,0.32182381584772024
0.255619215513442,0.1978845306302336,0.22080211546936976,0.3256941383869546
0.26233085988651245,0.1907463989524225,0.22261021388040156,0.32431252728066345
0.26448474126492705,0.18575851393188855,0.22158337019018134,0.3281733746130031
0.27004405286343613,0.18193832599118942,0.2277533039647577,0.32026431718061676
0.26695842450765866,0.17811816192560176,0.23194748358862144,0.32297592997811814
0.27176314626601855,0.18161732213875387,0.23199292973928415,0.31462660185594343
0.27389951089373055,0.18052467763450422,0.22810137839039574,0.3174744330813695
0.27320954907161804,0.1812555260831123,0.22944297082228116,0.3160919540229885
0.26816380449141347,0.1800968736239542,0.23381770145310435,0.31792162043152794
0.27070619006102875,0.18308631211857018,0.23234524847428073,0.31386224934612034
0.27161035541904344,0.18121983326020183,0.23036419482229048,0.3168056164984642
0.2772146319964742,0.18025561921551345,0.23182018510356986,0.31070956368444247
0.2700698080279232,0.18150087260034903,0.2299301919720768,0.31849912739965097
0.2740871095468544,0.17949846018477783,0.22701275846898372,0.31940167179938406
0.27184035476718404,0.1787139689578714,0.22838137472283815,0.3210643015521064
0.2647577092511013,0.1801762114537445,0.22819383259911893,0.32687224669603526
0.2664298401420959,0.17850799289520428,0.22380106571936056,0.33126110124333924
0.26625386996904027,0.17823971693940735,0.22954444935869084,0.32596196373286157
0.2682291666666667,0.17491319444444445,0.22916666666666666,0.3276909722222222
0.2724856003544528,0.1745680106335844,0.22507753655294638,0.32786885245901637
0.27333038478549315,0.1751437417072092,0.22069880583812473,0.3308270676691729
0.2646276595744681,0.1799645390070922,0.22163120567375885,0.3337765957446808
0.2711715664765248,0.17595436594997807,0.2224659938569548,0.33040807371654235
0.27672679278486584,0.1781786185657721,0.21777386713594368,0.3273207215134184
0.27876106194690264,0.18495575221238938,0.2168141592920354,0.31946902654867254
0.2730480811645346,0.1835024261138068,0.21482134980149978,0.3286281429201588
0.27518863737239235,0.18553040390590325,0.21260541500221927,0.32667554371948515
0.2710074791025077,0.18653761548614167,0.21293444786625604,0.32952045754509457
0.27212094264117387,0.18541574032903513,0.21431747443308136,0.32814584259670965
0.27073277753400615,0.18209741114523914,0.21632294866169371,0.330846862659061
0.27674624226348365,0.18037135278514588,0.21618037135278514,0.3267020335985853
0.275635407537248,0.175284837861525,0.21910604732690622,0.3299737072743208
0.2675496688741722,0.17483443708609273,0.22075055187637968,0.3368653421633554
0.27040141155712394,0.17512130569033965,0.2218791354212616,0.3325981473312748
0.270979020979021,0.16695804195804195,0.22333916083916083,0.3387237762237762
0.27161572052401745,0.1707423580786026,0.21790393013100437,0.33973799126637555
0.2675244010647737,0.17213842058562556,0.21694764862466726,0.3433895297249335
0.26773049645390073,0.1702127659574468,0.22296099290780141,0.3390957446808511
0.25809273840769903,0.17672790901137359,0.22615923009623798,0.33902012248468943
0.2604074402125775,0.17847652790079716,0.224977856510186,0.3361381753764393
0.2648221343873518,0.17918313570487485,0.2204655248133509,0.33552920509442247
0.256092157731502,0.18210013291980506,0.22729286663712894,0.334514842711564
0.2528786536758193,0.18113374667847654,0.22586359610274578,0.34012400354295835
0.26287744227353466,0.1825044404973357,0.22246891651865008,0.3321492007104796
0.26563876651982377,0.18370044052863435,0.22290748898678414,0.3277533039647577
0.26447016918967053,0.1834372217275156,0.22306322350845947,0.3290293855743544
0.2619257950530035,0.18286219081272084,0.22393992932862192,0.33127208480565373
0.25979744605900484,0.18273888154997797,0.22457067371202113,0.332892998678996
0.2587131367292225,0.1840929401251117,0.23056300268096513,0.3266309204647006
0.2637267617812365,0.18115002161694768,0.23043666234327712,0.3246865542585387
0.25839677563815494,0.1921182266009852,0.23018360949395433,0.3193013882669055
0.25734639358860195,0.1923419412288513,0.2315227070347284,0.3187889581478183
0.2564214192424902,0.19329560296038312,0.23770134958641706,0.3125816282107096
0.2591145833333333,0.1953125,0.2387152777777778,0.3068576388888889
0.2626707800793301,0.19039224327897752,0.2357866901718819,0.31115028646981047
0.26519823788546254,0.19383259911894274,0.23744493392070484,0.30352422907488985
0.2694663167104112,0.19203849518810148,0.2331583552055993,0.30533683289588803
0.2664041994750656,0.18985126859142606,0.23490813648293962,0.3088363954505687
0.2659010600706714,0.19125441696113074,0.2420494699646643,0.30079505300353354
0.25823451910408435,0.19499341238471674,0.2463768115942029,0.30039525691699603
0.2605228178998671,0.19229065130704476,0.2467877713779353,0.30039875941515287
