C,D,Oc,Od
0.0,1.0,0.0,0.0
0.2,0.8,0.0,0.0
0.1111111111111111,0.8888888888888888,0.0,0.0
0.1111111111111111,0.8888888888888888,0.0,0.0
0.07142857142857142,0.8571428571428571,0.07142857142857142,0.0
0.09302325581395349,0.813953488372093,0.09302325581395349,0.0
0.14705882352941177,0.7794117647058824,0.07352941176470588,0.0
0.16,0.75,0.09,0.0
0.1793103448275862,0.7103448275862069,0.09655172413793103,0.013793103448275862
0.2032967032967033,0.6813186813186813,0.0989010989010989,0.016483516483516484
0.21311475409836064,0.6680327868852459,0.0942622950819672,0.02459016393442623
0.23809523809523808,0.6507936507936508,0.08253968253968254,0.02857142857142857
0.23636363636363636,0.638961038961039,0.08311688311688312,0.04155844155844156
0.2446351931330472,0.6180257510729614,0.09227467811158799,0.045064377682403435
0.26501766784452296,0.5936395759717314,0.09010600706713781,0.05123674911660778
0.2730015082956259,0.5656108597285068,0.10256410256410256,0.058823529411764705
0.29048843187660667,0.532133676092545,0.10668380462724936,0.07069408740359898
0.31403118040089084,0.5011135857461024,0.111358574610245,0.07349665924276169
0.32242063492063494,0.4801587301587302,0.11706349206349206,0.08035714285714286
0.3258728737690242,0.4529991047448523,0.1360787824529991,0.08504923903312445
0.33279871692060947,0.433841218925421,0.14274258219727345,0.09061748195669607
0.33820306793279764,0.41490138787436087,0.15193571950328708,0.09495982468955443
0.34185733512786004,0.40107671601615075,0.15746971736204576,0.09959623149394348
0.3320730938878387,0.4001260239445495,0.1575299306868305,0.11027095148078135
0.3347034644744568,0.39166177334116264,0.15795654726952438,0.11567821491485614
0.3273542600896861,0.38845291479820626,0.1608744394618834,0.12331838565022421
0.3283582089552239,0.3800639658848614,0.1652452025586354,0.1263326226012793
0.32372619660319096,0.38033968090581577,0.1646937725167267,0.1312403499742666
0.3226452905811623,0.38226452905811625,0.1658316633266533,0.12925851703406813
0.31423020883924235,0.37396794560466246,0.17387081107333657,0.13793103448275862
0.3112709832134293,0.3764988009592326,0.17314148681055155,0.13908872901678657
0.3123827392120075,0.37382739212007504,0.16651031894934334,0.1472795497185741
0.30896551724137933,0.3737931034482759,0.16505747126436782,0.152183908045977
0.30116175156389635,0.3699731903485255,0.16577301161751565,0.16309204647006256
0.296164139161463,0.3684210526315789,0.16993755575379127,0.16547725245316683
0.29547471162378,0.36557231588287487,0.16858917480035493,0.17036379769299023
0.2968542312804608,0.359769605671245,0.16792202038103676,0.17545414266725742
0.29494505494505496,0.35956043956043954,0.17450549450549452,0.17098901098901098
0.29846153846153844,0.36043956043956044,0.17098901098901098,0.1701098901098901
0.2903368794326241,0.35726950354609927,0.17375886524822695,0.17863475177304963
0.2874834144183989,0.36045997346306946,0.17249004865103937,0.17956656346749225
0.285839544059623,0.3551074090311267,0.17448487505480054,0.1845681718544498
0.2830357142857143,0.3575892857142857,0.16741071428571427,0.19196428571428573
0.28778558875219684,0.3506151142355009,0.16608084358523725,0.19551845342706503
0.28634167764602547,0.3526570048309179,0.16469038208168643,0.1963109354413702
0.2855251544571933,0.3556928508384819,0.1650485436893204,0.19373345101500442
0.2835886214442013,0.35536105032822757,0.16673960612691466,0.19431072210065645
0.2766990291262136,0.34951456310679613,0.1703442188879082,0.20344218887908208
0.28058510638297873,0.35815602836879434,0.1622340425531915,0.19902482269503546
0.27876106194690264,0.3548672566371681,0.16371681415929204,0.20265486725663717
0.2830605926581159,0.3502874834144184,0.16320212295444494,0.2034498009730208
0.27939876215738285,0.3510167992926614,0.16710875331564987,0.20247568523430592
0.281305114638448,0.3522927689594356,0.164021164021164,0.20238095238095238
0.27569475077194533,0.3493603881782091,0.16497573886193206,0.20996912218791355
0.2713523131672598,0.3505338078291815,0.1659252669039146,0.21218861209964412
0.27797202797202797,0.34222027972027974,0.1604020979020979,0.2194055944055944
0.2777284826974268,0.3464951197870453,0.15838509316770186,0.21739130434782608
0.2752091589608102,0.34390136503742846,0.1554381329810656,0.22545134302069572
0.27091633466135456,0.34794156706507307,0.15803452855245684,0.22310756972111553
0.27420774647887325,0.34110915492957744,0.15757042253521128,0.22711267605633803
0.27344782034346105,0.3394980184940555,0.15896081021576397,0.2280933509467195
0.271523178807947,0.3373068432671082,0.15894039735099338,0.23222958057395143
0.2727272727272727,0.3305383936451898,0.15842894969108562,0.2383053839364519
0.2687417799210872,0.33800964489259094,0.1600175361683472,0.23323103901797457
0.2682602921646746,0.33643204957945994,0.1615759185480301,0.2337317397078353
0.2720105124835742,0.33902759526938236,0.15549715286903198,0.23346473937801138
0.2698763250883392,0.3365724381625442,0.15680212014134276,0.23674911660777384
0.27276707530647987,0.3318739054290718,0.15805604203152365,0.2373029772329247
0.2761031017911752,0.3315858453473132,0.15552643075578856,0.236784622105723
0.272565584704313,0.3330369052912405,0.15873721654068476,0.23566029346376166
0.2780725022104332,0.3306808134394341,0.16047745358090185,0.23076923076923078
0.276298559580969,0.33173286774334354,0.1610650371017023,0.23090353557398516
0.27204585537918874,0.3333333333333333,0.1644620811287478,0.23015873015873015
0.26799116997792494,0.33112582781456956,0.16467991169977925,0.23620309050772628
0.2690288713910761,0.3184601924759405,0.17497812773403323,0.23753280839895013
0.2702702702702703,0.3217088055797733,0.17131647776809067,0.23670444638186575
0.27598407784166296,0.31357806280406897,0.17204776647501105,0.23839009287925697
0.26974267968056787,0.3220940550133097,0.16903283052351376,0.2391304347826087
0.2775310834813499,0.31216696269982236,0.16740674955595028,0.24289520426287745
0.276,0.30933333333333335,0.17466666666666666,0.24
0.2777535916412712,0.30735742272529387,0.17239878101872008,0.24249020461471485
0.2692307692307692,0.3072502210433245,0.16976127320954906,0.2537577365163572
0.2762577228596646,0.2992056487202118,0.17387466902030008,0.2506619593998235
0.27448397013614406,0.3008344312692139,0.17610891523935002,0.24857268335529206
0.27883340698188247,0.2951833848873177,0.1798497569597879,0.24613345117101193
0.2768211920529801,0.29403973509933773,0.1805739514348786,0.24856512141280354
0.2779012894619831,0.2943530457981325,0.18230324588706093,0.24544241885282347
0.2733245729303548,0.2996057818659658,0.18265440210249673,0.24441524310118265
0.27140974967061926,0.3021519543258674,0.178743961352657,0.24769433465085638
0.2750766535260622,0.29697766097240474,0.1782742006132282,0.24967148488830487
0.27474923680767555,0.29350196249454863,0.17880505887483647,0.2529437418229394
0.2752982766239505,0.2898806893504198,0.18515245249668583,0.2496685815289439
0.286156567890314,0.28659885006634234,0.17823971693940735,0.24900486510393632
0.2759391771019678,0.28577817531305905,0.18112701252236135,0.2571556350626118
0.2741003998223012,0.2825410928476233,0.18391825855175478,0.2594402487783207
0.2774846086191733,0.28188214599824096,0.18249780123131046,0.25813544415127526
0.2810137839039573,0.2756780791462872,0.18497109826589594,0.2583370386838595
0.2709251101321586,0.27929515418502204,0.18854625550660792,0.26123348017621145
0.27121609798775154,0.27384076990376205,0.18197725284339458,0.27296587926509186
0.27077865266841644,0.27077865266841644,0.18635170603674542,0.27209098862642167
0.26860413914575076,0.27256715103478646,0.18538088947600176,0.27344782034346105
0.2678729037952339,0.27007943512797883,0.18711385701676964,0.27493380406001766
0.2674825174825175,0.2701048951048951,0.1861888111888112,0.2762237762237762
0.2614779186707477,0.2745955400087451,0.18583296895496285,0.2780935723655444
0.2637411347517731,0.2708333333333333,0.18971631205673758,0.27570921985815605
0.2605633802816901,0.2680457746478873,0.18970070422535212,0.28169014084507044
0.25867369345630215,0.2709705753184014,0.1888449714536671,0.2815107597716293
0.26490066225165565,0.26445916114790285,0.18631346578366445,0.284326710816777
0.26763668430335097,0.26499118165784835,0.18562610229276896,0.28174603174603174
0.2665198237885463,0.26784140969162995,0.17929515418502204,0.28634361233480177
0.2603890362511052,0.2661361626878868,0.18346595932802828,0.29000884173297964
0.2619257950530035,0.26943462897526504,0.1771201413427562,0.2915194346289753
0.26628771316134675,0.264975951027547,0.17752514210756448,0.29121119370354176
0.269010989010989,0.2681318681318681,0.1789010989010989,0.28395604395604396
0.27212681638044917,0.2655217965653897,0.17481285777190664,0.28753852928225454
0.26698606271777003,0.2665505226480836,0.1755226480836237,0.29094076655052264
0.2652972027972028,0.26835664335664333,0.1743881118881119,0.291958041958042
0.2623456790123457,0.26675485008818345,0.17857142857142858,0.2923280423280423
0.26100489106269453,0.2650066696309471,0.18141396176078256,0.2925744775455758
0.2639130434782609,0.2678260869565217,0.17521739130434782,0.29304347826086957
0.2649384885764499,0.26757469244288223,0.1766256590509666,0.29086115992970124
0.2638146167557932,0.2611408199643494,0.17825311942959002,0.2967914438502674
0.2623524267599475,0.26016615653694797,0.18014866637516397,0.29733275032794054
0.2625994694960212,0.259946949602122,0.1786030061892131,0.2988505747126437
0.25939019001325675,0.25850640742377373,0.18205921343349535,0.30004418912947417
0.2623456790123457,0.25925925925925924,0.17724867724867724,0.3011463844797178
0.2633214920071048,0.25932504440497334,0.17939609236234458,0.29795737122557725
0.26434245366284204,0.264783759929391,0.18005295675198588,0.2908208296557811
0.26256006989951947,0.2743556138051551,0.17780690257754478,0.2852774137177807
0.25782282944028206,0.27589246364037023,0.17849272807404143,0.28779197884530633
0.25265017667844525,0.2769434628975265,0.18418727915194347,0.2862190812720848
0.2524401064773736,0.28172138420585624,0.18278615794143743,0.28305235137533274
0.2546093064091308,0.2835820895522388,0.18217734855136083,0.2796312554872695
0.25381596162232883,0.2839075447012647,0.17880505887483647,0.28347143480157
0.25738210665491407,0.27677390921110623,0.17849272807404143,0.2873512560599383
0.26081200353045014,0.27493380406001766,0.17740511915269197,0.2868490732568402
0.25951859956236323,0.2700218818380744,0.17768052516411378,0.29277899343544855
0.2614980289093298,0.266754270696452,0.1782742006132282,0.2934734997809899
0.25925925925925924,0.27320261437908494,0.17690631808278867,0.2906318082788671
0.2598870056497175,0.27075184702303345,0.1751412429378531,0.29421990438939594
0.25682819383259914,0.2696035242290749,0.18061674008810572,0.29295154185022027
0.249670908293111,0.27161035541904344,0.18121983326020183,0.2974989030276437
0.2513157894736842,0.26535087719298245,0.18464912280701753,0.2986842105263158
0.2513157894736842,0.2657894736842105,0.1850877192982456,0.29780701754385963
0.2548245614035088,0.262719298245614,0.18421052631578946,0.2982456140350877
0.2606219886114761,0.26018396846254926,0.18484450284713097,0.2943495400788436
0.2575957727873184,0.2650814619110524,0.18361955085865259,0.29370321444297665
0.25861317051897076,0.2625381596162233,0.18839947666812037,0.29044919319668555
0.25728155339805825,0.2586054721977052,0.19064430714916153,0.29346866725507503
0.2639616055846422,0.26221640488656195,0.18891797556719023,0.2849040139616056
0.2624175824175824,0.26373626373626374,0.19384615384615383,0.28
0.2579505300353357,0.26148409893992935,0.18904593639575973,0.2915194346289753
0.2517699115044248,0.26902654867256637,0.18495575221238938,0.2942477876106195
0.2580502867225408,0.2620202911336568,0.18835465372739302,0.29157476841640934
0.2535273368606702,0.26278659611992944,0.18430335097001763,0.2993827160493827
0.2539964476021314,0.26465364120781526,0.1802841918294849,0.30106571936056836
0.2474857892435505,0.2719720157411456,0.18277219064276345,0.2977700043725404
0.2594688724423161,0.2590335219851981,0.17718763604701784,0.304309969525468
0.2521968365553603,0.2649384885764499,0.1766256590509666,0.3062390158172232
0.25296442687747034,0.2692138779095301,0.17391304347826086,0.3039086517347387
0.25824901011878576,0.2652881654201496,0.17069951605807304,0.30576330840299165
0.25979744605900484,0.2672831351827389,0.17173051519154559,0.3011889035667107
0.25673884224480775,0.26115775519222273,0.17498895271763146,0.30711444984533803
0.25088495575221237,0.26371681415929205,0.1756637168141593,0.30973451327433627
0.255619215513442,0.26399294843543414,0.17011899515204937,0.31026884089907447
0.24770240700218818,0.2722100656455142,0.16892778993435448,0.3111597374179431
0.25362000877577884,0.26897762176393153,0.1645458534444932,0.3128565160157964
0.25,0.2746478873239437,0.16901408450704225,0.30633802816901406
0.24519230769230768,0.2718531468531469,0.17395104895104896,0.3090034965034965
0.24389179755671903,0.26788830715532286,0.17539267015706805,0.31282722513089006
0.234174413457282,0.267817618415228,0.17928286852589642,0.3187250996015936
0.23547535211267606,0.27024647887323944,0.18485915492957747,0.30941901408450706
0.23404255319148937,0.26640070921985815,0.18129432624113476,0.3182624113475177
0.23945518453427064,0.2671353251318102,0.18365553602811951,0.30975395430579966
0.2424645390070922,0.2624113475177305,0.18173758865248227,0.313386524822695
0.2409532215357458,0.2599293909973522,0.1849073256840247,0.3142100617828773
0.24582233948988566,0.2594547053649956,0.1851363236587511,0.3095866314863676
0.24945391000436873,0.254259501965924,0.19047619047619047,0.3058103975535168
0.24833702882483372,0.25055432372505543,0.19201773835920177,0.3090909090909091
0.25200356188780054,0.24487978628673196,0.19145146927871773,0.3116651825467498
0.25666812418014867,0.2439877568867512,0.19326628771316134,0.3060778312199388
0.25583443416996915,0.2413033905768384,0.19726992514310876,0.3055922501100837
0.251105216622458,0.24049513704686118,0.19849690539345713,0.3099027409372237
0.2501098901098901,0.24527472527472527,0.19824175824175824,0.30637362637362636
0.24587973273942093,0.24810690423162585,0.1973273942093541,0.3086859688195991
0.2490135905304691,0.24462954844366505,0.1972818939061815,0.30907496711968435
0.24385964912280703,0.24517543859649124,0.20087719298245615,0.31008771929824563
0.24049513704686118,0.24447391688771,0.20468611847922194,0.3103448275862069
0.24157549234135667,0.24026258205689277,0.2087527352297593,0.30940919037199127
0.23978919631093545,0.23803249890206413,0.21212121212121213,0.3100570926657883
0.24242424242424243,0.23847167325428195,0.21124286341677645,0.30786122090469914
0.24014336917562723,0.23476702508960573,0.2132616487455197,0.3118279569892473
0.2381160052333188,0.23462712603576102,0.20584387265590928,0.3214129960750109
0.23539745278875715,0.23847167325428195,0.20114185331576637,0.32498902064119456
0.2343954604975993,0.23788738542121343,0.20515058926233087,0.32256656481885637
0.23039647577092512,0.23700440528634362,0.2052863436123348,0.3273127753303965
0.23164835164835165,0.24043956043956044,0.2043956043956044,0.32351648351648354
0.22493461203138623,0.24237140366172624,0.20444638186573671,0.3282476024411508
0.22679509632224168,0.24649737302977234,0.20490367775831875,0.32180385288966723
0.22807794508414525,0.2409211691762622,0.2108060230292294,0.3201948627103631
0.22573561703996486,0.23671497584541062,0.21256038647342995,0.32498902064119456
0.2251655629139073,0.2423841059602649,0.20750551876379691,0.32494481236203093
0.22563652326602282,0.23529411764705882,0.21027216856892011,0.3287971905179982
0.22353455818022747,0.23709536307961504,0.21303587051618547,0.326334208223972
0.21898127993034391,0.24161950370047888,0.20896821941663038,0.3304309969525468
0.2187776793622675,0.23117803365810452,0.2178919397697077,0.33215234720992026
0.21696428571428572,0.23482142857142857,0.21607142857142858,0.33214285714285713
0.2193719593100398,0.23883237505528526,0.21362229102167182,0.3281733746130031
0.2218791354212616,0.23378914865460962,0.21967357741508603,0.3246581385090428
0.22493345164152617,0.23070097604259096,0.2204968944099379,0.323868677905945
0.22612172367836517,0.23278542869835628,0.21545979564637938,0.3256330519768992
0.22713212549712772,0.22978347326557666,0.21696862571807335,0.3261157755192223
0.22835689045936397,0.22835689045936397,0.21687279151943462,0.32641342756183744
0.23698146513680493,0.2237422771403354,0.21932921447484555,0.3199470432480141
0.23368606701940034,0.23192239858906524,0.21164021164021163,0.32275132275132273
0.23905429071803852,0.23204903677758318,0.20796847635726795,0.3209281961471103
0.2379690949227373,0.23664459161147902,0.20573951434878587,0.3196467991169978
0.23860115095174855,0.23860115095174855,0.20407259849490925,0.3187250996015936
0.23671497584541062,0.2406675450153711,0.20245937637241984,0.3201581027667984
0.2393992932862191,0.23586572438162545,0.2040636042402827,0.3206713780918728
0.23364075537988582,0.24022837066315328,0.20070267896354854,0.3254281949934124
0.23601937472479084,0.23778071334214002,0.19991193306913255,0.32628797886393657
0.23519087318999563,0.24703817463799913,0.19482229047827995,0.3229486616937253
0.24142480211081793,0.24670184696569922,0.19261213720316622,0.31926121372031663
0.23920704845814977,0.23920704845814977,0.20484581497797358,0.31674008810572685
0.23891084760649978,0.23847167325428195,0.20114185331576637,0.3214756258234519
0.23490230905861456,0.24023090586145648,0.205595026642984,0.31927175843694494
0.23868677905944988,0.2391304347826087,0.2067435669920142,0.31543921916592726
0.23134657836644593,0.24061810154525387,0.2097130242825607,0.3183222958057395
0.22758920800696258,0.2432550043516101,0.20452567449956485,0.32463011314186246
0.22520934332304982,0.24460114587924195,0.20185103569854562,0.32833847509916264
0.22261174408413673,0.24583698510078877,0.20289219982471515,0.32865907099035935
0.22931338028169015,0.2438380281690141,0.19762323943661972,0.32922535211267606
0.22847100175746923,0.24736379613356765,0.20518453427065025,0.3189806678383128
0.2285336856010568,0.24878907970057243,0.2025539409951563,0.32012329370321446
0.2291849255039439,0.2462751971954426,0.2042068361086766,0.3203330411919369
0.23337736679876706,0.24438573315719947,0.19771025979744605,0.3245266402465874
0.22472406181015453,0.24988962472406182,0.20397350993377483,0.32141280353200885
0.22251655629139072,0.24503311258278146,0.2022075055187638,0.33024282560706403
0.22202565236620964,0.24723573639982308,0.1977001326846528,0.33303847854931445
0.22119613016710643,0.2532981530343008,0.19393139841688653,0.33157431838170626
0.228270412642669,0.2497805092186128,0.19271290605794555,0.3292361720807726
0.22952961672473868,0.24825783972125434,0.1994773519163763,0.32273519163763065
0.2322380106571936,0.24378330373001778,0.19760213143872113,0.32637655417406747
0.2343132953049583,0.24572180781044317,0.19131197893813076,0.3286529179464677
0.2415929203539823,0.24424778761061947,0.1915929203539823,0.32256637168141594
0.242091388400703,0.23857644991212654,0.19332161687170474,0.3260105448154657
0.24107536359629794,0.2379903040987219,0.18995152049360953,0.3309828118113706
0.24227714033539277,0.23389232127096204,0.18755516328331862,0.33627537511032657
0.24442462087421946,0.23148974130240857,0.1864406779661017,0.3376449598572703
0.25185832968954963,0.22693484914735462,0.1853957149103629,0.33581110625273286
0.248562582927908,0.22246793454223796,0.18443166740380362,0.3445378151260504
0.24801762114537446,0.2251101321585903,0.18634361233480176,0.3405286343612335
0.24727905964301264,0.2237701349586417,0.1845885938180235,0.34436221158032215
0.250330542089026,0.2234464521815778,0.18334067871308946,0.3428823270163067
0.24978089395267308,0.22217353198948292,0.18755477651183172,0.34049079754601225
0.25273283777874944,0.2133799737647573,0.1888937472671622,0.344993441189331
0.25736911570611526,0.21557413110426749,0.194456665200176,0.33260008798944124
0.2535211267605634,0.2147887323943662,0.19806338028169015,0.3336267605633803
0.256140350877193,0.21929824561403508,0.19342105263157894,0.33114035087719296
0.25919361984935757,0.2202038103677448,0.19317678334071778,0.3274257864421799
0.2533976326172731,0.2244629548443665,0.19070583077597544,0.3314335817623849
0.2571053782247486,0.21818976825535635,0.18976825535636205,0.334936598163533
0.25813544415127526,0.21240105540897097,0.19217238346525944,0.33729111697449426
0.25559947299077734,0.21651295564339043,0.19148001756697408,0.33640755379885817
0.2589010989010989,0.21978021978021978,0.1898901098901099,0.3314285714285714
0.26015901060070673,0.21157243816254417,0.1956713780918728,0.3325971731448763
0.25853658536585367,0.21685144124168515,0.1942350332594235,0.3303769401330377
0.26073483842408146,0.21159805223550243,0.19964586100044268,0.3280212483399734
0.2691629955947137,0.20881057268722467,0.19427312775330396,0.3277533039647577
0.2792122538293217,0.19912472647702406,0.1938730853391685,0.3277899343544858
0.2712014134275618,0.2067137809187279,0.19478798586572438,0.32729681978798586
0.2773626373626374,0.2079120879120879,0.1920879120879121,0.32263736263736265
0.27217125382262997,0.2053298383573613,0.19702927042376583,0.3254696373962429
0.27365615282096845,0.2070191026210573,0.19768991559306975,0.3216348289649045
0.28053097345132744,0.2004424778761062,0.19469026548672566,0.32433628318584073
0.2796985815602837,0.1950354609929078,0.19326241134751773,0.3320035460992908
0.2777284826974268,0.1929902395740905,0.1898846495119787,0.339396628216504
0.28375992939099737,0.19285083848190646,0.18623124448367168,0.33715798764342453
0.2868995633187773,0.18951965065502183,0.18646288209606987,0.337117903930131
0.2862849533954727,0.18863737239236572,0.18863737239236572,0.33644030181979584
0.28180212014134276,0.1894876325088339,0.19081272084805653,0.3378975265017668
0.27627494456762747,0.18669623059866963,0.18713968957871396,0.34988913525498894
0.27753496503496505,0.1883741258741259,0.19055944055944055,0.34353146853146854
0.2787905735882614,0.18274788795020008,0.1920853712761227,0.34637616718541575
0.27794962439239945,0.17719840919133892,0.19531595227574017,0.34953601414052143
0.2779012894619831,0.1760782570031125,0.19653179190751446,0.34948866162738995
0.27672679278486584,0.17773867135943686,0.19533655961284646,0.3501979762428509
0.2755102040816326,0.17923691215616683,0.1974267968056788,0.34782608695652173
0.2750439367311072,0.17530755711775045,0.19551845342706503,0.3541300527240773
0.2708516242317823,0.17295873573309922,0.1984196663740123,0.35776997366110624
0.26955002184359983,0.16688510266491918,0.20445609436435125,0.35910878112712974
0.26818580192813324,0.16783523225241018,0.20508326029798424,0.3588957055214724
0.27113447218572057,0.17433201927288655,0.20061322820849758,0.3539202803328953
0.27566622979467015,0.1690694626474443,0.1965923984272608,0.35867190913062474
0.26997366110623355,0.1681299385425812,0.20061457418788411,0.3612818261633011
0.2655141843971631,0.17065602836879432,0.1999113475177305,0.36391843971631205
0.2701863354037267,0.17391304347826086,0.2067435669920142,0.34915705412599823
0.2657281126264848,0.17465904091509019,0.20985481742190937,0.3497580290365156
0.2646264626462646,0.17281728172817282,0.20567056705670567,0.3568856885688569
0.2628797886393659,0.17569352708058125,0.2073976221928666,0.35402906208718626
0.2668428005284016,0.17701453104359313,0.2051959489211801,0.3509467195068252
0.2685308477585442,0.1708832667554372,0.20861074123391035,0.3519751442521083
0.2680457746478873,0.17517605633802816,0.20818661971830985,0.3485915492957746
0.2650918635170604,0.1784776902887139,0.21128608923884515,0.3451443569553806
0.26142355008787344,0.17926186291739896,0.20826010544815465,0.3510544815465729
0.25701754385964914,0.18421052631578946,0.20964912280701756,0.34912280701754383
0.26500219010074466,0.18834866403854578,0.2102496714848883,0.3363994743758213
0.26276408450704225,0.18970070422535212,0.2055457746478873,0.3419894366197183
0.2594713656387665,0.19383259911894274,0.20440528634361232,0.3422907488986784
0.25937362152624616,0.1980591089545655,0.19761799735333038,0.34494927216585797
0.254416961130742,0.1974381625441696,0.20318021201413428,0.34496466431095407
0.2519893899204244,0.19982316534040673,0.20424403183023873,0.34394341290893016
0.2540445999125492,0.19807608220376038,0.20507214691735898,0.34280717096633145
0.24834583149536832,0.19144243493603882,0.2046757829730922,0.35553595059550064
0.2474813841436706,0.19360490582566797,0.21068769163381515,0.34822601839684625
0.2508818342151676,0.1966490299823633,0.21208112874779542,0.3403880070546737
0.26271561256081377,0.19504643962848298,0.21141088014153028,0.3308270676691729
0.2570052539404553,0.20052539404553416,0.2084063047285464,0.3340630472854641
0.2600441501103753,0.2,0.21147902869757174,0.32847682119205296
0.2599118942731278,0.19955947136563876,0.21145374449339208,0.3290748898678414
0.26285714285714284,0.1991208791208791,0.21142857142857144,0.3265934065934066
0.2626306620209059,0.1951219512195122,0.21123693379790942,0.3310104529616725
0.26728723404255317,0.1981382978723404,0.20301418439716312,0.33156028368794327
0.2678809418036428,0.19635717458907154,0.20346512661039537,0.33229675699689026
0.2651813018785496,0.1965923984272608,0.2018348623853211,0.3363914373088685
0.268141592920354,0.19557522123893806,0.1986725663716814,0.33761061946902654
0.2678100263852243,0.19788918205804748,0.19876868953386104,0.3355321020228672
0.2704485488126649,0.20052770448548812,0.1961301671064204,0.33289357959542654
0.2691117984975696,0.2001767565178966,0.20150243040212107,0.32920901458241275
0.2714535901926445,0.19746059544658495,0.2000875656742557,0.3309982486865149
0.2695191883546537,0.19629466254962505,0.19894133215703572,0.33524481693868546
0.2633654688869413,0.19412795793163892,0.20552147239263804,0.33698510078878174
0.26433260393873087,0.19037199124726478,0.20043763676148796,0.3448577680525164
0.2557624113475177,0.1945921985815603,0.20079787234042554,0.34884751773049644
0.25570175438596493,0.1912280701754386,0.20833333333333334,0.3447368421052632
0.2595688517377915,0.194456665200176,0.20809502859656842,0.33787945446546414
0.2624113475177305,0.18882978723404256,0.21010638297872342,0.33865248226950356
0.25976909413854354,0.19094138543516873,0.20737122557726465,0.3419182948490231
0.2650862068965517,0.19008620689655173,0.20862068965517241,0.33620689655172414
0.26748790145182577,0.192696876374835,0.21073471183457984,0.32908051033875935
0.2655838454784899,0.19095697980684812,0.21027216856892011,0.33318700614574187
0.2650442477876106,0.18938053097345134,0.20929203539823008,0.336283185840708
0.26593406593406593,0.19076923076923077,0.20263736263736265,0.34065934065934067
0.2668122270742358,0.1903930131004367,0.20786026200873362,0.3349344978165939
0.2660270388137811,0.1927605756650676,0.20671609245529873,0.3344962930658526
0.2619257950530035,0.19478798586572438,0.2067137809187279,0.3365724381625442
0.2583074878156845,0.1958351794417368,0.20691182986264953,0.3389455028799291
0.2587873462214411,0.19200351493848858,0.21133567662565905,0.3378734622144112
0.26297117516629714,0.1951219512195122,0.2097560975609756,0.3321507760532151
0.26037069726390116,0.19593998234774934,0.20476610767872905,0.3389232127096205
0.2619047619047619,0.19223985890652556,0.20458553791887124,0.3412698412698413
0.2590120160213618,0.19492656875834447,0.2064975522919448,0.3395638629283489
0.258121940364931,0.19670672007120604,0.20471740097908322,0.3404539385847797
0.26403508771929823,0.19035087719298247,0.2074561403508772,0.3381578947368421
0.2648342059336824,0.19022687609075042,0.20506108202443282,0.33987783595113435
0.26387665198237886,0.1828193832599119,0.20792951541850221,0.345374449339207
0.26607929515418505,0.18898678414096917,0.21101321585903085,0.333920704845815
0.2669603524229075,0.18722466960352424,0.21585903083700442,0.3299559471365639
0.26799116997792494,0.1814569536423841,0.22119205298013245,0.3293598233995585
0.2683775554588952,0.18268812527185732,0.21444106133101348,0.33449325793823403
0.27684859154929575,0.18045774647887325,0.21830985915492956,0.32438380281690143
0.28134556574923547,0.182175622542595,0.20795107033639143,0.3285277413717781
0.2768959435626102,0.18694885361552027,0.20855379188712522,0.32760141093474426
0.27692307692307694,0.19076923076923077,0.20923076923076922,0.3230769230769231
0.2787532923617208,0.1839332748024583,0.2067603160667252,0.3305531167690957
0.278580814717477,0.18484450284713097,0.2067455102934735,0.32982917214191854
0.28015734265734266,0.18575174825174826,0.20410839160839161,0.3299825174825175
0.2847740236946029,0.17858709960508995,0.20140412461605967,0.33523475208424747
0.28596491228070176,0.181140350877193,0.19956140350877194,0.3333333333333333
0.28471309680245294,0.18134034165571616,0.1927288655278143,0.34121769601401664
0.28496273564226215,0.17755370451556335,0.1972818939061815,0.340201665935993
0.2854586129753915,0.1767337807606264,0.1982102908277405,0.3395973154362416
0.28370044052863436,0.18237885462555067,0.2026431718061674,0.3312775330396476
0.27952233524988945,0.18222025652366208,0.20389208314904908,0.33436532507739936
0.2796271637816245,0.1779849090102086,0.20461606746560143,0.33777185974256546
0.27512066695919263,0.18253620008775778,0.20666959192628345,0.3356735410267661
0.2770448548812665,0.1838170624450308,0.20052770448548812,0.3386103781882146
0.2754385964912281,0.17763157894736842,0.2026315789473684,0.3442982456140351
0.2804395604395604,0.17362637362637362,0.20483516483516484,0.3410989010989011
0.2713903743315508,0.17290552584670232,0.2107843137254902,0.3449197860962567
0.2690780767534186,0.18217909131010146,0.20820467578297308,0.34053815615350685
0.2693498452012384,0.183547103051747,0.20964175143741706,0.33746130030959753
0.27797513321492007,0.18206039076376554,0.20515097690941386,0.33481349911190056
0.2695536897923111,0.18471056120194432,0.21210782147591692,0.3336279275298277
0.2689594356261023,0.18518518518518517,0.21119929453262787,0.33465608465608465
0.27741371778069024,0.18261249453910006,0.20795107033639143,0.3320227173438183
0.2732072151341839,0.17993840739111305,0.21513418389793224,0.3317201935767708
0.27225130890052357,0.18280977312390925,0.21335078534031413,0.33158813263525305
0.2753623188405797,0.18401405357927098,0.21651295564339043,0.3241106719367589
0.27859368046283933,0.17890520694259013,0.2109479305740988,0.33155318202047174
0.27765631832094445,0.1709663314385658,0.2155662439877569,0.33581110625273286
0.2815107597716293,0.16908212560386474,0.21256038647342995,0.33684672815107597
0.27845884413309985,0.16418563922942206,0.21409807355516638,0.3432574430823117
0.27961672473867594,0.1681184668989547,0.21733449477351915,0.33493031358885017
0.2796312554872695,0.1694468832309043,0.21729587357330993,0.33362598770851626
0.2796125055041832,0.16468516072214884,0.21532364597093792,0.34037868780273006
0.2875441696113074,0.1625441696113074,0.2124558303886926,0.3374558303886926
0.27985896870868227,0.1626267078007933,0.2150727192595857,0.3424416042309387
0.2781921895568232,0.16279069767441862,0.2150065818341378,0.3440105309346205
0.2743207712532866,0.16652059596844873,0.21647677475898336,0.3426818580192813
0.2725274725274725,0.16527472527472528,0.21626373626373627,0.34593406593406595
0.27057793345008757,0.1668126094570928,0.21541155866900175,0.3471978984238179
0.26894107221976077,0.16526362428001773,0.2210899424014178,0.34470536109880373
0.27070619006102875,0.16390584132519617,0.2140366172624237,0.35135135135135137
0.26882661996497376,0.1690017513134851,0.2119089316987741,0.3502626970227671
0.26958424507658646,0.16717724288840263,0.2074398249452954,0.3557986870897155
0.2710606721955478,0.16761239633347882,0.20296813618507203,0.35835879528590137
0.2688888888888889,0.1671111111111111,0.2008888888888889,0.3631111111111111
0.26499118165784835,0.17195767195767195,0.19797178130511464,0.36507936507936506
0.26790450928381965,0.17462422634836428,0.1971706454465075,0.3603006189213086
0.26371215445370777,0.16849495392716105,0.19789381307591047,0.36989907854322074
0.2603160667251975,0.17251975417032483,0.1997366110623354,0.3674275680421422
0.25864332603938733,0.17155361050328227,0.20612691466083152,0.3636761487964989
0.261558784676354,0.17437252311756934,0.202113606340819,0.3619550858652576
0.2647317502198769,0.17370272647317503,0.2009674582233949,0.3605980650835532
0.26187305814469597,0.1779849090102086,0.20328450954283178,0.35685752330226367
0.26037069726390116,0.18093556928508384,0.20211827007943514,0.35657546337157986
0.2590809628008753,0.18293216630196937,0.20481400437636763,0.3531728665207877
0.25785050862450243,0.183547103051747,0.20300751879699247,0.35559486952675806
0.25880281690140844,0.1875,0.1949823943661972,0.3587147887323944
0.2570921985815603,0.19060283687943264,0.19193262411347517,0.3603723404255319
0.26264848218213815,0.1900571931368236,0.194456665200176,0.3528376594808623
0.26449912126537783,0.18980667838312829,0.19244288224956063,0.3532513181019332
0.2687417799210872,0.19289785181937746,0.18895221394125383,0.3494081543182815
0.26906222611744085,0.18580192813321647,0.19412795793163892,0.35100788781770376
0.27463863337713534,0.18922470433639949,0.19229084537888744,0.34384581690757776
0.2755281690140845,0.1914612676056338,0.1892605633802817,0.34375
0.2741295724988982,0.1983252534156016,0.19039224327897752,0.3371529308065227
0.27077865266841644,0.19553805774278216,0.1968503937007874,0.336832895888014
0.2789661319073084,0.1947415329768271,0.1925133689839572,0.33377896613190733
0.28144239226033424,0.18997361477572558,0.1917326297273527,0.3368513632365875
0.28010586678429644,0.19232465813850905,0.18659020732245257,0.34097926775474197
0.27446715963462376,0.18964767290126142,0.1870378425402349,0.34884732492387993
0.27312775330396477,0.19427312775330396,0.1841409691629956,0.34845814977973566
0.2787746170678337,0.19212253829321663,0.1785557986870897,0.35054704595186
0.2794053344993441,0.19326628771316134,0.17971141233056406,0.3476169654569305
0.27575488454706926,0.19671403197158083,0.17984014209591473,0.34769094138543516
0.27481252756947505,0.19938244375827086,0.1768857520952801,0.34891927657697397
0.2750766535260622,0.1979851073149365,0.16644765659220323,0.36049058256679806
0.2718531468531469,0.194493006993007,0.17657342657342656,0.3570804195804196
0.27043747238179405,0.2010605391073796,0.17587273530711445,0.3526292532037119
0.27151730257320317,0.19875776397515527,0.17790594498669032,0.3518189884649512
0.27913159060700043,0.19273371732388125,0.17855560478511298,0.34957908728400533
0.28019323671497587,0.19148001756697408,0.17391304347826086,0.3544137022397892
0.2801953818827709,0.1922735346358792,0.17761989342806395,0.34991119005328597
0.2773626373626374,0.19648351648351647,0.17406593406593407,0.35208791208791207
0.2743131269079808,0.19886611426079373,0.17836894897514174,0.34845180985608376
0.27356422621657167,0.19377466023673828,0.17974572555896537,0.3529153879877247
0.2774079005770084,0.19218819351975144,0.1846426986240568,0.3457612072791833
0.2791922739244952,0.19534679543459174,0.1791044776119403,0.3463564530289728
0.28251318101933215,0.19024604569420034,0.18145869947275922,0.34578207381370824
0.28615794143744455,0.18766637089618457,0.18012422360248448,0.3460514640638864
0.289925208974923,0.18301803783545975,0.1803783545974483,0.3466783985921689
0.2867225408028231,0.18085575650639613,0.18085575650639613,0.35156594618438464
0.28527336860670194,0.18518518518518517,0.1763668430335097,0.3531746031746032
0.28727590730214253,0.18233493659816352,0.17140358548316573,0.3589855706165282
0.2901668129938543,0.1887620719929763,0.17251975417032483,0.3485513608428446
0.29297392841361025,0.18692001767565178,0.1661511268228016,0.35395492708793636
0.29677134011499334,0.18885448916408668,0.1667403803626714,0.34763379035824854
0.2979286029087704,0.1864257382106655,0.16483032172763332,0.3508153371529308
0.2969374167776298,0.18908122503328895,0.16600088770528185,0.3479804704837994
0.30097087378640774,0.18711385701676964,0.16902030008826124,0.3428949691085613
0.3093777388255916,0.18843120070113936,0.16432953549517967,0.3378615249780894
0.3130779392338177,0.18538088947600176,0.16468516072214884,0.3368560105680317
0.31179039301310046,0.18777292576419213,0.162882096069869,0.3375545851528384
0.31521262604121,0.1850065760631302,0.16220955721174923,0.3375712406839106
0.3151700087183958,0.1826503923278117,0.15867480383609417,0.3435047951176983
0.31390728476821195,0.18410596026490067,0.15408388520971303,0.3479028697571744
0.31762114537444935,0.18722466960352424,0.14625550660792952,0.34889867841409694
0.3116651825467498,0.18655387355298308,0.15004452359750667,0.3517364203027605
0.30618466898954705,0.18902439024390244,0.1485191637630662,0.35627177700348434
0.31048208757187085,0.1901813356921716,0.14949137549756744,0.3498452012383901
0.31154014918824047,0.18121983326020183,0.15401491882404564,0.35322509872751207
0.3105425672695192,0.18173797970886635,0.15438906043228937,0.3533303925893251
0.30718667835232255,0.18098159509202455,0.15644171779141106,0.35539000876424187
0.310013117621338,0.17971141233056406,0.15391342369916922,0.3563620463489287
0.3115114235500879,0.18717047451669597,0.15421792618629174,0.3471001757469244
0.31595227574016793,0.18471056120194432,0.14935925762262484,0.3499779054352629
0.313215859030837,0.18458149779735683,0.1458149779735683,0.3563876651982379
0.3084358523725835,0.18365553602811951,0.14850615114235502,0.359402460456942
0.31274812527569473,0.18614909572121746,0.13983237759153067,0.36127040141155714
0.3165784832451499,0.18915343915343916,0.14109347442680775,0.3531746031746032
0.30962897526501765,0.1894876325088339,0.14620141342756185,0.3546819787985866
0.3124448367166814,0.1879964695498676,0.14872021182700795,0.35083848190644307
0.31506238859180036,0.18627450980392157,0.1532976827094474,0.34536541889483063
0.31026884089907447,0.1864257382106655,0.15293080652269722,0.3503746143675628
0.3194321206743567,0.1850044365572316,0.1495119787045253,0.3460514640638864
0.32272325375773653,0.1812555260831123,0.14809902740937222,0.347922192749779
0.3292144748455428,0.1857899382171227,0.1443071491615181,0.3406884377758164
0.3348076072534277,0.183547103051747,0.14285714285714285,0.33878814683768244
0.3347940403155127,0.18448729184925505,0.1446099912357581,0.33610867659947413
0.3374233128834356,0.18536371603856266,0.14022787028921999,0.33698510078878174
0.3347978910369069,0.18233743409490333,0.14147627416520211,0.3413884007029877
0.3350831146106737,0.1889763779527559,0.13867016622922135,0.33727034120734906
0.3380468404772426,0.18471056120194432,0.137870083959346,0.3393725143614671
0.3411297440423654,0.1822594880847308,0.13459841129744043,0.34201235657546336
0.3375656742556918,0.18476357267950963,0.13660245183887915,0.3410683012259194
0.3370044052863436,0.1841409691629956,0.1343612334801762,0.34449339207048457
0.3306948109058927,0.1820580474934037,0.13852242744063326,0.34872471416007034
0.3355614973262032,0.1804812834224599,0.1408199643493761,0.3431372549019608
0.3274956217162872,0.18651488616462347,0.14141856392294222,0.3445709281961471
0.332306338028169,0.19190140845070422,0.14216549295774647,0.3336267605633803
0.3309765797613787,0.18957136544410075,0.14317277949624393,0.3362792752982766
0.33070521243977224,0.19229084537888744,0.1384143670608848,0.33858957512045557
0.32848324514991184,0.19135802469135801,0.1455026455026455,0.33465608465608465
0.3315626383355467,0.19654714475431606,0.14475431606905712,0.32713590084108013
0.32736796158882586,0.18638149279790484,0.14753382802269752,0.3387167175905718
0.3311461067366579,0.18635170603674542,0.1452318460192476,0.33727034120734906
0.3256738842244808,0.1873619089703933,0.1520106053910738,0.3349536014140521
0.32077979618963226,0.19051838723969872,0.15064244572441293,0.3380593708462561
0.31848257609175123,0.18570798411998235,0.1513012792236436,0.34450816056462286
0.320298769771529,0.18497363796133567,0.15641476274165203,0.3383128295254833
0.31190681622088007,0.18895599654874892,0.1540120793787748,0.3451251078515962
0.3164612676056338,0.18882042253521128,0.15140845070422534,0.34330985915492956
0.3127224199288256,0.1854982206405694,0.1552491103202847,0.34653024911032027
