C,D,Oc,Od
1.0,0.0,0.0,0.0
0.6,0.0,0.0,0.4
0.625,0.0,0.0,0.375
0.5882352941176471,0.0,0.0,0.4117647058823529
0.6666666666666666,0.0,0.0,0.3333333333333333
0.6052631578947368,0.0,0.05263157894736842,0.34210526315789475
0.5535714285714286,0.0,0.07142857142857142,0.375
0.5789473684210527,0.013157894736842105,0.06578947368421052,0.34210526315789475
0.5283018867924528,0.009433962264150943,0.07547169811320754,0.3867924528301887
0.539568345323741,0.02877697841726619,0.07913669064748201,0.35251798561151076
0.5439560439560439,0.03296703296703297,0.08241758241758242,0.34065934065934067
0.5181818181818182,0.03636363636363636,0.08636363636363636,0.35909090909090907
0.5253623188405797,0.04710144927536232,0.09420289855072464,0.3333333333333333
0.5319767441860465,0.055232558139534885,0.09883720930232558,0.313953488372093
0.5219512195121951,0.06097560975609756,0.0951219512195122,0.32195121951219513
0.5120481927710844,0.05823293172690763,0.10441767068273092,0.3253012048192771
0.5050167224080268,0.05852842809364549,0.1020066889632107,0.33444816053511706
0.501412429378531,0.06497175141242938,0.10028248587570622,0.3333333333333333
0.4968553459119497,0.06289308176100629,0.1069182389937107,0.3333333333333333
0.48854961832061067,0.064340239912759,0.11014176663031625,0.33696837513631406
0.4916584887144259,0.06673209028459273,0.10598626104023552,0.3356231599607458
0.48917748917748916,0.0632034632034632,0.1038961038961039,0.3437229437229437
0.48549019607843136,0.06980392156862746,0.10352941176470588,0.3411764705882353
0.47737226277372263,0.06934306569343066,0.1,0.3532846715328467
0.47235494880546075,0.06552901023890785,0.10784982935153584,0.35426621160409555
0.4706994328922495,0.06742281033396345,0.10522999369880277,0.35664776307498425
0.45868263473053894,0.06766467065868263,0.10479041916167664,0.3688622754491018
0.44954128440366975,0.07052752293577981,0.10378440366972477,0.3761467889908257
0.44754098360655736,0.073224043715847,0.10327868852459017,0.37595628415300547
0.4388451443569554,0.07716535433070866,0.10341207349081365,0.3805774278215223
0.434538970962812,0.07896077432501274,0.09679062659195109,0.38970962812022414
0.43440233236151604,0.08017492711370262,0.09523809523809523,0.3901846452866861
0.43100189035916825,0.07372400756143667,0.09688090737240075,0.3983931947069943
0.42948717948717946,0.08058608058608059,0.09523809523809523,0.3946886446886447
0.43294329432943296,0.08235823582358236,0.09450945094509451,0.39018901890189017
0.434257602862254,0.08273703041144902,0.0907871198568873,0.39221824686940965
0.43487957181088316,0.07850133809099019,0.09054415700267618,0.3960749330954505
0.43562610229276894,0.07804232804232804,0.08862433862433862,0.3977072310405644
0.4318482576091751,0.08601676224084694,0.08204675782973092,0.40008822232024704
0.4342806394316163,0.08747779751332149,0.08081705150976909,0.39742451154529307
0.4321808510638298,0.08687943262411348,0.08466312056737589,0.3962765957446808
0.43243243243243246,0.08849171752397558,0.08456843940714909,0.3945074106364429
0.42774822695035464,0.09042553191489362,0.09219858156028368,0.3896276595744681
0.4295900178253119,0.08957219251336898,0.09090909090909091,0.3899286987522282
0.4243231247225921,0.09276520195295163,0.09587217043941411,0.3870395028850422
0.43306737588652483,0.08909574468085106,0.09352836879432624,0.38430851063829785
0.42539964476021314,0.0905861456483126,0.09769094138543517,0.38632326820603907
0.4315882094148702,0.0950285965684118,0.09986801583809943,0.37351517817861857
0.434705621956618,0.08986277113767153,0.10004426737494466,0.3753873395307658
0.4278169014084507,0.0897887323943662,0.10255281690140845,0.3798415492957746
0.4284452296819788,0.0892226148409894,0.10644876325088339,0.3758833922261484
0.42428198433420367,0.09312445604873804,0.10661444734551784,0.37597911227154046
0.4265549183943538,0.0952801058667843,0.10851345390383767,0.36965152183502425
0.4239082487869431,0.09395677106307895,0.10719011910013233,0.3749448610498456
0.43172779496243924,0.08749447635881573,0.10782147591692444,0.3729562527618206
0.4313465783664459,0.09183222958057395,0.10596026490066225,0.3708609271523179
0.429388473383194,0.09546854377474703,0.1095468543774747,0.3655961284645842
0.42995169082125606,0.09530083443126922,0.10935441370223979,0.36539306104523495
0.42045454545454547,0.09659090909090909,0.11057692307692307,0.3723776223776224
0.4179498460184778,0.09546854377474703,0.11086669599648043,0.37571491421029474
0.41846153846153844,0.09626373626373626,0.11384615384615385,0.37142857142857144
0.4186560565870911,0.09681697612732096,0.11582670203359859,0.3687002652519894
0.41849039749888345,0.09825815096025012,0.1094238499330058,0.37382760160786066
0.4146449051610057,0.1023378914865461,0.11204234671371857,0.3709748566387296
0.414426523297491,0.1003584229390681,0.11290322580645161,0.37231182795698925
0.4069973427812223,0.10318866253321524,0.1200177147918512,0.3697962798937112
0.4070175438596491,0.10307017543859649,0.11271929824561404,0.37719298245614036
0.40760389036251105,0.10300618921308577,0.11538461538461539,0.3740053050397878
0.4062360801781737,0.10289532293986638,0.11536748329621381,0.3755011135857461
0.40535792709705754,0.10891523935002195,0.11286780851998243,0.37285902503293805
0.40691489361702127,0.10904255319148937,0.11125886524822695,0.3727836879432624
0.40709534368070954,0.10465631929046564,0.11042128603104213,0.3778270509977827
0.40589270008795075,0.10817941952506596,0.10993843447669305,0.3759894459102902
0.39628482972136225,0.11012826183104821,0.10835913312693499,0.38522777532065455
0.40185676392572944,0.11007957559681697,0.10831122900088418,0.3797524314765694
0.4052863436123348,0.1092511013215859,0.10792951541850221,0.3775330396475771
0.3987676056338028,0.11179577464788733,0.11091549295774648,0.3785211267605634
0.4016829052258636,0.11426040744021258,0.10806023029229407,0.37599645704162976
0.39698715108551175,0.11519716437749225,0.11475409836065574,0.3730615861763403
0.404320987654321,0.11243386243386243,0.11507936507936507,0.3681657848324515
0.39412811387900354,0.10587188612099645,0.11565836298932385,0.38434163701067614
0.3966725043782837,0.10551663747810858,0.11208406304728546,0.38572679509632224
0.3903296703296703,0.11032967032967032,0.11252747252747253,0.3868131868131868
0.39365918097754293,0.11140466754733598,0.11360634081902246,0.3813298106560986
0.39376646180860403,0.11589113257243196,0.1141352063213345,0.3762071992976295
0.38759348878134625,0.11878574571051474,0.11482622085349758,0.37879454465464146
0.3907488986784141,0.11806167400881057,0.11629955947136564,0.3748898678414097
0.39505081749889526,0.11931064958020327,0.11665930181175431,0.36897923110914715
0.39692307692307693,0.11340659340659341,0.1178021978021978,0.3718681318681319
0.39824561403508774,0.11535087719298245,0.11885964912280701,0.3675438596491228
0.3991130820399113,0.1188470066518847,0.11219512195121951,0.3698447893569845
0.3955849889624724,0.1196467991169978,0.11125827814569536,0.37350993377483444
0.4005328596802842,0.11811722912966252,0.11367673179396093,0.36767317939609234
0.39832007073386383,0.11626878868258178,0.1184792219274978,0.36693191865605657
0.40546496253856323,0.11591009255178493,0.11370647862494491,0.3649184662847069
0.4002659574468085,0.1148049645390071,0.11569148936170212,0.3692375886524823
0.3971441320838911,0.11601963409192324,0.11780455153949129,0.36903168228469435
0.3942350332594235,0.11485587583148558,0.11130820399113082,0.37960088691796007
0.40573951434878586,0.11699779249448124,0.11037527593818984,0.36688741721854307
0.3978685612788632,0.11545293072824156,0.11323268206039076,0.3734458259325044
0.3959074733096085,0.11343416370106761,0.11610320284697509,0.37455516014234874
0.4028934677772907,0.11442349846558526,0.11617711530030689,0.3665059184568172
0.40671971706454463,0.11184792219274978,0.11229000884173299,0.3691423519009726
0.40495137046861185,0.10963748894783377,0.11273209549071618,0.3726790450928382
0.4018650088809947,0.11012433392539965,0.1105683836589698,0.3774422735346359
0.40924956369982546,0.10253054101221641,0.10907504363001745,0.37914485165794065
0.4052863436123348,0.1066079295154185,0.11101321585903083,0.37709251101321584
0.40516863775733686,0.105562855891371,0.1116951379763469,0.37757336837494526
0.3956386292834891,0.1068090787716956,0.11481975967957277,0.38273253226524256
0.39462081128747795,0.10802469135802469,0.11860670194003527,0.3787477954144621
0.392602495543672,0.10739750445632798,0.11942959001782531,0.3805704099821747
0.3960088691796009,0.10199556541019955,0.12062084257206208,0.38137472283813745
0.3908606921029281,0.10159716060337179,0.12244897959183673,0.38509316770186336
0.39572192513368987,0.10739750445632798,0.12121212121212122,0.37566844919786097
0.39149689991142606,0.10717449069973428,0.12311780336581045,0.37821080602302926
0.392602495543672,0.10739750445632798,0.12121212121212122,0.3787878787878788
0.38748335552596536,0.10741233910341766,0.12516644474034622,0.37993786063027074
0.39066666666666666,0.10577777777777778,0.12044444444444445,0.3831111111111111
0.3930457746478873,0.11355633802816902,0.11883802816901408,0.37455985915492956
0.3906386701662292,0.10761154855643044,0.1216097987751531,0.3801399825021872
0.38745063624396664,0.11364633611232997,0.12329969284774024,0.37560333479596314
0.3936451897616946,0.11297440423654016,0.11827007943512798,0.37511032656663723
0.3806793118659021,0.11513012792236436,0.12174680194089105,0.38244375827084254
0.38968982088248144,0.11227610310179117,0.12407164700742683,0.37396242900830057
0.39479488310542565,0.11116012351124835,0.11910013233348037,0.3749448610498456
0.39383259911894275,0.11365638766519824,0.12026431718061674,0.3722466960352423
0.3904049295774648,0.11355633802816902,0.1210387323943662,0.375
0.38699690402476783,0.11764705882352941,0.11941618752764263,0.37593984962406013
0.3879272081668886,0.11717709720372836,0.118508655126498,0.37638703950288505
0.38525669153137343,0.11584028082492322,0.11978938130759105,0.37911364633611233
0.38172992056487204,0.1209179170344219,0.1204766107678729,0.3768755516328332
0.3771353482260184,0.11870346035917652,0.12045554095488392,0.38370565045992117
0.38143422789265286,0.12010558732952045,0.11878574571051474,0.3796744390673119
0.37921847246891655,0.11900532859680284,0.11811722912966252,0.3836589698046181
0.3755011135857461,0.12026726057906459,0.11759465478841871,0.3866369710467706
0.37390158172231985,0.12434094903339192,0.11467486818980668,0.38708260105448156
0.36765994741454866,0.12182296231375986,0.1161262050832603,0.3943908851884312
0.3713527851458886,0.11936339522546419,0.11892130857648099,0.39036251105216624
0.37314734088927637,0.11769834350479512,0.11595466434176112,0.3931996512641674
0.3778942769768458,0.11140235910878113,0.11314984709480122,0.39755351681957185
0.37533274179236914,0.11446317657497782,0.11623779946761313,0.3939662821650399
0.370583038869258,0.11307420494699646,0.11969964664310954,0.39664310954063603
0.363355408388521,0.11699779249448124,0.11743929359823399,0.4022075055187638
0.36101243339253997,0.11367673179396093,0.12255772646536411,0.402753108348135
0.36420302760463047,0.11442564559216385,0.12154942119323241,0.39982190560997327
0.35802469135802467,0.11904761904761904,0.12345679012345678,0.3994708994708995
0.35667107001321,0.11668868339938353,0.12769704975781593,0.3989431968295905
0.36049601417183347,0.11381753764393268,0.12444641275465013,0.4012400354295837
0.35934016941596075,0.11190370040124833,0.12483281319661169,0.4039233169861792
0.3652058432934927,0.10668437361664453,0.12217795484727756,0.4059318282425852
0.3653591890700749,0.10929925077126487,0.11943587483472895,0.40590568532393123
0.36727434415295684,0.10582481102712317,0.11605157847932414,0.4108492663405958
0.3729490022172949,0.10598669623059867,0.11618625277161862,0.40487804878048783
0.37747470303563574,0.10514738231412231,0.11482622085349758,0.4025516937967444
0.37449843958983503,0.11190370040124833,0.11368702630405707,0.3999108337048596
0.37577639751552794,0.11047027506654836,0.11313220940550132,0.40062111801242234
0.37211367673179396,0.108348134991119,0.11101243339253997,0.40852575488454707
0.367382726874178,0.10653222270933801,0.11486190267426567,0.4112231477422183
0.3670048522276136,0.10542567269519189,0.1133656815174239,0.4142037935597706
0.3681657848324515,0.10626102292768959,0.11067019400352733,0.4149029982363316
0.3665637406263785,0.10498456109395678,0.11468901632112924,0.4137626819585355
0.3681878599911387,0.10323438192290652,0.11431103234381923,0.4142667257421356
0.363556338028169,0.10079225352112677,0.11223591549295775,0.4234154929577465
0.3657570422535211,0.10079225352112677,0.11267605633802817,0.42077464788732394
0.36524822695035464,0.10593971631205673,0.1125886524822695,0.4162234042553192
0.35926573426573427,0.11057692307692307,0.1131993006993007,0.416958041958042
0.3606271777003484,0.11193379790940766,0.10888501742160278,0.4185540069686411
0.3623954205195949,0.11140466754733598,0.11536767943637165,0.4108322324966975
0.36295971978984237,0.10989492119089317,0.10989492119089317,0.4172504378283713
0.36154186973859104,0.10810810810810811,0.11829862649534781,0.412051395657953
0.36631486367634125,0.1059806508355321,0.113896218117854,0.41380826737027265
0.369612538093165,0.10579016107966914,0.11580322159338267,0.4087940792337832
0.3641160949868074,0.11213720316622691,0.11785400175901495,0.40589270008795075
0.36539306104523495,0.11155028546332894,0.11286780851998243,0.4101888449714537
0.3658322353974528,0.10759771629336846,0.1137461572244181,0.41282389108476064
0.3613556338028169,0.10651408450704225,0.11003521126760564,0.4220950704225352
0.3573959255978742,0.10717449069973428,0.10850310008857396,0.4269264836138175
0.35500878734622143,0.1054481546572935,0.10808435852372583,0.4314586994727592
0.3524518388791594,0.10683012259194395,0.10989492119089317,0.4308231173380035
0.3587819947043248,0.10238305383936452,0.11253309796999117,0.4263018534863195
0.36539306104523495,0.10188844971453667,0.10935441370223979,0.4233640755379886
0.36942112240388864,0.09809986743261158,0.1100309323906319,0.42244807777286786
0.3683978873239437,0.09991197183098592,0.1113556338028169,0.4203345070422535
0.3689277899343545,0.09934354485776806,0.10984682713347921,0.4218818380743983
0.3639170710189678,0.10101455668284076,0.11071901191001324,0.4243493603881782
0.36082928981032203,0.10145566828407587,0.10807234230260256,0.42964269960299956
0.36594997806055285,0.09872751206669592,0.10618692408951294,0.42913558578323824
0.36844424856765096,0.09519612163948876,0.10885852798589687,0.42750110180696343
0.363317244405441,0.09741114523913998,0.1075032909170689,0.43176831943835015
0.36311619718309857,0.09991197183098592,0.10915492957746478,0.4278169014084507
0.3675889328063241,0.10408432147562582,0.10759771629336846,0.4207290294246816
0.361074416556583,0.10171730515191546,0.11052399823866138,0.42668428005284015
0.3629531388152078,0.09770114942528736,0.11229000884173299,0.4270557029177719
0.364,0.096,0.11377777777777778,0.4262222222222222
0.36423550087873463,0.09534270650263621,0.11247803163444639,0.4279437609841828
0.3575517393218846,0.0964332892998679,0.11272567151034786,0.4332892998678996
0.36874723328906595,0.09606020362992475,0.10624169986719788,0.42895086321381143
0.37064786249449094,0.09431467606875275,0.10489202291758484,0.4301454385191714
0.3644777434993389,0.09784045835169679,0.10092551784927281,0.4367562802996915
0.36419753086419754,0.09611992945326278,0.10317460317460317,0.4365079365079365
0.36243386243386244,0.09435626102292768,0.10626102292768959,0.43694885361552027
0.3626760563380282,0.09683098591549295,0.1056338028169014,0.43485915492957744
0.371088585279859,0.09519612163948876,0.10533274570295284,0.42838254737769943
0.3616366036075671,0.09370875494940607,0.10426748790145182,0.44038715354157504
0.36728395061728397,0.09259259259259259,0.10582010582010581,0.43430335097001765
0.3667111704494882,0.09479305740987984,0.102803738317757,0.43569203382287497
0.3629531388152078,0.08974358974358974,0.10389036251105217,0.4434129089301503
0.3573943661971831,0.09066901408450705,0.10607394366197183,0.445862676056338
0.35340314136125656,0.0911867364746946,0.10863874345549739,0.4467713787085515
0.35063235935455733,0.08940252943741823,0.10815525512429132,0.4518098560837331
0.35,0.08672566371681416,0.10929203539823008,0.4539823008849557
0.3495400788436268,0.08278580814717477,0.105562855891371,0.4621112571178274
0.3531746031746032,0.082010582010582,0.10449735449735449,0.4603174603174603
0.3537234042553192,0.08023049645390071,0.10638297872340426,0.4596631205673759
0.3539202803328953,0.08366184844502847,0.10512483574244415,0.45729303547963207
0.3527863097849934,0.08556384379113646,0.10530934620447564,0.4563405002193945
0.34863195057369817,0.08473080317740513,0.10503089143865843,0.4616063548102383
0.3634380453752182,0.08333333333333333,0.10078534031413612,0.4524432809773124
0.36131868131868133,0.08263736263736264,0.09934065934065935,0.4567032967032967
0.3619631901840491,0.08238387379491674,0.09991235758106924,0.45574057843996496
0.3612450679526523,0.08066637439719421,0.10653222270933801,0.45155633494081543
0.3614404918752745,0.08080808080808081,0.10496267018006149,0.45278875713658323
0.36082024432809773,0.0780977312390925,0.10340314136125654,0.45767888307155324
0.3652668416447944,0.07742782152230972,0.1036745406824147,0.4536307961504812
0.357862461673237,0.08103372755146737,0.10249671484888305,0.45860709592641263
0.3551236749116608,0.07818021201413428,0.10379858657243816,0.4628975265017668
0.35859929078014185,0.07801418439716312,0.1077127659574468,0.45567375886524825
0.3603006189213086,0.07957559681697612,0.10212201591511937,0.45800176834659595
0.3578713968957871,0.07716186252771619,0.1024390243902439,0.46252771618625277
0.3623059866962306,0.07760532150776053,0.10066518847006652,0.45942350332594234
0.36379769299023956,0.07630878438331855,0.09627329192546584,0.463620230700976
0.36504424778761063,0.0752212389380531,0.09557522123893805,0.46415929203539824
0.36375603334795964,0.07459412022817025,0.09565598946906538,0.4659938569548047
0.36215978928884984,0.07857769973661106,0.09789288849868305,0.461369622475856
0.36347517730496454,0.07801418439716312,0.09973404255319149,0.4587765957446808
0.3665934065934066,0.07560439560439561,0.10021978021978022,0.4575824175824176
0.36283185840707965,0.0743362831858407,0.10309734513274336,0.4597345132743363
0.35698545614808286,0.07800793301013663,0.1004847950639048,0.4645218157778757
0.3664323374340949,0.07337434094903339,0.09885764499121265,0.46133567662565905
0.3747787610619469,0.0743362831858407,0.09336283185840707,0.4575221238938053
0.37571491421029474,0.07567091948966125,0.08798944126704795,0.46062472503299606
0.36884154460719043,0.07767421216156237,0.08921438082556592,0.4642698624056813
0.37383177570093457,0.08188696039163329,0.08767245215843347,0.45660881174899864
0.36923076923076925,0.08087912087912089,0.09274725274725275,0.45714285714285713
0.3689363595905652,0.0774365821094793,0.09301290609701825,0.4606141522029373
0.3666519239274657,0.0804953560371517,0.09022556390977443,0.4626271561256081
0.36581045172719223,0.08680248007085917,0.08724534986713905,0.46014171833480955
0.3655629139072848,0.09050772626931568,0.07991169977924945,0.4640176600441501
0.36923076923076925,0.09010989010989011,0.07736263736263736,0.4632967032967033
0.36480496453900707,0.08953900709219859,0.07624113475177305,0.46941489361702127
0.3670166229221347,0.09492563429571303,0.08092738407699038,0.45713035870516183
0.3648888888888889,0.092,0.08,0.4631111111111111
0.3659725299069561,0.08949933540097474,0.07753655294638902,0.4669915817456801
0.36890243902439024,0.09189895470383275,0.0744773519163763,0.4647212543554007
0.36821366024518387,0.08844133099824869,0.07793345008756568,0.46541155866900175
0.3657673595754091,0.08668730650154799,0.07916850950906679,0.4683768244139761
0.3652058432934927,0.09074811863656485,0.0765825586542718,0.4674634794156706
0.37170474516695956,0.08655536028119508,0.07820738137082602,0.46353251318101935
0.3648767605633803,0.08714788732394366,0.07966549295774648,0.46830985915492956
0.3606340819022457,0.08630559225011009,0.07837956847203875,0.47468075737560544
0.3635555555555556,0.08711111111111111,0.07644444444444444,0.4728888888888889
0.35559486952675806,0.08580274214949138,0.0804953560371517,0.47810703228659884
0.3581762384918895,0.08417360806663744,0.0789127575624726,0.47873739587900044
0.3470927652019529,0.08832667554371948,0.07767421216156237,0.4869063470927652
0.3519406890536415,0.08286088094199738,0.07631923244657654,0.4888791975577846
0.34725274725274724,0.08747252747252747,0.07956043956043957,0.4857142857142857
0.3471254355400697,0.08928571428571429,0.07926829268292683,0.4843205574912892
0.3443126921387791,0.08607817303469477,0.07992973210364515,0.48967940272288096
0.3472344161545215,0.08516242317822652,0.0781387181738367,0.48946444249341525
0.34630872483221475,0.08232662192393736,0.07695749440715884,0.49440715883668906
0.33853006681514475,0.08195991091314031,0.07661469933184856,0.5028953229398664
0.3414954088325317,0.08526453869698294,0.07695671184958461,0.49628334062090074
0.33289241622574955,0.07936507936507936,0.07848324514991181,0.5092592592592593
0.33348154735437974,0.0840373499333037,0.07825700311249444,0.5042240995998222
0.3314285714285714,0.0843956043956044,0.08395604395604396,0.5002197802197802
0.33436944937833035,0.08170515097690942,0.08570159857904085,0.49822380106571934
0.3438053097345133,0.07920353982300884,0.08628318584070796,0.4907079646017699
0.3427167113494191,0.0777479892761394,0.08534405719392314,0.4941912421805183
0.341688654353562,0.07387862796833773,0.08311345646437995,0.5013192612137203
0.34319787985865724,0.07553003533568904,0.08348056537102473,0.49779151943462896
0.3391034176653351,0.08033732800710164,0.08433200177541056,0.49622725255215266
0.3384615384615385,0.08351648351648351,0.08395604395604396,0.4940659340659341
0.34250221827861577,0.07808340727595386,0.07897071872227152,0.5004436557231589
0.34899034240561894,0.07726075504828797,0.07901668129938542,0.4947322212467076
0.34449339207048457,0.07709251101321586,0.0828193832599119,0.4955947136563877
0.3383726100489106,0.07425522454424188,0.08048021342819031,0.5068919519786572
0.3354064860062195,0.07641048422923145,0.08218569524655708,0.505997334517992
0.33790358248562585,0.07651481645289694,0.08314904909332153,0.5024325519681557
0.335971855760774,0.07871591908531222,0.08091468777484609,0.5043975373790677
0.33687943262411346,0.07712765957446809,0.08200354609929078,0.5039893617021277
0.34315882094148703,0.07435107787065552,0.08095028596568411,0.5015398152221734
0.343205574912892,0.07578397212543554,0.08101045296167247,0.5
0.34746136865342164,0.07637969094922738,0.07770419426048565,0.49845474613686536
0.3494342906875544,0.0783289817232376,0.07789382071366406,0.49434290687554394
0.3482849604221636,0.07827616534740545,0.07695690413368514,0.49648197009674583
0.3487133984028394,0.0771960958296362,0.07497781721384206,0.49911268855368235
0.35353535353535354,0.07422046552481334,0.07817303469477382,0.49407114624505927
0.35439681838267784,0.0764471939902784,0.07423773751657092,0.4949182501104728
0.35091543156059285,0.06974716652136007,0.08108108108108109,0.49825632083696597
0.35039370078740156,0.06955380577427822,0.08092738407699038,0.4991251093613298
0.35330396475770925,0.07092511013215859,0.0801762114537445,0.4955947136563877
0.34725274725274724,0.07076923076923076,0.07692307692307693,0.5050549450549451
0.3428196147110333,0.07049036777583187,0.08012259194395797,0.5065674255691769
0.3424056189640035,0.0684811237928007,0.07682177348551361,0.5122914837576822
0.33801580333625986,0.06892010535557506,0.07726075504828797,0.5158033362598771
0.3368747233289066,0.06994245241257194,0.07613988490482515,0.5170429393536963
0.33392148213498013,0.07322452580502867,0.07322452580502867,0.5196294662549625
0.3425317564607972,0.0735873850197109,0.07402540516863776,0.5098554533508541
0.3362598770851624,0.0733099209833187,0.07199297629499561,0.5184372256365233
0.3405958203646065,0.07247665629168519,0.07203201422854602,0.5148955091151622
0.3421985815602837,0.0749113475177305,0.07180851063829788,0.5110815602836879
0.3374503749448611,0.07190119100132333,0.06925452139391267,0.521393912659903
0.33989501312335957,0.07480314960629922,0.07174103237095363,0.5135608048993876
0.33318642573821067,0.0740414279418246,0.0749228735125606,0.5178492728074041
0.33800964489259094,0.07365190705830776,0.07145988601490574,0.5168785620341956
0.33274647887323944,0.07262323943661972,0.06910211267605634,0.5255281690140845
0.32447735191637633,0.07665505226480836,0.06968641114982578,0.5291811846689896
0.33406787130894666,0.07844865579550463,0.06743058616130454,0.5200528867342442
0.3381578947368421,0.0780701754385965,0.06403508771929825,0.5197368421052632
0.34053815615350685,0.08028231142479048,0.06484340538156154,0.5143361270401412
0.33930131004366815,0.08122270742358079,0.06157205240174673,0.5179039301310043
0.334514842711564,0.0824102791315906,0.06335844040762073,0.5197164377492246
0.3362676056338028,0.08054577464788733,0.0625,0.5206866197183099
0.3302550571679859,0.08091468777484609,0.06508355321020229,0.5237467018469657
0.33096716947648624,0.080301685891748,0.06521739130434782,0.5235137533274179
0.33451015004413065,0.08075904677846425,0.06531332744924978,0.5194174757281553
0.33729111697449426,0.08311345646437995,0.06464379947229551,0.5149516270888302
0.33700926334362596,0.08204675782973092,0.0674900749889722,0.513453903837671
0.339481774264383,0.07685551163812034,0.06851119894598155,0.5151515151515151
0.3393725143614671,0.07733097657976137,0.07335395492708793,0.5099425541316837
0.33318700614574187,0.07989464442493416,0.07199297629499561,0.5149253731343284
0.33435987681478224,0.07831060272767268,0.07259128904531456,0.5147382314122305
0.33303964757709253,0.07929515418502203,0.07444933920704846,0.513215859030837
0.3309828118113706,0.08065226972234464,0.0749228735125606,0.5134420449537241
0.33716305788775963,0.07733097657976137,0.07512152010605391,0.5103844454264251
0.3271523178807947,0.08123620309050773,0.07019867549668875,0.5214128035320088
0.33022636484687085,0.08122503328894808,0.07190412782956059,0.5166444740346205
0.3371478873239437,0.07570422535211267,0.06998239436619719,0.5171654929577465
0.3333333333333333,0.07490144546649145,0.0735873850197109,0.5181778361804643
0.3279049295774648,0.07482394366197183,0.07658450704225352,0.5206866197183099
0.33217692974848223,0.07111882046834345,0.07718993928881179,0.5195143104943626
0.32637983485441113,0.07301173402868318,0.08170360712733594,0.5189048239895697
0.33010136624063463,0.0740414279418246,0.07977082415160863,0.5160863816659321
0.33155555555555555,0.072,0.07955555555555556,0.5168888888888888
0.33540925266903915,0.07517793594306049,0.07873665480427046,0.5106761565836299
0.3356859285399206,0.07675341861490957,0.07895897662108513,0.5086016762240847
0.3343612334801762,0.07180616740088105,0.07929515418502203,0.5145374449339207
0.3315696649029982,0.06966490299823633,0.08024691358024691,0.5185185185185185
0.3285024154589372,0.07114624505928854,0.08388230127360562,0.5164690382081687
0.33216476774758985,0.06923751095530237,0.0845749342681858,0.514022787028922
0.3347921225382932,0.06958424507658643,0.0787746170678337,0.5168490153172867
0.33537921964050854,0.06970626918018413,0.07277509864094696,0.5221394125383604
0.33420593368237345,0.07417102966841187,0.07329842931937172,0.518324607329843
0.3318505338078292,0.07250889679715303,0.07250889679715303,0.5231316725978647
0.32848324514991184,0.07054673721340388,0.068342151675485,0.5326278659611993
0.331576635924462,0.07202459376372419,0.06851119894598155,0.5278875713658322
0.3364035087719298,0.07412280701754385,0.06754385964912281,0.5219298245614035
0.3464110566205974,0.07757467677218012,0.06464556397681677,0.5113687026304057
0.33537921964050854,0.0784743533537922,0.0657606313020605,0.5203857957036387
0.3396980461811723,0.08126110124333925,0.06705150976909414,0.5119893428063943
0.3391034176653351,0.07811806480248558,0.06746560142032845,0.5153129161118508
0.32275132275132273,0.07760141093474426,0.07231040564373897,0.527336860670194
0.32341356673960614,0.07789934354485777,0.07133479212253829,0.5273522975929978
0.3231518370960602,0.07569721115537849,0.07215582115980522,0.5289951305887561
0.32188463232056364,0.07837956847203875,0.07089387934830471,0.5288419198590929
0.31966490299823636,0.07716049382716049,0.07451499118165784,0.5286596119929453
0.31906443071491614,0.0820829655781112,0.07722859664607237,0.5216240070609003
0.3107142857142857,0.08571428571428572,0.075,0.5285714285714286
0.3224669603524229,0.08546255506607929,0.07092511013215859,0.5211453744493392
0.3102076889085285,0.08528501988510827,0.068935041979673,0.5355722492266902
0.3153271848924023,0.08651734738691261,0.06499780412823891,0.5331576635924462
0.3177405119152692,0.08605472197705208,0.06751985878199471,0.5286849073256841
0.3209281961471103,0.08669001751313485,0.0691768826619965,0.5232049036777583
0.31866666666666665,0.08355555555555555,0.07066666666666667,0.5271111111111111
0.3130779392338177,0.0841039189784236,0.0726552179656539,0.5301629238221048
0.3028802880288029,0.08370837083708371,0.07875787578757876,0.5346534653465347
0.30096660808435854,0.08084358523725835,0.07864674868189807,0.539543057996485
0.304137323943662,0.07746478873239436,0.0761443661971831,0.5422535211267606
0.29991126885536823,0.07941437444543034,0.07941437444543034,0.541259982253771
0.3005729396209784,0.07756721022476862,0.08417805200528868,0.5376817981489643
0.2963940193491645,0.07959542656112577,0.08267370272647317,0.5413368513632366
0.29867256637168144,0.07654867256637168,0.08230088495575222,0.5424778761061947
0.29766622633201234,0.07881990312637605,0.08278291501541171,0.5407309555261999
0.30772626931567326,0.07902869757174392,0.07991169977924945,0.5333333333333333
0.31154014918824047,0.0759104870557262,0.07898200965335674,0.5335673541026766
0.3058510638297872,0.08023049645390071,0.08156028368794327,0.5323581560283688
0.29708222811671087,0.08001768346595933,0.08134394341290893,0.5415561450044208
0.29933481152993346,0.07849223946784922,0.07849223946784922,0.5436807095343681
0.29072347980470487,0.08122503328894808,0.08033732800710164,0.5477141588992455
0.2953436807095344,0.08337028824833703,0.07184035476718403,0.5494456762749446
0.29763498438197233,0.0856760374832664,0.071396697902722,0.5452922802320392
0.2885042166000888,0.08433200177541056,0.07412339103417666,0.5530403905903241
0.29530495831505044,0.07722685388328214,0.07547169811320754,0.5519964896884598
0.2990736656374063,0.07719453021614468,0.07366563740626378,0.5500661667401853
0.2966064345526664,0.07756721022476862,0.06919347730277656,0.5566328779197884
0.2959680992467878,0.07842268498006202,0.07000443066016837,0.5556047851129818
0.29525483304042177,0.0804042179261863,0.06942003514938488,0.554920913884007
0.2929908576404005,0.07749238136700043,0.07270352633870265,0.5568132346538964
0.28783253379851725,0.07719145224596598,0.06977758395115569,0.5651984300043611
0.2922134733158355,0.07961504811898512,0.07086614173228346,0.5573053368328958
0.29183049366535607,0.08256880733944955,0.07470511140235911,0.5508955875928353
0.29168499780026397,0.08227012758468984,0.07655081390233172,0.5494940607127144
0.2864013992129427,0.0804547442063839,0.07870572802798426,0.5544381285526891
0.2831272084805654,0.08392226148409894,0.08171378091872791,0.5512367491166078
0.28703296703296705,0.08483516483516483,0.08175824175824176,0.5463736263736264
0.2887511071744907,0.08724534986713905,0.08370239149689991,0.5403011514614703
0.29175848391361836,0.08461877479065667,0.08814455707360071,0.5354781842221242
0.29504603244191147,0.08680403331871986,0.08943445857080227,0.5287154756685665
0.28811312417145385,0.08440123729562528,0.08661069376933274,0.5408749447635881
0.28892809880899867,0.08292898103220114,0.08734009704455227,0.5408028231142479
0.28527200353825743,0.08137992038920831,0.08536045997346307,0.5479876160990712
0.2856516015796402,0.07985958753839403,0.07985958753839403,0.5546292233435718
0.28338475099162624,0.08197443807844866,0.08329660643455267,0.5513442044953724
0.2824258521469677,0.08145196989818504,0.0818946436476317,0.5542275343072156
0.28140257434531735,0.08122503328894808,0.08477585441633377,0.5525965379494008
0.2831588132635253,0.08202443280977312,0.07940663176265271,0.5554101221640488
0.2850838481906443,0.08914386584289496,0.08075904677846425,0.5450132391879965
0.2789587852494577,0.0876355748373102,0.08069414316702819,0.5527114967462039
0.27713427713427713,0.08751608751608751,0.08451308451308451,0.5508365508365508
0.27855887521968364,0.0852372583479789,0.08567662565905097,0.5505272407732865
0.27224901359053044,0.08592722490135905,0.08505041648399825,0.5567733450241122
0.27232732072151344,0.08534975802903652,0.0818301803783546,0.5604927408710955
0.26884089907448216,0.08417805200528868,0.08153371529308065,0.5654473336271485
0.2677935943060498,0.08229537366548043,0.0849644128113879,0.5649466192170819
0.2665482007996446,0.08618391825855176,0.08262994224788983,0.5646379386939138
0.26808699511762096,0.08388814913448735,0.08388814913448735,0.5641367066134043
0.26963812886142985,0.08164165931156223,0.08164165931156223,0.5670785525154457
0.27284826974267967,0.08118899733806566,0.07897071872227152,0.5669920141969832
0.2737306843267108,0.07858719646799117,0.08211920529801324,0.5655629139072847
0.2808888888888889,0.07244444444444445,0.07822222222222222,0.5684444444444444
0.2765957446808511,0.07446808510638298,0.07712765957446809,0.5718085106382979
0.27824175824175823,0.07472527472527472,0.0778021978021978,0.5692307692307692
0.2778983933999132,0.07425097698653929,0.07989578810247504,0.5679548415110726
0.2776066871975363,0.07787065552133744,0.07787065552133744,0.5666520017597888
0.2783687943262411,0.08200354609929078,0.07446808510638298,0.5651595744680851
0.2759226713532513,0.0804042179261863,0.07952548330404217,0.5641476274165202
0.27794962439239945,0.07865665046398586,0.08086610693769333,0.5625276182059213
0.27790228597041683,0.07844016136261767,0.07799193186911699,0.5656656207978485
0.26595744680851063,0.08111702127659574,0.08023049645390071,0.5726950354609929
0.26773049645390073,0.07845744680851063,0.08023049645390071,0.5735815602836879
0.2682602921646746,0.07746790615316512,0.08056662239929172,0.5737051792828686
0.26856380613606046,0.07514450867052024,0.07914628723877279,0.5771453979546465
0.2733333333333333,0.072,0.0768888888888889,0.5777777777777777
0.27441449403446755,0.0764471939902784,0.07733097657976137,0.5718073353954927
0.27071333628710675,0.07620735489587949,0.076650420912716,0.5764288879042977
0.2673749446657813,0.07923860115095174,0.08056662239929172,0.5728198317839752
0.2718016821602479,0.07392651615759185,0.08145196989818504,0.5728198317839752
0.2711715664765248,0.07152259763053971,0.0785432207108381,0.5787626151820974
0.27076923076923076,0.07164835164835165,0.08131868131868132,0.5762637362637363
0.27541998231653403,0.07117595048629531,0.08045977011494253,0.5729442970822282
0.2710074791025077,0.07655081390233172,0.08227012758468984,0.5701715794104707
0.26663747810858146,0.07443082311733801,0.08231173380035026,0.5766199649737302
0.27276707530647987,0.07574430823117338,0.08099824868651488,0.5704903677758318
0.2754517408550022,0.0740414279418246,0.08153371529308065,0.5689731159100926
0.2742932862190813,0.07729681978798586,0.0812720848056537,0.5671378091872792
0.27768014059753954,0.07820738137082602,0.07908611599297012,0.5650263620386643
0.2807250221043324,0.07913351016799293,0.08178603006189213,0.5583554376657824
0.2763216348289649,0.07729897823189694,0.07774322523322967,0.5686361617059085
0.2833775419982317,0.07648099027409372,0.07382847038019452,0.5663129973474801
0.2789661319073084,0.07263814616755793,0.0766488413547237,0.57174688057041
0.2808641975308642,0.068342151675485,0.07760141093474426,0.5731922398589065
0.27220503756076003,0.07379584622182943,0.07998232434821034,0.5740167918692002
0.2689562890276539,0.07939339875111508,0.07448706512042819,0.5771632471008028
0.2675438596491228,0.07719298245614035,0.075,0.5802631578947368
0.2749003984063745,0.07923860115095174,0.07525453740593183,0.5706064630367419
0.26991150442477874,0.07610619469026549,0.07920353982300884,0.5747787610619469
0.26810004387889425,0.0759104870557262,0.0767880649407635,0.5792014041246161
0.2740740740740741,0.07538126361655774,0.08104575163398693,0.5694989106753813
0.273972602739726,0.07688908528501988,0.07865665046398586,0.5704816615112682
0.27466666666666667,0.07555555555555556,0.07644444444444444,0.5733333333333334
0.266199649737303,0.07574430823117338,0.07880910683012259,0.579246935201401
0.2649270234409553,0.07430340557275542,0.08137992038920831,0.5793896505970809
0.257908611599297,0.07381370826010544,0.07952548330404217,0.5887521968365553
0.2504416961130742,0.07332155477031801,0.08083038869257951,0.5954063604240283
0.25200356188780054,0.06990204808548531,0.08014247551202137,0.5979519145146928
0.2579505300353357,0.0706713780918728,0.07862190812720848,0.592756183745583
0.2615791795324217,0.07278341420379356,0.07719453021614468,0.58844287604764
0.25785050862450243,0.07120743034055728,0.07916850950906679,0.5917735515258735
0.258688957325121,0.07127144742630884,0.07919049714034315,0.590849098108227
0.2607361963190184,0.07318141980718668,0.08063102541630149,0.5854513584574934
0.257908611599297,0.07469244288224956,0.0812829525483304,0.5861159929701231
0.2589991220368745,0.07726075504828797,0.08077260755048288,0.5829675153643546
0.2557218309859155,0.07746478873239436,0.08362676056338028,0.5831866197183099
0.2590149516270888,0.07211961301671065,0.08311345646437995,0.5857519788918206
0.2616407982261641,0.06962305986696231,0.0802660753880266,0.588470066518847
0.2580787959274015,0.0681717574147853,0.07702523240371846,0.5967242142540947
0.2617893345085941,0.06743058616130454,0.07712648743940062,0.5936535918907008
0.258688957325121,0.07039155301363836,0.075230972283326,0.5956885173779146
0.2547294324681038,0.0708315002199736,0.08007039155301364,0.594368675758909
0.26048565121412803,0.06887417218543046,0.07637969094922738,0.5942604856512141
0.26663708961845606,0.06654835847382432,0.07497781721384206,0.5918367346938775
0.259375,0.065625,0.07633928571428572,0.5986607142857143
0.2609277430865299,0.06735057983942908,0.07894736842105263,0.5927743086529884
0.25862822193097423,0.06989951944080385,0.07863695937090433,0.5928352992573176
0.26404245908889873,0.06766917293233082,0.07518796992481203,0.5931003980539584
0.27003098716246127,0.06640106241699867,0.07215582115980522,0.5914121292607348
0.2710074791025077,0.06775186977562693,0.0708315002199736,0.5904091509018917
0.2720879120879121,0.06857142857142857,0.07296703296703297,0.5863736263736263
0.272608125819135,0.06858890345128878,0.0764525993883792,0.582350371341197
0.26830337571240687,0.06839105655414292,0.0797895659798334,0.5835160017536168
0.28050921861281825,0.0684811237928007,0.07638279192273925,0.5746268656716418
0.2752858399296394,0.06948109058927,0.07827616534740545,0.5769569041336852
0.27066666666666667,0.07555555555555556,0.07511111111111111,0.5786666666666667
0.2787028921998247,0.07142857142857142,0.07887817703768624,0.5709903593339176
0.2759078830823738,0.06864481842338352,0.08193091231178033,0.5735163861824624
0.2775564409030544,0.06330234617087206,0.08410801239486498,0.5750332005312085
0.27374052608114136,0.0664288898796255,0.0806954971020954,0.5791350869371378
0.2732003469210755,0.06895056374674761,0.07805724197745013,0.5797918473547268
0.2728471001757469,0.06678383128295255,0.07908611599297012,0.5812829525483304
0.2788966725043783,0.06786339754816112,0.07793345008756568,0.5753064798598949
0.2833260008798944,0.06555213374395072,0.07699076110866696,0.5741311042674879
0.28728070175438597,0.06447368421052632,0.07894736842105263,0.5692982456140351
0.28653169014084506,0.06558098591549295,0.07658450704225352,0.5713028169014085
0.2866578599735799,0.06693086745926904,0.07485689123734038,0.5715543813298106
0.28771929824561404,0.0662280701754386,0.075,0.5710526315789474
0.2882843352347521,0.06713470820535322,0.07985958753839403,0.5647213690215006
0.28080985915492956,0.06690140845070422,0.0818661971830986,0.5704225352112676
