C,D,Oc,Od
0.0,0.0,1.0,0.0
0.0,0.6666666666666666,0.3333333333333333,0.0
0.0,0.5,0.25,0.25
0.0,0.4444444444444444,0.3333333333333333,0.2222222222222222
0.0,0.3333333333333333,0.3333333333333333,0.3333333333333333
0.0,0.28888888888888886,0.3111111111111111,0.4
0.0,0.265625,0.3125,0.421875
0.0,0.2755102040816326,0.2653061224489796,0.45918367346938777
0.014285714285714285,0.2714285714285714,0.21428571428571427,0.5
0.015306122448979591,0.25,0.21428571428571427,0.5204081632653061
0.02734375,0.26171875,0.19140625,0.51953125
0.039755351681957186,0.25382262996941896,0.16819571865443425,0.5382262996941896
0.05515587529976019,0.2446043165467626,0.16546762589928057,0.5347721822541966
0.06704980842911877,0.2509578544061303,0.16091954022988506,0.5210727969348659
0.0819935691318328,0.24437299035369775,0.1720257234726688,0.5016077170418006
0.085219707057257,0.25432756324900135,0.170439414114514,0.49001331557922767
0.09860788863109049,0.23781902552204176,0.1740139211136891,0.4895591647331787
0.1088911088911089,0.23476523476523475,0.17382617382617382,0.4825174825174825
0.11992945326278659,0.23721340388007053,0.16313932980599646,0.47971781305114636
0.1325115562403698,0.23882896764252695,0.162557781201849,0.4661016949152542
0.14365802382620882,0.24036440084092503,0.16608269096005607,0.4498948843728101
0.15089514066496162,0.2340153452685422,0.170076726342711,0.44501278772378516
0.15956808638272346,0.23695260947810437,0.16376724655068986,0.4397120575884823
0.16146993318485522,0.2505567928730512,0.160913140311804,0.42706013363028955
0.16701902748414377,0.25158562367864695,0.1559196617336152,0.42547568710359407
0.17022332506203475,0.26253101736972706,0.1543424317617866,0.4129032258064516
0.17401612138454245,0.2598387861545756,0.15267899478425795,0.413466097676624
0.17993405558172398,0.25529910504003767,0.14884597268016958,0.41592086669806877
0.18091361374943465,0.24920850293984623,0.1560379918588874,0.41383989145183175
0.18526785714285715,0.25491071428571427,0.15178571428571427,0.4080357142857143
0.18363717207647842,0.25389061805246776,0.15829257447754558,0.4041796353935082
0.17959001782531195,0.2606951871657754,0.15285204991087345,0.4068627450980392
0.18425681618293754,0.2612137203166227,0.1547933157431838,0.3997361477572559
0.18250110472823686,0.25673884224480775,0.1586389748121962,0.4021210782147592
0.18480675255442025,0.2545535317636606,0.15904042647712127,0.40159928920479787
0.18421052631578946,0.2543859649122807,0.15833333333333333,0.40307017543859647
0.1866783523225241,0.2572304995617879,0.15819456617002628,0.3978965819456617
0.18597425654682645,0.24944518419884598,0.1584553928095872,0.40612516644474034
0.18805309734513273,0.25,0.16017699115044248,0.40176991150442476
0.1888449714536671,0.25252525252525254,0.15371102327624067,0.4049187527448397
0.1886214442013129,0.24945295404814005,0.15448577680525163,0.4074398249452954
0.1882404563405002,0.249670908293111,0.15620886353663888,0.4058797718297499
0.18758256274768825,0.2514310876265962,0.15984147952443858,0.401144870101277
0.1935626102292769,0.24911816578483245,0.15476190476190477,0.4025573192239859
0.1881100266193434,0.2542147293700089,0.1592724046140195,0.39840283939662824
0.19064587973273942,0.2467706013363029,0.16302895322939867,0.399554565701559
0.19083629893238435,0.24822064056939502,0.1610320284697509,0.3999110320284697
0.1936056838365897,0.2468916518650089,0.1603019538188277,0.39920071047957373
0.1921204072598495,0.24878264718902168,0.15980522355024346,0.39929172200088536
0.19717688575209527,0.24702249669166298,0.15747684164093514,0.3983237759153066
0.20148601398601398,0.24431818181818182,0.15603146853146854,0.3981643356643357
0.2025766326077299,0.24211461572634385,0.1581519324744558,0.39715681919147044
0.202113606340819,0.24394539850286218,0.1567591369440775,0.3971818582122413
0.2026431718061674,0.24537444933920705,0.1515418502202643,0.40044052863436125
0.20203359858532272,0.24182139699381078,0.15826702033598586,0.3978779840848806
0.19832155477031801,0.24469964664310953,0.15680212014134276,0.4001766784452297
0.2054125998225377,0.24046140195208518,0.1619343389529725,0.3921916592724046
0.2038244241634072,0.2438070404172099,0.16036505867014342,0.39200347674923947
0.20657894736842106,0.2381578947368421,0.16359649122807018,0.39166666666666666
0.2041722148246782,0.24456280514869064,0.16600088770528185,0.38526409232134934
0.2017857142857143,0.240625,0.16160714285714287,0.39598214285714284
0.20184696569920843,0.24274406332453827,0.16094986807387862,0.3944591029023747
0.20222222222222222,0.24622222222222223,0.16311111111111112,0.3884444444444444
0.20298114861902675,0.24068391056554142,0.16659359929855327,0.38974134151687856
0.2006172839506173,0.24074074074074073,0.17019400352733685,0.38844797178130513
0.2007057785619762,0.24569916188795765,0.16453462726069695,0.3890604322893692
0.20826010544815465,0.24560632688927944,0.1546572934973638,0.3914762741652021
0.20853497580290364,0.24945006599208094,0.1561812582490101,0.3858336999560053
0.21381142098273573,0.24524125719344844,0.15847720230190349,0.38247011952191234
0.21113074204946997,0.2416077738515901,0.15945229681978798,0.3878091872791519
0.20972780008924588,0.24319500223114682,0.16153502900490851,0.3855421686746988
0.21059602649006623,0.24370860927152319,0.1554083885209713,0.3902869757174393
0.20755555555555555,0.24711111111111111,0.15288888888888888,0.39244444444444443
0.20579201404124617,0.24045634050021938,0.15445370776656428,0.39929793769197014
0.2089749230092389,0.23977122745270568,0.15222173339199296,0.3990321161460625
0.20436681222707423,0.23799126637554585,0.15458515283842794,0.40305676855895195
0.21003963011889035,0.23381770145310435,0.1571994715984148,0.3989431968295905
0.20989836500220946,0.23199292973928415,0.1586389748121962,0.39946973044631023
0.21831925300133392,0.23566029346376166,0.1578479324144064,0.388172521120498
0.21883289124668434,0.23519009725906279,0.15959328028293546,0.3863837312113174
0.2191480017566974,0.230566534914361,0.15898111550285463,0.391304347826087
0.22566371681415928,0.22743362831858407,0.1579646017699115,0.38893805309734514
0.22124283825473778,0.23490524460114587,0.1617452622300573,0.38210665491405904
0.22601839684625494,0.22952255803766974,0.164257555847569,0.38020148926850633
0.22075055187637968,0.23532008830022075,0.16512141280353201,0.37880794701986753
0.22134733158355205,0.2327209098862642,0.1662292213473316,0.37970253718285213
0.22330097087378642,0.23477493380406,0.1650485436893204,0.3768755516328332
0.22070484581497798,0.23876651982378855,0.16387665198237886,0.3766519823788546
0.22378236068451074,0.2360684510750329,0.16498464238701185,0.3751645458534445
0.22192866578599735,0.23601937472479084,0.16380449141347425,0.37824746807573756
0.21922054915854738,0.23383525243578387,0.17006200177147918,0.37688219663418954
0.22815533980582525,0.22771403353927624,0.16548984995586938,0.3786407766990291
0.2243278977523138,0.23314235345967388,0.16527104451300131,0.377258704275011
0.22163355408388521,0.23222958057395143,0.1664459161147903,0.37969094922737306
0.22143802382002647,0.23070136744596384,0.1729157476841641,0.3749448610498456
0.22468491960017384,0.2299000434593655,0.17557583659278575,0.3698392003476749
0.2237422771403354,0.22330097087378642,0.176522506619594,0.3764342453662842
0.22305323361196655,0.22833260008798945,0.17993840739111305,0.36867575890893095
0.2133743950725913,0.22745270567531897,0.18433787945446548,0.3748350197976243
0.21796565389696168,0.21972699251431088,0.18978423601937472,0.3725231175693527
0.21318681318681318,0.22285714285714286,0.1934065934065934,0.37054945054945054
0.21840598855129897,0.22501100836635843,0.1924262439453985,0.36415675913694406
0.2185022026431718,0.22246696035242292,0.1881057268722467,0.37092511013215856
0.2185022026431718,0.2277533039647577,0.18766519823788547,0.366079295154185
0.21800529567519858,0.22683142100617829,0.1879964695498676,0.36716681376875554
0.21588415971917507,0.22378236068451074,0.18736287845546293,0.37297060114085123
0.21409691629955946,0.22202643171806166,0.18986784140969162,0.3740088105726872
0.21830985915492956,0.22403169014084506,0.18617957746478872,0.3714788732394366
0.2180284191829485,0.2255772646536412,0.1825044404973357,0.3738898756660746
0.22530864197530864,0.2208994708994709,0.18298059964726632,0.37081128747795417
0.2306338028169014,0.2244718309859155,0.17781690140845072,0.3670774647887324
0.22729267222465993,0.22729267222465993,0.1807810443176832,0.3646336112329969
0.22562308701355488,0.22518583296895497,0.18364669873196326,0.3655443812855269
0.23371478873239437,0.22403169014084506,0.18485915492957747,0.3573943661971831
0.2398945518453427,0.22407732864674867,0.17398945518453426,0.36203866432337434
0.24529951902055094,0.22212505465675558,0.17752514210756448,0.35505028421512896
0.24151608638166594,0.21815777875716175,0.18378140149845748,0.35654473336271486
0.24024550635686104,0.21744848750548004,0.1850065760631302,0.3572994300745287
0.23916887709991158,0.21485411140583555,0.1892130857648099,0.356763925729443
0.24162257495590828,0.21252204585537918,0.18430335097001763,0.36155202821869487
0.24199912319158265,0.21262604120999562,0.17930732135028496,0.36606751424813677
0.23709536307961504,0.210411198600175,0.18241469816272965,0.3700787401574803
0.23743886171631837,0.21031569586482882,0.1858603823921743,0.36638506002667853
0.24153101627804663,0.20721513418389792,0.18653761548614167,0.3647162340519138
0.24402125775022143,0.20150575730735165,0.18689105403011513,0.3675819309123118
0.24812030075187969,0.1968155683325962,0.18620079610791684,0.36886333480760725
0.2481335090030742,0.19543258673693456,0.1888449714536671,0.3675889328063241
0.2466230936819172,0.19956427015250544,0.18823529411764706,0.3655773420479303
0.24801412180052956,0.19461606354810237,0.19329214474845544,0.3640776699029126
0.24391323594510844,0.19300575475874282,0.19034971226206285,0.37273129703408586
0.24389179755671903,0.19546247818499127,0.193717277486911,0.3669284467713787
0.24791940429259746,0.19097678493210687,0.1927288655278143,0.3683749452474814
0.24900662251655628,0.19381898454746138,0.1947019867549669,0.36247240618101545
0.24458204334365324,0.19991154356479435,0.19946926138876603,0.3560371517027864
0.23912087912087912,0.20395604395604397,0.19164835164835164,0.36527472527472526
0.23975319524019392,0.20493609519612163,0.18378140149845748,0.371529308065227
0.2440737489025461,0.20412642669007902,0.18173836698858647,0.37006145741878843
0.2456839309428951,0.20495794599380257,0.17795484727755645,0.3714032757857459
0.24638949671772428,0.20568927789934355,0.18161925601750548,0.3663019693654267
0.2423580786026201,0.2034934497816594,0.18340611353711792,0.3707423580786026
0.24344735673034207,0.20302087960906265,0.18613949355841847,0.3673922701021768
0.24263736263736263,0.20615384615384616,0.18857142857142858,0.3626373626373626
0.24140930839495434,0.20400173988690734,0.18964767290126142,0.3649412788168769
0.24387040280210157,0.20709281961471104,0.18520140105078808,0.3638353765323993
0.24304021210782148,0.20371188687582856,0.1939902783915157,0.3592576226248343
0.24181580096027935,0.20689655172413793,0.18856394587516367,0.36272370144041904
0.24101665205959685,0.20946538124452235,0.18974583698510078,0.35977212971078004
0.2424778761061947,0.20309734513274336,0.18761061946902655,0.3668141592920354
0.2444250109313511,0.20069960647135987,0.18714473108876256,0.36773065150852646
0.24529128339903636,0.19842312746386334,0.19097678493210687,0.36530880420499345
0.24813678211310827,0.19947391494958353,0.18895221394125383,0.36343708899605437
0.2502206531332745,0.19902912621359223,0.18402471315092675,0.3667255075022065
0.24913043478260868,0.1991304347826087,0.18565217391304348,0.3660869565217391
0.24944812362030905,0.19911699779249448,0.1836644591611479,0.36777041942604854
0.25054466230936817,0.19956427015250544,0.18169934640522875,0.3681917211328976
0.2517605633802817,0.20026408450704225,0.17781690140845072,0.3701584507042254
0.25319805910895454,0.19761799735333038,0.18306131451257168,0.36612262902514336
0.24478935698447893,0.2,0.1835920177383592,0.3716186252771619
0.24357298474945535,0.1991285403050109,0.1812636165577342,0.37603485838779954
0.2442982456140351,0.20394736842105263,0.17675438596491228,0.375
0.24524125719344844,0.2036299247454626,0.1691013722886233,0.38202744577246567
0.25,0.2060632688927944,0.16608084358523725,0.37785588752196836
0.25435851586946806,0.20429146177916854,0.16227089852481003,0.3790791238265534
0.2592920353982301,0.19823008849557522,0.16150442477876106,0.38097345132743365
0.25055530875166593,0.20968458462905376,0.16437139049311417,0.37538871612616614
0.25315904139433554,0.20522875816993463,0.16688453159041394,0.3747276688453159
0.26115775519222273,0.19885108263367213,0.16880247459125056,0.3711886875828546
0.261443661971831,0.19410211267605634,0.17209507042253522,0.37235915492957744
0.25604927408710954,0.1992960844698636,0.16849978002639684,0.37615486141663
0.2528483786152498,0.20157756354075373,0.16695880806310254,0.37861524978089395
0.25537516454585346,0.20447564721369021,0.16805616498464238,0.37209302325581395
0.2557726465364121,0.20515097690941386,0.17095914742451154,0.36811722912966255
0.2570298769771529,0.20738137082601055,0.16608084358523725,0.3695079086115993
0.2575088339222615,0.20803886925795054,0.1682862190812721,0.3661660777385159
0.2616740088105727,0.20440528634361232,0.16431718061674008,0.3696035242290749
0.2624394539850286,0.2025539409951563,0.16556583003082342,0.36944077498899164
0.2667844522968198,0.2040636042402827,0.16166077738515902,0.3674911660777385
0.27460456942003514,0.2016695957820738,0.1625659050966608,0.36115992970123023
0.2753178430512933,0.20210434020166593,0.16177115300306882,0.36080666374397197
0.2654945054945055,0.2079120879120879,0.1635164835164835,0.3630769230769231
0.26884531590413946,0.2017429193899782,0.16688453159041394,0.3625272331154684
0.2693147097337407,0.19947621126145787,0.1706678306416412,0.3605412483631602
0.2722902097902098,0.20236013986013987,0.16564685314685315,0.3597027972027972
0.27232732072151344,0.20545534535855697,0.16190057193136823,0.3603167619885614
0.2717678100263852,0.20140721196130168,0.16754617414248021,0.3592788038698329
0.2707231040564374,0.20458553791887124,0.16843033509700175,0.3562610229276896
0.2759982448442299,0.20096533567354102,0.16630100921456778,0.35673541026766126
0.2753178430512933,0.20824199912319158,0.16659359929855327,0.34984655852696184
0.285336856010568,0.2069572875385293,0.16292382210479964,0.34478203434610305
0.2812083518436251,0.21012883163038648,0.1688138605064416,0.33984895601954684
0.2796125055041832,0.2144429766622633,0.17173051519154559,0.3342140026420079
0.2854020979020979,0.2076048951048951,0.17482517482517482,0.3321678321678322
0.2888198757763975,0.2054125998225377,0.17036379769299023,0.33540372670807456
0.2915194346289753,0.20759717314487633,0.16651943462897525,0.33436395759717313
0.2878587196467991,0.20353200883002207,0.16600441501103752,0.3426048565121413
0.2913177611282503,0.20317320405464961,0.16703393565447333,0.3384750991626267
0.28996933858957513,0.19491896627244854,0.16819973718791065,0.3469119579500657
0.28799291094373064,0.1949490474080638,0.16703588834736377,0.3500221533008418
0.28350287483414416,0.19548872180451127,0.1751437417072092,0.3458646616541353
0.2889969067609368,0.19619973486522316,0.173663278833407,0.34114007954043307
0.2865961199294533,0.1984126984126984,0.17239858906525574,0.3425925925925926
0.2902654867256637,0.19469026548672566,0.17256637168141592,0.3424778761061947
0.28969482529854046,0.19460415745245466,0.17293233082706766,0.3427686864219372
0.28702090592334495,0.1986062717770035,0.17378048780487804,0.3405923344947735
0.28270412642669007,0.20149253731343283,0.17866549604916593,0.33713784021071114
0.2824360105913504,0.19991173874669022,0.18049426301853486,0.33715798764342453
0.28345765686704694,0.20228170250109698,0.17858709960508995,0.3356735410267661
0.2810170977641385,0.20561157387110915,0.1832529592284086,0.3301183691363437
0.27344782034346105,0.20651695288419197,0.18494055482166447,0.33509467195068254
0.27380952380952384,0.2019400352733686,0.18518518518518517,0.3390652557319224
0.27300748568912375,0.19859092910612064,0.1809775429326288,0.3474240422721268
0.27009222661396576,0.19587176108915239,0.18050065876152832,0.35353535353535354
0.2689075630252101,0.19150818222025653,0.18973905351614329,0.3498452012383901
0.26810004387889425,0.18780166739798157,0.18604651162790697,0.3580517770952172
0.2640597539543058,0.18760984182776802,0.18629173989455183,0.36203866432337434
0.2676118741692512,0.18741692512184316,0.18697385910500663,0.35799734160389896
0.2691292875989446,0.1838170624450308,0.18865435356200527,0.35839929639401935
0.2674008810572687,0.186784140969163,0.18634361233480176,0.3594713656387665
0.2615791795324217,0.18614909572121746,0.18526687251874724,0.3670048522276136
0.26334519572953735,0.19750889679715303,0.18505338078291814,0.3540925266903915
0.2650709219858156,0.2025709219858156,0.17597517730496454,0.35638297872340424
0.2753108348134991,0.19671403197158083,0.17628774422735347,0.35168738898756663
0.2756152125279642,0.19642058165548099,0.174496644295302,0.3534675615212528
0.272207563764292,0.1961301671064204,0.17678100263852242,0.3548812664907652
0.27389951089373055,0.19875500222321033,0.17741218319253002,0.3499333036905291
0.27498889382496666,0.19768991559306975,0.17814304753442914,0.3491781430475344
0.27292672224659936,0.20008775778850374,0.18034225537516455,0.3466432645897323
0.27156125608137993,0.20256523662096418,0.183547103051747,0.3423264042459089
0.2789473684210526,0.19605263157894737,0.18289473684210528,0.34210526315789475
0.2779482683033757,0.20078912757562473,0.18062253397632616,0.3406400701446734
0.27768014059753954,0.2056239015817223,0.18014059753954306,0.3365553602811951
0.2738938053097345,0.20619469026548673,0.18008849557522125,0.3398230088495575
0.2775310834813499,0.205595026642984,0.17673179396092362,0.3401420959147424
0.2790492957746479,0.2007042253521127,0.17693661971830985,0.34330985915492956
0.2766695576756288,0.19644405897658282,0.18126626192541198,0.3456201214223764
0.2731643356643357,0.1958041958041958,0.18706293706293706,0.34396853146853146
0.27209098862642167,0.19203849518810148,0.19291338582677164,0.3429571303587052
0.2692982456140351,0.19956140350877194,0.18859649122807018,0.3425438596491228
0.2704485488126649,0.19788918205804748,0.18733509234828497,0.34432717678100266
0.2719298245614035,0.1925438596491228,0.19035087719298247,0.34517543859649125
0.2774108322324967,0.18538088947600176,0.1906649053280493,0.3465433729634522
0.28471309680245294,0.17915024091108192,0.18922470433639949,0.3469119579500657
0.28660159716060335,0.17480035492457852,0.18722271517302574,0.3513753327417924
0.2898103220114689,0.17556241729157476,0.18482576091751213,0.3498014997794442
0.28596646072374227,0.18137687555163284,0.1822594880847308,0.3503971756398941
0.2864698104892023,0.18289995592772146,0.18157778757161747,0.3490524460114588
0.289925208974923,0.18213814342278928,0.18433787945446548,0.34359876814782225
0.2926086956521739,0.18,0.18608695652173912,0.34130434782608693
0.29164825452938575,0.18205921343349535,0.18692001767565178,0.3393725143614671
0.2890453145622525,0.18081830180378355,0.18785745710514737,0.34227892652881653
0.2862190812720848,0.18595406360424027,0.19037102473498232,0.3374558303886926
0.28354881854658937,0.1850200624164066,0.19170753455193937,0.3397235844850646
0.2869105332745703,0.17805200528867343,0.19127368884971352,0.34376377258704277
0.28728070175438597,0.17324561403508773,0.18947368421052632,0.35
0.2805786935554581,0.18062253397632616,0.19070583077597544,0.34809294169224025
0.28146853146853146,0.1756993006993007,0.19274475524475523,0.3500874125874126
0.28304347826086956,0.17652173913043478,0.18391304347826087,0.3565217391304348
0.2845315904139434,0.17647058823529413,0.18387799564270152,0.355119825708061
0.28846153846153844,0.180506993006993,0.1770104895104895,0.354020979020979
0.2857771906649053,0.17701453104359313,0.18185821224130339,0.35535006605019814
0.2881578947368421,0.17894736842105263,0.18464912280701753,0.3482456140350877
0.2883435582822086,0.1765994741454864,0.18580192813321647,0.34925503943908853
0.28991971454058874,0.17796610169491525,0.1793041926851026,0.3528099910793934
0.28546177640300485,0.17852408307556342,0.18161732213875387,0.35439681838267784
0.2920704845814978,0.17929515418502204,0.18105726872246697,0.3475770925110132
0.29170305676855895,0.17641921397379912,0.18034934497816593,0.35152838427947597
0.2858399296394019,0.17810026385224276,0.1838170624450308,0.35224274406332456
0.28665496049165934,0.17603160667251974,0.18305531167690958,0.3542581211589113
0.28995130588756085,0.17220008853474988,0.18415227976980966,0.3536963258078796
0.2923076923076923,0.17186813186813188,0.18593406593406595,0.3498901098901099
0.29271523178807946,0.17792494481236204,0.1880794701986755,0.341280353200883
0.29050772626931565,0.17924944812362031,0.19337748344370861,0.3368653421633554
0.29141104294478526,0.17835232252410166,0.19456617002629273,0.33567046450482035
0.2884955752212389,0.17787610619469027,0.18982300884955752,0.3438053097345133
0.2888595332452664,0.18185821224130339,0.1919859092910612,0.337296345222369
0.28846153846153844,0.17613636363636365,0.1896853146853147,0.34571678321678323
0.28596491228070176,0.17850877192982456,0.19342105263157894,0.34210526315789475
0.28433098591549294,0.17649647887323944,0.19058098591549297,0.3485915492957746
0.2829033668561434,0.17796239615216441,0.1910800174901618,0.34805421950153037
0.2777777777777778,0.17804024496937884,0.19597550306211722,0.34820647419072615
0.2695729537366548,0.18327402135231316,0.1943950177935943,0.3527580071174377
0.26846528084918175,0.18796992481203006,0.19283502874834144,0.3507297655904467
0.2657777777777778,0.184,0.19777777777777777,0.35244444444444445
0.26334362593736216,0.1835024261138068,0.19232465813850905,0.36082928981032203
0.2701021768103065,0.18036428254109285,0.19768991559306975,0.35184362505553085
0.2688927943760984,0.18189806678383127,0.2007908611599297,0.3484182776801406
0.26783369803063456,0.18205689277899342,0.20175054704595186,0.34835886214442013
0.2639616055846422,0.18673647469458987,0.20026178010471204,0.34904013961605584
0.2663736263736264,0.1810989010989011,0.20175824175824175,0.3507692307692308
0.263986013986014,0.18444055944055945,0.20104895104895104,0.3505244755244755
0.26545936395759717,0.18462897526501768,0.2049469964664311,0.34496466431095407
0.26077396657871593,0.17941952506596306,0.20536499560246263,0.3544415127528584
0.2524401064773736,0.19077196095829635,0.20319432120674358,0.3535936113575865
0.2532808398950131,0.1889763779527559,0.19903762029746283,0.35870516185476814
0.25308098591549294,0.18705985915492956,0.20158450704225353,0.35827464788732394
0.2594713656387665,0.18502202643171806,0.2,0.35550660792951544
0.25623087013554874,0.18933100131176214,0.19938784433756013,0.35505028421512896
0.2527376259307928,0.18528252299605782,0.2014892685063513,0.36049058256679806
0.2513274336283186,0.18451327433628317,0.19690265486725664,0.3672566371681416
0.2570671378091873,0.18507067137809188,0.196113074204947,0.36174911660777387
0.2533798517226341,0.1853467073702573,0.20148277365896206,0.3597906672481465
0.25317564607971965,0.18440648269820412,0.1988611476127902,0.36355672360928604
0.2543936731107206,0.18409490333919157,0.20035149384885764,0.36115992970123023
0.25384277558190604,0.18489240228370662,0.2002635046113307,0.36100131752305664
0.2560386473429952,0.18489240228370662,0.1985068072024594,0.36056214317083884
0.2532438478747204,0.1865771812080537,0.19463087248322147,0.3655480984340045
0.25275694750771943,0.1905602117335686,0.19585355094838994,0.36082928981032203
0.25419240953221534,0.1910856134157105,0.19461606354810237,0.36010591350397175
0.25566918630502444,0.1920853712761227,0.18808359270787017,0.36416184971098264
0.24878264718902168,0.19123505976095617,0.19256308100929614,0.367419212040726
0.2532923617208077,0.18437225636523266,0.19183494293239683,0.37050043898156276
0.25275694750771943,0.19144243493603882,0.19585355094838994,0.3599470666078518
0.2545293857711003,0.18603623508616882,0.19531595227574017,0.3641184268669907
0.259094942324756,0.1850044365572316,0.1947648624667258,0.3611357586512866
0.2581069237510955,0.18536371603856266,0.18711656441717792,0.3694127957931639
0.262439400.39911300.18538088947600176,0.18934390136503743,0.3628357551739322
0.26593406593406593,0.18285714285714286,0.18593406593406595,0.36527472527472526
0.26631625054752517,0.18309242225142355,0.18791064388961892,0.36268068331143233
0.27169149868536374,0.17703768624014024,0.18886941279579317,0.3624014022787029
0.27446715963462376,0.17050891692040018,0.19008264462809918,0.3649412788168769
0.2742504409171076,0.1715167548500882,0.1931216931216931,0.3611111111111111
0.269897732325478,0.16585148955091153,0.1974210760337928,0.3668297020898177
0.27256715103478646,0.16732716864817263,0.19154557463672392,0.36856010568031705
0.27569475077194533,0.1658579620644023,0.19320688134097927,0.36524040582267314
0.27408056042031526,0.16418563922942206,0.19176882661996497,0.36996497373029774
0.2706401766004415,0.16821192052980133,0.1947019867549669,0.36644591611479027
0.2718832891246684,0.17197170645446508,0.1887709991158267,0.3673740053050398
0.27568042142230026,0.16856892010535557,0.1839332748024583,0.37181738366988587
0.2696035242290749,0.16431718061674008,0.19030837004405288,0.37577092511013216
0.27292768959435626,0.16666666666666666,0.18915343915343916,0.3712522045855379
0.28077091546211125,0.1686377573368375,0.18440648269820412,0.3661848445028471
0.2862849533954727,0.1646693297825122,0.18331114070128718,0.3657345761207279
0.28164695575996496,0.164257555847569,0.18396846254927726,0.3701270258431888
0.27541268462206775,0.17202432667245873,0.18635968722849697,0.36620330147697655
0.2690780767534186,0.17512130569033965,0.1874724305249228,0.3683281870313189
0.27557319223985893,0.17857142857142858,0.18209876543209877,0.3637566137566138
0.2736471623405191,0.17993840739111305,0.1759788825340959,0.3704355477342719
0.27613586237318044,0.17644464049404499,0.1733568592853992,0.37406263784737537
0.27308882015024305,0.18073353954927088,0.17101193106495802,0.37516570923552806
0.2730102267674522,0.17652289906625165,0.17029791018230325,0.38016896398399286
0.27076923076923076,0.16923076923076924,0.1767032967032967,0.3832967032967033
0.27657697397441555,0.1658579620644023,0.1773268636965152,0.380238200264667
0.27954644570431747,0.16354121238552116,0.17488006977758394,0.3820322721325774
0.2796312554872695,0.16681299385425813,0.1804214223002634,0.373134328358209
0.278580814717477,0.16819973718791065,0.18572054314498468,0.36749890494962767
0.28289473684210525,0.16710526315789473,0.18464912280701753,0.3653508771929825
0.2761946514686541,0.16834721613327489,0.1867601928978518,0.36869793950021923
0.2786596119929453,0.17239858906525574,0.18606701940035272,0.3628747795414462
0.28313518273888155,0.17040951122853368,0.18450022016732717,0.3619550858652576
0.28338475099162624,0.16791538122520935,0.19127368884971352,0.35742617893345086
0.27949499346974316,0.1654331737048324,0.19416630387461906,0.3609055289508054
0.2802631578947368,0.1649122807017544,0.19912280701754387,0.3557017543859649
0.28328240942819727,0.1628109995635094,0.19467481449148843,0.3592317765168049
0.2756183745583039,0.16342756183745583,0.20097173144876326,0.35998233215547704
0.273972602739726,0.16084843128590368,0.20150243040212107,0.3636765355722492
0.27516483516483514,0.16527472527472528,0.19824175824175824,0.36131868131868133
0.2692307692307692,0.16666666666666666,0.20114942528735633,0.3629531388152078
0.2755281690140845,0.16065140845070422,0.20202464788732394,0.3617957746478873
0.27916295636687444,0.163846838824577,0.19946571682991987,0.3575244879786287
0.2765017667844523,0.1603356890459364,0.196113074204947,0.3670494699646643
0.2706866197183099,0.15933098591549297,0.19762323943661972,0.37235915492957744
0.27062418158009605,0.16062854648625055,0.2034046268005238,0.36534264513312964
0.2742504409171076,0.15299823633156967,0.20282186948853614,0.3699294532627866
0.27284826974267967,0.15350488021295475,0.2036379769299024,0.3700088731144632
0.2779991146525011,0.15493581230633025,0.20230190349712263,0.36476316954404603
0.27296703296703295,0.15384615384615385,0.20175824175824175,0.37142857142857144
0.2696530522617479,0.155467720685112,0.20245937637241984,0.37241985068072025
0.2646017699115044,0.15309734513274337,0.20442477876106194,0.37787610619469025
0.2655838454784899,0.15232660228270412,0.20456540825285338,0.3775241439859526
0.262071992976295,0.15188762071992976,0.20588235294117646,0.3801580333625988
0.26704545454545453,0.15384615384615385,0.21066433566433568,0.36844405594405594
0.2674315975286849,0.15136804942630186,0.20741394527802295,0.3737864077669903
0.26865671641791045,0.14837576821773485,0.2080772607550483,0.3748902546093064
0.27296587926509186,0.15091863517060367,0.20166229221347332,0.37445319335083116
0.27718832891246686,0.14986737400530503,0.20203359858532272,0.3709106984969054
0.28299379982285205,0.15279007971656333,0.20504871567759078,0.3591674047829938
0.27923521565140064,0.15695864828812806,0.20142285460204534,0.36238328145842597
0.2781168265039233,0.15387968613775066,0.2013949433304272,0.3666085440278989
0.28715919085312225,0.14995602462620933,0.19700967458223395,0.3658751099384345
0.288946910356832,0.1475195822454308,0.19016536118363794,0.3733681462140992
0.287659200702679,0.14317083882301274,0.19587176108915239,0.3732981993851559
0.28777923784494086,0.14673674989049496,0.18747262374069207,0.3780113885238721
0.2925764192139738,0.14541484716157205,0.19126637554585152,0.3707423580786026
0.2790393013100437,0.15152838427947599,0.18995633187772926,0.3794759825327511
0.2810170977641385,0.14993423936869793,0.1854449802718106,0.38360368259535294
0.2835820895522388,0.14837576821773485,0.18920105355575065,0.3788410886742757
0.2872903795233892,0.15092674315975288,0.1822594880847308,0.3795233892321271
0.2888102609464839,0.14727996461742593,0.18531623175586023,0.37859354268023
0.2946625496250551,0.15394794883105425,0.18526687251874724,0.36612262902514336
0.2895080539834567,0.15367871136264694,0.18807139747496734,0.36874183717892905
0.291044776119403,0.15583845478489902,0.18832309043020193,0.36479367866549606
0.2940917107583774,0.15255731922398588,0.19047619047619047,0.3628747795414462
0.29386155855463647,0.15367871136264694,0.18763604701784936,0.36482368306486723
0.2888102609464839,0.15701017249004864,0.18885448916408668,0.3653250773993808
0.2953846153846154,0.15692307692307692,0.19032967032967033,0.35736263736263735
0.2951251646903821,0.16117698726394378,0.18796662274923145,0.3557312252964427
0.29733275032794054,0.1574114560559685,0.19064276344556186,0.3546130301705291
0.2971905179982441,0.16066725197541704,0.18964003511852504,0.35250219490781387
0.2987297415681121,0.164257555847569,0.18834866403854578,0.3486640385457731
0.294973544973545,0.1662257495590829,0.18694885361552027,0.35185185185185186
0.2922192749778957,0.16931918656056588,0.1905393457117595,0.347922192749779
0.2887511071744907,0.16651904340124005,0.1899911426040744,0.35473870682019487
0.2872246696035242,0.17092511013215858,0.18854625550660792,0.35330396475770925
0.2913763066202091,0.17073170731707318,0.18945993031358885,0.34843205574912894
0.29564452265728114,0.1759788825340959,0.19049714034315882,0.33787945446546414
0.2887139107611549,0.17935258092738407,0.18766404199475065,0.3442694663167104
0.2882764654418198,0.18241469816272965,0.1889763779527559,0.34033245844269466
0.2906208718626156,0.1814178775869661,0.18582122413033905,0.34214002642007924
0.28679413072476656,0.18319253001333927,0.19341929746554024,0.33659404179635394
0.28471309680245294,0.18615856329391153,0.19185282522996058,0.337275514673675
0.2812083518436251,0.18924922256774768,0.19369169258107508,0.3358507330075522
0.2756183745583039,0.1894876325088339,0.196113074204947,0.3387809187279152
0.2796985815602837,0.18838652482269502,0.1950354609929078,0.33687943262411346
0.28163444639718804,0.18541300527240773,0.2007908611599297,0.3321616871704745
0.2857771906649053,0.1800968736239542,0.20167327168648172,0.33245266402465873
0.29183049366535607,0.17518567059851464,0.20270860637833116,0.3302752293577982
0.28419654714475434,0.17928286852589642,0.20451527224435592,0.33200531208499334
0.28118113706478626,0.18334067871308946,0.2009695901278096,0.33450859409431466
0.2794568550153307,0.17870.1859030837000.2067455102934735,0.33508541392904073
0.2819266460450729,0.18073353954927088,0.20282810428634557,0.33451171011931063
0.281305114638448,0.17768959435626103,0.20811287477954143,0.33289241622574955
0.28105726872246695,0.17929515418502204,0.20352422907488987,0.33612334801762117
0.2833990363556724,0.18309242225142355,0.1988611476127902,0.3346473937801139
0.2769434628975265,0.18462897526501768,0.19920494699646643,0.3392226148409894
0.28197158081705154,0.18294849023090587,0.19982238010657194,0.3352575488454707
0.27929515418502204,0.18193832599118942,0.2052863436123348,0.33348017621145376
0.27821869488536155,0.17989417989417988,0.20679012345679013,0.3350970017636684
0.2711487088156723,0.18477292965271594,0.21326803205699021,0.3308103294746215
0.2708793636765356,0.18515245249668583,0.20813079982324348,0.33583738400353513
0.27252650176678445,0.18418727915194347,0.2062720848056537,0.3370141342756184
0.27477876106194693,0.1827433628318584,0.1995575221238938,0.34292035398230086
0.2759825327510917,0.18296943231441049,0.20087336244541484,0.34017467248908295
0.2791411042944785,0.175284837861525,0.2007011393514461,0.3448729184925504
0.27384076990376205,0.17935258092738407,0.199912510936133,0.3468941382327209
0.27316644707949056,0.17610891523935002,0.1971892841458059,0.35353535353535354
0.2674677347574544,0.1806853582554517,0.19804183355585225,0.3538050734312417
0.2686436982119494,0.1831661578717837,0.19755778456170955,0.35063235935455733
0.264783759929391,0.18623124448367168,0.19505736981465135,0.353927625772286
0.2724890829694323,0.18078602620087336,0.19213973799126638,0.35458515283842795
0.2701275846898372,0.17905851297844258,0.19093708754949407,0.3598768147822261
0.26513477684489617,0.1794078656650464,0.19752540874944763,0.3579319487406098
0.25631929046563195,0.18403547671840353,0.19334811529933482,0.3662971175166297
0.2623022847100176,0.18497363796133567,0.18365553602811951,0.36906854130052724
0.25596816976127323,0.1878868258178603,0.1825817860300619,0.3735632183908046
0.26292725679228746,0.18448729184925505,0.18098159509202455,0.37160385626643294
0.26378473753859727,0.18526687251874724,0.17865019850022057,0.3722981914424349
0.261443661971831,0.18089788732394366,0.17517605633802816,0.3824823943661972
0.2571680635200706,0.1835024261138068,0.17820908689898543,0.3811204234671372
0.2600976475810031,0.1841988459831336,0.17576564580559254,0.37993786063027074
0.2563764291996482,0.18601583113456466,0.17458223394898856,0.3830255057167986
0.25274725274725274,0.189010989010989,0.17494505494505494,0.3832967032967033
0.2571053782247486,0.1884564932225623,0.17315260166156538,0.3812855268911237
0.2566798072711345,0.18615856329391153,0.17170389837932545,0.3854577310556286
0.2621657167908812,0.18939061814993424,0.16834721613327489,0.3800964489259097
0.26545936395759717,0.18860424028268552,0.16519434628975266,0.38074204946996465
0.25620567375886527,0.19148936170212766,0.17065602836879432,0.3816489361702128
0.2628797886393659,0.190224570673712,0.16204315279612505,0.384852487890797
0.26131322094055015,0.19520851818988466,0.1668145519077196,0.3766637089618456
0.25662544169611307,0.19257950530035337,0.1682862190812721,0.3825088339222615
0.2594068171757415,0.1899070385126162,0.17706949977866313,0.3736166445329792
0.26202974628171477,0.19072615923009623,0.17454068241469817,0.37270341207349084
0.25462555066079295,0.1907488986784141,0.18193832599118942,0.3726872246696035
0.2592427616926503,0.19376391982182628,0.17505567928730512,0.37193763919821826
0.2598081952920663,0.1952920662598082,0.17654751525719267,0.36835222319093286
0.2624175824175824,0.19384615384615383,0.1767032967032967,0.367032967032967
0.25893250992501105,0.19541243934715483,0.18262020291133657,0.3630348478164976
0.2583922261484099,0.19346289752650175,0.17977031802120141,0.36837455830388693
0.25806451612903225,0.1948561464690497,0.1826503923278117,0.3644289450741064
0.2609271523178808,0.19646799116997793,0.18498896247240618,0.3576158940397351
0.25694138386954607,0.20185103569854562,0.18466284706919348,0.35654473336271486
0.25873507297655907,0.19991154356479435,0.18841220698805838,0.35294117647058826
0.2618629173989455,0.2007908611599297,0.18497363796133567,0.3523725834797891
0.25937362152624616,0.2015880017644464,0.18703131892368768,0.35200705778561975
0.25733041575492344,0.20350109409190373,0.18687089715536104,0.3522975929978118
0.26257722859664606,0.19902912621359223,0.1853486319505737,0.353045013239188
0.26868953386103783,0.2009674582233949,0.18073878627968337,0.3496042216358839
0.26938592559390406,0.1963245181532945,0.17884356790676825,0.3554459883460332
0.2676678445229682,0.19832155477031801,0.18242049469964663,0.35159010600706714
0.26019503546099293,0.20035460992907803,0.18882978723404256,0.35062056737588654
0.2592756183745583,0.20141342756183744,0.1877208480565371,0.35159010600706714
0.2574561403508772,0.2043859649122807,0.19429824561403508,0.34385964912280703
0.2562199912701877,0.20689655172413793,0.1911828895678743,0.3457005674378001
0.2582781456953642,0.20750551876379691,0.18763796909492272,0.3465783664459161
0.25488454706927177,0.20648312611012434,0.1878330373001776,0.35079928952042627
0.2553657468243539,0.2014892685063513,0.19229084537888744,0.3508541392904074
0.25252082419991234,0.20561157387110915,0.19377466023673828,0.34809294169224025
0.2542147293700089,0.20496894409937888,0.19210292812777285,0.3487133984028394
0.2570298769771529,0.20254833040421794,0.19024604569420034,0.3501757469244288
0.24736379613356765,0.20738137082601055,0.19332161687170474,0.35193321616871703
0.25474613686534214,0.20264900662251656,0.19161147902869757,0.3509933774834437
0.25799386771791505,0.19448094612352168,0.1953569864213754,0.35216819973718794
0.2611159546643418,0.1909328683522232,0.1913687881429817,0.35658238884045335
0.26163301141352063,0.19139596136962247,0.19051799824407376,0.35645302897278314
0.2607550482879719,0.19183494293239683,0.1887620719929763,0.35864793678665496
0.2594381035996488,0.1922739244951712,0.19095697980684812,0.35733099209833186
0.2630415561450044,0.19363395225464192,0.1892130857648099,0.3541114058355438
0.26380910296067167,0.19619973486522316,0.18692001767565178,0.3530711444984534
0.25849139832377593,0.19541243934715483,0.1905602117335686,0.35553595059550064
0.26195699868363315,0.19833260201842914,0.1882404563405002,0.3514699429574375
0.25970017636684306,0.1966490299823633,0.18871252204585537,0.3549382716049383
0.2597459483136224,0.19448094612352168,0.1927288655278143,0.3530442400350416
0.2652881654201496,0.18741750989881215,0.19181698196216454,0.3554773427188737
0.2612533097969991,0.1884377758164166,0.19638128861429832,0.353927625772286
0.2701401050788091,0.18476357267950963,0.1987740805604203,0.34632224168126097
0.26733977172958734,0.1900790166812994,0.19402985074626866,0.3485513608428446
0.26587301587301587,0.18694885361552027,0.1948853615520282,0.3522927689594356
0.26834659593280286,0.1839080459770115,0.1945181255526083,0.3532272325375774
0.26757469244288223,0.1827768014059754,0.18892794376098418,0.36072056239015815
0.27268741779921085,0.1819377466023674,0.18982902235861465,0.3555458132398071
0.27240773286467485,0.18673110720562391,0.19244288224956063,0.3484182776801406
