C,D,Oc,Od
0.0,0.0,0.0,1.0
0.0,0.0,0.3333333333333333,0.6666666666666666
0.0,0.2857142857142857,0.14285714285714285,0.5714285714285714
0.0,0.18181818181818182,0.36363636363636365,0.45454545454545453
0.10526315789473684,0.21052631578947367,0.21052631578947367,0.47368421052631576
0.125,0.15625,0.25,0.46875
0.1590909090909091,0.1590909090909091,0.25,0.4318181818181818
0.2,0.15384615384615385,0.24615384615384617,0.4
0.21978021978021978,0.15384615384615385,0.24175824175824176,0.38461538461538464
0.225,0.14166666666666666,0.225,0.4083333333333333
0.2088607594936709,0.12658227848101267,0.23417721518987342,0.43037974683544306
0.19047619047619047,0.13333333333333333,0.24761904761904763,0.42857142857142855
0.17424242424242425,0.13257575757575757,0.25757575757575757,0.4356060606060606
0.16467065868263472,0.1377245508982036,0.2634730538922156,0.4341317365269461
0.17233009708737865,0.15048543689320387,0.2524271844660194,0.42475728155339804
0.16733067729083664,0.15737051792828685,0.2350597609561753,0.4402390438247012
0.16101694915254236,0.1576271186440678,0.22542372881355932,0.4559322033898305
0.15629322268326418,0.17289073305670816,0.23374827109266944,0.43706777316735823
0.15776699029126215,0.17111650485436894,0.21844660194174756,0.4526699029126214
0.1515812431842966,0.17011995637949837,0.21810250817884405,0.460196292257361
0.15317073170731707,0.17853658536585365,0.21560975609756097,0.4526829268292683
0.15542271562766866,0.18104184457728437,0.2058070025619129,0.45772843723313406
0.1583011583011583,0.18146718146718147,0.2084942084942085,0.4517374517374517
0.1579310344827586,0.1910344827586207,0.20551724137931035,0.44551724137931037
0.16168045830681094,0.18968809675366008,0.20496499045194144,0.4436664544875875
0.16251482799525505,0.19869513641755635,0.1963226571767497,0.4424673784104389
0.16501650165016502,0.19966996699669967,0.19196919691969197,0.44334433443344334
0.17172774869109947,0.19842931937172775,0.187434554973822,0.4424083769633508
0.1828966880869995,0.19822046465645082,0.18536826495304004,0.43351458230350964
0.1806083650190114,0.20342205323193915,0.18536121673003803,0.4306083650190114
0.17853839037927843,0.20444033302497688,0.18963922294172064,0.42738205365402404
0.18704710144927536,0.20516304347826086,0.18206521739130435,0.4257246376811594
0.1825930910722297,0.20233288470165994,0.1825930910722297,0.43248093315388064
0.17903154153709464,0.20124389160373168,0.1874722345624167,0.43225233229675697
0.1895395619132767,0.20250335270451497,0.18328118015198927,0.42467590523021903
0.19449378330373002,0.20515097690941386,0.1825044404973357,0.4178507992895204
0.19324744557974233,0.20435362061306087,0.18436250555308753,0.4180364282541093
0.2,0.20222222222222222,0.18622222222222223,0.41155555555555556
0.2010652463382157,0.20239680426098536,0.18331114070128718,0.4132268086995118
0.20203810367744793,0.1993797075764289,0.18830305715551618,0.410279131590607
0.20929203539823008,0.19424778761061948,0.18495575221238938,0.41150442477876104
0.20534521158129176,0.19198218262806235,0.1844097995545657,0.4182628062360802
0.20265486725663717,0.19734513274336282,0.1831858407079646,0.4168141592920354
0.20549158547387067,0.19264836138175376,0.18556244464127547,0.4162976085031001
0.2030008826125331,0.19285083848190646,0.18402471315092675,0.4201235657546337
0.20763087843833186,0.19032830523513752,0.18278615794143743,0.4192546583850932
0.20391807658058772,0.188780053428317,0.18833481745325023,0.41896705253784505
0.2027690933452434,0.19071013845466725,0.19160339437248772,0.41491737382760163
0.2103617686467173,0.18937025457793658,0.18535060294774452,0.41491737382760163
0.20486725663716815,0.1902654867256637,0.18716814159292036,0.4176991150442478
0.20682019486271036,0.19087688219663418,0.19087688219663418,0.4114260407440213
0.20648838228846997,0.18895221394125383,0.19421306444541866,0.41034633932485753
0.2,0.18725274725274726,0.19824175824175824,0.4145054945054945
0.20432480141218004,0.1879964695498676,0.19549867608120036,0.412180052956752
0.2042534337616305,0.1847585290208241,0.1958351794417368,0.41515285777580857
0.20959929546455305,0.1787758696609423,0.19771025979744605,0.4139145750770586
0.20401785714285714,0.1825892857142857,0.20044642857142858,0.41294642857142855
0.2054433713784021,0.18129938542581212,0.19798068481123793,0.41527655838454786
0.2115469369766417,0.17584839136183342,0.19920669898633758,0.4133979726751873
0.21118568232662194,0.17360178970917226,0.19105145413870245,0.42416107382550333
0.21582417582417582,0.16835164835164834,0.19252747252747252,0.42329670329670327
0.22487826471890218,0.16555998229305002,0.19256308100929614,0.4169986719787517
0.21586879432624115,0.16489361702127658,0.1945921985815603,0.424645390070922
0.21645402551693796,0.16322041355037395,0.1970963484381874,0.4232292124945007
0.22227074235807862,0.1633187772925764,0.19868995633187772,0.41572052401746723
0.22363796133567662,0.16212653778558875,0.19551845342706503,0.4187170474516696
0.22271517302573204,0.16858917480035493,0.19210292812777285,0.4165927240461402
0.22987994664295242,0.16896398399288573,0.19164072921298356,0.4095153401511783
0.23134657836644593,0.16512141280353201,0.18852097130242826,0.41501103752759383
0.22910216718266255,0.16541353383458646,0.1959310039805396,0.40955329500221144
0.2367601246105919,0.1628838451268358,0.19270137961726747,0.4076546506453049
0.22988505747126436,0.16224580017683465,0.1918656056587091,0.41600353669319184
0.23157894736842105,0.15964912280701754,0.19210526315789472,0.4166666666666667
0.23498465585269618,0.16264796142042964,0.18895221394125383,0.41341516878562035
0.24113785557986872,0.15929978118161925,0.19037199124726478,0.40919037199124725
0.2450592885375494,0.16337285902503293,0.18928414580588493,0.40228370663153273
0.2401766004415011,0.16512141280353201,0.1845474613686534,0.4101545253863135
0.24162257495590828,0.16137566137566137,0.18474426807760141,0.4122574955908289
0.2437417654808959,0.15502854633289415,0.1844532279314888,0.41677646025472115
0.249008373732922,0.1516086381665932,0.1873071837814015,0.4120758043190833
0.2505513895015439,0.15968239964711073,0.1901191001323335,0.39964711071901193
0.2527618205921343,0.15422006186478127,0.1873619089703933,0.40565620857269113
0.25557986870897154,0.1588621444201313,0.187308533916849,0.3982494529540481
0.2580502867225408,0.1561535068372298,0.1839435377150419,0.4018526687251875
0.2632978723404255,0.15469858156028368,0.18085106382978725,0.40115248226950356
0.2717925793473402,0.1510952168082253,0.18372820742065266,0.39338399642378186
0.2687555163283319,0.1496028243601059,0.18314210061782876,0.39849955869373344
0.27385159010600707,0.1435512367491166,0.18374558303886926,0.39885159010600707
0.26500219010074466,0.14761279018834866,0.18177836180464302,0.4056066579062637
0.268,0.14444444444444443,0.18133333333333335,0.4062222222222222
0.26430155210643014,0.15121951219512195,0.18137472283813746,0.4031042128603104
0.2694323144104803,0.14934497816593886,0.18078602620087336,0.4004366812227074
0.26672535211267606,0.14700704225352113,0.17649647887323944,0.4097711267605634
0.27365163572060125,0.14412024756852343,0.1812555260831123,0.400972590627763
0.27349290780141844,0.14361702127659576,0.17819148936170212,0.4046985815602837
0.26713843432109685,0.14727996461742593,0.17647058823529413,0.4091110128261831
0.2658782303985983,0.14586070959264127,0.17608409986859397,0.41217696014016647
0.26748790145182577,0.14870215574131104,0.17421909370875496,0.4095908490981082
0.26928162185985016,0.1480828558836492,0.17320405464962538,0.40943146760687527
0.26222222222222225,0.1471111111111111,0.168,0.4226666666666667
0.26228070175438595,0.14605263157894738,0.17105263157894737,0.4206140350877193
0.26411738550466873,0.14273010226767452,0.17296576256113827,0.4201867496665185
0.25539409951563186,0.14839277851166888,0.17305151915455746,0.4231616028181418
0.2594547053649956,0.14731750219876869,0.17458223394898856,0.41864555848724716
0.2570671378091873,0.14752650176678445,0.1793286219081272,0.4160777385159011
0.2554420257663261,0.14971123944913373,0.17636605952909817,0.418480675255442
0.25440917107583777,0.15123456790123457,0.17768959435626103,0.4166666666666667
0.25584472871636527,0.14865460961623292,0.17776797529775032,0.4177326863696515
0.247791519434629,0.1497349823321555,0.1784452296819788,0.42402826855123676
0.2512013979903888,0.14766273481869813,0.17256443861948448,0.42857142857142855
0.25393356643356646,0.14772727272727273,0.17657342657342656,0.42176573426573427
0.2514210756449497,0.14910362920857018,0.17708788806296458,0.4223874070835155
0.25121627598407786,0.145953118089341,0.18045112781954886,0.4223794781070323
0.25,0.14590747330960854,0.17882562277580072,0.42526690391459077
0.24536628420123566,0.1407766990291262,0.17784642541924095,0.43601059135039716
0.2437745740498034,0.1397990388816077,0.17518567059851464,0.4412407164700743
0.24457244129375277,0.14178112538768275,0.17323881258307489,0.4404076207354896
0.24473684210526317,0.13991228070175438,0.17149122807017544,0.443859649122807
0.24889086069210292,0.13354037267080746,0.16947648624667258,0.44809228039041704
0.2497797356828194,0.13348017621145375,0.16916299559471365,0.44757709251101324
0.2546337157987643,0.1319505736981465,0.16548984995586938,0.4479258605472198
0.2552539404553415,0.1330998248686515,0.165061295971979,0.44658493870402804
0.25583443416996915,0.1316600616468516,0.16512549537648613,0.4473800088066931
0.26477121279431365,0.13282985339848957,0.16392714349178142,0.4384717903154154
0.27042628774422733,0.1327708703374778,0.1594138543516874,0.43738898756660743
0.2652881654201496,0.13110426748790144,0.15574131104267488,0.4478662560492741
0.2675496688741722,0.13421633554083887,0.16158940397350993,0.436644591611479
0.26807760141093473,0.1283068783068783,0.16181657848324515,0.4417989417989418
0.26657824933687,0.1259946949602122,0.16180371352785147,0.44562334217506633
0.26516157591854805,0.12660469234174412,0.16290393979637008,0.44532979194333777
0.26742656729504605,0.12713722051731696,0.15344147303814118,0.45199473914949584
0.27149122807017545,0.12938596491228072,0.15219298245614035,0.4469298245614035
0.27654867256637167,0.12433628318584071,0.15663716814159293,0.4424778761061947
0.2759982448442299,0.11803422553751645,0.15620886353663888,0.44975866608161474
0.28527200353825743,0.11808934099955772,0.1534719150818222,0.4431667403803627
0.2803904170363798,0.11801242236024845,0.15838509316770186,0.44321206743566993
0.28104286345558993,0.12063632346442775,0.15775519222271323,0.44056562085726914
0.2833260008798944,0.11746590409150902,0.15882094148702156,0.44038715354157504
0.2842750766535261,0.12176960140166447,0.15987735435830047,0.43407796758650896
0.2757562472599737,0.12143796580447172,0.156510302498904,0.44629548443665057
0.28167770419426047,0.11832229580573951,0.15408388520971303,0.445916114790287
0.2827616534740545,0.11741424802110818,0.15083553210202286,0.4489885664028144
0.2741003998223012,0.11639271434917814,0.1519324744557974,0.45757441137272326
0.2709534368070953,0.12195121951219512,0.15121951219512195,0.4558758314855876
0.27240926978574553,0.12243113248797552,0.15435067774376912,0.4508089199825098
0.2757255936675462,0.12313104661389622,0.15391380826737028,0.4472295514511873
0.2749003984063745,0.12217795484727756,0.15360779105799027,0.4493138556883577
0.28185840707964605,0.1256637168141593,0.15,0.4424778761061947
0.2807794508414526,0.1266607617360496,0.14968999114260406,0.4428697962798937
0.2791519434628975,0.12411660777385158,0.1497349823321555,0.4469964664310954
0.28602811950790863,0.12302284710017575,0.14630931458699473,0.4446397188049209
0.2901371074745688,0.11941618752764263,0.14329942503317117,0.44714727996461745
0.29396092362344584,0.1172291296625222,0.14564831261101244,0.44316163410301956
0.2918149466192171,0.12144128113879003,0.14190391459074733,0.44483985765124556
0.29133858267716534,0.12817147856517935,0.13867016622922135,0.44181977252843396
0.29080510338759347,0.12450505939287286,0.1438627364716234,0.44082710074791026
0.287467134092901,0.12357581069237511,0.14592462751971955,0.4430324276950044
0.2928445229681979,0.1254416961130742,0.14796819787985865,0.43374558303886923
0.2851493848857645,0.12697715289982425,0.15026362038664323,0.437609841827768
0.2810715854194115,0.12428634167764603,0.15371102327624067,0.4409310496267018
0.29168499780026397,0.12626484821821382,0.150461944566652,0.4315882094148702
0.28838625489343195,0.12744671596346238,0.14832535885167464,0.43584167029143106
0.2864056313242411,0.1271447426308843,0.14650241970963485,0.43994720633523976
0.2901531728665208,0.12428884026258205,0.14573304157549233,0.43982494529540483
0.293598233995585,0.12141280353200883,0.13951434878587196,0.44547461368653424
0.2862796833773087,0.1266490765171504,0.13720316622691292,0.449868073878628
0.28565140845070425,0.12852112676056338,0.13468309859154928,0.4511443661971831
0.2860927152317881,0.12847682119205298,0.13245033112582782,0.45298013245033114
0.2817269952027911,0.12996075010902747,0.13170518970780637,0.45660706498037507
0.28269484808454426,0.12725671510347863,0.1325407309555262,0.4575077058564509
0.2790286975717439,0.1280353200883002,0.1315673289183223,0.4613686534216336
0.28865527814279457,0.12483574244415244,0.1287779237844941,0.4577310556285589
0.28715919085312225,0.12005277044854881,0.1345646437994723,0.45822339489885666
0.28835978835978837,0.11948853615520282,0.1335978835978836,0.4585537918871252
0.2894033837934105,0.12288512911843277,0.12867319679430098,0.45903829029385573
0.2874834144183989,0.12030075187969924,0.13356921716054843,0.45864661654135336
0.2969991173874669,0.11650485436893204,0.13018534863195058,0.4563106796116505
0.2869105332745703,0.1128250330542089,0.13397972675187308,0.46628470691934776
0.28994340444057465,0.10535481062255116,0.1388767958206356,0.4658249891162386
0.29305799648506153,0.101493848857645,0.14147627416520211,0.46397188049209137
0.29411764705882354,0.09907120743034056,0.13799203892083148,0.4688191065900044
0.2926829268292683,0.09886759581881534,0.1402439024390244,0.468205574912892
0.2911111111111111,0.10355555555555555,0.12577777777777777,0.47955555555555557
0.29332169358358795,0.10388476647752073,0.12221737232649497,0.48057616761239635
0.2928759894459103,0.10246262093227793,0.12313104661389622,0.4815303430079156
0.2990325417766051,0.10642040457343888,0.12269129287598944,0.47185576077396657
0.3002217294900222,0.10509977827050998,0.11929046563192905,0.4753880266075388
0.3020282186948854,0.10802469135802469,0.12169312169312169,0.46825396825396826
0.30088105726872244,0.10792951541850221,0.12246696035242291,0.4687224669603524
0.29816112084063046,0.10989492119089317,0.12521891418563924,0.46672504378283713
0.30569033965593295,0.105866784296427,0.12218791354212616,0.4662549625055139
0.2969858156028369,0.1125886524822695,0.12455673758865249,0.4658687943262411
0.2990239574090506,0.11135758651286602,0.12289263531499556,0.46672582076308783
0.29713292788879236,0.1155516941789748,0.12423979148566464,0.4630755864465682
0.29867256637168144,0.11150442477876106,0.12920353982300886,0.46061946902654866
0.2974404236540159,0.11385701676963812,0.13106796116504854,0.45763459841129744
0.29771328056288476,0.11609498680738786,0.1279683377308707,0.45822339489885666
0.30184534270650265,0.11115992970123023,0.1304920913884007,0.45650263620386644
0.29525483304042177,0.11072056239015818,0.13093145869947276,0.46309314586994726
0.29398762157382846,0.11007957559681697,0.13572060123784263,0.46021220159151194
0.30070859167404784,0.10806023029229407,0.13108945969884853,0.46014171833480955
0.3044434667839859,0.1117465904091509,0.12758468983721954,0.45622525296964367
0.3036419482229048,0.11013602457218079,0.12417727073277754,0.4620447564721369
0.3099955966534566,0.10700132100396301,0.12285336856010567,0.46014971378247466
0.3137687555163283,0.10812003530450133,0.12224183583406885,0.4558693733451015
0.3158125273762593,0.1073149364870784,0.12133158125273763,0.45554095488392465
0.3147007042253521,0.10783450704225352,0.12367957746478873,0.4537852112676056
0.3146760687527545,0.10797708241516087,0.124724548259145,0.4526223005729396
0.3152796125055042,0.10700132100396301,0.12329370321444298,0.45442536327608984
0.31798245614035087,0.11052631578947368,0.12324561403508771,0.4482456140350877
0.3202470224966917,0.10851345390383767,0.12218791354212616,0.4490516100573445
0.327768014059754,0.109402460456942,0.12214411247803164,0.4406854130052724
0.3247038174637999,0.11408512505484862,0.12461605967529618,0.43659499780605526
0.3218543046357616,0.11788079470198676,0.12185430463576159,0.4384105960264901
0.3224381625441696,0.11925795053003534,0.1166077738515901,0.4416961130742049
0.32319223985890655,0.12169312169312169,0.1128747795414462,0.44223985890652556
0.33113166006164685,0.1210920299427565,0.11184500220167327,0.43593130779392336
0.3297966401414677,0.1259946949602122,0.11317418213969938,0.43103448275862066
0.32295373665480426,0.12322064056939502,0.11432384341637011,0.4395017793594306
0.3214756258234519,0.12560386473429952,0.12077294685990338,0.4321475625823452
0.325764192139738,0.12489082969432315,0.12314410480349346,0.4262008733624454
0.3176831943835015,0.1303203159280386,0.12066695919262835,0.4313295304958315
0.31693262411347517,0.12943262411347517,0.12234042553191489,0.43129432624113473
0.3116651825467498,0.13045414069456812,0.12021371326803205,0.43766696349065004
0.3172690763052209,0.12717536813922356,0.11869701026327532,0.43685854529228024
0.3236203090507726,0.1293598233995585,0.12097130242825607,0.4260485651214128
0.3221089942401418,0.12627381479840497,0.11829862649534781,0.43331856446610545
0.33027923211169286,0.12303664921465969,0.11474694589877836,0.4319371727748691
0.3226795096322242,0.1295971978984238,0.11514886164623468,0.43257443082311736
0.317439293598234,0.1315673289183223,0.11479028697571744,0.43620309050772627
0.31870061457418786,0.1321334503950834,0.11852502194907814,0.4306409130816506
0.32144429766622634,0.12901805372082784,0.11492734478203434,0.4346103038309115
0.3224956063268893,0.1282952548330404,0.11159929701230228,0.437609841827768
0.3199115044247788,0.12876106194690265,0.1163716814159292,0.43495575221238936
0.32033673017279574,0.12937527691626052,0.11386796632698272,0.436420026583961
0.31814198071866784,0.12401402278702892,0.11787905346187555,0.43996494303242767
0.3198237885462555,0.11806167400881057,0.11850220264317181,0.4436123348017621
0.3150684931506849,0.1175430844012373,0.12284577993813522,0.4445426425099426
0.3107394366197183,0.11399647887323944,0.125,0.45026408450704225
0.3092105263157895,0.11359649122807018,0.12719298245614036,0.45
0.30375874125874125,0.11538461538461539,0.13024475524475523,0.4506118881118881
0.3034847816497574,0.11160123511248346,0.13145125716806352,0.4534627260696956
0.3,0.11359649122807018,0.1280701754385965,0.4583333333333333
0.30789707187222715,0.11313220940550132,0.12732919254658384,0.45164152617568765
0.3023358307624504,0.11546936976641692,0.12692816218598502,0.45526663728514766
0.29770318021201414,0.1166077738515901,0.12853356890459364,0.4571554770318021
0.2972027972027972,0.11276223776223776,0.125,0.46503496503496505
0.2955041466608468,0.10955914447839371,0.1287647315582715,0.466171977302488
0.2951036612262902,0.10939567710630789,0.12792236435818263,0.46757829730921924
0.29738126941855303,0.10741233910341766,0.13049267643142476,0.4647137150466045
0.29715536105032825,0.10678336980306345,0.12647702407002187,0.4695842450765864
0.290223586146427,0.11003945637878124,0.12932924156071898,0.47040771591407277
0.2968681076312307,0.10498456109395678,0.12130569033965594,0.4768416409351566
0.3017467248908297,0.10218340611353711,0.12270742358078603,0.4733624454148472
0.2996040475142983,0.10206775186977562,0.12318521777386714,0.47514298284205897
0.3041958041958042,0.10052447552447552,0.12325174825174826,0.47202797202797203
0.30810092961487384,0.10048694112439133,0.12262062859672422,0.46879150066401065
0.30576330840299165,0.10426748790145182,0.12142542894852618,0.46854377474703035
0.3088888888888889,0.10533333333333333,0.11955555555555555,0.4662222222222222
0.3131046613896218,0.10510114335971855,0.12269129287598944,0.45910290237467016
0.31294014084507044,0.10035211267605634,0.12411971830985916,0.46258802816901406
0.3169877408056042,0.10245183887915937,0.12040280210157618,0.46015761821366025
0.3099209833187006,0.09657594381035997,0.12291483757682177,0.47058823529411764
0.3128565160157964,0.09302325581395349,0.12417727073277754,0.46994295743747255
0.3041351711871943,0.09648732770120054,0.12761227212094264,0.47176522899066253
0.3047703180212014,0.09584805653710247,0.125,0.4743816254416961
0.311533362792753,0.09854175872735307,0.12152010605391074,0.4684047724259832
0.31501340482573725,0.09874888293118857,0.12153708668453976,0.4647006255585344
0.3165057067603161,0.09789288849868305,0.11325724319578578,0.4723441615452151
0.31748128577719065,0.10039630118890357,0.11228533685601057,0.4698370761778952
0.3119825708061002,0.10196078431372549,0.11285403050108933,0.47320261437908495
0.3113082039911308,0.10110864745011086,0.11042128603104213,0.4771618625277162
0.3190371991247265,0.10678336980306345,0.10722100656455143,0.4669584245076586
0.3163444639718805,0.10456942003514938,0.10984182776801406,0.46924428822495606
0.3137766188613646,0.10560625814863103,0.10777922642329422,0.4728378965667101
0.3125,0.09859154929577464,0.1131161971830986,0.47579225352112675
0.3169761273209549,0.09902740937223696,0.11184792219274978,0.47214854111405835
0.3156043956043956,0.09934065934065935,0.10813186813186813,0.47692307692307695
0.3168056164984642,0.09653356735410268,0.1066257130320316,0.4800351031154015
0.31355181576616475,0.09654561558901682,0.10673162090345438,0.48317094774136404
0.3185217773867136,0.0985481742190937,0.1095468543774747,0.47338319401671797
0.31678383128295257,0.09402460456942004,0.11291739894551846,0.47627416520210897
0.3211292456991619,0.09395677106307895,0.11116012351124835,0.4737538597265108
0.3167619885613726,0.09326880774307084,0.10998680158380994,0.4799824021117466
0.31496062992125984,0.09361329833770779,0.10936132983377078,0.4820647419072616
0.3165562913907285,0.09271523178807947,0.10463576158940398,0.4860927152317881
0.31491228070175437,0.09298245614035087,0.10964912280701754,0.4824561403508772
0.31894273127753303,0.09383259911894273,0.11101321585903083,0.4762114537444934
0.3197903014416776,0.09305373525557012,0.10790738313674093,0.47924858016601135
0.3128003494975972,0.09567496723460026,0.11009174311926606,0.4814329401485365
0.3121951219512195,0.09356984478935698,0.10687361419068736,0.48736141906873615
0.3089324618736383,0.09324618736383443,0.1111111111111111,0.48671023965141613
0.3116423196104471,0.09606020362992475,0.10978308986277113,0.482514386896857
0.3114754098360656,0.09171466548515729,0.11342490031014621,0.4833850243686309
0.30554343081623747,0.09471846355303361,0.11436054124836316,0.4853775643823658
0.30782918149466193,0.09741992882562278,0.11565836298932385,0.4790925266903915
0.3073895933537385,0.0940096195889812,0.11762133799737648,0.4809794490599038
0.3126921387790953,0.09090909090909091,0.11462450592885376,0.48177426438296006
0.30823425803610743,0.09335094671950682,0.11536767943637165,0.48304711580801407
0.3036187113857017,0.09532215357458076,0.11827007943512798,0.48278905560458957
0.2991150442477876,0.09513274336283185,0.11548672566371682,0.4902654867256637
0.3008344312692139,0.09354413702239789,0.1181379007465964,0.4874835309617918
0.3053839364518976,0.09355692850838482,0.1147396293027361,0.48631950573698146
0.30499561787905344,0.08676599474145487,0.11349693251533742,0.4947414548641543
0.30436720142602497,0.08199643493761141,0.10828877005347594,0.5053475935828877
0.2955947136563877,0.08237885462555065,0.10440528634361233,0.5176211453744494
0.29907773386034253,0.08344312692138779,0.0992534036012297,0.51822573561704
0.30057547587428063,0.08322266489597167,0.09428950863213811,0.5219123505976095
0.3032967032967033,0.08351648351648351,0.08571428571428572,0.5274725274725275
0.3146017699115044,0.08185840707964602,0.08141592920353982,0.5221238938053098
0.3171052631578947,0.08508771929824561,0.0780701754385965,0.5197368421052632
0.3172019357677079,0.07919049714034315,0.08315002199736031,0.5204575450945886
0.3195057369814651,0.07811120917917035,0.08473080317740513,0.5176522506619594
0.3197189284145806,0.07817303469477382,0.08344312692138779,0.5186649099692578
0.31736263736263737,0.08043956043956044,0.08043956043956044,0.5217582417582417
0.3168056164984642,0.08468626590609916,0.08205353225098727,0.5164545853444493
0.3172992056487202,0.08737864077669903,0.08428949691085613,0.5110326566637247
0.3249113475177305,0.08865248226950355,0.08732269503546099,0.499113475177305
0.32599118942731276,0.08854625550660793,0.08370044052863436,0.5017621145374449
0.32456140350877194,0.09342105263157895,0.0824561403508772,0.49956140350877193
0.3236331569664903,0.09479717813051146,0.08421516754850088,0.4973544973544973
0.3188531711555169,0.09643788010425716,0.08557775847089487,0.499131190269331
0.31796223100570925,0.09574000878348704,0.08827404479578392,0.4980237154150198
0.32141280353200885,0.09580573951434879,0.08432671081677705,0.49845474613686536
0.3257042253521127,0.08934859154929578,0.08098591549295775,0.5039612676056338
0.327768014059754,0.0913884007029877,0.07996485061511424,0.5008787346221442
0.3292629742695159,0.08853030963802878,0.07980811164413432,0.502398604448321
0.3235679930039353,0.09313511149978138,0.07783121993878443,0.5054656755574989
0.32386363636363635,0.09527972027972027,0.07342657342657342,0.5074300699300699
0.32275132275132273,0.0992063492063492,0.07671957671957672,0.5013227513227513
0.3256941383869546,0.10401057734684883,0.0753635962979286,0.494931687968268
0.32514260640631854,0.10092145677928917,0.0776656428258008,0.49627029398859146
0.3226934849147355,0.1045037166593791,0.07520769567118496,0.4975951027547005
0.3264042459088899,0.1021671826625387,0.07739938080495357,0.4940291906236179
0.32419283502874835,0.1017249004865104,0.07739938080495357,0.4966828836797877
0.32259488084730803,0.10194174757281553,0.08075904677846425,0.4947043248014122
0.32580787959274016,0.10092961487383798,0.07791057990261177,0.4953519256308101
0.3201219512195122,0.10104529616724739,0.07534843205574913,0.5034843205574913
0.32391879964695497,0.09796999117387467,0.07325684024713151,0.5048543689320388
0.3228520814880425,0.09654561558901682,0.07440212577502214,0.5062001771479185
0.32833847509916264,0.09651828999559277,0.07271925958572058,0.502423975319524
0.3253170091823349,0.10056843025797989,0.07083515522518584,0.5032794053344993
0.3289357959542656,0.0998240985048373,0.07255936675461741,0.49868073878627966
0.327217125382263,0.10266491917868065,0.06946264744429882,0.5006553079947575
0.3227373068432671,0.10286975717439294,0.06666666666666667,0.5077262693156733
0.32273519163763065,0.1019163763066202,0.06837979094076654,0.5069686411149826
0.3201058201058201,0.10493827160493827,0.06878306878306878,0.5061728395061729
0.31975470871660094,0.10074463425317565,0.0718353044240035,0.5076653526062199
0.3201581027667984,0.10540184453227931,0.07026789635485288,0.5041721563460694
0.3232949512843224,0.1054030115146147,0.0704162976085031,0.5008857395925598
0.31625441696113077,0.10865724381625441,0.0706713780918728,0.5044169611307421
0.3154657293497364,0.10588752196836555,0.06634446397188049,0.5123022847100176
0.30951337132836476,0.10346339324857519,0.07014467338886453,0.5168785620341956
0.3117854001759015,0.10334212840809147,0.06860158311345646,0.5162708883025505
0.30486202365308807,0.10424879544459045,0.07227332457293036,0.5186158563293911
0.31063268892794377,0.10456942003514938,0.06854130052724078,0.5162565905096661
0.3106625713032032,0.10136024572180781,0.06494076349275998,0.523036419482229
0.3073234524847428,0.0989537925021796,0.06713164777680906,0.5265911072362686
0.32035398230088497,0.09646017699115045,0.06548672566371681,0.5176991150442478
0.32235397452788755,0.09354413702239789,0.06324110671936758,0.520860781730347
0.31623175586023883,0.0950906678460858,0.06015037593984962,0.5285272003538257
0.30749014454664914,0.09548839246605344,0.06438896189224705,0.5326325010950503
0.3070521243977223,0.09505037231712658,0.06438896189224705,0.533508541392904
0.29955947136563876,0.0973568281938326,0.06784140969162995,0.5352422907488987
0.3,0.09515418502202644,0.06828193832599119,0.5365638766519824
0.2993881118881119,0.09615384615384616,0.06905594405594405,0.5354020979020979
0.30073880921338547,0.09734897870491091,0.0686657974793568,0.5332464146023468
0.30048394192696876,0.09590849098108227,0.06907171139463264,0.5345358556973163
0.3002645502645503,0.09788359788359788,0.07142857142857142,0.5304232804232805
0.2976190476190476,0.09656084656084656,0.0701058201058201,0.5357142857142857
0.30083811204234673,0.10101455668284076,0.0674900749889722,0.5306572562858404
0.3003082342580361,0.09995596653456627,0.06649053280493175,0.5332452664024658
0.30115146147032773,0.10053144375553587,0.06775907883082374,0.5305580159433126
0.30478700043917434,0.10101010101010101,0.06411945542380325,0.5300834431269213
0.30398230088495576,0.10044247787610619,0.061504424778761065,0.534070796460177
0.3075563411400795,0.09986743261157756,0.06009721608484313,0.5324790101634997
0.31437389770723106,0.09656084656084656,0.06128747795414462,0.5277777777777778
0.31699779249448123,0.09271523178807947,0.06225165562913907,0.5280353200883002
0.31574199368516015,0.09336941813261164,0.06450157870996842,0.5263870094722598
0.3154917319408181,0.08877284595300261,0.06179286335944299,0.5339425587467362
0.31263664188893747,0.08788806296458242,0.06296458242238741,0.5365107127240927
0.3184014053579271,0.09134826526130874,0.06543697848045674,0.5248133509003075
0.3148558758314856,0.09356984478935698,0.06563192904656319,0.5259423503325943
0.31555751432349055,0.09299250771264875,0.06170118995152049,0.5297487880123403
0.3173076923076923,0.09615384615384616,0.0625,0.5240384615384616
0.3261727312582201,0.09381850065760632,0.06225339763261727,0.5177553704515563
0.33010136624063463,0.09122961657117673,0.061260467166152494,0.5174085500220361
0.3291249455811929,0.08794079233783196,0.06399651719634306,0.5189377448846322
0.3273444347063979,0.09114811568799298,0.06617002629272568,0.5153374233128835
0.3321507760532151,0.09135254988913526,0.06651884700665188,0.5099778270509978
0.3296943231441048,0.09082969432314411,0.06593886462882097,0.5135371179039301
0.33215391419725787,0.09332153914197258,0.06368863334807608,0.5108359133126935
0.325540361711513,0.09616232906925452,0.06616674018526687,0.5121305690339656
0.3194200351493849,0.09270650263620386,0.06898066783831283,0.5188927943760984
0.3249113475177305,0.09175531914893617,0.06826241134751773,0.5150709219858156
0.3230633802816901,0.09110915492957747,0.0682218309859155,0.5176056338028169
0.3201407211961302,0.08575197889182058,0.06904133685136324,0.525065963060686
0.3169230769230769,0.08967032967032967,0.06505494505494505,0.5283516483516484
0.3135630178805059,0.08940252943741823,0.06672481465329264,0.5303096380287833
0.3136907399202481,0.08949933540097474,0.06734603455914931,0.5294638901196278
0.31752305665349145,0.08739569609134827,0.06543697848045674,0.5296442687747036
0.31638913234005256,0.09027169149868536,0.0705521472392638,0.5227870289219982
0.31170539237176675,0.08811924594476107,0.07189829022358615,0.528277071459886
0.31040564373897706,0.08950617283950617,0.07231040564373897,0.5277777777777778
0.31285403050108934,0.0906318082788671,0.0766884531590414,0.5198257080610021
0.31965065502183404,0.08820960698689956,0.07685589519650655,0.5152838427947598
0.32319223985890655,0.08597883597883597,0.07495590828924162,0.5158730158730159
0.3163941670349094,0.08572691117984976,0.07998232434821034,0.5178965974370305
0.3173076923076923,0.08784965034965035,0.08522727272727272,0.5096153846153846
0.3168141592920354,0.08805309734513274,0.09026548672566372,0.5048672566371681
0.3100570926657883,0.09134826526130874,0.08607817303469477,0.5125164690382081
0.3135935397039031,0.09286675639300135,0.08568864961866307,0.5078510542844324
0.3086745926904447,0.09555261999119331,0.0845442536327609,0.5112285336856011
0.31509267431597526,0.09620476610767872,0.08384819064430715,0.5048543689320388
0.30615861763402746,0.09260079751883031,0.08861320336730173,0.5126273814798405
0.30688294607628236,0.09074967119684349,0.08768084173608066,0.5146865409907935
0.304673721340388,0.09082892416225749,0.09126984126984126,0.5132275132275133
0.30970314576871955,0.09260079751883031,0.08905626938413824,0.5086397873283119
0.3108348134991119,0.09147424511545293,0.09280639431616342,0.5048845470692718
0.3157193605683837,0.09280639431616342,0.08570159857904085,0.5057726465364121
0.3087071240105541,0.08883025505716799,0.09366754617414248,0.5087950747581355
0.3099695254680017,0.0892468437091859,0.09185894645189377,0.5089246843709185
0.31343283582089554,0.08560140474100088,0.08911325724319578,0.5118525021949079
0.31370826010544817,0.07952548330404217,0.09007029876977153,0.5166959578207382
0.31507449605609117,0.07843996494303243,0.0880806310254163,0.5184049079754601
0.3143989431968296,0.07705856450902686,0.08894760017613386,0.5195948921180097
0.3130779392338177,0.07441655658300309,0.09379128137384413,0.5187142228093351
0.32376325088339225,0.07818021201413428,0.09275618374558305,0.5053003533568905
0.32063074901445465,0.08103372755146737,0.09023215067893123,0.5081033727551467
0.31870061457418786,0.08428446005267778,0.09086918349429324,0.5061457418788411
0.32123893805309733,0.084070796460177,0.09115044247787611,0.5035398230088496
0.32515611061552185,0.08563782337198929,0.09411239964317573,0.4950936663693131
0.3229486616937253,0.08556384379113646,0.09258446687143485,0.49890302764370337
0.32456140350877194,0.08771929824561403,0.09298245614035087,0.49473684210526314
0.3240863055922501,0.08850726552179657,0.08718626155878467,0.5002201673271687
0.3314285714285714,0.08879120879120879,0.08527472527472528,0.4945054945054945
0.32289369210410235,0.08734009704455227,0.08645787384208205,0.5033083370092634
0.3266199649737303,0.0915061295971979,0.08669001751313485,0.4951838879159369
0.31648351648351647,0.08879120879120879,0.0865934065934066,0.5081318681318682
0.31541850220264317,0.08942731277533039,0.08986784140969163,0.5052863436123348
0.3120629370629371,0.08916083916083917,0.08916083916083917,0.5096153846153846
0.31913959613696224,0.08691834942932397,0.08647936786654961,0.5074626865671642
0.32398071021481806,0.08505041648399825,0.08724243752740027,0.5037264357737834
0.3231441048034934,0.0794759825327511,0.08733624454148471,0.5100436681222708
0.3242530755711775,0.08260105448154657,0.08919156414762741,0.5039543057996485
0.3225377107364685,0.07941437444543034,0.09006211180124224,0.5079858030168589
0.3229074889867841,0.0828193832599119,0.0907488986784141,0.5035242290748899
0.3258278145695364,0.08432671081677705,0.08785871964679912,0.5019867549668874
0.31913959613696224,0.08823529411764706,0.08823529411764706,0.5043898156277437
0.3217734855136084,0.08955223880597014,0.08735733099209833,0.5013169446883231
0.31535087719298244,0.0868421052631579,0.09385964912280702,0.5039473684210526
0.3183012259194396,0.08493870402802102,0.09413309982486866,0.5026269702276708
0.3170305676855895,0.08777292576419214,0.0925764192139738,0.5026200873362445
0.3157894736842105,0.08859649122807017,0.09298245614035087,0.5026315789473684
0.3145478374836173,0.08999563128003495,0.09174311926605505,0.5037134119702927
0.30509977827051,0.0917960088691796,0.09312638580931264,0.5099778270509978
0.3039647577092511,0.08898678414096917,0.0881057268722467,0.518942731277533
0.3084029916410031,0.09194896612406511,0.08798944126704795,0.5116586009678838
0.3046153846153846,0.0967032967032967,0.08615384615384615,0.5125274725274725
0.31301697866782763,0.0979538528515455,0.08576404005224206,0.5032651284283849
0.31072695035460995,0.09485815602836879,0.08421985815602837,0.5101950354609929
0.31687968267959454,0.09387395328338476,0.08417805200528868,0.5050683120317321
0.317960088691796,0.09445676274944567,0.08514412416851441,0.5024390243902439
0.31901840490797545,0.09246275197195443,0.08501314636283962,0.5035056967572304
0.3181019332161687,0.09094903339191564,0.08567662565905097,0.5052724077328646
0.3170838823012736,0.08959156785243742,0.08871321914800176,0.5046113306982872
0.3136645962732919,0.09006211180124224,0.09006211180124224,0.5062111801242236
0.30633802816901406,0.09286971830985916,0.09110915492957747,0.5096830985915493
0.30714916151809357,0.09223300970873786,0.088261253309797,0.5123565754633715
0.3056049822064057,0.09119217081850534,0.08629893238434164,0.5169039145907474
0.29969284774023697,0.0903905221588416,0.088635366388767,0.5212812637121544
0.3026602703881378,0.09027474923680767,0.08722197993894461,0.5198430004361099
0.30478700043917434,0.08915239350021958,0.08739569609134827,0.5186649099692578
0.29765590446705,0.08978328173374613,0.0880141530296329,0.524546660769571
0.29645824223874073,0.0944468736335811,0.08482728465238304,0.5242675994752951
0.29576837416481067,0.09443207126948774,0.08685968819599109,0.5229398663697105
0.2942477876106195,0.09557522123893805,0.09380530973451327,0.5163716814159292
0.2944542253521127,0.09419014084507042,0.08846830985915492,0.522887323943662
0.3030436700485223,0.09219232465813851,0.08734009704455227,0.5174239082487869
0.3016220955721175,0.09031126698816308,0.0920648838228847,0.5160017536168348
0.2998220640569395,0.08585409252669039,0.09919928825622776,0.5151245551601423
0.2953138815207781,0.08841732979664015,0.09681697612732096,0.5194518125552609
0.29007971656333037,0.08768821966341896,0.10008857395925598,0.5221434898139947
0.28520971302428255,0.08918322295805739,0.09668874172185431,0.5289183222958057
0.2885964912280702,0.0868421052631579,0.09824561403508772,0.5263157894736842
0.2857771906649053,0.09114927344782034,0.095112285336856,0.5279612505504183
0.28247330960854095,0.09252669039145907,0.09386120996441281,0.5311387900355872
0.2875441696113074,0.09540636042402827,0.0896643109540636,0.5273851590106007
0.29492273730684326,0.0922737306843267,0.0869757174392936,0.5258278145695364
0.29770318021201414,0.09452296819787986,0.08613074204946997,0.5216431095406361
0.29858657243816256,0.09496466431095406,0.08789752650176678,0.5185512367491166
0.3000445831475702,0.09094962104324565,0.08782880071333037,0.5211769950958538
0.30450132391879964,0.09267431597528684,0.08561341571050309,0.5172109443954104
0.30498016747465845,0.09475539885412076,0.08197443807844866,0.5182899955927721
0.31456225252969644,0.09414870215574131,0.08139023317201936,0.5098988121425428
0.31014621178555607,0.08994240141781125,0.08551174124944617,0.5143996455471865
0.30479148181011534,0.09183673469387756,0.08740017746228926,0.5159716060337178
0.3109729009329187,0.09018214127054643,0.09018214127054643,0.5086628165259884
0.31058927780239254,0.09525919361984936,0.09038546743464776,0.5037660611431103
0.3130242825607064,0.09183222958057395,0.09006622516556291,0.5050772626931568
0.30619469026548674,0.08938053097345133,0.09115044247787611,0.5132743362831859
0.30966034406704895,0.08998676665196295,0.09439788266431408,0.505955006616674
0.3153232949512843,0.09255978742249779,0.08813108945969884,0.503985828166519
0.32332155477031804,0.08745583038869258,0.08789752650176678,0.5013250883392226
0.32123893805309733,0.08451327433628318,0.08672566371681416,0.5075221238938054
0.31313131313131315,0.08651734738691261,0.08519982433025912,0.5151515151515151
0.3098159509202454,0.08720420683610867,0.08238387379491674,0.5205959684487291
0.30823425803610743,0.09291061206516953,0.083223249669749,0.515631880228974
0.3018037835459745,0.0950285965684118,0.07699076110866696,0.5261768587769468
0.30472854640980734,0.09413309982486866,0.0796847635726795,0.5214535901926445
0.3031374281926646,0.09500662836942113,0.07467962881131242,0.5271763146266019
0.30402449693788275,0.09930008748906387,0.07349081364829396,0.5231846019247594
0.3032967032967033,0.09978021978021978,0.0734065934065934,0.5235164835164835
0.31010145566828407,0.10189677988531098,0.0741067490074989,0.513895015438906
0.30837004405286345,0.10308370044052863,0.07665198237885462,0.5118942731277533
0.3078958976621085,0.10322011468901632,0.07454786060873402,0.5143361270401412
