C,D,Oc,Od
0.0,0.0,1.0,0.0
0.0,0.3333333333333333,0.6666666666666666,0.0
0.0,0.16666666666666666,0.8333333333333334,0.0
0.0,0.1,0.9,0.0
0.0,0.23076923076923078,0.7692307692307693,0.0
0.05263157894736842,0.21052631578947367,0.7368421052631579,0.0
0.045454545454545456,0.22727272727272727,0.7272727272727273,0.0
0.1111111111111111,0.18518518518518517,0.7037037037037037,0.0
0.08108108108108109,0.1891891891891892,0.6756756756756757,0.05405405405405406
0.14285714285714285,0.20408163265306123,0.5918367346938775,0.061224489795918366
0.14754098360655737,0.2459016393442623,0.5081967213114754,0.09836065573770492
0.1506849315068493,0.2602739726027397,0.4520547945205479,0.136986301369863
0.16304347826086957,0.29347826086956524,0.42391304347826086,0.11956521739130435
0.1794871794871795,0.28205128205128205,0.4188034188034188,0.11965811965811966
0.19014084507042253,0.28169014084507044,0.4225352112676056,0.1056338028169014
0.17679558011049723,0.27624309392265195,0.40331491712707185,0.143646408839779
0.20833333333333334,0.2824074074074074,0.37037037037037035,0.1388888888888889
0.20967741935483872,0.28225806451612906,0.3709677419354839,0.13709677419354838
0.2305084745762712,0.27796610169491526,0.34915254237288135,0.1423728813559322
0.23595505617977527,0.27808988764044945,0.3398876404494382,0.14606741573033707
0.24278846153846154,0.28846153846153844,0.3125,0.15625
0.26526315789473687,0.2694736842105263,0.3031578947368421,0.16210526315789472
0.25812619502868067,0.27151051625239003,0.3078393881453155,0.16252390057361377
0.27166666666666667,0.27666666666666667,0.29,0.16166666666666665
0.26323529411764707,0.27794117647058825,0.2911764705882353,0.1676470588235294
0.2669376693766938,0.27100271002710025,0.2899728997289973,0.17208672086720866
0.2708333333333333,0.25735294117647056,0.28431372549019607,0.1875
0.2585635359116022,0.26519337016574585,0.281767955801105,0.19447513812154696
0.26369168356997974,0.25760649087221094,0.28093306288032455,0.19776876267748478
0.24814126394052044,0.26579925650557623,0.2778810408921933,0.20817843866171004
0.2560553633217993,0.263840830449827,0.2742214532871972,0.20588235294117646
0.2457831325301205,0.25461847389558234,0.28433734939759037,0.21526104417670683
0.25975975975975973,0.25075075075075076,0.2732732732732733,0.21621621621621623
0.2494802494802495,0.2480942480942481,0.2751212751212751,0.2273042273042273
0.24680306905370844,0.25127877237851665,0.2659846547314578,0.23593350383631714
0.2503052503052503,0.24725274725274726,0.268009768009768,0.23443223443223443
0.24705882352941178,0.23823529411764705,0.27294117647058824,0.24176470588235294
0.24673109721432632,0.23649801023308697,0.2689027856736782,0.24786810687890848
0.24375678610206297,0.23452768729641693,0.2676438653637351,0.254071661237785
0.24270833333333333,0.2359375,0.2677083333333333,0.25364583333333335
0.2516522623284189,0.22877478393492628,0.26334519572953735,0.25622775800711745
0.2528283325135268,0.22577471716674866,0.26561731431382196,0.2557796360059026
0.2566585956416465,0.2305084745762712,0.2639225181598063,0.24891041162227603
0.2629594721960415,0.2224316682375118,0.26248821866163996,0.2521206409048068
0.2585640544345378,0.2257156264664477,0.26701079305490383,0.24870952604411076
0.2593274988484569,0.22616305849838783,0.2634730538922156,0.25103638876093964
0.2619485294117647,0.22472426470588236,0.26378676470588236,0.2495404411764706
0.25888787602552416,0.21741112123974476,0.26025524156791247,0.2634457611668186
0.26061427280939475,0.21680216802168023,0.25925925925925924,0.26332429990966577
0.25961538461538464,0.21886446886446886,0.2623626373626374,0.2591575091575092
0.26666666666666666,0.21576576576576575,0.25765765765765763,0.2599099099099099
0.26175687666370895,0.22271517302573204,0.25865128660159714,0.25687666370896184
0.25914499779638606,0.2269722344645218,0.25914499779638606,0.254737769942706
0.260347129506008,0.22563417890520696,0.2599020916777926,0.25411659991099245
0.2693333333333333,0.2222222222222222,0.2577777777777778,0.25066666666666665
0.264218540080609,0.2225705329153605,0.25705329153605017,0.2561576354679803
0.2692822113241195,0.2171199286669639,0.2599197503343736,0.253678109674543
0.27102803738317754,0.21539830885625277,0.2616822429906542,0.25189141076991545
0.27362736273627364,0.20432043204320433,0.265976597659766,0.2560756075607561
0.2704770477047705,0.21152115211521152,0.26147614761476146,0.2565256525652565
0.2737881508078995,0.21723518850987433,0.2616696588868941,0.24730700179533213
0.2711564023039433,0.21488701816570668,0.2658396101019052,0.24811696942844483
0.27114093959731544,0.21700223713646533,0.26174496644295303,0.2501118568232662
0.2694530902623388,0.22009782125389063,0.26233881725211206,0.24811027123165852
0.26734875444839856,0.22330960854092527,0.2624555160142349,0.24688612099644128
0.2667560321715818,0.225201072386059,0.2587131367292225,0.24932975871313673
0.2645218945487042,0.22788203753351208,0.25022341376228774,0.257372654155496
0.26806422836752897,0.22702943800178413,0.25334522747546834,0.25156110615521854
0.265962131219727,0.22985468956406868,0.25539409951563186,0.24878907970057243
0.2653421633554084,0.23532008830022075,0.2507726269315673,0.24856512141280354
0.25861297539149886,0.23176733780760628,0.258165548098434,0.25145413870246086
0.25700311249444197,0.23121387283236994,0.26100489106269453,0.25077812361049356
0.25878168074699864,0.2334370831480658,0.2574477545575811,0.25033348154735435
0.2571174377224199,0.2353202846975089,0.2597864768683274,0.24777580071174377
0.26176602420439266,0.2384580905423577,0.25862841774988793,0.24114746750336172
0.2665482007996446,0.2403376277210129,0.25099955575299865,0.24211461572634385
0.2586439155814998,0.24292770543331837,0.25280646609788954,0.24562191288729232
0.2567204301075269,0.24865591397849462,0.25044802867383514,0.24417562724014336
0.2539610683567225,0.24083295608872793,0.2539610683567225,0.25124490719782705
0.256478999106345,0.24262734584450402,0.2457551385165326,0.25513851653261843
0.25828111011638316,0.24261414503133394,0.2439570277529096,0.25514771709937334
0.2595248767368893,0.24338861497086509,0.2402510085163604,0.25683549977588527
0.25721901377165707,0.2403376277210129,0.24655708573967125,0.2558862727676588
0.26258992805755393,0.23246402877697842,0.2446043165467626,0.260341726618705
0.263086642599278,0.23601083032490974,0.24368231046931407,0.2572202166064982
0.2656179775280899,0.2355056179775281,0.23595505617977527,0.26292134831460673
0.2675301473872264,0.22778025904421617,0.24028584189370256,0.26440375167485486
0.2703306523681859,0.23100983020554067,0.2323503127792672,0.26630920464700625
0.2700762673844773,0.23508299685957829,0.2364288918797667,0.25841184387617766
0.2687978388113462,0.23457901846015308,0.23592976136875282,0.26069338135974784
0.27350427350427353,0.23976608187134502,0.2289698605488079,0.25775978407557354
0.276386404293381,0.23971377459749552,0.2298747763864043,0.25402504472271914
0.27532351628737173,0.23382418563141455,0.23605533244087462,0.25479696564033916
0.27341999103541015,0.24338861497086509,0.23576871358135365,0.24742268041237114
0.2728081886960392,0.2389853137516689,0.2345349354695149,0.253671562082777
0.26651785714285714,0.23794642857142856,0.24017857142857144,0.25535714285714284
0.27162707306140743,0.23935454952935903,0.23263110712684895,0.25638727028238456
0.27163247100802856,0.23416592328278324,0.23862622658340768,0.25557537912578054
0.27183161665920286,0.23779668607254814,0.23421406180026869,0.2561576354679803
0.27928730512249444,0.23474387527839644,0.23073496659242762,0.2552338530066815
0.2809587217043941,0.23746116289391922,0.22858411007545495,0.2529960053262317
0.28203971119133575,0.24097472924187727,0.22608303249097472,0.2509025270758123
0.28351449275362317,0.23958333333333334,0.2269021739130435,0.25
0.27635711081202335,0.24226110363391656,0.23059668012561688,0.25078510542844323
0.27473021582733814,0.2468525179856115,0.2297661870503597,0.24865107913669066
0.2711711711711712,0.2481981981981982,0.23648648648648649,0.24414414414414415
0.27248322147651005,0.24161073825503357,0.23982102908277406,0.24608501118568232
0.2744310575635877,0.24141008478357875,0.23873270861222667,0.24542614904060686
0.27470093043863536,0.2361541869738591,0.24368630926007975,0.2454585733274258
0.2675301473872264,0.23983921393479232,0.2443054935238946,0.24832514515408666
0.2638451148131472,0.24043223773075192,0.2543899144529491,0.24133273300315172
0.26589077887197854,0.2403760071620412,0.2457475380483438,0.24798567591763654
0.26308724832214764,0.24384787472035793,0.24519015659955257,0.24787472035794184
0.26433691756272404,0.24014336917562723,0.24283154121863798,0.25268817204301075
0.26503844414292177,0.24106739032112168,0.23880597014925373,0.25508819538670285
0.26855600539811064,0.23661718398560505,0.23976608187134502,0.2550607287449393
0.27366532077164646,0.23598026020637056,0.24001794526693584,0.2503364737550471
0.2729693741677763,0.23479804704837995,0.24145583666222814,0.2507767421216156
0.2662801070472792,0.23996431757359502,0.24264049955396966,0.25111507582515613
0.27350044762757386,0.23276633840644584,0.24261414503133394,0.25111906893464636
0.2710573476702509,0.23790322580645162,0.24417562724014336,0.24686379928315413
0.26859688195991094,0.2400890868596882,0.24142538975501113,0.24988864142538975
0.2744747429593205,0.23156012516763522,0.2481001341081806,0.24586499776486365
0.26929982046678635,0.23025134649910234,0.2504488330341113,0.25
0.2624777183600713,0.2339572192513369,0.2540106951871658,0.24955436720142601
0.261123595505618,0.23775280898876405,0.25573033707865167,0.2453932584269663
0.2589245368278355,0.2394938996836873,0.2516945323090827,0.24988703117939448
0.2539255271422162,0.240466576940332,0.2602063705697622,0.24540152534768955
0.25067144136078784,0.2350044762757386,0.26186213070725156,0.25246195165622204
0.24074899687917967,0.2429781542576906,0.26081141328577795,0.25546143557735174
0.2398753894080997,0.2389853137516689,0.2621272808188696,0.2590120160213618
0.24349775784753364,0.23856502242152466,0.2609865470852018,0.2569506726457399
0.2505592841163311,0.2411633109619687,0.25413870246085013,0.25413870246085013
0.2530174340634779,0.2445239159588735,0.25659365221278496,0.24586499776486365
0.2543820224719101,0.24898876404494383,0.25348314606741573,0.24314606741573033
0.2557932263814617,0.24866310160427807,0.2522281639928699,0.24331550802139038
0.2517857142857143,0.24285714285714285,0.25401785714285713,0.2513392857142857
0.25320938468348825,0.24479858344400177,0.2545374059318282,0.2474546259406817
0.24864864864864866,0.24414414414414415,0.2581081081081081,0.2490990990990991
0.24512411347517732,0.24689716312056736,0.2553191489361702,0.2526595744680851
0.24944419742107604,0.2498888394842152,0.25477990217874613,0.24588706091596266
0.24798206278026905,0.2506726457399103,0.2547085201793722,0.24663677130044842
0.24230254350736277,0.2539045069165551,0.2525658188308791,0.25122713074520303
0.24064171122994651,0.2549019607843137,0.2522281639928699,0.2522281639928699
0.24406627854903717,0.2552619793999104,0.2552619793999104,0.24540976265114195
0.24227496641289745,0.25884460367218987,0.2512315270935961,0.2476489028213166
0.24392439243924394,0.2601260126012601,0.25517551755175516,0.24077407740774076
0.2404274265360641,0.25512021371326804,0.25422974176313445,0.25022261798753337
0.2448522829006267,0.26007162041181736,0.25022381378692926,0.2448522829006267
0.243231247225921,0.2569906790945406,0.24811362627607633,0.25166444740346205
0.23919821826280624,0.2650334075723831,0.24766146993318486,0.24810690423162585
0.23301844354475934,0.2654071075123707,0.2532613585245164,0.2483130904183536
0.22914798206278028,0.27623318385650225,0.24932735426008967,0.2452914798206278
0.22907290729072907,0.27992799279927993,0.2515751575157516,0.23942394239423942
0.23484848484848486,0.2727272727272727,0.2531194295900178,0.2393048128342246
0.23398576512455516,0.26912811387900354,0.25889679715302494,0.23798932384341637
0.22590627763041557,0.27453580901856767,0.2656940760389036,0.2338638373121132
0.2217759928603302,0.26996876394466757,0.26506024096385544,0.24319500223114682
0.22033898305084745,0.27252453166815344,0.26583407671721676,0.24130240856378235
0.21944692239072258,0.2778768956289028,0.25958965209634255,0.24308652988403212
0.2174496644295302,0.2778523489932886,0.25861297539149886,0.24608501118568232
0.21631205673758866,0.2730496453900709,0.2637411347517731,0.24689716312056736
0.21399730820995963,0.27366532077164646,0.26693584567070433,0.24540152534768955
0.21403038427167115,0.27211796246648795,0.26541554959785524,0.2484361036639857
0.2091677792612372,0.2772585669781931,0.26479750778816197,0.24877614597240766
0.20663379650380995,0.2819363514119229,0.2725235320484088,0.23890632003585835
0.20913569189431258,0.27630989699955216,0.27183161665920286,0.24272279444693237
0.208,0.2751111111111111,0.27555555555555555,0.24133333333333334
0.20430107526881722,0.2710573476702509,0.2764336917562724,0.2482078853046595
0.20617173524150267,0.27862254025044725,0.2701252236135957,0.24508050089445438
0.1961939284096058,0.28681468056184867,0.2700498414136837,0.2469415496148618
0.19419237749546278,0.2885662431941924,0.27268602540834846,0.24455535390199637
0.19562304600267977,0.2871817775792765,0.27422956677087984,0.2429656096471639
0.1926851025869759,0.28902765388046386,0.27564674397859057,0.24264049955396966
0.19705751226036558,0.2799821667409719,0.2741863575568435,0.24877396344181898
0.19229065130704476,0.2809038546743465,0.28444838280903856,0.24235711120957024
0.20089086859688196,0.27438752783964365,0.27839643652561247,0.24632516703786192
0.19768991559306975,0.2741003998223012,0.2798756108396268,0.24833407374500222
0.20151245551601424,0.27179715302491103,0.27669039145907476,0.25
0.20400890868596883,0.26770601336302896,0.2815144766146993,0.2467706013363029
0.20910698496905394,0.2630415561450044,0.27984084880636606,0.2480106100795756
0.209438202247191,0.2602247191011236,0.28359550561797753,0.24674157303370786
0.21415850400712377,0.25556544968833483,0.286286731967943,0.2439893143365984
0.20949844651575678,0.26409232134931204,0.2831779849090102,0.243231247225921
0.21862348178137653,0.26225820962663066,0.2766531713900135,0.24246513720197932
0.2136139722346619,0.270935960591133,0.2682489923869234,0.24720107478728168
0.2169811320754717,0.275381850853549,0.2628032345013477,0.24483378256963162
0.22301516503122212,0.26851025869759143,0.264049955396967,0.24442462087421946
0.2202486678507993,0.26865008880994673,0.26243339253996445,0.24866785079928952
0.2210762331838565,0.2632286995515695,0.2609865470852018,0.2547085201793722
0.22455357142857144,0.26607142857142857,0.2584821428571429,0.25089285714285714
0.22672064777327935,0.2631578947368421,0.2595591542959964,0.2505623031938821
0.22372575552548488,0.2647722147045557,0.26116373477672533,0.2503382949932341
0.21981981981981982,0.2653153153153153,0.26036036036036037,0.2545045045045045
0.2189322566173172,0.26244952893674295,0.2642440556303275,0.2543741588156124
0.21707865168539325,0.2638202247191011,0.2647191011235955,0.2543820224719101
0.22177237966711652,0.258659469185785,0.2627080521817364,0.2568600989653621
0.21993741618238713,0.2516763522574877,0.26553419758605273,0.2628520339740724
0.21805183199285075,0.2578194816800715,0.26273458445040215,0.2613941018766756
0.21807553956834533,0.2648381294964029,0.25764388489208634,0.25944244604316546
0.21627598407784165,0.25873507297655907,0.2636001769128704,0.26138876603272887
0.21368653421633554,0.2565121412803532,0.2662251655629139,0.2635761589403974
0.212012550425818,0.2541461228148812,0.2658000896458987,0.26804123711340205
0.20548561151079137,0.24730215827338128,0.2733812949640288,0.2738309352517986
0.21505376344086022,0.24865591397849462,0.27732974910394265,0.2589605734767025
0.21055004508566275,0.25067628494138866,0.2763751127141569,0.2623985572587917
0.2108782880071333,0.2550156041016496,0.27151136870263043,0.2625947391885867
0.21348314606741572,0.25662921348314605,0.2746067415730337,0.2552808988764045
0.21422222222222223,0.25422222222222224,0.2688888888888889,0.26266666666666666
0.217352810978309,0.25763612217795484,0.2602921646746348,0.2647189021691014
0.2197508896797153,0.25756227758007116,0.2548932384341637,0.2677935943060498
0.22122704881325572,0.25257501119570086,0.2561576354679803,0.27004030452306316
0.22141888838680523,0.25576140985088114,0.25576140985088114,0.26705829191143243
0.21709633649932158,0.25463591135232927,0.25554047942107644,0.2727272727272727
0.21329763498438198,0.2570281124497992,0.2570281124497992,0.2726461401160196
0.21894548704200179,0.2529043789097408,0.2515638963360143,0.27658623771224305
0.2216704288939052,0.25191873589164787,0.24469525959367946,0.2817155756207675
0.21981981981981982,0.25900900900900903,0.2391891891891892,0.281981981981982
0.2242614145031334,0.25828111011638316,0.2403760071620412,0.27708146821844226
0.23202170963364993,0.2568973315241972,0.23563998190863863,0.27544097693351427
0.23429844097995545,0.2516703786191537,0.24142538975501113,0.27260579064587975
0.23479804704837995,0.25388371060807813,0.23834886817576564,0.2729693741677763
0.2373107747105966,0.25111308993766696,0.23063223508459482,0.2809439002671416
0.23811659192825113,0.2506726457399103,0.23721973094170404,0.27399103139013453
0.2331397945511389,0.25145154086645827,0.241179097811523,0.27422956677087984
0.22936189201249443,0.2565818830879072,0.24542614904060686,0.2686300758589915
0.23035714285714284,0.25,0.25044642857142857,0.26919642857142856
0.2344454463480613,0.25473399458972046,0.2520288548241659,0.2587917042380523
0.2334075723830735,0.25033407572383076,0.25701559020044545,0.2592427616926503
0.23641184268669907,0.25055236411842685,0.25850640742377373,0.2545293857711003
0.23275478415665332,0.24699599465954605,0.2616822429906542,0.2585669781931464
0.23272403031654035,0.25234061524743645,0.2639322336156933,0.25100312082032994
0.2260674157303371,0.25213483146067417,0.2656179775280899,0.25617977528089886
0.22377938517179025,0.25361663652802896,0.26989150090415914,0.2527124773960217
0.22682268226822683,0.24842484248424843,0.26912691269126915,0.2556255625562556
0.22541535698248766,0.24966322406825325,0.26897171082173327,0.2559497081275258
0.2287376902417189,0.2466427931960609,0.27529095792300806,0.2493285586392122
0.232174688057041,0.25044563279857396,0.27049910873440286,0.24688057040998218
0.23933542882801975,0.24831612034126627,0.2662775033677593,0.24607094746295466
0.23753399818676338,0.2556663644605621,0.25883952855847686,0.24796010879419764
0.23803131991051454,0.254586129753915,0.2568232662192394,0.2505592841163311
0.24519015659955257,0.2532438478747204,0.2487695749440716,0.25279642058165547
0.23960661600357622,0.25793473401877515,0.2561466249441216,0.24631202503352703
0.24607094746295466,0.25460260440053883,0.2537045352492142,0.24562191288729232
0.2447333034513671,0.2514567458538772,0.25549081129538326,0.24831913939937247
0.24242424242424243,0.2496607869742198,0.26096788783355945,0.24694708276797828
0.23608617594254938,0.24685816876122083,0.26570915619389585,0.2513464991023339
0.2364288918797667,0.24091520861372812,0.2660385823239121,0.2566173171825931
0.23867205024674742,0.24091520861372812,0.25930910722296996,0.2611036339165545
0.23983921393479232,0.24653863331844572,0.251004912907548,0.2626172398392139
0.23373710183938987,0.2588604755495738,0.2494392104082548,0.2579632122027815
0.23097582811101164,0.25738585496866606,0.25067144136078784,0.26096687555953446
0.22743521000893654,0.25960679177837354,0.24664879356568364,0.26630920464700625
0.23376623376623376,0.26153157187639947,0.24182713837886252,0.26287505597850425
0.2377560106856634,0.2591273374888691,0.2444345503116652,0.25868210151380233
0.24012567324955117,0.2544883303411131,0.2455116696588869,0.25987432675044886
0.23800986104885702,0.26042133572389065,0.23576871358135365,0.2658000896458987
0.24180690876882197,0.25597874224977857,0.23117803365810452,0.271036315323295
0.24187082405345212,0.2579064587973274,0.22761692650334076,0.27260579064587975
0.24100719424460432,0.25719424460431656,0.22616906474820145,0.2756294964028777
0.23416592328278324,0.25334522747546834,0.227921498661909,0.28456735057983945
0.2354781054512958,0.257372654155496,0.23100983020554067,0.2761394101876676
0.2381167949298325,0.2612041647804436,0.2317790855590765,0.2688999547306474
0.2459605026929982,0.2544883303411131,0.23473967684021543,0.26481149012567323
0.25,0.25445632798573975,0.23351158645276293,0.2620320855614973
0.2461883408071749,0.25829596412556055,0.2367713004484305,0.2587443946188341
0.24197860962566844,0.2557932263814617,0.24598930481283424,0.25623885918003564
0.24450307827616535,0.25813544415127526,0.2436235708003518,0.2537379067722076
0.2507865168539326,0.2449438202247191,0.2512359550561798,0.25303370786516854
0.2476319350473613,0.2449255751014885,0.2521425349571493,0.2552999548940009
0.2498872350022553,0.2525935949481281,0.2485340550293189,0.2489851150202977
0.25515695067264577,0.2533632286995516,0.24484304932735426,0.24663677130044842
0.2505663797009515,0.2609877661984594,0.24784775713638424,0.2405980969642048
0.2568600989653621,0.2591093117408907,0.23796671165092217,0.246063877642825
0.2567204301075269,0.2553763440860215,0.24551971326164876,0.24238351254480286
0.2534706672637707,0.2534706672637707,0.24675324675324675,0.24630541871921183
0.2573099415204678,0.25146198830409355,0.24471434997750788,0.24651372019793072
0.26176602420439266,0.2528014343343792,0.23890632003585835,0.24652622142536978
0.264,0.25244444444444447,0.24133333333333334,0.24222222222222223
0.2670807453416149,0.2546583850931677,0.23203194321206744,0.24622892635314997
0.265715559518502,0.25590726705305394,0.23138653588943378,0.24699063753901027
0.2651141961486789,0.25436632333184056,0.23107926556202418,0.24944021495745633
0.26011560693641617,0.259670964873277,0.23165851489550912,0.24855491329479767
0.2632046160674656,0.2574345317354638,0.23302263648468707,0.24633821571238348
0.2649036306588974,0.2559390407888839,0.23352756611385028,0.24562976243836845
0.2635761589403974,0.2600441501103753,0.23178807947019867,0.2445916114790287
0.2625947391885867,0.2621489077128845,0.23539901917075345,0.2398573339277753
0.268783542039356,0.2584973166368515,0.23032200357781754,0.24239713774597496
0.26308724832214764,0.25861297539149886,0.23624161073825503,0.24205816554809845
0.2618941751889729,0.2618941751889729,0.2352156514006225,0.24099599822143175
0.26416778224007137,0.26238286479250333,0.23427041499330656,0.2391789379741187
0.2669642857142857,0.25625,0.23660714285714285,0.24017857142857144
0.265195857721747,0.2620441242683476,0.23638000900495273,0.23638000900495273
0.2675992779783393,0.25406137184115524,0.23916967509025272,0.23916967509025272
0.2664233576642336,0.2550182481751825,0.23905109489051096,0.239507299270073
0.260752688172043,0.2589605734767025,0.24059139784946237,0.23969534050179211
0.25680580762250454,0.25816696914700543,0.2513611615245009,0.2336660617059891
0.25965858041329737,0.25965858041329737,0.24618149146451032,0.23450134770889489
0.2594104308390023,0.26077097505668934,0.24444444444444444,0.23537414965986395
0.2583668005354752,0.26729138777331546,0.2391789379741187,0.23516287371709058
0.26118067978533094,0.26028622540250446,0.24105545617173524,0.23747763864042934
0.26282628262826285,0.25517551755175516,0.23672367236723674,0.24527452745274528
0.26473214285714286,0.25357142857142856,0.2357142857142857,0.24598214285714284
0.2653606411398041,0.25734639358860195,0.2346393588601959,0.24265360641139805
0.26938413823659724,0.26229508196721313,0.22330527248560036,0.24501550731058927
0.2681614349775785,0.257847533632287,0.22690582959641256,0.24708520179372198
0.266425011327594,0.25509741730856367,0.2279111916628908,0.2505663797009515
0.2715381145692377,0.2552999548940009,0.2214704555705909,0.2516914749661705
0.2714669051878354,0.2571556350626118,0.21779964221824688,0.2535778175313059
0.2746955345060893,0.2629679747406405,0.2070365358592693,0.2552999548940009
0.2857142857142857,0.25257501119570086,0.2019704433497537,0.2597402597402597
0.2836087539079946,0.2492184010719071,0.2090218847699866,0.25815096025011164
0.2786885245901639,0.24368630926007975,0.2153300841825432,0.26229508196721313
0.2795363352652697,0.23941150245207313,0.20998662505572893,0.2710655372269282
0.27947794779477947,0.24257425742574257,0.21287128712871287,0.26507650765076507
0.28507795100222716,0.2329621380846325,0.21469933184855233,0.267260579064588
0.2864745011086475,0.23325942350332593,0.2088691796008869,0.2713968957871397
0.2883082373782108,0.23029229406554472,0.20504871567759078,0.2763507528786537
0.2784243509400179,0.2287376902417189,0.20948970456580127,0.28334825425246196
0.28052064631956913,0.23429084380610413,0.2069120287253142,0.27827648114901254
0.27976723366159356,0.229632945389436,0.2126230975828111,0.27797672336615936
0.28,0.22977777777777778,0.21333333333333335,0.2768888888888889
0.27873945849977805,0.22769640479360853,0.21482467820683532,0.27873945849977805
0.2741863575568435,0.2309407044137316,0.21845742309407043,0.27641551493535443
0.27658623771224305,0.22743521000893654,0.21983914209115282,0.2761394101876676
0.27458834000890076,0.22563417890520696,0.22251891410769917,0.2772585669781931
0.27489860297431273,0.2298332582244254,0.22217214961694456,0.27309598918431727
0.2749664128974474,0.2283922973578146,0.22480967308553515,0.27183161665920286
0.2746761947297901,0.22376060741402412,0.22956677087985708,0.2719964269763287
0.2752007136485281,0.22702943800178413,0.22836752899197146,0.2694023193577163
0.2760763426542388,0.23124722592099423,0.2228140257434532,0.2698624056813138
0.2785553047404063,0.2270880361173815,0.22257336343115125,0.27178329571106097
0.28224719101123596,0.22337078651685394,0.2242696629213483,0.2701123595505618
0.28184281842818426,0.22086720867208673,0.22448057813911473,0.2728093947606143
0.27337173238812584,0.22640673460345592,0.22640673460345592,0.2738147984049623
0.2759550561797753,0.22741573033707865,0.22202247191011237,0.2746067415730337
0.28099910793933985,0.22613737734165923,0.21766280107047278,0.2752007136485281
0.28067826863007583,0.2289156626506024,0.22043730477465417,0.26996876394466757
0.2858414959928762,0.2288512911843277,0.2163846838824577,0.26892252894033836
0.28796046720575025,0.23000898472596587,0.2151841868823001,0.2668463611859838
0.2850739578664276,0.23352756611385028,0.21425369789332138,0.2671447781264007
0.2898876404494382,0.22561797752808987,0.2152808988764045,0.2692134831460674
0.28680774425934263,0.2305267897343539,0.2165691130121567,0.2660963529941468
0.2920035938903863,0.22731356693620844,0.2178796046720575,0.2628032345013477
0.28975741239892183,0.22686433063791556,0.21608265947888589,0.2672955974842767
0.29162916291629165,0.22367236723672368,0.2223222322232223,0.2623762376237624
0.2874834144183989,0.23042901371074745,0.22379478107032286,0.25829279080053075
0.29108193752829337,0.22906292440018108,0.22136713444997735,0.2584880036215482
0.28635346756152125,0.23310961968680088,0.22550335570469798,0.2550335570469799
0.29330357142857144,0.23125,0.22455357142857144,0.25089285714285714
0.28894806924101196,0.2339103417665335,0.21926320461606746,0.25787838437638705
0.2878113879003559,0.23798932384341637,0.2157473309608541,0.2584519572953737
0.29293381037567084,0.23881932021466906,0.2146690518783542,0.2535778175313059
0.29702089817696753,0.23076923076923078,0.21253890618052468,0.259670964873277
0.29790084859312194,0.2282268870031264,0.21125502456453774,0.2626172398392139
0.3012102196324518,0.22949350067234425,0.21156432093231733,0.25773195876288657
0.2966139954853273,0.23205417607223477,0.20812641083521444,0.2632054176072235
0.30004418912947417,0.2328767123287671,0.2054794520547945,0.2615996464869642
0.3036837376460018,0.23270440251572327,0.20575022461814915,0.2578616352201258
0.3001339883876731,0.2344796784278696,0.20366234926306387,0.26172398392139345
0.310981098109811,0.2232223222322232,0.19891989198919893,0.2668766876687669
0.31058927780239254,0.22773593265396544,0.1949490474080638,0.2667257421355782
0.3095450490633363,0.22390722569134702,0.19714540588760035,0.2694023193577163
0.3098214285714286,0.2200892857142857,0.19508928571428572,0.275
0.3008057296329454,0.22023276633840644,0.19785138764547897,0.2811101163831692
0.29883512544802865,0.22132616487455198,0.1989247311827957,0.28091397849462363
0.296909986565159,0.22033139274518584,0.19525302283922974,0.28750559785042545
0.3047534429142603,0.22123500666370502,0.18924922256774768,0.28476232785428696
0.30479148181011534,0.21872227151730259,0.19032830523513752,0.28615794143744455
0.3047703180212014,0.22040636042402828,0.19302120141342757,0.28180212014134276
0.3027728085867621,0.2146690518783542,0.19633273703041146,0.28622540250447226
0.3088170137350465,0.21887461231723526,0.19184758529020823,0.28046078865750995
0.3058771148708816,0.2195013357079252,0.19011576135351738,0.28450578806767585
0.3036419482229048,0.21851689337428698,0.19569986836331724,0.282141290039491
0.3031496062992126,0.2169728783902012,0.19641294838145232,0.28346456692913385
0.3070688878883386,0.21566861773975687,0.19765871229176046,0.2796037820801441
0.3039171544349392,0.21837010355695632,0.20036019810895994,0.27735254389914454
0.2997742663656885,0.22302483069977427,0.20135440180586908,0.27584650112866815
0.29538323621694307,0.2285970416853429,0.1990138951142985,0.2770058269834155
0.29951045838896306,0.22785936804628393,0.19670672007120604,0.27592345349354697
0.2967479674796748,0.22854561878952123,0.1987353206865402,0.27597109304426376
0.28476232785428696,0.2305641936916926,0.20124389160373168,0.28342958685028874
0.29068212215782435,0.22960320998662506,0.2050824788230049,0.2746321890325457
0.2955357142857143,0.23258928571428572,0.20223214285714286,0.26964285714285713
0.2894973070017953,0.23473967684021543,0.20377019748653502,0.2719928186714542
0.29551569506726455,0.22914798206278028,0.20986547085201793,0.26547085201793724
0.29019434628975266,0.23233215547703182,0.2067137809187279,0.2707597173144876
0.28603603603603606,0.2355855855855856,0.2063063063063063,0.27207207207207207
0.2778529544429409,0.2413170951736581,0.21064501578709968,0.27018493459630133
0.276032315978456,0.24236983842010773,0.20466786355475763,0.2769299820466786
0.2731336611533304,0.2400536432722396,0.20607957085382209,0.28073312472060796
0.27301302200269423,0.2402334979793444,0.20835204310731925,0.2784014369106421
0.2683578104138852,0.24477080551846908,0.2096128170894526,0.2772585669781931
0.2664576802507837,0.2431706224809673,0.21271831616659204,0.27765338110165694
0.26282628262826285,0.24167416741674166,0.21332133213321333,0.28217821782178215
0.2605004468275246,0.2457551385165326,0.2126899016979446,0.2810545129579982
0.2684563758389262,0.24161073825503357,0.2134228187919463,0.276510067114094
0.2723613595706619,0.24865831842576028,0.20706618962432916,0.27191413237924866
0.2684563758389262,0.2532438478747204,0.20939597315436242,0.268903803131991
0.2640575798470535,0.25820962663067926,0.21367521367521367,0.2640575798470535
0.2716998191681736,0.2549728752260398,0.21112115732368897,0.26220614828209765
0.26900844819919967,0.2552245442418853,0.21431747443308136,0.2614495331258337
0.2709735307312696,0.2534768954688201,0.21444593988335575,0.2611036339165545
0.2720357941834452,0.24966442953020135,0.21834451901565996,0.2599552572706935
0.2723153602174898,0.24105120072496602,0.22020842772995017,0.266425011327594
0.272108843537415,0.24580498866213152,0.2145124716553288,0.2675736961451247
0.2696629213483146,0.24179775280898877,0.22112359550561797,0.26741573033707866
0.2748772869254797,0.23694779116465864,0.21954484605087016,0.2686300758589915
0.2778529544429409,0.2363554352728913,0.21921515561569688,0.2665764546684709
0.27186225645672857,0.23969188944268238,0.2211146352514726,0.2673312188491164
0.27547339945897203,0.23895401262398558,0.2164111812443643,0.26916140667267807
0.26912691269126915,0.23897389738973898,0.22142214221422143,0.2704770477047705
0.2675359712230216,0.23696043165467626,0.22257194244604317,0.272931654676259
0.2610639248994189,0.2400536432722396,0.22038444345105052,0.278497988377291
0.26365264100268576,0.2421665174574754,0.21754700089525514,0.2766338406445837
0.2629464285714286,0.24241071428571428,0.21696428571428572,0.27767857142857144
0.2604259094942325,0.24711623779946762,0.2085181898846495,0.2839396628216504
0.25657015590200444,0.24721603563474387,0.2155902004454343,0.2806236080178174
0.262780269058296,0.24484304932735426,0.20986547085201793,0.2825112107623318
0.2650976909413854,0.2464476021314387,0.20204262877442272,0.2864120781527531
0.2658623771224307,0.2457551385165326,0.19794459338695264,0.290437890974084
0.26437806509139544,0.24476148016049934,0.20017833259028087,0.29068212215782435
0.2682060390763766,0.24289520426287745,0.20515097690941386,0.28374777975133214
0.2642696629213483,0.2440449438202247,0.2049438202247191,0.28674157303370784
0.26819407008086255,0.2394429469901168,0.20934411500449238,0.2830188679245283
0.2633467922835352,0.2458501570210857,0.20233288470165994,0.28847016599371916
0.26480990274093724,0.2453580901856764,0.19938107869142352,0.29045092838196285
0.2641843971631206,0.24202127659574468,0.20656028368794327,0.2872340425531915
0.2673223066607063,0.240500670540903,0.2016092981671882,0.2905677246312025
0.26292134831460673,0.24134831460674158,0.20584269662921348,0.2898876404494382
0.2678011643528885,0.2400358262427228,0.20465741155396328,0.28750559785042545
0.26805054151624547,0.25,0.20171480144404333,0.2802346570397112
0.2666364870982345,0.24898143956541421,0.2032593933906745,0.2811226799456768
0.2653794342164347,0.2590929501571621,0.19757521329142344,0.2779524023349798
0.2684563758389262,0.2536912751677852,0.19105145413870245,0.28680089485458615
0.2719964269763287,0.25770433229120143,0.1898168825368468,0.28048235819562306
0.2688028482421006,0.25278148642634624,0.19581664441477525,0.2825990209167779
0.2692136828076411,0.2501110617503332,0.19857840959573522,0.2820968458462905
0.2741863575568435,0.2456531431119037,0.20151582701738743,0.27864467231386536
0.27824175824175823,0.24483516483516485,0.19956043956043956,0.2773626373626374
0.28183437221727514,0.24309884238646481,0.19679430097951914,0.27827248441674085
0.27897574123989216,0.24573225516621744,0.1931716082659479,0.2821203953279425
0.28211920529801326,0.24591611479028697,0.1947019867549669,0.2772626931567329
0.2797297297297297,0.24864864864864866,0.19144144144144143,0.2801801801801802
0.2802491103202847,0.2508896797153025,0.19261565836298933,0.2762455516014235
0.2778768956289028,0.24620874219446923,0.19313113291703835,0.28278322925958965
0.2820746132848044,0.24249317561419473,0.19563239308462238,0.27979981801637854
0.27870328680774425,0.24718595227375056,0.1940567312021612,0.28005402971634397
0.26984834968777877,0.24710080285459413,0.19848349687778769,0.28456735057983945
0.2699331848552339,0.2423162583518931,0.20356347438752784,0.28418708240534524
0.2713455520786768,0.23826553419758606,0.2096557890031292,0.28073312472060796
0.26855600539811064,0.23976608187134502,0.2114260008996851,0.2802519118308592
0.26985559566787004,0.24187725631768953,0.2075812274368231,0.2806859205776173
0.26009986382206085,0.24829777576032683,0.2106218792555606,0.28098048116205177
0.26036036036036037,0.23513513513513515,0.21666666666666667,0.28783783783783784
0.2619893428063943,0.23712255772646537,0.21847246891651864,0.2824156305506217
0.2641843971631206,0.23847517730496454,0.2149822695035461,0.2823581560283688
0.2624272279444693,0.24182713837886252,0.2225705329153605,0.27317510076130763
0.257168458781362,0.24193548387096775,0.22311827956989247,0.2777777777777778
0.25987432675044886,0.2455116696588869,0.22262118491921004,0.2719928186714542
0.25582437275985664,0.25,0.224910394265233,0.2692652329749104
0.2616780045351474,0.2503401360544218,0.2253968253968254,0.26258503401360545
0.2599020916777926,0.25500667556742324,0.22251891410769917,0.262572318647085
0.2643269657929809,0.2514438027543314,0.2243447356730342,0.2598844957796535
0.2642440556303275,0.2534768954688201,0.2288021534320323,0.2534768954688201
0.2600896860986547,0.25112107623318386,0.22690582959641256,0.26188340807174887
0.25922632281013785,0.2543352601156069,0.22676745220097821,0.259670964873277
0.25211958946898705,0.25613565372601516,0.2284694332887104,0.26327532351628735
0.2555853440571939,0.24977658623771223,0.23100983020554067,0.26362823949955316
0.2554517133956386,0.253671562082777,0.23097463284379172,0.2599020916777926
0.2561466249441216,0.25659365221278496,0.22351363433169424,0.2637460885113992
0.26645626690712354,0.24616771866546439,0.2254283137962128,0.26194770063119927
0.2643626570915619,0.24685816876122083,0.22800718132854578,0.26077199281867147
0.26077199281867147,0.25224416517055653,0.22710951526032316,0.25987432675044886
0.2566173171825931,0.25616868550919697,0.22969941677882458,0.25751458052938536
0.2597752808988764,0.2575280898876405,0.22786516853932584,0.2548314606741573
0.2603287427809862,0.25499777876499335,0.22567747667703242,0.258996001776988
0.25404676258992803,0.260341726618705,0.22661870503597123,0.2589928057553957
0.26491862567811936,0.25452079566003616,0.22151898734177214,0.2590415913200723
0.2680272108843537,0.25351473922902495,0.21541950113378686,0.26303854875283444
0.2689873417721519,0.25452079566003616,0.21835443037974683,0.2581374321880651
0.26589077887197854,0.25917636526410026,0.21486123545210384,0.26007162041181736
0.27053571428571427,0.25625,0.21607142857142858,0.2571428571428571
0.27407075682937754,0.24854455888938648,0.2136139722346619,0.2637707120465741
0.27017387427552386,0.2483281319661168,0.21310744538564422,0.2683905483727151
0.27088830255057167,0.24406332453825857,0.22119613016710643,0.2638522427440633
0.2700762673844773,0.24540152534768955,0.2189322566173172,0.26558995065051594
0.2660098522167488,0.2445141065830721,0.22301836094939542,0.2664576802507837
0.2597054886211513,0.249442213297635,0.21954484605087016,0.2713074520303436
0.26159387663214767,0.2444844664565511,0.2215218370103557,0.27239981990094553
0.2637900355871886,0.2393238434163701,0.2255338078291815,0.2713523131672598
0.2674731182795699,0.23745519713261648,0.22356630824372759,0.271505376344086
0.26193663543061135,0.23962516733601072,0.22400713966979027,0.2744310575635877
0.2561466249441216,0.240500670540903,0.22351363433169424,0.2798390701832812
0.25939339067451334,0.23630602082390223,0.22181982797645994,0.2824807605251245
0.25222419928825623,0.24377224199288255,0.22241992882562278,0.28158362989323843
0.24348607367475292,0.24303683737646,0.22327044025157233,0.29020664869721474
0.24496193461710702,0.23914017017465294,0.22525750111957007,0.29064039408866993
0.2523447967842787,0.23894595801697185,0.22465386333184456,0.2840553818669049
0.2534521158129176,0.23652561247216036,0.22717149220489977,0.2828507795100223
0.2558453237410072,0.2329136690647482,0.227068345323741,0.2841726618705036
0.2595078299776286,0.22997762863534676,0.23042505592841164,0.28008948545861295
0.25927581582476533,0.23156012516763522,0.23245417970496202,0.27670987930263746
0.2621489077128845,0.22648238965670978,0.2309407044137316,0.2804279982166741
0.2591257323118522,0.22893195132942767,0.22893195132942767,0.2830103650292925
0.2588287885561019,0.23156012516763522,0.2208314707197139,0.28877961555654896
0.25906040268456376,0.22774049217002237,0.22102908277404923,0.29217002237136463
0.2545535317636606,0.23322967569968903,0.22167925366503777,0.2905375388716126
0.2564450474898236,0.23609226594301222,0.2198100407055631,0.2876526458616011
0.2570406794814484,0.2333482342422888,0.22217255252570406,0.2874385337505588
0.256294964028777,0.2392086330935252,0.21987410071942445,0.2846223021582734
0.25980392156862747,0.24598930481283424,0.2192513368983957,0.2749554367201426
0.2609472743521001,0.24352100089365505,0.21805183199285075,0.2774798927613941
0.2580063148398737,0.2480829950383401,0.21470455570590888,0.2792061344158773
0.2557726465364121,0.24911190053285967,0.21758436944937834,0.2775310834813499
0.25411659991099245,0.25322652425456166,0.21673342234089898,0.27592345349354697
0.25396825396825395,0.2508818342151676,0.2191358024691358,0.2760141093474427
0.2540035587188612,0.24733096085409254,0.21930604982206406,0.2793594306049822
