C,D,Oc,Od
1.0,0.0,0.0,0.0
0.5,0.5,0.0,0.0
0.4444444444444444,0.4444444444444444,0.1111111111111111,0.0
0.4375,0.5,0.0625,0.0
0.41935483870967744,0.5161290322580645,0.06451612903225806,0.0
0.4166666666666667,0.5208333333333334,0.041666666666666664,0.020833333333333332
0.4177215189873418,0.4936708860759494,0.05063291139240506,0.0379746835443038
0.40707964601769914,0.504424778761062,0.04424778761061947,0.04424778761061947
0.391304347826087,0.453416149068323,0.09937888198757763,0.055900621118012424
0.3470319634703196,0.4840182648401826,0.1004566210045662,0.0684931506849315
0.31313131313131315,0.4781144781144781,0.12121212121212122,0.08754208754208755
0.289544235924933,0.45576407506702415,0.1581769436997319,0.09651474530831099
0.26215644820295986,0.45454545454545453,0.16279069767441862,0.12050739957716702
0.23943661971830985,0.4507042253521127,0.1742957746478873,0.13556338028169015
0.21688500727802038,0.4410480349344978,0.20087336244541484,0.14119359534206696
0.2064676616915423,0.44029850746268656,0.20398009950248755,0.14925373134328357
0.19956379498364232,0.43293347873500543,0.22464558342420937,0.14285714285714285
0.17186024551463644,0.4457034938621341,0.22757318224740322,0.15486307837582625
0.1662382176520994,0.4284490145672665,0.23993144815766923,0.16538131962296487
0.16794478527607362,0.4233128834355828,0.24309815950920247,0.1656441717791411
0.16608996539792387,0.4269896193771626,0.24429065743944636,0.16262975778546712
0.15891959798994976,0.42462311557788945,0.24811557788944724,0.16834170854271358
0.152753108348135,0.4268798105387803,0.24807578448786263,0.17229129662522202
0.15129762562120375,0.42573163997791275,0.2424075096631695,0.18056322473771397
0.14315679077084426,0.42632406921866806,0.2412165705296277,0.18930256948086
0.13943028485757122,0.43278360819590206,0.24037981009495252,0.1874062968515742
0.14051973051010588,0.43840230991337825,0.23339749759384024,0.18768046198267566
0.14166666666666666,0.43425925925925923,0.23425925925925925,0.18981481481481483
0.13960891314233742,0.4374715779899955,0.23692587539790813,0.18599363346975897
0.13534172661870503,0.44289568345323743,0.23696043165467626,0.18480215827338128
0.13563115487914054,0.42927484333034915,0.2430617726051925,0.19203222918531782
0.13759431868619618,0.428317798490901,0.24101198402130491,0.19307589880159787
0.13874113475177305,0.42863475177304966,0.23847517730496454,0.19414893617021275
0.13109756097560976,0.43118466898954705,0.23954703832752614,0.19817073170731708
0.13277459197176886,0.4362593736215262,0.2364358182620203,0.1945302161446846
0.13821851689337428,0.419482229047828,0.24572180781044317,0.19657744624835455
0.13654441007512153,0.41670349094122844,0.25143614670790987,0.19531595227574017
0.13630348478164975,0.42214380238200266,0.24172915747684165,0.19982355535950597
0.13692579505300354,0.4196113074204947,0.24381625441696114,0.19964664310954064
0.13932980599647266,0.4193121693121693,0.24382716049382716,0.19753086419753085
0.13825088339222616,0.4165194346289753,0.2416077738515901,0.20362190812720848
0.14348398420359806,0.4216761737604212,0.2378236068451075,0.1970162351908732
0.14098073555166374,0.4233800350262697,0.23992994746059546,0.1957092819614711
0.13533834586466165,0.42149491375497566,0.24635117204776646,0.1968155683325962
0.13626373626373625,0.41934065934065934,0.2531868131868132,0.1912087912087912
0.13806793118659022,0.4071460079400088,0.25408028231142477,0.2007057785619762
0.13642384105960265,0.40794701986754967,0.25518763796909494,0.20044150110375275
0.13415710503089143,0.40511915269196824,0.2599293909973522,0.20079435127978817
0.13780918727915195,0.4037102473498233,0.25265017667844525,0.2058303886925795
0.13534822601839686,0.40473061760841,0.2527376259307928,0.20718353044240034
0.13435448577680525,0.3956236323851203,0.2612691466083151,0.2087527352297593
0.13593958240781875,0.3909373611728121,0.26166148378498444,0.21146157263438473
0.1341895482728078,0.3937112488928255,0.2608503100088574,0.2112488928255093
0.1316600616468516,0.3989431968295905,0.2567151034786438,0.21268163804491413
0.13089005235602094,0.39834205933682376,0.25523560209424084,0.21553228621291448
0.13487133984028393,0.39707187222715173,0.2542147293700089,0.21384205856255545
0.13221683561040107,0.3997355663287792,0.25385632437197003,0.21419127368884971
0.13073895933537386,0.3965894184521207,0.25579361609094886,0.21687800612155664
0.13309671694764863,0.3997338065661047,0.25199645075421473,0.21517302573203195
0.1355181576616475,0.3941541186891054,0.254207263064659,0.21612046058458814
0.14003511852502196,0.3906935908691835,0.25021949078138717,0.21905179982440737
0.14197802197802198,0.39252747252747255,0.24747252747252746,0.21802197802197804
0.13975155279503104,0.39529724933451643,0.2466725820763088,0.21827861579414373
0.14050689195197866,0.3948421520675856,0.2498888394842152,0.21476211649622054
0.145953118089341,0.38699690402476783,0.24458204334365324,0.22246793454223796
0.15431828145550197,0.38360368259535294,0.24243752740026303,0.21964050854888206
0.15916047223436816,0.3821600349803236,0.2431132487975514,0.2155662439877569
0.15586690017513136,0.38178633975481613,0.23992994746059546,0.2224168126094571
0.1572244180939833,0.3820816864295125,0.23891084760649978,0.22178304787000439
0.1625441696113074,0.37985865724381623,0.24249116607773852,0.2151060070671378
0.15558510638297873,0.38519503546099293,0.2424645390070922,0.21675531914893617
0.15687992988606486,0.3860648553900088,0.24189307624890447,0.2151621384750219
0.15796401930671347,0.37911364633611233,0.24703817463799913,0.21588415971917507
0.15770925110132158,0.379295154185022,0.24933920704845816,0.21365638766519823
0.16550522648083624,0.37674216027874563,0.24390243902439024,0.21385017421602787
0.16564685314685315,0.3754370629370629,0.243006993006993,0.2159090909090909
0.16341895482728078,0.3795394154118689,0.24224977856510185,0.21479185119574845
0.16190057193136823,0.37747470303563574,0.24373075230972283,0.2168939727232732
0.1662990736656374,0.37318041464490515,0.24084693427437143,0.21967357741508603
0.16548984995586938,0.3755516328331862,0.23786407766990292,0.2210944395410415
0.16922402455063568,0.3669443226654976,0.23498465585269618,0.22884699693117053
0.16681494661921709,0.37055160142348753,0.2313167259786477,0.2313167259786477
0.16666666666666666,0.3698328935795954,0.23087071240105542,0.2326297273526825
0.16783216783216784,0.36713286713286714,0.23513986013986013,0.2298951048951049
0.17024070021881837,0.36323851203501095,0.23457330415754923,0.23194748358862144
0.1748898678414097,0.3656387665198238,0.22819383259911893,0.23127753303964757
0.17374005305039789,0.3598585322723254,0.23209549071618038,0.23430592396109637
0.1755155770074594,0.3571741992101799,0.2343132953049583,0.23299692847740236
0.17216770740410348,0.35013380909901876,0.23951828724353255,0.23818019625334522
0.1779849090102086,0.3479804704837994,0.23612960497114957,0.23790501553484245
0.1771705597179374,0.3380343763772587,0.24327897752313796,0.24151608638166594
0.17836644591611478,0.33818984547461367,0.2423841059602649,0.2410596026490066
0.1745680106335844,0.34249003101462117,0.24235711120957024,0.2405848471422242
0.18410596026490067,0.33245033112582784,0.24415011037527592,0.2392935982339956
0.18494055482166447,0.33465433729634525,0.23866138265081463,0.24174372523117568
0.1827814569536424,0.3373068432671082,0.24415011037527592,0.23576158940397351
0.18460192475940507,0.3394575678040245,0.23709536307961504,0.2388451443569554
0.18581375108790252,0.3363794604003481,0.2362924281984334,0.24151436031331594
0.18867924528301888,0.33128565160157963,0.24177270732777534,0.23826239578762615
0.1875819851333625,0.3344993441189331,0.23917796239615216,0.23874070835155226
0.18845120859444942,0.3299015219337511,0.23992837958818264,0.24171888988361684
0.18582122413033905,0.337296345222369,0.23690004403346543,0.2399823866138265
0.1863270777479893,0.33958891867739055,0.2350312779267203,0.23905272564789992
0.18011591618368256,0.34774855104770397,0.24208649130628623,0.23004904146232724
0.18385256691531374,0.33742869679684073,0.2461605967529618,0.23255813953488372
0.1874724305249228,0.33524481693868546,0.23908248786943095,0.23820026466696073
0.1919191919191919,0.33640755379885817,0.2349582784365393,0.23671497584541062
0.193859649122807,0.32763157894736844,0.23596491228070177,0.2425438596491228
0.1938730853391685,0.3203501094091904,0.23544857768052516,0.25032822757111595
0.19259585720581754,0.3195240193918026,0.2357866901718819,0.25209343323049804
0.18922470433639949,0.3201927288655278,0.240473061760841,0.2501095050372317
0.18468271334792122,0.3212253829321663,0.2437636761487965,0.25032822757111595
0.18982300884955752,0.3216814159292035,0.2415929203539823,0.24690265486725663
0.19519650655021833,0.32139737991266376,0.2406113537117904,0.2427947598253275
0.19564270152505447,0.31285403050108934,0.24444444444444444,0.24705882352941178
0.2015810276679842,0.308300395256917,0.24593763724198506,0.24418093983311376
0.20035226772346984,0.31175693527080584,0.2399823866138265,0.24790841039189784
0.20104895104895104,0.3173076923076923,0.23513986013986013,0.2465034965034965
0.19649890590809627,0.32428884026258203,0.2363238512035011,0.24288840262582057
0.19973368841544606,0.31779849090102086,0.23834886817576564,0.2441189525077674
0.1979762428508579,0.31940167179938406,0.2380114386273647,0.2446106467223933
0.2031111111111111,0.3164444444444444,0.236,0.24444444444444444
0.2028985507246377,0.31313131313131315,0.23451910408432147,0.2494510320597277
0.2034498009730208,0.3069438301636444,0.2419283502874834,0.2476780185758514
0.2053532250987275,0.30890741553312856,0.2369460289600702,0.24879333040807372
0.2053886925795053,0.30918727915194344,0.2336572438162544,0.25176678445229683
0.20545534535855697,0.3062032556093269,0.23669159700835898,0.25164980202375714
0.20070267896354854,0.3052261747913922,0.2375933245498463,0.256477821695213
0.20185103569854562,0.30542089026002645,0.24239753195240193,0.250330542089026
0.20822397200349957,0.29483814523184604,0.2440944881889764,0.25284339457567806
0.20835164835164835,0.29494505494505496,0.250989010989011,0.24571428571428572
0.21362229102167182,0.2914639540026537,0.25121627598407786,0.24369747899159663
0.2117750439367311,0.29130052724077327,0.24868189806678384,0.2482425307557118
0.21331581252737625,0.29215943933420935,0.24704336399474375,0.2474813841436706
0.20792951541850221,0.29779735682819386,0.25022026431718064,0.24405286343612334
0.2067435669920142,0.2968056787932564,0.2502218278615794,0.24622892635314997
0.2114962702939886,0.2878455462922334,0.2531812198332602,0.24747696358051777
0.21260541500221927,0.2871726586773191,0.2529960053262317,0.2472259209942299
0.2147562582345191,0.2867808519982433,0.2507685551163812,0.24769433465085638
0.21365638766519823,0.28634361233480177,0.24933920704845816,0.25066079295154187
0.21519543258673693,0.282389108476065,0.2507685551163812,0.2516469038208169
0.21348816435908888,0.28226887003126394,0.2518981688253685,0.2523447967842787
0.21824530772588388,0.2854648625054561,0.24443474465298995,0.25185508511567
0.2192866578599736,0.2870981946279172,0.24394539850286218,0.24966974900924702
0.21901007446342532,0.28252299605781866,0.2439772229522558,0.2544897065265002
0.21869565217391304,0.2791304347826087,0.24391304347826087,0.2582608695652174
0.21702317290552584,0.28342245989304815,0.24064171122994651,0.2589126559714795
0.21238552115133014,0.28085477540340165,0.24727431312690798,0.2594853903183602
0.2157293497363796,0.2772407732864675,0.2438488576449912,0.2631810193321617
0.21318000884564353,0.27421494913754973,0.24369747899159663,0.2689075630252101
0.21858407079646017,0.2752212389380531,0.24292035398230089,0.26327433628318586
0.2161446846052051,0.2792236435818262,0.24040582267313632,0.2642258491398324
0.216696269982238,0.2810834813499112,0.23978685612788633,0.26243339253996445
0.20787746170678337,0.2840262582056893,0.24551422319474836,0.26258205689277897
0.20550377274744785,0.28761651131824234,0.23479804704837995,0.2720816688859299
0.20326278659611993,0.2848324514991182,0.24382716049382716,0.26807760141093473
0.20533333333333334,0.2848888888888889,0.23955555555555555,0.2702222222222222
0.20508326029798424,0.2857142857142857,0.24101665205959685,0.26818580192813324
0.20978404583516969,0.2869105332745703,0.2353459673865139,0.26795945350374617
0.21346324180690876,0.2887511071744907,0.23870682019486272,0.25907883082373784
0.212784588441331,0.29334500875656744,0.23861646234676007,0.2552539404553415
0.2135667396061269,0.28927789934354486,0.23763676148796498,0.25951859956236323
0.2223194748358862,0.29540481400437635,0.22713347921225382,0.2551422319474836
0.220680393912265,0.2873769024171889,0.23008057296329454,0.26186213070725156
0.21677704194260486,0.29403973509933773,0.23532008830022075,0.25386313465783666
0.21597892888498682,0.2989464442493415,0.22563652326602282,0.2594381035996488
0.2174490699734278,0.30115146147032773,0.2263064658990257,0.2550930026572188
0.21651295564339043,0.2968818620992534,0.2274923144488362,0.25911286780852
0.21905179982440737,0.286215978928885,0.23397717295873574,0.2607550482879719
0.2148506151142355,0.28998242530755713,0.23374340949033393,0.26142355008787344
0.21597892888498682,0.28797190517998245,0.23353819139596138,0.26251097453906935
0.21647677475898336,0.28965819456617004,0.23444347063978965,0.25942156003505695
0.22004357298474944,0.289760348583878,0.23311546840958605,0.2570806100217865
0.2239858906525573,0.2914462081128748,0.2328042328042328,0.2517636684303351
0.22606034105815478,0.2890249234805422,0.23261915172715347,0.25229558373414956
0.22506619593998234,0.2886142983230362,0.2325684024713151,0.25375110326566636
0.22545134302069572,0.2950242184059885,0.2289740202553941,0.25055041831792163
0.22735346358792186,0.28285968028419184,0.2353463587921847,0.2544404973357016
0.2294143549097314,0.2809335094671951,0.22765301629238222,0.2619991193306913
0.23175586023883238,0.2799646174259177,0.22865988500663423,0.25961963732861565
0.22626441881100265,0.27861579414374443,0.2315882874889086,0.26353149955634425
0.22399291722000886,0.2810978308986277,0.23240371845949534,0.2625055334218681
0.2197563098346388,0.2828546562228024,0.22845953002610966,0.2689295039164491
0.21814159292035398,0.28716814159292037,0.2261061946902655,0.2685840707964602
0.2206266318537859,0.2828546562228024,0.22758920800696258,0.2689295039164491
0.2258491398323776,0.28804587560652845,0.22320247022496692,0.26290251433612705
0.22393312802463705,0.29036515618125824,0.22833260008798945,0.25736911570611526
0.22236784622105724,0.291393621668851,0.2276103101791175,0.25862822193097423
0.2227112676056338,0.29225352112676056,0.22755281690140844,0.2574823943661972
0.23185217773867137,0.2864056313242411,0.2212934447866256,0.26044874615046193
0.23278116826503922,0.2885789014821273,0.22231909328683522,0.2563208369659983
0.22520934332304982,0.29440282062582634,0.22036139268400176,0.2600264433671221
0.2263064658990257,0.2843224092116918,0.2240921169176262,0.2652790079716563
0.23261915172715347,0.28377787494534323,0.2229995627459554,0.2606034105815479
0.23184601924759404,0.28433945756780404,0.22134733158355205,0.26246719160104987
0.22928540113985094,0.285839544059623,0.21964050854888206,0.265234546251644
0.22418358340688438,0.2974404236540159,0.21800529567519858,0.26037069726390116
0.2228140257434532,0.29649356413670663,0.21837549933422104,0.2623169107856192
0.22671353251318102,0.29481546572934975,0.2157293497363796,0.2627416520210896
0.22807017543859648,0.3,0.20833333333333334,0.26359649122807016
0.22594880847308033,0.2961165048543689,0.22153574580759047,0.2563989408649603
0.22480280455740578,0.29666958808063104,0.22129710780017528,0.2572304995617879
0.22791519434628976,0.29814487632508835,0.22173144876325088,0.25220848056537104
0.2315882874889086,0.2968056787932564,0.21872227151730259,0.2528837622005324
0.2356043956043956,0.29846153846153844,0.21714285714285714,0.24879120879120878
0.23769771528998243,0.29393673110720564,0.21616871704745166,0.2521968365553603
0.2395970214629873,0.2912833990363557,0.21419185282522996,0.25492772667542707
0.24335106382978725,0.2925531914893617,0.21010638297872342,0.25398936170212766
0.24387040280210157,0.29422066549912435,0.21103327495621715,0.2508756567425569
0.24026548672566372,0.29336283185840706,0.2163716814159292,0.25
0.24035087719298245,0.2956140350877193,0.21359649122807017,0.25043859649122807
0.23991130820399112,0.2957871396895787,0.2155210643015521,0.24878048780487805
0.24078187472234563,0.2936472678809418,0.21590404264771212,0.24966681474900043
0.24008810572687225,0.28590308370044054,0.22158590308370044,0.25242290748898677
0.24249116607773852,0.29019434628975266,0.21687279151943462,0.2504416961130742
0.24227714033539277,0.29170344218887906,0.21270962047661077,0.2533097969991174
0.24647887323943662,0.2869718309859155,0.2147887323943662,0.2517605633802817
0.24738219895287958,0.2862129144851658,0.20898778359511344,0.25741710296684117
0.24856512141280354,0.28741721854304636,0.20794701986754968,0.2560706401766004
0.2482363315696649,0.2879188712522046,0.20899470899470898,0.25485008818342153
0.25551632833186233,0.2855251544571933,0.20520741394527803,0.25375110326566636
0.25691699604743085,0.28326745718050067,0.207290294246816,0.25252525252525254
0.25578350065473593,0.281972937581842,0.2047140986468791,0.257529463116543
0.25733333333333336,0.28044444444444444,0.20577777777777778,0.2564444444444444
0.2517605633802817,0.28213028169014087,0.20774647887323944,0.258362676056338
0.249889819303658,0.27985896870868227,0.20625826355222565,0.26399294843543414
0.2491258741258741,0.28321678321678323,0.20236013986013987,0.2652972027972028
0.25384953805543337,0.28068631764188295,0.1992960844698636,0.26616805983282005
0.25144124168514415,0.28159645232815966,0.19645232815964522,0.270509977827051
0.24945295404814005,0.2857768052516411,0.20218818380743983,0.26258205689277897
0.24385964912280703,0.2916666666666667,0.20307017543859648,0.2614035087719298
0.25823451910408435,0.28370663153271847,0.2028985507246377,0.2551602986385595
0.2537313432835821,0.286215978928885,0.20500438981562774,0.2550482879719052
0.2570298769771529,0.2820738137082601,0.2117750439367311,0.2491212653778559
0.2541630148992112,0.28001752848378614,0.21297107800175286,0.2528483786152498
0.2583041958041958,0.28321678321678323,0.21372377622377622,0.24475524475524477
0.2575957727873184,0.2813738441215324,0.21488331131660063,0.24614707177454867
0.25625274243089075,0.2830188679245283,0.21720052654673103,0.24352786309784993
0.2570546737213404,0.2808641975308642,0.22354497354497355,0.23853615520282187
0.25851528384279476,0.2786026200873362,0.2244541484716157,0.23842794759825328
0.2594547053649956,0.27924362357080035,0.22427440633245382,0.23702726473175023
0.2547294324681038,0.27584689837219534,0.2278926528816542,0.24153101627804663
0.2570671378091873,0.27296819787985865,0.2314487632508834,0.23851590106007067
0.25662544169611307,0.27164310954063603,0.23498233215547704,0.23674911660777384
0.2533739660426643,0.2677405311275577,0.23770134958641706,0.2411841532433609
0.25418502202643173,0.2629955947136564,0.23876651982378855,0.24405286343612334
0.2532981530343008,0.26033421284080915,0.23746701846965698,0.24890061565523308
0.2546093064091308,0.26119402985074625,0.23661106233538193,0.247585601404741
0.24724548259145,0.2600264433671221,0.24504186866460997,0.24768620537681799
0.24835454146555508,0.2615182097411145,0.24089512944273805,0.24923211935059236
0.25820763087843834,0.26131322094055015,0.23247559893522626,0.24800354924578527
0.2501095050372317,0.2658782303985983,0.23696890056942618,0.24704336399474375
0.2563764291996482,0.25857519788918204,0.23614775725593667,0.24890061565523308
0.26152482269503546,0.2566489361702128,0.2327127659574468,0.24911347517730498
0.25934163701067614,0.251779359430605,0.2402135231316726,0.24866548042704625
0.2610989010989011,0.2549450549450549,0.23516483516483516,0.24879120879120878
0.2610619469026549,0.25619469026548675,0.2336283185840708,0.2491150442477876
0.26026200873362443,0.25807860262008736,0.2314410480349345,0.25021834061135373
0.2655491839435377,0.25584472871636527,0.23070136744596384,0.2479047198941332
0.2584070796460177,0.2597345132743363,0.2261061946902655,0.2557522123893805
0.2577544779379642,0.25906509392747923,0.2306684141546527,0.2525120139799039
0.26407682234831953,0.2562199912701877,0.22959406372762986,0.2501091226538629
0.26238938053097344,0.25619469026548675,0.22831858407079647,0.25309734513274335
0.2647058823529412,0.2528533801580334,0.2344161545215101,0.24802458296751537
0.26742656729504605,0.2533976326172731,0.22709338009644892,0.25208241999123193
0.271729587357331,0.25548726953467954,0.2247585601404741,0.24802458296751537
0.2680549401860877,0.25254762959680993,0.22729286663712894,0.2521045635799734
0.26817588158467565,0.25729212015672615,0.22028733130169786,0.2542446669569003
0.2680549401860877,0.256978289765175,0.22197607443509082,0.25299069561364645
0.2662280701754386,0.26096491228070173,0.22149122807017543,0.2513157894736842
0.26660722246990637,0.26081141328577795,0.21934908604547482,0.25323227819884087
0.27304499781564,0.2516382699868938,0.21930974224552205,0.2560069899519441
0.2712532865907099,0.25854513584574934,0.21691498685363717,0.2532865907099036
0.26924749891257066,0.25663331883427576,0.21400608960417572,0.2601130926489778
0.2754517408550022,0.2560599382988101,0.20846187747906567,0.2600264433671221
0.27149122807017545,0.2535087719298246,0.21140350877192982,0.26359649122807016
0.26953467954345917,0.2546093064091308,0.21027216856892011,0.2655838454784899
0.27057793345008757,0.2543782837127846,0.2084063047285464,0.26663747810858146
0.27365615282096845,0.25188804975566415,0.20302087960906265,0.27143491781430473
0.27232341181697023,0.24966681474900043,0.20657485561972458,0.27143491781430473
0.27066025360734586,0.2466112811543507,0.20725841714035856,0.2754700480979449
0.2682926829268293,0.2501108647450111,0.21286031042128603,0.2687361419068736
0.26993865030674846,0.25197195442594217,0.20201577563540754,0.27607361963190186
0.2602197802197802,0.2518681318681319,0.20615384615384616,0.28175824175824177
0.2639437856829161,0.2595520421607378,0.20421607378129117,0.2722880983750549
0.2566798072711345,0.2680683311432326,0.20192728865527815,0.2733245729303548
0.2535211267605634,0.269806338028169,0.19982394366197184,0.27684859154929575
0.256466462078036,0.2661113546690048,0.19508987286277948,0.28233231039017975
0.25654682645361737,0.2636484687083888,0.19928983577452286,0.28051486906347095
0.25704225352112675,0.2689260563380282,0.19674295774647887,0.2772887323943662
0.2565905096660808,0.27460456942003514,0.18497363796133567,0.28383128295254834
0.25870427501101806,0.2741295724988982,0.1886293521375055,0.2785368003525782
0.2635046113306983,0.2678963548528766,0.18533157663592445,0.28326745718050067
0.2623022847100176,0.273286467486819,0.18014059753954306,0.28427065026362036
0.26382791922739246,0.27480245829675154,0.17383669885864794,0.28753292361720806
0.258446687143484,0.2812637121544537,0.17595436594997807,0.2843352347520842
0.2625994694960212,0.27674624226348365,0.17639257294429708,0.28426171529619804
0.2662565905096661,0.2820738137082601,0.17486818980667837,0.27680140597539543
0.26369257950530034,0.28224381625441697,0.17667844522968199,0.2773851590106007
0.2666372851476421,0.2864698104892023,0.17893345085940943,0.26795945350374617
0.26413427561837455,0.28091872791519434,0.18374558303886926,0.2712014134275618
0.26094648385670055,0.2812914639540027,0.18045112781954886,0.2773109243697479
0.2565674255691769,0.28239929947460596,0.18520140105078808,0.27583187390542907
0.2540587977182975,0.2773146116717859,0.18473014480035102,0.2838964458095656
0.2575426322693485,0.279842588543944,0.18408395277656317,0.2785308264101443
0.25320371188687585,0.29297392841361025,0.1811754308440124,0.27264692885550157
0.25386996904024767,0.29411764705882354,0.18531623175586023,0.26669615214506853
0.25392670157068065,0.29668411867364747,0.18280977312390925,0.26657940663176266
0.25317564607971965,0.2952255803766973,0.18309242225142355,0.26850635129215944
0.2515391380826737,0.30123131046613894,0.1820580474934037,0.26517150395778366
0.25111308993766696,0.3018699910952805,0.1829919857524488,0.26402493321460374
0.25309734513274335,0.3017699115044248,0.18053097345132743,0.2646017699115044
0.25569176882662,0.29334500875656744,0.17907180385288968,0.27189141856392296
0.2615996464869642,0.29164825452938575,0.1780821917808219,0.26866990720282813
0.2577680525164114,0.28796498905908097,0.18030634573304158,0.2739606126914661
0.25682819383259914,0.2845814977973568,0.1814977973568282,0.27709251101321586
0.25519681556833257,0.28969482529854046,0.1742591773551526,0.28084918177797435
0.25217770034843207,0.2874564459930314,0.18162020905923346,0.2787456445993031
0.250771264874394,0.2873512560599383,0.17144116350815336,0.2904363155575143
0.24923076923076923,0.2936263736263736,0.1767032967032967,0.2804395604395604
0.253315649867374,0.28691423519009723,0.1786030061892131,0.28116710875331563
0.26017699115044246,0.28893805309734516,0.17256637168141592,0.27831858407079646
0.25574204946996465,0.2875441696113074,0.17402826855123674,0.2826855123674912
0.2608886933567972,0.2833260008798944,0.17641882974043116,0.27936647602287723
0.2630415561450044,0.27763041556145,0.1794871794871795,0.27984084880636606
0.25636523266022826,0.2835820895522388,0.1791044776119403,0.28094820017559263
0.25552608311229,0.27939876215738285,0.1830238726790451,0.28205128205128205
0.2602558447287164,0.26643140714600794,0.1839435377150419,0.2893692104102338
0.26166148378498444,0.27276765881830295,0.18258551754775657,0.282985339848956
0.2657281126264848,0.27276726792784867,0.17641882974043116,0.28508578970523535
0.2672790901137358,0.2755905511811024,0.17497812773403323,0.2821522309711286
0.26613965744400525,0.2740447957839262,0.17918313570487485,0.28063241106719367
0.27602799650043747,0.2764654418197725,0.16885389326334208,0.2786526684164479
0.27872433377020533,0.27304499781564,0.1760594145915247,0.27217125382262997
0.2773146116717859,0.27292672224659936,0.1781483106625713,0.27161035541904344
0.27224901359053044,0.27005699254712845,0.17799210872424376,0.27970188513809735
0.26681318681318683,0.27076923076923076,0.18285714285714286,0.2795604395604396
0.26866990720282813,0.27264692885550157,0.18161732213875387,0.2770658418029165
0.2618629173989455,0.27636203866432335,0.18673110720562391,0.2750439367311072
0.27154046997389036,0.27067014795474326,0.17972149695387293,0.2780678851174935
0.27212681638044917,0.2650814619110524,0.17921620431527963,0.28357551739321885
0.2741364038972542,0.26660761736049604,0.18113374667847654,0.27812223206377323
0.26940035273368607,0.2671957671957672,0.18121693121693122,0.2821869488536155
0.2719259585720582,0.26884089907448216,0.17805200528867343,0.28118113706478626
0.2706766917293233,0.26713843432109685,0.17868199911543564,0.28350287483414416
0.27829150154117127,0.26948480845442535,0.17305151915455746,0.27917217084984586
0.27584689837219534,0.2732072151341839,0.17113946326440826,0.2798064232292125
0.2815916047223437,0.27066025360734586,0.17140358548316573,0.2763445561871447
0.2777288732394366,0.2680457746478873,0.1694542253521127,0.2847711267605634
0.269897732325478,0.2747887950200089,0.1676300578034682,0.2876834148510449
0.27677390921110623,0.28250330542089025,0.16483032172763332,0.27589246364037023
0.2774363476733977,0.28094820017559263,0.16417910447761194,0.2774363476733977
0.282389108476065,0.2810715854194115,0.1686429512516469,0.2678963548528766
0.2757867132867133,0.2862762237762238,0.17045454545454544,0.2674825174825175
0.2800528401585205,0.2804931748128578,0.17217084984588288,0.2672831351827389
0.28003533568904593,0.28180212014134276,0.1704946996466431,0.2676678445229682
0.2822902796271638,0.2791833111407013,0.1677762982689747,0.2707501109631602
0.2780935723655444,0.2710975076519458,0.17358985570616528,0.2772190642763446
0.280107047279215,0.27386262265834077,0.1694915254237288,0.27653880463871544
0.2778021978021978,0.2712087912087912,0.17450549450549452,0.2764835164835165
0.2781659388646288,0.27074235807860264,0.1707423580786026,0.28034934497816594
0.28390201224846895,0.2668416447944007,0.16972878390201224,0.2795275590551181
0.2871772039180766,0.2684772929652716,0.1651825467497774,0.27916295636687444
0.2887323943661972,0.2706866197183099,0.16593309859154928,0.2746478873239437
0.2847797645006542,0.27126035761011774,0.16746620148277366,0.27649367640645445
0.28501988510826337,0.27485638532920903,0.1665930181175431,0.27353071144498453
0.28923076923076924,0.2712087912087912,0.1657142857142857,0.27384615384615385
0.2891725352112676,0.2689260563380282,0.16637323943661972,0.2755281690140845
0.2951176983435048,0.26242371403661724,0.16390584132519617,0.2785527462946818
0.2907644719399028,0.2646928855501547,0.16305788775961114,0.2814847547503314
0.2935301780286583,0.2596613113330439,0.16891011723838473,0.2778983933999132
0.29486062717770034,0.259581881533101,0.16855400696864112,0.2770034843205575
0.3011037527593819,0.258719646799117,0.16600441501103752,0.27417218543046357
0.3053945608559964,0.2550156041016496,0.1654034774855105,0.2741863575568435
0.3087336244541485,0.2537117903930131,0.1633187772925764,0.274235807860262
0.30566534914361,0.2516469038208169,0.16600790513833993,0.2766798418972332
0.3007915567282322,0.2497801231310466,0.1644678979771328,0.2849604221635884
0.3071748878923767,0.24977578475336323,0.1663677130044843,0.2766816143497758
0.30725274725274726,0.24923076923076923,0.1621978021978022,0.2813186813186813
0.31514084507042256,0.2438380281690141,0.16505281690140844,0.27596830985915494
0.31961471103327493,0.2425569176882662,0.165061295971979,0.27276707530647987
0.31741821396993813,0.242263483642794,0.16622458001768348,0.27409372236958446
0.3221300742034046,0.23745089480576168,0.16761239633347882,0.2728066346573549
0.32229580573951433,0.23664459161147902,0.1673289183222958,0.2737306843267108
0.3210479573712256,0.24067495559502664,0.1660746003552398,0.272202486678508
0.3169662428759316,0.24156071898290224,0.1701008329679965,0.2713722051731697
0.3137598597721297,0.24101665205959685,0.17353198948290974,0.27169149868536374
0.31195079086115995,0.2429701230228471,0.16827768014059755,0.27680140597539543
0.3077597544936431,0.2507672073651907,0.16703200350723366,0.2744410346339325
0.3133539003966505,0.24724548259145,0.1621859850154253,0.2772146319964742
0.31178033658104515,0.2462356067316209,0.15899025686448184,0.28299379982285205
0.3111013602457218,0.2395787626151821,0.16147433084686266,0.2878455462922334
0.3090828924162258,0.23941798941798942,0.1574074074074074,0.2940917107583774
0.3066079295154185,0.23788546255506607,0.15550660792951543,0.3
0.31026884089907447,0.2371088585279859,0.15381225209343324,0.2988100484795064
0.3109836788707543,0.23467137185707984,0.15350683722981914,0.30083811204234673
0.3120317320405465,0.2357866901718819,0.14676068752754517,0.30542089026002645
0.3070484581497797,0.24493392070484582,0.14757709251101322,0.3004405286343612
0.3067078552515446,0.24580759046778464,0.147396293027361,0.3000882612533098
0.3018699910952805,0.24577025823686555,0.1527159394479074,0.2996438112199466
0.3075230972283326,0.23757149142102948,0.1539815222173339,0.300923889133304
0.30806737588652483,0.23315602836879432,0.15602836879432624,0.30274822695035464
0.30924222514235655,0.2395970214629873,0.15111695137976347,0.30004380201489267
0.31371681415929203,0.23584070796460177,0.14778761061946902,0.30265486725663715
0.31299385425812115,0.2370500438981563,0.14618086040386305,0.3037752414398595
0.3141223053233612,0.2336119665640123,0.1438627364716234,0.3084029916410031
0.32492253209384686,0.23107569721115537,0.13988490482514387,0.3041168658698539
0.3226524254561638,0.23319982198486872,0.14152202937249667,0.30262572318647085
0.3212869105332746,0.23226090788893786,0.14411635081533716,0.3023358307624504
0.31828145550197284,0.22972380534853135,0.14861902674265673,0.3033757124068391
0.31802274715660545,0.23447069116360456,0.14610673665791776,0.3013998250218723
0.3222416812609457,0.22504378283712784,0.14754816112084063,0.3051663747810858
0.3171052631578947,0.23596491228070177,0.1425438596491228,0.3043859649122807
0.3130242825607064,0.2445916114790287,0.1456953642384106,0.29668874172185433
0.32059727711901626,0.24022837066315328,0.14492753623188406,0.29424681598594643
0.32463511720477667,0.24148606811145512,0.145953118089341,0.28792569659442724
0.3226934849147355,0.23567993003935286,0.14822912111937037,0.2933974639265413
0.3211453744493392,0.23480176211453743,0.15286343612334802,0.2911894273127753
0.32063773250664307,0.23560673162090345,0.14924712134632417,0.2945084145261293
0.3212869105332746,0.23358307624504188,0.1502864698104892,0.29484354341119434
0.32133450395083407,0.23266022827041263,0.1527655838454785,0.2932396839332748
0.3203753351206434,0.23100983020554067,0.15147453083109919,0.2971403038427167
0.32377591530657257,0.22805469783855314,0.14909572121746803,0.2990736656374063
0.32225177304964536,0.23315602836879432,0.14716312056737588,0.2974290780141844
0.3210151380231523,0.22929652715939447,0.1527159394479074,0.29697239536954584
0.32037118868758285,0.22713212549712772,0.15554573574900574,0.2969509500662837
0.3219814241486068,0.21892967713401149,0.1525873507297656,0.3065015479876161
0.3196467991169978,0.22030905077262694,0.14746136865342163,0.3125827814569536
0.3195240193918026,0.2238871749669458,0.1494050242397532,0.30718378140149843
0.31641659311562226,0.2237422771403354,0.14651368049426303,0.31332744924977934
0.3140826299422479,0.22701021768103066,0.14349178143047533,0.3154153709462461
0.31675392670157065,0.22774869109947643,0.1400523560209424,0.31544502617801046
0.3191677733510403,0.22841965471447542,0.13767153607791058,0.3147410358565737
0.31965065502183404,0.22838427947598253,0.1388646288209607,0.3131004366812227
0.3128024637043555,0.22877254729432467,0.13858336999560053,0.31984161900571934
0.3158813263525305,0.23298429319371727,0.1330715532286213,0.3180628272251309
0.3105425672695192,0.23114247904719895,0.13806793118659022,0.3202470224966917
0.3070831500219974,0.2309722833260009,0.13682358117025956,0.3251209854817422
0.3090430201931519,0.233099209833187,0.13520632133450394,0.3226514486391572
0.3073913043478261,0.2291304347826087,0.13869565217391305,0.3247826086956522
0.3099027409372237,0.23121131741821396,0.14146772767462423,0.31741821396993813
0.30796617712505564,0.22607921673342235,0.13840676457498888,0.32754784156653316
0.3108167770419426,0.23134657836644593,0.13774834437086092,0.3200883002207506
0.3107394366197183,0.23283450704225353,0.1382042253521127,0.3182218309859155
0.30874558303886923,0.22924028268551236,0.14090106007067138,0.321113074204947
0.307487815684537,0.22817899867080194,0.14089499335400973,0.3234381922906513
0.3154657293497364,0.22144112478031636,0.13971880492091387,0.3233743409490334
0.30922803904170365,0.21694764862466726,0.14063886424134872,0.3331854480922804
0.31150442477876106,0.21548672566371682,0.14424778761061946,0.32876106194690263
0.3056405771753389,0.21687800612155664,0.14210756449497158,0.3353738522081329
0.3030436700485223,0.21967357741508603,0.145125716806352,0.3321570357300397
0.30446194225721784,0.21653543307086615,0.1426071741032371,0.3363954505686789
0.3052401746724891,0.2165938864628821,0.14454148471615721,0.33362445414847164
0.30505494505494507,0.21406593406593408,0.1498901098901099,0.330989010989011
0.30823737821080605,0.20947741364038971,0.15589016829052257,0.32639503985828167
0.31277533039647576,0.20484581497797358,0.15859030837004406,0.3237885462555066
0.30919591292758775,0.2070191026210573,0.15948467347845402,0.3243003109729009
0.3122791519434629,0.20273851590106007,0.16166077738515902,0.32332155477031804
0.3096179183135705,0.20377689942907334,0.16512955643390426,0.3214756258234519
0.31328976034858386,0.20217864923747278,0.16296296296296298,0.3215686274509804
0.31216931216931215,0.20414462081128748,0.16534391534391535,0.318342151675485
0.3099027409372237,0.21131741821396993,0.16578249336870027,0.3129973474801061
0.3072476656291685,0.20631391729657625,0.16496220542463316,0.32147621164962203
0.3110720562390158,0.20738137082601055,0.16300527240773285,0.3185413005272408
0.3089466725429705,0.21022476862053768,0.16747465843984133,0.3133539003966505
0.3094405594405594,0.2111013986013986,0.17001748251748253,0.3094405594405594
0.30786317192358953,0.21501554864504666,0.17192358951577077,0.3051976899155931
0.3181219833260202,0.21105748135146996,0.17332163229486616,0.2974989030276437
0.3136563876651982,0.2105726872246696,0.17665198237885463,0.29911894273127754
0.3121951219512195,0.2075388026607539,0.17915742793791575,0.30110864745011084
0.3067833698030635,0.2100656455142232,0.1785557986870897,0.30459518599562363
0.30765864332603937,0.20612691466083152,0.1798687089715536,0.3063457330415755
0.3098901098901099,0.2079120879120879,0.17626373626373626,0.3059340659340659
0.3162125949084413,0.19830281375614114,0.18311746315319338,0.3023671281822242
0.3141592920353982,0.20663716814159291,0.18053097345132743,0.29867256637168144
0.31947483588621445,0.20437636761487965,0.1798687089715536,0.2962800875273523
0.3187830687830688,0.19929453262786595,0.17945326278659612,0.30246913580246915
0.311922569291685,0.2014958205015398,0.17773867135943686,0.3088429388473383
0.3122546881814217,0.19886611426079373,0.1774967291757523,0.31138246838203226
0.31674008810572685,0.19691629955947137,0.173568281938326,0.31277533039647576
0.316622691292876,0.1943711521547933,0.17941952506596306,0.3095866314863676
0.31760594145915244,0.1891655744866754,0.1764962865880297,0.3167321974661424
0.3210202286719437,0.1851363236587511,0.18425681618293754,0.3095866314863676
0.3220562390158172,0.18936731107205623,0.17926186291739896,0.3093145869947276
0.3254281949934124,0.19060166886253843,0.1756697408871322,0.308300395256917
0.32078774617067835,0.19168490153172865,0.1785557986870897,0.30897155361050327
0.3209384683488269,0.1961044710048694,0.1814962372731297,0.301460823373174
0.3215077605321508,0.19955654101995565,0.18758314855875832,0.2913525498891353
0.32229580573951433,0.1947019867549669,0.19161147902869757,0.2913907284768212
0.3241106719367589,0.1945542380324989,0.19060166886253843,0.2907334211682038
0.3312883435582822,0.1901840490797546,0.1866783523225241,0.2918492550394391
0.33027923211169286,0.19764397905759162,0.18368237347294938,0.28839441535776617
0.3302752293577982,0.200087374399301,0.1874180865006553,0.2822193097422455
0.3328900709219858,0.20301418439716312,0.1870567375886525,0.2770390070921986
0.331726555652936,0.2007011393514461,0.1866783523225241,0.28089395267309375
0.3309734513274336,0.20486725663716815,0.18539823008849557,0.27876106194690264
0.33304119193689746,0.20902716914986855,0.18141980718667836,0.27651183172655563
0.32967032967032966,0.2079120879120879,0.18681318681318682,0.2756043956043956
0.32275132275132273,0.21296296296296297,0.18165784832451498,0.2826278659611993
0.3249669749009247,0.21092029942756496,0.18229854689564068,0.2818141787758697
0.32418069087688217,0.21390611160318868,0.17936226749335696,0.28255093002657217
0.32419283502874835,0.21318000884564353,0.18531623175586023,0.2773109243697479
0.32235397452788755,0.21519543258673693,0.18269653052261747,0.279754062362758
0.32450331125827814,0.21721854304635763,0.17969094922737308,0.2785871964679912
0.32682926829268294,0.22394678492239467,0.17383592017738358,0.2753880266075388
0.32438380281690143,0.22095070422535212,0.1795774647887324,0.27508802816901406
0.3208041958041958,0.22246503496503497,0.1756993006993007,0.28103146853146854
0.3236842105263158,0.22017543859649122,0.18157894736842106,0.27456140350877195
0.32713590084108013,0.217352810978309,0.1752988047808765,0.28021248339973437
0.319596668128014,0.21437965804471723,0.1823761508110478,0.283647523016221
0.3233480176211454,0.21629955947136564,0.18061674008810572,0.27973568281938327
0.31398416886543534,0.21723834652594548,0.18601583113456466,0.2827616534740545
0.31477422183252957,0.21394125383603682,0.19245944761069705,0.27882507672073653
0.3140350877192982,0.2100877192982456,0.19517543859649122,0.2807017543859649
0.31901840490797545,0.2072743207712533,0.19281332164767748,0.28089395267309375
