C,D,Oc,Od
0.0,1.0,0.0,0.0
0.0,0.3333333333333333,0.6666666666666666,0.0
0.0,0.25,0.5,0.25
0.0,0.5,0.25,0.25
0.0,0.5,0.16666666666666666,0.3333333333333333
0.0,0.4444444444444444,0.1111111111111111,0.4444444444444444
0.0,0.4,0.0,0.6
0.0,0.35714285714285715,0.0,0.6428571428571429
0.0625,0.3125,0.0,0.625
0.1,0.3,0.0,0.6
0.15384615384615385,0.2692307692307692,0.0,0.5769230769230769
0.08823529411764706,0.2647058823529412,0.0,0.6470588235294118
0.125,0.275,0.0,0.6
0.16326530612244897,0.20408163265306123,0.0,0.6326530612244898
0.203125,0.203125,0.0,0.59375
0.2345679012345679,0.1728395061728395,0.0,0.5925925925925926
0.27184466019417475,0.1650485436893204,0.009708737864077669,0.5533980582524272
0.2907801418439716,0.1773049645390071,0.014184397163120567,0.5177304964539007
0.2914285714285714,0.1657142857142857,0.017142857142857144,0.5257142857142857
0.3031674208144796,0.17194570135746606,0.01809954751131222,0.5067873303167421
0.34296028880866425,0.1552346570397112,0.018050541516245487,0.48375451263537905
0.3588235294117647,0.15,0.020588235294117647,0.47058823529411764
0.3768472906403941,0.13054187192118227,0.019704433497536946,0.4729064039408867
0.3884297520661157,0.13016528925619836,0.01859504132231405,0.4628099173553719
0.39070567986230637,0.12220309810671257,0.029259896729776247,0.4578313253012048
0.40536512667660207,0.11475409836065574,0.03278688524590164,0.44709388971684055
0.4169986719787517,0.11155378486055777,0.035856573705179286,0.4355909694555113
0.4280701754385965,0.1064327485380117,0.03625730994152047,0.42923976608187137
0.4393305439330544,0.100418410041841,0.03765690376569038,0.4225941422594142
0.4444444444444444,0.09990662931839403,0.03734827264239029,0.41830065359477125
0.45294117647058824,0.09915966386554621,0.03613445378151261,0.4117647058823529
0.45454545454545453,0.09702062643239114,0.03361344537815126,0.41482047364400304
0.45594405594405596,0.1055944055944056,0.03566433566433566,0.4027972027972028
0.4561056105610561,0.100990099009901,0.04026402640264026,0.40264026402640263
0.46045370938074803,0.10239117106069896,0.036174126302881665,0.4009809932556714
0.47079646017699117,0.09498525073746313,0.03657817109144543,0.3976401179941003
0.4570290267501423,0.09391007398975526,0.04154809334092203,0.40751280591918043
0.4653846153846154,0.09285714285714286,0.03736263736263736,0.4043956043956044
0.45874934314240673,0.09458749343142407,0.037309511297950605,0.4093536521282186
0.46153846153846156,0.09373408048904738,0.038206826286296486,0.4065206316861946
0.4591786244433449,0.095002474022761,0.035625927758535375,0.41019297377535874
0.4596153846153846,0.09423076923076923,0.040865384615384616,0.40528846153846154
0.45690061234102686,0.09420631182289213,0.04097974564295808,0.4079133301931229
0.4582172701949861,0.08867223769730734,0.04178272980501393,0.4113277623026927
0.4589041095890411,0.08721461187214612,0.04337899543378995,0.41050228310502285
0.4608108108108108,0.08693693693693694,0.04369369369369369,0.40855855855855855
0.4607094746295465,0.08486753480017961,0.04265828468792097,0.4117647058823529
0.458719646799117,0.08256070640176601,0.045033112582781455,0.41368653421633556
0.4566787003610108,0.08709386281588448,0.04828519855595668,0.40794223826714804
0.4561558901682905,0.0841452612931798,0.04650132860938884,0.41319751992914083
0.4580588493631972,0.08168642951251646,0.05006587615283267,0.4101888449714537
0.4549867608120035,0.0851721094439541,0.04942630185348632,0.41041482789055606
0.45077262693156733,0.08256070640176601,0.05121412803532009,0.41545253863134657
0.45583666222814023,0.08255659121171771,0.052374611628939194,0.40923213493120286
0.4555112881806109,0.08322266489597167,0.05533421868083223,0.4059318282425852
0.45454545454545453,0.08155080213903744,0.05570409982174688,0.40819964349376114
0.453781512605042,0.07961079168509509,0.05572755417956656,0.41088014153029634
0.45438441098317095,0.08015943312666077,0.0566873339238264,0.4087688219663419
0.4574468085106383,0.07668439716312057,0.05939716312056738,0.40647163120567376
0.4626334519572954,0.07517793594306049,0.056494661921708184,0.40569395017793597
0.4538293216630197,0.07221006564551423,0.059956236323851206,0.4140043763676149
0.45962732919254656,0.07364685004436557,0.06388642413487133,0.4028393966282165
0.46394019349164467,0.07255936675461741,0.06464379947229551,0.3988566402814424
0.4603455914931325,0.07443509082853345,0.06335844040762073,0.40186087727071335
0.46208425720620844,0.07450110864745012,0.06518847006651884,0.39822616407982264
0.46550956831330664,0.07209612817089453,0.06319537160658656,0.3991989319092123
0.46164021164021163,0.0736331569664903,0.06128747795414462,0.40343915343915343
0.46369710467706016,0.07349665924276169,0.060579064587973276,0.4022271714922049
0.46678555506018726,0.07311636201515827,0.05929558626839055,0.40080249665626394
0.46415929203539824,0.0747787610619469,0.0584070796460177,0.4026548672566372
0.4758100310696849,0.07501109631602308,0.056369285397248114,0.39280958721704395
0.4645704162976085,0.07484499557130203,0.06023029229406555,0.4003542958370239
0.4706666666666667,0.07777777777777778,0.05733333333333333,0.3942222222222222
0.4743816254416961,0.07906360424028269,0.05609540636042403,0.39045936395759717
0.46613545816733065,0.07746790615316512,0.05887560867640549,0.3975210270030987
0.46944198405668736,0.07971656333038087,0.05713020372010629,0.3937112488928255
0.46082337317397076,0.08145196989818504,0.05976095617529881,0.3979637007525454
0.46068904593639576,0.08303886925795052,0.0627208480565371,0.39355123674911663
0.46288014311270126,0.08542039355992845,0.061270125223613595,0.3904293381037567
0.4551907719609583,0.08917480035492457,0.06255545696539486,0.3930789707187223
0.45511111111111113,0.08711111111111111,0.06,0.3977777777777778
0.45345744680851063,0.08643617021276596,0.0598404255319149,0.4002659574468085
0.4538223596995139,0.08926204153778171,0.057445868316394165,0.39946973044631023
0.4532565352237483,0.08994240141781125,0.05848471422241914,0.39831634913602126
0.4520971302428256,0.08609271523178808,0.0565121412803532,0.4052980132450331
0.4550660792951542,0.08502202643171806,0.05682819383259912,0.40308370044052866
0.4474381625441696,0.08215547703180212,0.05962897526501767,0.4107773851590106
0.45233892321270963,0.08473080317740513,0.061341571050308914,0.40158870255957635
0.44483671668137686,0.08473080317740513,0.0648720211827008,0.4055604589585172
0.4417069951605807,0.086229652441707,0.06335239771227452,0.4087109546854377
0.4453856442264824,0.08604547481052162,0.06509139545251895,0.403477485510477
0.4388111888111888,0.08784965034965035,0.06512237762237762,0.40821678321678323
0.44281263907432133,0.08589230084557187,0.06542056074766354,0.40587449933244324
0.437609841827768,0.08567662565905097,0.0672231985940246,0.4094903339191564
0.43443708609271525,0.08830022075055188,0.06666666666666667,0.4105960264900662
0.4376657824933687,0.08885941644562334,0.06631299734748011,0.40716180371352784
0.4393805309734513,0.08982300884955752,0.061504424778761065,0.4092920353982301
0.44026548672566373,0.08982300884955752,0.061946902654867256,0.4079646017699115
0.44193262411347517,0.08909574468085106,0.06427304964539007,0.4046985815602837
0.4569772625947392,0.08515381185911726,0.0637539010254124,0.39411502452073116
0.45454545454545453,0.08553515450067174,0.06269592476489028,0.3972234661889834
0.4585152838427948,0.08340611353711791,0.05851528384279476,0.39956331877729256
0.4570920409070698,0.082258781680747,0.06002667852378835,0.40062249888839485
0.45849977807367953,0.08388814913448735,0.056813138038171326,0.4007989347536618
0.4601967799642218,0.08273703041144902,0.055008944543828264,0.4020572450805009
0.4696699375557538,0.0816235504014273,0.05530776092774309,0.39339875111507583
0.4750219106047327,0.07800175284837861,0.05433829973707274,0.39263803680981596
0.47405452946350046,0.08047493403693931,0.052770448548812667,0.39270008795074757
0.4833110814419226,0.08055184690698709,0.052514463729417,0.38362260792167335
0.4798747763864043,0.07871198568872988,0.05590339892665474,0.3855098389982111
0.4706919347730278,0.07844865579550463,0.05817540766857646,0.39268400176289114
0.4707423580786026,0.07248908296943231,0.05458515283842795,0.40218340611353715
0.4722100656455142,0.07527352297592997,0.052954048140043765,0.399562363238512
0.4723328906595839,0.07525453740593183,0.054006197432492256,0.398406374501992
0.46760687527545175,0.07668576465403261,0.05420890260026443,0.4014984574702512
0.4703014184397163,0.07624113475177305,0.053634751773049646,0.399822695035461
0.4755829300483942,0.07567091948966125,0.051473823141223056,0.39727232732072154
0.47650417215634605,0.07465963987703118,0.05489679402722881,0.3939393939393939
0.4718653079308817,0.076650420912716,0.05405405405405406,0.39743021710234827
0.46850044365572313,0.07630878438331855,0.05235137533274179,0.4028393966282165
0.4726148409893993,0.07420494699646643,0.05123674911660778,0.4019434628975265
0.465601420328451,0.0754549489569463,0.05015534842432313,0.40878828229027964
0.46952296819787986,0.06978798586572438,0.0534452296819788,0.40724381625441697
0.4693427437141597,0.07013674459638289,0.05116894574327305,0.4093515659461844
0.4715883668903803,0.07069351230425056,0.052348993288590606,0.4053691275167785
0.4762749445676275,0.07006651884700665,0.050110864745011086,0.4035476718403548
0.482545293857711,0.07026071586389748,0.048608042421564294,0.3985859478568272
0.4839572192513369,0.07040998217468805,0.0481283422459893,0.39750445632798576
0.48958794860434207,0.07089056269384138,0.047408063801506424,0.39211342490031015
0.48853615520282184,0.06613756613756613,0.04805996472663139,0.3972663139329806
0.4881057268722467,0.06475770925110132,0.046255506607929514,0.4008810572687225
0.48731642189586116,0.060970182465509566,0.04806408544726302,0.40364931019136624
0.4777238641376268,0.06043228936921041,0.050727834142037936,0.4111160123511248
0.47732276530162926,0.06472919418758256,0.05239982386613826,0.40554821664464996
0.47659010600706714,0.06625441696113074,0.05123674911660778,0.40591872791519434
0.4830287206266319,0.06353350739773717,0.04960835509138381,0.40382941688424717
0.4829871851524525,0.06009721608484313,0.049491825011047284,0.4074237737516571
0.4807436918990704,0.061531651173085435,0.04736609119079239,0.4103585657370518
0.47242726877985236,0.060356057316543636,0.04689535388623534,0.42032132001736866
0.46898705934850515,0.0606871932173137,0.0464078536367693,0.42391789379741185
0.46725274725274724,0.06021978021978022,0.046153846153846156,0.42637362637362636
0.474644128113879,0.06094306049822064,0.045373665480427046,0.4190391459074733
0.4775330396475771,0.061233480176211455,0.04537444933920705,0.41585903083700443
0.47850877192982455,0.06184210526315789,0.0456140350877193,0.41403508771929826
0.47545333923042904,0.05926581158779301,0.04555506413091552,0.41972578505086244
0.478204010462075,0.05710549258936356,0.044899738448125545,0.4197907585004359
0.4810739436619718,0.05677816901408451,0.0448943661971831,0.41725352112676056
0.4840566873339238,0.05181576616474756,0.04650132860938884,0.41762621789193977
0.4796999117387467,0.05339805825242718,0.04236540158870256,0.4245366284201236
0.4780292942743009,0.05370616955170883,0.04349755881047492,0.4247669773635153
0.4732858414959929,0.052983081032947466,0.04407836153161175,0.4296527159394479
0.4800351031154015,0.05353225098727512,0.041246160596752963,0.4251864853005704
0.4796999117387467,0.05516328331862312,0.04060017652250662,0.4245366284201236
0.47338319401671797,0.05807303123625165,0.04135503739551254,0.4271887373515178
0.4704063604240283,0.05609540636042403,0.04107773851590106,0.43242049469964666
0.4748455428067079,0.05648720211827008,0.04060017652250662,0.42806707855251547
0.47412280701754383,0.058333333333333334,0.042105263157894736,0.42543859649122806
0.4687361419068736,0.05631929046563193,0.04434589800443459,0.43059866962305987
0.46780551905387646,0.05519053876478318,0.043802014892685065,0.43320192728865525
0.463768115942029,0.05401844532279315,0.04216073781291173,0.4400527009222661
0.46275197195442597,0.05740578439964943,0.042068361086765996,0.4377738825591586
0.45924627519719546,0.05433829973707274,0.042068361086765996,0.44434706397896584
0.4655781112091792,0.05119152691968226,0.03971756398940865,0.4435127978817299
0.4624889673433363,0.04854368932038835,0.0410414827890556,0.4479258605472198
0.4598860149057431,0.04997807978956598,0.03770276194651469,0.45243314335817625
0.45518763796909495,0.04856512141280353,0.040176600441501106,0.45607064017660043
0.45446546414430267,0.05015398152221733,0.04135503739551254,0.45402551693796744
0.4506607929515419,0.05330396475770925,0.04008810572687225,0.45594713656387664
0.4410596026490066,0.05562913907284768,0.039735099337748346,0.46357615894039733
0.4376396960214573,0.05856057219490389,0.04380867232901207,0.4599910594546267
0.4340369393139842,0.06112576956904134,0.04177660510114336,0.4630606860158311
0.43131132917038356,0.06378233719892953,0.04103479036574487,0.463871543264942
0.4328947368421053,0.06140350877192982,0.04342105263157895,0.46228070175438596
0.43351063829787234,0.057180851063829786,0.04299645390070922,0.46631205673758863
0.42958685028876054,0.05775211017325633,0.04575744113727232,0.4669035984007108
0.4264771212794314,0.060417592181252776,0.04620168813860506,0.4669035984007108
0.42800875273522976,0.05557986870897155,0.04726477024070022,0.46914660831509847
0.42624394539850285,0.05416116248348745,0.05063848524878908,0.46895640686922063
0.4192560175054705,0.05776805251641138,0.051203501094091906,0.47177242888402626
0.41802197802197805,0.054945054945054944,0.05054945054945055,0.4764835164835165
0.41758727353071146,0.054352629253203714,0.0481661511268228,0.47989394608926206
0.419698314108252,0.05368234250221828,0.04525288376220053,0.4813664596273292
0.4184710561201944,0.0552364118426867,0.04993371630578878,0.4763588157313301
0.4174757281553398,0.05383936451897617,0.048984995586937335,0.4796999117387467
0.41806908768821965,0.053144375553587246,0.04827280779450841,0.48051372896368466
0.42126157917953244,0.049845610939567714,0.0458756065284517,0.4830172033524482
0.42216358839050133,0.0505716798592788,0.044415127528583995,0.48284960422163586
0.41674047829938,0.054030115146147036,0.043401240035429584,0.4858281665190434
0.4176548089591568,0.052261747913921824,0.04435660957400088,0.4857268335529205
0.4075537988581467,0.05401844532279315,0.04567413263065437,0.4927536231884058
0.4038972542072631,0.0566873339238264,0.04561558901682905,0.49379982285208146
0.40334654337296344,0.055041831792162044,0.046235138705416116,0.4953764861294584
0.40026536930561696,0.05484298982750995,0.047766475011057054,0.497125165855816
0.40240641711229946,0.054367201426024955,0.04590017825311943,0.49732620320855614
0.40176600441501104,0.04944812362030905,0.044591611479028695,0.5041942604856512
0.40035508211273857,0.04971149578339991,0.04438526409232135,0.5055481580115402
0.3995604395604396,0.05054945054945055,0.04483516483516484,0.5050549450549451
0.39876215738284704,0.05349248452696728,0.04376657824933687,0.5039787798408488
0.4046675473359753,0.05328049317481286,0.041831792162043156,0.5002201673271687
0.40044150110375276,0.054304635761589407,0.04061810154525387,0.5046357615894039
0.40380362671384346,0.05263157894736842,0.04201680672268908,0.5015479876160991
0.40274700930438634,0.052281789986708016,0.03987594151528578,0.5050952591936199
0.4057142857142857,0.04967032967032967,0.036923076923076927,0.5076923076923077
0.4108867427568042,0.04784899034240562,0.036435469710272166,0.504828797190518
0.41385357299430076,0.046470846120122755,0.03463393248575186,0.5050416483998247
0.4167032967032967,0.045714285714285714,0.03604395604395604,0.5015384615384615
0.41955555555555557,0.04755555555555555,0.037333333333333336,0.4955555555555556
0.41644444444444445,0.04666666666666667,0.03866666666666667,0.49822222222222223
0.415061295971979,0.04597197898423818,0.03984238178633975,0.4991243432574431
0.4149122807017544,0.04517543859649123,0.04078947368421053,0.49912280701754386
0.41137272323411816,0.04620168813860506,0.04309195912927588,0.49933362949800086
0.4154929577464789,0.04841549295774648,0.04357394366197183,0.4925176056338028
0.41571050308914387,0.048984995586937335,0.0410414827890556,0.4942630185348632
0.4187582562747688,0.04931748128577719,0.04271246147071774,0.48921180096873623
0.42211280214861235,0.047448522829006266,0.04252461951656222,0.4879140555058192
0.42343132953049584,0.0451952610794208,0.041246160596752963,0.4901272487933304
0.4267487901451826,0.04575450945886494,0.0431148262208535,0.484381874175099
0.4302019315188762,0.04784899034240562,0.04258121158911326,0.4793678665496049
0.4322409211691763,0.048715677590788306,0.043401240035429584,0.47564216120460584
0.4288248337028825,0.04700665188470066,0.04478935698447894,0.4793791574279379
0.4359769605671245,0.04253433761630483,0.043420469649977846,0.47806823216659283
0.4269813000890472,0.04407836153161175,0.04007123775601069,0.4888691006233304
0.4330813694975545,0.04224099599822143,0.03823921742996887,0.4864384170742552
0.4352629253203712,0.04242156429518339,0.037560760053026956,0.48475475033141846
0.44052863436123346,0.044933920704845816,0.038766519823788544,0.47577092511013214
0.440864960282436,0.04280670785525154,0.03971756398940865,0.4766107678729038
0.4465547703180212,0.04240282685512368,0.038869257950530034,0.4721731448763251
0.4449823943661972,0.03961267605633803,0.035211267605633804,0.480193661971831
0.4510240427426536,0.03829029385574354,0.036064113980409616,0.4746215494211932
0.45329181494661924,0.03825622775800712,0.03870106761565836,0.4697508896797153
0.445916114790287,0.037527593818984545,0.038852097130242826,0.47770419426048566
0.44691248334073747,0.037316748111950244,0.04042647712127943,0.47534429142603285
0.44657653728739644,0.03488879197557784,0.04273877017008286,0.4757959005669429
0.4482911673324456,0.03195739014647137,0.04305370616955171,0.4766977363515313
0.44405130473241927,0.03007518796992481,0.045112781954887216,0.4807607253427687
0.4445927903871829,0.03115264797507788,0.04984423676012461,0.4744103248776146
0.4473222124670764,0.02897278314310799,0.046532045654082525,0.4771729587357331
0.4468365553602812,0.030755711775043937,0.048330404217926184,0.4740773286467487
0.4493198771390961,0.02720491443615621,0.050460728389644584,0.4730144800351031
0.44243493603881784,0.030436700485222762,0.05381561535068372,0.4733127481252757
0.4433126660761736,0.0283436669619132,0.0562444641275465,0.4720992028343667
0.4444933920704846,0.02907488986784141,0.05462555066079295,0.47180616740088105
0.453781512605042,0.0291906236178682,0.04909332153914197,0.46793454223794784
0.4546267322306661,0.030397854269110416,0.04783191774698257,0.46714349575324093
0.452863436123348,0.028634361233480177,0.044933920704845816,0.473568281938326
0.4576419213973799,0.029694323144104803,0.04410480349344978,0.46855895196506553
0.4539767649687221,0.03127792672028597,0.049597855227882036,0.4651474530831099
0.45118733509234826,0.03605980650835532,0.04529463500439754,0.46745822339489884
0.44872369010300045,0.03358710255261979,0.04746977160770264,0.4702194357366771
0.4455227172474636,0.032201146890163214,0.04719894133215704,0.47507719453021613
0.44991212653778556,0.03383128295254833,0.04657293497363796,0.46968365553602814
0.4472049689440994,0.03593611357586513,0.04525288376220053,0.47160603371783494
0.4347252747252747,0.03868131868131868,0.045714285714285714,0.4808791208791209
0.4383378016085791,0.0388739946380697,0.04825737265415549,0.4745308310991957
0.43204957945993805,0.038955289951305885,0.046038069942452416,0.48295706064630367
0.42920353982300885,0.036283185840707964,0.04247787610619469,0.4920353982300885
0.4288224956063269,0.03866432337434095,0.03910369068541301,0.4934094903339192
0.431657848324515,0.04144620811287478,0.039241622574955906,0.4876543209876543
0.4273088820150243,0.0410958904109589,0.040653999116217414,0.49094122845779936
0.4303189165574487,0.03888160768894714,0.04237658366098733,0.48842289209261686
0.4233348234242289,0.041573535985695124,0.04112650871703174,0.49396513187304425
0.4237063246351172,0.040689960194604156,0.03936311366651924,0.49624060150375937
0.42850779510022274,0.03830734966592428,0.03518930957683741,0.4979955456570156
0.42436235708003517,0.03781882145998241,0.036499560246262094,0.5013192612137203
0.4239610963748895,0.03978779840848806,0.03801945181255526,0.4982316534040672
0.42876165113182424,0.041278295605858856,0.03861517976031957,0.49134487350199735
0.4192835028748341,0.03936311366651924,0.03759398496240601,0.5037593984962406
0.41802916482545294,0.038886433937251434,0.037560760053026956,0.5055236411842686
0.41306266548984993,0.037069726390114736,0.03662842012356576,0.5132391879964695
0.4137316094516273,0.03700401248328132,0.04235399019170753,0.5069103878733838
0.41158402808249234,0.03817463799912242,0.040807371654234315,0.5094339622641509
0.42063492063492064,0.03747795414462081,0.041005291005291,0.5008818342151675
0.4168912848158131,0.03998203054806829,0.0431266846361186,0.5
0.4091110128261831,0.043343653250773995,0.04467049977885891,0.502874834144184
0.40378687802730073,0.041831792162043156,0.04491413474240423,0.5094671950682519
0.40142729705619984,0.0423728813559322,0.043710972346119537,0.5124888492417484
0.4,0.042572062084257206,0.04434589800443459,0.5130820399113082
0.3971756398940865,0.0410414827890556,0.04633715798764342,0.5154457193292145
0.3938053097345133,0.04070796460176991,0.048672566371681415,0.5168141592920354
0.40123729562527616,0.040653999116217414,0.04507291206363235,0.513035793194874
0.4003535130357932,0.04021210782147592,0.044631020768890854,0.5148033583738401
0.3952254641909814,0.038903625110521665,0.04730327144120248,0.5185676392572944
0.39652096342551296,0.0352363960749331,0.047725245316681535,0.5205173951828724
0.3961010190518387,0.03544528134692069,0.04652193176783341,0.5219317678334072
0.39744718309859156,0.03389084507042254,0.0448943661971831,0.5237676056338029
0.4,0.03588621444201313,0.04463894967177243,0.5194748358862145
0.403247038174638,0.03422553751645459,0.04387889425186485,0.5186485300570426
0.4091312056737589,0.03634751773049645,0.041666666666666664,0.512854609929078
0.4126984126984127,0.03880070546737213,0.04056437389770723,0.5079365079365079
0.4017817371937639,0.040979955456570155,0.04320712694877506,0.5140311804008909
0.40778416629809816,0.04113224237063246,0.044228217602830605,0.5068553737284387
0.40720961281708945,0.04316866933689364,0.04138851802403204,0.5082331998219849
0.40409434801958166,0.044058744993324434,0.04138851802403204,0.5104583889630618
0.40328305235137535,0.041259982253771074,0.04081632653061224,0.5146406388642414
0.40342405618964006,0.04170324846356453,0.03994732221246708,0.5149253731343284
0.4067722075637643,0.03913808267370272,0.0395778364116095,0.5145118733509235
0.40105540897097625,0.0395778364116095,0.0395778364116095,0.5197889182058048
0.4013186813186813,0.04043956043956044,0.041758241758241756,0.5164835164835165
0.3907637655417407,0.041740674955595025,0.04262877442273535,0.5248667850799289
0.39342105263157895,0.04035087719298246,0.0456140350877193,0.5206140350877193
0.3905272564789991,0.04066130473637176,0.04423592493297587,0.5245755138516532
0.4020526550647033,0.041499330655957165,0.04417670682730924,0.5122713074520303
0.3981399468556244,0.04162976085031001,0.04384410983170948,0.516386182462356
0.39708480565371024,0.04151943462897526,0.04328621908127209,0.5181095406360424
0.4046675473359753,0.041831792162043156,0.04491413474240423,0.5085865257595773
0.4056813138038171,0.04349755881047492,0.0426098535286285,0.5082112738570794
0.4137022397891963,0.041282389108476064,0.04259991216512956,0.5024154589371981
0.41072999120492526,0.0395778364116095,0.04661389621811785,0.5030782761653474
0.41202672605790647,0.03830734966592428,0.05033407572383074,0.49933184855233853
0.40848806366047746,0.03757736516357206,0.04730327144120248,0.506631299734748
0.4097711267605634,0.037411971830985914,0.04841549295774648,0.5044014084507042
0.409452296819788,0.03401060070671378,0.04858657243816254,0.5079505300353356
0.40703296703296704,0.03472527472527472,0.052307692307692305,0.505934065934066
0.4057017543859649,0.035526315789473684,0.05131578947368421,0.5074561403508772
0.406414762741652,0.03427065026362039,0.05052724077328647,0.5087873462214412
0.40732664631487137,0.034452682075883125,0.04971652856519843,0.5085041430440471
0.41155555555555556,0.030666666666666665,0.04933333333333333,0.5084444444444445
0.4149266992447801,0.028876055086628164,0.050199911150599734,0.505997334517992
0.4077196095829636,0.026175687666370896,0.05235137533274179,0.5137533274179237
0.4095744680851064,0.026152482269503546,0.0549645390070922,0.5093085106382979
0.4098504837291117,0.023746701846965697,0.058927000879507474,0.5074758135444152
0.409375,0.02544642857142857,0.059821428571428574,0.5053571428571428
0.4013215859030837,0.025991189427312777,0.06255506607929516,0.5101321585903084
0.40227372103191955,0.02710975076519458,0.05815478793178837,0.5124617402710975
0.4014984574702512,0.024239753195240195,0.05817540766857646,0.5160863816659321
0.4038630377524144,0.02370500438981563,0.058823529411764705,0.5136084284460053
0.4012345679012346,0.025573192239858905,0.06128747795414462,0.5119047619047619
0.40511915269196824,0.028684907325684024,0.0617828773168579,0.5044130626654898
0.41060473269062225,0.028045574057843997,0.060473269062226116,0.5008764241893077
0.4049733570159858,0.03108348134991119,0.06172291296625222,0.5022202486678508
0.40535792709705754,0.03337725076855512,0.06060606060606061,0.5006587615283268
0.40202553940995156,0.030823425803610745,0.057243505063848524,0.5099075297225891
0.4050021939447126,0.03203159280386134,0.05748135146994296,0.5054848617814831
0.40158870255957635,0.03265666372462489,0.06045895851721095,0.5052956751985879
0.40114235500878737,0.0351493848857645,0.06370826010544815,0.5
0.3978021978021978,0.035164835164835165,0.06373626373626373,0.5032967032967033
0.396741523557904,0.03346543372963452,0.06428885953324527,0.5055041831792162
0.3963011889035667,0.03346543372963452,0.06737120211360634,0.5028621752531924
0.39224327897752315,0.03393565447333627,0.06566769501983252,0.5081533715293081
0.396741523557904,0.03522677234698371,0.06516952884191986,0.5028621752531924
0.4,0.033554083885209716,0.0640176600441501,0.5024282560706401
0.3993808049535604,0.034055727554179564,0.06899601946041574,0.49756744803184433
0.40157825515124945,0.035072336694432264,0.06663743971942131,0.49671196843489696
0.4030905077262693,0.03532008830022075,0.06534216335540839,0.49624724061810155
0.3963254593175853,0.03674540682414698,0.06430446194225722,0.5026246719160105
0.39536915683704676,0.037570991699432066,0.06290956749672345,0.5041502839667977
0.3966725043782837,0.03677758318739054,0.0647985989492119,0.5017513134851138
0.3936869793950022,0.037264357737834285,0.06926786497150372,0.4997807978956598
0.3941926968763748,0.03695556533216014,0.06819181698196217,0.5006599208095028
0.39585172109443956,0.03927625772285966,0.0648720211827008,0.5
0.3995584988962472,0.037969094922737305,0.06490066225165562,0.4975717439293598
0.39552238805970147,0.03731343283582089,0.06672519754170325,0.5004389815627743
0.39145750770585647,0.033905768383971815,0.06781153676794363,0.5068251871422281
0.3880794701986755,0.033112582781456956,0.06490066225165562,0.5139072847682119
0.3918620079610792,0.03272888102609465,0.06413091552410438,0.5112781954887218
0.4026548672566372,0.034070796460176994,0.058849557522123896,0.504424778761062
0.39823788546255506,0.03480176211453744,0.05859030837004405,0.5083700440528635
0.39622641509433965,0.036858271171566474,0.060114085125054846,0.5068012286090391
0.3973509933774834,0.038852097130242826,0.06181015452538632,0.5019867549668874
0.3988566402814424,0.03825857519788918,0.0633245382585752,0.4995602462620932
0.3947833775419982,0.038903625110521665,0.0627763041556145,0.5035366931918656
0.40684748777234325,0.040017785682525564,0.05824811027123166,0.4948866162738995
0.4077669902912621,0.040158870255957636,0.05692850838481906,0.49514563106796117
0.4091312056737589,0.041223404255319146,0.053634751773049646,0.49601063829787234
0.4108322324966975,0.04315279612505504,0.05416116248348745,0.49185380889476
0.41051701281484754,0.04021210782147592,0.054352629253203714,0.4949182501104728
0.41290893015030944,0.040229885057471264,0.053934571175950484,0.49292661361626877
0.41242180518319926,0.03798033958891868,0.05451295799821269,0.49508489722966936
0.4095112285336856,0.04007045354469397,0.05548216644649934,0.4949361514751211
0.4097345132743363,0.03982300884955752,0.05663716814159292,0.49380530973451325
0.4106666666666667,0.04044444444444444,0.057777777777777775,0.4911111111111111
0.4096703296703297,0.04131868131868132,0.054945054945054944,0.4940659340659341
0.4090509666080844,0.04086115992970123,0.05272407732864675,0.4973637961335677
0.4119469026548673,0.03761061946902655,0.05221238938053097,0.4982300884955752
0.41106719367588934,0.03864734299516908,0.050505050505050504,0.4997804128238911
0.41870824053452116,0.04142538975501114,0.045879732739420934,0.4939866369710468
0.4112439132359451,0.04072598494909252,0.045595396193005754,0.5024347056219566
0.4090113735783027,0.04024496937882765,0.05074365704286964,0.5
0.4084938704028021,0.03940455341506129,0.05166374781085814,0.5004378283712785
0.4081092992507713,0.0374614367562803,0.0493609519612164,0.5050683120317321
0.40513047324192836,0.03494029190623618,0.04909332153914197,0.5108359133126935
0.4081902245706737,0.033905768383971815,0.04667547335975341,0.5112285336856011
0.40536971830985913,0.03301056338028169,0.04929577464788732,0.5123239436619719
0.4015817223198594,0.03383128295254833,0.04964850615114236,0.5149384885764499
0.40456340500219395,0.03422553751645459,0.04738920579201404,0.5138218516893375
0.3973509933774834,0.03664459161147903,0.04812362030905077,0.5178807947019868
0.3978685612788632,0.03285968028419183,0.046181172291296625,0.5230905861456483
0.39585172109443956,0.03662842012356576,0.04457193292144748,0.5229479258605472
0.40026362038664326,0.0351493848857645,0.04173989455184534,0.5228471001757469
0.40446976336546886,0.03680981595092025,0.039000876424189306,0.5197195442594216
0.4014178112538768,0.03633141338059371,0.03898980948161276,0.5232609658839167
0.39431616341030196,0.038632326820603906,0.03952042628774423,0.5275310834813499
0.40505767524401065,0.03904170363797693,0.04303460514640639,0.5128660159716061
0.4043497558810475,0.041278295605858856,0.04305370616955171,0.511318242343542
0.4048565121412804,0.04061810154525387,0.04282560706401766,0.5116997792494481
0.40116539668310175,0.0421335723890632,0.043478260869565216,0.5132227700582699
0.39438502673796794,0.04188948306595366,0.04768270944741533,0.516042780748663
0.3930304367004852,0.044993383325981476,0.049845610939567714,0.5121305690339656
0.39195757843570483,0.04595669465311533,0.05081749889527176,0.5112682280159081
0.38886433937251436,0.04684047724259832,0.05037560760053027,0.5139195757843571
0.3829787234042553,0.04476950354609929,0.04920212765957447,0.5230496453900709
0.388646288209607,0.04279475982532751,0.05109170305676856,0.517467248908297
0.39078422684980063,0.042977403633141335,0.046964997784669914,0.5192733717323881
0.3954305799648506,0.043497363796133566,0.04745166959578207,0.5136203866432337
0.4007989347536618,0.04172214824678207,0.043941411451398134,0.513537505548158
0.4002630425252082,0.04296361245067953,0.04603244191144235,0.5107409031126698
0.3872527472527473,0.04483516483516484,0.047032967032967034,0.5208791208791209
0.3873794916739702,0.04820333041191937,0.04513584574934268,0.5192813321647678
0.3844804910127137,0.04690925032880316,0.04690925032880316,0.5217010083296799
0.38210665491405904,0.048920229175848394,0.04627589246364037,0.5226972234464522
0.3898305084745763,0.0463871543264942,0.04727921498661909,0.5165031222123104
0.39120781527531084,0.047957371225577264,0.0497335701598579,0.511101243339254
0.3930789707187223,0.04791481810115351,0.04924578527062999,0.5097604259094942
0.390652557319224,0.04673721340388007,0.05114638447971781,0.5114638447971781
0.3929203539823009,0.04601769911504425,0.05353982300884956,0.5075221238938054
0.3915367483296214,0.048106904231625836,0.053006681514476614,0.5073496659242762
0.3876478318002628,0.04643013578624617,0.05037231712658782,0.5155497152869032
0.38461538461538464,0.04757670075589151,0.05202312138728324,0.5157847932414407
0.3771853146853147,0.04414335664335664,0.050699300699300696,0.527972027972028
0.3766637089618456,0.04480922803904171,0.05146406388642413,0.5270629991126885
0.374113475177305,0.044326241134751775,0.05319148936170213,0.5283687943262412
0.37815126050420167,0.045112781954887216,0.04909332153914197,0.5276426360017691
0.3829225352112676,0.04137323943661972,0.050616197183098594,0.5250880281690141
0.37742504409171074,0.04365079365079365,0.04938271604938271,0.5295414462081128
0.3722466960352423,0.04537444933920705,0.04933920704845815,0.5330396475770925
0.37290379523389233,0.04501323918799647,0.04810238305383936,0.5339805825242718
0.37043633125556547,0.04407836153161175,0.04986642920747997,0.5356188780053428
0.3690529124055136,0.046242774566473986,0.05113383726100489,0.5335704757670076
0.3701440419030991,0.046704495853339155,0.04975993016150153,0.5333915320820602
0.3673651359786001,0.045474810521622826,0.04993312527864467,0.5372269282211324
0.36818980667838314,0.04481546572934974,0.05140597539543058,0.5355887521968365
0.3592362344582593,0.04573712255772647,0.04884547069271759,0.5461811722912966
0.3650863978732831,0.04563579973416039,0.04873726185201595,0.5405405405405406
0.36104935526900844,0.044464206313917294,0.046242774566473986,0.5482436638506003
0.3579223046704496,0.04233958969882148,0.04495853339153208,0.5547795722391968
0.3643956043956044,0.043076923076923075,0.04351648351648352,0.549010989010989
0.35830048182216384,0.039859833552343404,0.04292597459483136,0.5589137100306614
0.35998233215547704,0.04063604240282685,0.04372791519434629,0.5556537102473498
0.36047535211267606,0.0409330985915493,0.04357394366197183,0.5550176056338029
0.35714285714285715,0.041259982253771074,0.044365572315882874,0.5572315882874889
0.35998233215547704,0.04107773851590106,0.04240282685512368,0.5565371024734982
0.36298932384341637,0.04092526690391459,0.04314946619217082,0.5529359430604982
0.36109880372175457,0.03987594151528578,0.044306601683650866,0.5547186530793088
0.3566371681415929,0.03849557522123894,0.046460176991150445,0.5584070796460177
0.358507330075522,0.03598400710795202,0.04486894713460684,0.5606397156819192
0.35216240070609,0.03662842012356576,0.04148278905560459,0.5697263901147396
0.35686102586584834,0.035072336694432264,0.04164839982463832,0.5664182376150811
0.35072336694432266,0.03419552827707146,0.041209995615957916,0.5738711091626479
0.3532272325375774,0.03404067197170645,0.04111405835543767,0.5716180371352785
0.34865223155103847,0.037560760053026956,0.04330534688466637,0.5704816615112682
0.35890652557319225,0.03527336860670194,0.04056437389770723,0.5652557319223986
0.3487450462351387,0.036547776309995596,0.04007045354469397,0.5746367239101717
0.3493603881782091,0.037935597706219674,0.037935597706219674,0.5747684164093516
0.34782608695652173,0.03904170363797693,0.04081632653061224,0.5723158828748891
0.3502874834144184,0.03803626713843432,0.03715170278637771,0.5745245466607696
0.3531763660595291,0.03998223011994669,0.03598400710795202,0.5708573967125722
0.35765124555160144,0.03825622775800712,0.03603202846975089,0.5680604982206405
0.356140350877193,0.039912280701754385,0.033771929824561404,0.5701754385964912
0.34656556645851916,0.03969669937555754,0.03300624442462088,0.5807314897413024
0.34593152512227654,0.036905291240551356,0.03468208092485549,0.5824811027123166
0.3453014184397163,0.03945035460992908,0.03856382978723404,0.5766843971631206
0.34359876814782225,0.0365156181258249,0.04003519577650682,0.579850417949846
0.3442333186036235,0.0344675209898365,0.0410958904109589,0.5802032699955811
0.3479596314172883,0.03422553751645459,0.036419482229047825,0.5813953488372093
0.35047951176983433,0.03530950305143853,0.03530950305143853,0.5789014821272885
0.34517543859649125,0.03464912280701754,0.03684210526315789,0.5833333333333334
0.3480392156862745,0.03431372549019608,0.03698752228163993,0.5806595365418895
0.3422671353251318,0.03602811950790861,0.03602811950790861,0.585676625659051
0.34385964912280703,0.034210526315789476,0.039912280701754385,0.5820175438596491
0.3415710503089144,0.03353927625772286,0.03927625772285966,0.5856134157105031
0.3418165862220272,0.03334795963141729,0.040368582711715666,0.5844668714348399
0.3498901098901099,0.03340659340659341,0.03824175824175824,0.5784615384615385
0.3456953642384106,0.03443708609271523,0.03532008830022075,0.5845474613686534
0.3482498892334958,0.035002215330084185,0.03544528134692069,0.5813026140894993
0.3474240422721268,0.034346103038309116,0.034346103038309116,0.583883751651255
0.3498217468805704,0.03609625668449198,0.035204991087344026,0.5788770053475936
0.3559096945551129,0.03187250996015936,0.035413899955732624,0.5768038955289951
0.3592105263157895,0.030263157894736843,0.03333333333333333,0.5771929824561404
0.35257548845470693,0.03152753108348135,0.03241563055062167,0.58348134991119
0.3494293239683933,0.0324846356453029,0.03424056189640035,0.5838454784899034
0.3479596314172883,0.031154014918824045,0.03290917068889864,0.587977182974989
0.35283842794759823,0.033624454148471615,0.033624454148471615,0.5799126637554585
0.34811529933481156,0.03592017738359202,0.03148558758314856,0.5844789356984479
0.34252669039145905,0.03469750889679715,0.030249110320284697,0.5925266903914591
0.351721094439541,0.03574580759046778,0.03089143865842895,0.5816416593115622
0.3447204968944099,0.03637976929902396,0.030168589174800354,0.5887311446317658
0.34066901408450706,0.03389084507042254,0.02992957746478873,0.5955105633802817
0.34572819831783974,0.035856573705179286,0.0283311199645861,0.5900841080123949
0.34313295304958313,0.03729706011408512,0.030276437033786747,0.589293549802545
0.3392148213498015,0.036612262902514334,0.032201146890163214,0.591971768857521
0.3422222222222222,0.037333333333333336,0.030222222222222223,0.5902222222222222
0.34064969271290607,0.038630377524143986,0.02633889376646181,0.5943810359964882
0.33993835314839277,0.039189784236019376,0.02553940995156319,0.5953324526640247
0.3371529308065227,0.0374614367562803,0.026443367122080213,0.5989422653151167
0.3364279398762157,0.038461538461538464,0.026083112290008842,0.599027409372237
0.34434169969176576,0.0361074416556583,0.025979744605900485,0.5935711140466755
0.3501979762428509,0.03343598768147822,0.025516937967443906,0.590849098108227
0.34748010610079577,0.033156498673740056,0.026967285587975242,0.5923961096374889
0.3528109783089863,0.033200531208499334,0.027445772465692783,0.5865427180168216
0.34596738651388276,0.03613926840017629,0.028206258263552227,0.5896870868223887
0.34202386212991603,0.03667697746354397,0.026513477684489615,0.5947856827220503
0.3409893992932862,0.0357773851590106,0.026943462897526502,0.5962897526501767
0.3419068736141907,0.039467849223946784,0.024390243902439025,0.5942350332594235
0.3418389793224813,0.04003519577650682,0.025956885173779146,0.5921689397272327
0.3455818022747157,0.0363079615048119,0.02712160979877515,0.5909886264216972
0.3456735057983943,0.03969669937555754,0.029438001784121322,0.5851917930419268
0.3461199294532628,0.039241622574955906,0.029982363315696647,0.5846560846560847
0.3491644678979771,0.03737906772207564,0.031222515391380826,0.5822339489885664
0.3415276558384548,0.036435469710272166,0.03160667251975417,0.5904302019315188
0.34513274336283184,0.03672566371681416,0.03185840707964602,0.5862831858407079
0.34376377258704277,0.0370207139709123,0.03261348611723226,0.5866020273248127
0.33613445378151263,0.0367094206103494,0.033171163202122954,0.5939849624060151
0.3330404217926186,0.03998242530755712,0.0320738137082601,0.5949033391915641
0.3259325044404973,0.03641207815275311,0.03463587921847247,0.6030195381882771
0.32433628318584073,0.036283185840707964,0.035398230088495575,0.6039823008849557
0.33054208902600263,0.035698545614808286,0.03525782282944028,0.5985015425297487
0.3365767359575409,0.03538257408226449,0.0367094206103494,0.5913312693498453
