C,D,Oc,Od
0.0,0.0,0.0,1.0
0.6666666666666666,0.0,0.0,0.3333333333333333
0.4,0.0,0.2,0.4
0.42857142857142855,0.14285714285714285,0.14285714285714285,0.2857142857142857
0.5,0.1,0.1,0.3
0.5333333333333333,0.13333333333333333,0.06666666666666667,0.26666666666666666
0.6,0.1,0.1,0.2
0.6153846153846154,0.07692307692307693,0.11538461538461539,0.19230769230769232
0.5862068965517241,0.06896551724137931,0.13793103448275862,0.20689655172413793
0.6190476190476191,0.047619047619047616,0.07142857142857142,0.2619047619047619
0.6226415094339622,0.03773584905660377,0.07547169811320754,0.2641509433962264
0.6266666666666667,0.02666666666666667,0.08,0.26666666666666666
0.5918367346938775,0.02040816326530612,0.09183673469387756,0.29591836734693877
0.5813953488372093,0.031007751937984496,0.08527131782945736,0.3023255813953488
0.5481927710843374,0.030120481927710843,0.0783132530120482,0.3433734939759036
0.5230769230769231,0.035897435897435895,0.08717948717948718,0.35384615384615387
0.5148936170212766,0.0425531914893617,0.09361702127659574,0.34893617021276596
0.5156794425087108,0.04878048780487805,0.09407665505226481,0.34146341463414637
0.5114285714285715,0.04857142857142857,0.10571428571428572,0.3342857142857143
0.5036855036855037,0.051597051597051594,0.11056511056511056,0.33415233415233414
0.493801652892562,0.049586776859504134,0.11776859504132231,0.33884297520661155
0.48134991119005327,0.056838365896980464,0.12433392539964476,0.33747779751332146
0.47678018575851394,0.05727554179566564,0.11919504643962849,0.34674922600619196
0.4609053497942387,0.06310013717421124,0.1262002743484225,0.3497942386831276
0.45828295042321643,0.06408706166868199,0.13301088270858524,0.34461910519951633
0.4470842332613391,0.06479481641468683,0.1306695464362851,0.357451403887689
0.4326647564469914,0.07067812798471824,0.13371537726838587,0.3629417382999045
0.42387543252595156,0.07179930795847751,0.1375432525951557,0.36678200692041524
0.4011119936457506,0.07227958697378872,0.1453534551231136,0.3812549642573471
0.3841684822076979,0.06681190994916485,0.15541031227305738,0.3936092955700799
0.3792871553463349,0.06724949562878278,0.15332885003362476,0.4001344989912576
0.3753180661577608,0.06297709923664122,0.15903307888040713,0.4026717557251908
0.37544910179640717,0.06347305389221557,0.15808383233532936,0.4029940119760479
0.36353211009174313,0.06479357798165138,0.16628440366972477,0.40538990825688076
0.3650107991360691,0.06263498920086392,0.15928725701943844,0.4130669546436285
0.35468501852832185,0.06246691371095818,0.16304923239809424,0.41979883536262574
0.3473084886128364,0.06366459627329192,0.16511387163561075,0.42391304347826086
0.34113545816733065,0.06573705179282868,0.16733067729083664,0.425796812749004
0.34118802160039274,0.062346588119784,0.16494845360824742,0.43151693667157587
0.3318903318903319,0.06253006253006253,0.17267917267917268,0.4329004329004329
0.3331766917293233,0.0643796992481203,0.16682330827067668,0.4356203007518797
0.33098921706516643,0.06188466947960619,0.17721518987341772,0.42991092358180966
0.3295089490592015,0.06516750803120698,0.1776044056906838,0.42771913721890775
0.3221719457013575,0.06877828054298643,0.16968325791855204,0.43936651583710407
0.3290004482294935,0.06678619453160017,0.16629314208874943,0.4379202151501569
0.32167196728759656,0.06451612903225806,0.1676510676965016,0.4461608359836438
0.31814119749776587,0.06702412868632708,0.15996425379803395,0.4548704200178731
0.3169107856191744,0.07012871726586774,0.1584553928095872,0.4545051043053706
0.31623175586023883,0.07120743034055728,0.15701017249004864,0.45555064130915524
0.3108348134991119,0.07282415630550622,0.1549733570159858,0.4613676731793961
0.31475702184574234,0.07445385644226482,0.15247436469014714,0.45831475702184576
0.3161862527716186,0.07184035476718403,0.15299334811529933,0.458980044345898
0.30044444444444446,0.076,0.15422222222222223,0.4693333333333333
0.3018783542039356,0.0778175313059034,0.15608228980322003,0.46422182468694095
0.3084730803177405,0.07546337157987644,0.15357458075904679,0.4624889673433363
0.29498000888494,0.07552199022656597,0.16170590848511773,0.46779209240337627
0.30177777777777776,0.07244444444444445,0.15688888888888888,0.4688888888888889
0.2973451327433628,0.07654867256637168,0.15752212389380532,0.4685840707964602
0.2873051224944321,0.0801781737193764,0.15857461024498887,0.47394209354120265
0.29401408450704225,0.07482394366197183,0.15404929577464788,0.477112676056338
0.29313380281690143,0.07878521126760564,0.15404929577464788,0.47403169014084506
0.2944812362030905,0.07902869757174392,0.15364238410596026,0.4728476821192053
0.28794642857142855,0.08526785714285715,0.14732142857142858,0.47946428571428573
0.2891832229580574,0.08609271523178808,0.14701986754966886,0.47770419426048566
0.28716814159292037,0.0827433628318584,0.14823008849557523,0.481858407079646
0.28793256433007985,0.08385093167701864,0.14596273291925466,0.48225377107364686
0.2860320284697509,0.08451957295373666,0.14190391459074733,0.4875444839857651
0.2855251544571933,0.08075904677846425,0.14518976169461606,0.4885260370697264
0.2841312056737589,0.08377659574468085,0.1422872340425532,0.48980496453900707
0.28391167192429023,0.08742676881478144,0.138801261829653,0.48986029743127535
0.2873665480427046,0.08274021352313167,0.1396797153024911,0.4902135231316726
0.2853333333333333,0.08577777777777777,0.14622222222222223,0.4826666666666667
0.275635407537248,0.08851884312007012,0.14548641542506574,0.4903593339176161
0.2824360105913504,0.08473080317740513,0.14518976169461606,0.4876434245366284
0.2790594498669033,0.08695652173913043,0.1419698314108252,0.4920141969831411
0.2749003984063745,0.09296148738379814,0.14298362107127047,0.48915449313855686
0.27276746242263483,0.09372236958443855,0.14412024756852343,0.48938992042440316
0.27284886312973694,0.0922871154703522,0.14266607222469907,0.49219794917521176
0.27148523578669015,0.09475539885412076,0.14631996474217718,0.4874394006170119
0.2702108963093146,0.09710017574692442,0.14323374340949033,0.48945518453427067
0.26764314247669774,0.10119840213049268,0.14336440301819794,0.48779405237461165
0.27296587926509186,0.09973753280839895,0.14348206474190725,0.48381452318460194
0.271729587357331,0.09833187006145742,0.1431079894644425,0.4868305531167691
0.2738938053097345,0.09911504424778761,0.1415929203539823,0.4853982300884956
0.27586206896551724,0.10123784261715296,0.134394341290893,0.4885057471264368
0.2727272727272727,0.10150044130626655,0.1354810238305384,0.49029126213592233
0.2775330396475771,0.1,0.12819383259911896,0.49427312775330395
0.2784471218206158,0.10040160642570281,0.13431503792949576,0.4868362338241856
0.2834751455441111,0.09941782355575458,0.13076578593819974,0.4863412449619346
0.2800177226406735,0.09968985378821445,0.13203367301727958,0.4882587505538325
0.2749110320284697,0.10186832740213524,0.12722419928825623,0.4959964412811388
0.27674624226348365,0.09858532272325375,0.1273209549071618,0.4973474801061008
0.27710843373493976,0.09861668897813476,0.12449799196787148,0.499776885319054
0.2815144766146993,0.09220489977728286,0.12115812917594655,0.5051224944320712
0.2746321890325457,0.09719126170307624,0.12215782434239858,0.5060187249219795
0.2755102040816326,0.09316770186335403,0.12156166814551908,0.5097604259094942
0.27417218543046357,0.09183222958057395,0.1271523178807947,0.5068432671081677
0.2720105124835742,0.08935611038107753,0.12833990363556724,0.5102934734997809
0.2686369651521835,0.09042787825319806,0.13321570357300397,0.5077194530216145
0.26271561256081377,0.09420610349402919,0.13135780628040689,0.5117204776647502
0.2664024658740643,0.09114927344782034,0.13474240422721268,0.5077058564509027
0.2621706118803037,0.09111210361768647,0.1397945511389013,0.5069227333631086
0.26948480845442535,0.08762659621312198,0.13694407749889917,0.5059445178335535
0.26690234202386215,0.08793636765355722,0.13433495360141406,0.5108263367211666
0.2720070422535211,0.08934859154929578,0.13028169014084506,0.508362676056338
0.2688219663418955,0.0983170947741364,0.13020372010628875,0.5026572187776793
0.26517857142857143,0.09732142857142857,0.12544642857142857,0.5120535714285714
0.26690234202386215,0.10296067167476801,0.12638091029606716,0.5037560760053027
0.26336898395721925,0.10071301247771836,0.12789661319073084,0.5080213903743316
0.26610767872903796,0.09443954104148279,0.1297440423654016,0.5097087378640777
0.26243339253996445,0.09147424511545293,0.13010657193605685,0.5159857904085258
0.26026805015131865,0.09165585819282317,0.12926934716817987,0.5188067444876784
0.2595688517377915,0.08930928288605368,0.13022437307523096,0.5208974923009239
0.2543046357615894,0.09006622516556291,0.1293598233995585,0.5262693156732892
0.259094942324756,0.08961845607808341,0.129547471162378,0.5217391304347826
0.25842198581560283,0.08865248226950355,0.1320921985815603,0.5208333333333334
0.26669615214506853,0.0880141530296329,0.13135780628040689,0.5139318885448917
0.2670807453416149,0.08917480035492457,0.12466725820763087,0.5190771960958296
0.266489597166888,0.0818946436476317,0.12881806108897742,0.5227976980965029
0.26851851851851855,0.08156966490299823,0.12566137566137567,0.5242504409171076
0.2695536897923111,0.07998232434821034,0.1241714538223597,0.5262925320371189
0.26675485008818345,0.0855379188712522,0.12081128747795414,0.5268959435626103
0.26684397163120566,0.0851063829787234,0.12367021276595745,0.5243794326241135
0.265666372462489,0.08296557811120918,0.12224183583406885,0.529126213592233
0.266369710467706,0.08329621380846325,0.1242761692650334,0.5260579064587974
0.2678729037952339,0.08473080317740513,0.11738746690203,0.530008826125331
0.2694185530403906,0.08699511762094984,0.11051930758988016,0.5330670217487794
0.2619893428063943,0.08747779751332149,0.11367673179396093,0.5368561278863233
0.2667836770513383,0.08644142167617376,0.11320754716981132,0.5335673541026766
0.2734132268086995,0.08699511762094984,0.10963160230803373,0.5299600532623169
0.2770448548812665,0.08619173262972735,0.10993843447669305,0.5268249780123131
0.2763796909492274,0.08520971302428255,0.10419426048565121,0.5342163355408388
0.2769704975781594,0.08630559225011009,0.09863496257155438,0.5380889476001761
0.27630415561450045,0.08620689655172414,0.10079575596816977,0.5366931918656057
0.2782997762863535,0.08590604026845637,0.10156599552572707,0.5342281879194631
0.28311918475852904,0.08506867523260966,0.09968985378821445,0.5321222862206468
0.2719336534264513,0.08642514185945002,0.09995635093845483,0.5416848537756438
0.2736056214317084,0.08256477821695213,0.09969257795344752,0.544137022397892
0.27013796172674676,0.08322207387627949,0.09657320872274143,0.5500667556742324
0.27755819060166886,0.08256477821695213,0.09398331137461573,0.5458937198067633
0.2687224669603524,0.08061674008810572,0.09779735682819383,0.552863436123348
0.2668141592920354,0.084070796460177,0.09247787610619469,0.5566371681415929
0.2678100263852243,0.0853122251539138,0.08927000879507475,0.5576077396657871
0.2659667541557305,0.08486439195100612,0.08880139982502187,0.5603674540682415
0.26343847179031543,0.0812972012438916,0.0888494002665482,0.5664149266992448
0.26153846153846155,0.08483516483516483,0.08835164835164835,0.5652747252747252
0.2628372497824195,0.08703220191470844,0.09007832898172324,0.5600522193211488
0.2612732095490716,0.08488063660477453,0.08620689655172414,0.5676392572944297
0.2626172398392139,0.08485931219294328,0.08887896382313533,0.5636444841447075
0.2633889376646181,0.08296751536435469,0.09174714661984197,0.5618964003511853
0.263901147396293,0.08384819064430715,0.09576345984112974,0.5564872021182701
0.263901147396293,0.08296557811120918,0.09488084730803177,0.558252427184466
0.2661647475642161,0.08370239149689991,0.08990256864481842,0.5602302922940655
0.26195699868363315,0.0877577885037297,0.09082931110136025,0.5594559017112769
0.2654320987654321,0.08333333333333333,0.09126984126984126,0.5599647266313933
0.26999558108705257,0.0830755634114008,0.08882015024304021,0.5581087052585064
0.2661965623622741,0.08461877479065667,0.08814455707360071,0.5610401057734685
0.26989010989010986,0.08219780219780219,0.09010989010989011,0.5578021978021978
0.267226148409894,0.08657243816254417,0.09010600706713781,0.556095406360424
0.2678729037952339,0.08428949691085613,0.08605472197705208,0.5617828773168579
0.2653965440850687,0.08418254319893664,0.09171466548515729,0.5587062472308374
0.2647702407002188,0.08402625820568928,0.08533916849015317,0.5658643326039388
0.2626707800793301,0.08505949757602468,0.08373732921992066,0.5685323931247246
0.262532981530343,0.08487247141600704,0.0853122251539138,0.5672823218997362
0.26100352112676056,0.08230633802816902,0.0880281690140845,0.5686619718309859
0.2661613909942042,0.08158716005349978,0.08693713776192599,0.56531431119037
0.2678963548528766,0.08124725516029864,0.08607817303469477,0.56477821695213
0.26654898499558694,0.08075904677846425,0.0851721094439541,0.5675198587819947
0.2647058823529412,0.07976827094474154,0.08377896613190731,0.57174688057041
0.2655141843971631,0.07890070921985816,0.08466312056737589,0.5709219858156028
0.2642669007901668,0.07682177348551361,0.08208955223880597,0.5768217734855136
0.26861702127659576,0.07801418439716312,0.07845744680851063,0.5749113475177305
0.2721685689201054,0.07594381035996488,0.08121158911325724,0.5706760316066726
0.27461368653421636,0.0781456953642384,0.08211920529801324,0.565121412803532
0.2712014134275618,0.07729681978798586,0.08303886925795052,0.5684628975265018
0.26060070671378094,0.07685512367491167,0.08303886925795052,0.5795053003533569
0.2629955947136564,0.07709251101321586,0.08458149779735682,0.5753303964757709
0.262621789193977,0.08060230292294066,0.08370239149689991,0.5730735163861824
0.2629253203711887,0.07777286787450287,0.08440123729562528,0.5749005744586831
0.26643295354951796,0.07581069237510955,0.08501314636283962,0.5727432077125328
0.26327336551118913,0.08293111013602457,0.08512505484861782,0.5686704695041684
0.2713656387665198,0.07973568281938326,0.08370044052863436,0.5651982378854625
0.27396657871591906,0.07871591908531222,0.08003518029903255,0.5672823218997362
0.2734513274336283,0.08141592920353982,0.08185840707964602,0.5632743362831858
0.278341420379356,0.07631230701367446,0.07895897662108513,0.5663872959858844
0.2768758227292672,0.07547169811320754,0.07898200965335674,0.5686704695041684
0.27949499346974316,0.07575097953852851,0.07792773182411841,0.56682629516761
0.2752091589608102,0.07309555261999119,0.0722148833113166,0.579480405107882
0.2737030411449016,0.07513416815742398,0.07245080500894455,0.5787119856887298
0.2769848349687779,0.07850133809099019,0.07404103479036575,0.5704727921498662
0.27812223206377323,0.07971656333038087,0.07130203720106289,0.570859167404783
0.2839614373356705,0.08150744960560911,0.07318141980718668,0.5613496932515337
0.2766429840142096,0.0852575488454707,0.07548845470692718,0.5626110124333925
0.2778272484416741,0.08682101513802315,0.07702582368655388,0.5583259127337489
0.27920353982300883,0.08584070796460178,0.07920353982300884,0.5557522123893806
0.27931488801054016,0.08959156785243742,0.07729468599033816,0.5537988581466843
0.2833775419982317,0.08753315649867374,0.07824933687002653,0.5508399646330681
0.28244610646722396,0.08930928288605368,0.07875054993400792,0.5494940607127144
0.27949499346974316,0.08750544188071398,0.07879843273835438,0.5542011319111885
0.2837896566710126,0.08604954367666232,0.07909604519774012,0.5510647544545849
0.28233231039017975,0.08329679964927664,0.08154318281455503,0.5528277071459886
0.2803861342694164,0.08293111013602457,0.08073716542343133,0.5559455901711277
0.27356422621657167,0.08373520385795703,0.079351161771153,0.5633494081543183
0.2796312554872695,0.08121158911325724,0.07945566286215978,0.5597014925373134
0.2833990363556724,0.07884362680683311,0.07752956636005257,0.560227770477442
0.2837719298245614,0.07675438596491228,0.07280701754385965,0.5666666666666667
0.28225451343020697,0.07529722589167767,0.07529722589167767,0.5671510347864377
0.28178998670801947,0.07576428887904298,0.0717766947275144,0.5706690296854231
0.28077091546211125,0.07928164695575997,0.0657030223390276,0.5742444152431012
0.28175824175824177,0.08263736263736264,0.06285714285714286,0.5727472527472528
0.27714033539276256,0.08340688437775816,0.06796116504854369,0.5714916151809356
0.2768959435626102,0.08333333333333333,0.06393298059964726,0.5758377425044092
0.2769367764915405,0.0854853072128228,0.06411398040961709,0.5734639358860196
0.2828104286345559,0.08086610693769333,0.06407423773751657,0.5722492266902341
0.28137561411344353,0.07815989280928987,0.0643144260830728,0.5761500669941938
0.27812223206377323,0.07883082373782108,0.06687333923826395,0.5761736049601417
0.2803904170363798,0.07985803016858918,0.06566104702750665,0.5740905057675244
0.28583916083916083,0.07823426573426573,0.0659965034965035,0.5699300699300699
0.2795031055900621,0.07763975155279502,0.06832298136645963,0.5745341614906833
0.27548330404217924,0.07557117750439367,0.06766256590509666,0.5812829525483304
0.2818380743982494,0.07483588621444201,0.06739606126914661,0.5759299781181619
0.2807794508414526,0.07484499557130203,0.06997342781222321,0.5744021257750221
0.2846975088967972,0.07473309608540925,0.06806049822064057,0.572508896797153
0.2816525988449578,0.07552199022656597,0.06486006219458018,0.577965348733896
0.28735632183908044,0.07648099027409372,0.0636604774535809,0.5725022104332449
0.28476527900797166,0.07617360496014172,0.06465899025686449,0.5744021257750221
0.2878390201224847,0.07567804024496938,0.06255468066491689,0.573928258967629
0.2835689045936396,0.07376325088339222,0.06492932862190813,0.5777385159010601
0.28084918177797435,0.0725342768686422,0.07164971251658558,0.5749668288367978
0.2779991146525011,0.07348384240814519,0.06772908366533864,0.580787959274015
0.28476527900797166,0.07351638618246235,0.06687333923826395,0.5748449955713021
0.2764835164835165,0.07120879120879121,0.0654945054945055,0.5868131868131868
0.2857142857142857,0.0718694885361552,0.06349206349206349,0.5789241622574955
0.2918681318681319,0.07076923076923076,0.06153846153846154,0.5758241758241758
0.2847711267605634,0.07482394366197183,0.06338028169014084,0.577024647887324
0.28476232785428696,0.073745002221235,0.0670812972012439,0.5744113727232342
0.2857142857142857,0.07472527472527472,0.06505494505494505,0.5745054945054945
0.27994676131322094,0.07453416149068323,0.06654835847382432,0.5789707187222716
0.28313518273888155,0.07485689123734038,0.06693086745926904,0.5750770585645091
0.28326745718050067,0.07553798858146685,0.06938954765041722,0.5718050065876152
0.282389108476065,0.07509881422924901,0.0707070707070707,0.5718050065876152
0.2784243509400179,0.076544315129812,0.06893464637421665,0.5760966875559534
0.27976980965028775,0.07613988490482515,0.06418769366976539,0.5799026117751217
0.27812223206377323,0.07794508414526129,0.0637732506643047,0.5801594331266607
0.28370663153271847,0.07729468599033816,0.06060606060606061,0.5783926218708827
0.27860915492957744,0.07658450704225352,0.05941901408450704,0.585387323943662
0.27575488454706926,0.08037300177619894,0.0608348134991119,0.5830373001776199
0.2740026304252521,0.07540552389302937,0.06313020604997809,0.5874616396317405
0.26704795424549055,0.08007039155301364,0.06027276726792785,0.592608886933568
0.26498002663115844,0.08078118064802485,0.060363959165557035,0.5938748335552596
0.2627416520210896,0.08260105448154657,0.06019332161687171,0.594463971880492
0.2621359223300971,0.088261253309797,0.057811120917917035,0.5917917034421889
0.2629464285714286,0.08303571428571428,0.060714285714285714,0.5933035714285714
0.26652078774617066,0.07833698030634573,0.05864332603938731,0.5964989059080963
0.26972234464521816,0.08109299250771265,0.059497576024680476,0.5896870868223887
0.2752091589608102,0.07661822985468957,0.0607661822985469,0.5874064288859533
0.2747349823321555,0.07464664310954064,0.06139575971731449,0.5892226148409894
0.27882507672073653,0.07189829022358615,0.05918456817185445,0.5900920648838229
0.2742504409171076,0.07231040564373897,0.059964726631393295,0.5934744268077602
0.27292672224659936,0.0741553312856516,0.060991663010092144,0.5919262834576569
0.27144742630884294,0.075230972283326,0.06379234491860977,0.5895292564892213
0.26951591801133884,0.07501090274749236,0.0623637156563454,0.5931094635848234
0.2664618086040386,0.07287093942054433,0.06628621597892889,0.5943810359964882
0.2724879333040807,0.07196138657305835,0.06581834137779728,0.5897323387450636
0.2800710164225477,0.07012871726586774,0.06125166444740346,0.5885486018641811
0.2818703131892369,0.07146007940008822,0.05910895456550507,0.5875606528451698
0.28452797202797203,0.06949300699300699,0.06337412587412587,0.5826048951048951
0.28444444444444444,0.07288888888888889,0.064,0.5786666666666667
0.2777284826974268,0.07497781721384206,0.06299911268855368,0.5842945874001775
0.2802631578947368,0.0793859649122807,0.06359649122807018,0.5767543859649122
0.28249336870026526,0.07957559681697612,0.0641025641025641,0.5738284703801945
0.2838254737769943,0.0753635962979286,0.06831203173204055,0.5724988981930366
0.28799291094373064,0.07620735489587949,0.06557377049180328,0.5702259636685866
0.28865058087578194,0.07506702412868632,0.06881143878462913,0.5674709562109026
0.28787205686361617,0.07641048422923145,0.07152376721457131,0.564193691692581
0.2809038546743465,0.07753655294638902,0.0717766947275144,0.5697828976517502
0.27855887521968364,0.07820738137082602,0.06985940246045694,0.5733743409490334
0.27152899824253074,0.07820738137082602,0.07205623901581722,0.5782073813708261
0.2742932862190813,0.0803886925795053,0.07464664310954064,0.5706713780918727
0.27300748568912375,0.07573756054601496,0.07397622192866579,0.5772787318361955
0.2794894366197183,0.07570422535211267,0.06910211267605634,0.5757042253521126
0.2750995134896064,0.0734188412206988,0.06766917293233082,0.583812472357364
0.27709251101321586,0.07577092511013216,0.06651982378854626,0.5806167400881057
0.2794182459233142,0.07712648743940062,0.06743058616130454,0.5760246804759807
0.28370044052863436,0.07533039647577093,0.06784140969162995,0.5731277533039647
0.282542446669569,0.0718328254244667,0.06922072268175881,0.5764040052242055
0.2833775419982317,0.06984969053934571,0.06763925729442971,0.579133510167993
0.28365384615384615,0.07386363636363637,0.06381118881118882,0.5786713286713286
0.2915015411712902,0.0726552179656539,0.06649053280493175,0.5693527080581242
0.28809106830122594,0.07049036777583187,0.06654991243432574,0.5748686514886164
0.28954305799648505,0.06898066783831283,0.06634446397188049,0.5751318101933216
0.29564452265728114,0.0708315002199736,0.0664320281566212,0.567091948966124
0.2904929577464789,0.07042253521126761,0.0682218309859155,0.570862676056338
0.28698356286095067,0.06752554420257663,0.06974677920924034,0.5757441137272323
0.28704113224237066,0.06634232640424591,0.06988058381247236,0.5767359575409111
0.2879858657243816,0.06316254416961131,0.06802120141342756,0.5808303886925795
0.2966213251426064,0.06318560772268539,0.06801228609039052,0.5721807810443177
0.2915015411712902,0.06164685160722149,0.06957287538529282,0.5772787318361955
0.2979286029087704,0.059497576024680476,0.06654914059056853,0.5760246804759807
0.29916410030796303,0.05807303123625165,0.06731192256929168,0.5754509458864936
0.2984478935698448,0.06164079822616408,0.06873614190687362,0.5711751662971175
0.2927587738782763,0.06308307418924922,0.06752554420257663,0.5766326077298978
0.2890453145622525,0.06159260888693357,0.0686317641882974,0.5807303123625165
0.28787205686361617,0.060417592181252776,0.06663705019991115,0.5850733007552199
0.28829225352112675,0.05721830985915493,0.06998239436619719,0.5845070422535211
0.28690685413005274,0.058875219683655534,0.07425307557117751,0.5799648506151143
0.286925479696564,0.05488621151271754,0.07362784471218206,0.5845604640785363
0.28928884986830555,0.05267778753292362,0.07550482879719052,0.5825285338015803
0.2838738338516215,0.053753887161261664,0.0759662372278987,0.5864060417592182
0.2889969067609368,0.05391073795846222,0.07688908528501988,0.5802032699955811
0.28792569659442724,0.057054400707651484,0.07430340557275542,0.5807164971251658
0.28615794143744455,0.06033717834960071,0.0709849157054126,0.5825199645075422
0.27873945849977805,0.06613404349755882,0.07146027518863737,0.5836662228140257
0.2805628847845207,0.06200527704485488,0.07211961301671065,0.5853122251539138
0.2793594306049822,0.05738434163701068,0.07072953736654804,0.5925266903914591
0.27147307521139297,0.05696484201157098,0.07031597685803294,0.6012461059190031
0.27947019867549666,0.05739514348785872,0.06578366445916115,0.5973509933774834
0.2800710164225477,0.056813138038171326,0.06790945406125166,0.5952063914780293
0.27976980965028775,0.053563523683045594,0.06064630367419212,0.6060203629924745
0.28250330542089025,0.052886734244160426,0.05817540766857646,0.6064345526663728
0.27829150154117127,0.05328049317481286,0.05592250110083664,0.6125055041831792
0.2773882559158633,0.05433829973707274,0.058720420683610865,0.6095530236634531
0.26844444444444443,0.057777777777777775,0.06133333333333333,0.6124444444444445
0.26705048715677593,0.06111603188662533,0.05890168290522586,0.6129317980513729
0.27128363475959416,0.061314512571680635,0.05734450816056462,0.6100573445081605
0.2695729537366548,0.05871886120996441,0.05782918149466192,0.6138790035587188
0.27001779359430605,0.059163701067615655,0.054270462633451956,0.6165480427046264
0.26601855943437913,0.059213433495360145,0.054352629253203714,0.620415377817057
0.2732072151341839,0.06159260888693357,0.05455345358556973,0.6106467223933129
0.2706299911268855,0.05989352262644188,0.05678793256433008,0.6126885536823425
0.2677861246133451,0.05965532479010163,0.05391073795846222,0.618647812638091
0.2676923076923077,0.06065934065934066,0.05582417582417582,0.6158241758241758
0.26757469244288223,0.06063268892794376,0.056678383128295255,0.6151142355008787
0.2633214920071048,0.0608348134991119,0.0586145648312611,0.6172291296625222
0.2608886933567972,0.06027276726792785,0.061152661680598325,0.6176858776946766
0.2600264433671221,0.0625826355222565,0.05905685323931247,0.618334067871309
0.256140350877193,0.062280701754385964,0.05964912280701754,0.6219298245614036
0.2584519572953737,0.061832740213523134,0.059608540925266906,0.6201067615658363
0.2556291390728477,0.059161147902869755,0.06181015452538632,0.6233995584988963
0.262652705061082,0.062390924956369984,0.06108202443280977,0.6138743455497382
0.26048951048951047,0.06337412587412587,0.06512237762237762,0.611013986013986
0.2554420257663261,0.06352732119058196,0.06752554420257663,0.6135051088405153
0.2567747667703243,0.0639715681919147,0.06619280319857841,0.6130608618391826
0.25932504440497334,0.06216696269982238,0.06394316163410302,0.6145648312611013
0.25495376486129456,0.059885512989872304,0.06605019815059446,0.6191105239982386
0.2582781456953642,0.05827814569536424,0.07019867549668875,0.6132450331125828
0.25407309555262,0.059445178335535004,0.071334214002642,0.615147512109203
0.2539964476021314,0.0563943161634103,0.07326820603907638,0.6163410301953819
0.2595352915387988,0.055677334502411226,0.06882946076282333,0.6159579131959667
0.2648482182138143,0.05499340079190497,0.0708315002199736,0.6093268807743071
0.26276408450704225,0.05413732394366197,0.07130281690140845,0.6117957746478874
0.2632978723404255,0.050088652482269506,0.0726950354609929,0.6139184397163121
0.2613333333333333,0.04666666666666667,0.07288888888888889,0.6191111111111111
0.2607361963190184,0.04557405784399649,0.06792287467134094,0.6257668711656442
0.26713843432109685,0.047766475011057054,0.06368863334807608,0.6214064573197701
0.26724890829694326,0.04847161572052402,0.062882096069869,0.6213973799126637
0.2698763250883392,0.04770318021201413,0.05962897526501767,0.622791519434629
0.2655141843971631,0.05274822695035461,0.06161347517730496,0.6201241134751773
0.2668428005284016,0.05019815059445178,0.06472919418758256,0.618229854689564
0.2659010600706714,0.04858657243816254,0.06757950530035335,0.6179328621908127
0.26501766784452296,0.054770318021201414,0.06625441696113074,0.6139575971731449
0.2724867724867725,0.053791887125220456,0.06349206349206349,0.6102292768959435
0.2781195079086116,0.05272407732864675,0.06195079086115993,0.6072056239015817
0.28067078552515445,0.05383936451897617,0.05692850838481906,0.6085613415710504
0.282657155595185,0.053053945608559964,0.05572893446277307,0.6085599643334819
0.27701808557565066,0.05381561535068372,0.05381561535068372,0.615350683722982
0.2805628847845207,0.056288478452066845,0.052770448548812667,0.6103781882145998
0.2847006651884701,0.054988913525498895,0.05321507760532151,0.6070953436807095
0.2841409691629956,0.051982378854625554,0.05110132158590308,0.6127753303964758
0.2772887323943662,0.05237676056338028,0.05413732394366197,0.6161971830985915
0.2775564409030544,0.051350154935812305,0.05312084993359894,0.6179725542275343
0.27333931777378817,0.05116696588868941,0.056104129263913824,0.6193895870736086
0.27220503756076003,0.053468846663720725,0.05700397702165267,0.6173221387538665
0.26745718050065875,0.054457619675010976,0.05709266578831796,0.6209925340360123
0.26598579040852577,0.05284191829484902,0.056838365896980464,0.6243339253996447
0.2719259585720582,0.052886734244160426,0.05861613045394447,0.616571176729837
0.2735723771580345,0.05312084993359894,0.059318282425852145,0.6139884904825144
0.2745270567531896,0.05411350637923449,0.06071271447426309,0.6106467223933129
0.27337173238812584,0.05449712007089056,0.057598582188746125,0.6145325653522374
0.2691117984975696,0.05567830313742819,0.05567830313742819,0.6195315952275741
0.2713903743315508,0.054367201426024955,0.0570409982174688,0.6172014260249554
0.2729693741677763,0.055481580115401684,0.05770084332001776,0.6138482023968043
0.2654320987654321,0.054673721340388004,0.05599647266313933,0.6238977072310405
0.26940035273368607,0.053791887125220456,0.05114638447971781,0.6256613756613757
0.27643703378674855,0.055726195699868364,0.050460728389644584,0.6173760421237385
0.2739606126914661,0.054266958424507655,0.052954048140043765,0.6188183807439825
0.27348551360842843,0.05487269534679543,0.05179982440737489,0.6198419666374012
0.27391874180865006,0.05548274355613805,0.04980340760157274,0.6207951070336392
0.2671688081524147,0.05449712007089056,0.05361098803721755,0.6247230837394772
0.2626306620209059,0.05749128919860627,0.05531358885017421,0.6245644599303136
0.2641093474426808,0.05599647266313933,0.059964726631393295,0.6199294532627866
0.264666368114644,0.0600089565606807,0.05956112852664577,0.6157635467980296
0.2699468085106383,0.05895390070921986,0.05851063829787234,0.6125886524822695
0.26812227074235806,0.05982532751091703,0.05458515283842795,0.617467248908297
0.2665198237885463,0.05859030837004405,0.05638766519823789,0.6185022026431718
0.27042628774422733,0.05595026642984014,0.056838365896980464,0.616785079928952
0.2765017667844523,0.05742049469964664,0.05742049469964664,0.6086572438162544
0.27102803738317754,0.05785491766800178,0.05696484201157098,0.6141522029372497
0.27455357142857145,0.05803571428571429,0.05803571428571429,0.609375
0.27906976744186046,0.05616498464238701,0.05748135146994296,0.6072838964458096
0.2797881729920565,0.05516328331862312,0.05692850838481906,0.6081200353045013
0.2763796909492274,0.05474613686534217,0.05739514348785872,0.6114790286975718
0.2742504409171076,0.05423280423280423,0.0564373897707231,0.6150793650793651
0.2742504409171076,0.05335097001763668,0.05731922398589065,0.6150793650793651
0.27252453166815344,0.05263157894736842,0.056645851917930416,0.6181980374665478
0.2764084507042254,0.04973591549295775,0.0528169014084507,0.6210387323943662
0.27212681638044917,0.04667547335975341,0.05372082782915016,0.6274768824306473
0.27472527472527475,0.0421978021978022,0.055384615384615386,0.6276923076923077
0.2709447415329768,0.04322638146167558,0.05659536541889483,0.6292335115864528
0.2745270567531896,0.04487461504619446,0.05323361196656401,0.6273647162340519
0.2750110180696342,0.04495372410753636,0.05729396209784046,0.6227412957249889
0.2728476821192053,0.045033112582781455,0.059602649006622516,0.6225165562913907
0.27479892761394104,0.04825737265415549,0.06032171581769437,0.6166219839142091
0.2778993435448578,0.04638949671772429,0.06258205689277899,0.613129102844639
0.2701275846898372,0.0475142982842059,0.06467223933128025,0.6176858776946766
0.26859688195991094,0.0467706013363029,0.06592427616926504,0.6187082405345211
0.2776053215077605,0.04523281596452328,0.06252771618625277,0.6146341463414634
0.26943699731903487,0.044682752457551385,0.06255585344057193,0.6233243967828418
0.2709873858199217,0.04349717268377556,0.061765985210961286,0.6237494562853415
0.2713143872113677,0.0452930728241563,0.05994671403197158,0.6234458259325044
0.2702702702702703,0.048294195835179445,0.06335844040762073,0.6180770934869295
0.27421494913754973,0.04997788589119859,0.0583812472357364,0.6174259177355153
0.27220503756076003,0.05170128148475475,0.06098099867432612,0.615112682280159
0.26946902654867255,0.05176991150442478,0.060619469026548675,0.618141592920354
0.26817375886524825,0.05274822695035461,0.06028368794326241,0.6187943262411347
0.2656042496679947,0.055776892430278883,0.06064630367419212,0.6179725542275343
0.2647189021691014,0.056219566179725546,0.06330234617087206,0.6157591854803011
0.2617893345085941,0.05244601145879242,0.05861613045394447,0.627148523578669
0.2596830985915493,0.055897887323943664,0.05985915492957746,0.6245598591549296
0.26297273526824977,0.05672823218997362,0.055408970976253295,0.6248900615655233
0.2560813799203892,0.059708093763821316,0.0583812472357364,0.625829279080053
0.2534398579671549,0.06169551708832668,0.055481580115401684,0.6293830448291168
0.2558139534883721,0.06362439666520403,0.055287406757349715,0.6252742430890742
0.25862068965517243,0.0618921308576481,0.052608311229000886,0.6268788682581786
0.25865128660159714,0.064773735581189,0.050576752440106475,0.6259982253771074
0.2646411272567151,0.05900484368119771,0.05063848524878908,0.6257155438132981
0.26371681415929205,0.05619469026548673,0.048672566371681415,0.6314159292035398
0.25877192982456143,0.058333333333333334,0.05043859649122807,0.6324561403508772
0.267927848658161,0.056313242410910694,0.0475142982842059,0.6282446106467224
0.2652697280427998,0.05572893446277307,0.043245653143111906,0.6357556843513152
0.26740576496674057,0.0598669623059867,0.04212860310421286,0.6305986696230599
0.26857142857142857,0.05714285714285714,0.0421978021978022,0.632087912087912
0.27024647887323944,0.05193661971830986,0.042693661971830985,0.6351232394366197
0.27048458149779736,0.04977973568281938,0.04140969162995595,0.6383259911894273
0.277851166886834,0.04975781594011449,0.041831792162043156,0.6305592250110084
0.272207563764292,0.048812664907651716,0.04397537379067722,0.635004397537379
0.27324561403508774,0.04956140350877193,0.04035087719298246,0.6368421052631579
0.27312582200789126,0.04471722928540114,0.04296361245067953,0.639193336256028
0.27316644707949056,0.043478260869565216,0.041721563460693896,0.6416337285902504
0.27276726792784867,0.044434667839859214,0.04399472063352398,0.6388033435987681
0.2711564023039433,0.04164820558263181,0.04519273371732388,0.642002658396101
0.2761061946902655,0.04115044247787611,0.04247787610619469,0.6402654867256637
0.27184466019417475,0.04148278905560459,0.04324801412180053,0.6434245366284201
0.26845342706502634,0.040421792618629174,0.04525483304042179,0.6458699472759226
0.27397868561278865,0.04262877442273535,0.047957371225577264,0.6354351687388987
0.2794313638382941,0.04175921812527766,0.04931141714793425,0.6294980008884941
0.27733686067019403,0.040123456790123455,0.04805996472663139,0.6344797178130511
0.270979020979021,0.039335664335664336,0.046765734265734264,0.6429195804195804
0.27177242888402625,0.04026258205689278,0.04989059080962801,0.638074398249453
0.2716864817261119,0.04095112285336856,0.04931748128577719,0.6380449141347424
0.27252650176678445,0.04151943462897526,0.04902826855123675,0.6369257950530035
0.26936619718309857,0.04357394366197183,0.050616197183098594,0.636443661971831
0.2693156732891832,0.04370860927152318,0.05033112582781457,0.636644591611479
0.2685840707964602,0.04513274336283186,0.050442477876106194,0.6358407079646018
0.2588495575221239,0.045575221238938056,0.049557522123893805,0.6460176991150443
0.266489597166888,0.043382027445772464,0.051350154935812305,0.6387782204515272
0.26764314247669774,0.04305370616955171,0.05193075898801598,0.6373723923657346
0.26531511679153813,0.045835169678272364,0.052886734244160426,0.6359629792860291
0.2627416520210896,0.04657293497363796,0.05184534270650264,0.6388400702987698
0.2692307692307692,0.046419098143236075,0.05172413793103448,0.6326259946949602
0.2638335546702081,0.043824701195219126,0.05179282868525897,0.6405489154493138
0.2682819383259912,0.04317180616740088,0.05418502202643172,0.6343612334801763
0.2706401766004415,0.044591611479028695,0.054304635761589407,0.6304635761589404
0.26438296003513395,0.04391743522178305,0.05489679402722881,0.6368028107158542
0.2571680635200706,0.0458756065284517,0.05734450816056462,0.6396118217909131
0.24900662251655628,0.045916114790286976,0.05695364238410596,0.6481236203090508
0.2532865907099036,0.04557405784399649,0.05565293602103418,0.6454864154250657
0.25295404814004374,0.045514223194748356,0.052078774617067836,0.6494529540481401
0.25886524822695034,0.04654255319148936,0.05585106382978723,0.6387411347517731
0.2540659340659341,0.04351648351648352,0.054945054945054944,0.6474725274725275
0.2595520421607378,0.045234958278436536,0.060166886253842776,0.6350461133069829
0.26625386996904027,0.04688191065900044,0.05616983635559487,0.6306943830163645
0.2567269519188355,0.05161005734450816,0.05822673136303485,0.6334362593736216
0.25853658536585367,0.05232815964523282,0.056762749445676275,0.6323725055432372
0.2596660808435852,0.0531634446397188,0.06063268892794376,0.6265377855887522
0.2629253203711887,0.054352629253203714,0.06142288996906761,0.62129916040654
0.2642762284196547,0.05223550243470562,0.061531651173085435,0.6219566179725542
0.254416961130742,0.055212014134275615,0.06051236749116608,0.6298586572438163
0.25253415601586604,0.054649625385632436,0.060379021595416485,0.6324371970030851
0.2540874944763588,0.054352629253203714,0.0627485638532921,0.6288113124171454
0.25165271044513,0.05332745702952843,0.05993829881004848,0.6350815337152931
0.25208241999123193,0.053485313459009205,0.057430951337132836,0.637001315212626
0.25713032031592803,0.05353225098727512,0.05660377358490566,0.6327336551118912
0.25165271044513,0.055531070956368445,0.05729396209784046,0.6355222565006611
0.24681598594642074,0.054457619675010976,0.05577514273166447,0.6429512516469038
0.24833702882483372,0.056762749445676275,0.054988913525498895,0.6399113082039911
0.2483429076447194,0.057445868316394165,0.05567830313742819,0.6385329209014582
0.2548758865248227,0.057180851063829786,0.05452127659574468,0.6334219858156028
0.25495376486129456,0.05548216644649934,0.05372082782915016,0.6358432408630559
0.260347129506008,0.05473965287049399,0.05562972852692479,0.6292834890965732
0.2598669623059867,0.05454545454545454,0.05365853658536585,0.6319290465631929
0.26130873956960915,0.054457619675010976,0.057971014492753624,0.6262626262626263
0.26704795424549055,0.05323361196656401,0.05455345358556973,0.6251649802023758
0.2650814619110524,0.05239982386613826,0.05548216644649934,0.62703654777631
0.26415929203539823,0.05265486725663717,0.05221238938053097,0.6309734513274337
0.270656543099598,0.05180884323358642,0.05180884323358642,0.6257257704332291
0.2750995134896064,0.053516143299425036,0.05174701459531181,0.6196373286156568
0.272207563764292,0.055408970976253295,0.05364995602462621,0.6187335092348285
0.2748898678414097,0.05462555066079295,0.05110132158590308,0.6193832599118942
0.27630415561450045,0.05658709106984969,0.05083996463306808,0.6162687886825818
0.27240618101545255,0.059602649006622516,0.05033112582781457,0.6176600441501103
0.270222999562746,0.057717533887188456,0.05159597726278968,0.6204634892872759
0.27113447218572057,0.05431449846692948,0.05037231712658782,0.6241787122207622
0.26936776491540515,0.053428317008014245,0.05387355298308103,0.6233303650934996
0.2666083916083916,0.05550699300699301,0.05550699300699301,0.6223776223776224
