C,D,Oc,Od
0.0,1.0,0.0,0.0
0.0,1.0,0.0,0.0
0.0,1.0,0.0,0.0
0.0,0.5,0.5,0.0
0.2,0.4,0.4,0.0
0.2,0.4,0.2,0.2
0.3333333333333333,0.3333333333333333,0.16666666666666666,0.16666666666666666
0.2857142857142857,0.2857142857142857,0.2857142857142857,0.14285714285714285
0.4444444444444444,0.2222222222222222,0.2222222222222222,0.1111111111111111
0.3333333333333333,0.3333333333333333,0.2222222222222222,0.1111111111111111
0.3,0.3,0.3,0.1
0.2857142857142857,0.14285714285714285,0.2857142857142857,0.2857142857142857
0.2,0.1,0.3,0.4
0.18181818181818182,0.09090909090909091,0.2727272727272727,0.45454545454545453
0.14285714285714285,0.14285714285714285,0.21428571428571427,0.5
0.1111111111111111,0.1111111111111111,0.16666666666666666,0.6111111111111112
0.13043478260869565,0.043478260869565216,0.17391304347826086,0.6521739130434783
0.09090909090909091,0.045454545454545456,0.18181818181818182,0.6818181818181818
0.04,0.04,0.12,0.8
0.034482758620689655,0.06896551724137931,0.13793103448275862,0.7586206896551724
0.023809523809523808,0.047619047619047616,0.14285714285714285,0.7857142857142857
0.038461538461538464,0.019230769230769232,0.09615384615384616,0.8461538461538461
0.05263157894736842,0.03508771929824561,0.10526315789473684,0.8070175438596491
0.045454545454545456,0.045454545454545456,0.07575757575757576,0.8333333333333334
0.02702702702702703,0.04054054054054054,0.08108108108108109,0.8513513513513513
0.037037037037037035,0.037037037037037035,0.06172839506172839,0.8641975308641975
0.05,0.05,0.05,0.85
0.05084745762711865,0.059322033898305086,0.03389830508474576,0.8559322033898306
0.056910569105691054,0.056910569105691054,0.032520325203252036,0.8536585365853658
0.04964539007092199,0.04964539007092199,0.028368794326241134,0.8723404255319149
0.04516129032258064,0.03870967741935484,0.01935483870967742,0.896774193548387
0.06321839080459771,0.022988505747126436,0.017241379310344827,0.896551724137931
0.06532663316582915,0.01507537688442211,0.020100502512562814,0.8994974874371859
0.08444444444444445,0.013333333333333334,0.03111111111111111,0.8711111111111111
0.099601593625498,0.00796812749003984,0.035856573705179286,0.8565737051792829
0.11188811188811189,0.01048951048951049,0.03496503496503497,0.8426573426573427
0.12933753943217666,0.00946372239747634,0.03470031545741325,0.8264984227129337
0.12394366197183099,0.011267605633802818,0.03380281690140845,0.8309859154929577
0.1362530413625304,0.0072992700729927005,0.029197080291970802,0.8272506082725061
0.14606741573033707,0.008988764044943821,0.029213483146067417,0.8157303370786517
0.172,0.01,0.028,0.79
0.1794871794871795,0.007326007326007326,0.027472527472527472,0.7857142857142857
0.19900497512437812,0.011608623548922056,0.026533996683250415,0.7628524046434494
0.21545319465081725,0.01337295690936107,0.02674591381872214,0.7444279346210996
0.2359249329758713,0.014745308310991957,0.024128686327077747,0.725201072386059
0.24604141291108406,0.015834348355663823,0.025578562728380026,0.7125456760048721
0.25139664804469275,0.01675977653631285,0.024581005586592177,0.7072625698324022
0.2649484536082474,0.01752577319587629,0.024742268041237112,0.6927835051546392
0.26549491211840887,0.016651248843663275,0.02312673450508788,0.6947271045328399
0.26820908311910885,0.01970865467009426,0.021422450728363324,0.6906598114824336
0.2838915470494418,0.022328548644338118,0.02073365231259968,0.6730462519936204
0.29188384214445273,0.0193596425912137,0.0193596425912137,0.6693968726731199
0.3009097270818754,0.01749475157452764,0.018894331700489854,0.6627011896431071
0.309258043335522,0.019041365725541694,0.019041365725541694,0.6526592252133946
0.32854465958775764,0.021236727045596503,0.022485946283572766,0.6277326670830731
0.3294460641399417,0.01924198250728863,0.022157434402332362,0.6291545189504373
0.33370723499719573,0.018508132361189006,0.022994952327537857,0.6247896803140774
0.34675254965110036,0.01932367149758454,0.02254428341384863,0.6113794954374665
0.3475103734439834,0.021784232365145227,0.023858921161825725,0.6068464730290456
0.3484231943031536,0.02187182095625636,0.025940996948118005,0.603763987792472
0.3554363725012189,0.02145294978059483,0.026328620185275476,0.5967820575329108
0.3617433414043584,0.022276029055690073,0.02857142857142857,0.587409200968523
0.35805991440798857,0.02330004755111745,0.030432715168806468,0.5882073228720875
0.35510009532888465,0.025738798856053385,0.028122020972354625,0.5910390848427073
0.3565054015969939,0.030530765617660875,0.025364020666979802,0.5875998121183654
0.35272219637040486,0.031177291763610983,0.025593299208934387,0.5905072126570498
0.3530213539300318,0.029532030895047707,0.02407996365288505,0.5933666515220355
0.3556161891768986,0.030013642564802184,0.02773988176443838,0.5866302864938608
0.3479836882646126,0.032170367014046214,0.028545536927956503,0.5913004077933847
0.34970707525912575,0.03199639477242001,0.028841820639927896,0.5894547093285264
0.3586516853932584,0.028764044943820226,0.028314606741573035,0.5842696629213483
0.35698447893569846,0.031929046563192905,0.028824833702882482,0.5822616407982262
0.3498452012383901,0.033171163202122954,0.02786377708978328,0.5891198584697037
0.34776844896155545,0.03137428192664605,0.030048608042421564,0.5908086610693769
0.3593265396544085,0.03145768719539211,0.030571555161719097,0.5786442179884803
0.355011135857461,0.03296213808463252,0.029398663697104678,0.5826280623608018
0.3558498896247241,0.033554083885209716,0.02913907284768212,0.5814569536423841
0.35931307793923384,0.03302509907529723,0.02906208718626156,0.5785997357992074
0.35572249226690233,0.035793194874060984,0.03049049933716306,0.5779938135218736
0.35908887896382313,0.03662349263063868,0.030817329164805715,0.5734702992407325
0.36202307009760426,0.03682342502218278,0.029724933451641525,0.5714285714285714
0.3591111111111111,0.035555555555555556,0.029777777777777778,0.5755555555555556
0.36067019400352734,0.03571428571428571,0.03130511463844797,0.572310405643739
0.35819562304600266,0.03394372487717731,0.03171058508262617,0.5761500669941938
0.35459744830620327,0.03695556533216014,0.029476462824461064,0.5789705235371755
0.35213750550903483,0.0379021595416483,0.02996914940502424,0.5799911855442926
0.34807607253427686,0.03759398496240601,0.03051747014595312,0.583812472357364
0.3527045149754135,0.03665623603039785,0.029950827000447027,0.5806884219937416
0.35288928098808997,0.0388178209086899,0.029554477282752536,0.5787384208204676
0.3578062804068996,0.0367094206103494,0.02786377708978328,0.5776205218929678
0.35541904344010533,0.04168494953927161,0.025449758666081616,0.5774462483545415
0.3599464763603925,0.040588760035682424,0.025423728813559324,0.5740410347903657
0.35514018691588783,0.04138851802403204,0.0267022696929239,0.5767690253671562
0.36193029490616624,0.041108132260947276,0.029490616621983913,0.5674709562109026
0.3580688421993742,0.03933839964237819,0.029056772463120252,0.5735359856951274
0.3530457981325033,0.03912850155624722,0.03156958648288128,0.5762561138283682
0.3569530558015943,0.03808680248007086,0.03188662533215235,0.5730735163861824
0.35758651286601595,0.03682342502218278,0.03194321206743567,0.5736468500443656
0.35550660792951544,0.035682819383259914,0.033480176211453744,0.5753303964757709
0.35771276595744683,0.03723404255319149,0.03368794326241135,0.5713652482269503
0.35097864768683273,0.03603202846975089,0.035142348754448396,0.577846975088968
0.35469514908767247,0.03960836671117045,0.03382287494437027,0.5718736092567869
0.3540734109221128,0.03849597135183527,0.03133393017009848,0.5760966875559534
0.34908604547481054,0.03744984395898351,0.030762371823450735,0.5827017387427552
0.3611484970838941,0.038582323912068194,0.03050695379093764,0.5697622252131
0.3534675615212528,0.03803131991051454,0.030425055928411632,0.578076062639821
0.3585496866606983,0.03760071620411817,0.02999104744852283,0.5738585496866607
0.36130742049469966,0.037102473498233215,0.03180212014134275,0.5697879858657244
0.3505063848524879,0.03742844561867019,0.03258476442095993,0.579480405107882
0.3562913907284768,0.038410596026490065,0.03399558498896247,0.5713024282560707
0.35118250780901383,0.03748326639892905,0.035698348951361,0.5756358768406962
0.3501788908765653,0.04025044722719141,0.03622540250447227,0.5733452593917711
0.35071301247771836,0.04188948306595366,0.034759358288770054,0.5726381461675579
0.3538050734312417,0.039163328882955054,0.03382287494437027,0.573208722741433
0.35371755389353277,0.03739551253849538,0.031236251649802024,0.5776506819181698
0.3568242640499554,0.0352363960749331,0.029884032114183764,0.5780553077609277
0.35822898032200357,0.03398926654740608,0.02817531305903399,0.5796064400715564
0.3555750658472344,0.035996488147497806,0.028533801580333626,0.5798946444249341
0.3483899821109123,0.03711985688729875,0.029069767441860465,0.5854203935599285
0.34496466431095407,0.03489399293286219,0.02561837455830389,0.5945229681978799
0.34007919049714036,0.0365156181258249,0.025956885173779146,0.5974483062032556
0.3390652557319224,0.03306878306878307,0.027777777777777776,0.6000881834215167
0.3422103861517976,0.03062583222370173,0.02663115845539281,0.6005326231691078
0.34458570802279703,0.033318719859710653,0.025865848312143797,0.5962297238053486
0.33612334801762117,0.03259911894273128,0.026872246696035242,0.6044052863436123
0.3390652557319224,0.03262786596119929,0.027336860670194002,0.6009700176366843
0.33762200532386866,0.02883762200532387,0.027506654835847383,0.6060337178349601
0.33259619637328613,0.029632905793896505,0.03051747014595312,0.6072534276868642
0.3274021352313167,0.03069395017793594,0.03113879003558719,0.6107651245551602
0.3284248103525212,0.03168228469433289,0.02989736724676484,0.609995537706381
0.3261936635430611,0.0321285140562249,0.03168228469433289,0.609995537706381
0.3343722172751558,0.033392698130008905,0.029385574354407838,0.6028495102404274
0.3273381294964029,0.03327338129496403,0.02922661870503597,0.6101618705035972
0.3322912014292095,0.033497096918267084,0.0321572130415364,0.6020544886109871
0.32870577698163905,0.032691446484549934,0.033139274518584866,0.6054635020152261
0.3333333333333333,0.032487761459724075,0.03204272363150868,0.6021361815754339
0.33613445378151263,0.03272888102609465,0.03184431667403804,0.5992923485183547
0.3384887317719841,0.03225806451612903,0.030048608042421564,0.5992045956694653
0.3328888888888889,0.03155555555555556,0.030666666666666665,0.6048888888888889
0.33201407211961304,0.032541776605101144,0.029463500439753737,0.6059806508355321
0.328450954283178,0.033732800710164226,0.029738126941855306,0.6080781180648025
0.32874278098622833,0.03154153709462461,0.02621057307863172,0.6135051088405153
0.3225371120107962,0.0310391363022942,0.029689608636977057,0.6167341430499326
0.3156723063223508,0.03294746215494212,0.029385574354407838,0.6219946571682992
0.3154153709462461,0.03154153709462461,0.027099067081297203,0.6259440248778321
0.3154602323503128,0.03261840929401251,0.02680965147453083,0.6251117068811439
0.3182632050134288,0.03401969561324977,0.025514771709937333,0.622202327663384
0.32046678635547576,0.032764811490125674,0.026032315978456014,0.6207360861759426
0.32144410613310137,0.03218790778599391,0.02566333188342758,0.6207046541974771
0.3196467991169978,0.032671081677704196,0.025165562913907286,0.6225165562913907
0.3252319929297393,0.03137428192664605,0.0273972602739726,0.6159964648696421
0.32322781988408383,0.03165403477485511,0.02630405706642889,0.6188140882746321
0.3247673903411608,0.030571555161719097,0.028799291094373063,0.615861763402747
0.3291814946619217,0.03113879003558719,0.03113879003558719,0.608540925266904
0.32666666666666666,0.029777777777777778,0.030222222222222223,0.6133333333333333
0.3220489977728285,0.029844097995545656,0.03474387527839644,0.6133630289532294
0.3251996450754215,0.030612244897959183,0.0323868677905945,0.6118012422360248
0.31466666666666665,0.03333333333333333,0.035111111111111114,0.6168888888888889
0.31838365896980464,0.03241563055062167,0.03330373001776199,0.6158969804618117
0.3175946547884187,0.033853006681514475,0.0334075723830735,0.6151447661469933
0.3168669336893636,0.032487761459724075,0.03204272363150868,0.6186025812194037
0.31724440544098287,0.03378674857393594,0.03422553751645459,0.6147433084686266
0.3071460275188637,0.033732800710164226,0.03462050599201065,0.6245006657789614
0.310935441370224,0.03162055335968379,0.036012296881862096,0.6214317083882301
0.30864197530864196,0.03042328042328042,0.034832451499118164,0.6261022927689595
0.3025846702317291,0.03163992869875223,0.034759358288770054,0.6310160427807486
0.30084182543198934,0.035002215330084185,0.034559149313247675,0.6295968099246788
0.30026572187776795,0.03454384410983171,0.03454384410983171,0.6306465899025686
0.29253203711886877,0.033583738400353516,0.031816173221387536,0.6420680512593901
0.2993377483443709,0.029580573951434878,0.031346578366445915,0.6397350993377483
0.30527248560035447,0.03145768719539211,0.03234381922906513,0.6309260079751883
0.3002645502645503,0.030864197530864196,0.030864197530864196,0.6380070546737213
0.2945084145261293,0.030115146147032774,0.03100088573959256,0.6443755535872453
0.2968402314196707,0.029372496662216287,0.030262572318647086,0.6435246995994659
0.29889135254988913,0.03148558758314856,0.027937915742793792,0.6416851441241685
0.29925077126487437,0.029528426619656236,0.027324812692816218,0.6438959894226531
0.30149647887323944,0.032130281690140844,0.02640845070422535,0.6399647887323944
0.29606716747680073,0.033583738400353516,0.02695536897923111,0.6433937251436147
0.2952930728241563,0.03197158081705151,0.02575488454706927,0.6469804618117229
0.2968681076312307,0.031318923687692984,0.02293780326422585,0.6488751654168504
0.29398663697104677,0.032071269487750555,0.024944320712694878,0.6489977728285078
0.302841918294849,0.03019538188277087,0.02575488454706927,0.6412078152753108
0.30800178810907464,0.027715690657130084,0.02637460885113992,0.6379079123826553
0.3072128227960819,0.02715939447907391,0.02804986642920748,0.6375779162956366
0.3097463284379172,0.027592345349354695,0.028037383177570093,0.634623943035158
0.30609540636042404,0.028268551236749116,0.026060070671378093,0.6395759717314488
0.3004904146232724,0.02630405706642889,0.024074899687917966,0.6491306286223807
0.30656610470275064,0.027506654835847383,0.02129547471162378,0.6446317657497782
0.30711444984533803,0.027839151568714096,0.0207688908528502,0.6442775077330977
0.30199556541019956,0.031042128603104215,0.024390243902439025,0.6425720620842572
0.2984084880636605,0.03094606542882405,0.023872679045092837,0.6467727674624226
0.29203935599284436,0.03264758497316637,0.0259391771019678,0.6493738819320215
0.29380294248773964,0.03343736067766384,0.025858225590726706,0.6469014712438698
0.2931494661921708,0.03336298932384341,0.02802491103202847,0.6454626334519573
0.2954645530603259,0.030823425803610745,0.025979744605900485,0.647732276530163
0.29713024282560707,0.031346578366445915,0.0282560706401766,0.6432671081677704
0.29220489977728287,0.032516703786191536,0.028062360801781736,0.6472160356347438
0.2961335676625659,0.030755711775043937,0.0320738137082601,0.6410369068541301
0.29097440502918726,0.02694207453973956,0.03188145487202514,0.650202065559048
0.2964779313419527,0.02630405706642889,0.029424877396344182,0.6477931341952742
0.2985468956406869,0.02553940995156319,0.03038309114927345,0.6455306032584764
0.3015943312666076,0.02612931798051373,0.02878653675819309,0.6434898139946855
0.3032859680284192,0.02664298401420959,0.02930728241563055,0.6407637655417406
0.3004904146232724,0.026749888542131076,0.028979045920642,0.6437806509139545
0.30922803904170365,0.024844720496894408,0.027506654835847383,0.6384205856255546
0.3041556145004421,0.028293545534924844,0.026967285587975242,0.6405835543766578
0.30066815144766146,0.028953229398663696,0.028507795100222718,0.6418708240534521
0.29741763134461263,0.02804986642920748,0.028495102404274265,0.6460373998219056
0.3035793194874061,0.027839151568714096,0.026513477684489615,0.6420680512593901
0.3045977011494253,0.026525198938992044,0.026083112290008842,0.6427939876215738
0.3054078014184397,0.028368794326241134,0.025709219858156027,0.6405141843971631
0.3028169014084507,0.027288732394366196,0.02596830985915493,0.6439260563380281
0.29380294248773964,0.027641551493535442,0.02541239411502452,0.6531431119037004
0.29569420035149385,0.026362038664323375,0.02680140597539543,0.6511423550087874
0.2961469534050179,0.0264336917562724,0.024193548387096774,0.6532258064516129
0.2969509500662837,0.027839151568714096,0.024304021210782147,0.6509058771542201
0.2943530457981325,0.026233881725211204,0.024455313472654512,0.6549577590040018
0.294404973357016,0.024422735346358793,0.025310834813499113,0.6558614564831261
0.29730921923246584,0.02690780767534186,0.025143361270401413,0.6506396118217909
0.2979955456570156,0.030734966592427616,0.024944320712694878,0.6463251670378619
0.2968960863697706,0.0310391363022942,0.026090868196131354,0.6459739091318039
0.29435483870967744,0.029121863799283155,0.025537634408602152,0.6509856630824373
0.29697239536954584,0.026714158504007122,0.025378450578806767,0.6509349955476402
0.3003970004411116,0.02646669607410675,0.02646669607410675,0.6466696074106749
0.29835482436638505,0.02712316585148955,0.029346376167185415,0.64517563361494
0.28959074733096085,0.029804270462633453,0.03202846975088968,0.6485765124555161
0.2901206973625391,0.027268663388466695,0.030844881537773806,0.6517657577112204
0.2891566265060241,0.024542614904060688,0.03034359660865685,0.6559571619812584
0.28116710875331563,0.022988505747126436,0.03183023872679045,0.6640141467727675
0.2818464269862406,0.0230803373280071,0.02885042166000888,0.6662228140257435
0.27665198237885463,0.024229074889867842,0.03039647577092511,0.6687224669603524
0.28299379982285205,0.025243578387953942,0.030558015943312665,0.6612046058458814
0.2824631860776439,0.02677376171352075,0.02989736724676484,0.6608656849620705
0.281346920691183,0.024811696942844484,0.03234381922906513,0.6614975631369074
0.2797327394209354,0.025835189309576838,0.0334075723830735,0.6610244988864142
0.2808340727595386,0.024844720496894408,0.030612244897959183,0.6637089618456078
0.28081886960391633,0.025367156208277702,0.030262572318647086,0.6635514018691588
0.27276746242263483,0.02564102564102564,0.029177718832891247,0.6724137931034483
0.2761820592134335,0.024745912505523642,0.029606716747680072,0.6694653115333628
0.2766052986079928,0.025145936237090254,0.029636281993713515,0.6686124831612034
0.26924788607031597,0.025367156208277702,0.032487761459724075,0.6728971962616822
0.2706866197183099,0.023327464788732395,0.03169014084507042,0.6742957746478874
0.2714993246285457,0.023863124718595228,0.029716343989194056,0.6749212066636651
0.26767452200978215,0.023566029346376166,0.02712316585148955,0.6816362827923521
0.26963812886142985,0.023389232127096204,0.0264783759929391,0.6804942630185349
0.2680229986731535,0.021671826625386997,0.02565236620964175,0.6846528084918178
0.2706766917293233,0.021671826625386997,0.025210084033613446,0.6824413976116762
0.26276076342654237,0.020861074123391034,0.027518863737239236,0.6888592987128274
0.2609277430865299,0.023639607493309546,0.028099910793933987,0.6873327386262266
0.26512455516014233,0.025800711743772242,0.025800711743772242,0.6832740213523132
0.26171529619805484,0.027409372236958444,0.026525198938992044,0.6843501326259946
0.25925925925925924,0.026895943562610228,0.027336860670194002,0.6865079365079365
0.26015901060070673,0.02561837455830389,0.02782685512367491,0.6863957597173145
0.26067811536767943,0.026420079260237782,0.02553940995156319,0.6873623954205196
0.2604074402125775,0.025243578387953942,0.027015057573073518,0.687333923826395
0.2612410071942446,0.026079136690647483,0.026528776978417268,0.6861510791366906
0.2679767753461367,0.025457793657882984,0.028584189370254576,0.6779812416257258
0.2651413189771198,0.024226110363391656,0.029609690444145357,0.6810228802153432
0.2677935943060498,0.02491103202846975,0.03113879003558719,0.6761565836298933
0.27001779359430605,0.027135231316725978,0.032473309608540925,0.6703736654804271
0.2642440556303275,0.026469268730372364,0.03319874383131449,0.6760879318079857
0.27078701645175635,0.026233881725211204,0.0329035126722988,0.6700755891507336
0.2782685512367491,0.027385159010600707,0.029151943462897525,0.6651943462897526
0.2828014184397163,0.028812056737588652,0.028812056737588652,0.6595744680851063
0.27353463587921845,0.02664298401420959,0.028419182948490232,0.6714031971580817
0.27903871829105475,0.027147307521139297,0.027592345349354695,0.6662216288384513
0.2846975088967972,0.027135231316725978,0.027580071174377226,0.6605871886120996
0.28056914184081816,0.02845709204090707,0.026233881725211204,0.6647398843930635
0.2862206468763846,0.028799291094373063,0.027470093043863535,0.6575099689853788
0.29198387819077476,0.02821316614420063,0.027317510076130765,0.6524854455888939
0.29027962716378164,0.02929427430093209,0.026187305814469597,0.6542387927208166
0.2862190812720848,0.03180212014134275,0.026060070671378093,0.6559187279151943
0.28383128295254834,0.028558875219683654,0.024165202108963092,0.663444639718805
0.2874385337505588,0.030844881537773806,0.023692445239159587,0.6580241394725078
0.29283489096573206,0.027147307521139297,0.02403204272363151,0.655985758789497
0.28824049513704686,0.02961980548187445,0.022988505747126436,0.6591511936339522
0.2912751677852349,0.030425055928411632,0.02237136465324385,0.6559284116331097
0.2861593235425011,0.029372496662216287,0.022696929238985315,0.6617712505562973
0.2889969067609368,0.03225806451612903,0.024304021210782147,0.6544410075121521
0.28299379982285205,0.03188662533215235,0.025686448184233834,0.6594331266607617
0.28912945421741093,0.03112313937753721,0.028416779431664412,0.6513306269733875
0.28081886960391633,0.030262572318647086,0.029372496662216287,0.6595460614152203
0.27244444444444443,0.030222222222222223,0.029333333333333333,0.668
0.27001779359430605,0.03113879003558719,0.029359430604982206,0.6694839857651246
0.26749888542131073,0.029870708872046365,0.030762371823450735,0.6718680338831922
0.2639322336156933,0.028533214444939812,0.028533214444939812,0.6790013374944271
0.26440375167485486,0.03126395712371594,0.030370701205895488,0.6739615899955337
0.2596537949400799,0.031069684864624945,0.03151353750554816,0.677762982689747
0.2577777777777778,0.029777777777777778,0.03244444444444444,0.68
0.2549194991055456,0.03175313059033989,0.03175313059033989,0.6815742397137746
0.2504432624113475,0.031471631205673756,0.031471631205673756,0.686613475177305
0.251679355127631,0.032243618450515,0.03403493058665472,0.6820420958351993
0.2487695749440716,0.03131991051454139,0.03445190156599553,0.6854586129753915
0.25011027790030876,0.031760035288928096,0.033083370092633436,0.6850463167181297
0.2550930026572188,0.03188662533215235,0.03454384410983171,0.6784765279007972
0.2440423654015887,0.03309796999117388,0.03795233892321271,0.6849073256840247
0.24295302013422818,0.032214765100671144,0.038926174496644296,0.6859060402684564
0.24966740576496674,0.030598669623059866,0.037694013303769404,0.682039911308204
0.24754683318465656,0.029438001784121322,0.03479036574487065,0.6882247992863515
0.24147097917589722,0.02968542312804608,0.031014621178555603,0.6978289765175011
0.23798932384341637,0.029359430604982206,0.03113879003558719,0.7015124555160143
0.2424778761061947,0.03185840707964602,0.03008849557522124,0.695575221238938
0.24314765694076038,0.03094606542882405,0.03183023872679045,0.6940760389036251
0.24385886556498437,0.03439035283608754,0.030817329164805715,0.6909334524341224
0.24121050289274587,0.03515798842901647,0.030262572318647086,0.6933689363595905
0.24440465532676814,0.03267681289167413,0.03133393017009848,0.6915846016114593
0.2436750998668442,0.03151353750554816,0.02929427430093209,0.6955170883266756
0.24269264836138174,0.03454384410983171,0.029229406554472984,0.6935341009743136
0.23880597014925373,0.03204565408252853,0.030728709394205442,0.6984196663740123
0.23433362753751102,0.030450132391879964,0.02912621359223301,0.706090026478376
0.23637961335676624,0.029876977152899824,0.02899824253075571,0.7047451669595782
0.22867194371152155,0.028144239226033423,0.028583992963940194,0.7145998240985049
0.2336119665640123,0.027276726792784867,0.03167619885613726,0.7074351077870655
0.23883237505528526,0.026094648385670056,0.029632905793896505,0.7054400707651481
0.24295774647887325,0.027288732394366196,0.028169014084507043,0.7015845070422535
0.24016100178890876,0.026386404293381037,0.028622540250447227,0.7048300536672629
0.24236983842010773,0.025583482944344704,0.027827648114901255,0.7042190305206463
0.23890632003585835,0.023756163155535633,0.02689376961004034,0.7104437471985656
0.24493392070484582,0.025110132158590308,0.025991189427312777,0.7039647577092512
0.24392399469730447,0.024304021210782147,0.026071586389748123,0.7057003977021653
0.2467877713779353,0.023482498892334957,0.0256978289765175,0.7040319007532122
0.24453369031682284,0.022311468094600623,0.027219991075412762,0.7059348505131637
0.25100671140939596,0.02192393736017897,0.026398210290827742,0.7006711409395974
0.25,0.023618538324420676,0.02406417112299465,0.7023172905525846
0.24701723376049492,0.02342023862129916,0.023862129916040652,0.7057003977021653
0.2491103202846975,0.025355871886120998,0.02402135231316726,0.7015124555160143
0.2462356067316209,0.027900797165633304,0.022586359610274578,0.7032772364924712
0.2536327608982827,0.02686041391457508,0.023337736679876705,0.6961690885072656
0.24866548042704625,0.026690391459074734,0.02402135231316726,0.7006227758007118
0.2490118577075099,0.02766798418972332,0.022837066315327184,0.7004830917874396
0.2422360248447205,0.027950310559006212,0.021739130434782608,0.7080745341614907
0.2454905411350638,0.027276726792784867,0.02331720193576771,0.7039155301363836
0.24543429844097994,0.028953229398663696,0.024498886414253896,0.7011135857461025
0.2443458980044346,0.02926829268292683,0.025277161862527715,0.7011086474501108
0.24495171202809482,0.03204565408252853,0.025899912203687446,0.6971027216856892
0.24544241885282347,0.03334815473543797,0.02578923966207203,0.6954201867496665
0.2401067140951534,0.03156958648288128,0.027567807914628723,0.7007558915073366
0.2424778761061947,0.032300884955752215,0.02654867256637168,0.6986725663716814
0.24699599465954605,0.030707610146862484,0.024477080551846907,0.6978193146417445
0.25232403718459495,0.03231518370960602,0.025675077467906152,0.6896857016378929
0.24757281553398058,0.03133274492497794,0.025154457193292144,0.6959399823477493
0.24446412754650132,0.03188662533215235,0.025243578387953942,0.6984056687333924
0.2521120497999111,0.029346376167185415,0.027567807914628723,0.6909737661182748
0.2522007042253521,0.028169014084507043,0.028169014084507043,0.6914612676056338
0.2559576345984113,0.0264783759929391,0.03000882612533098,0.6875551632833187
0.26194690265486725,0.02743362831858407,0.031415929203539826,0.6792035398230089
0.2632978723404255,0.02526595744680851,0.03324468085106383,0.6781914893617021
0.2639074321317312,0.02403204272363151,0.03426791277258567,0.6777926123720516
0.26278659611992944,0.02292768959435626,0.036155202821869487,0.6781305114638448
0.2616534740545295,0.023306948109058926,0.03518029903254178,0.6798592788038699
0.2606219886114761,0.024091108190976786,0.035479632063074903,0.6798072711344721
0.263459841129744,0.02294792586054722,0.03751103265666372,0.676081200353045
0.26173604960141716,0.024800708591674048,0.03675819309123118,0.6767050487156776
0.2634168157423971,0.025491949910554562,0.03801431127012522,0.6730769230769231
0.26162018592297476,0.02656042496679947,0.03497122620628597,0.6768481629039398
0.2667844522968198,0.022526501766784453,0.036219081272084806,0.674469964664311
0.26702033598585323,0.023430592396109638,0.03580901856763926,0.6737400530503979
0.264,0.022222222222222223,0.03688888888888889,0.6768888888888889
0.26764314247669774,0.023524189968930315,0.03683976919662672,0.6719928983577452
0.26764314247669774,0.022192632046160676,0.040390590324012425,0.6697736351531292
0.266489597166888,0.02257636122177955,0.04072598494909252,0.6702080566622399
0.27079646017699116,0.01991150442477876,0.0415929203539823,0.6676991150442478
0.26737967914438504,0.020499108734402853,0.03832442067736185,0.6737967914438503
0.2614089499335401,0.0203810367744794,0.03677447939743022,0.6814355338945502
0.26505494505494503,0.0210989010989011,0.03428571428571429,0.6795604395604395
0.26799116997792494,0.02163355408388521,0.032671081677704196,0.6777041942604857
0.2637460885113992,0.022351363433169423,0.028609745194456863,0.6852928028609745
0.2597173144876325,0.022526501766784453,0.02871024734982332,0.6890459363957597
0.2618310482087572,0.023883237505528527,0.02697921273772667,0.6873065015479877
0.26593406593406593,0.023736263736263738,0.025494505494505496,0.6848351648351648
0.2706766917293233,0.023883237505528527,0.022998673153471916,0.6824413976116762
0.26252771618625276,0.024390243902439025,0.02261640798226164,0.6904656319290465
0.2622300572939621,0.0251211987659762,0.01983252534156016,0.6928162185985015
0.26173604960141716,0.023914968999114262,0.019929140832595216,0.6944198405668733
0.26023778071334214,0.024658740642888595,0.019374724790841038,0.6957287538529282
0.2613486117232261,0.024239753195240195,0.01983252534156016,0.6945791097399736
0.26299694189602446,0.023154215814766274,0.020096111839231105,0.6937527304499782
0.26796805678793256,0.022182786157941437,0.02085181898846495,0.6889973380656611
0.27091633466135456,0.025232403718459494,0.02080566622399292,0.683045595396193
0.2732119058196357,0.02576632607729898,0.021768103065304308,0.679253665037761
0.26433691756272404,0.025537634408602152,0.021953405017921146,0.6881720430107527
0.26666666666666666,0.024888888888888887,0.024444444444444446,0.684
0.265924276169265,0.026726057906458798,0.027171492204899776,0.6801781737193764
0.26619343389529726,0.025288376220053237,0.026619343389529725,0.6818988464951198
0.26308784383318545,0.02839396628216504,0.027506654835847383,0.6810115350488021
0.2528888888888889,0.029333333333333333,0.030666666666666665,0.6871111111111111
0.2559178204555605,0.030370701205895488,0.03126395712371594,0.6824475212148281
0.25422974176313445,0.030276046304541407,0.030276046304541407,0.6852181656277827
0.251685393258427,0.029213483146067417,0.03191011235955056,0.687191011235955
0.2552724077328647,0.027240773286467488,0.03031634446397188,0.687170474516696
0.25687666370896184,0.029724933451641525,0.025732031943212066,0.6876663708961845
0.25241864555848725,0.027704485488126648,0.027264731750219876,0.6926121372031663
0.24922941435490972,0.02686041391457508,0.028181417877586965,0.6957287538529282
0.24988962472406182,0.030463576158940398,0.02869757174392936,0.6909492273730684
0.24647887323943662,0.029049295774647887,0.028609154929577465,0.695862676056338
0.24312333629103816,0.02839396628216504,0.029724933451641525,0.6987577639751553
0.2523364485981308,0.0267022696929239,0.029817534490431688,0.6911437472185136
0.24624226348364278,0.026525198938992044,0.029177718832891247,0.698054818744474
0.2476780185758514,0.02697921273772667,0.02565236620964175,0.6996904024767802
0.2425055928411633,0.026845637583892617,0.025950782997762864,0.7046979865771812
0.23903312444046554,0.02820053715308863,0.026410026857654433,0.7063563115487914
0.23213493120284065,0.02885042166000888,0.02529960053262317,0.7137150466045273
0.23046181172291297,0.03152753108348135,0.02486678507992895,0.7131438721136767
0.24179236912156166,0.03149955634427684,0.024401064773735583,0.7023070097604259
0.23500881834215168,0.02821869488536155,0.027777777777777776,0.708994708994709
0.23659725299069562,0.030571555161719097,0.028356225077536552,0.7044749667700487
0.23244444444444445,0.03111111111111111,0.029777777777777778,0.7066666666666667
0.22755281690140844,0.030809859154929578,0.030809859154929578,0.7108274647887324
0.2252894033837934,0.02894033837934105,0.031166518254674976,0.7146037399821905
0.2288135593220339,0.025869759143621766,0.030776092774308653,0.7145405887600357
0.2237017310252996,0.026187305814469597,0.029738126941855306,0.7203728362183754
0.22123500666370502,0.027099067081297203,0.027543314082629944,0.7241226121723678
0.23249669749009247,0.02906208718626156,0.02906208718626156,0.7093791281373845
0.23378914865460962,0.02999558888398765,0.029554477282752536,0.7066607851786502
0.23425803610744167,0.028181417877586965,0.028181417877586965,0.7093791281373845
0.23035714285714284,0.029464285714285714,0.027232142857142858,0.7129464285714285
0.22167925366503777,0.027543314082629944,0.027543314082629944,0.7232341181697024
0.2260061919504644,0.026094648385670056,0.02830605926581159,0.7195931003980539
0.23378914865460962,0.024702249669166298,0.029554477282752536,0.7119541243934715
0.23467137185707984,0.025584472871636524,0.02867225408028231,0.7110719011910013
0.24096385542168675,0.0285586791610888,0.02677376171352075,0.7037037037037037
0.23839009287925697,0.02786377708978328,0.026536930561698365,0.7072091994692614
0.241179097811523,0.029030817329164807,0.027244305493523895,0.7025457793657883
0.23919821826280624,0.03162583518930958,0.028507795100222718,0.7006681514476615
0.23735581188997337,0.032830523513753325,0.02839396628216504,0.7014196983141082
0.24222222222222223,0.03288888888888889,0.025333333333333333,0.6995555555555556
0.24464285714285713,0.029464285714285714,0.026785714285714284,0.6991071428571428
0.24662466246624662,0.031053105310531053,0.025652565256525654,0.6966696669666966
0.23836951705804166,0.03190075321222862,0.026140894993354008,0.7035888347363757
0.24274406332453827,0.02990325417766051,0.025945470536499562,0.7014072119613016
0.23943661971830985,0.032130281690140844,0.02596830985915493,0.7024647887323944
0.23836951705804166,0.03322995126273815,0.024811696942844484,0.7035888347363757
0.2395925597874225,0.032329495128432244,0.02878653675819309,0.6992914083259522
0.23982494529540482,0.03194748358862144,0.029321663019693654,0.6989059080962801
0.2336448598130841,0.030707610146862484,0.02892745883400089,0.7067200712060525
0.22998673153471916,0.03007518796992481,0.030959752321981424,0.7089783281733746
0.2261904761904762,0.03218694885361552,0.029982363315696647,0.7116402116402116
0.2288779615556549,0.031291908806437195,0.028162717925793473,0.7116674117121145
0.22696629213483147,0.03280898876404494,0.027415730337078652,0.712808988764045
0.2211367673179396,0.03019538188277087,0.027531083481349913,0.7211367673179396
0.22383465259454705,0.029463500439753737,0.028583992963940194,0.718117854001759
0.2206468763845813,0.02924235711120957,0.030571555161719097,0.71953921134249
0.22527716186252772,0.027494456762749447,0.03015521064301552,0.7170731707317073
0.2222222222222222,0.027777777777777776,0.030913978494623656,0.7190860215053764
0.2223210315695865,0.028012449977767896,0.030680302356602934,0.7189862160960427
0.22202643171806166,0.02907488986784141,0.03039647577092511,0.7185022026431718
0.22242072353729345,0.029477445288075034,0.0321572130415364,0.7159446181330952
0.22508896797153025,0.030249110320284697,0.033807829181494664,0.7108540925266904
0.22662511130899377,0.029385574354407838,0.03250222617987533,0.711487088156723
0.22940655447298494,0.02745792736935341,0.030115146147032774,0.7130203720106288
0.23438192290651308,0.02658396101019052,0.028356225077536552,0.7106778910057598
0.23185840707964603,0.02566371681415929,0.030530973451327433,0.7119469026548673
0.2348450830713965,0.024247867085765602,0.032330489447687474,0.7085765603951504
0.23124448367166814,0.02294792586054722,0.02824360105913504,0.7175639894086496
0.22824156305506216,0.023090586145648313,0.03108348134991119,0.7175843694493783
0.2261640798226164,0.02483370288248337,0.030598669623059866,0.7184035476718403
0.22978347326557666,0.023862129916040652,0.029606716747680072,0.7167476800707026
0.23506151142355008,0.02328646748681898,0.028558875219683654,0.7130931458699473
0.24105545617173524,0.024597495527728087,0.026386404293381037,0.7079606440071556
0.23792486583184258,0.02191413237924866,0.026833631484794274,0.7133273703041145
0.24142538975501113,0.023162583518930958,0.026280623608017816,0.7091314031180401
0.2343132953049583,0.022378236068451074,0.028082492321193506,0.7152259763053971
0.23331860362350862,0.022536456031816175,0.0273972602739726,0.7167476800707026
0.23714539007092197,0.022606382978723406,0.026152482269503546,0.714095744680851
0.23211091234347048,0.025491949910554562,0.024150268336314847,0.7182468694096601
0.2336448598130841,0.025367156208277702,0.02403204272363151,0.7169559412550067
0.23398576512455516,0.027580071174377226,0.023576512455516015,0.7148576512455516
0.2326297273526825,0.029463500439753737,0.022867194371152155,0.7150395778364116
0.24028584189370256,0.029030817329164807,0.021438142027690933,0.7092451987494417
0.24016100178890876,0.030858676207513418,0.02146690518783542,0.7075134168157424
0.23482498892334958,0.03190075321222862,0.021710234824988923,0.7115640230394329
0.22828014184397163,0.02969858156028369,0.022163120567375887,0.7198581560283688
0.23043095866314864,0.03210202286719437,0.022427440633245383,0.7150395778364116
0.22654867256637168,0.033185840707964605,0.02256637168141593,0.7176991150442478
0.22562056737588654,0.031914893617021274,0.020833333333333332,0.7216312056737588
0.22678571428571428,0.032589285714285716,0.020089285714285716,0.7205357142857143
0.2239858906525573,0.031746031746031744,0.020282186948853614,0.7239858906525574
0.2268041237113402,0.02868668758404303,0.021963245181532944,0.7225459435230838
0.2251655629139073,0.02781456953642384,0.022958057395143488,0.7240618101545254
0.2209405501330967,0.02883762200532387,0.023070097604259095,0.7271517302573203
0.221826280623608,0.027171492204899776,0.024498886414253896,0.7265033407572383
0.21992976294995611,0.029850746268656716,0.02502194907813872,0.7251975417032485
0.22108083966056274,0.029477445288075034,0.023671281822242072,0.7257704332291202
0.22070484581497798,0.027312775330396475,0.024669603524229075,0.7273127753303965
0.2248995983935743,0.027666220437304774,0.025435073627844713,0.7219991075412762
0.2160603371783496,0.02883762200532387,0.026175687666370896,0.7289263531499557
0.21329763498438198,0.027666220437304774,0.0249888442659527,0.7340473003123605
0.21141837644959857,0.028991971454058876,0.024977698483496878,0.7346119536128457
0.21829429960229785,0.02562969509500663,0.024304021210782147,0.7317719840919134
0.22317403065825067,0.02569882777276826,0.02479711451758341,0.7263300270513977
0.22043730477465417,0.02320392681838465,0.02320392681838465,0.7331548415885766
0.21840598855129897,0.024218405988551298,0.023337736679876705,0.734037868780273
0.22291021671826625,0.02344095532950022,0.022556390977443608,0.7310924369747899
0.22614840989399293,0.02561837455830389,0.022084805653710248,0.726148409893993
0.22624834290764473,0.026513477684489615,0.022978347326557666,0.724259832081308
0.2282657155595185,0.02630405706642889,0.023629068212215783,0.7218011591618368
0.22751558325912732,0.02983081032947462,0.025378450578806767,0.7172751558325913
0.22701021768103066,0.028431808085295423,0.024433585073300755,0.7201243891603731
0.22725235320484088,0.026445540116539667,0.02330793366203496,0.7229941730165845
0.22781456953642384,0.024724061810154525,0.024282560706401765,0.7231788079470198
0.22731356693620844,0.023809523809523808,0.023809523809523808,0.7250673854447439
0.2327127659574468,0.025709219858156027,0.023936170212765957,0.7176418439716312
0.2305267897343539,0.025213867627194957,0.024313372354795137,0.719945970283656
0.2338638373121132,0.02564102564102564,0.022546419098143235,0.717948717948718
0.2234982332155477,0.02959363957597173,0.021643109540636044,0.7252650176678446
0.22011468901632114,0.029554477282752536,0.020291133656815175,0.7300397000441111
0.22458001768346597,0.03404067197170645,0.021220159151193633,0.7201591511936339
0.22463447053610988,0.033673017279574655,0.02303943287549845,0.718653079308817
0.22098710538016897,0.03334815473543797,0.0213428190306803,0.7243219208537127
0.2282268870031264,0.033497096918267084,0.01965163019205002,0.7186243858865565
0.2256478999106345,0.03485254691689008,0.020107238605898123,0.7193923145665773
0.22192393736017896,0.03445190156599553,0.02237136465324385,0.7212527964205817
