C,D,Oc,Od
0.0,0.0,0.0,1.0
0.0,0.3333333333333333,0.0,0.6666666666666666
0.0,0.5,0.0,0.5
0.0,0.42857142857142855,0.0,0.5714285714285714
0.08333333333333333,0.4166666666666667,0.0,0.5
0.0625,0.5,0.0,0.4375
0.041666666666666664,0.4166666666666667,0.041666666666666664,0.5
0.03125,0.46875,0.03125,0.46875
0.025,0.425,0.025,0.525
0.057692307692307696,0.40384615384615385,0.019230769230769232,0.5192307692307693
0.06451612903225806,0.43548387096774194,0.016129032258064516,0.4838709677419355
0.0945945945945946,0.43243243243243246,0.02702702702702703,0.44594594594594594
0.10975609756097561,0.43902439024390244,0.04878048780487805,0.4024390243902439
0.14814814814814814,0.39814814814814814,0.046296296296296294,0.4074074074074074
0.17164179104477612,0.40298507462686567,0.05970149253731343,0.3656716417910448
0.19745222929936307,0.42038216560509556,0.044585987261146494,0.3375796178343949
0.2393617021276596,0.3882978723404255,0.047872340425531915,0.324468085106383
0.23423423423423423,0.3918918918918919,0.04954954954954955,0.32432432432432434
0.24609375,0.37890625,0.046875,0.328125
0.26440677966101694,0.39661016949152544,0.04067796610169491,0.2983050847457627
0.28,0.39692307692307693,0.043076923076923075,0.28
0.2953929539295393,0.3821138211382114,0.051490514905149054,0.27100271002710025
0.3052391799544419,0.36446469248291574,0.05011389521640091,0.28018223234624146
0.33131313131313134,0.3474747474747475,0.048484848484848485,0.2727272727272727
0.35304659498207885,0.33512544802867383,0.05555555555555555,0.25627240143369173
0.3498402555910543,0.3354632587859425,0.06549520766773163,0.24920127795527156
0.3516949152542373,0.3290960451977401,0.07062146892655367,0.24858757062146894
0.3594351732991014,0.32220795892169446,0.07830551989730423,0.24005134788189988
0.36769759450171824,0.3138602520045819,0.08247422680412371,0.23596792668957617
0.36597938144329895,0.30412371134020616,0.09072164948453608,0.23917525773195877
0.3774283071230342,0.28769657724329323,0.09620721554116558,0.23866790009250693
0.3773109243697479,0.27899159663865547,0.10336134453781512,0.24033613445378152
0.38884524744697563,0.2670856245090338,0.09819324430479183,0.24587588373919875
0.39378612716763006,0.26083815028901736,0.101878612716763,0.2434971098265896
0.3987688098495212,0.25239398084815323,0.1012311901504788,0.2476060191518468
0.40587109125717935,0.2450542437779196,0.1148691767708998,0.23420548819400128
0.415811707905854,0.23777911888955944,0.10863005431502716,0.23777911888955944
0.4223744292237443,0.2345890410958904,0.1067351598173516,0.2363013698630137
0.4238592633315008,0.22704782847718527,0.10995052226498075,0.23914238592633316
0.4318181818181818,0.2219873150105708,0.1062367864693446,0.23995771670190275
0.43660531697341515,0.2142126789366053,0.10736196319018405,0.2418200408997955
0.4436689930209372,0.21286141575274178,0.10418743768693918,0.23928215353938184
0.445083932853717,0.2081534772182254,0.10839328537170263,0.2383693045563549
0.45063172671970053,0.19887693027608797,0.10903135236312587,0.24145999064108564
0.459262630860264,0.1939007737824306,0.1024123805188894,0.24442421483841603
0.46233649075327016,0.1880920162381597,0.10419485791610285,0.2453766350924673
0.45998201438848924,0.19019784172661872,0.10296762589928057,0.2468525179856115
0.4660107334525939,0.19007155635062611,0.1050983899821109,0.23881932021466906
0.46065428824049515,0.1892130857648099,0.10521662245800177,0.24491600353669318
0.45983133599644915,0.18686196182867287,0.1083000443852641,0.24500665778961384
0.4622557726465364,0.18383658969804617,0.10746003552397869,0.2464476021314387
0.45695364238410596,0.1880794701986755,0.10596026490066225,0.24900662251655628
0.4495779653487339,0.1919147045757441,0.10350955131052865,0.25499777876499335
0.45410628019323673,0.19148001756697408,0.10715854194115064,0.24725516029863856
0.45555064130915524,0.18885448916408668,0.10526315789473684,0.2503317116320212
0.46116289391921883,0.18197958277851753,0.1051930758988016,0.25166444740346205
0.4648888888888889,0.18488888888888888,0.10444444444444445,0.2457777777777778
0.4647824136384029,0.18752803947958727,0.1031852848811126,0.24450426200089725
0.45890715237672147,0.18658374055975122,0.10439804531319413,0.2501110617503332
0.46150422785936807,0.1838006230529595,0.10146862483311081,0.25322652425456166
0.46465095598043576,0.18363717207647842,0.10182303245887062,0.2498888394842152
0.462582056892779,0.1824945295404814,0.1050328227571116,0.249890590809628
0.4631765749778172,0.1850044365572316,0.10825199645075421,0.243566992014197
0.4634146341463415,0.188470066518847,0.1073170731707317,0.2407982261640798
0.45974483062032556,0.18829740431148262,0.11262648482182139,0.23933128024637043
0.4512683578104139,0.1846906987093903,0.11793502447708056,0.24610591900311526
0.45658880564125165,0.17584839136183342,0.11723226090788894,0.250330542089026
0.4504464285714286,0.178125,0.11785714285714285,0.25357142857142856
0.45454545454545453,0.18049426301853486,0.11253309796999117,0.2524271844660194
0.4553172475424486,0.18185880250223413,0.1126005361930295,0.25022341376228774
0.45474810521622827,0.17833259028087384,0.11457868925546144,0.25234061524743645
0.4530558015943313,0.1767050487156776,0.11514614703277236,0.2550930026572188
0.4621178555604785,0.17058041648205582,0.11652636242800177,0.2507753655294639
0.4541814946619217,0.175711743772242,0.1152135231316726,0.2548932384341637
0.45398502862175255,0.17349185380889476,0.11184500220167327,0.26067811536767943
0.4523809523809524,0.1710758377425044,0.1146384479717813,0.2619047619047619
0.4561093956771063,0.17159241288045876,0.11468901632112924,0.2576091751213057
0.45796847635726795,0.17994746059544658,0.10551663747810858,0.2565674255691769
0.4568505338078292,0.17348754448398576,0.10809608540925267,0.2615658362989324
0.45719329214474846,0.176963812886143,0.10679611650485436,0.25904677846425417
0.4542614904060687,0.17759928603302097,0.10575635876840696,0.26238286479250333
0.4623182018510357,0.18201851035698546,0.09828118113706479,0.25738210665491407
0.46164021164021163,0.1781305114638448,0.10141093474426807,0.2588183421516755
0.46314387211367675,0.17850799289520428,0.0994671403197158,0.2588809946714032
0.4595070422535211,0.17473591549295775,0.10035211267605634,0.2654049295774648
0.4546672621706119,0.16927199642697632,0.10495757034390353,0.2711031710585083
0.44836716681376876,0.17122683142100617,0.10723742277140336,0.2731685789938217
0.44291426032874276,0.17414482452243446,0.10884051532652154,0.2741003998223012
0.44194260485651216,0.176158940397351,0.10596026490066225,0.27593818984547464
0.44836716681376876,0.1703442188879082,0.1028243601059135,0.27846425419240955
0.44508670520231214,0.1680746998666074,0.10226767452200979,0.28457092040907067
0.4485776805251641,0.1601750547045952,0.10459518599562363,0.28665207877461707
0.4463576158940397,0.1576158940397351,0.10596026490066225,0.2900662251655629
0.4478009773434029,0.15504220346512662,0.10884051532652154,0.2883163038649489
0.4467140319715808,0.15452930728241562,0.11323268206039076,0.2855239786856128
0.448925909688733,0.15431828145550197,0.11398509425690487,0.28277071459886016
0.45161290322580644,0.1520106053910738,0.10782147591692444,0.28855501546619533
0.4577836411609499,0.15127528583992964,0.10686015831134564,0.28408091468777485
0.45547640249332144,0.15405164737310775,0.11086375779162956,0.27960819234194123
0.4622557726465364,0.15230905861456484,0.10701598579040852,0.2784191829484902
0.46344705361098804,0.1488701816570669,0.10500664599025254,0.2826761187416925
0.4624505928853755,0.1484409310496267,0.10715854194115064,0.28194993412384717
0.46323205636283576,0.14619110523998238,0.10479964773227653,0.2857771906649053
0.46005267778753295,0.14574187884108866,0.10667251975417033,0.28753292361720806
0.4582412726469289,0.14759169244365886,0.10207688908528502,0.2920901458241273
0.46045072912063634,0.14803358373840036,0.10030932390631904,0.29120636323464427
0.46041574524546663,0.15214506855373727,0.09995577178239717,0.2874834144183989
0.4568121104185218,0.14870881567230632,0.10329474621549421,0.29118432769367764
0.4464521815777876,0.14764213309828117,0.10533274570295284,0.3005729396209784
0.44532979194333777,0.14873837981407703,0.10535635236830455,0.30057547587428063
0.44596382884869873,0.14689016321129245,0.10851345390383767,0.29863255403617117
0.4484444444444444,0.14577777777777778,0.10666666666666667,0.2991111111111111
0.4480633802816901,0.14172535211267606,0.11003521126760564,0.3001760563380282
0.4480633802816901,0.13952464788732394,0.10783450704225352,0.3045774647887324
0.4449358690844759,0.14197257850508624,0.10747456877487838,0.3056169836355595
0.4471830985915493,0.13952464788732394,0.10607394366197183,0.30721830985915494
0.44331715924128806,0.141155712395236,0.10719011910013233,0.3083370092633436
0.44557522123893806,0.13849557522123893,0.10442477876106195,0.31150442477876106
0.44639718804920914,0.1366432337434095,0.10193321616871705,0.3150263620386643
0.45310435931307796,0.1338617349185381,0.10039630118890357,0.3126376045794804
0.4566755083996463,0.13218390804597702,0.09814323607427056,0.3129973474801061
0.4638260097647581,0.13049267643142476,0.09498446515756769,0.31069684864624947
0.4593152512227657,0.12939084037349932,0.09470875944864385,0.31658514895509116
0.4600877192982456,0.12850877192982457,0.09605263157894736,0.31535087719298244
0.45634920634920634,0.13227513227513227,0.09347442680776014,0.31790123456790126
0.4482606781153677,0.1312197269925143,0.09379128137384413,0.32672831351827386
0.4440017706949978,0.13103142983621072,0.09119079238601151,0.33377600708278
0.44498453380468406,0.12593901900132567,0.09191338930623066,0.33716305788775963
0.4491860976682798,0.12670479542454904,0.09062912450505939,0.33347998240211174
0.44621513944223107,0.12837538733953077,0.08853474988933156,0.3368747233289066
0.44642063139172966,0.12361049355269009,0.0871498443752779,0.34281903068030234
0.45105820105820105,0.12257495590828923,0.08818342151675485,0.33818342151675485
0.44724061810154525,0.12185430463576159,0.08962472406181016,0.341280353200883
0.4411895250776742,0.12383488681757657,0.09143364403018198,0.34354194407456723
0.44366197183098594,0.12544014084507044,0.09022887323943662,0.34066901408450706
0.4450841452612932,0.1262178919397697,0.09034543844109831,0.3383525243578388
0.44793974302171025,0.12450155073105892,0.08994240141781125,0.33761630482941957
0.45075421472937,0.12111801242236025,0.08828748890860692,0.3398402839396628
0.45064761054041985,0.12148280482358195,0.08441268423403304,0.34345690040196514
0.4540612516644474,0.11673324456280515,0.08566355969818021,0.34354194407456723
0.4570035460992908,0.11214539007092199,0.08377659574468085,0.3470744680851064
0.4610303830911493,0.10656098634962571,0.0841039189784236,0.3483047115808014
0.46383928571428573,0.10714285714285714,0.084375,0.34464285714285714
0.4642072902942468,0.11067193675889328,0.08168642951251646,0.3434343434343434
0.46675531914893614,0.1099290780141844,0.08111702127659574,0.3421985815602837
0.4673674989049496,0.10600087604029786,0.08322382829610162,0.3434077967586509
0.4706919347730278,0.10489202291758484,0.08197443807844866,0.3424416042309387
0.4727272727272727,0.10643015521064302,0.07760532150776053,0.34323725055432375
0.47035398230088493,0.09778761061946903,0.0747787610619469,0.3570796460176991
0.46566901408450706,0.09595070422535211,0.07658450704225352,0.3617957746478873
0.4673721340388007,0.09479717813051146,0.07142857142857142,0.3664021164021164
0.4647887323943662,0.09198943661971831,0.07394366197183098,0.3692781690140845
0.46059544658493873,0.09063047285464099,0.07267950963222417,0.37609457092819615
0.45434397163120566,0.09175531914893617,0.06914893617021277,0.38475177304964536
0.45606326889279436,0.08743409490333919,0.06810193321616871,0.3884007029876977
0.4456280514869064,0.08743897026187306,0.06968486462494451,0.3972481136262761
0.453554295682512,0.08853030963802878,0.07064980375054514,0.3872655909289141
0.4470899470899471,0.0873015873015873,0.07142857142857142,0.3941798941798942
0.4457777777777778,0.08977777777777778,0.06977777777777777,0.39466666666666667
0.4418189924208649,0.08649130628622381,0.06910387873383861,0.40258582255907266
0.4396818382677861,0.08484312859036677,0.06716747680070703,0.4083075563411401
0.4382577458464302,0.08666367310282892,0.06870229007633588,0.40637629097440503
0.4453818827708703,0.0852575488454707,0.06616341030195382,0.40319715808170514
0.45041868664609963,0.08197443807844866,0.0639048038783605,0.40370207139709124
0.4550660792951542,0.07973568281938326,0.06387665198237885,0.4013215859030837
0.45260347129506007,0.08322207387627949,0.06542056074766354,0.3987538940809969
0.45434494927216584,0.08072342302602559,0.06572562858403176,0.3992059991177768
0.46020453534904404,0.082258781680747,0.062249888839484215,0.39528679413072476
0.4616740088105727,0.08105726872246696,0.06211453744493392,0.3951541850220264
0.45654121863799285,0.0739247311827957,0.06406810035842293,0.40546594982078854
0.45442536327608984,0.07705856450902686,0.06120651695288419,0.40730955526199913
0.4475186649099693,0.08080808080808081,0.06324110671936758,0.40843214756258234
0.4474381625441696,0.0803886925795053,0.06581272084805653,0.40636042402826855
0.4472185720543145,0.08409986859395532,0.06263688129653965,0.4060446780551905
0.4515845070422535,0.07834507042253522,0.06426056338028169,0.40580985915492956
0.4479858344400177,0.08277999114652501,0.0650730411686587,0.4041611332447986
0.4501108647450111,0.08070953436807095,0.06341463414634146,0.4057649667405765
0.4477413640389725,0.07528786536758193,0.06598759964570416,0.41098317094774134
0.44793974302171025,0.076650420912716,0.06557377049180328,0.4098360655737705
0.45522717247463607,0.07454786060873402,0.06352007057785619,0.4067048963387737
0.4496021220159151,0.07382847038019452,0.06852343059239611,0.40804597701149425
0.4463576158940397,0.07196467991169977,0.07019867549668875,0.41147902869757175
0.4423841059602649,0.07152317880794702,0.07196467991169977,0.4141280353200883
0.4457777777777778,0.07288888888888889,0.07066666666666667,0.4106666666666667
0.43782837127845886,0.07355516637478109,0.06961471103327496,0.4190017513134851
0.43989431968295906,0.0722148833113166,0.06957287538529282,0.4183179216204315
0.44259421560035056,0.07537248028045573,0.06748466257668712,0.4145486415425066
0.43251670378619156,0.07349665924276169,0.07082405345211581,0.42316258351893093
0.4300131636682756,0.07283896445809565,0.07196138657305835,0.4251864853005704
0.4336007130124777,0.07130124777183601,0.07263814616755793,0.42245989304812837
0.4352992957746479,0.07306338028169014,0.07482394366197183,0.4168133802816901
0.42832167832167833,0.07167832167832168,0.07517482517482517,0.42482517482517484
0.42628774422735344,0.0741563055062167,0.07238010657193605,0.4271758436944938
0.4280639431616341,0.07371225577264653,0.0741563055062167,0.4240674955595027
0.43300798580301686,0.07009760425909495,0.07054125998225377,0.42635314995563445
0.42806551571491813,0.06728640991589199,0.07127047366091191,0.433377600708278
0.43435692033822876,0.06853582554517133,0.06809078771695594,0.42901646639964397
0.4335540838852097,0.0684326710816777,0.06534216335540839,0.4326710816777042
0.43239683933274803,0.06716417910447761,0.06672519754170325,0.43371378402107114
0.4316674038036267,0.06766917293233082,0.06855373728438743,0.43210968597965504
0.42844483828090385,0.06513070447496677,0.07044749667700487,0.4359769605671245
0.43127753303964755,0.06343612334801763,0.07092511013215859,0.4343612334801762
0.4321959755030621,0.0647419072615923,0.07349081364829396,0.42957130358705164
0.43535620052770446,0.06112576956904134,0.07211961301671065,0.4313984168865435
0.43975100044464205,0.06002667852378835,0.07158737216540685,0.4286349488661627
0.43447669305189096,0.0584872471416007,0.0681618293755497,0.4388742304309587
0.43614670790985416,0.05700397702165267,0.06672558550596554,0.4401237295625276
0.42369916921731526,0.05815478793178837,0.06908613904678618,0.4490599038041102
0.4206103494029191,0.059708093763821316,0.06634232640424591,0.4533392304290137
0.4203090507726269,0.05695364238410596,0.06666666666666667,0.45607064017660043
0.42297535211267606,0.05457746478873239,0.06294014084507042,0.4595070422535211
0.4296977660972405,0.052562417871222074,0.06263688129653965,0.4551029347349978
0.42567269519188355,0.0564622849580944,0.061314512571680635,0.4565505072783414
0.4323008849557522,0.058849557522123896,0.061061946902654866,0.44778761061946903
0.43102688408990747,0.05641251652710445,0.059497576024680476,0.4530630233583076
0.4297047157338034,0.05685323931247246,0.05993829881004848,0.4535037461436756
0.429701230228471,0.05799648506151142,0.05799648506151142,0.45430579964850615
0.43503325942350335,0.06031042128603104,0.05720620842572062,0.447450110864745
0.4299645390070922,0.057180851063829786,0.05673758865248227,0.45611702127659576
0.43377777777777776,0.05688888888888889,0.05733333333333333,0.452
0.43305346884666374,0.057445868316394165,0.058329650905877155,0.45117101193106496
0.4330396475770925,0.05682819383259912,0.05638766519823789,0.45374449339207046
0.4288232701630674,0.05861613045394447,0.05420890260026443,0.4583516967827237
0.4304461942257218,0.05905511811023622,0.052930883639545054,0.4575678040244969
0.4291426032874278,0.06308307418924922,0.050644158151932475,0.4571301643713905
0.423841059602649,0.06181015452538632,0.051655629139072845,0.46269315673289185
0.4247669773635153,0.05814469596094097,0.0492676431424767,0.467820683533067
0.41736818785999114,0.057598582188746125,0.04962339388568897,0.47540983606557374
0.41758727353071146,0.06098099867432612,0.04904993371630579,0.47238179407865666
0.4176991150442478,0.061504424778761065,0.04911504424778761,0.47168141592920354
0.4210292812777285,0.0616681455190772,0.048802129547471165,0.46850044365572313
0.42181340341655715,0.05825667980727114,0.05037231712658782,0.4695575996495839
0.4199475065616798,0.06036745406824147,0.05380577427821522,0.4658792650918635
0.4126704795424549,0.06511218653761548,0.05455345358556973,0.46766388033435985
0.41648303217276333,0.06654914059056853,0.054649625385632436,0.4623182018510357
0.41604559403770275,0.0661990355107409,0.0530469092503288,0.46470846120122755
0.4222809335094672,0.06605019815059446,0.0479964773227653,0.46367239101717306
0.4191273688849714,0.06654914059056853,0.052886734244160426,0.4614367562802997
0.4172566371681416,0.0668141592920354,0.05265486725663717,0.4632743362831858
0.4185022026431718,0.06607929515418502,0.05330396475770925,0.4621145374449339
0.42172383465259455,0.06684256816182937,0.0505716798592788,0.4608619173262973
0.4154315605928509,0.06887532693984307,0.04838709677419355,0.4673060156931125
0.41873889875666076,0.07060390763765542,0.047513321492007106,0.46314387211367675
0.4109947643979058,0.07198952879581152,0.04930191972076789,0.4677137870855148
0.41181657848324515,0.06701940035273368,0.05026455026455026,0.4708994708994709
0.4123665480427046,0.06316725978647687,0.0498220640569395,0.474644128113879
0.4178383128295255,0.061511423550087874,0.050966608084358524,0.46968365553602814
0.4141280353200883,0.06181015452538632,0.05033112582781457,0.47373068432671084
0.4129572498898193,0.06170118995152049,0.04847950639048039,0.4768620537681798
0.41535087719298247,0.060087719298245613,0.04649122807017544,0.4780701754385965
0.4196389255834434,0.057683839718185824,0.04975781594011449,0.47291941875825627
0.41358024691358025,0.05423280423280423,0.04805996472663139,0.48412698412698413
0.41970963484381874,0.05367355917289925,0.05191377034755829,0.4747030356357237
0.41750989881214257,0.05191377034755829,0.051473823141223056,0.4791025076990761
0.41935483870967744,0.05214317277949625,0.05125939019001326,0.47724259832081306
0.4156706507304117,0.05002213368747233,0.05267817618415228,0.4816290393979637
0.4160746003552398,0.049289520426287745,0.05328596802841918,0.48134991119005327
0.4146449051610057,0.04808116453462726,0.05337450374944861,0.4838994265549184
0.41184268669907204,0.048608042421564294,0.05612019443216969,0.483429076447194
0.4072759538598048,0.04791481810115351,0.05545696539485359,0.48935226264418813
0.411190053285968,0.047957371225577264,0.053730017761989345,0.48712255772646534
0.4069511658600968,0.05279366476022877,0.05367355917289925,0.4865816102067752
0.40393873085339166,0.0525164113785558,0.053829321663019694,0.4897155361050328
0.40061162079510704,0.05417212756662298,0.05067715159458279,0.4945391000436872
0.4057649667405765,0.05232815964523282,0.049223946784922396,0.4926829268292683
0.40405822673136305,0.054697838553153945,0.04852227613586237,0.49272165857962064
0.3985890652557319,0.05599647266313933,0.047619047619047616,0.49779541446208114
0.4021304926764314,0.05814469596094097,0.0492676431424767,0.4904571682201509
0.4014853647881171,0.0581039755351682,0.04630843162953255,0.4941022280471822
0.40245506356861027,0.05655414291977203,0.04734765453748356,0.49364313897413414
0.39797713280562885,0.05452946350043975,0.04925241864555849,0.4982409850483729
0.3914762741652021,0.054042179261862916,0.05140597539543058,0.5030755711775043
0.39180255619215515,0.05376817981489643,0.05156456588805641,0.502864698104892
0.3828470380194518,0.05128205128205128,0.052608311229000886,0.513262599469496
0.38254737769942704,0.05420890260026443,0.05244601145879242,0.510797708241516
0.38332598147331276,0.05337450374944861,0.05205116894574327,0.5112483458314954
0.3825354609929078,0.054078014184397165,0.050975177304964536,0.5124113475177305
0.38222222222222224,0.05377777777777778,0.05288888888888889,0.5111111111111111
0.3866548828988069,0.05788775961113566,0.05170128148475475,0.5037560760053027
0.3893999123959702,0.05562855891371003,0.05168637757336837,0.5032851511169514
0.3897481219619974,0.0552364118426867,0.05170128148475475,0.5033141847105612
0.3828470380194518,0.05570291777188329,0.050397877984084884,0.51105216622458
0.38282961016206746,0.056504599211563734,0.052124397722295226,0.5085413929040736
0.38188277087033745,0.05994671403197158,0.05595026642984014,0.5022202486678508
0.3798758865248227,0.06161347517730496,0.05230496453900709,0.5062056737588653
0.37682441397611677,0.057938965059708095,0.05572755417956656,0.5095090667846086
0.37082601054481545,0.05843585237258348,0.05579964850615114,0.5149384885764499
0.3804920913884007,0.058875219683655534,0.056239015817223195,0.5043936731107206
0.3699294532627866,0.06084656084656084,0.056878306878306875,0.5123456790123457
0.3674459638288487,0.0599911777679753,0.05734450816056462,0.5152183502426114
0.37423043095866315,0.06200527704485488,0.055848724714160074,0.5079155672823219
0.3780541981341626,0.061750333185251,0.056419369169258105,0.5037760995113283
0.374167776298269,0.06302707501109632,0.052374611628939194,0.5104305370616955
0.3784261715296198,0.0614500442086649,0.05128205128205128,0.5088417329796641
0.3792196405085489,0.058746163963174045,0.05085488820692679,0.5111793073213503
0.37312775330396475,0.06079295154185022,0.05066079295154185,0.5154185022026432
0.36476316954404603,0.06285967242142541,0.05179282868525897,0.5205843293492696
0.3673740053050398,0.0605658709106985,0.052166224580017684,0.519893899204244
0.37032085561497324,0.06105169340463458,0.0481283422459893,0.5204991087344029
0.37279151943462896,0.062279151943462896,0.046819787985865724,0.5181095406360424
0.37571491421029474,0.05939287285525737,0.04663440387153542,0.5182578090629124
0.37881429816913686,0.06233653007846556,0.045335658238884045,0.5135135135135135
0.3863736263736264,0.06197802197802198,0.04527472527472527,0.5063736263736264
0.3918620079610792,0.06059265811587793,0.04688191065900044,0.5006634232640425
0.39479488310542565,0.0599911777679753,0.04719894133215704,0.49801499779444197
0.3962014134275618,0.05786219081272085,0.04946996466431095,0.49646643109540634
0.3957690612604672,0.05905685323931247,0.05156456588805641,0.4936095196121639
0.39000876424189307,0.06134969325153374,0.05214723926380368,0.4964943032427695
0.3854674346477625,0.05981391227292867,0.052724856003544526,0.5019937970757643
0.38577110030932393,0.0618647812638091,0.048608042421564294,0.5037560760053027
0.38033807829181493,0.06361209964412812,0.0498220640569395,0.5062277580071174
0.3860731599823711,0.0639048038783605,0.048038783605112385,0.501983252534156
0.38928255093002656,0.06465899025686449,0.047829937998228524,0.49822852081488045
0.3965440850686752,0.06424457244129375,0.04652193176783341,0.49268941072219763
0.38927943760984185,0.0632688927943761,0.048769771528998244,0.4986818980667838
0.3928728552573691,0.062032556093268805,0.050593928728552576,0.4945006599208095
0.401495162708883,0.05760773966578716,0.0505716798592788,0.490325417766051
0.40290620871862615,0.05592250110083664,0.05019815059445178,0.4909731395860854
0.3947718210013292,0.052724856003544526,0.05095259193619849,0.5015507310589278
0.383362676056338,0.056338028169014086,0.0528169014084507,0.5074823943661971
0.39088092076139885,0.055776892430278883,0.05002213368747233,0.5033200531208499
0.38898756660746003,0.05950266429840142,0.0497335701598579,0.5017761989342806
0.3818984547461369,0.060044150110375276,0.04768211920529802,0.5103752759381899
0.3839643652561247,0.06102449888641425,0.045879732739420934,0.5091314031180401
0.3849868305531168,0.061457418788410885,0.043459174714661986,0.5100965759438104
0.3863736263736264,0.05934065934065934,0.04395604395604396,0.5103296703296704
0.3800265134776845,0.05877154220061865,0.043747238179407864,0.517454706142289
0.37191901408450706,0.05721830985915493,0.04137323943661972,0.5294894366197183
0.3735733099209833,0.0553116769095698,0.04214223002633889,0.528972783143108
0.3756119270137962,0.05651980418335559,0.04183355585224744,0.5260347129506008
0.3723404255319149,0.051418439716312055,0.043882978723404256,0.5323581560283688
0.3663410301953819,0.0541740674955595,0.043072824156305506,0.5364120781527532
0.36846728151075975,0.05489679402722881,0.043478260869565216,0.5331576635924462
0.36100131752305664,0.05489679402722881,0.04435660957400088,0.5397452788757137
0.3631187034603592,0.05475251861585633,0.04336399474375821,0.5387647831800263
0.36916299559471366,0.053744493392070485,0.042731277533039645,0.5343612334801762
0.36591809775429324,0.05548216644649934,0.04491413474240423,0.5336856010568032
0.3598047914818101,0.05545696539485359,0.04525288376220053,0.5394853593611357
0.3611111111111111,0.054673721340388004,0.04365079365079365,0.5405643738977073
0.3596338273757629,0.05405405405405406,0.04141238012205754,0.5448997384481256
0.35815602836879434,0.05053191489361702,0.04343971631205674,0.5478723404255319
0.3600877192982456,0.05350877192982456,0.041666666666666664,0.5447368421052632
0.3653416703885663,0.053595355069227336,0.04064314426083073,0.5404198302813756
0.3566992014196983,0.05634427684117125,0.03992901508429459,0.5470275066548358
0.3557017543859649,0.05394736842105263,0.04254385964912281,0.5478070175438596
0.3609022556390977,0.05307386112339673,0.04201680672268908,0.5440070765148165
0.35849889624724063,0.052538631346578366,0.04370860927152318,0.5452538631346578
0.35645302897278314,0.0553116769095698,0.043459174714661986,0.5447761194029851
0.35954063604240283,0.05742049469964664,0.04151943462897526,0.5415194346289752
0.35402906208718626,0.059445178335535004,0.04051078819903126,0.5460149713782475
0.3520814880425155,0.05713020372010629,0.043401240035429584,0.5473870682019486
0.3567019400352734,0.05511463844797178,0.041005291005291,0.5471781305114638
0.3558201058201058,0.05511463844797178,0.04365079365079365,0.5454144620811288
0.3550531914893617,0.0549645390070922,0.04565602836879433,0.5443262411347518
0.3495864170657379,0.05616020896821942,0.049629952111449716,0.5446234218545929
0.35335689045936397,0.05742049469964664,0.046819787985865724,0.5424028268551236
0.3482456140350877,0.05482456140350877,0.05175438596491228,0.5451754385964912
0.3489583333333333,0.055989583333333336,0.052083333333333336,0.54296875
0.3486117232260908,0.05420890260026443,0.0493609519612164,0.5478184222124284
0.34664891256102975,0.056813138038171326,0.04837993786063027,0.5481580115401686
0.34853852967227633,0.0562444641275465,0.046944198405668734,0.5482728077945084
0.35481023830538394,0.05207413945278023,0.04457193292144748,0.5485436893203883
0.35645302897278314,0.05223880597014925,0.04521510096575944,0.5460930640913082
0.3583148558758315,0.049223946784922396,0.043458980044345896,0.5490022172949002
0.3595754091110128,0.04909332153914197,0.04467049977885891,0.5466607695709863
0.3576158940397351,0.04812362030905077,0.04194260485651214,0.552317880794702
0.3631929046563193,0.04700665188470066,0.039467849223946784,0.5503325942350332
0.36530880420499345,0.04643013578624617,0.037669732807709154,0.5505913272010512
0.366079295154185,0.04713656387665198,0.037444933920704845,0.5493392070484582
0.368006993006993,0.04501748251748252,0.037587412587412584,0.5493881118881119
0.3722466960352423,0.04581497797356828,0.04008810572687225,0.5418502202643172
0.3682101513802315,0.047640249332146035,0.04140694568121104,0.5427426536064114
0.3670494699646643,0.04814487632508834,0.03931095406360424,0.5454946996466431
0.36596119929453264,0.048500881834215165,0.03747795414462081,0.5480599647266314
0.36830357142857145,0.049107142857142856,0.03660714285714286,0.5459821428571429
0.36591809775429324,0.04711580801409071,0.036547776309995596,0.5504183179216204
0.3689624329159213,0.04606440071556351,0.03622540250447227,0.5487477638640429
0.37190812720848054,0.04726148409893993,0.0353356890459364,0.5454946996466431
0.3732800710164225,0.04660452729693742,0.033732800710164226,0.5463826009764758
0.36978480456741325,0.0461133069828722,0.031181379007465964,0.5529205094422486
0.360352422907489,0.04713656387665198,0.032158590308370046,0.560352422907489
0.3647214854111406,0.04509283819628647,0.032714412024756855,0.5574712643678161
0.3529668411867365,0.04450261780104712,0.034031413612565446,0.5684991273996509
0.35353982300884956,0.04380530973451328,0.034955752212389384,0.5676991150442477
0.3499558693733451,0.0410414827890556,0.03353927625772286,0.5754633715798765
0.35896289673670095,0.0424675905230219,0.0348681269557443,0.5637013857845329
0.3497340425531915,0.04210992907801418,0.03280141843971631,0.575354609929078
0.3445527015057573,0.04162976085031001,0.037643932683790966,0.5761736049601417
0.34864021399910833,0.04190815871600535,0.03923316986179224,0.5702184574230941
0.3445527015057573,0.04428697962798937,0.037643932683790966,0.5735163861824624
0.35213750550903483,0.04363155575143235,0.036579991185544294,0.5676509475539886
0.3500439753737907,0.04529463500439754,0.03781882145998241,0.5668425681618294
0.3548951048951049,0.04414335664335664,0.03802447552447553,0.5629370629370629
0.35121951219512193,0.04124168514412417,0.03725055432372506,0.5702882483370288
0.35239771227452704,0.03915530136383634,0.03783545974483062,0.570611526616806
0.3441048034934498,0.04279475982532751,0.04017467248908297,0.5729257641921397
0.3475795900566943,0.04143044047099869,0.041866550370693416,0.5691234191016136
0.34342105263157896,0.04342105263157895,0.042105263157894736,0.5710526315789474
0.3383525243578388,0.04384410983170948,0.04472984942426927,0.5730735163861824
0.3412280701754386,0.04517543859649123,0.04649122807017544,0.5671052631578948
0.3448581560283688,0.043882978723404256,0.047429078014184396,0.5638297872340425
0.3479020979020979,0.045454545454545456,0.047639860139860137,0.5590034965034965
0.3503552397868561,0.04573712255772647,0.04840142095914742,0.55550621669627
0.3472895548699868,0.044072278536800354,0.04495372410753636,0.5636844424856765
0.3516386182462356,0.047829937998228524,0.04472984942426927,0.5558015943312666
0.34991119005328597,0.046181172291296625,0.046181172291296625,0.5577264653641207
0.349644128113879,0.046263345195729534,0.04715302491103203,0.5569395017793595
0.3441048034934498,0.044978165938864625,0.044978165938864625,0.5659388646288209
0.3459507042253521,0.0448943661971831,0.04665492957746479,0.5625
0.3409893992932862,0.04284452296819788,0.04946996466431095,0.566696113074205
0.3354120267260579,0.04721603563474387,0.048106904231625836,0.5692650334075724
0.3383259911894273,0.044933920704845816,0.04977973568281938,0.5669603524229075
0.33524734982332155,0.045936395759717315,0.05035335689045936,0.5684628975265018
0.33480565371024734,0.045053003533568906,0.04946996466431095,0.5706713780918727
0.3289065958388668,0.046923417441345726,0.05267817618415228,0.5714918105356352
0.32599118942731276,0.04713656387665198,0.055506607929515416,0.5713656387665198
0.32679447168970127,0.04814979937583593,0.05974141774409273,0.56531431119037
0.32962138084632514,0.04899777282850779,0.05434298440979955,0.5670378619153675
0.3282985339848956,0.047534429142603286,0.05330964015992892,0.5708573967125722
0.3287305122494432,0.04721603563474387,0.053452115812917596,0.5706013363028953
0.3324514991181658,0.04673721340388007,0.05246913580246913,0.568342151675485
0.34069818824569154,0.04639858594785683,0.054352629253203714,0.5585505965532479
0.3412026726057906,0.04543429844097996,0.05256124721603563,0.5608017817371937
0.34073745002221234,0.04309195912927588,0.05242114615726344,0.5637494446912483
0.33494718309859156,0.043133802816901406,0.0528169014084507,0.5691021126760564
0.3234250221827862,0.04259094942324756,0.05102040816326531,0.582963620230701
0.33126110124333924,0.041740674955595025,0.051953818827708706,0.5750444049733571
0.333926981300089,0.0427426536064114,0.05075690115761353,0.572573463935886
0.3337748344370861,0.04105960264900662,0.04812362030905077,0.5770419426048565
0.3368560105680317,0.041831792162043156,0.04975781594011449,0.5715543813298106
0.33668561434193267,0.04022737210319195,0.05334499344118933,0.569742020113686
0.33067021748779407,0.03994673768308921,0.048823790501553485,0.5805592543275633
0.3206545776205219,0.04113224237063246,0.047766475011057054,0.5904467049977886
0.32418069087688217,0.038529672276350756,0.04738706820194863,0.5899025686448184
0.3250883392226148,0.038869257950530034,0.04549469964664311,0.590547703180212
0.33020554066130475,0.03932082216264522,0.04691689008042895,0.5835567470956211
0.3263858093126386,0.03902439024390244,0.04567627494456763,0.5889135254988913
0.3239312472454826,0.04010577346848832,0.043190832966064345,0.5927721463199648
0.3221830985915493,0.04401408450704225,0.03961267605633803,0.5941901408450704
0.3201581027667984,0.04391743522178305,0.039525691699604744,0.5963987703118138
0.3258278145695364,0.04194260485651214,0.038852097130242826,0.5933774834437087
0.32551968155683325,0.044228217602830605,0.03715170278637771,0.5931003980539584
0.3347978910369069,0.04481546572934974,0.03646748681898067,0.5839191564147628
0.3328941589811155,0.04391743522178305,0.03469477382520861,0.5884936319718929
0.33318623124448365,0.04236540158870256,0.03486319505736982,0.589585172109444
0.3348076072534277,0.03936311366651924,0.034055727554179564,0.5917735515258735
0.3216814159292035,0.04070796460176991,0.03716814159292035,0.6004424778761062
0.32164767747589834,0.03943908851884312,0.03680981595092025,0.6021034180543383
0.32033673017279574,0.03810367744793974,0.03721754541426672,0.6043420469649978
0.3168056164984642,0.03861342694164107,0.03861342694164107,0.6059675296182536
0.3191021126760563,0.03829225352112676,0.04005281690140845,0.6025528169014085
0.31760594145915244,0.039318479685452164,0.041502839667977284,0.601572739187418
0.3147007042253521,0.04225352112676056,0.04181338028169014,0.6012323943661971
0.31968295904887717,0.041391457507705856,0.04007045354469397,0.598855129898723
0.31836195508586523,0.04051078819903126,0.038749449581682076,0.6023778071334214
0.31796223100570925,0.039964866051822576,0.039525691699604744,0.6025472112428634
0.31148262208534977,0.04179498460184778,0.03783545974483062,0.6088869335679719
0.31418471056120195,0.04197967300044189,0.03623508616880247,0.6076005302695537
0.31808183018037833,0.04267487901451826,0.0343158820941487,0.6049274087109547
0.31771530566711287,0.0428380187416332,0.03391343150379295,0.605533244087461
0.31117021276595747,0.041666666666666664,0.031914893617021274,0.6152482269503546
0.306601683650864,0.0407620735489588,0.0358883473637572,0.6167478954364201
0.3080279232111693,0.037521815008726006,0.036212914485165795,0.618237347294939
0.3088235294117647,0.03609625668449198,0.03698752228163993,0.6180926916221033
0.3048458149779736,0.033920704845814977,0.039647577092511016,0.6215859030837004
0.30367419212040725,0.035856573705179286,0.038955289951305885,0.6215139442231076
0.3149049093321539,0.03449800973020787,0.0367094206103494,0.6138876603272888
0.31028446389496717,0.0350109409190372,0.036761487964989056,0.6179431072210065
0.31488801054018445,0.03337725076855512,0.03645147123407993,0.6152832674571805
0.3072128227960819,0.03250222617987533,0.034728406055209264,0.6255565449688335
0.3093462044756472,0.03466432645897324,0.03422553751645459,0.621763931548925
0.30914687774846084,0.036499560246262094,0.03430079155672823,0.6200527704485488
0.3104048759251197,0.034392686112320416,0.03395733565520244,0.6212451023073574
0.31274638633377133,0.03416557161629435,0.0328515111695138,0.6202365308804205
0.31288614298323036,0.032215357458075904,0.03265666372462489,0.6222418358340689
0.3133539003966505,0.031732040546496254,0.03261348611723226,0.6223005729396209
0.3090909090909091,0.03237250554323725,0.03592017738359202,0.6226164079822616
0.31616028181417877,0.029942756494936152,0.034346103038309116,0.619550858652576
0.3183209444687363,0.031045037166593792,0.03323130738959335,0.6174027109750765
0.31932773109243695,0.03228659885006634,0.033171163202122954,0.6152145068553737
0.31099430573806397,0.0328515111695138,0.0346035917652212,0.621550591327201
0.3110914714980115,0.034909412284577994,0.034909412284577994,0.6190897039328325
0.31341301460823373,0.03629924745462594,0.033200531208499334,0.617087206728641
0.312,0.03422222222222222,0.032,0.6217777777777778
0.31115028646981047,0.03525782282944028,0.03261348611723226,0.6209784045835169
0.31357806280406897,0.03449800973020787,0.033171163202122954,0.6187527642636002
0.31667403803626715,0.03494029190623618,0.03051747014595312,0.6178681999115435
0.3114247904719894,0.035288928098809,0.02867225408028231,0.6246140273489192
0.3094289508632138,0.035413899955732624,0.029659141212926073,0.6254980079681275
0.3050772626931567,0.03532008830022075,0.0282560706401766,0.6313465783664459
0.3102992957746479,0.037411971830985914,0.02640845070422535,0.6258802816901409
0.3054078014184397,0.03634751773049645,0.030585106382978722,0.6276595744680851
0.30793226381461675,0.039661319073083776,0.031194295900178252,0.6212121212121212
0.30052724077328646,0.04086115992970123,0.031195079086115993,0.6274165202108963
0.3069438301636444,0.04201680672268908,0.03228659885006634,0.6187527642636002
0.3082706766917293,0.038920831490490936,0.030959752321981424,0.6218487394957983
0.31181379007465965,0.039964866051822576,0.028985507246376812,0.619235836627141
0.3069351230425056,0.04161073825503356,0.029082774049217,0.6223713646532438
0.30282935455349247,0.04155614500442087,0.030061892130857647,0.625552608311229
0.29634522236900046,0.044033465433729636,0.03038309114927345,0.6292382210479964
0.30352422907488985,0.04052863436123348,0.028634361233480177,0.6273127753303964
0.2994250331711632,0.04157452454666077,0.03140203449800973,0.6275984077841663
0.2963940193491645,0.040457343887423045,0.032541776605101144,0.6306068601583114
0.29385964912280704,0.042105263157894736,0.033771929824561404,0.6302631578947369
0.29960229783473263,0.043747238179407864,0.037560760053026956,0.6190897039328325
0.2959363957597173,0.0446113074204947,0.04063604240282685,0.6188162544169611
0.29592284085927223,0.04559403770276195,0.04164839982463832,0.6168347216133275
0.30052956751985876,0.04501323918799647,0.040158870255957636,0.6142983230361871
0.2940133037694013,0.04567627494456763,0.042572062084257206,0.6177383592017739
0.2961316140506892,0.04535349044019564,0.04090706980880391,0.6176078257003113
0.2987588652482269,0.04609929078014184,0.03900709219858156,0.6161347517730497
0.30265486725663715,0.04513274336283186,0.03982300884955752,0.6123893805309735
0.3006108202443281,0.04712041884816754,0.037085514834205933,0.6151832460732984
0.3016220955721175,0.049539675580885574,0.03463393248575186,0.6142042963612451
0.2961316140506892,0.050689195197865716,0.03423743886171632,0.6189417518897288
