C,D,Oc,Od
0.0,0.0,1.0,0.0
0.5,0.0,0.5,0.0
0.3333333333333333,0.0,0.6666666666666666,0.0
0.16666666666666666,0.16666666666666666,0.6666666666666666,0.0
0.125,0.375,0.5,0.0
0.18181818181818182,0.2727272727272727,0.5454545454545454,0.0
0.26666666666666666,0.26666666666666666,0.4,0.06666666666666667
0.23809523809523808,0.38095238095238093,0.2857142857142857,0.09523809523809523
0.23333333333333334,0.43333333333333335,0.23333333333333334,0.1
0.2682926829268293,0.3902439024390244,0.2682926829268293,0.07317073170731707
0.25,0.40384615384615385,0.3076923076923077,0.038461538461538464
0.2727272727272727,0.42424242424242425,0.25757575757575757,0.045454545454545456
0.2926829268292683,0.3902439024390244,0.2804878048780488,0.036585365853658534
0.3047619047619048,0.3619047619047619,0.2761904761904762,0.05714285714285714
0.2558139534883721,0.3798449612403101,0.31007751937984496,0.05426356589147287
0.28205128205128205,0.36538461538461536,0.3141025641025641,0.038461538461538464
0.28191489361702127,0.3617021276595745,0.30851063829787234,0.047872340425531915
0.31555555555555553,0.3422222222222222,0.29777777777777775,0.044444444444444446
0.3284671532846715,0.3357664233576642,0.27007299270072993,0.06569343065693431
0.3496932515337423,0.32515337423312884,0.2668711656441718,0.05828220858895705
0.37150127226463103,0.3155216284987277,0.24936386768447838,0.06361323155216285
0.39215686274509803,0.28540305010893247,0.2570806100217865,0.06535947712418301
0.3907407407407407,0.28888888888888886,0.2518518518518518,0.06851851851851852
0.3996789727126806,0.2825040128410915,0.2391653290529695,0.07865168539325842
0.39436619718309857,0.29014084507042254,0.22816901408450704,0.08732394366197183
0.38451776649746194,0.2969543147208122,0.2182741116751269,0.10025380710659898
0.376,0.29942857142857143,0.21714285714285714,0.10742857142857143
0.3752535496957404,0.2971602434077079,0.2150101419878296,0.11257606490872211
0.3619402985074627,0.2966417910447761,0.21548507462686567,0.1259328358208955
0.37457627118644066,0.29322033898305083,0.2033898305084746,0.1288135593220339
0.373015873015873,0.30238095238095236,0.19206349206349208,0.13253968253968254
0.3658170914542729,0.3028485757121439,0.18440779610194902,0.1469265367316342
0.3653444676409186,0.3068893528183716,0.18441196938065413,0.14335421016005567
0.3623003194888179,0.3073482428115016,0.18210862619808307,0.14824281150159743
0.36092513694461353,0.3000608642726719,0.18259281801582472,0.15642118076688982
0.3671554252199413,0.29970674486803517,0.175366568914956,0.15777126099706745
0.36045197740112994,0.307909604519774,0.16836158192090395,0.16327683615819208
0.354006586169045,0.30735455543358947,0.1712403951701427,0.16739846322722282
0.3486045286993154,0.3048973143759874,0.1664033701948394,0.18009478672985782
0.3456221198156682,0.300563236047107,0.16077828981054787,0.1930363543266769
0.3453815261044177,0.30070281124497994,0.1536144578313253,0.2003012048192771
0.34448818897637795,0.29232283464566927,0.15403543307086615,0.2091535433070866
0.3467819404418828,0.2824207492795389,0.1580211335254563,0.212776176753122
0.34029425723777884,0.28334124347413386,0.1570953962980541,0.21926910299003322
0.33786316776007497,0.28256794751640113,0.1541705716963449,0.225398313027179
0.3351826167360148,0.2755432269995377,0.1608876560332871,0.22838650023116042
0.33725667722951563,0.27161611588954276,0.15210502489814395,0.23902218198279765
0.33530751708428247,0.2683371298405467,0.15854214123006835,0.2378132118451025
0.33855098389982113,0.27057245080500897,0.15295169946332737,0.23792486583184258
0.33452754142409313,0.27138378862516793,0.15181370353784146,0.24227496641289745
0.3403776978417266,0.2702338129496403,0.15017985611510792,0.2392086330935252
0.35246995994659547,0.2630173564753004,0.15042278593680464,0.2340898976412995
0.34692962796952037,0.26176602420439266,0.1510533393097266,0.2402510085163604
0.3410507569011576,0.2653606411398041,0.15093499554764025,0.24265360641139805
0.3445040214477212,0.2649687220732797,0.14700625558534405,0.24352100089365505
0.34295868502887605,0.26166148378498444,0.14971123944913373,0.24566859173700578
0.3468208092485549,0.2605602489995554,0.14762116496220543,0.2449977767896843
0.3446601941747573,0.264783759929391,0.1496028243601059,0.2409532215357458
0.3448275862068966,0.26436781609195403,0.15251989389920426,0.2382847038019452
0.35335689045936397,0.2592756183745583,0.14531802120141343,0.2420494699646643
0.34960070984915703,0.2622005323868678,0.14418811002661935,0.2440106477373558
0.352652697280428,0.25278644672313866,0.14623272403031654,0.2483281319661168
0.3479804704837994,0.25388371060807813,0.1446959609409676,0.2534398579671549
0.34470377019748655,0.26077199281867147,0.14631956912028726,0.24820466786355475
0.35046937863209654,0.26061689763075546,0.13768439874832364,0.25122932498882433
0.3417040358744395,0.26681614349775784,0.13946188340807175,0.2520179372197309
0.33973214285714287,0.2674107142857143,0.1357142857142857,0.2571428571428571
0.3387953941541187,0.26705048715677593,0.13773250664304695,0.25642161204605846
0.3415069103878734,0.2661613909942042,0.14043691484618814,0.2518947837717343
0.33929369691551187,0.26195797943674565,0.13813142601698702,0.26061689763075546
0.3403693931398417,0.26297273526824977,0.14116094986807387,0.25549692172383465
0.3408888888888889,0.2613333333333333,0.13866666666666666,0.2591111111111111
0.3422579205711736,0.25792057117358325,0.13877733154841587,0.26104417670682734
0.3436241610738255,0.2483221476510067,0.13557046979865772,0.27248322147651005
0.3441241685144124,0.24789356984478936,0.13481152993348117,0.2731707317073171
0.3471548301720335,0.24217026907807676,0.13674459638288486,0.27393030436700483
0.3453815261044177,0.2391789379741187,0.13743864346273985,0.2780008924587238
0.3496877787689563,0.2350579839429081,0.1409455842997324,0.27430865298840323
0.349640933572711,0.2329443447037702,0.13824057450628366,0.2791741472172352
0.3477100933748333,0.22676745220097821,0.14006224988883947,0.28546020453534904
0.3420469649977847,0.22286220646876384,0.14621178555604786,0.28887904297740363
0.3465259454705365,0.218117854001759,0.14335971855760773,0.29199648197009676
0.3477879982479194,0.211125711782742,0.14498466929478757,0.29610162067455104
0.3451641526175688,0.21251109139307897,0.14596273291925466,0.2963620230700976
0.346393588601959,0.20747996438112198,0.15004452359750667,0.2960819234194123
0.3484982332155477,0.21068904593639576,0.14620141342756185,0.2946113074204947
0.34579439252336447,0.20738762794837562,0.14463729417000445,0.30218068535825543
0.3469479353680431,0.20646319569120286,0.14272890484739678,0.30385996409335725
0.3491150442477876,0.2097345132743363,0.14601769911504425,0.29513274336283185
0.350597609561753,0.20717131474103587,0.14342629482071714,0.29880478087649404
0.3446580241394725,0.20920876173446581,0.1470719713902548,0.29906124273580686
0.3403973509933775,0.21456953642384105,0.14437086092715232,0.30066225165562915
0.3435966086568496,0.21508255243195,0.14190093708165996,0.29941990182954037
0.346512661039538,0.2136828076410484,0.14260328742780987,0.29720124389160374
0.3444890673806337,0.21240517626059796,0.14413208389112003,0.2989736724676484
0.3440715883668904,0.21118568232662194,0.141834451901566,0.3029082774049217
0.34330357142857143,0.20669642857142856,0.13794642857142858,0.31205357142857143
0.34441489361702127,0.20966312056737588,0.13652482269503546,0.30939716312056736
0.34175531914893614,0.21365248226950354,0.1356382978723404,0.30895390070921985
0.3425925925925926,0.20238095238095238,0.1349206349206349,0.3201058201058201
0.339261894175189,0.1956425077812361,0.13250333481547355,0.33259226322810137
0.3386595650244119,0.20150909897913893,0.13049267643142476,0.3293386595650244
0.34065934065934067,0.19648351648351647,0.1331868131868132,0.32967032967032966
0.33674832962138085,0.19287305122494433,0.13630289532293988,0.33407572383073497
0.3392382639503986,0.1886625332152347,0.13817537643932684,0.33392382639503987
0.33675748101831177,0.17954443948191157,0.1433675748101831,0.3403305046895936
0.3330361123495319,0.18412839946500223,0.1422202407489969,0.34061524743646904
0.33771353482260186,0.17783618046430136,0.1410424879544459,0.3434077967586509
0.3379464285714286,0.18080357142857142,0.13526785714285713,0.34598214285714285
0.33598937583001326,0.17397078353253653,0.13457281983178399,0.3554670208056662
0.3370190181335692,0.17337461300309598,0.13445378151260504,0.35515258735072974
0.34572819831783974,0.16201859229747675,0.13501549358123063,0.35723771580345287
0.34354194407456723,0.164225477141589,0.13404349755881048,0.3581890812250333
0.3453493546951491,0.159768580329328,0.1312861593235425,0.3635959056519804
0.3424778761061947,0.15973451327433627,0.13849557522123893,0.35929203539823007
0.3405096660808436,0.15905096660808435,0.13971880492091387,0.36072056239015815
0.34249003101462117,0.1537439078422685,0.13513513513513514,0.3686309260079752
0.3469750889679715,0.15658362989323843,0.12677935943060498,0.36966192170818507
0.3458149779735683,0.15418502202643172,0.1290748898678414,0.37092511013215856
0.3496877787689563,0.15521855486173058,0.12221231043710973,0.3728813559322034
0.3522878720568636,0.15370946246112838,0.11461572634384717,0.3793869391381608
0.35202492211838005,0.1548731642189586,0.11036938139741878,0.38273253226524256
0.35127978817299205,0.15401588702559577,0.10812003530450133,0.38658428949691087
0.349185380889476,0.1549977983267283,0.10656098634962571,0.38925583443416995
0.35079928952042627,0.15008880994671403,0.10701598579040852,0.39209591474245115
0.3504652193176783,0.15152857775808595,0.10544971200708905,0.39255649091714667
0.3495318769505127,0.14578689255461436,0.10566205974141775,0.3990191707534552
0.3492063492063492,0.14506172839506173,0.10185185185185185,0.4038800705467372
0.3421516754850088,0.14153439153439154,0.10449735449735449,0.41181657848324515
0.3434476693051891,0.1376429199648197,0.11125769569041337,0.4076517150395778
0.3411816970235451,0.14393602843180808,0.11061750333185251,0.4042647712127943
0.34201235657546336,0.1434245366284201,0.11209179170344219,0.4024713150926743
0.3334805653710247,0.13957597173144876,0.11174911660777385,0.41519434628975266
0.3339261894175189,0.13383726100489107,0.11738550466874166,0.4148510449088484
0.332160140783106,0.13110426748790144,0.11526616805983282,0.4214694236691597
0.33068432671081677,0.13421633554083887,0.11743929359823399,0.4176600441501104
0.3318777292576419,0.13100436681222707,0.11877729257641921,0.4183406113537118
0.32669322709163345,0.12926073483842407,0.11952191235059761,0.42452412571934484
0.32685512367491165,0.12588339222614842,0.1157243816254417,0.43153710247349825
0.325540361711513,0.12086457873842082,0.11424790471989413,0.43934715483017206
0.32468103827540695,0.11790585129784426,0.11218653761548614,0.44522657281126266
0.3201948627103631,0.11824623560673161,0.11071744906997343,0.4508414526129318
0.31713780918727913,0.11925795053003534,0.11174911660777385,0.45185512367491165
0.3180616740088106,0.11938325991189427,0.1092511013215859,0.45330396475770923
0.3211453744493392,0.12026431718061674,0.10837004405286343,0.4502202643171806
0.32289369210410235,0.12174680194089105,0.10719011910013233,0.4481693868548743
0.320704845814978,0.12334801762114538,0.10837004405286343,0.44757709251101324
0.3224813022437307,0.11834579850417949,0.11042674879014518,0.44874615046194455
0.32077979618963226,0.11962782454585734,0.10500664599025254,0.4545857332742579
0.32268086995117623,0.11939636040834443,0.10874389702618731,0.44917887261429207
0.32077979618963226,0.11475409836065574,0.11032343819229065,0.45414266725742136
0.32266666666666666,0.11155555555555556,0.112,0.4537777777777778
0.32475598935226263,0.11047027506654836,0.11091393078970718,0.4538598047914818
0.32524271844660196,0.10679611650485436,0.10944395410414828,0.4585172109443954
0.32694877505567926,0.10601336302895323,0.111358574610245,0.45567928730512247
0.32995147772386413,0.105866784296427,0.10895456550507278,0.45522717247463607
0.3270660253607346,0.10537822474857893,0.10712724092697858,0.4604285089637079
0.33127481252756946,0.10410233789148654,0.105866784296427,0.45875606528451696
0.33435987681478224,0.10426748790145182,0.10030796304443466,0.4610646722393313
0.32755555555555554,0.1,0.10488888888888889,0.46755555555555556
0.32717678100263853,0.0980650835532102,0.10861917326297274,0.46613896218117856
0.32655766681396375,0.09500662836942113,0.10649580203269995,0.4719399027839152
0.3293386595650244,0.09143364403018198,0.10608078118064802,0.4731469152241456
0.3270163067430586,0.0885852798589687,0.10356985456148082,0.48082855883649184
0.32377591530657257,0.0886634318482576,0.09880899867666519,0.48875165416850463
0.32544897065265005,0.08672798948751642,0.09329829172141918,0.49452474813841435
0.3303769401330377,0.08514412416851441,0.09268292682926829,0.4917960088691796
0.3281802120141343,0.08613074204946997,0.0892226148409894,0.49646643109540634
0.32683790965456155,0.08503100088573959,0.08724534986713905,0.5008857395925598
0.322237017310253,0.08433200177541056,0.08832667554371948,0.5051043053706169
0.31844316674038037,0.08270676691729323,0.09066784608580274,0.5081822202565237
0.32494481236203093,0.08211920529801324,0.0913907284768212,0.5015452538631346
0.32605848974247054,0.08249672632038411,0.09297250109122654,0.4984722828459188
0.3231707317073171,0.0779616724738676,0.0975609756097561,0.5013066202090593
0.32833847509916264,0.07712648743940062,0.09695901278096078,0.49757602468047596
0.33318623124448365,0.07899382171226832,0.0939982347749338,0.49382171226831423
0.3324514991181658,0.07495590828924162,0.09303350970017636,0.49955908289241624
0.33259521700620015,0.07263064658990256,0.09433126660761736,0.5004428697962799
0.3333333333333333,0.07613988490482515,0.09384683488269145,0.49667994687915007
0.33421750663129973,0.07471264367816093,0.09283819628647215,0.4982316534040672
0.33201232937032144,0.07573756054601496,0.09114927344782034,0.5011008366358433
0.33671668137687555,0.07458075904677847,0.09179170344218888,0.4969108561341571
0.336734693877551,0.07054125998225377,0.09538598047914817,0.49733806566104705
0.33040807371654235,0.07196138657305835,0.09258446687143485,0.5050460728389644
0.3296799649276633,0.07452871547566857,0.09381850065760632,0.5019728189390618
0.33215234720992026,0.07617360496014172,0.09565987599645705,0.49601417183348095
0.33004926108374383,0.0819525302283923,0.09001343484102105,0.4979847738468428
0.32684652808491815,0.07739938080495357,0.09066784608580274,0.5050862450243255
0.3273127753303965,0.07665198237885462,0.09162995594713656,0.5044052863436124
0.3281665190434012,0.07705934455270151,0.09078830823737821,0.503985828166519
0.3292361720807726,0.07111501316944688,0.08428446005267778,0.5153643546971027
0.32754010695187163,0.07263814616755793,0.08244206773618538,0.517379679144385
0.329500221141088,0.07032286598850067,0.08137992038920831,0.518796992481203
0.32786885245901637,0.07266282676118742,0.07975188303057155,0.5197164377492246
0.32727272727272727,0.07184035476718403,0.07804878048780488,0.5228381374722838
0.32114183764495985,0.07136485280999108,0.07760927743086529,0.5298840321141838
0.32346442775077333,0.06981882456915599,0.0764471939902784,0.5302695536897923
0.3224381625441696,0.0719964664310954,0.07641342756183746,0.5291519434628975
0.3287549844926894,0.07221976074435091,0.07354895879486044,0.5254762959680992
0.3312910284463895,0.06958424507658643,0.07352297592997811,0.5256017505470459
0.3325981473312748,0.07234230260255844,0.07234230260255844,0.5227172474636083
0.33114035087719296,0.07368421052631578,0.07149122807017544,0.5236842105263158
0.328042328042328,0.0718694885361552,0.07231040564373897,0.5277777777777778
0.32935455349248455,0.07515473032714412,0.07427055702917772,0.5212201591511937
0.32890070921985815,0.0797872340425532,0.0700354609929078,0.5212765957446809
0.32745702952842665,0.07844865579550463,0.06963420008814455,0.5244601145879242
0.3299469964664311,0.07685512367491167,0.06934628975265017,0.523851590106007
0.32966064345526663,0.07095636844424857,0.07183781401498457,0.5275451740855002
0.3296557811120918,0.07237422771403354,0.07149161518093557,0.5264783759929391
0.32894736842105265,0.06754385964912281,0.07412280701754385,0.5293859649122807
0.3238180196253345,0.07091882247992863,0.07627118644067797,0.5289919714540589
0.33865248226950356,0.06914893617021277,0.07358156028368794,0.5186170212765957
0.3333333333333333,0.06826241134751773,0.07624113475177305,0.5221631205673759
0.33962264150943394,0.06713470820535322,0.0759104870557262,0.5173321632294866
0.3368606701940035,0.06878306878306878,0.06966490299823633,0.5246913580246914
0.33938053097345133,0.06814159292035399,0.06814159292035399,0.5243362831858407
0.339396628216504,0.06965394853593611,0.06521739130434782,0.525732031943212
0.3349536014140521,0.0684931506849315,0.06716747680070703,0.5293857711003094
0.331397945511389,0.07101384546672622,0.06565430995980348,0.5319338990620813
0.3362949800088849,0.06841403820524211,0.06263882718791648,0.5326521545979565
0.3377600708277999,0.06728640991589199,0.05843293492695883,0.5365205843293492
0.3336267605633803,0.06690140845070422,0.06073943661971831,0.5387323943661971
0.3370141342756184,0.06757950530035335,0.05653710247349823,0.5388692579505301
0.34341637010676157,0.0653914590747331,0.055604982206405695,0.5355871886120996
0.34606938954765043,0.06587615283267458,0.05533596837944664,0.5327184892402284
0.3451910408432148,0.0707070707070707,0.05489679402722881,0.5292050944224858
0.3441473038141166,0.07058307759754494,0.05392371766768961,0.5313459009206488
0.34502411223147744,0.07102148180622533,0.057430951337132836,0.5265234546251644
0.34145261293179807,0.06908768821966342,0.05757307351638618,0.5318866253321524
0.34075723830734966,0.06859688195991091,0.058797327394209356,0.53184855233853
0.3385964912280702,0.06885964912280702,0.05526315789473684,0.5372807017543859
0.3442694663167104,0.06386701662292213,0.05861767279090114,0.5332458442694663
0.3394047090182141,0.06530430919591293,0.05819635717458907,0.5370946246112839
0.34081902245706736,0.06693086745926904,0.0603258476442096,0.531924262439454
0.34235033259423503,0.06962305986696231,0.06385809312638581,0.5241685144124169
0.34503950834064967,0.06628621597892889,0.06233538191395961,0.5263388937664618
0.33653846153846156,0.06643356643356643,0.06337412587412587,0.5336538461538461
0.3392539964476021,0.06705150976909414,0.06172291296625222,0.5319715808170515
0.3361270401411557,0.061755624172915746,0.061755624172915746,0.5403617115130128
0.338339222614841,0.05918727915194346,0.06007067137809187,0.5424028268551236
0.3395805443998215,0.05800981704596162,0.06113342257920571,0.5412762159750112
0.3339222614840989,0.06007067137809187,0.06007067137809187,0.5459363957597173
0.3388172521120498,0.06047132058692752,0.062249888839484215,0.5384615384615384
0.3349600709849157,0.06255545696539486,0.06521739130434782,0.5372670807453416
0.33640755379885817,0.06280193236714976,0.06280193236714976,0.5379885814668424
0.3366988586479368,0.06628621597892889,0.058384547848990345,0.538630377524144
0.340859748154581,0.06600086843247938,0.059921841076856275,0.5332175423360833
0.33799126637554583,0.06681222707423581,0.056768558951965066,0.5384279475982533
0.33109919571045576,0.0679177837354781,0.058534405719392314,0.5424486148346738
0.3281870313189237,0.06528451698279665,0.060873400970445524,0.5456550507278342
0.33083370092633435,0.06528451698279665,0.0599911777679753,0.5438906043228937
0.328515111695138,0.0639509417433202,0.06044678055190539,0.5470871660096365
0.32788334069818825,0.06539991162174105,0.06142288996906761,0.5452938577110031
0.33510167992926615,0.06675508399646331,0.05747126436781609,0.5406719717064544
0.3287488908606921,0.06654835847382432,0.05989352262644188,0.5448092280390417
0.33612334801762117,0.06740088105726873,0.05859030837004405,0.5378854625550661
0.33070521243977224,0.06964520367936924,0.06176084099868594,0.5378887428821726
0.32745702952842665,0.07007492287351257,0.061260467166152494,0.5412075804319083
0.3237378210806023,0.06864481842338352,0.06288751107174491,0.5447298494242693
0.32171226831421007,0.06575463371579876,0.06222418358340689,0.5503089143865842
0.3239063190455148,0.0684931506849315,0.06098099867432612,0.5466195315952276
0.31957857769973663,0.06628621597892889,0.06540825285338016,0.5487269534679543
0.31894273127753303,0.06651982378854626,0.06387665198237885,0.5506607929515418
0.3256330519768992,0.06796979120390938,0.06308307418924922,0.5433140826299423
0.3287731685789938,0.06928508384819064,0.0617828773168579,0.5401588702559577
0.3273942093541203,0.06815144766146994,0.060133630289532294,0.5443207126948775
0.3265215459795646,0.06974677920924034,0.05730786317192359,0.5464238116392715
0.32684652808491815,0.06368863334807608,0.0583812472357364,0.5510835913312694
0.324801412180053,0.06398940864960283,0.058693733451015,0.5525154457193292
0.3286467486818981,0.06546572934973638,0.05755711775043937,0.5483304042179262
0.3245498462889767,0.06455862977602109,0.059727711901624944,0.5511638120333773
0.3244562805148691,0.06302707501109632,0.05992010652463382,0.5525965379494008
0.32625994694960214,0.060123784261715295,0.0614500442086649,0.5521662245800176
0.32891246684350134,0.0645446507515473,0.05747126436781609,0.5490716180371353
0.325540361711513,0.06352007057785619,0.056021173356859286,0.5549183943537715
0.3261253309796999,0.06001765225066196,0.057811120917917035,0.556045895851721
0.3265934065934066,0.05978021978021978,0.05934065934065934,0.5542857142857143
0.3252212389380531,0.05752212389380531,0.06017699115044248,0.5570796460176991
0.3219448094612352,0.057380639509417436,0.06132282084975909,0.5593517301795883
0.3281045751633987,0.05577342047930283,0.06100217864923747,0.555119825708061
0.3305235137533274,0.055013309671694766,0.05856255545696539,0.5559006211180124
0.3314285714285714,0.053626373626373625,0.05978021978021978,0.5551648351648352
0.3285968028419183,0.05150976909413854,0.05905861456483126,0.5608348134991119
0.3219814241486068,0.05484298982750995,0.057054400707651484,0.5661211853162318
0.3229486616937253,0.05748135146994296,0.054848617814831066,0.5647213690215006
0.32196634189548273,0.05845881310894597,0.05137289636846767,0.5682019486271036
0.322508896797153,0.06005338078291815,0.04893238434163701,0.5685053380782918
0.3257978723404255,0.06294326241134751,0.047429078014184396,0.5638297872340425
0.3207885304659498,0.06137992831541219,0.04614695340501792,0.5716845878136201
0.32216835610401057,0.05861613045394447,0.04715733803437638,0.5720581754076686
0.3133479212253829,0.05951859956236324,0.045951859956236324,0.5811816192560175
0.311533362792753,0.05700397702165267,0.05037560760053027,0.5810870525850641
0.3090185676392573,0.054376657824933686,0.05128205128205128,0.5853227232537578
0.31070956368444247,0.054649625385632436,0.0502423975319524,0.5843984133979727
0.3113666519239275,0.05484298982750995,0.048651039363113664,0.5851393188854489
0.30070237050043896,0.05706760316066725,0.04784899034240562,0.5943810359964882
0.30225364560318163,0.058329650905877155,0.047724259832081305,0.5916924436588599
0.29641116526362427,0.05892778023925565,0.04962339388568897,0.5950376606114312
0.3057887759611136,0.0547945205479452,0.05170128148475475,0.5877154220061864
0.30615861763402746,0.05183872396987151,0.05405405405405406,0.587948604342047
0.3078982597054886,0.05220883534136546,0.05667112896028559,0.5832217759928603
0.3057887759611136,0.05302695536897923,0.05656208572691118,0.5846221829429961
0.3037199124726477,0.05645514223194748,0.054266958424507655,0.5855579868708971
0.3066432028156621,0.05411350637923449,0.05367355917289925,0.5855697316322042
0.30677290836653387,0.05312084993359894,0.056219566179725546,0.5838866755201416
0.30863656291100394,0.051731696624287594,0.057430951337132836,0.5822007891275757
0.30183727034120733,0.05380577427821522,0.05249343832020997,0.5918635170603674
0.30114135206321335,0.05575065847234416,0.053555750658472345,0.5895522388059702
0.29766622633201234,0.05636283575517393,0.057243505063848524,0.5887274328489652
0.29995569339831635,0.056269384138236594,0.06025697828976517,0.5835179441736819
0.3045212765957447,0.057624113475177305,0.06028368794326241,0.5775709219858156
0.2974989030276437,0.058797718297498906,0.05397103992979377,0.5897323387450636
0.30185348631950576,0.05648720211827008,0.052515445719329215,0.589143865842895
0.29955947136563876,0.05814977973568282,0.053744493392070485,0.5885462555066079
0.3019538188277087,0.0586145648312611,0.05284191829484902,0.5865896980461812
0.30606860158311344,0.0584872471416007,0.0505716798592788,0.5848724714160071
0.3046153846153846,0.05934065934065934,0.05054945054945055,0.5854945054945055
0.30480349344978164,0.05720524017467249,0.050655021834061134,0.5873362445414847
0.30241758241758243,0.056703296703296706,0.05186813186813187,0.589010989010989
0.3010136624063464,0.05817540766857646,0.05112384310268841,0.5896870868223887
0.30066225165562915,0.058719646799116995,0.053421633554083886,0.58719646799117
0.29295154185022027,0.055947136563876655,0.05462555066079295,0.5964757709251102
0.29608446986361636,0.05103387593488781,0.05587329520457545,0.5970083589969204
0.28737170905845605,0.0499776885319054,0.060240963855421686,0.6024096385542169
0.29170344218887906,0.04854368932038835,0.059576345984112974,0.6001765225066196
0.2839506172839506,0.05026455026455026,0.062169312169312166,0.6036155202821869
0.2858403176003529,0.05205116894574327,0.061755624172915746,0.6003528892809881
0.2793271359008411,0.054891544931385566,0.06285967242142541,0.602921646746348
0.2804395604395604,0.05406593406593407,0.06241758241758242,0.6030769230769231
0.2782646801051709,0.05346187554776512,0.06310254163014899,0.605170902716915
0.28375387339530767,0.049136786188579015,0.06020362992474546,0.6069057104913679
0.28893805309734516,0.05132743362831858,0.059734513274336286,0.6
0.2814292015880018,0.049845610939567714,0.060873400970445524,0.607851786501985
0.28685612788632325,0.050621669626998225,0.06349911190053285,0.5990230905861457
0.28456735057983945,0.04950936663693131,0.06735057983942908,0.5985727029438002
0.2916299559471366,0.04801762114537445,0.06696035242290749,0.5933920704845815
0.2892998678996037,0.04711580801409071,0.06649053280493175,0.5970937912813739
0.2862190812720848,0.05079505300353357,0.06448763250883392,0.5984982332155477
0.29251101321585904,0.04933920704845815,0.06211453744493392,0.5960352422907489
0.2921847246891652,0.04662522202486678,0.06039076376554174,0.6007992895204263
0.2904231625835189,0.04721603563474387,0.05612472160356347,0.6062360801781738
0.29487750556792874,0.04543429844097996,0.05434298440979955,0.6053452115812917
0.29469026548672567,0.04513274336283186,0.05221238938053097,0.6079646017699115
0.2952173913043478,0.044782608695652176,0.052608695652173916,0.6073913043478261
0.2972122302158273,0.046762589928057555,0.048561151079136694,0.6074640287769785
0.29894179894179895,0.04938271604938271,0.043209876543209874,0.6084656084656085
0.3011463844797178,0.048500881834215165,0.045414462081128745,0.6049382716049383
0.29610162067455104,0.049058256679807274,0.04818221638195357,0.6066579062636881
0.29349269588313415,0.04780876494023904,0.046923417441345726,0.6117751217352811
0.28445618670189343,0.0488771466314399,0.048436811977102597,0.618229854689564
0.2922737306843267,0.04768211920529802,0.04944812362030905,0.6105960264900663
0.2893467777290662,0.04690925032880316,0.053485313459009205,0.6102586584831214
0.27498889382496666,0.04931141714793425,0.05330964015992892,0.6223900488671702
0.27785175321793165,0.04971149578339991,0.056813138038171326,0.6156236129604972
0.2763445561871447,0.048535198950590296,0.05640577175338872,0.6187144731088763
0.27144120247568526,0.050397877984084884,0.05702917771883289,0.621131741821397
0.27224435590969454,0.05223550243470562,0.057104913678618856,0.618415227976981
0.27846425419240955,0.05163283318623124,0.05560458958517211,0.6142983230361871
0.28010586678429644,0.05161005734450816,0.0564622849580944,0.611821790913101
0.28245299910474486,0.05550581915846016,0.05684870188003581,0.6051924798567592
0.2782646801051709,0.05696757230499562,0.058720420683610865,0.6060473269062226
0.27794962439239945,0.05700397702165267,0.06053910737958462,0.6045072912063633
0.2751766784452297,0.05786219081272085,0.05830388692579505,0.6086572438162544
0.27111111111111114,0.057777777777777775,0.05644444444444444,0.6146666666666667
0.2734132268086995,0.055481580115401684,0.056813138038171326,0.6142920550377274
0.2666080070391553,0.05807303123625165,0.06247250329960405,0.612846458424989
0.2634146341463415,0.055875831485587585,0.05809312638580931,0.6226164079822616
0.2592267135325132,0.056239015817223195,0.06019332161687171,0.6243409490333919
0.2620202911336568,0.0529333921482135,0.061314512571680635,0.623731804146449
0.2662852112676056,0.05193661971830986,0.0625,0.6192781690140845
0.2693147097337407,0.0528153644696639,0.0663465735486687,0.6115233522479266
0.26861123204179366,0.050500653025685675,0.06660861993905094,0.6142794949934698
0.2614035087719298,0.05307017543859649,0.06842105263157895,0.6171052631578947
0.2598944591029024,0.04969217238346526,0.07167985927880387,0.6187335092348285
0.25742135578201153,0.04918032786885246,0.06778910057598582,0.6256092157731502
0.261978021978022,0.05142857142857143,0.06417582417582418,0.6224175824175824
0.2656042496679947,0.05312084993359894,0.06241699867197875,0.6188579017264276
0.2712014134275618,0.052120141342756186,0.061837455830388695,0.6148409893992933
0.27396657871591906,0.04925241864555849,0.06200527704485488,0.6147757255936676
0.2740871095468544,0.04839419269687637,0.062032556093268805,0.6154861416630004
0.2778761061946903,0.05088495575221239,0.06283185840707965,0.6084070796460177
0.27890556045895853,0.05163283318623124,0.06310679611650485,0.6063548102383054
0.2718016821602479,0.05090748118636565,0.0619743249225321,0.6153165117308543
0.27185732927359724,0.047411918225315354,0.06437581557198782,0.6163549369290996
0.2717198581560284,0.05053191489361702,0.06427304964539007,0.6134751773049646
0.26849434290687557,0.050913838120104436,0.06179286335944299,0.618798955613577
0.27555945590171127,0.05353225098727512,0.06143045195261079,0.6094778411584028
0.27472035794183447,0.05413870246085011,0.06040268456375839,0.610738255033557
0.27170993733213966,0.05550581915846016,0.05953446732318711,0.6132497761862131
0.27971718957136543,0.05170128148475475,0.06098099867432612,0.6076005302695537
0.2731685789938217,0.05383936451897617,0.061341571050308914,0.6116504854368932
0.2764084507042254,0.05457746478873239,0.05985915492957746,0.6091549295774648
0.2775310834813499,0.05328596802841918,0.05994671403197158,0.6092362344582594
0.27220503756076003,0.053468846663720725,0.06053910737958462,0.6137870083959346
0.27113447218572057,0.05300043802014893,0.060008760402978534,0.615856329391152
0.27076923076923076,0.05142857142857143,0.0610989010989011,0.6167032967032967
0.2689594356261023,0.05246913580246913,0.06040564373897707,0.6181657848324515
0.26660761736049604,0.05358724534986714,0.062444641275465014,0.6173604960141719
0.27708703374777977,0.0541740674955595,0.0608348134991119,0.6079040852575488
0.27104451300132215,0.05817540766857646,0.062141912736888495,0.6086381665932129
0.2731336611533304,0.06079570853822083,0.062136790344211,0.6039338399642378
0.2717149220489978,0.06280623608017817,0.0645879732739421,0.600890868596882
0.270509977827051,0.06031042128603104,0.06208425720620843,0.6070953436807095
0.27461368653421636,0.059602649006622516,0.0631346578366446,0.6026490066225165
0.2690423162583519,0.05968819599109131,0.062360801781737196,0.6089086859688196
0.2697921273772667,0.062361786819991154,0.06368863334807608,0.6041574524546661
0.2741364038972542,0.061558901682905225,0.06510186005314438,0.5992028343666962
0.2755102040816326,0.058118899733806566,0.06610470275066549,0.6002661934338953
0.28012449977767895,0.057358826144953315,0.06714095153401511,0.5953757225433526
0.27775320654577623,0.05616983635559487,0.06899601946041574,0.5970809376382131
0.26889661164205036,0.058644656820156384,0.06559513466550826,0.606863596872285
0.2656794425087108,0.06010452961672474,0.06707317073170732,0.6071428571428571
0.26382791922739246,0.061018437225636525,0.06672519754170325,0.6084284460052678
0.26290251433612705,0.05822673136303485,0.06307895897662108,0.615791795324217
0.2605228178998671,0.057155516171909615,0.06424457244129375,0.6180770934869295
0.2608695652173913,0.055013309671694766,0.061224489795918366,0.6228926353149956
0.2650814619110524,0.05592250110083664,0.06560986349625715,0.6133861734918538
0.2633889376646181,0.05794556628621598,0.06672519754170325,0.6119402985074627
0.255659121171771,0.05903240124278739,0.06569019085663559,0.619618286728806
0.260507880910683,0.05516637478108581,0.06786339754816112,0.6164623467600701
0.2619991193306913,0.05680317040951123,0.06737120211360634,0.6138265081461911
0.2605820105820106,0.054673721340388004,0.06569664902998236,0.6190476190476191
0.26616805983282005,0.05587329520457545,0.06511218653761548,0.612846458424989
0.2741003998223012,0.05730786317192359,0.06219458018658374,0.6063971568191915
0.27107364685004437,0.06299911268855368,0.06078083407275954,0.6051464063886424
0.2673179396092362,0.05905861456483126,0.0630550621669627,0.6105683836589698
0.26243339253996445,0.06039076376554174,0.06127886323268206,0.6158969804618117
0.26640070921985815,0.057624113475177305,0.06161347517730496,0.6143617021276596
0.26531511679153813,0.05641251652710445,0.059497576024680476,0.618774790656677
0.2691292875989446,0.056288478452066845,0.06200527704485488,0.6125769569041337
0.2673960612691466,0.05645514223194748,0.060831509846827135,0.6153172866520787
0.26343612334801764,0.059030837004405284,0.05814977973568282,0.6193832599118942
0.27176314626601855,0.05700397702165267,0.054352629253203714,0.6168802474591251
0.26808699511762096,0.05725699067909454,0.05370616955170883,0.6209498446515757
0.26520787746170676,0.05514223194748359,0.0525164113785558,0.6271334792122538
0.26388271879164815,0.05553087516659263,0.05153265215459796,0.6290537538871612
0.2680683311432326,0.05606657906263688,0.04993429697766097,0.6259307928164696
0.26501766784452296,0.055212014134275615,0.04991166077738516,0.6298586572438163
0.26711111111111113,0.05333333333333334,0.049777777777777775,0.6297777777777778
0.26415929203539823,0.05575221238938053,0.05,0.6300884955752213
0.2669902912621359,0.05339805825242718,0.04633715798764342,0.6332744924977934
0.2705207413945278,0.05692850838481906,0.04324801412180053,0.6293027360988526
0.2640845070422535,0.056338028169014086,0.04533450704225352,0.6342429577464789
0.2681095406360424,0.05697879858657244,0.04328621908127209,0.6316254416961131
0.2710655372269282,0.05751226036558181,0.04458314757021846,0.6268390548372715
0.2712694877505568,0.05389755011135858,0.04365256124721604,0.6311804008908686
0.27348551360842843,0.05267778753292362,0.04214223002633889,0.6316944688323091
0.27217125382262997,0.053735255570117955,0.04281345565749235,0.6312800349497597
0.2741514360313316,0.05221932114882506,0.044821583986074845,0.6288076588337685
0.26786497150372646,0.05523893029373082,0.04734765453748356,0.6295484436650591
0.27179715302491103,0.054270462633451956,0.046708185053380785,0.6272241992882562
0.2757709251101322,0.05330396475770925,0.044933920704845816,0.6259911894273128
0.27432848965213563,0.05592250110083664,0.044033465433729636,0.6257155438132981
0.269757174392936,0.052980132450331126,0.045033112582781455,0.6322295805739514
0.2687361419068736,0.054988913525498895,0.04390243902439024,0.6323725055432372
0.2594713656387665,0.05506607929515418,0.04669603524229075,0.6387665198237885
0.25633187772925764,0.05720524017467249,0.04759825327510917,0.6388646288209607
0.26443367122080214,0.05376817981489643,0.04715733803437638,0.6346408109299251
0.26215738284703805,0.054376657824933686,0.046861184792219276,0.636604774535809
0.2587873462214411,0.054042179261862916,0.048330404217926184,0.6388400702987698
0.25865128660159714,0.05146406388642413,0.048802129547471165,0.6410825199645075
0.25327510917030566,0.05283842794759825,0.04978165938864629,0.6441048034934498
0.2603890362511052,0.054376657824933686,0.046861184792219276,0.6383731211317418
0.2606969563299515,0.054697838553153945,0.05205116894574327,0.6325540361711512
0.26311111111111113,0.05644444444444444,0.052444444444444446,0.628
0.2537577365163572,0.05614500442086649,0.04995579133510168,0.6401414677276747
0.25675077467906154,0.059318282425852145,0.04869411243913236,0.6352368304559539
0.25244879786286734,0.06010685663401603,0.05031166518254675,0.6371326803205699
0.25165562913907286,0.059602649006622516,0.053421633554083886,0.6353200883002208
0.25384953805543337,0.062032556093268805,0.05279366476022877,0.6313242410910691
0.256,0.06133333333333333,0.049777777777777775,0.6328888888888888
0.2630405706642889,0.06107891217119929,0.04993312527864467,0.6259473918858671
0.2655417406749556,0.05950266429840142,0.049289520426287745,0.6256660746003553
0.26341248900615655,0.06156552330694811,0.051451187335092345,0.623570800351803
0.26699463327370304,0.06216457960644007,0.04740608228980322,0.6234347048300537
0.2657558395769061,0.06302335830762451,0.04759806081974438,0.623622741295725
0.27121609798775154,0.0621172353455818,0.047244094488188976,0.6194225721784777
0.26380910296067167,0.06363234644277507,0.05170128148475475,0.6208572691117985
0.2592431491953023,0.06524575902566333,0.05219660722053066,0.6233144845585037
0.26457597173144876,0.06316254416961131,0.04946996466431095,0.622791519434629
0.2675496688741722,0.05827814569536424,0.05121412803532009,0.6229580573951435
0.2623169107856192,0.056369285397248114,0.048823790501553485,0.6324900133155792
0.2688028482421006,0.056074766355140186,0.0516243880729862,0.6234979973297731
0.2671688081524147,0.05538325210456358,0.056269384138236594,0.6211785556047851
0.2695035460992908,0.05452127659574468,0.05673758865248227,0.6192375886524822
0.2622005323868678,0.055013309671694766,0.06078083407275954,0.6220053238686779
0.26205083260297984,0.05696757230499562,0.06091148115687993,0.6200701139351447
0.26217891939769705,0.05447298494242692,0.062444641275465014,0.620903454384411
0.2594402487783207,0.05819635717458907,0.05864060417592181,0.6237227898711684
0.2545697726259474,0.05840392331698618,0.056620597414177444,0.630405706642889
0.2510974539069359,0.05575065847234416,0.05794556628621598,0.6352063213345039
0.2566725978647687,0.05382562277580071,0.05782918149466192,0.6316725978647687
0.25507502206531335,0.05736981465136805,0.06090026478375993,0.6266548984995587
0.2515473032714412,0.05570291777188329,0.0605658709106985,0.632183908045977
0.25253415601586604,0.05597179374173645,0.06346408109299251,0.628029969149405
0.2524401064773736,0.05678793256433008,0.06433007985803017,0.6264418811002662
0.2513134851138354,0.05560420315236427,0.0647985989492119,0.6282837127845884
0.25021987686895336,0.055408970976253295,0.06156552330694811,0.6328056288478452
0.25220848056537104,0.05786219081272085,0.060954063604240286,0.6289752650176679
0.2491103202846975,0.05738434163701068,0.05827402135231317,0.6352313167259787
0.24424778761061947,0.0584070796460177,0.05752212389380531,0.6398230088495576
0.24083769633507854,0.05715532286212915,0.060209424083769635,0.6417975567190227
0.238556338028169,0.05941901408450704,0.05677816901408451,0.6452464788732394
0.24425795053003532,0.05918727915194346,0.05609540636042403,0.6404593639575972
0.24214254094732182,0.057104913678618856,0.055776892430278883,0.6449756529437805
0.2424507658643326,0.05864332603938731,0.06039387308533917,0.6385120350109409
0.239647577092511,0.059030837004405284,0.06079295154185022,0.6405286343612335
0.2374289462177525,0.059466550065588104,0.05815478793178837,0.644949715784871
0.23773416592328278,0.05976806422836753,0.06021409455842997,0.6422836752899197
0.2409691629955947,0.055947136563876655,0.05638766519823789,0.6466960352422908
0.2401766004415011,0.05562913907284768,0.05739514348785872,0.6467991169977925
0.23727312970340858,0.05267817618415228,0.05887560867640549,0.6511730854360337
0.2305641936916926,0.05153265215459796,0.059973345179920035,0.6579298089737894
0.23487544483985764,0.054270462633451956,0.06316725978647687,0.6476868327402135
