C,D,Oc,Od
1.0,0.0,0.0,0.0
0.5,0.0,0.0,0.5
0.6,0.0,0.0,0.4
0.4,0.0,0.0,0.6
0.38095238095238093,0.0,0.0,0.6190476190476191
0.36363636363636365,0.030303030303030304,0.0,0.6060606060606061
0.3148148148148148,0.1111111111111111,0.0,0.5740740740740741
0.3333333333333333,0.14285714285714285,0.0,0.5238095238095238
0.3203125,0.1640625,0.015625,0.5
0.31521739130434784,0.17391304347826086,0.010869565217391304,0.5
0.3215686274509804,0.19215686274509805,0.027450980392156862,0.4588235294117647
0.30434782608695654,0.20579710144927535,0.043478260869565216,0.4463768115942029
0.28444444444444444,0.21333333333333335,0.042222222222222223,0.46
0.2779783393501805,0.22563176895306858,0.039711191335740074,0.4566787003610108
0.27647058823529413,0.22794117647058823,0.04411764705882353,0.4514705882352941
0.27530864197530863,0.22592592592592592,0.04814814814814815,0.4506172839506173
0.2709677419354839,0.23010752688172043,0.04946236559139785,0.44946236559139785
0.2591549295774648,0.23380281690140844,0.051643192488262914,0.45539906103286387
0.25891341256366723,0.23429541595925296,0.056876061120543296,0.44991511035653653
0.2530581039755352,0.23318042813455658,0.06192660550458716,0.4518348623853211
0.2463867859600826,0.23331039229181005,0.06951135581555402,0.4507914659325533
0.24094087730451366,0.23458359821996186,0.0743801652892562,0.45009535918626825
0.24444444444444444,0.22642642642642644,0.07627627627627627,0.45285285285285287
0.24369747899159663,0.22857142857142856,0.07338935574229692,0.45434173669467787
0.2492046659597031,0.2258748674443266,0.07104984093319194,0.45387062566277836
0.2571138211382114,0.22357723577235772,0.07317073170731707,0.44613821138211385
0.26072289156626505,0.21397590361445784,0.07855421686746988,0.44674698795180723
0.27102803738317754,0.20514018691588784,0.07616822429906542,0.44766355140186914
0.27070063694267515,0.20291173794358508,0.07643312101910828,0.4499545040946315
0.2830357142857143,0.19375,0.08169642857142857,0.44151785714285713
0.28021248339973437,0.1845949535192563,0.08676405489154493,0.4484285081894644
0.2843915343915344,0.1865079365079365,0.08994708994708994,0.43915343915343913
0.2870249017038008,0.18392311052861512,0.09086937527304499,0.4381826124945391
0.2892199824715162,0.1831726555652936,0.09377738825591586,0.43382997370727433
0.28671943711521547,0.18909410729991205,0.09146877748460862,0.43271767810026385
0.28065515714918104,0.1845949535192563,0.09384683488269145,0.4409030544488712
0.2786026200873362,0.19126637554585152,0.10043668122270742,0.42969432314410483
0.28634361233480177,0.18898678414096917,0.10044052863436123,0.42422907488986783
0.2862175253192426,0.18582122413033905,0.10303830911492734,0.424922941435491
0.2828193832599119,0.19118942731277533,0.1026431718061674,0.4233480176211454
0.28171478565179353,0.19247594050743658,0.10454943132108487,0.421259842519685
0.2836411609498681,0.1882145998240985,0.10422163588390501,0.4239226033421284
0.28742780986228345,0.19102621057307864,0.09773434029320302,0.4238116392714349
0.2844638949671772,0.19212253829321663,0.10065645514223195,0.42275711159737417
0.28760476400529333,0.19232465813850905,0.09880899867666519,0.42126157917953244
0.2858414959928762,0.19946571682991987,0.09483526268922529,0.41985752448797864
0.28608923884514437,0.20078740157480315,0.09667541557305337,0.41644794400699914
0.28222996515679444,0.2038327526132404,0.10104529616724739,0.41289198606271776
0.28078602620087334,0.20655021834061135,0.1,0.4126637554585153
0.2784090909090909,0.20236013986013987,0.10183566433566434,0.4173951048951049
0.28144239226033424,0.20360598065083554,0.10026385224274406,0.4146877748460862
0.28377787494534323,0.20419763882815917,0.09881941407958024,0.4132050721469174
0.2909330985915493,0.20334507042253522,0.09683098591549295,0.40889084507042256
0.29010989010989013,0.20527472527472526,0.10153846153846154,0.40307692307692305
0.2912966252220249,0.20603907637655416,0.10079928952042629,0.4018650088809947
0.2923280423280423,0.20590828924162258,0.1027336860670194,0.3990299823633157
0.29365079365079366,0.20679012345679013,0.1027336860670194,0.3968253968253968
0.2914285714285714,0.20659340659340658,0.10021978021978022,0.40175824175824176
0.28640776699029125,0.21359223300970873,0.10194174757281553,0.39805825242718446
0.28249336870026526,0.22104332449160036,0.10344827586206896,0.39301503094606544
0.28415539065910084,0.21737232649498037,0.1043212570929725,0.3941510257529463
0.281972937581842,0.21780881711043212,0.10824967263203841,0.39196857267568747
0.27918118466898956,0.21210801393728224,0.11019163763066202,0.3985191637630662
0.2773882559158633,0.21384750219106047,0.11437335670464505,0.3943908851884312
0.2738938053097345,0.21902654867256638,0.11814159292035398,0.38893805309734514
0.27706013363028953,0.22538975501113587,0.11447661469933185,0.3830734966592428
0.27385707944962273,0.2268086995117621,0.11451398135818908,0.3848202396804261
0.268760907504363,0.23080279232111692,0.11343804537521815,0.38699825479930194
0.26217891939769705,0.2329495128432241,0.11780336581045173,0.3870682019486271
0.26292725679228746,0.23488168273444346,0.1196319018404908,0.3825591586327783
0.2723701440419031,0.233085988651244,0.11436054124836316,0.38018332605848976
0.2671957671957672,0.23985890652557318,0.11772486772486772,0.3752204585537919
0.2744924977934687,0.235657546337158,0.11606354810238305,0.3737864077669903
0.27645502645502645,0.23677248677248677,0.11728395061728394,0.36948853615520283
0.27583187390542907,0.23204903677758318,0.11602451838879159,0.37609457092819615
0.2770034843205575,0.23780487804878048,0.11933797909407666,0.36585365853658536
0.28084918177797435,0.2410437859354268,0.12074303405572756,0.3573639982308713
0.28180212014134276,0.2332155477031802,0.12234982332155477,0.3626325088339223
0.28501988510826337,0.23331860362350862,0.12196199734865223,0.3596995139195758
0.28081886960391633,0.23052959501557632,0.1272808188696039,0.3613707165109034
0.2806167400881057,0.22995594713656387,0.12819383259911896,0.36123348017621143
0.27945084145261295,0.224977856510186,0.13330380868024802,0.3622674933569531
0.2765957446808511,0.225177304964539,0.1325354609929078,0.36569148936170215
0.27164835164835166,0.2246153846153846,0.1345054945054945,0.36923076923076925
0.2761780104712042,0.2194589877835951,0.1330715532286213,0.3712914485165794
0.26786497150372646,0.22753178430512933,0.13678211310828584,0.3678211310828584
0.27292672224659936,0.22904782799473453,0.13339183852566916,0.3646336112329969
0.26455026455026454,0.22707231040564374,0.1371252204585538,0.3712522045855379
0.2655491839435377,0.22761358623731803,0.13630348478164975,0.3705337450374945
0.26918018412976763,0.2227093380096449,0.13634370889960543,0.37176676896098204
0.26672653794342166,0.22317018410417602,0.1383026493039964,0.3718006286484059
0.26902654867256637,0.22743362831858407,0.14424778761061946,0.35929203539823007
0.26992514310876264,0.2289740202553941,0.142668428005284,0.35843240863055925
0.2634623943035158,0.22874944370271474,0.14508233199821985,0.3627058299955496
0.2649647887323944,0.2266725352112676,0.14656690140845072,0.3617957746478873
0.26434245366284204,0.22418358340688438,0.14827890556045895,0.36319505736981467
0.26187363834422656,0.22701525054466232,0.15294117647058825,0.3581699346405229
0.26810004387889425,0.22729267222465993,0.1465555068012286,0.3580517770952172
0.2742504409171076,0.2292768959435626,0.1437389770723104,0.3527336860670194
0.275621456607065,0.23026602703881377,0.14653292629742695,0.3475795900566943
0.2753303964757709,0.23039647577092512,0.14317180616740088,0.35110132158590307
0.2770034843205575,0.23301393728222997,0.14111498257839722,0.3488675958188153
0.28835164835164834,0.2312087912087912,0.13274725274725274,0.3476923076923077
0.2833775419982317,0.23297966401414677,0.1348364279398762,0.34880636604774534
0.2847006651884701,0.2270509977827051,0.13702882483370288,0.35121951219512193
0.27640156453715775,0.22729248152976966,0.1421121251629726,0.35419382877009997
0.2744755244755245,0.22683566433566432,0.1437937062937063,0.3548951048951049
0.27149122807017545,0.225,0.14736842105263157,0.356140350877193
0.27268722466960355,0.2277533039647577,0.14889867841409693,0.35066079295154184
0.27006651884700666,0.2328159645232816,0.1516629711751663,0.34545454545454546
0.26555652936021035,0.23794916739702016,0.1516213847502191,0.3448729184925504
0.26892252894033836,0.2346393588601959,0.15004452359750667,0.346393588601959
0.27009222661396576,0.23847167325428195,0.1497584541062802,0.3416776460254721
0.27028218694885364,0.23941798941798942,0.15299823633156967,0.3373015873015873
0.2702702702702703,0.24498692240627726,0.14603312990409764,0.3387096774193548
0.2649270234409553,0.24723573639982308,0.14551083591331268,0.3423264042459089
0.2640597539543058,0.2460456942003515,0.15070298769771528,0.3391915641476274
0.2751971954425942,0.24189307624890447,0.1520595968448729,0.3308501314636284
0.27580149319279756,0.24593763724198506,0.15195432586736934,0.32630654369784806
0.2762577228596646,0.2502206531332745,0.1496028243601059,0.32391879964695497
0.2794837561192701,0.25322652425456166,0.14419225634178906,0.32309746328437916
0.2776315789473684,0.24956140350877193,0.1442982456140351,0.3285087719298246
0.2810834813499112,0.2464476021314387,0.14564831261101244,0.3268206039076377
0.2833260008798944,0.24593048834139902,0.14474263088429387,0.3260008798944127
0.28197158081705154,0.24866785079928952,0.14431616341030196,0.325044404973357
0.28421512898994317,0.24267599475295146,0.14516834280717097,0.3279405334499344
0.2804232804232804,0.2429453262786596,0.14770723104056438,0.3289241622574956
0.28452797202797203,0.24431818181818182,0.14291958041958042,0.32823426573426573
0.28671943711521547,0.23746701846965698,0.1442392260334213,0.33157431838170626
0.285336856010568,0.23469837076177896,0.1435490973139586,0.3364156759136944
0.2847740236946029,0.2343132953049583,0.14962702939885913,0.33128565160157963
0.2821522309711286,0.2331583552055993,0.14916885389326334,0.33552055993000873
0.2765864332603939,0.23457330415754923,0.14792122538293218,0.34091903719912475
0.28114035087719297,0.22850877192982455,0.14912280701754385,0.3412280701754386
0.2831111111111111,0.2262222222222222,0.1511111111111111,0.33955555555555555
0.28077091546211125,0.23127463863337713,0.15024091108190976,0.33771353482260186
0.27838190517616357,0.23401478903871248,0.14919530230535016,0.3384080034797738
0.2772146319964742,0.23314235345967388,0.1498457470251212,0.33979726751873074
0.27886323268206037,0.23312611012433393,0.14964476021314388,0.3383658969804618
0.2815107597716293,0.23232323232323232,0.1458058849363197,0.3403601229688186
0.27718832891246686,0.22988505747126436,0.15207780725022105,0.34084880636604775
0.2790594498669033,0.2284826974267968,0.1574977817213842,0.3349600709849157
0.28111209179170343,0.2294792586054722,0.1553398058252427,0.3340688437775816
0.2764756944444444,0.23307291666666666,0.15625,0.3342013888888889
0.2750551876379691,0.23885209713024283,0.15408388520971303,0.33200883002207504
0.2864745011086475,0.23059866962305986,0.14900221729490024,0.33392461197339246
0.28484054172127565,0.23503713411970292,0.15028396679772826,0.32983835736129313
0.28257042253521125,0.23151408450704225,0.15404929577464788,0.33186619718309857
0.27883340698188247,0.23066725585505965,0.15377817057003976,0.3367211665930181
0.2762455516014235,0.23087188612099643,0.1552491103202847,0.3376334519572954
0.27797513321492007,0.23312611012433393,0.1594138543516874,0.32948490230905864
0.2783866725120561,0.2341078474353354,0.1578255151249452,0.3296799649276633
0.2742504409171076,0.23236331569664903,0.164021164021164,0.32936507936507936
0.2777288732394366,0.2306338028169014,0.15845070422535212,0.3331866197183099
0.2740447957839262,0.23407992973210365,0.16205533596837945,0.3298199385155907
0.27417218543046357,0.23134657836644593,0.16512141280353201,0.3293598233995585
0.2773851590106007,0.22659010600706714,0.16651943462897525,0.3295053003533569
0.2760600706713781,0.2318904593639576,0.16475265017667845,0.32729681978798586
0.271036315323295,0.23649247121346323,0.1678476527900797,0.3246235606731621
0.2774617067833698,0.23851203501094093,0.16455142231947484,0.31947483588621445
0.2821080602302923,0.2320637732506643,0.1678476527900797,0.3179805137289637
0.2760141093474427,0.22707231040564374,0.17504409171075838,0.3218694885361552
0.27589246364037023,0.22256500661084178,0.16879682679594535,0.33274570295284267
0.2781921895568232,0.22290478279947346,0.1737604212373848,0.32514260640631854
0.27589246364037023,0.2265315116791538,0.1736447774349934,0.3239312472454826
0.2741863575568435,0.22380740080249667,0.17476593847525634,0.3272403031654035
0.26402493321460374,0.2341941228851291,0.17230632235084595,0.3294746215494212
0.26371215445370777,0.23211935059236508,0.17463799912242212,0.32953049583150507
0.2675994752951465,0.22868386532575427,0.17140358548316573,0.33231307389593356
0.2673960612691466,0.2262582056892779,0.17024070021881837,0.3361050328227571
0.26730937773882557,0.2291849255039439,0.16827344434706398,0.3352322524101665
0.2683578104138852,0.22429906542056074,0.16822429906542055,0.3391188251001335
0.2740511915269197,0.22771403353927624,0.16725507502206532,0.33097969991173876
0.2682602921646746,0.2288623284639221,0.16954404603806994,0.3333333333333333
0.2647058823529412,0.23222124670763827,0.17120280948200176,0.33187006145741876
0.26728723404255317,0.22650709219858156,0.1777482269503546,0.32845744680851063
0.2636881296539641,0.23039859833552342,0.1765221200175208,0.3293911519929917
0.26325010950503724,0.2352168199737188,0.17871222076215507,0.3228208497590889
0.2635046113306983,0.22793148880105402,0.178743961352657,0.3298199385155907
0.26387665198237886,0.2290748898678414,0.1762114537444934,0.33083700440528635
0.26132864056313243,0.2278926528816542,0.1803783545974483,0.33040035195776507
0.263042525208242,0.22884699693117053,0.1832529592284086,0.3248575186321789
0.25921052631578945,0.22894736842105262,0.18552631578947368,0.3263157894736842
0.2611380679311866,0.22805469783855314,0.18659020732245257,0.3242170269078077
0.2634836427939876,0.22236958443854996,0.1856763925729443,0.32847038019451813
0.25696594427244585,0.22246793454223796,0.19283502874834144,0.3277310924369748
0.25691699604743085,0.22793148880105402,0.1919191919191919,0.32323232323232326
0.25021872265966755,0.22572178477690288,0.19378827646544183,0.33027121609798776
0.24691901408450703,0.22799295774647887,0.19454225352112675,0.3305457746478873
0.24283825473776993,0.2379903040987219,0.1873071837814015,0.3318642573821067
0.2423043095866315,0.2343887423043096,0.19041336851363236,0.33289357959542654
0.2409269785745518,0.22912111937035418,0.19326628771316134,0.33668561434193267
0.247001332741004,0.2310084406930253,0.18924922256774768,0.33274100399822304
0.24989078200087375,0.22892092616863258,0.18479685452162517,0.3363914373088685
0.2464726631393298,0.2191358024691358,0.18738977072310406,0.34700176366843033
0.24412937527691625,0.22330527248560036,0.18210013291980506,0.3504652193176783
0.23649247121346323,0.2201062887511072,0.18777679362267494,0.35562444641275465
0.2451067615658363,0.22019572953736655,0.18594306049822065,0.3487544483985765
0.24451273046532046,0.21905179982440737,0.1887620719929763,0.3476733977172959
0.2382847038019452,0.22325375773651635,0.1870026525198939,0.35145888594164454
0.23913997367266346,0.22378236068451074,0.1834137779727951,0.3536638876700307
0.23820026466696073,0.22540802823114248,0.18262020291133657,0.3537715041905602
0.23650724001755155,0.23080298376480912,0.18560772268538833,0.34708205353225097
0.23788546255506607,0.22555066079295155,0.1920704845814978,0.34449339207048457
0.23903508771929824,0.21973684210526315,0.18947368421052632,0.35175438596491226
0.24724061810154527,0.21810154525386313,0.18719646799116998,0.34746136865342164
0.2523158359064843,0.21482134980149978,0.1839435377150419,0.34891927657697397
0.2523076923076923,0.21406593406593408,0.18681318681318682,0.3468131868131868
0.2555358724534987,0.20504871567759078,0.18600531443755536,0.3534100974313552
0.25298013245033113,0.20750551876379691,0.19072847682119207,0.3487858719646799
0.2471264367816092,0.21043324491600354,0.1927497789566755,0.34969053934571176
0.24988962472406182,0.2088300220750552,0.18940397350993377,0.3518763796909492
0.24878694309660343,0.20996912218791355,0.1940891045434495,0.3471548301720335
0.24539069359086918,0.21641791044776118,0.19446883230904302,0.3437225636523266
0.24350506384852488,0.21972699251431088,0.19594892118009688,0.34081902245706736
0.240500670540903,0.2212784979883773,0.19088064371926688,0.3473401877514528
0.24834583149536832,0.21658579620644022,0.18967798853109838,0.3453903837670931
0.24572180781044317,0.2233435717419921,0.19218955682316805,0.33874506362439666
0.24249116607773852,0.22040636042402828,0.19302120141342757,0.34408127208480566
0.24550635686102587,0.21701008329679966,0.19202104340201667,0.34546251644015785
0.2469352014010508,0.2180385288966725,0.18957968476357268,0.345446584938704
0.24545051043053706,0.2210386151797603,0.19307589880159787,0.34043497558810476
0.2445414847161572,0.21353711790393012,0.1965065502183406,0.34541484716157206
0.24977618621307074,0.20948970456580127,0.20053715308863027,0.3401969561324978
0.25354609929078015,0.20877659574468085,0.20168439716312056,0.33599290780141844
0.24833997343957503,0.20938468348826914,0.19876051350154936,0.3435148295706065
0.25021949078138717,0.20851624231782265,0.1971027216856892,0.34416154521510095
0.2482638888888889,0.2109375,0.1918402777777778,0.3489583333333333
0.24473684210526317,0.20964912280701756,0.19429824561403508,0.3513157894736842
0.2443280977312391,0.21029668411867364,0.19197207678883071,0.35340314136125656
0.24505059392872855,0.21205455345358556,0.1913770347558293,0.3515178178618566
0.25299069561364645,0.21311475409836064,0.18785999113867966,0.34603455914931325
0.2548330404217926,0.21836555360281196,0.18497363796133567,0.34182776801405973
0.2582781456953642,0.21721854304635763,0.17880794701986755,0.3456953642384106
0.26239578762615184,0.21851689337428698,0.17770952172005267,0.34137779727950857
0.25873507297655907,0.21892967713401149,0.17912428129146396,0.3432109685979655
0.2559576345984113,0.2228596646072374,0.1787290379523389,0.34245366284201234
0.25165271044513,0.21771705597179375,0.18510356985456147,0.34552666372851476
0.25264084507042256,0.2147887323943662,0.1795774647887324,0.3529929577464789
0.25208241999123193,0.21437965804471723,0.18149934239368698,0.3520385795703639
0.2507699076110867,0.20765508139023317,0.18345798504179497,0.35811702595688516
0.24934036939313983,0.20712401055408972,0.1789797713280563,0.36455584872471414
0.2535211267605634,0.2068661971830986,0.17869718309859156,0.3609154929577465
0.24878048780487805,0.1982261640798226,0.18713968957871396,0.36585365853658536
0.2479010163499779,0.20459566946531155,0.18824569155987628,0.3592576226248343
0.2547545333923043,0.20079610791685096,0.189296771340115,0.35515258735072974
0.2530701754385965,0.20482456140350877,0.18859649122807018,0.35350877192982455
0.25384953805543337,0.20413550373955125,0.18741750989881215,0.35459744830620327
0.24889673433362755,0.20432480141218004,0.18976169461606354,0.35701676963812884
0.24581497797356827,0.2026431718061674,0.1894273127753304,0.36211453744493394
0.25174216027874563,0.203397212543554,0.19250871080139373,0.35235191637630664
0.2534722222222222,0.2048611111111111,0.19227430555555555,0.3493923611111111
0.2502206531332745,0.20123565754633715,0.19329214474845544,0.3552515445719329
0.2495590828924162,0.19973544973544974,0.1970899470899471,0.35361552028218696
0.2464476021314387,0.20159857904085257,0.19982238010657194,0.3521314387211368
0.2391304347826087,0.2085181898846495,0.19831410825199644,0.35403726708074534
0.23778071334214002,0.21400264200792601,0.19462791721708497,0.35358872743284897
0.2346442775077331,0.2213875386654883,0.19575784357048165,0.34821034025629694
0.23300970873786409,0.2210944395410415,0.19020300088261252,0.3556928508384819
0.2242503259452412,0.22511951325510648,0.19165580182529335,0.358974358974359
0.22627416520210897,0.22451669595782073,0.1937609841827768,0.3554481546572935
0.2338568935427574,0.22164048865619546,0.19240837696335078,0.35209424083769636
0.22671353251318102,0.21924428822495606,0.20210896309314588,0.35193321616871703
0.22940655447298494,0.22187776793622674,0.20062001771479185,0.34809565987599644
0.22884699693117053,0.22183252959228408,0.1985971065322227,0.35072336694432266
0.22703180212014135,0.2230565371024735,0.2045053003533569,0.3454063604240283
0.23144488361879667,0.22178304787000439,0.20245937637241984,0.3443126921387791
0.23286467486818982,0.22407732864674867,0.2016695957820738,0.3413884007029877
0.22657952069716775,0.220479302832244,0.20522875816993463,0.3477124183006536
0.22940655447298494,0.2174490699734278,0.20859167404782994,0.3445527015057573
0.2261061946902655,0.22212389380530972,0.20530973451327433,0.34646017699115045
0.22729267222465993,0.2198332602018429,0.20666959192628345,0.3462044756472137
0.23028953229398663,0.22138084632516702,0.2066815144766147,0.34164810690423164
0.2376150811047786,0.21262604120999562,0.20517316966242877,0.34458570802279703
0.23666813574261789,0.21859850154252974,0.20405464962538564,0.34067871308946673
0.24031690140845072,0.21170774647887325,0.20290492957746478,0.34507042253521125
0.24315975286849073,0.21050308914386584,0.19814651368049427,0.3481906443071492
0.24290083005679336,0.21100917431192662,0.19877675840978593,0.3473132372214941
0.24065112186537616,0.21513418389793224,0.1992960844698636,0.344918609766828
0.2388717496694579,0.21683561040105773,0.2005288673424416,0.34376377258704277
0.2375495813133539,0.22124283825473778,0.20185103569854562,0.33935654473336274
0.23899647887323944,0.22227112676056338,0.19806338028169015,0.34066901408450706
0.24010554089709762,0.22427440633245382,0.19349164467897978,0.34212840809146877
0.24408413672217352,0.21954425942156003,0.19062226117440842,0.34574934268185803
0.2421978021978022,0.22021978021978023,0.1934065934065934,0.34417582417582415
0.24267599475295146,0.2186270222999563,0.1985133362483603,0.34018364669873197
0.23838737949167396,0.22392638036809817,0.19500438212094653,0.3426818580192813
0.24471830985915494,0.22095070422535212,0.19410211267605634,0.3402288732394366
0.24431564868479716,0.2224699063753901,0.19482835488185465,0.3383860900579581
0.25011047282368537,0.22624834290764473,0.19001325673884226,0.3336279275298277
0.2518518518518518,0.2178649237472767,0.19215686274509805,0.3381263616557734
0.24503311258278146,0.2251655629139073,0.19646799116997793,0.3333333333333333
0.24315975286849073,0.21800529567519858,0.20211827007943514,0.33671668137687555
0.24923211935059236,0.21544537077665643,0.20096533567354102,0.3343571741992102
0.24724061810154527,0.22251655629139072,0.2022075055187638,0.3280353200883002
0.24944812362030905,0.22649006622516557,0.19735099337748344,0.32671081677704195
0.2518747243052492,0.2258491398323776,0.19629466254962505,0.3259814733127481
0.24769433465085638,0.230566534914361,0.20114185331576637,0.32059727711901626
0.2481529769665363,0.22946544980443284,0.19643633202955238,0.3259452411994785
0.2509907529722589,0.2294143549097314,0.19859092910612064,0.32100396301188905
0.2498903989478299,0.22621657167908812,0.19947391494958353,0.32441911442349847
0.2518714222809335,0.22545134302069572,0.20299427564949363,0.31968295904887717
0.25208241999123193,0.22753178430512933,0.20210434020166593,0.31828145550197284
0.24601769911504426,0.23097345132743363,0.20707964601769913,0.315929203539823
0.2506631299734748,0.23474801061007958,0.20822281167108753,0.3063660477453581
0.25322079075966236,0.23011994669035984,0.2070191026210573,0.30964015992892047
0.25132275132275134,0.23015873015873015,0.20238095238095238,0.31613756613756616
0.2489025460930641,0.22300263388937663,0.2019315188762072,0.32616330114135206
0.25241016652059595,0.21603856266432953,0.20552147239263804,0.32602979842243646
0.261060008760403,0.2146298729741568,0.2014892685063513,0.3228208497590889
0.25738210665491407,0.21727633318642575,0.20449537241075363,0.3208461877479066
0.26017699115044246,0.21946902654867256,0.20575221238938052,0.3146017699115044
0.25662544169611307,0.21996466431095407,0.20848056537102475,0.31492932862190814
0.2545054945054945,0.22153846153846155,0.20659340659340658,0.31736263736263737
0.253315649867374,0.21971706454465076,0.20601237842617154,0.3209549071618037
0.247585601404741,0.21905179982440737,0.21115013169446883,0.3222124670763828
0.24348210340256296,0.2129916040653999,0.21873619089703933,0.3247901016349978
0.2479120879120879,0.21010989010989012,0.21494505494505495,0.327032967032967
0.24736379613356765,0.2100175746924429,0.218804920913884,0.32381370826010547
0.25055236411842685,0.20813079982324348,0.21343349536014142,0.32788334069818825
0.2445414847161572,0.20305676855895197,0.21615720524017468,0.33624454148471616
0.24582233948988566,0.2075637642919965,0.21503957783641162,0.33157431838170626
0.23876651982378855,0.20704845814977973,0.22070484581497798,0.33348017621145376
0.23433362753751102,0.2118270079435128,0.2202118270079435,0.33362753751103263
0.2323943661971831,0.20774647887323944,0.22183098591549297,0.3380281690140845
0.23640350877192984,0.20526315789473684,0.22236842105263158,0.33596491228070174
0.23620309050772628,0.2052980132450331,0.2269315673289183,0.3315673289183223
0.2403718459495352,0.20540061974324922,0.22310756972111553,0.33111996458610005
0.2379702537182852,0.20384951881014873,0.2283464566929134,0.32983377077865267
0.23070097604259096,0.20629991126885536,0.2329192546583851,0.3300798580301686
0.2358117025956885,0.1957765068191817,0.2336119665640123,0.33479982402111746
0.24177270732777534,0.19745502413339183,0.23343571741992103,0.3273365511189118
0.2454905411350638,0.19665640123185218,0.23493180818301804,0.322921249450066
0.2465277777777778,0.19661458333333334,0.23307291666666666,0.3237847222222222
0.2471264367816092,0.19672855879752432,0.23165340406719717,0.3244916003536693
0.24355555555555555,0.204,0.23155555555555554,0.3208888888888889
0.24659938569548048,0.2071083808688021,0.2250987275120667,0.3211935059236507
0.24507658643326038,0.20787746170678337,0.22538293216630198,0.32166301969365424
0.24224977856510185,0.20814880425155005,0.22940655447298494,0.3201948627103631
0.24174372523117568,0.20607661822985468,0.23293703214442976,0.3192426243945399
0.24162257495590828,0.21296296296296297,0.23059964726631393,0.3148148148148148
0.23560673162090345,0.20637732506643047,0.2382639503985828,0.31975199291408324
0.2349582784365393,0.20992534036012298,0.23891084760649978,0.31620553359683795
0.23447069116360456,0.210411198600175,0.2331583552055993,0.3219597550306212
0.23459507042253522,0.20642605633802816,0.23943661971830985,0.31954225352112675
0.23053097345132742,0.2075221238938053,0.23628318584070795,0.3256637168141593
0.22659010600706714,0.2146643109540636,0.23763250883392226,0.321113074204947
0.22765301629238222,0.22280933509467196,0.23866138265081463,0.3108762659621312
0.23066725585505965,0.22536456031816174,0.23773751657092354,0.30623066725585507
0.2319679430097952,0.22751558325912732,0.23597506678539626,0.3045414069456812
0.23786620026235242,0.22387407083515523,0.23524267599475296,0.3030170529077394
0.23452484742807322,0.22406277244986922,0.23147340889276374,0.3099389712292938
0.22960320998662506,0.22202407489968792,0.2398573339277753,0.3085153811859117
0.22350845948352627,0.22617987533392697,0.2444345503116652,0.3058771148708816
0.22345624167036873,0.22701021768103066,0.24566859173700578,0.3038649489115948
0.22134733158355205,0.23228346456692914,0.24278215223097113,0.30358705161854765
0.22140699179974105,0.23651273198100992,0.2369443245576176,0.30513595166163143
0.2212467076382792,0.2295873573309921,0.242756804214223,0.3064091308165057
0.22000866175833694,0.23040277176266782,0.24036379385015158,0.3092247726288437
0.21981424148606812,0.23175586023883238,0.23927465723131358,0.30915524104378594
0.22538293216630198,0.23282275711159736,0.23851203501094093,0.30328227571115973
0.22829440282062582,0.22741295724988983,0.2375495813133539,0.30674305861613044
0.23006535947712417,0.22570806100217866,0.2344226579520697,0.30980392156862746
0.23073555166374782,0.22329246935201402,0.23686514886164622,0.30910683012259194
0.23330404217926187,0.21616871704745166,0.2398945518453427,0.31063268892794377
0.22501100836635843,0.2170849845882871,0.23690004403346543,0.32100396301188905
0.23090507726269316,0.2119205298013245,0.23885209713024283,0.3183222958057395
0.23222124670763827,0.21641791044776118,0.23485513608428446,0.3165057067603161
0.24074074074074073,0.21825396825396826,0.23148148148148148,0.30952380952380953
0.23998257839721254,0.21385017421602787,0.22952961672473868,0.3166376306620209
0.23151837096060204,0.21204072598494908,0.23240371845949534,0.3240371845949535
0.2353198948290973,0.21428571428571427,0.2331288343558282,0.3172655565293602
0.23337736679876706,0.21796565389696168,0.23161602818141788,0.31704095112285335
0.22849580943978826,0.22011468901632114,0.22981914424349362,0.321570357300397
0.23022536456031817,0.21961997348652232,0.23155103844454264,0.3186036235086169
0.23244444444444445,0.21333333333333335,0.23377777777777778,0.3204444444444444
0.2353202846975089,0.2166370106761566,0.2326512455516014,0.3153914590747331
0.2366785079928952,0.21936056838365897,0.23490230905861456,0.30905861456483125
0.23820026466696073,0.2192324658138509,0.23026025584472873,0.3123070136744596
0.2331858407079646,0.21858407079646017,0.22964601769911505,0.3185840707964602
0.23405191377034756,0.21865376154861416,0.22481302243730752,0.3224813022437307
0.2343132953049583,0.21939447125932426,0.22465993856954805,0.3216322948661694
0.23836698858647937,0.22080772607550483,0.22607550482879718,0.3147497805092186
0.2411190053285968,0.2211367673179396,0.22824156305506216,0.3095026642984014
0.2391496899911426,0.2201062887511072,0.22276350752878654,0.3179805137289637
0.24396665204036858,0.21017990346643264,0.2277314611671786,0.3181219833260202
0.24340949033391915,0.21045694200351495,0.23198594024604569,0.3141476274165202
0.242756804214223,0.20763827919227393,0.22563652326602282,0.32396839332748023
0.2471315092674316,0.2113857016769638,0.2237422771403354,0.3177405119152692
0.241714538223597,0.21431727794962438,0.22580645161290322,0.3181617322138754
0.24547461368653423,0.21721854304635763,0.2251655629139073,0.3121412803532009
0.24556737588652483,0.2198581560283688,0.22429078014184398,0.3102836879432624
0.24758135444151275,0.2088830255057168,0.22515391380826738,0.31838170624450307
0.25065616797900264,0.20953630796150483,0.22484689413823272,0.31496062992125984
0.24522434473567303,0.21012883163038648,0.22834295868502888,0.3163038649489116
0.24541484716157205,0.2034934497816594,0.2331877729257642,0.3179039301310044
0.2469244288224956,0.20738137082601055,0.22671353251318102,0.3189806678383128
0.24148606811145512,0.210968597965502,0.22467934542237947,0.32286598850066345
0.24083769633507854,0.2168411867364747,0.22251308900523561,0.31980802792321117
0.2383053839364519,0.2202118270079435,0.2290379523389232,0.3124448367166814
0.24493392070484582,0.21585903083700442,0.226431718061674,0.31277533039647576
0.24837168910117238,0.21450282240555796,0.22405557967867998,0.3130699088145897
0.24770642201834864,0.21756225425950196,0.2276103101791175,0.3071210135430319
0.24724548259145,0.21815777875716175,0.22785368003525783,0.30674305861613044
0.24402125775022143,0.21434898139946856,0.22940655447298494,0.3122232063773251
0.2514336127040141,0.21085134539038378,0.22452580502867225,0.31318923687692984
0.24800708591674048,0.21302037201062887,0.22763507528786536,0.31133746678476526
0.24460114587924195,0.21947994711326577,0.22168356104010578,0.3142353459673865
0.24614707177454867,0.22280933509467196,0.21576398062527521,0.3152796125055042
0.24911971830985916,0.2262323943661972,0.21522887323943662,0.30941901408450706
0.25033288948069243,0.2237017310252996,0.21615623612960497,0.309809143364403
0.24923076923076923,0.22153846153846155,0.21802197802197804,0.3112087912087912
0.24800708591674048,0.2178919397697077,0.22099202834366696,0.31310894596988487
0.25360734586794925,0.21425448185395715,0.22343681679055533,0.30870135548753824
0.2577544779379642,0.21231979030144169,0.22280471821756226,0.3071210135430319
0.2537182852143482,0.20953630796150483,0.22440944881889763,0.3123359580052493
0.2602018429135586,0.2079859587538394,0.22027204914436158,0.31154014918824047
0.25917832167832167,0.20498251748251747,0.2194055944055944,0.31643356643356646
0.258719646799117,0.2088300220750552,0.22119205298013245,0.31125827814569534
0.26128890837352037,0.2135028496273564,0.2209557211749233,0.3042525208241999
0.2597173144876325,0.21333922261484098,0.2234982332155477,0.3034452296819788
0.2558139534883721,0.2215884159719175,0.22465993856954805,0.29793769197016234
0.25809273840769903,0.22134733158355205,0.22397200349956256,0.29658792650918636
0.26119402985074625,0.2177348551360843,0.218612818261633,0.30245829675153646
0.25382262996941896,0.21756225425950196,0.22455220620358235,0.3040629095674967
0.2552910052910053,0.21869488536155202,0.2279541446208113,0.2980599647266314
0.24878048780487805,0.21818181818181817,0.23503325942350334,0.29800443458980047
0.2555358724534987,0.21567759078830823,0.22940655447298494,0.2993799822852081
0.24812692816218598,0.21683561040105773,0.23490524460114587,0.3001322168356104
0.25726872246696036,0.2092511013215859,0.2356828193832599,0.29779735682819386
0.2490170380078637,0.21013543031891654,0.24290083005679336,0.2979467016164264
0.2540445999125492,0.20857017927415827,0.23961521644075207,0.2977700043725404
0.2537379067722076,0.20712401055408972,0.24274406332453827,0.2963940193491645
0.25584472871636527,0.21041023378914867,0.24261138067931187,0.2911336568151742
0.2588339222614841,0.20715547703180212,0.2416077738515901,0.2924028268551237
0.25822222222222224,0.2111111111111111,0.2408888888888889,0.2897777777777778
0.2553097345132743,0.21194690265486726,0.2424778761061947,0.2902654867256637
0.2582897033158813,0.20855148342059338,0.2456369982547993,0.287521815008726
0.2541630148992112,0.20902716914986855,0.24583698510078877,0.2909728308501315
0.24856765094755398,0.21022476862053768,0.24327897752313796,0.2979286029087704
0.2581641659311562,0.20962047661076788,0.23742277140335394,0.294792586054722
0.26532399299474607,0.20709281961471104,0.22985989492119088,0.29772329246935203
0.26519823788546254,0.20572687224669603,0.2286343612334802,0.3004405286343612
0.26406734603455917,0.204696499778467,0.2361541869738591,0.29508196721311475
0.2693156732891832,0.20618101545253864,0.23443708609271524,0.2900662251655629
0.2679509632224168,0.19921190893169877,0.2351138353765324,0.29772329246935203
0.27132805628847845,0.20448548812664907,0.2326297273526825,0.29155672823219
0.26919682259488087,0.205648720211827,0.23168578993821712,0.29346866725507503
0.2699602999558888,0.21305690339655933,0.22452580502867225,0.29245699161887956
0.26830337571240687,0.20955721174923278,0.22709338009644892,0.29504603244191147
0.2699602999558888,0.20776356418173797,0.22761358623731803,0.2946625496250551
0.2680457746478873,0.20950704225352113,0.22227112676056338,0.3001760563380282
0.26513477684489617,0.2063632346442775,0.22536456031816174,0.3031374281926646
0.26852659110723626,0.2088055797733217,0.2227550130775937,0.2999128160418483
0.25916114790286976,0.21368653421633554,0.2260485651214128,0.3011037527593819
0.26578366445916113,0.21589403973509932,0.2304635761589404,0.2878587196467991
0.26768558951965066,0.21528384279475982,0.22532751091703057,0.29170305676855895
0.27460456942003514,0.2078207381370826,0.22583479789103691,0.29173989455184535
0.2767543859649123,0.21228070175438596,0.22982456140350876,0.28114035087719297
0.27152899824253074,0.2117750439367311,0.23374340949033393,0.28295254833040423
0.26590609916630104,0.2114962702939886,0.23299692847740236,0.28960070206230804
0.2718150087260035,0.21029668411867364,0.2299301919720768,0.2879581151832461
0.27153476169654567,0.2125054656755575,0.23043288150415392,0.2855268911237429
0.26713843432109685,0.21450685537372843,0.23042901371074745,0.28792569659442724
0.26868953386103783,0.21503957783641162,0.23350923482849603,0.2827616534740545
0.26704795424549055,0.21161460624725034,0.2353717553893533,0.28596568411790585
0.26941641070645017,0.21720052654673103,0.23519087318999563,0.2781921895568232
0.27356422621657167,0.2073651907058308,0.2367382726874178,0.28233231039017975
0.26542387927208166,0.2103861517976032,0.2401242787394585,0.28406569019085665
0.27149122807017545,0.21096491228070174,0.23508771929824562,0.2824561403508772
0.26799116997792494,0.2141280353200883,0.23576158940397351,0.28211920529801326
0.26071741032370954,0.2125984251968504,0.23622047244094488,0.2904636920384952
0.2647187091146969,0.22023549934583514,0.23462712603576102,0.2804186655037069
0.26587301587301587,0.2244268077601411,0.2279541446208113,0.28174603174603174
0.26436781609195403,0.21662245800176835,0.23253757736516356,0.2864721485411141
0.2645133129637713,0.2195547795722392,0.22653862941946748,0.28939327804452203
0.2687937062937063,0.21547202797202797,0.23208041958041958,0.28365384615384615
0.25981473312748127,0.21482134980149978,0.23026025584472873,0.2951036612262902
0.2609271523178808,0.21456953642384105,0.22560706401766004,0.2988962472406181
0.26094648385670055,0.21450685537372843,0.22821760283060594,0.2963290579389651
0.2674008810572687,0.20792951541850221,0.22422907488986785,0.3004405286343612
0.26174791392182695,0.2059727711901625,0.22573561703996486,0.3065436978480457
0.2607561929595828,0.20860495436766624,0.2264232942199044,0.3042155584528466
0.2603938730853392,0.21050328227571116,0.2288840262582057,0.300218818380744
0.25826355222565006,0.20890260026443366,0.2265315116791538,0.30630233583076244
0.25917735515258733,0.20831490490933216,0.22644847412649272,0.30605926581158777
0.2618310482087572,0.21141088014153028,0.22556390977443608,0.3011941618752764
0.2620415377817057,0.21122403888643393,0.22315510384445428,0.3035793194874061
0.26107942079859586,0.2114962702939886,0.2180781044317683,0.3093462044756472
0.25886524822695034,0.20877659574468085,0.21675531914893617,0.31560283687943264
0.2595688517377915,0.21513418389793224,0.21293444786625604,0.3123625164980202
0.2583041958041958,0.21853146853146854,0.2097902097902098,0.3133741258741259
0.2612298299171391,0.2154382904491932,0.21064108155255123,0.31269079808111644
0.25925925925925924,0.21119929453262787,0.21164021164021163,0.31790123456790126
0.2541998231653404,0.21308576480990274,0.21308576480990274,0.3196286472148541
0.25983208130799823,0.21122403888643393,0.21166593018117544,0.3172779496243924
0.25680421422300265,0.21246707638279191,0.2115891132572432,0.31913959613696224
0.2606986899563319,0.2109170305676856,0.21179039301310043,0.3165938864628821
0.2598214285714286,0.2080357142857143,0.2200892857142857,0.31205357142857143
0.27047366091190794,0.20008853474988933,0.21956617972554227,0.3098716246126605
0.26578366445916113,0.1947019867549669,0.22030905077262694,0.31920529801324504
0.26978574551814605,0.20376038478355923,0.22168780061215565,0.30476606908613907
0.27093380096448927,0.20517316966242877,0.21832529592284086,0.30556773345024113
0.27009222661396576,0.20421607378129117,0.22134387351778656,0.30434782608695654
0.2708971553610503,0.20700218818380745,0.22056892778993437,0.3015317286652079
0.2679509632224168,0.21103327495621715,0.21541155866900175,0.30560420315236425
0.26355555555555554,0.21422222222222223,0.21555555555555556,0.30666666666666664
0.26891123742894624,0.21163095758635767,0.20988194140795802,0.3095758635767381
0.2661113546690048,0.21131082858395442,0.2135028496273564,0.30907496711968435
0.26904447380008806,0.2051959489211801,0.21576398062527521,0.3099955966534566
0.2706866197183099,0.20906690140845072,0.2169894366197183,0.3032570422535211
0.2717247463608293,0.2090868989854433,0.21702690780767533,0.30216144684605206
0.2647961420429636,0.208680403331872,0.22007891275756247,0.30644454186760195
0.264975951027547,0.20594665500655882,0.21687800612155664,0.31219938784433754
0.2676923076923077,0.20659340659340658,0.21670329670329672,0.309010989010989
0.2617273125822008,0.20210434020166593,0.21569487067075843,0.32047347654537484
