C,D,Oc,Od
1.0,0.0,0.0,0.0
0.6666666666666666,0.0,0.3333333333333333,0.0
0.8,0.0,0.2,0.0
0.6666666666666666,0.0,0.3333333333333333,0.0
0.5555555555555556,0.0,0.2222222222222222,0.2222222222222222
0.5454545454545454,0.0,0.18181818181818182,0.2727272727272727
0.5833333333333334,0.0,0.16666666666666666,0.25
0.6,0.0,0.13333333333333333,0.26666666666666666
0.55,0.0,0.1,0.35
0.5714285714285714,0.0,0.10714285714285714,0.32142857142857145
0.575,0.0,0.125,0.3
0.5862068965517241,0.017241379310344827,0.08620689655172414,0.3103448275862069
0.5606060606060606,0.015151515151515152,0.07575757575757576,0.3484848484848485
0.5308641975308642,0.012345679012345678,0.06172839506172839,0.3950617283950617
0.47474747474747475,0.020202020202020204,0.050505050505050504,0.45454545454545453
0.4491525423728814,0.025423728813559324,0.0423728813559322,0.4830508474576271
0.47794117647058826,0.029411764705882353,0.029411764705882353,0.4632352941176471
0.5,0.013333333333333334,0.02666666666666667,0.46
0.4972067039106145,0.01675977653631285,0.0223463687150838,0.46368715083798884
0.4951923076923077,0.014423076923076924,0.019230769230769232,0.47115384615384615
0.4769874476987448,0.016736401673640166,0.02092050209205021,0.48535564853556484
0.4889705882352941,0.01838235294117647,0.014705882352941176,0.47794117647058826
0.4984025559105431,0.022364217252396165,0.01597444089456869,0.46325878594249204
0.5069637883008357,0.019498607242339833,0.016713091922005572,0.4568245125348189
0.5110565110565111,0.0171990171990172,0.0171990171990172,0.45454545454545453
0.49777777777777776,0.022222222222222223,0.017777777777777778,0.4622222222222222
0.4819734345351044,0.024667931688804556,0.015180265654648957,0.4781783681214421
0.46928327645051193,0.020477815699658702,0.020477815699658702,0.48976109215017066
0.45468277945619334,0.021148036253776436,0.021148036253776436,0.5030211480362538
0.45964432284541723,0.02051983584131327,0.02188782489740082,0.49794801641586867
0.4517704517704518,0.019536019536019536,0.020757020757020756,0.5079365079365079
0.4330357142857143,0.017857142857142856,0.024553571428571428,0.5245535714285714
0.4260780287474333,0.015400410677618069,0.017453798767967144,0.5410677618069816
0.4318813716404078,0.015755329008341055,0.014828544949026877,0.5375347544022243
0.4280821917808219,0.016267123287671232,0.0136986301369863,0.5419520547945206
0.4052132701421801,0.018957345971563982,0.011848341232227487,0.5639810426540285
0.3981008035062089,0.017531044558071585,0.01241782322863404,0.5719503287070855
0.3894297635605007,0.02086230876216968,0.017385257301808066,0.5723226703755215
0.381294964028777,0.020928711576193592,0.017004578155657292,0.5807717462393721
0.3709180529882933,0.02033271719038817,0.02033271719038817,0.5884165126309304
0.3785839672322996,0.02047981275599766,0.018724400234055003,0.5822118197776478
0.37667410714285715,0.018973214285714284,0.017857142857142856,0.5864955357142857
0.37713675213675213,0.018696581196581196,0.01655982905982906,0.5876068376068376
0.37246753246753245,0.017662337662337664,0.015584415584415584,0.5942857142857143
0.3816326530612245,0.01683673469387755,0.015306122448979591,0.5862244897959183
0.3807615230460922,0.01753507014028056,0.016533066132264528,0.5851703406813628
0.38670548277535177,0.016496846191169336,0.013100436681222707,0.5836972343522562
0.3816867469879518,0.019759036144578312,0.013012048192771084,0.5855421686746988
0.3795066413662239,0.018975332068311195,0.014231499051233396,0.5872865275142315
0.38164026095060577,0.017241379310344827,0.014445479962721343,0.5866728797763281
0.38031423290203326,0.020794824399260628,0.017097966728280962,0.5817929759704251
0.37133699633699635,0.02197802197802198,0.0173992673992674,0.5892857142857143
0.36978221415607987,0.023139745916515426,0.019056261343012703,0.588021778584392
0.3713646532438479,0.02371364653243848,0.018344519015659956,0.5865771812080537
0.3751111111111111,0.022222222222222223,0.017777777777777778,0.5848888888888889
0.3678825622775801,0.021352313167259787,0.016459074733096084,0.594306049822064
0.36891469405984817,0.025457793657882984,0.02009825815096025,0.5855292541313086
0.3655818100757913,0.025858225590726706,0.020954079358002677,0.5876058849754793
0.3620613060861839,0.02665482007996446,0.023545091070635273,0.5877387827632163
0.35558522474410326,0.029817534490431688,0.024477080551846907,0.5901201602136181
0.3562555456965395,0.027950310559006212,0.025288376220053237,0.5905057675244011
0.3503779457536683,0.02845709204090707,0.025344597598932858,0.5958203646064918
0.3446126447016919,0.02804986642920748,0.02626892252894034,0.6010685663401603
0.3573023671281822,0.026797677534613668,0.02590442161679321,0.5899955337204109
0.36103542234332425,0.025885558583106268,0.027247956403269755,0.5858310626702997
0.3598585322723254,0.023430592396109638,0.026967285587975242,0.5897435897435898
0.36192186798383474,0.022002694207453974,0.02784014369106421,0.5882352941176471
0.35752212389380533,0.02079646017699115,0.028761061946902654,0.5929203539823009
0.3536476868327402,0.020462633451957295,0.028469750889679714,0.5974199288256228
0.35723771580345287,0.02036299247454626,0.023019034971226208,0.5993802567507747
0.35631672597864766,0.018683274021352312,0.021352313167259787,0.6036476868327402
0.34924174843889383,0.019625334522747548,0.02007136485280999,0.6110615521855486
0.35449262405006704,0.02011622708985248,0.02011622708985248,0.605274921770228
0.34630694383016364,0.019902697921273773,0.020344980097302078,0.6134453781512605
0.3574279379157428,0.021286031042128603,0.01951219512195122,0.6017738359201774
0.34786476868327404,0.024466192170818506,0.02001779359430605,0.6076512455516014
0.3422818791946309,0.023266219239373602,0.021476510067114093,0.6129753914988815
0.35688888888888887,0.024,0.021333333333333333,0.5977777777777777
0.35278514588859416,0.023430592396109638,0.022546419098143235,0.601237842617153
0.3510167992926614,0.02431476569407604,0.021220159151193633,0.603448275862069
0.3475395430579965,0.024165202108963092,0.02240773286467487,0.6058875219683656
0.3534368070953437,0.023059866962305987,0.021729490022172948,0.6017738359201774
0.35226264418811004,0.023070097604259095,0.022626441881100266,0.6020408163265306
0.3481349911190053,0.023534635879218474,0.023090586145648313,0.6052397868561279
0.35145888594164454,0.022546419098143235,0.023430592396109638,0.6025641025641025
0.35459744830620327,0.02155741311042675,0.02287725472943247,0.6009678838539375
0.3530985287561302,0.01961658493089612,0.025858225590726706,0.601426660722247
0.3485993775011116,0.01956425077812361,0.028012449977767896,0.6038239217429969
0.34188412206988056,0.019902697921273773,0.027421494913754976,0.6107916850950906
0.33659404179635394,0.020008892841262782,0.026233881725211204,0.617163183637172
0.33140826299422477,0.02221235006663705,0.027543314082629944,0.6188360728565082
0.3276709879302637,0.0232454179704962,0.029950827000447027,0.6191327670987931
0.33215391419725787,0.02476780185758514,0.03140203449800973,0.6116762494471473
0.329035126722988,0.02578923966207203,0.029346376167185415,0.6158292574477545
0.33363108530594016,0.026351049575703438,0.027690933452434122,0.6123269316659223
0.32891246684350134,0.025198938992042442,0.026083112290008842,0.6198054818744474
0.32847038019451813,0.023872679045092837,0.027409372236958444,0.6202475685234305
0.32693166592228673,0.02054488610987048,0.02813756141134435,0.6243858865564984
0.3237378210806023,0.020814880425155006,0.02745792736935341,0.6279893711248893
0.32268086995117623,0.02174877940523746,0.02796271637816245,0.6276076342654239
0.3269742679680568,0.021739130434782608,0.02839396628216504,0.6228926353149956
0.3227394807520143,0.021038495971351837,0.02909579230080573,0.6271262309758281
0.3276861346411057,0.02139991083370486,0.026749888542131076,0.6241640659830584
0.3216503992901508,0.021739130434782608,0.025288376220053237,0.6313220940550133
0.32600896860986545,0.02376681614349776,0.025560538116591928,0.6246636771300449
0.31793960923623443,0.019538188277087035,0.024422735346358793,0.6380994671403197
0.31873589164785554,0.019864559819413093,0.025733634311512415,0.635665914221219
0.3191865605658709,0.020778072502210435,0.02475685234305924,0.6352785145888594
0.32028156621205456,0.02331720193576771,0.025076990761108666,0.6313242410910691
0.3193950177935943,0.02491103202846975,0.023576512455516015,0.6321174377224199
0.31536748329621384,0.025389755011135856,0.024053452115812918,0.6351893095768374
0.32083891120035696,0.025881302989736725,0.0249888442659527,0.6282909415439536
0.32348993288590605,0.027293064876957495,0.022818791946308724,0.6263982102908278
0.3234767025089606,0.027329749103942653,0.022401433691756272,0.6267921146953405
0.3210315695864829,0.026233881725211204,0.022232103156958647,0.6305024455313473
0.3183236736513598,0.024966562639322336,0.02229157378510923,0.6344181899242086
0.32119058196357175,0.025322079075966238,0.02087960906263883,0.6326077298978232
0.3249113475177305,0.02526595744680851,0.02127659574468085,0.6285460992907801
0.32195121951219513,0.025277161862527715,0.021729490022172948,0.6310421286031042
0.32144449398127506,0.024520731163620153,0.019170753455193937,0.6348640213999108
0.31984161900571934,0.025516937967443906,0.02067751869775627,0.6339639243290806
0.32222222222222224,0.024444444444444446,0.020444444444444446,0.6328888888888888
0.32738626226583406,0.02408563782337199,0.021409455842997322,0.6271186440677966
0.3300404131118096,0.02469690166142793,0.022002694207453974,0.6232599910193085
0.32728881026094647,0.023883237505528527,0.025210084033613446,0.6236178681999115
0.3280282935455349,0.02431476569407604,0.026525198938992044,0.621131741821397
0.3290579389650597,0.02786377708978328,0.028748341441839895,0.6143299425033171
0.333184855233853,0.028062360801781736,0.027171492204899776,0.6115812917594655
0.32608695652173914,0.029724933451641525,0.029281277728482696,0.6149068322981367
0.32343679712100765,0.02834008097165992,0.02699055330634278,0.6212325686009896
0.32888295505117937,0.02848242100578549,0.029817534490431688,0.6128170894526035
0.3236994219653179,0.027567807914628723,0.029791018230324588,0.6189417518897288
0.32398753894080995,0.02892745883400089,0.030262572318647086,0.616822429906542
0.3272646536412078,0.027531083481349913,0.02797513321492007,0.6172291296625222
0.3282985339848956,0.02665482007996446,0.027543314082629944,0.6175033318525099
0.32728881026094647,0.024325519681556832,0.02830605926581159,0.620079610791685
0.32978723404255317,0.024822695035460994,0.027925531914893616,0.6174645390070922
0.3311229000884173,0.023872679045092837,0.028735632183908046,0.6162687886825818
0.3300711743772242,0.022686832740213523,0.029359430604982206,0.6178825622775801
0.33170731707317075,0.021286031042128603,0.02926829268292683,0.6177383592017739
0.33039258932509924,0.020732245258050286,0.029113365681517425,0.6197617997353331
0.3296411165263624,0.02259636685866194,0.03234381922906513,0.6154186973859105
0.32599118942731276,0.024229074889867842,0.03171806167400881,0.6180616740088106
0.32901785714285714,0.025,0.03080357142857143,0.6151785714285715
0.32338530066815147,0.02271714922048998,0.029844097995545656,0.6240534521158129
0.32899461400359065,0.02244165170556553,0.027827648114901255,0.6207360861759426
0.333184855233853,0.020489977728285078,0.026726057906458798,0.6195991091314031
0.336,0.019555555555555555,0.026222222222222223,0.6182222222222222
0.3379464285714286,0.016517857142857143,0.027678571428571427,0.6178571428571429
0.3405286343612335,0.016740088105726872,0.028193832599118944,0.6145374449339207
0.3392539964476021,0.018206039076376555,0.02664298401420959,0.6158969804618117
0.33692238672050245,0.017496635262449527,0.02512337371018394,0.620457604306864
0.33452754142409313,0.017913121361397222,0.025526197939991044,0.6220331392745185
0.33762200532386866,0.019964507542147295,0.024401064773735583,0.6180124223602484
0.33900582176444244,0.0219435736677116,0.026421854008060904,0.612628750559785
0.33555555555555555,0.024,0.025333333333333333,0.6151111111111112
0.3334827431645002,0.024652622142536978,0.02689376961004034,0.6149708650829224
0.3334817453250223,0.024933214603739984,0.025823686553873553,0.6157613535173642
0.33674377224199287,0.023576512455516015,0.025800711743772242,0.6138790035587188
0.3310810810810811,0.025225225225225224,0.02882882882882883,0.6148648648648649
0.3318365514144589,0.025145936237090254,0.032330489447687474,0.6106870229007634
0.3340837460603332,0.024313372354795137,0.03061683926159388,0.6109860423232778
0.342386464826358,0.02626892252894034,0.031166518254674976,0.6001780943900267
0.3333333333333333,0.026083112290008842,0.028293545534924844,0.612290008841733
0.33960612691466086,0.0262582056892779,0.024945295404814005,0.6091903719912473
0.34347442680776014,0.027777777777777776,0.025573192239858905,0.6031746031746031
0.3447508896797153,0.028469750889679714,0.02491103202846975,0.6018683274021353
0.34375,0.028125,0.02544642857142857,0.6026785714285714
0.3366159355416294,0.02820053715308863,0.024171888988361683,0.6110116383169203
0.33900582176444244,0.026869682042095836,0.02418271383788625,0.6099417823555755
0.3315673289183223,0.02869757174392936,0.022958057395143488,0.6167770419426049
0.3340827338129496,0.02787769784172662,0.02473021582733813,0.6133093525179856
0.33708370837083707,0.026552655265526554,0.024302430243024302,0.6120612061206121
0.3417890520694259,0.0267022696929239,0.023141967067200713,0.6083667111704495
0.34091923248549755,0.02989736724676484,0.026327532351628737,0.6028558679161089
0.33999112294718153,0.02796271637816245,0.02574345317354638,0.6063027075011096
0.33584738243123335,0.025732031943212066,0.027506654835847383,0.6109139307897072
0.336734693877551,0.027062999112688554,0.027062999112688554,0.6091393078970718
0.3302139037433155,0.0285204991087344,0.02540106951871658,0.6158645276292335
0.32281013783903956,0.028901734104046242,0.02578923966207203,0.6224988883948421
0.310022271714922,0.030289532293986638,0.028062360801781736,0.6316258351893096
0.31748878923766816,0.028699551569506727,0.026457399103139014,0.6273542600896861
0.31822222222222224,0.02666666666666667,0.02666666666666667,0.6284444444444445
0.32058047493403696,0.028144239226033423,0.026385224274406333,0.6248900615655233
0.3184233835252436,0.029229406554472984,0.024357838795394153,0.6279893711248893
0.3154867256637168,0.029646017699115044,0.026106194690265486,0.6287610619469026
0.3178119349005425,0.028933092224231464,0.02531645569620253,0.6279385171790235
0.31280898876404495,0.029213483146067417,0.023820224719101123,0.6341573033707865
0.3152796125055042,0.029942756494936152,0.022016732716864818,0.6327608982826949
0.31440071556350624,0.03130590339892665,0.019230769230769232,0.6350626118067979
0.316001792917974,0.033617212012550426,0.020170327207530255,0.6302106678619454
0.3162125949084413,0.03394372487717731,0.023224653863331845,0.6266190263510496
0.3154602323503128,0.029490616621983913,0.022788203753351208,0.6322609472743521
0.3235945108455069,0.027445772465692783,0.023019034971226208,0.6259406817175741
0.31998219848687137,0.027147307521139297,0.022696929238985315,0.630173564753004
0.3256124721603563,0.026280623608017816,0.024944320712694878,0.623162583518931
0.3246985261277356,0.027690933452434122,0.02590442161679321,0.6217061188030371
0.3233183856502242,0.026457399103139014,0.025560538116591928,0.6246636771300449
0.32671081677704195,0.025607064017660046,0.026048565121412803,0.6216335540838852
0.321570357300397,0.025584472871636524,0.027790030877812087,0.6250551389501544
0.3247445579742337,0.023545091070635273,0.028876055086628164,0.6228342958685029
0.3229675699689027,0.025322079075966238,0.027543314082629944,0.6241670368725011
0.32755555555555554,0.02311111111111111,0.028444444444444446,0.6208888888888889
0.3236994219653179,0.025344597598932858,0.02712316585148955,0.6238328145842597
0.3213159080666967,0.024785939612438034,0.023433979269941414,0.6304641730509238
0.3205357142857143,0.025,0.023214285714285715,0.63125
0.3220640569395018,0.02491103202846975,0.02224199288256228,0.6307829181494662
0.31475702184574234,0.024520731163620153,0.024074899687917966,0.6366473473027195
0.31893095768374163,0.023608017817371936,0.024944320712694878,0.6325167037861915
0.3227819884083816,0.022737405260811413,0.028979045920642,0.6255015604101649
0.32026726057906457,0.023608017817371936,0.028953229398663696,0.6271714922048998
0.31901565995525727,0.02371364653243848,0.030425055928411632,0.6268456375838927
0.3170297910182303,0.023121387283236993,0.03023566029346376,0.629613161405069
0.3194070080862534,0.02425876010781671,0.03009883198562444,0.6262353998203055
0.315625,0.024553571428571428,0.03125,0.6285714285714286
0.3209054593874834,0.023968042609853527,0.02885042166000888,0.6262760763426543
0.32515611061552185,0.023639607493309546,0.028545941123996433,0.6226583407671722
0.32067887449754356,0.022778025904421618,0.027244305493523895,0.629298794104511
0.3182423435419441,0.0230803373280071,0.027518863737239236,0.6311584553928096
0.31646693297825124,0.023968042609853527,0.02796271637816245,0.6316023080337329
0.3153947948831054,0.024702249669166298,0.02999558888398765,0.6299073665637406
0.3198037466547725,0.025423728813559324,0.028991971454058876,0.6257805530776093
0.3215547703180212,0.023851590106007067,0.02959363957597173,0.625
0.3180616740088106,0.02378854625550661,0.028634361233480177,0.6295154185022026
0.3169861792242532,0.02541239411502452,0.029424877396344182,0.628176549264378
0.31741071428571427,0.027232142857142858,0.028125,0.6272321428571429
0.3093652907234798,0.02885042166000888,0.02574345317354638,0.6360408344429649
0.3058875608676406,0.03098716246126605,0.02478972996901284,0.6383355467020806
0.3097463284379172,0.032487761459724075,0.024477080551846907,0.6332888295505118
0.31074453856442263,0.029870708872046365,0.025858225590726706,0.6335265269728043
0.30758928571428573,0.02857142857142857,0.026339285714285714,0.6375
0.30303030303030304,0.029411764705882353,0.026292335115864526,0.6412655971479501
0.3033112582781457,0.030022075055187638,0.025165562913907286,0.6415011037527594
0.2998667258996002,0.029764549089293647,0.025322079075966238,0.6450466459351399
0.30173564753004006,0.030707610146862484,0.024477080551846907,0.6430796617712505
0.2889969067609368,0.03137428192664605,0.026513477684489615,0.6531153336279275
0.2891352549889135,0.031929046563192905,0.028824833702882482,0.6501108647450111
0.2934051144010767,0.03050695379093764,0.026469268730372364,0.6496186630776133
0.29642857142857143,0.027232142857142858,0.026785714285714284,0.6495535714285714
0.3009838998211091,0.026833631484794274,0.026833631484794274,0.6453488372093024
0.30133333333333334,0.02666666666666667,0.027555555555555555,0.6444444444444445
0.296164139161463,0.028991971454058876,0.026761819803746655,0.6480820695807314
0.30084182543198934,0.02968542312804608,0.026140894993354008,0.6433318564466105
0.30274822695035464,0.031471631205673756,0.023936170212765957,0.6418439716312057
0.2975352112676056,0.03169014084507042,0.02640845070422535,0.6443661971830986
0.30057547587428063,0.029216467463479414,0.027003098716246128,0.6432049579459937
0.30301685891748004,0.029281277728482696,0.02839396628216504,0.6393078970718722
0.2972122302158273,0.03012589928057554,0.02787769784172662,0.6447841726618705
0.29192825112107623,0.029596412556053813,0.02914798206278027,0.6493273542600897
0.29432943294329433,0.0306030603060306,0.031053105310531053,0.644014401440144
0.2971887550200803,0.029451137884872823,0.03034359660865685,0.64301651048639
0.2992021276595745,0.02925531914893617,0.02969858156028369,0.6418439716312057
0.3024390243902439,0.029711751662971176,0.031042128603104215,0.6368070953436807
0.2983693256941384,0.031732040546496254,0.02908770383428823,0.6408109299250772
0.30133333333333334,0.030222222222222223,0.028444444444444446,0.64
0.2995555555555556,0.03155555555555556,0.030666666666666665,0.6382222222222222
0.3029359430604982,0.02802491103202847,0.02891459074733096,0.6401245551601423
0.3068334077713265,0.027690933452434122,0.026797677534613668,0.6386779812416258
0.30848214285714287,0.027232142857142858,0.026785714285714284,0.6375
0.30902623388172523,0.026233881725211204,0.02712316585148955,0.637616718541574
0.30807174887892375,0.027354260089686097,0.026457399103139014,0.6381165919282511
0.3033006244424621,0.024977698483496878,0.027207850133809098,0.644513826940232
0.3053811659192825,0.023318385650224215,0.025112107623318385,0.6461883408071749
0.29795737122557725,0.023978685612788632,0.026198934280639432,0.6518650088809946
0.3020044543429844,0.023162583518930958,0.024053452115812918,0.6507795100222717
0.30150976909413857,0.021758436944937832,0.025310834813499113,0.6514209591474245
0.2983156028368794,0.022606382978723406,0.028368794326241134,0.650709219858156
0.29576837416481067,0.023608017817371936,0.029398663697104678,0.6512249443207127
0.2970340858787074,0.021248339973439574,0.027888446215139442,0.6538291279327136
0.29991126885536823,0.02129547471162378,0.026619343389529725,0.6521739130434783
0.3051747014595312,0.019460415745245468,0.025210084033613446,0.6501547987616099
0.30448154657293497,0.01977152899824253,0.02592267135325132,0.6498242530755711
0.305678793256433,0.02085181898846495,0.024401064773735583,0.6490683229813664
0.311636201515827,0.021845742309407043,0.0231832367365136,0.6433348194382523
0.30227374052608114,0.020954079358002677,0.024966562639322336,0.6518056174765938
0.30115146147032773,0.021700620017714792,0.024800708591674048,0.6523472099202834
0.29847396768402157,0.02333931777378815,0.026481149012567325,0.651705565529623
0.29619805481874445,0.022546419098143235,0.026525198938992044,0.6547303271441203
0.29688888888888887,0.021777777777777778,0.025333333333333333,0.656
0.2979955456570156,0.023608017817371936,0.021380846325167038,0.6570155902004454
0.2988962472406181,0.026048565121412803,0.024724061810154525,0.6503311258278146
0.29642545771578027,0.025283347863993024,0.026155187445510025,0.6521360069747166
0.30154525386313463,0.022958057395143488,0.025607064017660046,0.6498896247240619
0.30977777777777776,0.02311111111111111,0.024444444444444446,0.6426666666666667
0.29995608256477824,0.022837066315327184,0.024593763724198508,0.6526130873956961
0.30450132391879964,0.02294792586054722,0.0264783759929391,0.646072374227714
0.3043284248103525,0.025435073627844713,0.028112449799196786,0.642124051762606
0.31347265451311696,0.024455313472654512,0.028901734104046242,0.6331702979101823
0.30857648099027407,0.022104332449160036,0.026083112290008842,0.6432360742705571
0.3128888888888889,0.02311111111111111,0.025777777777777778,0.6382222222222222
0.31330663106364043,0.023141967067200713,0.023141967067200713,0.6404094348019582
0.3143487858719647,0.023399558498896248,0.026048565121412803,0.6362030905077263
0.31236055332440876,0.023650156180276664,0.028112449799196786,0.6358768406961178
0.31838365896980464,0.021758436944937832,0.02797513321492007,0.6318827708703375
0.3192341941228851,0.02315227070347284,0.025378450578806767,0.6322350845948352
0.31448763250883394,0.026943462897526502,0.02561837455830389,0.6329505300353356
0.3190075321222862,0.02702702702702703,0.022153300841825433,0.6318121400088613
0.3187889581478183,0.02626892252894034,0.022707034728406055,0.6322350845948352
0.316235504014273,0.024977698483496878,0.02096342551293488,0.6378233719892953
0.31543921916592726,0.027950310559006212,0.02040816326530612,0.6362023070097604
0.3178984861976848,0.027604630454140695,0.0213713268032057,0.6331255565449688
0.3193166885676741,0.02803328953131844,0.02146298729741568,0.6311870346035917
0.3171592412880459,0.027348919276576972,0.022496691662990738,0.6329951477723864
0.3170194003527337,0.02601410934744268,0.023368606701940034,0.6335978835978836
0.318859649122807,0.02543859649122807,0.02456140350877193,0.631140350877193
0.3236994219653179,0.026233881725211204,0.026678523788350377,0.6233881725211204
0.31648936170212766,0.027925531914893616,0.023936170212765957,0.6316489361702128
0.3123042505592841,0.026845637583892617,0.024608501118568233,0.636241610738255
0.309260079751883,0.0256978289765175,0.026140894993354008,0.6389011962782455
0.30704099821746883,0.02540106951871658,0.026292335115864526,0.6412655971479501
0.3099284436493739,0.024597495527728087,0.026833631484794274,0.6386404293381037
0.31553182020471743,0.022696929238985315,0.024477080551846907,0.6372941700044504
0.3178397521027003,0.02390438247011952,0.021691013722886232,0.6365648517042939
0.3177361853832442,0.021836007130124777,0.020053475935828877,0.6403743315508021
0.31890459363957596,0.022968197879858657,0.020318021201413426,0.6378091872791519
0.3215547703180212,0.023851590106007067,0.022084805653710248,0.6325088339222615
0.31765749778172137,0.023957409050576754,0.023513753327417924,0.634871339840284
0.31706244503078274,0.024626209322779244,0.021547933157431837,0.6367634124890061
0.3143111903700401,0.023629068212215783,0.024074899687917966,0.6379848417298262
0.3090745732255166,0.025606469002695417,0.025606469002695417,0.6397124887690926
0.30556792873051225,0.026726057906458798,0.026726057906458798,0.6409799554565702
0.3024800708591674,0.02967227635075288,0.027015057573073518,0.6408325952170062
0.3008455718736093,0.02848242100578549,0.0258121940364931,0.6448598130841121
0.294694605439144,0.030762371823450735,0.02630405706642889,0.6482389656709764
0.29409131602506716,0.02954341987466428,0.025514771709937333,0.6508504923903312
0.29659498207885304,0.030017921146953404,0.021505376344086023,0.6518817204301075
0.29928952042628776,0.027531083481349913,0.02264653641207815,0.6505328596802842
0.29388297872340424,0.02925531914893617,0.020833333333333332,0.6560283687943262
0.2957559681697613,0.028293545534924844,0.022104332449160036,0.6538461538461539
0.2965090587715422,0.028722934158197082,0.025187803800265134,0.6495802032699955
0.2968542312804608,0.028799291094373063,0.026140894993354008,0.6482055826318122
0.29665924276169264,0.027616926503340758,0.027616926503340758,0.6481069042316259
0.2946150422785937,0.0267022696929239,0.030262572318647086,0.6484201157098354
0.2966740576496674,0.02483370288248337,0.027937915742793792,0.6505543237250554
0.2936263736263736,0.02857142857142857,0.027252747252747254,0.6505494505494506
0.2939585211902615,0.027953110910730387,0.027051397655545536,0.6510369702434626
0.29777777777777775,0.029333333333333333,0.024888888888888887,0.648
0.2985739750445633,0.02807486631016043,0.025846702317290554,0.6475044563279857
0.301827909050379,0.027641551493535442,0.024966562639322336,0.6455639768167633
0.3020372010628875,0.025243578387953942,0.025686448184233834,0.6470327723649247
0.3024608501118568,0.027293064876957495,0.025950782997762864,0.6442953020134228
0.3024719101123596,0.02696629213483146,0.024269662921348314,0.6462921348314606
0.3021108179419525,0.026385224274406333,0.027704485488126648,0.6437994722955145
0.2966292134831461,0.028764044943820226,0.029662921348314608,0.6449438202247191
0.2903657448706512,0.028545941123996433,0.029884032114183764,0.6512042818911686
0.2947462154942119,0.029385574354407838,0.02804986642920748,0.6478183437221727
0.3024800708591674,0.02878653675819309,0.0283436669619132,0.6403897254207263
0.30225364560318163,0.029606716747680072,0.029606716747680072,0.6385329209014582
0.30396083667111706,0.02848242100578549,0.03159768580329328,0.6359590565198042
0.3057040998217469,0.026737967914438502,0.03074866310160428,0.6368092691622104
0.29429960229783475,0.026513477684489615,0.03137428192664605,0.6478126380910296
0.29301911960871496,0.02578923966207203,0.03156958648288128,0.6496220542463317
0.2982456140350877,0.027440395861448492,0.03013945119208277,0.644174538911381
0.30192050022331396,0.027244305493523895,0.030370701205895488,0.6404644930772666
0.29874213836477986,0.02830188679245283,0.02830188679245283,0.6446540880503144
0.30133333333333334,0.029333333333333333,0.026222222222222223,0.6431111111111111
0.2963951935914553,0.02848242100578549,0.028037383177570093,0.6470850022251892
0.2996005326231691,0.02529960053262317,0.026187305814469597,0.6489125610297382
0.2968402314196707,0.027147307521139297,0.024922118380062305,0.6510903426791277
0.29322638146167557,0.025846702317290554,0.022727272727272728,0.6581996434937611
0.28742780986228345,0.02576632607729898,0.024433585073300755,0.6623722789871168
0.28137561411344353,0.022331397945511387,0.02590442161679321,0.6703885663242519
0.2849462365591398,0.022401433691756272,0.023745519713261647,0.6689068100358423
0.28438331854480925,0.022182786157941437,0.021739130434782608,0.6716947648624667
0.2861593235425011,0.021806853582554516,0.024477080551846907,0.6675567423230975
0.27897574123989216,0.022911051212938006,0.027852650494159928,0.6702605570530099
0.28806036395916557,0.023524189968930315,0.026187305814469597,0.6622281402574345
0.28418708240534524,0.02093541202672606,0.025389755011135856,0.6694877505567929
0.28698752228163993,0.020053475935828877,0.024955436720142603,0.6680035650623886
0.28063943161634103,0.021758436944937832,0.02486678507992895,0.6727353463587922
0.2817531305903399,0.022808586762075134,0.024150268336314847,0.6712880143112702
0.27162707306140743,0.02330793366203496,0.026445540116539667,0.6786194531600179
0.27203918076580585,0.022707034728406055,0.025823686553873553,0.6794300979519146
0.2664590747330961,0.02179715302491103,0.02402135231316726,0.6877224199288257
0.2773071778867588,0.024074899687917966,0.02630405706642889,0.6723138653588944
0.27627494456762747,0.02394678492239468,0.026607538802660754,0.6731707317073171
0.2755694506476105,0.023671281822242072,0.027244305493523895,0.6735149620366235
0.2769162605228179,0.023482498892334957,0.02702702702702703,0.6725742135578201
0.2744479495268139,0.020730058584948176,0.03064443442992339,0.6741775574583145
0.27537511032656664,0.019417475728155338,0.02736098852603707,0.677846425419241
0.27578574590526783,0.01814962372731297,0.02434705621956618,0.6817175741478531
0.2782152230971129,0.019247594050743656,0.024496937882764653,0.6780402449693789
0.2752858399296394,0.018909410729991204,0.02198768689533861,0.6838170624450308
0.2733274647887324,0.02068661971830986,0.02244718309859155,0.6835387323943662
0.27244718309859156,0.01936619718309859,0.02420774647887324,0.6839788732394366
0.2728077945084145,0.021257750221434897,0.025686448184233834,0.6802480070859167
0.27276765881830295,0.02221235006663705,0.025322079075966238,0.6796979120390937
0.2733333333333333,0.02266666666666667,0.026222222222222223,0.6777777777777778
0.2759696834596522,0.024074899687917966,0.02630405706642889,0.6736513597860009
0.2759391771019678,0.024597495527728087,0.0259391771019678,0.6735241502683363
0.268,0.025777777777777778,0.02666666666666667,0.6795555555555556
0.27456258411843876,0.026469268730372364,0.029609690444145357,0.6693584567070435
0.2668752793920429,0.025033527045149755,0.031291908806437195,0.6767992847563702
0.2711031710585083,0.025457793657882984,0.027244305493523895,0.6761947297900849
0.27048458149779736,0.028193832599118944,0.02643171806167401,0.6748898678414097
0.2678492239467849,0.028824833702882482,0.025277161862527715,0.6780487804878049
0.26669615214506853,0.027421494913754976,0.02344095532950022,0.6824413976116762
0.2647058823529412,0.027216856892010536,0.02502194907813872,0.6830553116769096
0.26532438478747206,0.026845637583892617,0.02774049217002237,0.680089485458613
0.2642762284196547,0.027003098716246128,0.02478972996901284,0.6839309428950863
0.2611380679311866,0.02690780767534186,0.02337891486546096,0.6885752095280105
0.25764966740576495,0.025720620842572064,0.02483370288248337,0.6917960088691796
0.25875055383252105,0.02303943287549845,0.0256978289765175,0.692512184315463
0.2599645704162976,0.024800708591674048,0.02612931798051373,0.6891054030115146
0.2570659488559892,0.023777478689995513,0.02602063705697622,0.693135935397039
0.25635309852875615,0.0231832367365136,0.026749888542131076,0.6937137761925992
0.26162018592297476,0.025232403718459494,0.02656042496679947,0.6865869853917662
0.25881302989736726,0.025881302989736725,0.0249888442659527,0.6903168228469433
0.2570659488559892,0.02736653207716465,0.023777478689995513,0.6917900403768507
0.25957257346393586,0.027604630454140695,0.02315227070347284,0.6896705253784505
0.26353149955634425,0.02839396628216504,0.02129547471162378,0.686779059449867
0.2651080723423026,0.0282311424790472,0.020732245258050286,0.6859285399205999
0.26548672566371684,0.028761061946902654,0.02079646017699115,0.6849557522123894
0.26546731022378234,0.029398859148749453,0.02106186924089513,0.6840719613865731
0.2649154051647373,0.027604630454140695,0.021816562778272486,0.6856634016028496
0.2646797153024911,0.027580071174377226,0.021352313167259787,0.6863879003558719
0.26740576496674057,0.027494456762749447,0.02350332594235033,0.6815964523281597
0.2711564023039433,0.02525476295968099,0.024368630926007974,0.6792202038103677
0.26844444444444443,0.02311111111111111,0.02666666666666667,0.6817777777777778
0.26601423487544484,0.023576512455516015,0.028469750889679714,0.6819395017793595
0.27207530255490814,0.023756163155535633,0.02823845809054236,0.6759300761990139
0.2692476902771667,0.024197096348438186,0.025076990761108666,0.6814782226132864
0.2664590747330961,0.02179715302491103,0.024466192170818506,0.6872775800711743
0.262405006705409,0.024139472507822977,0.0232454179704962,0.6902101028162718
0.2628981606101391,0.02288021534320323,0.024226110363391656,0.6899955136832661
0.2671447781264007,0.021515015688032272,0.023756163155535633,0.6875840430300314
0.2604400538841491,0.022002694207453974,0.024247867085765602,0.6933093848226314
0.2569906790945406,0.024855747891699954,0.022636484687083888,0.6955170883266756
0.25557537912578054,0.026761819803746655,0.021855486173059768,0.695807314897413
0.2531138790035587,0.027135231316725978,0.022686832740213523,0.6970640569395018
0.2576769025367156,0.0262572318647085,0.021361815754339118,0.6947040498442367
0.25402504472271914,0.025491949910554562,0.022361359570661897,0.6981216457960644
0.25673249551166966,0.024685816876122084,0.02378815080789946,0.6947935368043088
0.26266666666666666,0.025777777777777778,0.024444444444444446,0.6871111111111111
0.26077396657871593,0.024186455584872472,0.024626209322779244,0.6904133685136323
0.26028622540250446,0.02370304114490161,0.026833631484794274,0.6891771019677997
0.2637215528781794,0.02320392681838465,0.028112449799196786,0.6849620705042392
0.271505376344086,0.0228494623655914,0.026881720430107527,0.678763440860215
0.270619705751226,0.022737405260811413,0.024074899687917966,0.6825679893000446
0.27402135231316727,0.022686832740213523,0.027135231316725978,0.6761565836298933
0.27610936799641417,0.0210667861945316,0.026445540116539667,0.6763783056925146
0.2789450156459544,0.02101028162717926,0.025033527045149755,0.6750111756817165
0.2737777777777778,0.019555555555555555,0.025777777777777778,0.6808888888888889
0.276092774308653,0.01650312221231044,0.024977698483496878,0.6824264049955397
0.27422956677087984,0.019205002233139794,0.02590442161679321,0.6806610093791872
0.2723253757736516,0.018125552608311227,0.026967285587975242,0.6825817860300619
0.2766990291262136,0.016328331862312445,0.0264783759929391,0.6804942630185349
0.26607142857142857,0.017857142857142856,0.027678571428571427,0.6883928571428571
0.2757238307349666,0.016926503340757237,0.029398663697104678,0.6779510022271715
0.2759078830823738,0.015943312666076175,0.02745792736935341,0.6806908768821966
0.27714033539276256,0.0176522506619594,0.0264783759929391,0.678729037952339
0.2840553818669049,0.020991514068780706,0.026797677534613668,0.6681554265297007
0.27906976744186046,0.020623080298376482,0.025010969723562967,0.6752961825362
0.27629233511586454,0.023172905525846704,0.02540106951871658,0.6751336898395722
0.2732072151341839,0.02243730752309723,0.026396832380114386,0.6779586449626045
0.27013796172674676,0.02358700489541611,0.0262572318647085,0.6800178015131286
0.26866338846669646,0.023692445239159587,0.02637460885113992,0.681269557443004
0.2674366948023101,0.023545091070635273,0.02665482007996446,0.6823633940470902
0.2702099151406878,0.022331397945511387,0.026351049575703438,0.6811076373380973
0.258980044345898,0.02261640798226164,0.025720620842572064,0.6926829268292682
0.2648888888888889,0.023555555555555555,0.024888888888888887,0.6866666666666666
0.2732191163210099,0.024346257889990983,0.029756537421100092,0.672678088367899
0.2716711349419124,0.024128686327077747,0.027256478999106343,0.6769436997319035
0.2744833782569632,0.024707996406109614,0.026954177897574125,0.6738544474393531
0.27001779359430605,0.025355871886120998,0.026690391459074734,0.6779359430604982
0.27475468331846564,0.025423728813559324,0.028099910793933987,0.6717216770740411
0.26610767872903796,0.0264783759929391,0.0264783759929391,0.6809355692850838
0.2695883134130146,0.025675077467906152,0.0283311199645861,0.6764054891544932
0.2689562890276539,0.027653880463871544,0.026761819803746655,0.6766280107047279
0.2639257294429708,0.027409372236958444,0.02475685234305924,0.6839080459770115
0.2621359223300971,0.026919682259488084,0.02383053839364519,0.6871138570167696
0.261101243339254,0.027531083481349913,0.023090586145648313,0.6882770870337478
0.2575957727873184,0.026420079260237782,0.024658740642888595,0.6913254073095553
0.25398936170212766,0.025709219858156027,0.026152482269503546,0.6941489361702128
0.2463317029791018,0.026678523788350377,0.025344597598932858,0.701645175633615
0.24556737588652483,0.031471631205673756,0.023936170212765957,0.6990248226950354
0.24832514515408666,0.02992407324698526,0.026351049575703438,0.6953997320232247
0.2564444444444444,0.029333333333333333,0.02266666666666667,0.6915555555555556
0.2543429844097996,0.03162583518930958,0.02182628062360802,0.6922048997772828
0.2567989300044583,0.032545697726259475,0.023629068212215783,0.6870263040570664
0.24734513274336284,0.031415929203539826,0.023451327433628318,0.697787610619469
0.25323227819884087,0.029424877396344182,0.021845742309407043,0.6954971020954079
0.25371120107962214,0.030589293747188485,0.023391812865497075,0.6923076923076923
0.25277654375832964,0.02798756108396268,0.023545091070635273,0.6956908040870724
0.2481335090030742,0.02678963548528766,0.023276240667545016,0.7018006148440931
0.25497127706584183,0.02695536897923111,0.022536456031816175,0.6955368979231109
0.258446687143484,0.027643703378674857,0.02106186924089513,0.6928477402369461
0.2627834593152512,0.02712316585148955,0.01956425077812361,0.6905291240551357
0.26362428001772265,0.02702702702702703,0.0203810367744794,0.6889676561807709
0.2588495575221239,0.026991150442477876,0.02079646017699115,0.6933628318584071
0.25231992929739283,0.024745912505523642,0.022536456031816175,0.7003977021652673
0.2509942554131684,0.025187803800265134,0.025187803800265134,0.6986301369863014
0.2557829181494662,0.025355871886120998,0.027580071174377226,0.6912811387900356
0.25758261656858306,0.02444545043005885,0.029877772747849706,0.6880941602535083
0.25411659991099245,0.022696929238985315,0.02892745883400089,0.6942590120160214
0.25165271044513,0.02379903040987219,0.026884089907448214,0.6976641692375496
0.2554420257663261,0.02310084406930253,0.024877832074633496,0.6965792980897378
0.25822222222222224,0.021777777777777778,0.024444444444444446,0.6955555555555556
0.2548758865248227,0.02171985815602837,0.02349290780141844,0.6999113475177305
0.2514489522960321,0.021845742309407043,0.023629068212215783,0.703076237182345
0.2516763522574877,0.019222172552525705,0.022798390701832812,0.7063030844881538
0.2446236559139785,0.019265232974910396,0.0246415770609319,0.7114695340501792
0.2508833922261484,0.018109540636042403,0.02517667844522968,0.7058303886925795
0.2472259209942299,0.019529516200621395,0.023524189968930315,0.7097203728362184
0.24139452780229478,0.02118270079435128,0.024271844660194174,0.7131509267431597
0.24289520426287745,0.022202486678507993,0.023978685612788632,0.7109236234458259
0.24224977856510185,0.02037201062887511,0.027015057573073518,0.7103631532329495
0.24044943820224718,0.020224719101123594,0.02696629213483146,0.7123595505617978
0.24212421242124213,0.019801980198019802,0.026102610261026102,0.711971197119712
0.24534986713906112,0.01948627103631532,0.027900797165633304,0.7072630646589902
0.24966681474900043,0.020435362061306087,0.027099067081297203,0.7027987561083963
