C,D,Oc,Od
1.0,0.0,0.0,0.0
0.6666666666666666,0.0,0.3333333333333333,0.0
0.6923076923076923,0.0,0.3076923076923077,0.0
0.6428571428571429,0.07142857142857142,0.2857142857142857,0.0
0.6111111111111112,0.07407407407407407,0.3148148148148148,0.0
0.5851063829787234,0.10638297872340426,0.30851063829787234,0.0
0.5517241379310345,0.12413793103448276,0.3103448275862069,0.013793103448275862
0.5420560747663551,0.13551401869158877,0.3037383177570093,0.018691588785046728
0.5254777070063694,0.14012738853503184,0.3057324840764331,0.028662420382165606
0.5191873589164786,0.1489841986455982,0.29571106094808125,0.03611738148984198
0.5145797598627787,0.15265866209262435,0.2864493996569468,0.04631217838765009
0.5080645161290323,0.15456989247311828,0.28091397849462363,0.056451612903225805
0.5043478260869565,0.1532608695652174,0.27717391304347827,0.06521739130434782
0.5066548358473825,0.15527950310559005,0.26619343389529726,0.07187222715173026
0.5081481481481481,0.15407407407407409,0.26296296296296295,0.07481481481481482
0.5095663265306123,0.1524234693877551,0.26339285714285715,0.07461734693877552
0.5082152974504249,0.14957507082152974,0.2668555240793201,0.07535410764872522
0.5046343975283213,0.15036045314109167,0.26930998970133885,0.0756951596292482
0.4990476190476191,0.15285714285714286,0.2723809523809524,0.07571428571428572
0.4959641255605381,0.15515695067264573,0.2726457399103139,0.07623318385650224
0.4957081545064378,0.155793991416309,0.26824034334763946,0.08025751072961373
0.4937707641196013,0.16154485049833886,0.2653654485049834,0.07931893687707642
0.4929063640048642,0.1629509525739765,0.263477908390758,0.0806647750304013
0.4913758523866827,0.1648616125150421,0.26233453670276774,0.08142799839550742
0.4897877452943532,0.16619943932719264,0.26231477773327994,0.0816980376451742
0.488791032826261,0.16853482786228982,0.26140912730184146,0.08126501200960769
0.4859775641025641,0.16947115384615385,0.26121794871794873,0.08333333333333333
0.48157051282051283,0.171875,0.2608173076923077,0.08573717948717949
0.47935871743486974,0.17154308617234468,0.262124248496994,0.08697394789579159
0.477982385908727,0.1721377101681345,0.26060848678943155,0.08927141713370697
0.4755804643714972,0.1733386709367494,0.25980784627702164,0.09127301841473179
0.4711769415532426,0.1745396317053643,0.2586068855084067,0.09567654123298638
0.4691753402722178,0.17814251401120898,0.2570056044835869,0.09567654123298638
0.4641569883860633,0.18101722066479775,0.25470564677613133,0.1001201441730076
0.4629555466559872,0.1802162595114137,0.2555066079295154,0.1013215859030837
0.4607686148919135,0.18174539631705364,0.25500400320256206,0.10248198558847077
0.4588,0.1824,0.2564,0.1024
0.4565826330532213,0.18487394957983194,0.2549019607843137,0.10364145658263306
0.45374449339207046,0.1854225070084101,0.2555066079295154,0.105326391670004
0.4519615692554043,0.18614891913530823,0.2566052842273819,0.10528422738190553
0.4503602882305845,0.18574859887910328,0.255404323458767,0.10848678943154523
0.44915932746196957,0.18454763811048838,0.25500400320256206,0.11128903122497999
0.44577831132452983,0.1844737895158063,0.25650260104041617,0.1132452981192477
0.4456,0.1832,0.2576,0.1136
0.44012815378454145,0.18382058470164198,0.2591109331197437,0.11694032839407288
0.44012815378454145,0.18221866239487386,0.2607128554265118,0.11694032839407288
0.4388,0.1836,0.2592,0.1184
0.43897559023609445,0.18527410964385754,0.2581032412965186,0.11764705882352941
0.4384,0.1852,0.2576,0.1188
0.4353223868642371,0.1870244293151782,0.2567080496595915,0.12094513416099319
0.4332,0.188,0.2572,0.1216
0.43257302921168467,0.19007603041216486,0.2549019607843137,0.12244897959183673
0.4293151782138566,0.19102923508209851,0.2551061273528234,0.12454945935122147
0.428,0.192,0.2528,0.1272
0.4256,0.1928,0.2544,0.1272
0.4228,0.1928,0.2552,0.1292
0.42056822729091636,0.19327731092436976,0.25570228091236497,0.13045218087234894
0.41793434747798236,0.1941553242594075,0.25580464371497197,0.1321056845476381
0.4168,0.1948,0.256,0.1324
0.41576630652260904,0.19607843137254902,0.2541016406562625,0.13405362144857944
0.41633306645316254,0.19615692554043235,0.25580464371497197,0.13170536429143315
0.4159327461969576,0.1969575660528423,0.255404323458767,0.13170536429143315
0.41576630652260904,0.19447779111644659,0.2549019607843137,0.13485394157663066
0.412,0.1956,0.2556,0.1368
0.4105642256902761,0.19807923169267708,0.2549019607843137,0.1364545818327331
0.408,0.198,0.2548,0.1392
0.4053621448579432,0.1992797118847539,0.2541016406562625,0.14125650260104042
0.4052863436123348,0.19903884661593912,0.2539046856227473,0.14177012414897877
0.40336134453781514,0.1996798719487795,0.25570228091236497,0.14125650260104042
0.40296118447378954,0.20088035214085634,0.2549019607843137,0.14125650260104042
0.3988,0.2024,0.2552,0.1436
0.39751801441152923,0.20416333066453163,0.255404323458767,0.14291433146517213
0.39255702280912363,0.2064825930372149,0.2581032412965186,0.14285714285714285
0.39015606242497,0.2068827531012405,0.25770308123249297,0.1452581032412965
0.3881552621048419,0.2060824329731893,0.25730292116846737,0.1484593837535014
0.386,0.2064,0.256,0.1516
0.3856,0.2064,0.256,0.152
0.386,0.2052,0.2564,0.1524
0.384,0.2052,0.2568,0.154
0.3824,0.2048,0.2584,0.1544
0.3817527010804322,0.20568227290916366,0.2581032412965186,0.15446178471388555
0.38,0.2044,0.2592,0.1564
0.38015206082432973,0.20488195278111246,0.25770308123249297,0.15726290516206481
0.37725270324389265,0.20824989987985582,0.25710853023628355,0.15738886663996796
0.37630104083266613,0.21056845476381106,0.2562049639711769,0.15692554043234588
0.374,0.21,0.2576,0.1584
0.3736,0.2088,0.2588,0.1588
0.37214885954381755,0.2116846738695478,0.25930372148859543,0.1568627450980392
0.3716,0.212,0.2584,0.158
0.3701480592236895,0.2144857943177271,0.25730292116846737,0.15806322529011604
0.3713485394157663,0.21208483393357344,0.2553021208483393,0.16126450580232093
0.3709483793517407,0.2112845138055222,0.25570228091236497,0.16206482593037214
0.3705482192877151,0.21208483393357344,0.2549019607843137,0.16246498599439776
0.3712,0.212,0.2548,0.162
0.36934773909563823,0.21208483393357344,0.25570228091236497,0.16286514605842337
0.36694677871148457,0.21248499399759904,0.2581032412965186,0.16246498599439776
0.3668,0.2132,0.2584,0.1616
0.3656,0.2128,0.2576,0.164
0.3648,0.2116,0.2572,0.1664
0.3637454981992797,0.21328531412565027,0.2537014805922369,0.16926770708283315
0.3628,0.2136,0.2532,0.1704
0.36014405762304924,0.21408563425370147,0.25290116046418565,0.17286914765906364
0.3592,0.212,0.2532,0.1756
0.358,0.2116,0.2536,0.1768
0.3572,0.2104,0.2544,0.178
0.3568,0.2104,0.2528,0.18
0.3564,0.2116,0.252,0.18
0.354,0.2116,0.2508,0.1836
0.3508,0.2132,0.2496,0.1864
0.35014005602240894,0.2152861144457783,0.24889955982392958,0.18567426970788314
0.3468,0.2172,0.2488,0.1872
0.344937975190076,0.21608643457382953,0.250500200080032,0.18847539015606243
0.34387510008006406,0.2177742193755004,0.25060048038430743,0.1877502001601281
0.3432,0.2184,0.25,0.1884
0.3416,0.2192,0.2492,0.19
0.3385354141656663,0.2180872348939576,0.24929971988795518,0.19407763105242096
0.3392,0.2172,0.248,0.1956
0.3392,0.2168,0.2492,0.1948
0.3372,0.2144,0.2524,0.196
0.3376,0.2136,0.252,0.1968
0.33626901521216973,0.21697357886309046,0.2514011208967174,0.1953562850280224
0.3344,0.218,0.2516,0.196
0.336,0.2184,0.2496,0.196
0.3336,0.2184,0.2512,0.1968
0.334,0.2184,0.2516,0.196
0.3324,0.218,0.252,0.1976
0.3332,0.2168,0.2524,0.1976
0.3316,0.2184,0.2516,0.1984
0.3292,0.2192,0.2528,0.1988
0.3268,0.2192,0.2536,0.2004
0.3284,0.2188,0.254,0.1988
0.3292,0.2192,0.2544,0.1972
0.3276,0.2204,0.2532,0.1988
0.3272,0.22,0.2536,0.1992
0.3268,0.22,0.2564,0.1968
0.32573029211684673,0.22168867547018808,0.2553021208483393,0.19727891156462585
0.32492997198879553,0.22208883553421369,0.25570228091236497,0.19727891156462585
0.32492997198879553,0.22368947579031612,0.2549019607843137,0.19647859143657462
0.32372949179671867,0.22288915566226492,0.25570228091236497,0.19767907162865145
0.32506004803843075,0.22257806244995998,0.25420336269015215,0.19815852682145715
0.3236,0.2228,0.2548,0.1988
0.322,0.222,0.256,0.2
0.3204,0.224,0.256,0.1996
0.3212,0.2224,0.2556,0.2008
0.3204,0.2224,0.258,0.1992
0.32,0.2248,0.2572,0.198
0.3196,0.224,0.2592,0.1972
0.3144,0.2276,0.26,0.198
0.3152,0.2268,0.2592,0.1988
0.3144,0.2272,0.2592,0.1992
0.314,0.2292,0.2568,0.2
0.31452581032412963,0.22849139655862344,0.2581032412965186,0.19887955182072828
0.314,0.2288,0.2576,0.1996
0.31184947958366693,0.22898318654923938,0.2578062449959968,0.20136108887109688
0.3096,0.2296,0.258,0.2028
0.3084,0.2296,0.2572,0.2048
0.3084,0.2284,0.258,0.2052
0.3085234093637455,0.2272909163665466,0.25890356142456983,0.20528211284513806
0.3072,0.226,0.2588,0.208
0.3064,0.2256,0.2592,0.2088
0.3056,0.2248,0.2616,0.208
0.3068,0.2252,0.2604,0.2076
0.3076,0.2248,0.2584,0.2092
0.3092,0.2236,0.2584,0.2088
0.3064,0.224,0.2604,0.2092
0.3050440352281825,0.22457966373098479,0.26140912730184146,0.20896717373899118
0.30652260904361744,0.22288915566226492,0.2617046818727491,0.20888355342136855
0.3058446757405925,0.22497998398718974,0.26060848678943155,0.20856685348278622
0.302921168467387,0.2264905962384954,0.2609043617446979,0.20968387354941978
0.302,0.2256,0.2596,0.2128
0.29971988795518206,0.22448979591836735,0.2601040416166467,0.21568627450980393
0.2996,0.2252,0.26,0.2152
0.2996,0.2248,0.2616,0.214
0.3008,0.2244,0.2612,0.2136
0.29931972789115646,0.22569027611044418,0.2609043617446979,0.21408563425370147
0.29931972789115646,0.22569027611044418,0.2613045218087235,0.21368547418967587
0.2984,0.2264,0.26,0.2152
0.2988,0.228,0.2588,0.2144
0.2984,0.2292,0.2572,0.2152
0.298,0.228,0.2596,0.2144
0.2996,0.228,0.2592,0.2132
0.3004,0.2288,0.2568,0.214
0.3009203681472589,0.22929171668667467,0.25610244097639057,0.21368547418967587
0.298,0.2296,0.2584,0.214
0.2976,0.2296,0.2588,0.214
0.297719087635054,0.23169267707082833,0.25730292116846737,0.21328531412565027
0.2984,0.2304,0.2588,0.2124
0.2984,0.2304,0.2584,0.2128
0.2972,0.2308,0.2592,0.2128
0.296,0.2328,0.2576,0.2136
0.2952,0.2332,0.258,0.2136
0.2928,0.2332,0.2584,0.2156
0.2932,0.234,0.2576,0.2152
0.2936,0.2352,0.2568,0.2144
0.2928,0.236,0.2572,0.214
0.2933173269307723,0.23689475790316125,0.25650260104041617,0.21328531412565027
0.2936,0.2356,0.2572,0.2136
0.2932,0.2356,0.2584,0.2128
0.2912,0.2352,0.2592,0.2144
0.2892,0.2348,0.2604,0.2156
0.2884,0.2372,0.2584,0.216
0.28771508603441376,0.23729491796718688,0.25890356142456983,0.21608643457382953
0.2848,0.2392,0.26,0.216
0.2856,0.2408,0.2576,0.216
0.2848,0.242,0.2592,0.214
0.28331332533013204,0.24409763905562226,0.25930372148859543,0.21328531412565027
0.2824,0.2456,0.2604,0.2116
0.2836,0.2444,0.2608,0.2112
0.2812,0.2464,0.26,0.2124
0.2808,0.248,0.2588,0.2124
0.2792,0.2472,0.2604,0.2132
0.28,0.2456,0.2604,0.214
0.2789115646258503,0.2460984393757503,0.2609043617446979,0.21408563425370147
0.2797118847539016,0.24769907963185275,0.25770308123249297,0.2148859543817527
0.2816,0.2476,0.2588,0.212
0.2816,0.2472,0.2588,0.2124
0.2804,0.248,0.2596,0.212
0.2792,0.25,0.258,0.2128
0.2801120448179272,0.24889955982392958,0.2581032412965186,0.21288515406162464
0.2804,0.2476,0.258,0.214
0.2788,0.2488,0.2584,0.214
0.2777110844337735,0.24809923969587835,0.25890356142456983,0.2152861144457783
0.2764,0.2484,0.26,0.2152
0.274109643857543,0.25090036014405764,0.2585034013605442,0.21648659463785513
0.2748,0.252,0.2572,0.216
0.2748,0.2528,0.2564,0.216
0.2736,0.2528,0.2572,0.2164
0.2724,0.2528,0.2564,0.2184
0.272,0.2544,0.2548,0.2188
0.2748,0.254,0.2532,0.218
0.274,0.254,0.2524,0.2196
0.2752,0.2504,0.2548,0.2196
0.2744,0.2504,0.2532,0.222
0.274,0.252,0.252,0.222
0.274,0.2524,0.2508,0.2228
0.274,0.2528,0.252,0.2212
0.27490996398559425,0.250500200080032,0.2545018007202881,0.22008803521408563
0.274,0.2496,0.2536,0.2228
0.2728,0.2476,0.2548,0.2248
0.2716,0.2476,0.2548,0.226
0.2728,0.2492,0.2532,0.2248
0.2732,0.2508,0.2524,0.2236
0.2732,0.2516,0.2508,0.2244
0.2733093237294918,0.2533013205282113,0.250500200080032,0.22288915566226492
0.27,0.2536,0.2524,0.224
0.2704,0.2532,0.2528,0.2236
0.27090836334533813,0.2537014805922369,0.25290116046418565,0.2224889955982393
0.2708,0.2532,0.2528,0.2232
0.2692,0.2532,0.2532,0.2244
0.2696,0.254,0.2508,0.2256
0.2704,0.2532,0.25,0.2264
0.2688,0.2556,0.2484,0.2272
0.2693077230892357,0.25730292116846737,0.24689875950380152,0.2264905962384954
0.2692,0.2552,0.2468,0.2288
0.2693077230892357,0.2533013205282113,0.24889955982392958,0.22849139655862344
0.2692,0.2536,0.2496,0.2276
0.2689075630252101,0.2549019607843137,0.24969987995198079,0.2264905962384954
0.268,0.2532,0.2504,0.2284
0.266,0.256,0.25,0.228
0.2644,0.2572,0.2496,0.2288
0.2656,0.2556,0.2488,0.23
0.2644,0.254,0.2508,0.2308
0.2648,0.254,0.2512,0.23
0.2624,0.2528,0.2528,0.232
0.2628,0.2528,0.2528,0.2316
0.2652,0.2512,0.2536,0.23
0.2664,0.2524,0.2524,0.2288
0.2668,0.254,0.2524,0.2268
0.2664,0.2544,0.2524,0.2268
0.268,0.254,0.2516,0.2264
0.2676,0.2532,0.2528,0.2264
0.268,0.2532,0.2532,0.2256
0.2688,0.2528,0.2528,0.2256
0.266613290632506,0.2530024019215372,0.255404323458767,0.22497998398718974
0.266,0.2524,0.2564,0.2252
0.2653061224489796,0.2537014805922369,0.2537014805922369,0.2272909163665466
0.2652,0.2536,0.254,0.2272
0.2664,0.2524,0.2544,0.2268
0.264,0.2556,0.2548,0.2256
0.2656,0.2536,0.256,0.2248
0.2661064425770308,0.25210084033613445,0.25650260104041617,0.22529011604641858
0.2664,0.25,0.2584,0.2252
0.2664,0.2492,0.2592,0.2252
0.266,0.25,0.2588,0.2252
0.2664,0.25,0.2576,0.226
0.266,0.252,0.2572,0.2248
0.2656,0.2536,0.2564,0.2244
0.2661064425770308,0.2545018007202881,0.25610244097639057,0.22328931572629052
0.2656,0.2564,0.2572,0.2208
0.2644,0.2552,0.2588,0.2216
0.266906762705082,0.2549019607843137,0.2585034013605442,0.21968787515006002
0.2696,0.2528,0.2568,0.2208
0.2704,0.25,0.2588,0.2208
0.2692,0.252,0.2584,0.2204
0.2696,0.2528,0.2584,0.2192
0.26850740296118447,0.2537014805922369,0.2581032412965186,0.21968787515006002
0.2665066026410564,0.25250100040016005,0.2617046818727491,0.21928771508603442
0.2672,0.2528,0.2604,0.2196
0.2684,0.2532,0.258,0.2204
0.2704,0.2512,0.2592,0.2192
0.2708,0.2532,0.258,0.218
0.2704,0.2528,0.2576,0.2192
0.2704,0.254,0.2568,0.2188
0.2708,0.2536,0.2572,0.2184
0.2736,0.2532,0.2556,0.2176
0.2732,0.252,0.2564,0.2184
0.2732,0.2516,0.2556,0.2196
0.2716,0.2528,0.2564,0.2192
0.2704,0.2524,0.2564,0.2208
0.2712,0.2512,0.258,0.2196
0.2725090036014406,0.24889955982392958,0.2585034013605442,0.22008803521408563
0.272,0.252,0.2576,0.2184
0.2712,0.2548,0.2584,0.2156
0.27050820328131253,0.2553021208483393,0.2585034013605442,0.21568627450980393
0.27,0.2564,0.2576,0.216
0.272,0.258,0.2552,0.2148
0.2728,0.2584,0.2532,0.2156
0.2728,0.26,0.2532,0.214
0.276,0.2576,0.2536,0.2128
0.2772,0.2568,0.2536,0.2124
0.278,0.258,0.252,0.212
0.2764,0.2584,0.2524,0.2128
0.276,0.2564,0.2532,0.2144
0.2752,0.2552,0.2528,0.2168
0.2756,0.2548,0.25,0.2196
0.27261809447558044,0.255404323458767,0.25260208166533227,0.21937550040032025
0.272,0.256,0.2536,0.2184
0.2716,0.2572,0.2532,0.218
0.2716,0.2568,0.2524,0.2192
0.27,0.2548,0.2524,0.2228
0.27010804321728693,0.2541016406562625,0.25130052020808324,0.22448979591836735
0.268,0.2536,0.2516,0.2268
0.2664,0.2536,0.2532,0.2268
0.2664,0.254,0.2528,0.2268
0.2652,0.2548,0.2548,0.2252
0.26450580232092835,0.2553021208483393,0.25730292116846737,0.22288915566226492
0.2652,0.256,0.2576,0.2212
0.2648,0.2556,0.2584,0.2212
0.2652,0.2552,0.258,0.2216
0.26290516206482595,0.25650260104041617,0.25690276110444177,0.22368947579031612
0.2616,0.2568,0.2568,0.2248
0.2628,0.256,0.256,0.2252
0.264,0.2552,0.256,0.2248
0.26290516206482595,0.25650260104041617,0.25610244097639057,0.22448979591836735
0.2632,0.2568,0.2556,0.2244
0.2613045218087235,0.25610244097639057,0.25650260104041617,0.22609043617446978
0.2628,0.2572,0.2568,0.2232
0.2636,0.2552,0.2568,0.2244
0.2644,0.2556,0.2564,0.2236
0.2664,0.254,0.2548,0.2248
0.2652,0.2532,0.2552,0.2264
0.2648,0.252,0.2544,0.2288
0.264,0.2524,0.2548,0.2288
0.2612,0.2508,0.258,0.23
0.2616,0.25,0.2596,0.2288
0.2610088070456365,0.2510008006405124,0.25900720576461167,0.22898318654923938
0.26060848678943155,0.25180144115292236,0.25740592473979185,0.23018414731785428
0.26,0.2512,0.2584,0.2304
0.2616,0.2528,0.2584,0.2272
0.262,0.2536,0.258,0.2264
0.2604,0.2544,0.26,0.2252
0.2585034013605442,0.2545018007202881,0.2613045218087235,0.22569027611044418
0.2596,0.2532,0.262,0.2252
0.2592,0.2548,0.2612,0.2248
0.2584,0.2576,0.2612,0.2228
0.2572,0.2576,0.2608,0.2244
0.256,0.258,0.2608,0.2252
0.2556,0.2576,0.2632,0.2236
0.25650260104041617,0.25730292116846737,0.2621048419367747,0.22408963585434175
0.25770308123249297,0.2585034013605442,0.2617046818727491,0.22208883553421369
0.25690276110444177,0.25770308123249297,0.26290516206482595,0.2224889955982393
0.25730292116846737,0.25890356142456983,0.2605042016806723,0.22328931572629052
0.2564,0.2596,0.2616,0.2224
0.2568,0.2608,0.26,0.2224
0.258,0.2624,0.256,0.2236
0.2576,0.2608,0.2568,0.2248
0.258,0.2604,0.2576,0.224
0.258,0.2596,0.258,0.2244
0.2568,0.2616,0.2576,0.224
0.2594075260208166,0.25980784627702164,0.25900720576461167,0.22177742193755004
0.2588,0.2596,0.2584,0.2232
0.2588,0.2608,0.2584,0.222
0.2576,0.2608,0.258,0.2236
0.256,0.2612,0.2584,0.2244
0.2556,0.2624,0.256,0.226
0.2556,0.2628,0.2564,0.2252
0.2536,0.262,0.2564,0.228
0.2548,0.2616,0.254,0.2296
0.2544,0.26,0.256,0.2296
0.2533013205282113,0.25970388155262103,0.25650260104041617,0.2304921968787515
0.2516,0.2608,0.2572,0.2304
0.2544,0.2584,0.2584,0.2288
0.2528,0.2604,0.2588,0.228
0.25210084033613445,0.2613045218087235,0.25970388155262103,0.226890756302521
0.2528,0.2588,0.2572,0.2312
0.2524,0.2588,0.2592,0.2296
0.2528,0.2568,0.2604,0.23
0.2532,0.256,0.2616,0.2292
0.2536,0.2556,0.2612,0.2296
0.2548,0.2548,0.2608,0.2296
0.2545018007202881,0.2537014805922369,0.2613045218087235,0.2304921968787515
0.2536,0.2524,0.2628,0.2312
0.252,0.2544,0.2628,0.2308
0.2532,0.2536,0.2612,0.232
0.2533013205282113,0.25290116046418565,0.26290516206482595,0.2308923569427771
0.2536,0.2524,0.2616,0.2324
0.2532,0.2508,0.2632,0.2328
0.2532,0.2508,0.2628,0.2332
0.2544,0.2508,0.2632,0.2316
0.2528,0.2516,0.2644,0.2312
0.2524,0.252,0.2656,0.23
0.252,0.2508,0.2676,0.2296
0.2508,0.252,0.2656,0.2316
0.2508,0.2532,0.2648,0.2312
0.2502001601281025,0.2534027221777422,0.26701361088871095,0.22938350680544436
0.25130052020808324,0.25210084033613445,0.2657062825130052,0.2308923569427771
0.2504,0.2524,0.2656,0.2316
0.2508,0.2524,0.2652,0.2316
0.2492,0.2532,0.2656,0.232
0.2484,0.2528,0.2644,0.2344
0.2508,0.2528,0.2624,0.234
0.2515018021625951,0.25190228273928716,0.2647176611934321,0.2318782539046856
0.2528,0.2508,0.2652,0.2312
0.2516,0.2496,0.2668,0.232
0.2528,0.25,0.2652,0.232
0.2516,0.2512,0.266,0.2312
0.2504,0.252,0.2664,0.2312
0.2492,0.252,0.2672,0.2316
0.248,0.2528,0.2664,0.2328
0.24699759807846278,0.25380304243394713,0.26621297037630104,0.23298638911128902
0.2464,0.2524,0.2676,0.2336
0.2456,0.254,0.2684,0.232
0.24649859943977592,0.2549019607843137,0.2657062825130052,0.23289315726290516
0.2468,0.2536,0.266,0.2336
0.2484,0.252,0.266,0.2336
0.2488,0.2528,0.266,0.2324
0.246,0.252,0.2668,0.2352
0.2460984393757503,0.25290116046418565,0.2665066026410564,0.2344937975190076
0.2464,0.2528,0.2676,0.2332
0.24769907963185275,0.25170068027210885,0.26810724289715887,0.23249299719887956
0.2484,0.2524,0.266,0.2332
0.2476,0.2532,0.2656,0.2336
0.248,0.2544,0.264,0.2336
0.24689875950380152,0.2545018007202881,0.26410564225690275,0.2344937975190076
0.24809923969587835,0.2537014805922369,0.26450580232092835,0.2336934773909564
0.2492,0.2548,0.2632,0.2328
0.2488,0.2552,0.2636,0.2324
0.2476,0.2556,0.264,0.2328
0.2468,0.2544,0.266,0.2328
0.2476,0.2552,0.2652,0.232
0.2476,0.2548,0.2664,0.2312
0.24809923969587835,0.2537014805922369,0.2665066026410564,0.23169267707082833
0.24769907963185275,0.2541016406562625,0.2653061224489796,0.23289315726290516
0.248,0.252,0.266,0.234
0.2468,0.25,0.2688,0.2344
0.2476,0.2492,0.2692,0.234
0.2456,0.2504,0.2708,0.2332
0.2436,0.252,0.2696,0.2348
0.24539631705364293,0.25060048038430743,0.2682145716573259,0.23578863090472377
0.2472,0.2508,0.2676,0.2344
0.2484,0.252,0.2652,0.2344
0.2476,0.2508,0.2664,0.2352
0.248,0.25,0.266,0.236
0.24849939975990396,0.24969987995198079,0.2661064425770308,0.23569427771108442
0.2496,0.2476,0.268,0.2348
0.2524,0.2464,0.2668,0.2344
0.2548,0.248,0.2656,0.2316
0.254,0.2496,0.2652,0.2312
0.2544,0.2508,0.2644,0.2304
0.2549019607843137,0.25210084033613445,0.2621048419367747,0.2308923569427771
0.2545018007202881,0.25290116046418565,0.26370548219287715,0.22889155662264907
0.252,0.2532,0.2636,0.2312
0.2533013205282113,0.25130052020808324,0.26290516206482595,0.23249299719887956
0.2544,0.2516,0.2612,0.2328
0.2556,0.25,0.2612,0.2332
0.2556,0.2492,0.2604,0.2348
0.25570228091236497,0.24969987995198079,0.25930372148859543,0.23529411764705882
0.2572,0.2484,0.2588,0.2356
0.2578062449959968,0.24619695756605284,0.25980784627702164,0.23618895116092875
0.2596,0.2472,0.2568,0.2364
0.2612,0.2468,0.256,0.236
0.2610088070456365,0.24739791833466773,0.25740592473979185,0.23418734987990392
0.2596,0.2468,0.2576,0.236
0.25890356142456983,0.24769907963185275,0.25570228091236497,0.23769507803121248
0.2572,0.2484,0.2564,0.238
0.2576,0.2492,0.2548,0.2384
0.2556,0.2492,0.254,0.2412
0.25580464371497197,0.24859887910328263,0.2562049639711769,0.23939151321056845
0.25650260104041617,0.24889955982392958,0.25610244097639057,0.2384953981592637
0.258,0.2488,0.2544,0.2388
0.2568,0.2476,0.2572,0.2384
0.2552,0.248,0.2568,0.24
0.2568,0.2468,0.2572,0.2392
0.2552,0.248,0.2572,0.2396
0.2541016406562625,0.24849939975990396,0.25730292116846737,0.24009603841536614
0.2536,0.25,0.2568,0.2396
0.2556,0.2492,0.2572,0.238
0.2536,0.248,0.2608,0.2376
0.2544,0.2476,0.2612,0.2368
0.2553021208483393,0.24729891956782712,0.2605042016806723,0.23689475790316125
0.2548,0.2488,0.2592,0.2372
0.25570228091236497,0.24929971988795518,0.2585034013605442,0.23649459783913565
0.2544,0.2508,0.2584,0.2364
0.2552,0.2488,0.2592,0.2368
0.2552,0.2484,0.2588,0.2376
0.2544,0.248,0.2608,0.2368
0.2528,0.248,0.2612,0.238
0.2528,0.2484,0.2588,0.24
0.2532,0.2492,0.2584,0.2392
0.252,0.2496,0.2588,0.2396
0.25250100040016005,0.24849939975990396,0.2601040416166467,0.2388955582232893
0.252,0.2492,0.2608,0.238
0.2524,0.2496,0.2592,0.2388
0.2524,0.2492,0.2592,0.2392
0.2516,0.248,0.2604,0.24
0.2512,0.2508,0.2588,0.2392
0.2504,0.252,0.26,0.2376
0.2512,0.2532,0.2592,0.2364
0.2516,0.2504,0.2608,0.2372
0.2504,0.2536,0.2608,0.2352
0.2492,0.2528,0.2624,0.2356
0.24849939975990396,0.25290116046418565,0.26410564225690275,0.2344937975190076
0.2504,0.2524,0.2632,0.234
0.25,0.2516,0.264,0.2344
0.25,0.2524,0.262,0.2356
0.2496,0.2508,0.2624,0.2372
0.2501000400160064,0.25130052020808324,0.2621048419367747,0.23649459783913565
0.2512,0.2512,0.2608,0.2368
0.2532,0.2492,0.2596,0.238
0.2552,0.2492,0.258,0.2376
0.2552,0.2496,0.2564,0.2388
0.2564,0.2492,0.2552,0.2392
0.2568,0.2472,0.258,0.238
0.2564,0.2484,0.2568,0.2384
0.2584,0.2476,0.2564,0.2376
0.2572,0.248,0.2572,0.2376
0.2568,0.2468,0.2584,0.238
0.2596,0.2456,0.2576,0.2372
0.2592,0.2452,0.2588,0.2368
0.25980784627702164,0.24539631705364293,0.25820656525220176,0.2365892714171337
0.2588,0.2472,0.2584,0.2356
0.26,0.2488,0.2572,0.234
0.2602081665332266,0.24699759807846278,0.25740592473979185,0.2353883106485188
0.2585034013605442,0.24769907963185275,0.25690276110444177,0.23689475790316125
0.2588,0.2456,0.2572,0.2384
0.258,0.2448,0.258,0.2392
0.2568,0.2456,0.258,0.2396
0.2572,0.2452,0.2588,0.2388
0.256,0.2456,0.26,0.2384
0.2556,0.2472,0.2592,0.238
0.25610244097639057,0.24729891956782712,0.2601040416166467,0.23649459783913565
0.2556,0.2472,0.26,0.2372
0.25690276110444177,0.2460984393757503,0.25930372148859543,0.23769507803121248
0.256,0.2456,0.2608,0.2376
0.2564,0.2444,0.2592,0.24
0.25730292116846737,0.24329731892757103,0.25970388155262103,0.23969587835134054
0.2568,0.2444,0.258,0.2408
0.25730292116846737,0.24329731892757103,0.25770308123249297,0.2416966786714686
0.2576,0.244,0.2556,0.2428
0.2576,0.2436,0.2572,0.2416
0.2568,0.2448,0.2576,0.2408
0.2564,0.2452,0.2588,0.2396
0.2572,0.2456,0.2572,0.24
0.25650260104041617,0.24649859943977592,0.25730292116846737,0.23969587835134054
0.25570228091236497,0.24849939975990396,0.25570228091236497,0.24009603841536614
0.2564,0.2476,0.258,0.238
0.2556,0.2464,0.2588,0.2392
0.25570228091236497,0.24729891956782712,0.25650260104041617,0.24049619847939174
0.25290116046418565,0.24769907963185275,0.25730292116846737,0.2420968387354942
0.2541016406562625,0.24729891956782712,0.25650260104041617,0.2420968387354942
0.2532,0.2476,0.2576,0.2416
0.2516,0.2468,0.2604,0.2412
0.2504,0.2492,0.26,0.2404
0.2508,0.25,0.26,0.2392
0.250500200080032,0.24889955982392958,0.2601040416166467,0.24049619847939174
0.2488,0.248,0.262,0.2412
0.2472,0.2496,0.2632,0.24
0.248,0.2492,0.2624,0.2404
0.2492,0.2476,0.262,0.2412
0.2484,0.25,0.2612,0.2404
0.24769907963185275,0.24969987995198079,0.2605042016806723,0.2420968387354942
0.24939951961569257,0.25060048038430743,0.2594075260208166,0.24059247397918335
0.2501000400160064,0.24929971988795518,0.25930372148859543,0.24129651860744297
0.2484,0.2492,0.2608,0.2416
0.2468,0.25,0.2616,0.2416
0.2456,0.2496,0.2628,0.242
0.2448,0.2516,0.2632,0.2404
0.2452981192476991,0.25090036014405764,0.26250500200080035,0.24129651860744297
0.244,0.2504,0.262,0.2436
0.246,0.2496,0.2596,0.2448
0.2456,0.2492,0.2584,0.2468
0.2452,0.2488,0.2588,0.2472
0.24649859943977592,0.24729891956782712,0.25770308123249297,0.24849939975990396
0.2448,0.2496,0.2572,0.2484
0.2452,0.2504,0.258,0.2464
0.2452,0.2524,0.2568,0.2456
0.2408,0.254,0.26,0.2452
0.2412,0.2544,0.2592,0.2452
0.24009603841536614,0.2545018007202881,0.2609043617446979,0.24449779911964786
0.2404,0.2552,0.2596,0.2448
0.2396,0.2556,0.2616,0.2432
0.2392,0.2564,0.26,0.2444
0.2388,0.2572,0.2592,0.2448
0.2376,0.26,0.26,0.2424
0.238,0.258,0.2624,0.2416
0.23809523809523808,0.2585034013605442,0.2617046818727491,0.2416966786714686
0.2392,0.2568,0.2616,0.2424
0.238,0.2592,0.2604,0.2424
0.238,0.2592,0.2608,0.242
0.2384,0.2612,0.2596,0.2408
0.2388,0.26,0.2588,0.2424
0.2408,0.26,0.2564,0.2428
0.2424,0.2596,0.256,0.242
0.2412,0.2592,0.2564,0.2432
0.24,0.258,0.258,0.244
0.2396,0.2572,0.2572,0.246
0.24049619847939174,0.25690276110444177,0.25650260104041617,0.2460984393757503
0.2404,0.2568,0.256,0.2468
0.2356,0.2596,0.256,0.2488
0.2348,0.26,0.2556,0.2496
0.23529411764705882,0.2601040416166467,0.25570228091236497,0.24889955982392958
0.234,0.2604,0.2564,0.2492
0.2332,0.262,0.2564,0.2484
0.2336,0.2628,0.2556,0.248
0.234,0.2644,0.2528,0.2488
0.234,0.2636,0.2544,0.248
0.2324,0.2636,0.2564,0.2476
0.2344,0.262,0.2568,0.2468
0.2336,0.2636,0.256,0.2468
0.2348,0.2628,0.2556,0.2468
0.234,0.2648,0.2556,0.2456
0.234093637454982,0.2617046818727491,0.25770308123249297,0.24649859943977592
0.2348,0.2612,0.258,0.246
0.238,0.2604,0.2568,0.2448
0.24,0.2588,0.256,0.2452
0.24129651860744297,0.2613045218087235,0.2549019607843137,0.2424969987995198
0.2428,0.2608,0.2536,0.2428
0.2428,0.2616,0.2528,0.2428
0.2432,0.2616,0.2516,0.2436
0.2432,0.2624,0.25,0.2444
0.24289715886354543,0.2609043617446979,0.25170068027210885,0.24449779911964786
0.2420968387354942,0.2613045218087235,0.2537014805922369,0.24289715886354543
0.242,0.2612,0.2536,0.2432
0.24329731892757103,0.2613045218087235,0.2533013205282113,0.2420968387354942
0.246,0.2608,0.2528,0.2404
0.24649859943977592,0.2621048419367747,0.25130052020808324,0.24009603841536614
0.2472,0.2624,0.25,0.2404
0.2476,0.2632,0.2512,0.238
0.2468,0.2632,0.2504,0.2396
0.2468,0.2628,0.2512,0.2392
0.2468,0.2628,0.2516,0.2388
0.2472,0.2628,0.252,0.238
0.246,0.2644,0.2528,0.2368
0.2464,0.266,0.2516,0.236
0.2468,0.2656,0.252,0.2356
0.2464,0.266,0.2524,0.2352
0.246,0.2656,0.2536,0.2348
0.2436,0.2664,0.2524,0.2376
0.2432,0.2672,0.2504,0.2392
0.2444,0.2648,0.25,0.2408
0.2448,0.264,0.2492,0.242
0.2452,0.2636,0.25,0.2412
0.246,0.2616,0.2496,0.2428
0.246,0.2612,0.2476,0.2452
0.2452,0.2604,0.2488,0.2456
0.2452,0.2604,0.25,0.2444
0.2448,0.2612,0.2492,0.2448
0.2428,0.2612,0.2508,0.2452
0.242,0.2612,0.2524,0.2444
0.2428,0.2604,0.2532,0.2436
0.2408,0.2608,0.254,0.2444
0.2412,0.2616,0.254,0.2432
0.242,0.2616,0.254,0.2424
0.2408,0.2608,0.2544,0.244
0.2392,0.2608,0.2532,0.2468
0.2396,0.2608,0.2536,0.246
0.2388955582232893,0.2601040416166467,0.2537014805922369,0.24729891956782712
0.23649459783913565,0.2617046818727491,0.2545018007202881,0.24729891956782712
0.23729491796718688,0.2617046818727491,0.2537014805922369,0.24729891956782712
0.2376,0.2636,0.2508,0.248
0.238,0.2632,0.2528,0.246
0.2372,0.2624,0.2544,0.246
0.236,0.2612,0.256,0.2468
0.2352,0.2624,0.258,0.2444
0.2352,0.264,0.258,0.2428
0.2368,0.262,0.2592,0.242
0.23809523809523808,0.2601040416166467,0.25930372148859543,0.2424969987995198
0.23729491796718688,0.2601040416166467,0.25890356142456983,0.24369747899159663
0.238,0.2596,0.258,0.2444
0.238,0.2608,0.2568,0.2444
0.2364,0.2612,0.2592,0.2432
0.2352,0.262,0.2596,0.2432
0.23489395758303322,0.25930372148859543,0.25970388155262103,0.2460984393757503
0.2348,0.2592,0.262,0.244
0.2336,0.2584,0.2632,0.2448
0.232,0.2592,0.262,0.2468
0.23289315726290516,0.2581032412965186,0.26330532212885155,0.2456982793117247
0.2332,0.26,0.262,0.2448
0.2328,0.2592,0.2624,0.2456
0.2324,0.2608,0.2612,0.2456
0.2312,0.2604,0.2616,0.2468
0.2324,0.26,0.262,0.2456
0.232,0.2588,0.2632,0.246
0.2312,0.2596,0.2664,0.2428
0.2332,0.2592,0.2664,0.2412
0.23,0.2588,0.2696,0.2416
0.2276,0.2596,0.2696,0.2432
0.22929171668667467,0.25770308123249297,0.26970788315326133,0.24329731892757103
0.23067681217460953,0.2579094913896676,0.27032438926712055,0.24108930716860233
0.23,0.2596,0.2708,0.2396
0.23058446757405926,0.25820656525220176,0.27181745396317053,0.23939151321056845
0.2328,0.2588,0.2688,0.2396
0.2336,0.2572,0.2696,0.2396
0.2356,0.2564,0.2676,0.2404
0.2356,0.2568,0.2672,0.2404
0.2356,0.2548,0.2684,0.2412
0.2352,0.2556,0.2676,0.2416
0.23289315726290516,0.2581032412965186,0.26730692276910767,0.2416966786714686
0.234093637454982,0.2585034013605442,0.2661064425770308,0.24129651860744297
0.2336,0.2604,0.2644,0.2416
0.2332,0.2624,0.2632,0.2412
0.2312,0.2624,0.264,0.2424
0.2316,0.2612,0.2648,0.2424
0.2336,0.2592,0.2644,0.2428
0.2312,0.26,0.264,0.2448
0.2304,0.26,0.2648,0.2448
0.2304,0.2608,0.2664,0.2424
0.2304,0.262,0.2648,0.2428
0.2304921968787515,0.26410564225690275,0.26290516206482595,0.2424969987995198
0.2312,0.264,0.2632,0.2416
0.2292,0.2648,0.2628,0.2432
0.228,0.266,0.2632,0.2428
0.228,0.266,0.2636,0.2424
0.2300920368147259,0.26450580232092835,0.26290516206482595,0.2424969987995198
0.2304,0.264,0.2628,0.2428
0.23129251700680273,0.26410564225690275,0.26250500200080035,0.2420968387354942
0.23209283713485393,0.26370548219287715,0.2613045218087235,0.24289715886354543
0.2304,0.2648,0.2632,0.2416
0.2308,0.262,0.2632,0.244
0.2312,0.2628,0.2636,0.2424
0.2316,0.2664,0.262,0.24
0.2312,0.2672,0.2624,0.2392
0.2324,0.2656,0.2632,0.2388
0.23289315726290516,0.266906762705082,0.26290516206482595,0.23729491796718688
0.2308,0.2672,0.264,0.238
0.2296,0.2668,0.2644,0.2392
0.2308,0.2644,0.2636,0.2412
0.23,0.2644,0.2648,0.2408
0.2308,0.264,0.2648,0.2404
0.2312,0.2628,0.2664,0.2396
0.23129251700680273,0.2617046818727491,0.26770708283313327,0.2392957182873149
0.2336,0.2592,0.2676,0.2396
0.23609443777511005,0.25690276110444177,0.26850740296118447,0.2384953981592637
0.2364,0.256,0.2684,0.2392
0.2352,0.256,0.268,0.2408
0.2368,0.2564,0.2656,0.2412
0.2368,0.2564,0.2652,0.2416
0.2372,0.2556,0.2664,0.2408
0.236,0.2552,0.2664,0.2424
0.23649459783913565,0.2545018007202881,0.26770708283313327,0.24129651860744297
0.2364,0.2544,0.2676,0.2416
0.2356,0.2528,0.2688,0.2428
0.238,0.2524,0.2684,0.2412
0.2356,0.254,0.2692,0.2412
0.2336,0.254,0.27,0.2424
0.234,0.254,0.2692,0.2428
0.23289315726290516,0.25250100040016005,0.2689075630252101,0.2456982793117247
0.23529411764705882,0.25290116046418565,0.26970788315326133,0.2420968387354942
0.2352,0.2532,0.2688,0.2428
0.2356,0.2536,0.2688,0.242
0.2392,0.2548,0.264,0.242
0.2392,0.2532,0.2624,0.2452
0.2404,0.2544,0.2604,0.2448
0.2384953981592637,0.25650260104041617,0.2609043617446979,0.24409763905562226
0.2384953981592637,0.25610244097639057,0.2609043617446979,0.24449779911964786
0.2384,0.2564,0.2616,0.2436
0.2416,0.2568,0.2588,0.2428
0.2412,0.2556,0.258,0.2452
0.2408,0.256,0.2584,0.2448
0.2392,0.256,0.2588,0.246
0.24,0.2548,0.2576,0.2476
0.2404,0.2556,0.2576,0.2464
0.2388,0.2548,0.258,0.2484
0.238,0.2556,0.2584,0.248
0.2388,0.2556,0.2568,0.2488
0.2368,0.256,0.2576,0.2496
0.2368,0.258,0.2584,0.2468
0.2368,0.2592,0.2576,0.2464
0.238,0.2568,0.2592,0.246
0.2372,0.2584,0.2584,0.246
0.2364,0.26,0.2592,0.2444
0.2356,0.2612,0.2576,0.2456
0.23529411764705882,0.26250500200080035,0.25570228091236497,0.24649859943977592
0.2364,0.2636,0.2544,0.2456
0.236,0.2604,0.2592,0.2444
0.2368,0.2612,0.26,0.242
0.2388,0.2612,0.2596,0.2404
0.238,0.2608,0.26,0.2412
0.2376,0.2596,0.26,0.2428
0.238,0.258,0.2612,0.2428
0.238,0.2576,0.2608,0.2436
0.2376,0.2572,0.2604,0.2448
0.2388,0.2572,0.2592,0.2448
0.2384,0.2572,0.258,0.2464
0.2404,0.2568,0.2584,0.2444
0.24049619847939174,0.2585034013605442,0.2581032412965186,0.24289715886354543
0.24,0.26,0.2584,0.2416
0.2388,0.2624,0.2592,0.2396
0.2388,0.2628,0.2588,0.2396
0.2408,0.2612,0.2584,0.2396
0.2408,0.2596,0.2596,0.24
0.242,0.26,0.2588,0.2392
0.2432,0.258,0.2608,0.238
0.244,0.2596,0.26,0.2364
0.24299439551641314,0.25980784627702164,0.26140912730184146,0.23578863090472377
0.24489795918367346,0.25970388155262103,0.25930372148859543,0.23609443777511005
0.2452,0.2596,0.2608,0.2344
0.2424,0.26,0.2612,0.2364
0.2416,0.26,0.2636,0.2348
0.2408,0.2612,0.2604,0.2376
0.242,0.2596,0.2604,0.238
0.2396,0.2608,0.2612,0.2384
0.24,0.26,0.2604,0.2396
0.2392,0.2588,0.262,0.24
0.2396,0.2588,0.2616,0.24
0.2368,0.26,0.2636,0.2396
0.24,0.2564,0.2628,0.2408
0.2388,0.2568,0.2616,0.2428
0.2396,0.2564,0.2584,0.2456
0.2388955582232893,0.25730292116846737,0.25890356142456983,0.24489795918367346
0.23609443777511005,0.25770308123249297,0.2617046818727491,0.24449779911964786
0.2364,0.2592,0.2612,0.2432
0.2372,0.2596,0.2592,0.244
0.2368,0.2588,0.2592,0.2452
0.23689475790316125,0.2613045218087235,0.25650260104041617,0.2452981192476991
0.2384,0.2608,0.2552,0.2456
0.2392,0.2608,0.2544,0.2456
0.2408,0.2612,0.256,0.242
0.2408,0.2624,0.2536,0.2432
0.24,0.262,0.2544,0.2436
0.2392,0.2628,0.2544,0.2436
0.2412,0.2636,0.2528,0.2424
0.242,0.2632,0.2524,0.2424
0.2404,0.2624,0.2532,0.244
0.2428,0.2616,0.2528,0.2428
0.2424,0.2612,0.2532,0.2432
0.2444,0.2608,0.2536,0.2412
0.2424,0.26,0.256,0.2416
0.2412,0.2596,0.2564,0.2428
0.2396,0.2612,0.2568,0.2424
0.2408,0.2604,0.256,0.2428
0.24,0.2616,0.2548,0.2436
0.2424,0.26,0.2544,0.2432
0.24329731892757103,0.2605042016806723,0.2549019607843137,0.24129651860744297
0.24,0.2604,0.256,0.2436
0.2396,0.2616,0.2564,0.2424
0.2408,0.26,0.2552,0.244
0.24,0.2608,0.2548,0.2444
0.2420968387354942,0.2609043617446979,0.2549019607843137,0.2420968387354942
0.2424,0.2608,0.2548,0.242
0.2416,0.262,0.2536,0.2428
0.2436,0.2596,0.254,0.2428
0.2452,0.2604,0.2548,0.2396
0.2456,0.2596,0.2556,0.2392
0.2468,0.26,0.2552,0.238
0.2464,0.2596,0.2548,0.2392
0.2456,0.2604,0.2536,0.2404
0.2476,0.2604,0.2516,0.2404
0.248,0.2616,0.25,0.2404
0.246,0.2624,0.2516,0.24
0.24889955982392958,0.2609043617446979,0.250500200080032,0.23969587835134054
0.2492,0.2612,0.2496,0.24
0.2488,0.2624,0.2496,0.2392
0.2472,0.2628,0.2516,0.2384
0.244,0.2628,0.2528,0.2404
0.2416,0.2612,0.2544,0.2428
0.2432,0.2592,0.2552,0.2424
0.2424969987995198,0.2605042016806723,0.2553021208483393,0.2416966786714686
0.2412,0.2616,0.2556,0.2416
0.2412,0.2624,0.2544,0.242
0.24049619847939174,0.26290516206482595,0.2549019607843137,0.2416966786714686
0.2409927942353883,0.26381104883907125,0.25500400320256206,0.2401921537229784
0.24,0.2632,0.2552,0.2416
0.2424,0.2632,0.2544,0.24
0.242,0.262,0.2556,0.2404
0.2428,0.2596,0.258,0.2396
0.242,0.2588,0.26,0.2392
0.2408,0.2592,0.2596,0.2404
0.242,0.2572,0.2596,0.2412
0.2420968387354942,0.25570228091236497,0.2601040416166467,0.2420968387354942
0.24499599679743794,0.2534027221777422,0.25980784627702164,0.24179343474779824
0.2436,0.2536,0.26,0.2428
0.2424,0.2536,0.2596,0.2444
0.242,0.2532,0.2604,0.2444
0.24,0.254,0.2612,0.2448
0.2408,0.2552,0.2588,0.2452
0.2408,0.2564,0.26,0.2428
0.2404,0.2576,0.2584,0.2436
0.2416,0.2568,0.2584,0.2432
0.2428,0.2564,0.2588,0.242
0.2432,0.2552,0.2588,0.2428
0.246,0.2552,0.2572,0.2416
0.248,0.2548,0.2572,0.24
0.2488,0.2544,0.2568,0.24
0.248,0.2552,0.256,0.2408
0.246,0.2564,0.2568,0.2408
0.248,0.2548,0.256,0.2412
0.24929971988795518,0.25610244097639057,0.2541016406562625,0.24049619847939174
0.25,0.2564,0.2536,0.24
0.2512,0.2568,0.2536,0.2384
0.2516,0.2552,0.2536,0.2396
0.252,0.2548,0.2528,0.2404
0.2528,0.252,0.2544,0.2408
0.2516,0.2512,0.256,0.2412
0.2508,0.2516,0.2568,0.2408
0.2512,0.2496,0.2584,0.2408
0.2488,0.25,0.26,0.2412
0.2468,0.254,0.258,0.2412
0.2476,0.254,0.2576,0.2408
0.248,0.2552,0.2564,0.2404
0.2472,0.2552,0.2568,0.2408
0.2472,0.256,0.2568,0.24
0.2492,0.2556,0.2548,0.2404
0.2496,0.2552,0.2552,0.24
0.24929971988795518,0.25610244097639057,0.25570228091236497,0.2388955582232893
0.2501000400160064,0.2553021208483393,0.25570228091236497,0.2388955582232893
0.2516,0.256,0.2528,0.2396
0.2488,0.2568,0.2524,0.242
0.2468,0.2596,0.2516,0.242
0.24649859943977592,0.2601040416166467,0.25170068027210885,0.2416966786714686
0.2468,0.2592,0.2516,0.2424
0.2476,0.2572,0.2524,0.2428
0.2456,0.2588,0.252,0.2436
0.2464,0.2564,0.2532,0.244
0.2468,0.2576,0.2536,0.242
0.2472,0.2564,0.2544,0.242
0.2452,0.2564,0.2564,0.242
0.2452,0.2556,0.2556,0.2436
0.246,0.2548,0.256,0.2432
0.24649859943977592,0.2541016406562625,0.25610244097639057,0.24329731892757103
0.2476,0.252,0.2584,0.242
0.2492,0.2524,0.2564,0.242
0.2488,0.2524,0.2568,0.242
0.2508,0.2532,0.2552,0.2408
0.2504,0.2548,0.2556,0.2392
0.2492,0.2556,0.2564,0.2388
0.248,0.2568,0.2552,0.24
0.2484,0.2584,0.2536,0.2396
0.2476,0.2576,0.254,0.2408
0.2484,0.2584,0.2532,0.24
0.2464,0.2584,0.2536,0.2416
0.2468,0.258,0.2532,0.242
0.2464,0.258,0.252,0.2436
0.2464,0.258,0.2528,0.2428
0.244,0.258,0.2532,0.2448
0.248,0.258,0.2508,0.2432
0.24809923969587835,0.2585034013605442,0.250500200080032,0.24289715886354543
0.2492,0.26,0.2488,0.242
0.2492,0.2604,0.2504,0.24
0.24969987995198079,0.2613045218087235,0.2501000400160064,0.2388955582232893
0.24929971988795518,0.2609043617446979,0.24809923969587835,0.2416966786714686
0.2476,0.2624,0.2492,0.2408
0.2476,0.2632,0.248,0.2412
0.2484,0.2616,0.25,0.24
0.2468,0.2604,0.2516,0.2412
0.2476,0.262,0.2512,0.2392
0.2496,0.2628,0.2496,0.238
0.24939951961569257,0.2626100880704564,0.24859887910328263,0.23939151321056845
0.24929971988795518,0.26250500200080035,0.24729891956782712,0.24089635854341737
0.2492,0.2632,0.246,0.2416
0.2512,0.2616,0.2472,0.24
0.2536,0.2608,0.2456,0.24
0.2532,0.2612,0.2452,0.2404
0.2532,0.2612,0.2456,0.24
0.2528,0.262,0.246,0.2392
0.2536,0.2612,0.246,0.2392
0.254,0.2616,0.2468,0.2376
0.2549019607843137,0.25970388155262103,0.24689875950380152,0.2384953981592637
0.2548,0.2608,0.2456,0.2388
0.2532,0.2604,0.246,0.2404
0.25250100040016005,0.2613045218087235,0.2460984393757503,0.24009603841536614
0.2539046856227473,0.2619142971565879,0.24549459351221467,0.23868642370845014
0.25210084033613445,0.2653061224489796,0.24369747899159663,0.2388955582232893
0.254,0.2636,0.2452,0.2372
0.25170068027210885,0.26330532212885155,0.24809923969587835,0.23689475790316125
0.25090036014405764,0.26370548219287715,0.24729891956782712,0.23809523809523808
0.25170068027210885,0.2657062825130052,0.2456982793117247,0.23689475790316125
0.2524,0.2656,0.244,0.238
0.2536,0.266,0.244,0.2364
0.2532,0.266,0.2436,0.2372
0.2524,0.2648,0.2448,0.238
0.2532,0.2644,0.2444,0.238
0.2544,0.2632,0.2444,0.238
0.2556,0.264,0.2428,0.2376
0.2552,0.2636,0.244,0.2372
0.2537014805922369,0.26410564225690275,0.24369747899159663,0.2384953981592637
0.2528,0.2652,0.2428,0.2392
0.2516,0.2664,0.244,0.238
0.25,0.2676,0.2444,0.238
0.24889955982392958,0.26770708283313327,0.24369747899159663,0.23969587835134054
0.250500200080032,0.26730692276910767,0.24449779911964786,0.23769507803121248
0.2512,0.2668,0.2448,0.2372
0.2524,0.2668,0.244,0.2368
0.2524,0.2648,0.246,0.2368
0.2536,0.2656,0.2444,0.2364
