C,D,Oc,Od
0.0,0.0,1.0,0.0
0.3333333333333333,0.0,0.6666666666666666,0.0
0.3333333333333333,0.0,0.5833333333333334,0.08333333333333333
0.25,0.08333333333333333,0.5833333333333334,0.08333333333333333
0.3076923076923077,0.05128205128205128,0.5641025641025641,0.07692307692307693
0.3448275862068966,0.034482758620689655,0.4827586206896552,0.13793103448275862
0.3076923076923077,0.03296703296703297,0.5164835164835165,0.14285714285714285
0.29838709677419356,0.04032258064516129,0.5,0.16129032258064516
0.29878048780487804,0.042682926829268296,0.4695121951219512,0.18902439024390244
0.2850877192982456,0.05263157894736842,0.4517543859649123,0.21052631578947367
0.28523489932885904,0.06711409395973154,0.4228187919463087,0.22483221476510068
0.26430517711171664,0.07901907356948229,0.4223433242506812,0.23433242506811988
0.26004228329809725,0.09513742071881606,0.41014799154334036,0.2346723044397463
0.25432525951557095,0.11591695501730104,0.3806228373702422,0.2491349480968858
0.24522760646108663,0.13362701908957417,0.3744493392070485,0.24669603524229075
0.22956730769230768,0.14543269230769232,0.37259615384615385,0.25240384615384615
0.22637590861889928,0.15472481827622014,0.36656282450674976,0.2523364485981308
0.21454545454545454,0.16727272727272727,0.3663636363636364,0.25181818181818183
0.2119258662369057,0.16116035455278002,0.36180499597099114,0.26510878323932313
0.20624546114742193,0.16993464052287582,0.35584604212055193,0.2679738562091503
0.20107238605898123,0.1722520107238606,0.35656836461126007,0.27010723860589814
0.19585112873703478,0.17266625991458207,0.34960341671751066,0.28187919463087246
0.19490084985835693,0.173371104815864,0.346742209631728,0.284985835694051
0.1947983014861996,0.17144373673036092,0.3471337579617834,0.28662420382165604
0.1981891348088531,0.1720321931589537,0.3440643863179074,0.2857142857142857
0.19142857142857142,0.17666666666666667,0.3419047619047619,0.29
0.18539066111881647,0.18030513176144244,0.33703190013869627,0.29727230698104484
0.18584474885844748,0.18447488584474886,0.3315068493150685,0.29817351598173514
0.1905819635717459,0.18169702354509107,0.3291870279875611,0.29853398489560196
0.19638128861429832,0.18314210061782876,0.3287731685789938,0.29170344218887906
0.19525065963060687,0.18073878627968337,0.3306948109058927,0.29331574318381703
0.19920669898633758,0.1873071837814015,0.3248126928162186,0.2886734244160423
0.20352422907488987,0.18722466960352424,0.3198237885462555,0.2894273127753304
0.19894133215703572,0.18703131892368768,0.3180414644905161,0.2959858844287605
0.2006105538595726,0.18839947666812037,0.3235935455734845,0.28739642389882253
0.20217864923747278,0.18823529411764706,0.3145969498910675,0.2949891067538126
0.20624450307827616,0.18997361477572558,0.3100263852242744,0.2937554969217238
0.20783795684720388,0.18978423601937472,0.30735358872743285,0.2950242184059885
0.20689655172413793,0.1918656056587091,0.3090185676392573,0.2922192749778957
0.205648720211827,0.19549867608120036,0.3000882612533098,0.29876434245366285
0.20750551876379691,0.19646799116997793,0.30066225165562915,0.295364238410596
0.20313179643323184,0.20139190952588082,0.29578077424967375,0.29969551979121356
0.20553359683794467,0.20114185331576637,0.29863855950812473,0.2946859903381642
0.2038749449581682,0.20783795684720388,0.29326287978863935,0.2950242184059885
0.20701754385964913,0.20877192982456141,0.29035087719298247,0.29385964912280704
0.2090074333187582,0.20682116309575863,0.29033668561434195,0.29383471797114125
0.20368744512730466,0.208955223880597,0.291044776119403,0.29631255487269537
0.20707732634338138,0.20664045434687636,0.29357798165137616,0.2927042376583661
0.21566054243219598,0.2047244094488189,0.2852143482064742,0.29440069991251094
0.20802115469369767,0.20537681798148966,0.2864698104892023,0.3001322168356104
0.21142109851787272,0.20793374019180472,0.28029642545771577,0.3003487358326068
0.2144748455428067,0.20741394527802295,0.28420123565754635,0.293909973521624
0.2125709297250109,0.2047140986468791,0.2789175032736796,0.3037974683544304
0.214694236691597,0.19841619005719313,0.28508578970523535,0.3018037835459745
0.21107719145224596,0.20453554295682513,0.2817269952027911,0.3026602703881378
0.21096491228070174,0.20482456140350877,0.2820175438596491,0.30219298245614035
0.21333922261484098,0.20185512367491165,0.2747349823321555,0.31007067137809186
0.21501554864504666,0.2047978676143936,0.270990670812972,0.30919591292758775
0.21981424148606812,0.20212295444493586,0.26713843432109685,0.31092436974789917
0.2087227414330218,0.2082777036048064,0.2688028482421006,0.3141967067200712
0.21208112874779542,0.20590828924162258,0.2716049382716049,0.31040564373897706
0.20987105380168963,0.2054246331702979,0.2694530902623388,0.31525122276567363
0.2072310405643739,0.20414462081128748,0.27028218694885364,0.318342151675485
0.20114185331576637,0.20685111989459815,0.26745718050065875,0.3245498462889767
0.20976886175316178,0.20846053205407764,0.2607937200174444,0.32097688617531617
0.20943562610229277,0.20899470899470898,0.2623456790123457,0.31922398589065254
0.2104340201665936,0.21262604120999562,0.25822007891275756,0.3187198597106532
0.21143617021276595,0.20921985815602837,0.26152482269503546,0.3178191489361702
0.20959929546455305,0.20959929546455305,0.25847644209599296,0.32232496697490093
0.21827861579414373,0.21339840283939662,0.2595385980479148,0.3087843833185448
0.21786971830985916,0.2108274647887324,0.26276408450704225,0.3085387323943662
0.2146298729741568,0.21638195356986423,0.2658782303985983,0.30310994305738065
0.20941487021557414,0.22041355037395513,0.2639683238011439,0.3062032556093269
0.2099519860323003,0.22173723264949805,0.2653862941946748,0.3029244871235268
0.21170774647887325,0.2244718309859155,0.2596830985915493,0.304137323943662
0.20568927789934355,0.22319474835886213,0.2603938730853392,0.31072210065645517
0.20657894736842106,0.22543859649122808,0.2614035087719298,0.30657894736842106
0.2113962592431492,0.22749021313614615,0.2614180078294911,0.29969551979121356
0.20966312056737588,0.22783687943262412,0.2632978723404255,0.2992021276595745
0.2129427197201574,0.22081329252295584,0.2675994752951465,0.2986445124617403
0.21679253665037762,0.21945801865837405,0.26343847179031543,0.3003109729009329
0.22325375773651635,0.21618037135278514,0.2630415561450044,0.2975243147656941
0.21459982409850484,0.22427440633245382,0.26341248900615655,0.29771328056288476
0.2121746801940891,0.2192324658138509,0.26334362593736216,0.30524922805469784
0.21966341895482727,0.224977856510186,0.2533215234720992,0.3020372010628875
0.2113857016769638,0.22462488967343336,0.25728155339805825,0.3067078552515446
0.21859850154252974,0.22256500661084178,0.25870427501101806,0.3001322168356104
0.21438023820026467,0.2258491398323776,0.25849139832377593,0.30127922364358184
0.20763827919227393,0.22651448639157157,0.25768217734855137,0.30816505706760317
0.207688908528502,0.23066725585505965,0.2624834290764472,0.29916040653999115
0.21197339246119734,0.23592017738359203,0.2523281596452328,0.29977827050997785
0.21676173760421238,0.23255813953488372,0.25142606406318563,0.29925405879771827
0.2131578947368421,0.23464912280701755,0.26052631578947366,0.2916666666666667
0.21236203090507727,0.2370860927152318,0.26048565121412803,0.2900662251655629
0.210896309314587,0.23945518453427064,0.2583479789103691,0.29130052724077327
0.2086457873842082,0.24305249228054698,0.25540361711513015,0.29289810322011467
0.21545253863134659,0.247682119205298,0.25386313465783666,0.28300220750551874
0.2185022026431718,0.24493392070484582,0.24625550660792953,0.29030837004405285
0.215929203539823,0.2420353982300885,0.2535398230088496,0.2884955752212389
0.21482467820683532,0.24900133155792276,0.2498890368397692,0.2862849533954727
0.22582076308784382,0.24622892635314997,0.2466725820763088,0.28127772848269744
0.22771403353927624,0.2409532215357458,0.25375110326566636,0.27758164165931154
0.22599118942731278,0.24801762114537446,0.24933920704845816,0.27665198237885463
0.22351885098743268,0.2508976660682226,0.24730700179533213,0.27827648114901254
0.22817025010969724,0.2505484861781483,0.24221149627029398,0.27906976744186046
0.2262582056892779,0.24507658643326038,0.24638949671772428,0.28227571115973743
0.2304635761589404,0.2423841059602649,0.25165562913907286,0.27549668874172184
0.2247686205376818,0.24151608638166594,0.250771264874394,0.28294402820625825
0.230566534914361,0.2481335090030742,0.2437417654808959,0.27755819060166886
0.23312611012433393,0.24200710479573712,0.24733570159857904,0.2775310834813499
0.2362099644128114,0.24466192170818504,0.24288256227758007,0.2762455516014235
0.23822104799647734,0.23601937472479084,0.24922941435490972,0.2765301629238221
0.23859649122807017,0.23640350877192984,0.25219298245614036,0.27280701754385966
0.2381584772023019,0.24169986719787517,0.25542275343072157,0.2647189021691014
0.2419210053859964,0.24102333931777378,0.2535906642728905,0.2634649910233393
0.23336291038154391,0.24489795918367346,0.25643300798580304,0.2653061224489796
0.23371478873239437,0.2442781690140845,0.25440140845070425,0.2676056338028169
0.23885209713024283,0.2467991169977925,0.2507726269315673,0.2635761589403974
0.23526824978012312,0.24406332453825857,0.2546174142480211,0.26605101143359716
0.2335540838852097,0.247682119205298,0.24988962472406182,0.26887417218543047
0.23836698858647937,0.2510974539069359,0.24539069359086918,0.26514486391571557
0.23588184187662903,0.2523892267593397,0.24326672458731538,0.2684622067767159
0.22804718217562253,0.254696373962429,0.24639580602883354,0.27086063783311487
0.22898423817863398,0.2539404553415061,0.24387040280210157,0.2732049036777583
0.22805469783855314,0.25408028231142477,0.24128804587560654,0.27657697397441555
0.22408469342743714,0.2567269519188355,0.24614027348919276,0.2730480811645346
0.22290478279947346,0.2544975866608161,0.2448442299254059,0.27775340061430454
0.22110332749562173,0.2530647985989492,0.2491243432574431,0.276707530647986
0.2179824561403509,0.2535087719298246,0.2535087719298246,0.275
0.21159805223550243,0.2540947321823816,0.25232403718459495,0.281983178397521
0.21256038647342995,0.25296442687747034,0.25120772946859904,0.28326745718050067
0.21283185840707963,0.24646017699115044,0.25088495575221237,0.28982300884955753
0.2087378640776699,0.2511032656663725,0.25198587819947044,0.2881729920564872
0.210896309314587,0.2521968365553603,0.2539543057996485,0.28295254833040423
0.21054945054945054,0.2540659340659341,0.25362637362637364,0.28175824175824177
0.20989836500220946,0.2554131683605833,0.25673884224480775,0.27794962439239945
0.21170774647887325,0.2579225352112676,0.2557218309859155,0.2746478873239437
0.2099956159579132,0.2595352915387988,0.24813678211310827,0.28233231039017975
0.2088830255057168,0.2638522427440633,0.24670184696569922,0.2805628847845207
0.20238621299160406,0.2695536897923111,0.24436588599204595,0.2836942112240389
0.20158450704225353,0.2706866197183099,0.24735915492957747,0.28036971830985913
0.2026315789473684,0.26842105263157895,0.24736842105263157,0.28157894736842104
0.2028985507246377,0.2722880983750549,0.24769433465085638,0.277119016249451
0.20381882770870338,0.2699822380106572,0.25044404973357015,0.27575488454706926
0.20750551876379691,0.2640176600441501,0.25121412803532006,0.2772626931567329
0.21013864818024264,0.2634315424610052,0.2517331022530329,0.27469670710571925
0.20923076923076922,0.2602197802197802,0.24923076923076923,0.2813186813186813
0.2056362835755174,0.26067811536767943,0.25451343020695727,0.27917217084984586
0.20725841714035856,0.2575426322693485,0.2584171403585483,0.27678181023174464
0.21781305114638447,0.25440917107583777,0.25617283950617287,0.2716049382716049
0.21167247386759583,0.2617595818815331,0.2539198606271777,0.27264808362369336
0.21547202797202797,0.26354895104895104,0.25393356643356646,0.26704545454545453
0.21554770318021202,0.2623674911660777,0.25618374558303886,0.2659010600706714
0.2161446846052051,0.25937362152624616,0.2545213939126599,0.2699602999558888
0.2171806167400881,0.26343612334801764,0.2497797356828194,0.2696035242290749
0.21541850220264316,0.2696035242290749,0.2444933920704846,0.27048458149779736
0.22502210433244915,0.2639257294429708,0.24491600353669318,0.2661361626878868
0.21936056838365897,0.26953818827708703,0.24600355239786856,0.2650976909413854
0.21409691629955946,0.2748898678414097,0.2409691629955947,0.27004405286343613
0.21763683753258037,0.27541268462206775,0.23892267593397046,0.2680278019113814
0.2188183807439825,0.2673960612691466,0.2437636761487965,0.2700218818380744
0.2252410166520596,0.26205083260297984,0.24057843996494302,0.2721297107800175
0.2300923889133304,0.26176858776946765,0.23933128024637043,0.2688077430708315
0.22915757311217808,0.2610213880401571,0.2357049323439546,0.27411610650371016
0.2263064658990257,0.2577502214348981,0.23649247121346323,0.27945084145261295
0.22764936764064544,0.25556040122110774,0.23331879633667685,0.28347143480157
0.22719298245614036,0.2543859649122807,0.23333333333333334,0.2850877192982456
0.22935779816513763,0.2560069899519441,0.23547400611620795,0.27916120576671033
0.2328767123287671,0.25011047282368537,0.23950508174988952,0.27750773309765797
0.2315098468271335,0.24901531728665208,0.24113785557986872,0.27833698030634574
0.23474801061007958,0.2440318302387268,0.23916887709991158,0.28205128205128205
0.23076923076923078,0.2465934065934066,0.2347252747252747,0.2879120879120879
0.23430592396109637,0.2497789566755084,0.23121131741821396,0.28470380194518125
0.2367957746478873,0.25132042253521125,0.22931338028169015,0.28257042253521125
0.23918799646954986,0.2506619593998235,0.22859664607237423,0.2815533980582524
0.24060150375939848,0.25077399380804954,0.23396727111897392,0.27465723131357805
0.2393992932862191,0.2513250883392226,0.23586572438162545,0.27340989399293286
0.24376114081996436,0.24910873440285206,0.23618538324420676,0.2709447415329768
0.24614707177454867,0.24438573315719947,0.23645970937912814,0.27300748568912375
0.24705368834570057,0.24705368834570057,0.23483195111305108,0.2710606721955478
0.24486226497595104,0.2514210756449497,0.23786620026235242,0.2658504591167468
0.24235711120957024,0.2512184315463004,0.2410279131590607,0.2653965440850687
0.23626852659110723,0.25414123801220573,0.23714036617262424,0.2724498692240628
0.23716814159292035,0.2570796460176991,0.2345132743362832,0.27123893805309734
0.2429701230228471,0.24956063268892795,0.23462214411247803,0.2728471001757469
0.23928258967629046,0.2515310586176728,0.23228346456692914,0.2769028871391076
0.24312333629103816,0.24977817213842057,0.23425022182786157,0.27284826974267967
0.2419140451927337,0.24634470536109881,0.23216659282233051,0.27957465662383696
0.24855491329479767,0.24232992441084927,0.23654957759004003,0.272565584704313
0.24723573639982308,0.24546660769570985,0.232640424590889,0.27465723131357805
0.24524966858152894,0.24524966858152894,0.23552806009721608,0.273972602739726
0.24385964912280703,0.24078947368421053,0.23596491228070177,0.2793859649122807
0.2388255915863278,0.24364592462751972,0.24233128834355827,0.2751971954425942
0.24363476733977174,0.24451273046532046,0.2370500438981563,0.27480245829675154
0.24500665778961384,0.2436750998668442,0.23834886817576564,0.2729693741677763
0.24594476106970628,0.2362998684787374,0.2389302937308198,0.27882507672073653
0.23839009287925697,0.232640424590889,0.24546660769570985,0.28350287483414416
0.2343612334801762,0.2330396475770925,0.2488986784140969,0.28370044052863436
0.23284639220894202,0.23771580345285526,0.24391323594510844,0.2855245683930943
0.23124722592099423,0.23790501553484245,0.2467820683533067,0.28406569019085665
0.23421052631578948,0.23991228070175438,0.2442982456140351,0.28157894736842104
0.2312062937062937,0.24431818181818182,0.23732517482517482,0.28715034965034963
0.2337317397078353,0.24656927844178841,0.24081451969898185,0.2788844621513944
0.23002633889376647,0.25636523266022826,0.2405618964003512,0.2730465320456541
0.22381378692927484,0.25380483437779766,0.24798567591763654,0.27439570277529096
0.23201754385964912,0.25043859649122807,0.24561403508771928,0.2719298245614035
0.2307017543859649,0.24956140350877193,0.24342105263157895,0.27631578947368424
0.22906513070447496,0.24988923349579087,0.2472308373947718,0.2738147984049623
0.231832367365136,0.24921979491752116,0.24520731163620152,0.27374052608114136
0.22849580943978826,0.2434936038817821,0.2514336127040141,0.27657697397441555
0.22403888643393724,0.25055236411842685,0.2465753424657534,0.27883340698188247
0.22661396574440051,0.2503293807641634,0.2450592885375494,0.2779973649538867
0.22502210433244915,0.253315649867374,0.2480106100795756,0.27365163572060125
0.2291849255039439,0.24758983347940403,0.24452234881682736,0.2787028921998247
0.2260485651214128,0.24547461368653423,0.24370860927152319,0.2847682119205298
0.23029772329246936,0.2478108581436077,0.2504378283712785,0.2714535901926445
0.22453498671390612,0.24977856510186006,0.25155004428697963,0.2741364038972542
0.22154382904491932,0.2511993022241605,0.25250763192324466,0.27474923680767555
0.22183098591549297,0.25,0.2522007042253521,0.27596830985915494
0.22355024347056218,0.2474546259406817,0.2549800796812749,0.2740150509074812
0.22727272727272727,0.24580759046778464,0.25375110326566636,0.2731685789938217
0.22472406181015453,0.2520971302428256,0.2560706401766004,0.2671081677704194
0.22701275846898372,0.25252969643642764,0.2551693796744391,0.2652881654201496
0.22626441881100265,0.2511091393078971,0.25865128660159714,0.2639751552795031
0.22320637732506643,0.25110717449069975,0.2599645704162976,0.2657218777679362
0.22928540113985094,0.2529592284085927,0.25822007891275756,0.2595352915387988
0.22266139657444006,0.25384277558190604,0.26130873956960915,0.2621870882740448
0.22207505518763798,0.25121412803532006,0.2578366445916115,0.26887417218543047
0.22173339199296085,0.2507699076110867,0.2644082710074791,0.2630884293884734
0.21651295564339043,0.2520860781730347,0.2648221343873518,0.2665788317962231
0.2260334212840809,0.2497801231310466,0.26297273526824977,0.2612137203166227
0.2326297273526825,0.2497801231310466,0.2616534740545295,0.2559366754617414
0.2328042328042328,0.24603174603174602,0.26322751322751325,0.25793650793650796
0.23049645390070922,0.2548758865248227,0.2575354609929078,0.2570921985815603
0.23036419482229048,0.24835454146555508,0.2602018429135586,0.26107942079859586
0.23076923076923078,0.25362637362637364,0.2571428571428571,0.25846153846153846
0.23148148148148148,0.25220458553791886,0.25573192239858905,0.2605820105820106
0.2352168199737188,0.2536136662286465,0.2566798072711345,0.2544897065265002
0.23767605633802816,0.25264084507042256,0.2574823943661972,0.2522007042253521
0.23788350377945755,0.24899955535793686,0.26011560693641617,0.2530013339261894
0.2403376277210129,0.24877832074633496,0.25633051976899157,0.2545535317636606
0.24239753195240193,0.25209343323049804,0.254737769942706,0.250771264874394
0.24452234881682736,0.24802804557405783,0.25197195442594217,0.25547765118317267
0.2474546259406817,0.25542275343072157,0.2456839309428951,0.25143868968570166
0.24889673433362755,0.2546337157987643,0.24315975286849073,0.2533097969991174
0.2490118577075099,0.25867369345630215,0.24242424242424243,0.24989020641194554
0.24682713347921226,0.25601750547045954,0.249890590809628,0.24726477024070023
0.24646017699115044,0.2553097345132743,0.24557522123893805,0.25265486725663716
0.25273283777874944,0.2588543944031482,0.23611718408395277,0.25229558373414956
0.2521891418563923,0.2640105078809107,0.23774080560420316,0.24605954465849386
0.2518714222809335,0.2562747688243065,0.23822104799647734,0.2536327608982827
0.2517513134851138,0.2578809106830123,0.23992994746059546,0.2504378283712785
0.24814329401485366,0.25688073394495414,0.23896898208824816,0.2560069899519441
0.2526223776223776,0.25,0.24475524475524477,0.2526223776223776
0.24725997369574748,0.24594476106970628,0.24813678211310827,0.25865848312143797
0.258193091231178,0.2382639503985828,0.2466784765279008,0.25686448184233834
0.2605228178998671,0.23482498892334958,0.24457244129375277,0.26007975188303056
0.26542387927208166,0.22769640479360853,0.2436750998668442,0.2632046160674656
0.25880281690140844,0.23503521126760563,0.24295774647887325,0.2632042253521127
0.26434245366284204,0.23698146513680493,0.2409532215357458,0.25772285966460723
0.26436781609195403,0.23563218390804597,0.2440318302387268,0.25596816976127323
0.26573426573426573,0.23426573426573427,0.24694055944055945,0.2530594405594406
0.26403508771929823,0.23771929824561402,0.24298245614035088,0.25526315789473686
0.2641014429383472,0.23261915172715347,0.24879755137735024,0.2544818539571491
0.26301853486319504,0.23080317740511916,0.2524271844660194,0.25375110326566636
0.26380368098159507,0.23006134969325154,0.24934268185801928,0.2567922874671341
0.2622005323868678,0.22715173025732033,0.24933451641526175,0.26131322094055015
0.25772285966460723,0.2321270962047661,0.24845542806707854,0.2616946160635481
0.2661647475642161,0.23073516386182463,0.24534986713906112,0.2577502214348981
0.2665217391304348,0.23130434782608697,0.24434782608695652,0.25782608695652176
0.2673702726473175,0.2326297273526825,0.24802110817941952,0.2519788918205805
0.2732142857142857,0.23392857142857143,0.240625,0.25223214285714285
0.2730465320456541,0.24100087796312555,0.23661106233538193,0.24934152765583845
0.27408056042031526,0.23992994746059546,0.24211908931698775,0.24387040280210157
0.26711111111111113,0.24133333333333334,0.24444444444444444,0.24711111111111111
0.2761061946902655,0.24026548672566372,0.2407079646017699,0.24292035398230089
0.2809038546743465,0.23659725299069562,0.24147097917589722,0.2410279131590607
0.28019323671497587,0.2349582784365393,0.24549846288976723,0.2393500219587176
0.27300748568912375,0.25011008366358434,0.23822104799647734,0.23866138265081463
0.2764835164835165,0.24703296703296704,0.23736263736263735,0.23912087912087912
0.2780960775672102,0.25165271044513,0.23049801674746584,0.23975319524019392
0.2717247463608293,0.2523158359064843,0.23246581385090428,0.2434936038817821
0.27543314082629944,0.24788982674366947,0.23811639271434917,0.23856063971568192
0.27578574590526783,0.2594068171757415,0.23240371845949534,0.23240371845949534
0.2764084507042254,0.2601232394366197,0.230193661971831,0.23327464788732394
0.2803328953131844,0.2606219886114761,0.23083661848445028,0.22820849759088918
0.27349290780141844,0.25620567375886527,0.23847517730496454,0.23182624113475178
0.2712975098296199,0.25731760594145914,0.2398427260812582,0.23154215814766274
0.26622222222222225,0.25422222222222224,0.24933333333333332,0.23022222222222222
0.26486013986013984,0.24956293706293706,0.2530594405594406,0.23251748251748253
0.2671922908453789,0.2483574244415243,0.2514235654840123,0.23302671922908455
0.2642762284196547,0.250996015936255,0.2536520584329349,0.23107569721115537
0.2606969563299515,0.2523158359064843,0.2518747243052492,0.23511248345831495
0.263019693654267,0.25032822757111595,0.25076586433260395,0.23588621444201313
0.26205083260297984,0.2506573181419807,0.24364592462751972,0.24364592462751972
0.26264848218213815,0.24901011878574572,0.24505059392872855,0.2432908051033876
0.2630415561450044,0.2515473032714412,0.2440318302387268,0.2413793103448276
0.263986013986014,0.2521853146853147,0.2395104895104895,0.24431818181818182
0.26382791922739246,0.24934152765583845,0.24363476733977174,0.24319578577699735
0.2697921273772667,0.25210084033613445,0.2401592215833702,0.23794781070322865
0.27114210985178727,0.24673060156931126,0.24062772449869224,0.24149956408020923
0.2665198237885463,0.24405286343612334,0.24845814977973568,0.2409691629955947
0.26625386996904027,0.23750552852720036,0.25254312251216277,0.24369747899159663
0.2699822380106572,0.23312611012433393,0.2531083481349911,0.24378330373001778
0.2646411272567151,0.23601937472479084,0.25539409951563186,0.24394539850286218
0.26404245908889873,0.2335249889429456,0.2556390977443609,0.24679345422379478
0.26128890837352037,0.23235423060061378,0.256466462078036,0.2498903989478299
0.26663747810858146,0.2381786339754816,0.2513134851138354,0.24387040280210157
0.26306543697848045,0.24022837066315328,0.2450592885375494,0.2516469038208169
0.2565789473684211,0.2412280701754386,0.2548245614035088,0.24736842105263157
0.25730735163861823,0.2462356067316209,0.25110717449069975,0.24534986713906112
0.2649384885764499,0.2478031634446397,0.2451669595782074,0.242091388400703
0.25934065934065936,0.24703296703296704,0.2479120879120879,0.24571428571428572
0.2564326210204972,0.2516354121238552,0.24727431312690798,0.24465765372873965
0.2655217965653897,0.24614707177454867,0.24702774108322326,0.2413033905768384
0.2604120999561596,0.24462954844366505,0.2503288031565103,0.24462954844366505
0.25617283950617287,0.2429453262786596,0.2535273368606702,0.24735449735449735
0.2538360368259535,0.23980710214818063,0.25822007891275756,0.24813678211310827
0.2518681318681319,0.23648351648351648,0.2624175824175824,0.24923076923076923
0.24955752212389382,0.23628318584070795,0.2663716814159292,0.24778761061946902
0.24545051043053706,0.2458943630714603,0.26276076342654237,0.2458943630714603
0.24933804060017653,0.23742277140335394,0.26963812886142985,0.2436010591350397
0.24680475980608196,0.2379903040987219,0.26928162185985016,0.24592331423534597
0.24803836094158674,0.24149956408020923,0.26416739319965127,0.24629468177855274
0.2481335090030742,0.24242424242424243,0.2652613087395696,0.24418093983311376
0.24977817213842057,0.2377994676131322,0.26929902395740907,0.24312333629103816
0.2588183421516755,0.23941798941798942,0.27116402116402116,0.23059964726631393
0.25548726953467954,0.24539069359086918,0.2655838454784899,0.23353819139596138
0.2606986899563319,0.24148471615720524,0.262882096069869,0.2349344978165939
0.26279271465741544,0.23894189071986124,0.2597571552471813,0.23850823937554205
0.2589641434262948,0.23992917220008853,0.2602921646746348,0.24081451969898185
0.26153846153846155,0.23912087912087912,0.26065934065934065,0.23868131868131867
0.2648861646234676,0.2425569176882662,0.2561295971978984,0.23642732049036777
0.2720556279878314,0.24771838331160365,0.2494567579313342,0.23076923076923078
0.2720425343376163,0.24634470536109881,0.24634470536109881,0.2352680549401861
0.27144742630884294,0.2454905411350638,0.24769027716674,0.2353717553893533
0.26973684210526316,0.2425438596491228,0.2482456140350877,0.2394736842105263
0.26663708961845606,0.24046140195208518,0.24711623779946762,0.24578527062999111
0.268624014022787,0.24364592462751972,0.24846625766871167,0.2392638036809816
0.25978021978021976,0.23956043956043957,0.25362637362637364,0.24703296703296704
0.2599645704162976,0.2391496899911426,0.2519929140832595,0.24889282550930025
0.26616805983282005,0.23669159700835898,0.2498900131984162,0.24725032996040475
0.2666372851476421,0.2353459673865139,0.24680475980608196,0.251211987659762
0.27348551360842843,0.23222124670763827,0.24582967515364354,0.24846356453028973
0.2696929238985314,0.22919448153093014,0.24922118380062305,0.25189141076991545
0.2776080314273243,0.22566564818856394,0.24181580096027935,0.25491051942383236
0.2710074791025077,0.22921249450065992,0.2446106467223933,0.2551693796744391
0.27144120247568526,0.23076923076923078,0.24049513704686118,0.2572944297082228
0.27074235807860264,0.22838427947598253,0.2410480349344978,0.259825327510917
0.2753303964757709,0.23171806167400882,0.23744493392070484,0.2555066079295154
0.27908005307386113,0.22865988500663423,0.23617868199911543,0.2560813799203892
0.27913159060700043,0.230837394771821,0.23482498892334958,0.25520602569782896
0.2768287341217696,0.23302671922908455,0.23740692071835304,0.2527376259307928
0.2772190642763446,0.23087013554875382,0.23786620026235242,0.2540445999125492
0.2763445561871447,0.22955837341495408,0.2334936598163533,0.2606034105815479
0.2779232111692845,0.2338568935427574,0.2299301919720768,0.2582897033158813
0.2760141093474427,0.23236331569664903,0.2261904761904762,0.2654320987654321
0.2753940455341506,0.23642732049036777,0.22591943957968477,0.26225919439579687
0.28063241106719367,0.22705314009661837,0.23144488361879667,0.2608695652173913
0.28452433143358175,0.22840859272249014,0.23060061376589217,0.256466462078036
0.28209606986899566,0.22663755458515283,0.2336244541484716,0.2576419213973799
0.28169014084507044,0.22843309859154928,0.23107394366197184,0.25880281690140844
0.2796833773087071,0.2260334212840809,0.23306948109058928,0.2612137203166227
0.28123620309050773,0.23178807947019867,0.23443708609271524,0.2525386313465784
0.2830948121645796,0.231216457960644,0.23568872987477638,0.25
0.28954305799648505,0.22715289982425307,0.23066783831282953,0.2526362038664323
0.28789198606271776,0.22822299651567945,0.2312717770034843,0.25261324041811845
0.2914083259521701,0.22320637732506643,0.22807794508414525,0.25730735163861823
0.2884275618374558,0.22393992932862192,0.23012367491166077,0.2575088339222615
0.2905494505494505,0.21582417582417582,0.23912087912087912,0.2545054945054945
0.29318681318681317,0.2189010989010989,0.2334065934065934,0.2545054945054945
0.2981366459627329,0.21650399290150843,0.22892635314995563,0.25643300798580304
0.2979286029087704,0.21771705597179375,0.2265315116791538,0.25782282944028206
0.29045092838196285,0.21573828470380194,0.22944297082228116,0.26436781609195403
0.2961657117672984,0.21330982811811372,0.2260907888937858,0.26443367122080214
0.2963780918727915,0.21554770318021202,0.22968197879858657,0.2583922261484099
0.30219298245614035,0.21228070175438596,0.23157894736842105,0.25394736842105264
0.3098214285714286,0.2080357142857143,0.22991071428571427,0.25223214285714285
0.3015030946065429,0.20954907161803712,0.23607427055702918,0.25287356321839083
0.3007518796992481,0.21450685537372843,0.23308270676691728,0.2516585581601061
0.29590488771466317,0.2192866578599736,0.2311756935270806,0.2536327608982827
0.29853398489560196,0.21501554864504666,0.23589515770768546,0.25055530875166593
0.29912280701754385,0.21403508771929824,0.23640350877192984,0.25043859649122807
0.2880386983289358,0.22163588390501318,0.23658751099384345,0.2537379067722076
0.29161118508655126,0.21881935197514424,0.23746116289391922,0.2521083000443853
0.2971656333038087,0.22320637732506643,0.2400354295837024,0.2395925597874225
0.29584245076586435,0.21925601750547047,0.23544857768052516,0.24945295404814005
0.2913558578323826,0.2242211496270294,0.2378236068451075,0.24659938569548048
0.29465449804432853,0.2207735767057801,0.2381573229030856,0.24641460234680573
0.2966549295774648,0.22095070422535212,0.23459507042253522,0.24779929577464788
0.29803063457330414,0.21794310722100657,0.2350109409190372,0.24901531728665208
0.2996057818659658,0.21506789312308366,0.23477879982479194,0.2505475251861586
0.2974043114826221,0.21249450065992082,0.2353717553893533,0.2547294324681038
0.28848698720776356,0.21438023820026467,0.2373180414644905,0.25981473312748127
0.2887912087912088,0.21670329670329672,0.23868131868131867,0.2558241758241758
0.28350287483414416,0.21362229102167182,0.24502432551968156,0.25785050862450243
0.2794053344993441,0.22081329252295584,0.2374289462177525,0.2623524267599475
0.2763796909492274,0.21677704194260486,0.2423841059602649,0.26445916114790285
0.2765864332603939,0.21925601750547047,0.24901531728665208,0.2551422319474836
0.28115435067774375,0.2125054656755575,0.2470485351989506,0.25929164844774816
0.2845814977973568,0.21277533039647578,0.24933920704845816,0.2533039647577093
0.28431372549019607,0.20944741532976827,0.2464349376114082,0.25980392156862747
0.28451698279664756,0.20423467137185708,0.24658138509042787,0.2646669607410675
0.28463587921847244,0.20648312611012434,0.24289520426287745,0.26598579040852577
0.28998242530755713,0.2078207381370826,0.242091388400703,0.2601054481546573
0.2824360105913504,0.206090026478376,0.25375110326566636,0.25772285966460723
0.2804395604395604,0.20615384615384616,0.250989010989011,0.2624175824175824
0.28115435067774375,0.20507214691735898,0.2540445999125492,0.25972890249234803
0.2818703131892369,0.2051168945743273,0.2545213939126599,0.25849139832377593
0.2781921895568232,0.20447564721369021,0.2558139534883721,0.2615182097411145
0.28017429193899784,0.21045751633986928,0.25054466230936817,0.25882352941176473
0.2801762114537445,0.21013215859030837,0.25242290748898677,0.25726872246696036
0.2783143107989464,0.21202809482001755,0.25021949078138717,0.2594381035996488
0.2790393013100437,0.21179039301310043,0.2445414847161572,0.2646288209606987
0.27824545857332744,0.2144439521488702,0.24368630926007975,0.26362428001772265
0.2777288732394366,0.2125880281690141,0.2517605633802817,0.2579225352112676
0.27541998231653403,0.20954907161803712,0.2524314765694076,0.2625994694960212
0.269687637483502,0.214694236691597,0.2512098548174219,0.2644082710074791
0.27385159010600707,0.21598939929328623,0.24734982332155478,0.2628091872791519
0.2772887323943662,0.21963028169014084,0.2460387323943662,0.25704225352112675
0.2737676056338028,0.22403169014084506,0.24515845070422534,0.25704225352112675
0.2728081886960392,0.22652425456163774,0.23809523809523808,0.262572318647085
0.27359721618094823,0.22662026968247065,0.23923444976076555,0.26054806437581557
0.26849434290687557,0.2297650130548303,0.23411662315056572,0.26762402088772846
0.27107364685004437,0.23203194321206744,0.23425022182786157,0.2626441881100266
0.2713523131672598,0.2326512455516014,0.23354092526690393,0.2624555160142349
0.27336551118911806,0.2369460289600702,0.23255813953488372,0.25713032031592803
0.26995202791103357,0.24160488443087658,0.22939380723942435,0.2590492804186655
0.2715994683207798,0.24147097917589722,0.230837394771821,0.256092157731502
0.26999558108705257,0.24701723376049492,0.2266902342023862,0.25629695095006627
0.2755905511811024,0.24234470691163604,0.2283464566929134,0.2537182852143482
0.28350970017636684,0.23941798941798942,0.2261904761904762,0.2508818342151676
0.2800710164225477,0.24145583666222814,0.22769640479360853,0.2507767421216156
0.2823788546255507,0.24008810572687225,0.2343612334801762,0.2431718061674009
0.28,0.23868131868131867,0.2347252747252747,0.2465934065934066
0.2768959435626102,0.24074074074074073,0.23809523809523808,0.24426807760141092
0.27164310954063603,0.23719081272084805,0.2398409893992933,0.2513250883392226
0.2728865527814279,0.23302671922908455,0.23653088042049936,0.2575558475689882
0.2695191883546537,0.22981914424349362,0.24217026907807676,0.25849139832377593
0.27316644707949056,0.23407992973210365,0.23891084760649978,0.25384277558190604
0.27755819060166886,0.23276240667545015,0.23144488361879667,0.25823451910408435
0.27456140350877195,0.22894736842105262,0.23903508771929824,0.2574561403508772
0.2724856003544528,0.2210899424014178,0.24324324324324326,0.2631812140008861
0.2684234033050469,0.2206342117016525,0.24207235372934346,0.26887003126395714
0.27023440955329503,0.21450685537372843,0.24060150375939848,0.27465723131357805
0.2692136828076411,0.2176810306530431,0.23767214571301643,0.27543314082629944
0.27150304083405735,0.21980886185925283,0.23544743701129453,0.2732406602953953
0.26938239159001315,0.21769601401664476,0.240473061760841,0.2724485326325011
0.2684417285028372,0.21911828895678742,0.23832387603666522,0.27411610650371016
0.2676612549363756,0.2198332602018429,0.24265028521281265,0.26985519964896887
0.27340332458442695,0.2169728783902012,0.2410323709536308,0.268591426071741
0.2694663167104112,0.21959755030621173,0.2410323709536308,0.2699037620297463
0.2791005291005291,0.21472663139329806,0.23941798941798942,0.26675485008818345
0.2791922739244952,0.2115891132572432,0.2405618964003512,0.26865671641791045
0.2800349497597204,0.2145041502839668,0.236784622105723,0.2686762778505898
0.27678181023174464,0.2120682116309576,0.23480542195015303,0.2763445561871447
0.28565140845070425,0.21214788732394366,0.2262323943661972,0.27596830985915494
0.28883071553228623,0.21553228621291448,0.2212041884816754,0.2744328097731239
0.29273693534100975,0.21567759078830823,0.2178919397697077,0.2736935341009743
0.29730921923246584,0.2086457873842082,0.2152624614027349,0.2787825319805911
0.2978442586889573,0.2045754509458865,0.21997360316761988,0.2776066871975363
0.2900964066608238,0.2077125328659071,0.22348816827344434,0.2787028921998247
0.29969284774023697,0.20272049144361562,0.21939447125932426,0.2781921895568232
0.2911169744942832,0.20448548812664907,0.23087071240105542,0.27352682497801234
0.2877254729432468,0.20369555653321603,0.2344918609766828,0.2740871095468544
0.292415607189829,0.20254274441034634,0.23235423060061378,0.27268741779921085
0.2879120879120879,0.2021978021978022,0.23736263736263735,0.2725274725274725
0.2860915492957746,0.20202464788732394,0.23767605633802816,0.27420774647887325
0.28180212014134276,0.2049469964664311,0.24514134275618374,0.2681095406360424
0.28305158214130904,0.20416124837451236,0.23883831816211532,0.27394885132206326
0.2860915492957746,0.20290492957746478,0.23723591549295775,0.2737676056338028
0.2793859649122807,0.21359649122807017,0.23114035087719298,0.27587719298245617
0.2859025032938076,0.20816864295125165,0.2318840579710145,0.2740447957839262
0.2901805372082783,0.2056362835755174,0.2285336856010568,0.2756494936151475
0.2865470852017937,0.20762331838565024,0.23228699551569507,0.273542600896861
0.2851493848857645,0.2095782073813708,0.23550087873462214,0.2697715289982425
0.28528006947459833,0.21233174120712114,0.23100303951367782,0.2713851498046027
0.28415539065910084,0.21038847664775207,0.22653862941946748,0.2789175032736796
0.28255093002657217,0.2121346324180691,0.22719220549158547,0.27812223206377323
0.286156567890314,0.20964175143741706,0.22556390977443608,0.2786377708978328
0.28565140845070425,0.2112676056338028,0.22579225352112675,0.2772887323943662
0.2854633289415898,0.20377689942907334,0.22880983750548967,0.28194993412384717
0.27797513321492007,0.2113676731793961,0.22690941385435168,0.28374777975133214
0.28434365460095945,0.21674662014827736,0.21849105974705627,0.2804186655037069
0.2785527462946818,0.2157802964254577,0.22013949433304272,0.2855274629468178
0.2833260008798944,0.21249450065992082,0.22173339199296085,0.28244610646722396
0.2874779541446208,0.2072310405643739,0.21781305114638447,0.2874779541446208
0.2964757709251101,0.20440528634361232,0.2171806167400881,0.28193832599118945
0.29440282062582634,0.20317320405464961,0.21859850154252974,0.2838254737769943
0.29409190371991245,0.19912472647702406,0.21838074398249452,0.2884026258205689
0.2915387987724682,0.1999123191582639,0.21876370013152127,0.2897851819377466
0.286660777385159,0.19699646643109542,0.2230565371024735,0.29328621908127206
0.29401408450704225,0.1932218309859155,0.22007042253521128,0.292693661971831
0.29634522236900046,0.19594892118009688,0.22016732716864817,0.28753852928225454
0.2886734244160423,0.19391802556192156,0.22520934332304982,0.29219920669898636
0.2897278314310799,0.2019315188762072,0.22256365232660227,0.2857769973661106
0.2878455462922334,0.2079859587538394,0.22027204914436158,0.2838964458095656
0.2835299257317606,0.20576671035386632,0.22979467016164265,0.2809086937527305
0.28114035087719297,0.20175438596491227,0.23157894736842105,0.2855263157894737
0.28844444444444445,0.19822222222222222,0.23333333333333334,0.28
0.2828282828282828,0.20114185331576637,0.23144488361879667,0.2845849802371542
0.28163444639718804,0.20298769771529,0.22803163444639718,0.28734622144112476
0.2809734513274336,0.20309734513274336,0.22920353982300884,0.2867256637168142
0.2857768052516411,0.20393873085339168,0.23063457330415754,0.27964989059080964
0.2883435582822086,0.20552147239263804,0.23093777388255915,0.2751971954425942
0.28602620087336245,0.20655021834061135,0.23231441048034934,0.27510917030567683
0.27831858407079646,0.21194690265486726,0.2323008849557522,0.2774336283185841
0.27848101265822783,0.2125709297250109,0.23221300742034046,0.27673505019642075
0.27927529827662395,0.20989836500220946,0.23729562527618206,0.27353071144498453
0.2762237762237762,0.21765734265734266,0.23557692307692307,0.270541958041958
0.26851851851851855,0.22178130511463845,0.23897707231040563,0.2707231040564374
0.2742285962624946,0.222077357670578,0.23468057366362452,0.2690134724033029
0.26807760141093473,0.21825396825396826,0.23941798941798942,0.2742504409171076
0.26938413823659724,0.21621621621621623,0.23836951705804166,0.2760301284891449
