C,D,Oc,Od
0.0,1.0,0.0,0.0
0.5,0.5,0.0,0.0
0.3333333333333333,0.6666666666666666,0.0,0.0
0.2,0.8,0.0,0.0
0.2,0.7333333333333333,0.06666666666666667,0.0
0.11538461538461539,0.8461538461538461,0.038461538461538464,0.0
0.14285714285714285,0.8333333333333334,0.023809523809523808,0.0
0.1016949152542373,0.8813559322033898,0.01694915254237288,0.0
0.09302325581395349,0.8837209302325582,0.023255813953488372,0.0
0.09166666666666666,0.875,0.016666666666666666,0.016666666666666666
0.11180124223602485,0.8571428571428571,0.006211180124223602,0.024844720496894408
0.1004566210045662,0.863013698630137,0.0045662100456621,0.0319634703196347
0.11387900355871886,0.8469750889679716,0.0035587188612099642,0.03558718861209965
0.12112676056338029,0.828169014084507,0.005633802816901409,0.04507042253521127
0.11990950226244344,0.8190045248868778,0.011312217194570135,0.049773755656108594
0.13345864661654136,0.7988721804511278,0.007518796992481203,0.06015037593984962
0.12796208530805686,0.7898894154818326,0.01263823064770932,0.06951026856240126
0.145748987854251,0.7624831309041835,0.014844804318488529,0.07692307692307693
0.1651376146788991,0.7408256880733946,0.014908256880733946,0.07912844036697247
0.16929133858267717,0.7253937007874016,0.01673228346456693,0.08858267716535433
0.18017241379310345,0.721551724137931,0.019827586206896553,0.07844827586206897
0.18929402637703646,0.7121799844840963,0.02094647013188518,0.07757951900698215
0.19448373408769448,0.7001414427157001,0.019801980198019802,0.08557284299858557
0.20184089414858647,0.6890203813280736,0.01972386587771203,0.08941485864562787
0.2111913357400722,0.6762936221419976,0.02045728038507822,0.09205776173285199
0.2179054054054054,0.6632882882882883,0.023085585585585586,0.09572072072072071
0.22642514651038892,0.6553010122535962,0.02610548748002131,0.09216835375599361
0.22756892230576442,0.6426065162907268,0.02957393483709273,0.10025062656641603
0.2323671497584541,0.6333333333333333,0.03140096618357488,0.10289855072463767
0.23066169617893756,0.6267474370922647,0.03867660764212488,0.10391425908667289
0.23505434782608695,0.6141304347826086,0.043931159420289856,0.1068840579710145
0.2323187108325873,0.6150402864816473,0.044762757385854966,0.10787824529991047
0.24208649130628623,0.6027641551493536,0.04458314757021846,0.11056620597414177
0.23605533244087462,0.6050870147255689,0.0464078536367693,0.11244979919678715
0.2382847038019452,0.6025641025641025,0.04730327144120248,0.11184792219274978
0.2405848471422242,0.5954807266282676,0.04962339388568897,0.11431103234381923
0.23637961335676624,0.5962214411247804,0.04964850615114236,0.11775043936731107
0.23784261715296198,0.5928381962864722,0.052608311229000886,0.11671087533156499
0.2410596026490066,0.590728476821192,0.05077262693156733,0.11743929359823399
0.2364358182620203,0.5941773268636965,0.049404499338332596,0.1199823555359506
0.2398945518453427,0.5900702987697716,0.04789103690685413,0.12214411247803164
0.2440087145969499,0.5860566448801743,0.046623093681917215,0.1233115468409586
0.24162257495590828,0.5873015873015873,0.04894179894179894,0.12213403880070546
0.23693534100974314,0.5912311780336581,0.05225863596102746,0.1195748449955713
0.2410596026490066,0.5880794701986755,0.052980132450331126,0.11788079470198676
0.23794916739702016,0.5920245398773006,0.05390008764241893,0.1161262050832603
0.2379690949227373,0.5916114790286976,0.05695364238410596,0.11346578366445915
0.237928007023705,0.5891132572431957,0.05926251097453907,0.11369622475856014
0.23648351648351648,0.585054945054945,0.06153846153846154,0.11692307692307692
0.23315602836879432,0.5877659574468085,0.06161347517730496,0.1174645390070922
0.23503713411970292,0.581913499344692,0.06378331148973351,0.11926605504587157
0.23144488361879667,0.5797101449275363,0.06807202459376373,0.12077294685990338
0.23147742218325296,0.5760631302060499,0.07014467338886453,0.12231477422183253
0.22661396574440051,0.5797101449275363,0.06851119894598155,0.1251646903820817
0.23114247904719895,0.5672695191883547,0.07366563740626378,0.12792236435818263
0.23714539007092197,0.5598404255319149,0.0726950354609929,0.13031914893617022
0.2313499111900533,0.5639431616341031,0.07282415630550622,0.13188277087033748
0.23421052631578948,0.5574561403508772,0.07280701754385965,0.1355263157894737
0.23349579087284006,0.5494018608772707,0.07620735489587949,0.14089499335400973
0.23669159700835898,0.5446546414430269,0.07655081390233172,0.14210294764628245
0.23378914865460962,0.5430083811204235,0.07719453021614468,0.14600794000882222
0.22469906375390103,0.5421310744538564,0.08203299152920196,0.15113687026304057
0.226890756302521,0.5400265369305617,0.08359133126934984,0.14949137549756744
0.22898032200357782,0.5384615384615384,0.08407871198568873,0.148479427549195
0.22707231040564374,0.5405643738977073,0.08112874779541446,0.15123456790123457
0.22128975265017667,0.5406360424028268,0.08348056537102473,0.15459363957597172
0.2153846153846154,0.5397802197802197,0.08879120879120879,0.15604395604395604
0.2195547795722392,0.5333915320820602,0.08467917939764295,0.1623745089480576
0.21516754850088182,0.5401234567901234,0.08421516754850088,0.16049382716049382
0.2186270222999563,0.5312636641888937,0.08745080891998251,0.16265850459116746
0.21754385964912282,0.5328947368421053,0.08421052631578947,0.16535087719298244
0.22207563764291996,0.5290237467018469,0.08267370272647317,0.1662269129287599
0.22290748898678414,0.5198237885462555,0.08942731277533039,0.16784140969162994
0.22715173025732033,0.5168589174800355,0.08873114463176575,0.16725820763087842
0.22305986696230598,0.5157427937915743,0.09401330376940133,0.1671840354767184
0.2247141600703606,0.5127528583992964,0.09234828496042216,0.17018469656992086
0.22503328894806923,0.5090989791389259,0.09320905459387484,0.17265867731913004
0.2234982332155477,0.5154593639575972,0.09010600706713781,0.1709363957597173
0.22125054656755574,0.514648010494097,0.09532138172278093,0.16878006121556624
0.2172579938677179,0.5173017958826106,0.09329829172141918,0.1721419185282523
0.2182296231375986,0.5127081507449606,0.09246275197195443,0.1765994741454864
0.21997360316761988,0.5037395512538495,0.09986801583809943,0.17641882974043116
0.22841965471447542,0.49667994687915007,0.10225763612217796,0.17264276228419656
0.22139412538360367,0.49627356422621655,0.10960105217010083,0.17273125822007893
0.21598939929328623,0.5008833922261484,0.10998233215547704,0.17314487632508835
0.21297107800175286,0.4934268185801928,0.11349693251533742,0.1801051709027169
0.21879135421261578,0.48875165416850463,0.11689457432730481,0.17556241729157476
0.2122683142100618,0.49558693733451015,0.11429832303618712,0.17784642541924095
0.21898454746136867,0.4891832229580574,0.11876379690949228,0.17306843267108168
0.21249450065992082,0.48790145182578093,0.11922569291684998,0.1803783545974483
0.20980565371024734,0.49337455830388693,0.11616607773851591,0.18065371024734983
0.20837004405286344,0.4845814977973568,0.11674008810572688,0.19030837004405288
0.2035745422842197,0.479947689625109,0.11987794245858761,0.1965998256320837
0.20980565371024734,0.4752650176678445,0.12146643109540636,0.19346289752650175
0.20837004405286344,0.4709251101321586,0.12246696035242291,0.19823788546255505
0.20754716981132076,0.4659938569548047,0.1254936375603335,0.20096533567354102
0.20763827919227393,0.466198419666374,0.11852502194907814,0.20763827919227393
0.20628596724214254,0.46569278441788403,0.12217795484727756,0.2058432934926959
0.20698805838124723,0.47103051747014596,0.12118531623175587,0.20079610791685096
0.20862676056338028,0.46434859154929575,0.1192781690140845,0.20774647887323944
0.2129916040653999,0.4595669465311533,0.12019443216968625,0.2072470172337605
0.21393912659902956,0.44993383325981473,0.12218791354212616,0.21393912659902956
0.21205357142857142,0.45267857142857143,0.11830357142857142,0.21696428571428572
0.21891418563922943,0.4457092819614711,0.1234676007005254,0.2119089316987741
0.2171806167400881,0.44669603524229073,0.12511013215859032,0.21101321585903085
0.2097560975609756,0.4532150776053215,0.12195121951219512,0.21507760532150777
0.21513418389793224,0.4465464144302684,0.12406511218653761,0.21425428948526176
0.21794871794871795,0.4416445623342175,0.1229000884173298,0.21750663129973474
0.21519543258673693,0.43785682916117696,0.12911725955204217,0.2178304787000439
0.21706454465075153,0.43103448275862066,0.129973474801061,0.22192749778956675
0.21658579620644022,0.43008381120423467,0.13365681517423908,0.21967357741508603
0.21328671328671328,0.4340034965034965,0.131993006993007,0.22071678321678323
0.2201062887511072,0.4295837023914969,0.13153232949512844,0.2187776793622675
0.21895568231680562,0.43352347520842477,0.12637121544537078,0.22114962702939886
0.22157824342398574,0.4311190370040125,0.12617030762371823,0.22113241194828354
0.21737232649498037,0.4295067656045395,0.1326931470973374,0.22042776080314272
0.21565140062249888,0.434415295686972,0.13383726100489107,0.21609604268563806
0.20772946859903382,0.4339042599912165,0.1326306543697848,0.22573561703996486
0.20921985815602837,0.43306737588652483,0.12987588652482268,0.22783687943262412
0.20848056537102475,0.43462897526501765,0.1351590106007067,0.22173144876325088
0.20481927710843373,0.4319500223114681,0.1392235609103079,0.22400713966979027
0.20657894736842106,0.4359649122807018,0.13333333333333333,0.22412280701754386
0.20679012345679013,0.43562610229276894,0.13447971781305115,0.22310405643738976
0.2108274647887324,0.4335387323943662,0.13028169014084506,0.22535211267605634
0.21447368421052632,0.4307017543859649,0.1267543859649123,0.22807017543859648
0.21567759078830823,0.43135518157661645,0.12976085031000886,0.22320637732506643
0.22354497354497355,0.4193121693121693,0.13403880070546736,0.22310405643738976
0.21902654867256638,0.4230088495575221,0.13274336283185842,0.2252212389380531
0.2243362831858407,0.41814159292035397,0.13761061946902656,0.21991150442477875
0.22590627763041557,0.4155614500442087,0.13837312113174183,0.22015915119363394
0.23090353557398516,0.4107376691401135,0.13618507202095154,0.2221737232649498
0.2279379157427938,0.41596452328159644,0.13702882483370288,0.21906873614190686
0.22681318681318682,0.4153846153846154,0.13538461538461538,0.22241758241758242
0.22804718217562253,0.4124071647007427,0.1380515508955876,0.2214941022280472
0.23485838779956428,0.4095860566448802,0.13725490196078433,0.21830065359477124
0.23803249890206413,0.40228370663153273,0.1383399209486166,0.22134387351778656
0.2364358182620203,0.4093515659461844,0.13365681517423908,0.22055580061755625
0.23513986013986013,0.40384615384615385,0.13505244755244755,0.22596153846153846
0.2375495813133539,0.3957690612604672,0.13574261789334507,0.23093873953283384
0.23390275952693823,0.39947437582128775,0.13797634691195795,0.22864651773981604
0.23724378543392935,0.396860008722198,0.13911905800261665,0.226777147841256
0.23903508771929824,0.38903508771929823,0.14166666666666666,0.23026315789473684
0.24801762114537446,0.3854625550660793,0.13832599118942732,0.22819383259911893
0.24047829937998227,0.39105403011514617,0.1403897254207263,0.22807794508414525
0.2375495813133539,0.3948876156897312,0.1392684001762891,0.22829440282062582
0.23299244108492664,0.3966207203201423,0.1382836816362828,0.23210315695864828
0.23649247121346323,0.3857395925597874,0.13817537643932684,0.2395925597874225
0.23792645104120513,0.39078422684980063,0.1382365972529907,0.23305272485600353
0.2384310268840899,0.3900396650506831,0.13397972675187308,0.2375495813133539
0.23794916739702016,0.3851884312007011,0.14022787028921999,0.2366345311130587
0.24118165784832452,0.3862433862433862,0.1419753086419753,0.23059964726631393
0.24479858344400177,0.382912793271359,0.13811420982735723,0.234174413457282
0.24738219895287958,0.37652705061082026,0.14092495636998253,0.23516579406631763
0.24542284219703575,0.37881429816913686,0.13731473408892764,0.23844812554489975
0.24524966858152894,0.37693327441449404,0.14007954043305346,0.23773751657092354
0.2357830271216098,0.3902012248468941,0.1377952755905512,0.23622047244094488
0.2411660777385159,0.38604240282685515,0.13957597173144876,0.2332155477031802
0.239492119089317,0.38309982486865146,0.14141856392294222,0.23598949211908932
0.241714538223597,0.3866548828988069,0.13521873619089703,0.23641184268669907
0.24446412754650132,0.37688219663418954,0.13950398582816653,0.2391496899911426
0.2410596026490066,0.37748344370860926,0.13951434878587196,0.24194260485651214
0.24213286713286714,0.3793706293706294,0.14248251748251747,0.23601398601398602
0.2426887821911829,0.374072457442165,0.14447839371453514,0.23876036665211697
0.245792736935341,0.3755535872453499,0.14127546501328608,0.23737821080602303
0.2437417654808959,0.3719806763285024,0.14361001317523056,0.2406675450153711
0.2495583038869258,0.36484098939929327,0.14575971731448764,0.2398409893992933
0.24635117204776646,0.3648827952233525,0.14772224679345422,0.2410437859354268
0.24867491166077738,0.3661660777385159,0.1439929328621908,0.2411660777385159
0.24617402710975075,0.3659816353301268,0.1464801049409707,0.24136423261915171
0.2514310876265962,0.36767943637164247,0.14002642007926025,0.2408630559225011
0.250996015936255,0.3656485170429394,0.14342629482071714,0.23992917220008853
0.2524314765694076,0.3673740053050398,0.14235190097259062,0.23784261715296198
0.24703817463799913,0.370776656428258,0.14348398420359806,0.2387011847301448
0.24788982674366947,0.37538871612616614,0.14215904042647712,0.23456241670368724
0.2506573181419807,0.37248028045574055,0.1411042944785276,0.2357581069237511
0.2483429076447194,0.3716305788775961,0.1444984533804684,0.23552806009721608
0.24673060156931126,0.3653007846556234,0.14777680906713164,0.24019180470793375
0.25419240953221534,0.35127978817299205,0.14783759929390997,0.24669020300088262
0.2506619593998235,0.35481023830538394,0.1500441306266549,0.2444836716681377
0.25208974923009236,0.3462384513858337,0.1517817861856577,0.2498900131984162
0.2530541012216405,0.34293193717277487,0.1487783595113438,0.25523560209424084
0.25495376486129456,0.34125935711140465,0.14883311316600617,0.25495376486129456
0.25519681556833257,0.3348076072534277,0.14949137549756744,0.2605042016806723
0.2512013979903888,0.3346439493228484,0.145478374836173,0.2686762778505898
0.25570175438596493,0.3298245614035088,0.14605263157894738,0.26842105263157895
0.25252082419991234,0.33362560280578696,0.1459886014905743,0.26786497150372646
0.2550660792951542,0.3277533039647577,0.14537444933920704,0.27180616740088104
0.2547211242863417,0.3285024154589372,0.14624505928853754,0.27053140096618356
0.25220458553791886,0.33289241622574955,0.14814814814814814,0.26675485008818345
0.2508787346221441,0.3321616871704745,0.14894551845342707,0.2680140597539543
0.2575957727873184,0.3249669749009247,0.15059445178335534,0.2668428005284016
0.2593242650285213,0.3299692847740237,0.1474330846862659,0.26327336551118913
0.25768217734855137,0.31562774363476737,0.15100965759438104,0.27568042142230026
0.2598770851624232,0.31167690956979804,0.15452151009657594,0.2739244951712028
0.2633654688869413,0.31200701139351444,0.15556529360210342,0.26906222611744085
0.2689956331877729,0.3052401746724891,0.15458515283842794,0.27117903930131004
0.27276746242263483,0.3041556145004421,0.15296198054818744,0.27011494252873564
0.2784014369106421,0.3017512348450831,0.14773237539290526,0.27211495285136955
0.28091872791519434,0.30697879858657245,0.14575971731448764,0.2663427561837456
0.28514588859416445,0.3032714412024757,0.14588859416445624,0.2656940760389036
0.28289473684210525,0.306140350877193,0.14210526315789473,0.268859649122807
0.28350970017636684,0.30423280423280424,0.13977072310405644,0.2724867724867725
0.28447150935189214,0.29882557633753803,0.14441061331013483,0.27229230100043494
0.2872855257369116,0.29564452265728114,0.13858336999560053,0.2784865816102068
0.2915929203539823,0.297787610619469,0.13539823008849558,0.2752212389380531
0.2909728308501315,0.30017528483786154,0.13102541630148992,0.2778264680105171
0.29455662862159787,0.2932396839332748,0.12949956101843724,0.28270412642669007
0.2904636920384952,0.29396325459317585,0.1325459317585302,0.28302712160979876
0.2914485165794066,0.2901396160558464,0.13917975567190227,0.2792321116928447
0.29691629955947135,0.29295154185022027,0.13127753303964756,0.2788546255506608
0.28906595838866755,0.29349269588313415,0.13457281983178399,0.28286852589641437
0.29723805348531346,0.28803156510302497,0.13853572994300745,0.2761946514686541
0.2983156028368794,0.2929964539007092,0.1356382978723404,0.2730496453900709
0.29557522123893804,0.29513274336283185,0.1336283185840708,0.2756637168141593
0.29491673970201576,0.29491673970201576,0.13935144609991235,0.2708150744960561
0.29783473265576665,0.2898806893504198,0.1383119752540875,0.273972602739726
0.3021710234824989,0.2906513070447497,0.1382365972529907,0.26894107221976077
0.29934354485776804,0.287527352297593,0.14266958424507659,0.27045951859956235
0.2998673153471915,0.28969482529854046,0.14153029632905795,0.2689075630252101
0.30656610470275064,0.2888198757763975,0.14330079858030167,0.26131322094055015
0.3060156931124673,0.28596338273757627,0.14123801220575413,0.2667829119442023
0.30598669623059865,0.28736141906873613,0.13924611973392462,0.26740576496674057
0.3041191936897458,0.29141104294478526,0.13847502191060473,0.2659947414548642
0.3068432671081678,0.291832229580574,0.1403973509933775,0.2609271523178808
0.3096179183135705,0.28502415458937197,0.1383399209486166,0.26701800614844096
0.312090790048014,0.2793539938891314,0.13618507202095154,0.2723701440419031
0.31411096548711226,0.2795980777632154,0.1363040629095675,0.2699868938401048
0.3206545776205219,0.27465723131357805,0.13135780628040689,0.27333038478549315
0.31346578366445915,0.27770419426048565,0.1280353200883002,0.280794701986755
0.3123615418697386,0.2778023925564909,0.13026140894993354,0.27957465662383696
0.3115910092551785,0.28338475099162624,0.127809607756721,0.2772146319964742
0.3103901797457256,0.28277071459886016,0.12626041209995617,0.2805786935554581
0.30668414154652685,0.2795980777632154,0.12756662297946703,0.28615115771079075
0.305180670439704,0.282542446669569,0.12538093164997824,0.2868959512407488
0.3080298376480913,0.27512066695919263,0.12988152698551997,0.28696796840719613
0.3043091959129276,0.2794313638382941,0.1341625944024878,0.2820968458462905
0.3124452234881683,0.27300613496932513,0.13496932515337423,0.27957931638913236
0.3032172763331864,0.27589246364037023,0.13794623182018512,0.28294402820625825
0.3050397877984085,0.27674624226348365,0.13527851458885942,0.28293545534924847
0.3063660477453581,0.2780725022104332,0.13704686118479223,0.27851458885941643
0.29969012837538733,0.2731297034085879,0.13899955732625055,0.28818061088977426
0.3070521243977223,0.266754270696452,0.14148050810337276,0.28471309680245294
0.3063102541630149,0.27344434706397897,0.13891323400525854,0.2813321647677476
0.305531167690957,0.27480245829675154,0.1360842844600527,0.2835820895522388
0.3093777388255916,0.2721297107800175,0.13847502191060473,0.28001752848378614
0.30782684739833843,0.26891123742894624,0.14035854831657193,0.2829033668561434
0.30351579884290164,0.27102803738317754,0.14152202937249667,0.2839341344014241
0.300132802124834,0.2682602921646746,0.1385568835768039,0.29305002213368747
0.30687830687830686,0.2641093474426808,0.13668430335097,0.2923280423280423
0.3043091959129276,0.26343847179031543,0.13816081741448244,0.29409151488227453
0.30947184635530334,0.25796595373199477,0.13662156263640332,0.29594063727629855
0.3138815207780725,0.259946949602122,0.1361626878868258,0.29000884173297964
0.31876379690949225,0.2609271523178808,0.13421633554083887,0.2860927152317881
0.31440071556350624,0.2584973166368515,0.13148479427549195,0.2956171735241503
0.31766256590509667,0.25746924428822493,0.1265377855887522,0.29833040421792617
0.32629727352682497,0.25505716798592787,0.12313104661389622,0.2955145118733509
0.3206474190726159,0.24978127734033245,0.12379702537182852,0.30577427821522307
0.316140506891952,0.25255669186305024,0.12716763005780346,0.3041351711871943
0.3091231178033658,0.24534986713906112,0.13197519929140833,0.31355181576616475
0.3108581436077058,0.2469352014010508,0.12915936952714535,0.31304728546409805
0.31370826010544817,0.242091388400703,0.13400702987697716,0.3101933216168717
0.31338028169014087,0.24515845070422534,0.13468309859154928,0.3067781690140845
0.31751662971175165,0.24212860310421286,0.13303769401330376,0.3073170731707317
0.3212709620476611,0.2418358340688438,0.12753751103265668,0.30935569285083847
0.3235807860262009,0.2388646288209607,0.12489082969432315,0.31266375545851527
0.32416851441241684,0.23059866962305986,0.12904656319290467,0.3161862527716186
0.3267020335985853,0.22811671087533156,0.1286472148541114,0.3165340406719717
0.3286467486818981,0.23374340949033393,0.1304920913884007,0.3071177504393673
0.3207215134183898,0.2336119665640123,0.13418389793224814,0.31148262208534977
0.32367149758454106,0.2349582784365393,0.12736056214317085,0.3140096618357488
0.32158590308370044,0.23083700440528634,0.1290748898678414,0.3185022026431718
0.32103645147123405,0.230566534914361,0.12867808519982432,0.3197189284145806
0.31956043956043956,0.22593406593406593,0.12967032967032968,0.32483516483516484
0.31894273127753303,0.23259911894273128,0.12555066079295155,0.3229074889867841
0.3201927288655278,0.23215067893123084,0.12614980289093297,0.32150678931230836
0.3199115044247788,0.23097345132743363,0.12743362831858407,0.3216814159292035
0.32820061592608885,0.22657281126264847,0.12626484821821382,0.31896172459304883
0.3220413550373955,0.22393312802463705,0.12142542894852618,0.33260008798944124
0.3146017699115044,0.22256637168141594,0.1261061946902655,0.33672566371681417
0.3232720909886264,0.21872265966754156,0.12117235345581802,0.336832895888014
0.32216835610401057,0.21727633318642575,0.11414720141031291,0.34640810929925075
0.32427695004382123,0.21647677475898336,0.11481156879929887,0.3444347063978966
0.33070521243977224,0.21550591327201052,0.1099430573806395,0.34384581690757776
0.3274956217162872,0.2180385288966725,0.10814360770577934,0.34632224168126097
0.3279334500875657,0.21103327495621715,0.11077057793345009,0.3502626970227671
0.3350993377483444,0.2088300220750552,0.11037527593818984,0.3456953642384106
0.33392461197339246,0.21108647450110865,0.10953436807095343,0.34545454545454546
0.32847038019451813,0.21220159151193635,0.11317418213969938,0.34615384615384615
0.3342140026420079,0.21047996477322764,0.11360634081902246,0.34169969176574194
0.3412489006156552,0.20448548812664907,0.11213720316622691,0.34212840809146877
0.34416154521510095,0.2032484635645303,0.1154521510096576,0.33713784021071114
0.34517543859649125,0.19824561403508772,0.11842105263157894,0.3381578947368421
0.34639084507042256,0.20422535211267606,0.11839788732394366,0.33098591549295775
0.34736375719982276,0.20159503766061143,0.11874169251218432,0.3322995126273815
0.3438874230430959,0.20492524186455585,0.12093227792436236,0.3302550571679859
0.34595300261096606,0.20496083550913838,0.11923411662315056,0.329852045256745
0.3463564530289728,0.20412642669007902,0.1189640035118525,0.3305531167690957
0.34596949891067535,0.19825708061002179,0.11851851851851852,0.33725490196078434
0.34925503943908853,0.19763365468886943,0.11744084136722173,0.33567046450482035
0.34449339207048457,0.20088105726872246,0.113215859030837,0.34140969162995594
0.347246891651865,0.19760213143872113,0.11678507992895204,0.3383658969804618
0.34945054945054943,0.1956043956043956,0.11252747252747253,0.3424175824175824
0.35219298245614034,0.193859649122807,0.11403508771929824,0.3399122807017544
0.3516143299425033,0.19637328615656788,0.11322423706324636,0.33878814683768244
0.35809018567639256,0.1989389920424403,0.10919540229885058,0.3337754199823165
0.350109409190372,0.19474835886214442,0.11816192560175055,0.33698030634573306
0.35519857206604194,0.1963409192324855,0.11601963409192324,0.3324408746095493
0.358883473637572,0.1896322552060257,0.11608329641116526,0.33540097474523706
0.3528109783089863,0.18813634351482958,0.11598052235502435,0.3430721558211598
0.34899034240561894,0.1874451273046532,0.11852502194907814,0.34503950834064967
0.3538394415357766,0.18673647469458987,0.12303664921465969,0.33638743455497383
0.3559698180204172,0.1873058144695961,0.12472259209942299,0.3320017754105637
0.35260621988611474,0.18396846254927726,0.12264564169951818,0.3407796758650898
0.34684883208461875,0.18245923314235346,0.127368884971353,0.3433230498016748
0.35013146362839614,0.18536371603856266,0.12182296231375986,0.3426818580192813
0.3456241670368725,0.1874722345624167,0.123500666370502,0.3434029320302088
0.35255281690140844,0.18309859154929578,0.12367957746478873,0.34066901408450706
0.33992094861660077,0.1844532279314888,0.12165129556433904,0.3539745278875714
0.3410989010989011,0.18637362637362637,0.12087912087912088,0.3516483516483517
0.34420449537241077,0.18289995592772146,0.12119876597620097,0.35169678272366683
0.34656556645851916,0.17484388938447815,0.11998215878679751,0.3586083853702052
0.34543069523393094,0.17621337997376477,0.12243113248797552,0.35592479230432883
0.35286284953395475,0.17709720372836218,0.1216156236129605,0.3484243231247226
0.34578207381370824,0.18145869947275922,0.11818980667838312,0.3545694200351494
0.3424107142857143,0.18169642857142856,0.12053571428571429,0.35535714285714287
0.3380035026269702,0.18651488616462347,0.11952714535901926,0.35595446584938706
0.3390957446808511,0.18572695035460993,0.11879432624113476,0.35638297872340424
0.34420449537241077,0.18289995592772146,0.11987659762009696,0.3530189510797708
0.34554280670785525,0.18314210061782876,0.117828773168579,0.353486319505737
0.34525386313465783,0.18410596026490067,0.11920529801324503,0.35143487858719646
0.34354194407456723,0.18641810918774968,0.118508655126498,0.35153129161118507
0.34009704455227174,0.18835465372739302,0.11733568592853992,0.3542126157917953
0.33848190644307147,0.18623124448367168,0.1209179170344219,0.35436893203883496
0.35008818342151676,0.18077601410934743,0.12125220458553791,0.3478835978835979
0.3424778761061947,0.18539823008849557,0.11991150442477876,0.35221238938053095
0.34009704455227174,0.18835465372739302,0.12130569033965594,0.3502426113806793
0.33391684901531726,0.18818380743982493,0.12297592997811817,0.3549234135667396
0.32672831351827386,0.18538088947600176,0.12769704975781593,0.3601937472479084
0.3327510917030568,0.18296943231441049,0.12882096069868995,0.3554585152838428
0.3345024112231477,0.18062253397632616,0.1310828583954406,0.35379219640508547
0.335676625659051,0.18365553602811951,0.12697715289982425,0.35369068541300525
0.33800964489259094,0.17492327926348092,0.1310828583954406,0.3559842174484875
0.33392148213498013,0.17468019408910454,0.1340979267754742,0.35730039700044114
0.33552920509442247,0.17039964866051824,0.13219148001756698,0.3618796662274923
0.335978835978836,0.1697530864197531,0.1371252204585538,0.35714285714285715
0.32702464788732394,0.1694542253521127,0.1382042253521127,0.3653169014084507
0.3241469816272966,0.16447944006999124,0.1377952755905512,0.37357830271216097
0.32149122807017544,0.17017543859649123,0.1412280701754386,0.3671052631578947
0.3201058201058201,0.17195767195767195,0.13668430335097,0.3712522045855379
0.32191480017566976,0.17347386912604304,0.13614404918752745,0.36846728151075975
0.32049579459938027,0.17220008853474988,0.1363435148295706,0.37096060203629927
0.3264499121265378,0.17398945518453426,0.14015817223198593,0.359402460456942
0.3176470588235294,0.17080610021786494,0.14684095860566448,0.36470588235294116
0.3199115044247788,0.1738938053097345,0.14601769911504425,0.3601769911504425
0.3188854489164087,0.16939407341884122,0.14860681114551083,0.36311366651923926
0.32077979618963226,0.17589720868409392,0.14266725742135578,0.36065573770491804
0.32849604221635886,0.17282321899736147,0.14072119613016712,0.3579595426561126
0.3271523178807947,0.16997792494481237,0.14260485651214128,0.36026490066225164
0.32820061592608885,0.1702595688517378,0.13594368675758908,0.3655961284645842
0.3285087719298246,0.175,0.1337719298245614,0.36271929824561405
0.3245299910474485,0.17591763652641002,0.13652641002685764,0.3630259623992838
0.3231247225920994,0.18197958277851753,0.13670661340434975,0.3581890812250333
0.31969764339706536,0.1840818141396176,0.13739439751000446,0.3588261449533126
0.30995177553704517,0.18807540552389304,0.13678211310828584,0.36519070583077595
0.3157661647475642,0.18157661647475642,0.1355181576616475,0.3671390611160319
0.3089254766031196,0.1798093587521664,0.14168110918544194,0.3695840554592721
0.3071210135430319,0.18304936653560508,0.1437308868501529,0.36609873307121016
0.3143989431968296,0.18273888154997797,0.13826508146191105,0.36459709379128136
0.31794425087108014,0.1794425087108014,0.13371080139372823,0.36890243902439024
0.31905594405594406,0.17963286713286714,0.13243006993006992,0.3688811188811189
0.3132372214941022,0.18304936653560508,0.1349934469200524,0.3687199650502403
0.30579964850615116,0.18014059753954306,0.1344463971880492,0.37961335676625657
0.3075547608404113,0.18015198927134554,0.13455520786767994,0.37773804202056327
0.3035555555555556,0.18266666666666667,0.13644444444444445,0.37733333333333335
0.3023461708720673,0.1814962372731297,0.14121292607348385,0.3749446657813192
0.2987128273413227,0.17620949844651576,0.14380825565912117,0.3812694185530404
0.29912663755458513,0.1777292576419214,0.14716157205240174,0.3759825327510917
0.2956140350877193,0.1763157894736842,0.1482456140350877,0.3798245614035088
0.2922134733158355,0.17672790901137359,0.14873140857392825,0.38232720909886264
0.2926287744227353,0.1816163410301954,0.14653641207815277,0.37921847246891655
0.2922874671340929,0.1801051709027169,0.1476774758983348,0.3799298860648554
0.291832229580574,0.18189845474613686,0.14613686534216336,0.3801324503311258
0.2873512560599383,0.18289995592772146,0.14676068752754517,0.3829881004847951
0.2792236435818262,0.18659020732245257,0.14336127040141156,0.39082487869430965
0.2794894366197183,0.17649647887323944,0.1443661971830986,0.3996478873239437
0.2860938883968113,0.1758193091231178,0.15013286093888398,0.3879539415411869
0.28533568904593637,0.17623674911660778,0.1501766784452297,0.38825088339222613
0.28652668416447946,0.17497812773403323,0.14785651793525809,0.3906386701662292
0.2839396628216504,0.1756876663708962,0.14729370008873113,0.3930789707187223
0.276623950508175,0.1798497569597879,0.14405656208572692,0.39946973044631023
0.2857142857142857,0.17592592592592593,0.1490299823633157,0.38932980599647266
0.2837189000436491,0.1802706241815801,0.14578786556089043,0.3902226102138804
0.28375992939099737,0.17740511915269197,0.1500441306266549,0.38879082082965577
0.27906976744186046,0.17770952172005267,0.1509433962264151,0.3922773146116718
0.28027984258854394,0.17927415828596416,0.15085264538696982,0.3895933537385221
0.2802294792586055,0.17387466902030008,0.15489849955869373,0.3909973521624007
0.2824156305506217,0.1714031971580817,0.1549733570159858,0.39120781527531084
0.2780960775672102,0.17320405464962538,0.1502864698104892,0.39841339797267517
0.28495809439788267,0.17512130569033965,0.14336127040141156,0.3965593295103661
0.28880070546737213,0.18253968253968253,0.13800705467372135,0.390652557319224
0.28251318101933215,0.18365553602811951,0.13708260105448156,0.3967486818980668
0.28653931585961795,0.18302976454908929,0.13371834740115504,0.3967125721901377
0.28771316134674246,0.1814604285089637,0.13686051595977264,0.3939658941845212
0.2888595332452664,0.18405988551298988,0.13782474680757376,0.38925583443416995
0.28702892199824714,0.1827344434706398,0.1371603856266433,0.39307624890446974
0.28804587560652845,0.1768857520952801,0.13762681958535508,0.3974415527128363
0.2925974594831362,0.1747700394218134,0.13972842750766534,0.392904073587385
0.28495809439788267,0.17423908248786943,0.1407146007940009,0.40008822232024704
0.28824049513704686,0.17197170645446508,0.13660477453580902,0.40318302387267907
0.2892199824715162,0.1691498685363716,0.13935144609991235,0.4022787028921998
0.2882686436982119,0.1718273004797209,0.14129960750109027,0.3986044483209769
0.2921447484554281,0.1703442188879082,0.13901147396293026,0.39849955869373344
0.2917960088691796,0.17117516629711751,0.13791574279379157,0.3991130820399113
0.29233511586452765,0.17023172905525846,0.1394830659536542,0.3979500891265597
0.2952255803766973,0.16995181778361804,0.13885238720981166,0.395970214629873
0.2907585004359198,0.17480383609415867,0.14123801220575413,0.3931996512641674
0.2953229398663697,0.1732739420935412,0.1354120267260579,0.3959910913140312
0.2901371074745688,0.17691287041132242,0.13666519239274658,0.39628482972136225
0.2916666666666667,0.1763157894736842,0.14342105263157895,0.38859649122807016
0.2868043087971275,0.17594254937163376,0.1436265709156194,0.39362657091561937
0.2922134733158355,0.168416447944007,0.13560804899387577,0.4037620297462817
0.3002217294900222,0.16762749445676275,0.1361419068736142,0.3960088691796009
0.2996469549867608,0.16681376875551632,0.13503971756398941,0.39849955869373344
0.30087719298245613,0.16359649122807018,0.13859649122807016,0.3969298245614035
0.3044240035041612,0.16338151554971528,0.13972842750766534,0.3924660534384582
0.3037752414398595,0.16374012291483758,0.13784021071115013,0.39464442493415275
0.3047079337401918,0.16259808195292066,0.13469921534437662,0.3979947689625109
0.30404217926186294,0.16124780316344464,0.14015817223198593,0.3945518453427065
0.3029100529100529,0.16358024691358025,0.13580246913580246,0.3977072310405644
0.3034207019102621,0.16215015548645045,0.135495335406486,0.39893380719680144
0.3007915567282322,0.16182937554969218,0.13676341248900617,0.40061565523306947
0.2970950704225352,0.17077464788732394,0.13732394366197184,0.394806338028169
0.30223390275952694,0.16381953569864213,0.1340341655716163,0.3999123959702146
0.29916776171703896,0.16469557599649584,0.14060446780551905,0.3955321944809461
0.3012205754141238,0.16739319965126417,0.14080209241499564,0.3905841325196164
0.3034605146406389,0.1668145519077196,0.13975155279503104,0.38997338065661047
0.30223390275952694,0.16294349540078842,0.13622426631625054,0.3985983355234341
0.3026200873362445,0.16681222707423582,0.1314410480349345,0.39912663755458516
0.2957559681697613,0.16180371352785147,0.13395225464190982,0.40848806366047746
0.29745166959578206,0.16695957820738136,0.1313708260105448,0.40421792618629176
0.2955051179350245,0.16466399643969737,0.13662661326212727,0.4032042723631509
0.2926509186351706,0.16447944006999124,0.1377952755905512,0.40507436570428695
0.2970950704225352,0.1580105633802817,0.1382042253521127,0.40669014084507044
0.3021295474711624,0.15971606033717836,0.14330079858030167,0.3948535936113576
0.29733275032794054,0.15522518583296896,0.14035854831657193,0.4070835155225186
0.3003970004411116,0.15791795324217026,0.13983237759153067,0.4018526687251875
0.3001316366827556,0.16498464238701185,0.13602457218078104,0.3988591487494515
0.2954946996466431,0.16740282685512367,0.13736749116607774,0.3997349823321555
0.2975824175824176,0.16703296703296702,0.14241758241758243,0.39296703296703295
0.2933684672815108,0.16644707949055776,0.1458058849363197,0.3943785682916118
0.2964757709251101,0.16431718061674008,0.14273127753303966,0.3964757709251101
0.29401485364788116,0.16688510266491918,0.14329401485364787,0.39580602883355176
0.29610162067455104,0.164257555847569,0.1410424879544459,0.3985983355234341
0.3020695728753853,0.1695288419198591,0.13870541611624834,0.38969616908850724
0.3028169014084507,0.17121478873239437,0.14128521126760563,0.3846830985915493
0.30303030303030304,0.16776460254721123,0.13658322353974528,0.3926218708827404
0.30881057268722467,0.17224669603524229,0.13215859030837004,0.38678414096916297
0.31133746678476526,0.1691762621789194,0.1266607617360496,0.3928255093002657
0.3112379280070237,0.16549604916593502,0.1286215978928885,0.39464442493415275
0.3042525208241999,0.16615519508987286,0.1319596668128014,0.3976326172731258
0.30718667835232255,0.16652059596844873,0.13234005258545137,0.3939526730937774
0.3152557319223986,0.16710758377425045,0.12522045855379188,0.3924162257495591
0.31384615384615383,0.1665934065934066,0.12439560439560439,0.39516483516483514
0.31463628396143734,0.16345311130587203,0.1270815074496056,0.394829097283085
0.3120284065690191,0.164225477141589,0.13004882379050156,0.39369729249889035
0.31472527472527473,0.16527472527472528,0.12483516483516484,0.39516483516483514
0.31894273127753303,0.1568281938325991,0.1303964757709251,0.39383259911894275
0.3214756258234519,0.1585419411506368,0.13175230566534915,0.3882301273605621
0.3241349102058695,0.15462111257117828,0.1287779237844941,0.3924660534384582
0.3271523178807947,0.15849889624724062,0.12980132450331125,0.3845474613686534
0.3256738842244808,0.1581970835174547,0.13256738842244808,0.3835616438356164
0.3245770258236865,0.1589492430988424,0.12822796081923418,0.38824577025823687
0.3234250221827862,0.15705412599822538,0.12599822537710736,0.3935226264418811
0.3224669603524229,0.15594713656387665,0.12731277533039648,0.394273127753304
0.32507739938080493,0.15037593984962405,0.1251658558160106,0.3993808049535604
0.32172763331864257,0.1498457470251212,0.12692816218598502,0.4014984574702512
0.3264499121265378,0.14411247803163443,0.12917398945518455,0.40026362038664326
0.32169358358795286,0.14578786556089043,0.12789175032736796,0.40462680052378874
0.3307017543859649,0.1482456140350877,0.12543859649122807,0.3956140350877193
0.33407374500222126,0.14571301643713905,0.1257219013771657,0.394491337183474
0.33670774647887325,0.144806338028169,0.12544014084507044,0.3930457746478873
0.33231307389593356,0.14779186707477043,0.12330564057717534,0.3965894184521207
0.3394736842105263,0.14210526315789473,0.12192982456140351,0.39649122807017545
0.34355555555555556,0.14133333333333334,0.12622222222222224,0.3888888888888889
0.34394341290893016,0.14456233421750664,0.1251105216622458,0.3863837312113174
0.34207019102621056,0.14393602843180808,0.12039093736117282,0.3936028431808085
0.3321663019693654,0.14573304157549233,0.12385120350109409,0.3982494529540481
0.32463511720477667,0.14727996461742593,0.12605042016806722,0.40203449800973023
0.32207907596623725,0.14926699244780098,0.12483340737450022,0.4038205242114616
0.32456140350877194,0.15,0.12850877192982457,0.3969298245614035
0.32719298245614037,0.14517543859649124,0.13026315789473683,0.3973684210526316
0.32505543237250556,0.14323725055432374,0.12549889135254988,0.4062084257206208
0.3212869105332746,0.14279418245923314,0.124724548259145,0.4111943587483473
0.33157431838170626,0.13852242744063326,0.1169744942832014,0.4129287598944591
0.33128024637043557,0.14122305323361198,0.11438627364716233,0.41311042674879017
0.33915320820602357,0.13705805325185508,0.11828895678742907,0.40549978175469226
0.3389010989010989,0.13538461538461538,0.11648351648351649,0.40923076923076923
0.33792796798577146,0.1378390395731436,0.11605157847932414,0.4081814139617608
0.34158197083517455,0.13477684489615555,0.11975254087494476,0.40388864339372516
0.3471183457985042,0.12890453145622524,0.11658600967883855,0.40739111306643205
0.34991119005328597,0.13099467140319715,0.12033747779751332,0.3987566607460036
0.3515418502202643,0.13348017621145375,0.12202643171806167,0.39295154185022024
0.3426695842450766,0.1361050328227571,0.11684901531728666,0.40437636761487966
0.3411297440423654,0.13636363636363635,0.11738746690203,0.40511915269196824
0.33787945446546414,0.13990321161460625,0.11570611526616806,0.40651121865376155
0.3364156759136944,0.13914575077058564,0.11272567151034786,0.41171290180537207
0.3403880070546737,0.14109347442680775,0.1128747795414462,0.4056437389770723
0.3395472703062583,0.1415889924545051,0.1118508655126498,0.4070128717265868
0.3458646616541353,0.13976116762494473,0.11145510835913312,0.4029190623617868
0.3429824561403509,0.1425438596491228,0.11315789473684211,0.40131578947368424
0.3465783664459161,0.1390728476821192,0.11743929359823399,0.3969094922737307
0.3548387096774194,0.136986301369863,0.11621741051701281,0.39195757843570483
0.3487450462351387,0.13958608542492293,0.11580801409070894,0.3958608542492294
0.3478835978835979,0.13800705467372135,0.11375661375661375,0.400352733686067
0.341688654353562,0.13984168865435356,0.11785400175901495,0.40061565523306947
