C,D,Oc,Od
0.0,1.0,0.0,0.0
0.0,0.3333333333333333,0.0,0.6666666666666666
0.0,0.3333333333333333,0.0,0.6666666666666666
0.15384615384615385,0.23076923076923078,0.0,0.6153846153846154
0.24,0.24,0.0,0.52
0.2619047619047619,0.2857142857142857,0.0,0.4523809523809524
0.28125,0.265625,0.0,0.453125
0.27956989247311825,0.3118279569892473,0.0,0.40860215053763443
0.2857142857142857,0.3157894736842105,0.0,0.39849624060150374
0.3181818181818182,0.32954545454545453,0.005681818181818182,0.3465909090909091
0.33624454148471616,0.34497816593886466,0.004366812227074236,0.314410480349345
0.3333333333333333,0.35051546391752575,0.013745704467353952,0.3024054982817869
0.3324022346368715,0.3659217877094972,0.019553072625698324,0.28212290502793297
0.34101382488479265,0.3778801843317972,0.020737327188940093,0.26036866359447003
0.3742690058479532,0.35477582846003897,0.021442495126705652,0.24951267056530213
0.40033500837520936,0.3417085427135678,0.023450586264656615,0.23450586264656617
0.41424418604651164,0.3372093023255814,0.029069767441860465,0.2194767441860465
0.4300126103404792,0.3291298865069357,0.029003783102143757,0.21185372005044137
0.42998897464167585,0.3340683572216097,0.034178610804851156,0.20176405733186328
0.45553359683794464,0.3181818181818182,0.042490118577075096,0.18379446640316205
0.45936395759717313,0.31713780918727913,0.046819787985865724,0.17667844522968199
0.45754716981132076,0.30660377358490565,0.0589622641509434,0.17688679245283018
0.4580043072505384,0.3015075376884422,0.07106963388370424,0.16941852117731515
0.4670619235836627,0.28326745718050067,0.07707509881422925,0.1725955204216074
0.4599877825290165,0.28161270616982287,0.08613317043372022,0.17226634086744044
0.46003450258769407,0.28177113283496263,0.0885566417481311,0.1696377228292122
0.4596472474612507,0.2699091394975949,0.09994655264564405,0.17049706039551044
0.45408678102926336,0.2684157416750757,0.10393541876892028,0.17356205852674067
0.4451955577015934,0.2771607918879768,0.11009174311926606,0.16755190729116368
0.4429373246024322,0.2731524789522919,0.1127221702525725,0.17118802619270346
0.4414044687642499,0.26766985864113085,0.11627906976744186,0.1746466028271774
0.44419340262087664,0.2657026660641663,0.11793944871215545,0.17216448260280162
0.4443451050514081,0.25927581582476533,0.12248547161376844,0.1738936075100581
0.44365572315882873,0.26308784383318545,0.1220053238686779,0.17125110913930788
0.43971942130644454,0.26830337571240687,0.12319158263919333,0.1687856203419553
0.444297666226332,0.261558784676354,0.12857771906649054,0.16556583003082342
0.4483970136144049,0.26174791392182695,0.1225296442687747,0.1673254281949934
0.4366754617414248,0.26824978012313105,0.1266490765171504,0.16842568161829374
0.4392523364485981,0.26702269692923897,0.12550066755674233,0.16822429906542055
0.44517256443861947,0.26430755788553956,0.1236347750109218,0.16688510266491918
0.43913235945108453,0.266489597166888,0.1248339973439575,0.16954404603806994
0.4384649316277018,0.26643140714600794,0.12218791354212616,0.1729157476841641
0.43822222222222224,0.25955555555555554,0.12844444444444444,0.17377777777777778
0.4353982300884956,0.2557522123893805,0.1336283185840708,0.1752212389380531
0.43491644678979774,0.25505716798592787,0.13808267370272648,0.17194371152154794
0.4307425097698654,0.2531480677377334,0.1389491966999566,0.17716022579244464
0.41872791519434627,0.25574204946996465,0.1439929328621908,0.18153710247349825
0.4247594050743657,0.2510936132983377,0.14391951006124235,0.18022747156605423
0.416958041958042,0.24431818181818182,0.15166083916083917,0.18706293706293706
0.4196389255834434,0.25055041831792163,0.1453104359313078,0.18450022016732717
0.41611624834874505,0.25495376486129456,0.14751210920299426,0.1814178775869661
0.4150442477876106,0.2517699115044248,0.1504424778761062,0.1827433628318584
0.41500221926320463,0.25388371060807813,0.14513981358189082,0.18597425654682645
0.41411042944785276,0.24890446976336547,0.15293602103418055,0.18404907975460122
0.4122574955908289,0.24514991181657847,0.15520282186948853,0.18738977072310406
0.4173262972735268,0.24582233948988566,0.15259454705364994,0.18425681618293754
0.40703296703296704,0.250989010989011,0.15604395604395604,0.18593406593406595
0.40544098288723124,0.24528301886792453,0.15752523036419483,0.1917507678806494
0.4053112755768394,0.24814976055724858,0.15585546364823682,0.19068350021767522
0.4043497558810475,0.25122059476253883,0.15623612960497116,0.18819351975144252
0.4012237762237762,0.243006993006993,0.1652097902097902,0.19055944055944055
0.405726872246696,0.2422907488986784,0.16651982378854627,0.18546255506607928
0.40425531914893614,0.2473404255319149,0.16134751773049646,0.1870567375886525
0.40220264317180615,0.24581497797356827,0.1656387665198238,0.18634361233480176
0.39807524059492566,0.24803149606299213,0.1679790026246719,0.18591426071741032
0.40175824175824176,0.2408791208791209,0.16747252747252747,0.1898901098901099
0.40467784642541926,0.23786407766990292,0.17299205648720212,0.18446601941747573
0.40336134453781514,0.23485183547103053,0.17779743476337903,0.18398938522777533
0.4048888888888889,0.23466666666666666,0.1768888888888889,0.18355555555555556
0.4072119613016711,0.23790677220756376,0.17370272647317503,0.18117854001759015
0.40802823114247905,0.23511248345831495,0.17600352889280987,0.18085575650639613
0.404227212681638,0.23778071334214002,0.17613386173491855,0.18185821224130339
0.41065140845070425,0.22931338028169015,0.17517605633802816,0.18485915492957747
0.40414279418245924,0.23137946231820186,0.17320405464962538,0.19127368884971352
0.40597147950089124,0.23172905525846701,0.17201426024955438,0.19028520499108734
0.3972234661889834,0.23063143752798926,0.1768920734437976,0.19525302283922974
0.4007045354469397,0.22589167767503301,0.17965653896961692,0.19374724790841039
0.40275923453493545,0.22919448153093014,0.18202047174009792,0.1860258121940365
0.4016791869200177,0.22403888643393724,0.18382677861246133,0.19045514803358374
0.39636040834442965,0.23435419440745672,0.17887261429205503,0.1904127829560586
0.39290465631929045,0.23325942350332593,0.1827050997782705,0.19113082039911308
0.3971942130644454,0.2354230600613766,0.17974572555896537,0.18763700131521263
0.3966652040368583,0.23519087318999563,0.1755155770074594,0.19262834576568671
0.3843102688408991,0.23446452181577787,0.18289995592772146,0.1983252534156016
0.3878814683768244,0.2344095532950022,0.17912428129146396,0.19858469703670942
0.3907637655417407,0.2313499111900533,0.17850799289520428,0.1993783303730018
0.3873395307658256,0.23550243470562196,0.17662682602921648,0.20053120849933598
0.39708480565371024,0.23233215547703182,0.1700530035335689,0.20053003533568906
0.40087719298245617,0.22412280701754386,0.1736842105263158,0.2013157894736842
0.40301819795827787,0.2201509098979139,0.16866400355082112,0.20816688859298713
0.3948876156897312,0.2269722344645218,0.16483032172763332,0.21330982811811372
0.40079016681299384,0.2221246707638279,0.16417910447761194,0.21290605794556627
0.4047936085219707,0.2201509098979139,0.16688859298712827,0.20816688859298713
0.4029190623617868,0.21583370190181336,0.16408668730650156,0.21716054842989826
0.4087301587301587,0.21075837742504408,0.16137566137566137,0.2191358024691358
0.4034315882094149,0.21249450065992082,0.16454025516937967,0.21953365596128466
0.4042365401588703,0.21624007060900266,0.1588702559576346,0.22065313327449249
0.40781387181738366,0.21334503950834066,0.1611062335381914,0.2177348551360843
0.411037527593819,0.20662251655629138,0.16247240618101547,0.21986754966887417
0.4023746701846966,0.21372031662269128,0.1644678979771328,0.21943711521547934
0.3950725912890453,0.21645402551693796,0.16893972723273207,0.21953365596128466
0.39929947460595444,0.21453590192644484,0.1681260945709282,0.2180385288966725
0.39404553415061294,0.21541155866900175,0.1711908931698774,0.21935201401050788
0.38998682476943347,0.20860781730346947,0.1725955204216074,0.22880983750548967
0.38603425559947296,0.21212121212121213,0.17610891523935002,0.22573561703996486
0.38221047996477325,0.21092029942756496,0.17437252311756934,0.23249669749009247
0.3809102960671675,0.2147591692443659,0.17101193106495802,0.23331860362350862
0.38711091626479616,0.20824199912319158,0.17448487505480054,0.23016220955721176
0.38030035335689044,0.21157243816254417,0.17535335689045936,0.232773851590106
0.38830255057167984,0.21152154793315744,0.16754617414248021,0.2326297273526825
0.3851261620185923,0.2098273572377158,0.16733067729083664,0.23771580345285526
0.383362676056338,0.207306338028169,0.1698943661971831,0.23943661971830985
0.38030035335689044,0.20362190812720848,0.1696113074204947,0.24646643109540636
0.3812664907651715,0.20140721196130168,0.16886543535620052,0.2484608619173263
0.38937664618086043,0.19798068481123793,0.16856892010535557,0.2440737489025461
0.3801220575414124,0.2013949433304272,0.16739319965126417,0.25108979947689625
0.3769129864451246,0.20376038478355923,0.16965456930476608,0.24967205946655008
0.37516570923552806,0.20282810428634557,0.17145382235969953,0.25055236411842685
0.376984126984127,0.2019400352733686,0.1675485008818342,0.2535273368606702
0.375495813133539,0.20141031291317762,0.1626267078007933,0.2604671661524901
0.37191565724540154,0.20681920143562135,0.16733961417676088,0.2539255271422162
0.373794916739702,0.20595968448729185,0.16739702015775634,0.2528483786152498
0.37214411247803164,0.2100175746924429,0.16300527240773285,0.2548330404217926
0.36395759717314485,0.2124558303886926,0.16563604240282687,0.2579505300353357
0.36684303350970016,0.21164021164021163,0.16887125220458554,0.2526455026455027
0.36517103509551313,0.21101732563305198,0.1745890715237672,0.2492225677476677
0.364741641337386,0.2114633087277464,0.17585757707338254,0.24793747286148501
0.36408419167039857,0.21585311240483654,0.16883116883116883,0.2512315270935961
0.3573959255978742,0.2174490699734278,0.16740478299379982,0.2577502214348981
0.35956043956043954,0.2189010989010989,0.1687912087912088,0.25274725274725274
0.3487654320987654,0.2191358024691358,0.17195767195767195,0.2601410934744268
0.351493848857645,0.21748681898066785,0.1757469244288225,0.2552724077328647
0.3548672566371681,0.21061946902654868,0.17123893805309734,0.26327433628318586
0.3542126157917953,0.21835024261138067,0.17071018967798854,0.2567269519188355
0.3533834586466165,0.2127377266696152,0.16806722689075632,0.26581158779301195
0.35169678272366683,0.21330982811811372,0.1754076685764654,0.25958572058175405
0.34695652173913044,0.2126086956521739,0.17130434782608694,0.2691304347826087
0.3414418398938523,0.21804511278195488,0.17160548429898276,0.2689075630252101
0.34646017699115045,0.21460176991150443,0.16946902654867257,0.26946902654867255
0.3535130357931949,0.21122403888643393,0.16703490941228458,0.2682280159080866
0.36054721977052073,0.21668137687555164,0.1615180935569285,0.2612533097969991
0.3595950704225352,0.21875,0.1624119718309859,0.2592429577464789
0.3629103815439219,0.21517302573203195,0.16237799467613132,0.2595385980479148
0.362000877577885,0.2132514260640632,0.1584028082492321,0.2663448881088197
0.35808435852372583,0.22012302284710017,0.15421792618629174,0.26757469244288223
0.354083885209713,0.21810154525386313,0.1554083885209713,0.27240618101545255
0.35563380281690143,0.21522887323943662,0.15580985915492956,0.2733274647887324
0.35382574082264484,0.2193719593100398,0.15789473684210525,0.2689075630252101
0.3529929577464789,0.21742957746478872,0.15977112676056338,0.269806338028169
0.35110132158590307,0.213215859030837,0.160352422907489,0.2753303964757709
0.3544415127528584,0.21416007036059806,0.15919085312225154,0.272207563764292
0.35495335406486006,0.20613060861839183,0.16303864948911595,0.27587738782763216
0.3497147871873629,0.2071083808688021,0.1654234313295305,0.27775340061430454
0.3379402585822559,0.2104324565314311,0.1680784663397236,0.28354881854658937
0.3325942350332594,0.2057649667405765,0.16452328159645233,0.29711751662971175
0.3304233958969882,0.2034046268005238,0.16673941510257528,0.2994325621999127
0.3347978910369069,0.20254833040421794,0.1616871704745167,0.30096660808435854
0.33537921964050854,0.20604997807978956,0.16659359929855327,0.2919772029811486
0.33640755379885817,0.20114185331576637,0.16337285902503293,0.29907773386034253
0.3386173491853809,0.19726992514310876,0.1682078379568472,0.29590488771466317
0.3340640070144673,0.19772029811486191,0.16834721613327489,0.29986847873739586
0.3287671232876712,0.19840919133893062,0.17587273530711445,0.2969509500662837
0.3257777777777778,0.19244444444444445,0.17955555555555555,0.3022222222222222
0.328941589811155,0.18972332015810275,0.18225735617039965,0.29907773386034253
0.32487975513773504,0.18670747704416266,0.1875819851333625,0.30083078268473984
0.32169686257180735,0.19001325673884226,0.19222271321254972,0.29606716747680073
0.33231039017974573,0.18062253397632616,0.19114423498465585,0.29592284085927223
0.3311461067366579,0.18635170603674542,0.18460192475940507,0.2979002624671916
0.3353927625772286,0.18137687555163284,0.1915269196822595,0.29170344218887906
0.3370288248337029,0.18403547671840353,0.19068736141906872,0.28824833702882485
0.33407275953859805,0.18145519077196096,0.19165927240461403,0.29281277728482696
0.32977303070761016,0.18202047174009792,0.19270137961726747,0.2955051179350245
0.33202614379084966,0.1843137254901961,0.1860566448801743,0.29760348583877994
0.32748024582967517,0.18129938542581212,0.1887620719929763,0.30245829675153646
0.32655766681396375,0.18338488731771985,0.19045514803358374,0.29960229783473263
0.3339230429013711,0.189296771340115,0.18310482087571872,0.2936753648827952
0.3302591128678085,0.1831357048748353,0.19148001756697408,0.2951251646903821
0.3205528310298707,0.18680338831921534,0.190815871600535,0.301827909050379
0.32380114386273645,0.18653761548614167,0.18961724593048834,0.30004399472063353
0.3180026281208936,0.18177836180464302,0.1927288655278143,0.30749014454664914
0.3137687555163283,0.1884377758164166,0.1910856134157105,0.3067078552515446
0.3113957597173145,0.19081272084805653,0.1872791519434629,0.31051236749116606
0.3023358307624504,0.19435874834728956,0.19391802556192156,0.3093873953283385
0.3038360941586748,0.19224062772449868,0.1961639058413252,0.3077593722755013
0.29995665366276547,0.1907238838318162,0.19332466406588644,0.3159947984395319
0.3044829116733245,0.18508655126498003,0.2006213936972925,0.309809143364403
0.30647291941875826,0.18670189343901364,0.2043152796125055,0.30250990752972257
0.3043286219081272,0.1872791519434629,0.1974381625441696,0.31095406360424027
0.2992988606485539,0.18404907975460122,0.20245398773006135,0.3141980718667835
0.29906956136464335,0.18298626495347806,0.20381036774479397,0.3141338059370846
0.30638677981241624,0.17909781152300133,0.20723537293434569,0.3072800357302367
0.303886925795053,0.18197879858657243,0.2062720848056537,0.30786219081272087
0.30078809106830123,0.18388791593695272,0.20183887915936952,0.3134851138353765
0.3011037527593819,0.18896247240618103,0.2022075055187638,0.30772626931567326
0.29679964927663305,0.18807540552389304,0.20078912757562473,0.3143358176238492
0.2935656836461126,0.19481680071492405,0.19258266309204647,0.3190348525469169
0.2967372134038801,0.19223985890652556,0.195326278659612,0.31569664902998235
0.29881526985519963,0.19131197893813076,0.193505923650724,0.3163668275559456
0.2987751531058618,0.18722659667541558,0.19160104986876642,0.3223972003499563
0.3024800708591674,0.18467670504871567,0.19176262178919398,0.32108060230292296
0.30608618391825854,0.18036428254109285,0.19235895157707686,0.32119058196357175
0.30176211453744495,0.17753303964757708,0.19295154185022026,0.3277533039647577
0.29835482436638505,0.17874610938194754,0.19341929746554024,0.32947976878612717
0.3024085637823372,0.1726137377341659,0.1935771632471008,0.33140053523639607
0.29797535211267606,0.17341549295774647,0.19454225352112675,0.3340669014084507
0.29414335664335667,0.16958041958041958,0.19755244755244755,0.3387237762237762
0.28765323992994746,0.16987740805604204,0.2000875656742557,0.3423817863397548
0.2865367581930912,0.17936226749335696,0.19309123117803365,0.3410097431355182
0.2866578599735799,0.18273888154997797,0.19462791721708497,0.33597534125935713
0.28451698279664756,0.18085575650639613,0.19541243934715483,0.3392148213498015
0.27674624226348365,0.1816976127320955,0.20203359858532272,0.3395225464190981
0.27292576419213976,0.1794759825327511,0.20131004366812227,0.3462882096069869
0.2722859664607237,0.17431597528684908,0.1968225948808473,0.35657546337157986
0.27377266696152147,0.17956656346749225,0.19946926138876603,0.3471915081822203
0.26970227670753066,0.18520140105078808,0.19964973730297722,0.345446584938704
0.26821773485513606,0.18305531167690958,0.1997366110623354,0.34899034240561894
0.2746478873239437,0.17693661971830985,0.20422535211267606,0.34419014084507044
0.27232732072151344,0.1781786185657721,0.20369555653321603,0.3457985041794985
0.2699172834131476,0.17718763604701784,0.2046147148454506,0.348280365694384
0.27140335392762577,0.17563989408649602,0.20211827007943514,0.35083848190644307
0.2686369651521835,0.18262020291133657,0.20202911336568152,0.3467137185707984
0.2690465824989116,0.18067043970396168,0.20156726164562472,0.348715716151502
0.2702939885914875,0.17683194383501535,0.20359806932865293,0.34927599824484423
0.27029438001784123,0.1793041926851026,0.20026761819803746,0.35013380909901876
0.27516483516483514,0.17362637362637362,0.2,0.3512087912087912
0.2730480811645346,0.1773268636965152,0.1940891045434495,0.35553595059550064
0.2783866725120561,0.17843051293292417,0.19245944761069705,0.35072336694432266
0.27716673999120106,0.17289925208974924,0.1935767707875055,0.3563572371315442
0.2749003984063745,0.17884019477644975,0.18636564851704293,0.3598937583001328
0.2797881729920565,0.176963812886143,0.18667255075022066,0.35657546337157986
0.28170250109697237,0.1807810443176832,0.18473014480035102,0.3527863097849934
0.2776066871975363,0.18345798504179497,0.19181698196216454,0.3471183457985042
0.2755417956656347,0.17956656346749225,0.18796992481203006,0.35692171605484296
0.272207563764292,0.18601583113456466,0.18733509234828497,0.3544415127528584
0.2773146116717859,0.18911803422553752,0.18604651162790697,0.3475208424747696
0.2756043956043956,0.18461538461538463,0.18813186813186814,0.3516483516483517
0.27196467991169976,0.1880794701986755,0.18631346578366445,0.3536423841059603
0.27508802816901406,0.18970070422535212,0.18705985915492956,0.34815140845070425
0.2786526684164479,0.18416447944007,0.18722659667541558,0.34995625546806647
0.27792436235708,0.18733509234828497,0.18733509234828497,0.34740545294635006
0.2742504409171076,0.18694885361552027,0.1917989417989418,0.34700176366843033
0.2761820592134335,0.1873619089703933,0.18161732213875387,0.3548387096774194
0.269757174392936,0.19426048565121412,0.17924944812362031,0.35673289183222956
0.27090592334494773,0.19642857142857142,0.17770034843205576,0.3549651567944251
0.26731363034847816,0.19894133215703572,0.17820908689898543,0.35553595059550064
0.2758164165931156,0.18711385701676964,0.16681376875551632,0.3702559576345984
0.2727272727272727,0.18976169461606354,0.1676963812886143,0.3698146513680494
0.2777777777777778,0.192,0.164,0.3662222222222222
0.27701808557565066,0.1879135421261579,0.16497573886193206,0.37009263343625937
0.2742932862190813,0.1956713780918728,0.16210247349823323,0.3679328621908127
0.27692307692307694,0.1986813186813187,0.16483516483516483,0.35956043956043954
0.2745702952842662,0.1978845306302336,0.16659321286910533,0.3609519612163949
0.2770448548812665,0.1961301671064204,0.167985927880387,0.35883905013192613
0.28058510638297873,0.1981382978723404,0.16578014184397163,0.3554964539007092
0.2768959435626102,0.1988536155202822,0.16313932980599646,0.3611111111111111
0.27348551360842843,0.20149253731343283,0.15891132572431957,0.36611062335381916
0.27079646017699116,0.1995575221238938,0.1588495575221239,0.37079646017699114
0.272608125819135,0.20227173438182613,0.15683704674530363,0.36828309305373524
0.26972234464521816,0.20141031291317762,0.15777875716174528,0.371088585279859
0.2716049382716049,0.1988536155202822,0.1591710758377425,0.37037037037037035
0.27240773286467485,0.20123022847100175,0.1555360281195079,0.37082601054481545
0.27530541012216403,0.20331588132635253,0.15794066317626526,0.3634380453752182
0.27465723131357805,0.2043343653250774,0.15877930119416186,0.3622291021671827
0.2713347921225383,0.20481400437636763,0.15579868708971553,0.36805251641137854
0.2744661921708185,0.20551601423487545,0.15747330960854092,0.3625444839857651
0.2635046113306983,0.2103645147123408,0.15590689503732982,0.3702239789196311
0.26855123674911663,0.20936395759717313,0.15591872791519434,0.3661660777385159
0.2677619893428064,0.20870337477797513,0.15630550621669628,0.3672291296625222
0.2596537949400799,0.20683533067021748,0.16023080337328008,0.3732800710164225
0.2546174142480211,0.20844327176781002,0.16490765171503957,0.3720316622691293
0.25299069561364645,0.2104563579973416,0.16570669029685423,0.3708462560921577
0.2535087719298246,0.20877192982456141,0.16403508771929826,0.3736842105263158
0.24713656387665198,0.21497797356828194,0.16299559471365638,0.3748898678414097
0.24624889673433362,0.20962047661076788,0.16107678729037953,0.383053839364519
0.24371970030850595,0.20758043190832967,0.16438959894226532,0.3843102688408991
0.24330259112867808,0.21519543258673693,0.16161616161616163,0.37988581466842336
0.24801762114537446,0.21585903083700442,0.1616740088105727,0.3744493392070485
0.24770642201834864,0.2105723023154216,0.15683704674530363,0.38488422892092616
0.2509942554131684,0.2063632346442775,0.15598762704374725,0.3866548828988069
0.2497805092186128,0.20632133450395082,0.15803336259877085,0.3858647936786655
0.25252525252525254,0.2090469916556873,0.16029863855950813,0.37812911725955206
0.25686448184233834,0.20992028343666963,0.16430469441984058,0.36891054030115145
0.25462555066079295,0.2105726872246696,0.16519823788546256,0.3696035242290749
0.2570546737213404,0.20943562610229277,0.1626984126984127,0.37081128747795417
0.2577639751552795,0.2036379769299024,0.15971606033717836,0.37888198757763975
0.2648861646234676,0.1978984238178634,0.16199649737302976,0.37521891418563924
0.2646288209606987,0.20087336244541484,0.1611353711790393,0.37336244541484714
0.26564551422319477,0.20350109409190373,0.16280087527352297,0.36805251641137854
0.2597864768683274,0.19839857651245552,0.1708185053380783,0.3709964412811388
0.26521545979564637,0.19768991559306975,0.16970235450910706,0.3673922701021768
0.262652705061082,0.19982547993019198,0.1705933682373473,0.3669284467713787
0.2686369651521835,0.19673577415086016,0.17071018967798854,0.3639170710189678
0.27256637168141595,0.19601769911504424,0.17079646017699116,0.3606194690265487
0.27208480565371024,0.1877208480565371,0.17358657243816256,0.3666077738515901
0.27126035761011774,0.18752725686873092,0.17444395987788922,0.3667684256432621
0.2726473175021988,0.18777484608619174,0.1706244503078276,0.36895338610378187
0.27873183619550856,0.18450022016732717,0.1668868339938353,0.36988110964332893
0.26865671641791045,0.18832309043020193,0.16900790166812993,0.3740122914837577
0.2692982456140351,0.18464912280701753,0.1675438596491228,0.3785087719298246
0.27644444444444444,0.1817777777777778,0.1671111111111111,0.37466666666666665
0.2747105966162066,0.18165627782724844,0.170080142475512,0.37355298308103296
0.26815398075240593,0.18722659667541558,0.1679790026246719,0.3766404199475066
0.27004405286343613,0.18502202643171806,0.1726872246696035,0.3722466960352423
0.2683355292050944,0.18050065876152832,0.17610891523935002,0.3750548967940272
0.2689594356261023,0.17724867724867724,0.17504409171075838,0.3787477954144621
0.26457597173144876,0.18065371024734983,0.1793286219081272,0.3754416961130742
0.2652613087395696,0.1800614844093105,0.178743961352657,0.3759332454984629
0.2682384341637011,0.17704626334519574,0.18282918149466193,0.3718861209964413
0.2642258491398324,0.17909131010145568,0.18262020291133657,0.37406263784737537
0.2657558395769061,0.17981489643014545,0.18113706478624944,0.373292199206699
0.26376554174067496,0.18072824156305506,0.17850799289520428,0.37699822380106573
0.26525198938992045,0.17329796640141468,0.1786030061892131,0.3828470380194518
0.2594402487783207,0.1785872945357619,0.18347401155042203,0.37849844513549535
0.26830337571240687,0.17580008768084174,0.18149934239368698,0.37439719421306444
0.26899293286219084,0.1771201413427562,0.17800353356890458,0.3758833922261484
0.27188737351517817,0.17949846018477783,0.18213814342278928,0.3664760228772547
0.27643703378674855,0.1834137779727951,0.17683194383501535,0.363317244405441
0.2760141093474427,0.18474426807760141,0.17372134038800705,0.3655202821869489
0.28339191564147626,0.1827768014059754,0.17003514938488576,0.36379613356766255
0.2795275590551181,0.189413823272091,0.16491688538932633,0.3661417322834646
0.2768959435626102,0.18606701940035272,0.16490299823633156,0.37213403880070545
0.2852158744003489,0.18578281726995202,0.15787178368948976,0.3711295246402093
0.2943246810382754,0.18345798504179497,0.1561812582490101,0.3660360756709195
0.294973544973545,0.18077601410934743,0.16137566137566137,0.3628747795414462
0.2854648625054561,0.18376254910519424,0.16062854648625055,0.3701440419030991
0.2868490732568402,0.18358340688437777,0.1588702559576346,0.3706972639011474
0.27508802816901406,0.18882042253521128,0.15757042253521128,0.3785211267605634
0.2769704975781594,0.18494055482166447,0.16028181417877588,0.37780713342140027
0.2736098852603707,0.18314210061782876,0.15975286849073256,0.38349514563106796
0.2749778956675508,0.1914235190097259,0.15561450044208666,0.3779840848806366
0.274822695035461,0.19193262411347517,0.15913120567375885,0.374113475177305
0.2773626373626374,0.19164835164835164,0.1578021978021978,0.3731868131868132
0.26699244780097736,0.1905819635717459,0.1505997334517992,0.3918258551754776
0.2678492239467849,0.18713968957871396,0.15343680709534369,0.39157427937915745
0.26851851851851855,0.18959435626102292,0.15123456790123457,0.390652557319224
0.26962305986696233,0.18891352549889134,0.14722838137472283,0.3942350332594235
0.27003098716246127,0.1876936697653829,0.1531651173085436,0.3891102257636122
0.26780253385757974,0.18829183049366535,0.1529051987767584,0.3910004368719965
0.2697921273772667,0.18531623175586023,0.14772224679345422,0.39716939407341884
0.26953467954345917,0.18305531167690958,0.1453028972783143,0.40210711150131695
0.2676118741692512,0.18165706690296854,0.1484271156402304,0.40230394328754987
0.2728077945084145,0.1767050487156776,0.14968999114260406,0.4007971656333038
0.2678100263852243,0.17941952506596306,0.1503957783641161,0.4023746701846966
0.2693498452012384,0.1817779743476338,0.14904909332153915,0.3998230871295887
0.2647317502198769,0.17985927880386984,0.15391380826737028,0.401495162708883
0.2695883134130146,0.1783975210270031,0.1522797698096503,0.399734395750332
0.261558784676354,0.18582122413033905,0.15235579040070454,0.4002642007926024
0.25854513584574934,0.18843120070113936,0.14943032427695005,0.40359333917616125
0.26195699868363315,0.18385256691531374,0.1483106625713032,0.4058797718297499
0.2661965623622741,0.1771705597179374,0.1511679153812252,0.40546496253856323
0.263042525208242,0.17974572555896537,0.15212626041209995,0.4050854888206927
0.2636443661971831,0.1817781690140845,0.1500880281690141,0.4044894366197183
0.2689956331877729,0.18209606986899562,0.14716157205240174,0.4017467248908297
0.27208480565371024,0.18374558303886926,0.14840989399293286,0.3957597173144876
0.27184466019417475,0.18049426301853486,0.14651368049426303,0.40114739629302737
0.27586206896551724,0.17771883289124668,0.14412024756852343,0.40229885057471265
0.281413612565445,0.17408376963350786,0.14354275741710296,0.40095986038394416
0.2835820895522388,0.17515364354697102,0.14398595258999122,0.39727831431079896
0.2749125874125874,0.17657342657342656,0.15078671328671328,0.3977272727272727
0.27613586237318044,0.17644464049404499,0.15306572562858403,0.39435377150419054
0.27715030408340574,0.18071242397914858,0.15421372719374457,0.3879235447437011
0.27240773286467485,0.17882249560632688,0.15817223198594024,0.390597539543058
0.27831858407079646,0.17964601769911503,0.15265486725663716,0.3893805309734513
0.2783641160949868,0.19085312225153914,0.15083553210202286,0.37994722955145116
0.2857773851590106,0.19169611307420495,0.15106007067137808,0.37146643109540634
0.2949512843224092,0.19530558015943314,0.1479185119574845,0.3618246235606732
0.28496273564226215,0.19947391494958353,0.1464270056992547,0.3691363437088996
0.2867132867132867,0.20279720279720279,0.1486013986013986,0.3618881118881119
0.284452296819788,0.20318021201413428,0.1515017667844523,0.36086572438162545
0.29023746701846964,0.2009674582233949,0.15127528583992964,0.3575197889182058
0.2936263736263736,0.1978021978021978,0.15428571428571428,0.35428571428571426
0.2926509186351706,0.1942257217847769,0.157917760279965,0.3552055993000875
0.2865961199294533,0.1970899470899471,0.1626984126984127,0.35361552028218696
0.28153644696639024,0.2034046268005238,0.16499345264076823,0.35006547359231777
0.2797881729920565,0.20741394527802295,0.15798764342453664,0.35481023830538394
0.2822862129144852,0.20636998254799302,0.1631762652705061,0.3481675392670157
0.2775564409030544,0.21159805223550243,0.16246126604692343,0.3483842408145197
0.2775330396475771,0.20616740088105726,0.16387665198237886,0.3524229074889868
0.2801762114537445,0.20792951541850221,0.17004405286343613,0.34185022026431716
0.2789473684210526,0.21096491228070174,0.16710526315789473,0.3429824561403509
0.27438752783964365,0.2129175946547884,0.16481069042316257,0.34788418708240537
0.27860915492957744,0.2112676056338028,0.16549295774647887,0.34463028169014087
0.2819947043248014,0.21315092674315975,0.16637246248896734,0.33848190644307147
0.2887723896898209,0.21188291830493666,0.16339012669287897,0.33595456531236345
0.2940133037694013,0.2066518847006652,0.16363636363636364,0.33569844789356984
0.28951965065502183,0.20567685589519652,0.16768558951965065,0.337117903930131
0.2951251646903821,0.20685111989459815,0.1673254281949934,0.33069828722002637
0.3002217294900222,0.2031042128603104,0.16541019955654102,0.33126385809312636
0.3081343943412909,0.20159151193633953,0.16224580017683465,0.3280282935455349
0.30043668122270745,0.2021834061135371,0.16375545851528384,0.33362445414847164
0.28760476400529333,0.21041023378914867,0.1658579620644023,0.3361270401411557
0.29199648197009676,0.20668425681618294,0.1662269129287599,0.33509234828496043
0.2987751531058618,0.20428696412948383,0.16491688538932633,0.3320209973753281
0.29568251199302226,0.20453554295682513,0.16572176188399476,0.3340601831661579
0.2954946996466431,0.20097173144876326,0.16740282685512367,0.33613074204946997
0.2935739436619718,0.19762323943661972,0.16637323943661972,0.34242957746478875
0.2968681076312307,0.19629466254962505,0.1662990736656374,0.34053815615350685
0.2981993851559069,0.19279754062362758,0.1673254281949934,0.3416776460254721
0.30008787346221444,0.20035149384885764,0.16036906854130054,0.3391915641476274
0.30218068535825543,0.20026702269692923,0.16555407209612816,0.33199821984868716
0.3030571555161719,0.19361984935755427,0.16038989809481613,0.3429330970314577
0.2992056487202118,0.19461606354810237,0.16284201235657547,0.3433362753751103
0.30143112701252234,0.19543828264758498,0.1547406082289803,0.3483899821109123
0.3037918871252205,0.20105820105820105,0.15388007054673722,0.3412698412698413
0.3058252427184466,0.20079435127978817,0.15048543689320387,0.3428949691085613
0.30637362637362636,0.19956043956043956,0.14945054945054945,0.3446153846153846
0.30599647266313934,0.20282186948853614,0.15343915343915343,0.3377425044091711
0.3121412803532009,0.1947019867549669,0.15143487858719648,0.34172185430463575
0.3043286219081272,0.20053003533568906,0.15371024734982333,0.3414310954063604
0.3032427695004382,0.20595968448729185,0.14986853637160386,0.3409290096406661
0.3062390158172232,0.2007908611599297,0.15202108963093147,0.3409490333919156
0.30844012372956253,0.19619973486522316,0.15377817057003976,0.34158197083517455
0.3072502210433245,0.1962864721485411,0.14898320070733864,0.34748010610079577
0.31063268892794377,0.19595782073813708,0.14850615114235502,0.34490333919156413
0.3098901098901099,0.19604395604395605,0.149010989010989,0.34505494505494505
0.3086145648312611,0.19671403197158083,0.15408525754884547,0.34058614564831263
0.31297034085878706,0.2014165559982293,0.15493581230633025,0.33067729083665337
0.3106194690265487,0.20398230088495575,0.1491150442477876,0.336283185840708
0.30873956960913485,0.20509442248572685,0.14624505928853754,0.33992094861660077
0.31411096548711226,0.2075141983398864,0.1472258628221931,0.33114897335080823
0.31357806280406897,0.20389208314904908,0.15037593984962405,0.33215391419725787
0.3163941670349094,0.19575784357048165,0.14891736632788333,0.3389306230667256
0.3146608315098468,0.1986870897155361,0.15229759299781181,0.33435448577680527
0.3099955966534566,0.19726992514310876,0.15411712901805372,0.3386173491853809
0.31211589113257243,0.2019315188762072,0.15057067603160668,0.3353819139596137
0.30604203152364273,0.20490367775831875,0.15236427320490367,0.3366900175131349
0.29846153846153844,0.21142857142857144,0.14945054945054945,0.34065934065934067
0.30375275938189844,0.21324503311258278,0.15011037527593818,0.3328918322295806
0.3038478549314463,0.20477664750110572,0.1525873507297656,0.33878814683768244
0.30857648099027407,0.20689655172413793,0.14677276746242263,0.33775419982316535
0.3114754098360656,0.20646876384581303,0.1488701816570669,0.3331856446610545
0.3080298376480913,0.2071083808688021,0.14962702939885913,0.33523475208424747
0.31200701139351444,0.2046450482033304,0.1481156879929886,0.3352322524101665
0.31346578366445915,0.20132450331125828,0.15143487858719648,0.3337748344370861
0.30823117338003503,0.20052539404553416,0.15236427320490367,0.33887915936952717
0.31051236749116606,0.20097173144876326,0.14708480565371024,0.3414310954063604
0.3123893805309734,0.1920353982300885,0.15530973451327434,0.3402654867256637
0.31370826010544817,0.19068541300527242,0.1546572934973638,0.3409490333919156
0.31263858093126384,0.19334811529933482,0.1547671840354767,0.3392461197339246
0.3156043956043956,0.19604395604395605,0.1498901098901099,0.3384615384615385
0.3145869947275923,0.2016695957820738,0.15202108963093147,0.3317223198594025
0.317703768624014,0.19982471516213848,0.15600350569675722,0.3264680105170903
0.32145998240985046,0.19349164467897978,0.15611257695690414,0.3289357959542656
0.32319223985890655,0.19444444444444445,0.15961199294532627,0.32275132275132273
0.32578397212543553,0.19250871080139373,0.15722996515679444,0.32447735191637633
0.32682926829268294,0.19290465631929046,0.1605321507760532,0.3197339246119734
0.32375055285272003,0.18885448916408668,0.1525873507297656,0.3348076072534277
0.3264042459088899,0.18973905351614329,0.1525873507297656,0.33126934984520123
0.320704845814978,0.18854625550660792,0.15286343612334802,0.3378854625550661
0.3299648506151142,0.18233743409490333,0.15421792618629174,0.3334797891036907
0.3299559471365639,0.17929515418502204,0.15594713656387665,0.33480176211453744
0.3318623124448367,0.1879964695498676,0.15357458075904679,0.3265666372462489
0.3352372583479789,0.18629173989455183,0.15202108963093147,0.3264499121265378
0.33052724856003546,0.18785999113867966,0.15152857775808595,0.33008418254319893
0.33522975929978116,0.1824945295404814,0.1527352297592998,0.3295404814004376
0.34017467248908295,0.1777292576419214,0.15807860262008733,0.3240174672489083
0.3355379188712522,0.17901234567901234,0.15608465608465608,0.32936507936507936
0.3300927971718957,0.18294299602297834,0.15554573574900574,0.3314184710561202
0.3359858532272325,0.1870026525198939,0.15207780725022105,0.3249336870026525
0.330846862659061,0.19218955682316805,0.1509433962264151,0.3260201842913559
0.325530035335689,0.19964664310954064,0.14796819787985865,0.32685512367491165
0.3277606687197536,0.2045754509458865,0.15090189177298724,0.3167619885613726
0.3292035398230089,0.20176991150442478,0.1508849557522124,0.318141592920354
0.3240618101545254,0.1986754966887417,0.15673289183222958,0.3205298013245033
0.3337765957446808,0.19636524822695037,0.15115248226950354,0.31870567375886527
0.3274647887323944,0.19454225352112675,0.15580985915492956,0.3221830985915493
0.33038478549314465,0.19195046439628483,0.15037593984962405,0.32728881026094647
0.3337765957446808,0.1870567375886525,0.15691489361702127,0.32225177304964536
0.3334794040315513,0.1866783523225241,0.15687992988606486,0.3229623137598598
0.33624836029733274,0.1853957149103629,0.15478793178836905,0.3235679930039353
0.3362714852357867,0.18951079770824153,0.1494050242397532,0.3248126928162186
0.33901266928789864,0.1834862385321101,0.14941022280471822,0.32809086937527304
0.34189895470383275,0.18074912891986064,0.15069686411149827,0.32665505226480834
0.3375936535918907,0.1864257382106655,0.1507271925958572,0.3252534156015866
0.33800964489259094,0.18807540552389304,0.15212626041209995,0.32178868917141606
0.3428949691085613,0.18932038834951456,0.15445719329214475,0.31332744924977934
0.34384717903154155,0.185250999555753,0.1559306974677921,0.3149711239449134
0.33854845719252497,0.18513689700130379,0.15993046501521077,0.3163841807909605
0.3408289241622575,0.18694885361552027,0.16358024691358025,0.30864197530864196
0.34114007954043307,0.1802916482545294,0.16482545293857712,0.31374281926646047
0.3365681517423908,0.18217909131010146,0.16453462726069695,0.3167181296868108
0.33525243578387953,0.18777679362267494,0.16696191319751993,0.3100088573959256
0.33067021748779407,0.1904127829560586,0.16333777185974258,0.3155792276964048
0.32409850483729113,0.19788918205804748,0.16490765171503957,0.3131046613896218
0.32762406675450156,0.1945542380324989,0.16337285902503293,0.3144488361879666
0.33142100617828774,0.18711385701676964,0.16372462488967343,0.3177405119152692
0.32745702952842665,0.19391802556192156,0.16394887615689732,0.3146760687527545
0.32702464788732394,0.19410211267605634,0.15933098591549297,0.31954225352112675
0.33289241622574955,0.19135802469135801,0.16049382716049382,0.3152557319223986
0.3260201842913559,0.19131197893813076,0.15796401930671347,0.3247038174637999
0.3273207215134184,0.1970963484381874,0.15442146942366916,0.32116146062472506
0.3314031180400891,0.19821826280623608,0.15456570155902005,0.3158129175946548
0.3381578947368421,0.1868421052631579,0.156140350877193,0.318859649122807
0.3375992939099735,0.19064430714916153,0.15489849955869373,0.31685789938217124
0.3395805443998215,0.18295403837572513,0.15082552431950022,0.32663989290495316
0.3422907488986784,0.18061674008810572,0.15286343612334802,0.32422907488986785
0.32820061592608885,0.18565772107347117,0.1583809942806863,0.3277606687197536
0.3250544662309368,0.1786492374727669,0.16209150326797386,0.33420479302832246
0.32427695004382123,0.17484662576687116,0.16652059596844873,0.3343558282208589
0.32073813708260107,0.17838312829525482,0.1647627416520211,0.336115992970123
0.3234513274336283,0.1756637168141593,0.16371681415929204,0.33716814159292036
0.3167481119502443,0.185250999555753,0.16215015548645045,0.3358507330075522
0.3159752868490733,0.18005295675198588,0.15975286849073256,0.3442188879082083
0.3158359064843405,0.17644464049404499,0.15968239964711073,0.34803705337450375
0.3134590092064884,0.17974572555896537,0.1551950898728628,0.3516001753616835
0.3147985989492119,0.17950963222416813,0.1510507880910683,0.35464098073555167
0.3100398053958425,0.18443166740380362,0.15701017249004864,0.3485183547103052
0.3147007042253521,0.18309859154929578,0.15713028169014084,0.34507042253521125
0.31583552055993,0.1815398075240595,0.15879265091863518,0.3438320209973753
0.3124724548259145,0.18422212428382548,0.15689731159100925,0.34640810929925075
0.3108581436077058,0.18695271453590193,0.15411558669001751,0.3480735551663748
0.3075563411400795,0.1855943437914273,0.15687140963323024,0.3499779054352629
0.30941901408450706,0.18705985915492956,0.15492957746478872,0.3485915492957746
0.30786219081272087,0.18109540636042404,0.15901060070671377,0.35203180212014135
0.3134920634920635,0.18121693121693122,0.15873015873015872,0.34656084656084657
