C,D,Oc,Od
0.0,0.0,0.0,1.0
0.5,0.0,0.0,0.5
0.0,0.3333333333333333,0.0,0.6666666666666666
0.25,0.25,0.0,0.5
0.25,0.25,0.0,0.5
0.25,0.0,0.25,0.5
0.2,0.0,0.4,0.4
0.14285714285714285,0.0,0.42857142857142855,0.42857142857142855
0.2,0.0,0.3,0.5
0.23076923076923078,0.0,0.23076923076923078,0.5384615384615384
0.17647058823529413,0.0,0.17647058823529413,0.6470588235294118
0.13043478260869565,0.043478260869565216,0.17391304347826086,0.6521739130434783
0.1724137931034483,0.034482758620689655,0.10344827586206896,0.6896551724137931
0.25,0.027777777777777776,0.08333333333333333,0.6388888888888888
0.1875,0.020833333333333332,0.08333333333333333,0.7083333333333334
0.2,0.015384615384615385,0.07692307692307693,0.7076923076923077
0.26582278481012656,0.02531645569620253,0.06329113924050633,0.6455696202531646
0.2641509433962264,0.018867924528301886,0.05660377358490566,0.660377358490566
0.2647058823529412,0.022058823529411766,0.04411764705882353,0.6691176470588235
0.26993865030674846,0.018404907975460124,0.03067484662576687,0.6809815950920245
0.27692307692307694,0.010256410256410256,0.03076923076923077,0.6820512820512821
0.2832618025751073,0.004291845493562232,0.03862660944206009,0.6738197424892703
0.2974910394265233,0.010752688172043012,0.03225806451612903,0.6594982078853047
0.3069620253164557,0.00949367088607595,0.028481012658227847,0.6550632911392406
0.3025210084033613,0.008403361344537815,0.028011204481792718,0.6610644257703081
0.3140096618357488,0.007246376811594203,0.01932367149758454,0.6594202898550725
0.33970276008492567,0.016985138004246284,0.012738853503184714,0.6305732484076433
0.344294003868472,0.019342359767891684,0.015473887814313346,0.620889748549323
0.3423728813559322,0.020338983050847456,0.01694915254237288,0.6203389830508474
0.3476923076923077,0.027692307692307693,0.018461538461538463,0.6061538461538462
0.3455571227080395,0.02679830747531735,0.021156558533145273,0.6064880112834978
0.3522012578616352,0.028930817610062894,0.018867924528301886,0.6
0.34823529411764703,0.02588235294117647,0.024705882352941175,0.6011764705882353
0.357451403887689,0.024838012958963283,0.024838012958963283,0.5928725701943844
0.3521825396825397,0.023809523809523808,0.020833333333333332,0.6031746031746031
0.3548094373865699,0.023593466424682397,0.022686025408348458,0.5989110707803993
0.34844668345927793,0.020151133501259445,0.0218303946263644,0.6095717884130982
0.3526192337763878,0.017200938232994525,0.022673964034401875,0.6075058639562158
0.3509406657018813,0.020984081041968163,0.028219971056439943,0.5998552821997105
0.35536075522589344,0.020903573836817263,0.026972353337828724,0.5967633175994606
0.35918626827717737,0.02225047679593134,0.027972027972027972,0.5905912269548633
0.3565375302663438,0.024818401937046004,0.028450363196125907,0.5901937046004843
0.35951834862385323,0.02522935779816514,0.02981651376146789,0.5854357798165137
0.3638368246968026,0.022050716648291068,0.03252480705622933,0.581587651598677
0.3658280922431866,0.02358490566037736,0.034067085953878404,0.5765199161425576
0.35732387227572227,0.02280790674100355,0.03395843892549417,0.58590978205778
0.36043629152206247,0.02528507684680218,0.03470500743678731,0.579573624194348
0.361732508329367,0.02617801047120419,0.035221323179438366,0.5768681580199905
0.3607176581680831,0.027384324834749764,0.03541076487252125,0.5764872521246459
0.3688299817184644,0.0283363802559415,0.03656307129798903,0.5662705667276051
0.3628995947771274,0.028365601080594327,0.03692030616839262,0.5718144979738856
0.3680214381420277,0.030370701205895488,0.03573023671281822,0.5658776239392586
0.36323851203501095,0.031072210065645513,0.037199124726477024,0.5684901531728666
0.3589515770768547,0.03154153709462461,0.037760995113282986,0.5717458907152376
0.3680462839341344,0.030262572318647086,0.04138851802403204,0.5603026257231865
0.3608428446005268,0.0324846356453029,0.04477611940298507,0.5618964003511853
0.35626643295354954,0.03549517966695881,0.04995617879053462,0.558282208588957
0.3500443655723159,0.035048802129547474,0.050576752440106475,0.5643300798580302
0.3573943661971831,0.03697183098591549,0.04753521126760563,0.5580985915492958
0.3504424778761062,0.03761061946902655,0.047787610619469026,0.5641592920353983
0.34644277507733096,0.04021210782147592,0.05037560760053027,0.5629695095006628
0.3499333036905291,0.040017785682525564,0.0493552690084482,0.5606936416184971
0.3508771929824561,0.04254385964912281,0.05087719298245614,0.5557017543859649
0.3489399293286219,0.04637809187279152,0.04946996466431095,0.5552120141342756
0.3516725352112676,0.04709507042253521,0.047975352112676055,0.5532570422535211
0.3542581211589113,0.04521510096575944,0.053994732221246705,0.5465320456540825
0.3500439753737907,0.04925241864555849,0.05408970976253298,0.5466138962181178
0.35223748338502436,0.05050952591936198,0.05981391227292867,0.537439078422685
0.34750219106047325,0.05214723926380368,0.06397896581945661,0.5363716038562665
0.342128801431127,0.055456171735241505,0.061717352415026835,0.5406976744186046
0.342393686979395,0.055677334502411226,0.06663743971942131,0.5352915387987724
0.34424778761061947,0.05309734513274336,0.06725663716814159,0.5353982300884956
0.3418614909572122,0.05116894574327305,0.06881340979267754,0.5381561535068372
0.33855526544821585,0.050478677110530897,0.07006092254134029,0.540905134899913
0.3381515549715287,0.04949627682873412,0.06789312308366185,0.5444590451160753
0.33348095659876,0.05181576616474756,0.06598759964570416,0.5487156775907883
0.3309734513274336,0.05221238938053097,0.06725663716814159,0.5495575221238939
0.3354120267260579,0.055233853006681516,0.06369710467706013,0.5456570155902004
0.33690316822846944,0.05310129406514949,0.0678268630075859,0.5421686746987951
0.3346631205673759,0.05452127659574468,0.06648936170212766,0.5443262411347518
0.3355525965379494,0.05503772747447847,0.06613404349755882,0.5432756324900133
0.3353765323992995,0.05516637478108581,0.06830122591943957,0.5411558669001751
0.3333333333333333,0.05701754385964912,0.06754385964912281,0.5421052631578948
0.3317094774136404,0.05757307351638618,0.0704162976085031,0.5403011514614703
0.33643204957945994,0.0566622399291722,0.07215582115980522,0.5347498893315626
0.3320278503046127,0.057441253263707574,0.06919060052219321,0.5413402959094865
0.33392148213498013,0.05734450816056462,0.07190119100132333,0.5368328187031319
0.33318700614574187,0.05706760316066725,0.07199297629499561,0.5377524143985952
0.3308435852372584,0.05579964850615114,0.07601054481546574,0.5373462214411248
0.3321616871704745,0.054042179261862916,0.07952548330404217,0.5342706502636204
0.3324468085106383,0.054078014184397165,0.08067375886524823,0.5328014184397163
0.33007552199022655,0.054198134162594405,0.07641048422923145,0.5393158596179476
0.3330369052912405,0.05246776345042241,0.07381058248110271,0.5406847487772344
0.3277972027972028,0.051573426573426576,0.07954545454545454,0.541083916083916
0.33318700614574187,0.05179982440737489,0.07857769973661106,0.5364354697102721
0.3289299867899604,0.05548216644649934,0.07837956847203875,0.5372082782915015
0.3340669014084507,0.05457746478873239,0.07702464788732394,0.534330985915493
0.3311229000884173,0.058797524314765696,0.07603890362511052,0.5340406719717065
0.32891832229580575,0.059161147902869755,0.07373068432671082,0.5381898454746137
0.3262693156732892,0.060044150110375276,0.07682119205298013,0.5368653421633555
0.3314509122502172,0.05994787141615986,0.07428323197219809,0.5343179843614249
0.32808398950131235,0.05861767279090114,0.0778652668416448,0.5354330708661418
0.3252534156015866,0.05685323931247246,0.08021154693697664,0.5376817981489643
0.3291814946619217,0.05693950177935943,0.07740213523131673,0.5364768683274022
0.32116146062472506,0.05587329520457545,0.08095028596568411,0.5420149582050154
0.3204444444444444,0.059111111111111114,0.08133333333333333,0.5391111111111111
0.3229623137598598,0.056091148115687994,0.07668711656441718,0.544259421560035
0.32133450395083407,0.05970149253731343,0.07594381035996488,0.5430201931518877
0.3138815207780725,0.0592396109637489,0.07648099027409372,0.5503978779840849
0.3151223776223776,0.057692307692307696,0.07910839160839161,0.5480769230769231
0.3210687691633815,0.05606657906263688,0.07533946561541831,0.5475251861585633
0.3150263620386643,0.054481546572934976,0.07337434094903339,0.5571177504393673
0.31664470794905575,0.05665349143610013,0.07509881422924901,0.5516029863855951
0.3197009674582234,0.06288478452066842,0.07651715039577836,0.5408970976253298
0.3120567375886525,0.0598404255319149,0.07845744680851063,0.549645390070922
0.31741071428571427,0.06294642857142857,0.07723214285714286,0.5424107142857143
0.3185022026431718,0.06211453744493392,0.07665198237885462,0.5427312775330396
0.3142732431252728,0.06416412047140986,0.08380619816673941,0.5377564382365779
0.31148262208534977,0.06467223933128025,0.0840299164100308,0.5398152221733392
0.3064867218110579,0.0631258162821071,0.08663474096647801,0.543752720940357
0.31076923076923074,0.06285714285714286,0.08879120879120879,0.5375824175824175
0.3011037527593819,0.06445916114790287,0.09271523178807947,0.5417218543046357
0.30502445531347266,0.06447309915518008,0.09115162294353046,0.5393508225878169
0.30453944468929045,0.06698986337593654,0.08990744821507272,0.5385632437197003
0.29726148409893993,0.07022968197879859,0.08833922261484099,0.5441696113074205
0.2984084880636605,0.0680813439434129,0.08753315649867374,0.5459770114942529
0.2977403633141338,0.07089056269384138,0.0824102791315906,0.5489587948604342
0.29592284085927223,0.0648838228846997,0.08198158702323542,0.5572117492327926
0.2994275649493615,0.06781153676794363,0.08146191105239982,0.551298987230295
0.29986847873739586,0.06839105655414292,0.08373520385795703,0.5480052608505042
0.3032570422535211,0.06910211267605634,0.08538732394366197,0.5422535211267606
0.3081293706293706,0.07080419580419581,0.08522727272727272,0.5358391608391608
0.30542089026002645,0.06654914059056853,0.0877038342882327,0.5403261348611723
0.3095552619991193,0.06913254073095552,0.08806693086745927,0.5332452664024658
0.3177198409191339,0.06628369421122404,0.08793636765355722,0.5280600972160848
0.3170943888647238,0.06611570247933884,0.08655937364071335,0.530230535015224
0.3118942731277533,0.06872246696035242,0.086784140969163,0.5325991189427313
0.3108167770419426,0.06710816777041943,0.08344370860927153,0.5386313465783664
0.30627468187801665,0.06625713032031592,0.08336989907854322,0.5440982887231242
0.30603258476442097,0.06560986349625715,0.0845442536327609,0.543813298106561
0.3045798132503335,0.0675855935971543,0.08270342374388617,0.545131169408626
0.30070859167404784,0.07174490699734277,0.0845881310894597,0.5429583702391497
0.30026572187776795,0.070859167404783,0.08503100088573959,0.5438441098317095
0.30566711289602855,0.06871932173136992,0.08433734939759036,0.5412762159750112
0.30621172353455817,0.06605424321959755,0.07874015748031496,0.5489938757655293
0.30823737821080605,0.06820194862710363,0.07617360496014172,0.5473870682019486
0.31327433628318585,0.06858407079646017,0.07654867256637168,0.5415929203539823
0.31097560975609756,0.06968641114982578,0.07273519163763066,0.546602787456446
0.30674305861613044,0.07183781401498457,0.0749228735125606,0.5464962538563244
0.3070447496677005,0.07310589277802393,0.07399202481169695,0.5458573327425786
0.3041958041958042,0.07342657342657342,0.07211538461538461,0.5502622377622378
0.31357048748353095,0.07422046552481334,0.07422046552481334,0.5379885814668424
0.31042128603104213,0.07361419068736141,0.07450110864745012,0.5414634146341464
0.30566534914361,0.07290294246815986,0.07817303469477382,0.5432586736934563
0.3051372896368468,0.07263064658990256,0.08193091231178033,0.5403011514614703
0.29969284774023697,0.0776656428258008,0.08073716542343133,0.5419043440105309
0.2941696113074205,0.07464664310954064,0.08215547703180212,0.5490282685512368
0.2963290579389651,0.07651481645289694,0.0800530738611234,0.5471030517470146
0.2960209881941408,0.07302142544818539,0.07870572802798426,0.5522518583296896
0.2959363957597173,0.07773851590106007,0.07685512367491167,0.549469964664311
0.29226736566186107,0.0799475753604194,0.07732634338138926,0.5504587155963303
0.29645824223874073,0.0804547442063839,0.07433318758198514,0.5487538259728902
0.2885042166000888,0.08078118064802485,0.07634265423879272,0.5543719485130937
0.2875441696113074,0.07906360424028269,0.07464664310954064,0.5587455830388692
0.2882172579938677,0.08322382829610162,0.07095926412614981,0.5575996495838809
0.28809106830122594,0.08581436077057793,0.07311733800350263,0.5529772329246935
0.28716814159292037,0.08584070796460178,0.07168141592920355,0.5553097345132744
0.28520814880425155,0.08945969884853854,0.07484499557130203,0.5504871567759079
0.28964904486894716,0.08929364726788094,0.07285650821856952,0.5482007996446024
0.28583916083916083,0.08479020979020979,0.07211538461538461,0.5572552447552448
0.282311424790472,0.08645787384208205,0.07322452580502867,0.5580061755624173
0.2808641975308642,0.0855379188712522,0.07583774250440917,0.5577601410934744
0.28938053097345134,0.08584070796460178,0.07079646017699115,0.5539823008849557
0.2843874391862008,0.08624502432551968,0.0734188412206988,0.5559486952675807
0.2852774137177807,0.08387942332896461,0.0690257754477938,0.561817387505461
0.290519877675841,0.08344255133245959,0.06858890345128878,0.5574486675404107
0.28716814159292037,0.08672566371681416,0.06637168141592921,0.5597345132743363
0.28779197884530633,0.0877038342882327,0.06478624944909651,0.5597179374173645
0.2854625550660793,0.08722466960352424,0.06519823788546256,0.5621145374449339
0.2847740236946029,0.08995173321632295,0.06713470820535322,0.5581395348837209
0.2865961199294533,0.08994708994708994,0.06922398589065255,0.5542328042328042
0.28811312417145385,0.0901458241272647,0.06760936809544851,0.554131683605833
0.28370044052863436,0.09251101321585903,0.06519823788546256,0.5585903083700441
0.2886917960088692,0.09401330376940133,0.0647450110864745,0.5525498891352549
0.2881729920564872,0.09267431597528684,0.0648720211827008,0.5542806707855251
0.28660159716060335,0.09361135758651287,0.06299911268855368,0.5567879325643301
0.288879235447437,0.09035621198957429,0.06689834926151172,0.553866203301477
0.28024637043554773,0.08974923009238892,0.06951165860096789,0.5604927408710955
0.2844600526777875,0.08691834942932397,0.06716417910447761,0.5614574187884109
0.2815405046480744,0.08764940239043825,0.0703851261620186,0.5604249667994687
0.27716673999120106,0.08578970523537176,0.07259128904531456,0.5644522657281126
0.28226514486391574,0.08604038630377524,0.07111501316944688,0.5605794556628622
0.28053097345132744,0.08539823008849558,0.06858407079646017,0.5654867256637168
0.28180212014134276,0.08215547703180212,0.071113074204947,0.5649293286219081
0.2828104286345559,0.08395934600088378,0.07247017233760494,0.5607600530269554
0.28171478565179353,0.0804899387576553,0.07392825896762904,0.5638670166229222
0.28174603174603174,0.08289241622574955,0.07142857142857142,0.5639329805996472
0.2915015411712902,0.07926023778071334,0.07309555261999119,0.5561426684280053
0.28558951965065504,0.07903930131004366,0.07292576419213974,0.5624454148471616
0.28247330960854095,0.07873665480427046,0.07384341637010676,0.5649466192170819
0.27945084145261295,0.08104517271922054,0.07528786536758193,0.5642161204605846
0.28314310798946446,0.07857769973661106,0.07550482879719052,0.5627743634767339
0.2882843352347521,0.07371654234313295,0.07634927599824484,0.5616498464238702
0.2848939929328622,0.07729681978798586,0.07597173144876325,0.5618374558303887
0.2831029870708872,0.07489968791796701,0.07712884529647793,0.5648684797146678
0.28748890860692106,0.07630878438331855,0.080301685891748,0.5559006211180124
0.28476527900797166,0.07395925597874226,0.07971656333038087,0.5615589016829052
0.29315673289183225,0.07505518763796909,0.07637969094922738,0.5554083885209713
0.2857775808595481,0.07797961896322551,0.0815241470979176,0.5547186530793088
0.2908770383428823,0.07360070515645659,0.07977082415160863,0.5557514323490524
0.2988962472406181,0.0772626931567329,0.07858719646799117,0.5452538631346578
0.29526339088092074,0.07525453740593183,0.08012394864984507,0.5493581230633023
0.2950174825174825,0.07692307692307693,0.08041958041958042,0.5476398601398601
0.2878587196467991,0.07902869757174392,0.08256070640176601,0.5505518763796909
0.2926829268292683,0.07982261640798226,0.0802660753880266,0.5472283813747228
0.29380294248773964,0.0780205082478823,0.0806954971020954,0.5474810521622827
0.2917225950782998,0.08187919463087248,0.07740492170022371,0.548993288590604
0.2989059080962801,0.08358862144420132,0.0774617067833698,0.5400437636761488
0.29437609841827767,0.07996485061511424,0.08172231985940245,0.5439367311072056
0.2912966252220249,0.07682060390763766,0.08348134991119005,0.5484014209591475
0.29063604240282687,0.07906360424028269,0.0812720848056537,0.5490282685512368
0.28931095406360424,0.07685512367491167,0.07773851590106007,0.556095406360424
0.289612676056338,0.07262323943661972,0.07922535211267606,0.5585387323943662
0.2908366533864542,0.07171314741035857,0.08410801239486498,0.5533421868083223
0.29046563192904656,0.06962305986696231,0.07982261640798226,0.5600886917960088
0.29117259552042163,0.06719367588932806,0.07817303469477382,0.5634606938954765
0.29393536963258077,0.06640106241699867,0.07746790615316512,0.5621956617972554
0.2966740576496674,0.06252771618625277,0.07937915742793791,0.5614190687361419
0.2981993851559069,0.061923583662714096,0.08080808080808081,0.5590689503732982
0.29555555555555557,0.06311111111111112,0.084,0.5573333333333333
0.29723805348531346,0.06225339763261727,0.08285839544059623,0.5576501534414731
0.2989782318969347,0.06219458018658374,0.08262994224788983,0.5561972456685917
0.3019034971226206,0.06108897742363878,0.0818946436476317,0.5551128818061088
0.302683677958645,0.06159260888693357,0.0818301803783546,0.5538935327760669
0.3011941618752764,0.06368863334807608,0.07828394515701018,0.5568332596196374
0.30527248560035447,0.061586176340274704,0.07842268498006202,0.5547186530793088
0.3020044543429844,0.0645879732739421,0.07616926503340757,0.557238307349666
0.301978021978022,0.06373626373626373,0.07604395604395604,0.5582417582417583
0.3055555555555556,0.06084656084656084,0.07804232804232804,0.5555555555555556
0.30360281195079086,0.06239015817223199,0.07820738137082602,0.5557996485061512
0.30297723292469353,0.063922942206655,0.08099824868651488,0.5521015761821366
0.305506993006993,0.06512237762237762,0.08085664335664336,0.548513986013986
0.2975929978118162,0.06695842450765864,0.087527352297593,0.5479212253829322
0.2975352112676056,0.06778169014084508,0.0880281690140845,0.5466549295774648
0.29732103645147123,0.06851119894598155,0.08519982433025912,0.5489679402722881
0.2966549295774648,0.06866197183098592,0.08934859154929578,0.5453345070422535
0.29108822212270485,0.07299596954769369,0.09180474697716078,0.5441110613524407
0.29159369527145357,0.07443082311733801,0.09281961471103327,0.5411558669001751
0.2964269960299956,0.07366563740626378,0.08998676665196295,0.5399205999117777
0.2928666371289322,0.07266282676118742,0.08905626938413824,0.5454142667257421
0.2927689594356261,0.07275132275132275,0.08994708994708994,0.5445326278659612
0.28836797877045556,0.07474568774878372,0.08889871738168952,0.5479876160990712
0.2894158981115503,0.077733860342556,0.09178743961352658,0.5410628019323671
0.291906236178682,0.07563025210084033,0.09287925696594428,0.5395842547545334
0.29346866725507503,0.07281553398058252,0.088261253309797,0.5454545454545454
0.29280070237050043,0.07506584723441616,0.08691834942932397,0.5452151009657594
0.2860927152317881,0.07858719646799117,0.0847682119205298,0.5505518763796909
0.287467134092901,0.08019281332164768,0.08369851007887817,0.5486415425065732
0.2902654867256637,0.07787610619469026,0.08451327433628318,0.5473451327433628
0.2785871964679912,0.0772626931567329,0.08830022075055188,0.555849889624724
0.286281429201588,0.0741067490074989,0.08822232024702249,0.5513895015438907
0.28244610646722396,0.07699076110866696,0.08798944126704795,0.5525736911570611
0.28354203935599287,0.07602862254025045,0.0907871198568873,0.5496422182468694
0.2875874125874126,0.07124125874125874,0.08872377622377622,0.5524475524475524
0.2831111111111111,0.076,0.08933333333333333,0.5515555555555556
0.2836411609498681,0.07387862796833773,0.08795074758135445,0.5545294635004397
0.2848965213562307,0.0722148833113166,0.08278291501541171,0.560105680317041
0.2826855123674912,0.0715547703180212,0.0812720848056537,0.5644876325088339
0.2838964458095656,0.07020623080298377,0.08249232119350593,0.5634050021939447
0.2860310421286031,0.06563192904656319,0.07893569844789357,0.5694013303769402
0.2932330827067669,0.06368863334807608,0.07784166298098187,0.5652366209641752
0.2837719298245614,0.062280701754385964,0.075,0.5789473684210527
0.29023746701846964,0.06068601583113457,0.07255936675461741,0.5765171503957783
0.2937000887311446,0.06255545696539486,0.07320319432120674,0.5705412599822538
0.29476950354609927,0.06382978723404255,0.07180851063829788,0.5695921985815603
0.29403854773644106,0.06275212909009413,0.06857911250560286,0.5746302106678619
0.29745166959578206,0.058875219683655534,0.07425307557117751,0.5694200351493849
0.29084537888742884,0.06132282084975909,0.07621550591327202,0.5716162943495401
0.29297392841361025,0.0627485638532921,0.0760053026955369,0.5682722050375607
0.28887904297740363,0.06202924235711121,0.08108108108108109,0.5680106335844041
0.27985896870868227,0.05993829881004848,0.08550022036139268,0.5747025121198766
0.28344370860927154,0.06357615894039735,0.08211920529801324,0.5708609271523178
0.2826183104820876,0.06634232640424591,0.07828394515701018,0.5727554179566563
0.282389108476065,0.06807202459376373,0.07905138339920949,0.5704874835309618
0.28109995635093843,0.07071147970318638,0.07769532955041467,0.5704932343954605
0.28140257434531735,0.0692410119840213,0.079005770084332,0.5703506435863294
0.2823788546255507,0.07092511013215859,0.07885462555066079,0.56784140969163
0.2807794508414526,0.07130203720106289,0.07927369353410098,0.5686448184233835
0.27807017543859647,0.07105263157894737,0.08333333333333333,0.5675438596491228
0.2741228070175439,0.07192982456140351,0.08508771929824561,0.5688596491228071
0.27846425419240955,0.06663724624889673,0.08473080317740513,0.5701676963812886
0.2872952633908809,0.06595838866755202,0.0849933598937583,0.5617529880478087
0.27850877192982454,0.06885964912280702,0.08640350877192983,0.5662280701754386
0.2745011086474501,0.06873614190687362,0.08558758314855876,0.5711751662971175
0.2760600706713781,0.06846289752650177,0.08745583038869258,0.5680212014134276
0.27458834000890076,0.07254116599910992,0.08945260347129506,0.5634178905206942
0.27224435590969454,0.07171314741035857,0.08764940239043825,0.5683930942895087
0.2698412698412698,0.0736331569664903,0.09126984126984126,0.5652557319223986
0.2749778956675508,0.07471264367816093,0.09195402298850575,0.5583554376657824
0.2768888888888889,0.072,0.088,0.5631111111111111
0.2747688243064729,0.07353588727432848,0.09114927344782034,0.5605460149713782
0.27384076990376205,0.07436570428696412,0.09011373578302712,0.5616797900262467
0.27144120247568526,0.07559681697612732,0.09018567639257294,0.5627763041556145
0.2733333333333333,0.07333333333333333,0.088,0.5653333333333334
0.27987697715289983,0.07513181019332162,0.09094903339191564,0.5540421792618629
0.28615249780893953,0.07668711656441718,0.08939526730937773,0.5477651183172656
0.28338475099162624,0.07668576465403261,0.09078889378580873,0.5491405905685324
0.2813321647677476,0.07581069237510955,0.08939526730937773,0.5534618755477652
0.2731643356643357,0.07648601398601398,0.09615384615384616,0.5541958041958042
0.2772585669781931,0.07387627948375612,0.09657320872274143,0.5522919448153093
0.27575488454706926,0.07726465364120781,0.09458259325044405,0.5523978685612788
0.2734513274336283,0.07654867256637168,0.09336283185840707,0.5566371681415929
0.27296819787985865,0.07464664310954064,0.09540636042402827,0.5569787985865724
0.27893569844789357,0.07494456762749446,0.09401330376940133,0.5521064301552107
0.28145842596709647,0.07425522454424188,0.09604268563806136,0.5482436638506003
0.28053097345132744,0.07256637168141593,0.09469026548672567,0.552212389380531
0.27886323268206037,0.07282415630550622,0.09325044404973357,0.5550621669626998
0.28383128295254834,0.07513181019332162,0.09578207381370826,0.5452548330404218
0.2848914488258751,0.07532122286220647,0.09348692955250332,0.5463003987594152
0.2766330556773345,0.07365190705830776,0.0920648838228847,0.5576501534414731
0.27768014059753954,0.07557117750439367,0.09007029876977153,0.5566783831282952
0.28067078552515445,0.07149161518093557,0.0851721094439541,0.5626654898499559
0.27388815499779834,0.071334214002642,0.08762659621312198,0.5671510347864377
0.27633318642573823,0.07227853680035258,0.08461877479065667,0.5667695019832525
0.28024637043554773,0.07215134183897932,0.08578970523537176,0.5618125824901012
0.28357551739321885,0.0722148833113166,0.08498458828709819,0.5592250110083664
0.2727272727272727,0.06861888111888112,0.08872377622377622,0.5699300699300699
0.27336860670194,0.07054673721340388,0.0855379188712522,0.5705467372134039
0.2709705753184014,0.07246376811594203,0.08432147562582346,0.5722441809398331
0.2647577092511013,0.07577092511013216,0.09118942731277534,0.5682819383259912
0.26773049645390073,0.07668439716312057,0.08865248226950355,0.5669326241134752
0.25919361984935757,0.07753655294638902,0.09437306158617634,0.5688967656180771
0.263042525208242,0.07496711968434897,0.0911880754055239,0.5708022797018851
0.26096491228070173,0.07719298245614035,0.09210526315789473,0.5697368421052632
0.2625994694960212,0.07692307692307693,0.08974358974358974,0.5707338638373121
0.26142355008787344,0.07864674868189807,0.08567662565905097,0.5742530755711776
0.26765475152571927,0.07846556233653008,0.07933740191804708,0.5745422842197035
0.26380368098159507,0.07712532865907099,0.08106923751095531,0.5780017528483786
0.265666372462489,0.07811120917917035,0.08384819064430715,0.5723742277140336
0.266199649737303,0.07705779334500876,0.08450087565674255,0.5722416812609457
0.26868327402135234,0.07695729537366548,0.08362989323843416,0.5707295373665481
0.26334362593736216,0.07278341420379356,0.08381120423467137,0.580061755624173
0.26276408450704225,0.07790492957746478,0.0840669014084507,0.5752640845070423
0.2609853528628495,0.07634265423879272,0.085219707057257,0.5774522858411008
0.26136865342163357,0.07373068432671082,0.08167770419426049,0.5832229580573951
0.2571554381329811,0.07661822985468957,0.08146191105239982,0.5847644209599295
0.25255215268530845,0.0758988015978695,0.08122503328894808,0.5903240124278739
0.2563989408649603,0.07502206531332745,0.07987643424536628,0.588702559576346
0.2611380679311866,0.07366563740626378,0.0811645346272607,0.5840317600352889
0.2635761589403974,0.07373068432671082,0.07637969094922738,0.5863134657836645
0.2644082710074791,0.07391113066432028,0.07875054993400792,0.5829300483941927
0.25893250992501105,0.07498897220996913,0.08028231142479048,0.5857962064402293
0.26578366445916113,0.07417218543046358,0.08300220750551876,0.5770419426048565
0.27047366091190794,0.07348384240814519,0.08587870739265162,0.5701637892872953
0.2727272727272727,0.07255244755244755,0.08435314685314685,0.5703671328671329
0.27508802816901406,0.07482394366197183,0.08230633802816902,0.5677816901408451
0.2795085563843791,0.07722685388328214,0.08249232119350593,0.5607722685388328
0.2828773168578994,0.07855251544571933,0.0794351279788173,0.559135039717564
0.2869179600886918,0.07671840354767184,0.07716186252771619,0.5592017738359202
0.29305002213368747,0.07923860115095174,0.07525453740593183,0.5524568393094289
0.2941952506596306,0.07475813544415127,0.07651715039577836,0.5545294635004397
0.29118432769367764,0.07747105966162066,0.0792520035618878,0.5520926090828139
0.28651928912006935,0.07715648027741656,0.07975726051148678,0.5565669700910273
0.28995130588756085,0.0796812749003984,0.0787959274015051,0.5515714918105357
0.29469026548672567,0.07699115044247788,0.07699115044247788,0.5513274336283186
0.29343456900401965,0.07637338097364894,0.07682000893255918,0.5533720410897722
0.291832229580574,0.07505518763796909,0.07461368653421634,0.5584988962472406
0.2927472527472528,0.0734065934065934,0.07516483516483516,0.5586813186813187
0.2876834148510449,0.0755891507336594,0.0755891507336594,0.5611382836816363
0.2857768052516411,0.07658643326039387,0.07658643326039387,0.5610503282275712
0.2929203539823009,0.07610619469026549,0.07345132743362832,0.5575221238938053
0.2918133802816901,0.07306338028169014,0.07526408450704225,0.5598591549295775
0.28596568411790585,0.07479102507699076,0.07831060272767268,0.5609326880774307
0.2860927152317881,0.07373068432671082,0.0772626931567329,0.5629139072847682
0.2796125055041832,0.07617789520035227,0.07749889916336415,0.5667107001321003
0.2820288587669436,0.07695671184958461,0.07520769567118496,0.5658067337122868
0.28935795954265614,0.079155672823219,0.0743183817062445,0.5571679859278804
0.2844638949671772,0.07833698030634573,0.07045951859956236,0.5667396061269147
0.2847740236946029,0.0776656428258008,0.06845107503290918,0.5691092584466871
0.28175824175824177,0.08527472527472528,0.07208791208791208,0.5608791208791208
0.2840210711150132,0.08647936786654961,0.07506584723441616,0.5544337137840211
0.2857142857142857,0.08571428571428572,0.07648351648351648,0.5520879120879121
0.2868995633187773,0.08602620087336245,0.07598253275109171,0.5510917030567686
0.28445618670189343,0.08718626155878467,0.07309555261999119,0.5552619991193307
0.2805628847845207,0.08267370272647317,0.07475813544415127,0.5620052770448549
0.2782646801051709,0.08194566170026293,0.07449605609114812,0.5652936021034181
0.2723684210526316,0.08640350877192983,0.07456140350877193,0.5666666666666667
0.2657558395769061,0.08461877479065667,0.07756721022476862,0.5720581754076686
0.26455026455026454,0.0873015873015873,0.082010582010582,0.5661375661375662
0.2603890362511052,0.08620689655172414,0.08488063660477453,0.5685234305923961
0.2571680635200706,0.08292898103220114,0.08557565063961182,0.5743273048081164
0.25526315789473686,0.0868421052631579,0.08464912280701754,0.5732456140350877
0.2583922261484099,0.08303886925795052,0.08171378091872791,0.5768551236749117
0.2558139534883721,0.08029837648091268,0.08556384379113646,0.5783238262395788
0.2654320987654321,0.07804232804232804,0.08421516754850088,0.572310405643739
0.25694138386954607,0.07712648743940062,0.08638166593212869,0.5795504627589246
0.26007975188303056,0.07886575099689853,0.08595480726628267,0.5750996898537882
0.26457597173144876,0.07773851590106007,0.08524734982332155,0.5724381625441696
0.26163301141352063,0.07769973661106233,0.08340649692712906,0.577260755048288
0.2683246073298429,0.0737347294938918,0.08638743455497382,0.5715532286212914
0.2773146116717859,0.07459412022817025,0.08117595436594997,0.5669153137340939
0.2776066871975363,0.07611086669599648,0.08534975802903652,0.5609326880774307
0.27992957746478875,0.07306338028169014,0.08846830985915492,0.5585387323943662
0.27824545857332744,0.07487815684536996,0.08639787328311918,0.5604785112981834
0.2724030316540348,0.07311636201515827,0.09005795809184128,0.5644226482389657
0.2770979020979021,0.0777972027972028,0.08522727272727272,0.5598776223776224
0.2749125874125874,0.07823426573426573,0.08916083916083917,0.5576923076923077
0.2735562310030395,0.07946157186278767,0.09075119409465914,0.5562310030395137
0.27080581241743723,0.08058124174372523,0.08850726552179657,0.560105680317041
0.27030625832223704,0.08388814913448735,0.08965823346648913,0.5561473590767865
0.27352682497801234,0.08267370272647317,0.0932277924362357,0.5505716798592788
0.2709705753184014,0.08476064997804128,0.09134826526130874,0.5529205094422486
0.2679362267493357,0.0841452612931798,0.09344552701505757,0.5544729849424269
0.26563876651982377,0.08237885462555065,0.09559471365638766,0.5563876651982379
0.26246140273489194,0.0811645346272607,0.09572121746801941,0.5606528451698279
0.2595320623916811,0.08708838821490468,0.09835355285961872,0.5550259965337955
0.2642762284196547,0.08233731739707835,0.09650287737937141,0.5568835768038956
0.26016615653694797,0.08264101442938347,0.09925666812418014,0.5579361609094884
0.26480990274093724,0.07913351016799293,0.10389036251105217,0.5521662245800176
0.26373626373626374,0.0778021978021978,0.10461538461538461,0.5538461538461539
0.26815398075240593,0.07961504811898512,0.10323709536307961,0.5489938757655293
0.26188380281690143,0.08054577464788733,0.10431338028169014,0.5532570422535211
0.2648221343873518,0.08256477821695213,0.10101010101010101,0.5516029863855951
0.26477121279431365,0.0812972012438916,0.09506885828520657,0.5588627276765882
0.27180616740088104,0.07885462555066079,0.0907488986784141,0.5585903083700441
0.27684859154929575,0.07702464788732394,0.09154929577464789,0.5545774647887324
0.27928321678321677,0.07342657342657342,0.08916083916083917,0.5581293706293706
0.2812637121544537,0.07152259763053971,0.08644142167617376,0.5607722685388328
0.2788546255506608,0.06960352422907488,0.08722466960352424,0.5643171806167401
0.2858411007545495,0.06746560142032845,0.08388814913448735,0.5628051486906347
0.28590308370044054,0.07092511013215859,0.08193832599118943,0.5612334801762114
0.28824833702882485,0.07228381374722838,0.07893569844789357,0.5605321507760532
0.2865342163355408,0.07549668874172186,0.07991169977924945,0.5580573951434878
0.2884784520668426,0.0773966578715919,0.08091468777484609,0.5532102022867195
0.2837659480862297,0.07787065552133744,0.0840299164100308,0.5543334799824021
0.2804024496937883,0.07830271216097988,0.08486439195100612,0.5564304461942258
0.28102836879432624,0.07845744680851063,0.08200354609929078,0.5585106382978723
0.27971718957136543,0.07865665046398586,0.08174988952717631,0.5598762704374723
0.28215398308856254,0.0801068090787717,0.07832665776591011,0.5594125500667557
0.28628318584070794,0.08053097345132744,0.07389380530973451,0.5592920353982301
0.286156567890314,0.08447589562140646,0.0725342768686422,0.5568332596196374
0.28998242530755713,0.08347978910369068,0.07205623901581722,0.554481546572935
0.2890453145622525,0.07875054993400792,0.0730312362516498,0.5591728992520898
0.28138718173836696,0.07901668129938542,0.07550482879719052,0.564091308165057
0.282311424790472,0.07675341861490957,0.0776356418173798,0.5632995147772386
0.286784140969163,0.07533039647577093,0.07797356828193833,0.5599118942731277
0.28596646072374227,0.07325684024713151,0.08120035304501325,0.559576345984113
0.2837659480862297,0.07611086669599648,0.07919049714034315,0.5609326880774307
0.28278322925958965,0.07404103479036575,0.07939339875111508,0.5637823371989296
0.285336856010568,0.071334214002642,0.08014090708938794,0.563188022897402
0.2808641975308642,0.07054673721340388,0.07671957671957672,0.5718694885361552
0.28325991189427313,0.06828193832599119,0.07753303964757709,0.5709251101321586
0.2848990342405619,0.07638279192273925,0.07506584723441616,0.5636523266022827
0.2857142857142857,0.07514198339886413,0.07514198339886413,0.564001747487986
0.2896825396825397,0.07671957671957672,0.07980599647266313,0.5537918871252204
0.28685612788632325,0.07948490230905861,0.07904085257548846,0.5546181172291297
0.29007971656333037,0.07838795394154119,0.08281665190434012,0.5487156775907883
0.290519877675841,0.07863695937090433,0.08300567933595457,0.5478374836173001
0.28666371289322107,0.07443509082853345,0.08196721311475409,0.5569339831634914
0.28091872791519434,0.07729681978798586,0.08348056537102473,0.558303886925795
0.28590308370044054,0.07753303964757709,0.07973568281938326,0.5568281938325991
0.286784140969163,0.07929515418502203,0.07929515418502203,0.554625550660793
0.2772146319964742,0.07227853680035258,0.08197443807844866,0.5685323931247246
0.28565121412803535,0.07019867549668875,0.07991169977924945,0.5642384105960265
0.28352322524101664,0.06967572304995617,0.07887817703768624,0.567922874671341
0.27824545857332744,0.06867523260965884,0.08285334514842711,0.5702259636685866
0.2824258521469677,0.06994245241257194,0.08233731739707835,0.565294378043382
0.2764263600176913,0.06943830163644406,0.08668730650154799,0.5674480318443167
0.2828193832599119,0.06740088105726873,0.08590308370044053,0.5638766519823789
0.2821978021978022,0.07296703296703297,0.08483516483516483,0.56
0.2763731473408893,0.07149084568439407,0.08631211857018309,0.5658238884045336
0.27895667550839964,0.07117595048629531,0.08841732979664015,0.5614500442086648
0.27264653641207814,0.07149200710479574,0.08880994671403197,0.5670515097690941
0.27204585537918874,0.07231040564373897,0.08509700176366843,0.5705467372134039
0.27515583259127335,0.07034728406055209,0.08103294746215495,0.5734639358860196
0.2777284826974268,0.06787932564330079,0.08251996450754215,0.5718722271517303
0.2838137472283814,0.06696230598669622,0.07937915742793791,0.5698447893569845
0.27758164165931154,0.06619593998234775,0.07987643424536628,0.5763459841129744
0.28217602830605926,0.06413091552410438,0.07739938080495357,0.5762936753648827
0.2772887323943662,0.06602112676056338,0.08274647887323944,0.573943661971831
0.28024637043554773,0.0664320281566212,0.08051033875934888,0.5728112626484821
0.2802660753880266,0.0647450110864745,0.08381374722838138,0.5711751662971175
0.2839451570101725,0.062361786819991154,0.08978328173374613,0.5639097744360902
0.2828633405639913,0.06550976138828633,0.0893709327548807,0.5622559652928416
0.27982456140350875,0.06578947368421052,0.0868421052631579,0.5675438596491228
0.2795604395604396,0.06725274725274726,0.08263736263736264,0.5705494505494505
0.28232189973614774,0.0743183817062445,0.08443271767810026,0.5589270008795075
0.2820175438596491,0.07631578947368421,0.08640350877192983,0.5552631578947368
0.28087912087912087,0.07692307692307693,0.08879120879120879,0.5534065934065934
0.280794701986755,0.07770419426048565,0.08653421633554084,0.5549668874172186
0.2831779849090102,0.07856191744340879,0.08344429649356414,0.5548158011540169
0.2806167400881057,0.0801762114537445,0.08458149779735682,0.554625550660793
0.2804395604395604,0.07824175824175825,0.08483516483516483,0.5564835164835165
0.2754700480979449,0.08264101442938347,0.08176650634018365,0.5601224311324879
0.2778023925564909,0.08196721311475409,0.08285334514842711,0.5573770491803278
0.2723684210526316,0.08508771929824561,0.0837719298245614,0.5587719298245614
0.2689956331877729,0.08427947598253276,0.08384279475982533,0.5628820960698689
0.2775330396475771,0.08061674008810572,0.08634361233480176,0.5555066079295155
0.2759226713532513,0.08172231985940245,0.08260105448154657,0.5597539543057997
0.2780725022104332,0.07780725022104333,0.08797524314765694,0.5561450044208665
0.27460456942003514,0.0773286467486819,0.09094903339191564,0.5571177504393673
0.2757255936675462,0.07651715039577836,0.09146877748460862,0.5562884784520669
0.2808249232119351,0.0767880649407635,0.09302325581395349,0.549363756033348
0.2816525988449578,0.07729897823189694,0.09284762327854287,0.5482007996446024
0.28590192644483364,0.07749562171628721,0.09019264448336252,0.5464098073555166
0.29120636323464427,0.07733097657976137,0.08705258506407423,0.5444100751215201
0.29253203711886877,0.07954043305346885,0.08661069376933274,0.5413168360583297
0.2888198757763975,0.08207630878438332,0.08695652173913043,0.5421472937000887
0.2848297213622291,0.08137992038920831,0.08845643520566121,0.5453339230429014
0.28979771328056286,0.07827616534740545,0.09102902374670185,0.5408970976253298
0.28799291094373064,0.07797961896322551,0.09570225963668587,0.538325210456358
0.2868490732568402,0.0794351279788173,0.09620476610767872,0.5375110326566638
0.28502202643171803,0.07841409691629955,0.09823788546255506,0.5383259911894274
0.2832014072119613,0.079155672823219,0.09762532981530343,0.5400175901495162
0.2881729920564872,0.07811120917917035,0.09620476610767872,0.5375110326566638
0.28338475099162624,0.08021154693697664,0.0991626267078008,0.5372410753635963
0.27809862283429587,0.0844069302532208,0.09906708129720124,0.5384273656152821
0.2761487964989059,0.08577680525164114,0.10065645514223195,0.537417943107221
0.2772887323943662,0.0897887323943662,0.09639084507042253,0.5365316901408451
0.27640156453715775,0.08909169926119079,0.09647979139504563,0.5380269448066058
