C,D,Oc,Od
0.0,1.0,0.0,0.0
0.0,0.5,0.5,0.0
0.0,0.42857142857142855,0.5714285714285714,0.0
0.0,0.2727272727272727,0.7272727272727273,0.0
0.0,0.25,0.75,0.0
0.08,0.16,0.72,0.04
0.13513513513513514,0.16216216216216217,0.6756756756756757,0.02702702702702703
0.1774193548387097,0.14516129032258066,0.6451612903225806,0.03225806451612903
0.16666666666666666,0.16666666666666666,0.6333333333333333,0.03333333333333333
0.184,0.152,0.616,0.048
0.19875776397515527,0.20496894409937888,0.5527950310559007,0.043478260869565216
0.2345132743362832,0.19911504424778761,0.5088495575221239,0.05752212389380531
0.24232081911262798,0.20136518771331058,0.48464163822525597,0.07167235494880546
0.22437673130193905,0.20498614958448755,0.4903047091412742,0.08033240997229917
0.22045454545454546,0.20454545454545456,0.4863636363636364,0.08863636363636364
0.22306238185255198,0.2003780718336484,0.4763705103969754,0.1001890359168242
0.2169230769230769,0.20615384615384616,0.46615384615384614,0.11076923076923077
0.21502590673575128,0.20984455958549222,0.4494818652849741,0.12564766839378239
0.21162280701754385,0.21929824561403508,0.4342105263157895,0.13486842105263158
0.2178030303030303,0.2178030303030303,0.42424242424242425,0.14015151515151514
0.21953255425709517,0.20951585976627712,0.41903171953255425,0.15191986644407346
0.21965748324646314,0.21742367833209233,0.40208488458674607,0.16083395383469842
0.2181208053691275,0.21543624161073827,0.3953020134228188,0.17114093959731544
0.21898263027295287,0.21339950372208435,0.38957816377171217,0.1780397022332506
0.21753986332574032,0.21867881548974943,0.3809794988610478,0.18280182232346243
0.21621621621621623,0.21515633280339164,0.3778484366719661,0.1907790143084261
0.21388174807197943,0.212853470437018,0.3773778920308483,0.19588688946015423
0.2206025267249757,0.21282798833819241,0.3688046647230321,0.19776482021379982
0.22180801491146318,0.2124883504193849,0.3630009319664492,0.20270270270270271
0.22583559168925021,0.21589882565492322,0.35546522131887986,0.2028003613369467
0.22772277227722773,0.21242124212421243,0.355985598559856,0.20387038703870386
0.22541535698248766,0.21284238886394252,0.35159407274360127,0.21014818140996858
0.23555555555555555,0.208,0.3453333333333333,0.2111111111111111
0.2284826974267968,0.20585625554569653,0.3469387755102041,0.21872227151730259
0.22859664607237423,0.21579876434245365,0.3393645189761695,0.21624007060900266
0.22721268163804492,0.21840598855129897,0.34037868780273006,0.21400264200792601
0.22783143107989465,0.2151009657594381,0.3402107111501317,0.21685689201053557
0.22893692104102337,0.22143802382002647,0.33965593295103663,0.20996912218791355
0.23209549071618038,0.21927497789566755,0.33156498673740054,0.21706454465075153
0.23218997361477572,0.2167985927880387,0.3324538258575198,0.2185576077396658
0.23168578993821712,0.21624007060900266,0.3292144748455428,0.2228596646072374
0.23542402826855124,0.20980565371024734,0.338339222614841,0.21643109540636044
0.22917584839136185,0.2128691053327457,0.3371529308065227,0.22080211546936976
0.233201581027668,0.2134387351778656,0.331576635924462,0.22178304787000439
0.2364358182620203,0.21482134980149978,0.3290692545213939,0.21967357741508603
0.23511248345831495,0.2192324658138509,0.32289369210410235,0.2227613586237318
0.23677248677248677,0.21957671957671956,0.3205467372134039,0.22310405643738976
0.2381161971830986,0.22227112676056338,0.31954225352112675,0.22007042253521128
0.24148606811145512,0.22291021671826625,0.3149049093321539,0.22069880583812473
0.2429078014184397,0.22562056737588654,0.3129432624113475,0.21852836879432624
0.2460387323943662,0.22227112676056338,0.31117957746478875,0.2205105633802817
0.24934383202099739,0.2204724409448819,0.3118985126859143,0.21828521434820647
0.2473404255319149,0.21941489361702127,0.3151595744680851,0.21808510638297873
0.24878907970057243,0.2263320123293703,0.3020695728753853,0.22280933509467196
0.2528888888888889,0.228,0.30577777777777776,0.21333333333333335
0.25185832968954963,0.22387407083515523,0.30870135548753824,0.2155662439877569
0.2523036419482229,0.2215884159719175,0.3111013602457218,0.2150065818341378
0.2543046357615894,0.2194260485651214,0.3165562913907285,0.2097130242825607
0.2580071174377224,0.21085409252669038,0.31895017793594305,0.21218861209964412
0.2566489361702128,0.2127659574468085,0.3195921985815603,0.21099290780141844
0.25386996904024767,0.21450685537372843,0.3277310924369748,0.20389208314904908
0.2602018429135586,0.21281263712154452,0.32426502852128125,0.20272049144361562
0.25733333333333336,0.21733333333333332,0.32666666666666666,0.19866666666666666
0.25542275343072157,0.22399291722000886,0.3187250996015936,0.20185922974767595
0.2587108013937282,0.2225609756097561,0.3166376306620209,0.20209059233449478
0.26244541484716155,0.22227074235807862,0.30960698689956334,0.20567685589519652
0.26369257950530034,0.21687279151943462,0.3166961130742049,0.20273851590106007
0.26162018592297476,0.2182381584772023,0.31828242585214694,0.20185922974767595
0.2639322336156933,0.21934908604547482,0.3178778421756576,0.19884083816317433
0.2661326212728082,0.21228304405874499,0.3182020471740098,0.20338228749443701
0.26425099425541315,0.21034025629695094,0.3177198409191339,0.207688908528502
0.26453617399023527,0.20861074123391035,0.3217931646693298,0.20505992010652463
0.2631812140008861,0.2108994240141781,0.3198936641559592,0.2060256978289765
0.26146384479717816,0.2138447971781305,0.31613756613756616,0.20855379188712522
0.26138876603272887,0.21450685537372843,0.31048208757187085,0.21362229102167182
0.27156125608137993,0.21406457319770014,0.30782839451570104,0.20654577620521894
0.2640176600441501,0.21236203090507727,0.31390728476821195,0.2097130242825607
0.27175843694493784,0.205595026642984,0.3095026642984014,0.21314387211367672
0.28225451343020697,0.2038749449581682,0.301629238221048,0.21224130339057684
0.2750551876379691,0.20706401766004415,0.29845474613686535,0.2194260485651214
0.27807017543859647,0.20614035087719298,0.2995614035087719,0.2162280701754386
0.27692307692307694,0.20483516483516484,0.298021978021978,0.22021978021978023
0.27408056042031526,0.2084063047285464,0.29378283712784586,0.22373029772329248
0.27566622979467015,0.20707732634338138,0.2927042376583661,0.22455220620358235
0.2733274647887324,0.20950704225352113,0.2918133802816901,0.22535211267605634
0.2819266460450729,0.21166593018117544,0.2832523199292974,0.22315510384445428
0.28114035087719297,0.2118421052631579,0.28421052631578947,0.22280701754385965
0.2739420935412027,0.2182628062360802,0.2828507795100223,0.22494432071269488
0.2732072151341839,0.22261328640563133,0.2798064232292125,0.22437307523097227
0.27091633466135456,0.2213368747233289,0.2718016821602479,0.2359451084550686
0.2745011086474501,0.22305986696230598,0.2682926829268293,0.23414634146341465
0.2723253757736516,0.22192749778956675,0.2692307692307692,0.23651635720601238
0.27496700395952484,0.21997360316761988,0.2666080070391553,0.23845138583369996
0.2732072151341839,0.22085349758029035,0.26132864056313243,0.2446106467223933
0.2706299911268855,0.22803904170363798,0.26308784383318545,0.23824312333629105
0.2771618625277162,0.21773835920177384,0.2607538802660754,0.2443458980044346
0.2758164165931156,0.22153574580759047,0.2563989408649603,0.24624889673433362
0.27486678507992895,0.22424511545293072,0.2566607460035524,0.24422735346358793
0.27583187390542907,0.22285464098073554,0.2596322241681261,0.24168126094570927
0.27604630454140694,0.22306322350845947,0.25690115761353516,0.2439893143365984
0.28334062090074336,0.2190642763445562,0.2514210756449497,0.24617402710975075
0.28703703703703703,0.21957671957671956,0.25044091710758376,0.2429453262786596
0.28433098591549294,0.22095070422535212,0.25308098591549294,0.24163732394366197
0.2866578599735799,0.22324966974900926,0.24878907970057243,0.2413033905768384
0.2831029870708872,0.22157824342398574,0.2456531431119037,0.24966562639322337
0.2803030303030303,0.22103386809269163,0.25133689839572193,0.24732620320855614
0.2812223206377325,0.2174490699734278,0.2546501328609389,0.2466784765279008
0.2883762200532387,0.21650399290150843,0.25510204081632654,0.24001774622892635
0.29190371991247266,0.2188183807439825,0.25601750547045954,0.23326039387308534
0.28760476400529333,0.21305690339655933,0.25893250992501105,0.24040582267313632
0.2923485183547103,0.20654577620521894,0.25829279080053075,0.24281291463954002
0.2897278314310799,0.2067603160667252,0.2589991220368745,0.24451273046532046
0.2962962962962963,0.21031746031746032,0.25,0.24338624338624337
0.2965090587715422,0.21034025629695094,0.25011047282368537,0.24304021210782148
0.292415607189829,0.21394125383603682,0.24682156948706707,0.24682156948706707
0.2894033837934105,0.21682991985752448,0.2444345503116652,0.2493321460373998
0.2914462081128748,0.21428571428571427,0.24514991181657847,0.24911816578483245
0.28540113985094256,0.21613327487943884,0.24813678211310827,0.2503288031565103
0.2860915492957746,0.2051056338028169,0.25088028169014087,0.2579225352112676
0.28087912087912087,0.1986813186813187,0.25274725274725274,0.2676923076923077
0.2790594498669033,0.2023070097604259,0.24267968056787934,0.2759538598047915
0.2803904170363798,0.19831410825199644,0.24711623779946762,0.2741792369121562
0.27558706247230835,0.20203810367744793,0.25387682764731945,0.26849800620292424
0.27708703374777977,0.20426287744227353,0.24511545293072823,0.27353463587921845
0.2787102473498233,0.2045053003533569,0.24293286219081273,0.27385159010600707
0.28273413226808697,0.20594762538837105,0.23479804704837995,0.27652019529516203
0.2826278659611993,0.20502645502645503,0.23765432098765432,0.27469135802469136
0.28452066842568163,0.20492524186455585,0.23702726473175023,0.27352682497801234
0.2815533980582524,0.206090026478376,0.24007060900264784,0.2722859664607237
0.2730465320456541,0.20237050043898155,0.24582967515364354,0.2787532923617208
0.2741003998223012,0.2070191026210573,0.24655708573967125,0.27232341181697023
0.2698412698412698,0.20899470899470898,0.24735449735449735,0.27380952380952384
0.2725255215268531,0.20639147802929428,0.24855747891699956,0.2725255215268531
0.27824175824175823,0.2043956043956044,0.2421978021978022,0.27516483516483514
0.28456735057983945,0.20606601248884923,0.23416592328278324,0.2752007136485281
0.28653931585961795,0.20568636161705908,0.2310084406930253,0.27676588183029766
0.2828282828282828,0.2028985507246377,0.22837066315327184,0.2859025032938076
0.28021248339973437,0.20805666223992916,0.23107569721115537,0.28065515714918104
0.2839614373356705,0.2077125328659071,0.22480280455740578,0.28352322524101664
0.27883340698188247,0.20150243040212107,0.2337604949182501,0.28590366769774633
0.2751531058617673,0.19728783902012248,0.23534558180227472,0.2922134733158355
0.2776053215077605,0.19334811529933482,0.2328159645232816,0.29623059866962304
0.2747589833479404,0.19544259421560034,0.2287467134092901,0.30105170902716916
0.28102836879432624,0.19547872340425532,0.22030141843971632,0.30319148936170215
0.2753178430512933,0.19508987286277948,0.2227093380096449,0.30688294607628236
0.27555555555555555,0.1991111111111111,0.22,0.30533333333333335
0.27541998231653403,0.20689655172413793,0.21396993810786913,0.3037135278514589
0.2795085563843791,0.20272049144361562,0.21193505923650724,0.305835892935498
0.27880386983289357,0.2022867194371152,0.20668425681618294,0.3122251539138083
0.28174603174603174,0.2019400352733686,0.2072310405643739,0.3090828924162258
0.27998236331569665,0.20105820105820105,0.2072310405643739,0.3117283950617284
0.2799650043744532,0.20034995625546806,0.20122484689413822,0.3184601924759405
0.27905964301262515,0.1976491075315629,0.19851980844579886,0.32477144101001304
0.27862254025044725,0.19767441860465115,0.1981216457960644,0.32558139534883723
0.28152364273204905,0.1957092819614711,0.1978984238178634,0.3248686514886165
0.2778753292361721,0.2019315188762072,0.20237050043898155,0.31782265144863914
0.2707231040564374,0.20502645502645503,0.20590828924162258,0.318342151675485
0.26909569798068483,0.1997366110623354,0.21422300263388938,0.3169446883230904
0.27176314626601855,0.20194432169686258,0.21564295183384888,0.31064958020327
0.27196467991169976,0.20132450331125828,0.21545253863134659,0.31125827814569534
0.2781427945685502,0.19491896627244854,0.211125711782742,0.3158125273762593
0.2761989342806394,0.19849023090586146,0.20648312611012434,0.3188277087033748
0.27352682497801234,0.19569041336851364,0.20624450307827616,0.3245382585751979
0.27580149319279756,0.18401405357927098,0.2103645147123408,0.3298199385155907
0.27923521565140064,0.1845264562027568,0.2072032014228546,0.329035126722988
0.27964601769911507,0.18495575221238938,0.19911504424778761,0.336283185840708
0.27890556045895853,0.18755516328331862,0.20255957634598412,0.33097969991173876
0.2760141093474427,0.19576719576719576,0.20282186948853614,0.3253968253968254
0.2718106093818501,0.20210434020166593,0.20035072336694432,0.3257343270495397
0.2681318681318681,0.1956043956043956,0.20307692307692307,0.3331868131868132
0.2681958535509484,0.19938244375827086,0.19761799735333038,0.33480370533745035
0.26846528084918175,0.1968155683325962,0.20389208314904908,0.3308270676691729
0.26784140969162995,0.19911894273127753,0.19339207048458149,0.33964757709251103
0.2683775554588952,0.19617224880382775,0.19356241844280123,0.34188777729447584
0.27184466019417475,0.19858781994704325,0.19020300088261252,0.3393645189761695
0.27353071144498453,0.1992929739284136,0.18912947414935927,0.3380468404772426
0.2692476902771667,0.2023757149142103,0.18961724593048834,0.33875934887813464
0.27405764966740576,0.19866962305986696,0.18580931263858094,0.34146341463414637
0.2684117125110914,0.20275066548358472,0.18145519077196096,0.34738243123336293
0.2736471623405191,0.1970963484381874,0.18081830180378355,0.3484381874175099
0.27485638532920903,0.2010605391073796,0.17764030048608043,0.34644277507733096
0.2760600706713781,0.20053003533568906,0.17977031802120141,0.34363957597173145
0.2771929824561403,0.193859649122807,0.17982456140350878,0.34912280701754383
0.27718832891246686,0.1861184792219275,0.1830238726790451,0.3536693191865606
0.2736185383244207,0.18672014260249553,0.18627450980392157,0.3533868092691622
0.27829150154117127,0.18978423601937472,0.18582122413033905,0.34610303830911493
0.2773593265396544,0.18165706690296854,0.18874612317235268,0.35223748338502436
0.27681352914997776,0.17846016911437473,0.1882510013351135,0.35647530040053405
0.27441449403446755,0.1855943437914273,0.18824569155987628,0.3517454706142289
0.2767543859649123,0.18157894736842106,0.1881578947368421,0.35350877192982455
0.27651183172655563,0.1796669588080631,0.18536371603856266,0.3584574934268186
0.2767577250335871,0.1786833855799373,0.18719211822660098,0.3573667711598746
0.27807017543859647,0.1780701754385965,0.18640350877192982,0.3574561403508772
0.27549668874172184,0.17660044150110377,0.19072847682119207,0.35717439293598235
0.28157894736842104,0.17412280701754385,0.18947368421052632,0.35482456140350876
0.287341217696014,0.17433201927288655,0.18265440210249673,0.3556723609286027
0.28250330542089025,0.17805200528867343,0.17805200528867343,0.3613926840017629
0.2826183104820876,0.17956656346749225,0.1760283060592658,0.36178681999115436
0.2826761187416925,0.18210013291980506,0.17899867080194948,0.35622507753655297
0.28342958685028874,0.1776988005330964,0.18347401155042203,0.3553976010661928
0.281346920691183,0.17811253876827648,0.18653079308817014,0.3540097474523704
0.2848965213562307,0.17921620431527963,0.18450022016732717,0.3513870541611625
0.28147163120567376,0.17375886524822695,0.1875,0.35726950354609927
0.2860915492957746,0.17077464788732394,0.18265845070422534,0.36047535211267606
0.28822495606326887,0.17311072056239016,0.1827768014059754,0.35588752196836554
0.29730921923246584,0.17026907807675343,0.18482576091751213,0.34759594177326864
0.29608446986361636,0.17069951605807304,0.18785745710514737,0.3453585569731632
0.28986784140969163,0.16387665198237886,0.19779735682819383,0.34845814977973566
0.2898357745228584,0.16200621393697293,0.20017754105636928,0.3479804704837994
0.289532293986637,0.1603563474387528,0.20133630289532295,0.3487750556792873
0.29305799648506153,0.15905096660808435,0.2047451669595782,0.3431458699472759
0.2906208718626156,0.16248348745046234,0.2043152796125055,0.3425803610744166
0.2902654867256637,0.1654867256637168,0.20486725663716815,0.33938053097345133
0.2917220008853475,0.15891987605135016,0.2014165559982293,0.34794156706507307
0.29706011408512506,0.15489249670908292,0.20272049144361562,0.3453268977621764
0.3010181496237273,0.15050907481186365,0.1961044710048694,0.3523683045595396
0.30480811645346273,0.14865460961623292,0.19717688575209527,0.3493603881782091
0.29437804338202744,0.150066401062417,0.2036299247454626,0.351925630810093
0.2959858844287605,0.15041905602117336,0.2007057785619762,0.35288928098808997
0.29597197898423816,0.14623467600700527,0.19964973730297722,0.35814360770577935
0.29908176650634016,0.14560559685177088,0.19895059029296022,0.3563620463489287
0.2991111111111111,0.14444444444444443,0.20622222222222222,0.3502222222222222
0.29590488771466317,0.14002642007926025,0.2069572875385293,0.3571114046675473
0.3019366197183099,0.14172535211267606,0.20378521126760563,0.35255281690140844
0.3009623797025372,0.14173228346456693,0.19903762029746283,0.35826771653543305
0.298376480912681,0.13514699429574376,0.20272049144361562,0.36375603334795964
0.3038086802480071,0.14127546501328608,0.20106288751107174,0.3538529672276351
0.3039258932509925,0.13983237759153067,0.19629466254962505,0.3599470666078518
0.30571555161719094,0.13956579530350022,0.19051838723969872,0.3642002658396101
0.3059340659340659,0.1389010989010989,0.19296703296703296,0.3621978021978022
0.3067078552515446,0.1416593115622242,0.18887908208296558,0.3627537511032657
0.3029359430604982,0.14056939501779359,0.19306049822064056,0.3634341637010676
0.3093368237347295,0.1400523560209424,0.1932809773123909,0.35732984293193715
0.30701754385964913,0.1412280701754386,0.19517543859649122,0.35657894736842105
0.30850131463628394,0.1371603856266433,0.19675723049956179,0.35758106923751093
0.3110236220472441,0.13385826771653545,0.19816272965879264,0.3569553805774278
0.30704099821746883,0.13324420677361853,0.2000891265597148,0.35962566844919786
0.2986899563318777,0.1349344978165939,0.20480349344978166,0.3615720524017467
0.287677304964539,0.13874113475177305,0.20567375886524822,0.3679078014184397
0.2891939769707706,0.13773250664304695,0.20593445527015058,0.3671390611160319
0.30167844522968196,0.13825088339222616,0.19876325088339222,0.36130742049469966
0.3037135278514589,0.138815207780725,0.1976127320954907,0.3598585322723254
0.30966034406704895,0.13983237759153067,0.1905602117335686,0.3599470666078518
0.30123131046613894,0.13720316622691292,0.19700967458223395,0.36455584872471414
0.3021710234824989,0.1431103234381923,0.19007532122286222,0.3646433318564466
0.3073861123396727,0.13976116762494473,0.19460415745245466,0.3582485625829279
0.30096660808435854,0.14455184534270651,0.19200351493848858,0.3624780316344464
0.30155210643015523,0.1401330376940133,0.1960088691796009,0.3623059866962306
0.30088105726872244,0.14140969162995595,0.1960352422907489,0.3616740088105727
0.30402449693788275,0.14348206474190725,0.20078740157480315,0.35170603674540685
0.3050176056338028,0.14348591549295775,0.19410211267605634,0.3573943661971831
0.30526315789473685,0.14035087719298245,0.1986842105263158,0.3557017543859649
0.31169977924944814,0.13774834437086092,0.1955849889624724,0.35496688741721855
0.30979699911738745,0.13857016769638128,0.20255957634598412,0.34907325684024715
0.3162995594713656,0.13612334801762113,0.19559471365638767,0.3519823788546256
0.3191111111111111,0.13777777777777778,0.19333333333333333,0.3497777777777778
0.31907463989524226,0.13094718463553034,0.19947621126145787,0.3505019642077695
0.3209444687363358,0.1320507214691736,0.1985133362483603,0.3484914735461303
0.31848257609175123,0.13145125716806352,0.2011468901632113,0.34891927657697397
0.32259488084730803,0.13150926743159752,0.19991173874669022,0.34598411297440423
0.3289646133682831,0.1310615989515072,0.19921363040629095,0.34076015727391873
0.3370141342756184,0.12676678445229683,0.19390459363957596,0.3423144876325088
0.3270163067430586,0.13089466725429705,0.19524019391802555,0.34684883208461875
0.32438380281690143,0.1289612676056338,0.1954225352112676,0.3512323943661972
0.3299559471365639,0.12819383259911896,0.19295154185022026,0.34889867841409694
0.3303964757709251,0.13127753303964756,0.18898678414096917,0.34933920704845817
0.32890070921985815,0.13164893617021275,0.1901595744680851,0.34929078014184395
0.32608695652173914,0.13043478260869565,0.18544809228039041,0.3580301685891748
0.3240618101545254,0.12450331125827814,0.19072847682119207,0.36070640176600444
0.32313829787234044,0.12632978723404256,0.19237588652482268,0.35815602836879434
0.32297592997811814,0.12997811816192562,0.18949671772428883,0.3575492341356674
0.32981530343007914,0.12708883025505716,0.18557607739665788,0.3575197889182058
0.32669322709163345,0.12660469234174412,0.18238158477202301,0.36432049579459935
0.3226232394366197,0.12940140845070422,0.17825704225352113,0.36971830985915494
0.3237095363079615,0.12860892388451445,0.17935258092738407,0.36832895888014
0.31756460797196673,0.13491020586947,0.1782742006132282,0.3692509855453351
0.32526408450704225,0.12852112676056338,0.17649647887323944,0.36971830985915494
0.32329842931937175,0.12914485165794065,0.17670157068062828,0.37085514834205935
0.323868677905945,0.1264418811002662,0.18544809228039041,0.3642413487133984
0.3302550571679859,0.12752858399296393,0.18161829375549693,0.3605980650835532
0.3312937062937063,0.13155594405594406,0.17657342657342656,0.3605769230769231
0.33143107989464443,0.13301141352063214,0.17603160667251974,0.3595258999122037
0.32877919788453064,0.127368884971353,0.1771705597179374,0.3666813574261789
0.33143107989464443,0.12949956101843724,0.17471466198419666,0.36435469710272167
0.33481547354379726,0.12405513561582926,0.17474433081369498,0.36638506002667853
0.3318642573821067,0.13133539003966505,0.1767298369325694,0.3600705156456589
0.3330380868024801,0.13064658990256864,0.17803365810451727,0.35828166519043403
0.3302387267904509,0.13793103448275862,0.17197170645446508,0.3598585322723254
0.3323036187113857,0.13636363636363635,0.176963812886143,0.35436893203883496
0.3359858532272325,0.1348364279398762,0.1724137931034483,0.356763925729443
0.33274802458296754,0.13520632133450394,0.1672519754170325,0.36479367866549606
0.337296345222369,0.13474240422721268,0.16732716864817263,0.3606340819022457
0.3355263157894737,0.13991228070175438,0.1675438596491228,0.3570175438596491
0.33245266402465873,0.14134742404227213,0.1668868339938353,0.35931307793923384
0.327708703374778,0.14031971580817051,0.16873889875666073,0.3632326820603908
0.3236459709379128,0.14002642007926025,0.17305151915455746,0.3632760898282695
0.3246696035242291,0.13744493392070484,0.17885462555066078,0.3590308370044053
0.3291028446389497,0.13479212253829323,0.17592997811816194,0.3601750547045952
0.3238262395787626,0.13339183852566916,0.1790258885476086,0.36375603334795964
0.3214756258234519,0.13658322353974528,0.1756697408871322,0.3662714097496706
0.329500221141088,0.13533834586466165,0.17470145953118088,0.36045997346306946
0.3263858093126386,0.1361419068736142,0.1778270509977827,0.3596452328159645
0.3221830985915493,0.13556338028169015,0.17913732394366197,0.36311619718309857
0.3262411347517731,0.1356382978723404,0.18129432624113476,0.35682624113475175
0.32239467849223946,0.13791574279379157,0.18403547671840353,0.3556541019955654
0.31661578717836897,0.141735717400785,0.18447448757086785,0.3571740078499782
0.31086474501108646,0.141019955654102,0.1893569844789357,0.35875831485587584
0.31046613896218117,0.14467897977132807,0.18777484608619174,0.357080035180299
0.312967032967033,0.1402197802197802,0.18945054945054945,0.35736263736263735
0.310935441370224,0.14361001317523056,0.18796662274923145,0.357487922705314
0.30276437033786746,0.14436156208863538,0.1882404563405002,0.3646336112329969
0.3083038869257951,0.1431095406360424,0.1877208480565371,0.36086572438162545
0.30622222222222223,0.1368888888888889,0.19066666666666668,0.3662222222222222
0.3034452296819788,0.13692579505300354,0.18904593639575973,0.370583038869258
0.31103234381922906,0.13424900310146212,0.18608772707133364,0.3686309260079752
0.3059080962800875,0.12954048140043764,0.19037199124726478,0.3741794310722101
0.30358705161854765,0.13123359580052493,0.18635170603674542,0.378827646544182
0.3025911286780852,0.1339481774264383,0.18796662274923145,0.37549407114624506
0.3001760563380282,0.13512323943661972,0.18794014084507044,0.3767605633802817
0.29678555702333775,0.13650374284456188,0.18978423601937472,0.3769264641127257
0.30262572318647085,0.1348464619492657,0.18958611481975968,0.3729417000445038
0.30410122164048864,0.13568935427574172,0.19153577661431065,0.36867364746945896
0.29406593406593406,0.13758241758241757,0.1934065934065934,0.3749450549450549
0.2871067789100576,0.13956579530350022,0.20115197164377493,0.3721754541426673
0.2857142857142857,0.14374445430346053,0.2036379769299024,0.36690328305235137
0.2862796833773087,0.14335971855760773,0.20140721196130168,0.36895338610378187
0.2881654201495821,0.1469423669159701,0.2001759788825341,0.3647162340519138
0.2826373626373626,0.14285714285714285,0.20087912087912088,0.37362637362637363
0.28075571177504394,0.14235500878734622,0.19859402460456943,0.37829525483304044
0.28144239226033424,0.1424802110817942,0.20140721196130168,0.37467018469656993
0.2848990342405619,0.14223002633889376,0.19622475856014046,0.37664618086040386
0.2810715854194115,0.13877909530083443,0.19587176108915239,0.38427755819060166
0.281195079086116,0.13576449912126537,0.19947275922671354,0.3835676625659051
0.28734622144112476,0.13708260105448156,0.18936731107205623,0.38620386643233745
0.28031634446397186,0.13927943760984182,0.19815465729349738,0.38224956063268895
0.2839451570101725,0.13401149933657674,0.19548872180451127,0.3865546218487395
0.2788546255506608,0.1370044052863436,0.1973568281938326,0.38678414096916297
0.28352322524101664,0.1375985977212971,0.19281332164767748,0.3860648553900088
0.28363475959417733,0.13718570798411997,0.1905602117335686,0.3886193206881341
0.28091872791519434,0.13913427561837455,0.19346289752650175,0.38648409893992935
0.2835820895522388,0.1369622475856014,0.1900790166812994,0.38937664618086043
0.29225978647686834,0.12944839857651247,0.1846085409252669,0.39368327402135234
0.2952255803766973,0.12571178274200615,0.18221638195356987,0.3968462549277267
0.29301911960871496,0.12761227212094264,0.17874610938194754,0.40062249888839485
0.2930048394192697,0.13242410910690716,0.17993840739111305,0.3946326440827101
0.2898806893504198,0.1303579319487406,0.18161732213875387,0.39814405656208574
0.2923076923076923,0.130989010989011,0.18593406593406595,0.39076923076923076
0.29455662862159787,0.13169446883230904,0.18788410886742757,0.3858647936786655
0.2923898531375167,0.1348464619492657,0.18691588785046728,0.38584779706275035
0.29232111692844676,0.13568935427574172,0.18368237347294938,0.38830715532286214
0.2914083259521701,0.13684676705048715,0.18689105403011513,0.3848538529672276
0.2889867841409692,0.13876651982378854,0.1907488986784141,0.3814977973568282
0.2897278314310799,0.1356453028972783,0.1887620719929763,0.3858647936786655
0.2965396408234779,0.12702584318878668,0.19141480508103373,0.38501971090670173
0.29280070237050043,0.13037752414398596,0.18437225636523266,0.3924495171202809
0.29027962716378164,0.13004882379050156,0.18331114070128718,0.39636040834442965
0.2925229558373415,0.13336248360297331,0.17839965019676432,0.39571491036292084
0.2909330985915493,0.1289612676056338,0.1800176056338028,0.40008802816901406
0.2891352549889135,0.13170731707317074,0.18181818181818182,0.3973392461197339
0.2939885914874945,0.13119789381307592,0.1790258885476086,0.39578762615182095
0.2894387980556783,0.1316836058329651,0.1780821917808219,0.4007954043305347
0.2879188712522046,0.12698412698412698,0.18783068783068782,0.3972663139329806
0.28206258263552225,0.13265755839576907,0.17761128250330543,0.4076685764654033
0.2805251641137856,0.13479212253829323,0.17943107221006566,0.40525164113785556
0.285839544059623,0.1297676457693994,0.1854449802718106,0.39894782989916705
0.28346456692913385,0.12904636920384951,0.18678915135608049,0.4006999125109361
0.28308501314636286,0.12445223488168274,0.1901840490797546,0.4022787028921998
0.2865961199294533,0.12257495590828923,0.18959435626102292,0.4012345679012346
0.28145550197281893,0.12713722051731696,0.18895221394125383,0.40245506356861027
0.282311424790472,0.12836347595941774,0.1910013233348037,0.3983237759153066
0.29079590929301913,0.1218319253001334,0.18630502445531347,0.401067140951534
0.29301911960871496,0.12583370386838594,0.17874610938194754,0.40240106714095153
0.29442738043001315,0.11627906976744186,0.17770952172005267,0.41158402808249234
0.2940651494868362,0.11780455153949129,0.18072289156626506,0.4074074074074074
0.29569420035149385,0.11775043936731107,0.17706502636203866,0.4094903339191564
0.2928540113985094,0.11749232792634809,0.17886891714160455,0.41078474353353794
0.28789864569681084,0.11708169506334644,0.1799912625600699,0.4150283966797728
0.2913177611282503,0.11723226090788894,0.1754076685764654,0.41604230938739534
0.2949512843224092,0.11868910540301152,0.1753764393268379,0.41098317094774134
0.29393673110720564,0.12478031634446397,0.1687170474516696,0.4125659050966608
0.2904636920384952,0.12904636920384951,0.1679790026246719,0.4125109361329834
0.2871024734982332,0.13074204946996468,0.16298586572438162,0.4191696113074205
0.28269484808454426,0.12989872302950242,0.16996917657419638,0.41743725231175693
0.28111401218450827,0.12924281984334204,0.1679721496953873,0.4216710182767624
0.2821978021978022,0.12703296703296704,0.17406593406593407,0.4167032967032967
0.2840365376250544,0.13266637668551545,0.17398869073510223,0.40930839495432797
0.2814159292035398,0.13097345132743363,0.1765486725663717,0.41106194690265485
0.2771137671536078,0.13103142983621072,0.1783975210270031,0.4134572819831784
0.2784365393061045,0.13219148001756698,0.17918313570487485,0.4101888449714537
0.2791411042944785,0.13540753724802804,0.17747589833479405,0.40797546012269936
0.280053428317008,0.1340160284951024,0.17898486197684774,0.40694568121104185
0.28250330542089025,0.13574261789334507,0.1736447774349934,0.4081092992507713
0.28080985915492956,0.1386443661971831,0.16901408450704225,0.41153169014084506
0.277284826974268,0.1401952085181899,0.16947648624667258,0.41304347826086957
0.27767936226749335,0.14481842338352524,0.1678476527900797,0.4096545615589017
0.2726473175021988,0.1424802110817942,0.16886543535620052,0.4160070360598065
0.2707231040564374,0.1472663139329806,0.167989417989418,0.414021164021164
0.2692982456140351,0.1456140350877193,0.16666666666666666,0.41842105263157897
0.27344782034346105,0.14398943196829592,0.1668868339938353,0.41567591369440776
0.26972234464521816,0.14279418245923314,0.16615249008373734,0.42133098281181136
0.27348551360842843,0.14398595258999122,0.16417910447761194,0.4183494293239684
0.2742857142857143,0.14153846153846153,0.16,0.42417582417582417
0.27804663440387156,0.14342278926528818,0.15750109986801583,0.42102947646282446
0.28040689960194604,0.14241486068111456,0.1543564794338788,0.42282176028306057
0.286215978928885,0.13784021071115013,0.15320456540825286,0.422739244951712
0.2919772029811486,0.1323980710214818,0.15124945199473916,0.4243752740026304
0.28615384615384615,0.1397802197802198,0.15164835164835164,0.4224175824175824
0.2901371074745688,0.14020344980097302,0.1534719150818222,0.416187527642636
0.29699084169210643,0.13824683820322722,0.15089402529437418,0.4138682948102922
0.29491673970201576,0.13365468886941279,0.15249780893952672,0.4189307624890447
0.2971905179982441,0.13740122914837577,0.15100965759438104,0.41439859525899914
0.29155555555555557,0.14266666666666666,0.14666666666666667,0.4191111111111111
0.28986784140969163,0.14317180616740088,0.14757709251101322,0.4193832599118943
0.28458844133099825,0.14535901926444833,0.14711033274956217,0.42294220665499127
0.2850838481906443,0.14563106796116504,0.15092674315975288,0.4183583406884378
0.2768959435626102,0.14417989417989419,0.15388007054673722,0.42504409171075835
0.27709251101321586,0.14977973568281938,0.15594713656387665,0.4171806167400881
0.28067885117493474,0.15187119234116622,0.15187119234116622,0.4155787641427328
0.28615115771079075,0.1489733508082132,0.14853647881170817,0.4163390126692879
0.28760476400529333,0.14865460961623292,0.1455668284075871,0.4181737979708866
0.2838738338516215,0.15459795646379387,0.14837849844513548,0.41314971123944916
0.2844404814979938,0.15514935354436024,0.1444493981275078,0.4159607668301382
0.2831936479929422,0.15438906043228937,0.14733127481252756,0.41508601676224083
0.28313518273888155,0.1554381329810656,0.14707177454865697,0.4143549097313959
0.28175824175824177,0.15824175824175823,0.14241758241758243,0.4175824175824176
0.278125,0.15669642857142857,0.1455357142857143,0.41964285714285715
0.2789473684210526,0.1513157894736842,0.14736842105263157,0.42236842105263156
0.27470093043863536,0.153300841825432,0.15019937970757644,0.4217988480283562
0.27365163572060125,0.15473032714412024,0.15163572060123784,0.41998231653404067
0.2807017543859649,0.1530701754385965,0.1513157894736842,0.4149122807017544
0.2752858399296394,0.14819700967458224,0.1534740545294635,0.4230430958663149
0.2742504409171076,0.15167548500881833,0.1490299823633157,0.42504409171075835
0.27425786442179884,0.1479840496233939,0.15152857775808595,0.4262295081967213
0.27992957746478875,0.1430457746478873,0.14964788732394366,0.4273767605633803
0.2720879120879121,0.14725274725274726,0.15252747252747254,0.42813186813186815
0.27144742630884294,0.15222173339199296,0.15222173339199296,0.42410910690717113
0.2687224669603524,0.1524229074889868,0.15506607929515417,0.4237885462555066
0.269010989010989,0.14813186813186813,0.15164835164835164,0.4312087912087912
0.2720491443615621,0.15225976305397104,0.15225976305397104,0.42343132953049584
0.2696530522617479,0.15502854633289415,0.1484409310496267,0.4268774703557312
0.2687937062937063,0.1590909090909091,0.1486013986013986,0.423513986013986
0.262974269515918,0.16005233318796336,0.14391626689925863,0.43305713039686
0.25880281690140844,0.1637323943661972,0.14216549295774647,0.4352992957746479
0.2678100263852243,0.1613896218117854,0.14599824098504838,0.42480211081794195
0.2628120893561104,0.16294349540078842,0.14586070959264127,0.4283837056504599
0.254737769942706,0.16659321286910533,0.14587924195680918,0.43278977523137946
0.262071992976295,0.16154521510096576,0.14486391571553994,0.4315188762071993
0.26452464788732394,0.1624119718309859,0.14392605633802816,0.429137323943662
0.2652613087395696,0.16381203337725078,0.1427316644707949,0.4281949934123847
0.265929203539823,0.16061946902654867,0.1407079646017699,0.4327433628318584
0.2687029659141213,0.15847720230190349,0.14254094732182382,0.4302788844621514
0.27208480565371024,0.15503533568904593,0.14045936395759717,0.43242049469964666
0.282311424790472,0.1513012792236436,0.1349801499779444,0.43140714600794
0.2792122538293217,0.15054704595185994,0.13479212253829323,0.43544857768052514
0.28102836879432624,0.1453900709219858,0.13164893617021275,0.44193262411347517
0.2903795233892321,0.14518976169461606,0.13371579876434245,0.43071491615180935
0.2884108867427568,0.14486391571553994,0.13125548726953468,0.4354697102721686
0.28602620087336245,0.1480349344978166,0.137117903930131,0.42882096069868997
0.2872903795233892,0.1496028243601059,0.13680494263018536,0.4263018534863195
0.29053461875547765,0.13978965819456618,0.13935144609991235,0.4303242769500438
0.2874779541446208,0.14594356261022928,0.13447971781305115,0.43209876543209874
0.27931488801054016,0.14931927975406237,0.13219148001756698,0.43917435221783047
0.27954644570431747,0.15045791539467945,0.1303968600087222,0.43959877889228083
0.28136042402826855,0.15106007067137808,0.12941696113074205,0.4381625441696113
0.27947019867549666,0.1532008830022075,0.1337748344370861,0.4335540838852097
0.28054697838553155,0.14909572121746803,0.1349801499779444,0.435377150419056
0.28923076923076924,0.1476923076923077,0.13582417582417583,0.42725274725274726
0.2923617208077261,0.1466198419666374,0.13301141352063214,0.4280070237050044
0.2883762200532387,0.14995563442768411,0.13531499556344276,0.42635314995563445
0.29513274336283185,0.14823008849557523,0.13495575221238937,0.42168141592920355
0.28949691085613416,0.14916151809355693,0.13989408649602825,0.42144748455428066
0.2861552028218695,0.15343915343915343,0.13756613756613756,0.4228395061728395
0.2851511169513798,0.15812527376259308,0.13710030661410424,0.4196233026719229
0.28824049513704686,0.15826702033598586,0.13704686118479223,0.41644562334217505
0.2796125055041832,0.15852047556142668,0.13562307353588726,0.42624394539850285
0.28325991189427313,0.1537444933920705,0.13744493392070484,0.42555066079295156
0.28232189973614774,0.14731750219876869,0.13808267370272648,0.43227792436235707
0.28098808998676666,0.1482134980149978,0.141155712395236,0.42964269960299956
0.28149779735682817,0.14669603524229075,0.14052863436123347,0.43127753303964755
0.28565101860053144,0.141718334809566,0.14437555358724535,0.42825509300265724
0.2908208296557811,0.14386584289496912,0.1407766990291262,0.4245366284201236
0.2955947136563877,0.14537444933920704,0.13876651982378854,0.42026431718061674
0.29578077424967375,0.15006524575902566,0.1378860374075685,0.41626794258373206
0.29308065226972235,0.1511679153812252,0.13838695460555311,0.41736447774349933
0.290407358738502,0.1498028909329829,0.14235654840122647,0.41743320192728867
0.2920353982300885,0.15309734513274337,0.13761061946902656,0.4172566371681416
0.29494505494505496,0.1463736263736264,0.1345054945054945,0.42417582417582417
0.2976294995610184,0.1527655838454785,0.12818261633011413,0.42142230026338895
0.290150842945874,0.15306122448979592,0.12688553682342502,0.42990239574090505
0.2914818101153505,0.14862466725820764,0.12555456965394854,0.43433895297249336
0.2986445124617403,0.14822912111937037,0.12592916484477482,0.42719720157411456
0.3011135857461025,0.1510022271714922,0.12472160356347439,0.42316258351893093
0.3031634446397188,0.15377855887521968,0.12126537785588752,0.421792618629174
0.3031634446397188,0.15729349736379614,0.1195079086115993,0.4200351493848858
0.3081343943412909,0.15296198054818744,0.1184792219274978,0.4204244031830239
0.3070484581497797,0.14537444933920704,0.12290748898678414,0.42466960352422906
0.30603258476442097,0.15059445178335534,0.1202113606340819,0.4231616028181418
0.30186170212765956,0.15647163120567376,0.11835106382978723,0.4233156028368794
0.30571555161719094,0.15418697385910501,0.11874169251218432,0.42135578201151974
0.3132688927943761,0.15421792618629174,0.12038664323374342,0.4121265377855888
0.3235294117647059,0.15057067603160668,0.11808604038630377,0.40781387181738366
0.3175438596491228,0.15526315789473685,0.11842105263157894,0.4087719298245614
0.3178021978021978,0.15736263736263736,0.12087912087912088,0.40395604395604395
0.3198433420365535,0.15578764142732812,0.11705831157528286,0.4073107049608355
0.3200531208499336,0.1571491810535635,0.11288180610889774,0.40991589198760514
0.32333480370533746,0.1561535068372298,0.11248345831495368,0.40802823114247905
0.3179190751445087,0.15562472209871053,0.11249444197421075,0.41396176078257
0.3209384683488269,0.1575918548030102,0.1111111111111111,0.4103585657370518
0.3200883002207506,0.1562913907284768,0.11655629139072848,0.40706401766004413
0.31837979094076657,0.1520034843205575,0.11933797909407666,0.4102787456445993
0.31666666666666665,0.14517543859649124,0.11535087719298245,0.42280701754385963
0.3111597374179431,0.14442013129102846,0.11728665207877462,0.4271334792122538
0.31585961794757883,0.14660151043980454,0.1181697023545091,0.4193691692581075
0.3238812583074878,0.14089499335400973,0.11696942844483828,0.41825431989366413
0.31695440460380697,0.14121292607348385,0.11819389110225764,0.42363877822045154
0.3178191489361702,0.1422872340425532,0.12101063829787234,0.41888297872340424
