C,D,Oc,Od
0.0,1.0,0.0,0.0
0.0,1.0,0.0,0.0
0.0,0.9,0.1,0.0
0.0,0.9,0.1,0.0
0.0,0.8918918918918919,0.10810810810810811,0.0
0.0,0.8360655737704918,0.16393442622950818,0.0
0.0,0.7959183673469388,0.1836734693877551,0.02040816326530612
0.0,0.7785234899328859,0.18791946308724833,0.03355704697986577
0.00980392156862745,0.7450980392156863,0.20098039215686275,0.04411764705882353
0.029197080291970802,0.6934306569343066,0.2116788321167883,0.06569343065693431
0.0332409972299169,0.6842105263157895,0.20498614958448755,0.07756232686980609
0.039832285115303984,0.6415094339622641,0.22851153039832284,0.09014675052410902
0.048494983277591976,0.6354515050167224,0.22742474916387959,0.08862876254180602
0.0589041095890411,0.6246575342465753,0.21780821917808219,0.09863013698630137
0.06704545454545455,0.6045454545454545,0.22613636363636364,0.10227272727272728
0.08708414872798434,0.5802348336594912,0.22211350293542073,0.11056751467710371
0.09137055837563451,0.5651438240270727,0.2326565143824027,0.11082910321489002
0.10426179604261795,0.5418569254185692,0.2359208523592085,0.11796042617960426
0.10869565217391304,0.529891304347826,0.23573369565217392,0.12567934782608695
0.11216730038022814,0.5063371356147022,0.2534854245880862,0.12801013941698353
0.11754385964912281,0.5087719298245614,0.247953216374269,0.12573099415204678
0.11780973451327434,0.5,0.2571902654867257,0.125
0.12048192771084337,0.4934520691461498,0.26191723415400736,0.12414876898899947
0.12336354481369587,0.4944612286002014,0.26535750251762336,0.11681772406847936
0.12451923076923077,0.48701923076923076,0.26298076923076924,0.12548076923076923
0.1294392523364486,0.4850467289719626,0.2644859813084112,0.12102803738317756
0.1349862258953168,0.4770431588613407,0.2699724517906336,0.1179981634527089
0.12951263537906138,0.47743682310469315,0.27346570397111913,0.11958483754512636
0.13466666666666666,0.4751111111111111,0.26755555555555555,0.12266666666666666
0.1370647862494491,0.47377699427060377,0.2635522256500661,0.125605993829881
0.1410989010989011,0.47296703296703296,0.2624175824175824,0.12351648351648352
0.14713656387665197,0.4687224669603524,0.2607929515418502,0.12334801762114538
0.1513012792236436,0.45963828848698723,0.26378473753859727,0.12527569475077194
0.14592462751971955,0.46275197195442597,0.26555652936021035,0.12576687116564417
0.14700704225352113,0.46346830985915494,0.26100352112676056,0.12852112676056338
0.15043478260869564,0.4591304347826087,0.2582608695652174,0.13217391304347825
0.14783759929390997,0.46072374227714036,0.26081200353045014,0.13062665489849956
0.1485235786690172,0.4605553107095637,0.26399294843543414,0.12692816218598502
0.14707177454865697,0.4522236900044033,0.2712461470717745,0.12945838837516513
0.15015548645046645,0.4593513993780542,0.25633051976899157,0.1341625944024878
0.1534719150818222,0.44980097302078725,0.2618310482087572,0.13489606368863336
0.15620886353663888,0.4493198771390961,0.2628345765686705,0.13163668275559456
0.15638766519823788,0.44933920704845814,0.2577092511013216,0.13656387665198239
0.1555360281195079,0.44859402460456943,0.2583479789103691,0.1375219683655536
0.1588702559576346,0.44880847308031774,0.25904677846425417,0.13327449249779347
0.15991189427312774,0.452863436123348,0.25242290748898677,0.13480176211453745
0.16614975631369075,0.44661054497120073,0.2534337616304829,0.1338059370846256
0.16301489921121823,0.4474145486415425,0.2563540753724803,0.13321647677475898
0.16357206012378425,0.4416445623342175,0.2581786030061892,0.13660477453580902
0.16775599128540306,0.4400871459694989,0.25664488017429193,0.1355119825708061
0.17004405286343613,0.43171806167400884,0.25682819383259914,0.14140969162995595
0.16924436588599204,0.43128590366769776,0.2620415377817057,0.13742819266460451
0.16843033509700175,0.42857142857142855,0.26455026455026454,0.1384479717813051
0.1602112676056338,0.4352992957746479,0.26452464788732394,0.13996478873239437
0.16367614879649892,0.4323851203501094,0.26433260393873087,0.13960612691466084
0.1657142857142857,0.42945054945054945,0.2624175824175824,0.14241758241758243
0.16592920353982302,0.4314159292035398,0.2588495575221239,0.14380530973451328
0.16880815241470978,0.43420469649977844,0.2534337616304829,0.1435533894550288
0.17038007863695936,0.4237658366098733,0.25382262996941896,0.15203145478374835
0.1682862190812721,0.4253533568904594,0.2575088339222615,0.14885159010600707
0.16577301161751565,0.42180518319928506,0.2640750670241287,0.1483467381590706
0.17613132209405502,0.4152617568766637,0.26353149955634425,0.145075421472937
0.17198581560283688,0.4078014184397163,0.2721631205673759,0.14804964539007093
0.1722173531989483,0.406660823838738,0.2747589833479404,0.14636283961437335
0.173017958826106,0.41042487954445905,0.26938239159001315,0.1471747700394218
0.17618629173989456,0.4116871704745167,0.2627416520210896,0.14938488576449913
0.1769872639437857,0.4088713219148002,0.2639437856829161,0.15019762845849802
0.17719840919133892,0.41140079540433055,0.2629253203711887,0.14847547503314185
0.1798848028356225,0.41160832964111654,0.26406734603455917,0.14443952148870182
0.18309859154929578,0.4110915492957746,0.2632042253521127,0.1426056338028169
0.1845949535192563,0.4072598494909252,0.26294820717131473,0.14519698981850376
0.18531623175586023,0.4055727554179567,0.2618310482087572,0.14727996461742593
0.1843501326259947,0.4036251105216622,0.2630415561450044,0.14898320070733864
0.18609766827980642,0.3985921689397272,0.26264848218213815,0.15266168059832821
0.18389793224813022,0.40211174659040916,0.26264848218213815,0.1513418389793225
0.18518518518518517,0.4052028218694885,0.2552910052910053,0.15432098765432098
0.1827050997782705,0.401330376940133,0.25942350332594233,0.15654101995565411
0.18851380973257342,0.40113985094256904,0.25515124945199474,0.1551950898728628
0.18783068783068782,0.3972663139329806,0.25970017636684306,0.15520282186948853
0.18081830180378355,0.3950725912890453,0.2608886933567972,0.16322041355037395
0.18659658344283836,0.395970214629873,0.25843188786684185,0.1590013140604468
0.18640350877192982,0.3907894736842105,0.256140350877193,0.16666666666666666
0.18026315789473685,0.38859649122807016,0.26096491228070173,0.17017543859649123
0.1802990325417766,0.3887423043095866,0.26605101143359716,0.16490765171503957
0.1770065075921909,0.3908893709327549,0.2633405639913232,0.168763557483731
0.17903930131004367,0.3890829694323144,0.25895196506550217,0.17292576419213973
0.1795324217026908,0.39479488310542565,0.2602558447287164,0.16541685046316718
0.17526690391459074,0.3914590747330961,0.26023131672597866,0.17304270462633453
0.17968056787932565,0.38642413487133986,0.25865128660159714,0.17524401064773737
0.1840034965034965,0.38374125874125875,0.2556818181818182,0.17657342657342656
0.18337730870712401,0.3843447669305189,0.2541776605101143,0.17810026385224276
0.17877337973031754,0.38190517616354935,0.2592431491953023,0.1800782949108308
0.18082788671023964,0.3786492374727669,0.2601307189542484,0.1803921568627451
0.18425681618293754,0.3781882145998241,0.2563764291996482,0.18117854001759015
0.18444055944055945,0.36713286713286714,0.2674825174825175,0.18094405594405594
0.18393782383419688,0.3734887737478411,0.26122625215889467,0.18134715025906736
0.18686196182867287,0.3732800710164225,0.26142920550377274,0.17842876165113183
0.18758256274768825,0.37384412153236457,0.2624394539850286,0.17613386173491855
0.18205689277899342,0.375054704595186,0.26258205689277897,0.18030634573304158
0.18086500655307994,0.37745740498034075,0.26256006989951947,0.17911751856705985
0.1801051709027169,0.3755477651183173,0.25547765118317267,0.18886941279579317
0.18416447944007,0.3753280839895013,0.2541557305336833,0.18635170603674542
0.19082969432314412,0.3720524017467249,0.25065502183406113,0.18646288209606987
0.18719859710653222,0.37176676896098204,0.25471284524331433,0.1863217886891714
0.1832967032967033,0.3767032967032967,0.2545054945054945,0.1854945054945055
0.19043440105309345,0.379552435278631,0.250987275120667,0.1790258885476086
0.19361888111888112,0.3780594405594406,0.24737762237762237,0.18094405594405594
0.19465146865409907,0.3796580447172293,0.2490135905304691,0.17667689609820253
0.19868995633187772,0.3777292576419214,0.24497816593886462,0.17860262008733624
0.19624125874125875,0.3723776223776224,0.2543706293706294,0.1770104895104895
0.19667104686815592,0.3710030661410425,0.2575558475689882,0.1747700394218134
0.19341929746554024,0.37305469097376615,0.25566918630502444,0.17785682525566918
0.1938730853391685,0.3768052516411379,0.2551422319474836,0.17417943107221007
0.19112478031634447,0.37082601054481545,0.2583479789103691,0.179701230228471
0.19393139841688653,0.3720316622691293,0.2594547053649956,0.17458223394898856
0.19298245614035087,0.3714912280701754,0.2631578947368421,0.1723684210526316
0.19661921708185054,0.3741103202846975,0.2557829181494662,0.17348754448398576
0.19510061242344706,0.37139107611548555,0.2567804024496938,0.17672790901137359
0.20159503766061143,0.359769605671245,0.25742135578201153,0.18121400088613204
0.20390937361172812,0.3509551310528654,0.2621057307863172,0.18302976454908929
0.20634920634920634,0.3474426807760141,0.2601410934744268,0.18606701940035272
0.20859167404782994,0.3467670504871568,0.26350752878653677,0.18113374667847654
0.21576398062527521,0.3478643769264641,0.25979744605900484,0.17657419638925584
0.21339840283939662,0.3456078083407276,0.25998225377107365,0.18101153504880213
0.21034025629695094,0.3517454706142289,0.2615996464869642,0.17631462660185596
0.2069572875385293,0.3522677234698371,0.2633201232937032,0.17745486569793043
0.2108274647887324,0.34286971830985913,0.26848591549295775,0.17781690140845072
0.21041023378914867,0.34097926775474197,0.26731363034847816,0.18129686810763124
0.21205455345358556,0.3409590849098108,0.2644082710074791,0.1825780906291245
0.21652673442333187,0.3349536014140521,0.2629253203711887,0.1855943437914273
0.21434898139946856,0.33968113374667847,0.26217891939769705,0.1837909654561559
0.20502645502645503,0.3412698412698413,0.26455026455026454,0.18915343915343916
0.20499108734402852,0.3342245989304813,0.2718360071301248,0.1889483065953654
0.20884413309982486,0.340630472854641,0.26970227670753066,0.1808231173380035
0.2156084656084656,0.3368606701940035,0.26763668430335097,0.17989417989417988
0.22154115586690018,0.3362521891418564,0.266199649737303,0.17600700525394045
0.22016732716864817,0.3386173491853809,0.25803610744165567,0.1831792162043153
0.21571238348868177,0.3395472703062583,0.2632046160674656,0.18153573013759433
0.2215884159719175,0.34225537516454585,0.25537516454585346,0.1807810443176832
0.2166446499339498,0.3390576838397182,0.25979744605900484,0.18450022016732717
0.22382829610162067,0.33858957512045557,0.2544897065265002,0.18309242225142355
0.22055580061755625,0.3387737097485664,0.25319805910895454,0.1874724305249228
0.22572062084257205,0.3370288248337029,0.24833702882483372,0.18891352549889134
0.22535211267605634,0.33274647887323944,0.25264084507042256,0.1892605633802817
0.22540802823114248,0.3290692545213939,0.24966916629907365,0.19585355094838994
0.22335249889429457,0.3264042459088899,0.25342768686421935,0.1968155683325962
0.22330527248560036,0.33008418254319893,0.2507753655294639,0.1958351794417368
0.2212467076382792,0.3270412642669008,0.2532923617208077,0.1984196663740123
0.2252410166520596,0.3308501314636284,0.24496056091148116,0.19894829097283084
0.2277533039647577,0.32819383259911894,0.25022026431718064,0.19383259911894274
0.23148148148148148,0.3298059964726631,0.24250440917107582,0.19620811287477954
0.23447069116360456,0.31977252843394577,0.2462817147856518,0.1994750656167979
0.23063457330415754,0.3203501094091904,0.249890590809628,0.19912472647702406
0.23432636727434417,0.3116940862605602,0.24811027123165852,0.2058692752334371
0.23915900131406045,0.3057380639509417,0.25405168637757336,0.20105124835742444
0.23692307692307693,0.31252747252747254,0.2479120879120879,0.20263736263736265
0.23672566371681417,0.3008849557522124,0.2535398230088496,0.2088495575221239
0.23820026466696073,0.29422143802382,0.250992501102779,0.21658579620644022
0.24533333333333332,0.2995555555555556,0.24133333333333334,0.2137777777777778
0.24713656387665198,0.28810572687224667,0.24273127753303964,0.22202643171806166
0.24182139699381078,0.2948717948717949,0.2427055702917772,0.22060123784261715
0.2484769364664926,0.2854656222802437,0.2432550043516101,0.2228024369016536
0.24713656387665198,0.286784140969163,0.24537444933920705,0.22070484581497798
0.24075704225352113,0.28829225352112675,0.24867957746478872,0.22227112676056338
0.24507658643326038,0.29146608315098466,0.24726477024070023,0.2161925601750547
0.25275694750771943,0.28892809880899867,0.24437582708425232,0.21393912659902956
0.24716652136006975,0.28378378378378377,0.24934612031386225,0.21970357454228423
0.23987810187200698,0.28384849804092294,0.2498911623857205,0.22638223770134958
0.24705882352941178,0.2823529411764706,0.24444444444444444,0.2261437908496732
0.2440944881889764,0.2847769028871391,0.24759405074365703,0.22353455818022747
0.24187884108867427,0.2870939420544337,0.24363476733977174,0.2273924495171203
0.23870682019486272,0.29096545615589015,0.24313551815766166,0.22719220549158547
0.23633156966490299,0.29012345679012347,0.24426807760141092,0.2292768959435626
0.242756804214223,0.28665496049165934,0.24319578577699735,0.2273924495171203
0.24436588599204595,0.2814847547503314,0.24569155987627045,0.2284577993813522
0.2408630559225011,0.277851166886834,0.2518714222809335,0.2294143549097314
0.25241864555848725,0.2704485488126649,0.24406332453825857,0.23306948109058928
0.24746807573756055,0.2752091589608102,0.2408630559225011,0.23645970937912814
0.24912280701754386,0.2767543859649123,0.24517543859649124,0.22894736842105262
0.24891020052310375,0.27768090671316475,0.24629468177855274,0.22711421098517873
0.24867491166077738,0.2712014134275618,0.24602473498233215,0.23409893992932862
0.24725516029863856,0.27580149319279756,0.24286341677646026,0.23407992973210365
0.24064171122994651,0.27718360071301246,0.23975044563279857,0.24242424242424243
0.23727312970340858,0.27534307215582116,0.24435590969455512,0.24302788844621515
0.24027959807776322,0.27086063783311487,0.2490170380078637,0.2398427260812582
0.24735449735449735,0.26851851851851855,0.24514991181657847,0.23897707231040563
0.240473061760841,0.26631625054752517,0.2505475251861586,0.24266316250547526
0.2471763683753258,0.26238053866203304,0.24543874891398784,0.24500434404865334
0.24988942945599293,0.2618310482087572,0.24369747899159663,0.24458204334365324
0.24934268185801928,0.27169149868536374,0.2388255915863278,0.2401402278702892
0.2556490917146655,0.2671688081524147,0.2370403190075321,0.24014178112538767
0.2569048662867163,0.26918018412976763,0.23279263480929416,0.24112231477422183
0.2605633802816901,0.2676056338028169,0.22799295774647887,0.2438380281690141
0.25388371060807813,0.27030625832223704,0.23524189968930315,0.24056813138038172
0.2587565674255692,0.2670753064798599,0.23029772329246936,0.24387040280210157
0.2614578786556089,0.2614578786556089,0.23657791357485813,0.24050632911392406
0.2619257950530035,0.2575088339222615,0.24293286219081273,0.23763250883392226
0.2632042253521127,0.25880281690140844,0.2363556338028169,0.24163732394366197
0.26499118165784835,0.26146384479717816,0.23589065255731922,0.23765432098765432
0.2597864768683274,0.2606761565836299,0.23665480427046262,0.24288256227758007
0.2594050743657043,0.2554680664916885,0.24059492563429571,0.24453193350831146
0.26132864056313243,0.24945006599208094,0.23669159700835898,0.25252969643642764
0.2657777777777778,0.2431111111111111,0.23822222222222222,0.2528888888888889
0.26607929515418505,0.2488986784140969,0.23259911894273128,0.25242290748898677
0.2650130548302872,0.24891209747606616,0.2328111401218451,0.25326370757180156
0.2616534740545295,0.2436235708003518,0.2343887423043096,0.26033421284080915
0.2593242650285213,0.24352786309784993,0.22948661693725317,0.2676612549363756
0.2581497797356828,0.2511013215859031,0.2251101321585903,0.26563876651982377
0.25574204946996465,0.25,0.22659010600706714,0.2676678445229682
0.25507502206531335,0.25375110326566636,0.2294792586054722,0.2616946160635481
0.25319805910895454,0.2567269519188355,0.2262902514336127,0.26378473753859727
0.2551693796744391,0.25692916849978004,0.22041355037395513,0.26748790145182577
0.250886524822695,0.26019503546099293,0.21675531914893617,0.2721631205673759
0.2484689413823272,0.26246719160104987,0.2204724409448819,0.268591426071741
0.24922669023420238,0.2624834290764472,0.22271321254971277,0.26557666813963765
0.25386313465783666,0.2693156732891832,0.21898454746136867,0.2578366445916115
0.24569155987627045,0.2691117984975696,0.2213875386654883,0.26380910296067167
0.24847428073234526,0.26591107236268524,0.22319093286835223,0.26242371403661724
0.24922669023420238,0.26734423331860363,0.22271321254971277,0.2607158638974812
0.2574823943661972,0.2623239436619718,0.22359154929577466,0.2566021126760563
0.25738210665491407,0.25870427501101806,0.22300572939620977,0.2609078889378581
0.25739514348785875,0.26269315673289184,0.22428256070640176,0.2556291390728477
0.2569048662867163,0.2595352915387988,0.22314774221832528,0.2604120999561596
0.25277161862527714,0.26696230598669624,0.21951219512195122,0.2607538802660754
0.2536010475774771,0.2618943692710607,0.22261021388040156,0.2618943692710607
0.2514235654840123,0.2645641699518178,0.22032413491020586,0.2636881296539641
0.254312251216276,0.2636001769128704,0.2184873949579832,0.2636001769128704
0.2532150776053215,0.270509977827051,0.21507760532150777,0.2611973392461197
0.2517636684303351,0.26940035273368607,0.2138447971781305,0.26499118165784835
0.25274243089074155,0.27073277753400615,0.21193505923650724,0.26458973233874505
0.25505716798592787,0.27308707124010556,0.20624450307827616,0.26561125769569044
0.250886524822695,0.2717198581560284,0.20567375886524822,0.2717198581560284
0.25363917071018965,0.27569475077194533,0.20335244816938686,0.26731363034847816
0.2535149384885764,0.2789982425307557,0.20123022847100175,0.2662565905096661
0.24922941435490972,0.2760898282694848,0.21047996477322764,0.26420079260237783
0.2558139534883721,0.2786309784993418,0.20579201404124617,0.25976305397103994
0.2595688517377915,0.27716673999120106,0.20105587329520458,0.2622085349758029
0.2607550482879719,0.28182616330114135,0.19754170324846357,0.2598770851624232
0.25486725663716814,0.2756637168141593,0.20309734513274336,0.2663716814159292
0.25476295968099244,0.27957465662383696,0.20558263181214,0.26007975188303056
0.25327510917030566,0.2755458515283843,0.2074235807860262,0.26375545851528387
0.24890061565523308,0.27440633245382584,0.2040457343887423,0.2726473175021988
0.24463894967177244,0.2700218818380744,0.20787746170678337,0.2774617067833698
0.24572180781044317,0.26897762176393153,0.2053532250987275,0.27994734532689775
0.24618736383442266,0.2679738562091503,0.20827886710239651,0.2775599128540305
0.2436010591350397,0.2687555163283319,0.2091791703442189,0.27846425419240955
0.2441189525077674,0.26808699511762096,0.20861074123391035,0.2791833111407013
0.24258521469676847,0.2687029659141213,0.2089420097388225,0.27976980965028775
0.24479858344400177,0.26914563966356797,0.20849933598937584,0.2775564409030544
0.24231782265144863,0.26821773485513606,0.20983318700614575,0.2796312554872695
0.23584070796460177,0.27300884955752214,0.215929203539823,0.2752212389380531
0.23337736679876706,0.2716864817261119,0.2192866578599736,0.2756494936151475
0.24,0.2681318681318681,0.21846153846153846,0.2734065934065934
0.23381770145310435,0.27432848965213563,0.2175253192426244,0.27432848965213563
0.23498465585269618,0.27005699254712845,0.21569487067075843,0.27926348092941694
0.23557904007045355,0.2756494936151475,0.21532364597093792,0.27344782034346105
0.24019391802556192,0.2670780079330101,0.21683561040105773,0.27589246364037023
0.2369460289600702,0.26985519964896887,0.21851689337428698,0.274681878016674
0.2366345311130587,0.2668711656441718,0.21735319894829097,0.2791411042944785
0.23742277140335394,0.2669902912621359,0.21977052074139453,0.2758164165931156
0.24394539850286218,0.26904447380008806,0.21576398062527521,0.2712461470717745
0.24019391802556192,0.26840017628911417,0.21947994711326577,0.2719259585720582
0.24125874125874125,0.2631118881118881,0.21853146853146854,0.2770979020979021
0.24327897752313796,0.2657558395769061,0.21947994711326577,0.27148523578669015
0.24392399469730447,0.26690234202386215,0.21652673442333187,0.27264692885550157
0.24590888987173817,0.26094648385670055,0.22025652366209642,0.27288810260946483
0.24955752212389382,0.2535398230088496,0.22566371681415928,0.27123893805309734
0.25332741792369123,0.24977817213842057,0.22138420585625554,0.2755102040816326
0.25132275132275134,0.2552910052910053,0.21825396825396826,0.2751322751322751
0.25032822757111595,0.25339168490153174,0.2175054704595186,0.2787746170678337
0.25066430469441986,0.2533215234720992,0.21434898139946856,0.2816651904340124
0.2554131683605833,0.25143614670790987,0.2147591692443659,0.278391515687141
0.2513181019332162,0.2517574692442882,0.22012302284710017,0.27680140597539543
0.2534768954688201,0.2494392104082548,0.21668909825033647,0.2803947958725886
0.24548259144997797,0.254737769942706,0.21683561040105773,0.28294402820625825
0.24269264836138174,0.25597874224977857,0.21612046058458814,0.28520814880425155
0.24900486510393632,0.24900486510393632,0.2184873949579832,0.28350287483414416
0.2497793468667255,0.25419240953221534,0.21800529567519858,0.2780229479258605
0.24483516483516485,0.25978021978021976,0.21846153846153846,0.27692307692307694
0.2494548626253816,0.26035761011774966,0.22154382904491932,0.2686436982119494
0.2480106100795756,0.26215738284703805,0.21971706454465076,0.27011494252873564
0.2497789566755084,0.26746242263483644,0.21485411140583555,0.26790450928381965
0.24226579520697167,0.26405228758169935,0.2139433551198257,0.2797385620915033
0.24339788732394366,0.26452464788732394,0.21434859154929578,0.2777288732394366
0.24532502226179875,0.2680320569902048,0.21282279608192342,0.27382012466607303
0.24101665205959685,0.26643295354951796,0.2151621384750219,0.2773882559158633
0.23693534100974314,0.2679362267493357,0.21656333038086803,0.2785651018600531
0.2391496899911426,0.26705048715677593,0.21302037201062887,0.2807794508414526
0.2344161545215101,0.26865671641791045,0.21685689201053557,0.2800702370500439
0.23049645390070922,0.26728723404255317,0.22074468085106383,0.28147163120567376
0.22850877192982455,0.2657894736842105,0.22236842105263158,0.2833333333333333
0.23049801674746584,0.26399294843543414,0.2247686205376818,0.28074041427941826
0.22850877192982455,0.26052631578947366,0.2236842105263158,0.28728070175438597
0.22655565293602103,0.26643295354951796,0.22567922874671342,0.2813321647677476
0.22553751645458534,0.26897762176393153,0.22071083808688022,0.2847740236946029
0.22310405643738976,0.2698412698412698,0.21957671957671956,0.2874779541446208
0.22646536412078153,0.27397868561278865,0.2144760213143872,0.28507992895204265
0.22743362831858407,0.27300884955752214,0.21150442477876105,0.28805309734513274
0.2318141980718668,0.2712532865907099,0.2077125328659071,0.2892199824715162
0.23350923482849603,0.2678100263852243,0.21108179419525067,0.287598944591029
0.23080317740511916,0.26919682259488087,0.21006178287731686,0.28993821712268314
0.2336572438162544,0.26855123674911663,0.20892226148409895,0.28886925795053003
0.23992994746059546,0.2657618213660245,0.2097197898423818,0.28458844133099825
0.23950508174988952,0.2677861246133451,0.2010605391073796,0.29164825452938575
0.24148471615720524,0.2576419213973799,0.2096069868995633,0.29126637554585155
0.2405452946350044,0.2515391380826737,0.2154793315743184,0.29243623570800353
0.2429453262786596,0.25220458553791886,0.2156084656084656,0.2892416225749559
0.23866138265081463,0.2562747688243065,0.2170849845882871,0.28797886393659183
0.24185022026431718,0.2550660792951542,0.2251101321585903,0.2779735682819383
0.24217026907807676,0.2567269519188355,0.22540802823114248,0.27569475077194533
0.23851590106007067,0.26015901060070673,0.22614840989399293,0.2751766784452297
0.24153101627804663,0.258688957325121,0.22437307523097227,0.2754069511658601
0.24250440917107582,0.24779541446208111,0.22486772486772486,0.2848324514991182
0.24019180470793375,0.24542284219703575,0.22580645161290322,0.2885789014821273
0.24304021210782148,0.2465753424657534,0.22536456031816174,0.28501988510826337
0.23836698858647937,0.24714661984196665,0.2273924495171203,0.2870939420544337
0.23400525854513585,0.2401402278702892,0.23137598597721298,0.294478527607362
0.23218189768255357,0.2369916921731526,0.23611718408395277,0.29470922606034106
0.2331858407079646,0.23716814159292035,0.23539823008849559,0.2942477876106195
0.23127753303964757,0.23612334801762114,0.23788546255506607,0.2947136563876652
0.23080317740511916,0.23433362753751102,0.235216240070609,0.2996469549867608
0.23612334801762114,0.23524229074889869,0.23127753303964757,0.2973568281938326
0.23744493392070484,0.23171806167400882,0.23524229074889869,0.2955947136563877
0.23870682019486272,0.22940655447298494,0.23649247121346323,0.2953941541186891
0.23878627968337732,0.23702726473175023,0.22823218997361477,0.2959542656112577
0.23002207505518762,0.2392935982339956,0.22958057395143489,0.3011037527593819
0.2275132275132275,0.2429453262786596,0.2275132275132275,0.3020282186948854
0.2249888839484215,0.2436638506002668,0.23254779902178746,0.2987994664295242
0.22231985940246046,0.2438488576449912,0.23110720562390158,0.30272407732864676
0.22325787838437638,0.243231247225921,0.23124722592099423,0.3022636484687084
0.2280933509467195,0.2430647291941876,0.2289740202553941,0.2998678996036988
0.2251655629139073,0.2445916114790287,0.2304635761589404,0.2997792494481236
0.22783687943262412,0.24069148936170212,0.2296099290780142,0.30186170212765956
0.22231985940246046,0.24428822495606328,0.22978910369068542,0.30360281195079086
0.22711267605633803,0.24075704225352113,0.2306338028169014,0.30149647887323944
0.22877254729432467,0.2432908051033876,0.2336119665640123,0.2943246810382754
0.22075637642919965,0.24538258575197888,0.2343887423043096,0.2994722955145119
0.2178304787000439,0.24857268335529206,0.2393500219587176,0.29424681598594643
0.2213297634984382,0.24230254350736277,0.23828647925033467,0.29808121374386437
0.21898454746136867,0.24370860927152319,0.2401766004415011,0.29713024282560707
0.22251308900523561,0.24476439790575916,0.23647469458987783,0.2962478184991274
0.2185430463576159,0.25121412803532006,0.23973509933774834,0.29050772626931565
0.22643979057591623,0.24738219895287958,0.23909249563699825,0.2870855148342059
0.22905525846702318,0.24242424242424243,0.23975044563279857,0.2887700534759358
0.23151408450704225,0.238556338028169,0.23503521126760563,0.2948943661971831
0.22895769733972962,0.2402965547317924,0.23855211513301353,0.29219363279546445
0.22480280455740578,0.2432077125328659,0.24233128834355827,0.28965819456617004
0.2247141600703606,0.2484608619173263,0.23966578715919085,0.28715919085312225
0.2260334212840809,0.24142480211081793,0.24758135444151275,0.2849604221635884
0.21938325991189428,0.24405286343612334,0.24845814977973568,0.28810572687224667
0.22314774221832528,0.24243752740026303,0.2512056115738711,0.28320911880754057
0.2263249348392702,0.23935708079930496,0.2523892267593397,0.28192875760208513
0.2273924495171203,0.2370500438981563,0.2546093064091308,0.28094820017559263
0.22836752899197146,0.2310437109723461,0.25958965209634255,0.28099910793933985
0.2319290465631929,0.2270509977827051,0.2611973392461197,0.2798226164079823
0.2239858906525573,0.2239858906525573,0.26940035273368607,0.2826278659611993
0.22286220646876384,0.2303943287549845,0.25919361984935757,0.2875498449268941
0.22665497588776853,0.22577816747040771,0.25778167470407715,0.2897851819377466
0.22965244170699517,0.22745270567531897,0.26132864056313243,0.28156621205455346
0.23467137185707984,0.2329069254521394,0.25937362152624616,0.2730480811645346
0.23853615520282187,0.23192239858906524,0.2570546737213404,0.2724867724867725
0.24063464081092992,0.23182018510356986,0.25870427501101806,0.26884089907448216
0.24679345422379478,0.22821760283060594,0.25386996904024767,0.2711189739053516
0.24989020641194554,0.2261747913921827,0.256477821695213,0.26745718050065875
0.24714160070360597,0.227792436235708,0.2541776605101143,0.27088830255057167
0.2544975866608161,0.2198332602018429,0.2549363756033348,0.27073277753400615
0.24956293706293706,0.22202797202797203,0.25,0.2784090909090909
0.24313551815766166,0.22320637732506643,0.2546501328609389,0.27900797165633306
0.24395604395604395,0.22021978021978023,0.2553846153846154,0.2804395604395604
0.2411660777385159,0.22040636042402828,0.25662544169611307,0.28180212014134276
0.24274406332453827,0.22295514511873352,0.25769569041336854,0.27660510114335973
0.24380530973451328,0.21548672566371682,0.2606194690265487,0.28008849557522125
0.24325519681556834,0.21362229102167182,0.2697921273772667,0.27333038478549315
0.24050632911392406,0.22042776080314272,0.26582278481012656,0.27324312527280664
0.24128804587560654,0.21570357300397,0.2620202911336568,0.28098808998676666
0.23617208077260754,0.21466198419666374,0.2581211589113257,0.291044776119403
0.23845138583369996,0.22041355037395513,0.2534095908490981,0.2877254729432468
0.23824175824175825,0.22153846153846155,0.2523076923076923,0.2879120879120879
0.24526640246587406,0.22060766182298547,0.25451343020695727,0.2796125055041832
0.2376940133037694,0.22305986696230598,0.2532150776053215,0.2860310421286031
0.24083769633507854,0.21727748691099477,0.2556719022687609,0.2862129144851658
0.2403470715835141,0.217353579175705,0.2546637744034707,0.28763557483731017
0.24387040280210157,0.21891418563922943,0.2600700525394046,0.27714535901926446
0.24586597040905134,0.2175805047867711,0.25369886858137514,0.2828546562228024
0.2452328159645233,0.21286031042128603,0.2541019955654102,0.28780487804878047
0.24649737302977234,0.22066549912434325,0.2521891418563923,0.28064798598949214
0.2458001768346596,0.22236958443854996,0.2497789566755084,0.28205128205128205
0.242091388400703,0.21836555360281196,0.2530755711775044,0.28646748681898065
0.2388717496694579,0.22256500661084178,0.24812692816218598,0.2904363155575143
0.23931247245482593,0.2260907888937858,0.24812692816218598,0.2864698104892023
0.2448532632501095,0.2233902759526938,0.2439772229522558,0.28777923784494086
0.24003504161191414,0.22514235654840123,0.24660534384581692,0.2882172579938677
0.23987676056338028,0.22975352112676056,0.24163732394366197,0.2887323943661972
0.2427695004382121,0.23137598597721298,0.23794916739702016,0.28790534618755476
0.24567627494456762,0.22749445676274946,0.23902439024390243,0.28780487804878047
0.24561403508771928,0.22807017543859648,0.2412280701754386,0.2850877192982456
0.2425569176882662,0.23905429071803852,0.23161120840630472,0.28677758318739055
0.24089512944273805,0.24089512944273805,0.23343571741992103,0.2847740236946029
0.23633156966490299,0.23809523809523808,0.23236331569664903,0.2932098765432099
0.24481693868548743,0.2439347154830172,0.22055580061755625,0.2906925452139391
0.2467991169977925,0.2410596026490066,0.22207505518763798,0.2900662251655629
0.2516469038208169,0.23847167325428195,0.2191480017566974,0.2907334211682038
0.24539877300613497,0.24715162138475022,0.21998247151621383,0.287467134092901
0.25152571926765477,0.24847428073234526,0.22013949433304272,0.2798605056669573
0.25362000877577884,0.2448442299254059,0.225976305397104,0.27555945590171127
0.24293785310734464,0.25336810082572797,0.21599304650152107,0.28770099956540635
0.24582967515364354,0.252414398595259,0.2151009657594381,0.28665496049165934
0.248894783377542,0.2506631299734748,0.21971706454465076,0.2807250221043324
0.24878907970057243,0.25583443416996915,0.2175253192426244,0.277851166886834
0.24477080551846908,0.258121940364931,0.2118380062305296,0.28526924788607033
0.2475642161204606,0.25642161204605846,0.21479185119574845,0.2812223206377325
0.24282560706401765,0.26136865342163357,0.21501103752759382,0.280794701986755
0.23876651982378855,0.26563876651982377,0.21233480176211453,0.28325991189427313
0.24505059392872855,0.26132864056313243,0.21073471183457984,0.2828860536735592
0.2405848471422242,0.2605228178998671,0.2095702259636686,0.28932210899424016
0.2482394366197183,0.2592429577464789,0.20994718309859156,0.28257042253521125
0.24583698510078877,0.2598597721297108,0.20595968448729185,0.2883435582822086
0.24866310160427807,0.26158645276292336,0.20499108734402852,0.28475935828877
0.25518763796909494,0.2543046357615894,0.20750551876379691,0.28300220750551874
0.2557117750439367,0.2543936731107206,0.20210896309314588,0.28778558875219684
0.25407309555262,0.2575957727873184,0.2069572875385293,0.2813738441215324
0.2560069899519441,0.24989078200087375,0.21013543031891654,0.2839667977282656
0.2544404973357016,0.25266429840142096,0.20737122557726465,0.2855239786856128
0.2594068171757415,0.2527667109340416,0.20274457724656927,0.28508189464364764
0.26458973233874505,0.2544975866608161,0.19482229047827995,0.28609039052215884
0.261978021978022,0.2518681318681319,0.1956043956043956,0.2905494505494505
0.26807760141093473,0.24250440917107582,0.1917989417989418,0.2976190476190476
0.26578366445916113,0.24900662251655628,0.18543046357615894,0.2997792494481236
0.2667554371948513,0.2467820683533067,0.18331114070128718,0.3031513537505548
0.27209098862642167,0.24759405074365703,0.1837270341207349,0.29658792650918636
0.27344782034346105,0.24922941435490972,0.18582122413033905,0.2915015411712902
0.275635407537248,0.25153374233128833,0.18974583698510078,0.28308501314636286
0.26657824933687,0.2595048629531388,0.1839080459770115,0.29000884173297964
0.27212681638044917,0.2611184500220167,0.18229854689564068,0.28445618670189343
0.26387665198237886,0.26343612334801764,0.18590308370044054,0.286784140969163
0.2583370386838595,0.2614495331258337,0.18541574032903513,0.2947976878612717
0.26845342706502634,0.2561511423550088,0.18717047451669597,0.28822495606326887
0.26563876651982377,0.25462555066079295,0.18986784140969162,0.28986784140969163
0.25859030837004404,0.2594713656387665,0.18722466960352424,0.2947136563876652
0.26535087719298245,0.25526315789473686,0.18421052631578946,0.2951754385964912
0.2642669007901668,0.2467076382791923,0.18788410886742757,0.30114135206321335
0.26810004387889425,0.24923211935059236,0.18648530057042562,0.2961825362000878
0.26605101143359716,0.24758135444151275,0.18733509234828497,0.2990325417766051
0.26775474194971327,0.24702249669166298,0.18438464931627702,0.30083811204234673
0.2689625108979948,0.25108979947689625,0.1861377506538797,0.2938099389712293
0.27589285714285716,0.24241071428571428,0.18348214285714284,0.2982142857142857
0.27076923076923076,0.2465934065934066,0.189010989010989,0.2936263736263736
0.267226148409894,0.24823321554770317,0.19081272084805653,0.29372791519434627
0.26525198938992045,0.2550839964633068,0.1861184792219275,0.29354553492484525
0.2712765957446808,0.24911347517730498,0.18971631205673758,0.2898936170212766
0.2688028482421006,0.2576769025367156,0.1878059635068981,0.2857142857142857
0.26631853785900783,0.2515230635335074,0.19625761531766753,0.2859007832898172
0.2667844522968198,0.25530035335689044,0.19522968197879859,0.2826855123674912
0.26815398075240593,0.25240594925634297,0.20166229221347332,0.2777777777777778
0.26445916114790285,0.24944812362030905,0.20662251655629138,0.27947019867549666
0.2678100263852243,0.25241864555848725,0.20536499560246263,0.27440633245382584
0.2734065934065934,0.24351648351648353,0.21010989010989012,0.27296703296703295
0.27444933920704845,0.239647577092511,0.21233480176211453,0.273568281938326
0.27380952380952384,0.23633156966490299,0.21428571428571427,0.27557319223985893
0.2702702702702703,0.2361541869738591,0.2104563579973416,0.28311918475852904
0.2703180212014134,0.23630742049469966,0.20848056537102475,0.2848939929328622
0.2696035242290749,0.23700440528634362,0.2105726872246696,0.2828193832599119
0.264783759929391,0.23786407766990292,0.21006178287731686,0.2872903795233892
0.26818580192813324,0.2361963190184049,0.20552147239263804,0.2900964066608238
0.27047038327526135,0.23693379790940766,0.2073170731707317,0.2852787456445993
0.27607361963190186,0.23751095530236635,0.20595968448729185,0.28045574057843997
0.2821739130434783,0.24130434782608695,0.2008695652173913,0.2756521739130435
0.2774617067833698,0.24420131291028446,0.20612691466083152,0.2722100656455142
0.2805786935554581,0.24156071898290224,0.210872424375274,0.26698816308636564
0.2844677137870855,0.24214659685863874,0.20855148342059338,0.2648342059336824
0.28080985915492956,0.2425176056338028,0.2068661971830986,0.269806338028169
0.2721297107800175,0.24583698510078877,0.20990359333917616,0.2721297107800175
0.2758470894874023,0.24152910512597742,0.2059079061685491,0.2767158992180712
0.2728066346573549,0.2422522915757311,0.21169794849410736,0.27324312527280664
0.2756780791462872,0.24455313472654513,0.21076033792796797,0.26900844819919967
0.2676923076923077,0.24395604395604395,0.2123076923076923,0.27604395604395604
0.27153476169654567,0.2435505028421513,0.2155662439877569,0.2693484914735461
0.2737210319195453,0.2431132487975514,0.2120682116309576,0.2710975076519458
0.27716673999120106,0.2358117025956885,0.20985481742190937,0.27716673999120106
0.2766330556773345,0.2376150811047786,0.2091188075405524,0.2766330556773345
0.2732072151341839,0.2424109106907171,0.20501539815222172,0.27936647602287723
0.27587738782763216,0.23856063971568192,0.21634828964904487,0.2692136828076411
0.2691292875989446,0.24098504837291118,0.2167985927880387,0.27308707124010556
0.26495347806823216,0.2410279131590607,0.2206468763845813,0.27337173238812584
0.26619343389529726,0.24046140195208518,0.21827861579414373,0.27506654835847383
0.26477121279431365,0.24078187472234563,0.2136828076410484,0.2807641048422923
0.26734423331860363,0.23994697304463103,0.21696862571807335,0.275740167918692
0.2655838454784899,0.23397717295873574,0.21685689201053557,0.2835820895522388
0.265817223198594,0.23330404217926187,0.21704745166959577,0.28383128295254834
0.26188380281690143,0.23371478873239437,0.21742957746478872,0.2869718309859155
0.26663747810858146,0.23598949211908932,0.21147110332749564,0.28590192644483364
0.26415929203539823,0.2331858407079646,0.21548672566371682,0.28716814159292037
0.26037069726390116,0.24624889673433362,0.20697263901147397,0.28640776699029125
0.26225165562913905,0.2423841059602649,0.21280353200883,0.282560706401766
0.2600087989441267,0.23625164980202376,0.21953365596128466,0.2842058952925649
0.2649384885764499,0.22627416520210897,0.21968365553602812,0.28910369068541303
0.26982041173894,0.2264564169951818,0.2102496714848883,0.2934734997809899
0.2721238938053097,0.22389380530973452,0.21194690265486726,0.2920353982300885
0.26824978012313105,0.22999120492524186,0.2119613016710642,0.28979771328056286
0.2718150087260035,0.23036649214659685,0.21291448516579406,0.2849040139616056
0.26868953386103783,0.22999120492524186,0.2119613016710642,0.28935795954265614
0.26229508196721313,0.2352680549401861,0.2193176783340718,0.28311918475852904
0.2658782303985983,0.23565484012264565,0.21550591327201052,0.2829610162067455
0.2620202911336568,0.23423026025584473,0.2218791354212616,0.2818703131892369
0.2620415377817057,0.23066725585505965,0.22492266902342023,0.28236853733981443
0.2625381596162233,0.22764936764064544,0.22416048844308767,0.2856519843000436
0.2618941751889729,0.2285460204535349,0.22454424188528235,0.2850155624722099
0.26029798422436456,0.2252410166520596,0.22611744084136723,0.2883435582822086
0.2554131683605833,0.23155103844454264,0.2275740167918692,0.28546177640300485
0.2601232394366197,0.22755281690140844,0.2262323943661972,0.2860915492957746
0.25942350332594233,0.23015521064301553,0.2212860310421286,0.2891352549889135
0.256092157731502,0.22950819672131148,0.22640673460345592,0.28799291094373064
0.26119402985074625,0.2247585601404741,0.22607550482879718,0.28797190517998245
0.2638522427440633,0.218117854001759,0.22691292875989447,0.2911169744942832
0.26195699868363315,0.2242211496270294,0.2233435717419921,0.2904782799473453
0.265666372462489,0.21888790820829657,0.22815533980582525,0.2872903795233892
