C,D,Oc,Od
1.0,0.0,0.0,0.0
0.5,0.0,0.5,0.0
0.42857142857142855,0.0,0.5714285714285714,0.0
0.38461538461538464,0.0,0.5384615384615384,0.07692307692307693
0.4782608695652174,0.0,0.4782608695652174,0.043478260869565216
0.5142857142857142,0.0,0.45714285714285713,0.02857142857142857
0.4727272727272727,0.03636363636363636,0.45454545454545453,0.03636363636363636
0.4044943820224719,0.06741573033707865,0.4943820224719101,0.033707865168539325
0.3888888888888889,0.07936507936507936,0.49206349206349204,0.03968253968253968
0.39226519337016574,0.08287292817679558,0.49171270718232046,0.03314917127071823
0.36637931034482757,0.10344827586206896,0.4870689655172414,0.04310344827586207
0.3559322033898305,0.12203389830508475,0.48135593220338985,0.04067796610169491
0.3651226158038147,0.1335149863760218,0.44959128065395093,0.051771117166212535
0.34988713318284426,0.14672686230248308,0.45598194130925507,0.04740406320541761
0.34026465028355385,0.15689981096408318,0.45368620037807184,0.04914933837429111
0.33075734157650694,0.16692426584234932,0.446676970633694,0.05564142194744977
0.32938076416337286,0.17391304347826086,0.4426877470355731,0.05401844532279315
0.3273942093541203,0.18040089086859687,0.43875278396436523,0.053452115812917596
0.3207190160832545,0.19394512771996217,0.43519394512771997,0.050141911069063384
0.30743243243243246,0.20608108108108109,0.43327702702702703,0.05320945945945946
0.30167173252279633,0.22112462006079028,0.4209726443768997,0.05623100303951368
0.28843537414965986,0.2272108843537415,0.41904761904761906,0.0653061224489796
0.2902829028290283,0.23923739237392375,0.4022140221402214,0.06826568265682657
0.28029445073612685,0.2582106455266138,0.39637599093997733,0.06511891279728199
0.28458705944239876,0.26564965807469754,0.3871646501841136,0.0625986322987901
0.28507462686567164,0.272636815920398,0.37512437810945276,0.06716417910447761
0.2795648060548723,0.27767265846736044,0.36991485335856195,0.0728476821192053
0.28203950390445565,0.2756086357372531,0.3633440514469453,0.07900780891134589
0.28282374100719426,0.272931654676259,0.3606115107913669,0.08363309352517985
0.2857142857142857,0.27156125608137993,0.3573639982308713,0.08536045997346307
0.2851423487544484,0.2713523131672598,0.35631672597864766,0.08718861209964412
0.289925208974923,0.2683677958644963,0.35371755389353277,0.08798944126704795
0.2887817703768624,0.26643295354951796,0.35363716038562665,0.09114811568799298
0.28634167764602547,0.26438296003513395,0.3583662714097497,0.09090909090909091
0.28666371289322107,0.2653965440850687,0.35445281346920693,0.09348692955250332
0.28144239226033424,0.27616534740545295,0.3496042216358839,0.09278803869832894
0.28338475099162624,0.26972234464521816,0.3486117232260908,0.09828118113706479
0.28452066842568163,0.2700087950747581,0.341688654353562,0.10378188214599825
0.2805628847845207,0.2691292875989446,0.34872471416007034,0.10158311345646438
0.27316224445411047,0.2670726402783819,0.3562418442801218,0.10352327098738583
0.27156125608137993,0.2649270234409553,0.35869084475895624,0.10482087571870853
0.27074235807860264,0.2663755458515284,0.3506550218340611,0.11222707423580786
0.26746242263483644,0.26790450928381965,0.3448275862068966,0.1198054818744474
0.2686762778505898,0.2634338138925295,0.34993446920052423,0.11795543905635648
0.2666080070391553,0.26132864056313243,0.3484381874175099,0.12362516498020237
0.2556390977443609,0.26581158779301195,0.3516143299425033,0.12693498452012383
0.25675077467906154,0.2602921646746348,0.3545816733067729,0.12837538733953077
0.2588389349628983,0.2588389349628983,0.3509384548232213,0.1313836752509821
0.25591586327782645,0.25109553023663456,0.3584574934268186,0.13453111305872043
0.25769569041336854,0.24758135444151275,0.35576077396657874,0.13896218117854
0.26123348017621145,0.24933920704845816,0.35330396475770925,0.13612334801762113
0.2617893345085941,0.24460114587924195,0.35522256500661087,0.13838695460555311
0.2572178477690289,0.2462817147856518,0.3560804899387577,0.14041994750656167
0.26435773783428324,0.2494519947391495,0.35116177115300307,0.13502849627356422
0.2631578947368421,0.24900486510393632,0.35426802299867316,0.13356921716054843
0.26404245908889873,0.24988942945599293,0.34940291906236176,0.13666519239274658
0.2675994752951465,0.24486226497595104,0.35242675994752953,0.135111499781373
0.2620202911336568,0.24569916188795765,0.3506837229819144,0.1415968239964711
0.2703180212014134,0.2314487632508834,0.35203180212014135,0.14620141342756185
0.2689075630252101,0.23662096417514375,0.3471915081822203,0.14727996461742593
0.2709620476610768,0.23654015887025595,0.3503971756398941,0.14210061782877317
0.271015761821366,0.23555166374781086,0.3458844133099825,0.14754816112084063
0.27396657871591906,0.22559366754617413,0.3518029903254178,0.148636763412489
0.2786377708978328,0.22556390977443608,0.34763379035824854,0.14816452896948254
0.28125,0.230193661971831,0.3389084507042254,0.14964788732394366
0.27998236331569665,0.23368606701940034,0.3306878306878307,0.15564373897707232
0.27936647602287723,0.23405191377034756,0.33347998240211174,0.15310162780466344
0.28565121412803535,0.23399558498896247,0.32538631346578367,0.15496688741721854
0.281972937581842,0.23395896988214754,0.32605848974247054,0.15800960279353993
0.28153644696639024,0.23134002618943691,0.3291139240506329,0.15800960279353993
0.27405764966740576,0.23015521064301553,0.33170731707317075,0.164079822616408
0.27224669603524226,0.23083700440528634,0.3303964757709251,0.16651982378854627
0.26840017628911417,0.23226090788893786,0.33318642573821067,0.16615249008373734
0.26855123674911663,0.22968197879858657,0.33127208480565373,0.1704946996466431
0.2724107919930374,0.2288946910356832,0.3276762402088773,0.17101827676240208
0.27448397013614406,0.230566534914361,0.32191480017566976,0.17303469477382522
0.2673749446657813,0.23904382470119523,0.3235945108455069,0.1699867197875166
0.2683355292050944,0.23671497584541062,0.3271848924022837,0.16776460254721123
0.2635761589403974,0.23752759381898456,0.32538631346578367,0.17350993377483442
0.2633654688869413,0.24101665205959685,0.3220858895705521,0.17353198948290974
0.2600349040139616,0.23865619546247818,0.3237347294938918,0.1775741710296684
0.2539752650176678,0.2416077738515901,0.32685512367491165,0.1775618374558304
0.25874125874125875,0.23513986013986013,0.3291083916083916,0.1770104895104895
0.25915996425379806,0.2350312779267203,0.3266309204647006,0.17917783735478104
0.2583774250440917,0.2292768959435626,0.3315696649029982,0.18077601410934743
0.2534843205574913,0.23649825783972125,0.33013937282229966,0.1798780487804878
0.2553657468243539,0.2325886990801577,0.328515111695138,0.1835304424003504
0.25891677675033026,0.2307353588727433,0.3293703214442977,0.1809775429326288
0.25911286780852,0.2261747913921827,0.32938076416337286,0.18533157663592445
0.255124291321413,0.22634103794156127,0.3310074138682948,0.18752725686873092
0.2574561403508772,0.2293859649122807,0.3298245614035088,0.18333333333333332
0.26048951048951047,0.2277097902097902,0.32473776223776224,0.18706293706293706
0.2612732095490716,0.22634836427939875,0.32272325375773653,0.1896551724137931
0.25862068965517243,0.23076923076923078,0.31741821396993813,0.1931918656056587
0.2550156041016496,0.23584485064645563,0.3178778421756576,0.1912617030762372
0.255124291321413,0.23898822503270825,0.31792411687745314,0.18796336676842565
0.250992501102779,0.24084693427437143,0.3202470224966917,0.1879135421261579
0.24814329401485366,0.23940585408475318,0.32066404543468763,0.19178680646570556
0.24450307827616535,0.24142480211081793,0.3197009674582234,0.1943711521547933
0.248562582927908,0.24060150375939848,0.3157894736842105,0.19504643962848298
0.25054466230936817,0.240958605664488,0.31241830065359477,0.19607843137254902
0.24640209332751853,0.23331879633667685,0.3174880069777584,0.20279110335804623
0.249890590809628,0.23063457330415754,0.3190371991247265,0.20043763676148796
0.24844444444444444,0.22533333333333333,0.3253333333333333,0.2008888888888889
0.24517543859649124,0.22631578947368422,0.3263157894736842,0.20219298245614034
0.24187884108867427,0.22563652326602282,0.32748024582967517,0.20500438981562774
0.23609885260370697,0.23036187113857018,0.323036187113857,0.21050308914386584
0.2392449517120281,0.228270412642669,0.3226514486391572,0.20983318700614575
0.24003504161191414,0.22558037669732808,0.32369689005694263,0.21068769163381515
0.2395970214629873,0.22820849759088918,0.32588699080157685,0.20630749014454666
0.24513274336283186,0.22389380530973452,0.31946902654867254,0.21150442477876105
0.24536628420123566,0.22594880847308033,0.32215357458075905,0.20653133274492497
0.24364592462751972,0.22304995617879053,0.31989482909728306,0.21340929009640666
0.24780701754385964,0.22850877192982455,0.3175438596491228,0.20614035087719298
0.24536628420123566,0.22859664607237423,0.32215357458075905,0.20388349514563106
0.25739514348785875,0.22472406181015453,0.3090507726269316,0.2088300220750552
0.2595019659239843,0.22455220620358235,0.30930537352555704,0.20664045434687636
0.25772285966460723,0.22594880847308033,0.3106796116504854,0.205648720211827
0.2552910052910053,0.23015873015873015,0.30776014109347444,0.20679012345679013
0.254259501965924,0.2306684141546527,0.30974224552206203,0.2053298383573613
0.2492225677476677,0.22923145268769435,0.31141714793425146,0.21012883163038648
0.25675077467906154,0.22310756972111553,0.3094289508632138,0.2107127047366091
0.26136865342163357,0.2251655629139073,0.30949227373068433,0.20397350993377483
0.2661361626878868,0.21662245800176835,0.3090185676392573,0.20822281167108753
0.2713722051731697,0.21306444541867603,0.3033757124068391,0.2121876370013152
0.2715994683207798,0.20558263181214,0.3088170137350465,0.21400088613203366
0.2729286663712893,0.20691182986264953,0.3114754098360656,0.20868409392999557
0.27053140096618356,0.2134387351778656,0.3052261747913922,0.21080368906455862
0.27589246364037023,0.20537681798148966,0.31070956368444247,0.20802115469369767
0.2755905511811024,0.19860017497812774,0.310586176727909,0.2152230971128609
0.28180212014134276,0.20097173144876326,0.3047703180212014,0.2124558303886926
0.28483516483516486,0.20263736263736265,0.30021978021978024,0.2123076923076923
0.28679750223015166,0.2024977698483497,0.2983942908117752,0.21231043710972347
0.28502415458937197,0.20816864295125165,0.2995169082125604,0.207290294246816
0.2854001759014952,0.2075637642919965,0.29815303430079154,0.2088830255057168
0.2870452528837622,0.20629991126885536,0.2985803016858917,0.2080745341614907
0.2885042166000888,0.20772303595206393,0.29738126941855303,0.20639147802929428
0.28164695575996496,0.20718353044240034,0.29916776171703896,0.2120017520805957
0.28482142857142856,0.19955357142857144,0.3013392857142857,0.21428571428571427
0.28326745718050067,0.1985068072024594,0.30566534914361,0.21256038647342995
0.28189390618149934,0.18939061814993424,0.31214379658044716,0.21657167908811925
0.2801762114537445,0.19955947136563876,0.307488986784141,0.21277533039647578
0.28740675734971477,0.19921017990346643,0.30057042562527425,0.21281263712154452
0.2755905511811024,0.20034995625546806,0.30621172353455817,0.2178477690288714
0.28054697838553155,0.2015880017644464,0.3070136744596383,0.21085134539038378
0.27846975088967973,0.20240213523131673,0.3029359430604982,0.21619217081850534
0.2769162605228179,0.19805050952591935,0.30970314576871955,0.2153300841825432
0.2824258521469677,0.20274457724656927,0.3041168658698539,0.2107127047366091
0.28205128205128205,0.20291777188328913,0.29973474801061006,0.21529619805481875
0.28173374613003094,0.19858469703670942,0.3056169836355595,0.21406457319770014
0.28383705650459923,0.19229084537888744,0.3088042049934297,0.21506789312308366
0.28232189973614774,0.19129287598944592,0.31266490765171506,0.21372031662269128
0.2788966725043783,0.18739054290718038,0.3178633975481611,0.2158493870402802
0.27300748568912375,0.19638925583443417,0.31660061646851606,0.21400264200792601
0.274622892635315,0.19432120674356698,0.31543921916592726,0.21561668145519078
0.2793468667255075,0.19505736981465135,0.30803177405119153,0.2175639894086496
0.2765864332603939,0.19343544857768052,0.31422319474835886,0.21575492341356675
0.27624066754501536,0.19235836627140976,0.31313131313131315,0.21826965305226176
0.2806167400881057,0.19427312775330396,0.3140969162995595,0.21101321585903085
0.2749003984063745,0.19698981850376274,0.3094289508632138,0.21868083222664897
0.27264692885550157,0.19840919133893062,0.30711444984533803,0.22182942996022978
0.2747924858016601,0.19003931847968544,0.3106159895150721,0.22455220620358235
0.2740088105726872,0.19251101321585903,0.3079295154185022,0.22555066079295155
0.2791922739244952,0.19271290605794555,0.30070237050043896,0.2273924495171203
0.2812089356110381,0.1953569864213754,0.3009198423127464,0.22251423565484013
0.2807017543859649,0.193859649122807,0.30350877192982456,0.2219298245614035
0.2852760736196319,0.19193689745836984,0.2988606485539001,0.22392638036809817
0.28205128205128205,0.1958443854995579,0.2984084880636605,0.22369584438549955
0.2785871964679912,0.1955849889624724,0.30154525386313463,0.22428256070640176
0.28080985915492956,0.19410211267605634,0.2975352112676056,0.22755281690140844
0.2769297863061492,0.19363279546445705,0.30484081988661144,0.2245965983427824
0.27726675427069647,0.19710906701708278,0.3026719229084538,0.22295225580376699
0.2748329621380846,0.19599109131403117,0.3028953229398664,0.22628062360801782
0.2742006132282085,0.19316688567674112,0.3057380639509417,0.22689443714410862
0.2661965623622741,0.19303657999118554,0.3098281181137065,0.23093873953283384
0.26758071649712517,0.19150818222025653,0.30959752321981426,0.23131357806280406
0.26631853785900783,0.1936466492602263,0.3128807658833769,0.22715404699738903
0.2656940760389036,0.1896551724137931,0.31432360742705573,0.23032714412024757
0.26768558951965066,0.185589519650655,0.31266375545851527,0.23406113537117904
0.27167630057803466,0.1871943085815918,0.3072476656291685,0.23388172521120498
0.26748790145182577,0.18873735151781787,0.3110426748790145,0.23273207215134184
0.2686762778505898,0.18872870249017037,0.30930537352555704,0.23328964613368283
0.270979020979021,0.19230769230769232,0.30463286713286714,0.23208041958041958
0.27132125497127707,0.18692001767565178,0.30534688466637205,0.23641184268669907
0.26548672566371684,0.18849557522123894,0.3070796460176991,0.23893805309734514
0.26513477684489617,0.18426866990720284,0.3119752540874945,0.23862129916040653
0.27036547776309994,0.18714222809335096,0.3086745926904447,0.23381770145310435
0.2720105124835742,0.18484450284713097,0.30924222514235655,0.23390275952693823
0.26269315673289184,0.18940397350993377,0.31037527593818987,0.23752759381898456
0.25793650793650796,0.19047619047619047,0.31216931216931215,0.23941798941798942
0.2587873462214411,0.18980667838312829,0.30975395430579966,0.24165202108963094
0.26506550218340613,0.185589519650655,0.3131004366812227,0.23624454148471616
0.2585669781931464,0.19136626613262128,0.3141967067200712,0.2358700489541611
0.265234546251644,0.19114423498465585,0.31126698816308634,0.23235423060061378
0.26982041173894,0.1979851073149365,0.3017958826106001,0.23039859833552342
0.26900844819919967,0.20453534904401957,0.2943530457981325,0.23210315695864828
0.27444933920704845,0.2066079295154185,0.2938325991189427,0.2251101321585903
0.2774641771602258,0.20712114633087278,0.28658271819366044,0.228831958315241
0.2768211920529801,0.21324503311258278,0.2790286975717439,0.23090507726269316
0.27616534740545295,0.21372031662269128,0.2770448548812665,0.23306948109058928
0.27645502645502645,0.21164021164021163,0.2777777777777778,0.23412698412698413
0.27587719298245617,0.20789473684210527,0.2789473684210526,0.23728070175438595
0.27084252315835905,0.21261579179532422,0.28054697838553155,0.23599470666078518
0.2731729055258467,0.22014260249554368,0.2731729055258467,0.23351158645276293
0.278341420379356,0.22496691662990737,0.2686369651521835,0.22805469783855314
0.27340332458442695,0.22703412073490814,0.26334208223972005,0.23622047244094488
0.27586206896551724,0.22944297082228116,0.25906277630415564,0.23563218390804597
0.2774591971768858,0.23246581385090428,0.2562858403176004,0.23378914865460962
0.2796271637816245,0.22858411007545495,0.2561029738126942,0.23568575233022637
0.2814847547503314,0.23243482103402563,0.2540874944763588,0.23199292973928415
0.2775098640946953,0.23323103901797457,0.25558965366067515,0.23366944322665498
0.27716673999120106,0.23273207215134184,0.2542894852617686,0.2358117025956885
0.2768959435626102,0.2239858906525573,0.26499118165784835,0.23412698412698413
0.27444933920704845,0.22599118942731278,0.26123348017621145,0.23832599118942732
0.26855123674911663,0.22217314487632508,0.26501766784452296,0.24425795053003532
0.2746478873239437,0.21963028169014084,0.2601232394366197,0.24559859154929578
0.27797513321492007,0.216696269982238,0.2664298401420959,0.238898756660746
0.27348186981214506,0.2236784622105723,0.2638706858890345,0.23896898208824816
0.27592345349354697,0.22385402759234535,0.2616822429906542,0.2385402759234535
0.2727272727272727,0.22065313327449249,0.26522506619594,0.24139452780229478
0.27300884955752214,0.21991150442477875,0.2650442477876106,0.2420353982300885
0.2727272727272727,0.21818181818181817,0.26696230598669624,0.24212860310421286
0.2718016821602479,0.2151394422310757,0.2656042496679947,0.2474546259406817
0.2758470894874023,0.2163336229365769,0.26064291920069504,0.2471763683753258
0.2742006132282085,0.2172579938677179,0.2645641699518178,0.2439772229522558
0.2697921273772667,0.2127377266696152,0.26846528084918175,0.24900486510393632
0.2749890877346137,0.2060235704932344,0.26756874727193364,0.25141859450021825
0.2722859664607237,0.21315092674315975,0.26257722859664606,0.25198587819947044
0.2682926829268293,0.21689895470383275,0.2626306620209059,0.25217770034843207
0.27004405286343613,0.213215859030837,0.25903083700440527,0.2577092511013216
0.27510917030567683,0.21353711790393012,0.26419213973799127,0.24716157205240175
0.2693498452012384,0.2118531623175586,0.2697921273772667,0.24900486510393632
0.26413427561837455,0.20980565371024734,0.2756183745583039,0.2504416961130742
0.2639616055846422,0.2081151832460733,0.2709424083769634,0.2569808027923211
0.2667554371948513,0.21171770972037285,0.2694185530403906,0.2521083000443853
0.2657281126264848,0.20941487021557414,0.2736471623405191,0.2512098548174219
0.2655217965653897,0.21180096873623955,0.2747688243064729,0.24790841039189784
0.26153846153846155,0.2123076923076923,0.27824175824175823,0.2479120879120879
0.2650814619110524,0.2144429766622633,0.2716864817261119,0.24878907970057243
0.26698816308636564,0.21613327487943884,0.26786497150372646,0.2490135905304691
0.2669603524229075,0.21674008810572687,0.27004405286343613,0.24625550660792953
0.2672831351827389,0.2175253192426244,0.27036547776309994,0.24482606781153676
0.2616946160635481,0.21359223300970873,0.2727272727272727,0.25198587819947044
0.2570671378091873,0.21289752650176677,0.27164310954063603,0.2583922261484099
0.2572304995617879,0.21384750219106047,0.2751971954425942,0.2537248028045574
0.2584070796460177,0.21460176991150443,0.2743362831858407,0.25265486725663716
0.26299422478898266,0.21501554864504666,0.2696579298089738,0.25233229675699687
0.2637411347517731,0.21365248226950354,0.2699468085106383,0.2526595744680851
0.2647189021691014,0.2067286409915892,0.27534307215582116,0.25320938468348825
0.26689925861317054,0.2119494112516354,0.26995202791103357,0.2511993022241605
0.26827133479212256,0.2087527352297593,0.2713347921225383,0.25164113785557984
0.27047366091190794,0.20628596724214254,0.26914563966356797,0.2540947321823816
0.26690234202386215,0.20813079982324348,0.2752982766239505,0.2496685815289439
0.27128363475959416,0.20644022937803264,0.27393030436700483,0.24834583149536832
0.27088830255057167,0.20712401055408972,0.2752858399296394,0.24670184696569922
0.2712316585148955,0.2120942641173855,0.2667852378835038,0.2498888394842152
0.26992514310876264,0.20827829150154117,0.26420079260237783,0.2575957727873184
0.27472527472527475,0.20307692307692307,0.26461538461538464,0.25758241758241757
0.2700218818380744,0.20481400437636763,0.2647702407002188,0.2603938730853392
0.2730480811645346,0.20026466696074108,0.2659902955447728,0.2606969563299515
0.2749021313614615,0.1966072205306655,0.2683775554588952,0.2601130926489778
0.2809086937527305,0.19702927042376583,0.26605504587155965,0.2560069899519441
0.2773851590106007,0.19699646643109542,0.2676678445229682,0.2579505300353357
0.27627494456762747,0.2,0.2665188470066519,0.2572062084257206
0.2696728558797524,0.20247568523430592,0.2661361626878868,0.26171529619805484
0.27463863337713534,0.19579500657030224,0.26763031099430573,0.2619360490582567
0.2728476821192053,0.20309050772626933,0.26048565121412803,0.2635761589403974
0.27516483516483514,0.20131868131868133,0.2632967032967033,0.2602197802197802
0.27184466019417475,0.20255957634598412,0.2599293909973522,0.265666372462489
0.27384615384615385,0.1991208791208791,0.2567032967032967,0.2703296703296703
0.27450980392156865,0.19433551198257082,0.26187363834422656,0.269281045751634
0.2790393013100437,0.19519650655021833,0.25895196506550217,0.2668122270742358
0.2746761947297901,0.19160339437248772,0.26485037963376507,0.26887003126395714
0.2774390243902439,0.1955574912891986,0.2587108013937282,0.2682926829268293
0.27324561403508774,0.19166666666666668,0.26359649122807016,0.27149122807017545
0.26943462897526504,0.19434628975265017,0.26501766784452296,0.2712014134275618
0.26441881100266196,0.1929902395740905,0.25865128660159714,0.2839396628216504
0.26457597173144876,0.19832155477031801,0.25353356890459366,0.2835689045936396
0.2633672116659302,0.19885108263367213,0.25364560318161733,0.28413610251878035
0.26545936395759717,0.1978798586572438,0.2583922261484099,0.2782685512367491
0.2630646589902569,0.20062001771479185,0.25907883082373784,0.27723649247121346
0.26866990720282813,0.20326999558108705,0.2554131683605833,0.27264692885550157
0.26894107221976077,0.204696499778467,0.25387682764731945,0.2724856003544528
0.2673223066607063,0.19803308001788109,0.25346446133214123,0.2811801519892713
0.2660831509846827,0.20218818380743983,0.25076586433260395,0.28096280087527353
0.26522506619594,0.20211827007943514,0.25198587819947044,0.28067078552515445
0.2673749446657813,0.20097388224878265,0.2549800796812749,0.27667109340416113
0.2652439024390244,0.20426829268292682,0.2578397212543554,0.27264808362369336
0.26687388987566607,0.20204262877442272,0.26154529307282415,0.26953818827708703
0.2677861246133451,0.20194432169686258,0.2620415377817057,0.2682280159080866
0.26945054945054947,0.19736263736263737,0.26285714285714284,0.2703296703296703
0.2741295724988982,0.19303657999118554,0.26928162185985016,0.2635522256500661
0.26868953386103783,0.1961301671064204,0.27308707124010556,0.2620932277924362
0.27372583479789103,0.19200351493848858,0.2719683655536028,0.2623022847100176
0.27377266696152147,0.19548872180451127,0.27333038478549315,0.2574082264484741
0.27833698030634574,0.19080962800875273,0.2722100656455142,0.25864332603938733
0.282311424790472,0.19232465813850905,0.26290251433612705,0.26246140273489194
0.2838254737769943,0.1855442926399295,0.26795945350374617,0.2626707800793301
0.27680140597539543,0.18892794376098418,0.2662565905096661,0.2680140597539543
0.2873051224944321,0.1870824053452116,0.26280623608017817,0.26280623608017817
0.2862144420131291,0.18468271334792122,0.26389496717724287,0.26520787746170676
0.2865961199294533,0.18562610229276896,0.2583774250440917,0.26940035273368607
0.2832014072119613,0.18733509234828497,0.25549692172383465,0.27396657871591906
0.2818703131892369,0.18967798853109838,0.2567269519188355,0.2717247463608293
0.2821869488536155,0.18342151675485008,0.25440917107583777,0.27998236331569665
0.2773913043478261,0.18739130434782608,0.2534782608695652,0.2817391304347826
0.2748460861917326,0.19261213720316622,0.24582233948988566,0.28671943711521547
0.2768959435626102,0.19576719576719576,0.24206349206349206,0.28527336860670194
0.27340008707009145,0.19634305616020897,0.239007400957771,0.2912494558119286
0.2749125874125874,0.19667832167832167,0.23994755244755245,0.28846153846153844
0.27622841965471445,0.19389110225763612,0.24081451969898185,0.28906595838866755
0.28321678321678323,0.1993006993006993,0.23295454545454544,0.28452797202797203
0.28029969149405026,0.1996474217717056,0.2362274129572499,0.2838254737769943
0.28118113706478626,0.19876597620096959,0.2357866901718819,0.2842661965623623
0.27709251101321586,0.20176211453744494,0.22995594713656387,0.2911894273127753
0.28193832599118945,0.19427312775330396,0.23039647577092512,0.2933920704845815
0.28182616330114135,0.19095697980684812,0.23397717295873574,0.2932396839332748
0.27437943262411346,0.19902482269503546,0.23404255319148937,0.2925531914893617
0.27183161665920286,0.20152261531571877,0.23421406180026869,0.2924317062248097
0.27024647887323944,0.19850352112676056,0.23723591549295775,0.29401408450704225
0.26848591549295775,0.2011443661971831,0.23415492957746478,0.2962147887323944
0.2662826761187417,0.2042534337616305,0.22995126273814798,0.2995126273814798
0.26334362593736216,0.1985002205558006,0.23555359505955006,0.3026025584472872
0.2602739726027397,0.19973486522315512,0.22934158197083518,0.31064958020327
0.2619991193306913,0.19726992514310876,0.2294143549097314,0.31131660061646854
0.2661113546690048,0.18939061814993424,0.23016220955721176,0.3143358176238492
0.2735229759299781,0.187308533916849,0.2350109409190372,0.3041575492341357
0.27439824945295405,0.187308533916849,0.2315098468271335,0.3067833698030635
0.26887821911828896,0.18638149279790484,0.23352247926669575,0.3112178088171104
0.26929902395740907,0.1947648624667258,0.22981366459627328,0.30612244897959184
0.2724879333040807,0.18911803422553752,0.23080298376480912,0.30759104870557263
0.2728077945084145,0.18954827280779452,0.224977856510186,0.312666076173605
0.26492374727668844,0.18736383442265794,0.22657952069716775,0.32113289760348585
0.261060008760403,0.19010074463425317,0.22864651773981604,0.3201927288655278
0.26468010517090274,0.19456617002629273,0.2287467134092901,0.31200701139351444
0.26573426573426573,0.19187062937062938,0.2263986013986014,0.3159965034965035
0.27209098862642167,0.19510061242344706,0.2178477690288714,0.31496062992125984
0.2718832891246684,0.19496021220159152,0.21529619805481875,0.3178603006189213
0.26940035273368607,0.19973544973544974,0.21164021164021163,0.31922398589065254
0.27140974967061926,0.19894598155467721,0.21870882740447958,0.310935441370224
0.26631625054752517,0.19973718791064388,0.22207621550591328,0.3118703460359177
0.2658396101019052,0.19539211342490032,0.22817899867080194,0.31058927780239254
0.2708793636765356,0.19885108263367213,0.22580645161290322,0.3044631020768891
0.2701401050788091,0.19921190893169877,0.22810858143607707,0.30253940455341505
0.26722246599385696,0.20491443615620886,0.2250987275120667,0.30276437033786746
0.2687555163283319,0.20344218887908208,0.22727272727272727,0.30052956751985876
0.26943462897526504,0.20318021201413428,0.22570671378091872,0.30167844522968196
0.26936619718309857,0.20598591549295775,0.2227112676056338,0.3019366197183099
0.2649122807017544,0.2074561403508772,0.21973684210526315,0.3078947368421053
0.2642169728783902,0.2099737532808399,0.2204724409448819,0.30533683289588803
0.26341248900615655,0.20844327176781002,0.22163588390501318,0.3065083553210202
0.2661361626878868,0.20866489832007074,0.22236958443854996,0.30282935455349247
0.2613438045375218,0.21727748691099477,0.2212041884816754,0.30017452006980805
0.26904447380008806,0.21268163804491413,0.21796565389696168,0.3003082342580361
0.26666666666666666,0.21236203090507727,0.21059602649006623,0.31037527593818987
0.2726477024070022,0.2135667396061269,0.20831509846827134,0.3054704595185996
0.26958424507658646,0.21269146608315098,0.2135667396061269,0.3041575492341357
0.26946902654867255,0.21194690265486726,0.2150442477876106,0.3035398230088496
0.2647189021691014,0.2089420097388225,0.2151394422310757,0.31119964586100046
0.2659902955447728,0.21482134980149978,0.21085134539038378,0.3083370092633436
0.2595048629531388,0.21706454465075153,0.21618037135278514,0.3072502210433245
0.255619215513442,0.22212428382547378,0.20978404583516969,0.3124724548259145
0.26033421284080915,0.2167985927880387,0.20184696569920843,0.3210202286719437
0.256978289765175,0.21798848028356224,0.20824102791315907,0.31679220203810365
0.25666812418014867,0.22212505465675558,0.20201136860515959,0.3191954525579362
0.2571807335395493,0.2200618647812638,0.20061864781263808,0.32213875386654883
0.25877192982456143,0.21666666666666667,0.19824561403508772,0.3263157894736842
0.262532981530343,0.2154793315743184,0.19700967458223395,0.32497801231310464
0.2637795275590551,0.21916010498687663,0.19641294838145232,0.3206474190726159
0.2631115028646981,0.21727633318642575,0.1996474217717056,0.3199647421771706
0.26999558108705257,0.2205037560760053,0.19752540874944763,0.3119752540874945
0.27365163572060125,0.23165340406719717,0.1918656056587091,0.30282935455349247
0.27093380096448927,0.23060061376589217,0.19245944761069705,0.30600613765892154
0.27312775330396477,0.22687224669603523,0.19251101321585903,0.307488986784141
0.27113447218572057,0.219886114761279,0.1927288655278143,0.31625054752518617
0.26610767872903796,0.2228596646072374,0.19814651368049427,0.31288614298323036
0.26389496717724287,0.21969365426695842,0.19431072210065645,0.32210065645514224
0.2631118881118881,0.21896853146853146,0.19187062937062938,0.32604895104895104
0.2608125819134993,0.21537789427697684,0.19353429445172565,0.3302752293577982
0.2608886933567972,0.214694236691597,0.1891772987241531,0.3352397712274527
0.2620932277924362,0.21591908531222515,0.193051890941073,0.3289357959542656
0.2607538802660754,0.21685144124168515,0.19246119733924613,0.32993348115299337
0.25557986870897154,0.2223194748358862,0.19080962800875273,0.3312910284463895
0.25865848312143797,0.2240245506356861,0.19289785181937746,0.32441911442349847
0.25675077467906154,0.2266489597166888,0.19300575475874282,0.3235945108455069
0.25537516454585346,0.22948661693725317,0.19657744624835455,0.31856077226853885
0.26510212950890916,0.22381573229030857,0.1912212081703607,0.31986093003042154
0.2639683238011439,0.22305323361196655,0.1979762428508579,0.31500219973603166
0.27107364685004437,0.21872227151730259,0.20008873114463177,0.3101153504880213
0.26366418889374726,0.22168780061215565,0.19982509838216003,0.314822912111937
0.2706140350877193,0.22236842105263158,0.19649122807017544,0.3105263157894737
0.26439326837909655,0.22232063773250665,0.19973427812223207,0.31355181576616475
0.2654945054945055,0.22373626373626374,0.1978021978021978,0.312967032967033
0.2696335078534031,0.2238219895287958,0.19764397905759162,0.3089005235602094
0.2642669007901668,0.22519754170324846,0.20061457418788411,0.3099209833187006
0.25526315789473686,0.2293859649122807,0.2074561403508772,0.3078947368421053
0.25407309555262,0.23205636283575518,0.2056362835755174,0.30823425803610743
0.2594381035996488,0.22783143107989465,0.20149253731343283,0.3112379280070237
0.26026785714285716,0.22991071428571427,0.20089285714285715,0.30892857142857144
0.26115485564304464,0.2327209098862642,0.194663167104112,0.3114610673665792
0.2556390977443609,0.22954444935869084,0.19946926138876603,0.31534719150818225
0.2530541012216405,0.23342059336823734,0.19546247818499127,0.3180628272251309
0.25530035335689044,0.22791519434628976,0.1965547703180212,0.3202296819787986
0.25362637362637364,0.23164835164835165,0.1956043956043956,0.3191208791208791
0.2523036419482229,0.23255813953488372,0.1943835015357613,0.32075471698113206
0.249670908293111,0.22860903905221588,0.1970162351908732,0.3247038174637999
0.25265486725663716,0.23053097345132742,0.19601769911504424,0.32079646017699115
0.25240174672489085,0.22882096069868996,0.20262008733624454,0.31615720524017465
0.2605042016806723,0.22998673153471916,0.19637328615656788,0.3131357806280407
0.2600264433671221,0.23182018510356986,0.19259585720581754,0.31555751432349055
0.2561511423550088,0.23374340949033393,0.1937609841827768,0.3163444639718805
0.2574082264484741,0.23573639982308714,0.18973905351614329,0.31711632021229547
0.25796595373199477,0.23352247926669575,0.18725447402880838,0.3212570929725011
0.25806451612903225,0.23243482103402563,0.18426866990720284,0.3252319929297393
0.25596816976127323,0.22988505747126436,0.1861184792219275,0.3280282935455349
0.25666812418014867,0.23043288150415392,0.1884564932225623,0.3244425010931351
0.2581786030061892,0.23519009725906279,0.1830238726790451,0.32360742705570295
0.2594068171757415,0.23638778220451528,0.17884019477644975,0.3253652058432935
0.2649122807017544,0.22719298245614036,0.17763157894736842,0.33026315789473687
0.2657677250978686,0.22227055241409308,0.17964332318399304,0.3323183993040452
0.26666666666666666,0.22781456953642384,0.1739514348785872,0.3315673289183223
0.2744410346339325,0.22490135905304692,0.17711530030688294,0.32354230600613765
0.2691637630662021,0.2273519163763066,0.1759581881533101,0.32752613240418116
0.27208480565371024,0.2310070671378092,0.17667844522968199,0.3202296819787986
0.26666666666666666,0.23006535947712417,0.17734204793028321,0.32592592592592595
0.26849434290687557,0.2267188859878155,0.1801566579634465,0.32463011314186246
0.26962305986696233,0.22971175166297117,0.1787139689578714,0.32195121951219513
0.2631578947368421,0.2344095532950022,0.18398938522777533,0.31844316674038037
0.26681318681318683,0.23692307692307693,0.17758241758241758,0.31868131868131866
0.27268741779921085,0.23366944322665498,0.18106093818500657,0.3125822007891276
0.270824247710423,0.23375490623637157,0.18054949847361534,0.31487134757959007
0.27043747238179405,0.24348210340256296,0.17454706142288998,0.311533362792753
0.2655838454784899,0.24539069359086918,0.17866549604916593,0.310359964881475
0.2675496688741722,0.24724061810154527,0.17792494481236204,0.3072847682119205
0.26413427561837455,0.23807420494699646,0.18065371024734983,0.31713780918727913
0.26710526315789473,0.2381578947368421,0.17982456140350878,0.31491228070175437
0.2702702702702703,0.24412937527691625,0.17899867080194948,0.306601683650864
0.2712087912087912,0.2421978021978022,0.18021978021978022,0.30637362637362636
0.2683251888049756,0.2514438027543314,0.1785872945357619,0.30164371390493117
0.2629253203711887,0.2474591250552364,0.1811754308440124,0.30844012372956253
0.2687417799210872,0.24068391056554142,0.18588338448049102,0.3046909250328803
0.2670780079330101,0.24239753195240193,0.18510356985456147,0.30542089026002645
0.269806338028169,0.2425176056338028,0.1813380281690141,0.30633802816901406
0.27300748568912375,0.23910171730515192,0.18273888154997797,0.3051519154557464
0.2729693741677763,0.237017310252996,0.18553040390590325,0.3044829116733245
0.27176314626601855,0.2359699513919576,0.1855943437914273,0.30667255855059655
0.2719298245614035,0.23421052631578948,0.1881578947368421,0.3057017543859649
0.2650442477876106,0.23716814159292035,0.1911504424778761,0.3066371681415929
0.2676118741692512,0.23836951705804166,0.18608772707133364,0.3079308817013735
0.2703296703296703,0.22945054945054946,0.19164835164835164,0.30857142857142855
0.27184892402283706,0.2274923144488362,0.19148001756697408,0.30917874396135264
0.2720105124835742,0.22689443714410862,0.19229084537888744,0.3088042049934297
0.27079646017699116,0.22876106194690266,0.2,0.3004424778761062
0.2741792369121562,0.2315882874889086,0.19254658385093168,0.30168589174800353
0.2759078830823738,0.22586359610274578,0.1904340124003543,0.3077945084145261
0.27460456942003514,0.22451669595782073,0.19639718804920914,0.30448154657293497
0.27417218543046357,0.22075055187637968,0.19911699779249448,0.30596026490066225
0.2713851498046027,0.22231871471993053,0.19756838905775076,0.308727746417716
0.26666666666666666,0.22266666666666668,0.2031111111111111,0.3075555555555556
0.27164835164835166,0.22725274725274724,0.1978021978021978,0.3032967032967033
0.27424308907415534,0.2224659938569548,0.19218955682316805,0.3111013602457218
0.278341420379356,0.22143802382002647,0.1910013233348037,0.30921923246581384
0.2747349823321555,0.22084805653710246,0.1974381625441696,0.30697879858657245
0.28104286345558993,0.21608484312859036,0.19619973486522316,0.30667255855059655
0.273972602739726,0.2200618647812638,0.20238621299160406,0.3035793194874061
0.28191489361702127,0.2225177304964539,0.1950354609929078,0.300531914893617
0.2785527462946818,0.2175239755884917,0.2031386224934612,0.3007846556233653
0.2769640479360852,0.22325787838437638,0.2041722148246782,0.2956058588548602
0.27804663440387156,0.21953365596128466,0.2067751869775627,0.29564452265728114
0.28051486906347095,0.21837549933422104,0.20683533067021748,0.29427430093209056
0.2794568550153307,0.22120017520805957,0.20630749014454666,0.29303547963206306
0.2763216348289649,0.22212350066637052,0.20613060861839183,0.29542425588627275
0.2794182459233142,0.2146319964742177,0.21110621419127368,0.29484354341119434
0.277851166886834,0.22060766182298547,0.21092029942756496,0.2906208718626156
0.2796833773087071,0.2167985927880387,0.20668425681618294,0.29683377308707126
0.28400531679220203,0.2153300841825432,0.21400088613203366,0.28666371289322107
0.2795414462081129,0.21428571428571427,0.21340388007054673,0.2927689594356261
0.2862206468763846,0.2193176783340718,0.2095702259636686,0.2848914488258751
0.2814004376367615,0.21925601750547047,0.2100656455142232,0.28927789934354486
0.2775564409030544,0.217352810978309,0.21425409473218238,0.2908366533864542
0.28308501314636286,0.2151621384750219,0.2107800175284838,0.2909728308501315
0.2783143107989464,0.21729587357330993,0.21817383669885865,0.286215978928885
0.27876106194690264,0.21150442477876105,0.22654867256637168,0.2831858407079646
0.2726473175021988,0.21416007036059806,0.22559366754617413,0.287598944591029
0.28152753108348133,0.2144760213143872,0.2255772646536412,0.2784191829484902
0.2830188679245283,0.21456779289161912,0.22114962702939886,0.2812637121544537
0.27989487516425754,0.21594393342093737,0.22207621550591328,0.2820849759088918
0.2830687830687831,0.22001763668430335,0.2173721340388007,0.2795414462081129
0.2820288587669436,0.2229995627459554,0.22037603847835593,0.2745955400087451
0.279754062362758,0.22661396574440051,0.22178304787000439,0.27184892402283706
0.2843915343915344,0.22971781305114639,0.21825396825396826,0.26763668430335097
0.28350287483414416,0.22954444935869084,0.22202565236620964,0.2649270234409553
0.2857773851590106,0.22968197879858657,0.22084805653710246,0.26369257950530034
0.28374777975133214,0.2313499111900533,0.2246891651865009,0.2602131438721137
0.2878455462922334,0.23255813953488372,0.2215884159719175,0.2580078982009653
0.2815533980582524,0.23433362753751102,0.22771403353927624,0.2563989408649603
0.2765957446808511,0.2398049645390071,0.23093971631205673,0.2526595744680851
0.2778268551236749,0.23807420494699646,0.23056537102473498,0.25353356890459366
0.2858403176003529,0.23511248345831495,0.22320247022496692,0.25584472871636527
0.28118113706478626,0.2379903040987219,0.2265315116791538,0.25429704715733803
0.28170250109697237,0.23475208424747696,0.22553751645458534,0.2580078982009653
0.28621139625924313,0.22705524140930838,0.22531535450195736,0.2614180078294911
0.2840106007067138,0.22659010600706714,0.22393992932862192,0.26545936395759717
0.2841262783459315,0.22409959982214317,0.22454424188528235,0.26722987994664293
0.28820200261210277,0.22681758815846756,0.21593382673051806,0.2690465824989116
0.2864099158919876,0.2288623284639221,0.21779548472775564,0.26693227091633465
0.2867256637168142,0.2247787610619469,0.21902654867256638,0.26946902654867255
0.2874617737003058,0.22062035823503715,0.218435998252512,0.27348186981214506
0.2880386983289358,0.2233948988566403,0.2154793315743184,0.27308707124010556
0.2910943730615862,0.22684980062029242,0.21355782011519717,0.26849800620292424
0.298376480912681,0.2277314611671786,0.20491443615620886,0.26897762176393153
0.29690265486725664,0.2345132743362832,0.19646017699115045,0.2721238938053097
0.29175848391361836,0.23049801674746584,0.19876597620096959,0.2789775231379462
0.2878587196467991,0.23532008830022075,0.20264900662251656,0.27417218543046357
