C,D,Oc,Od
1.0,0.0,0.0,0.0
0.5,0.5,0.0,0.0
0.375,0.5,0.0,0.125
0.47058823529411764,0.47058823529411764,0.0,0.058823529411764705
0.4857142857142857,0.45714285714285713,0.0,0.05714285714285714
0.45614035087719296,0.47368421052631576,0.0,0.07017543859649122
0.4634146341463415,0.4634146341463415,0.0,0.07317073170731707
0.5,0.4098360655737705,0.01639344262295082,0.07377049180327869
0.5116279069767442,0.36046511627906974,0.01744186046511628,0.11046511627906977
0.4978723404255319,0.35319148936170214,0.03404255319148936,0.1148936170212766
0.5082508250825083,0.31353135313531355,0.0462046204620462,0.132013201320132
0.4782608695652174,0.3171355498721228,0.056265984654731455,0.1483375959079284
0.49306930693069306,0.299009900990099,0.06534653465346535,0.14257425742574256
0.4878836833602585,0.2778675282714055,0.07269789983844911,0.16155088852988692
0.48601864181091875,0.2782956058588549,0.07989347536617843,0.15579227696404793
0.4829106945975744,0.269018743109151,0.08599779492833518,0.16207276736493936
0.4884836852207294,0.2600767754318618,0.09596928982725528,0.15547024952015356
0.4760302775441548,0.248107653490328,0.10933557611438183,0.1665264928511354
0.468562874251497,0.24550898203592814,0.10703592814371257,0.17889221556886228
0.4581043956043956,0.24587912087912087,0.11332417582417582,0.18269230769230768
0.44126984126984126,0.2565079365079365,0.11174603174603175,0.19047619047619047
0.43445475638051045,0.2523201856148492,0.1142691415313225,0.19895591647331787
0.4191780821917808,0.2580821917808219,0.1189041095890411,0.20383561643835615
0.40384615384615385,0.2603950103950104,0.12266112266112267,0.2130977130977131
0.3985221674876847,0.2600985221674877,0.12561576354679804,0.21576354679802956
0.39205361416945905,0.2584968884633796,0.12876974629009094,0.22067975107707036
0.3978494623655914,0.251986909770921,0.12342215988779803,0.2267414679756896
0.3948322756119674,0.25203989120580234,0.13327289211242066,0.2198549410698096
0.3915799004074242,0.24490719782707107,0.13535536441828883,0.22815753734721594
0.3905060456784595,0.24540976265114195,0.13658755038065382,0.22749664128974473
0.39193976970770594,0.24180690876882197,0.13463241806908768,0.2316209034543844
0.3867717915024091,0.24616732369689007,0.13447218572054315,0.2325886990801577
0.38994265549183943,0.24305249228054698,0.1345390383767093,0.23246581385090428
0.38116005233318795,0.24291321412996075,0.1360662887047536,0.2398604448320977
0.3799298860648554,0.24583698510078877,0.13540753724802804,0.2388255915863278
0.38038698328935794,0.24670184696569922,0.13852242744063326,0.2343887423043096
0.3754993342210386,0.24500665778961384,0.15002219263204616,0.22947181535730138
0.37170474516695956,0.24868189806678384,0.14674868189806678,0.23286467486818982
0.3696325807879593,0.2527667109340416,0.14431164231961044,0.23328906595838866
0.36687170474516695,0.2561511423550088,0.14367311072056238,0.23330404217926187
0.3694796676869261,0.2479230432881504,0.14866637516397027,0.23393091386095322
0.36671058410188845,0.25296442687747034,0.14492753623188406,0.23539745278875715
0.3712418300653595,0.24618736383442266,0.14727668845315905,0.23529411764705882
0.3714159682399647,0.25408028231142477,0.14689016321129245,0.22761358623731803
0.3658751099384345,0.25241864555848725,0.1437994722955145,0.23790677220756376
0.3674008810572687,0.2537444933920705,0.14669603524229075,0.23215859030837005
0.36347673397717295,0.25197541703248466,0.14749780509218613,0.2370500438981563
0.36858137510879024,0.24673629242819844,0.14795474325500435,0.23672758920800696
0.35992985532661115,0.24857518632178868,0.15124945199473916,0.24024550635686104
0.35568132346538966,0.25163256421419244,0.15063125816282108,0.24205485415759687
0.34868421052631576,0.25526315789473686,0.15043859649122807,0.24561403508771928
0.3461708720672864,0.2558654271801682,0.15050907481186365,0.2474546259406817
0.3464254192409532,0.25728155339805825,0.14518976169461606,0.2511032656663725
0.3353819139596137,0.26514486391571557,0.1479367866549605,0.2515364354697103
0.34017467248908295,0.26244541484716155,0.1537117903930131,0.24366812227074236
0.3327433628318584,0.26902654867256637,0.15309734513274337,0.24513274336283186
0.3383793410507569,0.26402493321460374,0.15360641139804096,0.2439893143365984
0.3362598770851624,0.26294995610184374,0.15715539947322213,0.24363476733977174
0.3414310954063604,0.2570671378091873,0.15768551236749118,0.24381625441696114
0.3378914865460962,0.2567269519188355,0.16453462726069695,0.24084693427437143
0.33688415446071907,0.26054150022192635,0.16067465601420328,0.24189968930315137
0.33260201842913556,0.26810004387889425,0.1553312856516016,0.24396665204036858
0.33583738400353513,0.25850640742377373,0.15775519222271323,0.2479010163499779
0.3361270401411557,0.2505513895015439,0.16409351565946184,0.24922805469783854
0.33495145631067963,0.25198587819947044,0.16107678729037953,0.25198587819947044
0.3393169877408056,0.2517513134851138,0.15761821366024517,0.2513134851138354
0.3413990321161461,0.2547294324681038,0.16234051913770348,0.24153101627804663
0.3453903837670931,0.2514336127040141,0.1623290692545214,0.24084693427437143
0.33916083916083917,0.25,0.17045454545454544,0.2403846153846154
0.33494505494505494,0.25142857142857145,0.17186813186813188,0.24175824175824176
0.3297227036395147,0.25433275563258234,0.17850953206239167,0.23743500866551126
0.32409850483729113,0.2515391380826737,0.18293755496921724,0.24142480211081793
0.3343585237258348,0.24428822495606328,0.18497363796133567,0.23637961335676624
0.33348115299334813,0.24035476718403548,0.18802660753880265,0.23813747228381374
0.3321616871704745,0.24033391915641475,0.18848857644991213,0.2390158172231986
0.33304119193689746,0.23838737949167396,0.19325153374233128,0.2353198948290973
0.3323036187113857,0.23786407766990292,0.1941747572815534,0.235657546337158
0.33421284080914687,0.23482849604221637,0.18953386103781883,0.24142480211081793
0.3421970357454228,0.23190932868352224,0.18700959023539668,0.23888404533565824
0.3409390083369899,0.22992540587977184,0.1882404563405002,0.24089512944273805
0.3453903837670931,0.2218791354212616,0.1879135421261579,0.24481693868548743
0.3406209007433319,0.22780935723655443,0.18933100131176214,0.24223874070835155
0.3407177669472751,0.2259636685866194,0.1909614532565352,0.24235711120957024
0.34358288770053474,0.22014260249554368,0.18672014260249553,0.24955436720142601
0.34496466431095407,0.21908127208480566,0.18860424028268552,0.24734982332155478
0.34273127753303967,0.2118942731277533,0.19162995594713655,0.2537444933920705
0.3393169877408056,0.2136602451838879,0.19352014010507881,0.2535026269702277
0.33465959328028294,0.21087533156498675,0.19938107869142352,0.2550839964633068
0.3402197802197802,0.2153846153846154,0.19472527472527473,0.24967032967032968
0.3397632617273126,0.2099956159579132,0.20210434020166593,0.24813678211310827
0.33888645330995176,0.21394125383603682,0.19903551074090312,0.24813678211310827
0.3347921225382932,0.21269146608315098,0.2013129102844639,0.2512035010940919
0.3342151675485009,0.20590828924162258,0.20767195767195767,0.25220458553791886
0.3309982486865149,0.2105954465849387,0.20884413309982486,0.24956217162872155
0.333920704845815,0.2066079295154185,0.2118942731277533,0.2475770925110132
0.3336252189141856,0.21015761821366025,0.2119089316987741,0.24430823117338005
0.3230633802816901,0.21038732394366197,0.21566901408450703,0.25088028169014087
0.33068432671081677,0.20353200883002207,0.21456953642384105,0.25121412803532006
0.3269827204253434,0.20292423571112095,0.2144439521488702,0.2556490917146655
0.3331877729257642,0.2017467248908297,0.2131004366812227,0.2519650655021834
0.3314285714285714,0.20615384615384616,0.21186813186813186,0.25054945054945055
0.33495790872840053,0.20912715994683206,0.2104563579973416,0.2454585733274258
0.33070866141732286,0.20384951881014873,0.2169728783902012,0.2484689413823272
0.32729681978798586,0.20362190812720848,0.2146643109540636,0.254416961130742
0.3257343270495397,0.20561157387110915,0.21613327487943884,0.25252082419991234
0.32583774250440917,0.20811287477954143,0.21340388007054673,0.2526455026455027
0.33200883002207504,0.20794701986754968,0.2097130242825607,0.2503311258278146
0.3350877192982456,0.20789473684210527,0.21052631578947367,0.24649122807017543
0.3375768217734855,0.2054433713784021,0.21202809482001755,0.24495171202809482
0.3301141352063213,0.20983318700614575,0.21115013169446883,0.2489025460930641
0.3299648506151142,0.21704745166959577,0.20826010544815465,0.24472759226713534
0.3232720909886264,0.21609798775153105,0.210411198600175,0.25021872265966755
0.3284896521356231,0.2144429766622633,0.20783795684720388,0.24922941435490972
0.3229623137598598,0.2116564417177914,0.21384750219106047,0.25153374233128833
0.3233480176211454,0.20969162995594715,0.21585903083700442,0.2511013215859031
0.31901840490797545,0.20552147239263804,0.2252410166520596,0.2502191060473269
0.3159752868490733,0.205648720211827,0.22153574580759047,0.25684024713150927
0.31125827814569534,0.2,0.2260485651214128,0.26269315673289184
0.31115028646981047,0.20141031291317762,0.22741295724988983,0.2600264433671221
0.30991551800800354,0.2023121387283237,0.22987994664295242,0.25789239662072033
0.31496062992125984,0.20078740157480315,0.22922134733158356,0.2550306211723535
0.3212570929725011,0.19773024879965082,0.22435617634220864,0.25665648188563944
0.3201407211961302,0.202726473175022,0.22119613016710643,0.2559366754617414
0.32229965156794427,0.20034843205574912,0.2221254355400697,0.25522648083623695
0.31965065502183404,0.2021834061135371,0.2205240174672489,0.2576419213973799
0.31814198071866784,0.19982471516213848,0.22261174408413673,0.25942156003505695
0.32629727352682497,0.20316622691292877,0.21503957783641162,0.25549692172383465
0.32580787959274016,0.20008853474988933,0.2129260734838424,0.26117751217352814
0.32849604221635886,0.20140721196130168,0.2088830255057168,0.2612137203166227
0.32873665480427045,0.2041814946619217,0.20596085409252668,0.2611209964412811
0.3196794300979519,0.20970614425645592,0.21015138023152272,0.26046304541406945
0.3264589732338745,0.209741114523914,0.20140412461605967,0.26239578762615184
0.32672831351827386,0.2069572875385293,0.20783795684720388,0.25847644209599296
0.3271276595744681,0.19902482269503546,0.21099290780141844,0.262854609929078
0.3223654957759004,0.2072032014228546,0.20631391729657625,0.26411738550466873
0.31569664902998235,0.20634920634920634,0.21208112874779542,0.26587301587301587
0.32001775410563693,0.20550377274744785,0.20994229915667997,0.26453617399023527
0.3196794300979519,0.20480854853072128,0.20837043633125557,0.26714158504007124
0.30941901408450706,0.2051056338028169,0.2147887323943662,0.2706866197183099
0.31541850220264317,0.21101321585903085,0.20837004405286344,0.26519823788546254
0.31477422183252957,0.20824199912319158,0.208680403331872,0.26830337571240687
0.31084656084656087,0.20943562610229277,0.20987654320987653,0.2698412698412698
0.3081343943412909,0.20999115826702033,0.21220159151193635,0.2696728558797524
0.3128003494975972,0.2035823503713412,0.21188291830493666,0.27173438182612497
0.31352549889135256,0.20443458980044346,0.21951219512195122,0.26252771618625276
0.3141223053233612,0.20413550373955125,0.21293444786625604,0.2688077430708315
0.31432360742705573,0.20291777188328913,0.21043324491600354,0.2723253757736516
0.31546300398759414,0.20292423571112095,0.204696499778467,0.2769162605228179
0.3114323258869908,0.1953569864213754,0.21506789312308366,0.2781427945685502
0.3153310104529617,0.19250871080139373,0.21254355400696864,0.27961672473867594
0.30644454186760195,0.1968434896975011,0.2135028496273564,0.28320911880754057
0.31513537505548156,0.19884598313359964,0.2072791833111407,0.27873945849977805
0.3084358523725835,0.2056239015817223,0.2069420035149385,0.2789982425307557
0.3125548726953468,0.20368744512730466,0.20588235294117646,0.2778753292361721
0.31005338078291816,0.19884341637010677,0.2130782918149466,0.2780249110320285
0.310359964881475,0.1984196663740123,0.2115891132572432,0.2796312554872695
0.3167972149695387,0.18973020017406442,0.2145343777197563,0.2789382071366406
0.31814119749776587,0.19124218051831993,0.21000893655049152,0.2806076854334227
0.3195921985815603,0.18661347517730498,0.21187943262411346,0.28191489361702127
0.3162770180855756,0.1910013233348037,0.2112924569916189,0.2814292015880018
0.3142100617828773,0.19329214474845544,0.21094439541041482,0.2815533980582524
0.31023830538393643,0.1884377758164166,0.2202118270079435,0.28111209179170343
0.30604982206405695,0.19350533807829182,0.22108540925266904,0.2793594306049822
0.3126934984520124,0.18664307828394516,0.2251216275984078,0.2755417956656347
0.3101769911504425,0.18628318584070797,0.23008849557522124,0.2734513274336283
0.30644454186760195,0.19333625602805787,0.23016220955721176,0.27005699254712845
0.30360281195079086,0.18365553602811951,0.23857644991212654,0.2741652021089631
0.29409190371991245,0.18074398249452955,0.24901531728665208,0.2761487964989059
0.2988403211418377,0.1801962533452275,0.24843889384478143,0.27252453166815344
0.2934497816593886,0.18209606986899562,0.24890829694323144,0.2755458515283843
0.29490022172949004,0.18181818181818182,0.25099778270509976,0.2722838137472284
0.2979002624671916,0.17279090113735784,0.24715660542432197,0.2821522309711286
0.29934354485776804,0.17592997811816194,0.24420131291028446,0.2805251641137856
0.2976190476190476,0.17592592592592593,0.25132275132275134,0.2751322751322751
0.2966549295774648,0.17165492957746478,0.24735915492957747,0.28433098591549294
0.29515418502202645,0.16740088105726872,0.2511013215859031,0.28634361233480177
0.29404031551270815,0.16695880806310254,0.2532865907099036,0.2857142857142857
0.29365079365079366,0.16666666666666666,0.2552910052910053,0.2843915343915344
0.2936226749335695,0.162533215234721,0.2608503100088574,0.28299379982285205
0.2910612065169529,0.1690885072655218,0.2567151034786438,0.28313518273888155
0.29280070237050043,0.17120280948200176,0.25065847234416155,0.2853380158033363
0.2847769028871391,0.17454068241469817,0.25765529308836393,0.28302712160979876
0.27939876215738285,0.17506631299734748,0.257736516357206,0.28779840848806365
0.2780960775672102,0.17232260907888938,0.2604671661524901,0.2891141472014103
0.2818380743982494,0.17680525164113786,0.2608315098468271,0.2805251641137856
0.28194993412384717,0.17523056653491437,0.25911286780852,0.28370663153271847
0.28350970017636684,0.18165784832451498,0.25220458553791886,0.2826278659611993
0.28167770419426047,0.18763796909492272,0.2445916114790287,0.2860927152317881
0.2845918812745526,0.18638149279790484,0.24618070711479703,0.2828459188127455
0.28328240942819727,0.18594500218245308,0.24792666957660411,0.2828459188127455
0.279754062362758,0.1831357048748353,0.2507685551163812,0.28634167764602547
0.2797881729920565,0.1849073256840247,0.2559576345984113,0.2793468667255075
0.27660510114335973,0.1868953386103782,0.2590149516270888,0.2774846086191733
0.2777777777777778,0.18810148731408574,0.2567804024496938,0.2773403324584427
0.2777535916412712,0.18850674793208533,0.25119721375707443,0.282542446669569
0.27851458885941643,0.19496021220159152,0.246684350132626,0.27984084880636606
0.2780960775672102,0.19127368884971352,0.24768620537681799,0.28294402820625825
0.27680906713164777,0.1931124673060157,0.24498692240627726,0.2850915431560593
0.28029969149405026,0.19215513442044954,0.25253415601586604,0.2750110180696342
0.2774336283185841,0.1915929203539823,0.24734513274336284,0.2836283185840708
0.2785428698356286,0.18836072856508218,0.24877832074633496,0.28431808085295424
0.2769367764915405,0.18833481745325023,0.25378450578806766,0.2809439002671416
0.2808641975308642,0.18077601410934743,0.2535273368606702,0.2848324514991182
0.27765437583296315,0.1874722345624167,0.25366503776099514,0.2812083518436251
0.2830687830687831,0.18474426807760141,0.2526455026455027,0.2795414462081129
0.29223946784922394,0.18048780487804877,0.2545454545454545,0.2727272727272727
0.2868421052631579,0.18201754385964913,0.2530701754385965,0.27807017543859647
0.28450578806767585,0.18432769367764915,0.25734639358860195,0.27382012466607303
0.2835689045936396,0.18462897526501768,0.25662544169611307,0.2751766784452297
0.2773882559158633,0.18974583698510078,0.26117440841367223,0.27169149868536374
0.2796833773087071,0.193051890941073,0.2598944591029024,0.2673702726473175
0.27750773309765797,0.1948740609809987,0.2602739726027397,0.26734423331860363
0.2847797645006542,0.1888355865678151,0.25730484081988664,0.2690798081116441
0.2842794759825327,0.1851528384279476,0.259825327510917,0.27074235807860264
0.2783687943262411,0.19104609929078015,0.2646276595744681,0.26595744680851063
0.2747349823321555,0.1894876325088339,0.267226148409894,0.26855123674911663
0.27056753189617244,0.1900571931368236,0.27188737351517817,0.26748790145182577
0.27376259307928164,0.18703460359176521,0.2706964520367937,0.26850635129215944
0.27252650176678445,0.18639575971731448,0.2712014134275618,0.2698763250883392
0.2684417285028372,0.18812745525971192,0.27673505019642075,0.2666957660410301
0.2778268551236749,0.18286219081272084,0.2707597173144876,0.26855123674911663
0.28173374613003094,0.18045112781954886,0.2693498452012384,0.26846528084918175
0.2847769028871391,0.17760279965004375,0.2690288713910761,0.268591426071741
0.28452066842568163,0.17985927880386984,0.26868953386103783,0.2669305189094107
0.2793594306049822,0.18416370106761565,0.26912811387900354,0.26734875444839856
0.27723649247121346,0.18157661647475642,0.27015057573073514,0.271036315323295
0.28452433143358175,0.17930732135028496,0.26654975887768523,0.26961858833844804
0.28590366769774633,0.1811754308440124,0.2624834290764472,0.27043747238179405
0.2869105332745703,0.1859850154252975,0.25870427501101806,0.26840017628911417
0.2914462081128748,0.18298059964726632,0.26102292768959434,0.26455026455026454
0.2914260328742781,0.18302976454908929,0.2567747667703243,0.2687694358063083
0.2905793896505971,0.18310482087571872,0.2574082264484741,0.2689075630252101
0.2903368794326241,0.18395390070921985,0.25620567375886527,0.2695035460992908
0.28374777975133214,0.19094138543516873,0.25133214920071045,0.27397868561278865
0.2800710164225477,0.19440745672436752,0.2458943630714603,0.2796271637816245
0.2711715664765248,0.19789381307591047,0.2523036419482229,0.2786309784993418
0.275032794053345,0.1884564932225623,0.25535636204634893,0.28115435067774375
0.2775310834813499,0.1891651865008881,0.2522202486678508,0.2810834813499112
0.2869757174392936,0.18498896247240618,0.25386313465783666,0.27417218543046357
0.2862796833773087,0.18777484608619174,0.25065963060686014,0.2752858399296394
0.29470922606034106,0.1884564932225623,0.24967205946655008,0.26716222125054656
0.2992988606485539,0.18799298860648553,0.24715162138475022,0.26555652936021035
0.2958916083916084,0.1875,0.2491258741258741,0.2674825174825175
0.2990325417766051,0.18733509234828497,0.2519788918205805,0.2616534740545295
0.30113141862489123,0.1866840731070496,0.24891209747606616,0.26327241079199304
0.30097087378640774,0.18402471315092675,0.2511032656663725,0.263901147396293
0.3045375218150087,0.18411867364746945,0.24738219895287958,0.2639616055846422
0.3078958976621085,0.18879576532862816,0.2373180414644905,0.2659902955447728
0.30577777777777776,0.188,0.24,0.26622222222222225
0.3039258932509925,0.19232465813850905,0.23952359947066607,0.2642258491398324
0.3023255813953488,0.1943835015357613,0.24001755155770074,0.26327336551118913
0.29236912156166817,0.20141969831410825,0.240905057675244,0.2653061224489796
0.2890932982917214,0.1988611476127902,0.24660534384581692,0.26544021024967146
0.29238221047996477,0.19638925583443417,0.24526640246587406,0.265962131219727
0.290989010989011,0.19604395604395605,0.24703296703296704,0.26593406593406593
0.2864698104892023,0.1978845306302336,0.24460114587924195,0.27104451300132215
0.2843915343915344,0.2006172839506173,0.24250440917107582,0.2724867724867725
0.28374777975133214,0.19493783303730017,0.2477797513321492,0.27353463587921845
0.2789473684210526,0.20175438596491227,0.25087719298245614,0.26842105263157895
0.27312775330396477,0.20484581497797358,0.2488986784140969,0.27312775330396477
0.27204585537918874,0.20679012345679013,0.24735449735449735,0.27380952380952384
0.26843267108167773,0.20618101545253864,0.2503311258278146,0.2750551876379691
0.2655217965653897,0.2073976221928666,0.2514310876265962,0.2756494936151475
0.26318082788671027,0.20827886710239651,0.2496732026143791,0.2788671023965142
0.2558139534883721,0.21243291592128802,0.2522361359570662,0.27951699463327373
0.25418502202643173,0.2039647577092511,0.25903083700440527,0.2828193832599119
0.2558862727676588,0.20524211461572633,0.25322079075966236,0.28565082185695245
0.26255506607929513,0.2,0.2577092511013216,0.27973568281938327
0.2646276595744681,0.19902482269503546,0.26019503546099293,0.27615248226950356
0.2749110320284697,0.19795373665480426,0.2566725978647687,0.2704626334519573
0.2706866197183099,0.1936619718309859,0.2601232394366197,0.2755281690140845
0.27212681638044917,0.190224570673712,0.26067811536767943,0.2769704975781594
0.2688927943760984,0.19244288224956063,0.26142355008787344,0.2772407732864675
0.26208097518502393,0.18589464518937746,0.26643447975620377,0.28558989986939487
0.2640597539543058,0.18585237258347978,0.2719683655536028,0.2781195079086116
0.2646928855501547,0.1811754308440124,0.2677861246133451,0.28634555899248787
0.268859649122807,0.18596491228070175,0.262719298245614,0.2824561403508772
0.26972234464521816,0.18951079770824153,0.25914499779638606,0.28162185985015425
0.26855123674911663,0.1872791519434629,0.2619257950530035,0.28224381625441697
0.2652697280427998,0.18947837717342844,0.26170307623718236,0.28354881854658937
0.26254997778764994,0.1896934695690804,0.25633051976899157,0.2914260328742781
0.2658782303985983,0.19316688567674112,0.25229960578186594,0.28865527814279457
0.26514486391571557,0.1935908691834943,0.25680421422300265,0.2844600526777875
0.26480990274093724,0.19496021220159152,0.2568523430592396,0.2833775419982317
0.26371215445370777,0.19921017990346643,0.25625274243089075,0.2808249232119351
0.25906277630415564,0.1989389920424403,0.25906277630415564,0.28293545534924847
0.26487439400617013,0.19479947113265755,0.25738210665491407,0.28294402820625825
0.25859030837004404,0.20044052863436124,0.2599118942731278,0.28105726872246695
0.25704225352112675,0.19674295774647887,0.26100352112676056,0.2852112676056338
0.25937227550130776,0.2013949433304272,0.2576285963382738,0.2816041848299913
0.2612137203166227,0.20140721196130168,0.25285839929639403,0.28452066842568163
0.2722838137472284,0.2088691796008869,0.24035476718403548,0.27849223946784923
0.26950043821209463,0.20990359333917616,0.24408413672217352,0.27651183172655563
0.26919682259488087,0.20653133274492497,0.24580759046778464,0.27846425419240955
0.2704485488126649,0.20844327176781002,0.23878627968337732,0.28232189973614774
0.2774591971768858,0.2051168945743273,0.23511248345831495,0.282311424790472
0.2763796909492274,0.20132450331125828,0.23311258278145697,0.2891832229580574
0.27976980965028775,0.2067286409915892,0.2288623284639221,0.28463922089420096
0.27568042142230026,0.2067603160667252,0.228270412642669,0.28928884986830555
0.2827316224445411,0.20269682470639408,0.22270552414093084,0.291866028708134
0.2821978021978022,0.20307692307692307,0.2246153846153846,0.29010989010989013
0.2830605926581159,0.20212295444493586,0.226890756302521,0.28792569659442724
0.28193832599118945,0.20616740088105726,0.23524229074889869,0.27665198237885463
0.2855257369115706,0.20589529256489222,0.22657281126264847,0.2820061592608887
0.2809335094671951,0.2025539409951563,0.23029502421840597,0.2862175253192426
0.28234771009337484,0.21031569586482882,0.2254335260115607,0.2819030680302357
0.28527472527472525,0.2043956043956044,0.22857142857142856,0.28175824175824177
0.2869718309859155,0.20950704225352113,0.22887323943661972,0.2746478873239437
0.28305235137533274,0.21162377994676132,0.2329192546583851,0.2724046140195209
0.28810572687224667,0.20792951541850221,0.23876651982378855,0.26519823788546254
0.2896703296703297,0.20307692307692307,0.23956043956043957,0.2676923076923077
0.2906468531468531,0.20454545454545456,0.23601398601398602,0.2687937062937063
0.2889273356401384,0.20069204152249134,0.2374567474048443,0.27292387543252594
0.2903368794326241,0.19858156028368795,0.24113475177304963,0.2699468085106383
0.291005291005291,0.19929453262786595,0.24382716049382716,0.26587301587301587
0.28753292361720806,0.20105355575065847,0.2392449517120281,0.2721685689201054
0.2911336568151742,0.20026466696074108,0.2399647110719012,0.2686369651521835
0.29793769197016234,0.1961386573058359,0.2395787626151821,0.2663448881088197
0.29120636323464427,0.20150243040212107,0.24436588599204595,0.2629253203711887
0.28390201224846895,0.19860017497812774,0.2489063867016623,0.268591426071741
0.28502415458937197,0.1971892841458059,0.2463768115942029,0.27140974967061926
0.2847006651884701,0.19955654101995565,0.2452328159645233,0.270509977827051
0.2823788546255507,0.19515418502202644,0.25022026431718064,0.27224669603524226
0.2853992059991178,0.19629466254962505,0.24481693868548743,0.2734891927657697
0.28140257434531735,0.20017754105636928,0.25122059476253883,0.2671992898357745
0.2821978021978022,0.1978021978021978,0.25054945054945055,0.26945054945054947
0.28116710875331563,0.20689655172413793,0.2497789566755084,0.26215738284703805
0.2867808519982433,0.20114185331576637,0.2503293807641634,0.26174791392182695
0.2890453145622525,0.2045754509458865,0.24593048834139902,0.26044874615046193
0.28696796840719613,0.20666959192628345,0.24572180781044317,0.2606406318560772
0.28526924788607033,0.2060525144637294,0.24477080551846908,0.2639074321317312
0.2778505897771953,0.2092616863259065,0.2455220620358235,0.2673656618610747
0.2808641975308642,0.20502645502645503,0.24338624338624337,0.2707231040564374
0.27797513321492007,0.205595026642984,0.2424511545293073,0.27397868561278865
0.2804024496937883,0.2020997375328084,0.2327209098862642,0.2847769028871391
0.2755905511811024,0.2020997375328084,0.23972003499562555,0.28258967629046366
0.2760600706713781,0.20141342756183744,0.23719081272084805,0.28533568904593637
0.27292672224659936,0.20228170250109698,0.2369460289600702,0.2878455462922334
0.26904447380008806,0.2056362835755174,0.24438573315719947,0.2809335094671951
0.2691117984975696,0.21034025629695094,0.23994697304463103,0.28060097216084845
0.2662280701754386,0.20921052631578949,0.2442982456140351,0.2802631578947368
0.27144120247568526,0.20733863837312114,0.2471264367816092,0.27409372236958446
0.2695729537366548,0.20818505338078291,0.24466192170818504,0.2775800711743772
0.2803328953131844,0.20017520805957073,0.2422251423565484,0.27726675427069647
0.27384076990376205,0.20341207349081364,0.24496937882764655,0.2777777777777778
0.27093380096448927,0.20429636124506795,0.24594476106970628,0.27882507672073653
0.27336860670194,0.20590828924162258,0.23897707231040563,0.28174603174603174
0.2736750651607298,0.2002606429192007,0.2363162467419635,0.289748045178106
0.2747447847314691,0.1970705725699068,0.24056813138038172,0.28761651131824234
0.2695035460992908,0.20079787234042554,0.23714539007092197,0.2925531914893617
0.26777147841255994,0.20584387265590928,0.23157435673789795,0.2948102921936328
0.2675438596491228,0.20789473684210527,0.2293859649122807,0.2951754385964912
0.26490066225165565,0.21324503311258278,0.2326710816777042,0.2891832229580574
0.26821773485513606,0.2080772607550483,0.23573309920983318,0.28797190517998245
0.27405764966740576,0.2057649667405765,0.22926829268292684,0.2909090909090909
0.27421494913754973,0.20477664750110572,0.22865988500663423,0.2923485183547103
0.27677390921110623,0.20978404583516969,0.2265315116791538,0.2869105332745703
0.28053097345132744,0.2150442477876106,0.2261061946902655,0.27831858407079646
0.2857142857142857,0.20990359333917616,0.22348816827344434,0.28089395267309375
0.27931488801054016,0.21563460693895475,0.2160737812911726,0.2889767237593325
0.2779003087781209,0.22408469342743714,0.21482134980149978,0.2831936479929422
0.28908296943231443,0.2187772925764192,0.2096069868995633,0.28253275109170306
0.2845814977973568,0.2211453744493392,0.20484581497797358,0.2894273127753304
0.289612676056338,0.21654929577464788,0.20818661971830985,0.28565140845070425
0.2897155361050328,0.22188183807439826,0.21181619256017506,0.2765864332603939
0.28678745028722935,0.2209456473707468,0.21078214759169245,0.2814847547503314
0.2842572062084257,0.22527716186252772,0.21995565410199558,0.270509977827051
0.2804232804232804,0.2239858906525573,0.2204585537918871,0.2751322751322751
0.2775599128540305,0.22570806100217866,0.2261437908496732,0.27058823529411763
0.27296703296703295,0.22857142857142856,0.22989010989010988,0.26857142857142857
0.2750995134896064,0.22644847412649272,0.226890756302521,0.27156125608137993
0.276707530647986,0.22723292469352013,0.22373029772329248,0.2723292469352014
0.27336551118911806,0.22729267222465993,0.22729267222465993,0.2720491443615621
0.27023498694516973,0.23585726718885988,0.2245430809399478,0.2693646649260226
0.27224669603524226,0.23259911894273128,0.22466960352422907,0.27048458149779736
0.2678100263852243,0.22955145118733508,0.22867194371152155,0.27396657871591906
0.2737306843267108,0.23311258278145697,0.22560706401766004,0.2675496688741722
0.27460456942003514,0.23154657293497363,0.22627416520210897,0.26757469244288223
0.26796805678793256,0.2311446317657498,0.22715173025732033,0.2737355811889973
0.2656875834445928,0.23186470850022253,0.22830440587449932,0.27414330218068533
0.2595048629531388,0.23651635720601238,0.22811671087533156,0.27586206896551724
0.26153846153846155,0.22813186813186814,0.2356043956043956,0.27472527472527475
0.2563540753724803,0.2291849255039439,0.23488168273444346,0.27957931638913236
0.2548076923076923,0.23339160839160839,0.23208041958041958,0.27972027972027974
0.25778167470407715,0.22665497588776853,0.2362998684787374,0.27926348092941694
0.25803610744165567,0.22721268163804492,0.23249669749009247,0.28225451343020697
0.259946949602122,0.22944297082228116,0.23430592396109637,0.27630415561450045
0.26505494505494503,0.2320879120879121,0.22813186813186814,0.27472527472527475
0.27448397013614406,0.230566534914361,0.2274923144488362,0.26745718050065875
0.27040141155712394,0.22849580943978826,0.23246581385090428,0.2686369651521835
0.2680683311432326,0.2290845378887429,0.2325886990801577,0.27025843188786686
0.27162707306140743,0.22770058269834156,0.22904527117884357,0.27162707306140743
0.2674366948023101,0.22390048867170145,0.22878720568636163,0.2798756108396268
0.26206285967242143,0.22487826471890218,0.22709163346613545,0.28596724214254093
0.26517150395778366,0.22075637642919965,0.227792436235708,0.2862796833773087
0.27393030436700483,0.22011468901632114,0.2267313630348478,0.2792236435818262
0.2652790079716563,0.22187776793622674,0.23649247121346323,0.2763507528786537
0.2668141592920354,0.22079646017699114,0.23407079646017698,0.27831858407079646
0.2683887915936953,0.22416812609457093,0.23204903677758318,0.2753940455341506
0.2680140597539543,0.22407732864674867,0.23681898066783832,0.2710896309314587
0.26378473753859727,0.22805469783855314,0.2364358182620203,0.2717247463608293
0.2624834290764472,0.23199292973928415,0.23773751657092354,0.2677861246133451
0.2580078982009653,0.2369460289600702,0.23562966213251427,0.26941641070645017
0.2594880847308032,0.23389232127096204,0.23654015887025595,0.27007943512797883
0.2634146341463415,0.23547671840354767,0.2407982261640798,0.26031042128603105
0.2608125819134993,0.23722149410222804,0.23765836609873306,0.26430755788553956
0.25524475524475526,0.2368881118881119,0.24082167832167833,0.26704545454545453
0.2588389349628983,0.23876036665211697,0.2409428197293758,0.2614578786556089
0.2623674911660777,0.23586572438162545,0.24072438162544169,0.26104240282685515
0.2598944591029024,0.23746701846965698,0.23658751099384345,0.26605101143359716
0.2541776605101143,0.2418645558487247,0.23790677220756376,0.26605101143359716
0.25617283950617287,0.24118165784832452,0.23368606701940034,0.2689594356261023
0.25559947299077734,0.2463768115942029,0.2362758014931928,0.26174791392182695
0.25242290748898677,0.2444933920704846,0.23876651982378855,0.2643171806167401
0.2491150442477876,0.24292035398230089,0.2415929203539823,0.2663716814159292
0.24463894967177244,0.23763676148796498,0.24595185995623634,0.27177242888402625
0.24415011037527592,0.23576158940397351,0.2520971302428256,0.26799116997792494
0.2437417654808959,0.23671497584541062,0.2490118577075099,0.27053140096618356
0.24500665778961384,0.2303595206391478,0.24766977363515313,0.2769640479360852
0.24305555555555555,0.23046875,0.24913194444444445,0.27734375
0.2423043095866315,0.2247141600703606,0.2510993843447669,0.28188214599824096
0.24269264836138174,0.22232063773250665,0.25642161204605846,0.2785651018600531
0.23686514886164622,0.22110332749562173,0.2561295971978984,0.28590192644483364
0.24504186866460997,0.21595416483032173,0.254737769942706,0.2842661965623623
0.24933569530558017,0.2201062887511072,0.254207263064659,0.2763507528786537
0.25,0.22053571428571428,0.2517857142857143,0.27767857142857144
0.25874125874125875,0.21547202797202797,0.24694055944055945,0.27884615384615385
0.25617283950617287,0.21604938271604937,0.25,0.2777777777777778
0.24912280701754386,0.2179824561403509,0.25526315789473686,0.2776315789473684
0.25624178712220763,0.2172579938677179,0.25229960578186594,0.2742006132282085
0.2585669781931464,0.21984868713840677,0.2523364485981308,0.26924788607031597
0.2536036036036036,0.22432432432432434,0.24954954954954955,0.2725225225225225
0.2559576345984113,0.21888790820829657,0.24889673433362755,0.2762577228596646
0.2512035010940919,0.2188183807439825,0.25426695842450764,0.27571115973741794
0.25198587819947044,0.21977052074139453,0.2533097969991174,0.27493380406001766
0.25335120643431636,0.21760500446827524,0.2529043789097408,0.2761394101876676
0.2497773820124666,0.21371326803205698,0.25333926981300087,0.2831700801424755
0.24934612031386225,0.2140366172624237,0.25457715780296425,0.2820401046207498
0.25366503776099514,0.21412705464238116,0.25322079075966236,0.27898711683696137
0.2524271844660194,0.2122683142100618,0.25772285966460723,0.27758164165931154
0.2517482517482518,0.2111013986013986,0.2534965034965035,0.28365384615384615
0.2552539404553415,0.2075306479859895,0.2548161120840631,0.28239929947460596
0.24715162138475022,0.2077125328659071,0.2598597721297108,0.2852760736196319
0.2501106684373617,0.20230190349712263,0.26162018592297476,0.28596724214254093
0.2488986784140969,0.20572687224669603,0.25682819383259914,0.28854625550660795
0.24901011878574572,0.20765508139023317,0.25736911570611526,0.28596568411790585
0.2413339183852567,0.21412900394910048,0.25186485300570427,0.2926722246599386
0.24274406332453827,0.22031662269129287,0.24670184696569922,0.29023746701846964
0.24060150375939848,0.22158337019018134,0.24988942945599293,0.28792569659442724
0.24681598594642074,0.2134387351778656,0.2463768115942029,0.2933684672815108
0.25240594925634297,0.21828521434820647,0.2436570428696413,0.28565179352580927
0.24779929577464788,0.21610915492957747,0.24911971830985916,0.2869718309859155
0.2541776605101143,0.2198768689533861,0.24494283201407213,0.28100263852242746
0.25,0.21610915492957747,0.24955985915492956,0.28433098591549294
0.23909249563699825,0.21509598603839442,0.25,0.29581151832460734
0.24019391802556192,0.21022476862053768,0.24812692816218598,0.3014543851917144
0.23904382470119523,0.20761398849048252,0.24833997343957503,0.3050022133687472
0.23790677220756376,0.21152154793315744,0.24802110817941952,0.30255057167985927
0.24148606811145512,0.205218929677134,0.25077399380804954,0.3025210084033613
0.2440106477373558,0.20275066548358472,0.2466725820763088,0.30656610470275064
0.2472259209942299,0.19928983577452286,0.2521083000443853,0.30137594318686195
0.24617402710975075,0.20069960647135987,0.2509838216003498,0.3021425448185396
0.2413491020586947,0.20805957074025405,0.2505475251861586,0.30004380201489267
0.24592331423534597,0.20802115469369767,0.25429704715733803,0.29175848391361836
0.24571428571428572,0.21318681318681318,0.250989010989011,0.29010989010989013
0.24580759046778464,0.2113857016769638,0.2502206531332745,0.2925860547219771
0.2454905411350638,0.21865376154861416,0.2424109106907171,0.2934447866256049
0.2549363756033348,0.2132514260640632,0.24045634050021938,0.2913558578323826
0.2507726269315673,0.21766004415011037,0.2392935982339956,0.2922737306843267
0.25384277558190604,0.21695212999560826,0.23978919631093545,0.2894158981115503
0.24911816578483245,0.21516754850088182,0.24426807760141092,0.2914462081128748
0.25386313465783666,0.21324503311258278,0.23973509933774834,0.29315673289183225
0.25375110326566636,0.21270962047661077,0.235657546337158,0.2978817299205649
0.25087719298245614,0.21403508771929824,0.23859649122807017,0.2964912280701754
0.2516469038208169,0.21870882740447958,0.23407992973210365,0.29556433904259993
0.256816182937555,0.21459982409850484,0.23526824978012312,0.29331574318381703
0.24922805469783854,0.21570357300397,0.24172915747684165,0.2933392148213498
0.25032708242477103,0.21849105974705627,0.2398604448320977,0.291321412996075
0.2548758865248227,0.2154255319148936,0.23448581560283688,0.29521276595744683
0.2507672073651907,0.20955721174923278,0.2371766768960982,0.3024989039894783
0.2505484861781483,0.2062308029837648,0.23913997367266346,0.30408073716542344
0.24550635686102587,0.2121876370013152,0.24112231477422183,0.3011836913634371
0.24331433581762385,0.2099956159579132,0.2389302937308198,0.3077597544936431
0.24291321412996075,0.21238552115133014,0.23898822503270825,0.3057130396860009
0.24307692307692308,0.20747252747252748,0.24043956043956044,0.309010989010989
0.24890829694323144,0.20567685589519652,0.23406113537117904,0.311353711790393
0.2471315092674316,0.20476610767872905,0.2383053839364519,0.30979699911738745
0.2528533801580334,0.20456540825285338,0.23617208077260754,0.3064091308165057
0.24613345117101193,0.2072470172337605,0.23685373398144058,0.30976579761378703
0.25132275132275134,0.21075837742504408,0.22971781305114639,0.3082010582010582
0.2519893899204244,0.21043324491600354,0.22679045092838196,0.3107869142351901
0.2583479789103691,0.20738137082601055,0.21924428822495606,0.3150263620386643
0.26301853486319504,0.20255957634598412,0.2228596646072374,0.3115622241835834
0.2685388328214129,0.20272049144361562,0.2215884159719175,0.307152259763054
0.27212681638044917,0.20035226772346984,0.22236900044033464,0.3051519154557464
0.27024647887323944,0.20422535211267606,0.22095070422535212,0.3045774647887324
0.2747349823321555,0.2040636042402827,0.22173144876325088,0.299469964664311
0.27292672224659936,0.2053532250987275,0.21632294866169371,0.30539710399297937
0.26334208223972005,0.20909886264216973,0.21959755030621173,0.3079615048118985
0.2619893428063943,0.2091474245115453,0.22069271758436945,0.30817051509769094
0.25920994229915667,0.20550377274744785,0.22192632046160674,0.3133599644917887
0.2565121412803532,0.20927152317880796,0.22075055187637968,0.31346578366445915
0.25846153846153846,0.20483516483516484,0.22505494505494505,0.31164835164835164
0.25287356321839083,0.21352785145888595,0.21529619805481875,0.3183023872679045
0.25362000877577884,0.20754716981132076,0.21720052654673103,0.3216322948661694
0.2516382699868938,0.21494102228047182,0.21494102228047182,0.31847968545216254
0.2517636684303351,0.2072310405643739,0.21428571428571427,0.32671957671957674
0.2528334786399303,0.2013949433304272,0.22144725370531823,0.32432432432432434
0.25296442687747034,0.19938515590689504,0.22529644268774704,0.32235397452788755
0.2538293216630197,0.20043763676148796,0.22407002188183808,0.32166301969365424
0.2528533801580334,0.20149253731343283,0.22607550482879718,0.31957857769973663
0.252414398595259,0.20719929762949957,0.22431957857769974,0.3160667251975417
0.2517699115044248,0.2088495575221239,0.22831858407079647,0.3110619469026549
0.24856765094755398,0.21683561040105773,0.2265315116791538,0.3080652269722345
0.2541776605101143,0.2154793315743184,0.22251539138082674,0.30782761653474056
0.26023778071334214,0.21224130339057684,0.22765301629238222,0.2998678996036988
