C,D,Oc,Od
0.0,0.0,0.0,1.0
0.0,0.0,0.0,1.0
0.0,0.125,0.0,0.875
0.0,0.25,0.0,0.75
0.0,0.3076923076923077,0.0,0.6923076923076923
0.0,0.34146341463414637,0.07317073170731707,0.5853658536585366
0.0,0.3582089552238806,0.07462686567164178,0.5671641791044776
0.0,0.39,0.1,0.51
0.0,0.4142857142857143,0.10714285714285714,0.4785714285714286
0.004975124378109453,0.4228855721393035,0.11940298507462686,0.4527363184079602
0.0037313432835820895,0.4216417910447761,0.13432835820895522,0.44029850746268656
0.0058823529411764705,0.4147058823529412,0.1588235294117647,0.42058823529411765
0.0023923444976076554,0.4354066985645933,0.1674641148325359,0.39473684210526316
0.005780346820809248,0.4277456647398844,0.17533718689788053,0.3911368015414258
0.009708737864077669,0.4320388349514563,0.17637540453074432,0.3818770226537217
0.015006821282401092,0.4324693042291951,0.1855388813096862,0.3669849931787176
0.023014959723820484,0.43037974683544306,0.18757192174913695,0.35903337169159955
0.02390438247011952,0.4203187250996016,0.20418326693227093,0.351593625498008
0.02575107296137339,0.41545064377682406,0.20686695278969958,0.351931330472103
0.030350194552529183,0.41167315175097274,0.21478599221789882,0.3431906614785992
0.037138927097661624,0.40646492434663,0.2152682255845942,0.34112792297111416
0.04408060453400504,0.4080604534005038,0.2128463476070529,0.3350125944584383
0.04798127559976594,0.409011117612639,0.2176711527208894,0.3253364540667057
0.0509761388286334,0.41052060737527113,0.22125813449023862,0.31724511930585686
0.05766150560597971,0.40469834490122797,0.22690870261612386,0.3107314468766684
0.05798575788402848,0.3957273652085453,0.24008138351983724,0.306205493387589
0.062250996015936255,0.3929282868525896,0.2410358565737052,0.30378486055776893
0.0590513068731849,0.4022265246853824,0.24298160696999033,0.2957405614714424
0.06407214048410062,0.3925011865211201,0.2534409112482202,0.2899857617465591
0.06360259981429899,0.39740018570102137,0.2511606313834726,0.2878365831012071
0.07077625570776255,0.3863013698630137,0.25707762557077624,0.28584474885844746
0.0702775290957923,0.39391226499552373,0.25738585496866606,0.2784243509400179
0.07206405693950178,0.38523131672597866,0.2571174377224199,0.28558718861209964
0.0775055679287305,0.3888641425389755,0.25478841870824054,0.27884187082405343
0.08256070640176601,0.3818984547461369,0.2560706401766004,0.27947019867549666
0.07769973661106233,0.38937664618086043,0.2581211589113257,0.27480245829675154
0.08572691117984976,0.38400353513035795,0.2540874944763588,0.2761820592134335
0.08462560921577315,0.3903411608329641,0.24988923349579087,0.2751439964554719
0.0851721094439541,0.3879082082965578,0.2471315092674316,0.2797881729920565
0.0887705281846427,0.3914780292942743,0.25122059476253883,0.2685308477585442
0.08481948673336233,0.393214441061331,0.25228360156589824,0.2696824706394084
0.08930150309460655,0.38770999115826704,0.2497789566755084,0.27320954907161804
0.0880281690140845,0.3886443661971831,0.25132042253521125,0.2720070422535211
0.09306409130816505,0.3880597014925373,0.24846356453028973,0.2704126426690079
0.09286971830985916,0.3890845070422535,0.24515845070422534,0.272887323943662
0.09519612163948876,0.3869546055531071,0.23931247245482593,0.2785368003525782
0.09623059866962307,0.3853658536585366,0.24700665188470067,0.2713968957871397
0.09955947136563877,0.38370044052863433,0.24581497797356827,0.2709251101321586
0.1028243601059135,0.37996469549867606,0.24845542806707854,0.2687555163283319
0.1032171581769437,0.3802502234137623,0.2520107238605898,0.2645218945487042
0.10410233789148654,0.3758270842523158,0.25584472871636527,0.2642258491398324
0.11051930758988016,0.3732800710164225,0.2529960053262317,0.2632046160674656
0.11169744942832015,0.3698328935795954,0.2541776605101143,0.2642919964819701
0.11481156879929887,0.36853637160385627,0.25109553023663456,0.26555652936021035
0.11723226090788894,0.3640370207139709,0.25297487880123404,0.2657558395769061
0.10967454302273741,0.3620151582701739,0.26170307623718236,0.26660722246990637
0.11314031180400891,0.37282850779510024,0.2561247216035635,0.2579064587973274
0.11642319610447101,0.3696325807879593,0.2540947321823816,0.2598494909251881
0.11424790471989413,0.36876929863255403,0.25893250992501105,0.2580502867225408
0.11714922048997772,0.36570155902004453,0.25968819599109133,0.2574610244988864
0.12126537785588752,0.37126537785588754,0.2609841827768014,0.24648506151142355
0.11793286219081273,0.37279151943462896,0.2539752650176678,0.25530035335689044
0.11621741051701281,0.37074679628811313,0.2624834290764472,0.25055236411842685
0.12202643171806167,0.373568281938326,0.2537444933920705,0.25066079295154187
0.12588652482269502,0.3683510638297872,0.2526595744680851,0.25310283687943264
0.1266607617360496,0.366696191319752,0.25730735163861823,0.24933569530558017
0.12377560106856635,0.37355298308103296,0.24577025823686555,0.25690115761353516
0.12483458314953683,0.3714159682399647,0.25363917071018965,0.25011027790030876
0.12461334511710119,0.36942112240388864,0.25055236411842685,0.2554131683605833
0.12609841827768015,0.36291739894551844,0.257908611599297,0.2530755711775044
0.13111888111888112,0.3583916083916084,0.2530594405594406,0.25743006993006995
0.1310828583954406,0.3638754932047348,0.25252082419991234,0.25252082419991234
0.13575865128660158,0.36024844720496896,0.2511091393078971,0.2528837622005324
0.1368838028169014,0.3595950704225352,0.2460387323943662,0.2574823943661972
0.13808267370272648,0.3649956024626209,0.24274406332453827,0.2541776605101143
0.13850904278782533,0.3683281870313189,0.23908248786943095,0.25408028231142477
0.14096916299559473,0.36431718061674007,0.24625550660792953,0.24845814977973568
0.14083885209713023,0.35275938189845474,0.24856512141280354,0.2578366445916115
0.143670608848007,0.34647393780113883,0.24879544459045116,0.261060008760403
0.14804964539007093,0.34308510638297873,0.25,0.25886524822695034
0.15121951219512195,0.33791574279379155,0.2492239467849224,0.2616407982261641
0.15736263736263736,0.3283516483516484,0.2501098901098901,0.2641758241758242
0.152753108348135,0.33348134991119005,0.24911190053285967,0.26465364120781526
0.1578479324144064,0.32281013783903956,0.2516674077367719,0.26767452200978215
0.16519434628975266,0.31846289752650175,0.2495583038869258,0.2667844522968198
0.1643774922463447,0.31546300398759414,0.24856003544528135,0.2715994683207798
0.1662292213473316,0.3118985126859143,0.24671916010498687,0.2751531058617673
0.17044463818657368,0.3090671316477768,0.24847428073234526,0.27201394943330426
0.16345311130587203,0.3141980718667835,0.25153374233128833,0.2708150744960561
0.1615759185480301,0.3200531208499336,0.24878264718902168,0.2695883134130146
0.16127603012848915,0.3132476739034116,0.2507753655294639,0.27470093043863536
0.16261599646486966,0.31330092797171893,0.25143614670790987,0.27264692885550157
0.16791869200176757,0.3044631020768891,0.2483429076447194,0.27927529827662395
0.16182937554969218,0.3016710642040457,0.2497801231310466,0.28671943711521547
0.1637892872952634,0.30367419212040725,0.2478972996901284,0.28463922089420096
0.1651376146788991,0.30668414154652685,0.2529488859764089,0.27522935779816515
0.1673289183222958,0.3055187637969095,0.24900662251655628,0.2781456953642384
0.16887125220458554,0.3029100529100529,0.24691358024691357,0.281305114638448
0.17160548429898276,0.2963290579389651,0.24502432551968156,0.28704113224237066
0.1783975210270031,0.29349269588313415,0.24435590969455512,0.28375387339530767
0.18024800708591673,0.29982285208148807,0.24224977856510185,0.27767936226749335
0.1809023215067893,0.29391151992991676,0.24441524310118265,0.28077091546211125
0.18405988551298988,0.3033905768383972,0.2413033905768384,0.2712461470717745
0.18173875054608998,0.29576234163390125,0.2490170380078637,0.27348186981214506
0.18529795563288387,0.2923010004349717,0.2466289691170074,0.275772074815137
0.18330388692579505,0.2910777385159011,0.24867491166077738,0.2769434628975265
0.1828193832599119,0.2894273127753304,0.25418502202643173,0.273568281938326
0.18802289740202555,0.2892998678996037,0.25451343020695727,0.26816380449141347
0.18794014084507044,0.2953345070422535,0.2522007042253521,0.26452464788732394
0.185589519650655,0.2982532751091703,0.24759825327510918,0.2685589519650655
0.18802289740202555,0.29282254513430206,0.2514310876265962,0.2677234698370762
0.1864555848724714,0.2928759894459103,0.24758135444151275,0.27308707124010556
0.18659658344283836,0.2956636005256242,0.24660534384581692,0.27113447218572057
0.1857707509881423,0.2995169082125604,0.24418093983311376,0.27053140096618356
0.1877479065667695,0.29440282062582634,0.24680475980608196,0.27104451300132215
0.18269230769230768,0.2937062937062937,0.24694055944055945,0.27666083916083917
0.18617957746478872,0.2966549295774648,0.24867957746478872,0.26848591549295775
0.18169819621645403,0.2987241531016278,0.24593048834139902,0.2736471623405191
0.18771929824561404,0.2912280701754386,0.2442982456140351,0.2767543859649123
0.1866783523225241,0.28965819456617004,0.24802804557405783,0.275635407537248
0.19333333333333333,0.2902222222222222,0.2408888888888889,0.27555555555555555
0.19673577415086016,0.28495809439788267,0.23423026025584473,0.28407587119541244
0.18975501113585747,0.2846325167037862,0.2383073496659243,0.2873051224944321
0.18928414580588493,0.28634167764602547,0.2375933245498463,0.2867808519982433
0.1936619718309859,0.28169014084507044,0.23327464788732394,0.2913732394366197
0.195013357079252,0.2778272484416741,0.23018699910952806,0.29697239536954584
0.19515418502202644,0.2775330396475771,0.2290748898678414,0.2982378854625551
0.19902912621359223,0.2722859664607237,0.235216240070609,0.29346866725507503
0.19982355535950597,0.27613586237318044,0.2368769298632554,0.2871636524040582
0.20122753178430514,0.2779482683033757,0.23279263480929416,0.28803156510302497
0.2006172839506173,0.2826278659611993,0.2328042328042328,0.2839506172839506
0.20210434020166593,0.2766330556773345,0.23191582639193337,0.2893467777290662
0.19490781387181738,0.28050921861281825,0.23222124670763827,0.2923617208077261
0.19504643962848298,0.2857142857142857,0.23485183547103053,0.2843874391862008
0.1950682518714223,0.28753852928225454,0.23029502421840597,0.2870981946279172
0.19349164467897978,0.2858399296394019,0.2326297273526825,0.2880386983289358
0.198943661971831,0.28080985915492956,0.23943661971830985,0.28080985915492956
0.19490781387181738,0.2778753292361721,0.23529411764705882,0.2919227392449517
0.19520851818988466,0.27994676131322094,0.23735581188997337,0.28748890860692106
0.20105587329520458,0.2732072151341839,0.23669159700835898,0.2890453145622525
0.20280332895313186,0.2777047744196233,0.2325886990801577,0.28690319754708715
0.20501539815222172,0.2776066871975363,0.23053233611966564,0.28684557853057635
0.20747996438112198,0.280053428317008,0.22662511130899377,0.2858414959928762
0.2066518847006652,0.2838137472283814,0.22749445676274946,0.282039911308204
0.20553359683794467,0.287659200702679,0.2231005709266579,0.28370663153271847
0.20767195767195767,0.2896825396825397,0.22354497354497355,0.2791005291005291
0.21425428948526176,0.289925208974923,0.21953365596128466,0.27628684557853056
0.21438082556591212,0.28806036395916557,0.2241455836662228,0.2734132268086995
0.21935201401050788,0.28108581436077057,0.21891418563922943,0.28064798598949214
0.21935201401050788,0.2819614711033275,0.2171628721541156,0.28152364273204905
0.22559366754617413,0.2884784520668426,0.21240105540897097,0.27352682497801234
0.22627416520210897,0.28295254833040423,0.2117750439367311,0.2789982425307557
0.22085349758029035,0.2846458424989001,0.21645402551693796,0.27804663440387156
0.23107569721115537,0.2810978308986277,0.21336874723328905,0.27445772465692786
0.239492119089317,0.28371278458844135,0.2105954465849387,0.266199649737303
0.24450307827616535,0.28671943711521547,0.20844327176781002,0.26033421284080915
0.23529411764705882,0.28836797877045556,0.20875718708536045,0.26758071649712517
0.24318381706244502,0.28188214599824096,0.20448548812664907,0.2704485488126649
0.23952359947066607,0.2827525363917071,0.20423467137185708,0.2734891927657697
0.24534986713906112,0.27989371124889284,0.20194862710363154,0.2728077945084145
0.24670184696569922,0.2836411609498681,0.20184696569920843,0.2678100263852243
0.2522202486678508,0.28463587921847244,0.19849023090586146,0.26465364120781526
0.2545779365788298,0.2831621259490844,0.19651630192050024,0.26574363555158553
0.2541776605101143,0.27924362357080035,0.19700967458223395,0.2695690413368514
0.2579064587973274,0.27884187082405343,0.19866369710467707,0.26458797327394207
0.25742135578201153,0.2826761187416925,0.19849357554275587,0.2614089499335401
0.26251097453906935,0.2783143107989464,0.1922739244951712,0.266900790166813
0.2644736842105263,0.2719298245614035,0.19210526315789472,0.27149122807017545
0.2684739833843463,0.270222999562746,0.1875819851333625,0.2737210319195453
0.26350752878653677,0.2728077945084145,0.18910540301151463,0.2745792736935341
0.2651183172655565,0.2743207712532866,0.19412795793163892,0.26643295354951796
0.26687251874724305,0.27084252315835905,0.19585355094838994,0.26643140714600794
0.27498889382496666,0.2665482007996446,0.18480675255442025,0.27365615282096845
0.2741295724988982,0.2600264433671221,0.19127368884971352,0.2745702952842662
0.2804931748128578,0.265962131219727,0.18582122413033905,0.2677234698370762
0.2857773851590106,0.2597173144876325,0.18507067137809188,0.26943462897526504
0.28803156510302497,0.25515124945199474,0.1823761508110478,0.2744410346339325
0.285089637079143,0.26016615653694797,0.17883690424136423,0.27590730214254483
0.28118113706478626,0.254737769942706,0.18025561921551345,0.2838254737769943
0.276707530647986,0.2548161120840631,0.18345008756567427,0.2850262697022767
0.2754517408550022,0.2622300572939621,0.18422212428382548,0.2780960775672102
0.2789382071366406,0.26022628372497825,0.18320278503046128,0.27763272410791995
0.28063241106719367,0.2503293807641634,0.1888449714536671,0.28019323671497587
0.28178998670801947,0.24944616747895437,0.19051838723969872,0.27824545857332744
0.2850877192982456,0.24912280701754386,0.1868421052631579,0.2789473684210526
0.28527336860670194,0.2517636684303351,0.18518518518518517,0.2777777777777778
0.28993821712268314,0.25419240953221534,0.18314210061782876,0.2727272727272727
0.29367866549604915,0.247585601404741,0.1826163301141352,0.27611940298507465
0.2916299559471366,0.24845814977973568,0.18502202643171806,0.2748898678414097
0.2889867841409692,0.2616740088105727,0.1814977973568282,0.26784140969162995
0.2848990342405619,0.2603160667251975,0.18568920105355574,0.26909569798068483
0.2869718309859155,0.261443661971831,0.18441901408450703,0.2671654929577465
0.3000886524822695,0.2566489361702128,0.18351063829787234,0.25975177304964536
0.2998673153471915,0.2529854046881911,0.17823971693940735,0.2689075630252101
0.2937062937062937,0.2543706293706294,0.17963286713286714,0.2722902097902098
0.290519877675841,0.2595019659239843,0.18261249453910006,0.2673656618610747
0.28855501546619533,0.2620415377817057,0.18161732213875387,0.2677861246133451
0.29101221640488656,0.2613438045375218,0.1793193717277487,0.2683246073298429
0.28602715724923344,0.2619360490582567,0.18221638195356987,0.26982041173894
0.28742780986228345,0.2643269657929809,0.1745890715237672,0.27365615282096845
0.2932098765432099,0.25925925925925924,0.1693121693121693,0.27821869488536155
0.28864628820960697,0.26506550218340613,0.17510917030567685,0.27117903930131004
0.292415607189829,0.2529592284085927,0.17448487505480054,0.2801402893467777
0.2940663176265271,0.25654450261780104,0.17015706806282724,0.2792321116928447
0.29279080053073864,0.25961963732861565,0.1751437417072092,0.2724458204334365
0.2919227392449517,0.26294995610184374,0.17164179104477612,0.27348551360842843
0.2972972972972973,0.2583074878156845,0.17545414266725742,0.26894107221976077
0.2950242184059885,0.25935711140466755,0.17789520035226772,0.2677234698370762
0.290989010989011,0.2624175824175824,0.17846153846153845,0.2681318681318681
0.2944812362030905,0.26269315673289184,0.1770419426048565,0.26578366445916113
0.2914837576821773,0.2598770851624232,0.1769095697980685,0.271729587357331
0.289612676056338,0.26672535211267606,0.17297535211267606,0.2706866197183099
0.28735632183908044,0.2661361626878868,0.1755083996463307,0.27099911582670205
0.28590192644483364,0.26663747810858146,0.1786339754816112,0.26882661996497376
0.2831936479929422,0.2646669607410675,0.18262020291133657,0.2695191883546537
0.29023746701846964,0.25813544415127526,0.17985927880386984,0.2717678100263852
0.2980132450331126,0.2600441501103753,0.17439293598233996,0.2675496688741722
0.295873573309921,0.2607550482879719,0.17339771729587358,0.26997366110623355
0.29558373414954087,0.2579798863139484,0.17708788806296458,0.2693484914735461
0.294792586054722,0.264783759929391,0.1707855251544572,0.26963812886142985
0.295873573309921,0.26514486391571557,0.17208077260755048,0.266900790166813
0.29411764705882354,0.2660228270412643,0.17383669885864794,0.2660228270412643
0.29631255487269537,0.26251097453906935,0.18129938542581212,0.2598770851624232
0.29882044560943644,0.2621231979030144,0.18435998252512015,0.254696373962429
0.3006651884700665,0.26252771618625276,0.18314855875831484,0.25365853658536586
0.30052956751985876,0.263901147396293,0.1822594880847308,0.2533097969991174
0.29789103690685415,0.2618629173989455,0.18585237258347978,0.2543936731107206
0.2961657117672984,0.25297487880123404,0.19127368884971352,0.25958572058175405
0.3006189213085765,0.25552608311229,0.1852343059239611,0.25862068965517243
0.3031374281926646,0.25231992929739283,0.18824569155987628,0.25629695095006627
0.29995569339831635,0.2472308373947718,0.19229065130704476,0.2605228178998671
0.3022747156605424,0.2484689413823272,0.19247594050743658,0.2567804024496938
0.3013215859030837,0.24405286343612334,0.19779735682819383,0.25682819383259914
0.2982689747003995,0.24766977363515313,0.2041722148246782,0.2498890368397692
0.2900662251655629,0.25298013245033113,0.21236203090507727,0.2445916114790287
0.28558718861209964,0.2513345195729537,0.2148576512455516,0.24822064056939502
0.2893692104102338,0.24834583149536832,0.21041023378914867,0.2518747243052492
0.29882044560943644,0.2472695500218436,0.20838794233289645,0.2455220620358235
0.2864099158919876,0.2456839309428951,0.21381142098273573,0.2540947321823816
0.2898103220114689,0.2434936038817821,0.2121746801940891,0.2545213939126599
0.29305002213368747,0.24878264718902168,0.20938468348826914,0.24878264718902168
0.29701230228471004,0.2491212653778559,0.21221441124780316,0.24165202108963094
0.29721362229102166,0.25077399380804954,0.2034498009730208,0.248562582927908
0.2961165048543689,0.25375110326566636,0.2087378640776699,0.24139452780229478
0.2986784140969163,0.24669603524229075,0.2092511013215859,0.24537444933920705
0.2904782799473453,0.2505484861781483,0.2053532250987275,0.25362000877577884
0.29219920669898636,0.25209343323049804,0.2009695901278096,0.254737769942706
0.3010181496237273,0.24612660469234174,0.20008853474988933,0.2527667109340416
0.301827909050379,0.24476148016049934,0.19839500668747215,0.2550156041016496
0.30524922805469784,0.2434936038817821,0.19364799294221438,0.2576091751213057
0.3025283347863993,0.24324324324324326,0.19224062772449868,0.2619877942458588
0.3084358523725835,0.24165202108963094,0.19244288224956063,0.25746924428822493
0.3130008904719501,0.2382012466607302,0.18967052537845058,0.2591273374888691
0.31359649122807015,0.23201754385964912,0.19649122807017544,0.2578947368421053
0.31382042253521125,0.23767605633802816,0.19234154929577466,0.25616197183098594
0.3152796125055042,0.24350506384852488,0.190224570673712,0.2509907529722589
0.3191021126760563,0.2420774647887324,0.18309859154929578,0.2557218309859155
0.3153271848924023,0.23583662714097497,0.18357487922705315,0.2652613087395696
0.3103142983621071,0.23727312970340858,0.18548030101814963,0.26693227091633465
0.3125,0.23645104895104896,0.18138111888111888,0.2696678321678322
0.3050397877984085,0.2396109637488948,0.1825817860300619,0.27276746242263483
0.3028045574057844,0.2366345311130587,0.1831726555652936,0.2773882559158633
0.30365799911855446,0.23358307624504188,0.18378140149845748,0.2789775231379462
0.29973591549295775,0.23415492957746478,0.18617957746478872,0.27992957746478875
0.3028571428571429,0.2312087912087912,0.18461538461538463,0.2813186813186813
0.2976929902395741,0.23380656610470274,0.1850044365572316,0.2834960070984916
0.3064946619217082,0.2277580071174377,0.18104982206405695,0.2846975088967972
0.30560420315236425,0.22197898423817863,0.17950963222416813,0.29290718038528896
0.3125827814569536,0.22428256070640176,0.1814569536423841,0.28167770419426047
0.30647291941875826,0.2289740202553941,0.1831792162043153,0.2813738441215324
0.31042128603104213,0.2270509977827051,0.18048780487804877,0.282039911308204
0.30786122090469914,0.2231005709266579,0.18050065876152832,0.2885375494071146
0.30819815870232353,0.2209557211749233,0.18106093818500657,0.2897851819377466
0.30293730819815873,0.22139412538360367,0.18281455501972818,0.2928540113985094
0.30216144684605206,0.22143802382002647,0.1839435377150419,0.29245699161887956
0.30114135206321335,0.2212467076382792,0.1861281826163301,0.2914837576821773
0.3044631020768891,0.21741051701281486,0.18426866990720284,0.2938577110030932
0.30158730158730157,0.21604938271604937,0.18430335097001763,0.2980599647266314
0.2985008818342152,0.21516754850088182,0.18738977072310406,0.29894179894179895
0.29524232992441085,0.2138728323699422,0.187638950644731,0.303245887060916
0.29636124506795264,0.21613327487943884,0.18281455501972818,0.3046909250328803
0.29943007452871545,0.21788689171416045,0.183691363437089,0.2989916703200351
0.2989464442493415,0.21422300263388938,0.19095697980684812,0.295873573309921
0.29492273730684326,0.21147902869757174,0.19205298013245034,0.30154525386313463
0.28748890860692106,0.2191659272404614,0.19165927240461403,0.30168589174800353
0.28659070990359337,0.21691498685363717,0.19544259421560034,0.30105170902716916
0.2794245858761988,0.2140366172624237,0.2013949433304272,0.3051438535309503
0.28252299605781866,0.21594393342093737,0.1988611476127902,0.3026719229084538
0.28225451343020697,0.21400264200792601,0.19859092910612064,0.3051519154557464
0.2776315789473684,0.21271929824561403,0.20043859649122808,0.3092105263157895
0.2857142857142857,0.21626373626373627,0.19428571428571428,0.3037362637362637
0.28521281263712156,0.21281263712154452,0.19394471259324264,0.3080298376480913
0.28325991189427313,0.2185022026431718,0.1920704845814978,0.30616740088105726
0.2870939420544337,0.21597892888498682,0.19183494293239683,0.3050921861281826
0.2890453145622525,0.21733391992960846,0.192696876374835,0.300923889133304
0.2835164835164835,0.22021978021978023,0.19384615384615383,0.30241758241758243
0.2848965213562307,0.22104799647732276,0.1928665785997358,0.3011889035667107
0.28021248339973437,0.22177954847277556,0.19167773351040282,0.3063302346170872
0.27846425419240955,0.22462488967343336,0.18976169461606354,0.30714916151809357
0.2769367764915405,0.22662511130899377,0.19278717720391808,0.30365093499554763
0.27916120576671033,0.22629969418960244,0.1909130624726955,0.3036260375709917
0.2778268551236749,0.22659010600706714,0.19213780918727916,0.3034452296819788
0.277851166886834,0.22677234698370763,0.1906649053280493,0.3047115808014091
0.2788546255506608,0.22290748898678414,0.19162995594713655,0.3066079295154185
0.2723684210526316,0.22236842105263158,0.1899122807017544,0.31535087719298244
0.2701998262380539,0.22502172024326672,0.1894005212858384,0.315377932232841
0.2704237658366099,0.2276103101791175,0.1926605504587156,0.30930537352555704
0.2678729037952339,0.22418358340688438,0.1977052074139453,0.31023830538393643
0.27453580901856767,0.23209549071618038,0.19363395225464192,0.29973474801061006
0.27454464682363394,0.22478898267436695,0.19635717458907154,0.3043091959129276
0.27153476169654567,0.2225623087013555,0.20244862264975952,0.3034543069523393
0.2701275846898372,0.22525296964364278,0.19973603167619886,0.30488341399032115
0.26948480845442535,0.22457067371202113,0.20299427564949363,0.30295024218405986
0.27716673999120106,0.22173339199296085,0.20281566212054553,0.2982842058952926
0.2736471623405191,0.22393312802463705,0.19973603167619886,0.302683677958645
0.2781195079086116,0.22539543057996486,0.1999121265377856,0.29657293497363796
0.27292672224659936,0.21763931548924967,0.20447564721369021,0.3049583150504607
0.270353982300885,0.22256637168141594,0.2013274336283186,0.30575221238938055
0.2682602921646746,0.2204515272244356,0.2067286409915892,0.3045595396193006
0.27188737351517817,0.214694236691597,0.20589529256489222,0.3075230972283326
0.2684772929652716,0.21504897595725736,0.21282279608192342,0.30365093499554763
0.27296819787985865,0.20803886925795054,0.21289752650176677,0.30609540636042404
0.27956521739130435,0.2026086956521739,0.21434782608695652,0.3034782608695652
0.27926348092941694,0.20780359491451117,0.20385795703638754,0.30907496711968435
0.28051486906347095,0.20550377274744785,0.2072791833111407,0.30670217487794055
0.2842794759825327,0.2017467248908297,0.20436681222707423,0.30960698689956334
0.28158362989323843,0.20062277580071175,0.20685053380782917,0.3109430604982206
0.28634751773049644,0.20301418439716312,0.2052304964539007,0.3054078014184397
0.28832442067736186,0.19741532976827095,0.20632798573975045,0.30793226381461675
0.28874172185430463,0.19602649006622516,0.20485651214128037,0.31037527593818987
0.29532546963739625,0.19484491044124072,0.20401922236784623,0.3058103975535168
0.29678555702333775,0.19110523998238663,0.2073976221928666,0.3047115808014091
0.2951914514692787,0.19011576135351738,0.20703472840605522,0.3076580587711487
0.2989872302950242,0.18846323205636284,0.20827829150154117,0.3042712461470718
0.29564452265728114,0.18433787945446548,0.214694236691597,0.30532336119665643
0.2961657117672984,0.18510356985456147,0.20890260026443366,0.3098281181137065
0.2928759894459103,0.18601583113456466,0.2106420404573439,0.31046613896218117
0.29854046881910656,0.18133569217160547,0.20964175143741706,0.31048208757187085
0.29969012837538733,0.17397078353253653,0.20495794599380257,0.32138114209827356
0.2984014209591474,0.16962699822380106,0.20648312611012434,0.32548845470692717
0.2980599647266314,0.17239858906525574,0.2054673721340388,0.32407407407407407
0.30057803468208094,0.17341040462427745,0.20008892841262785,0.32592263228101376
0.2953138815207781,0.16843501326259946,0.20733863837312114,0.32891246684350134
0.2880386983289358,0.17370272647317503,0.20360598065083554,0.33465259454705365
0.2925860547219771,0.1707855251544572,0.20653133274492497,0.3300970873786408
0.28790534618755476,0.1726555652936021,0.2042068361086766,0.3352322524101665
0.28775055679287304,0.16792873051224944,0.20311804008908685,0.3412026726057906
0.2881729920564872,0.17166813768755515,0.20123565754633715,0.3389232127096205
0.2835820895522388,0.1707638279192274,0.2054433713784021,0.3402107111501317
0.2886053673559173,0.17201935767707874,0.20325560932688078,0.3361196656401232
0.287215411558669,0.17513134851138354,0.19746059544658495,0.3401926444833625
0.2888595332452664,0.17789520035226772,0.19154557463672392,0.34169969176574194
0.28996933858957513,0.1738939991239597,0.1953569864213754,0.3407796758650898
0.28653931585961795,0.17503331852509996,0.1928031985784096,0.3456241670368725
0.2873665480427046,0.17927046263345195,0.18816725978647686,0.34519572953736655
0.2933865956502441,0.17532179316466934,0.1877496671105193,0.34354194407456723
0.293569844789357,0.17028824833702882,0.18536585365853658,0.3507760532150776
0.29292929292929293,0.1712779973649539,0.19104084321475626,0.3447518664909969
0.2943741822939381,0.17095508068033144,0.18796336676842565,0.34670737025730486
0.2937062937062937,0.1743881118881119,0.18487762237762237,0.34702797202797203
0.2978817299205649,0.176522506619594,0.1853486319505737,0.34024713150926744
0.29808973789426924,0.17503331852509996,0.18658374055975122,0.3402932030208796
0.3042316258351893,0.177728285077951,0.18129175946547885,0.33674832962138085
0.2991150442477876,0.18053097345132743,0.18053097345132743,0.3398230088495575
0.2927689594356261,0.18165784832451498,0.18209876543209877,0.34347442680776014
0.28870475359790665,0.18098560837331007,0.18665503706934147,0.3436546009594418
0.2893692104102338,0.17468019408910454,0.18923687692986327,0.3467137185707984
0.28471001757469244,0.18014059753954306,0.18717047451669597,0.34797891036906853
0.28347143480157,0.17444395987788922,0.18796336676842565,0.35412123855211514
0.2887817703768624,0.16827344434706398,0.19193689745836984,0.35100788781770376
0.286156567890314,0.16806722689075632,0.19195046439628483,0.35382574082264484
0.287659200702679,0.17039964866051824,0.19279754062362758,0.34914361001317523
0.2793594306049822,0.17215302491103202,0.19572953736654805,0.3527580071174377
0.28145550197281893,0.17273125822007893,0.18982902235861465,0.3559842174484875
0.280794701986755,0.17130242825607064,0.18719646799116998,0.36070640176600444
0.28191489361702127,0.16578014184397163,0.18838652482269502,0.36391843971631205
0.2854625550660793,0.16343612334801763,0.18634361233480176,0.36475770925110135
0.28355555555555556,0.164,0.1831111111111111,0.36933333333333335
0.28389084507042256,0.16857394366197184,0.18397887323943662,0.363556338028169
0.28334062090074336,0.16878006121556624,0.184958460865763,0.3629208570179274
0.28098808998676666,0.1662990736656374,0.1795324217026908,0.37318041464490515
0.28206258263552225,0.16747465843984133,0.18025561921551345,0.37020713970912295
0.28690319754708715,0.15987735435830047,0.18309242225142355,0.3701270258431888
0.2836218375499334,0.1673324456280515,0.17709720372836218,0.3719485130936529
0.28400531679220203,0.16703588834736377,0.1798848028356225,0.36907399202481167
0.28646748681898065,0.16432337434094904,0.17926186291739896,0.36994727592267135
0.2867225408028231,0.16365240405822673,0.1773268636965152,0.3722981914424349
0.28125,0.17232142857142857,0.18080357142857142,0.365625
0.28272484416740873,0.1714158504007124,0.17853962600178094,0.36731967943009797
0.28357551739321885,0.17393218846323205,0.17701453104359313,0.36547776309995594
0.2870939420544337,0.16988586479367868,0.1769095697980685,0.36611062335381916
0.28413610251878035,0.16747680070702606,0.1864781263809103,0.36190897039328324
0.2861552028218695,0.1697530864197531,0.18253968253968253,0.36155202821869487
0.2857769973661106,0.16769095697980685,0.17866549604916593,0.3678665496049166
0.2822085889570552,0.17397020157756354,0.1792287467134093,0.36459246275197194
0.27912087912087913,0.1731868131868132,0.1832967032967033,0.3643956043956044
0.27952233524988945,0.17779743476337903,0.17912428129146396,0.3635559486952676
0.27649154051647373,0.1731967943009795,0.18477292965271594,0.3655387355298308
0.28001752848378614,0.17791411042944785,0.1765994741454864,0.3654688869412796
0.2846325167037862,0.17728285077951003,0.17461024498886416,0.36347438752783967
0.2854633289415898,0.17610891523935002,0.17654808959156784,0.3618796662274923
0.29133858267716534,0.17760279965004375,0.17497812773403323,0.3560804899387577
0.2821650399290151,0.17879325643300797,0.17701863354037267,0.36202307009760426
0.2865342163355408,0.17748344370860927,0.17748344370860927,0.35849889624724063
0.2877379371403276,0.17751217352810977,0.17042939353696326,0.36432049579459935
0.28893805309734516,0.17920353982300885,0.17035398230088494,0.36150442477876105
0.295146480104941,0.1709663314385658,0.1670310450371666,0.36685614341932665
0.29370321444297665,0.1695288419198591,0.17349185380889476,0.3632760898282695
0.2930048394192697,0.172459304883414,0.16893972723273207,0.3655961284645842
0.2911169744942832,0.17458223394898856,0.16094986807387862,0.3733509234828496
0.28925254312251214,0.17027863777089783,0.17027863777089783,0.37019018133569215
0.29515418502202645,0.1748898678414097,0.166079295154185,0.36387665198237884
0.3018867924528302,0.17068889863975428,0.16279069767441862,0.3646336112329969
0.30398230088495576,0.16769911504424778,0.16681415929203539,0.36150442477876105
0.3051519154557464,0.16996917657419638,0.16424482606781154,0.3606340819022457
0.3084358523725835,0.163884007029877,0.1687170474516696,0.35896309314586994
0.30434782608695654,0.16600790513833993,0.17083882301273606,0.3588054457619675
0.30052724077328646,0.16827768014059755,0.17398945518453426,0.3572056239015817
0.30141843971631205,0.16799645390070922,0.16622340425531915,0.36436170212765956
0.307139649753031,0.162550516389762,0.1674898967220476,0.3628199371351594
0.30836618484450284,0.16206745510293474,0.1712658782303986,0.35830048182216384
0.30695652173913046,0.16391304347826086,0.1691304347826087,0.36
0.3070521243977223,0.1677617170389838,0.16469557599649584,0.36049058256679806
0.30562884784520666,0.17150395778364116,0.16182937554969218,0.36103781882145997
0.3089005235602094,0.17146596858638743,0.15924956369982549,0.36038394415357766
0.3083038869257951,0.1696113074204947,0.16342756183745583,0.3586572438162544
0.3063583815028902,0.1707425522454424,0.16540684748777235,0.3574922187638951
0.3072210065645514,0.16761487964989058,0.16061269146608315,0.36455142231947485
0.31040564373897706,0.17195767195767195,0.15873015873015872,0.35890652557319225
0.3065150852645387,0.17358985570616528,0.1595977262789681,0.36029733275032794
0.3113082039911308,0.17560975609756097,0.15388026607538802,0.35920177383592017
0.30365799911855446,0.1754076685764654,0.15866020273248127,0.3622741295724989
0.307488986784141,0.17224669603524229,0.15770925110132158,0.36255506607929516
0.3054078014184397,0.16445035460992907,0.16179078014184398,0.3683510638297872
0.31117957746478875,0.1602112676056338,0.15845070422535212,0.3701584507042254
0.311922569291685,0.16410030796304442,0.15794104707435108,0.3660360756709195
0.3131844064826982,0.16294349540078842,0.15462111257117828,0.3692509855453351
0.3118613949355842,0.16659262549977788,0.15370946246112838,0.36783651710350956
0.31390728476821195,0.16997792494481237,0.1487858719646799,0.3673289183222958
0.31618293755496923,0.16534740545294635,0.14907651715039577,0.36939313984168864
0.3140569395017794,0.16814946619217083,0.148576512455516,0.3692170818505338
0.3102094240837696,0.16797556719022688,0.1518324607329843,0.3699825479930192
0.3143487858719647,0.16556291390728478,0.1509933774834437,0.3690949227373068
0.31902654867256636,0.1663716814159292,0.14823008849557523,0.3663716814159292
0.31808183018037833,0.15970083589969203,0.150461944566652,0.3717553893532776
0.3143989431968296,0.16336415675913693,0.15147512109202993,0.3707617789520035
0.313215859030837,0.16784140969162994,0.1511013215859031,0.36784140969163
0.3160667251975417,0.16681299385425813,0.14837576821773485,0.3687445127304653
0.3145478374836173,0.16076889471384884,0.15377894276976845,0.3709043250327654
0.31304728546409805,0.16330998248686515,0.15367775831873906,0.36996497373029774
0.31327433628318585,0.168141592920354,0.1508849557522124,0.3676991150442478
0.3008849557522124,0.16681415929203539,0.15442477876106195,0.37787610619469025
0.2951111111111111,0.16755555555555557,0.15777777777777777,0.37955555555555553
0.29767645769399387,0.16308636562911005,0.158702323542306,0.38053485313459007
0.3011994669035984,0.16392714349178142,0.1568191914704576,0.3780541981341626
0.2974628171478565,0.16229221347331582,0.16141732283464566,0.378827646544182
0.29853398489560196,0.16303864948911595,0.15015548645046645,0.38827187916481565
0.2971656333038087,0.15677590788308238,0.15544729849424269,0.3906111603188663
0.2926722246599386,0.15928038613426942,0.15445370776656428,0.39359368143922774
0.29091706888986396,0.15752523036419483,0.15884159719175076,0.39271610355419045
0.2906208718626156,0.1571994715984148,0.16292382210479964,0.38925583443416995
0.29059080962800876,0.16105032822757112,0.1588621444201313,0.38949671772428884
0.29499561018437226,0.15978928884986832,0.15803336259877085,0.3871817383669886
0.2979664014146773,0.16180371352785147,0.16003536693191867,0.3801945181255526
0.2986784140969163,0.15594713656387665,0.15506607929515417,0.3903083700440529
0.30238726790450926,0.15428824049513704,0.15561450044208666,0.38770999115826704
0.3,0.15391304347826087,0.15521739130434783,0.3908695652173913
0.30136383633963926,0.15574131104267488,0.15222173339199296,0.3906731192256929
0.3033112582781457,0.15717439293598234,0.1562913907284768,0.38322295805739515
0.31125827814569534,0.1554083885209713,0.15364238410596026,0.37969094922737306
0.31443755535872453,0.15101860053144375,0.15721877767936226,0.3773250664304694
0.3204903677758319,0.14886164623467601,0.1584938704028021,0.37215411558669004
0.3172779496243924,0.15112682280159082,0.15377817057003976,0.377817057003977
0.3127208480565371,0.1515017667844523,0.1515017667844523,0.3842756183745583
0.30935569285083847,0.15136804942630186,0.1557811120917917,0.38349514563106796
0.3141728828433524,0.14348398420359806,0.1570864414216762,0.38525669153137343
0.30776014109347444,0.14462081128747795,0.15961199294532627,0.3880070546737213
0.30181175430844015,0.14670790985417587,0.15996464869642069,0.3915156871409633
0.30526315789473685,0.15043859649122807,0.1570175438596491,0.38728070175438595
0.30813694975544687,0.154290795909293,0.15384615384615385,0.38372610048910627
0.30759046778464255,0.16107678729037953,0.1531332744924978,0.37819947043248014
0.30718667835232255,0.15644171779141106,0.15556529360210342,0.380806310254163
0.30915524104378594,0.15568332596196374,0.1601061477222468,0.37505528527200355
0.3049583150504607,0.15577007459412023,0.1645458534444932,0.37472575691092586
0.2959363957597173,0.1607773851590106,0.16298586572438162,0.38030035335689044
0.30295024218405986,0.15852047556142668,0.16028181417877588,0.37824746807573756
0.29921602787456447,0.156794425087108,0.1672473867595819,0.37674216027874563
0.30066815144766146,0.15367483296213807,0.16971046770601336,0.3759465478841871
0.29779735682819386,0.15506607929515417,0.16872246696035242,0.37841409691629957
0.2923485183547103,0.15479876160990713,0.17381689517912427,0.3790358248562583
0.29210526315789476,0.1587719298245614,0.1763157894736842,0.37280701754385964
0.29475982532751094,0.16069868995633188,0.17423580786026202,0.3703056768558952
0.2935540069686411,0.1720383275261324,0.17334494773519163,0.36106271777003485
0.29243623570800353,0.17326297273526825,0.17634124890061564,0.3579595426561126
0.29525483304042177,0.1757469244288225,0.17618629173989456,0.35281195079086114
0.29036515618125824,0.17509898812142544,0.17553893532776066,0.35899692036955566
0.2892670157068063,0.17582897033158812,0.174956369982548,0.3599476439790576
0.2966213251426064,0.17200526546731024,0.17112768758227292,0.36024572180781045
0.29676573426573427,0.17176573426573427,0.17045454545454544,0.361013986013986
0.2919772029811486,0.17229285401139852,0.17229285401139852,0.36343708899605437
0.2908208296557811,0.17210944395410416,0.17166813768755515,0.36540158870255957
0.289612676056338,0.1738556338028169,0.16857394366197184,0.36795774647887325
0.2837659480862297,0.1702595688517378,0.16717993840739112,0.37879454465464146
0.2852760736196319,0.17484662576687116,0.1730937773882559,0.366783523225241
0.2783687943262411,0.17819148936170212,0.17198581560283688,0.37145390070921985
0.2862144420131291,0.17899343544857768,0.16936542669584245,0.36542669584245074
0.2867256637168142,0.17831858407079645,0.17079646017699116,0.3641592920353982
0.2890249234805422,0.18277219064276345,0.1674682990817665,0.36073458679492787
0.2883275261324042,0.1833623693379791,0.16681184668989546,0.3614982578397213
0.285089637079143,0.18583296895496285,0.1635330126803673,0.3655443812855269
0.290223586146427,0.19289785181937746,0.15914072775098642,0.3577378342832091
0.2839946500222916,0.190815871600535,0.16049933125278645,0.36469014712438697
0.2751111111111111,0.18755555555555556,0.16444444444444445,0.3728888888888889
0.27602799650043747,0.18678915135608049,0.1657917760279965,0.37139107611548555
0.278926528816542,0.17993840739111305,0.17289925208974924,0.3682358117025957
0.2754650132860939,0.183348095659876,0.1744906997342781,0.366696191319752
0.28183437221727514,0.17853962600178094,0.17230632235084595,0.36731967943009797
0.2793468667255075,0.1796116504854369,0.16990291262135923,0.37113857016769636
