C,D,Oc,Od
1.0,0.0,0.0,0.0
1.0,0.0,0.0,0.0
1.0,0.0,0.0,0.0
1.0,0.0,0.0,0.0
0.8,0.0,0.2,0.0
0.6,0.2,0.2,0.0
0.5,0.3333333333333333,0.16666666666666666,0.0
0.5,0.16666666666666666,0.16666666666666666,0.16666666666666666
0.42857142857142855,0.14285714285714285,0.2857142857142857,0.14285714285714285
0.5,0.0,0.16666666666666666,0.3333333333333333
0.5,0.0,0.16666666666666666,0.3333333333333333
0.5,0.0,0.16666666666666666,0.3333333333333333
0.42857142857142855,0.0,0.2857142857142857,0.2857142857142857
0.42857142857142855,0.0,0.2857142857142857,0.2857142857142857
0.5,0.0,0.25,0.25
0.5454545454545454,0.0,0.2727272727272727,0.18181818181818182
0.6363636363636364,0.0,0.18181818181818182,0.18181818181818182
0.6666666666666666,0.0,0.25,0.08333333333333333
0.6153846153846154,0.07692307692307693,0.23076923076923078,0.07692307692307693
0.5714285714285714,0.14285714285714285,0.21428571428571427,0.07142857142857142
0.631578947368421,0.10526315789473684,0.21052631578947367,0.05263157894736842
0.6153846153846154,0.19230769230769232,0.15384615384615385,0.038461538461538464
0.6333333333333333,0.2,0.13333333333333333,0.03333333333333333
0.7894736842105263,0.15789473684210525,0.05263157894736842,0.0
0.7959183673469388,0.14285714285714285,0.061224489795918366,0.0
0.819672131147541,0.11475409836065574,0.04918032786885246,0.01639344262295082
0.8611111111111112,0.09722222222222222,0.013888888888888888,0.027777777777777776
0.8936170212765957,0.06382978723404255,0.010638297872340425,0.031914893617021274
0.8867924528301887,0.05660377358490566,0.018867924528301886,0.03773584905660377
0.875,0.05,0.03333333333333333,0.041666666666666664
0.8633093525179856,0.050359712230215826,0.02158273381294964,0.06474820143884892
0.8654970760233918,0.04093567251461988,0.017543859649122806,0.07602339181286549
0.8666666666666667,0.041025641025641026,0.020512820512820513,0.07179487179487179
0.8663793103448276,0.034482758620689655,0.021551724137931036,0.07758620689655173
0.849802371541502,0.043478260869565216,0.023715415019762844,0.08300395256916997
0.8493150684931506,0.03424657534246575,0.02054794520547945,0.0958904109589041
0.8575851393188855,0.030959752321981424,0.018575851393188854,0.09287925696594428
0.8493150684931506,0.03287671232876712,0.01643835616438356,0.10136986301369863
0.8564476885644768,0.031630170316301706,0.0170316301703163,0.0948905109489051
0.851528384279476,0.03056768558951965,0.015283842794759825,0.10262008733624454
0.8590998043052838,0.029354207436399216,0.011741682974559686,0.09980430528375733
0.8469945355191257,0.0273224043715847,0.012750455373406194,0.11293260473588343
0.8477905073649754,0.02618657937806874,0.014729950900163666,0.11129296235679215
0.8451127819548873,0.02857142857142857,0.013533834586466165,0.11278195488721804
0.850415512465374,0.0221606648199446,0.013850415512465374,0.11357340720221606
0.8617992177314211,0.020860495436766623,0.011734028683181226,0.10560625814863103
0.8648648648648649,0.01880141010575793,0.009400705052878966,0.10693301997649823
0.8728070175438597,0.017543859649122806,0.009868421052631578,0.09978070175438597
0.8681541582150102,0.018255578093306288,0.013184584178498986,0.10040567951318459
0.8700673724735323,0.019249278152069296,0.012512030798845043,0.09817131857555342
0.8666069829901522,0.01611459265890779,0.01432408236347359,0.10295434198746643
0.8615123194562447,0.016142735768903994,0.015293118096856415,0.1070518266779949
0.8662884927066451,0.01620745542949757,0.01539708265802269,0.10210696920583469
0.86579754601227,0.016104294478527608,0.015337423312883436,0.10276073619631902
0.8630434782608696,0.015942028985507246,0.014492753623188406,0.10652173913043478
0.8590186592950932,0.0165860400829302,0.014512785072563926,0.10988251554941257
0.8514851485148515,0.02046204620462046,0.015181518151815182,0.11287128712871287
0.851063829787234,0.02127659574468085,0.019342359767891684,0.10831721470019343
0.8445945945945946,0.022113022113022112,0.0214987714987715,0.11179361179361179
0.8428314337132573,0.023395320935812838,0.01979604079184163,0.11397720455908818
0.8439838802533103,0.021876799078871616,0.017846862406447898,0.11629245826137018
0.8449048152295633,0.022396416573348264,0.01959686450167973,0.11310190369540873
0.8415682062298604,0.022556390977443608,0.01933404940923738,0.11654135338345864
0.8389651531151003,0.02270327349524815,0.01900739176346357,0.11932418162618796
0.8424552429667519,0.023017902813299233,0.020460358056265986,0.11406649616368286
0.8437815975733064,0.024266936299292215,0.01769464105156724,0.11425682507583418
0.8417690417690418,0.023587223587223587,0.0171990171990172,0.11744471744471745
0.8389748549323017,0.023694390715667313,0.019825918762088973,0.11750483558994197
0.8321308321308322,0.026936026936026935,0.02068302068302068,0.12025012025012025
0.833969465648855,0.025286259541984733,0.022423664122137404,0.1183206106870229
0.8351903435468895,0.0255338904363974,0.023676880222841225,0.11559888579387187
0.8255652976465159,0.02814951545916013,0.025842178126442086,0.12044300876788186
0.8212627669452182,0.027855153203342618,0.026462395543175487,0.1244196843082637
0.8235294117647058,0.025474756831866605,0.025937934228809634,0.12505789717461788
0.8219990871748061,0.02601551802829758,0.025559105431309903,0.1264262893655865
0.8202911737943585,0.02456778889899909,0.0272975432211101,0.1278434940855323
0.8231292517006803,0.024036281179138322,0.026303854875283448,0.12653061224489795
0.8231569425599277,0.023518769787426504,0.025780189959294438,0.12754409769335143
0.820489977728285,0.024944320712694878,0.025389755011135856,0.1291759465478842
0.8162995594713657,0.024669603524229075,0.02555066079295154,0.13348017621145375
0.8132503334815474,0.02578923966207203,0.026678523788350377,0.13428190306803023
0.8015165031222123,0.027207850133809098,0.029884032114183764,0.14139161462979483
0.7979618963225521,0.027913159060700046,0.030128489144882586,0.14399645547186532
0.7988403211418377,0.02408563782337199,0.029438001784121322,0.14763603925066904
0.7989371124889283,0.02612931798051373,0.030115146147032774,0.14481842338352524
0.794962439239947,0.027839151568714096,0.030048608042421564,0.14714980114891738
0.7907488986784141,0.028634361233480177,0.032158590308370046,0.14845814977973568
0.7919675090252708,0.026624548736462094,0.031137184115523464,0.15027075812274368
0.7888392857142857,0.026339285714285714,0.03214285714285714,0.15267857142857144
0.785650623885918,0.026292335115864526,0.03342245989304813,0.15463458110516934
0.7937140327578575,0.02611775121735281,0.03231518370960602,0.1478530323151837
0.7894503546099291,0.025709219858156027,0.03324468085106383,0.15159574468085107
0.7884530630233583,0.02379903040987219,0.03481710004407228,0.15293080652269722
0.7831485587583149,0.02350332594235033,0.03592017738359202,0.1574279379157428
0.7801324503311259,0.024282560706401765,0.03576158940397351,0.1598233995584989
0.7764390896921017,0.025435073627844713,0.03257474341811691,0.16555109326193662
0.7772343263672743,0.024899955535793685,0.03379279679857715,0.16407292129835482
0.7716324710080286,0.02408563782337199,0.03791257805530776,0.1663693131132917
0.7726259473918858,0.02229157378510923,0.03611234953187695,0.16897012929112795
0.7736771898621609,0.023566029346376166,0.03646064917741218,0.16629613161405069
0.7646270656543099,0.023671281822242072,0.03930326038410004,0.17239839213934793
0.7718597425654683,0.022636484687083888,0.03861517976031957,0.16688859298712827
0.767379679144385,0.02406417112299465,0.04367201426024955,0.16488413547237077
0.7655904467049978,0.02476780185758514,0.04555506413091552,0.16408668730650156
0.7649438202247191,0.024269662921348314,0.046741573033707864,0.16404494382022472
0.7702821869488536,0.024250440917107582,0.042328042328042326,0.16313932980599646
0.7718210013291981,0.02525476295968099,0.03898980948161276,0.16393442622950818
0.7626059794734493,0.02677376171352075,0.036590807675145026,0.17402945113788487
0.7642095914742452,0.02797513321492007,0.03596802841918295,0.17184724689165187
0.7634265423879272,0.029738126941855306,0.03506435863293387,0.17177097203728361
0.7559787422497786,0.033215234720992026,0.03720106288751107,0.17360496014171833
0.75718708536046,0.034055727554179564,0.0362671384343211,0.17249004865103937
0.7537577365163572,0.034482758620689655,0.03669319186560566,0.17506631299734748
0.7581436858545292,0.035698348951361,0.03614457831325301,0.17001338688085676
0.7599286033020973,0.03302097278000892,0.03480589022757698,0.17224453369031684
0.7581436858545292,0.03168228469433289,0.036590807675145026,0.17358322177599286
0.7586206896551724,0.02910882221227049,0.03716972682489924,0.17510076130765787
0.7575354609929078,0.02969858156028369,0.03546099290780142,0.1773049645390071
0.7616946160635482,0.03177405119152692,0.03309796999117388,0.1734333627537511
0.7600886917960089,0.03325942350332594,0.03325942350332594,0.17339246119733925
0.7593416370106761,0.03202846975088968,0.03425266903914591,0.17437722419928825
0.758266309204647,0.031724754244861486,0.03395889186773905,0.17605004468275245
0.7540250447227191,0.030858676207513418,0.03577817531305903,0.17933810375670842
0.7512392969806219,0.03064443442992339,0.03875619648490311,0.1793600721045516
0.7497769848349688,0.03166815343443354,0.036574487065120426,0.18198037466547726
0.747025121198766,0.02908770383428823,0.03966505068312032,0.18422212428382548
0.7432010699955417,0.03165403477485511,0.041462327240303166,0.18368256798930005
0.7421633554083885,0.03399558498896247,0.039293598233995586,0.1845474613686534
0.7405091558731577,0.0321572130415364,0.03841000446627959,0.18892362661902634
0.7402597402597403,0.03000447828034035,0.036274070756829375,0.19346171070309
0.7463218903254569,0.03165403477485511,0.03388319215336603,0.1881408827463219
0.739227010217681,0.03243003109729009,0.03642825410928476,0.1919147045757441
0.739247311827957,0.03181003584229391,0.03763440860215054,0.19130824372759855
0.7392280071813285,0.03096947935368043,0.036355475763016155,0.19344703770197486
0.7436694802310084,0.03154153709462461,0.034207019102621056,0.1905819635717459
0.7415578568212516,0.03286807744259343,0.03376857271499325,0.19180549302116165
0.7495551601423488,0.03113879003558719,0.03158362989323844,0.18772241992882563
0.7478916999556148,0.02885042166000888,0.03151353750554816,0.19174434087882822
0.7526690391459074,0.02802491103202847,0.03113879003558719,0.18816725978647686
0.7443708609271523,0.033112582781456956,0.032229580573951436,0.1902869757174393
0.7386666666666667,0.03288888888888889,0.03111111111111111,0.19733333333333333
0.7409719126170308,0.032545697726259475,0.03165403477485511,0.19482835488185465
0.7368892873151053,0.03182429403854774,0.031376064545047065,0.19991035410129987
0.7363717605004468,0.030831099195710455,0.031724754244861486,0.20107238605898123
0.7375666074600356,0.03019538188277087,0.03330373001776199,0.1989342806394316
0.7343124165554072,0.030262572318647086,0.03382287494437027,0.20160213618157544
0.7351256059938299,0.03129131776112825,0.03525782282944028,0.1983252534156016
0.7227414330218068,0.03204272363150868,0.036048064085447265,0.2091677792612372
0.7243989314336599,0.03250222617987533,0.037399821905609976,0.20569902048085487
0.7273129703408587,0.03497122620628597,0.034528552456839307,0.20318725099601595
0.7221727515583259,0.035173642030276044,0.03561887800534283,0.20703472840605522
0.7265379434216435,0.03367759317467445,0.03592276605298608,0.203861697350696
0.7386666666666667,0.03288888888888889,0.03333333333333333,0.19511111111111112
0.7290925266903915,0.03113879003558719,0.03469750889679715,0.2050711743772242
0.7314031180400891,0.032071269487750555,0.03697104677060133,0.19955456570155902
0.7288060363959166,0.033288948069241014,0.036395916555703504,0.20150909897913893
0.7326297273526825,0.030782761653474055,0.03562005277044855,0.2009674582233949
0.7304075235109718,0.03090013434841021,0.0380653828929691,0.2006269592476489
0.7326106594399278,0.032068654019873535,0.03568202348690153,0.1996386630532972
0.7412339103417666,0.030181979582778518,0.032401242787394584,0.19618286728806036
0.7345761207279183,0.03062583222370173,0.032401242787394584,0.20239680426098536
0.7352150537634409,0.028225806451612902,0.033602150537634407,0.20295698924731181
0.7368888888888889,0.028444444444444446,0.034666666666666665,0.2
0.7325942350332594,0.03015521064301552,0.032815964523281595,0.20443458980044346
0.7341376228775692,0.03127792672028597,0.031724754244861486,0.20285969615728328
0.727474478473147,0.03195739014647137,0.031069684864624945,0.20949844651575678
0.7231663685152058,0.03398926654740608,0.03398926654740608,0.20885509838998212
0.7215808170515098,0.035523978685612786,0.03507992895204263,0.20781527531083482
0.7217507815989281,0.03573023671281822,0.03573023671281822,0.20678874497543545
0.7264234875444839,0.035142348754448396,0.03603202846975089,0.20240213523131673
0.7201062887511072,0.03720106288751107,0.03454384410983171,0.20814880425155005
0.7150561797752809,0.03550561797752809,0.035955056179775284,0.21348314606741572
0.7128845296477931,0.03120820329915292,0.036558181007579134,0.21934908604547482
0.714605734767025,0.03046594982078853,0.036738351254480286,0.21818996415770608
0.7147349505840072,0.028751123090745734,0.039532794249775384,0.2169811320754717
0.719290465631929,0.028381374722838137,0.03503325942350333,0.21729490022172948
0.7201426024955436,0.028966131907308377,0.03297682709447415,0.2179144385026738
0.7170490328385065,0.02834008097165992,0.031938821412505626,0.22267206477732793
0.7089117778772951,0.026421854008060904,0.03179579041648007,0.2328705776981639
0.710644007155635,0.026386404293381037,0.029069767441860465,0.23389982110912344
0.7063279857397504,0.027183600713012478,0.027183600713012478,0.2393048128342246
0.7029791018230325,0.02712316585148955,0.027567807914628723,0.24232992441084927
0.6965305226174792,0.02766798418972332,0.03293807641633729,0.24286341677646026
0.6966740576496674,0.028381374722838137,0.03370288248337029,0.24124168514412417
0.6977363515312917,0.02885042166000888,0.03506435863293387,0.23834886817576564
0.7042939353696326,0.027445772465692783,0.03187250996015936,0.23638778220451528
0.704162976085031,0.02612931798051373,0.03100088573959256,0.23870682019486272
0.697986577181208,0.025503355704697986,0.032662192393736016,0.24384787472035793
0.6994193836534167,0.025011165698972757,0.03171058508262617,0.24385886556498437
0.6965486329000449,0.022411474675033616,0.031376064545047065,0.24966382787987448
0.6950950066283694,0.02342023862129916,0.03225806451612903,0.24922669023420238
0.6904761904761905,0.023809523809523808,0.03459119496855346,0.25112309074573225
0.6917225950782998,0.022818791946308724,0.036241610738255034,0.24921700223713647
0.6901157613535174,0.02315227070347284,0.03383793410507569,0.25289403383793413
0.6851025869759143,0.021855486173059768,0.034344335414808205,0.2586975914362177
0.6856512141280353,0.02384105960264901,0.03399558498896247,0.2565121412803532
0.6830576665176575,0.02548055431381314,0.03173893607510058,0.2597228430934287
0.692,0.024444444444444446,0.029333333333333333,0.25422222222222224
0.6853333333333333,0.024,0.029333333333333333,0.2613333333333333
0.6889973380656611,0.022182786157941437,0.02883762200532387,0.25998225377107365
0.682560706401766,0.02207505518763797,0.029580573951434878,0.26578366445916113
0.6858152894387981,0.021652673442333185,0.02828104286345559,0.26425099425541315
0.6869991095280499,0.024933214603739984,0.02804986642920748,0.26001780943900266
0.6878092667566352,0.024291497975708502,0.02699055330634278,0.26090868196131356
0.6865869853917662,0.02611775121735281,0.02611775121735281,0.26117751217352814
0.6758436944937833,0.02486678507992895,0.027531083481349913,0.27175843694493784
0.6691896705253785,0.026714158504007122,0.029385574354407838,0.2747105966162066
0.6678635547576302,0.025583482944344704,0.02872531418312388,0.27782764811490124
0.6648745519713262,0.025537634408602152,0.027329749103942653,0.28225806451612906
0.6614906832298136,0.025288376220053237,0.02839396628216504,0.28482697426796805
0.6629563668744435,0.025378450578806767,0.02715939447907391,0.28450578806767585
0.6534344335414808,0.023639607493309546,0.027207850133809098,0.29571810883140054
0.6574363555158553,0.023224653863331845,0.029477445288075034,0.28986154533273784
0.6575342465753424,0.021652673442333185,0.03049049933716306,0.2903225806451613
0.659384752563531,0.02139991083370486,0.029424877396344182,0.28979045920642
0.6589698046181173,0.022202486678507993,0.02708703374777975,0.291740674955595
0.6606660666066607,0.02025202520252025,0.026102610261026102,0.292979297929793
0.6623665480427047,0.02090747330960854,0.026690391459074734,0.2900355871886121
0.6558035714285714,0.019642857142857142,0.025892857142857145,0.2986607142857143
0.6440301819795827,0.01908566355969818,0.024855747891699954,0.3120284065690191
0.6463523131672598,0.02001779359430605,0.02491103202846975,0.3087188612099644
0.644988864142539,0.022271714922048998,0.028062360801781736,0.3046770601336303
0.6469804618117229,0.02264653641207815,0.028419182948490232,0.3019538188277087
0.6396118217909131,0.02293780326422585,0.030877812086457873,0.3065725628584032
0.643652561247216,0.02271714922048998,0.030289532293986638,0.30334075723830733
0.6332888295505118,0.023141967067200713,0.030262572318647086,0.31330663106364043
0.6373429084380611,0.026481149012567325,0.02917414721723519,0.30700179533213645
0.6362827923521566,0.024455313472654512,0.028012449977767896,0.31124944419742107
0.6408765652951699,0.02191413237924866,0.028622540250447227,0.3085867620751342
0.651318730442557,0.02101028162717926,0.02548055431381314,0.3021904336164506
0.6448306595365418,0.0196078431372549,0.024509803921568627,0.31105169340463457
0.6427939876215738,0.022988505747126436,0.02564102564102564,0.30857648099027407
0.6420302760463046,0.02315227070347284,0.023597506678539625,0.311219946571683
0.644513826940232,0.0231935771632471,0.024531668153434435,0.30776092774308655
0.636485280999108,0.025869759143621766,0.02631578947368421,0.3113291703835861
0.6380313199105145,0.028187919463087248,0.027293064876957495,0.30648769574944074
0.6356795042054006,0.03142983621071271,0.029659141212926073,0.30323151837096063
0.6370967741935484,0.033154121863799284,0.025985663082437275,0.30376344086021506
0.6318607764390897,0.0321285140562249,0.027666220437304774,0.30834448906738066
0.6379079123826553,0.03173893607510058,0.027268663388466695,0.30308448815377736
0.6362015158270173,0.03120820329915292,0.025858225590726706,0.306732055283103
0.6375275938189845,0.031788079470198675,0.02384105960264901,0.3068432671081678
0.6359610274579274,0.02967227635075288,0.023914968999114262,0.3104517271922055
0.6414841305319624,0.028162717925793473,0.02682163611980331,0.3035315154224408
0.6381461675579323,0.027629233511586453,0.027629233511586453,0.3065953654188948
0.6396960214573089,0.028162717925793473,0.027715690657130084,0.30442556995976755
0.6327433628318584,0.027876106194690265,0.030530973451327433,0.3088495575221239
0.6305220883534136,0.025881302989736725,0.03168228469433289,0.3119143239625167
0.6307277628032345,0.03009883198562444,0.03189577717879605,0.30727762803234504
0.6273984828201695,0.03034359660865685,0.031236055332440876,0.3110218652387327
0.6150088809946714,0.03152753108348135,0.02930728241563055,0.3241563055062167
0.6190265486725663,0.02920353982300885,0.028761061946902654,0.3230088495575221
0.6177125055629729,0.029372496662216287,0.030262572318647086,0.3226524254561638
0.6088129496402878,0.030575539568345324,0.02922661870503597,0.33138489208633093
0.6069057104913679,0.03054448871181939,0.03010181496237273,0.33244798583444
0.6064345526663728,0.031732040546496254,0.028206258263552227,0.33362714852357866
0.6138353765323993,0.03152364273204904,0.02714535901926445,0.3274956217162872
0.6137377341659233,0.03166815343443354,0.026761819803746655,0.3278322925958965
0.6076005302695537,0.03137428192664605,0.02562969509500663,0.33539549270879365
0.6107942079859587,0.03203159280386134,0.025010969723562967,0.3321632294866169
0.6128182616330115,0.029411764705882353,0.024143985952589993,0.33362598770851626
0.6030128489144883,0.027913159060700046,0.02702702702702703,0.3420469649977847
0.5993747208575256,0.03260384100044663,0.02992407324698526,0.33809736489504244
0.595829636202307,0.031055900621118012,0.027062999112688554,0.3460514640638864
0.5885486018641811,0.032401242787394584,0.02796271637816245,0.3510874389702619
0.5800176834659593,0.03094606542882405,0.027851458885941646,0.36118479221927496
0.5841802916482546,0.029606716747680072,0.03049049933716306,0.35572249226690233
0.5835179441736819,0.02968542312804608,0.03145768719539211,0.3553389455028799
0.5875055383252105,0.02968542312804608,0.02924235711120957,0.3535666814355339
0.579884290164664,0.02848242100578549,0.03159768580329328,0.36003560302625726
0.5791834903544191,0.028712427097353072,0.03140421713772992,0.360699865410498
0.5709862892525431,0.027421494913754976,0.03140203449800973,0.37019018133569215
0.5764809902740937,0.026967285587975242,0.03183023872679045,0.3647214854111406
0.5745245466607696,0.02830605926581159,0.03140203449800973,0.3657673595754091
0.5733274257864421,0.03190075321222862,0.030571555161719097,0.3642002658396101
0.5716853932584269,0.03460674157303371,0.03325842696629214,0.3604494382022472
0.565584704313028,0.03379279679857715,0.035571365051133834,0.365051133837261
0.5664429530201343,0.03400447427293065,0.03758389261744966,0.36196868008948546
0.564486830154405,0.03178928247048138,0.035876475930971846,0.3678474114441417
0.5668181818181818,0.03090909090909091,0.03727272727272727,0.365
0.5628661559260928,0.030193780982424517,0.03830554303740424,0.36863452005407843
0.5645232815964524,0.028824833702882482,0.03636363636363636,0.37028824833702884
0.5646532438478747,0.02774049217002237,0.036241610738255034,0.3713646532438479
0.5637915543575921,0.026954177897574125,0.03593890386343217,0.37331536388140163
0.5579185520361991,0.026244343891402715,0.0334841628959276,0.38235294117647056
0.5596085409252669,0.026245551601423486,0.03336298932384341,0.3807829181494662
0.5623592976136875,0.026114362899594776,0.03376857271499325,0.37775776677172446
0.5614349775784754,0.02600896860986547,0.03094170403587444,0.38161434977578473
0.5563002680965148,0.03127792672028597,0.03038427167113494,0.3820375335120643
0.5485157288435977,0.03234381922906513,0.02968542312804608,0.3894550287992911
0.5491949910554562,0.03264758497316637,0.029516994633273702,0.3886404293381038
0.5428571428571428,0.02857142857142857,0.03482142857142857,0.39375
0.5499777876499333,0.028876055086628164,0.03065304309195913,0.39049311417147936
0.5466666666666666,0.028,0.03155555555555556,0.3937777777777778
0.5492643780650914,0.028979045920642,0.03120820329915292,0.39054837271511367
0.5392857142857143,0.030357142857142857,0.029017857142857144,0.40133928571428573
0.5394446892904363,0.02908770383428823,0.027765535478184222,0.40370207139709124
0.5440391459074733,0.028469750889679714,0.028469750889679714,0.39902135231316727
0.5343376163048295,0.027470093043863535,0.028356225077536552,0.4098360655737705
0.5361552028218695,0.0291005291005291,0.027336860670194002,0.4074074074074074
0.5354436023183237,0.029424877396344182,0.028979045920642,0.40615247436469015
0.5391187050359713,0.02787769784172662,0.02922661870503597,0.4037769784172662
0.5322652425456164,0.024477080551846907,0.029817534490431688,0.413440142412105
0.5275310834813499,0.024422735346358793,0.03019538188277087,0.4178507992895204
0.5341861490957213,0.023820026466696075,0.030436700485222762,0.41155712395235994
0.5271836007130125,0.026292335115864526,0.03253119429590018,0.4139928698752228
0.5331848552338531,0.024498886414253896,0.03474387527839644,0.40757238307349664
0.5249554367201426,0.022281639928698752,0.03342245989304813,0.4193404634581105
0.5188172043010753,0.022401433691756272,0.033602150537634407,0.425179211469534
0.5174574753804835,0.021933751119068933,0.03312444046553268,0.42748433303491495
0.5207394048692516,0.02254283137962128,0.030658250676284943,0.4260595130748422
0.5266219239373602,0.025950782997762864,0.032214765100671144,0.4152125279642058
0.5263157894736842,0.027653880463871544,0.028991971454058876,0.4170383586083854
0.5213100044863167,0.02557200538358008,0.028712427097353072,0.4244055630327501
0.5286738351254481,0.0246415770609319,0.02867383512544803,0.41801075268817206
0.5251894783771734,0.023629068212215783,0.028979045920642,0.4222024074899688
0.521875,0.023660714285714285,0.027678571428571427,0.42678571428571427
0.5222617987533392,0.022707034728406055,0.02626892252894034,0.42876224398931434
0.5163603765127746,0.022411474675033616,0.026445540116539667,0.43478260869565216
0.5166516651665166,0.02115211521152115,0.027452745274527453,0.43474347434743477
0.518998658918194,0.021904336164506034,0.02548055431381314,0.4336164506034868
0.5165770609318996,0.021953405017921146,0.024193548387096774,0.43727598566308246
0.5241470979175897,0.021710234824988923,0.026140894993354008,0.4280017722640673
0.5161147902869757,0.022516556291390728,0.02913907284768212,0.43222958057395144
0.5186832740213523,0.025355871886120998,0.028469750889679714,0.427491103202847
0.5198763250883393,0.02429328621908127,0.029151943462897525,0.42667844522968196
0.5188972876834148,0.026233881725211204,0.029791018230324588,0.42507781236104936
0.517636684303351,0.024691358024691357,0.029541446208112873,0.4281305114638448
0.5185840707964602,0.02654867256637168,0.03274336283185841,0.42212389380530974
0.5071428571428571,0.025892857142857145,0.033035714285714286,0.43392857142857144
0.5075690115761353,0.024933214603739984,0.032056990204808546,0.43544078361531613
0.5057726465364121,0.02708703374777975,0.03285968028419183,0.4342806394316163
0.5035304501323918,0.027802294792586054,0.03133274492497794,0.43733451015004415
0.5069351230425055,0.027293064876957495,0.030425055928411632,0.43534675615212526
0.5071174377224199,0.030249110320284697,0.026245551601423486,0.4363879003558719
0.4973285841495993,0.031611754229741766,0.028495102404274265,0.44256455921638466
0.49440214957456335,0.029556650246305417,0.025078369905956112,0.4509628302731751
0.4919499105545617,0.03264758497316637,0.025491949910554562,0.44991055456171736
0.4959785522788204,0.03351206434316354,0.02680965147453083,0.4436997319034853
0.49575703439035285,0.03171058508262617,0.027690933452434122,0.4448414470745869
0.49375,0.033928571428571426,0.02544642857142857,0.446875
0.4930710773357175,0.033974072418417524,0.027715690657130084,0.4452391595887349
0.49399733214762115,0.03156958648288128,0.028901734104046242,0.4455313472654513
0.4975522919448153,0.03115264797507788,0.029372496662216287,0.44192256341789055
0.4993354009747452,0.03234381922906513,0.028356225077536552,0.4399645547186531
0.5052956751985879,0.03265666372462489,0.027802294792586054,0.43424536628420124
0.4966442953020134,0.031767337807606266,0.02953020134228188,0.44205816554809846
0.4973142345568487,0.03312444046553268,0.03133393017009848,0.43822739480752015
0.5008968609865471,0.029596412556053813,0.033183856502242155,0.43632286995515696
0.49755446865273456,0.03023566029346376,0.03468208092485549,0.4375277901289462
0.49734513274336284,0.02920353982300885,0.036283185840707964,0.43716814159292033
0.5,0.027851458885941646,0.03757736516357206,0.4345711759504863
0.49731182795698925,0.028225806451612902,0.03942652329749104,0.4350358422939068
0.4957945993802568,0.027445772465692783,0.038069942452412575,0.4386896857016379
0.4997780736795384,0.02929427430093209,0.036395916555703504,0.434531735463826
0.4915555555555556,0.028888888888888888,0.03777777777777778,0.44177777777777777
0.49292661361626877,0.03050397877984085,0.03713527851458886,0.4394341290893015
0.49136021267168806,0.030571555161719097,0.03898980948161276,0.43907842268498004
0.48728246318607765,0.02989736724676484,0.040160642570281124,0.4426595269968764
0.4926042133572389,0.02823845809054236,0.03809950694755715,0.44105782160466156
0.488641425389755,0.027616926503340758,0.037416481069042315,0.4463251670378619
0.4874551971326165,0.02956989247311828,0.038978494623655914,0.44399641577060933
0.4787851719517642,0.02992407324698526,0.037516748548459135,0.4537740062527914
0.48182624113475175,0.028368794326241134,0.038120567375886524,0.4516843971631206
0.4808454425363276,0.027300748568912372,0.04095112285336856,0.45090268604139144
0.4774452880750335,0.027244305493523895,0.03841000446627959,0.456900401965163
0.47227191413237923,0.02817531305903399,0.03980322003577817,0.4597495527728086
0.47417631344612643,0.02804986642920748,0.0365093499554764,0.46126447016918964
0.48037466547725244,0.027207850133809098,0.03746654772524532,0.45495093666369313
0.47640052933392146,0.02646669607410675,0.038376709307454786,0.45875606528451696
0.47153024911032027,0.027135231316725978,0.03870106761565836,0.4626334519572954
0.47471162377994675,0.025288376220053237,0.03593611357586513,0.4640638864241349
0.46518847006651887,0.02616407982261641,0.03636363636363636,0.4722838137472284
0.46866725507502205,0.02736098852603707,0.037069726390114736,0.46690203000882613
0.47606382978723405,0.027039007092198582,0.03546099290780142,0.46143617021276595
0.4794091316025067,0.025067144136078783,0.03401969561324977,0.46150402864816475
0.4805543138131426,0.022798390701832812,0.035762181493071074,0.46088511399195353
0.4788795020008893,0.02267674522009782,0.03468208092485549,0.4637616718541574
0.47849223946784925,0.024390243902439025,0.03148558758314856,0.4656319290465632
0.4744557974233674,0.025322079075966238,0.03154153709462461,0.46868058640604177
0.47061442564559214,0.025378450578806767,0.032056990204808546,0.4719501335707925
0.4674922600619195,0.02697921273772667,0.03228659885006634,0.4732419283502875
0.45927903871829107,0.027147307521139297,0.03159768580329328,0.4819759679572764
0.4649822695035461,0.024822695035460994,0.027925531914893616,0.48226950354609927
0.4597345132743363,0.023893805309734513,0.02743362831858407,0.4889380530973451
0.45928196147110334,0.02276707530647986,0.02714535901926445,0.4908056042031524
0.4563106796116505,0.02383053839364519,0.026919682259488084,0.4929390997352162
0.4532856504246759,0.02637460885113992,0.02682163611980331,0.4935181046043809
0.4562191288729232,0.025594970812752582,0.02828917826672654,0.48989672204759765
0.4573225516621743,0.025157232704402517,0.02830188679245283,0.48921832884097033
0.4591052869408043,0.02394938996836873,0.028016267510167194,0.48892905558065974
0.45896520963425513,0.021409455842997322,0.02631578947368421,0.4933095450490633
0.4554718653079309,0.023482498892334957,0.022153300841825433,0.49889233495790875
0.45714285714285713,0.022321428571428572,0.024107142857142858,0.49642857142857144
0.46187363834422657,0.023965141612200435,0.02483660130718954,0.48932461873638344
0.45486569793042714,0.02686041391457508,0.026420079260237782,0.49185380889476
0.4594112399643176,0.025869759143621766,0.025423728813559324,0.4892952720785013
0.45564516129032256,0.027329749103942653,0.024193548387096774,0.492831541218638
0.45627208480565373,0.026060070671378093,0.024734982332155476,0.4929328621908127
0.4539795464650956,0.026233881725211204,0.024455313472654512,0.49533125833703867
0.44612644701691895,0.02626892252894034,0.021816562778272486,0.5057880676758683
0.4423676012461059,0.0258121940364931,0.023141967067200713,0.5086782376502003
0.44151785714285713,0.02544642857142857,0.02142857142857143,0.5116071428571428
0.4424620874219447,0.026761819803746655,0.021409455842997322,0.5093666369313113
0.4428060768543342,0.02770330652368186,0.026362823949955316,0.5031277926720286
0.4506172839506173,0.026455026455026454,0.025573192239858905,0.4973544973544973
0.4420772303595206,0.026187305814469597,0.02529960053262317,0.5064358632933866
0.4466755912539045,0.025435073627844713,0.025881302989736725,0.5020080321285141
0.44370860927152317,0.024282560706401765,0.026931567328918323,0.5050772626931568
0.44755555555555554,0.02311111111111111,0.025777777777777778,0.5035555555555555
0.4435590969455511,0.023461708720672863,0.02478972996901284,0.5081894643647632
0.43907842268498004,0.024811696942844484,0.02658396101019052,0.5095259193619849
0.43171806167400884,0.025991189427312777,0.027753303964757708,0.5145374449339207
0.43188786684187475,0.024529128339903637,0.030661410424879545,0.5129215943933421
0.4332001775410564,0.02663115845539281,0.03151353750554816,0.5086551264980027
0.4322638146167558,0.025846702317290554,0.03074866310160428,0.5111408199643493
0.4350132625994695,0.026083112290008842,0.028735632183908046,0.5101679929266136
0.4290718038528897,0.025394045534150613,0.0297723292469352,0.5157618213660246
0.4261061946902655,0.02566371681415929,0.028761061946902654,0.5194690265486726
0.41987466427931963,0.022829006266786033,0.02954341987466428,0.52775290957923
0.42468159859464205,0.022837066315327184,0.029424681598594644,0.5230566534914362
0.43143365983971504,0.023597506678539625,0.026714158504007122,0.5182546749777382
0.4282521233795262,0.0232454179704962,0.02548055431381314,0.5230219043361645
0.4327485380116959,0.021592442645074223,0.02564102564102564,0.5200179937022043
0.43608017817371936,0.021380846325167038,0.025389755011135856,0.5171492204899777
0.4363957597173145,0.02075971731448763,0.02429328621908127,0.5185512367491166
0.4302841918294849,0.020426287744227355,0.023978685612788632,0.5253108348134992
0.4241210502892746,0.02091677792612372,0.025367156208277702,0.5295950155763239
0.42497793468667255,0.023389232127096204,0.02206531332744925,0.529567519858782
0.42133098281181136,0.0246804759806082,0.02247686205376818,0.5315116791538123
0.4201235657546337,0.026919682259488084,0.02294792586054722,0.530008826125331
0.42126334519572955,0.027135231316725978,0.02179715302491103,0.5298042704626335
0.41629364368845123,0.02820053715308863,0.021486123545210387,0.5340196956132498
0.41184327693677647,0.02804986642920748,0.022707034728406055,0.53739982190561
0.41592526690391457,0.027580071174377226,0.02179715302491103,0.5346975088967971
0.4160356347438753,0.025389755011135856,0.02182628062360802,0.5367483296213809
0.40816326530612246,0.027506654835847383,0.022182786157941437,0.5421472937000887
0.4124890061565523,0.025945470536499562,0.023306948109058926,0.5382585751978892
0.40991589198760514,0.02478972996901284,0.02434705621956618,0.5409473218238159
0.4086115992970123,0.025483304042179262,0.02460456942003515,0.5413005272407733
0.40269662921348315,0.025168539325842697,0.021573033707865168,0.550561797752809
0.3967052537845058,0.025378450578806767,0.022707034728406055,0.5552092609082814
0.403125,0.025,0.020982142857142855,0.5508928571428572
0.40325417766051014,0.024186455584872472,0.022867194371152155,0.5496921723834652
0.39937943262411346,0.025709219858156027,0.02127659574468085,0.5536347517730497
0.3985572587917042,0.024346257889990983,0.021190261496844005,0.5559062218214608
0.400445434298441,0.024944320712694878,0.021380846325167038,0.5532293986636971
0.39955654101995564,0.02616407982261641,0.02350332594235033,0.5507760532150776
0.40089285714285716,0.02544642857142857,0.025,0.5486607142857143
0.39928857269897733,0.025344597598932858,0.023566029346376166,0.5518008003557137
0.3935369632580788,0.025675077467906152,0.02257636122177955,0.5582115980522355
0.3909538737124944,0.024630541871921183,0.02418271383788625,0.5602328705776982
0.39293696915511844,0.02682163611980331,0.024586499776486366,0.5556548949485919
0.3943785682916118,0.025911286780852,0.024593763724198508,0.5551163812033377
0.3902981753449043,0.0258121940364931,0.02403204272363151,0.5598575878949711
0.3832814584259671,0.026233881725211204,0.026678523788350377,0.5638061360604714
0.3790035587188612,0.025800711743772242,0.025800711743772242,0.5693950177935944
0.3783903957314362,0.025344597598932858,0.02401067140951534,0.5722543352601156
0.382171226831421,0.025154457193292144,0.023389232127096204,0.5692850838481907
0.3780541981341626,0.023989338071968014,0.023989338071968014,0.5739671257219013
0.3812694185530404,0.022636484687083888,0.027518863737239236,0.5685752330226365
0.3779562695225346,0.024096385542168676,0.025881302989736725,0.57206604194556
0.38159070598748884,0.024128686327077747,0.026362823949955316,0.5679177837354781
0.3868940754039497,0.02064631956912029,0.026032315978456014,0.566427289048474
0.379584622182943,0.022536456031816175,0.023862129916040652,0.5740167918692002
0.38857142857142857,0.02241758241758242,0.026373626373626374,0.5626373626373626
0.3951935914552737,0.021806853582554516,0.0267022696929239,0.5562972852692479
0.39066666666666666,0.022222222222222223,0.028888888888888888,0.5582222222222222
0.3878005342831701,0.02315227070347284,0.031611754229741766,0.5574354407836153
0.3797075764288879,0.024811696942844484,0.030128489144882586,0.565352237483385
0.3901147396293027,0.024271844660194174,0.030450132391879964,0.5551632833186231
0.39198218262806234,0.025389755011135856,0.030289532293986638,0.5523385300668151
0.39193336256028055,0.025427444103463395,0.03024989039894783,0.5523893029373081
0.39118942731277534,0.026872246696035242,0.03127753303964758,0.5506607929515418
0.38372093023255816,0.029069767441860465,0.029069767441860465,0.5581395348837209
0.385980479148181,0.027950310559006212,0.029724933451641525,0.5563442768411713
0.3959165557035064,0.02574345317354638,0.02929427430093209,0.5490457168220151
0.3919039145907473,0.02491103202846975,0.028469750889679714,0.5547153024911032
0.39883876730683343,0.025011165698972757,0.027244305493523895,0.5489057615006699
0.4038972542072631,0.023029229406554472,0.02612931798051373,0.5469441984056688
0.4057777777777778,0.022222222222222223,0.027555555555555555,0.5444444444444444
0.3992901508429459,0.02129547471162378,0.02839396628216504,0.5510204081632653
0.392649036306589,0.020170327207530255,0.03047960555804572,0.5567010309278351
0.39788266431407143,0.0211733568592854,0.029554477282752536,0.5513895015438907
0.39317375886524825,0.02349290780141844,0.0274822695035461,0.5558510638297872
0.39499553172475427,0.023681858802502235,0.0290437890974084,0.5522788203753352
0.39349376114081996,0.023618538324420676,0.0285204991087344,0.5543672014260249
0.3946547884187082,0.024944320712694878,0.029398663697104678,0.5510022271714922
0.3919218819351975,0.024411895250776743,0.027518863737239236,0.5561473590767865
0.39391226499552373,0.024171888988361683,0.02864816472694718,0.5532676812891674
0.3911290322580645,0.0246415770609319,0.02867383512544803,0.5555555555555556
0.3918258551754776,0.025322079075966238,0.028876055086628164,0.553976010661928
0.38891372373714794,0.0232454179704962,0.029056772463120252,0.5587840858292356
0.38893844781445136,0.02230151650312221,0.027653880463871544,0.5611061552185549
0.39560931899641577,0.021505376344086023,0.0264336917562724,0.5564516129032258
0.3960836671117045,0.023141967067200713,0.025367156208277702,0.5554072096128171
0.39892183288409705,0.024707996406109614,0.024707996406109614,0.5516621743036837
0.3980539584254755,0.025210084033613446,0.022556390977443608,0.5541795665634675
0.3933333333333333,0.025777777777777778,0.02266666666666667,0.5582222222222222
0.3972419928825623,0.02402135231316726,0.02224199288256228,0.5564946619217082
0.39520426287744226,0.02486678507992895,0.022202486678507993,0.5577264653641207
0.3954827280779451,0.026572187776793623,0.021257750221434897,0.5566873339238264
0.4017738359201774,0.023059866962305987,0.023059866962305987,0.5521064301552107
0.39479488310542565,0.024702249669166298,0.023820026466696075,0.556682840758712
0.38871612616614837,0.024877832074633496,0.025322079075966238,0.5610839626832519
0.39623487225459436,0.023756163155535633,0.023756163155535633,0.5562528014343344
0.3964285714285714,0.02142857142857143,0.021875,0.5602678571428571
0.39368327402135234,0.021352313167259787,0.023576512455516015,0.5613879003558719
0.3905060456784595,0.02283922973578146,0.02239140170174653,0.5642633228840125
0.38693913816081743,0.02132385606397157,0.02310084406930253,0.5686361617059085
0.39091718610863757,0.023597506678539625,0.023597506678539625,0.5618878005342832
0.39357429718875503,0.022311468094600623,0.023650156180276664,0.5604640785363677
0.38844086021505375,0.020161290322580645,0.027777777777777776,0.5636200716845878
0.3851321092700403,0.020600089565606806,0.025974025974025976,0.5682937751903269
