C,D,Oc,Od
0.0,0.0,0.0,1.0
0.0,0.0,0.6666666666666666,0.3333333333333333
0.0,0.0,0.7142857142857143,0.2857142857142857
0.08333333333333333,0.0,0.75,0.16666666666666666
0.08333333333333333,0.16666666666666666,0.5833333333333334,0.16666666666666666
0.07317073170731707,0.1951219512195122,0.5609756097560976,0.17073170731707318
0.13432835820895522,0.208955223880597,0.5074626865671642,0.14925373134328357
0.13725490196078433,0.2647058823529412,0.46078431372549017,0.13725490196078433
0.16,0.30666666666666664,0.4,0.13333333333333333
0.17511520737327188,0.33640552995391704,0.3640552995391705,0.12442396313364056
0.19322033898305085,0.3220338983050847,0.34915254237288135,0.13559322033898305
0.21649484536082475,0.3247422680412371,0.31958762886597936,0.13917525773195877
0.21485943775100402,0.3192771084337349,0.3132530120481928,0.15261044176706828
0.23252032520325203,0.3252032520325203,0.2845528455284553,0.15772357723577235
0.23137254901960785,0.3215686274509804,0.27712418300653596,0.16993464052287582
0.2371244635193133,0.3229613733905579,0.26609442060085836,0.17381974248927037
0.22985347985347984,0.31043956043956045,0.2664835164835165,0.19322344322344323
0.24367088607594936,0.307753164556962,0.25,0.1985759493670886
0.23656664340544312,0.30565247732030704,0.2575017445917655,0.2002791346824843
0.23377441713925645,0.30497794580970383,0.2526780088216761,0.2085696282293636
0.24149659863945577,0.2981859410430839,0.2534013605442177,0.20691609977324263
0.23269130661114004,0.30348776678813116,0.2493492972410203,0.21447162935970848
0.24158415841584158,0.30396039603960395,0.24603960396039604,0.2084158415841584
0.2427415516420752,0.29700142789148026,0.24750118990956688,0.2127558305568777
0.24761904761904763,0.2925170068027211,0.24263038548752835,0.21723356009070294
0.25090415913200725,0.2897830018083183,0.2337251356238698,0.2255877034358047
0.25540361711513015,0.28363475959417733,0.24040582267313632,0.22055580061755625
0.2465934065934066,0.28175824175824177,0.24747252747252746,0.22417582417582418
0.25,0.281195079086116,0.2451669595782074,0.22363796133567662
0.24811696942844483,0.2835622507753655,0.2419140451927337,0.22640673460345592
0.2503288031565103,0.2783866725120561,0.24199912319158265,0.22928540113985094
0.25208241999123193,0.2770714598860149,0.23936869793950022,0.23147742218325296
0.25155555555555553,0.2742222222222222,0.24044444444444443,0.23377777777777778
0.2559262510974539,0.2712906057945566,0.237928007023705,0.23485513608428446
0.25229960578186594,0.2680683311432326,0.2439772229522558,0.23565484012264565
0.24956293706293706,0.2701048951048951,0.24082167832167833,0.2395104895104895
0.2434705621956618,0.2682602921646746,0.2456839309428951,0.24258521469676847
0.24026548672566372,0.2676991150442478,0.2517699115044248,0.24026548672566372
0.23421052631578948,0.26710526315789473,0.2530701754385965,0.24561403508771928
0.23941798941798942,0.2671957671957672,0.24911816578483245,0.24426807760141092
0.23895759717314488,0.2623674911660777,0.24690812720848057,0.25176678445229683
0.23399558498896247,0.26136865342163357,0.24900662251655628,0.2556291390728477
0.2356828193832599,0.2616740088105727,0.24845814977973568,0.25418502202643173
0.23784261715296198,0.2603890362511052,0.24491600353669318,0.2568523430592396
0.24142480211081793,0.2616534740545295,0.24406332453825857,0.25285839929639403
0.24074074074074073,0.26278659611992944,0.24514991181657847,0.25132275132275134
0.24424778761061947,0.265929203539823,0.23761061946902653,0.252212389380531
0.23625886524822695,0.2646276595744681,0.24867021276595744,0.2504432624113475
0.24413553431798435,0.26238053866203304,0.2476107732406603,0.24587315377932234
0.24422154382904493,0.2625381596162233,0.25207152202354993,0.24116877453118185
0.24072438162544169,0.26148409893992935,0.25353356890459366,0.24425795053003532
0.23975319524019392,0.26487439400617013,0.25694138386954607,0.2384310268840899
0.24227714033539277,0.263901147396293,0.25375110326566636,0.24007060900264784
0.23903508771929824,0.2649122807017544,0.2565789473684211,0.2394736842105263
0.23948649845064188,0.2602921646746348,0.2656042496679947,0.23461708720672864
0.23896898208824816,0.2656181738750546,0.2599388379204893,0.23547400611620795
0.24003504161191414,0.26412614980289095,0.25930792816469556,0.23653088042049936
0.24151608638166594,0.2609078889378581,0.2622300572939621,0.2353459673865139
0.23830345430695235,0.26191517271534764,0.2584171403585483,0.24136423261915171
0.23685373398144058,0.26425099425541315,0.2545293857711003,0.24436588599204595
0.23490524460114587,0.2617893345085941,0.2631115028646981,0.24019391802556192
0.2311756935270806,0.25891677675033026,0.2637604579480405,0.24614707177454867
0.23640449438202246,0.25303370786516854,0.26292134831460673,0.24764044943820224
0.23080279232111692,0.2543630017452007,0.2591623036649215,0.2556719022687609
0.2337317397078353,0.2545374059318282,0.25630810092961487,0.25542275343072157
0.23056882327399045,0.2566217976552323,0.25618758141554493,0.2566217976552323
0.22606034105815478,0.25972890249234803,0.2531700918233494,0.2610406646261478
0.22924028268551236,0.2583922261484099,0.25265017667844525,0.2597173144876325
0.22761358623731803,0.2602558447287164,0.24922805469783854,0.26290251433612705
0.22096069868995633,0.26550218340611353,0.24934497816593887,0.26419213973799127
0.22134387351778656,0.26306543697848045,0.25735617039964864,0.25823451910408435
0.22820849759088918,0.25799386771791505,0.2544897065265002,0.25930792816469556
0.23215067893123084,0.26018396846254926,0.2527376259307928,0.25492772667542707
0.23076923076923078,0.26153846153846155,0.250989010989011,0.2567032967032967
0.22589167767503301,0.26023778071334214,0.2536327608982827,0.26023778071334214
0.2371088585279859,0.2631115028646981,0.24856765094755398,0.251211987659762
0.23286467486818982,0.26757469244288223,0.24472759226713534,0.2548330404217926
0.23975319524019392,0.2617893345085941,0.24636403702071397,0.25209343323049804
0.2419850680720246,0.2639437856829161,0.2406675450153711,0.2534036012296882
0.2381161971830986,0.26100352112676056,0.24691901408450703,0.2539612676056338
0.24080560420315236,0.2596322241681261,0.24649737302977234,0.2530647985989492
0.23665791776027997,0.2567804024496938,0.24671916010498687,0.25984251968503935
0.24237140366172624,0.25457715780296425,0.24760244115082825,0.25544899738448124
0.23670212765957446,0.25886524822695034,0.24822695035460993,0.25620567375886527
0.2362758014931928,0.2635046113306983,0.24242424242424243,0.2577953447518665
0.23952359947066607,0.2655491839435377,0.23555359505955006,0.25937362152624616
0.2416958041958042,0.2644230769230769,0.2368881118881119,0.256993006993007
0.2497805092186128,0.25768217734855137,0.233099209833187,0.2594381035996488
0.24680475980608196,0.2613486117232261,0.22917584839136185,0.2626707800793301
0.2530647985989492,0.26225919439579687,0.22898423817863398,0.25569176882662
0.2532923617208077,0.257243195785777,0.2317822651448639,0.25768217734855137
0.2497805092186128,0.2585601404741001,0.2370500438981563,0.2546093064091308
0.24878907970057243,0.2575957727873184,0.23381770145310435,0.25979744605900484
0.2445916114790287,0.258719646799117,0.23443708609271524,0.26225165562913905
0.24319578577699735,0.26382791922739246,0.23397717295873574,0.2589991220368745
0.2369916921731526,0.25972890249234803,0.23611718408395277,0.26716222125054656
0.23389232127096204,0.26081200353045014,0.24139452780229478,0.263901147396293
0.23696890056942618,0.25317564607971965,0.24660534384581692,0.26325010950503724
0.24368630926007975,0.25387682764731945,0.24235711120957024,0.26007975188303056
0.2381161971830986,0.258362676056338,0.2438380281690141,0.2596830985915493
0.2423043095866315,0.2537379067722076,0.24406332453825857,0.2598944591029024
0.2396109637488948,0.25596816976127323,0.24005305039787797,0.26436781609195403
0.2446106467223933,0.2547294324681038,0.2353717553893533,0.2652881654201496
0.24464831804281345,0.254259501965924,0.23197903014416776,0.2691131498470948
0.2400173611111111,0.2573784722222222,0.2348090277777778,0.2677951388888889
0.24396665204036858,0.2606406318560772,0.23036419482229048,0.2650285212812637
0.24121265377855888,0.2596660808435852,0.23462214411247803,0.26449912126537783
0.24151608638166594,0.2613486117232261,0.24724548259145,0.249889819303658
0.24626209322779244,0.25549692172383465,0.24714160070360597,0.2510993843447669
0.24834583149536832,0.2562858403176004,0.25011027790030876,0.24525805028672254
0.2493368700265252,0.26525198938992045,0.24005305039787797,0.2453580901856764
0.25109553023663456,0.26380368098159507,0.24189307624890447,0.2432077125328659
0.2485776805251641,0.26564551422319477,0.24026258205689277,0.24551422319474836
0.24923480542195015,0.2623524267599475,0.2474857892435505,0.2409269785745518
0.24332603938730854,0.2647702407002188,0.24551422319474836,0.24638949671772428
0.24334932402965548,0.2690798081116441,0.2420409943305713,0.24552987352812908
0.23573639982308714,0.2724458204334365,0.24413976116762495,0.2476780185758514
0.23215859030837005,0.27444933920704845,0.24273127753303964,0.25066079295154187
0.2343887423043096,0.27396657871591906,0.23834652594547054,0.2532981530343008
0.23623445825932504,0.2713143872113677,0.2411190053285968,0.25133214920071045
0.23903508771929824,0.2723684210526316,0.23640350877192984,0.25219298245614036
0.24040582267313632,0.2730480811645346,0.2333480370533745,0.25319805910895454
0.23665791776027997,0.2690288713910761,0.23447069116360456,0.25984251968503935
0.2409269785745518,0.2693484914735461,0.23218189768255357,0.2575426322693485
0.2409691629955947,0.2757709251101322,0.23215859030837005,0.2511013215859031
0.23792645104120513,0.2738147984049623,0.2352680549401861,0.25299069561364645
0.23767605633802816,0.2676056338028169,0.23899647887323944,0.2557218309859155
0.23480176211453743,0.27224669603524226,0.24052863436123348,0.25242290748898677
0.22448979591836735,0.2809379070777247,0.23881893182805036,0.25575336517585756
0.22207387627948375,0.28081886960391633,0.23809523809523808,0.2590120160213618
0.229020979020979,0.2722902097902098,0.2416958041958042,0.256993006993007
0.2297476759628154,0.266489597166888,0.2456839309428951,0.2580787959274015
0.22433954092680813,0.267215244694673,0.2472932005197055,0.2611520138588133
0.21901007446342532,0.2720105124835742,0.2536136662286465,0.2553657468243539
0.22686832740213522,0.26334519572953735,0.2557829181494662,0.2540035587188612
0.2198237885462555,0.2669603524229075,0.2497797356828194,0.26343612334801764
0.2228596646072374,0.2678729037952339,0.2471315092674316,0.2621359223300971
0.2170849845882871,0.27080581241743723,0.2523117569352708,0.25979744605900484
0.22182786157941436,0.26663708961845606,0.2511091393078971,0.2604259094942325
0.22183406113537119,0.2698689956331878,0.25109170305676853,0.2572052401746725
0.22276785714285716,0.26607142857142857,0.24955357142857143,0.26160714285714287
0.22009569377990432,0.2670726402783819,0.2501087429317094,0.26272292301000433
0.22555066079295155,0.26343612334801764,0.24581497797356827,0.26519823788546254
0.22950819672131148,0.2667257421355782,0.24324324324324326,0.2605228178998671
0.22968197879858657,0.2623674911660777,0.247791519434629,0.26015901060070673
0.2313499111900533,0.2557726465364121,0.25133214920071045,0.26154529307282415
0.23485513608428446,0.2546093064091308,0.24363476733977174,0.266900790166813
0.23043288150415392,0.2588543944031482,0.24573677306515085,0.264975951027547
0.2355263157894737,0.26403508771929823,0.24605263157894736,0.2543859649122807
0.23648351648351648,0.26681318681318683,0.23736263736263735,0.25934065934065936
0.2401402278702892,0.26292725679228746,0.23488168273444346,0.26205083260297984
0.24065112186537616,0.2547294324681038,0.2336119665640123,0.2710074791025077
0.24331433581762385,0.25822007891275756,0.22972380534853135,0.2687417799210872
0.2412739965095986,0.2543630017452007,0.23298429319371727,0.27137870855148344
0.2469298245614035,0.24868421052631579,0.2307017543859649,0.2736842105263158
0.24351648351648353,0.2553846153846154,0.23164835164835165,0.26945054945054947
0.2426243945398503,0.25055041831792163,0.23337736679876706,0.27344782034346105
0.24506795265234546,0.24331433581762385,0.23366944322665498,0.2779482683033757
0.2455595026642984,0.23934280639431615,0.2322380106571936,0.28285968028419184
0.24757281553398058,0.24757281553398058,0.23300970873786409,0.27184466019417475
0.2413339183852567,0.25186485300570427,0.2277314611671786,0.27906976744186046
0.24436588599204595,0.25320371188687585,0.2266902342023862,0.275740167918692
0.24471830985915494,0.25264084507042256,0.22403169014084506,0.27860915492957744
0.24539877300613497,0.2528483786152498,0.22480280455740578,0.27695004382120947
0.2526362038664323,0.2535149384885764,0.21836555360281196,0.27548330404217924
0.24649122807017543,0.2574561403508772,0.21710526315789475,0.2789473684210526
0.24846625766871167,0.26555652936021035,0.21034180543382996,0.275635407537248
0.2471763683753258,0.2645525629887055,0.21372719374456994,0.2745438748913988
0.24956140350877193,0.26228070175438595,0.20614035087719298,0.2820175438596491
0.25186485300570427,0.26722246599385696,0.20842474769635805,0.2724879333040807
0.256140350877193,0.2679824561403509,0.20526315789473684,0.2706140350877193
0.26452464788732394,0.2689260563380282,0.198943661971831,0.2676056338028169
0.25870427501101806,0.2622300572939621,0.20669898633759365,0.2723666813574262
0.250992501102779,0.27040141155712394,0.20952801058667844,0.2690780767534186
0.2439347154830172,0.2734891927657697,0.2112924569916189,0.27128363475959416
0.2501095050372317,0.2706964520367937,0.2120017520805957,0.2671922908453789
0.24703296703296704,0.26989010989010986,0.21626373626373627,0.26681318681318683
0.24083075563411402,0.2695536897923111,0.21696862571807335,0.27264692885550157
0.24476439790575916,0.27356020942408377,0.21596858638743455,0.26570680628272253
0.23931247245482593,0.2741295724988982,0.21859850154252974,0.26795945350374617
0.23427812223206376,0.2763507528786537,0.22099202834366696,0.2683790965456156
0.23874070835155226,0.27415828596414515,0.2155662439877569,0.27153476169654567
0.242756804214223,0.2730465320456541,0.21905179982440737,0.26514486391571557
0.24055135615829257,0.269897732325478,0.22009782125389063,0.2694530902623388
0.2547545333923043,0.2706766917293233,0.20919946926138877,0.26536930561698363
0.24452234881682736,0.27300613496932513,0.21384750219106047,0.268624014022787
0.2517605633802817,0.2733274647887324,0.2051056338028169,0.269806338028169
0.25451343020695727,0.26904447380008806,0.2038749449581682,0.27256715103478646
0.2526455026455027,0.2698412698412698,0.20105820105820105,0.27645502645502645
0.2523076923076923,0.27472527472527475,0.1986813186813187,0.2742857142857143
0.25588491717523976,0.2654751525719268,0.2013949433304272,0.2772449869224063
0.25930792816469556,0.26850635129215944,0.19754708716600963,0.27463863337713534
0.25547765118317267,0.2659947414548642,0.20201577563540754,0.27651183172655563
0.25958572058175405,0.2675187307183781,0.20185103569854562,0.27104451300132215
0.2569134701159679,0.26806422836752897,0.20115967885816236,0.27386262265834077
0.25220848056537104,0.2703180212014134,0.19920494699646643,0.2782685512367491
0.2538293216630197,0.26564551422319477,0.19693654266958424,0.2835886214442013
0.2581641659311562,0.25684024713150927,0.1968225948808473,0.2881729920564872
0.2663115845539281,0.25166444740346205,0.19263204616067467,0.2893919218819352
0.26570048309178745,0.2551602986385595,0.18708827404479578,0.2920509442248573
0.26501766784452296,0.25220848056537104,0.19125441696113074,0.2915194346289753
0.26690234202386215,0.25011047282368537,0.1948740609809987,0.28811312417145385
0.2655491839435377,0.2545213939126599,0.1985002205558006,0.2814292015880018
0.26438296003513395,0.2520860781730347,0.1985068072024594,0.28502415458937197
0.2676056338028169,0.25440140845070425,0.19674295774647887,0.28125
0.2617273125822008,0.25822007891275756,0.19772029811486191,0.28233231039017975
0.2671081677704194,0.2565121412803532,0.19735099337748344,0.2790286975717439
0.26387665198237886,0.2533039647577093,0.19911894273127753,0.28370044052863436
0.2769848349687779,0.2542372881355932,0.1926851025869759,0.276092774308653
0.2725274725274725,0.2562637362637363,0.19164835164835164,0.2795604395604396
0.26522506619594,0.2559576345984113,0.1977052074139453,0.28111209179170343
0.262882096069869,0.2550218340611354,0.1960698689956332,0.28602620087336245
0.26544021024967146,0.26237406920718354,0.19579500657030224,0.27639071397284276
0.2683887915936953,0.25569176882662,0.2009632224168126,0.27495621716287216
0.2711267605633803,0.261443661971831,0.1914612676056338,0.27596830985915494
0.27344090710859137,0.26515481901439164,0.19058002616659397,0.270824247710423
0.2749778956675508,0.2603890362511052,0.1914235190097259,0.27320954907161804
0.27312775330396477,0.26784140969162995,0.19559471365638767,0.26343612334801764
0.2757709251101322,0.26255506607929513,0.20088105726872246,0.2607929515418502
0.27569258266309205,0.26541554959785524,0.19883824843610368,0.26005361930294907
0.2732506643046944,0.26660761736049604,0.20194862710363154,0.258193091231178
0.2659902955447728,0.26775474194971327,0.20291133656815175,0.26334362593736216
0.2623022847100176,0.273286467486819,0.2038664323374341,0.26054481546572933
0.2588339222614841,0.2663427561837456,0.19876325088339222,0.2760600706713781
0.2549800796812749,0.26914563966356797,0.19743249225320939,0.2784417884019478
0.25734327049539674,0.26435773783428324,0.19947391494958353,0.27882507672073653
0.2623022847100176,0.26362038664323373,0.19903339191564148,0.2750439367311072
0.2570929725010912,0.2627673505019642,0.20427760803142733,0.27586206896551724
0.26233881725211206,0.25700311249444197,0.20364606491774123,0.27701200533570475
0.2692644483362522,0.2561295971978984,0.202276707530648,0.2723292469352014
0.2690780767534186,0.2545213939126599,0.19894133215703572,0.2774591971768858
0.27184466019417475,0.25684024713150927,0.19593998234774934,0.27537511032656664
0.2706401766004415,0.2565121412803532,0.20662251655629138,0.2662251655629139
0.2680140597539543,0.2587873462214411,0.210896309314587,0.2623022847100176
0.2718531468531469,0.25786713286713286,0.20804195804195805,0.26223776223776224
0.2708516242317823,0.2607550482879719,0.20280948200175591,0.2655838454784899
0.272608125819135,0.26649191786806464,0.19965050240279597,0.26124945391000437
0.275022143489814,0.262621789193977,0.204162976085031,0.258193091231178
0.27152899824253074,0.2618629173989455,0.2060632688927944,0.26054481546572933
0.269757174392936,0.2662251655629139,0.20397350993377483,0.2600441501103753
0.26452464788732394,0.2632042253521127,0.2112676056338028,0.26100352112676056
0.2609078889378581,0.2613486117232261,0.21551344204495373,0.2622300572939621
0.2606969563299515,0.2615791795324217,0.2161446846052051,0.2615791795324217
0.2617067833698031,0.2700218818380744,0.21137855579868708,0.25689277899343543
0.2622005323868678,0.2706299911268855,0.21073646850044367,0.25643300798580304
0.26123348017621145,0.2669603524229075,0.2105726872246696,0.26123348017621145
0.2652439024390244,0.26785714285714285,0.2073170731707317,0.259581881533101
0.26985519964896887,0.2606406318560772,0.20930232558139536,0.2602018429135586
0.26672496720594663,0.264975951027547,0.20769567118495846,0.2606034105815479
0.2699037620297463,0.26290463692038496,0.20559930008748906,0.2615923009623797
0.2641093474426808,0.26146384479717816,0.20590828924162258,0.26851851851851855
0.26840017628911417,0.25429704715733803,0.20978404583516969,0.2675187307183781
0.26742160278745647,0.2534843205574913,0.20601045296167247,0.2730836236933798
0.2670995670995671,0.2523809523809524,0.20822510822510823,0.2722943722943723
0.2674315975286849,0.25419240953221534,0.20432480141218004,0.2740511915269197
0.2686300758589915,0.2570281124497992,0.20214190093708165,0.27219991075412764
0.27240618101545255,0.24856512141280354,0.20573951434878587,0.27328918322295803
0.27005699254712845,0.2490135905304691,0.20473476545374836,0.2761946514686541
0.2683246073298429,0.2513089005235602,0.2094240837696335,0.2709424083769634
0.2704126426690079,0.25065847234416155,0.20719929762949957,0.271729587357331
0.27093380096448927,0.2529592284085927,0.208680403331872,0.26742656729504605
0.2656181738750546,0.2503276539973788,0.20838794233289645,0.27566622979467015
0.2708516242317823,0.2489025460930641,0.20280948200175591,0.2774363476733977
0.2608695652173913,0.25691699604743085,0.19982433025911286,0.282389108476065
0.2620415377817057,0.25497127706584183,0.19973486522315512,0.2832523199292974
0.25381596162232883,0.2511993022241605,0.20584387265590928,0.2891408634976014
0.25604927408710954,0.2507699076110867,0.20721513418389792,0.28596568411790585
0.2600700525394046,0.2508756567425569,0.2075306479859895,0.28152364273204905
0.2518681318681319,0.2531868131868132,0.20923076923076922,0.2857142857142857
0.25591586327782645,0.25854513584574934,0.20508326029798424,0.28045574057843997
0.2553657468243539,0.2544897065265002,0.202365308804205,0.28777923784494086
0.2537444933920705,0.25682819383259914,0.20572687224669603,0.28370044052863436
0.25485865724381623,0.25265017667844525,0.20318021201413428,0.28931095406360424
0.2540659340659341,0.2501098901098901,0.20263736263736265,0.29318681318681317
0.2558037669732808,0.2439772229522558,0.2058694699956198,0.2943495400788436
0.25675675675675674,0.24891020052310375,0.1974716652136007,0.2968613775065388
0.2563540753724803,0.24846625766871167,0.20289219982471515,0.2922874671340929
0.2547545333923043,0.24148606811145512,0.205218929677134,0.29854046881910656
0.25533807829181493,0.24332740213523132,0.20462633451957296,0.29670818505338076
0.2531924262439454,0.2536327608982827,0.19859092910612064,0.29458388375165123
0.2561188811188811,0.25,0.19624125874125875,0.29763986013986016
0.2549889135254989,0.24301552106430155,0.1973392461197339,0.3046563192904656
0.2563764291996482,0.24010554089709762,0.20360598065083554,0.29991204925241866
0.25687666370896184,0.2360248447204969,0.20496894409937888,0.3021295474711624
0.2549363756033348,0.23255813953488372,0.20579201404124617,0.30671347082053535
0.2537313432835821,0.2344161545215101,0.20237050043898155,0.3094820017559263
0.2524357838795394,0.22984942426926483,0.2112488928255093,0.30646589902568644
0.24923480542195015,0.22999562745955401,0.20769567118495846,0.3130738959335374
0.2533215234720992,0.2263064658990257,0.20593445527015058,0.31443755535872453
0.25022026431718064,0.23039647577092512,0.2052863436123348,0.3140969162995595
0.25308098591549294,0.2262323943661972,0.20862676056338028,0.31205985915492956
0.2529854046881911,0.23839009287925697,0.20212295444493586,0.3065015479876161
0.25364560318161733,0.23950508174988952,0.20371188687582856,0.3031374281926646
0.24781849912739964,0.23516579406631763,0.2054973821989529,0.31151832460732987
0.25021949078138717,0.2370500438981563,0.20500438981562774,0.3077260755048288
0.2533097969991174,0.2436010591350397,0.2003530450132392,0.3027360988526037
0.24757281553398058,0.235657546337158,0.20388349514563106,0.31288614298323036
0.24846356453028973,0.23748902546093065,0.20412642669007902,0.3099209833187006
0.25362637362637364,0.23252747252747252,0.2057142857142857,0.30813186813186816
0.2546093064091308,0.23353819139596138,0.20368744512730466,0.30816505706760317
0.2661113546690048,0.23147742218325296,0.1985971065322227,0.3038141166155195
0.2616946160635481,0.2325684024713151,0.20079435127978817,0.3049426301853486
0.2617893345085941,0.23975319524019392,0.19435874834728956,0.30409872190392245
0.2620415377817057,0.2342023862129916,0.1992929739284136,0.3044631020768891
0.25197541703248466,0.233099209833187,0.20368744512730466,0.3112379280070237
0.254416961130742,0.2318904593639576,0.2058303886925795,0.30786219081272087
0.25548726953467954,0.23002633889376647,0.20983318700614575,0.30465320456540823
0.2541484716157205,0.22532751091703057,0.20873362445414848,0.31179039301310046
0.2617893345085941,0.22520934332304982,0.20229175848391362,0.31070956368444247
0.2625994694960212,0.22413793103448276,0.20645446507515472,0.3068081343943413
0.2579225352112676,0.22711267605633803,0.20378521126760563,0.31117957746478875
0.25537516454585346,0.22465993856954805,0.20359806932865293,0.3163668275559456
0.25210084033613445,0.22069880583812473,0.20256523662096418,0.32463511720477667
0.25377107364685003,0.2204968944099379,0.20186335403726707,0.323868677905945
0.25916114790286976,0.2194260485651214,0.20662251655629138,0.3147902869757174
0.26115775519222273,0.21785240830755634,0.20371188687582856,0.3172779496243924
0.2562747688243065,0.22369000440334655,0.20871862615587847,0.31131660061646854
0.2576419213973799,0.22096069868995633,0.2091703056768559,0.31222707423580787
0.2588495575221239,0.2172566371681416,0.2075221238938053,0.3163716814159292
0.2599118942731278,0.21541850220264316,0.2105726872246696,0.3140969162995595
0.25865848312143797,0.22183252959228408,0.21306444541867603,0.30644454186760195
0.25537516454585346,0.2242211496270294,0.21237384817902588,0.3080298376480913
0.25894829871851527,0.2209456473707468,0.20945647370746795,0.31064958020327
0.2602558447287164,0.22452580502867225,0.20820467578297308,0.3070136744596383
0.2601232394366197,0.22139084507042253,0.21170774647887325,0.3067781690140845
0.25854513584574934,0.2252410166520596,0.2042068361086766,0.31200701139351444
0.2542744410346339,0.23323103901797457,0.20648838228846997,0.30600613765892154
0.25930792816469556,0.22251423565484013,0.2084975908891809,0.3096802452912834
0.2659010600706714,0.2234982332155477,0.20715547703180212,0.3034452296819788
0.2695690413368514,0.22383465259454705,0.20316622691292877,0.3034300791556728
0.2718016821602479,0.22841965471447542,0.20274457724656927,0.2970340858787074
0.27492314448836186,0.22924901185770752,0.204655248133509,0.29117259552042163
0.2687361419068736,0.22926829268292684,0.2057649667405765,0.29623059866962304
0.26714158504007124,0.23374888691006232,0.20881567230632236,0.2902938557435441
0.2697921273772667,0.23485183547103053,0.205218929677134,0.2901371074745688
0.26433260393873087,0.23763676148796498,0.20787746170678337,0.2901531728665208
0.26545936395759717,0.2416077738515901,0.20936395759717313,0.2835689045936396
0.2643171806167401,0.2431718061674009,0.20616740088105726,0.28634361233480177
0.27300613496932513,0.24101665205959685,0.2077125328659071,0.2782646801051709
0.2741364038972542,0.24313551815766166,0.2032772364924712,0.27945084145261295
0.26851851851851855,0.23677248677248677,0.20899470899470898,0.2857142857142857
0.266199649737303,0.2456217162872154,0.2031523642732049,0.2850262697022767
0.2683251888049756,0.24300310972900932,0.20524211461572633,0.28342958685028874
0.2710816777041943,0.24194260485651214,0.19955849889624724,0.28741721854304636
0.266900790166813,0.24100087796312555,0.20500438981562774,0.2870939420544337
0.2648221343873518,0.24242424242424243,0.20641194554238032,0.28634167764602547
0.2594381035996488,0.24714661984196665,0.20237050043898155,0.291044776119403
0.2546093064091308,0.25417032484635643,0.20280948200175591,0.2884108867427568
0.25758241758241757,0.24527472527472527,0.20351648351648352,0.2936263736263736
0.25419240953221534,0.24536628420123566,0.205648720211827,0.294792586054722
0.2559366754617414,0.24538258575197888,0.20360598065083554,0.29507475813544415
0.25467497773820125,0.2444345503116652,0.20258236865538737,0.2983081032947462
0.2527280663465735,0.2439982540375382,0.20296813618507203,0.3003055434308162
0.2544404973357016,0.23845470692717585,0.20470692717584368,0.30239786856127887
0.25295404814004374,0.23851203501094093,0.20262582056892778,0.3059080962800875
0.250771264874394,0.24283825473776993,0.20229175848391362,0.30409872190392245
0.24846356453028973,0.24802458296751537,0.20280948200175591,0.30070237050043896
0.25631929046563195,0.2452328159645233,0.2017738359201774,0.2966740576496674
0.25033288948069243,0.2436750998668442,0.20639147802929428,0.2996005326231691
0.25673884224480775,0.23906319045514804,0.2072470172337605,0.2969509500662837
0.25820568927789933,0.23763676148796498,0.20568927789934355,0.29846827133479215
0.2621359223300971,0.2383053839364519,0.205648720211827,0.293909973521624
0.27240618101545255,0.23487858719646798,0.20485651214128037,0.2878587196467991
0.2667844522968198,0.23674911660777384,0.20229681978798586,0.2941696113074205
0.26654898499558694,0.24007060900264784,0.1994704324801412,0.293909973521624
0.2710816777041943,0.2335540838852097,0.20573951434878587,0.28962472406181017
0.265929203539823,0.23761061946902653,0.20486725663716815,0.2915929203539823
0.26176858776946765,0.23845138583369996,0.20369555653321603,0.29608446986361636
0.2558241758241758,0.2342857142857143,0.20835164835164835,0.30153846153846153
0.26455026455026454,0.23412698412698413,0.2072310405643739,0.2940917107583774
0.2597173144876325,0.23895759717314488,0.20892226148409895,0.2924028268551237
0.26100352112676056,0.23327464788732394,0.20774647887323944,0.29797535211267606
0.2531868131868132,0.2334065934065934,0.21406593406593408,0.29934065934065934
0.2523076923076923,0.23692307692307693,0.21010989010989012,0.30065934065934063
0.25209343323049804,0.23666813574261789,0.2115469369766417,0.2996914940502424
0.2523117569352708,0.23822104799647734,0.2047556142668428,0.3047115808014091
0.2513250883392226,0.23586572438162545,0.20980565371024734,0.3030035335689046
0.25043859649122807,0.23333333333333334,0.21403508771929824,0.30219298245614035
0.25579361609094886,0.23174464363795366,0.20988194140795802,0.30257979886313946
0.256466462078036,0.23103901797457255,0.210872424375274,0.3016220955721175
0.26297273526824977,0.22735268249780125,0.2075637642919965,0.3021108179419525
0.2598944591029024,0.2260334212840809,0.21108179419525067,0.30299032541776605
0.2623674911660777,0.22570671378091872,0.20936395759717313,0.3025618374558304
0.2631346578366446,0.2229580573951435,0.21280353200883,0.3011037527593819
0.26734423331860363,0.21608484312859036,0.21652673442333187,0.30004418912947417
0.27308882015024305,0.21608484312859036,0.2138753866548829,0.2969509500662837
0.28058510638297873,0.22030141843971632,0.2154255319148936,0.28368794326241137
0.2785308264101443,0.21775251421075645,0.2186270222999563,0.285089637079143
0.28094820017559263,0.2177348551360843,0.21597892888498682,0.2853380158033363
0.2774846086191733,0.21767810026385223,0.21943711521547934,0.2854001759014952
0.2771929824561403,0.2149122807017544,0.22236842105263158,0.2855263157894737
0.2804232804232804,0.21252204585537918,0.2208994708994709,0.2861552028218695
0.27855887521968364,0.22275922671353252,0.21441124780316345,0.28427065026362036
0.2772190642763446,0.22081329252295584,0.22168780061215565,0.28027984258854394
0.28115435067774375,0.21425448185395715,0.2195015303891561,0.285089637079143
0.28608923884514437,0.21566054243219598,0.2178477690288714,0.2804024496937883
0.28960070206230804,0.2132514260640632,0.21237384817902588,0.2847740236946029
0.28753852928225454,0.21047996477322764,0.21576398062527521,0.2862175253192426
0.28225451343020697,0.2175253192426244,0.21972699251431088,0.2804931748128578
0.2783143107989464,0.21817383669885865,0.21729587357330993,0.286215978928885
0.27807017543859647,0.21403508771929824,0.21535087719298246,0.29254385964912283
0.27770419426048565,0.21677704194260486,0.21368653421633554,0.291832229580574
0.27152899824253074,0.218804920913884,0.21528998242530756,0.29437609841827767
0.27049539675580886,0.22139412538360367,0.21262604120999562,0.2954844366505918
0.2718954248366013,0.22091503267973855,0.21263616557734205,0.2945533769063181
0.27727075184702304,0.21555845284658845,0.2199043893959148,0.2872664059104737
0.2731685789938217,0.2144748455428067,0.22594880847308033,0.28640776699029125
0.26701800614844096,0.21212121212121213,0.22880983750548967,0.2920509442248573
0.2695035460992908,0.21675531914893617,0.22872340425531915,0.2850177304964539
0.27007943512797883,0.22197705207413945,0.2294792586054722,0.27846425419240955
0.2687029659141213,0.22177954847277556,0.2319610447100487,0.2775564409030544
0.2644082710074791,0.225692916849978,0.23141223053233612,0.2784865816102068
0.2723684210526316,0.2219298245614035,0.23421052631578948,0.27149122807017545
0.27337173238812584,0.22773593265396544,0.22950819672131148,0.26938413823659724
0.27047366091190794,0.2297476759628154,0.2297476759628154,0.27003098716246127
0.2731239092495637,0.22600349040139617,0.2299301919720768,0.2709424083769634
0.27328918322295803,0.23002207505518762,0.22472406181015453,0.27196467991169976
0.28029969149405026,0.23049801674746584,0.21859850154252974,0.27060379021595415
0.28304347826086956,0.23130434782608697,0.21782608695652175,0.2678260869565217
0.27873183619550856,0.2289740202553941,0.2170849845882871,0.2752091589608102
0.2740088105726872,0.23083700440528634,0.2118942731277533,0.28325991189427313
0.2718106093818501,0.22753178430512933,0.21131082858395442,0.2893467777290662
0.2720816688859299,0.22902796271637815,0.21304926764314247,0.2858411007545495
0.27408056042031526,0.22504378283712784,0.21541155866900175,0.28546409807355516
0.278341420379356,0.22761358623731803,0.20952801058667844,0.28451698279664756
0.2816593886462882,0.22314410480349345,0.20655021834061135,0.28864628820960697
0.2809734513274336,0.22566371681415928,0.2,0.29336283185840706
0.2777284826974268,0.2236024844720497,0.20141969831410825,0.2972493345164153
0.27470093043863536,0.2255206025697829,0.20026583961010191,0.2995126273814798
0.2699602999558888,0.2223202470224967,0.2015880017644464,0.30613145125716806
0.2681095406360424,0.22217314487632508,0.20318021201413428,0.30653710247349825
0.27208480565371024,0.22084805653710246,0.2053886925795053,0.30167844522968196
0.27671840354767185,0.21995565410199558,0.20532150776053215,0.29800443458980047
0.27636849132176233,0.22874944370271474,0.20338228749443701,0.2914997774810859
0.2772887323943662,0.2323943661971831,0.2051056338028169,0.2852112676056338
0.2719259585720582,0.2384310268840899,0.20361392684001764,0.2860290877038343
0.267817618415228,0.23683045595396193,0.20407259849490925,0.2912793271359008
0.26881252718573295,0.23053501522401043,0.20965637233579817,0.29099608525445847
0.264783759929391,0.23654015887025595,0.20785525154457193,0.2908208296557811
0.27043747238179405,0.23110914714980116,0.20945647370746795,0.2889969067609368
0.27244718309859156,0.23283450704225353,0.20642605633802816,0.28829225352112675
0.27583187390542907,0.23161120840630472,0.2031523642732049,0.28940455341506127
0.27590730214254483,0.2334936598163533,0.20682116309575863,0.28377787494534323
0.2749782797567333,0.2380538662033015,0.21329278887923545,0.2736750651607298
0.2777288732394366,0.23327464788732394,0.20906690140845072,0.27992957746478875
0.2773913043478261,0.23434782608695653,0.21043478260869566,0.2778260869565217
0.2765301629238221,0.23954205195948922,0.2047556142668428,0.27917217084984586
0.2747156605424322,0.24146981627296588,0.205161854768154,0.2786526684164479
0.2768211920529801,0.23532008830022075,0.2052980132450331,0.282560706401766
0.27770419426048565,0.23311258278145697,0.21368653421633554,0.27549668874172184
0.2712906057945566,0.2405618964003512,0.2115891132572432,0.276558384547849
0.2737576285963383,0.23801220575414123,0.2109851787271142,0.2772449869224063
0.27454464682363394,0.23811639271434917,0.20657485561972458,0.2807641048422923
0.27802101576182137,0.23861646234676007,0.2044658493870403,0.2788966725043783
0.2755281690140845,0.23899647887323944,0.20774647887323944,0.2777288732394366
0.27671840354767185,0.2394678492239468,0.20798226164079822,0.27583148558758314
0.2719259585720582,0.24768620537681799,0.20846187747906567,0.2719259585720582
0.2732072151341839,0.24593048834139902,0.20633523977122745,0.2745270567531896
0.2728865527814279,0.24967148488830487,0.19929916776171705,0.2781427945685502
0.27296473661297344,0.2525032651284284,0.19677840661732696,0.2777535916412712
0.275635407537248,0.25197195442594217,0.19631901840490798,0.27607361963190186
0.27768014059753954,0.2521968365553603,0.1968365553602812,0.273286467486819
0.27385159010600707,0.25618374558303886,0.19920494699646643,0.2707597173144876
0.27337488869100623,0.25200356188780054,0.19590382902938558,0.27871772039180764
0.2712461470717745,0.24790841039189784,0.19859092910612064,0.28225451343020697
0.2661113546690048,0.2538360368259535,0.20166593599298555,0.2783866725120561
0.2772407732864675,0.2438488576449912,0.19507908611599298,0.28383128295254834
0.2764475402699173,0.239442751414889,0.19721375707444494,0.2868959512407488
0.27834593152512227,0.2383281458425967,0.19875500222321033,0.28457092040907067
0.28075571177504394,0.24253075571177504,0.19420035149384884,0.28251318101933215
0.28056914184081816,0.2334370831480658,0.2009782125389062,0.2850155624722099
0.27929515418502204,0.23788546255506607,0.19515418502202644,0.28766519823788544
0.28666371289322107,0.23128046078865752,0.19007532122286222,0.2919805050952592
0.2798064232292125,0.23757149142102948,0.1825780906291245,0.30004399472063353
0.285089637079143,0.23436816790555312,0.18058592041976387,0.29995627459554003
0.2850915431560593,0.2244986922406277,0.1843940714908457,0.3060156931124673
0.281195079086116,0.22275922671353252,0.18233743409490333,0.31370826010544817
0.27712418300653596,0.22440087145969498,0.1843137254901961,0.314161220043573
0.2766420182688125,0.22270552414093084,0.18834275772074816,0.31230969986950846
0.2750766535260622,0.219886114761279,0.18747262374069207,0.31756460797196673
0.27300748568912375,0.22324966974900926,0.19154557463672392,0.31219726992514313
0.27680140597539543,0.22056239015817222,0.18717047451669597,0.3154657293497364
0.2676923076923077,0.22681318681318682,0.1832967032967033,0.3221978021978022
0.2663427561837456,0.23498233215547704,0.17800353356890458,0.3206713780918728
0.2616946160635481,0.2325684024713151,0.18358340688437777,0.32215357458075905
0.25320371188687585,0.23552806009721608,0.18250110472823686,0.3287671232876712
0.2546501328609389,0.2329495128432241,0.1886625332152347,0.3237378210806023
0.25425207152202356,0.23375490623637157,0.18229393807239425,0.3296990841692106
0.26175687666370895,0.23957409050576753,0.17613132209405502,0.3225377107364685
0.25696594427244585,0.23971693940734187,0.18575851393188855,0.31755860238832373
0.26033421284080915,0.23878627968337732,0.1882145998240985,0.31266490765171506
0.259946949602122,0.2396109637488948,0.1892130857648099,0.3112290008841733
0.2582781456953642,0.24415011037527592,0.1880794701986755,0.30949227373068433
0.2639257294429708,0.24314765694076038,0.1865605658709107,0.3063660477453581
0.2616863259065094,0.24595893403232852,0.1852337265181302,0.3071210135430319
0.27132805628847845,0.24494283201407213,0.1882145998240985,0.2955145118733509
0.26928162185985016,0.24283825473776993,0.1868664609960335,0.3010136624063464
0.274822695035461,0.24556737588652483,0.18262411347517732,0.2969858156028369
0.2680052378873854,0.2501091226538629,0.18245307725883894,0.2994325621999127
0.26894107221976077,0.2521045635799734,0.18697385910500663,0.2919805050952592
0.26894107221976077,0.2454585733274258,0.19406291537439077,0.29153743907842267
0.2726075504828797,0.2462686567164179,0.19446883230904302,0.28665496049165934
0.2778021978021978,0.2443956043956044,0.19604395604395605,0.28175824175824177
0.2706140350877193,0.2425438596491228,0.19912280701754387,0.28771929824561404
0.26906222611744085,0.24539877300613497,0.19149868536371603,0.29404031551270815
0.2683578104138852,0.2421005785491767,0.19225634178905207,0.29728526924788606
0.26938239159001315,0.2514235654840123,0.18878668418747263,0.290407358738502
0.2732072151341839,0.2454905411350638,0.1891772987241531,0.2921249450065992
0.2662852112676056,0.24647887323943662,0.1949823943661972,0.29225352112676056
0.26595269968763946,0.24408746095493083,0.1963409192324855,0.2936189201249442
0.26521545979564637,0.2501110617503332,0.1950244335850733,0.28964904486894716
0.26672535211267606,0.2482394366197183,0.19058098591549297,0.2944542253521127
0.258719646799117,0.25165562913907286,0.1911699779249448,0.29845474613686535
0.2545931758530184,0.25196850393700787,0.1942257217847769,0.2992125984251969
0.25325803649000866,0.24891398783666377,0.19331016507384882,0.3045178105994787
