C,D,Oc,Od
0.0,1.0,0.0,0.0
0.0,0.5,0.0,0.5
0.0,0.5,0.0,0.5
0.0,0.4,0.13333333333333333,0.4666666666666667
0.0,0.35714285714285715,0.14285714285714285,0.5
0.0,0.3541666666666667,0.14583333333333334,0.5
0.0,0.36486486486486486,0.16216216216216217,0.47297297297297297
0.009174311926605505,0.3394495412844037,0.1926605504587156,0.45871559633027525
0.024844720496894408,0.32298136645962733,0.21739130434782608,0.43478260869565216
0.030303030303030304,0.3333333333333333,0.22943722943722944,0.4069264069264069
0.026578073089700997,0.34551495016611294,0.2159468438538206,0.4119601328903654
0.023746701846965697,0.3403693931398417,0.21108179419525067,0.42480211081794195
0.02591792656587473,0.34557235421166305,0.20302375809935205,0.42548596112311016
0.030612244897959183,0.336734693877551,0.19387755102040816,0.4387755102040816
0.03972602739726028,0.33287671232876714,0.19041095890410958,0.436986301369863
0.04498269896193772,0.3391003460207612,0.18339100346020762,0.43252595155709345
0.04985337243401759,0.3391984359726295,0.17595307917888564,0.43499511241446726
0.04961505560307956,0.339606501283148,0.1770744225834046,0.43370402053036783
0.05622188905547226,0.3403298350824588,0.1724137931034483,0.43103448275862066
0.06167979002624672,0.3543307086614173,0.17454068241469817,0.4094488188976378
0.06721698113207547,0.3543632075471698,0.17452830188679244,0.40389150943396224
0.0670995670995671,0.3495670995670996,0.16937229437229437,0.413961038961039
0.07379518072289157,0.35240963855421686,0.16415662650602408,0.40963855421686746
0.07652091254752852,0.35361216730038025,0.17157794676806085,0.3982889733840304
0.07844946931241348,0.35302261190586065,0.17443470235348407,0.3940932164282418
0.08041799182189914,0.35120399818264425,0.17310313493866425,0.3952748750567924
0.07886575099689853,0.35578201151971645,0.17368187859991138,0.3916703588834736
0.08196721311475409,0.35445281346920693,0.17102348249889235,0.39255649091714667
0.08814455707360071,0.35257822829440283,0.17011899515204937,0.3891582194799471
0.0911072362685266,0.35178727114210984,0.17000871839581516,0.3870967741935484
0.0915929203539823,0.3473451327433628,0.17079646017699116,0.3902654867256637
0.09199469261388767,0.3458646616541353,0.17470145953118088,0.3874391862007961
0.09602793539938892,0.33915320820602357,0.17546922741161064,0.38934962898297687
0.09724047306176084,0.337275514673675,0.1747700394218134,0.3907139728427508
0.09924678777137794,0.3380593708462561,0.17013735046521933,0.39255649091714667
0.09955752212389381,0.33893805309734515,0.16592920353982302,0.39557522123893807
0.10071301247771836,0.33868092691622104,0.17023172905525846,0.39037433155080214
0.0980650835532102,0.335971855760774,0.17282321899736147,0.39313984168865435
0.10175438596491228,0.33464912280701753,0.16885964912280702,0.39473684210526316
0.10203180212014135,0.33524734982332155,0.16563604240282687,0.39708480565371024
0.10162067455102934,0.334209373631187,0.16819973718791065,0.395970214629873
0.0994718309859155,0.33494718309859156,0.17077464788732394,0.394806338028169
0.0970873786407767,0.3292144748455428,0.1787290379523389,0.3949691085613416
0.09394479073909172,0.3317008014247551,0.17764915405164738,0.3967052537845058
0.09424778761061947,0.32964601769911506,0.1752212389380531,0.4008849557522124
0.09391534391534391,0.3271604938271605,0.1781305114638448,0.4007936507936508
0.09658839167035889,0.3283119184758529,0.17279574656623836,0.40230394328754987
0.09855453350854139,0.3311432325886991,0.1738939991239597,0.39640823477879983
0.10061782877316858,0.3270079435127979,0.18093556928508384,0.3914386584289497
0.09283819628647215,0.3337754199823165,0.1830238726790451,0.39036251105216624
0.09828118113706479,0.3353900396650507,0.17937417364477742,0.3869546055531071
0.09296148738379814,0.33643204957945994,0.17706949977866313,0.3935369632580788
0.0988962472406181,0.3315673289183223,0.17483443708609273,0.39470198675496687
0.09752868490732568,0.3318623124448367,0.18005295675198588,0.39055604589585174
0.10070360598065084,0.3280562884784521,0.17941952506596306,0.391820580474934
0.10421286031042129,0.329490022172949,0.1827050997782705,0.3835920177383592
0.10489202291758484,0.3270163067430586,0.18334067871308946,0.3847509916262671
0.11165048543689321,0.32038834951456313,0.18446601941747573,0.38349514563106796
0.11365600691443388,0.3271391529818496,0.17675021607605879,0.38245462402765773
0.1145104895104895,0.3159965034965035,0.17351398601398602,0.395979020979021
0.11342490031014621,0.31590607000443066,0.1741249446167479,0.3965440850686752
0.11155028546332894,0.30873956960913485,0.17610891523935002,0.40360122968818624
0.11694616063548102,0.3084730803177405,0.1734333627537511,0.40114739629302737
0.11316600616468515,0.3086745926904447,0.17701453104359313,0.401144870101277
0.11356606274856386,0.308882015024304,0.1794078656650464,0.39814405656208574
0.11446046308431629,0.30974224552206203,0.17911751856705985,0.3966797728265618
0.11648351648351649,0.3068131868131868,0.17494505494505494,0.40175824175824176
0.1196808510638298,0.3000886524822695,0.17331560283687944,0.40691489361702127
0.12029746281714786,0.2996500437445319,0.17410323709536307,0.40594925634295714
0.12134632418069087,0.3069087688219663,0.17404782993799822,0.39769707705934454
0.12269938650306748,0.3063102541630149,0.17177914110429449,0.39921121822962313
0.1227452705675319,0.3031236251649802,0.17289925208974924,0.40123185217773866
0.12778993435448577,0.3050328227571116,0.17199124726477025,0.3951859956236324
0.12439982540375381,0.3077258838934963,0.17765168048886948,0.3902226102138804
0.12688553682342502,0.305678793256433,0.17391304347826086,0.3935226264418811
0.12544014084507044,0.30941901408450706,0.16725352112676056,0.397887323943662
0.12728857890148212,0.3060156931124673,0.16870095902353968,0.3979947689625109
0.12614578786556088,0.3116542994325622,0.16717590571802707,0.3950240069838499
0.12236842105263158,0.3078947368421053,0.16842105263157894,0.40131578947368424
0.12216404886561955,0.3036649214659686,0.17102966841186737,0.4031413612565445
0.1210387323943662,0.3067781690140845,0.16593309859154928,0.40625
0.12368421052631579,0.3048245614035088,0.16228070175438597,0.40921052631578947
0.12095702259636686,0.3043863535666814,0.1630482941958352,0.41160832964111654
0.11587793011941619,0.3051747014595312,0.17027863777089783,0.4086687306501548
0.11868131868131868,0.30945054945054945,0.16791208791208792,0.40395604395604395
0.12158590308370044,0.3070484581497797,0.16872246696035242,0.4026431718061674
0.12440191387559808,0.3075250108742932,0.17181383210091344,0.3962592431491953
0.12505484861781482,0.3049583150504607,0.16981132075471697,0.4001755155770075
0.1234622144112478,0.30140597539543057,0.16739894551845344,0.4077328646748682
0.12494461674789543,0.30837394771821003,0.17102348249889235,0.39565795303500223
0.12210065645514223,0.3063457330415755,0.17330415754923414,0.3982494529540481
0.126431718061674,0.31013215859030835,0.17533039647577092,0.3881057268722467
0.12478108581436077,0.30998248686514884,0.16987740805604204,0.39535901926444833
0.12894736842105264,0.3118421052631579,0.17105263157894737,0.3881578947368421
0.1280701754385965,0.2995614035087719,0.17543859649122806,0.3969298245614035
0.1289899431569742,0.30170529077393965,0.17358985570616528,0.39571491036292084
0.13020372010628875,0.2971656333038087,0.17006200177147918,0.40256864481842336
0.13001322168356105,0.2913177611282503,0.18025561921551345,0.39841339797267517
0.12815964523281598,0.29312638580931266,0.17738359201773837,0.401330376940133
0.1300350262697023,0.29115586690017514,0.175569176882662,0.4032399299474606
0.1293027360988526,0.2908208296557811,0.176522506619594,0.40335392762577227
0.13068432671081678,0.2847682119205298,0.17836644591611478,0.40618101545253865
0.13018534863195058,0.2815533980582524,0.17917034421888792,0.4090909090909091
0.1295060080106809,0.27814864263462397,0.1780151312861593,0.4143302180685358
0.13368283093053734,0.2778505897771953,0.18086500655307994,0.4076015727391874
0.1402197802197802,0.2804395604395604,0.1701098901098901,0.40923076923076923
0.13965744400527008,0.2753623188405797,0.17479139218269654,0.4101888449714537
0.1429207479964381,0.2747105966162066,0.17809439002671415,0.40427426536064115
0.14336127040141156,0.2734891927657697,0.17026907807675343,0.41288045875606527
0.13994685562444642,0.27812223206377323,0.17404782993799822,0.4078830823737821
0.14411247803163443,0.28031634446397186,0.1735500878734622,0.40202108963093147
0.14185639229422067,0.28108581436077057,0.17950963222416813,0.3975481611208406
0.13916849015317287,0.2735229759299781,0.1811816192560175,0.4061269146608315
0.14002642007926025,0.26992514310876264,0.18450022016732717,0.40554821664464996
0.1394422310756972,0.27976980965028775,0.18238158477202301,0.398406374501992
0.13863134657836645,0.2785871964679912,0.17483443708609273,0.40794701986754967
0.14216549295774647,0.2794894366197183,0.17473591549295775,0.40360915492957744
0.13940193491644678,0.27924362357080035,0.17941952506596306,0.4019349164467898
0.14431164231961044,0.2788844621513944,0.17441345728198318,0.40239043824701193
0.14485165794066318,0.27705061082024435,0.17582897033158812,0.40226876090750435
0.15152838427947599,0.2777292576419214,0.16986899563318777,0.4008733624454148
0.1488042515500443,0.2821080602302923,0.18024800708591673,0.3888396811337467
0.14938488576449913,0.28163444639718804,0.179701230228471,0.38927943760984185
0.1514486391571554,0.27611940298507465,0.1777875329236172,0.39464442493415275
0.15299823633156967,0.27645502645502645,0.18165784832451498,0.3888888888888889
0.1554083885209713,0.2737306843267108,0.18543046357615894,0.38543046357615895
0.15642951833848873,0.2695536897923111,0.18515245249668583,0.38886433937251436
0.15316117542297417,0.27292965271593944,0.18477292965271594,0.38913624220837045
0.15357458075904679,0.2727272727272727,0.18623124448367168,0.38746690203000883
0.15208791208791209,0.27384615384615385,0.18769230769230769,0.3863736263736264
0.15337423312883436,0.28001752848378614,0.18185801928133216,0.38475021910604734
0.15481901439162668,0.2743131269079808,0.18403837767117315,0.3868294810292194
0.1498457470251212,0.2772146319964742,0.1890700749228735,0.3838695460555311
0.14958569559529,0.2830353249018753,0.18796336676842565,0.37941561273440905
0.1500880281690141,0.2790492957746479,0.18485915492957747,0.38600352112676056
0.15296198054818744,0.27718832891246686,0.1870026525198939,0.3828470380194518
0.15524104378593542,0.27421494913754973,0.18575851393188855,0.3847854931446263
0.15550660792951543,0.27268722466960355,0.1828193832599119,0.38898678414096916
0.15472527472527473,0.26945054945054947,0.18593406593406595,0.3898901098901099
0.15327184892402285,0.27140974967061926,0.18664909969257795,0.38866930171277997
0.14862466725820764,0.277284826974268,0.18633540372670807,0.3877551020408163
0.14601769911504425,0.27654867256637167,0.18672566371681415,0.39070796460176993
0.15237265999129299,0.2751414888985633,0.18415324336090552,0.3883326077492381
0.15024304021210783,0.2691117984975696,0.18957136544410075,0.3910737958462218
0.15190434012400356,0.26705048715677593,0.1837909654561559,0.39725420726306465
0.1511679153812252,0.26795945350374617,0.1873071837814015,0.39356544733362714
0.1554083885209713,0.26799116997792494,0.1805739514348786,0.39602649006622515
0.15072083879423329,0.26823940585408473,0.18654434250764526,0.3944954128440367
0.1531332744924978,0.26831421006178285,0.18402471315092675,0.39452780229479256
0.1520034843205575,0.2613240418118467,0.19033101045296166,0.39634146341463417
0.15657894736842104,0.25921052631578945,0.19298245614035087,0.3912280701754386
0.15401588702559577,0.2616946160635481,0.18711385701676964,0.3971756398940865
0.15598762704374725,0.2629253203711887,0.18338488731771985,0.39770216526734425
0.15214506855373727,0.2711189739053516,0.17956656346749225,0.39716939407341884
0.15114235500878734,0.2728471001757469,0.17926186291739896,0.3967486818980668
0.15808014090708938,0.26860413914575076,0.17525319242624396,0.3980625275209159
0.16126205083260298,0.26818580192813324,0.17747589833479405,0.39307624890446974
0.16403508771929826,0.2600877192982456,0.1793859649122807,0.39649122807017545
0.1649890590809628,0.262144420131291,0.1737417943107221,0.39912472647702407
0.16019205587079877,0.2614578786556089,0.1815800960279354,0.3967699694456569
0.15810276679841898,0.25823451910408435,0.18181818181818182,0.4018445322793149
0.15933098591549297,0.2579225352112676,0.18529929577464788,0.39744718309859156
0.16371681415929204,0.2570796460176991,0.18053097345132743,0.3986725663716814
0.16166077738515902,0.2592756183745583,0.18197879858657243,0.39708480565371024
0.16776750330250992,0.2611184500220167,0.1805372082782915,0.3905768383971819
0.16593115622241836,0.2533097969991174,0.18181818181818182,0.3989408649602824
0.17121478873239437,0.24867957746478872,0.17913732394366197,0.40096830985915494
0.176056338028169,0.2548415492957746,0.17297535211267606,0.3961267605633803
0.17657497781721385,0.24800354924578527,0.17524401064773737,0.40017746228926354
0.17794376098418277,0.2539543057996485,0.16915641476274165,0.3989455184534271
0.1800262812089356,0.2514235654840123,0.17082785808147175,0.3977222952255804
0.178335535006605,0.25803610744165567,0.166446499339498,0.3971818582122413
0.17893345085940943,0.25826355222565006,0.16615249008373734,0.3966505068312032
0.1790258885476086,0.2531812198332602,0.16761737604212373,0.4001755155770075
0.178886925795053,0.25176678445229683,0.17314487632508835,0.3962014134275618
0.1781786185657721,0.2507699076110867,0.1680598328200616,0.4029916410030796
0.17822222222222223,0.25244444444444447,0.1622222222222222,0.4071111111111111
0.18417582417582418,0.24351648351648353,0.16307692307692306,0.40923076923076923
0.18595406360424027,0.24337455830388693,0.16342756183745583,0.40724381625441697
0.18631346578366445,0.2467991169977925,0.16777041942604856,0.3991169977924945
0.18670189343901364,0.2430647291941876,0.16556583003082342,0.4046675473359753
0.1891655744866754,0.23547400611620795,0.16950633464394932,0.4058540847531673
0.18633540372670807,0.24134871339840283,0.1730257320319432,0.3992901508429459
0.1847778266608007,0.24417069951605808,0.17201935767707874,0.3990321161460625
0.1816976127320955,0.246684350132626,0.17639257294429708,0.3952254641909814
0.18296392872664058,0.2459800086918731,0.17905258583224684,0.39200347674923947
0.18157778757161747,0.24680475980608196,0.1754076685764654,0.3962097840458352
0.17641959254443,0.2444733420026008,0.17815344603381014,0.4009536194191591
0.18433787945446548,0.24285085789705235,0.17949846018477783,0.39331280246370437
0.18481123792800702,0.24319578577699735,0.17647058823529413,0.39552238805970147
0.18714222809335096,0.24790841039189784,0.16996917657419638,0.3949801849405548
0.1805739514348786,0.25298013245033113,0.1664459161147903,0.4
0.17936226749335696,0.24889282550930025,0.1696191319751993,0.4021257750221435
0.18197649107531563,0.25119721375707443,0.16891597736177624,0.3979103178058337
0.1875274483970136,0.25296442687747034,0.16644707949055776,0.3930610452349583
0.18711923411662315,0.25369886858137514,0.16318537859007834,0.39599651871192343
0.18834866403854578,0.2558037669732808,0.16381953569864213,0.39202803328953134
0.1805678793256433,0.2515527950310559,0.16370896184560782,0.404170363797693
0.1814569536423841,0.2507726269315673,0.16158940397350993,0.40618101545253865
0.17634124890061564,0.2541776605101143,0.16226912928759896,0.4072119613016711
0.17865019850022057,0.25584472871636527,0.16365240405822673,0.4018526687251875
0.1800176056338028,0.25044014084507044,0.1637323943661972,0.40580985915492956
0.17827050997782706,0.2549889135254989,0.15964523281596452,0.40709534368070954
0.18014866637516397,0.2540445999125492,0.16965456930476608,0.39615216440752077
0.1826625386996904,0.25696594427244585,0.16939407341884122,0.39097744360902253
0.1837719298245614,0.2548245614035088,0.16842105263157894,0.3929824561403509
0.1832967032967033,0.25274725274725274,0.16835164835164834,0.3956043956043956
0.1780701754385965,0.2574561403508772,0.16885964912280702,0.3956140350877193
0.17929839757470767,0.25249025552187093,0.17453443048938935,0.3936769164140321
0.18510356985456147,0.25165271044513,0.17100044072278536,0.39224327897752315
0.1866783523225241,0.25766871165644173,0.16476774758983348,0.3908851884312007
0.18572695035460993,0.25930851063829785,0.16046099290780141,0.3945035460992908
0.18588338448049102,0.2595352915387988,0.15475668566418238,0.3998246383165278
0.18945054945054945,0.25978021978021976,0.1578021978021978,0.39296703296703295
0.1888937472671622,0.2610406646261478,0.15566243987756886,0.3944031482291211
0.18503937007874016,0.26202974628171477,0.15966754155730534,0.39326334208223973
0.18314855875831484,0.2647450110864745,0.1614190687361419,0.39068736141906873
0.1864332603938731,0.263019693654267,0.15973741794310722,0.39080962800875274
0.18830305715551618,0.26849800620292424,0.1590607000443066,0.384138236597253
0.19087318999561212,0.26107942079859586,0.16059675296182535,0.38745063624396664
0.1874180865006553,0.2691131498470948,0.16688510266491918,0.3765836609873307
0.18443166740380362,0.2574082264484741,0.1667403803626714,0.39141972578505085
0.18785745710514737,0.25736911570611526,0.16322041355037395,0.3915530136383634
0.18670747704416266,0.2606034105815479,0.1569742020113686,0.39571491036292084
0.18835465372739302,0.2602558447287164,0.16321129245699162,0.388178209086899
0.1925438596491228,0.25701754385964914,0.16140350877192983,0.38903508771929823
0.1950354609929078,0.26063829787234044,0.1595744680851064,0.38475177304964536
0.19064587973273942,0.2623608017817372,0.15679287305122494,0.39020044543429844
0.18890356671070013,0.2637604579480405,0.1563188022897402,0.3910171730515192
0.19128540305010894,0.2657952069716776,0.15163398692810456,0.39128540305010895
0.1894273127753304,0.26563876651982377,0.15330396475770924,0.39162995594713657
0.19030990833697076,0.2636403317328677,0.14840680925360106,0.39764295067656047
0.1904336164506035,0.26464014304872596,0.15020116227089853,0.39472507822977204
0.19217238346525944,0.2612137203166227,0.14995602462620933,0.3966578715919085
0.19292885202968135,0.2627673505019642,0.14840680925360106,0.3958969882147534
0.19218955682316805,0.2566915313734094,0.1509433962264151,0.4001755155770075
0.19555555555555557,0.26266666666666666,0.15066666666666667,0.39111111111111113
0.19297465540240108,0.26100489106269453,0.14539795464650956,0.40062249888839485
0.18865435356200527,0.2691292875989446,0.14643799472295516,0.39577836411609496
0.1935908691834943,0.26953467954345917,0.14354697102721686,0.3933274802458297
0.19268077601410935,0.27469135802469136,0.1419753086419753,0.390652557319224
0.1957765068191817,0.27584689837219534,0.13770347558293006,0.3906731192256929
0.19841619005719313,0.28508578970523535,0.13462384513858336,0.38187417509898813
0.19947159841479525,0.27080581241743723,0.13914575077058564,0.3905768383971819
0.20070267896354854,0.2678963548528766,0.14053579270970576,0.3908651734738691
0.20405464962538564,0.2661965623622741,0.13794623182018512,0.39180255619215515
0.20026178010471204,0.26570680628272253,0.1431064572425829,0.39092495636998253
0.20247022496691663,0.26290251433612705,0.14336127040141156,0.39126599029554476
0.2009674582233949,0.2620932277924362,0.14335971855760773,0.3935795954265611
0.19929916776171705,0.2636881296539641,0.1471747700394218,0.38983793254489707
0.20228170250109698,0.2628345765686705,0.1456779289161913,0.38920579201404126
0.20656455142231947,0.263019693654267,0.1448577680525164,0.38555798687089715
0.19876597620096959,0.26972234464521816,0.14720141031291317,0.3843102688408991
0.1980591089545655,0.26775474194971327,0.14689016321129245,0.38729598588442876
0.2028985507246377,0.2648221343873518,0.15327184892402285,0.3790074659639877
0.205218929677134,0.2680229986731535,0.15701017249004864,0.3697478991596639
0.20896184560780834,0.26796805678793256,0.1557231588287489,0.3673469387755102
0.21253286590709902,0.2651183172655565,0.15249780893952672,0.3698510078878177
0.21349801499779444,0.2659902955447728,0.15041905602117336,0.37009263343625937
0.2173721340388007,0.2605820105820106,0.14947089947089948,0.37257495590828926
0.22085349758029035,0.2600087989441267,0.14298284205895292,0.37615486141663
0.21359223300970873,0.26037069726390116,0.14386584289496912,0.382171226831421
0.21447368421052632,0.2675438596491228,0.1425438596491228,0.37543859649122807
0.21582417582417582,0.25978021978021976,0.14813186813186813,0.37626373626373627
0.21920210434020165,0.25734327049539674,0.14818062253397632,0.37527400263042526
0.22261021388040156,0.24487123526844173,0.1532082060235705,0.3793103448275862
0.21654929577464788,0.25132042253521125,0.15713028169014084,0.375
0.21653543307086615,0.2567804024496938,0.15879265091863518,0.3678915135608049
0.21960958296362024,0.25510204081632654,0.15661047027506655,0.3686779059449867
0.21409574468085107,0.2522163120567376,0.16400709219858156,0.3696808510638298
0.2148796498905908,0.263019693654267,0.15711159737417943,0.3649890590809628
0.21143617021276595,0.26152482269503546,0.15691489361702127,0.3701241134751773
0.21469173589855706,0.2641014429383472,0.15260166156536947,0.3686051595977263
0.21210801393728224,0.26785714285714285,0.1559233449477352,0.3641114982578397
0.21441048034934498,0.26026200873362443,0.15764192139737992,0.36768558951965064
0.2075141983398864,0.26430755788553956,0.16076889471384884,0.3674093490607252
0.20748898678414096,0.2687224669603524,0.15770925110132158,0.366079295154185
0.2051168945743273,0.2690780767534186,0.1658579620644023,0.3599470666078518
0.20700218818380745,0.26958424507658646,0.16236323851203502,0.3610503282275711
0.20691182986264953,0.2676118741692512,0.16127603012848915,0.3642002658396101
0.20575221238938052,0.2668141592920354,0.16238938053097346,0.36504424778761063
0.20851624231782265,0.26865671641791045,0.16549604916593502,0.35733099209833186
0.21096491228070174,0.26842105263157895,0.15789473684210525,0.36271929824561405
0.21286031042128603,0.2660753880266075,0.15654101995565411,0.3645232815964523
0.21645796064400716,0.268783542039356,0.15384615384615385,0.360912343470483
0.21733333333333332,0.2604444444444444,0.15555555555555556,0.36666666666666664
0.22296099290780141,0.262854609929078,0.15203900709219859,0.362145390070922
0.22100175746924428,0.2623022847100176,0.15026362038664323,0.3664323374340949
0.2230971128608924,0.2677165354330709,0.1500437445319335,0.35914260717410323
0.2228140257434532,0.2663115845539281,0.14602751886373724,0.3648468708388815
0.22236900044033464,0.26860413914575076,0.14707177454865697,0.3619550858652576
0.2244355909694555,0.2638335546702081,0.15050907481186365,0.3612217795484728
0.22403888643393724,0.2633672116659302,0.14361467079098542,0.36897923110914715
0.22519754170324846,0.26119402985074625,0.1453028972783143,0.36830553116769094
0.22256637168141594,0.26327433628318586,0.14690265486725665,0.3672566371681416
0.22711111111111112,0.26666666666666666,0.148,0.3582222222222222
0.22431957857769974,0.26865671641791045,0.14749780509218613,0.3595258999122037
0.22985468956406868,0.26860413914575076,0.1444297666226332,0.3571114046675473
0.23029502421840597,0.26904447380008806,0.15059445178335534,0.35006605019815057
0.23598949211908932,0.2670753064798599,0.15061295971978983,0.34632224168126097
0.22815533980582525,0.265666372462489,0.1557811120917917,0.3503971756398941
0.21920853712761226,0.2694530902623388,0.15873721654068476,0.35260115606936415
0.22231985940246046,0.2702108963093146,0.15641476274165203,0.3510544815465729
0.22056892778993437,0.2700218818380744,0.1562363238512035,0.3531728665207877
0.21891418563922943,0.26882661996497376,0.16024518388791595,0.3520140105078809
0.21601073345259392,0.27280858676207514,0.15876565295169948,0.35241502683363146
0.2224659938569548,0.26722246599385696,0.15752523036419483,0.3527863097849934
0.22817025010969724,0.2641509433962264,0.15269855199648968,0.35498025449758663
0.22540802823114248,0.2606969563299515,0.15703573003970003,0.35685928539920597
0.23175586023883238,0.2631578947368421,0.15789473684210525,0.3471915081822203
0.23847167325428195,0.25867369345630215,0.15942028985507245,0.3434343434343434
0.2371766768960982,0.265234546251644,0.15563349408154317,0.3419552827707146
0.23803191489361702,0.26684397163120566,0.1573581560283688,0.3377659574468085
0.23421052631578948,0.262719298245614,0.15921052631578947,0.34385964912280703
0.23774080560420316,0.26444833625218916,0.15893169877408056,0.33887915936952717
0.23908248786943095,0.26290251433612705,0.1588001764446405,0.3392148213498015
0.23542402826855124,0.2676678445229682,0.15547703180212014,0.3414310954063604
0.2423043095866315,0.2691292875989446,0.15919085312225154,0.32937554969217236
0.2406113537117904,0.26812227074235806,0.16069868995633188,0.33056768558951966
0.2439772229522558,0.2671922908453789,0.1590013140604468,0.32982917214191854
0.2465631929046563,0.2713968957871397,0.1574279379157428,0.3246119733924612
0.24420677361853832,0.26916221033868093,0.15819964349376114,0.3284313725490196
0.24624889673433362,0.2705207413945278,0.1557811120917917,0.32744924977934686
0.24702249669166298,0.27040141155712394,0.15086016762240848,0.3317159241288046
0.24570673712021135,0.27432848965213563,0.15411712901805372,0.3258476442095993
0.2395970214629873,0.27463863337713534,0.15111695137976347,0.3346473937801139
0.23908248786943095,0.278341420379356,0.15041905602117336,0.3321570357300397
0.24045634050021938,0.27906976744186046,0.1509433962264151,0.32953049583150507
0.24007060900264784,0.27758164165931154,0.1531332744924978,0.3292144748455428
0.24069148936170212,0.28058510638297873,0.1600177304964539,0.31870567375886527
0.24377224199288255,0.27891459074733094,0.1543594306049822,0.32295373665480426
0.2445414847161572,0.2781659388646288,0.15807860262008733,0.31921397379912664
0.24285085789705235,0.2833260008798944,0.15090189177298724,0.322921249450066
0.2431718061674009,0.2854625550660793,0.14977973568281938,0.32158590308370044
0.2497797356828194,0.27973568281938327,0.14933920704845816,0.3211453744493392
0.2445916114790287,0.282560706401766,0.15143487858719648,0.32141280353200885
0.24635761589403973,0.2785871964679912,0.14922737306843267,0.3258278145695364
0.24715162138475022,0.2751971954425942,0.14680105170902716,0.3308501314636284
0.24773413897280966,0.2710401381096245,0.1519205869659042,0.3293051359516616
0.24529128339903636,0.2720105124835742,0.15593517301795884,0.32676303109943056
0.25,0.2767543859649123,0.15394736842105264,0.3192982456140351
0.24867256637168142,0.27964601769911507,0.1561946902654867,0.3154867256637168
0.24428822495606328,0.28031634446397186,0.1555360281195079,0.31985940246045697
0.24370860927152319,0.2865342163355408,0.1509933774834437,0.31876379690949225
0.238898756660746,0.2921847246891652,0.1558614564831261,0.3130550621669627
0.24353920280332894,0.2864651773981603,0.15724923346473937,0.31274638633377133
0.24363476733977174,0.2901668129938543,0.15583845478489902,0.310359964881475
0.24768620537681799,0.28779197884530633,0.15601586602027326,0.3085059497576025
0.2517605633802817,0.28653169014084506,0.15580985915492956,0.3058978873239437
0.2558654271801682,0.281983178397521,0.1575918548030102,0.3045595396193006
0.25609756097560976,0.2813588850174216,0.16202090592334495,0.30052264808362367
0.2549800796812749,0.28286852589641437,0.15803452855245684,0.3041168658698539
0.26474442988204455,0.27741371778069024,0.1598951507208388,0.2979467016164264
0.2619360490582567,0.27113447218572057,0.15987735435830047,0.3070521243977223
0.26202974628171477,0.2747156605424322,0.16010498687664043,0.3031496062992126
0.26503923278116825,0.2724498692240628,0.15911072362685266,0.30340017436791633
0.26704795424549055,0.267927848658161,0.16322041355037395,0.3018037835459745
0.2662852112676056,0.2662852112676056,0.167693661971831,0.29973591549295775
0.2681958535509484,0.26290251433612705,0.1662990736656374,0.3026025584472872
0.2657281126264848,0.26264848218213815,0.17069951605807304,0.300923889133304
0.2665788317962231,0.256477821695213,0.17083882301273606,0.30610452349582784
0.2648482182138143,0.2556093268807743,0.172459304883414,0.3070831500219974
0.2633889376646181,0.25065847234416155,0.17383669885864794,0.31211589113257243
0.26652078774617066,0.24113785557986872,0.17943107221006566,0.31291028446389496
0.2696035242290749,0.23392070484581498,0.18193832599118942,0.3145374449339207
0.2713523131672598,0.23576512455516013,0.18282918149466193,0.31005338078291816
0.27430093209054596,0.23257878384376388,0.17665335108743896,0.31646693297825124
0.2728865527814279,0.22514235654840123,0.18046430135786246,0.32150678931230836
0.2760301284891449,0.22197607443509082,0.18077093486929552,0.3212228622064688
0.2836218375499334,0.2166000887705282,0.18020417221482468,0.3195739014647137
0.2833260008798944,0.22261328640563133,0.17949846018477783,0.31456225252969644
0.2855274629468178,0.22144725370531823,0.1791630340017437,0.31386224934612034
0.28294402820625825,0.22256500661084178,0.17981489643014545,0.3146760687527545
0.28458844133099825,0.22066549912434325,0.17907180385288968,0.3156742556917688
0.28193832599118945,0.22951541850220264,0.17841409691629956,0.31013215859030835
0.28471309680245294,0.22864651773981604,0.1765221200175208,0.31011826544021026
0.28249336870026526,0.23430592396109637,0.17329796640141468,0.3099027409372237
0.28236853733981443,0.23110914714980116,0.17498895271763146,0.311533362792753
0.281195079086116,0.23242530755711774,0.171792618629174,0.3145869947275923
0.28389084507042256,0.2266725352112676,0.1738556338028169,0.31558098591549294
0.28684557853057635,0.22481302243730752,0.17421909370875496,0.3141223053233612
0.28690319754708715,0.22382829610162067,0.17257993867717916,0.316688567674113
0.2867256637168142,0.22212389380530972,0.1752212389380531,0.315929203539823
0.2788844621513944,0.2297476759628154,0.17441345728198318,0.31695440460380697
0.27846425419240955,0.22418358340688438,0.17740511915269197,0.3199470432480141
0.27991169977924946,0.22339955849889626,0.17969094922737308,0.31699779249448123
0.27775340061430454,0.2277314611671786,0.1790258885476086,0.3154892496709083
0.2815107597716293,0.22529644268774704,0.18269653052261747,0.31049626701800614
0.27584689837219534,0.22833260008798945,0.1803783545974483,0.31544214694236694
0.27240618101545255,0.22560706401766004,0.18675496688741722,0.3152317880794702
0.2722902097902098,0.2263986013986014,0.18356643356643357,0.31774475524475526
0.28345765686704694,0.21895568231680562,0.18780166739798157,0.30978499341816584
0.2726870296591412,0.22487826471890218,0.19079238601150952,0.3116423196104471
0.2757255936675462,0.22559366754617413,0.18557607739665788,0.3131046613896218
0.2726075504828797,0.2273924495171203,0.18920105355575065,0.3107989464442493
0.2738825591586328,0.2287467134092901,0.18930762489044697,0.30806310254163016
0.28051486906347095,0.22148246782068354,0.18908122503328895,0.30892143808255657
0.2865291794646775,0.2215884159719175,0.18867924528301888,0.30320315928038616
0.27833698030634574,0.21925601750547047,0.19080962800875273,0.31159737417943106
0.28,0.21318681318681318,0.19384615384615383,0.312967032967033
0.27467248908296943,0.2126637554585153,0.1947598253275109,0.3179039301310044
0.27548330404217924,0.21309314586994726,0.19156414762741653,0.31985940246045697
0.2794837561192701,0.210057854917668,0.18958611481975968,0.32087227414330216
0.28596802841918295,0.20825932504440497,0.1891651865008881,0.316607460035524
0.28094820017559263,0.21202809482001755,0.18832309043020193,0.31870061457418786
0.28080985915492956,0.20862676056338028,0.19454225352112675,0.3160211267605634
0.2833260008798944,0.21205455345358556,0.19181698196216454,0.3128024637043555
0.28127734033245844,0.2169728783902012,0.19203849518810148,0.30971128608923887
0.28703296703296705,0.21670329670329672,0.18769230769230769,0.30857142857142855
0.2889969067609368,0.21254971277065843,0.18912947414935927,0.3093239063190455
0.28779840848806365,0.21706454465075153,0.1865605658709107,0.30857648099027407
0.2822222222222222,0.22,0.192,0.30577777777777776
0.2848324514991182,0.21869488536155202,0.19135802469135801,0.30511463844797176
0.28463922089420096,0.2151394422310757,0.19743249225320939,0.30278884462151395
0.2962962962962963,0.2138447971781305,0.2001763668430335,0.2896825396825397
0.29305002213368747,0.21558211598052235,0.19787516600265603,0.29349269588313415
0.2957060646303674,0.21027003098716246,0.20717131474103587,0.2868525896414343
0.2942982456140351,0.20964912280701756,0.20526315789473684,0.29078947368421054
0.2905944986690328,0.21029281277728482,0.209849157054126,0.28926353149955636
0.2936021034180543,0.21428571428571427,0.20639789658194566,0.2857142857142857
0.2920901458241273,0.21166593018117544,0.20415377817057004,0.2920901458241273
0.28703296703296705,0.21362637362637363,0.21406593406593408,0.28527472527472525
0.2850838481906443,0.21403353927625773,0.21006178287731686,0.2908208296557811
0.29253203711886877,0.21210782147591692,0.20503756076005303,0.2903225806451613
0.28677758318739055,0.21409807355516638,0.20577933450087565,0.29334500875656744
0.2903225806451613,0.2063632346442775,0.21210782147591692,0.29120636323464427
0.29789103690685415,0.21045694200351495,0.20123022847100175,0.29042179261862916
0.2965244170699516,0.20589529256489222,0.19841619005719313,0.29916410030796303
0.3030973451327434,0.1986725663716814,0.1995575221238938,0.29867256637168144
0.3026315789473684,0.20482456140350877,0.19605263157894737,0.2964912280701754
0.3081343943412909,0.20159151193633953,0.19230769230769232,0.2979664014146773
0.30216144684605206,0.20688134097926775,0.19541243934715483,0.29554477282752534
0.29908176650634016,0.20813292522955837,0.19282903366856144,0.29995627459554003
0.29564452265728114,0.214694236691597,0.19093708754949407,0.2987241531016278
0.29280070237050043,0.21949078138718173,0.1922739244951712,0.29543459174714665
0.2941696113074205,0.22438162544169613,0.19213780918727916,0.28931095406360424
0.29588677576293676,0.22114108801415303,0.19371959310039805,0.28925254312251214
0.29422143802382,0.22761358623731803,0.18967798853109838,0.28848698720776356
0.29646017699115046,0.23141592920353982,0.18805309734513273,0.28407079646017697
0.2959680992467878,0.22507753655294638,0.19184758529020823,0.2871067789100576
0.29646017699115046,0.22300884955752212,0.19424778761061948,0.28628318584070794
0.2946666666666667,0.22444444444444445,0.1942222222222222,0.2866666666666667
0.29836210712704736,0.22399291722000886,0.19300575475874282,0.28463922089420096
0.29219920669898636,0.22961657117672984,0.19479947113265755,0.28338475099162624
0.29157476841640934,0.2333480370533745,0.19144243493603882,0.28363475959417733
0.2936436884512086,0.22470904207699194,0.19829901521933752,0.28334825425246196
0.2957559681697613,0.22325375773651635,0.20114942528735633,0.27984084880636606
0.2938053097345133,0.2252212389380531,0.1986725663716814,0.28230088495575223
0.29606716747680073,0.23022536456031817,0.1948740609809987,0.27883340698188247
0.3028972783143108,0.2273924495171203,0.19051799824407376,0.2791922739244952
0.30048608042421565,0.22934158197083518,0.18780380026513477,0.28236853733981443
0.3050772626931567,0.22428256070640176,0.18763796909492272,0.28300220750551874
0.31302801244997774,0.22676745220097821,0.18274788795020008,0.2774566473988439
0.31252766710934043,0.22487826471890218,0.183709606020363,0.2788844621513944
0.3098716246126605,0.23063302346170872,0.1868083222664896,0.2726870296591412
0.3071460275188637,0.24101198402130491,0.1841988459831336,0.26764314247669774
0.30964015992892047,0.2394491337183474,0.18036428254109285,0.2705464238116393
0.30477465417224453,0.23516287371709058,0.18518518518518517,0.2748772869254797
0.2973568281938326,0.24008810572687225,0.18986784140969162,0.27268722466960355
0.30369052912405514,0.23788350377945755,0.18541574032903513,0.2730102267674522
0.30782684739833843,0.2365544381285527,0.18627022299956275,0.2693484914735461
0.313020604997808,0.2345462516440158,0.18807540552389304,0.26435773783428324
0.3131625441696113,0.2332155477031802,0.18065371024734983,0.27296819787985865
0.30577777777777776,0.23777777777777778,0.18222222222222223,0.2742222222222222
0.3077597544936431,0.2371766768960982,0.18106093818500657,0.2740026304252521
0.3050176056338028,0.2367957746478873,0.18397887323943662,0.27420774647887325
0.30453944468929045,0.2353459673865139,0.18113706478624944,0.2789775231379462
0.30874558303886923,0.23409893992932862,0.18153710247349825,0.2756183745583039
0.3089395267309378,0.2357581069237511,0.18185801928133216,0.27344434706397897
0.30803177405119153,0.235657546337158,0.18711385701676964,0.26919682259488087
0.30556773345024113,0.2389302937308198,0.17930732135028496,0.2761946514686541
0.3052540165002171,0.24012158054711247,0.17846287451150672,0.2761615284411637
0.3030701754385965,0.24342105263157895,0.17543859649122806,0.27807017543859647
0.30136383633963926,0.24197096348438188,0.17289925208974924,0.2837659480862297
0.300132802124834,0.2434705621956618,0.17884019477644975,0.2775564409030544
0.291866028708134,0.2496737712048717,0.176163549369291,0.2822966507177033
0.2938577110030932,0.24922669023420238,0.1794078656650464,0.27750773309765797
0.29190371991247266,0.25557986870897154,0.17549234135667396,0.27702407002188184
0.2958553791887125,0.25440917107583777,0.17239858906525574,0.27733686067019403
0.2959542656112577,0.25549692172383465,0.17106420404573439,0.2774846086191733
0.2929602098819414,0.25972890249234803,0.17271534761696547,0.2745955400087451
0.2990736656374063,0.254962505513895,0.1658579620644023,0.28010586678429644
0.28771316134674246,0.264975951027547,0.16965456930476608,0.27765631832094445
0.28809837505489677,0.26438296003513395,0.1725955204216074,0.27492314448836186
0.2839451570101725,0.27288810260946483,0.17072091994692615,0.2724458204334365
0.2843915343915344,0.27116402116402116,0.1697530864197531,0.27469135802469136
0.2848378615249781,0.2659947414548642,0.175284837861525,0.2738825591586328
0.28294402820625825,0.2617893345085941,0.1749669457910974,0.28029969149405026
0.2779003087781209,0.26334362593736216,0.17776797529775032,0.28098808998676666
0.27472527472527475,0.2676923076923077,0.17978021978021977,0.2778021978021978
0.2732142857142857,0.2642857142857143,0.18125,0.28125
0.2775564409030544,0.2647189021691014,0.1828242585214697,0.2749003984063745
0.276298559580969,0.2653862941946748,0.17765168048886948,0.2806634657354867
0.278503046127067,0.268059181897302,0.1784160139251523,0.2750217580504787
0.2814292015880018,0.2681958535509484,0.1799735333039259,0.27040141155712394
0.2772146319964742,0.26443367122080214,0.18289995592772146,0.2754517408550022
0.27880386983289357,0.26868953386103783,0.17941952506596306,0.27308707124010556
0.28149779735682817,0.26784140969162995,0.17665198237885463,0.2740088105726872
0.2828773168578994,0.2586054721977052,0.18137687555163284,0.27714033539276256
0.2786526684164479,0.2541557305336833,0.1837270341207349,0.28346456692913385
0.2804395604395604,0.2523076923076923,0.17802197802197803,0.28923076923076924
0.2695883134130146,0.2545374059318282,0.18238158477202301,0.29349269588313415
0.27055702917771884,0.251105216622458,0.1839080459770115,0.29442970822281167
0.2740871095468544,0.25296964364276286,0.18125824901011878,0.29168499780026397
0.26970770593445526,0.2555358724534987,0.18069087688219662,0.2940655447298494
0.2733245729303548,0.2614980289093298,0.17345597897503284,0.29172141918528255
0.27336860670194,0.25793650793650796,0.17063492063492064,0.2980599647266314
0.27034120734908135,0.2559055118110236,0.1762904636920385,0.2974628171478565
0.2723666813574262,0.25341560158660204,0.1771705597179374,0.2970471573380344
0.27045951859956235,0.25164113785557984,0.17417943107221007,0.3037199124726477
0.26855123674911663,0.24469964664310953,0.1775618374558304,0.30918727915194344
0.2671322566564819,0.2426887821911829,0.17415975556525534,0.31601920558707985
0.26325010950503724,0.24967148488830487,0.1747700394218134,0.3123083661848445
0.26643295354951796,0.2502191060473269,0.16695880806310254,0.31638913234005256
0.2655293088363955,0.25065616797900264,0.16929133858267717,0.31452318460192474
0.26205083260297984,0.24978089395267308,0.1691498685363716,0.31901840490797545
