C,D,Oc,Od
1.0,0.0,0.0,0.0
0.75,0.0,0.25,0.0
0.6666666666666666,0.1111111111111111,0.2222222222222222,0.0
0.5625,0.0625,0.375,0.0
0.5357142857142857,0.14285714285714285,0.32142857142857145,0.0
0.45098039215686275,0.13725490196078433,0.4117647058823529,0.0
0.37037037037037035,0.16049382716049382,0.4567901234567901,0.012345679012345678
0.3543307086614173,0.18110236220472442,0.4566929133858268,0.007874015748031496
0.3259668508287293,0.18232044198895028,0.4861878453038674,0.0055248618784530384
0.27459016393442626,0.22540983606557377,0.4918032786885246,0.00819672131147541
0.2680722891566265,0.23795180722891565,0.48493975903614456,0.009036144578313253
0.2334096109839817,0.2562929061784897,0.4988558352402746,0.011441647597254004
0.22043010752688172,0.27598566308243727,0.4910394265232975,0.012544802867383513
0.21571428571428572,0.2957142857142857,0.4757142857142857,0.012857142857142857
0.19614921780986763,0.30445246690734057,0.48014440433212996,0.019253910950661854
0.1884920634920635,0.31746031746031744,0.46130952380952384,0.03273809523809524
0.1844331641285956,0.3206429780033841,0.4509306260575296,0.043993231810490696
0.178979436405179,0.32977913175932977,0.4364051789794364,0.05483625285605483
0.18212593094109683,0.3256601218686527,0.43060257278266756,0.061611374407582936
0.18075262183837137,0.32757557063541026,0.42628007402837753,0.06539173349784085
0.17913832199546487,0.32596371882086167,0.4189342403628118,0.07596371882086168
0.17688172043010753,0.32688172043010755,0.4150537634408602,0.08118279569892473
0.17239661185849528,0.33134030891878424,0.4090682610861983,0.08719481813652218
0.17330772923667787,0.3259721555448872,0.414306289006241,0.08641382621219396
0.16744402985074627,0.32322761194029853,0.40904850746268656,0.10027985074626866
0.16704493871992737,0.3277349069450749,0.403994552882433,0.10122560145256468
0.1701170117011701,0.31863186318631864,0.4063906390639064,0.10486048604860486
0.17270318021201414,0.3206713780918728,0.4032685512367491,0.10335689045936396
0.1729490022172949,0.31929046563192903,0.40266075388026606,0.10509977827050998
0.17333919929608446,0.3216014078310603,0.3994720633523977,0.10558732952045755
0.17958826106000875,0.3232588699080158,0.3902759526938239,0.10687691633815155
0.17372134038800705,0.32671957671957674,0.39285714285714285,0.10670194003527336
0.1820194862710363,0.31886625332152346,0.39238263950398583,0.10673162090345438
0.1775618374558304,0.31934628975265017,0.39708480565371024,0.10600706713780919
0.18528368794326242,0.3191489361702128,0.3891843971631206,0.10638297872340426
0.18422212428382548,0.3146760687527545,0.39224327897752315,0.10885852798589687
0.18716814159292036,0.315929203539823,0.3898230088495575,0.10707964601769912
0.19639718804920914,0.3110720562390158,0.38005272407732865,0.11247803163444639
0.1945181255526083,0.3090185676392573,0.3837312113174182,0.11273209549071618
0.19126637554585152,0.311353711790393,0.38209606986899564,0.11528384279475982
0.19343544857768052,0.3072210065645514,0.38161925601750546,0.11772428884026258
0.1911504424778761,0.3123893805309734,0.3787610619469027,0.11769911504424779
0.19245944761069705,0.31521262604121,0.37702761946514685,0.11530030688294608
0.19389110225763612,0.3107569721115538,0.3758300132802125,0.11952191235059761
0.19281332164767748,0.3089395267309378,0.37773882559158634,0.12050832602979843
0.19586267605633803,0.3085387323943662,0.3727992957746479,0.12279929577464789
0.1989389920424403,0.3160919540229885,0.3616268788682582,0.123342175066313
0.19596668128014028,0.31477422183252957,0.36080666374397197,0.12845243314335816
0.19851007887817704,0.31156879929886067,0.3602103418054338,0.12971078001752848
0.19920494699646643,0.3113957597173145,0.3573321554770318,0.13206713780918727
0.1993838028169014,0.3107394366197183,0.3538732394366197,0.13600352112676056
0.2043956043956044,0.31032967032967035,0.3507692307692308,0.1345054945054945
0.20415377817057004,0.30092797171895713,0.35528060097216085,0.13963764913831198
0.2032772364924712,0.30115146147032773,0.35562444641275465,0.13994685562444642
0.2021978021978022,0.298021978021978,0.3564835164835165,0.1432967032967033
0.2055457746478873,0.2984154929577465,0.35563380281690143,0.14040492957746478
0.2026431718061674,0.2986784140969163,0.3541850220264317,0.1444933920704846
0.19463971880492092,0.30008787346221444,0.36203866432337434,0.14323374340949033
0.19549867608120036,0.3000882612533098,0.3592233009708738,0.14518976169461606
0.1991208791208791,0.2989010989010989,0.3556043956043956,0.1463736263736264
0.21029476462824462,0.2987241531016278,0.34931808183018037,0.1416630004399472
0.21503496503496503,0.2906468531468531,0.3479020979020979,0.1464160839160839
0.21322889469103568,0.2828546562228024,0.34812880765883375,0.15578764142732812
0.21444106133101348,0.28142670726402785,0.3449325793823401,0.15919965202261854
0.21472663139329806,0.2865961199294533,0.3408289241622575,0.15784832451499117
0.21362637362637363,0.2756043956043956,0.3512087912087912,0.15956043956043955
0.2117750439367311,0.2750439367311072,0.3532513181019332,0.15992970123022848
0.21158032215933828,0.2694819329560296,0.3569873748367436,0.16195037004788854
0.21998247151621383,0.2677475898334794,0.35539000876424187,0.15687992988606486
0.2240921169176262,0.26660761736049604,0.3525243578387954,0.15677590788308238
0.22373029772329248,0.2626970227670753,0.3502626970227671,0.16330998248686515
0.22531535450195736,0.2653327533710309,0.35276207046541974,0.156589821661592
0.22373626373626374,0.26681318681318683,0.3507692307692308,0.15868131868131868
0.22721268163804492,0.26860413914575076,0.34522236900044034,0.15896081021576397
0.22787028921998248,0.26555652936021035,0.35056967572305,0.15600350569675722
0.22207505518763798,0.258719646799117,0.35805739514348783,0.16114790286975716
0.2222222222222222,0.2683355292050944,0.3469477382520861,0.16249451032059728
0.22781988408381632,0.270619705751226,0.3379402585822559,0.16362015158270174
0.22765301629238222,0.2668428005284016,0.3390576838397182,0.166446499339498
0.22849580943978826,0.26687251874724305,0.3383325981473313,0.1662990736656374
0.22403169014084506,0.2715669014084507,0.3345070422535211,0.1698943661971831
0.22737115634473798,0.2646167171935903,0.3395409268081421,0.16847119965352966
0.22971781305114639,0.26102292768959434,0.34171075837742504,0.1675485008818342
0.23238512035010941,0.263019693654267,0.34048140043763675,0.16411378555798686
0.23147742218325296,0.2656729504603244,0.3393248575186322,0.16352476983779043
0.2366345311130587,0.26205083260297984,0.33610867659947413,0.16520595968448729
0.22601839684625494,0.26325010950503724,0.3442838370565046,0.16644765659220323
0.22021978021978023,0.269010989010989,0.34813186813186814,0.16263736263736264
0.21992976294995611,0.26119402985074625,0.35294117647058826,0.16593503072870938
0.22042068361086767,0.26292725679228746,0.3488168273444347,0.16783523225241018
0.22462488967343336,0.26434245366284204,0.3446601941747573,0.16637246248896734
0.23012367491166077,0.25662544169611307,0.3418727915194346,0.17137809187279152
0.22570671378091872,0.26104240282685515,0.34452296819787986,0.1687279151943463
0.21964050854888206,0.2661113546690048,0.34546251644015785,0.1687856203419553
0.22021978021978023,0.2610989010989011,0.3463736263736264,0.1723076923076923
0.21762114537444935,0.25726872246696036,0.3458149779735683,0.17929515418502204
0.21557413110426749,0.26044874615046193,0.3418389793224813,0.18213814342278928
0.213215859030837,0.25903083700440527,0.3458149779735683,0.18193832599118942
0.2170305676855895,0.2550218340611354,0.3441048034934498,0.18384279475982532
0.20919946926138877,0.25785050862450243,0.34365325077399383,0.189296771340115
0.2137538326763031,0.2575558475689882,0.33508541392904073,0.19360490582566797
0.21419068736141908,0.26031042128603105,0.33791574279379155,0.18758314855875832
0.21484716157205241,0.25895196506550217,0.33799126637554583,0.18820960698689956
0.21760070052539404,0.2583187390542907,0.3358143607705779,0.18826619964973731
0.22013949433304272,0.2563208369659983,0.33783783783783783,0.1857018308631212
0.2118942731277533,0.25903083700440527,0.3370044052863436,0.1920704845814978
0.2066079295154185,0.2647577092511013,0.33612334801762117,0.19251101321585903
0.2088300220750552,0.27240618101545255,0.33068432671081677,0.1880794701986755
0.20615384615384616,0.26505494505494503,0.33582417582417584,0.19296703296703296
0.20486725663716815,0.2685840707964602,0.33185840707964603,0.19469026548672566
0.21209465381244522,0.268624014022787,0.3220858895705521,0.1971954425942156
0.2139718804920914,0.2680140597539543,0.3224956063268893,0.19551845342706503
0.21588415971917507,0.26722246599385696,0.32207108380868804,0.19482229047827995
0.21892967713401149,0.2631578947368421,0.32109685979655017,0.1968155683325962
0.22051731696624288,0.263042525208242,0.319596668128014,0.1968434896975011
0.21829429960229785,0.26557666813963765,0.31992929739284137,0.19619973486522316
0.21372031662269128,0.2691292875989446,0.3227792436235708,0.1943711521547933
0.21003963011889035,0.26860413914575076,0.32672831351827386,0.19462791721708497
0.2136006974716652,0.26068003487358327,0.3273757628596338,0.1983435047951177
0.21532364597093792,0.2624394539850286,0.32672831351827386,0.1955085865257596
0.22001763668430335,0.25485008818342153,0.32848324514991184,0.1966490299823633
0.225,0.25526315789473686,0.3219298245614035,0.19780701754385965
0.22178477690288714,0.25765529308836393,0.3228346456692913,0.19772528433945757
0.22417582417582418,0.2549450549450549,0.32043956043956046,0.20043956043956043
0.22817899867080194,0.26229508196721313,0.31679220203810365,0.19273371732388125
0.22961657117672984,0.26399294843543414,0.31687968267959454,0.18951079770824153
0.22394678492239467,0.2638580931263858,0.3215077605321508,0.19068736141906872
0.2214941022280472,0.2651813018785496,0.3215377894276977,0.19178680646570556
0.22719220549158547,0.26660761736049604,0.3184233835252436,0.18777679362267494
0.23124722592099423,0.2671992898357745,0.32001775410563693,0.18153573013759433
0.2274923144488362,0.26613965744400525,0.3170838823012736,0.18928414580588493
0.22877254729432467,0.26264848218213815,0.3216014078310603,0.1869775626924769
0.23032967032967033,0.2632967032967033,0.31824175824175827,0.18813186813186814
0.2266725352112676,0.2676056338028169,0.3191021126760563,0.18661971830985916
0.2357080035180299,0.2700087950747581,0.31266490765171506,0.18161829375549693
0.2391304347826087,0.2684117125110914,0.31588287488908606,0.17657497781721385
0.2427947598253275,0.2663755458515284,0.31572052401746725,0.17510917030567685
0.2384310268840899,0.25782282944028206,0.31820185103569854,0.1855442926399295
0.23933128024637043,0.2635283765948086,0.3167619885613726,0.1803783545974483
0.2478146853146853,0.2631118881118881,0.3094405594405594,0.17963286713286714
0.24145486415425066,0.26906222611744085,0.3102541630148992,0.1792287467134093
0.24307692307692308,0.26681318681318683,0.30813186813186816,0.181978021978022
0.24646643109540636,0.2628091872791519,0.3118374558303887,0.178886925795053
0.24779541446208111,0.25793650793650796,0.31305114638447973,0.18121693121693122
0.2474813841436706,0.2575558475689882,0.3171265878230399,0.17783618046430136
0.24967032967032968,0.2553846153846154,0.3178021978021978,0.17714285714285713
0.2497805092186128,0.2581211589113257,0.31782265144863914,0.1742756804214223
0.24855747891699956,0.2583222370173103,0.3169107856191744,0.17620949844651576
0.2533215234720992,0.2630646589902569,0.31089459698848537,0.17271922054915856
0.2516469038208169,0.2635046113306983,0.30786122090469914,0.1769872639437857
0.25339168490153174,0.2551422319474836,0.3111597374179431,0.18030634573304158
0.2489063867016623,0.2541557305336833,0.31539807524059493,0.1815398075240595
0.2526269702276708,0.2561295971978984,0.3126094570928196,0.1786339754816112
0.25242290748898677,0.26123348017621145,0.31101321585903086,0.17533039647577092
0.2451669595782074,0.2640597539543058,0.3145869947275923,0.17618629173989456
0.24246395806028834,0.26474442988204455,0.31367409349060726,0.17911751856705985
0.24178712220762155,0.2619360490582567,0.31537450722733246,0.1809023215067893
0.24286341677646026,0.2652613087395696,0.30873956960913485,0.1831357048748353
0.24389160373167482,0.26254997778764994,0.31008440693025324,0.18347401155042203
0.24307692307692308,0.26505494505494503,0.3120879120879121,0.17978021978021977
0.24694055944055945,0.2687937062937063,0.30463286713286714,0.17963286713286714
0.24911816578483245,0.27336860670194,0.2993827160493827,0.1781305114638448
0.24638949671772428,0.27964989059080964,0.29978118161925604,0.17417943107221007
0.2469352014010508,0.2788966725043783,0.2968476357267951,0.17732049036777583
0.25229960578186594,0.28164695575996496,0.29215943933420935,0.1738939991239597
0.25273283777874944,0.2780935723655444,0.2925229558373415,0.17665063401836467
0.25535636204634893,0.27590730214254483,0.2890249234805422,0.17971141233056406
0.25623885918003564,0.2660427807486631,0.2945632798573975,0.18315508021390375
0.25893250992501105,0.2646669607410675,0.2906925452139391,0.18570798411998235
0.25552608311229,0.26702033598585323,0.2922192749778957,0.1852343059239611
0.25210084033613445,0.26094648385670055,0.29544449358690844,0.19150818222025653
0.25713032031592803,0.2641509433962264,0.2904782799473453,0.1882404563405002
0.2530541012216405,0.2643979057591623,0.2940663176265271,0.18848167539267016
0.2641758241758242,0.26505494505494503,0.2927472527472528,0.17802197802197803
0.26141450313339304,0.27260519247985676,0.28871978513876456,0.17726051924798567
0.25846153846153846,0.27076923076923076,0.28923076923076924,0.18153846153846154
0.2551422319474836,0.26958424507658646,0.2901531728665208,0.1851203501094092
0.24988962472406182,0.26666666666666666,0.2913907284768212,0.19205298013245034
0.25130662020905925,0.26742160278745647,0.28614982578397213,0.1951219512195122
0.2533039647577093,0.26784140969162995,0.2872246696035242,0.19162995594713655
0.2542372881355932,0.26510212950890916,0.2837896566710126,0.196870925684485
0.25512934879571814,0.26181980374665476,0.2854594112399643,0.1975914362176628
0.2517574692442882,0.2592267135325132,0.28866432337434095,0.20035149384885764
0.2534843205574913,0.2617595818815331,0.2865853658536585,0.19817073170731708
0.24868189806678384,0.2627416520210896,0.28822495606326887,0.20035149384885764
0.24107536359629794,0.2670780079330101,0.2873512560599383,0.20449537241075363
0.23966578715919085,0.26605101143359716,0.287598944591029,0.20668425681618294
0.24181580096027935,0.26233085988651245,0.28939327804452203,0.20646006110868617
0.23566029346376166,0.2658959537572254,0.28679413072476656,0.21164962205424634
0.23786407766990292,0.263901147396293,0.2846425419240953,0.21359223300970873
0.2370860927152318,0.2653421633554084,0.28211920529801326,0.21545253863134659
0.2325066430469442,0.2661647475642161,0.28299379982285205,0.2183348095659876
0.23182624113475178,0.26906028368794327,0.2854609929078014,0.21365248226950354
0.23008849557522124,0.2668141592920354,0.28982300884955753,0.21327433628318584
0.22931338028169015,0.2632042253521127,0.2913732394366197,0.21610915492957747
0.2349290780141844,0.26728723404255317,0.28147163120567376,0.21631205673758866
0.23273207215134184,0.269687637483502,0.28068631764188295,0.2168939727232732
0.2300531914893617,0.2699468085106383,0.28102836879432624,0.21897163120567376
0.23485513608428446,0.266900790166813,0.276558384547849,0.22168568920105355
0.23070136744596384,0.2717247463608293,0.2717247463608293,0.2258491398323776
0.22627416520210897,0.2710896309314587,0.27240773286467485,0.23022847100175747
0.2260334212840809,0.2717678100263852,0.2647317502198769,0.23746701846965698
0.22979467016164265,0.27566622979467015,0.2581913499344692,0.236347750109218
0.23110720562390158,0.27372583479789103,0.2548330404217926,0.24033391915641475
0.22413793103448276,0.27099911582670205,0.25862068965517243,0.24624226348364278
0.22984942426926483,0.27015057573073514,0.2524357838795394,0.2475642161204606
0.22781456953642384,0.2675496688741722,0.258719646799117,0.24591611479028697
0.22659667541557305,0.2655293088363955,0.2585301837270341,0.24934383202099739
0.22251423565484013,0.26237406920718354,0.2636881296539641,0.2514235654840123
0.21762114537444935,0.26784140969162995,0.25859030837004404,0.25594713656387663
0.21497797356828194,0.2713656387665198,0.25859030837004404,0.2550660792951542
0.21181172291296627,0.27397868561278865,0.26065719360568385,0.25355239786856126
0.2092511013215859,0.2691629955947137,0.2665198237885463,0.2550660792951542
0.20335244816938686,0.2681958535509484,0.2730480811645346,0.25540361711513015
0.19698981850376274,0.27622841965471445,0.27091633466135456,0.2558654271801682
0.19938244375827086,0.27437141596823994,0.27481252756947505,0.2514336127040141
0.2028985507246377,0.26745718050065875,0.2753623188405797,0.25428194993412384
0.20553359683794467,0.2595520421607378,0.277119016249451,0.2577953447518665
0.20978404583516969,0.2631115028646981,0.2754517408550022,0.25165271044513
0.21224130339057684,0.25847644209599296,0.2752091589608102,0.25407309555262
0.21708185053380782,0.2491103202846975,0.28113879003558717,0.2526690391459075
0.22458001768346597,0.2515473032714412,0.27453580901856767,0.2493368700265252
0.22687224669603523,0.24537444933920705,0.2713656387665198,0.2563876651982379
0.2275132275132275,0.24514991181657847,0.2751322751322751,0.25220458553791886
0.2257495590828924,0.24559082892416226,0.27469135802469136,0.25396825396825395
0.22056239015817222,0.2451669595782074,0.28251318101933215,0.2517574692442882
0.2191480017566974,0.24593763724198506,0.279754062362758,0.2551602986385595
0.2198237885462555,0.24361233480176211,0.2757709251101322,0.2607929515418502
0.22707423580786026,0.24017467248908297,0.2777292576419214,0.2550218340611354
0.2292576419213974,0.2388646288209607,0.2720524017467249,0.259825327510917
0.2364358182620203,0.24128804587560654,0.2721658579620644,0.25011027790030876
0.23002207505518762,0.2401766004415011,0.2737306843267108,0.2560706401766004
0.2285336856010568,0.2404227212681638,0.27212681638044917,0.25891677675033026
0.23080337328007103,0.2396804260985353,0.2694185530403906,0.2600976475810031
0.2334075723830735,0.23652561247216036,0.27037861915367484,0.25968819599109133
0.22406277244986922,0.23408892763731473,0.2772449869224063,0.2646033129904098
0.23093873953283384,0.23137946231820186,0.2675187307183781,0.27016306743058616
0.23506493506493506,0.22943722943722944,0.2688311688311688,0.26666666666666666
0.23343571741992103,0.22904782799473453,0.2676612549363756,0.26985519964896887
0.22880983750548967,0.2318840579710145,0.2678963548528766,0.27140974967061926
0.22535211267605634,0.23591549295774647,0.26848591549295775,0.27024647887323944
0.2337604949182501,0.2403888643393725,0.25894829871851527,0.26690234202386215
0.2329069254521394,0.2439347154830172,0.2615791795324217,0.2615791795324217
0.23646850044365572,0.24489795918367346,0.26353149955634425,0.25510204081632654
0.2363150867823765,0.24299065420560748,0.2634623943035158,0.25723186470850024
0.2379903040987219,0.23931247245482593,0.27148523578669015,0.251211987659762
0.2397020157756354,0.2353198948290973,0.27300613496932513,0.25197195442594217
0.2353717553893533,0.24153101627804663,0.2701275846898372,0.25296964364276286
0.2330396475770925,0.2422907488986784,0.2713656387665198,0.2533039647577093
0.2408791208791209,0.23824175824175825,0.26857142857142857,0.2523076923076923
0.2517699115044248,0.23495575221238937,0.2592920353982301,0.25398230088495577
0.248,0.23866666666666667,0.2613333333333333,0.252
0.24528301886792453,0.23913997367266346,0.26590609916630104,0.249670908293111
0.24326710816777042,0.23532008830022075,0.26799116997792494,0.25342163355408387
0.23861646234676007,0.23905429071803852,0.26663747810858146,0.25569176882662
0.24059492563429571,0.23753280839895013,0.26815398075240593,0.2537182852143482
0.24989020641194554,0.230566534914361,0.26130873956960915,0.25823451910408435
0.2408791208791209,0.2334065934065934,0.2553846153846154,0.2703296703296703
0.2506619593998235,0.22771403353927624,0.25684024713150927,0.264783759929391
0.25055236411842685,0.2200618647812638,0.2607158638974812,0.26866990720282813
0.25011027790030876,0.22055580061755625,0.2611380679311866,0.2681958535509484
0.24878264718902168,0.2213368747233289,0.2647189021691014,0.26516157591854805
0.2511013215859031,0.22070484581497798,0.2665198237885463,0.2616740088105727
0.25530035335689044,0.22393992932862192,0.2628091872791519,0.2579505300353357
0.25733333333333336,0.22711111111111112,0.2591111111111111,0.2564444444444444
0.25778167470407715,0.2222709338009645,0.2617273125822008,0.25822007891275756
0.2628345765686705,0.22114962702939886,0.26458973233874505,0.25142606406318563
0.2607929515418502,0.2185022026431718,0.2629955947136564,0.2577092511013216
0.26325088339222613,0.21908127208480566,0.267226148409894,0.2504416961130742
0.2665788317962231,0.21256038647342995,0.2678963548528766,0.25296442687747034
0.2651183172655565,0.21209465381244522,0.2651183172655565,0.25766871165644173
0.26843267108167773,0.21236203090507727,0.2618101545253863,0.25739514348785875
0.27304499781564,0.2092616863259065,0.26823940585408473,0.24945391000436873
0.27461368653421636,0.20573951434878587,0.2710816777041943,0.24856512141280354
0.27011494252873564,0.20778072502210435,0.27453580901856767,0.2475685234305924
0.2721631205673759,0.20434397163120568,0.28102836879432624,0.2424645390070922
0.2689260563380282,0.19850352112676056,0.28829225352112675,0.2442781690140845
0.2624113475177305,0.1981382978723404,0.29565602836879434,0.24379432624113476
0.2676991150442478,0.19601769911504424,0.2960176991150443,0.24026548672566372
0.26485037963376507,0.1929432782492184,0.2992407324698526,0.2429656096471639
0.2647317502198769,0.18997361477572558,0.29507475813544415,0.25021987686895336
0.2613333333333333,0.19377777777777777,0.29688888888888887,0.248
0.2611380679311866,0.1945302161446846,0.2968681076312307,0.2474636082928981
0.2581069237510955,0.1936897458369851,0.2979842243645925,0.2502191060473269
0.2530541012216405,0.19546247818499127,0.30279232111692844,0.2486910994764398
0.2507795100222717,0.19688195991091315,0.3046770601336303,0.24766146993318486
0.2469298245614035,0.19912280701754387,0.3057017543859649,0.2482456140350877
0.250330542089026,0.19524019391802555,0.30542089026002645,0.249008373732922
0.2477104230266027,0.19755778456170955,0.30484081988661144,0.24989097252507633
0.25142857142857145,0.1956043956043956,0.3032967032967033,0.24967032967032968
0.25120772946859904,0.2015810276679842,0.30039525691699603,0.24681598594642074
0.2518486298390605,0.20530665506742063,0.29534580252283604,0.2474989125706829
0.2504378283712785,0.202276707530648,0.30385288966725044,0.2434325744308231
0.24911660777385158,0.2062720848056537,0.3083038869257951,0.23630742049469966
0.25,0.20008833922261485,0.30874558303886923,0.2411660777385159
0.2527520915896081,0.20079260237780713,0.30691325407309555,0.23954205195948922
0.254207263064659,0.19884853852967227,0.3051372896368468,0.24180690876882197
0.25229960578186594,0.20017520805957073,0.3053000438020149,0.2422251423565484
0.2476780185758514,0.2043343653250774,0.3007518796992481,0.24723573639982308
0.25033229951262737,0.20691182986264953,0.29641116526362427,0.24634470536109881
0.2479230432881504,0.20769567118495846,0.29733275032794054,0.2470485351989506
0.24721106648817492,0.21329763498438198,0.29540383757251226,0.24408746095493083
0.2479047198941332,0.21085134539038378,0.30083811204234673,0.24040582267313632
0.24713656387665198,0.21497797356828194,0.3,0.23788546255506607
0.24431818181818182,0.21197552447552448,0.30332167832167833,0.2403846153846154
0.2459016393442623,0.21887461231723526,0.29641116526362427,0.23881258307487815
0.25022222222222223,0.21066666666666667,0.2995555555555556,0.23955555555555555
0.24689716312056736,0.21453900709219859,0.3071808510638298,0.23138297872340424
0.24541797049620026,0.21054984354045597,0.3088958426464014,0.23513634331694233
0.24658138509042787,0.2090868989854433,0.3078958976621085,0.2364358182620203
0.2403031654034775,0.20998662505572893,0.3120820329915292,0.23762817654926438
0.24302788844621515,0.21602478972996902,0.3058875608676406,0.2350597609561753
0.24091108190976784,0.21419185282522996,0.30486202365308807,0.24003504161191414
0.2394736842105263,0.21535087719298246,0.3087719298245614,0.23640350877192984
0.2399823866138265,0.2170849845882871,0.29722589167767505,0.24570673712021135
0.24666666666666667,0.20933333333333334,0.29555555555555557,0.24844444444444444
0.24428822495606328,0.2069420035149385,0.30052724077328646,0.2482425307557118
0.24478009773434029,0.20213238560639715,0.30075521990226567,0.25233229675699687
0.2454905411350638,0.19841619005719313,0.3040035195776507,0.25208974923009236
0.24338624338624337,0.20105820105820105,0.2993827160493827,0.25617283950617287
0.24637043554773427,0.20105587329520458,0.2965244170699516,0.25604927408710954
0.23857644991212654,0.20298769771529,0.29964850615114236,0.2587873462214411
0.23762817654926438,0.20151582701738743,0.30405706642888986,0.2567989300044583
0.23938730853391685,0.20656455142231947,0.29671772428884025,0.25733041575492344
0.24065112186537616,0.20721513418389792,0.2921249450065992,0.2600087989441267
0.23324630113141862,0.20757180156657964,0.29329852045256743,0.2658833768494343
0.2404897245299519,0.20725841714035856,0.28334062090074336,0.26891123742894624
0.2388255915863278,0.2042068361086766,0.287467134092901,0.26950043821209463
0.24122612172367836,0.20746334962239005,0.28698356286095067,0.2643269657929809
0.24375274002630426,0.20955721174923278,0.28540113985094256,0.26128890837352037
0.2479120879120879,0.2123076923076923,0.2857142857142857,0.2540659340659341
0.24725516029863856,0.21387790953008345,0.28370663153271847,0.2551602986385595
0.25065502183406113,0.2109170305676856,0.28209606986899566,0.25633187772925764
0.2529592284085927,0.210872424375274,0.2801402893467777,0.25602805786935556
0.25894829871851527,0.208572691117985,0.27750773309765797,0.25497127706584183
0.2587565674255692,0.2062171628721541,0.2775831873905429,0.2574430823117338
0.2600087989441267,0.21029476462824462,0.2754069511658601,0.2542894852617686
0.2631578947368421,0.2127377266696152,0.26625386996904027,0.25785050862450243
0.25630810092961487,0.21912350597609562,0.26914563966356797,0.25542275343072157
0.26094648385670055,0.21539141972578504,0.2773109243697479,0.24635117204776646
0.261978021978022,0.21494505494505495,0.27384615384615385,0.24923076923076923
0.26115485564304464,0.2204724409448819,0.2755905511811024,0.24278215223097113
0.263459841129744,0.22065313327449249,0.27714033539276256,0.23874669020300088
0.25680421422300265,0.22300263388937663,0.28050921861281825,0.23968393327480245
0.2564102564102564,0.22511951325510648,0.27509778357235987,0.24337244676227726
0.257243195785777,0.228270412642669,0.27480245829675154,0.23968393327480245
0.2608695652173913,0.22626441881100265,0.2790594498669033,0.23380656610470274
0.2566607460035524,0.22868561278863234,0.28152753108348133,0.23312611012433393
0.2566607460035524,0.22868561278863234,0.2797513321492007,0.23490230905861456
0.26027996500437445,0.23184601924759404,0.2742782152230971,0.2335958005249344
0.26153846153846155,0.23296703296703297,0.27516483516483514,0.23032967032967033
0.2563208369659983,0.24106364428945073,0.2728857890148213,0.22972972972972974
0.256092157731502,0.2454585733274258,0.2671688081524147,0.23128046078865752
0.2553475935828877,0.24019607843137256,0.26515151515151514,0.2393048128342246
0.25076319232446576,0.24073266463148713,0.2690798081116441,0.23942433493240298
0.25198237885462554,0.23832599118942732,0.273568281938326,0.23612334801762114
0.2562747688243065,0.23293703214442976,0.27212681638044917,0.23866138265081463
0.25635309852875615,0.23406152474364691,0.2746321890325457,0.23495318769505127
0.260507880910683,0.23161120840630472,0.2723292469352014,0.23555166374781086
0.25385632437197003,0.23314235345967388,0.2736888497135302,0.23931247245482593
0.2514235654840123,0.23477879982479194,0.2768287341217696,0.23696890056942618
0.24711623779946762,0.24179236912156166,0.27506654835847383,0.2360248447204969
0.24451273046532046,0.2462686567164179,0.2730465320456541,0.23617208077260754
0.2405452946350044,0.24318381706244502,0.27088830255057167,0.24538258575197888
0.23617208077260754,0.24451273046532046,0.2739244951712028,0.24539069359086918
0.23519009725906279,0.24314765694076038,0.2749778956675508,0.246684350132626
0.23215067893123084,0.2483574244415243,0.2750766535260622,0.24441524310118265
0.2253397632617273,0.24638316527838666,0.27970188513809735,0.24857518632178868
0.22821760283060594,0.25121627598407786,0.2750995134896064,0.24546660769570985
0.23161120840630472,0.2513134851138354,0.27408056042031526,0.24299474605954466
0.23114035087719298,0.24780701754385964,0.2802631578947368,0.24078947368421053
0.2324561403508772,0.24956140350877193,0.2736842105263158,0.2442982456140351
0.2333480370533745,0.24569916188795765,0.28010586678429644,0.24084693427437143
0.23130738959335373,0.2479230432881504,0.2728465238303454,0.2479230432881504
0.23083700440528634,0.24625550660792953,0.27224669603524226,0.25066079295154187
0.23039647577092512,0.24140969162995596,0.28105726872246695,0.24713656387665198
0.22951541850220264,0.23876651982378855,0.27709251101321586,0.25462555066079295
0.22501100836635843,0.23601937472479084,0.2857771906649053,0.2531924262439454
0.22537053182214473,0.24019180470793375,0.2833478639930253,0.25108979947689625
0.22891036906854131,0.23725834797891038,0.28251318101933215,0.2513181019332162
0.23444347063978965,0.23400525854513585,0.27957931638913236,0.25197195442594217
0.23940585408475318,0.2346002621231979,0.2761031017911752,0.24989078200087375
0.24112231477422183,0.24156071898290224,0.2740026304252521,0.24331433581762385
0.24295774647887325,0.23943661971830985,0.27244718309859156,0.24515845070422534
0.23862129916040653,0.24569155987627045,0.27353071144498453,0.2421564295183385
0.2440087145969499,0.244880174291939,0.2701525054466231,0.240958605664488
0.23584070796460177,0.24867256637168142,0.27300884955752214,0.2424778761061947
0.23820026466696073,0.2479047198941332,0.2734891927657697,0.24040582267313632
0.23184601924759404,0.24803149606299213,0.2782152230971129,0.24190726159230097
0.2318840579710145,0.24593763724198506,0.277119016249451,0.2450592885375494
0.23472099202834368,0.24224977856510185,0.27767936226749335,0.24534986713906112
0.23380035026269702,0.24430823117338005,0.2657618213660245,0.2561295971978984
0.2363556338028169,0.24867957746478872,0.26848591549295775,0.24647887323943662
0.2318840579710145,0.2494510320597277,0.2709705753184014,0.24769433465085638
0.22582076308784382,0.25510204081632654,0.26441881100266196,0.2546583850931677
0.22994652406417113,0.2517825311942959,0.26871657754010697,0.24955436720142601
0.23198594024604569,0.2557117750439367,0.2592267135325132,0.2530755711775044
0.23409893992932862,0.2539752650176678,0.26104240282685515,0.2508833922261484
0.2395970214629873,0.24310118265440211,0.25930792816469556,0.25799386771791505
0.2410596026490066,0.23752759381898456,0.2618101545253863,0.2596026490066225
0.23851590106007067,0.24690812720848057,0.2539752650176678,0.26060070671378094
0.23920704845814977,0.2444933920704846,0.25462555066079295,0.2616740088105727
0.24285085789705235,0.2402111746590409,0.258688957325121,0.25824901011878576
0.24705368834570057,0.23352247926669575,0.2645133129637713,0.25491051942383236
0.24008810572687225,0.2343612334801762,0.2669603524229075,0.25859030837004404
0.2438380281690141,0.23327464788732394,0.26276408450704225,0.2601232394366197
0.24788982674366947,0.23011994669035984,0.2585517547756553,0.26343847179031543
0.24768620537681799,0.23093873953283384,0.25914499779638606,0.2622300572939621
0.2507618632999565,0.22986504135829341,0.25990422289943405,0.2594688724423161
0.2508818342151676,0.22707231040564374,0.2588183421516755,0.26322751322751325
0.25266429840142096,0.227797513321492,0.261101243339254,0.25843694493783304
0.26142355008787344,0.22275922671353252,0.2526362038664323,0.2631810193321617
0.2641093474426808,0.22354497354497355,0.25220458553791886,0.2601410934744268
0.26449912126537783,0.2179261862917399,0.2491212653778559,0.26845342706502634
0.26239578762615184,0.22378236068451074,0.24747696358051777,0.2663448881088197
0.26419213973799127,0.2240174672489083,0.24148471615720524,0.2703056768558952
0.2624394539850286,0.22104799647732276,0.24790841039189784,0.26860413914575076
0.2622085349758029,0.21997360316761988,0.2498900131984162,0.267927848658161
0.26420079260237783,0.22545134302069572,0.24702774108322326,0.2633201232937032
0.2588339222614841,0.22835689045936397,0.24734982332155478,0.26545936395759717
0.26343612334801764,0.22951541850220264,0.239647577092511,0.2674008810572687
0.261612620508326,0.22392638036809817,0.24233128834355827,0.2721297107800175
0.2670134373645427,0.22323363675769398,0.23667100130039012,0.27308192457737324
0.2703180212014134,0.22659010600706714,0.23056537102473498,0.27252650176678445
0.26294820717131473,0.23107569721115537,0.2359451084550686,0.27003098716246127
0.2635283765948086,0.2358117025956885,0.22965244170699517,0.2710074791025077
0.266199649737303,0.2351138353765324,0.22591943957968477,0.27276707530647987
0.2681318681318681,0.23384615384615384,0.22197802197802197,0.27604395604395604
0.26675485008818345,0.23500881834215168,0.22530864197530864,0.27292768959435626
0.26601855943437913,0.23641184268669907,0.2266902342023862,0.2708793636765356
0.26631625054752517,0.2395970214629873,0.22601839684625494,0.2680683311432326
0.2689594356261023,0.23809523809523808,0.2239858906525573,0.2689594356261023
0.2644230769230769,0.23907342657342656,0.2285839160839161,0.2679195804195804
0.267927848658161,0.2358117025956885,0.22877254729432467,0.26748790145182577
0.2677787532923617,0.23573309920983318,0.2295873573309921,0.266900790166813
0.2697777777777778,0.23644444444444446,0.228,0.2657777777777778
0.2721325774095072,0.23593545573484517,0.22328826864369822,0.2686436982119494
0.27028218694885364,0.24206349206349206,0.22663139329805995,0.26102292768959434
0.27292672224659936,0.24528301886792453,0.2250987275120667,0.2566915313734094
0.27232732072151344,0.24197096348438188,0.225692916849978,0.2600087989441267
0.2702108963093146,0.24077328646748683,0.23242530755711774,0.2565905096660808
0.26445916114790285,0.24503311258278146,0.23532008830022075,0.25518763796909494
0.27009222661396576,0.24154589371980675,0.233201581027668,0.2551602986385595
0.2754069511658601,0.2380114386273647,0.23273207215134184,0.25384953805543337
0.2661965623622741,0.24151608638166594,0.23490524460114587,0.25738210665491407
0.266754270696452,0.23696890056942618,0.23915900131406045,0.25711782742006134
0.26229508196721313,0.2361541869738591,0.23881258307487815,0.2627381479840496
0.2680229986731535,0.23573639982308714,0.23927465723131358,0.25696594427244585
0.27004405286343613,0.2343612334801762,0.2422907488986784,0.2533039647577093
0.2709534368070953,0.23015521064301553,0.24390243902439024,0.2549889135254989
0.2760898282694848,0.2280933509467195,0.2413033905768384,0.25451343020695727
0.27376259307928164,0.240473061760841,0.2325886990801577,0.25317564607971965
0.2755281690140845,0.23767605633802816,0.23415492957746478,0.25264084507042256
0.2774822695035461,0.24202127659574468,0.2327127659574468,0.24778368794326242
0.2764835164835165,0.23868131868131867,0.23692307692307693,0.2479120879120879
0.2748460861917326,0.2418645558487247,0.23526824978012312,0.24802110817941952
0.2853982300884956,0.23628318584070795,0.2331858407079646,0.24513274336283186
0.2828104286345559,0.24083075563411402,0.23199292973928415,0.24436588599204595
0.2847006651884701,0.2385809312638581,0.22971175166297117,0.24700665188470067
0.2817777777777778,0.2351111111111111,0.23155555555555554,0.25155555555555553
0.28445618670189343,0.23690004403346543,0.23161602818141788,0.24702774108322326
0.2878587196467991,0.23973509933774834,0.2269315673289183,0.24547461368653423
0.2855263157894737,0.24035087719298245,0.22324561403508772,0.25087719298245614
0.28596338273757627,0.24411508282476024,0.22013949433304272,0.24978204010462074
0.2804395604395604,0.24527472527472527,0.22593406593406593,0.24835164835164836
0.28646748681898065,0.2478031634446397,0.22363796133567662,0.242091388400703
0.2767543859649123,0.24956140350877193,0.22763157894736843,0.24605263157894736
0.275740167918692,0.24524966858152894,0.23243482103402563,0.2465753424657534
0.2836411609498681,0.23966578715919085,0.23218997361477572,0.24450307827616535
0.28835978835978837,0.23677248677248677,0.23148148148148148,0.24338624338624337
0.2936542669584245,0.23457330415754923,0.22800875273522975,0.2437636761487965
0.2914837576821773,0.23222124670763827,0.23002633889376647,0.2462686567164179
0.290251433612704,0.22937803264225848,0.23423026025584473,0.24614027348919276
0.2963290579389651,0.22158337019018134,0.23927465723131358,0.24281291463954002
0.2971905179982441,0.21729587357330993,0.2370500438981563,0.24846356453028973
0.30057547587428063,0.21646746347941567,0.23284639220894202,0.2501106684373617
0.298021978021978,0.21714285714285714,0.2342857142857143,0.25054945054945055
0.3003549245785271,0.21827861579414373,0.2377994676131322,0.243566992014197
0.3022847100175747,0.218804920913884,0.23110720562390158,0.2478031634446397
0.3011463844797178,0.2173721340388007,0.23544973544973544,0.24603174603174602
0.30181175430844015,0.21431727794962438,0.23331860362350862,0.25055236411842685
0.3049583150504607,0.21061869240895129,0.2343132953049583,0.25010969723562965
0.30759046778464255,0.20962047661076788,0.23124448367166814,0.25154457193292146
0.3129432624113475,0.20833333333333334,0.2296099290780142,0.24911347517730498
0.3108108108108108,0.2074978204010462,0.23278116826503922,0.24891020052310375
0.3155594405594406,0.20673076923076922,0.22596153846153846,0.2517482517482518
0.3122791519434629,0.21024734982332155,0.22924028268551236,0.24823321554770317
0.316023080337328,0.21171770972037285,0.22192632046160674,0.25033288948069243
0.31308203991130823,0.20798226164079822,0.22749445676274946,0.25144124168514415
0.3088363954505687,0.2047244094488189,0.22922134733158356,0.2572178477690289
0.30844012372956253,0.20592134334953602,0.22536456031816174,0.2602739726027397
0.31175693527080584,0.2069572875385293,0.2294143549097314,0.2518714222809335
0.31011826544021026,0.2058694699956198,0.22251423565484013,0.2614980289093298
0.3116423196104471,0.2036299247454626,0.22841965471447542,0.25630810092961487
0.31263858093126384,0.2057649667405765,0.2279379157427938,0.25365853658536586
0.3182624113475177,0.20567375886524822,0.22384751773049646,0.2522163120567376
0.30796460176991153,0.2079646017699115,0.22699115044247786,0.2570796460176991
0.30897155361050327,0.20962800875273524,0.22450765864332603,0.25689277899343543
0.30752405949256345,0.21303587051618547,0.22528433945756782,0.2541557305336833
0.3052820053715309,0.21038495971351837,0.22291853178155774,0.26141450313339304
0.3050921861281826,0.20851624231782265,0.22914837576821773,0.257243195785777
0.3031236251649802,0.21029476462824462,0.2278926528816542,0.258688957325121
0.30276437033786746,0.21193505923650724,0.22553751645458534,0.25976305397103994
0.3040035195776507,0.21293444786625604,0.22745270567531897,0.2556093268807743
0.3086092715231788,0.21059602649006623,0.22472406181015453,0.2560706401766004
0.31028446389496717,0.21094091903719914,0.21969365426695842,0.2590809628008753
0.3104517271922055,0.20859167404782994,0.22453498671390612,0.25642161204605846
0.3081056874160322,0.20376175548589343,0.22525750111957007,0.26287505597850425
0.30375874125874125,0.20017482517482518,0.2277097902097902,0.26835664335664333
0.2976190476190476,0.2072310405643739,0.2310405643738977,0.2641093474426808
0.29289810322011467,0.2055580061755624,0.23158359064843406,0.2699602999558888
0.28945074106364427,0.2048823016564952,0.23365300784655624,0.27201394943330426
0.29404031551270815,0.19588080631025417,0.2388255915863278,0.2712532865907099
0.28960070206230804,0.1952610794207986,0.2360684510750329,0.27906976744186046
0.29056437389770723,0.1970899470899471,0.2310405643738977,0.281305114638448
