C,D,Oc,Od
0.0,0.0,0.0,1.0
0.0,0.5,0.0,0.5
0.0,0.2,0.0,0.8
0.0,0.14285714285714285,0.0,0.8571428571428571
0.0,0.16666666666666666,0.08333333333333333,0.75
0.0,0.125,0.125,0.75
0.0,0.13636363636363635,0.2727272727272727,0.5909090909090909
0.0,0.14814814814814814,0.25925925925925924,0.5925925925925926
0.0,0.14634146341463414,0.2682926829268293,0.5853658536585366
0.0392156862745098,0.13725490196078433,0.3333333333333333,0.49019607843137253
0.06060606060606061,0.13636363636363635,0.3333333333333333,0.4696969696969697
0.07692307692307693,0.1282051282051282,0.34615384615384615,0.44871794871794873
0.0660377358490566,0.14150943396226415,0.33962264150943394,0.4528301886792453
0.09448818897637795,0.15748031496062992,0.33858267716535434,0.4094488188976378
0.10759493670886076,0.16455696202531644,0.310126582278481,0.4177215189873418
0.1443850267379679,0.1443850267379679,0.32085561497326204,0.39037433155080214
0.15315315315315314,0.15765765765765766,0.32882882882882886,0.36036036036036034
0.15648854961832062,0.13740458015267176,0.3282442748091603,0.37786259541984735
0.15654952076677317,0.11501597444089456,0.33865814696485624,0.38977635782747605
0.1742627345844504,0.11796246648793565,0.3378016085790885,0.3699731903485255
0.19148936170212766,0.10638297872340426,0.32860520094562645,0.3735224586288416
0.21030927835051547,0.11134020618556702,0.3154639175257732,0.3628865979381443
0.20825852782764812,0.10053859964093358,0.33213644524236985,0.3590664272890485
0.1971383147853736,0.10810810810810811,0.34181240063593005,0.35294117647058826
0.19692737430167598,0.11871508379888268,0.3365921787709497,0.3477653631284916
0.20266990291262135,0.12014563106796117,0.3422330097087379,0.33495145631067963
0.19843924191750278,0.12374581939799331,0.34894091415830547,0.32887402452619846
0.2073170731707317,0.12601626016260162,0.3404471544715447,0.32621951219512196
0.2039289055191768,0.1244153414405987,0.35640785781103834,0.31524789522918617
0.20558375634517767,0.13282571912013535,0.33756345177664976,0.3240270727580372
0.20768025078369906,0.1371473354231975,0.34247648902821315,0.3126959247648903
0.20551924473493102,0.14960058097313,0.33986928104575165,0.30501089324618735
0.21144781144781144,0.14747474747474748,0.336026936026936,0.30505050505050507
0.21423989737010904,0.150096215522771,0.3367543296985247,0.29890955740859526
0.21010474430067777,0.15280345040049292,0.3394947627849661,0.2975970425138632
0.22359154929577466,0.15375586854460094,0.3215962441314554,0.301056338028169
0.2217877094972067,0.1547486033519553,0.32905027932960895,0.29441340782122905
0.22544283413848631,0.1492216854535695,0.3333333333333333,0.29200214707461086
0.22470160871821485,0.15308770108977685,0.3310845874416191,0.2911261027503892
0.228643216080402,0.16030150753768843,0.314572864321608,0.2964824120603015
0.24469659595461274,0.15688209176122347,0.3063640848544647,0.2920572274296991
0.24519230769230768,0.15721153846153846,0.3072115384615385,0.2903846153846154
0.25011775788977864,0.15873763542157324,0.3038153556288271,0.287329251059821
0.2428040854224698,0.1606313834726091,0.3073351903435469,0.2892293407613742
0.24231298760899495,0.16291877007801744,0.30931620009178523,0.2854520422212024
0.24660018132366274,0.16409791477787852,0.3055303717135086,0.28377153218495016
0.24728260869565216,0.16847826086956522,0.3066123188405797,0.2776268115942029
0.2522603978300181,0.15867992766726943,0.3092224231464738,0.2798372513562387
0.25282677521483493,0.1587516960651289,0.3116236996834012,0.276797829036635
0.2505726065048099,0.16491067338524965,0.30737517178195145,0.277141548327989
0.2540035587188612,0.16370106761565836,0.30916370106761565,0.27313167259786475
0.24694708276797828,0.16191768430574402,0.3175033921302578,0.2736318407960199
0.2442953020134228,0.1628635346756152,0.3185682326621924,0.27427293064876956
0.24014336917562723,0.16442652329749105,0.31810035842293904,0.27732974910394265
0.23568872987477638,0.16681574239713776,0.3170840787119857,0.28041144901610016
0.23634735899731424,0.16786034019695614,0.3133393017009848,0.28245299910474486
0.23482142857142857,0.16517857142857142,0.3169642857142857,0.2830357142857143
0.22852081488042517,0.16740478299379982,0.31930912311780335,0.28476527900797166
0.22506619593998234,0.1641659311562224,0.32744924977934686,0.2833186231244484
0.22767857142857142,0.16741071428571427,0.32857142857142857,0.27633928571428573
0.22964601769911505,0.17300884955752213,0.32787610619469026,0.26946902654867255
0.22980812137438644,0.1749219098616689,0.32262382864792505,0.2726461401160196
0.23149394347240915,0.17586361597128758,0.31852848811126067,0.2741139524450426
0.23478655767484105,0.16802906448683017,0.3237965485921889,0.27338782924613986
0.2337251356238698,0.17088607594936708,0.31735985533453887,0.2780289330922242
0.22846781504986402,0.17316409791477788,0.31776971894832273,0.28059836808703537
0.231045311799013,0.1731718259309107,0.31942575145805296,0.27635711081202335
0.22478516508367255,0.17412935323383086,0.3202170963364993,0.2808683853459973
0.2311804008908686,0.16525612472160356,0.32115812917594655,0.2824053452115813
0.225377107364685,0.16415261756876665,0.3220940550133097,0.2883762200532387
0.2255338078291815,0.1659252669039146,0.32562277580071175,0.28291814946619215
0.22410714285714287,0.16830357142857144,0.3205357142857143,0.2870535714285714
0.21779964221824688,0.16949910554561717,0.3206618962432916,0.29203935599284436
0.2192324658138509,0.16806352007057784,0.3246581385090428,0.28804587560652845
0.2195779074988774,0.162550516389762,0.33722496632240684,0.2806466097889537
0.21502011622708986,0.16852928028609745,0.3334823424228878,0.2829682610639249
0.22052891080233078,0.16315553563424473,0.3334827431645002,0.2828328103989243
0.2205750224618149,0.16217430368373764,0.33153638814016173,0.2857142857142857
0.22137404580152673,0.16524472384373598,0.3300404131118096,0.2833408172429277
0.22469906375390103,0.161836825679893,0.33348194382523405,0.2799821667409719
0.22595281306715065,0.16651542649727769,0.3253176043557169,0.2822141560798548
0.23070017953321365,0.16337522441651706,0.3173249551166966,0.2885996409335727
0.2350579839429081,0.1592328278322926,0.3193577163247101,0.2863514719000892
0.23907225691347012,0.16146297948260482,0.3153434433541481,0.284121320249777
0.2374164810690423,0.16703786191536749,0.31536748329621384,0.28017817371937637
0.23558337058560572,0.17746982565936523,0.30800178810907464,0.2789450156459544
0.23798932384341637,0.17704626334519574,0.30516014234875444,0.27980427046263345
0.2340898976412995,0.17534490431686695,0.30440587449933243,0.2861593235425011
0.23238180196253344,0.1743978590544157,0.30597680642283676,0.2872435325602141
0.22963951935914553,0.1811303960836671,0.29951045838896306,0.2897196261682243
0.23046002679767755,0.1782045556051809,0.30192050022331396,0.28941491737382763
0.23503325942350334,0.18004434589800444,0.30509977827051,0.2798226164079823
0.24097995545657017,0.17951002227171492,0.29977728285077954,0.2797327394209354
0.23773075191355245,0.1809995497523638,0.29941467807294014,0.2818550202611436
0.24094769780956637,0.18283415288332588,0.30040232454179705,0.2758158247653107
0.2376237623762376,0.18181818181818182,0.30423042304230424,0.2763276327632763
0.23644444444444446,0.1831111111111111,0.30266666666666664,0.2777777777777778
0.231832367365136,0.18279090503789566,0.30584039233169863,0.2795363352652697
0.2258491398323776,0.18306131451257168,0.30524922805469784,0.2858403176003529
0.22757697456492637,0.17983043284248104,0.3043284248103525,0.28826416778224007
0.2246891651865009,0.17984014209591473,0.3077264653641208,0.2877442273534636
0.2287376902417189,0.17547000895255147,0.3128916741271262,0.2829006266786034
0.2349290780141844,0.17907801418439717,0.30806737588652483,0.2779255319148936
0.2305282005371531,0.18128916741271262,0.311101163831692,0.27708146821844226
0.22882882882882882,0.18468468468468469,0.3117117117117117,0.2747747747747748
0.23042505592841164,0.18523489932885906,0.30961968680089486,0.27472035794183447
0.22686832740213522,0.18594306049822065,0.31005338078291816,0.27713523131672596
0.22501120573733752,0.18825638727028238,0.30927835051546393,0.2774540564769162
0.22361359570661896,0.19141323792486584,0.31171735241502685,0.27325581395348836
0.22559366754617413,0.19085312225153914,0.3122251539138083,0.27132805628847845
0.2249888839484215,0.1907514450867052,0.31347265451311696,0.27078701645175635
0.22619579794367456,0.19535091640590077,0.30442556995976755,0.27402771569065715
0.2310437109723461,0.1886708296164139,0.30597680642283676,0.27430865298840323
0.23592017738359203,0.18713968957871396,0.30509977827051,0.27184035476718404
0.23847517730496454,0.18528368794326242,0.29476950354609927,0.28147163120567376
0.2448522829006267,0.18173679498657117,0.29498657117278426,0.2784243509400179
0.24438454627133874,0.18463611859838275,0.29380053908355797,0.2771787960467206
0.24375,0.18571428571428572,0.29151785714285716,0.27901785714285715
0.24343569203382287,0.18691588785046728,0.2919448153093013,0.27770360480640854
0.24359550561797752,0.18741573033707865,0.2943820224719101,0.2746067415730337
0.2398190045248869,0.19276018099547512,0.29366515837104074,0.2737556561085973
0.24247867085765604,0.19083969465648856,0.2990570273911091,0.2676246070947463
0.24406627854903717,0.18719211822660098,0.29332736229287953,0.2754142409314823
0.24674742036787797,0.1888739344997757,0.2889187976671153,0.27545984746523106
0.2502250225022502,0.19216921692169217,0.2871287128712871,0.2704770477047705
0.25410928476232786,0.19458018658374057,0.28431808085295424,0.26699244780097736
0.2483130904183536,0.19478182636077374,0.29104813315339634,0.2658569500674764
0.24707996406109614,0.197214734950584,0.29020664869721474,0.26549865229110514
0.24416517055655296,0.19658886894075403,0.289048473967684,0.27019748653500897
0.24142538975501113,0.19866369710467707,0.29220489977728287,0.26770601336302896
0.24121050289274587,0.20071206052514465,0.2910547396528705,0.26702269692923897
0.24054054054054055,0.2009009009009009,0.2896396396396396,0.2689189189189189
0.24524025385312784,0.19265639165911153,0.2905711695376247,0.271532184950136
0.2398190045248869,0.19864253393665157,0.2904977375565611,0.27104072398190043
0.24211000901713256,0.20018034265103696,0.2885482416591524,0.26916140667267807
0.24651372019793072,0.19838056680161945,0.28654970760233917,0.26855600539811064
0.24954627949183303,0.19736842105263158,0.28584392014519056,0.2672413793103448
0.2522482014388489,0.1982913669064748,0.2837230215827338,0.26573741007194246
0.2539467749210645,0.20117275597654488,0.28597203428055934,0.2589084348218313
0.25559534467323186,0.19964189794091317,0.2837958818263205,0.26096687555953446
0.2484472049689441,0.19698314108251996,0.29236912156166817,0.2622005323868678
0.2536327608982827,0.1955085865257596,0.2919418758256275,0.25891677675033026
0.250330542089026,0.2009695901278096,0.2873512560599383,0.2613486117232261
0.25066785396260016,0.19723953695458593,0.28762243989314334,0.26447016918967053
0.25100312082032994,0.20106999554168525,0.2862238074008025,0.26170307623718236
0.25077812361049356,0.20186749666518453,0.2863494886616274,0.26100489106269453
0.24590888987173817,0.20035382574082264,0.28217602830605926,0.27156125608137993
0.24786708576560396,0.19982038616973508,0.27750336775931744,0.2748091603053435
0.2473993668023519,0.20669380370872908,0.27589326096788785,0.2700135685210312
0.2456531431119037,0.21533660276415514,0.2746321890325457,0.26437806509139544
0.24633821571238348,0.21793164669329781,0.26808699511762096,0.26764314247669774
0.24258760107816713,0.2192273135669362,0.2749326145552561,0.2632524707996406
0.24281867145421904,0.21454219030520646,0.2706463195691203,0.2719928186714542
0.24078187472234563,0.21012883163038648,0.2772101288316304,0.2718791648156375
0.24776785714285715,0.20669642857142856,0.271875,0.2736607142857143
0.24450426200089725,0.2072678331090175,0.27052489905787347,0.27770300583221175
0.24134871339840283,0.2085181898846495,0.2701863354037267,0.27994676131322094
0.23938053097345133,0.21106194690265487,0.270353982300885,0.27920353982300883
0.2402482269503546,0.20966312056737588,0.2699468085106383,0.2801418439716312
0.24243772241992884,0.2117437722419929,0.2646797153024911,0.28113879003558717
0.24272279444693237,0.21047917599641738,0.26287505597850425,0.283922973578146
0.24845814977973568,0.21233480176211453,0.2563876651982379,0.2828193832599119
0.2525658188308791,0.20972780008924588,0.2534582775546631,0.28424810352521196
0.25751458052938536,0.2117541498429789,0.2503364737550471,0.2803947958725886
0.25368468066100935,0.20991514068780706,0.2492184010719071,0.2871817775792765
0.25168236877523553,0.20547330641543293,0.2489905787348587,0.29385374607447284
0.2532438478747204,0.20492170022371364,0.24787472035794184,0.29395973154362415
0.25,0.20617173524150267,0.2441860465116279,0.29964221824686943
0.24966622162883845,0.20738762794837562,0.24299065420560748,0.2999554962171785
0.2541239411502452,0.20463664734730272,0.24743646901471245,0.29380294248773964
0.2528837622005324,0.20496894409937888,0.24889086069210292,0.2932564330079858
0.247992863514719,0.21097234611953614,0.24710080285459413,0.29393398751115074
0.2463186077643909,0.2074966532797858,0.2463186077643909,0.2998661311914324
0.2465324384787472,0.20536912751677852,0.2447427293064877,0.30335570469798656
0.24887488748874886,0.20927092709270928,0.24527452745274528,0.2965796579657966
0.25346446133214123,0.20384443451050513,0.24184175234689317,0.30084935181046046
0.2607921673342234,0.20249221183800623,0.2349799732977303,0.30173564753004006
0.25556544968833483,0.20926090828138913,0.2341941228851291,0.3009795191451469
0.2512249443207127,0.2129175946547884,0.23385300668151449,0.3020044543429844
0.25634178905206945,0.2162883845126836,0.23319982198486872,0.2941700044503783
0.2580357142857143,0.21116071428571428,0.2330357142857143,0.29776785714285714
0.2561247216035635,0.2173719376391982,0.22984409799554567,0.29665924276169264
0.256092157731502,0.21488701816570668,0.22862206468763846,0.30039875941515287
0.26063829787234044,0.21409574468085107,0.22739361702127658,0.2978723404255319
0.25257040679481446,0.2141260616897631,0.2253017434063478,0.30800178810907464
0.2590929501571621,0.21149528513695554,0.23080377189043558,0.2986079928154468
0.2664282521233795,0.20742065265981224,0.22261957979436744,0.3035315154224408
0.26482389656709765,0.2050824788230049,0.22157824342398574,0.3085153811859117
0.27000447027268665,0.20429146177916854,0.21814930710773356,0.3075547608404113
0.2702823845809054,0.20125504258180188,0.21739130434782608,0.3110712684894666
0.2680599727396638,0.20263516583371194,0.22853248523398456,0.3007723761926397
0.26639892904953144,0.20214190093708165,0.22802320392681838,0.3034359660865685
0.26633840644583706,0.20053715308863027,0.23187108325872874,0.30125335720680396
0.27069351230425054,0.19865771812080538,0.23355704697986576,0.2970917225950783
0.2641255605381166,0.1968609865470852,0.2327354260089686,0.3062780269058296
0.2680320569902048,0.20035618878005343,0.22929652715939447,0.3023152270703473
0.26553419758605273,0.20384443451050513,0.23021904336164506,0.30040232454179705
0.26976328718177756,0.19964269763287182,0.2286735149620366,0.30192050022331396
0.2637900355871886,0.20551601423487545,0.22820284697508897,0.302491103202847
0.2661613909942042,0.2059741417744093,0.2336156932679447,0.29424877396344185
0.2668766876687669,0.20567056705670567,0.23312331233123312,0.29432943294329433
0.2670835194283162,0.2085752568110764,0.23224653863331846,0.292094685127289
0.2623169107856192,0.20328450954283178,0.24101198402130491,0.2933865956502441
0.2616992276238074,0.20763289413902772,0.23216719672875966,0.29850068150840525
0.26271561256081377,0.21008403361344538,0.23617868199911543,0.29102167182662536
0.26045883940620784,0.21682411156095366,0.23436797121007646,0.28834907782276203
0.26287505597850425,0.21316614420062696,0.23958799820868787,0.2843708016121809
0.261123595505618,0.209438202247191,0.23820224719101124,0.2912359550561798
0.2684234033050469,0.2041089772219741,0.23537293434569004,0.292094685127289
0.26573741007194246,0.20278776978417265,0.23785971223021582,0.29361510791366907
0.2694907616043263,0.20369535826949076,0.2334384858044164,0.29337539432176657
0.26523297491039427,0.19802867383512546,0.235663082437276,0.3010752688172043
0.2719928186714542,0.19658886894075403,0.22755834829443447,0.30385996409335725
0.2697777777777778,0.19644444444444445,0.22666666666666666,0.3071111111111111
0.2684772929652716,0.19679430097951914,0.2257346393588602,0.3089937666963491
0.27349290780141844,0.19680851063829788,0.22650709219858156,0.30319148936170215
0.2786958463599821,0.19919606967396158,0.22778025904421617,0.2943278249218401
0.2791424743188924,0.1947297900848593,0.2282268870031264,0.29790084859312194
0.2812781278127813,0.19396939693969398,0.22727272727272727,0.2974797479747975
0.2795363352652697,0.19170753455193937,0.23406152474364691,0.294694605439144
0.27545984746523106,0.19291161956034095,0.23553162853297444,0.2960969044414536
0.2716711349419124,0.193923145665773,0.24084003574620197,0.2935656836461126
0.2726063829787234,0.19104609929078015,0.24689716312056736,0.2894503546099291
0.267260579064588,0.1910913140311804,0.24766146993318486,0.29398663697104677
0.26866338846669646,0.18685739830129638,0.248547161376844,0.2959320518551632
0.2643211547135769,0.19124943617501128,0.2453766350924673,0.29905277401894453
0.26485037963376507,0.1942831621259491,0.24341223760607414,0.2974542206342117
0.2721575649059982,0.18666069829901522,0.24440465532676814,0.29677708146821846
0.26902417188898836,0.18755595344673232,0.2466427931960609,0.29677708146821846
0.27292965271593944,0.18477292965271594,0.24487978628673196,0.29741763134461263
0.2705829995549622,0.18736092567868268,0.24032042723631508,0.30173564753004006
0.26984834968777877,0.18822479928635147,0.24174843889384479,0.30017841213202495
0.2680457746478873,0.19190140845070422,0.23767605633802816,0.3023767605633803
0.26557666813963765,0.18868758285461776,0.2479010163499779,0.29783473265576665
0.2687303723642889,0.19201435621354868,0.24405563032750113,0.2951996410946613
0.26169064748201437,0.19334532374100719,0.2446043165467626,0.30035971223021585
0.2611607142857143,0.19419642857142858,0.24553571428571427,0.29910714285714285
0.2699135184342285,0.18752844788347747,0.24260355029585798,0.29995448338643604
0.268141592920354,0.19823008849557522,0.24424778761061947,0.28938053097345134
0.26610767872903796,0.19593998234774934,0.24139452780229478,0.2965578111209179
0.26595269968763946,0.1999107541276216,0.23784024988844266,0.2962962962962963
0.2669642857142857,0.2017857142857143,0.23883928571428573,0.2924107142857143
0.26362823949955316,0.2064343163538874,0.23905272564789992,0.29088471849865954
0.26458797327394207,0.21024498886414253,0.2329621380846325,0.29220489977728287
0.263134261338123,0.21104625056129322,0.23439604849573417,0.29142343960484957
0.2571174377224199,0.2130782918149466,0.23798932384341637,0.2918149466192171
0.2572944297082228,0.21308576480990274,0.2396109637488948,0.29000884173297964
0.26040268456375837,0.20939597315436242,0.24161073825503357,0.28859060402684567
0.25574065736154883,0.2134173795587573,0.2435839711841513,0.2872579918955426
0.2558139534883721,0.2133273703041145,0.24508050089445438,0.28577817531305905
0.256,0.2137777777777778,0.2408888888888889,0.28933333333333333
0.25323227819884087,0.207757467677218,0.2456531431119037,0.29335711101203743
0.24302430243024303,0.21287128712871287,0.24752475247524752,0.2965796579657966
0.2486607142857143,0.21026785714285715,0.253125,0.28794642857142855
0.2476489028213166,0.21047917599641738,0.2575011195700851,0.2843708016121809
0.25122713074520303,0.20794288264167782,0.25881302989736726,0.2820169567157519
0.2542372881355932,0.2087421944692239,0.25557537912578054,0.2814451382694023
0.2571301247771836,0.2054367201426025,0.2620320855614973,0.27540106951871657
0.2530228392297358,0.20824003582624273,0.25705329153605017,0.2816838334079713
0.25326723749436686,0.213609734114466,0.2573231185218567,0.2757999098693105
0.25478841870824054,0.21069042316258352,0.2574610244988864,0.27706013363028953
0.2562166962699822,0.20825932504440497,0.2553285968028419,0.2801953818827709
0.2671992898357745,0.20639147802929428,0.2441189525077674,0.2822902796271638
0.26336898395721925,0.20588235294117646,0.24688057040998218,0.2838680926916221
0.26015171798304326,0.2066041945560018,0.24810352521195894,0.285140562248996
0.25922632281013785,0.2085371276122721,0.24944419742107604,0.282792352156514
0.2564444444444444,0.21288888888888888,0.252,0.2786666666666667
0.25643300798580304,0.21384205856255545,0.2546583850931677,0.27506654835847383
0.2590120160213618,0.21450823319982198,0.25011125945705387,0.27636849132176233
0.25258426966292136,0.21707865168539325,0.25258426966292136,0.27775280898876403
0.2549800796812749,0.2182381584772023,0.2478972996901284,0.2788844621513944
0.2518981688253685,0.21974095578383207,0.2505582849486378,0.27780259044216166
0.24909584086799277,0.21835443037974683,0.2554249547920434,0.277124773960217
0.2528991971454059,0.21989295272078502,0.2537912578055308,0.2734165923282783
0.2476319350473613,0.2183130356337393,0.2503382949932341,0.2837167343256653
0.24887892376681614,0.21973094170403587,0.24439461883408073,0.28699551569506726
0.24955197132616488,0.2222222222222222,0.24686379928315413,0.28136200716845877
0.2524752475247525,0.22097209720972097,0.24707470747074708,0.27947794779477947
0.2524752475247525,0.21872187218721872,0.24302430243024303,0.28577857785778576
0.25681107637338096,0.22152746761947298,0.24341223760607414,0.2782492184010719
0.25765765765765763,0.21891891891891893,0.24549549549549549,0.2779279279279279
0.2530228392297358,0.21630094043887146,0.2534706672637707,0.277205553067622
0.25820962663067926,0.21412505623031938,0.249212775528565,0.27845254161043637
0.2573099415204678,0.21322537112010798,0.2532613585245164,0.2762033288349078
0.2599197503343736,0.21176995095853768,0.2541239411502452,0.2741863575568435
0.25504258180188255,0.2169430748543254,0.24876736889287315,0.2792469744509189
0.25592841163310964,0.21834451901565996,0.2505592841163311,0.2751677852348993
0.25825418362731795,0.21528720036182722,0.25192220714608776,0.2745364088647671
0.25586642599277976,0.22563176895306858,0.25225631768953066,0.26624548736462095
0.2587443946188341,0.22466367713004484,0.24887892376681614,0.2677130044843049
0.2643626570915619,0.2203770197486535,0.24326750448833034,0.2719928186714542
0.26729138777331546,0.2106202588130299,0.24676483712628292,0.27532351628737173
0.2717488789237668,0.21345291479820627,0.24977578475336323,0.26502242152466365
0.2744039586144849,0.21367521367521367,0.24471434997750788,0.26720647773279355
0.27147307521139297,0.21450823319982198,0.24922118380062305,0.26479750778816197
0.26547085201793724,0.21076233183856502,0.24798206278026905,0.2757847533632287
0.2707231040564374,0.20811287477954143,0.2508818342151676,0.27028218694885364
0.27211495285136955,0.20341266277503367,0.24786708576560396,0.2766052986079928
0.2661613909942042,0.20731163620151583,0.25323227819884087,0.27329469460543915
0.2651036970243463,0.2110009017132552,0.24887285843101895,0.2750225428313796
0.2721119133574007,0.21164259927797835,0.24458483754512636,0.27166064981949456
0.27182718271827183,0.21017101710171018,0.24707470747074708,0.2709270927092709
0.26657706093189965,0.21012544802867383,0.25089605734767023,0.2724014336917563
0.2719964269763287,0.21170165252344797,0.2545779365788298,0.26172398392139345
0.26900844819919967,0.21476211649622054,0.2512227656736327,0.2650066696309471
0.27404063205417606,0.21173814898419865,0.2492099322799097,0.2650112866817156
0.27052489905787347,0.21085688649618664,0.2480933153880664,0.27052489905787347
0.27098214285714284,0.21339285714285713,0.25,0.265625
0.26720647773279355,0.2145748987854251,0.242914979757085,0.27530364372469635
0.26851025869759143,0.21141837644959857,0.24442462087421946,0.27564674397859057
0.26343847179031543,0.21057307863171923,0.24744557974233675,0.2785428698356286
0.264049955396967,0.20740410347903657,0.24843889384478143,0.280107047279215
0.2625,0.21339285714285713,0.24642857142857144,0.27767857142857144
0.26163578852236785,0.21690013556258472,0.24536827835517397,0.27609579755987346
0.26607142857142857,0.2174107142857143,0.24241071428571428,0.2741071428571429
0.2701123595505618,0.21078651685393257,0.24,0.2791011235955056
0.26587301587301587,0.20943562610229277,0.2429453262786596,0.28174603174603174
0.27114093959731544,0.21073825503355706,0.23803131991051454,0.28008948545861295
0.2621489077128845,0.21310744538564422,0.24609897458760588,0.27864467231386536
0.2648381294964029,0.210431654676259,0.24325539568345322,0.2814748201438849
0.2680320569902048,0.21326803205699021,0.24176313446126446,0.2769367764915405
0.26104417670682734,0.21642124051762607,0.24453369031682284,0.2780008924587238
0.2699822380106572,0.2135879218472469,0.24511545293072823,0.2713143872113677
0.26722987994664293,0.21298354824366386,0.23654957759004003,0.2832369942196532
0.26193663543061135,0.214190093708166,0.24453369031682284,0.27933958054439983
0.2694023193577163,0.20918822479928637,0.23773416592328278,0.2836752899197145
0.2753108348134991,0.20603907637655416,0.2357904085257549,0.28285968028419184
0.27219991075412764,0.20972780008924588,0.23427041499330656,0.2838018741633199
0.270367054610564,0.21217547000895254,0.23097582811101164,0.2864816472694718
0.27044025157232704,0.21428571428571427,0.22911051212938005,0.2861635220125786
0.27757847533632285,0.21300448430493274,0.22780269058295965,0.28161434977578476
0.27905924920850295,0.21483491632745363,0.22704658525554047,0.27905924920850295
0.27750336775931744,0.2141894925909295,0.23259991019308487,0.27570722945666815
0.2774540564769162,0.21290900941281937,0.23352756611385028,0.27610936799641417
0.26860254083484575,0.21460980036297642,0.23638838475499094,0.28039927404718695
0.2701612903225806,0.21505376344086022,0.23118279569892472,0.28360215053763443
0.27540106951871657,0.21390374331550802,0.22994652406417113,0.2807486631016043
0.27525819488100584,0.2074539739559946,0.23394701392007183,0.2833408172429277
0.2728081886960392,0.20204717400979083,0.2363150867823765,0.2888295505117935
0.2744661921708185,0.20284697508896798,0.23487544483985764,0.2878113879003559
0.2713074520303436,0.2034805890227577,0.2391789379741187,0.28603302097278
0.2645739910313901,0.20896860986547086,0.24035874439461882,0.2860986547085202
0.2660343270099368,0.2064137308039747,0.23396567299006324,0.2935862691960253
0.25662921348314605,0.21168539325842697,0.24134831460674158,0.2903370786516854
0.25773195876288657,0.20977140295831465,0.24338861497086509,0.28910802330793367
0.25820962663067926,0.20557804768331084,0.242914979757085,0.29329734592892487
0.26005361930294907,0.20196604110813227,0.2448614834673816,0.2931188561215371
0.2553191489361702,0.20345744680851063,0.2473404255319149,0.29388297872340424
0.2541313086199196,0.20142920946851273,0.24966502903081733,0.2947744528807503
0.25842696629213485,0.19865168539325842,0.24359550561797752,0.2993258426966292
0.2598214285714286,0.19508928571428572,0.24553571428571427,0.2995535714285714
0.2587917042380523,0.19341749323715057,0.2511271415689811,0.29666366095581603
0.2547085201793722,0.18878923766816144,0.2587443946188341,0.29775784753363227
0.2578444747612551,0.1937244201909959,0.25602546612096405,0.2924056389267849
0.2609472743521001,0.19258266309204647,0.25424486148346737,0.29222520107238603
0.2580071174377224,0.19306049822064056,0.25622775800711745,0.29270462633451955
0.2549800796812749,0.19167773351040282,0.2545374059318282,0.29880478087649404
0.2549889135254989,0.18891352549889134,0.2545454545454545,0.30155210643015523
0.25190839694656486,0.18545127974854064,0.2541535698248765,0.308486753480018
0.25245755138516535,0.1840929401251117,0.25022341376228774,0.31322609472743523
0.2534459759893286,0.1871943085815918,0.24944419742107604,0.30991551800800354
0.26774483378256964,0.18149146451033243,0.24752920035938905,0.3032345013477089
0.26595269968763946,0.18786256135653726,0.24408746095493083,0.3020972780008925
0.27009936766034326,0.18473351400180668,0.23848238482384823,0.30668473351400183
0.2696629213483146,0.18651685393258427,0.24134831460674158,0.3024719101123596
0.27147307521139297,0.18736092567868268,0.2367601246105919,0.30440587449933243
0.26924788607031597,0.1829105473965287,0.2385402759234535,0.30930129060970185
0.2717488789237668,0.18565022421524663,0.24080717488789238,0.3017937219730942
0.27248079530049707,0.18843199276999548,0.24084952553095346,0.298237686398554
0.2750112157918349,0.18752803947958727,0.23867205024674742,0.29878869448183043
0.2771137671536078,0.1845949535192563,0.2359451084550686,0.3023461708720673
0.27762923351158647,0.18226381461675578,0.23351158645276293,0.3065953654188948
0.2768336314847943,0.18694096601073346,0.23166368515205724,0.30456171735241505
0.2785428698356286,0.1928031985784096,0.2243447356730342,0.3043091959129276
0.2772543741588156,0.18977119784656796,0.22790489008524,0.3050695379093764
0.2780531771068049,0.19017575484452456,0.22712933753943218,0.3046417305092384
0.2771300448430493,0.19192825112107623,0.23094170403587444,0.3
0.27325581395348836,0.18962432915921287,0.23524150268336314,0.3018783542039356
0.2708985248100134,0.1904336164506035,0.2373714796602593,0.3012963790791238
0.26619026351049574,0.19383653416703886,0.2344796784278696,0.3054935238945958
0.2671353251318102,0.19507908611599298,0.23374340949033393,0.30404217926186294
0.2677935943060498,0.19172597864768684,0.2362099644128114,0.304270462633452
0.26783310901749663,0.19605204127411396,0.22835352175863616,0.30776132794975325
0.27184035476718404,0.19467849223946784,0.22660753880266074,0.30687361419068737
0.2760791366906475,0.19109712230215828,0.22571942446043167,0.30710431654676257
0.282985339848956,0.18613949355841847,0.22701021768103066,0.3038649489115948
0.28178998670801947,0.19229065130704476,0.22197607443509082,0.30394328754984495
0.2812219227313567,0.18643306379155436,0.2223719676549865,0.30997304582210244
0.28067826863007583,0.18384649709950915,0.22400713966979027,0.31146809460062475
0.27780259044216166,0.18758374274229567,0.22242072353729345,0.3121929432782492
0.2761394101876676,0.18900804289544235,0.22654155495978553,0.30831099195710454
0.27078701645175635,0.1858603823921743,0.23254779902178746,0.3108048021342819
0.276032315978456,0.18312387791741472,0.23114901256732495,0.3096947935368043
0.27549194991055453,0.1851520572450805,0.2334525939177102,0.30590339892665475
0.2709534368070953,0.1827050997782705,0.23902439024390243,0.3073170731707317
0.2731729055258467,0.18137254901960784,0.24554367201426025,0.2999108734402852
0.271875,0.1875,0.24375,0.296875
0.2638700947225981,0.1880920162381597,0.2458276950834461,0.3022101939557961
0.26318161333934204,0.1874718341595313,0.24831004957187922,0.3010365029292474
0.2644295302013423,0.18970917225950784,0.2465324384787472,0.2993288590604027
0.264218540080609,0.18943125839677563,0.24944021495745633,0.296909986565159
0.2674731182795699,0.18772401433691757,0.24955197132616488,0.29525089605734767
0.2715497990174185,0.1866904868244752,0.2505582849486378,0.2912014292094685
0.26864330637915546,0.18463611859838275,0.2592093441150045,0.28751123090745734
0.271577044735653,0.18391323994577496,0.2598282873926796,0.28468142792589246
0.27256398742703186,0.1778176919622811,0.26448136506511,0.285136955545577
0.28350287483414416,0.18089340999557718,0.25961963732861565,0.27598407784166296
0.2826183104820876,0.17735515258735074,0.26138876603272887,0.2786377708978328
0.2913907284768212,0.16467991169977925,0.26578366445916113,0.2781456953642384
0.2855233853006682,0.16169265033407573,0.27527839643652563,0.2775055679287305
0.28888888888888886,0.16311111111111112,0.27155555555555555,0.27644444444444444
0.2860350246969017,0.16524472384373598,0.27076784912438256,0.2779524023349798
0.28961504028648166,0.16606982990152194,0.26589077887197854,0.2784243509400179
0.2957871396895787,0.16541019955654102,0.2647450110864745,0.27405764966740576
0.3014247551202137,0.1642920747996438,0.25957257346393586,0.2747105966162066
0.30266666666666664,0.1622222222222222,0.25822222222222224,0.2768888888888889
0.3004948268106163,0.1700404858299595,0.2613585245164193,0.2681061628430049
0.3048944768747194,0.1607543780871127,0.26448136506511,0.26986977997305794
0.3048672566371681,0.16460176991150444,0.2570796460176991,0.2734513274336283
0.30384271671134944,0.16398570151921357,0.2555853440571939,0.27658623771224305
0.30456171735241505,0.1605545617173524,0.2567084078711986,0.278175313059034
0.3090339892665474,0.16279069767441862,0.25,0.278175313059034
0.30434782608695654,0.1636037651277454,0.2460779919318691,0.28597041685342894
0.30604026845637583,0.15704697986577182,0.24697986577181208,0.28993288590604027
0.3042114695340502,0.15905017921146952,0.246415770609319,0.2903225806451613
0.30120481927710846,0.16153502900490851,0.24185631414547076,0.29540383757251226
0.30571814497973887,0.15938766321476813,0.24583520936515083,0.28905898244034217
0.30563002680965146,0.1581769436997319,0.24709562109025915,0.28909740840035747
0.3056169836355595,0.15612560813799203,0.2503317116320212,0.28792569659442724
0.3023255813953488,0.1605545617173524,0.24865831842576028,0.28846153846153844
0.2979390681003584,0.15905017921146952,0.24686379928315413,0.2961469534050179
0.29954954954954954,0.1635135135135135,0.24774774774774774,0.2891891891891892
0.2966786355475763,0.16337522441651706,0.24506283662477557,0.29488330341113106
0.2948028673835125,0.16532258064516128,0.24731182795698925,0.2925627240143369
0.2949576082106203,0.16287371709058457,0.24765729585006693,0.29451137884872824
0.29837983798379836,0.16111611161116113,0.25067506750675067,0.28982898289828984
0.2927264614011602,0.1637661758143686,0.2525658188308791,0.2909415439535921
0.28962730130220027,0.16120341266277505,0.2523574315222272,0.2968118545127975
0.28900949796472186,0.1614654002713704,0.24920850293984623,0.30031659882406153
0.29196428571428573,0.16517857142857142,0.24776785714285715,0.2950892857142857
0.2900763358778626,0.16344858554108666,0.2487651549169286,0.29770992366412213
0.28488631297369593,0.16495764600980828,0.24654480606330806,0.3036112349531877
0.29030817329164804,0.15855292541313087,0.24653863331844572,0.30460026797677536
0.2891187050359712,0.16052158273381295,0.2526978417266187,0.2976618705035971
0.2850045167118338,0.16621499548328816,0.24887082204155375,0.2999096657633243
0.2803198578409596,0.17281208351843624,0.24788982674366947,0.2989782318969347
0.27405764966740576,0.16940133037694013,0.24700665188470067,0.3095343680709534
0.2755976544880469,0.17230491655390168,0.2489851150202977,0.30311231393775373
0.2708612226684516,0.17626059794734494,0.250334672021419,0.30254350736278446
0.2645719489981785,0.1721311475409836,0.2568306010928962,0.3064663023679417
0.26318161333934204,0.18071203244704823,0.25281658404686796,0.3032897701667418
0.2515751575157516,0.1854185418541854,0.2583258325832583,0.30468046804680465
0.2590120160213618,0.18914107699154428,0.25411659991099245,0.2977303070761015
0.26485037963376507,0.1866904868244752,0.25815096025011164,0.29030817329164804
0.268903803131991,0.18299776286353467,0.2519015659955257,0.29619686800894857
0.26570915619389585,0.18087971274685816,0.25583482944344704,0.2975763016157989
0.26504941599281223,0.18059299191374664,0.25696316262353996,0.2973944294699012
0.26506024096385544,0.17804551539491298,0.25881302989736726,0.29808121374386437
0.2649420160570919,0.18198037466547726,0.25111507582515613,0.30196253345227475
0.2575892857142857,0.18526785714285715,0.25044642857142857,0.3066964285714286
0.26057906458797325,0.19020044543429845,0.2543429844097996,0.29487750556792874
0.25780553077609275,0.1926851025869759,0.25066904549509367,0.2988403211418377
0.25432756324900135,0.19884598313359964,0.25521526853084775,0.29161118508655126
0.2518947837717343,0.20151582701738743,0.25590726705305394,0.29068212215782435
0.2571174377224199,0.2041814946619217,0.24866548042704625,0.2900355871886121
0.2485523385300668,0.21158129175946547,0.24632516703786192,0.2935412026726058
0.2538116591928251,0.20807174887892377,0.25112107623318386,0.28699551569506726
0.2547085201793722,0.21524663677130046,0.2484304932735426,0.28161434977578476
0.2605004468275246,0.209562109025916,0.2515638963360143,0.27837354781054513
0.26195797943674565,0.20831470719713902,0.2440768886902101,0.28565042467590523
0.25843694493783304,0.21403197158081705,0.24200710479573712,0.2855239786856128
0.2622005323868678,0.2111801242236025,0.24755989352262645,0.2790594498669033
0.2599818511796733,0.20598911070780399,0.24637023593466426,0.28765880217785844
0.24988743809095001,0.20711391265195858,0.2570914002701486,0.2859072489869428
0.2487695749440716,0.21118568232662194,0.25279642058165547,0.287248322147651
0.24405563032750113,0.20861372812920592,0.2503364737550471,0.29699416778824583
0.24707996406109614,0.21159029649595687,0.25381850853548965,0.28751123090745734
0.23971377459749552,0.2133273703041145,0.2504472271914132,0.29651162790697677
0.24123989218328842,0.22012578616352202,0.2529200359389039,0.2857142857142857
0.24295302013422818,0.2250559284116331,0.2483221476510067,0.283668903803132
0.2373107747105966,0.22350845948352627,0.25200356188780054,0.2871772039180766
0.23552983081032947,0.22350845948352627,0.25244879786286734,0.28851291184327693
0.23925564909171468,0.2210899424014178,0.24767390341160833,0.2919805050952592
0.23469387755102042,0.22271517302573204,0.24977817213842057,0.29281277728482696
0.23569175304191078,0.2199188823794502,0.25101397025687244,0.29337539432176657
0.23366159355416294,0.2170993733213966,0.25604297224709044,0.29319606087735006
0.23500666370502,0.21723678365171034,0.2585517547756553,0.2892047978676144
0.23792486583184258,0.21869409660107333,0.2513416815742397,0.29203935599284436
0.23847874720357942,0.21700223713646533,0.25279642058165547,0.2917225950782998
0.23621694307485433,0.21739130434782608,0.2532496638278799,0.2931420887494397
0.23452914798206279,0.2094170403587444,0.2591928251121076,0.2968609865470852
0.23741007194244604,0.20863309352517986,0.25089928057553956,0.30305755395683454
0.24023090586145648,0.21092362344582594,0.2539964476021314,0.29484902309058614
0.23922800718132856,0.2078096947935368,0.25763016157989227,0.29533213644524237
0.24048365427675772,0.2109270040304523,0.2561576354679803,0.2924317062248097
0.23792486583184258,0.20796064400715564,0.259391771019678,0.2947227191413238
0.23771224307417338,0.21090259159964253,0.258266309204647,0.2931188561215371
0.24202963628199373,0.20925011225864393,0.25505163897620114,0.29366861248316123
0.25168842863574964,0.20621341737955876,0.25484016208914906,0.2872579918955426
0.24371633752244165,0.2033213644524237,0.25987432675044886,0.29308797127468583
0.24543429844097994,0.20579064587973275,0.25657015590200444,0.29220489977728287
0.24466192170818504,0.20685053380782917,0.2566725978647687,0.2918149466192171
0.24572457245724572,0.21602160216021601,0.24527452745274528,0.292979297929793
0.24222222222222223,0.21555555555555556,0.24622222222222223,0.296
0.24644128113879005,0.2130782918149466,0.23887900355871886,0.3016014234875445
0.2518148820326679,0.21415607985480944,0.2382032667876588,0.2958257713248639
0.2515865820489574,0.21350861287398004,0.23934723481414324,0.2955575702629193
0.25269299820466784,0.2127468581687612,0.24102333931777378,0.29353680430879714
0.253028263795424,0.20547330641543293,0.24315836698070883,0.2983400628084343
0.25398936170212766,0.20700354609929078,0.24113475177304963,0.2978723404255319
0.2528786536758193,0.20637732506643047,0.2475642161204606,0.29317980513728964
0.2552338530066815,0.20979955456570157,0.24543429844097994,0.289532293986637
0.2549194991055456,0.21153846153846154,0.24597495527728086,0.287567084078712
0.25536672629695883,0.21064400715563505,0.24463327370304114,0.2893559928443649
0.25617977528089886,0.209438202247191,0.23910112359550562,0.2952808988764045
0.25435851586946806,0.20831470719713902,0.24362986142154672,0.29369691551184623
0.25447227191413235,0.2075134168157424,0.24016100178890876,0.29785330948121647
0.2558876811594203,0.20969202898550723,0.23867753623188406,0.2957427536231884
