C,D,Oc,Od
0.0,0.0,0.0,1.0
0.0,0.0,0.0,1.0
0.0,0.0,0.0,1.0
0.041666666666666664,0.0,0.041666666666666664,0.9166666666666666
0.09302325581395349,0.0,0.046511627906976744,0.8604651162790697
0.10294117647058823,0.029411764705882353,0.04411764705882353,0.8235294117647058
0.1414141414141414,0.020202020202020204,0.030303030303030304,0.8080808080808081
0.16901408450704225,0.028169014084507043,0.035211267605633804,0.7676056338028169
0.19148936170212766,0.03723404255319149,0.0425531914893617,0.7287234042553191
0.20161290322580644,0.04435483870967742,0.04838709677419355,0.7056451612903226
0.2245508982035928,0.04491017964071856,0.05688622754491018,0.6736526946107785
0.25355450236966826,0.035545023696682464,0.06398104265402843,0.6469194312796208
0.2635514018691589,0.037383177570093455,0.06542056074766354,0.6336448598130842
0.2710843373493976,0.046686746987951805,0.0783132530120482,0.6039156626506024
0.2814814814814815,0.05432098765432099,0.08024691358024691,0.5839506172839506
0.2885624344176285,0.05036726128016789,0.08604407135362015,0.5750262329485835
0.29302736098852605,0.06001765225066196,0.08561341571050309,0.5613415710503089
0.29205607476635514,0.06230529595015576,0.08878504672897196,0.5568535825545171
0.2883435582822086,0.06884798909338787,0.0845262440354465,0.558282208588957
0.28457772337821297,0.07282741738066095,0.08629130966952264,0.5563035495716034
0.2779623477297896,0.07585825027685493,0.09689922480620156,0.5492801771871539
0.2708547888774459,0.07466529351184346,0.10453141091658084,0.5499485066941298
0.26894865525672373,0.07383863080684597,0.10757946210268948,0.5496332518337408
0.26955307262569833,0.07541899441340782,0.11592178770949721,0.5391061452513967
0.27355484751934456,0.0755575785161584,0.11197086936731906,0.538916704597178
0.2673223066607063,0.07778274474742959,0.11309789897183728,0.5417970496200268
0.2647058823529412,0.07709447415329768,0.11586452762923351,0.5423351158645277
0.2680906713164778,0.07585004359197908,0.11726242371403661,0.5387968613775065
0.2646544181977253,0.0778652668416448,0.11811023622047244,0.5393700787401575
0.26816380449141347,0.08190224570673713,0.11492734478203434,0.535006605019815
0.2690780767534186,0.08425231583590649,0.11468901632112924,0.5319805910895457
0.26722246599385696,0.0895129442738043,0.11013602457218079,0.5331285651601579
0.27276726792784867,0.09194896612406511,0.11306643202815662,0.5222173339199296
0.27135900841080124,0.09119079238601151,0.11642319610447101,0.5210270030987163
0.27116402116402116,0.09126984126984126,0.12081128747795414,0.5167548500881834
0.2727272727272727,0.09090909090909091,0.12533097969991175,0.5110326566637247
0.27571115973741794,0.09102844638949671,0.12603938730853392,0.5072210065645514
0.27960819234194123,0.08949243098842387,0.12956366874443456,0.5013357079252003
0.27453580901856767,0.08930150309460655,0.1286472148541114,0.5075154730327144
0.27566622979467015,0.08999563128003495,0.1310615989515072,0.5032765399737876
0.2784865816102068,0.08798944126704795,0.13462384513858336,0.4989001319841619
0.27660510114335973,0.0901495162708883,0.14028144239226034,0.49296394019349166
0.27264653641207814,0.09147424511545293,0.14342806394316163,0.49245115452930727
0.27365163572060125,0.09018567639257294,0.14279398762157383,0.493368700265252
0.26992514310876264,0.08894760017613386,0.1453104359313078,0.4958168207837957
0.2680683311432326,0.08848007008322382,0.14542268944371442,0.4980289093298292
0.26616805983282005,0.09106907171139464,0.14254289485261767,0.5002199736031676
0.26613965744400525,0.09398331137461573,0.14492753623188406,0.494949494949495
0.2685840707964602,0.09380530973451327,0.14734513274336283,0.4902654867256637
0.27147307521139297,0.09345794392523364,0.14775255896751224,0.48731642189586116
0.26518847006651886,0.09312638580931264,0.152549889135255,0.4891352549889135
0.25616197183098594,0.09463028169014084,0.15140845070422534,0.4977992957746479
0.26353149955634425,0.09804791481810116,0.14729370008873113,0.49112688553682343
0.2631810193321617,0.09710017574692442,0.14982425307557118,0.4898945518453427
0.26371681415929205,0.09380530973451327,0.1504424778761062,0.4920353982300885
0.26696230598669624,0.09046563192904657,0.14722838137472283,0.4953436807095344
0.2621057307863172,0.09107063527321191,0.1514882274544647,0.4953354064860062
0.26271561256081377,0.09420610349402919,0.15170278637770898,0.491375497567448
0.2631578947368421,0.09473684210526316,0.15482456140350878,0.487280701754386
0.26290463692038496,0.10148731408573929,0.14916885389326334,0.4864391951006124
0.2639683238011439,0.10162780466344039,0.1491421029476463,0.4852617685877695
0.2655293088363955,0.10148731408573929,0.14610673665791776,0.4868766404199475
0.2659667541557305,0.10017497812773403,0.14960629921259844,0.484251968503937
0.2698763250883392,0.10247349823321555,0.15326855123674912,0.4743816254416961
0.2665776591010236,0.10636404094348019,0.157543391188251,0.4695149087672452
0.2651080723423026,0.10939567710630789,0.15483017203352448,0.470666078517865
0.26857142857142857,0.11296703296703296,0.15208791208791209,0.4663736263736264
0.26869565217391306,0.11521739130434783,0.1508695652173913,0.4652173913043478
0.26593406593406593,0.11692307692307692,0.1476923076923077,0.4694505494505494
0.26517150395778366,0.11521547933157432,0.14511873350923482,0.4744942832014072
0.2639322336156933,0.11903700401248328,0.14534106107891218,0.47168970129291127
0.26672535211267606,0.11443661971830986,0.1430457746478873,0.47579225352112675
0.26666666666666666,0.12236842105263158,0.13640350877192983,0.4745614035087719
0.26992514310876264,0.12285336856010567,0.13518273888154997,0.4720387494495817
0.275740167918692,0.1232876712328767,0.13742819266460451,0.46354396818382676
0.2797723292469352,0.12390542907180385,0.1361646234676007,0.46015761821366025
0.2794313638382941,0.12661039537983118,0.135495335406486,0.4584629053753887
0.2774336283185841,0.12831858407079647,0.13495575221238937,0.4592920353982301
0.27626970227670755,0.1317863397548161,0.13266199649737304,0.45928196147110334
0.2749125874125874,0.13417832167832167,0.13111888111888112,0.4597902097902098
0.27998236331569665,0.13756613756613756,0.13051146384479717,0.4519400352733686
0.2805251641137856,0.13479212253829323,0.1361050328227571,0.4485776805251641
0.2815405046480744,0.13767153607791058,0.13457281983178399,0.44621513944223107
0.28350970017636684,0.13932980599647266,0.13403880070546736,0.44312169312169314
0.2812223206377325,0.13817537643932684,0.13640389725420726,0.44419840566873336
0.28546020453534904,0.13250333481547355,0.13561582925744775,0.44642063139172966
0.28703703703703703,0.13447971781305115,0.13977072310405644,0.43871252204585537
0.2879120879120879,0.13406593406593406,0.13846153846153847,0.43956043956043955
0.2867256637168142,0.1323008849557522,0.14115044247787611,0.4398230088495575
0.2839506172839506,0.1384479717813051,0.140652557319224,0.43694885361552027
0.29177602799650043,0.1426071741032371,0.1395450568678915,0.42607174103237094
0.2924901185770751,0.1427316644707949,0.13921826965305226,0.42555994729907776
0.29053461875547765,0.1485539000876424,0.1446099912357581,0.4163014899211218
0.2869641294838145,0.14829396325459318,0.14566929133858267,0.41907261592300965
0.28100263852242746,0.1547933157431838,0.14467897977132807,0.41952506596306066
0.28590192644483364,0.1532399299474606,0.14929947460595447,0.4115586690017513
0.27716673999120106,0.1561812582490101,0.1535415750109987,0.41311042674879017
0.28265618173875057,0.15727391874180865,0.15465268676277852,0.4054172127566623
0.28234265734265734,0.1604020979020979,0.15166083916083917,0.40559440559440557
0.28335506301608,0.16427640156453716,0.14993481095176012,0.40243372446762277
0.27607361963190186,0.1687116564417178,0.1516213847502191,0.40359333917616125
0.2860927152317881,0.17350993377483442,0.1479028697571744,0.39249448123620306
0.2871111111111111,0.17066666666666666,0.1537777777777778,0.3884444444444444
0.2864035087719298,0.1706140350877193,0.15219298245614035,0.3907894736842105
0.2835951134380454,0.16841186736474695,0.15488656195462477,0.3931064572425829
0.2860915492957746,0.17033450704225353,0.1602112676056338,0.383362676056338
0.28273413226808697,0.1739902352418997,0.16245006657789615,0.3808255659121172
0.28213028169014087,0.17737676056338028,0.1602112676056338,0.38028169014084506
0.2891939769707706,0.17271922054915856,0.16563330380868024,0.3724534986713906
0.2857769973661106,0.17471466198419666,0.16242317822651448,0.37708516242317824
0.28213028169014087,0.1813380281690141,0.1641725352112676,0.37235915492957744
0.2839506172839506,0.1763668430335097,0.1644620811287478,0.3752204585537919
0.27881687690300133,0.17920835145715527,0.1692040017398869,0.3727707698999565
0.28188214599824096,0.17678100263852242,0.17106420404573439,0.3702726473175022
0.2864698104892023,0.1767298369325694,0.16527104451300131,0.371529308065227
0.2812914639540027,0.17735515258735074,0.16452896948252985,0.37682441397611677
0.28483516483516486,0.17758241758241758,0.16923076923076924,0.36835164835164835
0.28,0.17802197802197803,0.16923076923076924,0.37274725274725273
0.2793028322440087,0.17995642701525055,0.16862745098039217,0.3721132897603486
0.27607361963190186,0.18098159509202455,0.16739702015775634,0.3755477651183173
0.28105726872246695,0.17841409691629956,0.17577092511013215,0.36475770925110135
0.2803532008830022,0.176158940397351,0.176158940397351,0.3673289183222958
0.28104286345558993,0.17852408307556342,0.18073353954927088,0.3596995139195758
0.27992957746478875,0.17913732394366197,0.17913732394366197,0.3617957746478873
0.27943760984182775,0.17706502636203866,0.18057996485061512,0.36291739894551844
0.28316659417137885,0.17920835145715527,0.17659852109612875,0.3610265332753371
0.2797723292469352,0.17469352014010509,0.18213660245183888,0.36339754816112085
0.2791411042944785,0.1801051709027169,0.18448729184925505,0.35626643295354954
0.2833333333333333,0.17894736842105263,0.1850877192982456,0.3526315789473684
0.2807017543859649,0.18026315789473685,0.18552631578947368,0.35350877192982455
0.2815405046480744,0.1783975210270031,0.18946436476316955,0.350597609561753
0.2865367581930912,0.17803365810451727,0.1899911426040744,0.3454384410983171
0.28520971302428255,0.18101545253863136,0.1902869757174393,0.3434878587196468
0.2860233665080052,0.18303764604067504,0.18736477715274774,0.34357421029857205
0.2821869488536155,0.19135802469135801,0.18430335097001763,0.3421516754850088
0.2854633289415898,0.19411506368028106,0.178743961352657,0.3416776460254721
0.2924235711120957,0.18874612317235268,0.18077093486929552,0.3380593708462561
0.289925208974923,0.19313682358117026,0.17729872415310163,0.3396392432908051
0.2887817703768624,0.1971954425942156,0.1757230499561788,0.3382997370727432
0.2901531728665208,0.19824945295404814,0.175054704595186,0.33654266958424506
0.28982300884955753,0.20309734513274336,0.1747787610619469,0.3323008849557522
0.2878521126760563,0.20818661971830985,0.1756161971830986,0.3283450704225352
0.28779840848806365,0.20910698496905394,0.17595048629531387,0.3271441202475685
0.2950022114108801,0.20256523662096418,0.1751437417072092,0.32728881026094647
0.29219920669898636,0.20537681798148966,0.17584839136183342,0.3265755839576906
0.2925860547219771,0.20785525154457193,0.176522506619594,0.323036187113857
0.2849604221635884,0.21459982409850484,0.17546174142480211,0.32497801231310464
0.2863378437363597,0.21213443910955915,0.1724137931034483,0.3291139240506329
0.2847740236946029,0.21412900394910048,0.17288284335234752,0.3282141290039491
0.28083989501312334,0.21828521434820647,0.17804024496937884,0.3228346456692913
0.28001752848378614,0.22042068361086767,0.17791411042944785,0.32164767747589834
0.28615794143744455,0.21384205856255545,0.17613132209405502,0.323868677905945
0.2828014184397163,0.21453900709219859,0.17907801418439717,0.32358156028368795
0.2785308264101443,0.21512898994315696,0.184958460865763,0.32138172278093574
0.28111209179170343,0.2210944395410415,0.1822594880847308,0.3155339805825243
0.2801402893467777,0.21788689171416045,0.18149934239368698,0.32047347654537484
0.2805251641137856,0.2210065645514223,0.18074398249452955,0.3177242888402626
0.2810715854194115,0.21651295564339043,0.18708827404479578,0.3153271848924023
0.2879188712522046,0.2191358024691358,0.18738977072310406,0.3055555555555556
0.2807017543859649,0.21842105263157896,0.18947368421052632,0.31140350877192985
0.2802294792586055,0.2202118270079435,0.18976169461606354,0.30979699911738745
0.28421512898994317,0.22562308701355488,0.1875819851333625,0.30257979886313946
0.278926528816542,0.22701275846898372,0.18653761548614167,0.3075230972283326
0.2815107597716293,0.22529644268774704,0.1901624945103206,0.30303030303030304
0.2774641771602258,0.2275293095961789,0.19409465914025184,0.3009118541033435
0.2768166089965398,0.2296712802768166,0.19377162629757785,0.29974048442906576
0.2787825319805911,0.23423026025584473,0.19188354653727394,0.2951036612262902
0.28152753108348133,0.23090586145648312,0.19094138543516873,0.2966252220248668
0.2771137671536078,0.23727312970340858,0.1921204072598495,0.29349269588313415
0.2781921895568232,0.23650724001755155,0.1899956121105748,0.29530495831505044
0.28374777975133214,0.23801065719360567,0.1882770870337478,0.28996447602131437
0.28212894850713977,0.24405019472090003,0.17524881003894419,0.298572046733016
0.28431372549019607,0.2410873440285205,0.17424242424242425,0.3003565062388592
0.2794182459233142,0.24107536359629794,0.1771705597179374,0.3023358307624504
0.27586206896551724,0.2396109637488948,0.1830238726790451,0.3015030946065429
0.27859368046283933,0.2389853137516689,0.1802403204272363,0.30218068535825543
0.27541998231653403,0.23165340406719717,0.1878868258178603,0.3050397877984085
0.27173438182612497,0.22498907820008737,0.19353429445172565,0.30974224552206203
0.27569475077194533,0.22540802823114248,0.1901191001323335,0.30877812086457873
0.27709251101321586,0.23259911894273128,0.1894273127753304,0.30088105726872244
0.2828282828282828,0.22880983750548967,0.18664909969257795,0.30171277997364954
0.27751196172248804,0.22966507177033493,0.19051761635493694,0.3023053501522401
0.27436347673397715,0.23002633889376647,0.18788410886742757,0.3077260755048288
0.27560106856634015,0.2315227070347284,0.18388245770258238,0.3089937666963491
0.2734513274336283,0.22964601769911505,0.18495575221238938,0.31194690265486724
0.27525363917071016,0.22981914424349362,0.18570798411998235,0.30921923246581384
0.26865671641791045,0.23134328358208955,0.1874451273046532,0.3125548726953468
0.27,0.2308695652173913,0.18869565217391304,0.31043478260869567
0.2688077430708315,0.23185217773867137,0.18653761548614167,0.3128024637043555
0.2672790901137358,0.2331583552055993,0.1815398075240595,0.31802274715660545
0.27126035761011774,0.22764936764064544,0.1814217182730048,0.319668556476232
0.2669270833333333,0.2261284722222222,0.18619791666666666,0.3207465277777778
0.26695842450765866,0.2210065645514223,0.19037199124726478,0.32166301969365424
0.26701800614844096,0.2222222222222222,0.1888449714536671,0.32191480017566976
0.26243339253996445,0.2211367673179396,0.1891651865008881,0.3272646536412078
0.26239578762615184,0.21939447125932426,0.19394471259324264,0.32426502852128125
0.25428194993412384,0.22266139657444006,0.19499341238471674,0.32806324110671936
0.25654682645361737,0.2268086995117621,0.19218819351975144,0.3244562805148691
0.2483429076447194,0.22536456031816174,0.19089703932832522,0.33539549270879365
0.25296442687747034,0.22485726833552921,0.1901624945103206,0.33201581027667987
0.24955436720142601,0.22415329768270945,0.196524064171123,0.32976827094474154
0.2496732026143791,0.21568627450980393,0.19302832244008714,0.3416122004357299
0.24214254094732182,0.22089420097388224,0.1943337760070828,0.3426294820717131
0.24373075230972283,0.21777386713594368,0.19401671799384074,0.34447866256049275
0.24945006599208094,0.22393312802463705,0.19093708754949407,0.33567971843378797
0.2531868131868132,0.22373626373626374,0.19472527472527473,0.3283516483516484
0.25655594405594406,0.22202797202797203,0.19187062937062938,0.32954545454545453
0.2526269702276708,0.22197898423817863,0.19483362521891417,0.3305604203152364
0.25673884224480775,0.2191780821917808,0.1917808219178082,0.3323022536456032
0.25066430469441986,0.21656333038086803,0.19619131975199292,0.3365810451727192
0.2567032967032967,0.22153846153846155,0.19296703296703296,0.32879120879120877
0.25721901377165707,0.21856952465570859,0.19546868058640604,0.32874278098622833
0.25663331883427576,0.22009569377990432,0.1918225315354502,0.33144845585036975
0.2562637362637363,0.2210989010989011,0.19428571428571428,0.3283516483516484
0.2432077125328659,0.22392638036809817,0.19062226117440842,0.3422436459246275
0.2404897245299519,0.22168780061215565,0.19632706602536074,0.3414954088325317
0.23642732049036777,0.21935201401050788,0.20183887915936952,0.3423817863397548
0.23936869793950022,0.22007891275756247,0.19903551074090312,0.3415168785620342
0.24580759046778464,0.2113857016769638,0.19991173874669022,0.3428949691085613
0.24214254094732182,0.21115537848605578,0.20451527224435592,0.3421868083222665
0.23680709534368072,0.2164079822616408,0.20266075388026608,0.3441241685144124
0.2423841059602649,0.21236203090507727,0.20132450331125828,0.34392935982339956
0.24462011418533158,0.20948616600790515,0.2028985507246377,0.34299516908212563
0.2362998684787374,0.2091188075405524,0.2099956159579132,0.34458570802279703
0.23671497584541062,0.21299956082564778,0.20772946859903382,0.3425559947299078
0.2436235708003518,0.20580474934036938,0.20712401055408972,0.3434476693051891
0.24934268185801928,0.20902716914986855,0.20245398773006135,0.33917616126205086
0.24635761589403973,0.22030905077262694,0.20573951434878587,0.3275938189845475
0.24867256637168142,0.22168141592920354,0.2084070796460177,0.32123893805309733
0.24758983347940403,0.21954425942156003,0.2072743207712533,0.3255915863277826
0.24722098710538018,0.21520675855935972,0.2089817696754113,0.3285904846598488
0.2508833922261484,0.2146643109540636,0.20803886925795054,0.32641342756183744
0.25793650793650796,0.20634920634920634,0.21340388007054673,0.322310405643739
0.25806451612903225,0.20415377817057004,0.20945647370746795,0.32832523199292973
0.2541557305336833,0.2047244094488189,0.21172353455818022,0.3293963254593176
0.25833333333333336,0.20877192982456141,0.2118421052631579,0.32105263157894737
0.25916114790286976,0.20485651214128037,0.21545253863134659,0.3205298013245033
0.2639074321317312,0.2064975522919448,0.2131731197151758,0.3164218958611482
0.2618310482087572,0.20831490490933216,0.20875718708536045,0.32109685979655017
0.26334362593736216,0.20379355977062197,0.2112924569916189,0.321570357300397
0.2636837532580365,0.20112945264986967,0.21112076455256298,0.32406602953953084
0.2640176600441501,0.20132450331125828,0.21280353200883,0.3218543046357616
0.27209403569873747,0.19808445798868088,0.20896821941663038,0.3208532868959512
0.2647317502198769,0.2009674582233949,0.21240105540897097,0.32189973614775724
0.2726075504828797,0.19446883230904302,0.2115891132572432,0.32133450395083407
0.27365163572060125,0.1958443854995579,0.21573828470380194,0.3147656940760389
0.27296819787985865,0.1974381625441696,0.2142226148409894,0.31537102473498235
0.27458659704090516,0.19234116623150566,0.2206266318537859,0.3124456048738033
0.2755417956656347,0.18796992481203006,0.22335249889429457,0.3131357806280407
0.27147918511957486,0.19441984056687334,0.22187776793622674,0.3122232063773251
0.2678729037952339,0.19726390114739628,0.22992056487202117,0.3049426301853486
0.26939843068875324,0.1965998256320837,0.23365300784655624,0.3003487358326068
0.2712087912087912,0.19604395604395605,0.2320879120879121,0.30065934065934063
0.27016306743058616,0.1974438078448656,0.2243278977523138,0.3080652269722345
0.2722859664607237,0.20079435127978817,0.22815533980582525,0.29876434245366285
0.27384615384615385,0.19516483516483515,0.22989010989010988,0.3010989010989011
0.2732003469210755,0.19991326973113616,0.22246313963573286,0.3044232437120555
0.2717247463608293,0.19894133215703572,0.22143802382002647,0.3078958976621085
0.2630884293884734,0.2014958205015398,0.225692916849978,0.3097228332600088
0.2616946160635481,0.20388349514563106,0.22727272727272727,0.30714916151809357
0.2608886933567972,0.20281566212054553,0.22833260008798945,0.3079630444346678
0.25749559082892415,0.20502645502645503,0.2257495590828924,0.3117283950617284
0.26325088339222613,0.20141342756183744,0.22703180212014135,0.3083038869257951
0.26494980357922304,0.20253164556962025,0.2208642514185945,0.3116542994325622
0.25925925925925924,0.2072310405643739,0.2222222222222222,0.31128747795414463
0.26100489106269453,0.2138728323699422,0.2138728323699422,0.31124944419742107
0.25866666666666666,0.21244444444444444,0.21733333333333332,0.31155555555555553
0.2617893345085941,0.21066549140590568,0.21727633318642575,0.31026884089907447
0.26516157591854805,0.2107127047366091,0.21602478972996902,0.30810092961487384
0.2623093681917211,0.21525054466230936,0.220479302832244,0.30196078431372547
0.2614980289093298,0.21419185282522996,0.22120017520805957,0.30310994305738065
0.25557986870897154,0.2188183807439825,0.22450765864332603,0.3010940919037199
0.2524271844660194,0.21932921447484555,0.22683142100617829,0.3014121800529568
0.25099955575299865,0.21679253665037762,0.23367392270102177,0.29853398489560196
0.2501087429317094,0.21661591996520227,0.23531970421922574,0.29795563288386256
0.25155555555555553,0.21244444444444444,0.2391111111111111,0.29688888888888887
0.25242290748898677,0.21277533039647578,0.23524229074889869,0.29955947136563876
0.24768620537681799,0.21551344204495373,0.2362274129572499,0.3005729396209784
0.24945006599208094,0.21161460624725034,0.23757149142102948,0.30136383633963926
0.2462686567164179,0.21290605794556627,0.23266022827041263,0.30816505706760317
0.24714661984196665,0.21597892888498682,0.23002633889376647,0.30684811237928006
0.2505456132693147,0.208642514185945,0.23003055434308162,0.31078131820165866
0.24911660777385158,0.21952296819787986,0.2234982332155477,0.30786219081272087
0.2505437146585472,0.21096128751631144,0.22531535450195736,0.313179643323184
0.2453416149068323,0.21739130434782608,0.2209405501330967,0.3163265306122449
0.247791519434629,0.21731448763250882,0.2226148409893993,0.3122791519434629
0.24395604395604395,0.2246153846153846,0.22153846153846155,0.3098901098901099
0.2413793103448276,0.23032714412024757,0.22281167108753316,0.30548187444739167
0.24387040280210157,0.2329246935201401,0.21760070052539404,0.30560420315236425
0.24549846288976723,0.23276240667545015,0.21563460693895475,0.30610452349582784
0.24327897752313796,0.2353459673865139,0.21992066989863376,0.3014543851917144
0.2497805092186128,0.2309043020193152,0.21422300263388938,0.3050921861281826
0.24736379613356765,0.23198594024604569,0.21836555360281196,0.3022847100175747
0.2495644599303136,0.2273519163763066,0.22038327526132404,0.30270034843205573
0.24691901408450703,0.22799295774647887,0.21742957746478872,0.3076584507042254
0.24287593160894344,0.22709338009644892,0.22490135905304692,0.3051293292415607
0.2410596026490066,0.23090507726269316,0.2269315673289183,0.3011037527593819
0.24682713347921226,0.2336980306345733,0.21969365426695842,0.29978118161925604
0.2508680555555556,0.234375,0.2230902777777778,0.2916666666666667
0.25209343323049804,0.23314235345967388,0.22256500661084178,0.29219920669898636
0.2504432624113475,0.2322695035460993,0.22296099290780141,0.29432624113475175
0.25390625,0.2326388888888889,0.2152777777777778,0.2981770833333333
0.2509838216003498,0.23261915172715347,0.22037603847835593,0.2960209881941408
0.25729212015672615,0.23204179364388333,0.2194166303874619,0.2912494558119286
0.2544975866608161,0.2360684510750329,0.21061869240895129,0.29881526985519963
0.2568523430592396,0.23342175066312998,0.21220159151193635,0.2975243147656941
0.25629695095006627,0.23817940786566505,0.21431727794962438,0.29120636323464427
0.24681038275406952,0.24065112186537616,0.21029476462824462,0.3022437307523097
0.2513274336283186,0.23407079646017698,0.21238938053097345,0.30221238938053097
0.2562858403176004,0.23246581385090428,0.20952801058667844,0.30172033524481695
0.25354609929078015,0.2322695035460993,0.21365248226950354,0.300531914893617
0.2526595744680851,0.23315602836879432,0.2149822695035461,0.2992021276595745
0.2523117569352708,0.23381770145310435,0.21532364597093792,0.2985468956406869
0.2517605633802817,0.22975352112676056,0.21390845070422534,0.3045774647887324
0.2592920353982301,0.23097345132743363,0.2163716814159292,0.29336283185840706
0.2519788918205805,0.22383465259454705,0.22207563764291996,0.3021108179419525
0.25365853658536586,0.22172949002217296,0.22572062084257205,0.29889135254988913
0.25555555555555554,0.22088888888888888,0.22577777777777777,0.29777777777777775
0.26015901060070673,0.2151060070671378,0.22703180212014135,0.29770318021201414
0.2573203194321207,0.21073646850044367,0.23070097604259096,0.30124223602484473
0.25218150087260033,0.2194589877835951,0.2286212914485166,0.299738219895288
0.25380269448066056,0.21903520208604954,0.22685788787483702,0.3003042155584528
0.257404181184669,0.22125435540069685,0.2229965156794425,0.29834494773519166
0.25198587819947044,0.2202118270079435,0.22594880847308033,0.30185348631950576
0.2611184500220167,0.2175253192426244,0.22192866578599735,0.2994275649493615
0.2571053782247486,0.21818976825535635,0.22606034105815478,0.2986445124617403
0.25252969643642764,0.21865376154861416,0.22701275846898372,0.3018037835459745
0.24744557974233675,0.22167925366503777,0.22923145268769435,0.30164371390493117
0.24425795053003532,0.22393992932862192,0.22835689045936397,0.3034452296819788
0.2497793468667255,0.21579876434245365,0.2321270962047661,0.30229479258605474
0.25386313465783666,0.2163355408388521,0.23532008830022075,0.2944812362030905
0.2503311258278146,0.2163355408388521,0.23178807947019867,0.30154525386313463
0.2537379067722076,0.21459982409850484,0.2326297273526825,0.2990325417766051
0.25332741792369123,0.21561668145519078,0.23469387755102042,0.2963620230700976
0.25405168637757336,0.21681997371879105,0.22733245729303547,0.3017958826106001
0.2628091872791519,0.21908127208480566,0.21643109540636044,0.30167844522968196
0.26237406920718354,0.21068769163381515,0.22032413491020586,0.3066141042487954
0.2616740088105727,0.20704845814977973,0.22290748898678414,0.30837004405286345
0.25998225377107365,0.21162377994676132,0.2267080745341615,0.30168589174800353
0.2612137203166227,0.2088830255057168,0.2264731750219877,0.3034300791556728
0.26587301587301587,0.21340388007054673,0.22001763668430335,0.30070546737213405
0.2623456790123457,0.21957671957671956,0.2173721340388007,0.30070546737213405
0.2600700525394046,0.21672504378283713,0.22460595446584938,0.29859894921190894
0.26146384479717816,0.21031746031746032,0.22178130511463845,0.3064373897707231
0.2589010989010989,0.2079120879120879,0.2276923076923077,0.3054945054945055
0.25921052631578945,0.2043859649122807,0.2324561403508772,0.30394736842105263
0.2633654688869413,0.2042068361086766,0.23049956178790534,0.30192813321647677
0.26102292768959434,0.20458553791887124,0.2279541446208113,0.3064373897707231
0.25342768686421935,0.2118531623175586,0.226890756302521,0.30782839451570104
0.2551602986385595,0.20860781730346947,0.22793148880105402,0.308300395256917
0.2510936132983377,0.2121609798775153,0.22353455818022747,0.3132108486439195
0.24889673433362755,0.21006178287731686,0.22594880847308033,0.31509267431597526
0.2572178477690289,0.2069116360454943,0.22572178477690288,0.3101487314085739
0.2547294324681038,0.20589529256489222,0.22921249450065992,0.31016278046634405
0.2567032967032967,0.20351648351648352,0.22373626373626374,0.316043956043956
0.2555066079295154,0.20572687224669603,0.22378854625550662,0.31497797356828194
0.2510993843447669,0.2075637642919965,0.22295514511873352,0.31838170624450307
0.2516469038208169,0.2116820377689943,0.22002635046113306,0.31664470794905575
0.25578350065473593,0.20951549541684852,0.21999127018769096,0.3147097337407246
0.2564102564102564,0.20778072502210435,0.21839080459770116,0.31741821396993813
0.25229157573112176,0.20515058926233087,0.2208642514185945,0.32169358358795286
0.2457293035479632,0.2146298729741568,0.21944809461235218,0.3201927288655278
0.24655708573967125,0.20879609062638826,0.22478898267436695,0.31985784095957354
0.24473684210526317,0.20833333333333334,0.22587719298245615,0.32105263157894737
0.2509907529722589,0.2043152796125055,0.22148833113166005,0.3232056362835755
0.24396665204036858,0.21105748135146996,0.2198332602018429,0.32514260640631854
0.2415929203539823,0.2075221238938053,0.22389380530973452,0.3269911504424779
0.2511032656663725,0.2082965578111209,0.21800529567519858,0.32259488084730803
0.25,0.20826010544815465,0.21748681898066785,0.3242530755711775
0.2532981530343008,0.2088830255057168,0.2233948988566403,0.3144239226033421
0.2544897065265002,0.2058694699956198,0.21681997371879105,0.3228208497590889
0.2621870882740448,0.20202020202020202,0.2191480017566974,0.31664470794905575
0.2587565674255692,0.2053415061295972,0.21935201401050788,0.31654991243432573
0.2644736842105263,0.20526315789473684,0.21973684210526315,0.3105263157894737
0.2683677958644963,0.20325560932688078,0.2133743950725913,0.31500219973603166
0.2628091872791519,0.2040636042402827,0.2151060070671378,0.31802120141342755
0.2671081677704194,0.20838852097130242,0.20662251655629138,0.31788079470198677
0.26690234202386215,0.20592134334953602,0.21343349536014142,0.31374281926646047
0.2645641699518178,0.2076215505913272,0.2102496714848883,0.31756460797196673
0.2587873462214411,0.2086994727592267,0.210896309314587,0.3216168717047452
0.26246719160104987,0.20122484689413822,0.21172353455818022,0.32458442694663164
0.2621145374449339,0.20616740088105726,0.20837004405286344,0.3233480176211454
0.25942156003505695,0.2037686240140228,0.21209465381244522,0.324715162138475
0.2610989010989011,0.20483516483516484,0.21318681318681318,0.3208791208791209
0.26775474194971327,0.20335244816938686,0.21261579179532422,0.3162770180855756
0.27060379021595415,0.1983252534156016,0.2115469369766417,0.3195240193918026
0.2759526938239159,0.1953569864213754,0.2137538326763031,0.3149364870784056
0.2702702702702703,0.1974716652136007,0.21621621621621623,0.31604184829991283
0.26784140969162995,0.19823788546255505,0.2171806167400881,0.31674008810572685
0.2684417285028372,0.19773024879965082,0.21999127018769096,0.313836752509821
0.2668428005284016,0.19991193306913255,0.2188463232056363,0.3143989431968296
0.2709074733096085,0.19884341637010677,0.2179715302491103,0.3122775800711744
0.2771137671536078,0.19477644975652944,0.22000885347498894,0.30810092961487384
0.28167770419426047,0.19735099337748344,0.21766004415011037,0.3033112582781457
0.2849557522123894,0.19469026548672566,0.2172566371681416,0.3030973451327434
0.28325991189427313,0.19647577092511012,0.21409691629955946,0.30616740088105726
0.27399650959860383,0.19982547993019198,0.21727748691099477,0.3089005235602094
0.27430093209054596,0.1970705725699068,0.21881935197514424,0.309809143364403
0.2773403324584427,0.20122484689413822,0.21303587051618547,0.3083989501312336
0.2768758227292672,0.19833260201842914,0.2132514260640632,0.31154014918824047
0.2804232804232804,0.1988536155202822,0.21957671957671956,0.3011463844797178
0.27441449403446755,0.20326999558108705,0.21520106053910737,0.30711444984533803
0.2745183887915937,0.19746059544658495,0.2136602451838879,0.31436077057793343
0.27927529827662395,0.1939902783915157,0.21652673442333187,0.3102076889085285
0.2765399737876802,0.1983398864132809,0.21930974224552205,0.3058103975535168
0.2689594356261023,0.1984126984126984,0.222663139329806,0.3099647266313933
0.2723666813574262,0.1996474217717056,0.21903922432789774,0.3089466725429705
0.26195699868363315,0.19964896884598507,0.2242211496270294,0.3141728828433524
0.2639437856829161,0.2028985507246377,0.22529644268774704,0.30786122090469914
0.26681318681318683,0.1991208791208791,0.22593406593406593,0.30813186813186816
0.2671654929577465,0.20158450704225353,0.2244718309859155,0.3067781690140845
0.26262626262626265,0.2015810276679842,0.22880983750548967,0.3069828722002635
0.2617914322803981,0.20683686715707486,0.2276070964950238,0.3037646040675032
0.26096491228070173,0.21271929824561403,0.22236842105263158,0.30394736842105263
0.2592429577464789,0.2169894366197183,0.22139084507042253,0.3023767605633803
0.26,0.21466666666666667,0.2248888888888889,0.30044444444444446
0.26480836236933797,0.2147212543554007,0.2221254355400697,0.29834494773519166
0.2669305189094107,0.21416007036059806,0.21899736147757257,0.29991204925241866
0.2659667541557305,0.210411198600175,0.2230971128608924,0.3005249343832021
0.2673702726473175,0.21284080914687775,0.21723834652594548,0.30255057167985927
0.2736427320490368,0.2062171628721541,0.2158493870402802,0.3042907180385289
0.27003098716246127,0.19787516600265603,0.22487826471890218,0.30721558211598055
0.268141592920354,0.19690265486725664,0.22920353982300884,0.30575221238938055
0.2614180078294911,0.19573727707698999,0.2301000434971727,0.3127446715963462
0.2634146341463415,0.1902439024390244,0.23592017738359203,0.31042128603104213
0.26950043821209463,0.18580192813321647,0.2318141980718668,0.3128834355828221
0.26705048715677593,0.18954827280779452,0.23427812223206376,0.3091231178033658
0.26195699868363315,0.1834137779727951,0.24440544098288722,0.3102237823606845
0.25803610744165567,0.18538088947600176,0.2408630559225011,0.3157199471598415
0.2580502867225408,0.18129686810763124,0.24525805028672254,0.3153947948831054
0.2695191883546537,0.1799735333039259,0.2364358182620203,0.31407146007940007
0.2652790079716563,0.18290522586359612,0.23693534100974314,0.3148804251550044
0.27252843394575677,0.18416447944007,0.23622047244094488,0.30708661417322836
0.2728865527814279,0.18528252299605782,0.23434077967586509,0.30749014454664914
0.27439824945295405,0.1851203501094092,0.23282275711159736,0.30765864332603937
0.27240926978574553,0.1888937472671622,0.23218189768255357,0.3065150852645387
0.27176314626601855,0.18824569155987628,0.23641184268669907,0.3035793194874061
0.2715669014084507,0.18309859154929578,0.23767605633802816,0.3076584507042254
0.26866990720282813,0.1855943437914273,0.23641184268669907,0.3093239063190455
0.27300613496932513,0.1836108676599474,0.23400525854513585,0.3093777388255916
0.2817703768624014,0.1831726555652936,0.2322524101665206,0.3028045574057844
0.27636203866432335,0.18409490333919157,0.23242530755711774,0.3071177504393673
0.272078501338091,0.18421052631578946,0.23059768064228367,0.31311329170383584
0.27256715103478646,0.18361955085865259,0.23205636283575518,0.31175693527080584
0.27292672224659936,0.18253620008775778,0.2369460289600702,0.30759104870557263
0.27775320654577623,0.18575851393188855,0.23529411764705882,0.3011941618752764
0.2801231310466139,0.1864555848724714,0.22955145118733508,0.3038698328935796
0.28123620309050773,0.18719646799116998,0.2326710816777042,0.2988962472406181
0.28326745718050067,0.18972332015810275,0.23407992973210365,0.29292929292929293
0.2785428698356286,0.1919147045757441,0.2372278987116837,0.2923145268769436
0.2779003087781209,0.18703131892368768,0.23908248786943095,0.2959858844287605
0.2794894366197183,0.17825704225352113,0.23723591549295775,0.3050176056338028
0.2807250221043324,0.1812555260831123,0.23474801061007958,0.3032714412024757
0.282233052724856,0.18121400088613204,0.23305272485600353,0.30350022153300843
0.2731707317073171,0.18492239467849225,0.23104212860310422,0.31086474501108646
0.2757709251101322,0.18722466960352424,0.22422907488986785,0.31277533039647576
0.2736098852603707,0.19064430714916153,0.2263901147396293,0.30935569285083847
0.26487439400617013,0.19391802556192156,0.22785368003525783,0.3133539003966505
0.27161035541904344,0.18648530057042562,0.2233435717419921,0.31856077226853885
0.271304347826087,0.18478260869565216,0.2252173913043478,0.31869565217391305
0.27477876106194693,0.18805309734513273,0.2247787610619469,0.3123893805309734
0.27448397013614406,0.19367588932806323,0.22529644268774704,0.3065436978480457
0.2751766784452297,0.19522968197879859,0.22438162544169613,0.3052120141342756
0.27755819060166886,0.1945542380324989,0.2261747913921827,0.30171277997364954
0.2777288732394366,0.1949823943661972,0.22843309859154928,0.2988556338028169
0.2794053344993441,0.19763882815916048,0.2264975951027547,0.29645824223874073
0.27474923680767555,0.19581334496293065,0.22895769733972962,0.3004797208896642
0.2755417956656347,0.18973905351614329,0.23396727111897392,0.3007518796992481
0.27481252756947505,0.1985002205558006,0.22408469342743714,0.3026025584472872
0.2746478873239437,0.19674295774647887,0.2244718309859155,0.304137323943662
0.2804395604395604,0.2021978021978022,0.22329670329670329,0.29406593406593406
0.2747924858016601,0.20096111839231107,0.22717343818261249,0.29707295762341634
0.28119429590017825,0.19875222816399288,0.22459893048128343,0.29545454545454547
0.28960070206230804,0.1952610794207986,0.22290478279947346,0.29223343571741994
0.2828193832599119,0.19647577092511012,0.22951541850220264,0.2911894273127753
0.28880070546737213,0.19929453262786595,0.22354497354497355,0.28835978835978837
0.28295254833040423,0.20254833040421794,0.22495606326889278,0.28954305799648505
0.28910369068541303,0.1999121265377856,0.21924428822495606,0.29173989455184535
0.28325991189427313,0.20484581497797358,0.21806167400881057,0.2938325991189427
0.2853380158033363,0.20763827919227393,0.21729587357330993,0.2897278314310799
0.28857269897732324,0.20008892841262785,0.2187638950644731,0.2925744775455758
0.28891820580474936,0.20624450307827616,0.21284080914687775,0.29199648197009676
0.2896703296703297,0.21142857142857144,0.21010989010989012,0.2887912087912088
0.28965819456617004,0.20902716914986855,0.2081507449605609,0.29316389132340054
0.2950530035335689,0.2062720848056537,0.2049469964664311,0.29372791519434627
0.28370663153271847,0.20992534036012298,0.20992534036012298,0.2964426877470356
0.2838254737769943,0.20449537241075363,0.20890260026443366,0.3027765535478184
0.28070934256055363,0.20891003460207613,0.20717993079584776,0.3032006920415225
0.2774363476733977,0.21817383669885865,0.20500438981562774,0.2993854258121159
0.2772146319964742,0.21683561040105773,0.20669898633759365,0.29925077126487437
0.2786813186813187,0.22153846153846155,0.20307692307692307,0.2967032967032967
0.27929515418502204,0.2211453744493392,0.20969162995594715,0.28986784140969163
0.2751439964554719,0.21843154630039877,0.2104563579973416,0.2959680992467878
0.2763796909492274,0.21368653421633554,0.21147902869757174,0.29845474613686535
0.28054697838553155,0.21393912659902956,0.20688134097926775,0.29863255403617117
0.281983178397521,0.21027003098716246,0.20495794599380257,0.30278884462151395
0.2784090909090909,0.2097902097902098,0.20935314685314685,0.30244755244755245
0.2827433628318584,0.20575221238938052,0.20575221238938052,0.30575221238938055
0.2751322751322751,0.20414462081128748,0.21428571428571427,0.3064373897707231
0.27055702917771884,0.20822281167108753,0.21706454465075153,0.3041556145004421
0.258719646799117,0.2097130242825607,0.22075055187637968,0.3108167770419426
0.2599736957474792,0.20824199912319158,0.21306444541867603,0.3187198597106532
0.26067811536767943,0.20915896081021576,0.21576398062527521,0.3143989431968296
0.26054481546572933,0.21441124780316345,0.2179261862917399,0.3071177504393673
0.2588389349628983,0.2130074203404627,0.21518987341772153,0.3129637712789175
0.2588699080157687,0.21287779237844942,0.21550591327201052,0.31274638633377133
0.2609472743521001,0.21983914209115282,0.21179624664879357,0.30741733690795353
0.25649059982094896,0.22112802148612354,0.21083258728737692,0.3115487914055506
0.25654450261780104,0.225130890052356,0.20593368237347295,0.31239092495637
0.2537248028045574,0.2322524101665206,0.203330411919369,0.310692375109553
0.25377107364685003,0.2311446317657498,0.2080745341614907,0.3070097604259095
0.25726872246696036,0.23524229074889869,0.20572687224669603,0.30176211453744495
0.25662544169611307,0.23056537102473498,0.2040636042402827,0.30874558303886923
0.25684024713150927,0.23168578993821712,0.205648720211827,0.3058252427184466
0.2556291390728477,0.2335540838852097,0.20353200883002207,0.3072847682119205
