C,D,Oc,Od
0.0,0.0,0.0,1.0
0.0,0.0,0.0,1.0
0.0,0.3333333333333333,0.0,0.6666666666666666
0.0,0.25,0.0,0.75
0.0,0.4,0.0,0.6
0.16666666666666666,0.3333333333333333,0.0,0.5
0.16666666666666666,0.3333333333333333,0.0,0.5
0.14285714285714285,0.2857142857142857,0.0,0.5714285714285714
0.125,0.25,0.125,0.5
0.125,0.25,0.125,0.5
0.1111111111111111,0.3333333333333333,0.1111111111111111,0.4444444444444444
0.125,0.375,0.125,0.375
0.375,0.375,0.0,0.25
0.2857142857142857,0.2857142857142857,0.0,0.42857142857142855
0.25,0.25,0.0,0.5
0.3333333333333333,0.2222222222222222,0.0,0.4444444444444444
0.36363636363636365,0.18181818181818182,0.09090909090909091,0.36363636363636365
0.46153846153846156,0.07692307692307693,0.07692307692307693,0.38461538461538464
0.5,0.0625,0.0625,0.375
0.5454545454545454,0.045454545454545456,0.045454545454545456,0.36363636363636365
0.4666666666666667,0.03333333333333333,0.1,0.4
0.4864864864864865,0.02702702702702703,0.10810810810810811,0.3783783783783784
0.47058823529411764,0.0196078431372549,0.0784313725490196,0.43137254901960786
0.5,0.014705882352941176,0.058823529411764705,0.4264705882352941
0.5106382978723404,0.02127659574468085,0.0425531914893617,0.425531914893617
0.5384615384615384,0.017094017094017096,0.03418803418803419,0.41025641025641024
0.55,0.02142857142857143,0.02857142857142857,0.4
0.5562130177514792,0.023668639053254437,0.03550295857988166,0.38461538461538464
0.5527638190954773,0.02512562814070352,0.02512562814070352,0.3969849246231156
0.5454545454545454,0.021645021645021644,0.030303030303030304,0.4025974025974026
0.572463768115942,0.018115942028985508,0.018115942028985508,0.391304347826087
0.5566343042071198,0.019417475728155338,0.019417475728155338,0.4045307443365696
0.5654596100278552,0.025069637883008356,0.016713091922005572,0.39275766016713093
0.5646766169154229,0.01990049751243781,0.017412935323383085,0.39800995024875624
0.5533769063180828,0.023965141612200435,0.02178649237472767,0.4008714596949891
0.5533980582524272,0.02912621359223301,0.019417475728155338,0.39805825242718446
0.5549738219895288,0.027923211169284468,0.02443280977312391,0.39267015706806285
0.5373831775700935,0.028037383177570093,0.021806853582554516,0.4127725856697819
0.5409356725146199,0.02631578947368421,0.021929824561403508,0.4108187134502924
0.5348837209302325,0.02454780361757106,0.01808785529715762,0.42248062015503873
0.5211608222490931,0.02539298669891173,0.019347037484885126,0.43409915356711004
0.5238611713665944,0.026030368763557483,0.02386117136659436,0.4262472885032538
0.5155778894472361,0.023115577889447236,0.022110552763819097,0.4391959798994975
0.5153550863723608,0.023032629558541268,0.019193857965451054,0.44241842610364684
0.5058611361587015,0.023444544634806132,0.018935978358881875,0.45175834084761046
0.49145299145299143,0.021367521367521368,0.01623931623931624,0.47094017094017093
0.50163132137031,0.018760195758564437,0.018760195758564437,0.46084828711256115
0.49653045489591363,0.017733230531996914,0.01927525057825752,0.4664610639938319
0.4922737306843267,0.016188373804267846,0.01913171449595291,0.47240618101545256
0.5060584461867427,0.01496792587312901,0.018531717747683536,0.46044191019244474
0.5030843043180261,0.015078821110349555,0.01782042494859493,0.46401644962302946
0.5043362241494329,0.01467645096731154,0.01734489659773182,0.46364242828552366
0.49681933842239184,0.01717557251908397,0.019720101781170483,0.4662849872773537
0.4863861386138614,0.01670792079207921,0.021658415841584157,0.4752475247524752
0.4904648390941597,0.018474374255065554,0.025029797377830752,0.466030989272944
0.48088064889918886,0.019698725376593278,0.02549246813441483,0.473928157589803
0.4771830985915493,0.01915492957746479,0.02647887323943662,0.4771830985915493
0.4812953657174763,0.018983807928531545,0.02400893355667225,0.47571189279731996
0.47652081109925293,0.019743863393810034,0.02294557097118463,0.4807897545357524
0.4747742963356346,0.01858736059479554,0.025491237387148168,0.4811471056824217
0.4711987545407369,0.01660612350804359,0.028541774779449924,0.4836533471717696
0.4694694694694695,0.018518518518518517,0.02902902902902903,0.482982982982983
0.4634268537074148,0.020541082164328657,0.02905811623246493,0.48697394789579157
0.46532218396458436,0.02016724053123463,0.02852926709296606,0.48598130841121495
0.4659361600762268,0.021438780371605525,0.02906145783706527,0.48356360171510243
0.4641330166270784,0.020427553444180523,0.031353919239904986,0.4840855106888361
0.4625529910504004,0.022609514837494113,0.03155911446066886,0.48327837965143666
0.4576112412177986,0.022014051522248244,0.03231850117096019,0.48805620608899297
0.45974872033503955,0.021870637505816658,0.03303862261516985,0.48534201954397393
0.454249883882954,0.023687877380399444,0.034370645610775664,0.4876915931258709
0.45363179534033804,0.023298309730470534,0.03471904979442668,0.48835084513476473
0.4521975532396919,0.023561395559583146,0.03670140462165836,0.4875396465790666
0.43849296413980937,0.024058102587380843,0.03676804357694054,0.5006808896958693
0.43846153846153846,0.023076923076923078,0.037104072398190045,0.5013574660633484
0.44409799554565704,0.024053452115812918,0.035634743875278395,0.4962138084632517
0.44205816554809846,0.025950782997762864,0.03847874720357942,0.4935123042505593
0.433377600708278,0.027445772465692783,0.03718459495351926,0.50199203187251
0.4384478144513827,0.02631578947368421,0.037020517395182875,0.4982158786797502
0.4386042402826855,0.02871024734982332,0.0357773851590106,0.49690812720848054
0.4372523117569353,0.027300748568912372,0.03742844561867019,0.49801849405548215
0.43253968253968256,0.025573192239858905,0.03968253968253968,0.5022045855379189
0.4322033898305085,0.027207850133809098,0.039250669045495096,0.5013380909901873
0.43447037701974867,0.026481149012567325,0.039946140035906644,0.4991023339317774
0.43264014466546113,0.02531645569620253,0.03887884267631103,0.5031645569620253
0.4252565818830879,0.0285586791610888,0.03792949576082106,0.5082552431950023
0.4218540080609046,0.025526197939991044,0.0380653828929691,0.5145544111061352
0.41771019677996424,0.028622540250447227,0.03667262969588551,0.516994633273703
0.41439427805096113,0.030844881537773806,0.03844434510505141,0.5163164953062137
0.41839893852277754,0.03184431667403804,0.0362671384343211,0.5134896063688633
0.41506910387873386,0.03031654034774855,0.034774855104770394,0.5198395006687472
0.40891045434494927,0.029554477282752536,0.035288928098809,0.5262461402734891
0.4108492663405958,0.03023566029346376,0.03379279679857715,0.5251222765673633
0.40917186108637577,0.032056990204808546,0.034728406055209264,0.5240427426536064
0.40811775200713646,0.029884032114183764,0.036574487065120426,0.5254237288135594
0.4078483245149912,0.03130511463844797,0.03659611992945326,0.5242504409171076
0.4020435362061306,0.03287427809862283,0.037316748111950244,0.5277654375832963
0.3967271118973905,0.03361344537815126,0.0367094206103494,0.5329500221141088
0.3990125673249551,0.032764811490125674,0.03590664272890485,0.5323159784560144
0.3946547884187082,0.029844097995545656,0.035634743875278395,0.5398663697104678
0.40133630289532296,0.028507795100222718,0.03608017817371938,0.534075723830735
0.3898305084745763,0.029438001784121322,0.03612845673505798,0.5446030330062445
0.3868092691622103,0.029411764705882353,0.03609625668449198,0.5476827094474154
0.3820671378091873,0.030477031802120143,0.03489399293286219,0.5525618374558304
0.3849911190053286,0.02797513321492007,0.03241563055062167,0.5546181172291297
0.3888641425389755,0.028953229398663696,0.03296213808463252,0.5492204899777283
0.3858792184724689,0.028419182948490232,0.03285968028419183,0.5528419182948491
0.380653828929691,0.02821316614420063,0.034482758620689655,0.5566502463054187
0.38330341113105926,0.03007181328545781,0.031867145421903054,0.5547576301615799
0.37228862328463924,0.03142983621071271,0.033200531208499334,0.5630810092961488
0.376,0.03111111111111111,0.03333333333333333,0.5595555555555556
0.37865367581930914,0.032329495128432244,0.032329495128432244,0.5566873339238264
0.37617135207496655,0.03302097278000892,0.030789825970548863,0.5600178491744757
0.3770786516853933,0.037303370786516854,0.03056179775280899,0.5550561797752809
0.36891469405984817,0.03707012058954891,0.03171058508262617,0.5623046002679768
0.37483085250338294,0.032025259359494816,0.032025259359494816,0.5611186287776274
0.3716186252771619,0.032815964523281595,0.031042128603104215,0.5645232815964524
0.3745629370629371,0.033216783216783216,0.032342657342657344,0.5598776223776224
0.3723830734966592,0.03162583518930958,0.03296213808463252,0.5630289532293986
0.3662533215234721,0.02878653675819309,0.031443755535872454,0.5735163861824624
0.3628279235215651,0.029346376167185415,0.032458870609159626,0.5753668297020899
0.3616170590848512,0.028431808085295423,0.03198578409595735,0.577965348733896
0.36574487065120426,0.03166815343443354,0.03256021409455843,0.5700267618198037
0.3619386393952868,0.03334815473543797,0.03201422854602046,0.5726989773232548
0.3614457831325301,0.03391343150379295,0.02989736724676484,0.5747434181169121
0.3557435440783615,0.03294746215494212,0.031611754229741766,0.5796972395369546
0.35736263736263735,0.03208791208791209,0.03076923076923077,0.5797802197802198
0.3576871358135365,0.03182429403854774,0.031376064545047065,0.5791125056028686
0.35504014272970563,0.034344335414808205,0.03345227475468332,0.5771632471008028
0.35403726708074534,0.0323868677905945,0.0323868677905945,0.5811889973380656
0.35519857206604194,0.03302097278000892,0.03257474341811691,0.5792057117358322
0.35460674157303373,0.03056179775280899,0.032359550561797755,0.5824719101123595
0.347085201793722,0.03228699551569507,0.03452914798206278,0.5860986547085202
0.3481745325022262,0.031611754229741766,0.03250222617987533,0.5877114870881567
0.35168738898756663,0.03152753108348135,0.03330373001776199,0.58348134991119
0.358507330075522,0.030208796090626388,0.029320302087960905,0.5819635717458908
0.35325365205843295,0.033200531208499334,0.029659141212926073,0.5838866755201416
0.35543766578249336,0.033156498673740056,0.027851458885941646,0.583554376657825
0.3500666370501999,0.037316748111950244,0.024877832074633496,0.5877387827632163
0.35333333333333333,0.035555555555555556,0.024,0.5871111111111111
0.3489208633093525,0.03327338129496403,0.026079136690647483,0.591726618705036
0.344115004492363,0.03324348607367475,0.026954177897574125,0.5956873315363881
0.3488998652896273,0.03188145487202514,0.027391109115401886,0.5918275707229457
0.33866666666666667,0.03288888888888889,0.03111111111111111,0.5973333333333334
0.3345054945054945,0.03296703296703297,0.03208791208791209,0.6004395604395605
0.3342305966801256,0.034993270524899055,0.031852848811126065,0.5989232839838493
0.33466666666666667,0.033777777777777775,0.032,0.5995555555555555
0.3284248103525212,0.03302097278000892,0.03257474341811691,0.605979473449353
0.3198562443845463,0.03099730458221024,0.034141958670260555,0.6150044923629829
0.3168854685377999,0.03123585332729742,0.03531009506564056,0.6165685830692621
0.3219730941704036,0.030493273542600896,0.03273542600896861,0.614798206278027
0.32007152436298614,0.0348681269557443,0.03218596334376397,0.6128743853375056
0.3165240882485367,0.03286807744259343,0.034218820351193155,0.6163890139576768
0.3124440465532677,0.03088630259623993,0.03401969561324977,0.6226499552372426
0.31178033658104515,0.032329495128432244,0.03277236492471213,0.6231178033658105
0.306948109058927,0.03518029903254178,0.03386103781882146,0.6240105540897097
0.3065953654188948,0.0338680926916221,0.0338680926916221,0.6256684491978609
0.30196253345227475,0.03345227475468332,0.03300624442462088,0.631578947368421
0.29700759267530147,0.03171058508262617,0.03171058508262617,0.6395712371594462
0.2955250332299513,0.030571555161719097,0.03190075321222862,0.642002658396101
0.2985739750445633,0.03208556149732621,0.03208556149732621,0.6372549019607843
0.2954136690647482,0.03102517985611511,0.030575539568345324,0.6429856115107914
0.2887700534759358,0.03253119429590018,0.0285204991087344,0.6501782531194296
0.2871772039180766,0.032056990204808546,0.02894033837934105,0.6518254674977738
0.28073312472060796,0.03352704514975414,0.029503799731783638,0.6562360303978543
0.28048235819562306,0.03305046895935686,0.027690933452434122,0.658776239392586
0.2706401766004415,0.032229580573951436,0.029580573951434878,0.6675496688741722
0.2671081677704194,0.03090507726269316,0.03090507726269316,0.6710816777041942
0.26648841354723707,0.030303030303030304,0.03163992869875223,0.6715686274509803
0.2630405706642889,0.030762371823450735,0.03209986625055729,0.6740971912617031
0.2633214920071048,0.02886323268206039,0.03152753108348135,0.6762877442273535
0.26547085201793724,0.026457399103139014,0.03094170403587444,0.6771300448430493
0.26299422478898266,0.02665482007996446,0.03198578409595735,0.6783651710350955
0.25422974176313445,0.026714158504007122,0.03294746215494212,0.6861086375779163
0.2516914749661705,0.02571041948579161,0.03382949932341001,0.6887686062246279
0.25320938468348825,0.025232403718459494,0.03275785745905268,0.6888003541389995
0.25111906893464636,0.024171888988361683,0.03178155774395703,0.6929274843330349
0.24722098710538018,0.023121387283236993,0.029791018230324588,0.6998666073810582
0.24811362627607633,0.022636484687083888,0.02929427430093209,0.6999556147359077
0.25056129321957793,0.02155365963179165,0.02918724741805119,0.6986977997305792
0.24471434997750788,0.022941970310391364,0.030589293747188485,0.7017543859649122
0.2372575552548489,0.02525935949481281,0.030221019395579612,0.7072620658547587
0.23658318425760286,0.024597495527728087,0.02817531305903399,0.710644007155635
0.23800986104885702,0.026445540116539667,0.02868668758404303,0.7068579112505603
0.2393048128342246,0.02807486631016043,0.026737967914438502,0.7058823529411765
0.2371823450735622,0.02808738296923763,0.024520731163620153,0.71020954079358
0.22984409799554567,0.027616926503340758,0.024498886414253896,0.7180400890868597
0.22836752899197146,0.028099910793933987,0.025423728813559324,0.7181088314005353
0.22256774766770324,0.027543314082629944,0.02665482007996446,0.7232341181697024
0.21955555555555556,0.028444444444444446,0.026222222222222223,0.7257777777777777
0.22380106571936056,0.02664298401420959,0.027531083481349913,0.7220248667850799
0.2167113494191242,0.026362823949955316,0.0290437890974084,0.7278820375335121
0.2193719593100398,0.0291906236178682,0.027421494913754976,0.724015922158337
0.21984868713840677,0.02848242100578549,0.028037383177570093,0.7236315086782377
0.21649484536082475,0.02689376961004034,0.029134917077543704,0.7274764679515913
0.22044444444444444,0.028,0.028444444444444446,0.7231111111111111
0.22325787838437638,0.030181979582778518,0.02885042166000888,0.7177097203728362
0.2218804920913884,0.029437609841827767,0.027680140597539545,0.7210017574692443
0.22256774766770324,0.028431808085295423,0.028431808085295423,0.7205686361617059
0.22044444444444444,0.030666666666666665,0.02666666666666667,0.7222222222222222
0.2170439414114514,0.03062583222370173,0.02574345317354638,0.7265867731913005
0.2105028927458834,0.029817534490431688,0.028037383177570093,0.7316421895861148
0.21073646850044367,0.029724933451641525,0.026175687666370896,0.7333629103815439
0.2088888888888889,0.03111111111111111,0.026222222222222223,0.7337777777777778
0.20212295444493586,0.03051747014595312,0.026536930561698365,0.7408226448474127
0.20304796055580457,0.030927835051546393,0.026445540116539667,0.7395786642761094
0.19576003608479928,0.03112313937753721,0.023004059539918808,0.7501127649977447
0.19225634178905207,0.030262572318647086,0.021806853582554516,0.7556742323097463
0.1925133689839572,0.028966131907308377,0.021836007130124777,0.7566844919786097
0.1975914362176628,0.028991971454058876,0.022747546833184657,0.7506690454950936
0.20071206052514465,0.030262572318647086,0.021361815754339118,0.7476635514018691
0.1981300089047195,0.031611754229741766,0.02315227070347284,0.7471059661620659
0.19982078853046595,0.02956989247311828,0.024193548387096774,0.746415770609319
0.2041089772219741,0.029030817329164807,0.0241179097811523,0.7427422956677088
0.19910714285714284,0.02857142857142857,0.022767857142857142,0.7495535714285714
0.20212765957446807,0.028812056737588652,0.02171985815602837,0.7473404255319149
0.20325560932688078,0.029916410030796304,0.02199736031676199,0.7448306203255609
0.19955654101995565,0.03148558758314856,0.023059866962305987,0.7458980044345898
0.19675821701936064,0.03241782980639352,0.023863124718595228,0.7469608284556506
0.20106288751107174,0.030558015943312665,0.023914968999114262,0.7444641275465014
0.19677274764679517,0.03182429403854774,0.026445540116539667,0.7449574181981174
0.19187358916478556,0.030248306997742665,0.028893905191873587,0.7489841986455982
0.18775326429536246,0.029716343989194056,0.02656461053579469,0.7559657811796489
0.18446601941747573,0.0264783759929391,0.025154457193292144,0.763901147396293
0.1839080459770115,0.02564102564102564,0.026525198938992044,0.7639257294429708
0.18133333333333335,0.025777777777777778,0.02711111111111111,0.7657777777777778
0.18970070422535212,0.028609154929577465,0.026848591549295774,0.7548415492957746
0.19075403949730702,0.02827648114901257,0.026929982046678635,0.7540394973070018
0.18952507767421217,0.02929427430093209,0.026187305814469597,0.7549933422103862
0.18806104129263915,0.02827648114901257,0.024685816876122084,0.7589766606822262
0.18903254569772626,0.026749888542131076,0.026749888542131076,0.7574676772180116
0.18895870736086176,0.02423698384201077,0.026032315978456014,0.7607719928186715
0.18546931407942238,0.026173285198555957,0.02707581227436823,0.7612815884476535
0.1903914590747331,0.027580071174377226,0.030249110320284697,0.751779359430605
0.18497109826589594,0.025344597598932858,0.029791018230324588,0.7598932859048466
0.1896934695690804,0.025322079075966238,0.027543314082629944,0.7574411372723234
0.18590031432420295,0.025145936237090254,0.02694207453973956,0.7620116748989673
0.18599464763603926,0.02230151650312221,0.023639607493309546,0.768064228367529
0.18910540301151463,0.024357838795394153,0.023029229406554472,0.7635075287865367
0.18926174496644296,0.02237136465324385,0.02237136465324385,0.7659955257270693
0.18508655126498003,0.022636484687083888,0.0230803373280071,0.7691966267199289
0.17858749437696805,0.02249212775528565,0.02384165542060279,0.7750787224471435
0.18368256798930005,0.022737405260811413,0.024074899687917966,0.7695051270619706
0.1873873873873874,0.021621621621621623,0.025675675675675677,0.7653153153153153
0.19049753473778575,0.020618556701030927,0.024652622142536978,0.7642312864186463
0.18230563002680966,0.023681858802502235,0.022788203753351208,0.7712243074173369
0.18758374274229567,0.025457793657882984,0.026351049575703438,0.7606074140241179
0.18242049469964663,0.026943462897526502,0.024734982332155476,0.7659010600706714
0.1873327386262266,0.025869759143621766,0.02631578947368421,0.7604817127564675
0.17465904091509019,0.026836779586449627,0.024637043554773426,0.7738671359436867
0.18101153504880213,0.027950310559006212,0.025288376220053237,0.7657497781721384
0.17781690140845072,0.026848591549295774,0.026848591549295774,0.7684859154929577
0.1718889883616831,0.02730528200537153,0.02775290957923008,0.7730528200537153
0.16858917480035493,0.027062999112688554,0.026619343389529725,0.7777284826974268
0.17473118279569894,0.025537634408602152,0.026881720430107527,0.7728494623655914
0.17247542448614836,0.027256478999106343,0.027256478999106343,0.773011617515639
0.17172167707404104,0.02631578947368421,0.026761819803746655,0.775200713648528
0.17341040462427745,0.026678523788350377,0.02578923966207203,0.7741218319253002
0.17491166077738515,0.026060070671378093,0.02561837455830389,0.7734098939929329
0.1681338028169014,0.02596830985915493,0.025528169014084508,0.7803697183098591
0.16875559534467324,0.026410026857654433,0.025514771709937333,0.779319606087735
0.17122366651725685,0.02734199910354101,0.024652622142536978,0.7767817122366651
0.1755011135857461,0.026726057906458798,0.025835189309576838,0.7719376391982182
0.17391304347826086,0.026175687666370896,0.023070097604259095,0.7768411712511092
0.17800353356890458,0.026943462897526502,0.02120141342756184,0.773851590106007
0.17322138753866548,0.02562969509500663,0.021210782147591693,0.7799381352187362
0.17192358951577077,0.025322079075966238,0.020435362061306087,0.7823189693469569
0.17838078291814946,0.024466192170818506,0.02090747330960854,0.7762455516014235
0.1765492643780651,0.024074899687917966,0.02139991083370486,0.7779759251003121
0.1768920734437976,0.02283922973578146,0.024630541871921183,0.7756381549484997
0.16955170883266754,0.024855747891699954,0.02663115845539281,0.7789613848202397
0.16076173604960142,0.024357838795394153,0.025686448184233834,0.7891939769707705
0.1625944024877832,0.024877832074633496,0.02665482007996446,0.7858729453576189
0.16201859229747675,0.02611775121735281,0.02611775121735281,0.7857459052678176
0.1658404686795854,0.023884632717440287,0.024785939612438034,0.7854889589905363
0.16763783056925147,0.024204392649036306,0.024652622142536978,0.7835051546391752
0.1637661758143686,0.02320392681838465,0.02186523873270861,0.7911646586345381
0.1708832667554372,0.023968042609853527,0.019973368841544607,0.7851753217931646
0.1669634906500445,0.024487978628673197,0.020480854853072127,0.7880676758682101
0.16910785619174434,0.024855747891699954,0.020861074123391034,0.7851753217931646
0.1671868033883192,0.024074899687917966,0.022737405260811413,0.7860008916629514
0.1678539626001781,0.0213713268032057,0.02226179875333927,0.788512911843277
0.16748111950244335,0.023989338071968014,0.019546868058640605,0.788982674366948
0.17602495543672014,0.026292335115864526,0.0196078431372549,0.7780748663101604
0.172,0.02666666666666667,0.02266666666666667,0.7786666666666666
0.1765498652291105,0.025606469002695417,0.02425876010781671,0.7735849056603774
0.1732142857142857,0.028125,0.022321428571428572,0.7763392857142857
0.17761128250330543,0.026443367122080213,0.021154693697664168,0.7747906566769502
0.17738359201773837,0.024390243902439025,0.021729490022172948,0.7764966740576497
0.17253521126760563,0.02640845070422535,0.02420774647887324,0.7768485915492958
0.17420212765957446,0.0274822695035461,0.02171985815602837,0.776595744680851
0.17347386912604304,0.02766798418972332,0.024154589371980676,0.7747035573122529
0.17156647652479157,0.0298376480912681,0.025449758666081616,0.7731461167178587
0.16903283052351376,0.029281277728482696,0.025288376220053237,0.7763975155279503
0.16883700044903457,0.02918724741805119,0.022900763358778626,0.7790749887741356
0.174069089277703,0.028712427097353072,0.02243158366980709,0.7747868999551368
0.1702127659574468,0.031471631205673756,0.022606382978723406,0.775709219858156
0.16718266253869968,0.03228659885006634,0.020344980097302078,0.7801857585139319
0.16808606006275212,0.03003137606454505,0.020618556701030927,0.7812640071716719
0.1704697986577181,0.029082774049217,0.020134228187919462,0.7803131991051454
0.1671840354767184,0.028824833702882482,0.020842572062084258,0.7831485587583149
0.16377392078326658,0.030262572318647086,0.020471740097908322,0.7854917668001781
0.16637246248896734,0.029567519858781994,0.02030008826125331,0.7837599293909974
0.16600441501103752,0.026931567328918323,0.02075055187637969,0.7863134657836645
0.16813768755516328,0.0264783759929391,0.02118270079435128,0.7842012356575463
0.16495764600980828,0.02719572001783326,0.020954079358002677,0.7868925546143558
0.163854351687389,0.02575488454706927,0.023090586145648313,0.7873001776198935
0.1621380846325167,0.026726057906458798,0.024498886414253896,0.7866369710467706
0.16280107047279216,0.029438001784121322,0.026761819803746655,0.7809991079393399
0.1592724046140195,0.029724933451641525,0.025732031943212066,0.7852706299911268
0.15704697986577182,0.027293064876957495,0.026398210290827742,0.789261744966443
0.15782434239857335,0.02808738296923763,0.022737405260811413,0.7913508693713777
0.15264100268576544,0.02775290957923008,0.021038495971351837,0.7985675917636527
0.1557632398753894,0.028037383177570093,0.022251891410769914,0.7939474855362706
0.154290795909293,0.02578923966207203,0.020898176967541128,0.7990217874610939
0.15167548500881833,0.02601410934744268,0.020282186948853614,0.8020282186948854
0.1522227211495285,0.025594970812752582,0.019757521329142345,0.8024247867085765
0.15357142857142858,0.02544642857142857,0.021875,0.7991071428571429
0.15042278593680464,0.0258121940364931,0.023141967067200713,0.8006230529595015
0.15589016829052257,0.02612931798051373,0.022143489813994686,0.795837023914969
0.15459363957597172,0.026501766784452298,0.02075971731448763,0.7981448763250883
0.15750109986801583,0.02375714914210295,0.020237571491421028,0.7985041794984602
0.15794104707435108,0.02375714914210295,0.02067751869775627,0.7976242850857898
0.15764192139737992,0.025327510917030567,0.021397379912663755,0.7956331877729258
0.15483584738243122,0.026175687666370896,0.022626441881100266,0.7963620230700976
0.1592526690391459,0.026690391459074734,0.02491103202846975,0.7891459074733096
0.15641711229946523,0.025846702317290554,0.024955436720142603,0.7927807486631016
0.15857461024498887,0.025389755011135856,0.024944320712694878,0.7910913140311804
0.1621259490844127,0.0241179097811523,0.02590442161679321,0.7878517195176418
0.16354723707664884,0.023618538324420676,0.02540106951871658,0.7874331550802139
0.17215302491103202,0.02402135231316726,0.025355871886120998,0.7784697508896797
0.1738936075100581,0.022351363433169423,0.025033527045149755,0.7787215020116227
0.173256330519769,0.02265659706796979,0.02621057307863172,0.7778764993336295
0.17713004484304934,0.019282511210762333,0.02780269058295964,0.7757847533632287
0.174205105239588,0.0219435736677116,0.025974025974025976,0.7778772951186744
0.17691287041132242,0.022114108801415303,0.02476780185758514,0.7762052189296771
0.1799910674408218,0.023671281822242072,0.023224653863331845,0.7731129968736042
0.18395390070921985,0.024822695035460994,0.020833333333333332,0.7703900709219859
0.18096514745308312,0.024575513851653262,0.024575513851653262,0.7698838248436104
0.174496644295302,0.02505592841163311,0.02371364653243848,0.7767337807606264
0.17519858781994704,0.025154457193292144,0.02206531332744925,0.7775816416593115
0.18105356352368304,0.025232403718459494,0.02257636122177955,0.7711376715360779
0.1752212389380531,0.024336283185840708,0.023008849557522124,0.7774336283185841
0.17641843971631205,0.02304964539007092,0.02349290780141844,0.7770390070921985
0.17227635075287864,0.021700620017714792,0.023472099202834367,0.7825509300265722
0.17652329749103943,0.021505376344086023,0.022401433691756272,0.7795698924731183
0.17833259028087384,0.02139991083370486,0.0231832367365136,0.7770842621489077
0.18084632516703786,0.021380846325167038,0.02271714922048998,0.7750556792873051
0.1732739420935412,0.022271714922048998,0.02182628062360802,0.7826280623608017
0.17887640449438202,0.02202247191011236,0.021573033707865168,0.7775280898876404
0.17825311942959002,0.02094474153297683,0.019162210338680926,0.7816399286987522
0.18396436525612472,0.020489977728285078,0.01915367483296214,0.7763919821826281
0.18516873889875665,0.021758436944937832,0.019094138543516874,0.7739786856127886
0.19261565836298933,0.02224199288256228,0.02179715302491103,0.7633451957295374
0.19064587973273942,0.02093541202672606,0.02182628062360802,0.7665924276169265
0.19222271321254972,0.020326999558108707,0.021210782147591693,0.7662395050817499
0.1902654867256637,0.021238938053097345,0.020353982300884955,0.768141592920354
0.18708536045997345,0.024325519681556832,0.017691287041132243,0.7708978328173375
0.18946436476316955,0.023461708720672863,0.01637892872952634,0.7706949977866312
0.19150818222025653,0.02565236620964175,0.01592215833701902,0.7669172932330827
0.19387755102040816,0.025288376220053237,0.01730257320319432,0.7635314995563443
0.18794964028776978,0.02473021582733813,0.01843525179856115,0.7688848920863309
0.18816725978647686,0.025800711743772242,0.01912811387900356,0.7669039145907474
0.19223985890652556,0.02513227513227513,0.02292768959435626,0.7597001763668431
0.19467849223946784,0.025277161862527715,0.02261640798226164,0.7574279379157428
0.2004474272930649,0.025503355704697986,0.022818791946308724,0.7512304250559284
0.2,0.024498886414253896,0.023162583518930958,0.7523385300668152
0.20097388224878265,0.023019034971226208,0.02611775121735281,0.7498893315626384
0.1975199291408326,0.022586359610274578,0.024800708591674048,0.7550930026572188
0.19733333333333333,0.024,0.026222222222222223,0.7524444444444445
0.1927710843373494,0.024542614904060688,0.027666220437304774,0.7550200803212851
0.20017873100983022,0.02680965147453083,0.025915996425379804,0.7470956210902592
0.2001779359430605,0.025800711743772242,0.02491103202846975,0.7491103202846975
0.1982142857142857,0.025892857142857145,0.021875,0.7540178571428572
0.1958259325044405,0.022202486678507993,0.023534635879218474,0.7584369449378331
0.19531595227574017,0.024745912505523642,0.022536456031816175,0.75740167918692
0.1909614532565352,0.026140894993354008,0.02259636685866194,0.7603012848914489
0.19118942731277533,0.02907488986784141,0.02290748898678414,0.7568281938325991
0.1898846495119787,0.02839396628216504,0.021739130434782608,0.7599822537710736
0.1883289124668435,0.02961980548187445,0.023872679045092837,0.7581786030061892
0.1919545255793616,0.031482291211193704,0.02229995627459554,0.7542632269348492
0.18755555555555556,0.035555555555555556,0.022222222222222223,0.7546666666666667
0.18576544315129812,0.03491495076096687,0.021486123545210387,0.7578334825425246
0.19009370816599733,0.03302097278000892,0.020526550647032574,0.7563587684069611
0.1929902395740905,0.034161490683229816,0.019964507542147295,0.7528837622005324
0.19181130396083668,0.032932799287939477,0.019581664441477527,0.7556742323097463
0.19186046511627908,0.03130590339892665,0.02146690518783542,0.7553667262969589
0.18967052537845058,0.031166518254674976,0.020035618878005344,0.7591273374888691
0.18744394618834082,0.030493273542600896,0.021076233183856503,0.7609865470852017
0.1893939393939394,0.029411764705882353,0.026292335115864526,0.7549019607843137
0.18714222809335096,0.029942756494936152,0.02774108322324967,0.7551739321884632
0.19118942731277533,0.03039647577092511,0.027753303964757708,0.7506607929515419
0.18882978723404256,0.03102836879432624,0.02526595744680851,0.7548758865248227
0.19383653416703886,0.03171058508262617,0.025011165698972757,0.7494417150513623
0.19694930462090623,0.0300583221175415,0.024674742036787798,0.7483176312247645
0.19511111111111112,0.030222222222222223,0.024444444444444446,0.7502222222222222
0.20274457724656927,0.02877379371403276,0.02390438247011952,0.7445772465692785
0.19490781387181738,0.029850746268656716,0.025460930640913083,0.7497805092186128
0.19182948490230906,0.026198934280639432,0.02664298401420959,0.7553285968028419
0.19102621057307864,0.023989338071968014,0.02665482007996446,0.7583296312749889
0.19187862561356536,0.023650156180276664,0.027219991075412762,0.7572512271307452
0.18271827182718273,0.023852385238523854,0.025652565256525654,0.7677767776777678
0.1831616659202866,0.02418271383788625,0.02373488580385132,0.7689207344379758
0.18129175946547885,0.023162583518930958,0.023162583518930958,0.7723830734966592
0.17618198037466548,0.02408563782337199,0.025423728813559324,0.7743086529884032
0.16985326811916407,0.024899955535793685,0.024455313472654512,0.7807914628723878
0.16903283052351376,0.024401064773735583,0.026175687666370896,0.7803904170363798
0.17310252996005326,0.0230803373280071,0.026187305814469597,0.7776298268974701
0.17317939609236235,0.025310834813499113,0.026198934280639432,0.7753108348134992
0.1730854360336432,0.02877379371403276,0.02656042496679947,0.7715803452855245
0.17644464049404499,0.027790030877812087,0.026025584472871635,0.7697397441552712
0.18338488731771985,0.026071586389748123,0.024745912505523642,0.7657976137870084
0.18466284706919348,0.0251211987659762,0.0251211987659762,0.7650947553988541
0.17882562277580072,0.026245551601423486,0.023576512455516015,0.7713523131672598
0.17861915367483297,0.025389755011135856,0.024498886414253896,0.7714922048997773
0.1772039180765806,0.027604630454140695,0.02315227070347284,0.7720391807658059
0.17986577181208055,0.024161073825503355,0.024161073825503355,0.7718120805369127
0.17563361493997331,0.023566029346376166,0.022232103156958647,0.7785682525566918
0.17767857142857144,0.021875,0.024107142857142858,0.7763392857142857
0.17984014209591473,0.019982238010657193,0.023534635879218474,0.7766429840142096
0.17349185380889476,0.02025539409951563,0.02289740202553941,0.7833553500660502
0.17255252570406795,0.019669199821189094,0.023692445239159587,0.7840858292355833
0.1671111111111111,0.02,0.02266666666666667,0.7902222222222223
0.16345311130587203,0.020595968448729185,0.020157756354075372,0.7957931638913234
0.1647373107747106,0.0213713268032057,0.01914514692787177,0.794746215494212
0.1665174574753805,0.020590868397493287,0.017905102954341987,0.7949865711727843
0.16401414677276746,0.01900972590627763,0.01856763925729443,0.7984084880636605
0.1661511268228016,0.020326999558108707,0.017675651789659744,0.79584622182943
0.15956043956043955,0.018461538461538463,0.018901098901098902,0.803076923076923
0.1603019538188277,0.017317939609236235,0.021314387211367674,0.8010657193605684
0.16339285714285715,0.020089285714285716,0.02142857142857143,0.7950892857142857
0.16808225301743407,0.02011622708985248,0.022798390701832812,0.7890031291908807
0.1631578947368421,0.02149122807017544,0.021929824561403508,0.7934210526315789
0.16822015090989792,0.02130492676431425,0.02174877940523746,0.7887261429205504
0.1703442188879082,0.019417475728155338,0.022506619593998235,0.7877316857899382
0.1714031971580817,0.02264653641207815,0.021314387211367674,0.7846358792184724
0.17312894499549145,0.021190261496844005,0.022091974752028856,0.7835888187556357
0.170317389360751,0.022351363433169423,0.022351363433169423,0.7849798837729102
0.1714158504007124,0.022707034728406055,0.022707034728406055,0.7831700801424755
0.17225950782997762,0.022818791946308724,0.02237136465324385,0.7825503355704698
0.17061188030370703,0.02188476998660116,0.0241179097811523,0.7833854399285395
0.1696942844483828,0.021710234824988923,0.024368630926007974,0.7842268498006203
0.16358720144209105,0.023884632717440287,0.024785939612438034,0.7877422262280307
0.16123348017621145,0.02378854625550661,0.024229074889867842,0.7907488986784141
0.1589582397844634,0.022900763358778626,0.02334979793444095,0.794791198922317
0.1586115992970123,0.023725834797891036,0.023725834797891036,0.7939367311072056
0.15794143744454303,0.023957409050576754,0.022182786157941437,0.7959183673469388
0.15824468085106383,0.024822695035460994,0.020390070921985817,0.7965425531914894
0.16023080337328008,0.024411895250776743,0.019529516200621395,0.7958277851753218
0.16129032258064516,0.02695536897923111,0.018117543084401236,0.7936367653557225
0.15298840321141838,0.028099910793933987,0.02096342551293488,0.7979482604817127
0.15960766830138207,0.02719572001783326,0.021845742309407043,0.7913508693713777
0.15634743875278395,0.026726057906458798,0.022271714922048998,0.7946547884187083
0.15733803437637725,0.026443367122080213,0.02379903040987219,0.7924195680916704
0.16163410301953818,0.02664298401420959,0.024422735346358793,0.7873001776198935
0.16356382978723405,0.0274822695035461,0.023936170212765957,0.7850177304964538
0.16949910554561717,0.02728085867620751,0.022808586762075134,0.7804114490161002
0.1677762982689747,0.02663115845539281,0.023968042609853527,0.7816245006657789
0.16614975631369075,0.028356225077536552,0.02525476295968099,0.7802392556490917
0.164079822616408,0.025720620842572064,0.02483370288248337,0.7853658536585366
0.16341030195381884,0.025310834813499113,0.021314387211367674,0.7899644760213144
0.16357206012378425,0.02475685234305924,0.022988505747126436,0.78868258178603
0.16217410517012815,0.022536456031816175,0.02209456473707468,0.793194874060981
0.16212653778558875,0.02460456942003515,0.021968365553602813,0.7913005272407733
0.16762749445676275,0.023059866962305987,0.020399113082039913,0.7889135254988914
0.16904549509366637,0.024531668153434435,0.020517395182872437,0.7859054415700267
0.16456266907123535,0.02569882777276826,0.018935978358881875,0.7908025247971145
0.16666666666666666,0.023618538324420676,0.020499108734402853,0.7892156862745098
0.1647269471799463,0.023724261414503133,0.022381378692927483,0.7891674127126231
0.16224719101123594,0.02292134831460674,0.023820224719101123,0.7910112359550562
0.16482545293857712,0.02209456473707468,0.02342023862129916,0.789659743703049
0.1615720524017467,0.0222707423580786,0.023580786026200874,0.7925764192139738
0.15618027666220438,0.022757697456492636,0.024096385542168676,0.7969656403391343
0.1558614564831261,0.024422735346358793,0.023534635879218474,0.7961811722912966
0.15419094576423129,0.02330793366203496,0.02285970416853429,0.7996414164051995
0.15642951833848873,0.022978347326557666,0.021652673442333185,0.7989394608926205
0.15357142857142858,0.027678571428571427,0.021875,0.796875
0.15152857775808595,0.02658396101019052,0.022153300841825433,0.7997341603898981
0.14666666666666667,0.025333333333333333,0.02266666666666667,0.8053333333333333
0.14890771288452964,0.025858225590726706,0.024074899687917966,0.8011591618368257
0.1456396635679504,0.02611775121735281,0.02478972996901284,0.8034528552456839
0.1411451398135819,0.02529960053262317,0.024411895250776743,0.8091433644030182
0.1460923623445826,0.025310834813499113,0.022202486678507993,0.8063943161634103
0.1455584872471416,0.026385224274406333,0.021547933157431837,0.8065083553210203
0.1448888888888889,0.02666666666666667,0.02311111111111111,0.8053333333333333
0.1439929328621908,0.026060070671378093,0.020318021201413426,0.8096289752650176
0.14133333333333334,0.02666666666666667,0.01911111111111111,0.8128888888888889
0.139087656529517,0.029516994633273702,0.020572450805008944,0.8108228980322003
0.13701067615658363,0.029804270462633453,0.02090747330960854,0.8122775800711743
0.1347864768683274,0.029359430604982206,0.02001779359430605,0.8158362989323843
0.1329505300353357,0.03180212014134275,0.01987632508833922,0.8153710247349824
0.13620386643233742,0.029876977152899824,0.01977152899824253,0.8141476274165202
0.1426654740608229,0.03041144901610018,0.020125223613595707,0.8067978533094812
0.14721485411140584,0.03183023872679045,0.015915119363395226,0.8050397877984085
0.14598214285714287,0.03080357142857143,0.017410714285714286,0.8058035714285714
0.1470719713902548,0.030397854269110416,0.018328118015198926,0.8042020563254358
0.14399645547186532,0.02968542312804608,0.017279574656623838,0.8090385467434648
0.14717652289906624,0.02845709204090707,0.020453534904401955,0.8039128501556247
0.1470719713902548,0.028609745194456863,0.02011622708985248,0.8042020563254358
0.15695067264573992,0.02914798206278027,0.02197309417040359,0.7919282511210762
0.15695864828812806,0.02845709204090707,0.02267674522009782,0.791907514450867
0.16592920353982302,0.02831858407079646,0.02256637168141593,0.7831858407079646
0.16771300448430493,0.02780269058295964,0.02376681614349776,0.7807174887892376
0.17269076305220885,0.0285586791610888,0.024542614904060688,0.7742079428826417
0.16875,0.027678571428571427,0.025,0.7785714285714286
0.16822429906542055,0.025367156208277702,0.024477080551846907,0.7819314641744548
0.1691013722886233,0.02611775121735281,0.02390438247011952,0.7808764940239044
0.1708185053380783,0.026690391459074734,0.025800711743772242,0.7766903914590747
0.16442048517520216,0.027403414195867025,0.022911051212938006,0.7852650494159928
0.1692581075077743,0.024433585073300755,0.02221235006663705,0.7840959573522879
0.17176258992805754,0.02697841726618705,0.023830935251798562,0.7774280575539568
0.17073170731707318,0.025277161862527715,0.021729490022172948,0.7822616407982261
0.16830357142857144,0.02544642857142857,0.022321428571428572,0.7839285714285714
0.17267467734757455,0.0258121940364931,0.02403204272363151,0.7774810858923008
0.17402945113788487,0.024096385542168676,0.024096385542168676,0.7777777777777778
0.17466666666666666,0.026222222222222223,0.02311111111111111,0.776
