C,D,Oc,Od
0.0,1.0,0.0,0.0
0.0,0.6,0.0,0.4
0.16666666666666666,0.5,0.0,0.3333333333333333
0.24,0.44,0.0,0.32
0.28,0.4,0.0,0.32
0.3253012048192771,0.3373493975903614,0.0,0.3373493975903614
0.35537190082644626,0.3305785123966942,0.0,0.3140495867768595
0.3611111111111111,0.3277777777777778,0.005555555555555556,0.3055555555555556
0.3686274509803922,0.2980392156862745,0.023529411764705882,0.30980392156862746
0.38904899135446686,0.2737752161383285,0.02881844380403458,0.30835734870317005
0.4017278617710583,0.2505399568034557,0.03455723542116631,0.31317494600431967
0.40604026845637586,0.2348993288590604,0.03859060402684564,0.32046979865771813
0.3870541611624835,0.2285336856010568,0.05019815059445178,0.3342140026420079
0.36899563318777295,0.23253275109170304,0.055676855895196505,0.34279475982532753
0.3470319634703196,0.2410958904109589,0.06484018264840183,0.3470319634703196
0.335423197492163,0.23275862068965517,0.07366771159874608,0.35815047021943575
0.3139136394790953,0.23920493488690883,0.08087731322823852,0.36600411240575736
0.3066502463054187,0.229064039408867,0.08559113300492611,0.3786945812807882
0.29927007299270075,0.21729365524985964,0.09601347557551937,0.38742279618192027
0.2961439588688946,0.21645244215938303,0.106426735218509,0.3809768637532134
0.2980068060281964,0.21730675741370928,0.11035488575595527,0.37433155080213903
0.30092592592592593,0.20925925925925926,0.11944444444444445,0.37037037037037035
0.297795771479982,0.20737741790373368,0.12955465587044535,0.36527215474583896
0.3024390243902439,0.2057649667405765,0.13702882483370288,0.35476718403547675
0.2980132450331126,0.2052980132450331,0.1434878587196468,0.35320088300220753
0.30299032541776605,0.20976253298153033,0.13852242744063326,0.34872471416007034
0.2996040475142983,0.21205455345358556,0.14518257809062912,0.34315882094148703
0.2956140350877193,0.21666666666666667,0.1456140350877193,0.34210526315789475
0.2980599647266314,0.21252204585537918,0.1490299823633157,0.3403880070546737
0.3020604997807979,0.21437965804471723,0.15168785620341954,0.3318719859710653
0.3037362637362637,0.21714285714285714,0.14813186813186813,0.330989010989011
0.30057042562527425,0.2150065818341378,0.1483106625713032,0.33611232996928475
0.2987588652482269,0.21099290780141844,0.1524822695035461,0.3377659574468085
0.298021978021978,0.21274725274725276,0.15428571428571428,0.33494505494505494
0.2962147887323944,0.21566901408450703,0.15757042253521128,0.3305457746478873
0.3008344312692139,0.21256038647342995,0.15502854633289415,0.331576635924462
0.3037918871252205,0.2138447971781305,0.15520282186948853,0.3271604938271605
0.3010893246187364,0.21481481481481482,0.15816993464052287,0.32592592592592595
0.29626373626373625,0.2145054945054945,0.16175824175824177,0.3274725274725275
0.2969509500662837,0.2138753866548829,0.16482545293857712,0.3243482103402563
0.29365079365079366,0.21516754850088182,0.16843033509700175,0.32275132275132273
0.2913140311804009,0.2173719376391982,0.1665924276169265,0.3247216035634744
0.29730921923246584,0.21261579179532422,0.16409351565946184,0.3259814733127481
0.2954743255004352,0.21322889469103568,0.1671018276762402,0.32419495213228894
0.29429960229783475,0.21343349536014142,0.16836058329650905,0.3239063190455148
0.2892998678996037,0.21268163804491413,0.17040951122853368,0.3276089828269485
0.2930658525948539,0.21238552115133014,0.1718273004797209,0.32272132577409507
0.2848939929328622,0.21333922261484098,0.1775618374558304,0.32420494699646646
0.28691423519009723,0.21043324491600354,0.17904509283819628,0.32360742705570295
0.29030837004405285,0.21277533039647578,0.17665198237885463,0.32026431718061676
0.29292929292929293,0.2147562582345191,0.17347386912604304,0.3188405797101449
0.287089715536105,0.22275711159737419,0.1772428884026258,0.31291028446389496
0.286215978928885,0.21685689201053557,0.17998244073748904,0.3169446883230904
0.28822495606326887,0.2179261862917399,0.1827768014059754,0.3110720562390158
0.28558989986939487,0.21593382673051806,0.1802350892468437,0.3182411841532434
0.29118432769367764,0.21371326803205698,0.18076580587711488,0.3143365983971505
0.2866043613707165,0.21495327102803738,0.18157543391188252,0.3168669336893636
0.27845884413309985,0.21541155866900175,0.18345008756567427,0.3226795096322242
0.28350970017636684,0.2208994708994709,0.17768959435626103,0.31790123456790126
0.2769434628975265,0.21775618374558303,0.18462897526501768,0.3206713780918728
0.2732506643046944,0.2174490699734278,0.18644818423383525,0.3228520814880425
0.2680140597539543,0.22495606326889278,0.18409490333919157,0.3229349736379613
0.274681878016674,0.21763931548924967,0.19087318999561212,0.3168056164984642
0.2747156605424322,0.21609798775153105,0.19203849518810148,0.31714785651793526
0.2753303964757709,0.21938325991189428,0.19251101321585903,0.31277533039647576
0.28125,0.22095070422535212,0.19278169014084506,0.3050176056338028
0.2774846086191733,0.2264731750219877,0.18909410729991205,0.306948109058927
0.2755417956656347,0.226890756302521,0.18620079610791684,0.3113666519239275
0.27846425419240955,0.22418358340688438,0.18887908208296558,0.3084730803177405
0.2835622507753655,0.2193176783340718,0.19229065130704476,0.30482941958351795
0.2759825327510917,0.22270742358078602,0.19213973799126638,0.3091703056768559
0.2743207712532866,0.22085889570552147,0.19675723049956179,0.30806310254163016
0.276558384547849,0.22080772607550483,0.19754170324846357,0.3050921861281826
0.27384615384615385,0.22593406593406593,0.19472527472527473,0.3054945054945055
0.2722100656455142,0.22844638949671772,0.19299781181619255,0.3063457330415755
0.27714033539276256,0.23300970873786409,0.19329214474845544,0.2965578111209179
0.2772190642763446,0.23043288150415392,0.19326628771316134,0.29908176650634016
0.27525363917071016,0.23511248345831495,0.18659020732245257,0.3030436700485223
0.27493380406001766,0.2325684024713151,0.19638128861429832,0.2961165048543689
0.2764835164835165,0.23604395604395603,0.18725274725274726,0.30021978021978024
0.27066666666666667,0.23822222222222222,0.192,0.2991111111111111
0.26751313485113837,0.23336252189141857,0.19746059544658495,0.30166374781085814
0.2671322566564819,0.2304670449585334,0.1938018332605849,0.3085988651243998
0.2647961420429636,0.23060061376589217,0.19333625602805787,0.31126698816308634
0.26407682234831953,0.22784810126582278,0.19161938018332605,0.31645569620253167
0.26857142857142857,0.22989010989010988,0.1912087912087912,0.31032967032967035
0.27276746242263483,0.23121131741821396,0.1865605658709107,0.3094606542882405
0.26817375886524825,0.23625886524822695,0.18838652482269502,0.3071808510638298
0.26701800614844096,0.233201581027668,0.19367588932806323,0.30610452349582784
0.27439024390243905,0.23257839721254356,0.19250871080139373,0.30052264808362367
0.27167630057803466,0.23299244108492664,0.19653179190751446,0.2987994664295242
0.2727272727272727,0.23503325942350334,0.19113082039911308,0.30110864745011084
0.27587719298245617,0.23508771929824562,0.19035087719298247,0.2986842105263158
0.27548330404217924,0.22539543057996486,0.19507908611599298,0.30404217926186294
0.2682608695652174,0.22652173913043477,0.19434782608695653,0.3108695652173913
0.2713523131672598,0.22731316725978648,0.19306049822064056,0.3082740213523132
0.27268663388466696,0.2288779615556549,0.19400983459991059,0.30442556995976755
0.26985519964896887,0.2233435717419921,0.19789381307591047,0.30890741553312856
0.2677234698370762,0.22457067371202113,0.19815059445178335,0.3095552619991193
0.2700087950747581,0.2247141600703606,0.1943711521547933,0.31090589270008795
0.27018769096464423,0.22261021388040156,0.1951113051069402,0.312090790048014
0.26411738550466873,0.22587816807469988,0.19653179190751446,0.31347265451311696
0.2615923009623797,0.2226596675415573,0.19860017497812774,0.31714785651793526
0.26135351736420304,0.22350845948352627,0.20347284060552093,0.3116651825467498
0.2662852112676056,0.21830985915492956,0.20290492957746478,0.3125
0.2690134724033029,0.21164710995219468,0.2038244241634072,0.3155149934810952
0.2664631487134758,0.2102049716528565,0.20191888355865678,0.3214129960750109
0.26334362593736216,0.21570357300397,0.2086457873842082,0.3123070136744596
0.25891677675033026,0.22060766182298547,0.20827829150154117,0.31219726992514313
0.25380269448066056,0.222077357670578,0.20556279878313777,0.31855714906562366
0.2539752650176678,0.22084805653710246,0.20715547703180212,0.31802120141342755
0.25338575797291396,0.22018348623853212,0.20620358235037134,0.32022717343818263
0.24519230769230768,0.2298951048951049,0.21241258741258742,0.3125
0.24911660777385158,0.22791519434628976,0.21113074204946997,0.3118374558303887
0.24517543859649124,0.22894736842105262,0.21535087719298246,0.3105263157894737
0.24330357142857142,0.22857142857142856,0.21339285714285713,0.31473214285714285
0.243006993006993,0.23033216783216784,0.21372377622377622,0.3129370629370629
0.24089512944273805,0.23343571741992103,0.21281263712154452,0.3128565160157964
0.24705368834570057,0.2317765168048887,0.21169794849410736,0.30947184635530334
0.2422251423565484,0.2352168199737188,0.2137538326763031,0.3088042049934297
0.24415011037527592,0.2335540838852097,0.22251655629139072,0.2997792494481236
0.24483516483516485,0.2312087912087912,0.22065934065934065,0.3032967032967033
0.24647887323943662,0.23415492957746478,0.21434859154929578,0.3050176056338028
0.23725055432372505,0.2407982261640798,0.2221729490022173,0.29977827050997785
0.24345549738219896,0.23472949389179756,0.22251308900523561,0.29930191972076786
0.24523396880415946,0.23743500866551126,0.22227036395147315,0.29506065857885616
0.24353920280332894,0.2413491020586947,0.22163819535698642,0.2934734997809899
0.2413793103448276,0.2427055702917772,0.22369584438549955,0.2922192749778957
0.23480176211453743,0.2422907488986784,0.226431718061674,0.2964757709251101
0.23405191377034756,0.24065112186537616,0.22657281126264847,0.2987241531016278
0.2289740202553941,0.2426243945398503,0.22589167767503301,0.30250990752972257
0.22430313588850173,0.24782229965156793,0.22822299651567945,0.29965156794425085
0.2242211496270294,0.24089512944273805,0.22553751645458534,0.3093462044756472
0.22281167108753316,0.2427055702917772,0.22767462422634838,0.3068081343943413
0.21727748691099477,0.23821989528795812,0.23647469458987783,0.3080279232111693
0.21456953642384105,0.24503311258278146,0.2335540838852097,0.3068432671081678
0.21677704194260486,0.24503311258278146,0.2282560706401766,0.30993377483443707
0.21529619805481875,0.246684350132626,0.22634836427939875,0.3116710875331565
0.2148576512455516,0.24822064056939502,0.22953736654804271,0.30738434163701067
0.21851689337428698,0.2479157525230364,0.23080298376480912,0.30276437033786746
0.21792083514571553,0.2518486298390605,0.22705524140930838,0.3031752936059156
0.21687279151943462,0.25176678445229683,0.23454063604240283,0.2968197879858657
0.21748586341887777,0.2588081774684646,0.234884732492388,0.28882122662026966
0.22256500661084178,0.25253415601586604,0.22741295724988983,0.2974878801234024
0.22031662269129287,0.25857519788918204,0.22999120492524186,0.2911169744942832
0.2188183807439825,0.2608315098468271,0.22932166301969364,0.2910284463894967
0.2187776793622675,0.2630646589902569,0.22852081488042517,0.2896368467670505
0.21678321678321677,0.2631118881118881,0.23164335664335664,0.28846153846153844
0.2178919397697077,0.2608503100088574,0.22940655447298494,0.29185119574845
0.22032413491020586,0.2628120893561104,0.22251423565484013,0.2943495400788436
0.22001763668430335,0.263668430335097,0.2204585537918871,0.2958553791887125
0.21522887323943662,0.261443661971831,0.22403169014084506,0.2992957746478873
0.21519543258673693,0.26877470355731226,0.22266139657444006,0.2933684672815108
0.21595416483032173,0.25738210665491407,0.22829440282062582,0.2983693256941384
0.21403508771929824,0.2644736842105263,0.21666666666666667,0.3048245614035088
0.21520106053910737,0.2664604507291206,0.21652673442333187,0.30181175430844015
0.21437908496732025,0.26187363834422656,0.21873638344226579,0.30501089324618735
0.21706454465075153,0.2634836427939876,0.21485411140583555,0.3045977011494253
0.20976886175316178,0.262974269515918,0.21761883994766681,0.30963802878325336
0.21441048034934498,0.26375545851528387,0.2205240174672489,0.30131004366812225
0.21274725274725276,0.2654945054945055,0.21802197802197804,0.3037362637362637
0.2138447971781305,0.26102292768959434,0.22354497354497355,0.30158730158730157
0.21312910284463896,0.25820568927789933,0.22407002188183808,0.30459518599562363
0.2124283825473777,0.25650066108417807,0.22168356104010578,0.3093873953283385
0.2129260734838424,0.2633908809207614,0.21868083222664897,0.3050022133687472
0.20783795684720388,0.27080581241743723,0.2166446499339498,0.3047115808014091
0.21390845070422534,0.2777288732394366,0.2068661971830986,0.30149647887323944
0.21212121212121213,0.2727272727272727,0.2134387351778656,0.30171277997364954
0.2084975908891809,0.27726675427069647,0.20981165133596144,0.3044240035041612
0.213215859030837,0.2748898678414097,0.20572687224669603,0.30616740088105726
0.21214788732394366,0.2790492957746479,0.2055457746478873,0.3032570422535211
0.210968597965502,0.28084918177797435,0.205218929677134,0.30296329057938964
0.21249450065992082,0.27496700395952484,0.20633523977122745,0.3062032556093269
0.2152624614027349,0.27657697397441555,0.20335244816938686,0.30480811645346273
0.21536412078152753,0.27486678507992895,0.20426287744227353,0.30550621669627
0.22060123784261715,0.28249336870026526,0.20114942528735633,0.2957559681697613
0.2230971128608924,0.2795275590551181,0.2047244094488189,0.2926509186351706
0.22456140350877193,0.2741228070175439,0.20657894736842106,0.29473684210526313
0.2297476759628154,0.2793271359008411,0.20805666223992916,0.28286852589641437
0.22725274725274724,0.2712087912087912,0.21318681318681318,0.28835164835164834
0.22872108249672632,0.26625927542557837,0.21606285464862504,0.28895678742907027
0.23421052631578948,0.26842105263157895,0.2100877192982456,0.28728070175438597
0.2328767123287671,0.27353071144498453,0.207688908528502,0.28590366769774633
0.23601937472479084,0.27080581241743723,0.20827829150154117,0.2848965213562307
0.23306948109058928,0.272207563764292,0.2075637642919965,0.28715919085312225
0.24867724867724866,0.26631393298059963,0.20458553791887124,0.2804232804232804
0.24671916010498687,0.2655293088363955,0.2069116360454943,0.28083989501312334
0.24489795918367346,0.27506654835847383,0.2036379769299024,0.27639751552795033
0.2420774647887324,0.2720070422535211,0.20598591549295775,0.27992957746478875
0.2435505028421513,0.27328377787494534,0.20376038478355923,0.2794053344993441
0.24263736263736263,0.27472527472527475,0.20131868131868133,0.2813186813186813
0.23978685612788633,0.2801953818827709,0.20426287744227353,0.27575488454706926
0.2373180414644905,0.28010586678429644,0.20952801058667844,0.2730480811645346
0.23962930273609886,0.27714033539276256,0.20962047661076788,0.2736098852603707
0.23985890652557318,0.28880070546737213,0.20679012345679013,0.26455026455026454
0.23734037868780272,0.2884191985909291,0.20783795684720388,0.2664024658740643
0.23630742049469966,0.2871024734982332,0.20803886925795054,0.26855123674911663
0.2378236068451075,0.2803861342694164,0.21369021500658184,0.26810004387889425
0.24472759226713534,0.281195079086116,0.20342706502636204,0.27065026362038663
0.2437636761487965,0.2735229759299781,0.2100656455142232,0.2726477024070022
0.24858264282599216,0.27300479720889664,0.2080244221543829,0.2703881378107283
0.24801762114537446,0.273568281938326,0.21145374449339208,0.2669603524229075
0.24844167408726625,0.26892252894033836,0.21460373998219057,0.2680320569902048
0.2422907488986784,0.27665198237885463,0.21013215859030837,0.2709251101321586
0.2481335090030742,0.2766798418972332,0.21124286341677645,0.2639437856829161
0.251105216622458,0.27099911582670205,0.21706454465075153,0.2608311229000884
0.25408028231142477,0.27393030436700483,0.21658579620644022,0.25540361711513015
0.25485865724381623,0.2742932862190813,0.21643109540636044,0.254416961130742
0.2612931798051373,0.26926483613817537,0.2201062887511072,0.24933569530558017
0.2590149516270888,0.26868953386103783,0.22515391380826738,0.24714160070360597
0.2558550596553248,0.27308882015024305,0.22403888643393724,0.24701723376049492
0.25396825396825395,0.2724867724867725,0.2292768959435626,0.24426807760141092
0.2571807335395493,0.2770658418029165,0.22580645161290322,0.23994697304463103
0.2557522123893805,0.2752212389380531,0.22787610619469026,0.2411504424778761
0.2563764291996482,0.2673702726473175,0.23175021987686895,0.24450307827616535
0.2552724077328647,0.2680140597539543,0.23242530755711774,0.24428822495606328
0.2583370386838595,0.26100489106269453,0.22943530457981326,0.2512227656736327
0.2624890446976337,0.2541630148992112,0.22480280455740578,0.25854513584574934
0.25862822193097423,0.25382262996941896,0.2306684141546527,0.25688073394495414
0.2624394539850286,0.25803610744165567,0.2280933509467195,0.2514310876265962
0.26831421006178285,0.25772285966460723,0.22771403353927624,0.24624889673433362
0.2620842572062084,0.2572062084257206,0.2279379157427938,0.25277161862527714
0.2578809106830123,0.2535026269702277,0.23029772329246936,0.2583187390542907
0.26445916114790285,0.25518763796909494,0.22560706401766004,0.25474613686534214
0.2647058823529412,0.2589991220368745,0.22344161545215102,0.2528533801580334
0.2667852378835038,0.2530013339261894,0.22454424188528235,0.25566918630502444
0.2688927943760984,0.2513181019332162,0.22934973637961337,0.2504393673110721
0.2698412698412698,0.25132275132275134,0.22354497354497355,0.2552910052910053
0.27004405286343613,0.252863436123348,0.22026431718061673,0.25682819383259914
0.26137377341659235,0.2586975914362177,0.21900089206066012,0.2609277430865299
0.2623239436619718,0.2579225352112676,0.21566901408450703,0.2640845070422535
0.2600877192982456,0.25877192982456143,0.21578947368421053,0.26535087719298245
0.2605820105820106,0.25440917107583777,0.21649029982363316,0.26851851851851855
0.26130873956960915,0.2547211242863417,0.2222222222222222,0.26174791392182695
0.26128890837352037,0.2503288031565103,0.22840859272249014,0.2599736957474792
0.2621231979030144,0.2512013979903888,0.23110528615115772,0.25557011795543905
0.2600976475810031,0.24766977363515313,0.23568575233022637,0.25654682645361737
0.2483429076447194,0.2465753424657534,0.23906319045514804,0.26601855943437913
0.24813022437307522,0.24901011878574572,0.24285085789705235,0.2600087989441267
0.24747696358051777,0.24703817463799913,0.24177270732777534,0.26371215445370777
0.24890446976336547,0.2462751971954426,0.2392638036809816,0.26555652936021035
0.24570673712021135,0.2509907529722589,0.2404227212681638,0.2628797886393659
0.25176678445229683,0.24734982332155478,0.24381625441696114,0.2570671378091873
0.25065616797900264,0.2462817147856518,0.2410323709536308,0.26202974628171477
0.24823321554770317,0.24867491166077738,0.24293286219081273,0.26015901060070673
0.249890590809628,0.249890590809628,0.2424507658643326,0.2577680525164114
0.24569916188795765,0.24834583149536832,0.2399647110719012,0.2659902955447728
0.24813678211310827,0.24682156948706707,0.23279263480929416,0.27224901359053044
0.24715162138475022,0.2467134092900964,0.2361963190184049,0.26993865030674846
0.2395970214629873,0.24791940429259746,0.23434077967586509,0.2781427945685502
0.24504186866460997,0.24724548259145,0.23270163067430585,0.2750110180696342
0.2444836716681377,0.24271844660194175,0.23300970873786409,0.2797881729920565
0.2440318302387268,0.24049513704686118,0.24182139699381078,0.27365163572060125
0.24602473498233215,0.24249116607773852,0.23719081272084805,0.2742932862190813
0.24462011418533158,0.23671497584541062,0.24242424242424243,0.27624066754501536
0.24765729585006693,0.22757697456492637,0.24497991967871485,0.2797858099062918
0.23803249890206413,0.2318840579710145,0.24769433465085638,0.282389108476065
0.24371970030850595,0.23490524460114587,0.24636403702071397,0.2750110180696342
0.2460456942003515,0.23154657293497363,0.242091388400703,0.28031634446397186
0.24357838795394154,0.2316209034543844,0.24844995571302037,0.2763507528786537
0.24083769633507854,0.23734729493891799,0.2513089005235602,0.2705061082024433
0.2457777777777778,0.2328888888888889,0.24933333333333332,0.272
0.2515364354697103,0.23529411764705882,0.24495171202809482,0.26821773485513606
0.24956293706293706,0.23994755244755245,0.2416958041958042,0.2687937062937063
0.24890829694323144,0.23842794759825328,0.2423580786026201,0.2703056768558952
0.24422154382904493,0.23157435673789795,0.24858264282599216,0.275621456607065
0.24823321554770317,0.23719081272084805,0.24602473498233215,0.26855123674911663
0.24629468177855274,0.23539668700959024,0.24760244115082825,0.27070619006102875
0.24469964664310953,0.23498233215547704,0.24823321554770317,0.27208480565371024
0.2515364354697103,0.2309043020193152,0.24451273046532046,0.2730465320456541
0.246684350132626,0.23121131741821396,0.24624226348364278,0.27586206896551724
0.2465156794425087,0.23693379790940766,0.23867595818815332,0.2778745644599303
0.25185832968954963,0.23786620026235242,0.23393091386095322,0.2763445561871447
0.2554680664916885,0.23184601924759404,0.23447069116360456,0.2782152230971129
0.25499565595134666,0.2363162467419635,0.2306689834926151,0.27801911381407474
0.2555066079295154,0.22951541850220264,0.23083700440528634,0.2841409691629956
0.2570671378091873,0.22659010600706714,0.23630742049469966,0.28003533568904593
0.25362000877577884,0.22465993856954805,0.23826239578762615,0.28345765686704694
0.2545454545454545,0.2261640798226164,0.23414634146341465,0.2851441241685144
0.25187803800265135,0.22182942996022978,0.2337604949182501,0.29253203711886877
0.24175824175824176,0.22857142857142856,0.2347252747252747,0.29494505494505496
0.2440423654015887,0.22594880847308033,0.23742277140335394,0.2925860547219771
0.24855747891699956,0.2303595206391478,0.22991566799822458,0.29116733244562804
0.24934036939313983,0.2260334212840809,0.2357080035180299,0.28891820580474936
0.24812362030905077,0.22958057395143489,0.23752759381898456,0.2847682119205298
0.2464726631393298,0.2345679012345679,0.2345679012345679,0.2843915343915344
0.24460114587924195,0.23314235345967388,0.2353459673865139,0.2869105332745703
0.24790841039189784,0.2294143549097314,0.23381770145310435,0.2888595332452664
0.24933804060017653,0.22550750220653135,0.2436010591350397,0.2815533980582524
0.2511091393078971,0.2267080745341615,0.2440106477373558,0.27817213842058564
0.2466171977302488,0.22522915757311218,0.2453077258838935,0.2828459188127455
0.23968393327480245,0.233099209833187,0.23748902546093065,0.2897278314310799
0.249667994687915,0.23284639220894202,0.23461708720672864,0.28286852589641437
0.25842198581560283,0.22384751773049646,0.23182624113475178,0.2859042553191489
0.2670157068062827,0.22164048865619546,0.2299301919720768,0.281413612565445
0.26610767872903796,0.2210944395410415,0.2294792586054722,0.2833186231244484
0.2710074791025077,0.22525296964364278,0.22173339199296085,0.2820061592608887
0.27692307692307694,0.2276923076923077,0.22153846153846155,0.27384615384615385
0.28047703180212014,0.2234982332155477,0.21687279151943462,0.2791519434628975
0.28421052631578947,0.22324561403508772,0.21666666666666667,0.27587719298245617
0.28634167764602547,0.2261747913921827,0.2147562582345191,0.2727272727272727
0.290519877675841,0.23110528615115772,0.2075141983398864,0.27086063783311487
0.2818464269862406,0.22991566799822458,0.2139369729249889,0.27430093209054596
0.27656794425087106,0.22909407665505227,0.2190766550522648,0.27526132404181186
0.28104286345558993,0.22889969067609367,0.21696862571807335,0.27308882015024305
0.27676588183029766,0.22789871168369613,0.2176810306530431,0.27765437583296315
0.269010989010989,0.23824175824175825,0.2189010989010989,0.27384615384615385
0.2752982766239505,0.23066725585505965,0.22182942996022978,0.27220503756076003
0.27163781624500666,0.23302263648468707,0.22148246782068354,0.27385707944962273
0.27369826435246997,0.22874944370271474,0.22029372496662217,0.2772585669781931
0.2704485488126649,0.23306948109058928,0.218117854001759,0.2783641160949868
0.2666957660410301,0.22959406372762986,0.22435617634220864,0.2793539938891314
0.26940035273368607,0.2244268077601411,0.22663139329805995,0.2795414462081129
0.26953818827708703,0.22824156305506216,0.22690941385435168,0.2753108348134991
0.2724485326325011,0.22207621550591328,0.22996057818659657,0.27551467367498905
0.2676118741692512,0.22684980062029242,0.22463447053610988,0.2809038546743465
0.27123893805309734,0.22168141592920354,0.22079646017699114,0.28628318584070794
0.26891123742894624,0.22474857892435504,0.22431132487975514,0.2820288587669436
0.273286467486819,0.22319859402460457,0.22319859402460457,0.28031634446397186
0.274622892635315,0.2209405501330967,0.225377107364685,0.2790594498669033
0.2710606721955478,0.22042776080314272,0.22784810126582278,0.2806634657354867
0.2675187307183781,0.21639488761568973,0.23005729396209784,0.2860290877038343
0.27409372236958446,0.21706454465075153,0.22458001768346597,0.28426171529619804
0.2734891927657697,0.21790913101014556,0.22761358623731803,0.28098808998676666
0.2719259585720582,0.21375055090348172,0.23182018510356986,0.28250330542089025
0.27056753189617244,0.21205455345358556,0.2358117025956885,0.28156621205455346
0.2712694877505568,0.2155902004454343,0.2329621380846325,0.28017817371937637
0.2748794388426129,0.21569487067075843,0.2345462516440158,0.2748794388426129
0.2760763426542388,0.21793164669329781,0.23524189968930315,0.2707501109631602
0.2776066871975363,0.2111746590409151,0.23977122745270568,0.27144742630884294
0.2732049036777583,0.212784588441331,0.23467600700525393,0.27933450087565675
0.26891123742894624,0.21075644949715786,0.240052470485352,0.28027984258854394
0.27132125497127707,0.20945647370746795,0.2465753424657534,0.27264692885550157
0.26945054945054947,0.21318681318681318,0.2465934065934066,0.27076923076923076
0.27320954907161804,0.20335985853227231,0.2497789566755084,0.27365163572060125
0.2685308477585442,0.20994229915667997,0.24500665778961384,0.27652019529516203
0.2640597539543058,0.21045694200351495,0.2530755711775044,0.27240773286467485
0.26501766784452296,0.21024734982332155,0.25220848056537104,0.27252650176678445
0.25813544415127526,0.21152154793315744,0.2563764291996482,0.27396657871591906
0.2589991220368745,0.21378402107111502,0.2532923617208077,0.2739244951712028
0.25384277558190604,0.207290294246816,0.256477821695213,0.282389108476065
0.25764966740576495,0.20931263858093127,0.2567627494456763,0.27627494456762747
0.24966681474900043,0.20568636161705908,0.2585517547756553,0.28609506885828523
0.24755555555555556,0.20355555555555555,0.26311111111111113,0.2857777777777778
0.24669020300088262,0.20697263901147397,0.2621359223300971,0.28420123565754635
0.24063464081092992,0.20890260026443366,0.2631115028646981,0.2873512560599383
0.23633156966490299,0.20811287477954143,0.26631393298059963,0.2892416225749559
0.2412739965095986,0.20898778359511344,0.2670157068062827,0.28272251308900526
0.24015748031496062,0.210411198600175,0.2694663167104112,0.2799650043744532
0.23943661971830985,0.2068661971830986,0.27508802816901406,0.27860915492957744
0.23746701846965698,0.2022867194371152,0.2832014072119613,0.2770448548812665
0.2341078474353354,0.20254274441034634,0.28452433143358175,0.27882507672073653
0.23224400871459694,0.20130718954248367,0.2814814814814815,0.2849673202614379
0.23039859833552342,0.1988611476127902,0.28865527814279457,0.2820849759088918
0.2371088585279859,0.1983252534156016,0.2904363155575143,0.2741295724988982
0.23358307624504188,0.20405464962538564,0.2904363155575143,0.2719259585720582
0.2384076990376203,0.1994750656167979,0.289588801399825,0.27252843394575677
0.2343612334801762,0.1973568281938326,0.2889867841409692,0.27929515418502204
0.23784261715296198,0.20247568523430592,0.29133510167992926,0.26834659593280286
0.23624454148471616,0.19519650655021833,0.3034934497816594,0.26506550218340613
0.23529411764705882,0.2019315188762072,0.3028972783143108,0.2598770851624232
0.23012367491166077,0.19346289752650175,0.31404593639575973,0.2623674911660777
0.22911051212938005,0.20170709793351302,0.30727762803234504,0.2619047619047619
0.22817899867080194,0.2051395657953035,0.3043863535666814,0.26229508196721313
0.23470715835140998,0.20563991323210412,0.2997830802603037,0.2598698481561822
0.22968197879858657,0.20362190812720848,0.3003533568904594,0.2663427561837456
0.23325942350332593,0.2031042128603104,0.29889135254988913,0.2647450110864745
0.23395896988214754,0.20122217372326495,0.2981230903535574,0.2666957660410301
0.23344947735191637,0.2077526132404181,0.2926829268292683,0.2661149825783972
0.23500666370502,0.21412705464238116,0.28787205686361617,0.26299422478898266
0.23784261715296198,0.20999115826702033,0.28735632183908044,0.26480990274093724
0.23790677220756376,0.21152154793315744,0.2832014072119613,0.2673702726473175
0.23913997367266346,0.2079859587538394,0.2847740236946029,0.26810004387889425
0.23912087912087912,0.20615384615384616,0.28395604395604396,0.27076923076923076
0.23905429071803852,0.2119089316987741,0.27845884413309985,0.27057793345008757
0.2391496899911426,0.20504871567759078,0.2843224092116918,0.27147918511957486
0.23845138583369996,0.20501539815222172,0.2828860536735592,0.2736471623405191
0.2412726469288555,0.20415377817057004,0.27794962439239945,0.276623950508175
0.2378021978021978,0.20835164835164835,0.2773626373626374,0.2764835164835165
0.2399647110719012,0.21438023820026467,0.27525363917071016,0.27040141155712394
0.2387011847301448,0.21237384817902588,0.2838964458095656,0.2650285212812637
0.23070097604259096,0.21694764862466726,0.28482697426796805,0.2675244010647737
0.2334065934065934,0.21714285714285714,0.28395604395604396,0.2654945054945055
0.2323008849557522,0.2168141592920354,0.28407079646017697,0.2668141592920354
0.23516483516483516,0.21582417582417582,0.28923076923076924,0.25978021978021976
0.23282275711159736,0.21706783369803062,0.29146608315098466,0.25864332603938733
0.23487858719646798,0.2269315673289183,0.2869757174392936,0.25121412803532006
0.2410437859354268,0.21141088014153028,0.28792569659442724,0.25961963732861565
0.24364592462751972,0.21384750219106047,0.2817703768624014,0.2607361963190184
0.24683267802533856,0.21406727828746178,0.27916120576671033,0.2599388379204893
0.24736379613356765,0.2139718804920914,0.27943760984182775,0.2592267135325132
0.25435540069686413,0.21167247386759583,0.28310104529616725,0.2508710801393728
0.24779541446208111,0.21649029982363316,0.28350970017636684,0.25220458553791886
0.2494519947391495,0.21525646646207802,0.2810170977641385,0.2542744410346339
0.24856765094755398,0.21639488761568973,0.28118113706478626,0.25385632437197003
0.2431111111111111,0.21733333333333332,0.2848888888888889,0.25466666666666665
0.24901531728665208,0.2161925601750547,0.2831509846827133,0.25164113785557984
0.25055236411842685,0.22359699513919576,0.27971718957136543,0.24613345117101193
0.2474813841436706,0.2264564169951818,0.2777047744196233,0.2483574244415243
0.2474591250552364,0.22536456031816174,0.28104286345558993,0.24613345117101193
0.2497789566755084,0.22325375773651635,0.2807250221043324,0.24624226348364278
0.25972890249234803,0.2264975951027547,0.26978574551814605,0.2439877568867512
0.2626306620209059,0.22778745644599302,0.2656794425087108,0.24390243902439024
0.26593406593406593,0.23164835164835165,0.2624175824175824,0.24
0.26128890837352037,0.23060061376589217,0.2687417799210872,0.23936869793950022
0.2629253203711887,0.23155103844454264,0.27220503756076003,0.23331860362350862
0.26718885987815494,0.231940818102698,0.26762402088772846,0.23324630113141862
0.27043747238179405,0.2275740167918692,0.2695536897923111,0.23243482103402563
0.2661647475642161,0.23117803365810452,0.2741364038972542,0.22852081488042517
0.26660761736049604,0.23693534100974314,0.26970770593445526,0.2267493356953056
0.26297273526824977,0.23746701846965698,0.2704485488126649,0.22911169744942833
0.2647961420429636,0.24199912319158265,0.27005699254712845,0.22314774221832528
0.27424308907415534,0.23826239578762615,0.2685388328214129,0.21895568231680562
0.27470613844144537,0.23726599912929908,0.2673051806704397,0.22072268175881585
0.2781456953642384,0.22958057395143489,0.2675496688741722,0.22472406181015453
0.2748460861917326,0.2343887423043096,0.26605101143359716,0.2247141600703606
0.28149779735682817,0.23524229074889869,0.260352422907489,0.22290748898678414
0.28357551739321885,0.23557904007045355,0.26023778071334214,0.22060766182298547
0.28232189973614774,0.2339489885664028,0.25769569041336854,0.2260334212840809
0.2821978021978022,0.2356043956043956,0.25758241758241757,0.2246153846153846
0.28887904297740363,0.23128046078865752,0.24811696942844483,0.23172352680549402
0.29592284085927223,0.23323103901797457,0.24375274002630426,0.22709338009644892
0.28960070206230804,0.23562966213251427,0.24923211935059236,0.22553751645458534
0.2913732394366197,0.23107394366197184,0.24911971830985916,0.22843309859154928
0.2862144420131291,0.23282275711159736,0.2437636761487965,0.23719912472647703
0.28865527814279457,0.23346473937801138,0.24310118265440211,0.23477879982479194
0.2821180555555556,0.23524305555555555,0.24869791666666666,0.2339409722222222
0.28334062090074336,0.23786620026235242,0.24573677306515085,0.23305640577175338
0.28395604395604396,0.24483516483516485,0.24,0.2312087912087912
0.2774108322324967,0.2514310876265962,0.24394539850286218,0.22721268163804492
0.2728865527814279,0.2505475251861586,0.2413491020586947,0.2352168199737188
0.27025823686553874,0.25022261798753337,0.24532502226179875,0.2341941228851291
0.2637604579480405,0.24878907970057243,0.24746807573756055,0.2399823866138265
0.2664298401420959,0.24378330373001778,0.25133214920071045,0.23845470692717585
0.2693321616871705,0.24560632688927944,0.24956063268892795,0.23550087873462214
0.2688077430708315,0.24373075230972283,0.24901011878574572,0.23845138583369996
0.26202974628171477,0.2462817147856518,0.2510936132983377,0.24059492563429571
0.26085050416483996,0.24068391056554142,0.25208241999123193,0.24638316527838666
0.26136363636363635,0.24519230769230768,0.2526223776223776,0.24082167832167833
0.25935711140466755,0.24614707177454867,0.24922941435490972,0.24526640246587406
0.26278659611992944,0.24382716049382716,0.2429453262786596,0.25044091710758376
0.26525198938992045,0.2453580901856764,0.23784261715296198,0.2515473032714412
0.26128890837352037,0.24550635686102587,0.24156071898290224,0.2516440157825515
0.2653965440850687,0.2516614975631369,0.24324324324324326,0.23969871510855117
0.27084252315835905,0.24569916188795765,0.2434936038817821,0.2399647110719012
0.2721658579620644,0.24305249228054698,0.24040582267313632,0.24437582708425232
0.26784140969162995,0.24581497797356827,0.2444933920704846,0.24185022026431718
0.27025843188786686,0.23346473937801138,0.2439772229522558,0.25229960578186594
0.2676056338028169,0.23591549295774647,0.2442781690140845,0.2522007042253521
0.26297117516629714,0.2319290465631929,0.247450110864745,0.25764966740576495
0.2647577092511013,0.23612334801762114,0.2475770925110132,0.2515418502202643
0.26824978012313105,0.23658751099384345,0.24406332453825857,0.2510993843447669
0.27189141856392296,0.2351138353765324,0.24080560420315236,0.2521891418563923
0.2647577092511013,0.239647577092511,0.24625550660792953,0.24933920704845816
0.26104240282685515,0.2398409893992933,0.24469964664310953,0.254416961130742
0.261612620508326,0.24189307624890447,0.24978089395267308,0.2467134092900964
0.2633908809207614,0.23771580345285526,0.25232403718459495,0.24656927844178841
0.258362676056338,0.24471830985915494,0.25044014084507044,0.24647887323943662
0.26048565121412803,0.2445916114790287,0.24900662251655628,0.24591611479028697
0.25364560318161733,0.24613345117101193,0.25143614670790987,0.2487847989394609
0.25217770034843207,0.2495644599303136,0.2495644599303136,0.24869337979094078
0.25540361711513015,0.250992501102779,0.25408028231142477,0.23952359947066607
0.2623239436619718,0.24779929577464788,0.2482394366197183,0.24163732394366197
0.265666372462489,0.24669020300088262,0.25198587819947044,0.235657546337158
0.267927848658161,0.24637043554773427,0.25692916849978004,0.22877254729432467
0.2589833479404032,0.24934268185801928,0.25766871165644173,0.23400525854513585
0.2597173144876325,0.24646643109540636,0.25574204946996465,0.23807420494699646
0.25684024713150927,0.24669020300088262,0.2599293909973522,0.23654015887025595
0.26185297955632886,0.2505437146585472,0.25402348847324924,0.23357981731187472
0.26171529619805484,0.2519893899204244,0.2493368700265252,0.2369584438549956
0.26357969723953695,0.25333926981300087,0.25422974176313445,0.2288512911843277
0.261558784676354,0.25935711140466755,0.2523117569352708,0.22677234698370763
0.2612137203166227,0.2532981530343008,0.25021987686895336,0.23526824978012312
0.2554131683605833,0.25629695095006627,0.25055236411842685,0.23773751657092354
0.25250763192324466,0.25861317051897076,0.25425207152202356,0.23462712603576102
0.2553657468243539,0.26237406920718354,0.2514235654840123,0.23083661848445028
0.25186485300570427,0.26107942079859586,0.249670908293111,0.23738481790258886
0.25228360156589824,0.26098303610265333,0.2474989125706829,0.23923444976076555
0.24857017157941047,0.26264848218213815,0.2507699076110867,0.2380114386273647
0.2528837622005324,0.2639751552795031,0.24977817213842057,0.23336291038154391
0.2541998231653404,0.268788682581786,0.2480106100795756,0.22900088417329797
0.25309187279151946,0.2659010600706714,0.25,0.2310070671378092
0.24737302977232925,0.26663747810858146,0.2513134851138354,0.23467600700525393
0.24734982332155478,0.26457597173144876,0.25265017667844525,0.23542402826855124
0.24175824175824176,0.2654945054945055,0.2540659340659341,0.23868131868131867
0.24648506151142355,0.27152899824253074,0.2530755711775044,0.22891036906854131
0.24813022437307522,0.2732072151341839,0.2542894852617686,0.22437307523097227
0.2460387323943662,0.27508802816901406,0.25044014084507044,0.22843309859154928
0.24406332453825857,0.2748460861917326,0.25241864555848725,0.22867194371152155
0.24749017896115233,0.2697512003491925,0.2466171977302488,0.23614142295940638
0.24318381706244502,0.27132805628847845,0.2497801231310466,0.2357080035180299
0.2425588627276766,0.27143491781430473,0.24522434473567303,0.24078187472234563
0.24528301886792453,0.2663448881088197,0.24396665204036858,0.24440544098288722
0.249008373732922,0.2728074041427942,0.23226090788893786,0.24592331423534597
0.2504416961130742,0.2756183745583039,0.23498233215547704,0.23895759717314488
0.24956217162872155,0.27189141856392296,0.2351138353765324,0.2434325744308231
0.24466695690030474,0.27340008707009145,0.23813670004353504,0.24379625598606877
0.24,0.2764835164835165,0.24043956043956044,0.24307692307692308
0.24168126094570927,0.27583187390542907,0.23774080560420316,0.2447460595446585
0.2441048034934498,0.27685589519650655,0.23056768558951965,0.248471615720524
0.24813022437307522,0.27628684557853056,0.22481302243730752,0.2507699076110867
0.25741710296684117,0.2757417102966841,0.2181500872600349,0.2486910994764398
0.2534095908490981,0.2732072151341839,0.2190937087549494,0.2542894852617686
0.2618310482087572,0.26404245908889873,0.22202565236620964,0.25210084033613445
0.2657558395769061,0.26443367122080214,0.21727633318642575,0.25253415601586604
0.26939843068875324,0.25719267654751526,0.2175239755884917,0.25588491717523976
0.2652613087395696,0.2534036012296882,0.2191480017566974,0.2621870882740448
0.26514486391571557,0.25548726953467954,0.22168568920105355,0.25768217734855137
0.2636443661971831,0.2574823943661972,0.22403169014084506,0.2548415492957746
0.2670134373645427,0.2631122670134374,0.2201993931512787,0.24967490247074123
0.25906277630415564,0.26702033598585323,0.22015915119363394,0.2537577365163572
0.25365853658536586,0.2656319290465632,0.22261640798226165,0.25809312638580933
0.2540947321823816,0.267817618415228,0.2182381584772023,0.2598494909251881
0.25558965366067515,0.26435773783428324,0.21437965804471723,0.2656729504603244
0.2575957727873184,0.2619991193306913,0.21312197269925143,0.2672831351827389
0.2588699080157687,0.26631625054752517,0.21068769163381515,0.26412614980289095
