C,D,Oc,Od
1.0,0.0,0.0,0.0
1.0,0.0,0.0,0.0
0.6,0.0,0.0,0.4
0.5,0.0,0.0,0.5
0.2,0.0,0.0,0.8
0.3333333333333333,0.0,0.0,0.6666666666666666
0.1111111111111111,0.0,0.2222222222222222,0.6666666666666666
0.08333333333333333,0.0,0.4166666666666667,0.5
0.06666666666666667,0.0,0.4,0.5333333333333333
0.16666666666666666,0.0,0.2777777777777778,0.5555555555555556
0.21739130434782608,0.043478260869565216,0.21739130434782608,0.5217391304347826
0.19230769230769232,0.038461538461538464,0.23076923076923078,0.5384615384615384
0.24242424242424243,0.030303030303030304,0.21212121212121213,0.5151515151515151
0.21428571428571427,0.047619047619047616,0.21428571428571427,0.5238095238095238
0.22916666666666666,0.020833333333333332,0.16666666666666666,0.5833333333333334
0.2033898305084746,0.03389830508474576,0.1694915254237288,0.5932203389830508
0.2191780821917808,0.0273972602739726,0.2054794520547945,0.547945205479452
0.25,0.047619047619047616,0.20238095238095238,0.5
0.20430107526881722,0.06451612903225806,0.23655913978494625,0.4946236559139785
0.18,0.06,0.24,0.52
0.16666666666666666,0.08333333333333333,0.26851851851851855,0.48148148148148145
0.1452991452991453,0.09401709401709402,0.28205128205128205,0.47863247863247865
0.1171875,0.0859375,0.2890625,0.5078125
0.10526315789473684,0.08552631578947369,0.3092105263157895,0.5
0.09497206703910614,0.1005586592178771,0.3016759776536313,0.5027932960893855
0.09230769230769231,0.10256410256410256,0.3076923076923077,0.49743589743589745
0.10810810810810811,0.1036036036036036,0.3333333333333333,0.45495495495495497
0.13026819923371646,0.09961685823754789,0.3371647509578544,0.4329501915708812
0.1490066225165563,0.09933774834437085,0.32781456953642385,0.423841059602649
0.1394658753709199,0.09792284866468842,0.35014836795252224,0.4124629080118694
0.13513513513513514,0.0945945945945946,0.36486486486486486,0.40540540540540543
0.13366336633663367,0.10396039603960396,0.36633663366336633,0.39603960396039606
0.13288288288288289,0.10585585585585586,0.3490990990990991,0.41216216216216217
0.13953488372093023,0.10359408033826638,0.3572938689217759,0.39957716701902746
0.14090019569471623,0.09784735812133072,0.3639921722113503,0.3972602739726027
0.1455223880597015,0.09701492537313433,0.373134328358209,0.3843283582089552
0.14334470989761092,0.09385665529010238,0.37372013651877134,0.3890784982935154
0.1467304625199362,0.09409888357256778,0.37161084529505584,0.3875598086124402
0.13609467455621302,0.10355029585798817,0.3772189349112426,0.3831360946745562
0.14444444444444443,0.09861111111111111,0.37083333333333335,0.3861111111111111
0.13870541611624834,0.10568031704095113,0.36591809775429324,0.38969616908850724
0.14856429463171036,0.11485642946317104,0.35830212234706615,0.3782771535580524
0.1481042654028436,0.11492890995260663,0.3590047393364929,0.37796208530805686
0.14269662921348314,0.12359550561797752,0.36179775280898874,0.37191011235955057
0.14166666666666666,0.13229166666666667,0.3614583333333333,0.3645833333333333
0.1347305389221557,0.13572854291417166,0.37025948103792417,0.3592814371257485
0.13495782567947517,0.1358950328022493,0.3692596063730084,0.3598875351452671
0.1357142857142857,0.14464285714285716,0.3580357142857143,0.36160714285714285
0.14632034632034632,0.14632034632034632,0.3541125541125541,0.35324675324675325
0.15422077922077923,0.15016233766233766,0.349025974025974,0.3465909090909091
0.1674454828660436,0.1526479750778816,0.338006230529595,0.34190031152647976
0.17420814479638008,0.1546003016591252,0.3310708898944193,0.3401206636500754
0.17707567964731816,0.1520940484937546,0.3299044819985305,0.3409257898603968
0.17515701325889743,0.16189811584089323,0.325191905094208,0.3377529658060014
0.17583892617449665,0.15570469798657718,0.32483221476510066,0.3436241610738255
0.18417639429312582,0.1556420233463035,0.32490272373540857,0.3352788586251621
0.18634333120612637,0.15315890236119975,0.32354818123803447,0.3369495851946394
0.18865598027127004,0.15413070283600494,0.32244143033292233,0.3347718865598027
0.18474374255065554,0.1531585220500596,0.32359952324195473,0.33849821215733017
0.18329466357308585,0.15661252900232017,0.32308584686774944,0.33700696055684454
0.18810748999428245,0.1595197255574614,0.313893653516295,0.33847913093196114
0.19230769230769232,0.1619718309859155,0.3120260021668472,0.333694474539545
0.19313984168865436,0.15197889182058047,0.31345646437994723,0.34142480211081794
0.1923281832711774,0.16302610548748003,0.3031433137986148,0.34150239744272776
0.19826264690853346,0.16249361267245785,0.29994890137966274,0.33929483903934593
0.1970468431771894,0.16191446028513237,0.30091649694501016,0.34012219959266804
0.19658976930792377,0.16950852557673018,0.3029087261785356,0.33099297893681046
0.19393336648433615,0.16857284932869218,0.3023371456986574,0.3351566384883143
0.19533961328705998,0.17203767972235995,0.29449677739216656,0.3381259295984135
0.19280078895463512,0.16962524654832348,0.2958579881656805,0.34171597633136097
0.19230769230769232,0.1665043816942551,0.30136319376825704,0.33982473222979553
0.18860698898994735,0.16610818573480135,0.30110100526567735,0.344183820009574
0.1917024320457797,0.16547448736289938,0.2994754411063424,0.34334763948497854
0.19637750238322213,0.1663489037178265,0.2969494756911344,0.340324118207817
0.19990525817148272,0.16532449076267172,0.29227854097584083,0.34249171009000473
0.20257387988560535,0.165395614871306,0.28503336510962823,0.34699714013346045
0.2059659090909091,0.16761363636363635,0.2793560606060606,0.3470643939393939
0.20788362271234162,0.1665884561238855,0.28531206006569687,0.340215861098076
0.2084130019120459,0.16252390057361377,0.28250478011472274,0.34655831739961757
0.21377672209026127,0.16104513064133016,0.2812351543942993,0.3439429928741093
0.2106503298774741,0.15975494816211122,0.2855796418473139,0.34401508011310084
0.21119473189087487,0.15945437441204138,0.28974600188146754,0.3396048918156162
0.21223529411764705,0.1595294117647059,0.29223529411764704,0.336
0.21159153633854647,0.16513339466421342,0.2888684452621895,0.3344066237350506
0.21670533642691414,0.16241299303944315,0.288631090487239,0.33225058004640373
0.22123479887745556,0.16136576239476147,0.2899906454630496,0.3274087932647334
0.21790065604498593,0.1635426429240862,0.2910028116213683,0.32755388940955954
0.21773444753946147,0.16295264623955433,0.2822655524605385,0.3370473537604457
0.22217047042384722,0.16488122962272939,0.2822543083372147,0.33069399161620866
0.225187265917603,0.1601123595505618,0.2799625468164794,0.3347378277153558
0.2226930320150659,0.16666666666666666,0.2777777777777778,0.3328625235404896
0.22522522522522523,0.16927453769559034,0.27880512091038406,0.32669511616880037
0.23007590132827324,0.16698292220113853,0.27703984819734345,0.3259013282732448
0.22484648086915446,0.16910722720831364,0.2805857345299953,0.3254605573925366
0.22159887798036465,0.1734455352968677,0.2879850397381954,0.3169705469845722
0.2239292364990689,0.17411545623836128,0.2909683426443203,0.31098696461824954
0.2221185254316379,0.17498833411105927,0.2907139524031731,0.3121791880541297
0.22459639126305794,0.1785375118708452,0.2882241215574549,0.30864197530864196
0.21810506566604126,0.1721388367729831,0.2950281425891182,0.3147279549718574
0.22547169811320755,0.16886792452830188,0.2910377358490566,0.314622641509434
0.22865142323845078,0.1726551563229118,0.2865142323845077,0.3121791880541297
0.22811168954093705,0.1665877898722196,0.29200189304306673,0.31329862754377663
0.232427366447985,0.1640112464854733,0.28865979381443296,0.3149015932521087
0.22376973073351902,0.16991643454038996,0.2892293407613742,0.31708449396471683
0.22475106685633,0.16642958748221906,0.29113323850165956,0.3176861071597914
0.2277181521231918,0.16425571628558097,0.2869808679421372,0.3210452636490901
0.22669190724088972,0.16469474680548982,0.28916232844297207,0.31945101751064836
0.22659176029962547,0.16619850187265917,0.2902621722846442,0.3169475655430712
0.2261848897231347,0.15908024401689347,0.2961051149694979,0.31862975129047394
0.22274216190921853,0.16050538137576043,0.29714553111839026,0.3196069255966308
0.229068673565381,0.15945437441204138,0.2944496707431797,0.31702728127939794
0.23440453686200377,0.15642722117202268,0.29206049149338376,0.31710775047258977
0.22840962718263333,0.1609249646059462,0.2987258140632374,0.3119395941481831
0.2365795724465558,0.16104513064133016,0.29691211401425177,0.30546318289786223
0.22890995260663508,0.15971563981042655,0.2933649289099526,0.3180094786729858
0.22465116279069766,0.1655813953488372,0.29069767441860467,0.31906976744186044
0.2222222222222222,0.1643126177024482,0.2951977401129944,0.3182674199623352
0.2213420316868593,0.16775396085740912,0.293569431500466,0.3173345759552656
0.2285579641847314,0.16635249764373233,0.2836946277097078,0.32139491046182844
0.23120567375886525,0.1607565011820331,0.2860520094562648,0.3219858156028369
0.22565320665083136,0.15866983372921614,0.29311163895486936,0.32256532066508314
0.2247918593894542,0.150786308973173,0.2969472710453284,0.3274745605920444
0.2263623660922217,0.1574289706567303,0.29017233348858873,0.3260363297624592
0.22058144900784496,0.15689893862482696,0.29672358098754037,0.32579603137978774
0.224,0.152,0.29458823529411765,0.32941176470588235
0.22765757290686736,0.1528692380056444,0.29303857008466605,0.3264346190028222
0.23734324198792384,0.15281003251277286,0.29447282861124013,0.31537389688806317
0.24018691588785046,0.15186915887850466,0.28925233644859816,0.3186915887850467
0.24109208699676077,0.15085608514576584,0.2878297084683017,0.32022211938917167
0.24519670631290028,0.15599268069533395,0.282708142726441,0.3161024702653248
0.24465116279069768,0.15302325581395348,0.28325581395348837,0.31906976744186044
0.24754328497894243,0.14880673841834346,0.28919045390734677,0.3144595226953673
0.246485473289597,0.1415182755388941,0.2914714151827554,0.32052483598875353
0.24306535025858017,0.1471556182416549,0.28772919605077574,0.3220498354489892
0.2508235294117647,0.1416470588235294,0.2818823529411765,0.3256470588235294
0.25165876777251184,0.13601895734597155,0.28720379146919434,0.3251184834123223
0.25476190476190474,0.14142857142857143,0.2795238095238095,0.3242857142857143
0.25522813688212925,0.14068441064638784,0.27519011406844107,0.3288973384030418
0.25572519083969464,0.14122137404580154,0.2676526717557252,0.3354007633587786
0.25141509433962267,0.14764150943396226,0.2679245283018868,0.3330188679245283
0.24976303317535545,0.14454976303317535,0.2677725118483412,0.33791469194312795
0.24835061262959474,0.15221489161168708,0.2681432610744581,0.33129123468426014
0.2469597754911132,0.15715622076707203,0.26707202993451823,0.32881197380729654
0.24157303370786518,0.15917602996254682,0.2640449438202247,0.3352059925093633
0.23374175306314798,0.15457115928369464,0.2681432610744581,0.34354382657869936
0.2292843691148776,0.15254237288135594,0.2655367231638418,0.3526365348399247
0.22661024917724495,0.15514809590973203,0.26563234602726843,0.3526093088857546
0.23581809657759026,0.15424285044538208,0.2583216127519925,0.35161744022503516
0.2343529411764706,0.15623529411764706,0.2644705882352941,0.34494117647058825
0.2298689138576779,0.15589887640449437,0.26919475655430714,0.3450374531835206
0.23033443240697127,0.1568535091851154,0.26895902025435703,0.3438530381535563
0.23204158790170132,0.15311909262759923,0.2741020793950851,0.34073724007561434
0.2265296590378328,0.15927136851938348,0.2751050910789351,0.33909388136384866
0.2191717077710563,0.1614704513727315,0.27826896230805026,0.34108887854816194
0.21809744779582366,0.16519721577726218,0.28120649651972157,0.3354988399071926
0.224250936329588,0.16526217228464418,0.274812734082397,0.3356741573033708
0.22568460812086874,0.16572237960339944,0.27101038715769593,0.3375826251180359
0.22662889518413598,0.16572237960339944,0.26864966949952784,0.33899905571293676
0.22423664122137404,0.16364503816793893,0.27099236641221375,0.3411259541984733
0.23120837297811608,0.15937202664129402,0.2659372026641294,0.3434823977164605
0.23450905624404195,0.16253574833174453,0.2640610104861773,0.33889418493803625
0.2304015296367113,0.1601338432122371,0.26720841300191206,0.3422562141491396
0.22425952045133993,0.16314057357780912,0.2689233662435355,0.3436765397273155
0.23015873015873015,0.16106442577030813,0.2661064425770308,0.3426704014939309
0.23169601482854496,0.1645041705282669,0.26042632066728455,0.3433734939759036
0.22789598108747045,0.16170212765957448,0.258628841607565,0.3517730496453901
0.22920604914933837,0.16162570888468808,0.2570888468809074,0.35207939508506614
0.23037383177570092,0.16261682242990655,0.2570093457943925,0.35
0.23210107627515209,0.17080018717828732,0.25362657931679927,0.3434721572297613
0.22772277227722773,0.17256011315417255,0.25553983969825556,0.34417727487034416
0.2281439925198691,0.17391304347826086,0.2505843852267415,0.34735857877512855
0.22998137802607077,0.16899441340782123,0.25605214152700184,0.34497206703910616
0.23260158804297057,0.17655301261092948,0.24474544605324614,0.3460999532928538
0.23507462686567165,0.1767723880597015,0.23833955223880596,0.3498134328358209
0.2395543175487465,0.17827298050139276,0.24094707520891365,0.3412256267409471
0.23292797006548177,0.1796071094480823,0.24087932647333957,0.34658559401309635
0.2355410447761194,0.18470149253731344,0.23507462686567165,0.34468283582089554
0.22803738317757008,0.18130841121495328,0.24018691588785046,0.35046728971962615
0.23521256931608134,0.18114602587800369,0.23983364140480593,0.3438077634011091
0.24104234527687296,0.1814797580269893,0.24104234527687296,0.3364355514192648
0.23655913978494625,0.17625058438522676,0.24918186068256196,0.3380084151472651
0.23324022346368714,0.1792364990689013,0.2541899441340782,0.3333333333333333
0.2346316283435007,0.17972782731112155,0.25574847489441577,0.329892069450962
0.23109640831758035,0.17958412098298676,0.2566162570888469,0.332703213610586
0.22579143389199255,0.18156424581005587,0.2602420856610801,0.3324022346368715
0.22516248839368616,0.1787372330547818,0.26090993500464255,0.33519034354688954
0.22591206735266603,0.18101028999064547,0.2558465855940131,0.3372310570626754
0.23446987389070528,0.18122372723026622,0.2559551611396544,0.32835123773937414
0.23059042305904232,0.1817759181775918,0.26220362622036264,0.32543003254300323
0.23022598870056496,0.17937853107344634,0.2617702448210923,0.3286252354048964
0.23163313055685542,0.17688348151614414,0.2695367337388863,0.3219466541881142
0.23290900518623292,0.1768033946251768,0.2682696841112683,0.322017916077322
0.22895467160037003,0.18593894542090658,0.2664199814986124,0.318686401480111
0.2247557003257329,0.18334108887854816,0.26896230805025595,0.322940902745463
0.22014925373134328,0.177705223880597,0.27705223880597013,0.32509328358208955
0.2298634008478568,0.17522373999057936,0.26895902025435703,0.3259538389072068
0.22858472998137802,0.1713221601489758,0.2672253258845438,0.3328677839851024
0.23403263403263402,0.16736596736596737,0.26433566433566436,0.33426573426573425
0.23026004728132388,0.16879432624113475,0.258628841607565,0.34231678486997635
0.22601476014760147,0.16420664206642066,0.26199261992619927,0.3477859778597786
0.22993899577663068,0.15908024401689347,0.2609103707179728,0.35007038948850305
0.22979323308270677,0.15836466165413535,0.26456766917293234,0.34727443609022557
0.23055162659123055,0.15652993870815654,0.2621404997642621,0.3507779349363508
0.2235734331150608,0.16089803554724041,0.2684752104770814,0.3470533208606174
0.22340919647004182,0.1579191825359963,0.2707849512308407,0.3478866697631212
0.21889616463985032,0.16510757717492985,0.27034611786716556,0.34565014031805424
0.21769662921348315,0.1699438202247191,0.26685393258426965,0.3455056179775281
0.21372639336711194,0.16996775679410409,0.26669737448180564,0.34960847535697837
0.21315298507462688,0.16837686567164178,0.26632462686567165,0.3521455223880597
0.20510440835266822,0.17076566125290024,0.27053364269141533,0.35359628770301627
0.20899718837863168,0.1733833177132146,0.2666354264292409,0.35098406747891286
0.20451404882542606,0.17411331183786274,0.27176416397973285,0.34960847535697837
0.205799812909261,0.17399438727782976,0.27268475210477083,0.34752104770813846
0.2043863742417172,0.17125524965002334,0.2739150723285114,0.350443303779748
0.20132638559924207,0.17148270961629558,0.2780672666982473,0.34912363808621505
0.20523609163160356,0.16830294530154277,0.2791023842917251,0.34735857877512855
0.20492565055762083,0.17146840148698886,0.27695167286245354,0.3466542750929368
0.2041295166588456,0.17597372125762553,0.2721726888784608,0.34772407320506804
0.21384832783796515,0.17899199246349506,0.2675459255770137,0.33961375412152617
0.21683913452492945,0.17826904985888994,0.2648165569143932,0.3400752587017874
0.22081575246132207,0.17440225035161744,0.25925925925925924,0.3455227379278012
0.2285579641847314,0.1705937794533459,0.25918944392082943,0.3416588124410933
0.2320675105485232,0.16408813877168307,0.26254102203469293,0.3413033286451008
0.2315592903828198,0.16619981325863678,0.26143790849673204,0.3408029878618114
0.23646459972235076,0.16797778806108282,0.25497454881999077,0.3405830633965757
0.23619489559164733,0.16937354988399073,0.2510440835266821,0.3433874709976798
0.24293785310734464,0.17231638418079095,0.243879472693032,0.3408662900188324
0.2504646840148699,0.16821561338289961,0.24767657992565056,0.3336431226765799
0.25232342007434944,0.16728624535315986,0.24674721189591078,0.3336431226765799
0.2481447124304267,0.1679035250463822,0.25463821892393323,0.3293135435992579
0.25161290322580643,0.16774193548387098,0.24838709677419354,0.33225806451612905
0.2530345471521942,0.1704014939309057,0.2549019607843137,0.3216619981325864
0.25327102803738316,0.1691588785046729,0.25794392523364484,0.31962616822429907
0.2555190230155002,0.17050258337247534,0.2531705025833725,0.3208078910286519
0.25692813527477687,0.17332080789102866,0.2522310944105214,0.3175199624236731
0.2517814726840855,0.1691211401425178,0.26270783847981,0.3163895486935867
0.24516737388024518,0.17256011315417255,0.26355492692126353,0.3187175860443187
0.2403027436140019,0.1717123935666982,0.2582781456953642,0.3297067171239357
0.24786324786324787,0.16809116809116809,0.25783475783475784,0.3262108262108262
0.24552309142318568,0.16870876531573986,0.2563619227144204,0.3294062205466541
0.24180522565320664,0.1667458432304038,0.25985748218527316,0.3315914489311164
0.24384355383872525,0.16900048285852245,0.2510864316755191,0.33606953162723324
0.24103299856527977,0.16881874701099953,0.25920612147297944,0.33094213295074126
0.2358265840876608,0.17389232968080037,0.25774178180085755,0.3325393044306813
0.2393041842971321,0.17395392571697227,0.2534085566525623,0.3333333333333333
0.2383857343969967,0.17691224777099954,0.25434068512435476,0.330361332707649
0.24250936329588016,0.18164794007490637,0.24859550561797752,0.32724719101123595
0.23601316408086506,0.18711800658204042,0.24729666196520922,0.32957216737188527
0.2346316283435007,0.18770530267480057,0.25058657907085874,0.32707648991084
0.2355175688509022,0.17996201329534664,0.25213675213675213,0.33238366571699907
0.24457034938621341,0.17752596789423986,0.2521246458923513,0.32577903682719545
0.24706985466479137,0.1748710736052508,0.25269573370839193,0.32536333802156586
0.24545877969259433,0.17652538425710293,0.25430833721471824,0.32370749883558453
0.24754328497894243,0.17501169864295743,0.2564342536265793,0.32101076275152085
0.25152797367183827,0.17489421720733428,0.24776680771039022,0.32581100141043723
0.25256290773532153,0.17707362534948742,0.2488350419384902,0.32152842497670087
0.2511606313834726,0.1745589600742804,0.2530176415970288,0.3212627669452182
0.2538787023977433,0.16784203102961917,0.25058768218147626,0.32769158439116125
0.24629363940698232,0.16642754662840745,0.25633668101386897,0.33094213295074126
0.24595623215984777,0.16888677450047573,0.2559467174119886,0.3292102759276879
0.24353549600376118,0.17442407146215327,0.2538787023977433,0.32816173013634226
0.24074941451990634,0.1765807962529274,0.253864168618267,0.3288056206088993
0.2358265840876608,0.1824678418294426,0.2563125297760839,0.32539304430681276
0.24306535025858017,0.1767748001880583,0.2468265162200282,0.3333333333333333
0.24206537186167693,0.18000947418285174,0.24490762671719565,0.3330175272382757
0.2458153993304639,0.179818268770923,0.2419894787183166,0.3323768531802965
0.24346172135045174,0.1840228245363766,0.24203518782691394,0.3304802662862577
0.2467289719626168,0.18037383177570093,0.24205607476635513,0.33084112149532713
0.24906542056074765,0.18364485981308412,0.23598130841121495,0.33130841121495325
0.25864453665283543,0.18072844628861226,0.24020285846011988,0.3204241585984325
0.2652396463471382,0.17729176361098184,0.2359236854350861,0.32154490460679386
0.25702441271303544,0.17871948410870567,0.23998157531091663,0.32427452786734223
0.25279850746268656,0.17863805970149255,0.23973880597014927,0.32882462686567165
0.25619448340345957,0.17858812529219262,0.2370266479663394,0.3281907433380084
0.2571428571428571,0.18594847775175644,0.23559718969555035,0.32131147540983607
0.2532005689900427,0.1891891891891892,0.23565670934091987,0.32195353247984826
0.2491756947715497,0.19265190767781443,0.23739990579368817,0.3207724917569477
0.252803738317757,0.18878504672897195,0.23785046728971962,0.3205607476635514
0.2517580872011252,0.19127988748241911,0.23628691983122363,0.3206751054852321
0.24823695345557123,0.1922896097790315,0.23789374706158908,0.3215796897038082
0.25469043151969983,0.19652908067542213,0.2349906191369606,0.31378986866791747
0.25527921163772876,0.1975598310652276,0.2318160488033787,0.3153449084936649
0.25069767441860463,0.20511627906976745,0.22790697674418606,0.31627906976744186
0.2510479739170936,0.21471821145784817,0.21797857475547275,0.3162552398695855
0.245407442298634,0.21384832783796515,0.21950070654733866,0.32124352331606215
0.2546583850931677,0.21834687052078355,0.21165790731008122,0.3153368370759675
0.2458313482610767,0.22534540257265365,0.21391138637446402,0.3149118627918056
0.24444444444444444,0.22364066193853427,0.2132387706855792,0.3186761229314421
0.2465753424657534,0.22012281530467642,0.21209258384506377,0.32120925838450637
0.24479166666666666,0.22017045454545456,0.21070075757575757,0.3243371212121212
0.2448687350835322,0.21909307875894987,0.2100238663484487,0.3260143198090692
0.24162340726757905,0.21755545068428503,0.2100047192071732,0.33081642284096274
0.24079320113314448,0.21718602455146366,0.2101038715769594,0.3319169027384325
0.23914081145584726,0.21479713603818615,0.21193317422434368,0.3341288782816229
0.23377862595419846,0.21612595419847327,0.21517175572519084,0.3349236641221374
0.23780198957839888,0.22216958787304594,0.20748460445286593,0.3325438180956892
0.23255813953488372,0.21642145230185098,0.21357380161366873,0.3374466065495966
0.22953147184098438,0.21249408424041646,0.21438712730714624,0.3435873166114529
0.23005132991133925,0.21651889874008398,0.2104526364909006,0.34297713485767617
0.22851834649326522,0.2192289828146772,0.2169066418950302,0.3353460287970274
0.2243256034074775,0.22479886417415995,0.22006625650733555,0.330809275911027
0.22559241706161137,0.22701421800947869,0.21753554502369668,0.3298578199052133
0.2215935879302216,0.23196605374823195,0.2116925978312117,0.3347477604903347
0.2222222222222222,0.22693032015065914,0.21610169491525424,0.3347457627118644
0.22217003287928605,0.22451855331141382,0.21841240018788163,0.3348990136214185
0.2225866916588566,0.22352389878163073,0.21649484536082475,0.3373945641986879
0.22044276966556758,0.2298634008478568,0.21950070654733866,0.3301931229392369
0.2211764705882353,0.23341176470588235,0.21552941176470589,0.32988235294117646
0.22353497164461247,0.22448015122873347,0.21455576559546313,0.33742911153119093
0.22491833877741485,0.22585160989267383,0.21651889874008398,0.33271115258982736
0.22012281530467642,0.2295701464336325,0.21114785073216816,0.3391591875295229
0.22606258757589912,0.22886501634750117,0.2111163007940215,0.33395609528257825
0.2251655629139073,0.22989593188268684,0.21381267738883633,0.33112582781456956
0.2247086247086247,0.22937062937062938,0.21351981351981353,0.3324009324009324
0.22707838479809977,0.23800475059382423,0.21045130641330168,0.32446555819477435
0.22725129655822726,0.24045261669024046,0.2065063649222065,0.3257897218293258
0.22679924242424243,0.2372159090909091,0.20833333333333334,0.32765151515151514
0.2282099343955014,0.2366447985004686,0.2104029990627929,0.3247422680412371
0.22331922896097792,0.24071462153267512,0.21062529384109074,0.3253408556652562
0.22044276966556758,0.2369288742345737,0.21290626471973623,0.3297220913801225
0.22148603880738288,0.23331755797444392,0.20870799810695692,0.3364884051112163
0.22838345864661655,0.23073308270676693,0.20347744360902256,0.337406015037594
0.2296157450796626,0.23570759137769448,0.20290534208059982,0.33177132146204313
0.2327545753167527,0.2341623650868137,0.2041295166588456,0.328953542937588
0.22914714151827553,0.23570759137769448,0.20852858481724462,0.32661668228678536
0.22803738317757008,0.23457943925233646,0.20654205607476636,0.33084112149532713
0.22695367337388864,0.23678053345811886,0.2068320074871315,0.329433785680861
0.22678488100793281,0.23471768548763416,0.20858609426038263,0.3299113392440504
0.2282958199356913,0.23840146991272393,0.20440973817179606,0.3288929719797887
0.2289044289044289,0.2428904428904429,0.20186480186480185,0.32634032634032634
0.22408963585434175,0.2441643323996265,0.20214752567693745,0.3295985060690943
0.23091161499305876,0.24016658954187875,0.1980564553447478,0.33086534012031465
0.2306963524396021,0.23874940786357177,0.19516816674561818,0.335386072951208
0.23008434864104968,0.23617619493908154,0.20290534208059982,0.33083411433926896
0.23095014111006584,0.2361241768579492,0.20460959548447788,0.32831608654750705
0.2351024208566108,0.23370577281191807,0.20344506517690875,0.32774674115456237
0.236708275543227,0.23578363384188628,0.20388349514563106,0.32362459546925565
0.23632993512511585,0.23632993512511585,0.20667284522706209,0.3206672845227062
0.23902894491129786,0.23482726423902894,0.20634920634920634,0.3197945845004668
0.23191787214185722,0.23051796546896874,0.20765282314512365,0.3299113392440504
0.23289597000937207,0.23055295220243674,0.20759137769447047,0.3289597000937207
0.22659176029962547,0.23127340823970038,0.21395131086142322,0.32818352059925093
0.2308775222900047,0.22383857343969968,0.21586109807602064,0.329422806194275
0.2274011299435028,0.2274011299435028,0.21563088512241055,0.3295668549905838
0.22757009345794393,0.22990654205607478,0.2144859813084112,0.3280373831775701
0.22739981360671016,0.22739981360671016,0.21668219944082012,0.32851817334575956
0.22495361781076068,0.22866419294990722,0.21706864564007422,0.3293135435992579
0.225,0.2273148148148148,0.21342592592592594,0.33425925925925926
0.22786579683131408,0.22413793103448276,0.2092264678471575,0.3387698042870457
0.2289044289044289,0.21958041958041957,0.21351981351981353,0.337995337995338
0.2336316533207725,0.22185586434291096,0.2110221384832784,0.33349034385303816
0.23534927332395686,0.22362869198312235,0.2090951711204876,0.3319268635724332
0.2417633410672854,0.22691415313225058,0.20324825986078887,0.32807424593967516
0.24755244755244754,0.22377622377622378,0.20233100233100232,0.32634032634032634
0.24710245711636533,0.2267037552155772,0.20305980528511822,0.3231339823829393
0.24733178654292343,0.23155452436194895,0.19907192575406032,0.32204176334106727
0.24756606397774686,0.23226703755215578,0.20120537783959203,0.3189615206305053
0.2476894639556377,0.23105360443622922,0.1977818853974122,0.3234750462107209
0.24743709226467847,0.2353215284249767,0.1924510717614166,0.32479030754892824
0.24555659494855003,0.23713751169317118,0.19270346117867165,0.3246024321796071
0.255011655011655,0.2331002331002331,0.19813519813519814,0.31375291375291375
0.2538933459178858,0.2350165172251062,0.19679093912222748,0.31429919773478054
0.25,0.2378957169459963,0.19227188081936686,0.3198324022346369
0.24671052631578946,0.23637218045112782,0.19407894736842105,0.32283834586466165
0.24493641073951955,0.2345737164390014,0.19123881300047102,0.329251059821008
0.2419047619047619,0.2423809523809524,0.18904761904761905,0.32666666666666666
0.24123017779913503,0.24411340701585776,0.19077366650648728,0.32388274867851996
0.24295112781954886,0.2424812030075188,0.18609022556390978,0.32847744360902253
0.2413136601618277,0.2413136601618277,0.18514992860542598,0.3322227510709186
0.2451398767188241,0.24039829302987198,0.1896633475580844,0.32479848269321954
0.24197412553905126,0.23430761859127935,0.19166267369429804,0.33205558217537134
0.2460582895365504,0.23220258002866698,0.1877687529861443,0.33397037744863833
0.24964539007092199,0.23120567375886525,0.18912529550827423,0.3300236406619385
0.24573863636363635,0.2362689393939394,0.1903409090909091,0.32765151515151514
0.2511715089034677,0.2366447985004686,0.1893158388003749,0.32286785379568883
0.2527829313543599,0.23608534322820038,0.19434137291280149,0.3167903525046382
0.25936329588014984,0.22752808988764045,0.19662921348314608,0.31647940074906367
0.2596244131455399,0.223943661971831,0.19483568075117372,0.3215962441314554
0.2594317652538426,0.22822543083372146,0.20214252445272474,0.31020027945971124
0.2539756782039289,0.2296538821328344,0.2039289055191768,0.3124415341440599
0.25619448340345957,0.2374941561477326,0.19775596072931276,0.3085553997194951
0.2581547064305685,0.23252562907735322,0.19431500465983226,0.315004659832246
0.25604089219330856,0.23652416356877323,0.19842007434944237,0.3090148698884758
0.25957049486461253,0.22362278244631187,0.20074696545284781,0.3160597572362278
0.26169522927281147,0.22927281148679945,0.19731357109773043,0.3117183881426586
0.2569702602230483,0.23187732342007436,0.19423791821561337,0.31691449814126393
0.2578088578088578,0.23076923076923078,0.1958041958041958,0.3156177156177156
0.2567067530064755,0.23080481036077705,0.19518963922294172,0.3172987974098057
0.24531835205992508,0.23267790262172286,0.19616104868913858,0.3258426966292135
0.24368568755846587,0.23292797006548177,0.19130028063610852,0.33208606173994387
0.24685020998600093,0.23098460102659824,0.19365375641623891,0.32851143257116194
0.2474032105760151,0.23040604343720492,0.19263456090651557,0.3295561850802644
0.24738344433872503,0.22454804947668885,0.19362511893434825,0.33444338725023787
0.2502369668246445,0.22085308056872038,0.1962085308056872,0.33270142180094786
0.2505921364282331,0.22406442444339175,0.19327333017527237,0.3320701089531028
0.24835371589840075,0.22436500470366885,0.19567262464722485,0.33160865475070556
0.24441274369947694,0.2306229196386115,0.19781264859724204,0.32715168806466954
0.25082198215124474,0.23109441052137153,0.2000939408172851,0.31798966651009863
0.2475059382422803,0.23515439429928742,0.20285035629453682,0.3144893111638955
0.2516462841015992,0.23518344308560676,0.20319849482596425,0.30997177798682973
0.24882629107981222,0.23943661971830985,0.20187793427230047,0.30985915492957744
0.251270207852194,0.2397228637413395,0.20046189376443418,0.3085450346420323
0.2456795889771135,0.24194301728164408,0.20551144325081738,0.30686595049042503
0.23611759216052264,0.24171721885207653,0.20905272981801212,0.31311245916938873
0.24813084112149533,0.24205607476635513,0.2046728971962617,0.30514018691588785
0.24941506785212916,0.24613944782405242,0.19934487599438466,0.3051006083294338
0.24195804195804196,0.2512820512820513,0.2055944055944056,0.30116550116550117
0.240205223880597,0.24673507462686567,0.21315298507462688,0.29990671641791045
0.24142724745134383,0.2432808155699722,0.21316033364226136,0.30213160333642264
0.23553910226746877,0.24849606663581675,0.21332716335030077,0.3026376677464137
0.23780487804878048,0.24718574108818012,0.21153846153846154,0.30347091932457787
0.2448015122873346,0.24669187145557656,0.20652173913043478,0.30198487712665406
0.24304267161410018,0.24628942486085342,0.20500927643784786,0.30565862708719854
0.250814332247557,0.2447650069799907,0.20195439739413681,0.3024662633783155
0.24871435250116877,0.2388966806919121,0.21084618980832165,0.3015427769985975
0.24824026278742375,0.2393242609103707,0.20788362271234162,0.3045518535898639
0.25011798017932985,0.24115148655025956,0.2038697498820198,0.30486078338839073
0.24672284644194756,0.24344569288389514,0.2050561797752809,0.3047752808988764
0.2430167597765363,0.23696461824953446,0.2118249534450652,0.30819366852886404
0.2459546925566343,0.22931114193250116,0.21312991215903837,0.3116042533518262
0.24522144522144523,0.22424242424242424,0.21631701631701633,0.3142191142191142
0.244050396640224,0.23098460102659824,0.21651889874008398,0.30844610359309377
0.2481132075471698,0.23537735849056604,0.21556603773584906,0.3009433962264151
0.2542293233082707,0.22979323308270677,0.21052631578947367,0.30545112781954886
0.24686192468619247,0.23430962343096234,0.21292422129242214,0.30590423059042304
0.24459078080903104,0.23518344308560676,0.21072436500470368,0.30950141110065854
0.2419127988748242,0.23581809657759026,0.2109704641350211,0.31129864041256444
0.24361400189214757,0.23746452223273415,0.20813623462630085,0.3107852412488174
0.2494106553512494,0.24328147100424327,0.20462046204620463,0.3026874115983027
0.2490671641791045,0.23367537313432835,0.20569029850746268,0.31156716417910446
0.24768089053803338,0.23469387755102042,0.19944341372912802,0.3181818181818182
0.2475478748248482,0.23353573096683794,0.20177487155534796,0.3171415226529659
0.2466073935423491,0.23069723912026205,0.20355638745905474,0.3191389798783341
0.24661373190098085,0.23540401681457263,0.20784680056048577,0.31013545072396076
0.24705327675624705,0.23573785950023574,0.2065063649222065,0.3107024988213107
0.2532956685499058,0.23069679849340866,0.20009416195856874,0.3159133709981168
0.24695407685098406,0.23617619493908154,0.20243673851921273,0.31443298969072164
0.2528462998102467,0.23671726755218217,0.19971537001897532,0.31072106261859583
0.2498814604077762,0.2332859174964438,0.2019914651493599,0.3148411569464201
0.24683247301736275,0.23603941811356172,0.2050680431722196,0.31206006569685596
0.24835061262959474,0.23468426013195098,0.1998114985862394,0.3171536286522149
0.2504708097928437,0.23022598870056496,0.2029190207156309,0.3163841807909605
0.24544179523141654,0.2314165497896213,0.2085086489013558,0.31463300607760636
0.2461249412869892,0.2325035227806482,0.2118365429779239,0.3095349929544387
0.25,0.22634508348794063,0.2166048237476809,0.3070500927643785
0.2444653791804051,0.2289213377296279,0.21620348563353745,0.3104097974564296
0.24278277330809275,0.22905821107430194,0.21769995267392334,0.310459062943682
0.2491756947715497,0.22609514837494113,0.21573245407442299,0.3089967027790862
0.254066985645933,0.22583732057416267,0.21818181818181817,0.30191387559808613
0.2530689329556185,0.22851746931067043,0.2186024551463645,0.29981114258734654
0.2504716981132076,0.2259433962264151,0.21650943396226416,0.3070754716981132
0.2456795889771135,0.22559551611396544,0.220457730032695,0.3082671648762261
0.2398871119473189,0.22765757290686736,0.21919096895578552,0.31326434619002824
0.2419811320754717,0.2268867924528302,0.2169811320754717,0.3141509433962264
0.2442890442890443,0.2261072261072261,0.21585081585081586,0.31375291375291375
0.2370266479663394,0.22861150070126227,0.21739130434782608,0.3169705469845722
0.23673085955847817,0.23062470643494598,0.21653358384217944,0.31611085016439644
0.2376283846872082,0.22408963585434175,0.21988795518207283,0.3183940242763772
0.24120131393711872,0.2261848897231347,0.21351478179258565,0.31909901454716094
0.24291115311909262,0.22069943289224953,0.21833648393194707,0.31805293005671076
0.2406971267074894,0.22703721149317005,0.2190296749882242,0.31323598681111636
0.2394038192827201,0.22217047042384722,0.2207731718677224,0.3176525384257103
0.23295985060690944,0.22969187675070027,0.2166199813258637,0.32072829131652664
0.23655913978494625,0.22767648433847593,0.21411874707807388,0.32164562879850395
0.24177396280400573,0.22603719599427755,0.21077730090605626,0.3214115402956605
0.24245283018867925,0.22547169811320755,0.21226415094339623,0.31981132075471697
0.2470643494598403,0.2287458900892438,0.2052606857679662,0.31892907468294973
0.24309133489461357,0.22716627634660422,0.20889929742388758,0.32084309133489464
0.2453095684803002,0.22654784240150094,0.2073170731707317,0.32082551594746717
0.24708080336291452,0.22466137319009807,0.21205044371788884,0.31620737972909857
0.24976437323279924,0.22620169651272384,0.21442035815268615,0.30961357210179075
0.24893717524799244,0.23145961265942372,0.21162021728861596,0.3079829948039679
0.24587069372345446,0.22557810287871638,0.21378008494572912,0.31477111845210004
0.2484705882352941,0.2235294117647059,0.21411764705882352,0.31388235294117645
0.24976569821930647,0.21649484536082475,0.2169634489222118,0.316776007497657
0.24634950541686293,0.22044276966556758,0.2190296749882242,0.3141780499293453
0.2445600756859035,0.2119205298013245,0.22469252601702933,0.31882686849574265
0.245088868101029,0.21608980355472404,0.22591206735266603,0.3129092609915809
0.24569567240577012,0.21731037691949745,0.22335970218706375,0.3136342484876687
0.2474418604651163,0.22279069767441861,0.22511627906976744,0.30465116279069765
0.2555762081784387,0.2253717472118959,0.22026022304832713,0.29879182156133827
0.26203966005665724,0.2247403210576015,0.2190745986779981,0.29414542020774315
0.2591721542803387,0.22389463781749766,0.2215428033866416,0.2953904045155221
0.26572769953051645,0.21830985915492956,0.2244131455399061,0.2915492957746479
0.26455519329296695,0.21797857475547275,0.22123893805309736,0.296227293898463
0.26220362622036264,0.2194328219432822,0.22733612273361228,0.29102742910274293
0.25374531835205993,0.22752808988764045,0.22612359550561797,0.29260299625468167
0.2516370439663237,0.2273152478952292,0.23105706267539758,0.2899906454630496
0.24801123069723913,0.2274216190921853,0.22695367337388864,0.29761347683668693
0.2511737089201878,0.2295774647887324,0.23333333333333334,0.2859154929577465
0.2554399243140965,0.22989593188268684,0.22705771050141912,0.2876064333017975
0.2549295774647887,0.2291079812206573,0.2291079812206573,0.2868544600938967
0.25615992561599255,0.2315202231520223,0.22780102278010228,0.28451882845188287
0.25699626865671643,0.23833955223880596,0.22667910447761194,0.27798507462686567
0.26021606387975577,0.23485204321277595,0.2226397369657116,0.2822921559417567
0.2632066728452271,0.23215940685820205,0.21872103799814643,0.2859128822984245
0.2630605640314378,0.2311604253351826,0.21590383726306056,0.289875173370319
0.2632566870014078,0.2308775222900047,0.21633036133270764,0.2895354293758799
0.2635039924847346,0.2273367778299671,0.21747299201503054,0.29168623767026775
0.2681125980618366,0.22888786340562992,0.22011998154130133,0.28287955699123213
0.26778242677824265,0.2291957229195723,0.21896792189679218,0.28405392840539284
0.2684969753373662,0.23452768729641693,0.21777570963238715,0.27919962773382967
0.2681902985074627,0.22574626865671643,0.22294776119402984,0.283115671641791
0.2677570093457944,0.22757009345794393,0.22429906542056074,0.2803738317757009
0.2649532710280374,0.2294392523364486,0.2252336448598131,0.2803738317757009
0.26550751879699247,0.23590225563909775,0.21898496240601503,0.27960526315789475
0.2544769085768143,0.236569274269557,0.22101790763430726,0.2879359095193214
0.26026119402985076,0.23180970149253732,0.2196828358208955,0.28824626865671643
0.26426566884939195,0.23199251637043966,0.21889616463985032,0.28484565014031804
0.26025459688826025,0.23055162659123055,0.22206506364922207,0.2871287128712871
0.26569821930646675,0.22352389878163073,0.22633552014995315,0.28444236176194937
0.2651053864168618,0.2262295081967213,0.2281030444964871,0.28056206088992974
0.2674800563115908,0.22806194274988267,0.22477709995307368,0.27968090098545284
0.2713068181818182,0.22348484848484848,0.22537878787878787,0.27982954545454547
0.2783653846153846,0.22355769230769232,0.22067307692307692,0.27740384615384617
0.27753934191702434,0.22317596566523606,0.2184072484501669,0.28087744396757275
0.2762221167536782,0.2268628381585192,0.21357380161366873,0.28334124347413386
0.27307146237576907,0.22337908187411262,0.2172266919072409,0.2863227638428774
0.27380952380952384,0.2276190476190476,0.2123809523809524,0.2861904761904762
