C,D,Oc,Od
0.0,0.0,0.0,1.0
0.0,0.0,0.0,1.0
0.0,0.0,0.0,1.0
0.07692307692307693,0.0,0.0,0.9230769230769231
0.04878048780487805,0.0,0.04878048780487805,0.9024390243902439
0.03125,0.0,0.0625,0.90625
0.030927835051546393,0.010309278350515464,0.061855670103092786,0.8969072164948454
0.051470588235294115,0.029411764705882353,0.08088235294117647,0.8382352941176471
0.06666666666666667,0.027777777777777776,0.08888888888888889,0.8166666666666667
0.08641975308641975,0.03292181069958848,0.09876543209876543,0.7818930041152263
0.10476190476190476,0.047619047619047616,0.09206349206349207,0.7555555555555555
0.1234866828087167,0.05084745762711865,0.08716707021791767,0.738498789346247
0.13157894736842105,0.04887218045112782,0.08646616541353383,0.7330827067669173
0.14375,0.0578125,0.09375,0.7046875
0.15306122448979592,0.058673469387755105,0.08801020408163265,0.7002551020408163
0.15921483097055616,0.064340239912759,0.07633587786259542,0.7001090512540894
0.16618635926993275,0.07396733909702209,0.08165225744476465,0.6781940441882806
0.1828231292517007,0.07908163265306123,0.08163265306122448,0.6564625850340136
0.19347319347319347,0.08547008547008547,0.0777000777000777,0.6433566433566433
0.20353356890459365,0.0862190812720848,0.0812720848056537,0.6289752650176679
0.20532813515269654,0.0903183885640026,0.08576998050682261,0.6185834957764782
0.21059038344491784,0.10286062081558126,0.08460133901399879,0.6019476567255021
0.21265678449258837,0.10832383124287344,0.0838084378563284,0.5952109464082098
0.21837837837837837,0.10810810810810811,0.08648648648648649,0.587027027027027
0.21768012263668882,0.11190597853857946,0.08993357179356157,0.5804803270311701
0.2139673105497771,0.12085190688459634,0.09212481426448738,0.5730559683011391
0.22501184272856467,0.1231643770724775,0.09426811937470393,0.5575556608242539
0.22397769516728624,0.12778810408921934,0.09758364312267657,0.5506505576208178
0.22809394760614274,0.12962962962962962,0.1002710027100271,0.5420054200542005
0.22920433996383363,0.1306509945750452,0.09719710669077758,0.5429475587703436
0.23632286995515694,0.131390134529148,0.09820627802690583,0.5340807174887893
0.23056537102473498,0.1351590106007067,0.09849823321554771,0.5357773851590106
0.23638778220451528,0.1363435148295706,0.10358565737051793,0.5236830455953962
0.24059492563429571,0.1377952755905512,0.10586176727909011,0.515748031496063
0.2382847038019452,0.13660477453580902,0.11184792219274978,0.513262599469496
0.24611283873833853,0.13371834740115504,0.11106175033318526,0.5091070635273212
0.23488168273444346,0.13891323400525854,0.10955302366345311,0.5166520595968449
0.2358117025956885,0.14078310602727673,0.10998680158380994,0.5134183897932248
0.23080317740511916,0.14298323036187113,0.10723742277140336,0.5189761694616064
0.23100303951367782,0.14676508901432914,0.11202778983933999,0.5102040816326531
0.2369916921731526,0.14997813729777001,0.11062527328377787,0.5024048972452995
0.2351138353765324,0.15280210157618213,0.11339754816112084,0.4986865148861646
0.2327433628318584,0.1517699115044248,0.12123893805309735,0.4942477876106195
0.23480542195015303,0.14910362920857018,0.12330564057717534,0.49278530826410144
0.23448581560283688,0.1427304964539007,0.12632978723404256,0.49645390070921985
0.23767605633802816,0.13908450704225353,0.12632042253521128,0.49691901408450706
0.23876651982378855,0.1356828193832599,0.13259911894273127,0.4929515418502203
0.24505059392872855,0.13638363396392433,0.13418389793224814,0.484381874175099
0.24554367201426025,0.1319073083778966,0.13680926916221034,0.4857397504456328
0.24165202108963094,0.13576449912126537,0.13268892794376097,0.4898945518453427
0.2343612334801762,0.13392070484581498,0.1370044052863436,0.4947136563876652
0.23430592396109637,0.1330680813439434,0.14677276746242263,0.4858532272325376
0.23444347063978965,0.13584574934268187,0.1511831726555653,0.4785276073619632
0.23725834797891038,0.13927943760984182,0.15377855887521968,0.46968365553602814
0.2292768959435626,0.1419753086419753,0.15255731922398588,0.47619047619047616
0.2318840579710145,0.13921826965305226,0.15195432586736934,0.4769433465085639
0.22916666666666666,0.14893617021276595,0.15159574468085107,0.4703014184397163
0.2293859649122807,0.15043859649122807,0.1530701754385965,0.46710526315789475
0.22640673460345592,0.1546300398759415,0.15064244572441293,0.46832077979618963
0.21632471008028545,0.16146297948260482,0.1503122212310437,0.471900089206066
0.21846153846153846,0.16043956043956045,0.14857142857142858,0.4725274725274725
0.2182608695652174,0.16,0.15478260869565216,0.46695652173913044
0.22134387351778656,0.15942028985507245,0.15239350021958717,0.4668423364075538
0.22397891963109354,0.16381203337725078,0.15151515151515152,0.4606938954765042
0.22741295724988983,0.16130453944468928,0.1498457470251212,0.4614367562802997
0.22457067371202113,0.1563188022897402,0.1567591369440775,0.4623513870541612
0.22975929978118162,0.15711159737417943,0.16280087527352297,0.45032822757111596
0.22755281690140844,0.15757042253521128,0.16153169014084506,0.4533450704225352
0.231239092495637,0.15706806282722513,0.16230366492146597,0.4493891797556719
0.23278542869835628,0.16303864948911595,0.1634828964904487,0.4406930253220791
0.23131046613896217,0.158311345646438,0.16578715919085313,0.4445910290237467
0.23151408450704225,0.1602112676056338,0.1694542253521127,0.43882042253521125
0.22889969067609367,0.1581970835174547,0.17101193106495802,0.4418912947414936
0.23746116289391922,0.15579227696404793,0.1744340878828229,0.43231247225920993
0.23413566739606126,0.15579868708971553,0.16892778993435448,0.44113785557986873
0.23529411764705882,0.1611062335381914,0.1672519754170325,0.4363476733977173
0.2350892468437092,0.16412712233347845,0.16978667827601218,0.43099695254680015
0.2393500219587176,0.16205533596837945,0.16996047430830039,0.42863416776460256
0.24119718309859156,0.1624119718309859,0.1694542253521127,0.4269366197183099
0.24210526315789474,0.16578947368421051,0.17017543859649123,0.4219298245614035
0.24121265377855888,0.16432337434094904,0.16915641476274165,0.4253075571177504
0.24078187472234563,0.15992892047978677,0.17370057752110174,0.4255886272767659
0.23821989528795812,0.16404886561954624,0.1736474694589878,0.42408376963350786
0.237117903930131,0.16375545851528384,0.17336244541484716,0.425764192139738
0.24019391802556192,0.1617452622300573,0.1745262230057294,0.4235345967386514
0.23931996512641673,0.16259808195292066,0.17698343504795117,0.4210985178727114
0.2466607301869991,0.16251113089937666,0.17853962600178094,0.41228851291184326
0.2458442694663167,0.16972878390201224,0.1815398075240595,0.40288713910761154
0.2481335090030742,0.16776460254721123,0.18708827404479578,0.3970136144049188
0.2533976326172731,0.16834721613327489,0.1841297676457694,0.3941253836036826
0.2531812198332602,0.16498464238701185,0.18560772268538833,0.39622641509433965
0.2515418502202643,0.17180616740088106,0.18237885462555067,0.394273127753304
0.2509907529722589,0.17437252311756934,0.17701453104359313,0.39762219286657857
0.2506631299734748,0.17108753315649866,0.1870026525198939,0.3912466843501326
0.2563876651982379,0.17444933920704847,0.186784140969163,0.38237885462555066
0.2508833922261484,0.1784452296819788,0.1868374558303887,0.3838339222614841
0.24572180781044317,0.17507678806494076,0.18560772268538833,0.39359368143922774
0.2478108581436077,0.17994746059544658,0.18782837127845883,0.38441330998248685
0.24923211935059236,0.18034225537516455,0.19043440105309345,0.3799912242211496
0.24659938569548048,0.18209741114523914,0.18911803422553752,0.3821851689337429
0.250771264874394,0.17981489643014545,0.1859850154252975,0.3834288232701631
0.2525164113785558,0.17811816192560176,0.18599562363238512,0.3833698030634573
0.2457777777777778,0.1768888888888889,0.18888888888888888,0.3884444444444444
0.24847428073234526,0.17567567567567569,0.1896251089799477,0.3862249346120314
0.25011027790030876,0.17865019850022057,0.19188354653727394,0.37935597706219676
0.25033229951262737,0.17766947275143996,0.19184758529020823,0.38015064244572444
0.2512056115738711,0.17799210872424376,0.19245944761069705,0.3783428320911881
0.252075141983390.100.17387505460899957,0.1913499344692005,0.382699868938401
0.2614980289093298,0.17608409986859397,0.18703460359176521,0.375383267630311
0.25444839857651247,0.17882562277580072,0.18727758007117437,0.37944839857651247
0.25120772946859904,0.17742643829600352,0.19060166886253843,0.380764163372859
0.25573192239858905,0.1763668430335097,0.1900352733686067,0.37786596119929455
0.25843188786684185,0.18134034165571616,0.18747262374069207,0.37275514673674986
0.2554131683605833,0.18250110472823686,0.18868758285461776,0.3733981440565621
0.25799386771791505,0.17564607971966711,0.18440648269820412,0.38195356986421375
0.2562199912701877,0.17590571802706242,0.18201658664338716,0.3858577040593627
0.26104240282685515,0.17270318021201414,0.18992932862190812,0.3763250883392226
0.27045149754135,0.16808225301743407,0.186410371032633,0.3750558784085829
0.26669615214506853,0.17160548429898276,0.19062361786819992,0.3710747456877488
0.2654945054945055,0.16791208791208792,0.19076923076923077,0.3758241758241758
0.2641014429383472,0.16615653694796678,0.19020550940096195,0.3795365107127241
0.2680683311432326,0.17082785808147175,0.18221638195356987,0.3788874288217258
0.2726870296591412,0.17220008853474988,0.18415227976980966,0.37096060203629927
0.2743362831858407,0.16902654867256636,0.18716814159292036,0.3694690265486726
0.27240618101545255,0.1664459161147903,0.18543046357615894,0.37571743929359824
0.2759078830823738,0.1705048715677591,0.1824623560673162,0.37112488928255094
0.2684772929652716,0.170080142475512,0.18967052537845058,0.3717720391807658
0.2699468085106383,0.1724290780141844,0.1879432624113475,0.3696808510638298
0.2687089715536105,0.1724288840262582,0.1864332603938731,0.37242888402625823
0.2724046140195209,0.17080745341614906,0.18899733806566105,0.367790594498669
0.2753178430512933,0.16703200350723366,0.1850065760631302,0.3726435773783428
0.269010989010989,0.17494505494505494,0.1832967032967033,0.37274725274725273
0.2712461470717745,0.16996917657419638,0.18273888154997797,0.3760457948040511
0.2752414398595259,0.16856892010535557,0.1769095697980685,0.37928007023705007
0.27224901359053044,0.16352476983779043,0.17404647084612013,0.39017974572555897
0.27232732072151344,0.16542014958205015,0.17861856577210736,0.3836339639243291
0.27152899824253074,0.16608084358523725,0.17750439367311072,0.38488576449912126
0.2762114537444934,0.16343612334801763,0.17929515418502204,0.381057268722467
0.26803672933974637,0.16878006121556624,0.18233493659816352,0.38084827284652384
0.2697715289982425,0.16915641476274165,0.17838312829525482,0.38268892794376097
0.2712532865907099,0.16958808063102543,0.1757230499561788,0.3834355828220859
0.2706140350877193,0.16447368421052633,0.17982456140350878,0.3850877192982456
0.2752212389380531,0.16327433628318583,0.1827433628318584,0.3787610619469027
0.2857766143106457,0.15706806282722513,0.1793193717277487,0.37783595113438045
0.28040689960194604,0.15966386554621848,0.1760283060592658,0.38390092879256965
0.27966475518306133,0.1658579620644023,0.17865019850022057,0.3758270842523158
0.2809335094671951,0.16732716864817263,0.17789520035226772,0.37384412153236457
0.2790091264667536,0.17253368100825728,0.18339852238157323,0.3650586701434159
0.28078602620087334,0.1720524017467249,0.1794759825327511,0.36768558951965064
0.2857775808595481,0.17545414266725742,0.17855560478511298,0.3602126716880815
0.28125,0.1756161971830986,0.18089788732394366,0.36223591549295775
0.2845849802371542,0.1756697408871322,0.18401405357927098,0.3557312252964427
0.2884275618374558,0.17491166077738515,0.1868374558303887,0.3498233215547703
0.2845918812745526,0.17285028371890004,0.19030990833697076,0.3522479266695766
0.2820738137082601,0.171792618629174,0.19244288224956063,0.35369068541300525
0.28023203926818385,0.1686746987951807,0.19410977242302543,0.35698348951361
0.27991266375545854,0.16550218340611353,0.19388646288209607,0.36069868995633186
0.282233052724856,0.16703588834736377,0.1891891891891892,0.36154186973859104
0.2740088105726872,0.17400881057268722,0.1920704845814978,0.35991189427312775
0.27344782034346105,0.17217084984588288,0.19462791721708497,0.35975341259357113
0.27304499781564,0.1673219746614242,0.19353429445172565,0.36609873307121016
0.27288810260946483,0.16806722689075632,0.19814241486068113,0.3609022556390977
0.2707597173144876,0.1696113074204947,0.20008833922261485,0.35954063604240283
0.2687417799210872,0.17448487505480054,0.1955282770714599,0.3612450679526523
0.271960958296362,0.1699201419698314,0.1960958296362023,0.36202307009760426
0.27104451300132215,0.17100044072278536,0.19303657999118554,0.3649184662847069
0.27256715103478646,0.17261118450022017,0.1919859092910612,0.3628357551739322
0.2824258521469677,0.17042939353696326,0.1899070385126162,0.35723771580345287
0.2879120879120879,0.16307692307692306,0.18725274725274726,0.3617582417582418
0.28852889667250436,0.1659369527145359,0.18957968476357268,0.35595446584938706
0.29028021015761823,0.16549912434325745,0.1904553415061296,0.35376532399299476
0.2845315904139434,0.17037037037037037,0.19084967320261437,0.3542483660130719
0.28659885006634234,0.17381689517912427,0.18796992481203006,0.3516143299425033
0.28464912280701754,0.17192982456140352,0.18903508771929825,0.3543859649122807
0.28307692307692306,0.17098901098901098,0.18769230769230769,0.35824175824175825
0.27657697397441555,0.17379797088663432,0.1905602117335686,0.3590648434053816
0.27758164165931154,0.17122683142100617,0.19285083848190646,0.35834068843777583
0.26613965744400525,0.17786561264822134,0.1945542380324989,0.3614404918752745
0.2719336534264513,0.18070711479703186,0.1951113051069402,0.3522479266695766
0.27571115973741794,0.17943107221006566,0.1912472647702407,0.3536105032822757
0.2773146116717859,0.1755155770074594,0.19833260201842914,0.3488372093023256
0.2745183887915937,0.17819614711033274,0.19921190893169877,0.3480735551663748
0.2751531058617673,0.17585301837270342,0.199912510936133,0.34908136482939633
0.2654945054945055,0.17362637362637362,0.20703296703296703,0.35384615384615387
0.2657558395769061,0.1736447774349934,0.20185103569854562,0.35874834728955485
0.2682926829268293,0.17465156794425088,0.20862369337979095,0.34843205574912894
0.2654945054945055,0.17274725274725275,0.2123076923076923,0.34945054945054943
0.2706866197183099,0.1756161971830986,0.2112676056338028,0.34242957746478875
0.2689075630252101,0.1760283060592658,0.21450685537372843,0.34055727554179566
0.2703900709219858,0.17420212765957446,0.21719858156028368,0.33820921985815605
0.26810004387889425,0.17507678806494076,0.2150065818341378,0.3418165862220272
0.2651080723423026,0.17820908689898543,0.211733568592854,0.34494927216585797
0.26104240282685515,0.18065371024734983,0.21952296819787986,0.3387809187279152
0.26362038664323373,0.18014059753954306,0.22056239015817222,0.335676625659051
0.2592429577464789,0.18045774647887325,0.22007042253521128,0.3402288732394366
0.26233881725211206,0.18052467763450422,0.2223210315695865,0.33481547354379726
0.2696035242290749,0.17797356828193833,0.21674008810572687,0.3356828193832599
0.26919682259488087,0.18005295675198588,0.21535745807590467,0.3353927625772286
0.26992514310876264,0.1805372082782915,0.21136063408190225,0.3381770145310436
0.27356020942408377,0.17975567190226877,0.2081151832460733,0.33856893542757416
0.2789661319073084,0.1769162210338681,0.21345811051693406,0.3306595365418895
0.27676240208877284,0.17580504786771106,0.21671018276762402,0.3307223672758921
0.2755417956656347,0.18133569217160547,0.21450685537372843,0.32861565678903143
0.27918118466898956,0.18641114982578397,0.20601045296167247,0.32839721254355403
0.26926483613817537,0.18556244464127547,0.2121346324180691,0.3330380868024801
0.26780253385757974,0.18173875054608998,0.21581476627348187,0.3346439493228484
0.2775290957923008,0.18084153983885407,0.211727842435094,0.3299015219337511
0.2754069511658601,0.18081830180378355,0.21381434227892654,0.32996040475142985
0.27292481529769663,0.1877444589308996,0.21121251629726207,0.32811820947414166
0.2693321616871705,0.18760984182776802,0.21528998242530756,0.327768014059754
0.2628797886393659,0.1933069132540731,0.2175253192426244,0.32628797886393657
0.2625055334218681,0.1983178397521027,0.217352810978309,0.32182381584772024
0.2644880174291939,0.19869281045751633,0.2178649237472767,0.31895424836601305
0.2707231040564374,0.19620811287477954,0.2173721340388007,0.31569664902998235
0.26672496720594663,0.19676432006996064,0.2155662439877569,0.3209444687363358
0.27025823686553874,0.19634906500445237,0.21772039180765806,0.3156723063223508
0.2733333333333333,0.19066666666666668,0.2222222222222222,0.31377777777777777
0.27817213842058564,0.18766637089618457,0.22138420585625554,0.31277728482697426
0.27718832891246686,0.1883289124668435,0.22192749778956675,0.3125552608311229
0.2761989342806394,0.19271758436944939,0.22158081705150978,0.3095026642984014
0.27420774647887325,0.19234154929577466,0.22183098591549297,0.31161971830985913
0.27372583479789103,0.1968365553602812,0.22144112478031636,0.30799648506151145
0.26848591549295775,0.19982394366197184,0.2266725352112676,0.3050176056338028
0.2745974955277281,0.1981216457960644,0.2204830053667263,0.3067978533094812
0.2780487804878049,0.19689578713968958,0.22084257206208427,0.3042128603104213
0.2760575665067597,0.1966855647623201,0.22154382904491932,0.3057130396860009
0.27709251101321586,0.19823788546255505,0.2211453744493392,0.30352422907488985
0.2753623188405797,0.19675010979358806,0.22266139657444006,0.3052261747913922
0.27132805628847845,0.20184696569920843,0.2233948988566403,0.3034300791556728
0.270222999562746,0.20157411456055968,0.2195015303891561,0.30870135548753824
0.27132805628847845,0.2009674582233949,0.22075637642919965,0.306948109058927
0.2711031710585083,0.20187583742742296,0.21661456007146046,0.3104064314426083
0.2673179396092362,0.2002664298401421,0.22202486678507993,0.31039076376554176
0.26090750436300175,0.20113438045375218,0.22600349040139617,0.31195462478184993
0.26625386996904027,0.2043343653250774,0.22158337019018134,0.30782839451570104
0.2581786030061892,0.20203359858532272,0.22502210433244915,0.3147656940760389
0.2578809106830123,0.20490367775831875,0.22810858143607707,0.30910683012259194
0.2619047619047619,0.20149911816578484,0.222663139329806,0.31393298059964725
0.2616946160635481,0.20211827007943514,0.2228596646072374,0.31332744924977934
0.26037069726390116,0.1994704324801412,0.22462488967343336,0.3155339805825243
0.2588183421516755,0.20105820105820105,0.2279541446208113,0.31216931216931215
0.26005244755244755,0.20279720279720279,0.22465034965034966,0.3125
0.26513840830449825,0.2041522491349481,0.222318339100346,0.3083910034602076
0.26325088339222613,0.2058303886925795,0.22438162544169613,0.30653710247349825
0.26215738284703805,0.19805481874447392,0.22679045092838196,0.3129973474801061
0.2587873462214411,0.20298769771529,0.22627416520210897,0.31195079086115995
0.2589676290463692,0.20953630796150483,0.22397200349956256,0.30752405949256345
0.2548076923076923,0.208479020979021,0.22377622377622378,0.3129370629370629
0.25631929046563195,0.20266075388026608,0.22838137472283815,0.31263858093126384
0.2564551422319475,0.20568927789934355,0.23282275711159736,0.3050328227571116
0.25746924428822493,0.20826010544815465,0.22715289982425307,0.3071177504393673
0.2594853903183602,0.2093327518534671,0.2250327082424771,0.3061491495856956
0.25992150021805493,0.206279982555604,0.2245965983427824,0.30920191888355864
0.25362637362637364,0.21142857142857144,0.2246153846153846,0.31032967032967035
0.25542275343072157,0.21248339973439576,0.22797698096502877,0.3041168658698539
0.25296964364276286,0.21073471183457984,0.22701275846898372,0.30928288605367354
0.2534337616304829,0.20203810367744793,0.23128046078865752,0.3132476739034116
0.2555066079295154,0.19823788546255505,0.23392070484581498,0.31233480176211453
0.25155832591273375,0.19545859305431879,0.2341941228851291,0.3187889581478183
0.2539612676056338,0.19454225352112675,0.23723591549295775,0.3142605633802817
0.2519929140832595,0.20194862710363154,0.24180690876882197,0.304251550044287
0.24944812362030905,0.1986754966887417,0.2423841059602649,0.30949227373068433
0.25044014084507044,0.198943661971831,0.2425176056338028,0.30809859154929575
0.25231992929739283,0.19619973486522316,0.24392399469730447,0.3075563411400795
0.24802458296751537,0.19534679543459174,0.24846356453028973,0.30816505706760317
0.2451669595782074,0.1968365553602812,0.24956063268892795,0.3084358523725835
0.2447089947089947,0.19576719576719576,0.25044091710758376,0.3090828924162258
0.24670184696569922,0.19832893579595426,0.24758135444151275,0.3073878627968338
0.2478146853146853,0.19405594405594406,0.24431818181818182,0.3138111888111888
0.2510936132983377,0.19335083114610674,0.2440944881889764,0.3114610673665792
0.25398230088495577,0.18539823008849557,0.2415929203539823,0.31902654867256636
0.25728155339805825,0.18270079435127978,0.2418358340688438,0.3181818181818182
0.2549019607843137,0.17908496732026144,0.24313725490196078,0.32287581699346407
0.25888547608600265,0.1834137779727951,0.24177270732777534,0.31592803861342694
0.25548726953467954,0.18568920105355574,0.23968393327480245,0.31913959613696224
0.26107942079859586,0.18473014480035102,0.2360684510750329,0.3181219833260202
0.2574823943661972,0.18309859154929578,0.24119718309859156,0.3182218309859155
0.25958572058175405,0.18201851035698546,0.24151608638166594,0.31687968267959454
0.2612372051624388,0.18157543391188252,0.23809523809523808,0.3190921228304406
0.26054481546572933,0.18189806678383127,0.23945518453427064,0.3181019332161687
0.25165562913907286,0.1880794701986755,0.23841059602649006,0.3218543046357616
0.25240174672489085,0.19213973799126638,0.23624454148471616,0.31921397379912664
0.24590888987173817,0.19548872180451127,0.23971693940734187,0.3188854489164087
0.25326939843068874,0.1970357454228422,0.23365300784655624,0.31604184829991283
0.2531700918233494,0.19807608220376038,0.23261915172715347,0.31613467424573677
0.251105216622458,0.1945181255526083,0.23297966401414677,0.3213969938107869
0.2552724077328647,0.1937609841827768,0.23286467486818982,0.3181019332161687
0.24922805469783854,0.19320688134097927,0.2364358182620203,0.3211292456991619
0.24438573315719947,0.1906649053280493,0.23910171730515192,0.3258476442095993
0.2405848471422242,0.1896322552060257,0.24501550731058927,0.3247673903411608
0.23654015887025595,0.19240953221535745,0.24624889673433362,0.324801412180053
0.23638778220451528,0.18902169101372288,0.24833997343957503,0.32625055334218683
0.23830345430695235,0.18627022299956275,0.2435505028421513,0.33187581985133363
0.23662461939973903,0.19399739016963896,0.24227925184862983,0.3270987385819922
0.23591549295774647,0.1932218309859155,0.2438380281690141,0.32702464788732394
0.2409372236958444,0.1940760389036251,0.2382847038019452,0.3267020335985853
0.24040582267313632,0.19320688134097927,0.23908248786943095,0.32730480811645346
0.23954205195948922,0.18846323205636284,0.242184059885513,0.32981065609863497
0.24270152505446624,0.18910675381263617,0.23921568627450981,0.3289760348583878
0.2418358340688438,0.18358340688437777,0.2444836716681377,0.3300970873786408
0.23885209713024283,0.18101545253863136,0.2401766004415011,0.33995584988962474
0.23902439024390243,0.18093126385809313,0.2407982261640798,0.3392461197339246
0.24342105263157895,0.17543859649122806,0.24385964912280703,0.33728070175438596
0.2462356067316209,0.17404782993799822,0.24136403897254208,0.3383525243578388
0.24573677306515085,0.17402710975076519,0.24180148666375165,0.3384346305203323
0.24824868651488616,0.175569176882662,0.2434325744308231,0.3327495621716287
0.24525805028672254,0.17820908689898543,0.23775915306572562,0.3387737097485664
0.242263483642794,0.1812555260831123,0.2413793103448276,0.33510167992926615
0.24617402710975075,0.18058592041976387,0.23874070835155226,0.3344993441189331
0.2438380281690141,0.18397887323943662,0.24339788732394366,0.3287852112676056
0.24344405594405594,0.18312937062937062,0.23732517482517482,0.3361013986013986
0.24626209322779244,0.18733509234828497,0.2357080035180299,0.3306948109058927
0.24582967515364354,0.19095697980684812,0.22519754170324846,0.33801580333625986
0.2384310268840899,0.1881886293521375,0.2371088585279859,0.3362714852357867
0.24285085789705230.0.18829740431148262,0.2353717553893533,0.33347998240211174
0.24527472527472527,0.18857142857142858,0.23736263736263735,0.32879120879120877
0.24529951902055094,0.19064276344556186,0.23611718408395277,0.3279405334499344
0.25264084507042256,0.18705985915492956,0.23415492957746478,0.3261443661971831
0.2521891418563923,0.19176882661996497,0.23073555166374782,0.3253064798598949
0.25265486725663716,0.1902654867256637,0.23584070796460177,0.32123893805309733
0.24802110817941952,0.1917326297273527,0.23834652594547054,0.32189973614775724
0.25198237885462554,0.19162995594713655,0.23392070484581498,0.3224669603524229
0.2537379067722076,0.18249780123131046,0.23614775725593667,0.3276165347405453
0.2552910052910053,0.18165784832451498,0.22971781305114639,0.3333333333333333
0.25353356890459366,0.18021201413427562,0.2332155477031802,0.3330388692579505
0.2552724077328647,0.18365553602811951,0.23374340949033393,0.3273286467486819
0.25963668586619404,0.18387239698715108,0.2361541869738591,0.32033673017279574
0.25758241758241757,0.18681318681318682,0.2347252747252747,0.3208791208791209
0.25408028231142477,0.1905602117335686,0.23026025584472873,0.3250992501102779
0.25418502202643173,0.19339207048458149,0.2290748898678414,0.3233480176211454
0.25087260034904013,0.19546247818499127,0.2299301919720768,0.3237347294938918
0.25,0.20017482517482518,0.23426573426573427,0.3155594405594406
0.2490170380078637,0.20401922236784623,0.23503713411970292,0.3119266055045872
0.24684919600173838,0.20165145588874403,0.23424598000869187,0.3172533681008257
0.2419850680720246,0.1963109354413702,0.24022837066315328,0.3214756258234519
0.23748902546093065,0.19534679543459174,0.23968393327480245,0.32748024582967517
0.23972003499562555,0.19553805774278216,0.24146981627296588,0.3232720909886264
0.24022837066315328,0.1963109354413702,0.24725516029863856,0.31620553359683795
0.23899647887323944,0.19674295774647887,0.24955985915492956,0.3147007042253521
0.23987676056338028,0.19190140845070422,0.24647887323943662,0.3217429577464789
0.24185022026431718,0.18898678414096917,0.2422907488986784,0.32687224669603526
0.24614707177454867,0.18846323205636284,0.2413033905768384,0.3240863055922501
0.251211987659762,0.19259585720581754,0.2357866901718819,0.3204054649625386
0.2572944297082228,0.1900972590627763,0.24182139699381078,0.3107869142351901
0.25353356890459366,0.19434628975265017,0.24072438162544169,0.3113957597173145
0.2551602986385595,0.19411506368028106,0.23891084760649978,0.31181379007465965
0.25393356643356646,0.19624125874125875,0.23645104895104896,0.3133741258741259
0.25278148642634624,0.19715175789942144,0.24477080551846908,0.3052959501557632
0.2566915313734094,0.20096533567354102,0.2395787626151821,0.30276437033786746
0.25518763796909494,0.19823399558498897,0.2401766004415011,0.306401766004415
0.25719267654751526,0.1974716652136007,0.24106364428945073,0.3042720139494333
0.2567032967032967,0.20131868131868133,0.23736263736263735,0.3046153846153846
0.25470459518599564,0.19606126914660832,0.23851203501094093,0.31072210065645517
0.2543046357615894,0.1969094922737307,0.24194260485651214,0.3068432671081678
0.25657015590200444,0.18975501113585747,0.24587973273942093,0.30779510022271717
0.2505465675557499,0.1888937472671622,0.2479230432881504,0.31263664188893747
0.2530647985989492,0.18957968476357268,0.24824868651488616,0.30910683012259194
0.2435505028421513,0.19020550940096195,0.24836029733275033,0.31788369042413644
0.2424507658643326,0.19562363238512034,0.24770240700218818,0.31422319474835886
0.24298245614035088,0.19649122807017544,0.24210526315789474,0.31842105263157894
0.24453193350831146,0.19510061242344706,0.24671916010498687,0.3136482939632546
0.24250440917107582,0.20502645502645503,0.2429453262786596,0.30952380952380953
0.24637043554773427,0.20061592608886933,0.24725032996040475,0.30576330840299165
0.24177270732777534,0.19482229047827995,0.25186485300570427,0.31154014918824047
0.2394491337183474,0.19813416259440247,0.25233229675699687,0.31008440693025324
0.2363238512035011,0.19956236323851204,0.25733041575492344,0.3067833698030635
0.2421564295183385,0.1935483870967742,0.2558550596553248,0.30844012372956253
0.23799126637554585,0.19694323144104803,0.25851528384279476,0.30655021834061136
0.23788546255506607,0.19911894273127753,0.25903083700440527,0.3039647577092511
0.24078947368421053,0.20087719298245615,0.24956140350877193,0.3087719298245614
0.24072438162544169,0.19522968197879859,0.2597173144876325,0.3043286219081272
0.2411660777385159,0.19478798586572438,0.2575088339222615,0.30653710247349825
0.247001332741004,0.1950244335850733,0.25099955575299865,0.30697467792092403
0.2495590828924162,0.1966490299823633,0.24867724867724866,0.30511463844797176
0.2557218309859155,0.19762323943661972,0.24779929577464788,0.2988556338028169
0.25186485300570427,0.19877139096094779,0.24703817463799913,0.3023255813953488
0.2581211589113257,0.19271290605794555,0.24451273046532046,0.30465320456540823
0.2543706293706294,0.19318181818181818,0.2504370629370629,0.30201048951048953
0.25396825396825395,0.19620811287477954,0.2495590828924162,0.3002645502645503
0.25,0.19391304347826088,0.24869565217391304,0.3073913043478261
0.24889673433362755,0.19814651368049427,0.2502206531332745,0.3027360988526037
0.2554131683605833,0.2010605391073796,0.2421564295183385,0.3013698630136986
0.25132042253521125,0.20378521126760563,0.24471830985915494,0.3001760563380282
0.2482456140350877,0.20394736842105263,0.24473684210526317,0.3030701754385965
0.24624889673433362,0.205648720211827,0.24757281553398058,0.30052956751985876
0.24396665204036858,0.2053532250987275,0.25010969723562965,0.30057042562527425
0.24524125719344844,0.2067286409915892,0.24302788844621515,0.3050022133687472
0.24162257495590828,0.20987654320987653,0.2464726631393298,0.3020282186948854
0.23987676056338028,0.2051056338028169,0.24647887323943662,0.3085387323943662
0.24281291463954002,0.20787262273330384,0.2547545333923043,0.29455992923485186
0.2454905411350638,0.20765508139023317,0.2512098548174219,0.29564452265728114
0.2360684510750329,0.21237384817902588,0.25713032031592803,0.29442738043001315
0.2390158172231986,0.2038664323374341,0.2609841827768014,0.2961335676625659
0.24331433581762385,0.20780359491451117,0.25602805786935556,0.2928540113985094
0.24339788732394366,0.20818661971830985,0.25528169014084506,0.29313380281690143
0.2366412213740458,0.21014818140996858,0.2590929501571621,0.29411764705882354
0.24026258205689277,0.21400437636761488,0.25557986870897154,0.2901531728665208
0.23283450704225353,0.21214788732394366,0.26188380281690143,0.29313380281690143
0.2352168199737188,0.20630749014454666,0.26018396846254926,0.2982917214191853
0.23352247926669575,0.20951549541684852,0.2618943692710607,0.29506765604539503
0.23124177270732776,0.2114962702939886,0.2663448881088197,0.29091706888986396
0.23746116289391922,0.21127385707944962,0.26054150022192635,0.29072347980470487
0.2447089947089947,0.2072310405643739,0.25440917107583777,0.29365079365079366
0.24592331423534597,0.2119876597620097,0.25650066108417807,0.2855883649184663
0.24305555555555555,0.2113715277777778,0.2599826388888889,0.2855902777777778
0.24045634050021938,0.2114962702939886,0.26458973233874505,0.28345765686704694
0.2403718459495352,0.20717131474103587,0.26206285967242143,0.2903939796370075
0.23374340949033393,0.2069420035149385,0.2618629173989455,0.29745166959578206
0.2414398595258999,0.20939420544337137,0.2585601404741001,0.2906057945566286
0.24206349206349206,0.20855379188712522,0.25573192239858905,0.29365079365079366
0.24287593160894344,0.21131082858395442,0.25558965366067515,0.290223586146427
0.24490699734278124,0.21257750221434898,0.25110717449069975,0.2914083259521701
0.2439347154830172,0.2046757829730922,0.2514336127040141,0.2999558888398765
0.2409532215357458,0.19902912621359223,0.25154457193292146,0.3084730803177405
0.24258521469676847,0.1983178397521027,0.24922532093846836,0.3098716246126605
0.24735915492957747,0.1949823943661972,0.25132042253521125,0.30633802816901406
0.24945006599208094,0.19049714034315882,0.2512098548174219,0.3088429388473383
0.24185022026431718,0.19251101321585903,0.25066079295154187,0.31497797356828194
0.24163732394366197,0.19454225352112675,0.24955985915492956,0.3142605633802817
0.2401242787394585,0.19263204616067467,0.255659121171771,0.31158455392809586
0.24280732345248474,0.1979075850043592,0.25239755884917175,0.30688753269398433
0.24177777777777779,0.19555555555555557,0.25244444444444447,0.31022222222222223
0.2429453262786596,0.20282186948853614,0.24779541446208111,0.3064373897707231
0.24234470691163604,0.19772528433945757,0.2541557305336833,0.30577427821522307
0.24649122807017543,0.1986842105263158,0.24605263157894736,0.3087719298245614
0.24746807573756055,0.19771025979744605,0.24834874504623514,0.30647291941875826
0.249670908293111,0.20403685827117157,0.24528301886792453,0.3010092145677929
0.2450592885375494,0.20245937637241984,0.24418093983311376,0.308300395256917
0.24405286343612334,0.19911894273127753,0.2511013215859031,0.30572687224669604
0.24945391000436873,0.19484491044124072,0.24508519003931847,0.3106159895150721
0.24967205946655008,0.19676432006996064,0.24486226497595104,0.30870135548753824
0.24769433465085638,0.1985068072024594,0.2481335090030742,0.30566534914361
0.24868421052631579,0.1956140350877193,0.24912280701754386,0.30657894736842106
0.2519788918205805,0.193051890941073,0.24890061565523308,0.30606860158311344
0.2503317116320212,0.19504643962848298,0.25342768686421935,0.3011941618752764
0.24922941435490972,0.19859092910612064,0.24878907970057243,0.3033905768383972
0.25308098591549294,0.19454225352112675,0.24647887323943662,0.3058978873239437
0.2482300884955752,0.19690265486725664,0.2517699115044248,0.3030973451327434
0.25088028169014087,0.19850352112676056,0.24339788732394366,0.30721830985915494
0.2474591250552364,0.19973486522315512,0.2465753424657534,0.30623066725585507
0.2508787346221441,0.20035149384885764,0.24253075571177504,0.3062390158172232
0.2545213939126599,0.19894133215703572,0.24261138067931187,0.3039258932509925
0.25601750547045954,0.19474835886214442,0.24551422319474836,0.3037199124726477
0.2559860687853722,0.19721375707444494,0.24379625598606877,0.30300391815411404
0.2523281596452328,0.1973392461197339,0.2443458980044346,0.30598669623059865
0.2522007042253521,0.19630281690140844,0.2442781690140845,0.30721830985915494
0.25636523266022826,0.19271290605794555,0.2440737489025461,0.30684811237928006
0.26094648385670055,0.19327731092436976,0.24723573639982308,0.29854046881910656
0.25917735515258733,0.19239274657231314,0.24413976116762495,0.30429013710747455
0.26123348017621145,0.19559471365638767,0.24185022026431718,0.3013215859030837
0.25934163701067614,0.19750889679715303,0.23798932384341637,0.30516014234875444
0.26555652936021035,0.18930762489044697,0.24233128834355827,0.3028045574057844
0.26527958387516254,0.18768964022540097,0.2423060251408756,0.3047247507585609
0.2656042496679947,0.19256308100929614,0.23992917220008853,0.3019034971226206
0.26162018592297476,0.18946436476316955,0.2434705621956618,0.3054448871181939
0.261978021978022,0.19472527472527473,0.24395604395604395,0.29934065934065934
0.25457715780296425,0.1965998256320837,0.24629468177855274,0.3025283347863993
0.25961963732861565,0.19991154356479435,0.2410437859354268,0.2994250331711632
0.2624890446976337,0.19456617002629273,0.23838737949167396,0.30455740578439966
0.2672527472527473,0.1934065934065934,0.2312087912087912,0.30813186813186816
0.2655417406749556,0.18561278863232683,0.23401420959147423,0.3148312611012433
0.2723292469352014,0.18826619964973731,0.23117338003502627,0.30823117338003503
0.27557683935568134,0.1889420983892033,0.239007400957771,0.29647366129734437
0.2755102040816326,0.19165927240461403,0.23425022182786157,0.2985803016858917
0.27633318642573823,0.19391802556192156,0.23402379903040987,0.2957249889819304
0.27073277753400615,0.20359806932865293,0.22817025010969724,0.2974989030276437
0.27183161665920286,0.20331392745185847,0.23331840573219884,0.29153605015673983
0.2679195804195804,0.2089160839160839,0.23295454545454544,0.2902097902097902
0.27292768959435626,0.20590828924162258,0.23059964726631393,0.29056437389770723
0.2724867724867725,0.20679012345679013,0.23368606701940034,0.28703703703703703
0.2742782152230971,0.2047244094488189,0.23228346456692914,0.2887139107611549
0.2793417063663924,0.20095279341706365,0.22823733217843223,0.29146816803811176
0.2732481269281622,0.20493609519612163,0.22829440282062582,0.29352137505509035
0.2785651018600531,0.20637732506643047,0.22320637732506643,0.29185119574845
0.2850877192982456,0.20701754385964913,0.22412280701754386,0.2837719298245614
0.2785368003525782,0.2119876597620097,0.22080211546936976,0.2886734244160423
0.2793859649122807,0.20964912280701756,0.22236842105263158,0.2885964912280702
0.2648221343873518,0.2103645147123408,0.23276240667545015,0.2920509442248573
0.26067811536767943,0.20959929546455305,0.23601937472479084,0.29370321444297665
0.2570298769771529,0.21045694200351495,0.22978910369068542,0.30272407732864676
0.2604817127564674,0.215878679750223,0.2310437109723461,0.2925958965209634
0.26443768996960487,0.21189752496743378,0.2262266608771168,0.29743812418584453
0.2663405958203646,0.2089817696754113,0.2254335260115607,0.2992441084926634
0.26166148378498444,0.21057307863171923,0.22878720568636163,0.2989782318969347
0.25719344842850816,0.21248339973439576,0.22620628596724215,0.3041168658698539
0.2626970227670753,0.20928196147110334,0.22723292469352013,0.30078809106830123
0.2623524267599475,0.20857017927415827,0.22737210319195453,0.30170529077393965
0.26037069726390116,0.21315092674315975,0.22815533980582525,0.29832303618711387
0.2600441501103753,0.21545253863134659,0.22781456953642384,0.29668874172185433
0.26239578762615184,0.21193505923650724,0.225976305397104,0.29969284774023697
0.2609078889378581,0.20978404583516969,0.22873512560599382,0.3005729396209784
0.26362038664323373,0.2126537785588752,0.22539543057996486,0.29833040421792617
0.25704225352112675,0.20950704225352113,0.23151408450704225,0.3019366197183099
0.2614089499335401,0.20779796189632255,0.2303943287549845,0.30039875941515287
0.25914499779638606,0.20493609519612163,0.23182018510356986,0.30409872190392245
0.26225919439579687,0.19921190893169877,0.22898423817863398,0.3095446584938704
0.2606219886114761,0.1988611476127902,0.2325886990801577,0.307928164695576
0.26961858833844804,0.1955282770714599,0.2341078474353354,0.3007452871547567
0.27132805628847845,0.1948109058927001,0.2339489885664028,0.29991204925241866
0.2752659574468085,0.19281914893617022,0.23049645390070922,0.30141843971631205
0.2795085563843791,0.18867924528301888,0.22817025010969724,0.3036419482229048
0.28001752848378614,0.18799298860648553,0.2283085013146363,0.30368098159509205
0.2772887323943662,0.1914612676056338,0.22975352112676056,0.30149647887323944
0.276,0.19377777777777777,0.228,0.3022222222222222
0.2698763250883392,0.19257950530035337,0.2230565371024735,0.31448763250883394
0.2764654418197725,0.19160104986876642,0.21128608923884515,0.3206474190726159
0.2757255936675462,0.1948109058927001,0.21284080914687775,0.316622691292876
0.2712765957446808,0.18927304964539007,0.21187943262411346,0.3275709219858156
0.27128363475959416,0.1985002205558006,0.20776356418173797,0.32245258050286724
