C,D,Oc,Od
0.0,1.0,0.0,0.0
0.0,1.0,0.0,0.0
0.0,0.8888888888888888,0.1111111111111111,0.0
0.0,0.8125,0.1875,0.0
0.06896551724137931,0.7241379310344828,0.20689655172413793,0.0
0.0784313725490196,0.6666666666666666,0.2549019607843137,0.0
0.06896551724137931,0.6551724137931034,0.25287356321839083,0.022988505747126436
0.08943089430894309,0.5934959349593496,0.2845528455284553,0.032520325203252036
0.1144578313253012,0.5421686746987951,0.30120481927710846,0.04216867469879518
0.11392405063291139,0.5274261603375527,0.3080168776371308,0.05063291139240506
0.11538461538461539,0.49038461538461536,0.3269230769230769,0.0673076923076923
0.13701923076923078,0.45913461538461536,0.32211538461538464,0.08173076923076923
0.14728682170542637,0.4496124031007752,0.3081395348837209,0.09496124031007752
0.15275590551181104,0.4220472440944882,0.31496062992125984,0.11023622047244094
0.1601513240857503,0.4060529634300126,0.31778058007566207,0.11601513240857503
0.17647058823529413,0.3893048128342246,0.31978609625668447,0.1144385026737968
0.18396226415094338,0.37169811320754714,0.3283018867924528,0.1160377358490566
0.19836065573770492,0.3614754098360656,0.32704918032786884,0.11311475409836065
0.2187039764359352,0.35125184094256257,0.31516936671575846,0.11487481590574374
0.2243547319655857,0.34083388484447386,0.31502316346790205,0.11978821972203839
0.2326555023923445,0.3307416267942584,0.3187799043062201,0.11782296650717704
0.24160704457897633,0.3230599889928453,0.3148046230049532,0.12052834342322509
0.25090720580611714,0.3167444271643339,0.3068947641264904,0.12545360290305857
0.2590953785644051,0.3053097345132743,0.3053097345132743,0.1302851524090462
0.2661251791686574,0.305303392259914,0.29383659818442426,0.1347348303870043
0.2745731425934472,0.30133825565297645,0.2921089063221043,0.1319796954314721
0.27680574248541945,0.2983400628084343,0.2889187976671153,0.13593539703903096
0.27849223946784923,0.2917960088691796,0.28780487804878047,0.1419068736141907
0.28546177640300485,0.29120636323464427,0.28104286345558993,0.14228899690676095
0.2800528401585205,0.28753852928225454,0.2848965213562307,0.14751210920299426
0.27855887521968364,0.28690685413005274,0.28295254833040423,0.1515817223198594
0.2722880983750549,0.2872200263504611,0.2845849802371542,0.15590689503732982
0.27816901408450706,0.28169014084507044,0.28169014084507044,0.15845070422535212
0.2756152125279642,0.28859060402684567,0.28008948545861295,0.15570469798657718
0.2784417884019478,0.2810978308986277,0.28508189464364764,0.1553784860557769
0.2826086956521739,0.2883762200532387,0.2755102040816326,0.15350488021295475
0.28180212014134276,0.2840106007067138,0.2751766784452297,0.15901060070671377
0.2784865816102068,0.2886053673559173,0.2745270567531896,0.1583809942806863
0.2798064232292125,0.2864056313242411,0.267927848658161,0.1658600967883854
0.27470093043863536,0.28799291094373064,0.2764731945059814,0.16083296411165263
0.27697684578418524,0.2857142857142857,0.27304499781564,0.16426387068588905
0.2775098640946953,0.2867163524769838,0.26742656729504605,0.16834721613327489
0.2722880983750549,0.28370663153271847,0.2678963548528766,0.17610891523935002
0.27388815499779834,0.2866578599735799,0.2668428005284016,0.17261118450022017
0.27516483516483514,0.2826373626373626,0.26593406593406593,0.17626373626373626
0.2765496315561335,0.28305158214130904,0.2670134373645427,0.17338534893801474
0.2780960775672102,0.2842661965623623,0.26795945350374617,0.16967827236668137
0.27641921397379915,0.2781659388646288,0.2698689956331878,0.17554585152838428
0.28174603174603174,0.2768959435626102,0.26322751322751325,0.1781305114638448
0.27762923351158647,0.28342245989304815,0.2629233511586453,0.17602495543672014
0.2763731473408893,0.2833478639930253,0.2611159546643418,0.1791630340017437
0.2798756108396268,0.27676588183029766,0.2621057307863172,0.18125277654375832
0.2743362831858407,0.28008849557522125,0.2628318584070796,0.1827433628318584
0.2754517408550022,0.28118113706478626,0.25429704715733803,0.1890700749228735
0.2736471623405191,0.28244610646722396,0.25692916849978004,0.1869775626924769
0.27472527472527475,0.28483516483516486,0.25362637362637364,0.18681318681318682
0.2696678321678322,0.291520979020979,0.2534965034965035,0.1853146853146853
0.26992514310876264,0.2906208718626156,0.2571554381329811,0.18229854689564068
0.2743207712532866,0.2900964066608238,0.2581069237510955,0.17747589833479405
0.27456140350877195,0.2837719298245614,0.25921052631578945,0.1824561403508772
0.28127772848269744,0.28660159716060335,0.2577639751552795,0.1743566992014197
0.27324561403508774,0.28903508771929826,0.2574561403508772,0.18026315789473685
0.27312775330396477,0.2872246696035242,0.25726872246696036,0.18237885462555067
0.2715994683207798,0.28799291094373064,0.256978289765175,0.18342933097031458
0.2755905511811024,0.28302712160979876,0.2585301837270341,0.18285214348206474
0.27436347673397715,0.28314310798946446,0.25636523266022826,0.1861281826163301
0.27391874180865006,0.2835299257317606,0.25731760594145914,0.1852337265181302
0.2723701440419031,0.2845918812745526,0.25665648188563944,0.18638149279790484
0.273286467486819,0.2820738137082601,0.2609841827768014,0.18365553602811951
0.2737210319195453,0.27678181023174464,0.2610406646261478,0.1884564932225623
0.27185732927359724,0.27446715963462376,0.256198347107438,0.197477163984341
0.2698412698412698,0.27292768959435626,0.2588183421516755,0.1984126984126984
0.2702108963093146,0.2759226713532513,0.2596660808435852,0.19420035149384884
0.2675994752951465,0.27328377787494534,0.2606034105815479,0.1985133362483603
0.2660385823239121,0.27456258411843876,0.2642440556303275,0.19515477792732167
0.2647961420429636,0.2718106093818501,0.26786497150372646,0.1955282770714599
0.2593886462882096,0.2694323144104803,0.27117903930131004,0.2
0.2561511423550088,0.27065026362038663,0.27855887521968364,0.19463971880492092
0.2548076923076923,0.2692307692307692,0.28015734265734266,0.1958041958041958
0.2511091393078971,0.27861579414374443,0.27817213842058564,0.19210292812777285
0.25552608311229,0.27453580901856767,0.2807250221043324,0.1892130857648099
0.25298013245033113,0.27417218543046357,0.27991169977924946,0.19293598233995585
0.25833333333333336,0.27324561403508774,0.27807017543859647,0.19035087719298247
0.2547211242863417,0.27448397013614406,0.27448397013614406,0.1963109354413702
0.25556040122110774,0.28129088530309637,0.26777147841255994,0.19537723506323593
0.26124945391000437,0.27741371778069024,0.2621231979030144,0.19921363040629095
0.2624394539850286,0.26904447380008806,0.2637604579480405,0.2047556142668428
0.25849139832377593,0.2726069695632995,0.2686369651521835,0.20026466696074108
0.2627381479840496,0.27558706247230835,0.26362428001772265,0.19805050952591935
0.2635283765948086,0.2692476902771667,0.2652881654201496,0.20193576770787505
0.26501766784452296,0.26545936395759717,0.2681095406360424,0.20141342756183744
0.27184892402283706,0.25823451910408435,0.2678963548528766,0.20202020202020202
0.26643295354951796,0.26555652936021035,0.2633654688869413,0.2046450482033304
0.26108156028368795,0.2650709219858156,0.26817375886524825,0.20567375886524822
0.2577544779379642,0.2616863259065094,0.27173438182612497,0.20882481432940148
0.262071992976295,0.26119402985074625,0.266900790166813,0.20983318700614575
0.25970017636684306,0.2619047619047619,0.26807760141093473,0.21031746031746032
0.25843694493783304,0.2655417406749556,0.26376554174067496,0.21225577264653642
0.2604259094942325,0.2653061224489796,0.2608695652173913,0.21339840283939662
0.2509821038847665,0.2653862941946748,0.27018769096464423,0.21344391095591445
0.24593763724198506,0.2696530522617479,0.27140974967061926,0.21299956082564778
0.24234470691163604,0.26202974628171477,0.2804024496937883,0.2152230971128609
0.2440944881889764,0.26071741032370954,0.27384076990376205,0.22134733158355205
0.24491600353669318,0.2639257294429708,0.2723253757736516,0.21883289124668434
0.24594476106970628,0.2590968873301184,0.27005699254712845,0.22490135905304692
0.2424507658643326,0.2608315098468271,0.2700218818380744,0.22669584245076588
0.24363476733977174,0.262071992976295,0.2708516242317823,0.22344161545215102
0.24091108190976784,0.25711782742006134,0.27989487516425754,0.22207621550591328
0.24469026548672565,0.2570796460176991,0.27920353982300883,0.21902654867256638
0.2457627118644068,0.2528991971454059,0.2823371989295272,0.21900089206066012
0.24945006599208094,0.24813022437307522,0.27936647602287723,0.22305323361196655
0.2476983779044279,0.2494519947391495,0.28145550197281893,0.22139412538360367
0.2563876651982379,0.25242290748898677,0.2713656387665198,0.2198237885462555
0.2528786536758193,0.2475642161204606,0.2785651018600531,0.22099202834366696
0.24615384615384617,0.2479120879120879,0.2874725274725275,0.21846153846153846
0.2543936731107206,0.24648506151142355,0.28295254833040423,0.21616871704745166
0.2576091751213057,0.24702249669166298,0.27569475077194533,0.21967357741508603
0.25738210665491407,0.249008373732922,0.2745702952842662,0.21903922432789774
0.2642762284196547,0.24878264718902168,0.266489597166888,0.2204515272244356
0.2596660808435852,0.24736379613356765,0.27065026362038663,0.22231985940246046
0.2590149516270888,0.2510993843447669,0.2695690413368514,0.22031662269129287
0.2618943692710607,0.2570929725010912,0.26494980357922304,0.21606285464862504
0.26341037941561274,0.2590492804186655,0.262974269515918,0.21456607064980376
0.269757174392936,0.25386313465783666,0.26225165562913905,0.2141280353200883
0.2681095406360424,0.2513250883392226,0.2681095406360424,0.2124558303886926
0.26619343389529726,0.2573203194321207,0.2706299911268855,0.20585625554569653
0.26807760141093473,0.25044091710758376,0.26807760141093473,0.21340388007054673
0.2645641699518178,0.24879544459045116,0.2768287341217696,0.20981165133596144
0.2664024658740643,0.25055041831792163,0.27036547776309994,0.21268163804491413
0.26690234202386215,0.2479010163499779,0.2770658418029165,0.20813079982324348
0.2632046160674656,0.2507767421216156,0.27652019529516203,0.20949844651575678
0.2615923009623797,0.25765529308836393,0.27165354330708663,0.20909886264216973
0.2624834290764472,0.26380910296067167,0.27353071144498453,0.2001767565178966
0.26264848218213815,0.2635283765948086,0.2736471623405191,0.2001759788825341
0.2652881654201496,0.26132864056313243,0.2683677958644963,0.20501539815222172
0.26698816308636564,0.25865848312143797,0.26918018412976763,0.20517316966242877
0.2676056338028169,0.2623239436619718,0.2654049295774648,0.20466549295774647
0.27180616740088104,0.2533039647577093,0.2682819383259912,0.2066079295154185
0.2656181738750546,0.2599388379204893,0.2699868938401048,0.20445609436435125
0.2671688081524147,0.25963668586619404,0.26938413823659724,0.20381036774479397
0.2616740088105727,0.2607929515418502,0.27444933920704845,0.20308370044052865
0.2585301837270341,0.26071741032370954,0.27252843394575677,0.20822397200349957
0.260507880910683,0.2613835376532399,0.27276707530647987,0.2053415061295972
0.26187305814469597,0.2623169107856192,0.2667554371948513,0.20905459387483355
0.2681318681318681,0.26505494505494503,0.2602197802197802,0.20659340659340658
0.2650976909413854,0.2655417406749556,0.26154529307282415,0.20781527531083482
0.2721325774095072,0.2607937200174444,0.26035761011774966,0.20671609245529873
0.2774822695035461,0.26108156028368795,0.2526595744680851,0.20877659574468085
0.2689260563380282,0.27596830985915494,0.24911971830985916,0.20598591549295775
0.2670726402783819,0.2749021313614615,0.25271857329273595,0.20530665506742063
0.27328918322295803,0.27196467991169976,0.247682119205298,0.20706401766004415
0.2652881654201496,0.2736471623405191,0.24813022437307522,0.21293444786625604
0.26452464788732394,0.2777288732394366,0.24779929577464788,0.20994718309859156
0.26535087719298245,0.2706140350877193,0.25043859649122807,0.21359649122807017
0.2679195804195804,0.270541958041958,0.24825174825174826,0.21328671328671328
0.2673702726473175,0.2691292875989446,0.2497801231310466,0.21372031662269128
0.2736098852603707,0.263459841129744,0.2471315092674316,0.21579876434245365
0.27048458149779736,0.260352422907489,0.24933920704845816,0.2198237885462555
0.27084252315835905,0.2576091751213057,0.24834583149536832,0.22320247022496692
0.2734891927657697,0.2567269519188355,0.24569916188795765,0.22408469342743714
0.27494553376906317,0.2553376906318083,0.24880174291938997,0.22091503267973855
0.2753303964757709,0.25594713656387663,0.24801762114537446,0.22070484581497798
0.28293545534924847,0.2515473032714412,0.24447391688771,0.22104332449160036
0.2876712328767123,0.25011047282368537,0.2403888643393725,0.22182942996022978
0.28476527900797166,0.2519929140832595,0.24357838795394154,0.21966341895482727
0.2809086937527305,0.25382262996941896,0.24508519003931847,0.22018348623853212
0.28167770419426047,0.2525386313465784,0.2445916114790287,0.22119205298013245
0.2776066871975363,0.258688957325121,0.24065112186537616,0.22305323361196655
0.27991266375545854,0.25589519650655024,0.2445414847161572,0.21965065502183406
0.28407587119541244,0.25408028231142477,0.24525805028672254,0.21658579620644022
0.28452433143358175,0.25865848312143797,0.24243752740026303,0.21437965804471723
0.27643703378674855,0.26458973233874505,0.24352786309784993,0.21544537077665643
0.2824360105913504,0.26081200353045014,0.23609885260370697,0.22065313327449249
0.2713722051731697,0.27005699254712845,0.2371766768960982,0.22139412538360367
0.27645502645502645,0.2623456790123457,0.23809523809523808,0.22310405643738976
0.27882507672073653,0.25778167470407715,0.2371766768960982,0.22621657167908812
0.28064798598949214,0.2631348511383538,0.2381786339754816,0.2180385288966725
0.27887571365832237,0.26130873956960915,0.2393500219587176,0.2204655248133509
0.27639071397284276,0.261060008760403,0.24003504161191414,0.22251423565484013
0.2759078830823738,0.2599645704162976,0.24224977856510185,0.22187776793622674
0.27770419426048565,0.25518763796909494,0.23885209713024283,0.2282560706401766
0.27292672224659936,0.258446687143484,0.24045634050021938,0.22817025010969724
0.2766990291262136,0.25728155339805825,0.2383053839364519,0.22771403353927624
0.27424308907415534,0.25756910925844667,0.24177270732777534,0.22641509433962265
0.27076923076923076,0.2632967032967033,0.2421978021978022,0.22373626373626374
0.26115485564304464,0.2637795275590551,0.24540682414698162,0.22965879265091863
0.26593886462882094,0.26244541484716155,0.2410480349344978,0.23056768558951965
0.26593406593406593,0.2558241758241758,0.24351648351648353,0.2347252747252747
0.2685308477585442,0.2596537949400799,0.24056813138038172,0.23124722592099423
0.2703768624014023,0.26117440841367223,0.24233128834355827,0.22611744084136723
0.27088830255057167,0.2647317502198769,0.2343887423043096,0.22999120492524186
0.2678100263852243,0.2726473175021988,0.2326297273526825,0.22691292875989447
0.27583187390542907,0.27276707530647987,0.2276707530647986,0.22373029772329248
0.27212681638044917,0.27917217084984586,0.2263320123293703,0.22236900044033464
0.2728476821192053,0.2768211920529801,0.223841059602649,0.22649006622516557
0.26909569798068483,0.2857769973661106,0.21729587357330993,0.22783143107989465
0.2719259585720582,0.28294402820625825,0.2243278977523138,0.22080211546936976
0.2686631944444444,0.2808159722222222,0.2261284722222222,0.2243923611111111
0.2759538598047915,0.274622892635315,0.22803904170363798,0.22138420585625554
0.27123893805309734,0.2734513274336283,0.23185840707964603,0.2234513274336283
0.2712765957446808,0.2695035460992908,0.23138297872340424,0.22783687943262412
0.2754700480979449,0.2658504591167468,0.23305640577175338,0.22562308701355488
0.2753880266075388,0.2745011086474501,0.23059866962305986,0.21951219512195122
0.2764731945059814,0.2711564023039433,0.2259636685866194,0.22640673460345592
0.2703900709219858,0.2726063829787234,0.23049645390070922,0.22650709219858156
0.27349290780141844,0.2699468085106383,0.22872340425531915,0.22783687943262412
0.26985519964896887,0.2786309784993418,0.22860903905221588,0.22290478279947346
0.2772190642763446,0.26628771316134675,0.23305640577175338,0.22343681679055533
0.2781456953642384,0.26048565121412803,0.23178807947019867,0.22958057395143489
0.27589246364037023,0.2626707800793301,0.23270163067430585,0.22873512560599382
0.2742504409171076,0.2654320987654321,0.23544973544973544,0.22486772486772486
0.27555555555555555,0.2688888888888889,0.23066666666666666,0.2248888888888889
0.27030625832223704,0.2729693741677763,0.22858411007545495,0.22814025743453173
0.26654975887768523,0.27268741779921085,0.23323103901797457,0.22753178430512933
0.27256715103478646,0.2668428005284016,0.23513870541611626,0.22545134302069572
0.2740088105726872,0.2669603524229075,0.23259911894273128,0.226431718061674
0.2731643356643357,0.26223776223776224,0.23557692307692307,0.229020979020979
0.2750439367311072,0.2609841827768014,0.23681898066783832,0.22715289982425307
0.2776315789473684,0.2574561403508772,0.23640350877192984,0.22850877192982455
0.279090113735783,0.25284339457567806,0.23622047244094488,0.23184601924759404
0.2776080314273243,0.2562199912701877,0.23832387603666522,0.22784810126582278
0.2786813186813187,0.2553846153846154,0.2443956043956044,0.22153846153846155
0.27481252756947505,0.2602558447287164,0.24569916188795765,0.2192324658138509
0.2765301629238221,0.25979744605900484,0.2426243945398503,0.22104799647732276
0.2710816777041943,0.2578366445916115,0.25121412803532006,0.21986754966887417
0.2616740088105727,0.26607929515418505,0.25022026431718064,0.22202643171806166
0.25850640742377373,0.2682280159080866,0.2554131683605833,0.21785240830755634
0.2606034105815479,0.26541320507214694,0.25623087013554874,0.21775251421075645
0.26308784383318545,0.2653061224489796,0.2595385980479148,0.21206743566992015
0.25846153846153846,0.2676923076923077,0.2558241758241758,0.21802197802197804
0.2592429577464789,0.261443661971831,0.2592429577464789,0.22007042253521128
0.26334208223972005,0.2532808398950131,0.268591426071741,0.21478565179352582
0.26255506607929513,0.2533039647577093,0.2687224669603524,0.21541850220264316
0.26666666666666666,0.2513157894736842,0.262719298245614,0.21929824561403508
0.27224669603524226,0.252863436123348,0.2674008810572687,0.20748898678414096
0.263042525208242,0.2599736957474792,0.2617273125822008,0.21525646646207802
0.26742160278745647,0.25653310104529614,0.2604529616724739,0.21559233449477352
0.2607929515418502,0.2594713656387665,0.2691629955947137,0.2105726872246696
0.2655693950177936,0.2597864768683274,0.2695729537366548,0.2050711743772242
0.26605504587155965,0.2621231979030144,0.26474442988204455,0.20707732634338138
0.2677861246133451,0.25806451612903225,0.2633672116659302,0.21078214759169245
0.26887821911828896,0.2527280663465735,0.2653862941946748,0.2130074203404627
0.2691629955947137,0.25418502202643173,0.2599118942731278,0.21674008810572687
0.27684859154929575,0.24911971830985916,0.261443661971831,0.2125880281690141
0.28352322524101664,0.24189307624890447,0.2581069237510955,0.21647677475898336
0.2827133479212254,0.24201312910284464,0.2608315098468271,0.21444201312910285
0.28741721854304636,0.2392935982339956,0.2578366445916115,0.21545253863134659
0.28906595838866755,0.24258521469676847,0.2580787959274015,0.21027003098716246
0.28903508771929826,0.2442982456140351,0.2517543859649123,0.2149122807017544
0.2856519843000436,0.24640209332751853,0.25076319232446576,0.2171827300479721
0.2815405046480744,0.24656927844178841,0.2501106684373617,0.22177954847277556
0.2847682119205298,0.24635761589403973,0.24900662251655628,0.21986754966887417
0.282311424790472,0.24525805028672254,0.25011027790030876,0.2223202470224967
0.2737210319195453,0.2444250109313511,0.2531700918233494,0.22868386532575427
0.2762114537444934,0.24933920704845816,0.24361233480176211,0.23083700440528634
0.2760898282694848,0.24394539850286218,0.24614707177454867,0.23381770145310435
0.27684859154929575,0.24911971830985916,0.24647887323943662,0.22755281690140844
0.2813738441215324,0.24746807573756055,0.24790841039189784,0.22324966974900926
0.2842661965623623,0.24416042309387395,0.24768620537681799,0.2238871749669458
0.2813738441215324,0.242184059885513,0.2509907529722589,0.22545134302069572
0.28344370860927154,0.24150110375275938,0.25298013245033113,0.22207505518763798
0.2777284826974268,0.24267968056787934,0.2608695652173913,0.21872227151730259
0.2844677137870855,0.24214659685863874,0.25785340314136124,0.21553228621291448
0.27991169977924946,0.2410596026490066,0.2631346578366446,0.21589403973509932
0.2843352347520842,0.24440544098288722,0.26371215445370777,0.20754716981132076
0.2845779938135219,0.23817940786566505,0.26513477684489617,0.21210782147591692
0.28338475099162624,0.24195680916703394,0.2609078889378581,0.21375055090348172
0.2810170977641385,0.23805348531345902,0.26435773783428324,0.21657167908811925
0.2906513070447497,0.23349579087284006,0.2609658839167036,0.21488701816570668
0.2889767237593325,0.23451910408432147,0.2608695652173913,0.21563460693895475
0.292415607189829,0.23060061376589217,0.2604120999561596,0.21657167908811925
0.2859025032938076,0.2318840579710145,0.2692138779095301,0.21299956082564778
0.2898486197684773,0.23241317898486197,0.26268922528940336,0.21504897595725736
0.28313518273888155,0.23690004403346543,0.2677234698370762,0.21224130339057684
0.2847769028871391,0.23534558180227472,0.2699037620297463,0.2099737532808399
0.2847161572052402,0.24366812227074236,0.26244541484716155,0.2091703056768559
0.2831858407079646,0.24646017699115044,0.2597345132743363,0.21061946902654868
0.2841458058849363,0.24549846288976723,0.26306543697848045,0.207290294246816
0.2854001759014952,0.24406332453825857,0.26517150395778366,0.20536499560246263
0.2893356643356643,0.23557692307692307,0.2687937062937063,0.2062937062937063
0.2857775808595481,0.23482498892334958,0.2826761187416925,0.19672131147540983
0.2800528401585205,0.23601937472479084,0.2800528401585205,0.2038749449581682
0.2808249232119351,0.22729267222465993,0.2781921895568232,0.21369021500658184
0.28162185985015425,0.2260907888937858,0.2780960775672102,0.21419127368884971
0.2787028921998247,0.23444347063978965,0.28264680105170903,0.2042068361086766
0.2763796909492274,0.22869757174392935,0.28565121412803535,0.20927152317880796
0.27908005307386113,0.23175586023883238,0.28040689960194604,0.20875718708536045
0.2766330556773345,0.23103901797457255,0.2862779482683034,0.20604997807978956
0.27486678507992895,0.23046181172291297,0.2864120781527531,0.20825932504440497
0.2689260563380282,0.23723591549295775,0.2830105633802817,0.2108274647887324
0.2689443714410863,0.2395970214629873,0.2820849759088918,0.20937363118703461
0.2712233347845015,0.23857205050065303,0.2777535916412712,0.21245102307357422
0.27624066754501536,0.23671497584541062,0.27492314448836186,0.21212121212121213
0.2710975076519458,0.240052470485352,0.2772190642763446,0.21163095758635767
0.26845342706502634,0.23857644991212654,0.2781195079086116,0.2148506151142355
0.2663716814159292,0.2407079646017699,0.2734513274336283,0.21946902654867256
0.2634809294169224,0.2371766768960982,0.27882507672073653,0.22051731696624288
0.2623456790123457,0.24206349206349206,0.27557319223985893,0.22001763668430335
0.26341037941561274,0.23506323593545572,0.27344090710859137,0.22808547754034017
0.26872822299651566,0.23519163763066203,0.2643728222996516,0.23170731707317074
0.2636443661971831,0.23503521126760563,0.2680457746478873,0.23327464788732394
0.2670157068062827,0.23298429319371727,0.2696335078534031,0.23036649214659685
0.2617067833698031,0.23676148796498905,0.2700218818380744,0.2315098468271335
0.25142857142857145,0.24175824175824176,0.2720879120879121,0.2347252747252747
0.2515364354697103,0.24451273046532046,0.271729587357331,0.23222124670763827
0.24580759046778464,0.24801412180052956,0.2762577228596646,0.22992056487202117
0.2504424778761062,0.24380530973451328,0.27256637168141595,0.2331858407079646
0.2439893143365984,0.25333926981300087,0.2742653606411398,0.2284060552092609
0.24689716312056736,0.2504432624113475,0.27437943262411346,0.22828014184397163
0.24078947368421053,0.25087719298245614,0.2789473684210526,0.2293859649122807
0.24944812362030905,0.24415011037527592,0.2737306843267108,0.2326710816777042
0.2517482517482518,0.2486888111888112,0.2674825174825175,0.23208041958041958
0.2543859649122807,0.24649122807017543,0.26403508771929823,0.23508771929824562
0.24790841039189784,0.24482606781153676,0.26904447380008806,0.23822104799647734
0.2504424778761062,0.2407079646017699,0.2668141592920354,0.2420353982300885
0.25043630017452007,0.23734729493891799,0.26570680628272253,0.24650959860383945
0.2448532632501095,0.23390275952693823,0.27463863337713534,0.24660534384581692
0.2413339183852567,0.23255813953488372,0.2773146116717859,0.24879333040807372
0.24417069951605808,0.2309722833260009,0.27716673999120106,0.24769027716674
0.2421978021978022,0.2334065934065934,0.28,0.2443956043956044
0.23137946231820186,0.23975319524019392,0.2776553547818422,0.251211987659762
0.235657546337158,0.23654015887025595,0.2762577228596646,0.25154457193292146
0.2401402278702892,0.23137598597721298,0.2738825591586328,0.254601226993865
0.2388646288209607,0.23580786026200873,0.27379912663755457,0.251528384279476
0.23992994746059546,0.2329246935201401,0.26882661996497376,0.2583187390542907
0.24003504161191414,0.231712658782304,0.2742006132282085,0.25405168637757336
0.24046140195208518,0.22981366459627328,0.277284826974268,0.2524401064773736
0.2465753424657534,0.22580645161290322,0.27927529827662395,0.2483429076447194
0.2456369982547993,0.22643979057591623,0.2787958115183246,0.24912739965095987
0.2469298245614035,0.22850877192982455,0.27587719298245617,0.24868421052631579
0.24704336399474375,0.2264564169951818,0.27551467367498905,0.25098554533508544
0.25547765118317267,0.22611744084136723,0.2703768624014023,0.24802804557405783
0.25198587819947044,0.22771403353927624,0.2740511915269197,0.24624889673433362
0.249670908293111,0.2277314611671786,0.27643703378674855,0.2461605967529618
0.25196850393700787,0.23009623797025372,0.27209098862642167,0.2458442694663167
0.2520860781730347,0.22968818620992534,0.2709705753184014,0.24725516029863856
0.2540659340659341,0.23164835164835165,0.269010989010989,0.24527472527472527
0.25044091710758376,0.23721340388007053,0.2698412698412698,0.24250440917107582
0.25065847234416155,0.23397717295873574,0.2708516242317823,0.24451273046532046
0.24956063268892795,0.22803163444639718,0.27768014059753954,0.24472759226713534
0.2534398579671549,0.22547714158899246,0.2756324900133156,0.24545051043053706
0.2553657468243539,0.2264564169951818,0.27113447218572057,0.24704336399474375
0.25911286780852,0.22661396574440051,0.2753623188405797,0.23891084760649978
0.25875055383252105,0.21887461231723526,0.27824545857332744,0.24412937527691625
0.2582781456953642,0.22207505518763798,0.2706401766004415,0.24900662251655628
0.25809312638580933,0.2203991130820399,0.26430155210643014,0.2572062084257206
0.26276076342654237,0.21793164669329781,0.26542387927208166,0.25388371060807813
0.26081141328577795,0.2135532768613464,0.26794471689701294,0.25769059295586266
0.26449912126537783,0.21748681898066785,0.2548330404217926,0.2631810193321617
0.2578366445916115,0.21589403973509932,0.25916114790286976,0.2671081677704194
0.2575426322693485,0.2160034980323568,0.2579798863139484,0.2684739833843463
0.2602558447287164,0.21305690339655933,0.2571680635200706,0.2695191883546537
0.25673884224480775,0.21166593018117544,0.2571807335395493,0.27441449403446755
0.2618310482087572,0.21052631578947367,0.25077399380804954,0.2768686421937196
0.25766871165644173,0.20946538124452235,0.2502191060473269,0.28264680105170903
0.25252525252525254,0.21519543258673693,0.2507685551163812,0.2815107597716293
0.2533097969991174,0.21800529567519858,0.25154457193292146,0.27714033539276256
0.2537577365163572,0.21573828470380194,0.2506631299734748,0.27984084880636606
0.2534398579671549,0.21571238348868177,0.25122059476253883,0.2796271637816245
0.248,0.216,0.252,0.284
0.25122713074520303,0.21686746987951808,0.24721106648817492,0.284694332887104
0.2546093064091308,0.21641791044776118,0.2440737489025461,0.2848990342405619
0.24867491166077738,0.21908127208480566,0.2495583038869258,0.2826855123674912
0.24912891986062718,0.2221254355400697,0.2456445993031359,0.28310104529616725
0.2440318302387268,0.22679045092838196,0.24314765694076038,0.28603006189213087
0.24239753195240193,0.2379903040987219,0.24416042309387395,0.2754517408550022
0.24017467248908297,0.23624454148471616,0.2423580786026201,0.2812227074235808
0.23550243470562196,0.24435590969455512,0.2412571934484285,0.2788844621513944
0.23513870541611626,0.23866138265081463,0.24702774108322326,0.27917217084984586
0.22935779816513763,0.23940585408475318,0.24290083005679336,0.28833551769331583
0.23164335664335664,0.24125874125874125,0.24606643356643357,0.28103146853146854
0.23184601924759404,0.23972003499562555,0.24671916010498687,0.28171478565179353
0.23036187113857018,0.2409532215357458,0.24889673433362755,0.2797881729920565
0.23674911660777384,0.23674911660777384,0.24823321554770317,0.2782685512367491
0.23423817863397547,0.23905429071803852,0.2491243432574431,0.2775831873905429
0.2322380106571936,0.2411190053285968,0.24822380106571937,0.2784191829484902
0.23002207505518762,0.247682119205298,0.24282560706401765,0.27947019867549666
0.23144488361879667,0.2419850680720246,0.2375933245498463,0.2889767237593325
0.23832599118942732,0.2409691629955947,0.2365638766519824,0.2841409691629956
0.23992917220008853,0.2337317397078353,0.23638778220451528,0.28995130588756085
0.23409893992932862,0.23674911660777384,0.23630742049469966,0.2928445229681979
0.23583662714097497,0.23978919631093545,0.23232323232323232,0.2920509442248573
0.23073555166374782,0.24211908931698775,0.23117338003502627,0.29597197898423816
0.23356704645048204,0.2427695004382121,0.2291849255039439,0.294478527607362
0.23087129588677577,0.23839009287925697,0.23175586023883238,0.2989827509951349
0.2378021978021978,0.2356043956043956,0.22857142857142856,0.298021978021978
0.23168578993821712,0.2444836716681377,0.22859664607237423,0.29523389232127095
0.230837394771821,0.24412937527691625,0.23216659282233051,0.2928666371289322
0.23826239578762615,0.24089512944273805,0.23124177270732776,0.28960070206230804
0.23519087318999563,0.24177270732777534,0.22992540587977184,0.2931110136024572
0.23843416370106763,0.24644128113879005,0.22464412811387902,0.29048042704626337
0.23107569721115537,0.2545374059318282,0.22266489597166889,0.2917220008853475
0.22418358340688438,0.2533097969991174,0.22197705207413945,0.30052956751985876
0.22232063773250665,0.2519929140832595,0.22852081488042517,0.2971656333038087
0.2285589899869395,0.24902046147148454,0.22725293861558554,0.29516760992599045
0.22821760283060594,0.2516585581601061,0.226890756302521,0.2932330827067669
0.22392638036809817,0.2502191060473269,0.23137598597721298,0.294478527607362
0.22855879752431477,0.24447391688771,0.22723253757736517,0.29973474801061006
0.2290748898678414,0.24361233480176211,0.22995594713656387,0.2973568281938326
0.22606034105815478,0.23961521644075207,0.22518583296895497,0.3091386095321382
0.22789871168369613,0.24211461572634385,0.22301199466903598,0.30697467792092403
0.22163355408388521,0.24591611479028697,0.2282560706401766,0.30419426048565124
0.22741161065037102,0.23919685726756876,0.23221300742034046,0.3011785246617198
0.2267260579064588,0.24320712694877505,0.22806236080178174,0.3020044543429844
0.22105263157894736,0.24561403508771928,0.22894736842105262,0.3043859649122807
0.22305323361196655,0.24153101627804663,0.23053233611966564,0.30488341399032115
0.21616871704745166,0.24033391915641475,0.22495606326889278,0.3185413005272408
0.21556350626118068,0.2441860465116279,0.23076923076923078,0.3094812164579606
0.22207678883071552,0.2430191972076789,0.22207678883071552,0.31282722513089006
0.21826965305226176,0.24549846288976723,0.22441809398331136,0.31181379007465965
0.2139718804920914,0.24165202108963094,0.22759226713532513,0.31678383128295257
0.20141031291317762,0.24592331423534597,0.23358307624504188,0.31908329660643453
0.20718722271517304,0.2466725820763088,0.23070097604259096,0.31543921916592726
0.20877192982456141,0.24298245614035088,0.2337719298245614,0.3144736842105263
0.2141280353200883,0.2370860927152318,0.23002207505518762,0.31876379690949225
0.2118421052631579,0.24210526315789474,0.22763157894736843,0.31842105263157894
0.2119089316987741,0.2403677758318739,0.22723292469352013,0.3204903677758319
0.2118942731277533,0.24008810572687225,0.22599118942731278,0.32202643171806167
0.2131578947368421,0.24605263157894736,0.22412280701754386,0.31666666666666665
0.21444201312910285,0.24157549234135667,0.23107221006564552,0.31291028446389496
0.21601407831060274,0.2446106467223933,0.22877254729432467,0.31060272767267927
0.21431727794962438,0.24524966858152894,0.2328767123287671,0.3075563411400795
0.21253286590709902,0.24057843996494302,0.2361963190184049,0.310692375109553
0.21115537848605578,0.24701195219123506,0.2319610447100487,0.3098716246126605
0.21257750221434898,0.24490699734278124,0.22763507528786536,0.3148804251550044
0.21872265966754156,0.24803149606299213,0.22615923009623798,0.30708661417322836
0.21507760532150777,0.2465631929046563,0.22838137472283815,0.3099778270509978
0.21941489361702127,0.25132978723404253,0.22562056737588654,0.30363475177304966
0.2148576512455516,0.25,0.22508896797153025,0.31005338078291816
0.2152230971128609,0.2462817147856518,0.22703412073490814,0.3114610673665792
0.21578947368421053,0.2425438596491228,0.22543859649122808,0.3162280701754386
0.21437965804471723,0.24594476106970628,0.22577816747040771,0.3138974134151688
0.21681997371879105,0.24616732369689007,0.22163819535698642,0.31537450722733246
0.21977052074139453,0.2418358340688438,0.22550750220653135,0.31288614298323036
0.22231985940246046,0.23550087873462214,0.22407732864674867,0.3181019332161687
0.22583479789103691,0.23374340949033393,0.22715289982425307,0.3132688927943761
0.227797513321492,0.23090586145648312,0.22824156305506216,0.3130550621669627
0.22495606326889278,0.23286467486818982,0.22627416520210897,0.31590509666080846
0.22781456953642384,0.23222958057395143,0.22649006622516557,0.31346578366445915
0.23405191377034756,0.23757149142102948,0.22261328640563133,0.30576330840299165
0.23053233611966564,0.2410910690717114,0.21645402551693796,0.311922569291685
0.23145268769435806,0.2394491337183474,0.21545979564637938,0.3136383829409152
0.2369584438549956,0.23916887709991158,0.21352785145888595,0.3103448275862069
0.23477879982479194,0.23915900131406045,0.21331581252737625,0.31274638633377133
0.2398049645390071,0.2402482269503546,0.2127659574468085,0.3071808510638298
0.23192239858906524,0.24162257495590828,0.21428571428571427,0.31216931216931215
0.2298951048951049,0.243006993006993,0.21984265734265734,0.30725524475524474
0.23015521064301553,0.24257206208425722,0.2212860310421286,0.30598669623059865
0.23339160839160839,0.23776223776223776,0.21896853146853146,0.3098776223776224
0.23701440419030992,0.233085988651244,0.2138804015713662,0.31601920558707985
0.2369584438549956,0.23651635720601238,0.20822281167108753,0.3183023872679045
0.23182018510356986,0.2384310268840899,0.2128691053327457,0.31687968267959454
0.23131046613896217,0.23614775725593667,0.21591908531222515,0.316622691292876
0.23469837076177896,0.23205636283575518,0.21576398062527521,0.31748128577719065
0.23458980044345898,0.22882483370288248,0.21507760532150777,0.3215077605321508
0.23392070484581498,0.2286343612334802,0.2145374449339207,0.3229074889867841
0.23107569721115537,0.2359451084550686,0.2107127047366091,0.32226648959716686
0.22798605056669574,0.23757628596338273,0.2101133391455972,0.32432432432432434
0.2323943661971831,0.23723591549295775,0.20994718309859156,0.3204225352112676
0.23134328358208955,0.2392449517120281,0.21202809482001755,0.3173836698858648
0.22192866578599735,0.24614707177454867,0.2162043152796125,0.3157199471598415
0.22580645161290322,0.25011047282368537,0.21210782147591692,0.3119752540874945
0.22624834290764473,0.2496685815289439,0.2129916040653999,0.3110914714980115
0.22490135905304692,0.2490135905304691,0.21876370013152127,0.3073213502849627
0.21951219512195122,0.25435540069686413,0.22168989547038329,0.3044425087108014
0.22579225352112675,0.25308098591549294,0.21919014084507044,0.3019366197183099
0.22539543057996486,0.2478031634446397,0.22363796133567662,0.3031634446397188
0.22576361221779548,0.2518813634351483,0.22399291722000886,0.29836210712704736
0.22573561703996486,0.2481335090030742,0.22485726833552921,0.3012736056214317
0.22697512003491924,0.24836316019205587,0.22784810126582278,0.2968136185072021
0.22905759162303665,0.24476439790575916,0.22425828970331588,0.3019197207678883
0.23562717770034844,0.24346689895470383,0.22473867595818817,0.2961672473867596
0.23032967032967033,0.2443956043956044,0.22241758241758242,0.3028571428571429
0.23080298376480912,0.2430890741553313,0.22992540587977184,0.2961825362000878
0.22620628596724215,0.23771580345285526,0.23550243470562196,0.30057547587428063
0.22657281126264847,0.24197096348438188,0.23669159700835898,0.29476462824461064
0.23168056164984643,0.24703817463799913,0.23519087318999563,0.28609039052215884
0.22965879265091863,0.24540682414698162,0.23709536307961504,0.2878390201224847
0.23836450630709005,0.24793388429752067,0.234884732492388,0.27881687690300133
0.238556338028169,0.24779929577464788,0.23327464788732394,0.28036971830985913
0.23253757736516356,0.24447391688771,0.23209549071618038,0.29089301503094606
0.22996515679442509,0.2530487804878049,0.22952961672473868,0.2874564459930314
0.23304347826086957,0.24347826086956523,0.22826086956521738,0.2952173913043478
0.23936869793950022,0.24156071898290224,0.22797018851380974,0.29110039456378783
0.23260965883916704,0.24368630926007975,0.23349579087284006,0.29020824102791315
0.22731277533039648,0.23832599118942732,0.239647577092511,0.2947136563876652
0.22508741258741258,0.23994755244755245,0.2403846153846154,0.2945804195804196
0.22962313759859773,0.24452234881682736,0.2353198948290973,0.29053461875547765
0.22600349040139617,0.2443280977312391,0.23472949389179756,0.2949389179755672
0.22202797202797203,0.2486888111888112,0.23251748251748253,0.29676573426573427
0.21930974224552205,0.2525120139799039,0.2324159021406728,0.29576234163390125
0.22536456031816174,0.25497127706584183,0.23243482103402563,0.28722934158197083
0.23238512035010941,0.25689277899343543,0.2336980306345733,0.27702407002188184
0.2336980306345733,0.25426695842450764,0.23413566739606126,0.2778993435448578
0.2303943287549845,0.25742135578201153,0.23349579087284006,0.2786885245901639
0.23422222222222222,0.25866666666666666,0.2311111111111111,0.276
0.2416077738515901,0.2504416961130742,0.23233215547703182,0.2756183745583039
0.2388451443569554,0.25065616797900264,0.23490813648293962,0.2755905511811024
0.24433585073300756,0.25188804975566415,0.22878720568636163,0.27498889382496666
0.24072438162544169,0.25309187279151946,0.2314487632508834,0.2747349823321555
0.24052287581699347,0.25010893246187366,0.23398692810457516,0.27538126361655774
0.23906319045514804,0.25143614670790987,0.23110914714980116,0.278391515687141
0.24115334207077327,0.2490170380078637,0.2328527741371778,0.27697684578418524
0.23872679045092837,0.248894783377542,0.2396109637488948,0.27276746242263483
0.23707274320771254,0.25197195442594217,0.23751095530236635,0.27344434706397897
0.23519163763066203,0.25261324041811845,0.23388501742160278,0.27831010452961674
0.23876651982378855,0.24361233480176211,0.239647577092511,0.2779735682819383
0.23697916666666666,0.24522569444444445,0.24348958333333334,0.2743055555555556
0.23714539007092197,0.24468085106382978,0.24069148936170212,0.2774822695035461
0.23676148796498905,0.24682713347921226,0.2424507658643326,0.2739606126914661
0.23857644991212654,0.2438488576449912,0.23769771528998243,0.27987697715289983
0.24382849718492855,0.24772628843655262,0.23559982676483326,0.2728453876136856
0.2504416961130742,0.2420494699646643,0.23630742049469966,0.2712014134275618
0.24292035398230089,0.24336283185840707,0.24513274336283186,0.2685840707964602
0.2432077125328659,0.2397020157756354,0.24934268185801928,0.2677475898334794
0.24242424242424243,0.23539745278875715,0.24593763724198506,0.27624066754501536
