C,D,Oc,Od
0.0,1.0,0.0,0.0
0.0,0.5,0.5,0.0
0.0,1.0,0.0,0.0
0.0,0.8,0.2,0.0
0.0,0.5555555555555556,0.2222222222222222,0.2222222222222222
0.0,0.3333333333333333,0.25,0.4166666666666667
0.0,0.2777777777777778,0.2777777777777778,0.4444444444444444
0.0,0.34782608695652173,0.21739130434782608,0.43478260869565216
0.0,0.4594594594594595,0.13513513513513514,0.40540540540540543
0.0,0.48214285714285715,0.125,0.39285714285714285
0.011363636363636364,0.4659090909090909,0.11363636363636363,0.4090909090909091
0.01639344262295082,0.4344262295081967,0.10655737704918032,0.4426229508196721
0.01948051948051948,0.45454545454545453,0.1038961038961039,0.42207792207792205
0.03864734299516908,0.40096618357487923,0.11594202898550725,0.4444444444444444
0.04119850187265917,0.3970037453183521,0.13108614232209737,0.4307116104868914
0.051829268292682924,0.40853658536585363,0.13414634146341464,0.4054878048780488
0.05721393034825871,0.3756218905472637,0.15422885572139303,0.4129353233830846
0.060851926977687626,0.35496957403651114,0.18052738336713997,0.40365111561866124
0.06907894736842106,0.3371710526315789,0.17927631578947367,0.4144736842105263
0.0754985754985755,0.32763532763532766,0.19373219373219372,0.4031339031339031
0.07524271844660194,0.3325242718446602,0.19781553398058252,0.39441747572815533
0.0826530612244898,0.32857142857142857,0.2010204081632653,0.3877551020408163
0.09229390681003584,0.3216845878136201,0.20430107526881722,0.3817204301075269
0.09968602825745683,0.31004709576138145,0.2119309262166405,0.3783359497645212
0.10921985815602837,0.2978723404255319,0.21843971631205675,0.37446808510638296
0.1158497772119669,0.29471674092934436,0.2138765117759389,0.37555697008274985
0.12162971839424805,0.28699820251647695,0.21030557219892151,0.3810665068903535
0.12366498032602585,0.28836424957841483,0.20629567172568858,0.38167509836987074
0.13239283776451438,0.272924579489962,0.20618556701030927,0.38849701573521433
0.13972463029066803,0.2707802141764406,0.20295767465578787,0.38653748087710355
0.1474838066766318,0.273542600896861,0.19930244145490783,0.3796711509715994
0.1506782945736434,0.2698643410852713,0.19670542635658914,0.38275193798449614
0.15042174320524837,0.2647610121836926,0.19821930646672914,0.3865979381443299
0.15567765567765568,0.2641941391941392,0.20512820512820512,0.375
0.1655359565807327,0.25825418362731795,0.2026232473993668,0.37358661239258256
0.16540008940545373,0.2610639248994189,0.19892713455520786,0.37460885113991954
0.1672519754170325,0.25768217734855137,0.1971027216856892,0.37796312554872696
0.16637010676156583,0.26201067615658363,0.19483985765124556,0.376779359430605
0.17108753315649866,0.25552608311229,0.19540229885057472,0.3779840848806366
0.17292576419213973,0.2537117903930131,0.1960698689956332,0.377292576419214
0.1691696113074205,0.25662544169611307,0.19125441696113074,0.3829505300353357
0.1662210338680927,0.2531194295900178,0.1929590017825312,0.3877005347593583
0.16637246248896734,0.2563989408649603,0.19858781994704325,0.3786407766990291
0.1637661758143686,0.25881302989736726,0.1990182954038376,0.3784024988844266
0.1669603524229075,0.2665198237885463,0.1881057268722467,0.37841409691629957
0.16268788682581786,0.26657824933687,0.1940760389036251,0.376657824933687
0.16012351124834584,0.27128363475959416,0.1940891045434495,0.3745037494486105
0.16526362428001773,0.26849800620292424,0.18653079308817014,0.3797075764288879
0.16228070175438597,0.2706140350877193,0.18947368421052632,0.37763157894736843
0.16210247349823323,0.2667844522968198,0.19213780918727916,0.3789752650176678
0.16564685314685315,0.2666083916083916,0.19187062937062938,0.3758741258741259
0.1650485436893204,0.2621359223300971,0.19814651368049427,0.37466902030008825
0.1657142857142857,0.26285714285714284,0.19736263736263737,0.3740659340659341
0.16314863676341249,0.26605101143359716,0.2009674582233949,0.3698328935795954
0.16541019955654102,0.2634146341463415,0.19866962305986696,0.37250554323725055
0.1665934065934066,0.25758241758241757,0.20043956043956043,0.37538461538461537
0.16593503072870938,0.2581211589113257,0.20632133450395082,0.36962247585601404
0.17048458149779736,0.252863436123348,0.20704845814977973,0.3696035242290749
0.16974494283201408,0.2563764291996482,0.20668425681618294,0.3671943711521548
0.1752988047808765,0.25675077467906154,0.20495794599380257,0.3629924745462594
0.16954404603806994,0.2602921646746348,0.20849933598937584,0.3616644532979194
0.17124183006535948,0.265359477124183,0.20348583877995643,0.3599128540305011
0.16902030008826124,0.26831421006178285,0.20123565754633715,0.3614298323036187
0.17420212765957446,0.262854609929078,0.19902482269503546,0.36391843971631205
0.17766947275143996,0.25875055383252105,0.20248116969428445,0.36109880372175457
0.17212389380530974,0.2535398230088496,0.2088495575221239,0.3654867256637168
0.17370272647317503,0.2537379067722076,0.2106420404573439,0.3619173262972735
0.17982456140350878,0.2578947368421053,0.2026315789473684,0.35964912280701755
0.1821029082774049,0.254586129753915,0.20492170022371364,0.35838926174496644
0.1801051709027169,0.2532865907099036,0.2046450482033304,0.3619631901840491
0.17722640673460346,0.25786442179884805,0.20868409392999557,0.35622507753655297
0.17549234135667396,0.2577680525164114,0.21050328227571116,0.3562363238512035
0.18105726872246697,0.2497797356828194,0.21013215859030837,0.3590308370044053
0.18686196182867287,0.24500665778961384,0.21171770972037285,0.35641367066134044
0.19081272084805653,0.24249116607773852,0.21068904593639576,0.35600706713780916
0.18940397350993377,0.24635761589403973,0.21236203090507727,0.3518763796909492
0.19406291537439077,0.24280017722640673,0.21267168808152415,0.3504652193176783
0.1948561464690497,0.24891020052310375,0.2122929380993897,0.34394071490845685
0.1855442926399295,0.24768620537681799,0.21859850154252974,0.3481710004407228
0.1857899382171227,0.2502206531332745,0.2122683142100618,0.351721094439541
0.1839581517000872,0.24978204010462074,0.21970357454228423,0.34655623365300786
0.18474426807760141,0.25132275132275134,0.21693121693121692,0.34700176366843033
0.18363717207647842,0.2534459759893286,0.20987105380168963,0.3530457981325033
0.18766637089618457,0.25377107364685003,0.21073646850044367,0.34782608695652173
0.18769230769230769,0.2540659340659341,0.20835164835164835,0.3498901098901099
0.18870402802101577,0.2596322241681261,0.20140105078809106,0.3502626970227671
0.19095697980684812,0.25548726953467954,0.20456540825285338,0.34899034240561894
0.19427312775330396,0.2577092511013216,0.20352422907488987,0.34449339207048457
0.19085312225153914,0.25725593667546176,0.20624450307827616,0.34564643799472294
0.19364799294221438,0.2567269519188355,0.20379355977062197,0.3458314953683282
0.18986784140969162,0.2515418502202643,0.20881057268722467,0.3497797356828194
0.18976169461606354,0.24845542806707854,0.20785525154457193,0.353927625772286
0.19203222918531782,0.25067144136078784,0.20411817367949867,0.3531781557743957
0.18888888888888888,0.252,0.2048888888888889,0.3542222222222222
0.1905819635717459,0.2514438027543314,0.2016881386050644,0.3562860950688583
0.19349086045474811,0.24743646901471245,0.1992866696388765,0.35978600089166296
0.19672131147540983,0.24634470536109881,0.1998227735932654,0.35711120957022596
0.20318021201413428,0.24425795053003532,0.20185512367491165,0.3507067137809187
0.20632798573975045,0.2393048128342246,0.20231729055258468,0.3520499108734403
0.20969855832241152,0.24027959807776322,0.20096111839231107,0.3490607252075142
0.2127849798837729,0.2373714796602593,0.20026821636119804,0.34957532409476977
0.21658579620644022,0.23423026025584473,0.2007057785619762,0.34847816497573886
0.2139369729249889,0.23790501553484245,0.19618286728806036,0.3519751442521083
0.21106194690265487,0.23539823008849559,0.1995575221238938,0.35398230088495575
0.2134387351778656,0.2318840579710145,0.19894598155467721,0.3557312252964427
0.21224130339057684,0.23425803610744167,0.19594892118009688,0.3575517393218846
0.21233480176211453,0.23612334801762114,0.19339207048458149,0.3581497797356828
0.21169794849410736,0.23352247926669575,0.19423832387603668,0.3605412483631602
0.21277533039647578,0.22819383259911893,0.1920704845814978,0.3669603524229075
0.21308576480990274,0.22811671087533156,0.19230769230769232,0.3664898320070734
0.21492007104795738,0.22158081705150978,0.18516873889875665,0.3783303730017762
0.22197898423817863,0.22635726795096323,0.18563922942206654,0.3660245183887916
0.21550591327201052,0.22426631625054752,0.19053876478318002,0.36968900569426194
0.2163355408388521,0.22339955849889626,0.18940397350993377,0.3708609271523179
0.21029281277728482,0.22626441881100265,0.19165927240461403,0.3717834960070985
0.2097130242825607,0.22207505518763798,0.19602649006622516,0.37218543046357616
0.21059602649006623,0.22075055187637968,0.19381898454746138,0.3748344370860927
0.21616871704745166,0.22012302284710017,0.18980667838312829,0.37390158172231985
0.2139718804920914,0.22012302284710017,0.18980667838312829,0.37609841827768015
0.21274725274725276,0.21142857142857144,0.1934065934065934,0.3824175824175824
0.2075388026607539,0.21507760532150777,0.1902439024390244,0.387139689578714
0.21257750221434898,0.2183348095659876,0.18556244464127547,0.38352524357838796
0.20866489832007074,0.22148541114058357,0.18346595932802828,0.3863837312113174
0.21261579179532422,0.2192324658138509,0.1839435377150419,0.384208204675783
0.20977777777777779,0.21688888888888888,0.18577777777777776,0.38755555555555554
0.20766216804527646,0.21201567261645624,0.18720069656073138,0.3931214627775359
0.2077125328659071,0.21034180543382996,0.18755477651183172,0.3943908851884312
0.20988194140795802,0.21075644949715786,0.1845212068211631,0.394840402273721
0.21008403361344538,0.20875718708536045,0.1817779743476338,0.3993808049535604
0.20607661822985468,0.21003963011889035,0.18405988551298988,0.3998238661382651
0.19895059029296022,0.2160034980323568,0.18583296895496285,0.39921294271972013
0.20035072336694432,0.21657167908811925,0.1819377466023674,0.40113985094256904
0.2020997375328084,0.22003499562554682,0.1732283464566929,0.40463692038495186
0.19858156028368795,0.21675531914893617,0.17464539007092197,0.4100177304964539
0.19704219225750327,0.21444106133101348,0.1722488038277512,0.41626794258373206
0.2057017543859649,0.21228070175438596,0.17543859649122806,0.40657894736842104
0.19982433025911286,0.21695212999560826,0.17742643829600352,0.4057971014492754
0.20043763676148796,0.20919037199124726,0.17811816192560176,0.41225382932166305
0.2,0.21228070175438596,0.17543859649122806,0.41228070175438597
0.20508326029798424,0.2072743207712533,0.1691498685363716,0.41849255039439087
0.2088300220750552,0.20618101545253864,0.16600441501103752,0.41898454746136865
0.2142237640936687,0.20511708586296618,0.16825672159583693,0.41240242844752817
0.21304926764314247,0.20328450954283178,0.1673324456280515,0.41633377718597425
0.21106194690265487,0.20442477876106194,0.16371681415929204,0.4207964601769911
0.2088300220750552,0.2119205298013245,0.16070640176600443,0.4185430463576159
0.21045694200351495,0.2086994727592267,0.15817223198594024,0.4226713532513181
0.2115469369766417,0.20273248126928162,0.15557514323490523,0.4301454385191714
0.21532364597093792,0.20343461030383092,0.15808014090708938,0.4231616028181418
0.21603856266432953,0.20595968448729185,0.1586327782646801,0.4193689745836985
0.2145054945054945,0.210989010989011,0.15692307692307692,0.4175824175824176
0.21978021978021978,0.210989010989011,0.1534065934065934,0.4158241758241758
0.21832529592284086,0.2099956159579132,0.1569487067075844,0.4147303814116616
0.2234464521815778,0.21022476862053768,0.15337152930806522,0.4129572498898193
0.21902268760907503,0.212478184991274,0.15095986038394416,0.4175392670157068
0.21946902654867256,0.2097345132743363,0.1504424778761062,0.42035398230088494
0.21941489361702127,0.20434397163120568,0.1524822695035461,0.4237588652482269
0.22134387351778656,0.1985068072024594,0.15898111550285463,0.42116820377689945
0.22068658047258136,0.19572001783325904,0.16228265715559517,0.42131074453856443
0.2129916040653999,0.19575784357048165,0.1643835616438356,0.42686699072028284
0.2161446846052051,0.19894133215703572,0.16365240405822673,0.42126157917953244
0.21264367816091953,0.20070733863837312,0.16224580017683465,0.4244031830238727
0.21578947368421053,0.20350877192982456,0.16403508771929826,0.4166666666666667
0.22295514511873352,0.20052770448548812,0.16094986807387862,0.4155672823218997
0.22280471821756226,0.19702927042376583,0.16164263870685888,0.418523372651813
0.21859850154252974,0.19568091670339358,0.16394887615689732,0.42177170559717936
0.2187772925764192,0.19344978165938864,0.1633187772925764,0.4244541484716157
0.21781305114638447,0.19444444444444445,0.15608465608465608,0.431657848324515
0.2222713212549713,0.1917808219178082,0.16261599646486966,0.4233318603623509
0.22378854625550662,0.18634361233480176,0.16255506607929515,0.42731277533039647
0.2212934447866256,0.18961724593048834,0.15970083589969203,0.429388473383194
0.22563652326602282,0.1861281826163301,0.15891132572431957,0.4293239683933275
0.23207126948775056,0.1821826280623608,0.15768374164810692,0.4280623608017817
0.23331860362350862,0.17587273530711445,0.15775519222271323,0.43305346884666374
0.23567993003935286,0.17839965019676432,0.15784871010056842,0.42807170966331437
0.23555555555555555,0.17066666666666666,0.164,0.42977777777777776
0.2335540838852097,0.16909492273730684,0.16114790286975716,0.43620309050772627
0.24253075571177504,0.1695957820738137,0.16036906854130054,0.4275043936731107
0.23786407766990292,0.17210944395410416,0.15798764342453664,0.4320388349514563
0.24561403508771928,0.1706140350877193,0.1570175438596491,0.4267543859649123
0.2503293807641634,0.16644707949055776,0.1585419411506368,0.42468159859464205
0.25055629728526924,0.17267467734757455,0.1557632398753894,0.4210057854917668
0.2513274336283186,0.16902654867256636,0.1584070796460177,0.42123893805309737
0.2501095050372317,0.1738939991239597,0.15856329391151994,0.41743320192728867
0.25239755884917175,0.17480383609415867,0.15736704446381866,0.4154315605928509
0.2515391380826737,0.17766051011433598,0.1613896218117854,0.4094107299912049
0.24814004376367615,0.17330415754923414,0.16148796498905907,0.41706783369803063
0.2546501328609389,0.1678476527900797,0.16563330380868024,0.41186891054030117
0.2538360368259535,0.16834721613327489,0.16133274879438841,0.41648399824638316
0.25914499779638606,0.16571176729836934,0.15866020273248127,0.41648303217276333
0.26155187445510025,0.17088055797733218,0.15257192676547515,0.4149956408020924
0.2603160667251975,0.1681299385425812,0.15539947322212466,0.4161545215100966
0.2608125819134993,0.16819571865443425,0.15377894276976845,0.41721275666229796
0.2615996464869642,0.16836058329650905,0.1515687140963323,0.4184710561201944
0.2567151034786438,0.17173051519154559,0.15015411712901805,0.42140026420079263
0.2578947368421053,0.16885964912280702,0.14956140350877192,0.4236842105263158
0.256816182937555,0.17370272647317503,0.15083553210202286,0.41864555848724716
0.25676855895196504,0.17161572052401747,0.15065502183406113,0.42096069868995634
0.25888547608600265,0.16630100921456778,0.15401491882404564,0.42079859587538393
0.2567989300044583,0.1676326348640214,0.15292019616584931,0.422648238965671
0.2632042253521127,0.17297535211267606,0.1483274647887324,0.4154929577464789
0.2694636678200692,0.17214532871972318,0.1513840830449827,0.4070069204152249
0.2674825174825175,0.17089160839160839,0.15428321678321677,0.40734265734265734
0.26767452200978215,0.17474433081369498,0.15562472209871053,0.4019564250778124
0.26325088339222613,0.17402826855123674,0.1515017667844523,0.4112190812720848
0.2670780079330101,0.17188188629352139,0.15557514323490523,0.40546496253856323
0.26452464788732394,0.16901408450704225,0.15889084507042253,0.40757042253521125
0.26669615214506853,0.17160548429898276,0.15479876160990713,0.4068996019460416
0.2678729037952339,0.1650485436893204,0.1615180935569285,0.4055604589585172
0.2654320987654321,0.16534391534391535,0.15432098765432098,0.4149029982363316
0.2615996464869642,0.1657092355280601,0.15422006186478127,0.4184710561201944
0.26607929515418505,0.15991189427312774,0.15330396475770924,0.42070484581497797
0.2666959578207381,0.1577328646748682,0.15289982425307558,0.4226713532513181
0.26757469244288223,0.15817223198594024,0.1546572934973638,0.4195957820738137
0.27188737351517817,0.15750109986801583,0.1513418389793225,0.4192696876374835
0.27405764966740576,0.1605321507760532,0.14855875831485588,0.41685144124168516
0.2744410346339325,0.16352476983779043,0.15168785620341954,0.41034633932485753
0.2735723771580345,0.1637892872952634,0.14962372731297033,0.41301460823373176
0.267825311942959,0.16131907308377896,0.15196078431372548,0.41889483065953653
0.2656181738750546,0.16382699868938402,0.14766273481869813,0.4228920926168633
0.2640597539543058,0.15992970123022848,0.14411247803163443,0.4318980667838313
0.2571174377224199,0.1619217081850534,0.1445729537366548,0.4363879003558719
0.2535398230088496,0.16238938053097346,0.14513274336283186,0.4389380530973451
0.25275694750771943,0.16541685046316718,0.1482134980149978,0.43361270401411556
0.24890061565523308,0.16402814423922604,0.1503957783641161,0.4366754617414248
0.2549800796812749,0.15803452855245684,0.14829570606463036,0.4386896857016379
0.25219298245614036,0.16228070175438597,0.14342105263157895,0.4421052631578947
0.24744103248776145,0.16110369381397419,0.15131286159323543,0.4401424121050289
0.252,0.16355555555555557,0.15422222222222223,0.43022222222222223
0.2543782837127846,0.16637478108581435,0.15455341506129597,0.4246935201401051
0.25474613686534214,0.16556291390728478,0.16114790286975716,0.4185430463576159
0.24899955535793686,0.17207647843485993,0.16140506891951978,0.41751889728768343
0.2502210433244916,0.16887709991158267,0.16489832007073385,0.41600353669319184
0.25754884547069273,0.1669626998223801,0.15763765541740674,0.4178507992895204
0.26477121279431365,0.16659262549977788,0.15104398045313194,0.41759218125277653
0.26855123674911663,0.16166077738515902,0.14885159010600707,0.4209363957597173
0.2710526315789474,0.16578947368421051,0.14035087719298245,0.42280701754385963
0.27169149868536374,0.16695880806310254,0.14680105170902716,0.4145486415425066
0.27296819787985865,0.16519434628975266,0.1417844522968198,0.4200530035335689
0.26981300089047194,0.16562778272484416,0.14781834372217276,0.41674087266251114
0.2745702952842662,0.16659321286910533,0.14764213309828117,0.4111943587483473
0.2658504591167468,0.17446436379536512,0.14997813729777001,0.4097070397901181
0.2706766917293233,0.17072091994692615,0.14993365767359576,0.4086687306501548
0.2727272727272727,0.1642512077294686,0.152832674571805,0.4101888449714537
0.27268741779921085,0.16747040771591407,0.15563349408154317,0.40420868040333185
0.2711267605633803,0.16857394366197184,0.15492957746478872,0.40536971830985913
0.26906028368794327,0.17331560283687944,0.15602836879432624,0.4015957446808511
0.27244718309859156,0.17165492957746478,0.15713028169014084,0.3987676056338028
0.2721658579620644,0.17379797088663432,0.15659461843846492,0.3974415527128363
0.26970227670753066,0.16768826619964974,0.15455341506129597,0.4080560420315236
0.26928162185985016,0.16615249008373734,0.15777875716174528,0.4067871308946673
0.26720285969615726,0.17381590705987487,0.15862377122430743,0.40035746201966044
0.2665788317962231,0.16776460254721123,0.16073781291172595,0.4049187527448397
0.2628345765686705,0.1654234313295305,0.1645458534444932,0.40719613865730586
0.26846528084918175,0.16231755860238833,0.16187527642636002,0.4073418841220699
0.26150442477876107,0.16106194690265488,0.16061946902654867,0.4168141592920354
0.2711189739053516,0.16187527642636002,0.15745245466607696,0.40955329500221144
0.2717391304347826,0.16304347826086957,0.1508695652173913,0.4143478260869565
0.269897732325478,0.16140506891951978,0.15206758559359715,0.41662961316140507
0.27300748568912375,0.16204315279612505,0.1563188022897402,0.408630559225011
0.2735723771580345,0.1571491810535635,0.1646746347941567,0.40460380699424525
0.274235807860262,0.15851528384279476,0.1646288209606987,0.40262008733624455
0.26938413823659724,0.1648205582631812,0.16216216216216217,0.4036331413380594
0.2771618625277162,0.16274944567627495,0.16363636363636364,0.3964523281596452
0.27821869488536155,0.15388007054673722,0.1662257495590829,0.40167548500881833
0.2744755244755245,0.14947552447552448,0.16477272727272727,0.4112762237762238
0.278341420379356,0.14733127481252756,0.1662990736656374,0.40802823114247905
0.2832014072119613,0.14643799472295516,0.16666666666666666,0.40369393139841686
0.2857142857142857,0.14418398938522778,0.1685095090667846,0.4015922158337019
0.2879188712522046,0.13977072310405644,0.16666666666666666,0.4056437389770723
0.2855257369115706,0.14298284205895292,0.16058073031236253,0.41091069071711395
0.29124505059392874,0.1416630004399472,0.15882094148702156,0.4082710074791025
0.2882172579938677,0.1427945685501533,0.15768725361366623,0.41130091984231276
0.28866432337434095,0.13884007029876977,0.15992970123022848,0.4125659050966608
0.2914462081128748,0.1437389770723104,0.15388007054673722,0.4109347442680776
0.2970471573380344,0.14631996474217718,0.15513442044953724,0.4014984574702512
0.2979664014146773,0.14412024756852343,0.15207780725022105,0.40583554376657827
0.2978723404255319,0.14450354609929078,0.15336879432624115,0.40425531914893614
0.2970471573380344,0.14499779638607316,0.1516086381665932,0.40634640810929923
0.298513986013986,0.1451048951048951,0.1547202797202797,0.40166083916083917
0.3041556145004421,0.13837312113174183,0.15561450044208666,0.40185676392572944
0.30097087378640774,0.14033539276257723,0.15180935569285084,0.40688437775816416
0.30087336244541485,0.14104803493449783,0.15021834061135372,0.4078602620087336
0.3011463844797178,0.1371252204585538,0.14947089947089948,0.4122574955908289
0.3038086802480071,0.13463241806908768,0.1474756421612046,0.4140832595217006
0.3028045574057844,0.13102541630148992,0.1476774758983348,0.41849255039439087
0.30295024218405986,0.130779392338177,0.14971378247468076,0.41655658300308235
0.3050921861281826,0.13037752414398596,0.15188762071992976,0.41264266900790164
0.3058720420683611,0.12532865907099036,0.15381244522348816,0.41498685363716037
0.30550621669627,0.12566607460035523,0.1549733570159858,0.413854351687389
0.30935569285083847,0.12709620476610767,0.15225066195939982,0.411297440423654
0.3106159895150721,0.127129750982962,0.15203145478374835,0.41022280471821754
0.3071778867588052,0.12572447614801605,0.15648684797146678,0.410610789121712
0.3101791175185671,0.12057667103538663,0.15377894276976845,0.41546526867627787
0.3125548726953468,0.11852502194907814,0.15188762071992976,0.4170324846356453
0.31308203991130823,0.11840354767184036,0.14900221729490024,0.4195121951219512
0.3132424109106907,0.11966564012318522,0.14782226132864057,0.4192696876374835
0.3164113785557987,0.12341356673960613,0.14442013129102846,0.41575492341356673
0.3158125273762593,0.12352168199737187,0.1498028909329829,0.4108628996933859
0.3137946231820185,0.12692816218598502,0.14411635081533716,0.41516086381665934
0.3132476739034116,0.12760301284891448,0.14621178555604786,0.41293752769162606
0.3125,0.1306423611111111,0.1440972222222222,0.4127604166666667
0.3152796125055042,0.13430206957287538,0.142668428005284,0.4077498899163364
0.3136042402826855,0.13692579505300354,0.1439929328621908,0.40547703180212014
0.3141223053233612,0.13814342278926528,0.1482622085349758,0.3994720633523977
0.30966034406704895,0.13895015438906044,0.14953683281870314,0.4018526687251875
0.31546300398759414,0.13646433318564466,0.14532565352237484,0.40274700930438634
0.3132688927943761,0.13312829525483305,0.14586994727592267,0.4077328646748682
0.31219726992514313,0.13650374284456188,0.14751210920299426,0.40378687802730073
0.3122791519434629,0.13648409893992933,0.14266784452296818,0.4085689045936396
0.3125822007891276,0.13765892152564665,0.1437965804471723,0.4059622972380535
0.31436077057793343,0.13879159369527144,0.13966725043782838,0.4071803852889667
0.3123070136744596,0.14292015880017644,0.14027348919276578,0.40449933833259816
0.3084686265906099,0.14304519526107942,0.14041246160596754,0.40807371654234315
0.3076923076923077,0.1476923076923077,0.14153846153846153,0.40307692307692305
0.30721830985915494,0.14568661971830985,0.14348591549295775,0.40360915492957744
0.3098716246126605,0.1416555998229305,0.14829570606463036,0.40017706949977866
0.31070956368444247,0.1480828558836492,0.14587924195680918,0.3953283384750992
0.31562774363476737,0.14047410008779632,0.14266900790166814,0.40122914837576823
0.31913959613696224,0.13652326602282705,0.14354697102721686,0.40079016681299384
0.318141592920354,0.13672566371681416,0.14026548672566372,0.40486725663716816
0.3173415492957746,0.13556338028169015,0.14040492957746478,0.40669014084507044
0.3123615418697386,0.1382365972529907,0.13912272928666372,0.410279131590607
0.3085059497576025,0.1392684001762891,0.14367562802996914,0.40855002203613927
0.3100263852242744,0.13852242744063326,0.14160070360598065,0.4098504837291117
0.311219946571683,0.13891362422083706,0.14113980409617097,0.40872662511130897
0.3045798132503335,0.14050689195197866,0.14273010226767452,0.41218319253001334
0.30577427821522307,0.1395450568678915,0.14610673665791776,0.40857392825896766
0.3144124168514412,0.13968957871396895,0.14634146341463414,0.39955654101995564
0.315188762071993,0.14047410008779632,0.1431079894644425,0.40122914837576823
0.31932773109243695,0.13710747456877487,0.14241486068111456,0.4011499336576736
0.31907308377896615,0.13502673796791445,0.14215686274509803,0.4037433155080214
0.3198237885462555,0.14096916299559473,0.13964757709251102,0.39955947136563874
0.3205072146917359,0.1394840402273721,0.13686051595977264,0.40314822912111936
0.3167259786476868,0.14145907473309607,0.13434163701067617,0.40747330960854095
0.3160690571049137,0.14431164231961044,0.13457281983178399,0.4050464807436919
0.3208791208791209,0.13802197802197802,0.13186813186813187,0.40923076923076923
0.31390728476821195,0.13554083885209714,0.1390728476821192,0.41147902869757175
0.31882145998240985,0.13852242744063326,0.13676341248900617,0.40589270008795075
0.3212253829321663,0.13654266958424507,0.13041575492341356,0.41181619256017504
0.3167181296868108,0.13762681958535508,0.13365681517423908,0.41199823555359505
0.31866666666666665,0.13555555555555557,0.13733333333333334,0.40844444444444444
0.3145869947275923,0.1366432337434095,0.13268892794376097,0.4160808435852373
0.3153947948831054,0.13939126599029555,0.1310101455668284,0.4142037935597706
0.30959752321981426,0.14374170720919946,0.1238390092879257,0.42282176028306057
0.310692375109553,0.14154250657318143,0.12094653812445223,0.4268185801928133
0.29819144243493606,0.1446846052051169,0.12792236435818263,0.42920158800176444
0.3003533568904594,0.14045936395759717,0.12941696113074205,0.4297703180212014
0.31013215859030835,0.14096916299559473,0.1290748898678414,0.4198237885462555
0.30562884784520666,0.13412489006156553,0.13016710642040458,0.43007915567282323
0.3110426748790145,0.13198416190057194,0.12802463704355477,0.4289485261768588
0.30998248686514884,0.1287215411558669,0.1287215411558669,0.43257443082311736
0.31154014918824047,0.12944273804300133,0.1254936375603335,0.43352347520842477
0.3122251539138083,0.1297273526824978,0.1248900615655233,0.4331574318381706
0.3106457242582897,0.12914485165794065,0.12521815008726003,0.4349912739965096
0.30653710247349825,0.13118374558303886,0.12279151943462897,0.43948763250883394
0.3102987070887205,0.1301827909050379,0.12215782434239858,0.43736067766384307
0.3099647266313933,0.13624338624338625,0.11419753086419752,0.43959435626102294
0.3075578855395369,0.1363040629095675,0.11402359108781127,0.44211446046308434
0.3120629370629371,0.13898601398601398,0.11363636363636363,0.4353146853146853
0.3122791519434629,0.13692579505300354,0.11351590106007067,0.4372791519434629
0.31140350877192985,0.1368421052631579,0.11359649122807018,0.4381578947368421
0.3086253369272237,0.14285714285714285,0.1105121293800539,0.4380053908355795
0.30572687224669604,0.1422907488986784,0.11277533039647578,0.4392070484581498
0.3022026431718062,0.13964757709251102,0.11674008810572688,0.44140969162995597
0.3108876257105378,0.1359860078705728,0.11456055968517709,0.43856580673371226
0.3149220489977728,0.13630289532293988,0.11403118040089087,0.4347438752783964
0.316622691292876,0.13720316622691292,0.11213720316622691,0.4340369393139842
0.323686553873553,0.13357079252003562,0.11219946571682991,0.43054318788958146
0.3253379851722634,0.13257740950719582,0.11077191452245966,0.4313126907980811
0.3197879858657244,0.1333922261484099,0.11219081272084806,0.43462897526501765
0.3280493174812858,0.13562307353588726,0.11272567151034786,0.4236019374724791
0.32832523199292973,0.13345117101193107,0.11356606274856386,0.4246575342465753
0.3309765797613787,0.1312417145382236,0.11400795404330534,0.42377375165709236
0.3342198581560284,0.1276595744680851,0.11170212765957446,0.42641843971631205
0.3334807607253428,0.12118531623175587,0.10703228659885007,0.4383016364440513
0.3318623124448367,0.12533097969991175,0.1147396293027361,0.42806707855251547
0.33024282560706403,0.1293598233995585,0.11390728476821192,0.42649006622516555
0.329490022172949,0.12993348115299336,0.11662971175166297,0.4239467849223947
0.3368888888888889,0.132,0.116,0.4151111111111111
0.3374558303886926,0.1333922261484099,0.11086572438162544,0.41828621908127206
0.3321693583587953,0.13312963771278918,0.11086861632474902,0.42383238760366654
0.3343612334801762,0.1343612334801762,0.11189427312775331,0.4193832599118943
0.33406981882456915,0.13212549712770658,0.1104728236853734,0.4233318603623509
0.3364156759136944,0.13210039630118892,0.11272567151034786,0.4187582562747688
0.33849557522123896,0.13628318584070798,0.11238938053097346,0.41283185840707964
0.3328906595838867,0.14209827357237717,0.11863656485170429,0.4063745019920319
0.34078947368421053,0.13859649122807016,0.11754385964912281,0.40307017543859647
0.33421750663129973,0.14014146772767463,0.1242263483642794,0.40141467727674623
0.33231039017974573,0.13897413415168786,0.12713722051731696,0.40157825515124945
0.3350993377483444,0.13995584988962473,0.12406181015452539,0.4008830022075055
0.3398230088495575,0.13672566371681416,0.12035398230088495,0.40309734513274337
0.33965593295103663,0.13850904278782533,0.11733568592853992,0.40449933833259816
0.3371328364752302,0.13546690048224463,0.1170539237176677,0.41034633932485753
0.34233835252435785,0.13728963684676704,0.11691762621789194,0.4034543844109832
0.3365596128464584,0.139463264408271,0.11086669599648043,0.41311042674879017
0.34058614564831263,0.13943161634103018,0.10657193605683836,0.41341030195381884
0.3354203935599284,0.14087656529516995,0.10688729874776387,0.41681574239713776
0.3298199385155907,0.14185331576635923,0.10979358805445762,0.41853315766359245
0.32936507936507936,0.14153439153439154,0.10978835978835978,0.4193121693121693
0.3299648506151142,0.14235500878734622,0.1063268892794376,0.4213532513181019
0.3331875819851334,0.14210756449497158,0.10756449497157848,0.41714035854831655
0.3352198519808446,0.14235959947757945,0.10491946016543317,0.4175010883761428
0.3321570357300397,0.141155712395236,0.1023378914865461,0.4243493603881782
0.33509234828496043,0.14072119613016712,0.10290237467018469,0.4212840809146878
0.3353927625772286,0.13768755516328332,0.0997352162400706,0.42718446601941745
0.33539549270879365,0.14052143172779497,0.09456473707467963,0.4295183384887318
0.33260008798944124,0.14254289485261767,0.09766827980642323,0.4271887373515178
0.3342151675485009,0.1424162257495591,0.09964726631393298,0.4237213403880071
0.339261894175189,0.14006224988883947,0.10004446420631392,0.42063139172965763
0.3349536014140521,0.1449403446752099,0.09500662836942113,0.42509942554131686
0.3352322524101665,0.14636283961437335,0.0985977212971078,0.4198071866783523
0.33480565371024734,0.1497349823321555,0.0980565371024735,0.4174028268551237
0.33201058201058203,0.14947089947089948,0.1009700176366843,0.4175485008818342
0.33158125273762595,0.14848883048620237,0.0994305738063951,0.4204993429697766
0.33362989323843417,0.14768683274021352,0.10142348754448399,0.41725978647686834
0.3308501314636284,0.14636283961437335,0.10429447852760736,0.41849255039439087
0.32655766681396375,0.14803358373840036,0.10693769332744145,0.4184710561201944
0.3325981473312748,0.14777238641376267,0.10895456550507278,0.4106749007498897
0.3349600709849157,0.14995563442768411,0.10425909494232476,0.4108251996450754
0.3342245989304813,0.1497326203208556,0.10383244206773619,0.41221033868092694
0.33377020532983837,0.1489733508082132,0.10878112712975098,0.40847531673219745
0.3442622950819672,0.1448825875055383,0.1023482498892335,0.408506867523261
0.351423487544484,0.1356761565836299,0.10809608540925267,0.40480427046263345
0.3596995139195758,0.137870083959346,0.10649580203269995,0.3959346000883783
0.35802469135802467,0.13624338624338625,0.10714285714285714,0.3985890652557319
0.36120840630472856,0.13353765323992994,0.10901926444833625,0.39623467600700524
0.35644444444444445,0.1368888888888889,0.11155555555555556,0.39511111111111114
0.35528060097216085,0.1303579319487406,0.1095890410958904,0.4047724259832081
0.3588495575221239,0.12743362831858407,0.1079646017699115,0.40575221238938053
0.3587719298245614,0.12543859649122807,0.10570175438596491,0.4100877192982456
0.3609885260370697,0.12709620476610767,0.10767872903795234,0.4042365401588703
0.36186252771618627,0.12549889135254988,0.10687361419068736,0.4057649667405765
0.3743339253996448,0.11989342806394317,0.108348134991119,0.39742451154529307
0.36475770925110135,0.11938325991189427,0.11541850220264317,0.40044052863436125
0.3740088105726872,0.11894273127753303,0.1092511013215859,0.39779735682819384
0.3783664459161148,0.11743929359823399,0.10286975717439294,0.4013245033112583
0.37915936952714535,0.11646234676007006,0.10026269702276708,0.4041155866900175
0.3861123396727112,0.11543564794338788,0.09862892525431226,0.3998230871295887
0.38444735692442117,0.1162079510703364,0.09742245522062036,0.40192223678462213
0.3860731599823711,0.12031732040546496,0.10136624063464081,0.39224327897752315
0.3828090385467435,0.12095702259636686,0.0979175897208684,0.39831634913602126
0.38043001316366826,0.11978938130759105,0.09741114523913998,0.4023694602896007
0.3841059602649007,0.12362030905077263,0.09492273730684327,0.3973509933774834
0.38152077807250223,0.12245800176834659,0.09902740937223696,0.39699381078691426
0.379584622182943,0.12461334511710119,0.10163499779054352,0.3941670349094123
0.38015064244572444,0.12538768276473194,0.10190518387239698,0.39255649091714667
0.3775419982316534,0.1286472148541114,0.10079575596816977,0.39301503094606544
0.38213180008845643,0.12826183104820876,0.09951348960636887,0.39009287925696595
0.37934065934065936,0.12615384615384614,0.10153846153846154,0.39296703296703295
0.3811204234671372,0.12527569475077194,0.1027790030877812,0.39082487869430965
0.37702761946514685,0.12406839105655414,0.09995615957913195,0.39894782989916705
0.38312829525483305,0.12302284710017575,0.09710017574692442,0.3967486818980668
0.38252086078173037,0.12736056214317085,0.0966183574879227,0.3935002195871761
0.3845138583369996,0.12670479542454904,0.09942806863176419,0.3893532776066872
0.387434554973822,0.12390924956369982,0.10034904013961606,0.38830715532286214
0.38323090430201934,0.12510974539069358,0.10184372256365233,0.38981562774363476
0.38662533215234723,0.12488928255093003,0.10274579273693533,0.3857395925597874
0.3949211908931699,0.11821366024518389,0.10376532399299475,0.38309982486865146
0.39716939407341884,0.12030075187969924,0.09774436090225563,0.3847854931446263
0.3944833625218914,0.12084063047285463,0.09763572679509633,0.38704028021015763
0.3912472647702407,0.12560175054704595,0.09846827133479212,0.3846827133479212
0.4019349164467898,0.12313104661389622,0.09586631486367635,0.37906772207563766
0.3947485536270583,0.12594570538495772,0.09434801958166444,0.38495772140631956
0.3883710608078118,0.13049267643142476,0.09809143364403018,0.38304482911673327
0.38434630520332314,0.12811543506777437,0.10013117621337997,0.3874070835155225
0.3861123396727112,0.12781954887218044,0.09818664307828394,0.3878814683768244
0.38478452066842567,0.1284080914687775,0.09762532981530343,0.3891820580474934
0.3787812362998685,0.12757562472599737,0.09907935116177115,0.394563787812363
0.38232720909886264,0.12335958005249344,0.09667541557305337,0.39763779527559057
0.38139329805996475,0.1247795414462081,0.09523809523809523,0.3985890652557319
0.3811386353759235,0.12559756627553237,0.09517601043024772,0.3980877879182964
0.3759825327510917,0.12620087336244543,0.09563318777292576,0.40218340611353715
0.374614367562803,0.127368884971353,0.0987219039224328,0.3992948435434112
0.38015064244572444,0.12140008861320337,0.09968985378821445,0.3987594151528578
0.3771353482260184,0.11957950065703023,0.1029347349978099,0.40035041611914146
0.3724015922158337,0.11808934099955772,0.1021671826625387,0.4073418841220699
0.37111597374179434,0.11903719912472648,0.09978118161925602,0.4100656455142232
0.3667405764966741,0.11929046563192905,0.10509977827050998,0.4088691796008869
0.3582485625829279,0.11366651923927466,0.10835913312693499,0.41972578505086244
0.3564835164835165,0.11868131868131868,0.10505494505494506,0.4197802197802198
0.3542306006137659,0.12099956159579132,0.10390179745725558,0.4208680403331872
0.3560140474100088,0.12115891132572432,0.10403863037752414,0.41878841088674273
0.35221238938053095,0.12433628318584071,0.1079646017699115,0.4154867256637168
0.3601937472479084,0.1206516952884192,0.10523998238661382,0.4139145750770586
0.3599476439790576,0.12827225130890052,0.10732984293193717,0.40445026178010474
0.35961454226894435,0.1252737625930793,0.105562855891371,0.40954883924660535
0.35920177383592017,0.1237250554323725,0.10421286031042129,0.412860310421286
0.35627177700348434,0.12412891986062717,0.10670731707317073,0.41289198606271776
0.3552106430155211,0.1246119733924612,0.10554323725055433,0.4146341463414634
0.3544809228039042,0.12555456965394854,0.10381543921916593,0.4161490683229814
0.3504424778761062,0.12654867256637167,0.1079646017699115,0.4150442477876106
0.35175438596491226,0.12982456140350876,0.10789473684210527,0.4105263157894737
0.3507853403141361,0.12783595113438045,0.10776614310645724,0.41361256544502617
0.3523475208424748,0.12856516015796401,0.10838086880210619,0.410706450197455
0.34408127208480566,0.12941696113074205,0.10821554770318022,0.41828621908127206
0.34111943587483473,0.13133539003966505,0.1128250330542089,0.41472014103129134
0.3473913043478261,0.13,0.11478260869565217,0.4078260869565217
0.34615384615384615,0.13417832167832167,0.1131993006993007,0.40646853146853146
0.3390880920761399,0.1363435148295706,0.11465250110668437,0.40991589198760514
0.34405286343612335,0.13876651982378854,0.113215859030837,0.4039647577092511
0.3447368421052632,0.13640350877192983,0.11359649122807018,0.4052631578947368
0.34256816182937555,0.13720316622691292,0.11433597185576078,0.40589270008795075
0.3494931687968268,0.13265755839576907,0.11591009255178493,0.4019391802556192
0.3487762237762238,0.13592657342657344,0.11494755244755245,0.40034965034965037
0.3445378151260504,0.13533834586466165,0.11366651923927466,0.40645731977001326
0.3401420959147424,0.1341030195381883,0.11634103019538189,0.40941385435168737
0.34145261293179807,0.1328609388839681,0.1191319751992914,0.4065544729849424
0.34182776801405973,0.1344463971880492,0.11775043936731107,0.40597539543058
0.3377425044091711,0.1300705467372134,0.11728395061728394,0.4149029982363316
0.3386103781882146,0.12928759894459102,0.11917326297273527,0.4129287598944591
0.3381770145310436,0.12681638044914134,0.1210920299427565,0.4139145750770586
0.34049079754601225,0.12357581069237511,0.11524978089395267,0.42068361086765993
0.33494505494505494,0.12571428571428572,0.11384615384615385,0.4254945054945055
0.3317051509769094,0.1283303730017762,0.11589698046181172,0.4240674955595027
0.3357238906320036,0.12371134020618557,0.1134020618556701,0.42716270730614075
0.33111702127659576,0.12411347517730496,0.11391843971631206,0.4308510638297872
0.334209373631187,0.12658782303985983,0.11870346035917652,0.4204993429697766
