C,D,Oc,Od
0.0,0.0,1.0,0.0
0.5,0.0,0.5,0.0
0.6666666666666666,0.0,0.3333333333333333,0.0
0.5,0.0,0.5,0.0
0.4,0.0,0.6,0.0
0.3333333333333333,0.16666666666666666,0.5,0.0
0.2857142857142857,0.2857142857142857,0.42857142857142855,0.0
0.14285714285714285,0.42857142857142855,0.42857142857142855,0.0
0.125,0.5,0.375,0.0
0.14285714285714285,0.5714285714285714,0.2857142857142857,0.0
0.2857142857142857,0.42857142857142855,0.2857142857142857,0.0
0.25,0.375,0.25,0.125
0.2222222222222222,0.3333333333333333,0.2222222222222222,0.2222222222222222
0.2,0.4,0.2,0.2
0.18181818181818182,0.36363636363636365,0.18181818181818182,0.2727272727272727
0.2,0.2,0.1,0.5
0.1111111111111111,0.2222222222222222,0.1111111111111111,0.5555555555555556
0.08333333333333333,0.16666666666666666,0.08333333333333333,0.6666666666666666
0.0,0.07692307692307693,0.15384615384615385,0.7692307692307693
0.05555555555555555,0.05555555555555555,0.1111111111111111,0.7777777777777778
0.041666666666666664,0.041666666666666664,0.08333333333333333,0.8333333333333334
0.034482758620689655,0.034482758620689655,0.06896551724137931,0.8620689655172413
0.05,0.05,0.0,0.9
0.058823529411764705,0.0,0.0,0.9411764705882353
0.04225352112676056,0.0,0.0,0.9577464788732394
0.036585365853658534,0.0,0.024390243902439025,0.9390243902439024
0.019230769230769232,0.0,0.038461538461538464,0.9423076923076923
0.0390625,0.0,0.0234375,0.9375
0.04081632653061224,0.006802721088435374,0.027210884353741496,0.9251700680272109
0.05325443786982249,0.005917159763313609,0.023668639053254437,0.9171597633136095
0.06770833333333333,0.015625,0.020833333333333332,0.8958333333333334
0.08482142857142858,0.013392857142857142,0.022321428571428572,0.8794642857142857
0.1044776119402985,0.014925373134328358,0.029850746268656716,0.8507462686567164
0.12211221122112212,0.019801980198019802,0.026402640264026403,0.8316831683168316
0.14857142857142858,0.02,0.03142857142857143,0.8
0.17766497461928935,0.017766497461928935,0.030456852791878174,0.7741116751269036
0.19037199124726478,0.028446389496717725,0.02188183807439825,0.7592997811816192
0.2134387351778656,0.03359683794466403,0.021739130434782608,0.7312252964426877
0.2357142857142857,0.04107142857142857,0.019642857142857142,0.7035714285714286
0.26582278481012656,0.04272151898734177,0.0189873417721519,0.6724683544303798
0.2768115942028985,0.04492753623188406,0.020289855072463767,0.6579710144927536
0.2906666666666667,0.04666666666666667,0.018666666666666668,0.644
0.3,0.0524390243902439,0.02195121951219512,0.625609756097561
0.3018660812294182,0.050493962678375415,0.024149286498353458,0.6234906695938529
0.3054136874361593,0.05107252298263534,0.02553626149131767,0.6179775280898876
0.3074712643678161,0.05363984674329502,0.03065134099616858,0.6082375478927203
0.30964912280701756,0.05175438596491228,0.03070175438596491,0.6078947368421053
0.30998389694041867,0.05152979066022544,0.030595813204508857,0.6078904991948471
0.315669947009841,0.04844814534443603,0.03406510219530658,0.6018168054504164
0.3177966101694915,0.04449152542372881,0.03742937853107345,0.6002824858757062
0.31641397495056034,0.043506921555702044,0.03889255108767304,0.6011865524060646
0.31346989447548107,0.040968342644320296,0.037243947858473,0.6083178150217257
0.3182618907809748,0.04521432765707575,0.0358191426893717,0.6007046388725779
0.32305103757711723,0.044868199663488505,0.03645541222658441,0.5956253505328098
0.3206229860365199,0.04940923737916219,0.038131041890440386,0.5918367346938775
0.31993817619783615,0.04945904173106646,0.03863987635239567,0.5919629057187017
0.32408759124087594,0.05012165450121654,0.03990267639902676,0.5858880778588808
0.32200188857412654,0.04768649669499528,0.044381491973559964,0.5859301227573183
0.3239760699493787,0.04693971468016567,0.04371836171191901,0.5853658536585366
0.32737030411449014,0.04382826475849732,0.04382826475849732,0.5849731663685152
0.33274257864421797,0.04474966770048737,0.04253433761630483,0.5799734160389898
0.33054945054945056,0.047032967032967034,0.04395604395604396,0.5784615384615385
0.3299559471365639,0.04713656387665198,0.04449339207048458,0.5784140969162995
0.3268892794376098,0.04745166959578207,0.04657293497363796,0.5790861159929701
0.3287549844926894,0.05095259193619849,0.0460788657509969,0.5742135578201152
0.3256738842244808,0.05170128148475475,0.0481661511268228,0.5744586831639417
0.3280353200883002,0.054304635761589407,0.04768211920529802,0.5699779249448124
0.3227792436235708,0.056288478452066845,0.048812664907651716,0.5721196130167107
0.32431233362910383,0.058118899733806566,0.052795031055900624,0.564773735581189
0.3255915863277826,0.057843996494303246,0.054776511831726556,0.5617879053461875
0.3232949512843224,0.05890168290522586,0.05447298494242692,0.5633303808680248
0.31735463826009763,0.05858854860186418,0.05459387483355526,0.5694629383044829
0.3132688927943761,0.06107205623901582,0.05799648506151142,0.5676625659050967
0.31941359395824076,0.06530430919591293,0.060417592181252776,0.5548645046645935
0.31943835015357613,0.06494076349275998,0.06450197455024133,0.5511189118034225
0.3242170269078077,0.06263784737538597,0.0670489633877371,0.5460961623290692
0.32487975513773504,0.06296458242238741,0.06689986882378662,0.545255793616091
0.32255244755244755,0.06381118881118882,0.07124125874125874,0.5423951048951049
0.3195240193918026,0.06875275451740855,0.07139709122961657,0.5403261348611723
0.3171265878230399,0.06614104248795445,0.07052124397722295,0.5462111257117828
0.3176470588235294,0.06840958605664488,0.07015250544662309,0.5437908496732026
0.31638913234005256,0.06704645048203331,0.07449605609114812,0.542068361086766
0.3152317880794702,0.06975717439293598,0.07417218543046358,0.5408388520971302
0.31838170624450307,0.07387862796833773,0.0743183817062445,0.5334212840809147
0.31686172518422195,0.07325530992631123,0.0741222366710013,0.5357607282184655
0.3163941670349094,0.07821475916924436,0.08042421564295184,0.5249668581528943
0.3185378590078329,0.07571801566579635,0.07919930374238468,0.5265448215839861
0.3180604982206406,0.074288256227758,0.07829181494661921,0.5293594306049823
0.3153947948831054,0.07587119541243935,0.08072342302602559,0.5280105866784296
0.310692375109553,0.07274320771253287,0.07931638913234006,0.537248028045574
0.31013215859030835,0.07180616740088105,0.08105726872246696,0.5370044052863436
0.3082706766917293,0.07695709862892526,0.07916850950906679,0.5356037151702786
0.30687830687830686,0.07319223985890652,0.07804232804232804,0.5418871252204586
0.3022847100175747,0.07688927943760984,0.07820738137082602,0.5426186291739895
0.3023663453111306,0.07712532865907099,0.07931638913234006,0.5411919368974584
0.3084775854416334,0.07634265423879272,0.0758988015978695,0.5392809587217043
0.3075563411400795,0.08174988952717631,0.07423773751657092,0.5364560318161732
0.30336097773897863,0.0798777826276735,0.07376691401134876,0.5429943256219991
0.3035793194874061,0.0830755634114008,0.07688908528501988,0.5364560318161732
0.30212014134275617,0.0803886925795053,0.0803886925795053,0.5371024734982333
0.3034452296819788,0.08083038869257951,0.0803886925795053,0.5353356890459364
0.30701754385964913,0.07894736842105263,0.08508771929824561,0.5289473684210526
0.3035635723713154,0.08051033875934888,0.08666959964804223,0.5292564892212934
0.3099027409372237,0.08222811671087533,0.08620689655172414,0.5216622458001768
0.3090430201931519,0.08560140474100088,0.08779631255487269,0.5175592625109745
0.3068081343943413,0.08488063660477453,0.08311229000884174,0.5251989389920424
0.3013157894736842,0.0868421052631579,0.08552631578947369,0.5263157894736842
0.3080279232111693,0.08507853403141362,0.0824607329842932,0.5244328097731239
0.3100570926657883,0.08432147562582346,0.08432147562582346,0.5212999560825647
0.3052120141342756,0.08259717314487633,0.08568904593639576,0.5265017667844523
0.2989464442493415,0.08604038630377524,0.08296751536435469,0.5320456540825286
0.3051438535309503,0.08631211857018309,0.08326068003487358,0.525283347863993
0.30498016747465845,0.09211106214191274,0.08285588364918467,0.5200528867342442
0.30123131046613894,0.08970976253298153,0.08663148636763413,0.5224274406332454
0.3028571428571429,0.09054945054945054,0.08615384615384615,0.5204395604395604
0.2998667258996002,0.09284762327854287,0.08840515326521546,0.5188804975566415
0.3040629095674967,0.09480122324159021,0.08475316732197466,0.5163826998689384
0.30070237050043896,0.09350307287093942,0.08560140474100088,0.5201931518876207
0.29785370127025845,0.09548839246605344,0.08585194918966273,0.5208059570740254
0.29691629955947135,0.09295154185022027,0.0881057268722467,0.5220264317180616
0.2888198757763975,0.09538598047914817,0.09050576752440107,0.5252883762200532
0.29050772626931565,0.09536423841059603,0.09403973509933775,0.5200883002207506
0.29245699161887956,0.09439788266431408,0.09572121746801941,0.5174239082487869
0.29028021015761823,0.09544658493870403,0.09457092819614711,0.5197022767075307
0.2951833848873177,0.09544851966416261,0.09500662836942113,0.5143614670790986
0.28927789934354486,0.09978118161925602,0.0936542669584245,0.5172866520787747
0.28028609745194455,0.10326329906124274,0.09342869915064819,0.5230219043361645
0.2804395604395604,0.10417582417582417,0.09318681318681318,0.5221978021978022
0.28145550197281893,0.10565541429197721,0.09381850065760632,0.5190705830775976
0.28277972027972026,0.10839160839160839,0.09527972027972027,0.513548951048951
0.28502202643171803,0.10616740088105726,0.09691629955947137,0.5118942731277533
0.27841409691629954,0.1052863436123348,0.0973568281938326,0.518942731277533
0.2744755244755245,0.10926573426573427,0.09353146853146853,0.5227272727272727
0.2770390070921986,0.11702127659574468,0.09042553191489362,0.5155141843971631
0.27425786442179884,0.11696942844483828,0.09260079751883031,0.5161719096145325
0.27848101265822783,0.11697948494107377,0.09471846355303361,0.5098210388476647
0.277851166886834,0.11889035667107001,0.09731395860854249,0.5059445178335535
0.2786813186813187,0.11912087912087913,0.09538461538461539,0.5068131868131868
0.27755819060166886,0.11769872639437857,0.0966183574879227,0.5081247255160298
0.2737210319195453,0.11674682990817666,0.09838216003498032,0.5111499781372978
0.2742006132282085,0.11519929916776171,0.09986859395532194,0.5107314936487078
0.2712014134275618,0.10954063604240283,0.10159010600706714,0.5176678445229682
0.2635761589403974,0.11611479028697572,0.09801324503311258,0.5222958057395144
0.261968085106383,0.11835106382978723,0.0975177304964539,0.5221631205673759
0.26687388987566607,0.11678507992895204,0.0941385435168739,0.522202486678508
0.2626041209995616,0.12012275317843052,0.09688733011836914,0.5203857957036387
0.2562637362637363,0.12307692307692308,0.09494505494505495,0.5257142857142857
0.24757281553398058,0.12886142983230361,0.09576345984112974,0.527802294792586
0.24504186866460997,0.12957249889819303,0.0987219039224328,0.5266637285147642
0.24956217162872155,0.13353765323992994,0.09588441330998249,0.521015761821366
0.2465034965034965,0.1368006993006993,0.09527972027972027,0.521416083916084
0.2527667109340416,0.13191677733510404,0.1018149623727313,0.5135015493581231
0.25407309555262,0.1329810656098635,0.10215763980625275,0.5107881990312637
0.25554569653948533,0.14063886424134872,0.09849157054125998,0.5053238686779059
0.2607550482879719,0.14223002633889376,0.09174714661984197,0.5052677787532923
0.2596660808435852,0.13927943760984182,0.0913884007029877,0.5096660808435852
0.2564892212934448,0.13770347558293006,0.08842938847338319,0.517377914650242
0.2577680525164114,0.13391684901531728,0.08971553610503283,0.5185995623632386
0.2591289045314562,0.13594368675758908,0.09766827980642323,0.5072591289045315
0.25729212015672615,0.130169786678276,0.10187200696560732,0.5106660861993905
0.2574345317354638,0.12605415002219264,0.09986684420772303,0.5166444740346205
0.262071992976295,0.13081650570676032,0.10140474100087796,0.5057067603160668
0.2665482007996446,0.123500666370502,0.10884051532652154,0.5011106175033319
0.26993865030674846,0.1200701139351446,0.1091148115687993,0.5008764241893077
0.27073277753400615,0.12724879333040806,0.10794207985958754,0.49407634927599825
0.2673702726473175,0.1284080914687775,0.11081794195250659,0.49340369393139843
0.27232341181697023,0.12972012438916036,0.11283873833851621,0.4851177254553532
0.2665198237885463,0.13083700440528634,0.11585903083700441,0.486784140969163
0.2601054481546573,0.12478031634446397,0.11687170474516696,0.4982425307557118
0.26278968080454745,0.12724092697857456,0.11630957586357674,0.49365981635330125
0.26622222222222225,0.12622222222222224,0.11955555555555555,0.488
0.2661326212728082,0.12327547841566533,0.12194036493101913,0.4886515353805073
0.26362428001772265,0.13026140894993354,0.11962782454585734,0.4864864864864865
0.2598669623059867,0.13170731707317074,0.12549889135254988,0.48292682926829267
0.2580502867225408,0.12924569916188797,0.12704014115571238,0.48566387295985886
0.26115485564304464,0.12598425196850394,0.12773403324584426,0.48512685914260717
0.2572062084257206,0.12150776053215077,0.13170731707317074,0.48957871396895786
0.2562747688243065,0.12329370321444298,0.13650374284456188,0.48392778511668866
0.25274243089074155,0.12505484861781482,0.13470820535322509,0.4874945151382185
0.2497793468667255,0.1235657546337158,0.13901147396293026,0.4876434245366284
0.2467991169977925,0.12582781456953643,0.1403973509933775,0.4869757174392936
0.24789356984478936,0.1286031042128603,0.14146341463414633,0.482039911308204
0.24539877300613497,0.12839614373356706,0.13935144609991235,0.4868536371603856
0.24641460234680573,0.12733594089526293,0.14124293785310735,0.485006518904824
0.24944518419884598,0.12516644474034622,0.14336440301819794,0.48202396804260983
0.25208974923009236,0.12978442586889574,0.13858336999560053,0.47954245490541136
0.2517605633802817,0.12720070422535212,0.1368838028169014,0.4841549295774648
0.24933804060017653,0.12753751103265668,0.14518976169461606,0.47793468667255073
0.24585876198779424,0.12772449869224062,0.14952048823016564,0.4768962510897995
0.2475770925110132,0.12731277533039648,0.14889867841409693,0.4762114537444934
0.2514463729417,0.12105028927458834,0.14508233199821985,0.48242100578549174
0.24686379928315413,0.12007168458781362,0.14740143369175626,0.48566308243727596
0.25022222222222223,0.11911111111111111,0.14666666666666667,0.484
0.25188804975566415,0.11994669035984007,0.14438027543314083,0.4837849844513549
0.25066430469441986,0.12090345438441098,0.14348981399468555,0.4849424269264836
0.2546093064091308,0.11808604038630377,0.14705882352941177,0.48024582967515367
0.2560599382988101,0.11943587483472895,0.14631996474217718,0.47818422212428385
0.25451343020695727,0.1206516952884192,0.14707177454865697,0.47776309995596655
0.25785340314136124,0.12085514834205933,0.14136125654450263,0.4799301919720768
0.2606969563299515,0.12262902514336127,0.13983237759153067,0.4768416409351566
0.2616407982261641,0.12239467849223946,0.13835920177383593,0.4776053215077605
0.2578366445916115,0.11390728476821192,0.14304635761589404,0.48520971302428256
0.25680421422300265,0.11194029850746269,0.14223002633889376,0.4890254609306409
0.2501095050372317,0.11081909767849321,0.14498466929478757,0.4940867279894875
0.25055041831792163,0.11140466754733598,0.14663143989431968,0.4914134742404227
0.2444836716681377,0.11694616063548102,0.147396293027361,0.4911738746690203
0.24591611479028697,0.11655629139072848,0.14613686534216336,0.4913907284768212
0.2477104230266027,0.11077191452245966,0.14391626689925863,0.49760139555167904
0.2484526967285588,0.10875331564986737,0.14854111405835543,0.4942528735632184
0.24709562109025915,0.11215370866845398,0.14432529043789097,0.4964253798033959
0.254737769942706,0.1128250330542089,0.14147201410312912,0.49096518289995594
0.25440140845070425,0.11575704225352113,0.14084507042253522,0.48899647887323944
0.24551422319474836,0.11816192560175055,0.13654266958424507,0.499781181619256
0.24669020300088262,0.11738746690203,0.13680494263018536,0.49911738746690204
0.2482300884955752,0.11946902654867257,0.13451327433628318,0.497787610619469
0.24766562916851934,0.12227656736327257,0.1329479768786127,0.49710982658959535
0.24492497793468668,0.12577228596646073,0.12886142983230361,0.500441306266549
0.24966740576496674,0.12682926829268293,0.12505543237250555,0.4984478935698448
0.25142857142857145,0.12747252747252746,0.12395604395604395,0.49714285714285716
0.250992501102779,0.1305690339655933,0.12130569033965594,0.49713277459197175
0.24966442953020135,0.13243847874720358,0.1243847874720358,0.4935123042505593
0.2471213463241807,0.13330380868024802,0.1271036315323295,0.4924712134632418
0.24281291463954002,0.13666519239274658,0.12781954887218044,0.49270234409553293
0.23836951705804166,0.13469206911829862,0.1284891448825875,0.4984492689410722
0.23805348531345902,0.13722051731696625,0.1297676457693994,0.4949583516001754
0.2408695652173913,0.13826086956521738,0.1308695652173913,0.49
0.2455376578145407,0.1410535481062255,0.12973443622115804,0.4836743578580758
0.24836029733275033,0.14429383471797114,0.1289899431569742,0.4783559247923043
0.24525805028672254,0.14600794000882222,0.12704014115571238,0.48169386854874285
0.25364560318161733,0.14273088820150243,0.12770658418029165,0.4759169244365886
0.24911190053285967,0.14653641207815277,0.12655417406749556,0.477797513321492
0.2502218278615794,0.14374445430346053,0.13087843833185447,0.4751552795031056
0.2484472049689441,0.1481810115350488,0.12910381543921917,0.47426796805678795
0.2514336127040141,0.1513012792236436,0.1310101455668284,0.4662549625055139
0.24488888888888888,0.15288888888888888,0.12933333333333333,0.4728888888888889
0.24283825473776993,0.15910092551784927,0.12384310268840899,0.4742177170559718
0.24233128834355827,0.1520595968448729,0.12576687116564417,0.47984224364592465
0.24523396880415946,0.1559792027729636,0.12218370883882149,0.47660311958405543
0.2467076382791923,0.14837576821773485,0.12423178226514486,0.480684811237928
0.24889282550930025,0.1488042515500443,0.11691762621789194,0.4853852967227635
0.2507836990595611,0.141961486789073,0.11464397671294223,0.49261083743842365
0.25552608311229,0.14146772767462423,0.11184792219274978,0.491158267020336
0.2548415492957746,0.13600352112676056,0.10959507042253522,0.49955985915492956
0.26077396657871593,0.13676341248900617,0.11037818821459983,0.4920844327176781
0.257736516357206,0.13969938107869143,0.11450044208664899,0.4880636604774536
0.266199649737303,0.13572679509632224,0.11471103327495621,0.48336252189141854
0.26292725679228746,0.13584574934268187,0.11875547765118318,0.4824715162138475
0.26541320507214694,0.13379973764757325,0.10975076519457805,0.4910362920857018
0.27296703296703295,0.12879120879120878,0.11604395604395605,0.48219780219780217
0.26610767872903796,0.13018534863195058,0.11606354810238305,0.4876434245366284
0.2682819383259912,0.1356828193832599,0.11497797356828193,0.48105726872246696
0.2745955400087451,0.12986445124617402,0.11062527328377787,0.48491473546130304
0.2770448548812665,0.12708883025505716,0.11345646437994723,0.4824098504837291
0.2754650132860939,0.13064658990256864,0.11514614703277236,0.4787422497785651
0.27192205491585475,0.12976085031000886,0.11691762621789194,0.48139946855624444
0.2732919254658385,0.13309671694764863,0.11446317657497782,0.47914818101153506
0.27420774647887325,0.13556338028169015,0.11047535211267606,0.47975352112676056
0.2831779849090102,0.13093652907234798,0.10741233910341766,0.47847314691522413
0.2763796909492274,0.13333333333333333,0.1055187637969095,0.4847682119205298
0.2787746170678337,0.13391684901531728,0.10809628008752735,0.47921225382932164
0.275032794053345,0.1355487538259729,0.11106252732837779,0.4783559247923043
0.2692982456140351,0.13815789473684212,0.11096491228070175,0.48157894736842105
0.26613965744400525,0.13658322353974528,0.11462450592885376,0.4826526130873957
0.26936619718309857,0.1386443661971831,0.11443661971830986,0.47755281690140844
0.2736056214317084,0.13087395696091347,0.11594202898550725,0.4795783926218709
0.27028218694885364,0.13051146384479717,0.11552028218694885,0.48368606701940037
0.2712014134275618,0.12853356890459364,0.1166077738515901,0.4836572438162544
0.2631814119749777,0.128686327077748,0.11706881143878463,0.49106344950848974
0.2701275846898372,0.12362516498020237,0.12010558732952045,0.4861416630004399
0.2715994683207798,0.11741249446167479,0.12007089056269384,0.4909171466548516
0.2688077430708315,0.12318521777386714,0.12142542894852618,0.4865816102067752
0.27337488869100623,0.12555654496883348,0.1188780053428317,0.4821905609973286
0.27454464682363394,0.1257219013771657,0.12216792536650378,0.47756552643269656
0.27460456942003514,0.12697715289982425,0.11994727592267135,0.47847100175746926
0.27296819787985865,0.12455830388692579,0.12323321554770318,0.4792402826855124
0.27188737351517817,0.12186537615486141,0.1205455345358557,0.4857017157941047
0.2741295724988982,0.124724548259145,0.12163948876156898,0.47950639048038785
0.27224435590969454,0.12660469234174412,0.12306330234617087,0.47808764940239046
0.2734513274336283,0.12787610619469025,0.12079646017699115,0.4778761061946903
0.2712087912087912,0.12703296703296704,0.12439560439560439,0.47736263736263734
0.2689562890276539,0.13425512934879572,0.11685994647636039,0.47992863514719003
0.2673702726473175,0.13236587510993844,0.12049252418645559,0.47977132805628847
0.26740576496674057,0.13348115299334812,0.12283813747228381,0.4762749445676275
0.2643171806167401,0.13259911894273127,0.12334801762114538,0.4797356828193833
0.2727272727272727,0.12999560825647782,0.11682037768994291,0.48045674132630656
0.2722859664607237,0.12797881729920565,0.11606354810238305,0.4836716681376876
0.2687937062937063,0.131993006993007,0.11888111888111888,0.4803321678321678
0.2712975098296199,0.13368283093053734,0.11227610310179117,0.48274355613805153
0.2740088105726872,0.13480176211453745,0.113215859030837,0.4779735682819383
0.27432848965213563,0.13518273888154997,0.11800968736239542,0.472479084103919
0.2733333333333333,0.13733333333333334,0.11288888888888889,0.47644444444444445
0.27705061082024435,0.1343804537521815,0.1099476439790576,0.47862129144851656
0.27989371124889284,0.1337466784765279,0.112488928255093,0.4738706820194863
0.28194993412384717,0.13482652613087395,0.10891523935002195,0.4743083003952569
0.27926348092941694,0.13546690048224463,0.10916264796142043,0.47610697062691804
0.2815107597716293,0.13526570048309178,0.10891523935002195,0.4743083003952569
0.2841409691629956,0.13392070484581498,0.113215859030837,0.4687224669603524
0.2821978021978022,0.1345054945054945,0.11340659340659341,0.4698901098901099
0.2752414398595259,0.13301141352063214,0.11237928007023705,0.4793678665496049
0.26639892904953144,0.13520749665327977,0.11557340473003123,0.4828201695671575
0.2683677958644963,0.1372635283765948,0.11658600967883855,0.4777826660800704
0.27448397013614406,0.14009661835748793,0.11857707509881422,0.4668423364075538
0.2759696834596522,0.13731609451627286,0.11992866696388765,0.46678555506018726
0.271523178807947,0.141280353200883,0.1196467991169978,0.4675496688741722
0.26601423487544484,0.14323843416370108,0.11565836298932385,0.4750889679715303
0.27099911582670205,0.14412024756852343,0.11538461538461539,0.46949602122015915
0.265929203539823,0.14513274336283186,0.11194690265486726,0.47699115044247786
0.26604692341744135,0.14829570606463036,0.11243913235945109,0.4732182381584772
0.2688927943760984,0.15202108963093147,0.1063268892794376,0.4727592267135325
0.2713523131672598,0.1534697508896797,0.10587188612099645,0.46930604982206403
0.270481144343303,0.15127871694841785,0.10576506285218899,0.47247507585609017
0.27252843394575677,0.14698162729658792,0.10979877515310586,0.47069116360454943
0.2681958535509484,0.15483017203352448,0.11248345831495368,0.46449051610057346
0.26919682259488087,0.1526919682259488,0.12003530450132392,0.4580759046778464
0.26387665198237886,0.16079295154185022,0.12422907488986784,0.4511013215859031
0.2606969563299515,0.15659461843846492,0.12615791795324216,0.4565505072783414
0.26115775519222273,0.15554573574900574,0.1241714538223597,0.45912505523641184
0.26166593981683384,0.1552551242913214,0.12167466201482774,0.461404273877017
0.26914660831509846,0.15579868708971553,0.11597374179431072,0.4590809628008753
0.26909569798068483,0.15013169446883232,0.11808604038630377,0.4626865671641791
0.2713656387665198,0.15286343612334802,0.12026431718061674,0.4555066079295154
0.276,0.1497777777777778,0.12133333333333333,0.4528888888888889
0.2685840707964602,0.15265486725663716,0.12212389380530973,0.45663716814159294
0.26630920464700625,0.1546023235031278,0.11885612153708669,0.46023235031277926
0.26887821911828896,0.14971628109995636,0.11872544740288084,0.46268005237887383
0.26945054945054947,0.15516483516483517,0.12439560439560439,0.450989010989011
0.2687361419068736,0.15521064301552107,0.12328159645232815,0.45277161862527715
0.265359477124183,0.15729847494553376,0.12549019607843137,0.45185185185185184
0.2664604507291206,0.16084843128590368,0.12284577993813522,0.44984533804684046
0.26764314247669774,0.16378162450066577,0.12028406569019086,0.4482911673324456
0.26909569798068483,0.15891132572431957,0.1202809482001756,0.45171202809482003
0.26555652936021035,0.16739702015775634,0.11831726555652936,0.44872918492550395
0.2638335546702081,0.16555998229305002,0.12084993359893759,0.44975652943780436
0.2666372851476421,0.16879682679594535,0.12692816218598502,0.4376377258704275
0.26339285714285715,0.16651785714285713,0.12276785714285714,0.4473214285714286
0.26590609916630104,0.1654234313295305,0.13295304958315052,0.435717419921018
0.2665788317962231,0.16469038208168643,0.13438735177865613,0.43434343434343436
0.26731363034847816,0.16365240405822673,0.1345390383767093,0.4344949272165858
0.26610767872903796,0.1703442188879082,0.13327449249779347,0.43027360988526037
0.2703768624014023,0.17397020157756354,0.12620508326029797,0.4294478527607362
0.26536930561698363,0.17647058823529413,0.12826183104820876,0.4298982750995135
0.2670250896057348,0.17921146953405018,0.1303763440860215,0.42338709677419356
0.2693484914735461,0.17577612592916483,0.1294271972015741,0.4254481853957149
0.26515481901439164,0.1774967291757523,0.12952464020933274,0.42782381160052335
0.26672535211267606,0.17517605633802816,0.1267605633802817,0.43133802816901406
0.26206285967242143,0.17574147853032315,0.13058875608676407,0.4316069057104914
0.2625947391885867,0.18234507356219348,0.1275078020508248,0.427552385198395
0.265666372462489,0.18137687555163284,0.1293027360988526,0.4236540158870256
0.2704126426690079,0.18086040386303776,0.12774363476733977,0.42098331870061456
0.26225165562913905,0.17792494481236204,0.13509933774834437,0.42472406181015454
0.26537785588752194,0.17926186291739896,0.13093145869947276,0.4244288224956063
0.26992514310876264,0.17481285777190664,0.12945838837516513,0.42580361074416556
0.2680140597539543,0.17223198594024605,0.1313708260105448,0.4283831282952548
0.26607929515418505,0.17577092511013215,0.13083700440528634,0.42731277533039647
0.27030625832223704,0.17354638260097646,0.12960497114957834,0.42654238792720817
0.2635283765948086,0.17685877694676638,0.13198416190057194,0.4276286845578531
0.26974267968056787,0.1823425022182786,0.1251109139307897,0.4228039041703638
0.2669603524229075,0.17665198237885463,0.12863436123348018,0.4277533039647577
0.26546731022378234,0.17683194383501535,0.12505484861781482,0.43264589732338743
0.26962305986696233,0.17560975609756097,0.11840354767184036,0.43636363636363634
0.2701048951048951,0.17744755244755245,0.11669580419580419,0.4357517482517482
0.26195699868363315,0.18121983326020183,0.11715664765247916,0.4396665204036858
0.260352422907489,0.18061674008810572,0.11674008810572688,0.4422907488986784
0.26536930561698363,0.18000884564352057,0.11322423706324636,0.44139761167624947
0.2642669007901668,0.1804214223002634,0.1189640035118525,0.4363476733977173
0.26958424507658646,0.17549234135667396,0.11597374179431072,0.4389496717724289
0.26821773485513606,0.18217734855136083,0.11633011413520632,0.43327480245829675
0.2673749446657813,0.1868083222664896,0.11686586985391766,0.42895086321381143
0.26301853486319504,0.1849073256840247,0.11871138570167697,0.4333627537511033
0.2646669607410675,0.17820908689898543,0.11910013233348037,0.43802382002646667
0.25983208130799823,0.18161732213875387,0.12152010605391074,0.4370304904993372
0.25951859956236323,0.19037199124726478,0.11859956236323851,0.4315098468271335
0.2616946160635481,0.1796116504854369,0.1235657546337158,0.4351279788172992
0.2590442161679321,0.17597141581062975,0.12594908441268424,0.43903528360875393
0.2617595818815331,0.17726480836236932,0.1254355400696864,0.4355400696864111
0.26233085988651245,0.17721518987341772,0.13051069402007856,0.42994325621999124
0.2612533097969991,0.18623124448367168,0.12886142983230361,0.4236540158870256
0.2656940760389036,0.18213969938107868,0.1317418213969938,0.4204244031830239
0.26940035273368607,0.17989417989417988,0.12918871252204586,0.42151675485008816
0.2702222222222222,0.1791111111111111,0.12755555555555556,0.4231111111111111
0.2717198581560284,0.1804078014184397,0.12411347517730496,0.4237588652482269
0.27356422621657167,0.17711530030688294,0.12582200789127576,0.4234984655852696
0.26946902654867255,0.1765486725663717,0.12654867256637167,0.42743362831858406
0.27011494252873564,0.17108753315649866,0.1348364279398762,0.4239610963748895
0.261978021978022,0.17142857142857143,0.13274725274725274,0.4338461538461538
0.26327433628318586,0.16858407079646018,0.13097345132743363,0.43716814159292033
0.259094942324756,0.1681455190771961,0.13220940550133098,0.4405501330967169
0.25133689839572193,0.16934046345811052,0.1394830659536542,0.43983957219251335
0.2504393673110721,0.1726713532513181,0.1375219683655536,0.43936731107205623
0.25662544169611307,0.1687279151943463,0.13825088339222616,0.4363957597173145
0.2628318584070796,0.1654867256637168,0.1331858407079646,0.43849557522123894
0.25995623632385123,0.16892778993435448,0.13391684901531728,0.43719912472647704
0.2637795275590551,0.1679790026246719,0.1325459317585302,0.4356955380577428
0.2669287898645697,0.16688510266491918,0.1349934469200524,0.43119266055045874
0.2649384885764499,0.15905096660808435,0.13884007029876977,0.43717047451669594
0.26407682234831953,0.1623745089480576,0.14316892186817984,0.43037974683544306
0.2622085349758029,0.1592608886933568,0.14870215574131104,0.42982842058952925
0.25847644209599296,0.16600616468516072,0.14839277851166888,0.42712461470717744
0.26514486391571557,0.15935030728709393,0.14486391571553994,0.4306409130816506
0.25548726953467954,0.16330114135206322,0.14486391571553994,0.4363476733977173
0.2599293909973522,0.16328331862312445,0.14210061782877317,0.4346866725507502
0.26225165562913905,0.16379690949227374,0.1434878587196468,0.4304635761589404
0.26090828138913624,0.1647373107747106,0.13490650044523597,0.43944790739091716
0.26785714285714285,0.16289198606271776,0.13371080139372823,0.4355400696864111
0.2621870882740448,0.15678524374176547,0.13306982872200263,0.4479578392621871
0.2616822429906542,0.15398308856252782,0.13662661326212727,0.4477080551846907
0.2554131683605833,0.15598762704374725,0.136986301369863,0.45161290322580644
0.2607158638974812,0.1520106053910738,0.13389306230667256,0.4533804684047724
0.2578090629124505,0.1535415750109987,0.13462384513858336,0.45402551693796744
0.2574430823117338,0.1532399299474606,0.13266199649737304,0.45665499124343256
0.26115775519222273,0.16261599646486966,0.1307998232434821,0.44542642509942554
0.2619047619047619,0.16005291005291006,0.1371252204585538,0.4409171075837742
0.26142920550377274,0.158011540168664,0.13759431868619618,0.4429649356413671
0.2695690413368514,0.1565523306948109,0.13720316622691292,0.4366754617414248
0.26899293286219084,0.15812720848056538,0.13825088339222616,0.43462897526501765
0.26807760141093473,0.15873015873015872,0.1371252204585538,0.43606701940035275
0.2624834290764472,0.16217410517012815,0.13521873619089703,0.4401237295625276
0.26561125769569044,0.15435356200527706,0.1310466138962181,0.4489885664028144
0.274681878016674,0.15050460728389645,0.1320754716981132,0.44273804300131636
0.2702702702702703,0.15507310589277803,0.12981834293309702,0.4448382809038547
0.2673702726473175,0.1547933157431838,0.13016710642040458,0.4476693051890941
0.265962131219727,0.1554381329810656,0.12725671510347863,0.45134302069572874
0.26434245366284204,0.1615180935569285,0.13018534863195058,0.4439541041482789
0.26729138777331546,0.1570727353859884,0.12628290941543954,0.4493529674252566
0.27104451300132215,0.15954164830321726,0.13001322168356105,0.43940061701189953
0.2664604507291206,0.16040653999116217,0.13212549712770658,0.4410075121520106
0.2734065934065934,0.16043956043956045,0.13142857142857142,0.4347252747252747
0.2729705619982159,0.16057091882247992,0.1320249776984835,0.4344335414808207
0.2779991146525011,0.15493581230633025,0.12970340858787074,0.43736166445329794
0.27846425419240955,0.15842894969108562,0.13150926743159752,0.4315975286849073
0.2796312554872695,0.1527655838454785,0.13257243195785778,0.4350307287093942
0.28940455341506127,0.14579684763572678,0.13704028021015763,0.4277583187390543
0.2812089356110381,0.14586070959264127,0.1384143670608848,0.4345159877354358
0.2867225408028231,0.14644905161005733,0.13277459197176886,0.43405381561535067
0.2800702370500439,0.15232660228270412,0.1334503950834065,0.43415276558384547
0.28773168578993824,0.1500441306266549,0.13371579876434245,0.42850838481906445
0.2841409691629956,0.15286343612334802,0.13832599118942732,0.42466960352422906
0.28104286345558993,0.1520106053910738,0.14096332302253645,0.4259832081307998
0.2768758227292672,0.15620886353663888,0.1439227731461167,0.4229925405879772
0.27569475077194533,0.15438906043228937,0.14689016321129245,0.4230260255844729
0.27203918076580585,0.1580587711487088,0.14692787177203917,0.42297417631344614
0.27584689837219534,0.15750109986801583,0.14562252529696437,0.42102947646282446
0.27611940298507465,0.1681299385425812,0.1395961369622476,0.4161545215100966
0.2757709251101322,0.17048458149779736,0.14052863436123347,0.413215859030837
0.2747349823321555,0.16431095406360424,0.14266784452296818,0.41828621908127206
0.2712014134275618,0.16475265017667845,0.13913427561837455,0.4249116607773852
0.27515583259127335,0.16295636687444345,0.13446126447016918,0.42742653606411396
0.2762577228596646,0.16195939982347748,0.1354810238305384,0.4263018534863195
0.2874725274725275,0.1578021978021978,0.13186813186813187,0.4228571428571429
0.28659885006634234,0.1609907120743034,0.13356921716054843,0.41884122069880586
0.28152753108348133,0.1625222024866785,0.1327708703374778,0.4231793960923623
0.27709251101321586,0.16343612334801763,0.13303964757709252,0.426431718061674
0.28167770419426047,0.15938189845474612,0.1390728476821192,0.4198675496688742
0.27380952380952384,0.16358024691358025,0.14417989417989419,0.4184303350970018
0.27148523578669015,0.16438959894226532,0.14411635081533716,0.42000881445570737
0.27586206896551724,0.16224580017683465,0.14323607427055704,0.4186560565870911
0.2795085563843791,0.16322948661693726,0.14085125054848618,0.41641070645019745
0.28033658104517273,0.16076173604960142,0.13817537643932684,0.42072630646589904
0.27939876215738285,0.15251989389920426,0.1419098143236074,0.4261715296198055
0.2848888888888889,0.1511111111111111,0.14266666666666666,0.42133333333333334
0.28684557853057635,0.15002199736031677,0.14562252529696437,0.41750989881214257
0.2953345070422535,0.1483274647887324,0.14744718309859156,0.40889084507042256
0.29600351339481773,0.15019762845849802,0.14756258234519104,0.4062362758014932
0.3003533568904594,0.1523851590106007,0.1417844522968198,0.40547703180212014
0.29854046881910656,0.14772224679345422,0.14374170720919946,0.4099955771782397
0.29063604240282687,0.14664310954063603,0.14752650176678445,0.41519434628975266
0.2916666666666667,0.14473684210526316,0.14868421052631578,0.4149122807017544
0.2939885914874945,0.14129003949100483,0.1421676173760421,0.42255375164545855
0.28778558875219684,0.14630931458699473,0.14235500878734622,0.4235500878734622
0.2874331550802139,0.14349376114081996,0.14304812834224598,0.42602495543672014
0.2884275618374558,0.14575971731448764,0.14001766784452296,0.42579505300353354
0.28866432337434095,0.14235500878734622,0.13927943760984182,0.429701230228471
0.2882764654418198,0.1399825021872266,0.1395450568678915,0.4321959755030621
0.28998242530755713,0.14015817223198593,0.140597539543058,0.42926186291739893
0.29305799648506153,0.13840070298769772,0.14015817223198593,0.4283831282952548
0.2866578599735799,0.14222809335094672,0.1435490973139586,0.42756494936151473
0.27717154081187256,0.1422959406372763,0.14316892186817984,0.43736359668267133
0.27716673999120106,0.13902331720193578,0.14518257809062912,0.43862736471623404
0.2821631051024858,0.14129960750109027,0.14522459659834278,0.4313126907980811
0.2822193097422455,0.14242027086063783,0.14460463084316294,0.4307557885539537
0.28810572687224667,0.1444933920704846,0.1458149779735683,0.4215859030837004
0.28483516483516486,0.14285714285714285,0.14417582417582417,0.42813186813186815
0.2841506129597198,0.14185639229422067,0.14623467600700527,0.4277583187390543
0.2803532008830022,0.1434878587196468,0.15011037527593818,0.4260485651214128
0.2851528384279476,0.14279475982532752,0.14410480349344978,0.4279475982532751
0.27824545857332744,0.1479840496233939,0.14754098360655737,0.4262295081967213
0.2777288732394366,0.1500880281690141,0.1487676056338028,0.4234154929577465
0.27093380096448927,0.15124945199473916,0.15124945199473916,0.42656729504603247
0.26938239159001315,0.1498028909329829,0.15155497152869032,0.4292597459483136
0.269757174392936,0.14481236203090508,0.15143487858719648,0.43399558498896246
0.26500219010074466,0.14848883048620237,0.14673674989049496,0.439772229522558
0.2663427561837456,0.14796819787985865,0.14929328621908128,0.4363957597173145
0.27204585537918874,0.14682539682539683,0.14462081128747795,0.4365079365079365
0.2662852112676056,0.144806338028169,0.14964788732394366,0.4392605633802817
0.26257722859664606,0.14563106796116504,0.1531332744924978,0.4386584289496911
0.25749559082892415,0.1472663139329806,0.14858906525573193,0.44664902998236333
0.2570298769771529,0.14850615114235502,0.14894551845342707,0.44551845342706503
0.25485865724381623,0.14575971731448764,0.14929328621908128,0.4500883392226148
0.25591586327782645,0.14154250657318143,0.15030674846625766,0.45223488168273446
0.2580078982009653,0.14260640631856078,0.15225976305397104,0.44712593242650284
0.2542744410346339,0.14072775098640947,0.15475668566418238,0.4502411223147742
0.252863436123348,0.14096916299559473,0.1515418502202643,0.45462555066079297
0.2553097345132743,0.1407079646017699,0.1491150442477876,0.45486725663716815
0.2537182852143482,0.1395450568678915,0.15266841644794402,0.4540682414698163
0.25554569653948533,0.1344276841171251,0.15350488021295475,0.45652173913043476
0.25451343020695727,0.130779392338177,0.15147512109202993,0.46323205636283576
0.25695364238410595,0.13200883002207506,0.15584988962472407,0.45518763796909495
0.249890590809628,0.1387308533916849,0.15973741794310722,0.45164113785557986
0.24163732394366197,0.1382042253521127,0.16065140845070422,0.4595070422535211
0.23853615520282187,0.1388888888888889,0.15873015873015872,0.4638447971781305
0.23824175824175825,0.14417582417582417,0.15428571428571428,0.4632967032967033
0.23161602818141788,0.14927344782034346,0.1549977983267283,0.46411272567151035
0.23537234042553193,0.14716312056737588,0.15558510638297873,0.46187943262411346
0.2350109409190372,0.14310722100656456,0.16061269146608315,0.4612691466083151
0.24302788844621515,0.14342629482071714,0.15493581230633025,0.4586100044267375
0.24,0.14065934065934066,0.15692307692307692,0.4624175824175824
0.24702249669166298,0.14424349360388178,0.1521835024261138,0.4565505072783414
0.24288840262582057,0.14442013129102846,0.15536105032822758,0.4573304157549234
0.24344735673034207,0.13638382940915147,0.1568191914704576,0.46334962239004884
0.24319578577699735,0.1360842844600527,0.15583845478489902,0.46488147497805093
0.24402125775022143,0.13817537643932684,0.16076173604960142,0.45704162976085033
0.24353920280332894,0.13885238720981166,0.164257555847569,0.4533508541392904
