C,D,Oc,Od
0.0,0.0,1.0,0.0
0.0,0.3333333333333333,0.6666666666666666,0.0
0.3333333333333333,0.16666666666666666,0.5,0.0
0.2857142857142857,0.2857142857142857,0.42857142857142855,0.0
0.45454545454545453,0.2727272727272727,0.2727272727272727,0.0
0.4117647058823529,0.23529411764705882,0.17647058823529413,0.17647058823529413
0.4642857142857143,0.21428571428571427,0.17857142857142858,0.14285714285714285
0.4166666666666667,0.25,0.19444444444444445,0.1388888888888889
0.4222222222222222,0.26666666666666666,0.2,0.1111111111111111
0.5081967213114754,0.2459016393442623,0.16393442622950818,0.08196721311475409
0.48314606741573035,0.24719101123595505,0.14606741573033707,0.12359550561797752
0.46153846153846156,0.2222222222222222,0.1623931623931624,0.15384615384615385
0.46621621621621623,0.22297297297297297,0.17567567567567569,0.13513513513513514
0.4864864864864865,0.2,0.17297297297297298,0.14054054054054055
0.4826086956521739,0.1826086956521739,0.1826086956521739,0.15217391304347827
0.49812734082397003,0.16104868913857678,0.19850187265917604,0.14232209737827714
0.4845679012345679,0.16358024691358025,0.1882716049382716,0.16358024691358025
0.48578811369509045,0.16795865633074936,0.1731266149870801,0.1731266149870801
0.504424778761062,0.16592920353982302,0.1504424778761062,0.17920353982300885
0.5028571428571429,0.17523809523809525,0.15047619047619049,0.17142857142857143
0.4812398042414356,0.17128874388254486,0.1631321370309951,0.18433931484502447
0.46438746438746437,0.16809116809116809,0.1623931623931624,0.20512820512820512
0.4603960396039604,0.15841584158415842,0.16584158415841585,0.21534653465346534
0.4569247546346783,0.15703380588876772,0.173391494002181,0.21264994547437296
0.45024630541871924,0.1625615763546798,0.16354679802955666,0.22364532019704433
0.4573712255772647,0.15541740674955595,0.16518650088809947,0.22202486678507993
0.46607431340872374,0.15508885298869143,0.154281098546042,0.2245557350565428
0.46900072939460247,0.1575492341356674,0.15317286652078774,0.22027716994894236
0.47050938337801607,0.15884718498659517,0.13941018766756033,0.2312332439678284
0.4729219143576826,0.1574307304785894,0.13664987405541562,0.23299748110831234
0.4631578947368421,0.16023391812865498,0.13742690058479531,0.2391812865497076
0.4594594594594595,0.1527854384997242,0.13734142305570876,0.2504136789851076
0.45698924731182794,0.1521505376344086,0.13172043010752688,0.2591397849462366
0.4410126582278481,0.1508860759493671,0.13721518987341771,0.2708860759493671
0.44027640671273444,0.14461994076999013,0.14264560710760119,0.2724580454096742
0.44201520912547526,0.1497148288973384,0.13688212927756654,0.27138783269961975
0.4432234432234432,0.14835164835164835,0.13507326007326007,0.2733516483516483
0.44113667117726657,0.15110509697789806,0.13261163734776726,0.27514659449706813
0.4423774954627949,0.14972776769509982,0.13112522686025407,0.2767695099818512
0.4366890380313199,0.1512304250559284,0.12885906040268458,0.2832214765100671
0.4376122082585278,0.15529622980251345,0.12746858168761221,0.2796229802513465
0.44158151932474454,0.15015548645046645,0.12705464238116393,0.2812083518436251
0.4392191659272405,0.15217391304347827,0.12999112688553682,0.27861579414374443
0.4361938639395287,0.1462872387727879,0.13961760782570032,0.2779012894619831
0.43491781430475346,0.14260328742780987,0.14038205242114615,0.2820968458462905
0.42932628797886396,0.14134742404227213,0.14398943196829592,0.285336856010568
0.42572062084257206,0.1419068736141907,0.141019955654102,0.2913525498891353
0.42831700801424755,0.14158504007123776,0.13535173642030277,0.2947462154942119
0.4225849139832378,0.14380238200264667,0.13983237759153067,0.2937803264225849
0.42055655296229805,0.1431777378815081,0.13689407540394974,0.2993716337522442
0.42452412571934484,0.1407702523240372,0.133244798583444,0.301460823373174
0.422360248447205,0.14063886424134872,0.13087843833185447,0.30612244897959184
0.42857142857142855,0.13354037267080746,0.13354037267080746,0.30434782608695654
0.4369106421194432,0.13515940727436013,0.1293219577907499,0.2986079928154468
0.4264250994255413,0.137870083959346,0.12682280159080866,0.308882015024304
0.42755870624723086,0.14000886132033674,0.1284891448825875,0.30394328754984495
0.4225663716814159,0.14115044247787611,0.12876106194690265,0.3075221238938053
0.4264771212794314,0.13949355841848068,0.12838738338516215,0.3056419369169258
0.42725274725274726,0.14285714285714285,0.1301098901098901,0.2997802197802198
0.42580361074416556,0.14222809335094672,0.12901805372082784,0.30295024218405986
0.4228571428571429,0.149010989010989,0.13054945054945055,0.2975824175824176
0.41893702545779365,0.14872711031710584,0.12416257257704333,0.3081732916480572
0.41155396327810123,0.15315718763994626,0.12270488132557097,0.31258396775638153
0.4191829484902309,0.15097690941385436,0.12122557726465365,0.3086145648312611
0.41567591369440776,0.15323645970937913,0.1210920299427565,0.3099955966534566
0.41762114537444933,0.14977973568281938,0.12070484581497798,0.3118942731277533
0.4127054642381164,0.15237672145713016,0.12305641936916926,0.3118613949355842
0.41563604240282687,0.14885159010600707,0.125,0.31051236749116606
0.4175531914893617,0.14849290780141844,0.12056737588652482,0.313386524822695
0.4194690265486726,0.14823008849557523,0.12035398230088495,0.31194690265486724
0.4150776053215078,0.14900221729490024,0.11707317073170732,0.3188470066518847
0.4218680832226649,0.14696768481629038,0.11686586985391766,0.314298362107127
0.42299156679982247,0.14292055037727475,0.11407012871726586,0.32001775410563693
0.42409314823107924,0.14017017465293327,0.11016569637259292,0.3255709807433945
0.420519594892118,0.14178775869660942,0.11140466754733598,0.32628797886393657
0.4204745166959578,0.13971880492091387,0.11247803163444639,0.3273286467486819
0.415665331553182,0.14018691588785046,0.11125945705384958,0.33288829550511795
0.41785714285714287,0.13883928571428572,0.11071428571428571,0.3325892857142857
0.4157801418439716,0.13874113475177305,0.11037234042553191,0.3351063829787234
0.41518650088809944,0.13898756660746003,0.108348134991119,0.33747779751332146
0.4166666666666667,0.13978494623655913,0.10528673835125447,0.3382616487455197
0.42105263157894735,0.13596491228070176,0.10526315789473684,0.33771929824561403
0.4212860310421286,0.1361419068736142,0.1033259423503326,0.3392461197339246
0.4182948490230906,0.13765541740674955,0.10079928952042629,0.3432504440497336
0.4228039041703638,0.13620230700976044,0.10470275066548358,0.3362910381543922
0.42844600526777876,0.1334503950834065,0.10403863037752414,0.3340649692712906
0.42374388617163183,0.1333926189417519,0.10493552690084482,0.33792796798577146
0.4298362107127047,0.13811420982735723,0.10668437361664453,0.3253652058432935
0.43670048522276134,0.1301279223643582,0.10498456109395678,0.3281870313189237
0.4221329763498438,0.13476126729138777,0.10620258813029898,0.33690316822846944
0.42084257206208425,0.13215077605321507,0.1033259423503326,0.3436807095343681
0.4161849710982659,0.13383726100489107,0.10893730546909737,0.34104046242774566
0.41367066134043495,0.13093652907234798,0.10874389702618731,0.34664891256102975
0.41505281690140844,0.13160211267605634,0.10915492957746478,0.34419014084507044
0.4125780553077609,0.13336306868867082,0.10437109723461195,0.3496877787689563
0.41388518024032045,0.12861593235425012,0.1059190031152648,0.3515798842901647
0.4072598494909252,0.13191677733510404,0.10535635236830455,0.3554670208056662
0.41220698805838124,0.1375497567448032,0.10703228659885007,0.3432109685979655
0.40425531914893614,0.13342198581560283,0.11125886524822695,0.35106382978723405
0.4034543844109832,0.13596102745792737,0.10938883968113375,0.3511957484499557
0.3906458797327394,0.14075723830734965,0.11002227171492204,0.3585746102449889
0.3960088691796009,0.14545454545454545,0.10776053215077605,0.3507760532150776
0.39570277529095793,0.14905998209489704,0.10787824529991047,0.34735899731423453
0.3893805309734513,0.14557522123893804,0.10707964601769912,0.3579646017699115
0.39436619718309857,0.14568661971830985,0.1034330985915493,0.35651408450704225
0.3904382470119522,0.1456396635679504,0.10402833111996458,0.3598937583001328
0.3906111603188663,0.1470327723649247,0.10407440212577503,0.35828166519043403
0.39097744360902253,0.1450685537372844,0.10393631136665192,0.36001769128704114
0.3920606601248885,0.14228367528991973,0.10704727921498662,0.3586083853702052
0.3952569169960474,0.13790074659639878,0.1067193675889328,0.360122968818621
0.39752650176678445,0.1356007067137809,0.11042402826855123,0.35644876325088337
0.3951327433628319,0.13495575221238937,0.11460176991150442,0.35530973451327436
0.3927935943060498,0.13523131672597866,0.10854092526690391,0.3634341637010676
0.40089285714285716,0.13348214285714285,0.11026785714285714,0.35535714285714287
0.39732739420935415,0.1291759465478842,0.10957683741648107,0.36391982182628063
0.4062637847375386,0.12792236435818263,0.11248345831495368,0.3533303925893251
0.4039647577092511,0.13127753303964756,0.1092511013215859,0.35550660792951544
0.4026431718061674,0.12422907488986784,0.11277533039647578,0.360352422907489
0.4044247787610619,0.12389380530973451,0.1088495575221239,0.36283185840707965
0.4031111111111111,0.12133333333333333,0.11377777777777778,0.36177777777777775
0.404227212681638,0.11845002201673271,0.1202113606340819,0.3571114046675473
0.4072934973637961,0.11994727592267135,0.11555360281195079,0.3572056239015817
0.4107773851590106,0.12146643109540636,0.11925795053003534,0.3484982332155477
0.40762073548958794,0.11696942844483828,0.1178555604785113,0.3575542755870625
0.3986784140969163,0.11850220264317181,0.11585903083700441,0.3669603524229075
0.3969094922737307,0.12229580573951435,0.1152317880794702,0.3655629139072848
0.4033687943262411,0.11835106382978723,0.1174645390070922,0.3608156028368794
0.40186915887850466,0.12149532710280374,0.11838006230529595,0.3582554517133956
0.4077025232403719,0.11907923860115095,0.12084993359893759,0.3523683045595396
0.4017738359201774,0.11529933481152993,0.12062084257206208,0.3623059866962306
0.3990321161460625,0.11570611526616806,0.1227452705675319,0.36251649802023755
0.3974415527128363,0.11954124393471548,0.12086457873842082,0.36215262461402736
0.3990342405618964,0.11940298507462686,0.11501316944688324,0.3665496049165935
0.4108084358523726,0.11028119507908611,0.11643233743409491,0.3624780316344464
0.4016866400355082,0.11007545494895694,0.11806480248557479,0.37017310252996005
0.4029190623617868,0.11233967271118973,0.11941618752764263,0.3653250773993808
0.40760389036251105,0.10919540229885058,0.11494252873563218,0.3682581786030062
0.4096119929453263,0.11155202821869488,0.11375661375661375,0.36507936507936506
0.40857392825896766,0.11242344706911636,0.11067366579177602,0.36832895888014
0.4087301587301587,0.11684303350970017,0.10846560846560846,0.36596119929453264
0.4071936056838366,0.11500888099467141,0.108348134991119,0.369449378330373
0.40034812880765885,0.11836379460400348,0.10835509138381201,0.37293298520452567
0.4074725274725275,0.1156043956043956,0.10725274725274725,0.36967032967032964
0.4106749007498897,0.11204234671371857,0.10630789589766211,0.3709748566387296
0.40806380150642446,0.11962782454585734,0.10633584404076207,0.3659725299069561
0.41005291005291006,0.11507936507936507,0.10537918871252204,0.36948853615520283
0.4099515631880229,0.11272567151034786,0.10523998238661382,0.3720827829150154
0.40492957746478875,0.11399647887323944,0.1073943661971831,0.37367957746478875
0.4067796610169492,0.11329170383586083,0.10838537020517396,0.37154326494201606
0.4050689195197866,0.11160515784793242,0.10538016896398399,0.377945753668297
0.40235910878112713,0.109217999126256,0.10790738313674093,0.38051550895587594
0.40468819106590004,0.11012826183104821,0.10482087571870853,0.3803626713843432
0.4062776304155615,0.11361626878868258,0.10565870910698497,0.374447391688771
0.4103019538188277,0.11101243339253997,0.10435168738898756,0.3743339253996448
0.4097777777777778,0.10933333333333334,0.104,0.3768888888888889
0.4123620309050773,0.11081677704194261,0.09801324503311258,0.37880794701986753
0.40607127144742633,0.11262648482182139,0.09810822701275847,0.38319401671799386
0.40758711954124394,0.11557123952359948,0.10057344508160565,0.3762681958535509
0.4125383603682595,0.11617711530030689,0.10127137220517317,0.3700131521262604
0.4061116031886625,0.12444641275465013,0.09920283436669619,0.37023914968999116
0.4002642007926024,0.12681638044914134,0.09995596653456627,0.37296345222369
0.4012345679012346,0.12786596119929453,0.0992063492063492,0.3716931216931217
0.3982417582417582,0.12967032967032968,0.10373626373626374,0.36835164835164835
0.39473684210526316,0.12763157894736843,0.10701754385964912,0.3706140350877193
0.39263803680981596,0.13102541630148992,0.1056091148115688,0.37072743207712533
0.39334811529933483,0.12594235033259424,0.10997782705099779,0.37073170731707317
0.3940864960282436,0.12577228596646073,0.10900264783759929,0.37113857016769636
0.3952254641909814,0.1259946949602122,0.10698496905393456,0.3717948717948718
0.392552714221624,0.12741139524450426,0.10901749663526245,0.37101839389860924
0.38166593212869104,0.127809607756721,0.11018069634200088,0.38034376377258705
0.38399642378185067,0.1274027715690657,0.11086276262852034,0.37773804202056327
0.3848538529672276,0.1262178919397697,0.11381753764393268,0.37511071744907
0.38332598147331276,0.12968681076312308,0.10983678870754301,0.37715041905602115
0.38097345132743365,0.12876106194690265,0.1075221238938053,0.3827433628318584
0.377817057003977,0.1307998232434821,0.10517012814847547,0.3862129916040654
0.373292199206699,0.12252093433230499,0.10885852798589687,0.3953283384750992
0.37643932683790965,0.11736049601417184,0.10628875110717449,0.39991142604074403
0.3747779751332149,0.11367673179396093,0.10124333925399645,0.4103019538188277
0.3757124068391057,0.11749232792634809,0.10083296799649277,0.4059622972380535
0.37510955302366344,0.12138475021910605,0.10035056967572305,0.40315512708150747
0.36594997806055285,0.1193505923650724,0.1031154014918824,0.41158402808249234
0.3697292498890368,0.11673324456280515,0.10608078118064802,0.40745672436750996
0.3657243816254417,0.11749116607773852,0.1073321554770318,0.409452296819788
0.36671058410188845,0.11725955204216074,0.10715854194115064,0.4088713219148002
0.36884154460719043,0.11362627607634265,0.10386151797603196,0.41367066134043495
0.36697653829127935,0.11553784860557768,0.10314298362107127,0.41434262948207173
0.3711886875828546,0.10782147591692444,0.10030932390631904,0.4206805125939019
0.3716157205240175,0.10698689956331878,0.09956331877729258,0.4218340611353712
0.3775330396475771,0.1026431718061674,0.09823788546255506,0.4215859030837004
0.37549407114624506,0.1023276240667545,0.09486166007905138,0.42731664470794906
0.3672116659301812,0.10693769332744145,0.09456473707467963,0.43128590366769776
0.3691157061152662,0.10822701275846898,0.09810822701275847,0.42454905411350635
0.371326803205699,0.10685663401602849,0.09706144256455922,0.42475512021371326
0.3708206686930091,0.10638297872340426,0.09769865392965697,0.42509769865392966
0.3714159682399647,0.10807234230260256,0.09660344067048963,0.4239082487869431
0.37890974084003576,0.11170688114387846,0.09651474530831099,0.4128686327077748
0.3776595744680851,0.10948581560283688,0.09530141843971632,0.4175531914893617
0.3831816211530126,0.10966623320329433,0.08625921109666233,0.42089293454703075
0.3797190517998244,0.11018437225636524,0.08779631255487269,0.42230026338893767
0.37297060114085123,0.10925844668714349,0.088635366388767,0.42913558578323824
0.37346760070052537,0.1042031523642732,0.08756567425569177,0.43476357267950966
0.378580872631115,0.10797708241516087,0.08550022036139268,0.42794182459233143
0.37273129703408586,0.10845506861443116,0.08543603364320496,0.433377600708278
0.375609756097561,0.10776053215077605,0.08780487804878048,0.4288248337028825
0.3763250883392226,0.10556537102473498,0.09231448763250884,0.42579505300353354
0.36962247585601404,0.1106233538191396,0.09174714661984197,0.4280070237050044
0.3722563652326602,0.11018437225636524,0.09350307287093942,0.4240561896400351
0.3649247121346324,0.11426040744021258,0.09521700620017715,0.42559787422497786
0.3638353765323993,0.12040280210157618,0.09851138353765324,0.4172504378283713
0.35958005249343833,0.11548556430446194,0.09798775153105861,0.42694663167104113
0.35855697316322044,0.11350637923449186,0.097228332600088,0.43070831500219975
0.36108637577916297,0.10952804986642921,0.09839715048975957,0.43098842386464825
0.36189201249442216,0.10040160642570281,0.0999553770638108,0.43775100401606426
0.3576837416481069,0.10423162583518931,0.1064587973273942,0.4316258351893096
0.3544078361531612,0.10463045414069456,0.10774710596616206,0.4332146037399822
0.3562363238512035,0.10065645514223195,0.10940919037199125,0.4336980306345733
0.3562005277044855,0.09894459102902374,0.11345646437994723,0.4313984168865435
0.35114840989399293,0.10335689045936396,0.10777385159010601,0.4377208480565371
0.35056967572305,0.10297984224364592,0.1091148115687993,0.43733567046450483
0.34901098901098904,0.10417582417582417,0.1076923076923077,0.4391208791208791
0.3495058400718778,0.10332434860736747,0.10287511230907458,0.4442946990116801
0.3475208424747696,0.10092145677928917,0.10530934620447564,0.44624835454146555
0.34352836879432624,0.10682624113475177,0.10549645390070922,0.4441489361702128
0.3425803610744166,0.10435931307793923,0.10303830911492734,0.45002201673271686
0.3390501319261214,0.10334212840809147,0.10334212840809147,0.4542656112576957
0.3385024368630926,0.10057598582188747,0.09968985378821445,0.46123172352680547
0.3374340949033392,0.10105448154657294,0.10369068541300527,0.45782073813708263
0.34615384615384615,0.09877622377622378,0.10402097902097902,0.45104895104895104
0.34328358208955223,0.09438103599648814,0.10184372256365233,0.4604916593503073
0.3428823270163067,0.09651828999559277,0.09607756721022477,0.4645218157778757
0.3431111111111111,0.09466666666666666,0.0951111111111111,0.4671111111111111
0.34440017706949977,0.09738822487826472,0.09428950863213811,0.4639220894200974
0.3447204968944099,0.0940550133096717,0.09671694764862467,0.4645075421472937
0.34084880636604775,0.09062776304155615,0.09549071618037135,0.47303271441202477
0.3473451327433628,0.08495575221238938,0.09336283185840707,0.4743362831858407
0.34574934268185803,0.0845749342681858,0.09465381244522349,0.4750219106047327
0.3413333333333333,0.09022222222222222,0.09466666666666666,0.4737777777777778
0.3395390070921986,0.08599290780141844,0.09131205673758866,0.48315602836879434
0.34050179211469533,0.0846774193548387,0.08960573476702509,0.4852150537634409
0.34377758164165934,0.08737864077669903,0.08870255957634599,0.4801412180052957
0.34173297966401417,0.08797524314765694,0.08443854995579134,0.4858532272325376
0.34615384615384615,0.08930150309460655,0.08488063660477453,0.4796640141467728
0.3414203793559771,0.08910454344949272,0.08822232024702249,0.48125275694750774
0.3414851044908848,0.09293019119608716,0.08626056024899956,0.47932414406402846
0.340999557717824,0.0880141530296329,0.08668730650154799,0.48429898275099514
0.34175531914893614,0.08466312056737589,0.08865248226950355,0.4849290780141844
0.3438053097345133,0.08672566371681416,0.0836283185840708,0.48584070796460177
0.3402654867256637,0.09292035398230089,0.0827433628318584,0.484070796460177
0.35033259423503327,0.08780487804878048,0.08470066518847007,0.4771618625277162
0.35223748338502436,0.08861320336730173,0.08418254319893664,0.4749667700487373
0.3501535761298815,0.0895129442738043,0.0868802106186924,0.47345326897762174
0.3424778761061947,0.09469026548672567,0.08628318584070796,0.4765486725663717
0.3513870541611625,0.08982826948480846,0.08234258036107442,0.4764420959929547
0.3414959928762244,0.09305431878895815,0.08058771148708815,0.4848619768477293
0.34175531914893614,0.09219858156028368,0.08111702127659574,0.4849290780141844
0.34202386212991603,0.09147149801148917,0.08616880247459124,0.48033583738400354
0.3377659574468085,0.08865248226950355,0.09086879432624113,0.48271276595744683
0.34,0.08311111111111111,0.09244444444444444,0.48444444444444446
0.34347442680776014,0.07760141093474426,0.09523809523809523,0.48368606701940037
0.348619768477293,0.07969723953695458,0.09795191451469279,0.47373107747105964
0.34578207381370824,0.07820738137082602,0.09885764499121265,0.4771528998242531
0.34172185430463575,0.08344370860927153,0.10154525386313466,0.47328918322295804
0.3320192728865528,0.09023215067893123,0.10468681559351731,0.4730617608409987
0.3300927971718957,0.0897039328325232,0.10649580203269995,0.47370746796288116
0.3349429323968393,0.08735733099209833,0.10491659350307288,0.47278314310798947
0.34008810572687226,0.086784140969163,0.1,0.4731277533039648
0.34273127753303967,0.08502202643171806,0.09691629955947137,0.4753303964757709
0.33674832962138085,0.08908685968819599,0.0930957683741648,0.48106904231625836
0.341280353200883,0.08565121412803532,0.09448123620309051,0.4785871964679912
0.34285714285714286,0.08351648351648351,0.09142857142857143,0.48219780219780217
0.33362989323843417,0.08629893238434164,0.09430604982206406,0.48576512455516013
0.33610867659947413,0.08238387379491674,0.09465381244522349,0.4868536371603856
0.3333333333333333,0.08146191105239982,0.09423161602818142,0.4909731395860854
0.3360071301247772,0.07932263814616755,0.08868092691622104,0.4959893048128342
0.3318642573821067,0.07668576465403261,0.08638166593212869,0.5050683120317321
0.32978723404255317,0.07890070921985816,0.08599290780141844,0.5053191489361702
0.33452115812917593,0.0779510022271715,0.08685968819599109,0.5006681514476615
0.33201058201058203,0.07671957671957672,0.08818342151675485,0.5030864197530864
0.3356953055801594,0.07705934455270151,0.08635961027457928,0.5008857395925598
0.33407374500222126,0.0790759662372279,0.09151488227454464,0.4953354064860062
0.33715798764342453,0.07987643424536628,0.09090909090909091,0.49205648720211825
0.3394980184940555,0.08014090708938794,0.09070893879348305,0.4896521356230735
0.33391992960844696,0.08446986361636603,0.09590849098108227,0.4857017157941047
0.34245366284201234,0.0820829655781112,0.09532215357458076,0.4801412180052957
0.333920704845815,0.0841409691629956,0.09427312775330396,0.48766519823788546
0.3405191377034756,0.08095028596568411,0.08974923009238892,0.4887813462384514
0.3381770145310436,0.08014090708938794,0.08762659621312198,0.4940554821664465
0.34308510638297873,0.08156028368794327,0.0851063829787234,0.49024822695035464
0.3388172521120498,0.08270342374388617,0.08803912850155625,0.4904401956425078
0.3419439579684764,0.08231173380035026,0.09019264448336252,0.48555166374781084
0.3418614909572122,0.08337009263343625,0.09219232465813851,0.4825760917512131
0.33736017897091725,0.08322147651006712,0.09172259507829977,0.48769574944071586
0.3380406001765225,0.08958517210944396,0.08914386584289496,0.48323036187113855
0.3451015004413063,0.08781994704324801,0.09179170344218888,0.47528684907325686
0.3361270401411557,0.08778120864578738,0.09219232465813851,0.4838994265549184
0.3412698412698413,0.08774250440917107,0.0890652557319224,0.48192239858906527
0.33855526544821585,0.08746736292428199,0.08703220191470844,0.4869451697127937
0.33421633554083885,0.08785871964679912,0.09050772626931568,0.48741721854304637
0.33274725274725275,0.08615384615384615,0.0865934065934066,0.4945054945054945
0.3312775330396476,0.08458149779735682,0.0907488986784141,0.4933920704845815
0.3345008756567426,0.08318739054290718,0.09106830122591944,0.4912434325744308
0.3358274647887324,0.08054577464788733,0.09154929577464789,0.4920774647887324
0.33377425044091713,0.07760141093474426,0.09126984126984126,0.4973544973544973
0.3279546445704318,0.0832969908416921,0.08853030963802878,0.5002180549498474
0.3333333333333333,0.08498458828709819,0.08894760017613386,0.49273447820343463
0.3305309734513274,0.08451327433628318,0.0915929203539823,0.49336283185840707
0.33097969991173876,0.0851721094439541,0.08958517210944396,0.4942630185348632
0.33260201842913556,0.0868802106186924,0.0895129442738043,0.4910048266783677
0.3288710397144132,0.08835341365461848,0.08790718429272647,0.49486836233824183
0.3290748898678414,0.08986784140969163,0.08854625550660793,0.49251101321585905
0.3252319929297393,0.09191338930623066,0.08837825894829872,0.4944763588157313
0.3280282935455349,0.08930150309460655,0.08753315649867374,0.4951370468611848
0.3302591128678085,0.08915239350021958,0.09178743961352658,0.4888010540184453
0.32272325375773653,0.08664898320070734,0.09328028293545534,0.4973474801061008
0.3234381922906513,0.08772707133362871,0.09481612760301285,0.49401860877270715
0.3258967629046369,0.08661417322834646,0.09798775153105861,0.489501312335958
0.3268807743070832,0.08842938847338319,0.10162780466344039,0.48306203255609326
0.3206208425720621,0.08691796008869179,0.10022172949002217,0.49223946784922396
0.31756460797196673,0.08541392904073587,0.10512483574244415,0.4918966272448533
0.31327985739750447,0.08467023172905526,0.10784313725490197,0.4942067736185383
0.3172779496243924,0.08528501988510827,0.10472823685373397,0.49270879363676534
0.3232815964523282,0.08824833702882483,0.09977827050997783,0.4886917960088692
0.32494481236203093,0.08520971302428255,0.10198675496688742,0.4878587196467991
0.33065236818588023,0.08623771224307418,0.09919571045576407,0.4839142091152815
0.3279826464208243,0.08546637744034707,0.09544468546637744,0.4911062906724512
0.32874278098622833,0.08618391825855176,0.09151488227454464,0.4935584184806753
0.33586083853702053,0.08206958073148975,0.0927743086529884,0.4892952720785013
0.33289241622574955,0.08068783068783068,0.08862433862433862,0.49779541446208114
0.32671957671957674,0.08024691358024691,0.0890652557319224,0.503968253968254
0.3269565217391304,0.07869565217391304,0.08739130434782609,0.5069565217391304
0.328042328042328,0.07848324514991181,0.08641975308641975,0.5070546737213404
0.3334807607253428,0.07872622733303848,0.07828394515701018,0.5095090667846086
0.330989010989011,0.08175824175824176,0.07956043956043957,0.5076923076923077
0.34222027972027974,0.08216783216783216,0.07954545454545454,0.49606643356643354
0.3359858532272325,0.07957559681697612,0.08443854995579134,0.5
0.3424416042309387,0.0758043190832966,0.08197443807844866,0.499779638607316
0.3405096660808436,0.07644991212653779,0.0804042179261863,0.5026362038664324
0.3403693931398417,0.0743183817062445,0.08091468777484609,0.5043975373790677
0.3423264042459089,0.0729765590446705,0.08536045997346307,0.49933657673595755
0.3353846153846154,0.07472527472527472,0.08571428571428572,0.5041758241758242
0.3400614304519526,0.0732777534006143,0.08293111013602457,0.5037297060114085
0.34352836879432624,0.07624113475177305,0.07934397163120567,0.500886524822695
0.34347442680776014,0.07804232804232804,0.08112874779541446,0.4973544973544973
0.34519572953736655,0.07695729537366548,0.08229537366548043,0.49555160142348753
0.34736375719982276,0.07753655294638902,0.07886575099689853,0.49623393885688966
0.3437221727515583,0.07702582368655388,0.07791629563668745,0.5013357079252003
0.34057649667405765,0.07538802660753881,0.07849223946784922,0.5055432372505543
0.335249889429456,0.0734188412206988,0.0804953560371517,0.5108359133126935
0.3409390083369899,0.0741553312856516,0.08161474330846863,0.5032909170688898
0.34375,0.06954225352112677,0.07878521126760564,0.5079225352112676
0.34541484716157206,0.07074235807860262,0.07860262008733625,0.505240174672489
0.34469026548672566,0.06460176991150443,0.08230088495575222,0.5084070796460177
0.3333333333333333,0.06499780412823891,0.08036890645586298,0.5212999560825647
0.33304080737165426,0.06713470820535322,0.08293111013602457,0.516893374286968
0.3368513632365875,0.06772207563764292,0.0822339489885664,0.5131926121372031
0.3479212253829322,0.06258205689277899,0.08708971553610503,0.5024070021881838
0.35008818342151676,0.06172839506172839,0.08597883597883597,0.5022045855379189
0.3498233215547703,0.06051236749116608,0.08613074204946997,0.5035335689045937
0.34951456310679613,0.0648720211827008,0.08120035304501325,0.5044130626654898
0.3508541392904074,0.06176084099868594,0.08147174770039421,0.5059132720105125
0.352112676056338,0.05941901408450704,0.08054577464788733,0.5079225352112676
0.34891927657697397,0.06352007057785619,0.08204675782973092,0.5055138950154389
0.3546690048224463,0.06049978079789566,0.0784743533537922,0.5063568610258659
0.3472711267605634,0.06205985915492958,0.08142605633802817,0.5092429577464789
0.3420935412026726,0.062360801781737196,0.07928730512249443,0.5162583518930958
0.340201665935993,0.05962297238053485,0.0784743533537922,0.5217010083296799
0.3368421052631579,0.060087719298245613,0.07412280701754385,0.5289473684210526
0.3419758605274922,0.06124273580688422,0.07420652659812249,0.5225748770675012
0.34025629695095005,0.0618647812638091,0.07247017233760494,0.5254087494476359
0.3390804597701149,0.06542882404951371,0.07338638373121131,0.52210433244916
0.34053815615350685,0.06263784737538597,0.07146007940008822,0.5253639170710189
0.3435148295706065,0.05843293492695883,0.07127047366091191,0.5267817618415228
0.33716814159292036,0.06017699115044248,0.06902654867256637,0.5336283185840708
0.3318603623508617,0.05700397702165267,0.07379584622182943,0.5373398144056563
0.3245887060915963,0.06002667852378835,0.07381058248110271,0.5415740329035127
0.32164767747589834,0.0600350569675723,0.07449605609114812,0.5438212094653813
0.32232496697490093,0.05592250110083664,0.07661822985468957,0.5451343020695729
0.3226524254561638,0.056074766355140186,0.07521139296840232,0.5460614152202937
0.3183023872679045,0.05791335101679929,0.07161803713527852,0.5521662245800176
0.3216035634743875,0.058797327394209356,0.06815144766146994,0.5514476614699332
0.32188463232056364,0.0603258476442096,0.06957287538529282,0.5482166446499339
0.3187250996015936,0.059318282425852145,0.06994245241257194,0.5520141655599823
0.3143358176238492,0.06313020604997809,0.07058307759754494,0.5519508987286278
0.3131357806280407,0.06501547987616099,0.06988058381247236,0.5519681556833259
0.31346578366445915,0.06445916114790287,0.07328918322295806,0.5487858719646799
0.3099647266313933,0.06437389770723104,0.07275132275132275,0.5529100529100529
0.30799648506151145,0.0641476274165202,0.07425307557117751,0.5536028119507909
0.3188405797101449,0.06236275801493193,0.07465963987703118,0.544137022397892
0.3147497805092186,0.06189640035118525,0.07769973661106233,0.5456540825285338
0.31032967032967035,0.06637362637362637,0.07560439560439561,0.5476923076923077
0.3212228622064688,0.061586176340274704,0.07443509082853345,0.5427558706247231
0.32212389380530976,0.06283185840707965,0.07389380530973451,0.5411504424778761
0.32141280353200885,0.0640176600441501,0.07240618101545254,0.5421633554083886
0.3245299910474485,0.06401074306177261,0.07162041181736795,0.5398388540734109
0.3244073748902546,0.06804214223002635,0.07199297629499561,0.5355575065847235
0.33187006145741876,0.07067603160667252,0.06935908691834942,0.5280948200175593
0.33480176211453744,0.06563876651982378,0.06960352422907488,0.5299559471365639
0.3343763969602146,0.06660706303084488,0.06839517210549843,0.5306213679034422
0.33602150537634407,0.06496415770609319,0.07168458781362007,0.5273297491039427
0.3352272727272727,0.06337412587412587,0.06993006993006994,0.5314685314685315
0.3389158219479947,0.06654914059056853,0.06654914059056853,0.5279858968708683
0.3377659574468085,0.06870567375886524,0.0678191489361702,0.525709219858156
0.3440955329500221,0.06678460858027421,0.06501547987616099,0.5241043785935426
0.34680284191829486,0.06660746003552398,0.06793960923623446,0.5186500888099467
0.3451171011931065,0.0627485638532921,0.0684931506849315,0.5236411842686699
0.348681269557443,0.06079570853822083,0.06616003576218149,0.5243629861421547
0.3507760532150776,0.06119733924611973,0.06607538802660753,0.5219512195121951
0.3475582930048394,0.05983282006159261,0.06907171139463264,0.5235371755389353
0.3466666666666667,0.05555555555555555,0.07111111111111111,0.5266666666666666
0.34630694383016364,0.057054400707651484,0.07386112339672711,0.5227775320654577
0.3456953642384106,0.05739514348785872,0.07505518763796909,0.5218543046357615
0.3423026025584473,0.0599911777679753,0.07454786060873402,0.5231583590648434
0.33987783595113435,0.061518324607329845,0.07504363001745201,0.5235602094240838
0.3397887323943662,0.061179577464788734,0.0743838028169014,0.5246478873239436
0.3421985815602837,0.05851063829787234,0.07535460992907801,0.523936170212766
0.34598411297440423,0.061341571050308914,0.07590467784642542,0.5167696381288615
0.3441189331001312,0.06383909051158723,0.07783121993878443,0.5142107564494972
0.33785557986870896,0.06564551422319474,0.0787746170678337,0.5177242888402626
0.3379096545615589,0.06421612046058459,0.07927369353410098,0.5186005314437555
0.3362910381543922,0.062111801242236024,0.07985803016858918,0.5217391304347826
0.33792796798577146,0.06313917296576256,0.07692307692307693,0.5220097821253891
0.3383325981473313,0.06484340538156154,0.08072342302602559,0.5161005734450816
0.3453903837670931,0.0670489633877371,0.0780767534186149,0.5094838994265549
0.34664891256102975,0.06524633821571238,0.0821127385707945,0.5059920106524634
0.3512304250559284,0.06711409395973154,0.08187919463087248,0.49977628635346755
0.353125,0.06607142857142857,0.08035714285714286,0.5004464285714286
0.35900841080123946,0.06551571491810536,0.07702523240371846,0.4984506418769367
0.35543766578249336,0.0627763041556145,0.07250221043324491,0.5092838196286472
0.35938189845474616,0.06622516556291391,0.07108167770419425,0.5033112582781457
0.3575837742504409,0.0701058201058201,0.07275132275132275,0.49955908289241624
0.3573959255978742,0.06554472984942426,0.07307351638618247,0.503985828166519
0.3578021978021978,0.06373626373626373,0.06901098901098901,0.5094505494505495
0.3598937583001328,0.06241699867197875,0.06861443116423196,0.5090748118636564
0.352317880794702,0.0640176600441501,0.06975717439293598,0.5139072847682119
0.3551236749116608,0.06139575971731449,0.06802120141342756,0.5154593639575972
0.35900841080123946,0.05799026117751217,0.06772908366533864,0.5152722443559097
0.35428571428571426,0.0632967032967033,0.06813186813186813,0.5142857142857142
0.3594570928196147,0.06085814360770578,0.07530647985989491,0.5043782837127846
0.3626325088339223,0.05962897526501767,0.0706713780918728,0.5070671378091873
0.3704515563349408,0.055677334502411226,0.07145988601490574,0.5024112231477422
0.3748344370860927,0.052980132450331126,0.07240618101545254,0.49977924944812363
0.37527691626052284,0.05538325210456358,0.07089056269384138,0.4984492689410722
0.37040280210157617,0.05647985989492119,0.07749562171628721,0.4956217162872154
0.3694869486948695,0.05670567056705671,0.07695769576957696,0.49684968496849685
0.37290379523389233,0.057811120917917035,0.07722859664607237,0.49205648720211825
0.3703378674857394,0.05309346204475647,0.07371654234313295,0.5028521281263713
0.36691597008358995,0.051473823141223056,0.075230972283326,0.506379234491861
0.3516042780748663,0.05303030303030303,0.07932263814616755,0.516042780748663
0.35950044603033005,0.054415700267618196,0.07716324710080286,0.5089206066012489
0.3516629711751663,0.054988913525498895,0.07538802660753881,0.517960088691796
0.35188431200701137,0.054776511831726556,0.0775635407537248,0.5157756354075372
0.3458480565371025,0.055212014134275615,0.07729681978798586,0.5216431095406361
0.34759594177326864,0.05822673136303485,0.07543008381120424,0.5187472430524923
0.3571114046675473,0.05636283575517393,0.07617789520035227,0.5103478643769265
0.35048802129547474,0.055900621118012424,0.07542147293700088,0.518189884649512
0.3473451327433628,0.0584070796460177,0.0743362831858407,0.5199115044247787
0.3522068658047258,0.05929558626839055,0.07177886758805171,0.516718680338832
0.3531746031746032,0.06305114638447971,0.07098765432098765,0.5127865961199295
0.3564226216571679,0.06444541867601929,0.06839105655414292,0.5107409031126698
0.3464951197870453,0.06610470275066549,0.07142857142857142,0.5159716060337178
0.352112676056338,0.06426056338028169,0.06910211267605634,0.514524647887324
0.3498233215547703,0.06625441696113074,0.06846289752650177,0.5154593639575972
0.3544415127528584,0.0633245382585752,0.06728232189973615,0.5149516270888302
0.3552515445719329,0.06310679611650485,0.07281553398058252,0.5088261253309797
0.3567928730512249,0.060579064587973276,0.07349665924276169,0.5091314031180401
0.3504652193176783,0.06557377049180328,0.07266282676118742,0.511298183429331
0.3488168273444347,0.06222611744084137,0.0740578439964943,0.5148992112182296
0.3629498000888494,0.06308307418924922,0.07019102621057308,0.5037760995113283
0.3574279379157428,0.06075388026607539,0.07272727272727272,0.509090909090909
0.35924462011418534,0.058410188844971456,0.07509881422924901,0.5072463768115942
0.3601937472479084,0.0607661822985469,0.0726552179656539,0.5063848524878908
0.354541465555068,0.06143045195261079,0.07634927599824484,0.5076788064940764
0.3557312252964427,0.058410188844971456,0.07685551163812034,0.5090030742204655
0.35764809902740935,0.060123784261715295,0.07515473032714412,0.5070733863837312
0.3541300527240773,0.06019332161687171,0.07381370826010544,0.5118629173989455
0.3540017590149516,0.0584872471416007,0.07343887423043095,0.5140721196130167
0.3522878720568636,0.06130608618391826,0.07241226121723679,0.5139937805419813
0.3584574934268186,0.0635407537248028,0.06836108676599474,0.5096406660823839
0.352156514006225,0.05824811027123166,0.07158737216540685,0.5180080035571365
0.35013146362839614,0.058720420683610865,0.07142857142857142,0.5197195442594216
0.3458646616541353,0.058823529411764705,0.07651481645289694,0.518796992481203
0.34882691456396636,0.059318282425852145,0.08100929614873838,0.5108455068614431
0.350597609561753,0.059318282425852145,0.0765825586542718,0.5135015493581231
0.3582554517133956,0.06141522029372497,0.07699154428126391,0.5033377837116155
0.3511111111111111,0.057777777777777775,0.07777777777777778,0.5133333333333333
0.35260621988611474,0.05431449846692948,0.07840560665790626,0.5146736749890495
0.35576077396657874,0.05408970976253298,0.079155672823219,0.5109938434476693
0.3639947437582129,0.05300043802014893,0.08103372755146737,0.5019710906701709
0.3654353562005277,0.055408970976253295,0.08047493403693931,0.49868073878627966
0.35804622764936767,0.05364151766245094,0.07675534234627127,0.5115569123419101
0.36049058256679806,0.05300043802014893,0.07446342531756461,0.5120455540954884
0.358860195903829,0.052983081032947466,0.07479964381121995,0.5133570792520036
0.35660627485638535,0.05214317277949625,0.07247017233760494,0.5187803800265135
0.35855697316322044,0.05367355917289925,0.07347118345798505,0.5142982842058953
0.3518189884649512,0.06033717834960071,0.07364685004436557,0.5141969831410825
0.34040671971706454,0.0627763041556145,0.07338638373121131,0.5234305923961097
0.33688415446071907,0.06480248557478917,0.07501109631602308,0.5233022636484687
0.339481774264383,0.06719367588932806,0.077733860342556,0.515590689503733
0.33690316822846944,0.07005800981704596,0.07898259705488621,0.5140562248995983
0.3368747233289066,0.06640106241699867,0.08012394864984507,0.5166002656042497
0.3390652557319224,0.06481481481481481,0.07980599647266313,0.5163139329805997
0.3358208955223881,0.06628621597892889,0.08033362598770852,0.5175592625109745
0.33494081543182813,0.06269180184129768,0.08066637439719421,0.5217010083296799
0.3407992973210365,0.0663153271848924,0.08168642951251646,0.5111989459815547
0.33687002652519893,0.06631299734748011,0.08443854995579134,0.5123784261715296
0.3415276558384548,0.0636523266022827,0.08735733099209833,0.5074626865671642
0.3454384410983171,0.0633303808680248,0.08857395925597875,0.5026572187776793
0.34346103038309117,0.062087186261558784,0.08762659621312198,0.5068251871422281
0.3443478260869565,0.06173913043478261,0.08826086956521739,0.5056521739130435
0.3537234042553192,0.06161347517730496,0.08687943262411348,0.4977836879432624
0.35452103849597133,0.06311548791405551,0.08415398388540735,0.4982094897045658
0.34957532409476977,0.06481895395619133,0.08359409924005365,0.5020116227089853
0.34872471416007034,0.06552330694810905,0.08355321020228672,0.5021987686895338
0.3498901098901099,0.0632967032967033,0.08483516483516483,0.501978021978022
