C,D,Oc,Od
0.0,1.0,0.0,0.0
0.0,0.6666666666666666,0.3333333333333333,0.0
0.0,0.7272727272727273,0.2727272727272727,0.0
0.0,0.5454545454545454,0.36363636363636365,0.09090909090909091
0.027777777777777776,0.4722222222222222,0.3611111111111111,0.1388888888888889
0.05,0.4666666666666667,0.3333333333333333,0.15
0.045454545454545456,0.4431818181818182,0.3409090909090909,0.17045454545454544
0.06569343065693431,0.4233576642335766,0.35036496350364965,0.16058394160583941
0.08163265306122448,0.4030612244897959,0.33163265306122447,0.1836734693877551
0.0959409594095941,0.39114391143911437,0.33210332103321033,0.18081180811808117
0.10674157303370786,0.37359550561797755,0.32303370786516855,0.19662921348314608
0.1284796573875803,0.3533190578158458,0.3019271948608137,0.21627408993576017
0.15141430948419302,0.33444259567387685,0.30449251247920134,0.2096505823627288
0.15579227696404793,0.340878828229028,0.3022636484687084,0.2010652463382157
0.17324561403508773,0.32346491228070173,0.3026315789473684,0.20065789473684212
0.17690875232774675,0.3258845437616387,0.3054003724394786,0.19180633147113593
0.19408945686900958,0.31309904153354634,0.31150159744408945,0.18130990415335463
0.2025405786873677,0.3211009174311927,0.30698659139026113,0.16937191249117856
0.1941808981657179,0.3270082226438963,0.3099304237824162,0.16888045540796964
0.2095567069660334,0.3275762809441566,0.30166954519286127,0.16119746689694875
0.21620171673819744,0.3272532188841202,0.29721030042918456,0.15933476394849785
0.22406015037593985,0.3243107769423559,0.2847117794486215,0.16691729323308271
0.22920696324951645,0.31721470019342357,0.28965183752417795,0.163926499032882
0.23591874422899353,0.31117266851338876,0.2848568790397045,0.1680517082179132
0.23476297968397292,0.3160270880361174,0.2744920993227991,0.1747178329571106
0.2341941228851291,0.30632235084594833,0.28138913624220835,0.17809439002671415
0.24157801418439717,0.30186170212765956,0.2712765957446808,0.18528368794326242
0.24613345117101193,0.2965090587715422,0.27176314626601855,0.1855943437914273
0.23930131004366811,0.3056768558951965,0.27074235807860264,0.18427947598253275
0.23654015887025595,0.3106796116504854,0.2674315975286849,0.1853486319505737
0.23191582639193337,0.30907496711968435,0.27224901359053044,0.1867601928978518
0.233201581027668,0.3140096618357488,0.2648221343873518,0.18796662274923145
0.2311446317657498,0.3087843833185448,0.2675244010647737,0.19254658385093168
0.2371766768960982,0.30556773345024113,0.2656729504603244,0.19158263919333626
0.23182624113475178,0.311613475177305,0.26595744680851063,0.19060283687943264
0.2263901147396293,0.31112091791703445,0.2705207413945278,0.19196822594880847
0.22739361702127658,0.30851063829787234,0.27570921985815605,0.18838652482269502
0.22251539138082674,0.30782761653474056,0.2805628847845207,0.18909410729991205
0.21632294866169371,0.3084686265906099,0.2786309784993418,0.19657744624835455
0.22570671378091872,0.30123674911660775,0.27385159010600707,0.19920494699646643
0.22314774221832528,0.3033757124068391,0.2779482683033757,0.1955282770714599
0.22403888643393724,0.3031374281926646,0.273972602739726,0.19885108263367213
0.22777047744196233,0.3061760840998686,0.2715724923346474,0.19448094612352168
0.22713212549712772,0.30799823243482105,0.2695536897923111,0.19531595227574017
0.23043095866314864,0.30123131046613894,0.2752858399296394,0.193051890941073
0.22978910369068542,0.3031634446397188,0.2702108963093146,0.1968365553602812
0.23117803365810452,0.3024800708591674,0.2688219663418955,0.1975199291408326
0.23090665475658775,0.3032603841000447,0.2670835194283162,0.19874944171505135
0.22980561555075593,0.2980561555075594,0.2734341252699784,0.19870410367170627
0.23198594024604569,0.29657293497363796,0.26845342706502634,0.20298769771529
0.22883597883597884,0.29717813051146386,0.27028218694885364,0.2037037037037037
0.23562966213251427,0.30057042562527425,0.2602018429135586,0.20359806932865293
0.2430647291941876,0.2870981946279172,0.26860413914575076,0.20123293703214443
0.2405618964003512,0.2901668129938543,0.27480245829675154,0.19446883230904302
0.23684210526315788,0.29385964912280704,0.2736842105263158,0.1956140350877193
0.23897707231040563,0.29541446208112876,0.2654320987654321,0.2001763668430335
0.23131046613896217,0.29815303430079154,0.2647317502198769,0.20580474934036938
0.23734037868780272,0.289740202553941,0.2668428005284016,0.20607661822985468
0.23740053050397877,0.28426171529619804,0.27011494252873564,0.20822281167108753
0.23457330415754923,0.29190371991247266,0.26389496717724287,0.20962800875273524
0.23342175066312998,0.28603006189213087,0.268788682581786,0.21175950486295314
0.23333333333333334,0.2820175438596491,0.2679824561403509,0.21666666666666667
0.23104212860310422,0.2802660753880266,0.27583148558758314,0.21286031042128603
0.23298429319371727,0.28403141361256545,0.2661431064572426,0.2168411867364747
0.2292576419213974,0.27729257641921395,0.2755458515283843,0.21790393013100437
0.22321031569586483,0.27923521565140064,0.2787905735882614,0.2187638950644731
0.22354497354497355,0.27645502645502645,0.27557319223985893,0.2244268077601411
0.22291021671826625,0.2768686421937196,0.28217602830605926,0.21804511278195488
0.22659010600706714,0.2756183745583039,0.2791519434628975,0.21863957597173145
0.22119205298013245,0.27417218543046357,0.28123620309050773,0.22339955849889626
0.22134387351778656,0.279754062362758,0.2753623188405797,0.2235397452788757
0.22296099290780141,0.2774822695035461,0.2770390070921986,0.2225177304964539
0.22212389380530972,0.27964601769911507,0.27168141592920353,0.22654867256637168
0.2210989010989011,0.2742857142857143,0.2795604395604396,0.22505494505494505
0.2222222222222222,0.2689594356261023,0.2751322751322751,0.23368606701940034
0.22370766488413546,0.2758467023172905,0.2696078431372549,0.23083778966131907
0.2247787610619469,0.27699115044247785,0.270353982300885,0.22787610619469026
0.21635883905013192,0.2805628847845207,0.272207563764292,0.23087071240105542
0.2211453744493392,0.2748898678414097,0.27004405286343613,0.23392070484581498
0.2160034980323568,0.28071709663314387,0.2710975076519458,0.23218189768255357
0.21161460624725034,0.2833260008798944,0.27628684557853056,0.22877254729432467
0.2097130242825607,0.27593818984547464,0.280794701986755,0.2335540838852097
0.20759717314487633,0.2795936395759717,0.284452296819788,0.22835689045936397
0.20537681798148966,0.2785368003525782,0.2864698104892023,0.22961657117672984
0.20601045296167247,0.28222996515679444,0.28353658536585363,0.22822299651567945
0.2056362835755174,0.2818141787758697,0.28225451343020697,0.23029502421840597
0.2041722148246782,0.2818464269862406,0.28894806924101196,0.22503328894806923
0.20326278659611993,0.27645502645502645,0.28880070546737213,0.23148148148148148
0.20463664734730272,0.27686134641105664,0.28488631297369593,0.2336156932679447
0.20299427564949363,0.27256715103478646,0.2866578599735799,0.23778071334214002
0.19726992514310876,0.27344782034346105,0.2884191985909291,0.2408630559225011
0.20089086859688196,0.2748329621380846,0.28775055679287304,0.23652561247216036
0.2011468901632113,0.26687251874724305,0.2911336568151742,0.24084693427437143
0.2027690933452434,0.26485037963376507,0.286288521661456,0.24609200535953552
0.20222222222222222,0.26311111111111113,0.28844444444444445,0.24622222222222223
0.20634920634920634,0.2698412698412698,0.2865961199294533,0.23721340388007053
0.20964175143741706,0.2706766917293233,0.2839451570101725,0.23573639982308714
0.2102022867194371,0.27132805628847845,0.28408091468777485,0.2343887423043096
0.20990359333917616,0.2743207712532866,0.2848378615249781,0.23093777388255915
0.2060235704932344,0.2736796158882584,0.2863378437363597,0.23395896988214754
0.20392156862745098,0.28061002178649236,0.2849673202614379,0.23050108932461874
0.20697263901147397,0.27846425419240955,0.2793468667255075,0.235216240070609
0.20258813029897368,0.284694332887104,0.2829094154395359,0.22980812137438644
0.20184696569920843,0.28715919085312225,0.28144239226033424,0.22955145118733508
0.20122217372326495,0.2845918812745526,0.281972937581842,0.23221300742034046
0.2026431718061674,0.2762114537444934,0.28766519823788544,0.23348017621145375
0.20780359491451117,0.2740026304252521,0.2871547566856642,0.23103901797457255
0.2111013986013986,0.27666083916083917,0.28277972027972026,0.22945804195804195
0.20928196147110334,0.27933450087565675,0.28283712784588444,0.22854640980735552
0.21034025629695094,0.27353071144498453,0.28678745028722935,0.22934158197083518
0.21270962047661077,0.27890556045895853,0.28111209179170343,0.22727272727272727
0.20861074123391035,0.2769640479360852,0.28051486906347095,0.2339103417665335
0.20899470899470898,0.2768959435626102,0.2786596119929453,0.23544973544973544
0.21101321585903085,0.2740088105726872,0.2801762114537445,0.23480176211453743
0.21073646850044367,0.2724046140195209,0.2737355811889973,0.24312333629103816
0.21794871794871795,0.2692307692307692,0.27055702917771884,0.242263483642794
0.22403888643393724,0.26734423331860363,0.2607158638974812,0.2479010163499779
0.2178304787000439,0.2652613087395696,0.2665788317962231,0.2503293807641634
0.22217314487632508,0.2583922261484099,0.2659010600706714,0.25353356890459366
0.21938325991189428,0.2563876651982379,0.26563876651982377,0.25859030837004404
0.21729490022172948,0.25764966740576495,0.2678492239467849,0.2572062084257206
0.21819787985865724,0.25485865724381623,0.2681095406360424,0.2588339222614841
0.21994773519163763,0.2582752613240418,0.2695993031358885,0.25217770034843207
0.21434859154929578,0.258362676056338,0.27024647887323944,0.25704225352112675
0.21456607064980376,0.2546881814217183,0.2703881378107283,0.26035761011774966
0.2104340201665936,0.25778167470407715,0.2661113546690048,0.2656729504603244
0.21469173589855706,0.25929164844774816,0.2641014429383472,0.26191517271534764
0.21702690780767533,0.2571680635200706,0.26290251433612705,0.26290251433612705
0.21419068736141908,0.25631929046563195,0.26430155210643014,0.26518847006651886
0.22310756972111553,0.24479858344400177,0.26117751217352814,0.27091633466135456
0.22192866578599735,0.24834874504623514,0.25847644209599296,0.2712461470717745
0.22741295724988983,0.24592331423534597,0.2609078889378581,0.2657558395769061
0.23966578715919085,0.24494283201407213,0.2519788918205805,0.26341248900615655
0.23389232127096204,0.24492497793468668,0.25507502206531335,0.26610767872903796
0.22857142857142856,0.24527472527472527,0.2558241758241758,0.2703296703296703
0.22408469342743714,0.24966916629907365,0.2576091751213057,0.2686369651521835
0.2305641936916926,0.24655708573967125,0.24877832074633496,0.2741003998223012
0.23076923076923078,0.24624226348364278,0.2541998231653404,0.268788682581786
0.22937803264225848,0.24966916629907365,0.2518747243052492,0.2690780767534186
0.23371478873239437,0.25,0.25308098591549294,0.2632042253521127
0.23259911894273128,0.24845814977973568,0.2555066079295154,0.26343612334801764
0.2374289462177525,0.2514210756449497,0.26016615653694797,0.2509838216003498
0.23513870541611626,0.2518714222809335,0.25847644209599296,0.25451343020695727
0.23260965883916704,0.25033229951262737,0.25431989366415597,0.2627381479840496
0.23302263648468707,0.24811362627607633,0.25255215268530845,0.2663115845539281
0.23073574227252938,0.25119721375707443,0.2525032651284284,0.2655637788419678
0.23314235345967388,0.24856765094755398,0.25209343323049804,0.2661965623622741
0.2356828193832599,0.24845814977973568,0.2563876651982379,0.2594713656387665
0.23922603342128407,0.24274406332453827,0.2616534740545295,0.2563764291996482
0.23826239578762615,0.23650724001755155,0.2676612549363756,0.25756910925844667
0.24199912319158265,0.23366944322665498,0.26786497150372646,0.256466462078036
0.24489795918367346,0.2284826974267968,0.27151730257320317,0.25510204081632654
0.2406113537117904,0.22969432314410482,0.2720524017467249,0.2576419213973799
0.2364358182620203,0.23467137185707984,0.27525363917071016,0.25363917071018965
0.2424778761061947,0.23008849557522124,0.27300884955752214,0.25442477876106195
0.24469026548672565,0.22920353982300884,0.28008849557522125,0.24601769911504426
0.24878907970057243,0.2294143549097314,0.2774108322324967,0.24438573315719947
0.24452234881682736,0.2283085013146363,0.27651183172655563,0.2506573181419807
0.24911347517730498,0.22828014184397163,0.27349290780141844,0.24911347517730498
0.25377107364685003,0.2311446317657498,0.2675244010647737,0.24755989352262645
0.25252525252525254,0.22573561703996486,0.27580149319279756,0.24593763724198506
0.25396825396825395,0.2279541446208113,0.2689594356261023,0.24911816578483245
0.24524125719344844,0.2359451084550686,0.27003098716246127,0.24878264718902168
0.2526362038664323,0.23286467486818982,0.2680140597539543,0.24648506151142355
0.25518763796909494,0.2370860927152318,0.26225165562913905,0.24547461368653423
0.25547765118317267,0.23707274320771254,0.2563540753724803,0.25109553023663456
0.2575558475689882,0.23828296101620675,0.2558037669732808,0.2483574244415243
0.2561511423550088,0.23725834797891038,0.2596660808435852,0.2469244288224956
0.25617283950617287,0.24029982363315697,0.25793650793650796,0.24559082892416226
0.25512934879571814,0.22925958965209633,0.2644959857270294,0.25111507582515613
0.26750761200521966,0.2231404958677686,0.25663331883427576,0.25271857329273595
0.2672566371681416,0.2243362831858407,0.2517699115044248,0.25663716814159293
0.27424308907415534,0.21851689337428698,0.25274243089074155,0.2544975866608161
0.2812223206377325,0.21567759078830823,0.25642161204605846,0.2466784765279008
0.2796985815602837,0.21453900709219859,0.25842198581560283,0.2473404255319149
0.2783866725120561,0.21306444541867603,0.26918018412976763,0.23936869793950022
0.27943760984182775,0.21441124780316345,0.26362038664323373,0.24253075571177504
0.27628684557853056,0.21381434227892654,0.26616805983282005,0.24373075230972283
0.2778993435448578,0.21094091903719914,0.26783369803063456,0.24332603938730854
0.2819614711033275,0.21234676007005254,0.2626970227670753,0.24299474605954466
0.28083989501312334,0.20953630796150483,0.27165354330708663,0.2379702537182852
0.28104286345558993,0.21122403888643393,0.27043747238179405,0.23729562527618206
0.28134556574923547,0.20969855832241152,0.27348186981214506,0.23547400611620795
0.28665496049165934,0.2080772607550483,0.26953467954345917,0.23573309920983318
0.28533916849015317,0.20831509846827134,0.26958424507658646,0.23676148796498905
0.2885964912280702,0.20877192982456141,0.2706140350877193,0.23201754385964912
0.2884108867427568,0.20719929762949957,0.26953467954345917,0.23485513608428446
0.2907334211682038,0.20860781730346947,0.2604303908651735,0.24022837066315328
0.28065515714918104,0.21027003098716246,0.2682602921646746,0.24081451969898185
0.2853982300884956,0.2079646017699115,0.2646017699115044,0.2420353982300885
0.28413610251878035,0.21210782147591692,0.2633672116659302,0.2403888643393725
0.2861552028218695,0.21075837742504408,0.2641093474426808,0.23897707231040563
0.28291814946619215,0.20729537366548043,0.2682384341637011,0.24154804270462635
0.28309305373525556,0.21144604630843164,0.26124945391000437,0.24421144604630843
0.28307692307692306,0.2079120879120879,0.26593406593406593,0.24307692307692308
0.29063604240282687,0.2062720848056537,0.26501766784452296,0.23807420494699646
0.2904929577464789,0.2051056338028169,0.26188380281690143,0.2425176056338028
0.2828459188127455,0.20296813618507203,0.26756874727193364,0.2466171977302488
0.27615248226950356,0.20345744680851063,0.2699468085106383,0.2504432624113475
0.28427065026362036,0.20298769771529,0.2662565905096661,0.24648506151142355
0.28401585204755614,0.2051959489211801,0.2628797886393659,0.24790841039189784
0.28114035087719297,0.20482456140350877,0.2706140350877193,0.24342105263157895
0.27970188513809735,0.208680403331872,0.26742656729504605,0.24419114423498467
0.2739244951712028,0.20632133450395082,0.26821773485513606,0.2515364354697103
0.2719720157411456,0.20507214691735898,0.27328377787494534,0.24967205946655008
0.26389496717724287,0.212253829321663,0.2726477024070022,0.2512035010940919
0.2562747688243065,0.21840598855129897,0.26904447380008806,0.2562747688243065
0.25574204946996465,0.22084805653710246,0.2707597173144876,0.25265017667844525
0.25474613686534214,0.2163355408388521,0.2781456953642384,0.2507726269315673
0.2621145374449339,0.21674008810572687,0.27268722466960355,0.24845814977973568
0.25842198581560283,0.21320921985815602,0.2770390070921986,0.25132978723404253
0.2622085349758029,0.21249450065992082,0.2736471623405191,0.25164980202375714
0.2624890446976337,0.21340929009640666,0.2751971954425942,0.24890446976336547
0.2624113475177305,0.21675531914893617,0.2770390070921986,0.24379432624113476
0.26311111111111113,0.21733333333333332,0.2751111111111111,0.24444444444444444
0.2618943692710607,0.21213443910955915,0.2780445220427761,0.24792666957660411
0.2680549401860877,0.21267168808152415,0.2786885245901639,0.2405848471422242
0.26325010950503724,0.21638195356986423,0.2781427945685502,0.2422251423565484
0.26666666666666666,0.21228070175438596,0.27631578947368424,0.24473684210526317
0.26546731022378234,0.2132514260640632,0.27994734532689775,0.2413339183852567
0.26166148378498444,0.20879609062638826,0.2838738338516215,0.24566859173700578
0.26413427561837455,0.21068904593639576,0.2826855123674912,0.24249116607773852
0.2635761589403974,0.21147902869757174,0.27947019867549666,0.24547461368653423
0.2595217006200177,0.20504871567759078,0.2869796279893711,0.24844995571302037
0.25495376486129456,0.20959929546455305,0.28797886393659183,0.24746807573756055
0.25602805786935556,0.20692678649715038,0.2889083735203858,0.24813678211310827
0.2571807335395493,0.208572691117985,0.28634555899248787,0.2479010163499779
0.25914499779638606,0.2093433230498017,0.2855883649184663,0.24592331423534597
0.2563063063063063,0.21081081081081082,0.2873873873873874,0.24549549549549549
0.25209343323049804,0.2119876597620097,0.29219920669898636,0.24371970030850595
0.2513250883392226,0.2151060070671378,0.2959363957597173,0.23763250883392226
0.24791940429259746,0.21243977222952257,0.2987297415681121,0.24091108190976784
0.24988962472406182,0.21280353200883,0.29624724061810154,0.2410596026490066
0.25252082419991234,0.21131082858395442,0.29767645769399387,0.2384918895221394
0.2545697726259474,0.21578243423985732,0.2884529647793134,0.24119482835488185
0.2557117750439367,0.22100175746924428,0.28163444639718804,0.24165202108963094
0.24856512141280354,0.22251655629139072,0.2865342163355408,0.2423841059602649
0.24571428571428572,0.21978021978021978,0.28307692307692306,0.25142857142857145
0.24779541446208111,0.21869488536155202,0.2808641975308642,0.2526455026455027
0.2503317116320212,0.21362229102167182,0.27598407784166296,0.26006191950464397
0.254416961130742,0.21024734982332155,0.2765017667844523,0.2588339222614841
0.25364560318161733,0.21166593018117544,0.27132125497127707,0.2633672116659302
0.2547909407665505,0.20993031358885017,0.2739547038327526,0.2613240418118467
0.2529960053262317,0.21260541500221927,0.2720816688859299,0.2623169107856192
0.2535026269702277,0.20577933450087565,0.28108581436077057,0.2596322241681261
0.24891020052310375,0.20967741935483872,0.28116826503923276,0.26024411508282475
0.25281873373807456,0.20555073720728534,0.28274067649609713,0.2588898525585429
0.24615384615384617,0.2087912087912088,0.28615384615384615,0.2589010989010989
0.24703296703296704,0.2079120879120879,0.2843956043956044,0.26065934065934065
0.24418093983311376,0.207290294246816,0.2867808519982433,0.26174791392182695
0.2399823866138265,0.21312197269925143,0.28269484808454426,0.26420079260237783
0.24682156948706707,0.20780359491451117,0.290223586146427,0.25515124945199474
0.24724548259145,0.2124283825473777,0.27985896870868227,0.2604671661524901
0.24405286343612334,0.21938325991189428,0.2762114537444934,0.260352422907489
0.2462817147856518,0.2121609798775153,0.2804024496937883,0.26115485564304464
0.24336283185840707,0.21017699115044247,0.27920353982300883,0.2672566371681416
0.2419140451927337,0.20868409392999557,0.27957465662383696,0.26982720425343376
0.2387209811651336,0.21419185282522996,0.27726675427069647,0.26982041173894
0.23175586023883238,0.21539141972578504,0.27377266696152147,0.27908005307386113
0.23532008830022075,0.21015452538631346,0.27549668874172184,0.2790286975717439
0.23093873953283384,0.2146319964742177,0.27633318642573823,0.2780960775672102
0.22911169744942833,0.21767810026385223,0.27308707124010556,0.2801231310466139
0.23155103844454264,0.21696862571807335,0.276623950508175,0.27485638532920903
0.2401402278702892,0.21340929009640666,0.27169149868536374,0.2747589833479404
0.23624454148471616,0.2165938864628821,0.27336244541484717,0.27379912663755457
0.2360684510750329,0.22378236068451074,0.26897762176393153,0.2711715664765248
0.23466666666666666,0.22533333333333333,0.272,0.268
0.23645104895104896,0.2229020979020979,0.27534965034965037,0.2652972027972028
0.2307021369385085,0.2250327082424771,0.2782381160052333,0.2660270388137811
0.22823218997361477,0.22691292875989447,0.28100263852242746,0.2638522427440633
0.2369460289600702,0.225976305397104,0.2738043001316367,0.26327336551118913
0.23630742049469966,0.22835689045936397,0.27252650176678445,0.2628091872791519
0.23809523809523808,0.2222222222222222,0.2698412698412698,0.2698412698412698
0.23805348531345902,0.22490135905304692,0.2740026304252521,0.263042525208242
0.23490524460114587,0.22917584839136185,0.2723666813574262,0.2635522256500661
0.23076923076923078,0.23076923076923078,0.27280858676207514,0.26565295169946335
0.2285336856010568,0.23161602818141788,0.27036547776309994,0.26948480845442535
0.22261328640563133,0.23273207215134184,0.27144742630884294,0.2732072151341839
0.22096069868995633,0.23013100436681222,0.28253275109170306,0.2663755458515284
0.21714031971580816,0.23357015985790408,0.283303730017762,0.26598579040852577
0.22343205574912892,0.2347560975609756,0.2770034843205575,0.26480836236933797
0.22661396574440051,0.23276240667545015,0.2740447957839262,0.2665788317962231
0.22266845158411425,0.23248549754573852,0.2784471218206158,0.26639892904953144
0.22309368191721132,0.2357298474945534,0.2788671023965142,0.2623093681917211
0.2205240174672489,0.24017467248908297,0.27074235807860264,0.2685589519650655
0.21819787985865724,0.23719081272084805,0.28003533568904593,0.26457597173144876
0.22168780061215565,0.23567993003935286,0.28115435067774375,0.2614779186707477
0.22872108249672632,0.23352247926669575,0.281972937581842,0.25578350065473593
0.2310084406930253,0.2363394047090182,0.2803198578409596,0.25233229675699687
0.2327127659574468,0.2393617021276596,0.2823581560283688,0.24556737588652483
0.23659725299069562,0.23792645104120513,0.28046078865750995,0.24501550731058927
0.235216240070609,0.23742277140335394,0.28111209179170343,0.24624889673433362
0.23809523809523808,0.23500881834215168,0.27733686067019403,0.2495590828924162
0.23690004403346543,0.2294143549097314,0.27829150154117127,0.25539409951563186
0.23478260869565218,0.22826086956521738,0.28304347826086956,0.2539130434782609
0.23649825783972125,0.2225609756097561,0.28353658536585363,0.257404181184669
0.23293703214442976,0.22280933509467196,0.2818141787758697,0.2624394539850286
0.23314235345967388,0.22036139268400176,0.28118113706478626,0.26531511679153813
0.23784261715296198,0.22148541114058357,0.2749778956675508,0.2656940760389036
0.24001755155770074,0.22641509433962265,0.2738043001316367,0.25976305397103994
0.23968393327480245,0.22256365232660227,0.26953467954345917,0.26821773485513606
0.24063464081092992,0.22256500661084178,0.2675187307183781,0.26928162185985016
0.2446106467223933,0.22173339199296085,0.2608886933567972,0.27276726792784867
0.25021949078138717,0.22695346795434593,0.2510974539069359,0.271729587357331
0.25044014084507044,0.22359154929577466,0.24911971830985916,0.27684859154929575
0.250992501102779,0.22717247463608292,0.25275694750771943,0.2690780767534186
0.2521891418563923,0.23161120840630472,0.2491243432574431,0.2670753064798599
0.24514134275618374,0.23763250883392226,0.25265017667844525,0.26457597173144876
0.24081451969898185,0.23992917220008853,0.25320938468348825,0.26604692341744135
0.23751095530236635,0.23400525854513585,0.2581069237510955,0.2703768624014023
0.24012291483757683,0.2370500438981563,0.2585601404741001,0.2642669007901668
0.23925564909171468,0.23792645104120513,0.25387682764731945,0.26894107221976077
0.24375274002630426,0.24199912319158265,0.2516440157825515,0.2626041209995616
0.242091388400703,0.23550087873462214,0.2539543057996485,0.26845342706502634
0.24118165784832452,0.23721340388007053,0.25573192239858905,0.26587301587301587
0.2437854339293502,0.2324465765372874,0.25730484081988664,0.2664631487134758
0.2465934065934066,0.22725274725274724,0.2558241758241758,0.2703296703296703
0.2403677758318739,0.22373029772329248,0.2631348511383538,0.27276707530647987
0.24055135615829257,0.22054246331702979,0.26011560693641617,0.2787905735882614
0.2406764960971379,0.2263660017346054,0.2567215958369471,0.2762359063313096
0.2393992932862191,0.232773851590106,0.25220848056537104,0.2756183745583039
0.2384310268840899,0.23490524460114587,0.254737769942706,0.2719259585720582
0.23765432098765432,0.23412698412698413,0.2566137566137566,0.2716049382716049
0.23093777388255915,0.2388255915863278,0.25854513584574934,0.27169149868536374
0.23714539007092197,0.23448581560283688,0.26108156028368795,0.26728723404255317
0.2401766004415011,0.2335540838852097,0.25916114790286976,0.2671081677704194
0.23754448398576514,0.23443060498220641,0.26334519572953735,0.2646797153024911
0.23847517730496454,0.24069148936170212,0.26019503546099293,0.26063829787234044
0.2436235708003518,0.24142480211081793,0.25857519788918204,0.2563764291996482
0.2388255915863278,0.24496056091148116,0.2563540753724803,0.2598597721297108
0.24348210340256296,0.24613345117101193,0.2554131683605833,0.25497127706584183
0.2448532632501095,0.24310118265440211,0.2518615856329391,0.26018396846254926
0.2411660777385159,0.2411660777385159,0.2583922261484099,0.2592756183745583
0.24234470691163604,0.2410323709536308,0.25809273840769903,0.2585301837270341
0.2437417654808959,0.24154589371980675,0.25559947299077734,0.25911286780852
0.2479120879120879,0.2347252747252747,0.2501098901098901,0.2672527472527473
0.24571428571428572,0.2334065934065934,0.2553846153846154,0.2654945054945055
0.24845814977973568,0.2343612334801762,0.2533039647577093,0.26387665198237886
0.24624226348364278,0.23209549071618038,0.2564102564102564,0.26525198938992045
0.24615384615384617,0.2320879120879121,0.2523076923076923,0.26945054945054947
0.2429453262786596,0.23148148148148148,0.25396825396825395,0.2716049382716049
0.24560632688927944,0.23374340949033393,0.2478031634446397,0.2728471001757469
0.24934036939313983,0.22999120492524186,0.24934036939313983,0.27132805628847845
0.24779929577464788,0.22755281690140844,0.2535211267605634,0.2711267605633803
0.24760244115082825,0.23670444638186575,0.24673060156931126,0.2689625108979948
0.2483574244415243,0.22558037669732808,0.25098554533508544,0.2750766535260622
0.2501108647450111,0.2337028824833703,0.24567627494456762,0.270509977827051
0.2510993843447669,0.22295514511873352,0.24494283201407213,0.28100263852242746
0.24746807573756055,0.2280933509467195,0.24174372523117568,0.28269484808454426
0.2510936132983377,0.22703412073490814,0.24540682414698162,0.2764654418197725
0.24901531728665208,0.22975929978118162,0.24595185995623634,0.27527352297593
0.2435121107266436,0.23226643598615918,0.24567474048442905,0.27854671280276816
0.24052863436123348,0.23083700440528634,0.2497797356828194,0.2788546255506608
0.24202127659574468,0.22828014184397163,0.2522163120567376,0.2774822695035461
0.2420774647887324,0.23371478873239437,0.2566021126760563,0.2676056338028169
0.24735915492957747,0.2323943661971831,0.25616197183098594,0.2640845070422535
0.24814004376367615,0.224945295404814,0.25733041575492344,0.26958424507658646
0.250992501102779,0.22981914424349362,0.2523158359064843,0.26687251874724305
0.24769433465085638,0.233201581027668,0.2551602986385595,0.2639437856829161
0.24836316019205587,0.2304670449585334,0.2553470100392842,0.26582278481012656
0.2466112811543507,0.23174464363795366,0.2540445999125492,0.2675994752951465
0.2536520584329349,0.2244355909694555,0.2545374059318282,0.2673749446657813
0.25551632833186233,0.2263901147396293,0.2497793468667255,0.26831421006178285
0.2590809628008753,0.22407002188183808,0.2437636761487965,0.27308533916849015
0.2534095908490981,0.22393312802463705,0.24901011878574572,0.2736471623405191
0.2594880847308032,0.22506619593998234,0.24801412180052956,0.2674315975286849
0.2572178477690289,0.22528433945756782,0.24978127734033245,0.2677165354330709
0.2574082264484741,0.22954444935869084,0.24458204334365324,0.26846528084918175
0.2597228430934287,0.22619579794367456,0.24675905230219045,0.2673223066607063
0.2608125819134993,0.23023154215814767,0.23591087811271297,0.27304499781564
0.2581497797356828,0.23612334801762114,0.23259911894273128,0.27312775330396477
0.25297487880123404,0.2371088585279859,0.23182018510356986,0.2780960775672102
0.2538360368259535,0.23323103901797457,0.23366944322665498,0.27926348092941694
0.2517699115044248,0.2331858407079646,0.23716814159292035,0.2778761061946903
0.25322079075966236,0.23278542869835628,0.2372278987116837,0.27676588183029766
0.25285839929639403,0.2326297273526825,0.23702726473175023,0.2774846086191733
0.2519929140832595,0.23472099202834368,0.23782108060230292,0.2754650132860939
0.25142857142857145,0.23296703296703297,0.23692307692307693,0.2786813186813187
0.25363917071018965,0.22981914424349362,0.2399647110719012,0.27657697397441555
0.2548245614035088,0.22850877192982455,0.23684210526315788,0.27982456140350875
0.2551693796744391,0.2278926528816542,0.2358117025956885,0.28112626484821823
0.25701754385964914,0.22236842105263158,0.24035087719298245,0.2802631578947368
0.25426695842450764,0.22844638949671772,0.23588621444201313,0.2814004376367615
0.25877192982456143,0.225,0.23508771929824562,0.28114035087719297
0.256816182937555,0.22295514511873352,0.24142480211081793,0.27880386983289357
0.25799386771791505,0.23434077967586509,0.22952255803766974,0.2781427945685502
0.26527050610820246,0.23472949389179756,0.22905759162303665,0.2709424083769634
0.2668122270742358,0.23842794759825328,0.2314410480349345,0.2633187772925764
0.2706766917293233,0.23485183547103053,0.23131357806280406,0.2631578947368421
0.27189141856392296,0.23598949211908932,0.23029772329246936,0.2618213660245184
0.27356020942408377,0.23516579406631763,0.23342059336823734,0.25785340314136124
0.2669902912621359,0.2383053839364519,0.23389232127096204,0.26081200353045014
0.2635283765948086,0.2336119665640123,0.23933128024637043,0.2635283765948086
0.2661113546690048,0.2354230600613766,0.2376150811047786,0.26085050416483996
0.2577953447518665,0.23671497584541062,0.24286341677646026,0.26262626262626265
0.2608695652173913,0.23583662714097497,0.2393500219587176,0.2639437856829161
0.25888547608600265,0.23562966213251427,0.2448442299254059,0.2606406318560772
0.2659902955447728,0.23467137185707984,0.24172915747684165,0.2576091751213057
0.2643171806167401,0.23039647577092512,0.24273127753303964,0.26255506607929513
0.2618213660245184,0.23642732049036777,0.23905429071803852,0.2626970227670753
0.2707597173144876,0.2332155477031802,0.23586572438162545,0.26015901060070673
0.26318082788671027,0.23311546840958605,0.24139433551198258,0.2623093681917211
0.2619360490582567,0.22996057818659657,0.24091108190976784,0.2671922908453789
0.25857519788918204,0.2339489885664028,0.23702726473175023,0.2704485488126649
0.26415929203539823,0.23097345132743363,0.23893805309734514,0.265929203539823
0.26217891939769705,0.23073516386182463,0.24047829937998227,0.26660761736049604
0.25518763796909494,0.2326710816777042,0.23620309050772628,0.27593818984547464
0.25578350065473593,0.23003055434308162,0.23919685726756876,0.2749890877346137
0.25686448184233834,0.23604960141718334,0.23649247121346323,0.27059344552701503
0.2589833479404032,0.23794916739702016,0.23137598597721298,0.27169149868536374
0.2591289045314562,0.2358117025956885,0.2331720193576771,0.27188737351517817
0.2567151034786438,0.23866138265081463,0.23293703214442976,0.2716864817261119
0.2631346578366446,0.23443708609271524,0.23532008830022075,0.2671081677704194
0.2640176600441501,0.23664459161147902,0.2335540838852097,0.26578366445916113
0.2673611111111111,0.23177083333333334,0.2287326388888889,0.2721354166666667
0.2742653606411398,0.2284060552092609,0.2252894033837934,0.27203918076580585
0.2703296703296703,0.23604395604395603,0.2246153846153846,0.269010989010989
0.26928162185985016,0.23975319524019392,0.21992066989863376,0.27104451300132215
0.2712765957446808,0.2349290780141844,0.22384751773049646,0.2699468085106383
0.26695842450765866,0.23719912472647703,0.22275711159737419,0.27308533916849015
0.267817618415228,0.2412571934484285,0.21691013722886232,0.2740150509074812
0.27080581241743723,0.2294143549097314,0.22104799647732276,0.27873183619550856
0.2724046140195209,0.23203194321206744,0.22182786157941436,0.2737355811889973
0.27624066754501536,0.23407992973210365,0.22573561703996486,0.2639437856829161
0.2795980777632154,0.23197903014416776,0.22629969418960244,0.2621231979030144
0.27714033539276256,0.23477493380406,0.22594880847308033,0.2621359223300971
0.2766798418972332,0.23100570926657882,0.22661396574440051,0.26570048309178745
0.27750773309765797,0.23552806009721608,0.22182942996022978,0.26513477684489617
0.28021015761821366,0.23117338003502627,0.2180385288966725,0.27057793345008757
0.2810170977641385,0.2227093380096449,0.2244629548443665,0.2718106093818501
0.28777923784494086,0.21638195356986423,0.22163819535698642,0.2742006132282085
0.28407079646017697,0.2172566371681416,0.22389380530973452,0.27477876106194693
0.2855883649184663,0.21859850154252974,0.2243278977523138,0.27148523578669015
0.28808380619816676,0.2208642514185945,0.2247926669576604,0.26625927542557837
0.29000884173297964,0.22236958443854996,0.22855879752431477,0.25906277630415564
0.29592284085927223,0.21701008329679966,0.22884699693117053,0.25822007891275756
0.2924028268551237,0.22040636042402828,0.23056537102473498,0.25662544169611307
0.29188712522045857,0.21516754850088182,0.23236331569664903,0.2605820105820106
0.2918681318681319,0.21802197802197804,0.23824175824175825,0.2518681318681319
0.28779197884530633,0.2269722344645218,0.23049801674746584,0.254737769942706
0.2834061135371179,0.22663755458515283,0.23449781659388647,0.2554585152838428
0.2834507042253521,0.2266725352112676,0.23547535211267606,0.25440140845070425
0.2893356643356643,0.2202797202797203,0.2381993006993007,0.2521853146853147
0.27770419426048565,0.22339955849889626,0.24503311258278146,0.25386313465783666
0.2718832891246684,0.21750663129973474,0.2480106100795756,0.2625994694960212
0.27541998231653403,0.21573828470380194,0.24358974358974358,0.26525198938992045
0.27660510114335973,0.22075637642919965,0.24274406332453827,0.2598944591029024
0.2779255319148936,0.2220744680851064,0.24335106382978725,0.2566489361702128
0.27824545857332744,0.2157731501993797,0.24457244129375277,0.2614089499335401
0.2765017667844523,0.22659010600706714,0.24072438162544169,0.25618374558303886
0.27268722466960355,0.2286343612334802,0.24361233480176211,0.2550660792951542
0.27132805628847845,0.22691292875989447,0.23922603342128407,0.262532981530343
0.27030625832223704,0.22592099422991566,0.24189968930315137,0.26187305814469597
0.27485638532920903,0.22403888643393724,0.24304021210782148,0.25806451612903225
0.2753371030882993,0.22227055241409308,0.24445411048281862,0.25793823401478905
0.2714223575467595,0.2240104393214441,0.2435841670291431,0.26098303610265333
0.2736098852603707,0.21888790820829657,0.2444836716681377,0.26301853486319504
0.2721658579620644,0.22320247022496692,0.24658138509042787,0.2580502867225408
0.2701252236135957,0.22316636851520572,0.23971377459749552,0.26699463327370304
0.2728471001757469,0.22275922671353252,0.23769771528998243,0.2666959578207381
0.2737306843267108,0.22339955849889626,0.24194260485651214,0.2609271523178808
0.2648482182138143,0.22701275846898372,0.24901011878574572,0.2591289045314562
0.2655293088363955,0.22572178477690288,0.25284339457567806,0.2559055118110236
0.2706401766004415,0.22207505518763798,0.25165562913907286,0.2556291390728477
0.2774591971768858,0.22893692104102337,0.2434936038817821,0.25011027790030876
0.27409372236958446,0.22855879752431477,0.2427055702917772,0.2546419098143236
0.2754700480979449,0.22606034105815478,0.240052470485352,0.2584171403585483
0.2725274725274725,0.2254945054945055,0.2421978021978022,0.25978021978021976
0.2732974910394265,0.2163978494623656,0.24372759856630824,0.26657706093189965
0.27344434706397897,0.2182296231375986,0.24233128834355827,0.2659947414548642
0.27188737351517817,0.214694236691597,0.2424109106907171,0.2710074791025077
0.2745270567531896,0.22085349758029035,0.24197096348438188,0.26264848218213815
0.2699822380106572,0.2144760213143872,0.24023090586145648,0.2753108348134991
0.26762402088772846,0.2197563098346388,0.23455178416013925,0.2780678851174935
0.27208480565371024,0.2142226148409894,0.23851590106007067,0.2751766784452297
0.27296703296703295,0.21010989010989012,0.23252747252747252,0.2843956043956044
0.27417218543046357,0.20397350993377483,0.23532008830022075,0.2865342163355408
0.2751322751322751,0.2054673721340388,0.23500881834215168,0.2843915343915344
0.27831858407079646,0.21061946902654868,0.22920353982300884,0.28185840707964605
0.2747395833333333,0.2087673611111111,0.22960069444444445,0.2868923611111111
0.2759982448442299,0.20754716981132076,0.23299692847740236,0.28345765686704694
0.2776053215077605,0.20931263858093127,0.2319290465631929,0.2811529933481153
0.27714033539276256,0.2175639894086496,0.2202118270079435,0.2850838481906443
0.2759526938239159,0.22251423565484013,0.22470433639947437,0.2768287341217696
0.27384076990376205,0.21653543307086615,0.23009623797025372,0.2795275590551181
0.27630415561450045,0.21264367816091953,0.23121131741821396,0.27984084880636606
0.2747349823321555,0.2124558303886926,0.2310070671378092,0.28180212014134276
0.27492314448836186,0.21826965305226176,0.22880983750548967,0.2779973649538867
0.2736056214317084,0.21870882740447958,0.22924901185770752,0.2784365393061045
0.2736056214317084,0.22002635046113306,0.23012736056214317,0.27624066754501536
0.27161572052401745,0.22096069868995633,0.22707423580786026,0.28034934497816594
0.2731643356643357,0.21896853146853146,0.2263986013986014,0.28146853146853146
0.2705061082024433,0.22164048865619546,0.22469458987783594,0.2831588132635253
0.2754517408550022,0.22124283825473778,0.2234464521815778,0.27985896870868227
0.27132805628847845,0.218117854001759,0.2326297273526825,0.27792436235708
0.2701275846898372,0.21601407831060274,0.24065112186537616,0.2732072151341839
0.26492374727668844,0.2196078431372549,0.23921568627450981,0.2762527233115468
0.2620932277924362,0.22031662269129287,0.24670184696569922,0.27088830255057167
0.2677234698370762,0.22280933509467196,0.2404227212681638,0.26904447380008806
0.26701800614844096,0.2160737812911726,0.2450592885375494,0.27184892402283706
0.26557666813963765,0.22315510384445428,0.24083075563411402,0.27043747238179405
0.26246719160104987,0.22615923009623798,0.2410323709536308,0.27034120734908135
0.26561125769569044,0.21723834652594548,0.23790677220756376,0.27924362357080035
0.26239578762615184,0.2198332602018429,0.2360684510750329,0.28170250109697237
0.2655141843971631,0.22163120567375885,0.23182624113475178,0.28102836879432624
0.2634623943035158,0.22385402759234535,0.23319982198486872,0.2794837561192701
0.2605633802816901,0.22579225352112675,0.22799295774647887,0.28565140845070425
0.25984251968503935,0.22703412073490814,0.23097112860892388,0.2821522309711286
0.2640176600441501,0.22958057395143489,0.22781456953642384,0.2785871964679912
0.2664631487134758,0.22808547754034017,0.22895769733972962,0.27649367640645445
0.26649076517150394,0.22735268249780125,0.23614775725593667,0.2700087950747581
0.26306543697848045,0.2231005709266579,0.2362758014931928,0.27755819060166886
0.2623456790123457,0.2222222222222222,0.23765432098765432,0.2777777777777778
0.25746924428822493,0.22319859402460457,0.24253075571177504,0.27680140597539543
