C,D,Oc,Od
0.0,0.0,1.0,0.0
1.0,0.0,0.0,0.0
0.6666666666666666,0.0,0.0,0.3333333333333333
0.6,0.2,0.0,0.2
0.6666666666666666,0.2222222222222222,0.0,0.1111111111111111
0.6,0.3,0.0,0.1
0.7142857142857143,0.21428571428571427,0.0,0.07142857142857142
0.6842105263157895,0.2631578947368421,0.0,0.05263157894736842
0.7037037037037037,0.2222222222222222,0.037037037037037035,0.037037037037037035
0.65625,0.28125,0.0,0.0625
0.6388888888888888,0.3055555555555556,0.0,0.05555555555555555
0.6956521739130435,0.2608695652173913,0.0,0.043478260869565216
0.7254901960784313,0.23529411764705882,0.0196078431372549,0.0196078431372549
0.7272727272727273,0.22727272727272727,0.015151515151515152,0.030303030303030304
0.72,0.22666666666666666,0.013333333333333334,0.04
0.7303370786516854,0.16853932584269662,0.02247191011235955,0.07865168539325842
0.7156862745098039,0.16666666666666666,0.0196078431372549,0.09803921568627451
0.7043478260869566,0.1565217391304348,0.034782608695652174,0.10434782608695652
0.7037037037037037,0.14814814814814814,0.037037037037037035,0.1111111111111111
0.6942675159235668,0.14012738853503184,0.03821656050955414,0.12738853503184713
0.6939890710382514,0.13114754098360656,0.03825136612021858,0.1366120218579235
0.6915422885572139,0.12437810945273632,0.04477611940298507,0.13930348258706468
0.6712962962962963,0.13425925925925927,0.05092592592592592,0.14351851851851852
0.6864406779661016,0.13135593220338984,0.05084745762711865,0.13135593220338984
0.6521739130434783,0.1383399209486166,0.06324110671936758,0.14624505928853754
0.656140350877193,0.12982456140350876,0.06315789473684211,0.15087719298245614
0.6550632911392406,0.12341772151898735,0.07278481012658228,0.14873417721518986
0.6268221574344023,0.13411078717201166,0.06997084548104957,0.16909620991253643
0.6404199475065617,0.12598425196850394,0.06299212598425197,0.17060367454068243
0.6382978723404256,0.1182033096926714,0.06855791962174941,0.17494089834515367
0.6231263383297645,0.12205567451820129,0.07922912205567452,0.17558886509635974
0.607645875251509,0.13883299798792756,0.08249496981891348,0.1710261569416499
0.5969289827255279,0.14971209213051823,0.07677543186180422,0.1765834932821497
0.5958188153310104,0.1445993031358885,0.07317073170731707,0.18641114982578397
0.5947281713344317,0.13838550247116968,0.08072487644151564,0.18616144975288304
0.5725075528700906,0.14803625377643503,0.09214501510574018,0.18731117824773413
0.5653409090909091,0.1590909090909091,0.09090909090909091,0.1846590909090909
0.5513157894736842,0.16842105263157894,0.09605263157894736,0.18421052631578946
0.5519713261648745,0.16965352449223417,0.0967741935483871,0.1816009557945042
0.5294759825327511,0.17139737991266377,0.1037117903930131,0.19541484716157206
0.5201238390092879,0.17956656346749225,0.10113519091847266,0.19917440660474717
0.5043394406943105,0.17743490838958534,0.10703953712632594,0.2111861137897782
0.503584229390681,0.1639784946236559,0.11200716845878136,0.22043010752688172
0.49183147033533964,0.17454858125537404,0.11006018916595013,0.2235597592433362
0.4840510366826156,0.17703349282296652,0.10606060606060606,0.23285486443381181
0.4798172124904798,0.17593297791317594,0.10357958872810358,0.24067022086824066
0.47928571428571426,0.18071428571428572,0.10571428571428572,0.2342857142857143
0.4735413839891452,0.17774762550881953,0.10515603799185888,0.2435549525101764
0.4634304207119741,0.1883495145631068,0.10420711974110032,0.24401294498381876
0.46439628482972134,0.18823529411764706,0.10835913312693499,0.2390092879256966
0.4591044776119403,0.19044776119402984,0.10626865671641791,0.24417910447761193
0.461361014994233,0.18858131487889274,0.104959630911188,0.24509803921568626
0.4523940561364887,0.19482663731425426,0.10787011557512383,0.2449091909741332
0.44981009224091156,0.19424850786760717,0.10851871947911014,0.24742268041237114
0.4409574468085106,0.1925531914893617,0.11382978723404255,0.2526595744680851
0.42646283605693197,0.18977332630469163,0.11860832894043226,0.26515550869794413
0.4263803680981595,0.19069529652351738,0.12014314928425358,0.26278118609406953
0.4142785319255908,0.19859225741578682,0.1191553544494721,0.2679738562091503
0.414081733136386,0.20236336779911374,0.11767602166420482,0.2658788774002954
0.41061860691670726,0.19970774476376035,0.11592791037506088,0.2737457379444715
0.4099077221952404,0.19475473530840215,0.12190383681398738,0.2734337056823701
0.40950994662785056,0.1926249393498302,0.12324114507520621,0.27462396894711305
0.4033816425120773,0.19033816425120773,0.12753623188405797,0.278743961352657
0.40191846522781777,0.1884892086330935,0.1290167865707434,0.2805755395683453
0.39961759082217974,0.19024856596558318,0.12810707456978968,0.2820267686424474
0.3922127255460589,0.19373219373219372,0.13200379867046533,0.28205128205128205
0.39002795899347625,0.19478098788443615,0.13606710158434296,0.27912395153774466
0.39063948100092677,0.18860055607043558,0.13670064874884152,0.28405931417979613
0.3827906976744186,0.19348837209302325,0.13581395348837208,0.287906976744186
0.3800925925925926,0.18981481481481483,0.13703703703703704,0.29305555555555557
0.37932625749884635,0.1970466082141209,0.13382556529764653,0.28980156898938625
0.37836583101207055,0.19730733519034355,0.13324048282265552,0.29108635097493035
0.3810848400556328,0.1979601298099212,0.13351877607788595,0.28743625405656004
0.3867223769730734,0.18662952646239556,0.14020427112349118,0.2864438254410399
0.3977064220183486,0.1811926605504587,0.1408256880733945,0.28027522935779814
0.40174873446847675,0.17625402669121032,0.1394385641969627,0.2825586746433502
0.3926064576509125,0.18249883013570425,0.14038371548900327,0.28451099672437996
0.39134438305709024,0.18278084714548803,0.14318600368324125,0.2826887661141805
0.38842592592592595,0.17592592592592593,0.14629629629629629,0.28935185185185186
0.3924756154203437,0.1699953553181607,0.14630747793776128,0.29122155132373434
0.3900414937759336,0.17196864914707238,0.1479944674965422,0.28999538958045185
0.38662391204764085,0.17956939990838297,0.14704535043518094,0.28676133760879524
0.3841240875912409,0.17883211678832117,0.14872262773722628,0.28832116788321166
0.3857798165137615,0.17660550458715596,0.14495412844036698,0.2926605504587156
0.3841211564938045,0.18081688848095456,0.14180816888480954,0.2932537861404314
0.38535911602209943,0.18232044198895028,0.13720073664825047,0.2951197053406998
0.3816933638443936,0.17757437070938215,0.13867276887871854,0.30205949656750575
0.3850022862368541,0.17375400091449475,0.13717421124828533,0.3040695016003658
0.37842778793418647,0.17595978062157222,0.14122486288848263,0.30438756855575866
0.3800822293284605,0.17770671539515762,0.14207400639561443,0.3001370488807675
0.37592250922509224,0.17896678966789667,0.14206642066420663,0.3030442804428044
0.3853546910755149,0.17665903890160184,0.13592677345537757,0.30205949656750575
0.38190954773869346,0.17633622658748288,0.13385107354956602,0.3079031521242577
0.3757464400551217,0.17363344051446947,0.13412953605879652,0.3164905833716123
0.3779816513761468,0.16972477064220184,0.13394495412844037,0.318348623853211
0.3742528735632184,0.1724137931034483,0.1328735632183908,0.32045977011494253
0.37534498620055196,0.1766329346826127,0.1264949402023919,0.3215271389144434
0.3759815242494226,0.17736720554272517,0.12609699769053118,0.320554272517321
0.3761384335154827,0.17486338797814208,0.13296903460837886,0.31602914389799636
0.381651376146789,0.16605504587155964,0.13073394495412843,0.32155963302752294
0.377124483233808,0.16674322462103813,0.12999540652273772,0.32613688562241616
0.3759743237047226,0.16597890875745072,0.12883998165978908,0.3292067858780376
0.3763992537313433,0.16557835820895522,0.12779850746268656,0.3302238805970149
0.38426138978370916,0.16152784169351128,0.12885411872986655,0.325356649792913
0.3839164016356202,0.16628805088596094,0.12721490231712856,0.3225806451612903
0.3812816966343937,0.17058552328261872,0.12402028584601199,0.3241124942369756
0.3791030975496995,0.16828478964401294,0.12251502542764679,0.3300970873786408
0.3791058394160584,0.16697080291970803,0.1208941605839416,0.333029197080292
0.3821917808219178,0.16940639269406393,0.11643835616438356,0.3319634703196347
0.3797989031078611,0.17093235831809872,0.11608775137111517,0.33318098720292505
0.37822878228782286,0.16789667896678967,0.11346863468634687,0.3404059040590406
0.38024231127679403,0.17381174277726003,0.11183597390493942,0.3341099720410065
0.38037945395650163,0.17029153169828784,0.11105969458583989,0.33826931975937063
0.3788706739526412,0.1662112932604736,0.1133879781420765,0.34153005464480873
0.3680297397769517,0.1733271375464684,0.1129182156133829,0.34572490706319703
0.3660220994475138,0.16988950276243095,0.1132596685082873,0.35082872928176795
0.36937755565651975,0.16810540663334847,0.11085870059064062,0.3516583371194911
0.37348837209302327,0.16465116279069766,0.11395348837209303,0.347906976744186
0.37488457987072943,0.16712834718374883,0.10987996306555864,0.3481071098799631
0.3775322283609576,0.17265193370165746,0.10174953959484347,0.34806629834254144
0.3785284590467376,0.17260527533549283,0.10411846367422489,0.34474780194354465
0.3714416896235078,0.17125803489439853,0.10697887970615243,0.35032139577594124
0.36764705882352944,0.171875,0.10891544117647059,0.3515625
0.3651300775901415,0.1738931994523049,0.10953902327704244,0.3514376996805112
0.3722627737226277,0.16423357664233576,0.11313868613138686,0.35036496350364965
0.3788224554997718,0.16339570972158832,0.10999543587403013,0.3477863989046098
0.3732297852900868,0.16400182731841023,0.10872544540886249,0.35404294198264047
0.3708639705882353,0.16681985294117646,0.10707720588235294,0.3552389705882353
0.3789329685362517,0.16415868673050615,0.106703146374829,0.35020519835841313
0.38440366972477064,0.15642201834862385,0.10779816513761468,0.3513761467889908
0.3718065693430657,0.15374087591240876,0.11541970802919709,0.3590328467153285
0.37836604290278414,0.1538110451848471,0.11227749885896851,0.35554541305340026
0.38256880733944953,0.14724770642201834,0.11467889908256881,0.3555045871559633
0.38411819021237303,0.13988919667590027,0.1172668513388735,0.3587257617728532
0.38355535140101055,0.1414790996784566,0.1240238860817639,0.35094166283876893
0.37681818181818183,0.14272727272727273,0.125,0.35545454545454547
0.3761467889908257,0.1408256880733945,0.12706422018348623,0.3559633027522936
0.37765466297322253,0.1371191135734072,0.12419205909510618,0.3610341643582641
0.3710634413509813,0.1360109539023277,0.1259698767685988,0.36695572797809217
0.3704379562043796,0.13412408759124086,0.12956204379562045,0.3658759124087591
0.364877161055505,0.14194722474977253,0.12420382165605096,0.3689717925386715
0.3705560619872379,0.13855970829535097,0.1244302643573382,0.3664539653600729
0.36495687698592827,0.13753971856559238,0.12119836586472992,0.3763050385837494
0.3613636363636364,0.135,0.12454545454545454,0.3790909090909091
0.3600364132908512,0.13336367774237598,0.12699135184342286,0.37960855712335
0.3614180478821363,0.1270718232044199,0.12430939226519337,0.38720073664825044
0.3618481244281793,0.1312900274473925,0.12259835315645014,0.38426349496797807
0.36220472440944884,0.12968967114404817,0.12181565539601667,0.38628994905048636
0.36154553817847285,0.1297148114075437,0.12189512419503219,0.38684452621895127
0.3594386600271616,0.12992304210049796,0.12086917157084653,0.3897691263014939
0.36347114947751025,0.1299409359382099,0.11994547932757837,0.3866424352567015
0.3623518687329079,0.13217866909753875,0.12397447584320875,0.3814949863263446
0.3606483565961279,0.1364250337685727,0.12426834759117515,0.3786582620441243
0.36144029170464903,0.1317228805834093,0.12351868732907931,0.3833181403828623
0.3537971805366075,0.13460663938153705,0.12141882673942701,0.39017735334242837
0.3572407492005482,0.1306532663316583,0.1247144814984011,0.3873915029693924
0.3622589531680441,0.12947658402203857,0.12075298438934802,0.3875114784205693
0.3553644182888185,0.12584880036215482,0.12222725215029426,0.39655952919873244
0.35006784260515605,0.12392582541836274,0.12121212121212122,0.40479421076436
0.3564625850340136,0.12562358276643992,0.11564625850340136,0.40226757369614513
0.358974358974359,0.12362637362637363,0.11172161172161173,0.4056776556776557
0.35570776255707764,0.1223744292237443,0.11187214611872145,0.4100456621004566
0.3451892384860921,0.11855905152758778,0.11627906976744186,0.41997264021887826
0.34849863512283896,0.11282984531392175,0.11874431301182893,0.41992720655141036
0.3497961033076575,0.1137290439510648,0.12279111916628908,0.41368373357498867
0.34673366834170855,0.11009593421653723,0.12425765189584285,0.4189127455459114
0.33607681755829905,0.1111111111111111,0.12940100594421583,0.423411065386374
0.3383699633699634,0.10989010989010989,0.1282051282051282,0.42353479853479853
0.34086715867158673,0.10747232472324723,0.12776752767527674,0.4238929889298893
0.33590909090909093,0.11545454545454545,0.13045454545454546,0.41818181818181815
0.3376029277218664,0.11573650503202196,0.12763037511436415,0.41903019213174747
0.3351623228166438,0.11659807956104253,0.12940100594421583,0.41883859167809784
0.34234647112740607,0.11136571952337306,0.12694775435380384,0.41934005499541704
0.34517766497461927,0.1116751269035533,0.12644208583294878,0.4167051222888786
0.3494475138121547,0.11279926335174954,0.1270718232044199,0.4106813996316759
0.3496535796766744,0.1071593533487298,0.12424942263279445,0.41893764434180136
0.34601449275362317,0.10733695652173914,0.13043478260869565,0.416213768115942
0.3442696629213483,0.10786516853932585,0.12808988764044943,0.4197752808988764
0.34509271822704657,0.1117141564902759,0.127996381727725,0.4151967435549525
0.3429619440623567,0.11325080238422743,0.12929848693259974,0.41448876662081613
0.34383561643835614,0.1091324200913242,0.12648401826484018,0.42054794520547945
0.3429355281207133,0.10699588477366255,0.12757201646090535,0.4224965706447188
0.3410746812386157,0.10974499089253188,0.127959927140255,0.42122040072859745
0.33941605839416056,0.10903284671532847,0.12773722627737227,0.4238138686131387
0.3410958904109589,0.11141552511415526,0.1228310502283105,0.4246575342465753
0.33940774487471526,0.10933940774487472,0.12209567198177676,0.42915717539863324
0.33180987202925044,0.10968921389396709,0.12522851919561243,0.43327239488117003
0.32532850022655185,0.11010421386497508,0.12686905301314,0.43769823289533305
0.32730560578661844,0.10669077757685352,0.12884267631103075,0.4371609403254973
0.3278613771089831,0.11080711354309165,0.12494300045599635,0.4363885088919289
0.32798900595510766,0.11223087494273935,0.12505726065048098,0.434722858451672
0.32695810564663025,0.10883424408014572,0.122040072859745,0.44216757741347906
0.3303002729754322,0.11237488626023658,0.1205641492265696,0.4367606915377616
0.33363228699551567,0.11121076233183856,0.12286995515695068,0.43228699551569505
0.3319783197831978,0.10840108401084012,0.12149954832881663,0.43812104787714545
0.33168539325842694,0.10516853932584269,0.12134831460674157,0.44179775280898875
0.33455713630105555,0.10555300596603946,0.1216154199173933,0.4382744378155117
0.33134465351078474,0.10692978430472694,0.1234511243689766,0.4382744378155117
0.3304817649707339,0.10265646105357946,0.12381809995497524,0.4430436740207114
0.33094812164579607,0.1073345259391771,0.1261180679785331,0.43559928443649376
0.33287795992714025,0.11020036429872496,0.12067395264116576,0.43624772313296906
0.3313796212804328,0.11000901713255185,0.12263300270513977,0.4359783588818756
0.329700272479564,0.11307901907356949,0.12352406902815623,0.4336966394187103
0.3198729582577132,0.11070780399274047,0.12613430127041741,0.44328493647912887
0.3258064516129032,0.11105990783410138,0.12258064516129032,0.44055299539170506
0.32134831460674157,0.11235955056179775,0.12,0.4462921348314607
0.3145756457564576,0.11346863468634687,0.12453874538745388,0.4474169741697417
0.315765561108587,0.11176737846433439,0.12085415720127216,0.45161290322580644
0.3112313937753721,0.10915651781686965,0.12088407758231845,0.4587280108254398
0.310719131614654,0.10854816824966079,0.12075983717774763,0.4599728629579376
0.3103134938664244,0.10949568378009995,0.12085415720127216,0.45933666515220356
0.3097184377838329,0.11171662125340599,0.1226158038147139,0.45594913714804725
0.304922515952598,0.10984503190519598,0.12078395624430265,0.4644484958979034
0.30412844036697245,0.11146788990825689,0.11697247706422019,0.46743119266055044
0.3006802721088435,0.11473922902494331,0.11836734693877551,0.4662131519274376
0.3026315789473684,0.10707803992740472,0.11796733212341198,0.4723230490018149
0.29764065335753176,0.10662431941923775,0.1161524500907441,0.47958257713248637
0.3023150249659555,0.1053109396277803,0.11756695415342715,0.47480708125283705
0.3012211668928087,0.1013116236996834,0.11759384893713253,0.4798733604703754
0.30507706255666367,0.10335448776065277,0.11967361740707162,0.47189483227561196
0.30154405086285196,0.10172570390554042,0.12034514078110808,0.47638510445049953
0.3052007299270073,0.10538321167883212,0.11633211678832117,0.47308394160583944
0.30975056689342406,0.10476190476190476,0.11292517006802721,0.472562358276644
0.3048944768747194,0.10687022900763359,0.11315671306690615,0.4750785810507409
0.3029064486830154,0.1067211625794732,0.11171662125340599,0.4786557674841054
0.3050228310502283,0.108675799086758,0.1141552511415525,0.47214611872146117
0.3072398190045249,0.10723981900452488,0.11131221719457013,0.47420814479638007
0.30504587155963303,0.10321100917431193,0.11100917431192661,0.48073394495412847
0.3031674208144796,0.10180995475113122,0.11085972850678733,0.4841628959276018
0.2962962962962963,0.09967992684042067,0.10973936899862825,0.4942844078646548
0.2920273348519362,0.10022779043280182,0.10660592255125284,0.5011389521640092
0.29262777023971054,0.10040705563093623,0.10312075983717775,0.5038444142921755
0.28928247048138056,0.10127157129881925,0.10172570390554042,0.5077202543142597
0.2884267631103074,0.10397830018083183,0.0981012658227848,0.509493670886076
0.29244001810774106,0.10276143051154368,0.0946129470348574,0.5101856043458578
0.28903049613108783,0.10377787892580792,0.09786071916249431,0.5093309057806099
0.2858443331816113,0.0974055530268548,0.09467455621301775,0.5220755575785162
0.2865576748410536,0.09900090826521345,0.09763851044504995,0.516802906448683
0.28385899814471244,0.10018552875695733,0.09925788497217068,0.5166975881261595
0.2771139705882353,0.10294117647058823,0.10018382352941177,0.5197610294117647
0.27967625899280574,0.10431654676258993,0.10071942446043165,0.5152877697841727
0.2773455377574371,0.10389016018306636,0.09931350114416476,0.5194508009153318
0.28480146052031036,0.1063441350981287,0.09675947056138749,0.5120949338201735
0.2872628726287263,0.10298102981029811,0.0948509485094851,0.5149051490514905
0.28558476881233,0.10063463281958296,0.09927470534904805,0.514505893019039
0.27893309222423146,0.09945750452079566,0.09855334538878843,0.5230560578661845
0.2809954751131222,0.09954751131221719,0.1,0.5194570135746607
0.27512505684402,0.1009549795361528,0.10277398817644384,0.5211459754433834
0.27521679598356913,0.10041077133728891,0.09721588315837518,0.5271565495207667
0.27375056280954524,0.1040072039621792,0.09725348941918055,0.524988743809095
0.27301161751563896,0.09964253798033959,0.09830205540661305,0.5290437890974083
0.2730173199635369,0.09890610756608934,0.09845031905195989,0.5296262534184139
0.2766726943942134,0.0981012658227848,0.09900542495479205,0.5262206148282098
0.27956003666361134,0.09395050412465628,0.09670027497708525,0.5297891842346472
0.27711941659070194,0.09845031905195989,0.08842297174111212,0.536007292616226
0.2746955345060893,0.10599909788001805,0.09517365809652684,0.5241317095173658
0.273015873015873,0.1056689342403628,0.09297052154195011,0.528344671201814
0.2808683853459973,0.09995477159656264,0.09090909090909091,0.5282677521483492
0.27847533632286997,0.10358744394618834,0.08609865470852018,0.5318385650224215
0.28791308284291534,0.09868718877320054,0.08736985061113627,0.5260298777727479
0.27463503649635035,0.10264598540145986,0.08485401459854014,0.5378649635036497
0.2736842105263158,0.10297482837528604,0.08695652173913043,0.5363844393592677
0.27222478120681715,0.10271764163979732,0.0856748042376785,0.539382772915707
0.2684042066758116,0.10242341106538637,0.08413351623228166,0.5450388660265203
0.2728912945421741,0.10239061795218764,0.07938655841226883,0.5453315290933695
0.27174402884182064,0.10410094637223975,0.07706173952230734,0.5470932852636322
0.2687782805429864,0.10633484162895927,0.07782805429864253,0.5470588235294118
0.26788154897494304,0.10341685649202734,0.0774487471526196,0.55125284738041
0.26795332136445243,0.10188509874326751,0.08258527827648116,0.547576301615799
0.2686768676867687,0.10126012601260126,0.08010801080108011,0.54995499549955
0.2717291857273559,0.09743824336688015,0.07868252516010979,0.5521500457456542
0.27252047315741584,0.09918107370336669,0.0818926296633303,0.5464058234758872
0.2736746714997734,0.09651110104213866,0.08065246941549614,0.5491617580425917
0.2713004484304933,0.09506726457399103,0.08161434977578476,0.5520179372197309
0.2694907616043263,0.08922938260477693,0.08382154123479045,0.5574583145561064
0.2685143116765107,0.09541117673784644,0.08405270331667423,0.5520218082689686
0.265389876880985,0.09347925216598267,0.08481532147742818,0.5563155494756042
0.27015945330296126,0.09749430523917996,0.07972665148063782,0.5526195899772209
0.26986301369863014,0.0958904109589041,0.07488584474885844,0.5593607305936074
0.2688657930411206,0.09670131043831902,0.0745594215996385,0.5598734749209219
0.2739349519010536,0.10077874484654145,0.06642235455794777,0.5588639486944572
0.2725235320484088,0.09771402958314657,0.0681308830121022,0.5616315553563425
0.28058208276489316,0.09731696225557071,0.06684856753069578,0.5552523874488404
0.2880361173814898,0.09932279909706546,0.06681715575620767,0.545823927765237
0.28461189287335453,0.09895596913300045,0.07308216068996823,0.5433499773036768
0.2822003577817531,0.09838998211091235,0.0755813953488372,0.5438282647584973
0.28220300409649524,0.0974055530268548,0.0760127446517979,0.5443786982248521
0.2828917826672654,0.10237988325101033,0.07453973955994611,0.5401885945217781
0.2811080835603996,0.1008174386920981,0.07493188010899182,0.5431425976385105
0.27622061482820975,0.09855334538878843,0.0705244122965642,0.5547016274864376
0.2736363636363636,0.10272727272727272,0.07,0.5536363636363636
0.2745716862037872,0.10595130748422002,0.06627592425608657,0.5532010820559062
0.2678890876565295,0.10286225402504472,0.06932021466905187,0.5599284436493739
0.26458797327394207,0.10467706013363029,0.06948775055679288,0.5612472160356348
0.2665168539325843,0.10337078651685393,0.0651685393258427,0.5649438202247191
0.2732610659439928,0.1002710027100271,0.06820234869015357,0.5582655826558266
0.2694907616043263,0.0964398377647589,0.0694006309148265,0.5646687697160884
0.26730418943533696,0.0947176684881603,0.06648451730418943,0.5714936247723132
0.26415949252378795,0.09560489352061623,0.06796556411418214,0.5722700498414137
0.2602616147947677,0.09156517816869644,0.06856111862877763,0.5796120884077582
0.25522252497729336,0.09264305177111716,0.0703905540417802,0.5817438692098093
0.25475113122171944,0.09773755656108597,0.06968325791855204,0.5778280542986425
0.2546527462551067,0.09895596913300045,0.07126645483431684,0.5751248297775761
0.25225631768953066,0.09792418772563177,0.06904332129963899,0.5807761732851986
0.25292529252925294,0.0963096309630963,0.07335733573357335,0.5774077407740774
0.2532613585245164,0.09716599190283401,0.0724246513720198,0.5771479982006298
0.2480829950383401,0.09833107803337844,0.07081641858367163,0.5827695083446098
0.2494392104082548,0.09914759982054733,0.07222969941677883,0.5791834903544191
0.24709042076991944,0.09713518352730528,0.0702775290957923,0.585496866606983
0.251679355127631,0.09180474697716078,0.07210031347962383,0.5844155844155844
0.2586750788643533,0.09193330328977016,0.07165389815232087,0.5777377196935557
0.25495495495495496,0.08873873873873873,0.07072072072072072,0.5855855855855856
0.25145936237090255,0.0898069151324652,0.07409070498428379,0.5846430175123485
0.24943820224719102,0.09033707865168539,0.07550561797752808,0.5847191011235955
0.24954212454212454,0.08882783882783883,0.07875457875457875,0.5828754578754579
0.2535404294198264,0.09045226130653267,0.07629054362722705,0.5797167656464138
0.24921979491752116,0.08693713776192599,0.0806954971020954,0.5831475702184574
0.2487651549169286,0.08217332734620565,0.08172429277054333,0.5873372249663225
0.2518018018018018,0.08423423423423423,0.07927927927927927,0.5846846846846847
0.2520510483135825,0.08842297174111212,0.07793983591613492,0.5815861440291704
0.24908256880733945,0.08807339449541285,0.07889908256880734,0.5839449541284404
0.2396543883583447,0.09322419281491587,0.0791268758526603,0.5879945429740792
0.24353741496598638,0.09297052154195011,0.07755102040816327,0.5859410430839003
0.24637023593466426,0.09210526315789473,0.07395644283121597,0.587568058076225
0.24628545700135074,0.08869878433138226,0.07294011706438541,0.5920756416028816
0.24761904761904763,0.08752834467120181,0.07301587301587302,0.5918367346938775
0.24887285843101895,0.09017132551848513,0.07439134355275022,0.5865644724977457
0.254421768707483,0.08843537414965986,0.0761904761904762,0.580952380952381
0.25398996808025537,0.08937528499772002,0.07706338349293206,0.5795713634290925
0.2560807709958697,0.09040844424047728,0.07985314364387333,0.5736576411197797
0.2554249547920434,0.09086799276672694,0.07730560578661845,0.5764014466546112
0.2607913669064748,0.09082733812949641,0.07733812949640288,0.5710431654676259
0.2579918955425484,0.09095002251238181,0.07294011706438541,0.5781179648806843
0.25426008968609864,0.08789237668161436,0.07847533632286996,0.579372197309417
0.25676895306859204,0.08889891696750903,0.08077617328519855,0.5735559566787004
0.2513440860215054,0.09094982078853046,0.08019713261648745,0.5775089605734767
0.25181818181818183,0.08818181818181818,0.08136363636363636,0.5786363636363636
0.24715521165225307,0.0919435593991807,0.081474738279472,0.5794264906690942
0.24360146252285192,0.09323583180987204,0.08180987202925045,0.5813528336380256
0.24863636363636363,0.09045454545454545,0.07863636363636364,0.5822727272727273
0.24552772808586762,0.08810375670840787,0.07737030411449015,0.5889982110912343
0.24817518248175183,0.08713503649635036,0.07755474452554745,0.5871350364963503
0.24614687216681777,0.08340888485947416,0.0770625566636446,0.5933816863100635
0.2441123188405797,0.08242753623188406,0.07518115942028986,0.5982789855072463
0.24352567014993184,0.0817810086324398,0.07042253521126761,0.6042707860063607
0.2451467268623025,0.08261851015801354,0.06997742663656885,0.6022573363431152
0.247974797479748,0.08325832583258326,0.07515751575157516,0.5936093609360936
0.24385886556498437,0.08530594015185351,0.07860652076820009,0.592228673514962
0.24247867085765604,0.0862146385271666,0.07903008531656938,0.592276605298608
0.2464947987336047,0.08548168249660787,0.07914970601537766,0.5888738127544098
0.2448706512042819,0.08251561106155218,0.0816235504014273,0.5909901873327387
0.25211958946898705,0.07942882641677822,0.08032128514056225,0.5881302989736724
0.25113739763421294,0.0791628753412193,0.0818926296633303,0.5878070973612375
0.2480795300497063,0.07862629914143697,0.07907817442385902,0.5942159963849978
0.2531531531531532,0.07567567567567568,0.08018018018018018,0.590990990990991
0.25375170532060026,0.07321509777171442,0.07867212369258754,0.5943610732150978
0.25135135135135134,0.07072072072072072,0.08288288288288288,0.5950450450450451
0.25734639358860195,0.0730186999109528,0.08281389136242208,0.5868210151380232
0.251685393258427,0.07415730337078652,0.08224719101123595,0.5919101123595506
0.2507922136713445,0.0724309642372114,0.08103214124038026,0.5957446808510638
0.2613381230354737,0.06960035922766053,0.0776829815895824,0.5913785361472833
0.2557200538358008,0.07178106774338268,0.07537012113055182,0.5971287572902647
0.2580935251798561,0.07598920863309352,0.07329136690647482,0.5926258992805755
0.2520107238605898,0.07953529937444147,0.0777479892761394,0.5907059874888293
0.247538048343778,0.08146821844225605,0.0747538048343778,0.5962399283795882
0.24806905951840072,0.08041799182189914,0.07223989095865516,0.599273057701045
0.2539972590223846,0.08451347647327546,0.07354956601187757,0.5879396984924623
0.25417607223476296,0.08306997742663656,0.07765237020316026,0.5851015801354402
0.2519291874716296,0.08079891057648661,0.07716749886518384,0.5901044030867
0.24988864142538975,0.08151447661469934,0.07483296213808463,0.5937639198218263
0.2564567285908473,0.08291798821930221,0.07884005437245128,0.5817852288173991
0.2518050541516246,0.08303249097472924,0.07536101083032491,0.5898014440433214
0.2513464991023339,0.08213644524236983,0.07719928186714542,0.5893177737881508
0.2523787947439964,0.08654281830539194,0.07974626189397371,0.581332125056638
0.2600633197648123,0.08095884215287201,0.07688828584350972,0.582089552238806
0.2484134179510426,0.08023572076155938,0.07887579329102448,0.5924750679963735
0.24349775784753364,0.08206278026905829,0.07623318385650224,0.5982062780269058
0.2350561797752809,0.0898876404494382,0.07370786516853933,0.6013483146067415
0.240500670540903,0.08404112650871703,0.07465355386678588,0.6008046490835941
0.23243243243243245,0.08558558558558559,0.07477477477477477,0.6072072072072072
0.22929936305732485,0.08735213830755233,0.0746132848043676,0.6087352138307552
0.23014440433212996,0.08844765342960288,0.07220216606498195,0.6092057761732852
0.22951561792666364,0.09144409234947941,0.07333635129017656,0.6057039384336804
0.22824601366742597,0.09020501138952164,0.0724373576309795,0.6091116173120729
0.2292328642759873,0.08987743985474353,0.07308216068996823,0.607807535179301
0.23143115942028986,0.08876811594202899,0.07155797101449275,0.6082427536231884
0.2333791838606144,0.08757450710683173,0.07106831728564879,0.6079779917469051
0.23191681735985534,0.081374321880651,0.07730560578661845,0.6094032549728752
0.22941176470588234,0.07828054298642534,0.07420814479638009,0.6180995475113122
0.22944896115627822,0.07813911472448058,0.07678410117434507,0.6156278229448962
0.23164097914777879,0.07479601087941977,0.07978241160471441,0.6137805983680871
0.2219690063810392,0.07793983591613492,0.07201458523245215,0.6280765724703737
0.22318181818181818,0.07454545454545454,0.06954545454545455,0.6327272727272727
0.22589406971480308,0.0755998189225894,0.06971480307831598,0.6287913082842915
0.2233896756509822,0.0749200548195523,0.06715395157606213,0.6345363179534034
0.22644927536231885,0.07518115942028986,0.06702898550724638,0.6313405797101449
0.23083983478659936,0.07296925195043598,0.06424965580541533,0.6319412574575494
0.23024211968935587,0.07446322521699406,0.06532663316582915,0.629968021927821
0.23280898876404493,0.07955056179775281,0.06651685393258427,0.621123595505618
0.2319425751458053,0.07895917451772096,0.0677433826828174,0.6213548676536563
0.2333182024512029,0.076713572401271,0.06536541080344985,0.6246028143440763
0.23537353735373537,0.07515751575157516,0.06525652565256526,0.6242124212421242
0.23053097345132742,0.07345132743362832,0.06725663716814159,0.6287610619469026
0.23187753264295363,0.07158937415578569,0.06663665015758667,0.629896443043674
0.24153498871331827,0.07133182844243792,0.06591422121896162,0.6212189616252821
0.23397579560735096,0.07037203047960555,0.06409681757059614,0.6315553563424473
0.23055809698078683,0.0727355901189387,0.06358645928636779,0.6331198536139067
0.23612374886260237,0.07279344858962693,0.060964513193812554,0.6301182893539582
0.2378158844765343,0.06859205776173286,0.06362815884476535,0.6299638989169675
0.23983739837398374,0.06639566395663957,0.06233062330623306,0.6314363143631436
0.24259005927952576,0.06657546739626083,0.06338349293205654,0.6274509803921569
0.24576659038901602,0.06361556064073226,0.06407322654462243,0.6265446224256292
0.24125560538116592,0.06547085201793722,0.06816143497757847,0.6251121076233184
0.24335472043996334,0.06736938588450962,0.07103574702108158,0.6182401466544455
0.2385279418446161,0.0667878237164925,0.07042253521126761,0.6242616992276238
0.2413170951736581,0.07262065854758683,0.06901217861975643,0.6170500676589986
0.2411899313501144,0.06773455377574371,0.07139588100686499,0.6196796338672769
0.22941176470588234,0.067420814479638,0.0746606334841629,0.6285067873303167
0.24032771961766045,0.06736458807464725,0.07055075102412381,0.6217569412835685
0.23796548592188918,0.0681198910081744,0.06857402361489555,0.6253405994550408
0.23404255319148937,0.06699864191942055,0.06926210955183341,0.6296966953372567
0.2285970416853429,0.0681308830121022,0.0681308830121022,0.6351411922904527
0.2314647377938517,0.06871609403254973,0.06600361663652803,0.6338155515370705
0.2357980162308386,0.06943192064923355,0.06582506762849413,0.6289449954914337
0.231216457960644,0.06976744186046512,0.06708407871198568,0.6319320214669052
0.23163082437275986,0.07034050179211469,0.0667562724014337,0.6312724014336918
0.23357335733573356,0.06885688568856886,0.06930693069306931,0.6282628262826283
0.23574315222272116,0.06825325550067356,0.0691513246519982,0.6268522676246071
0.23833034111310591,0.06642728904847396,0.06867145421903052,0.6265709156193896
0.24239713774597496,0.06574239713774598,0.0706618962432916,0.6211985688729875
0.24909584086799277,0.07007233273056059,0.0705244122965642,0.6103074141048824
0.24161378059836808,0.07026291931097008,0.07343608340888486,0.614687216681777
0.23661718398560505,0.0724246513720198,0.0728744939271255,0.6180836707152496
0.2403976502485314,0.07591504744690465,0.07410754631721644,0.6095797559873475
0.2455981941309255,0.07584650112866817,0.07494356659142212,0.6036117381489842
0.25329096686336816,0.07353608715388107,0.07535179300953246,0.5978211529732184
0.25616868550919697,0.0655002243158367,0.07761327949753252,0.6007178106774338
0.2566173171825931,0.0623598026020637,0.07357559443696725,0.6074472857783759
0.2526029877772748,0.0615663196016297,0.07831598008148484,0.6075147125396106
0.25101032779524024,0.05927256398742703,0.07723394701392007,0.6124831612034126
0.251679355127631,0.05956112852664577,0.07299596954769369,0.6157635467980296
0.2564334085778781,0.057787810383747175,0.07765237020316026,0.6081264108352145
0.25930910722296996,0.05652759084791386,0.07671601615074024,0.6074472857783759
0.2574743418116912,0.05845604640785364,0.0785363676929942,0.605533244087461
0.26090868196131356,0.059379217273954114,0.07602339181286549,0.6036887089518669
0.26594301221166894,0.05970149253731343,0.07462686567164178,0.5997286295793759
0.26358695652173914,0.06114130434782609,0.07744565217391304,0.5978260869565217
0.26380090497737557,0.061990950226244346,0.07737556561085973,0.5968325791855204
0.26504941599281223,0.062443845462713386,0.08041329739442947,0.5920934411500449
0.2581967213114754,0.06693989071038252,0.08105646630236794,0.5938069216757741
0.2634920634920635,0.06848072562358276,0.07800453514739229,0.5900226757369614
0.2604400538841491,0.06825325550067356,0.07813201616524472,0.5931746744499327
0.26126126126126126,0.06981981981981981,0.07927927927927927,0.5896396396396396
0.26363226678684093,0.06894997746732763,0.07886435331230283,0.5885534024335286
0.25994575045207957,0.07188065099457505,0.07866184448462929,0.5895117540687161
0.26235399820305483,0.07097933513027853,0.07726864330637916,0.5893980233602875
0.25659365221278496,0.07688869021010282,0.07644166294143943,0.5900759946356727
0.2588495575221239,0.07610619469026549,0.0752212389380531,0.5898230088495575
0.2608695652173913,0.08516360376512774,0.07888839085611833,0.5750784401613627
0.2620441242683476,0.08779828905898245,0.0769923457901846,0.5731652408824853
0.26292134831460673,0.0844943820224719,0.07595505617977528,0.5766292134831461
0.25742135578201153,0.08595480726628267,0.07266282676118742,0.5839610101905184
0.25290957923008056,0.0863921217547001,0.0783348254252462,0.5823634735899731
0.2530228392297358,0.0877742946708464,0.07881773399014778,0.58038513210927
0.25391148860080465,0.08582923558337059,0.08225301743406348,0.5780062583817613
0.254586129753915,0.083668903803132,0.08635346756152125,0.5753914988814318
0.25022706630336056,0.08492279745685741,0.08446866485013624,0.5803814713896458
0.2455981941309255,0.08758465011286681,0.07945823927765237,0.5873589164785553
0.2464628023733455,0.0848927430397079,0.07804655408489275,0.5905979005020539
0.24263038548752835,0.08526077097505669,0.07664399092970521,0.5954648526077098
0.25576140985088114,0.08540442837776774,0.07410754631721644,0.5847266154541346
0.25567665758401453,0.08310626702997276,0.07720254314259764,0.584014532243415
0.25934263845114813,0.0814948221521837,0.07789284106258443,0.5812696983340837
0.27052489905787347,0.0870345446388515,0.07447285778375953,0.5679676985195155
0.2666364870982345,0.09099139882299682,0.07378904481665913,0.5685830692621096
0.26729138777331546,0.09013833110218653,0.07273538598839803,0.5698348951361
0.2739420935412027,0.08418708240534521,0.07216035634743875,0.5697104677060134
0.26935123042505593,0.08187919463087248,0.07337807606263982,0.5753914988814318
0.27280898876404497,0.08134831460674158,0.07146067415730337,0.5743820224719101
0.2748404740200547,0.07930720145852324,0.0715587967183227,0.5742935278030994
0.267515923566879,0.08007279344858963,0.07734303912647862,0.5750682438580528
0.2674785746504285,0.07668019846639602,0.07713125845737483,0.5787099684258006
0.2723595505617977,0.07685393258426966,0.07415730337078652,0.5766292134831461
0.2725225225225225,0.07567567567567568,0.07747747747747748,0.5743243243243243
0.27044025157232704,0.07681940700808626,0.07681940700808626,0.5759209344115005
0.262662483191394,0.08068130883012102,0.07933662034961901,0.5773195876288659
0.26181818181818184,0.08363636363636363,0.07818181818181819,0.5763636363636364
0.2671171171171171,0.08153153153153153,0.07882882882882883,0.5725225225225226
0.26348920863309355,0.08003597122302158,0.08048561151079137,0.5759892086330936
0.26053466243769824,0.07974626189397371,0.08110557317625736,0.5786135024920707
0.2579918955425484,0.0814948221521837,0.08194506978838362,0.5785682125168843
0.2530391715443494,0.08059432687978388,0.08374606033318326,0.5826204412426835
0.2545454545454545,0.07818181818181819,0.08318181818181818,0.5840909090909091
0.25529040972534894,0.0769923457901846,0.08059432687978388,0.5871229176046826
0.2542754275427543,0.07515751575157516,0.07920792079207921,0.5913591359135913
0.2598282873926796,0.07591504744690465,0.07817442385901491,0.5860822413014009
0.2622877569258266,0.0773011617515639,0.07819481680071493,0.5822162645218946
0.2662775033677593,0.0758868432869331,0.0776829815895824,0.5801526717557252
0.26551880380607157,0.07748074309016764,0.07702763932940643,0.5799728137743543
0.2680089485458613,0.07919463087248323,0.0738255033557047,0.5789709172259507
0.2678890876565295,0.08139534883720931,0.06887298747763863,0.5818425760286225
0.26493039964077236,0.07903008531656938,0.06511001347103727,0.590929501571621
0.2637312755333636,0.07943713118474807,0.06354970494779846,0.5932818883340899
0.26766985864113085,0.07934336525307797,0.06611947104423165,0.5868673050615595
0.26214028776978415,0.08183453237410072,0.06564748201438848,0.5903776978417267
0.25124041497519173,0.08209291835814163,0.06495263870094722,0.6017140279657195
0.2612410071942446,0.0822841726618705,0.06339928057553956,0.5930755395683454
0.25237020316027087,0.08261851015801354,0.06501128668171557,0.6
0.25089605734767023,0.08154121863799284,0.06630824372759857,0.6012544802867383
0.2477355072463768,0.08242753623188406,0.06385869565217392,0.6059782608695652
0.25278644672313866,0.07891217119928667,0.06553722692822113,0.6027641551493536
0.2493285586392122,0.07878245299910475,0.06669650850492391,0.6051924798567592
0.2534957149300857,0.07622913847541724,0.06811005863779883,0.6021650879566982
0.2526124488868696,0.07360290776919581,0.07314856883234894,0.6006360745115856
0.24428507395786642,0.07888839085611833,0.07530255490811295,0.6015239802779023
0.2414568345323741,0.08408273381294964,0.07598920863309352,0.5984712230215827
0.23516187050359713,0.08498201438848921,0.07868705035971223,0.6011690647482014
0.23462414578587698,0.08610478359908884,0.0774487471526196,0.6018223234624146
