C,D,Oc,Od
0.0,0.0,0.0,1.0
0.0,0.4,0.0,0.6
0.0,0.5454545454545454,0.0,0.45454545454545453
0.0,0.5454545454545454,0.0,0.45454545454545453
0.0,0.5853658536585366,0.0,0.4146341463414634
0.0,0.6,0.0,0.4
0.022988505747126436,0.6091954022988506,0.0,0.367816091954023
0.04,0.584,0.024,0.352
0.061452513966480445,0.5865921787709497,0.0223463687150838,0.329608938547486
0.08267716535433071,0.594488188976378,0.015748031496062992,0.30708661417322836
0.11042944785276074,0.5674846625766872,0.02147239263803681,0.3006134969325153
0.135632183908046,0.5517241379310345,0.020689655172413793,0.29195402298850576
0.14336917562724014,0.5519713261648745,0.016129032258064516,0.2885304659498208
0.15328467153284672,0.5401459854014599,0.017518248175182483,0.28905109489051095
0.15258215962441316,0.5375586854460094,0.02112676056338028,0.2887323943661972
0.1582591493570722,0.5301681503461919,0.026706231454005934,0.28486646884273
0.16638225255972697,0.5238907849829352,0.03498293515358362,0.27474402730375425
0.1670445956160242,0.5132275132275133,0.037037037037037035,0.28269085411942557
0.17173766058147397,0.5050709939148073,0.04259634888438134,0.2805949966193374
0.18437118437118438,0.4981684981684982,0.04456654456654457,0.27289377289377287
0.18648960739030024,0.4896073903002309,0.04676674364896074,0.27713625866050806
0.18945102260495156,0.47416576964477936,0.05489773950484392,0.2814854682454252
0.19658119658119658,0.4710910005027652,0.06435394670688788,0.2679738562091503
0.19913834370512207,0.4652943992340833,0.06845380564863571,0.2671134514121589
0.2031321971441732,0.4546292031321971,0.07600184246890834,0.26623675725472135
0.2,0.45585585585585586,0.07747747747747748,0.26666666666666666
0.2048888888888889,0.45422222222222225,0.08222222222222222,0.25866666666666666
0.205648720211827,0.4501323918799647,0.08693733451015004,0.25728155339805825
0.2054673721340388,0.4488536155202822,0.08862433862433862,0.2570546737213404
0.21075837742504408,0.43959435626102294,0.08774250440917107,0.2619047619047619
0.21015761821366025,0.44658493870402804,0.09063047285464099,0.2526269702276708
0.2097130242825607,0.44150110375275936,0.08830022075055188,0.26048565121412803
0.21560035056967572,0.4333917616126205,0.0950920245398773,0.25591586327782645
0.207290294246816,0.43917435221783047,0.09442248572683355,0.25911286780852
0.20853497580290364,0.43070831500219975,0.0950285965684118,0.2657281126264848
0.2062308029837648,0.4286967968407196,0.09521720052654672,0.26985519964896887
0.2069271758436945,0.42628774422735344,0.09902309058614565,0.2677619893428064
0.20630749014454666,0.4240035041611914,0.10162067455102934,0.2680683311432326
0.20412642669007902,0.41878841088674273,0.10491659350307288,0.2721685689201054
0.2078207381370826,0.4152021089630931,0.10720562390158173,0.2697715289982425
0.19735099337748344,0.422075055187638,0.10596026490066225,0.27461368653421636
0.1991304347826087,0.42391304347826086,0.10695652173913044,0.27
0.19736263736263737,0.42417582417582417,0.11120879120879121,0.2672527472527473
0.19307589880159787,0.41899689303151355,0.11451398135818908,0.2734132268086995
0.19718309859154928,0.4168133802816901,0.11619718309859155,0.269806338028169
0.19332161687170474,0.4152021089630931,0.11555360281195079,0.2759226713532513
0.1920704845814978,0.4118942731277533,0.11850220264317181,0.2775330396475771
0.19291338582677164,0.40857392825896766,0.11986001749781278,0.2786526684164479
0.1970770593445527,0.4061116031886625,0.12178919397697077,0.275022143489814
0.19213780918727916,0.409452296819788,0.125,0.27340989399293286
0.19646017699115045,0.41283185840707964,0.12300884955752213,0.2676991150442478
0.1939902783915157,0.4122845779938135,0.1232876712328767,0.27043747238179405
0.19414079580236118,0.4062090074333188,0.12592916484477482,0.2737210319195453
0.19519786571809694,0.411293908403735,0.1249444197421076,0.26856380613606046
0.1948966124065112,0.40563132424109105,0.12538495380554335,0.2740871095468544
0.19516483516483515,0.4074725274725275,0.12967032967032968,0.2676923076923077
0.19477644975652944,0.40239043824701193,0.1301460823373174,0.2726870296591412
0.19429590017825313,0.4006238859180036,0.13458110516934046,0.27049910873440286
0.1915172715347617,0.4018364669873196,0.13467424573677306,0.2719720157411456
0.19337748344370861,0.4044150110375276,0.13289183222958056,0.2693156732891832
0.1943835015357613,0.39491004826678366,0.1320754716981132,0.2786309784993418
0.18766637089618457,0.3948535936113576,0.13575865128660158,0.28172138420585624
0.19153577661431065,0.39048865619546247,0.13612565445026178,0.28184991273996507
0.18975501113585747,0.39198218262806234,0.14075723830734965,0.2775055679287305
0.19161147902869757,0.38763796909492276,0.14172185430463577,0.2790286975717439
0.18976825535636205,0.3869698294709226,0.14560559685177088,0.27765631832094445
0.19213780918727916,0.38648409893992935,0.142226148409894,0.2791519434628975
0.19744942832014073,0.386103781882146,0.14160070360598065,0.2748460861917326
0.19885613726352838,0.37879454465464146,0.14518257809062912,0.27716673999120106
0.19850352112676056,0.3816021126760563,0.1487676056338028,0.2711267605633803
0.19710906701708278,0.3854577310556286,0.14410862899693386,0.2733245729303548
0.19911504424778761,0.37920353982300886,0.1415929203539823,0.28008849557522125
0.19497132774591971,0.3780326422584914,0.14336127040141156,0.28363475959417733
0.19266875279392043,0.3755029056772463,0.1466249441215914,0.2852033974072418
0.19394471259324264,0.3813075910487056,0.14523913997367266,0.2795085563843791
0.19735099337748344,0.3748344370860927,0.14392935982339955,0.2838852097130243
0.19495213228894692,0.37684943429068757,0.1462140992167102,0.2819843342036554
0.1970899470899471,0.3752204585537919,0.1455026455026455,0.2821869488536155
0.2,0.37218543046357616,0.14083885209713023,0.2869757174392936
0.20026235242675994,0.37472671622212506,0.14079580236117184,0.28421512898994317
0.1988536155202822,0.3699294532627866,0.14462081128747795,0.2865961199294533
0.2016881386050644,0.37227898711683693,0.14215904042647712,0.2838738338516215
0.19929916776171705,0.3736311870346036,0.143670608848007,0.2833990363556724
0.19091710758377425,0.37213403880070545,0.15035273368606702,0.2865961199294533
0.18971631205673758,0.36657801418439717,0.15425531914893617,0.2894503546099291
0.18334067871308946,0.36976641692375495,0.15381225209343324,0.29308065226972235
0.1805372082782915,0.36415675913694406,0.15940114487010126,0.29590488771466317
0.18085575650639613,0.3625937362152625,0.15659461843846492,0.2999558888398765
0.18346595932802828,0.35764809902740935,0.15694076038903626,0.3019451812555261
0.18273888154997797,0.36767943637164247,0.154557463672391,0.2950242184059885
0.18430335097001763,0.3611111111111111,0.15784832451499117,0.2967372134038801
0.18306737588652483,0.3532801418439716,0.16312056737588654,0.300531914893617
0.1835024261138068,0.35156594618438464,0.16321129245699162,0.30172033524481695
0.18526687251874724,0.3431848257609175,0.16762240846934273,0.3039258932509925
0.18634361233480176,0.3378854625550661,0.17048458149779736,0.3052863436123348
0.19066317626527052,0.33638743455497383,0.1719022687609075,0.3010471204188482
0.18560772268538833,0.33962264150943394,0.17156647652479157,0.30320315928038616
0.1935483870967742,0.33958151700087186,0.17131647776809067,0.2955536181342633
0.19053876478318002,0.34296977660972405,0.1747700394218134,0.29172141918528255
0.19414079580236118,0.33581110625273286,0.17533887188456493,0.29470922606034106
0.1975199291408326,0.34278122232063774,0.1705048715677591,0.2891939769707706
0.19654714475431606,0.34440017706949977,0.1699867197875166,0.28906595838866755
0.19991193306913255,0.34566270365477764,0.16512549537648613,0.2892998678996037
0.19857524487978628,0.3481745325022262,0.1669634906500445,0.286286731967943
0.20078740157480315,0.3451443569553806,0.16447944006999124,0.289588801399825
0.19797178130511464,0.3408289241622575,0.16710758377425045,0.2940917107583774
0.1971892841458059,0.33992094861660077,0.16908212560386474,0.2938076416337286
0.1904340124003543,0.3383525243578388,0.17139061116031887,0.29982285208148807
0.19342105263157894,0.33596491228070174,0.1706140350877193,0.3
0.19624945486262538,0.3314435237679895,0.16921064108155254,0.30309638028783253
0.20553359683794467,0.32630654369784806,0.1725955204216074,0.29556433904259993
0.20176600441501102,0.3293598233995585,0.1704194260485651,0.29845474613686535
0.19947848761408082,0.32898739678400696,0.17209908735332463,0.2994350282485876
0.20581754076685765,0.32216835610401057,0.1749669457910974,0.2970471573380344
0.2088635366388767,0.3264589732338745,0.17332163229486616,0.2913558578323826
0.20491443615620886,0.32338745063624397,0.1755155770074594,0.2961825362000878
0.20779796189632255,0.3260965883916704,0.179441736818786,0.28666371289322107
0.20501539815222172,0.32380114386273645,0.17949846018477783,0.29168499780026397
0.2129916040653999,0.31462660185594343,0.1780821917808219,0.29429960229783475
0.21649029982363316,0.30511463844797176,0.18165784832451498,0.2967372134038801
0.21866783523225242,0.31113058720420683,0.17747589833479405,0.2927256792287467
0.2231005709266579,0.3096179183135705,0.1756697408871322,0.2916117698726394
0.2260061919504644,0.31357806280406897,0.16983635559486954,0.2905793896505971
0.22148833113166005,0.31704095112285335,0.17437252311756934,0.2870981946279172
0.22035398230088496,0.315929203539823,0.1738938053097345,0.28982300884955753
0.21621621621621623,0.3198936641559592,0.17190961453256534,0.2919805050952592
0.21234676007005254,0.3222416812609457,0.1733800350262697,0.29203152364273205
0.20855379188712522,0.3262786596119929,0.17416225749559083,0.291005291005291
0.20978404583516969,0.3248126928162186,0.1740855002203614,0.2913177611282503
0.20183887915936952,0.329246935201401,0.17075306479859895,0.29816112084063046
0.20298114861902675,0.3292415607189829,0.1731696624287593,0.29460762823323106
0.20483516483516484,0.32967032967032966,0.17494505494505494,0.2905494505494505
0.21002178649237474,0.3276688453159041,0.17603485838779956,0.28627450980392155
0.20988194140795802,0.3288150415391342,0.17184083952776563,0.2894621775251421
0.20890260026443366,0.32966064345526663,0.17188188629352139,0.2895548699867783
0.21052631578947367,0.3308270676691729,0.17647058823529413,0.28217602830605926
0.2100877192982456,0.3254385964912281,0.17850877192982456,0.28596491228070176
0.21047957371225579,0.33747779751332146,0.17406749555950266,0.27797513321492007
0.20844444444444443,0.3373333333333333,0.176,0.2782222222222222
0.20255957634598412,0.34554280670785525,0.17387466902030008,0.2780229479258605
0.20545534535855697,0.34227892652881653,0.17201935767707874,0.28024637043554773
0.20362190812720848,0.34275618374558303,0.1696113074204947,0.2840106007067138
0.20719929762949957,0.3366988586479368,0.17471466198419666,0.28138718173836696
0.20255957634598412,0.34245366284201234,0.17387466902030008,0.28111209179170343
0.20725841714035856,0.3384346305203323,0.16921731526016615,0.285089637079143
0.21359223300970873,0.3353927625772286,0.1641659311562224,0.2868490732568402
0.21836555360281196,0.3308435852372584,0.17003514938488576,0.28075571177504394
0.22154115586690018,0.3266199649737303,0.1703152364273205,0.28152364273204905
0.2144429766622633,0.32628797886393657,0.1695288419198591,0.289740202553941
0.21866783523225242,0.3238387379491674,0.17002629272567923,0.287467134092901
0.22717343818261249,0.3197903014416776,0.1673219746614242,0.2857142857142857
0.23293703214442976,0.3152796125055042,0.17084984588287097,0.2809335094671951
0.23288268643698212,0.32446576537287397,0.16310510248582644,0.27954644570431747
0.23328964613368283,0.31716906946264745,0.16251638269986893,0.2870249017038008
0.23042901371074745,0.32375055285272003,0.15922158337019018,0.28659885006634234
0.23519009725906279,0.3213969938107869,0.16224580017683465,0.28116710875331563
0.22930500221336875,0.3200531208499336,0.16511730854360337,0.2855245683930943
0.22755281690140844,0.32350352112676056,0.1694542253521127,0.2794894366197183
0.22755281690140844,0.3230633802816901,0.167693661971831,0.28169014084507044
0.2183406113537118,0.3240174672489083,0.16899563318777291,0.28864628820960697
0.21674008810572687,0.3251101321585903,0.17048458149779736,0.28766519823788544
0.21843154630039877,0.3234381922906513,0.17146654851572884,0.28666371289322107
0.21309314586994726,0.3220562390158172,0.1735500878734622,0.29130052724077327
0.21639488761568973,0.3208461877479066,0.1740855002203614,0.2886734244160423
0.21649934526407683,0.32256656481885637,0.17285028371890004,0.28808380619816676
0.21826965305226176,0.3170838823012736,0.17523056653491437,0.2894158981115503
0.21456953642384105,0.317439293598234,0.17571743929359823,0.2922737306843267
0.21585903083700442,0.3158590308370044,0.17885462555066078,0.2894273127753304
0.2148506151142355,0.31590509666080846,0.179701230228471,0.28954305799648505
0.21601407831060274,0.3163220413550374,0.17861856577210736,0.2890453145622525
0.20990359333917616,0.31858019281332167,0.17397020157756354,0.29754601226993865
0.21932921447484555,0.3084730803177405,0.17828773168578993,0.293909973521624
0.21539141972578504,0.31092436974789917,0.1826625386996904,0.29102167182662536
0.21268163804491413,0.3095552619991193,0.18273888154997797,0.2950242184059885
0.21220159151193635,0.3076923076923077,0.1799292661361627,0.3001768346595933
0.21322241681260945,0.30910683012259194,0.17819614711033274,0.29947460595446584
0.21349801499779444,0.3162770180855756,0.17115130127922365,0.2990736656374063
0.21269146608315098,0.3164113785557987,0.17199124726477025,0.2989059080962801
0.21261579179532422,0.3123070136744596,0.17556241729157476,0.2995147772386414
0.2085889570552147,0.31551270815074495,0.17484662576687116,0.30105170902716916
0.2102049716528565,0.31443523767989534,0.1774967291757523,0.2978630614914959
0.20778072502210435,0.31741821396993813,0.1781609195402299,0.29664014146772766
0.20346512661039537,0.32119058196357175,0.1754775655264327,0.2998667258996002
0.20952801058667844,0.3162770180855756,0.17247463608292898,0.30172033524481695
0.20620358235037134,0.3162953254696374,0.1743119266055046,0.30318916557448666
0.20952801058667844,0.31318923687692984,0.17865019850022057,0.29863255403617117
0.210872424375274,0.31214379658044716,0.17843051293292417,0.2985532661113547
0.2087378640776699,0.3212709620476611,0.17431597528684908,0.29567519858781993
0.21344391095591445,0.32038411174159753,0.17503273679615888,0.2911392405063291
0.21612046058458814,0.31930912311780335,0.17803365810451727,0.2865367581930912
0.2132577409507196,0.32272132577409507,0.17793283907544702,0.28608809419973835
0.21892967713401149,0.31667403803626715,0.1760283060592658,0.28836797877045556
0.2166000887705282,0.31779849090102086,0.1739902352418997,0.29161118508655126
0.2168411867364747,0.3171902268760908,0.17801047120418848,0.2879581151832461
0.2133743950725913,0.3167619885613726,0.17993840739111305,0.289925208974923
0.2222222222222222,0.3118985126859143,0.17804024496937884,0.2878390201224847
0.22591943957968477,0.30998248686514884,0.17994746059544658,0.2841506129597198
0.2261061946902655,0.3088495575221239,0.18230088495575222,0.2827433628318584
0.2254207263064659,0.3073516386182462,0.1837909654561559,0.283436669619132
0.22452580502867225,0.3109836788707543,0.18835465372739302,0.27613586237318044
0.22281167108753316,0.3103448275862069,0.1865605658709107,0.28028293545534927
0.23161120840630472,0.30691768826619964,0.18607705779334502,0.2753940455341506
0.22978910369068542,0.30404217926186294,0.19200351493848858,0.2741652021089631
0.23232323232323232,0.30566534914361,0.19060166886253843,0.27140974967061926
0.22917584839136185,0.3001322168356104,0.19303657999118554,0.2776553547818422
0.2283085013146363,0.30148992112182293,0.19193689745836984,0.2782646801051709
0.22227112676056338,0.30809859154929575,0.18882042253521128,0.28080985915492956
0.21992066989863376,0.3023358307624504,0.19039224327897752,0.2873512560599383
0.22158337019018134,0.30429013710747455,0.18531623175586023,0.2888102609464839
0.22207563764291996,0.29815303430079154,0.18469656992084432,0.29507475813544415
0.21952296819787986,0.3052120141342756,0.18286219081272084,0.2924028268551237
0.2236213634389926,0.3009118541033435,0.18410768562744248,0.29135909683022143
0.22300572939620977,0.30498016747465845,0.18378140149845748,0.2882327016306743
0.22069271758436945,0.31261101243339257,0.18383658969804617,0.28285968028419184
0.22570671378091872,0.30653710247349825,0.1855123674911661,0.28224381625441697
0.22836015658982167,0.30969986950848194,0.18616789908655937,0.275772074815137
0.2181500872600349,0.31544502617801046,0.19109947643979058,0.27530541012216403
0.22666666666666666,0.31022222222222223,0.18533333333333332,0.2777777777777778
0.2252650176678445,0.31404593639575973,0.18109540636042404,0.2795936395759717
0.22413033905768384,0.3192426243945399,0.17525319242624396,0.2813738441215324
0.22280933509467196,0.32012329370321446,0.17921620431527963,0.277851166886834
0.22034651266103955,0.3154153709462461,0.17947578853842736,0.28476232785428696
0.2245430809399478,0.31114012184508266,0.17798085291557877,0.2863359442993908
0.22525296964364278,0.3132424109106907,0.18125824901011878,0.28024637043554773
0.22550750220653135,0.31112091791703445,0.18270079435127978,0.28067078552515445
0.22797698096502877,0.30367419212040725,0.1828242585214697,0.2855245683930943
0.2267080745341615,0.30789707187222715,0.18411712511091394,0.28127772848269744
0.22880983750548967,0.31049626701800614,0.18269653052261747,0.2779973649538867
0.22653862941946748,0.313836752509821,0.184199039720646,0.2754255783500655
0.21654929577464788,0.3147007042253521,0.1875,0.28125
0.21512898994315696,0.3139484040227372,0.1884564932225623,0.2824661128115435
0.21870882740447958,0.3157663592446201,0.18708827404479578,0.2784365393061045
0.2222713212549713,0.3110914714980115,0.18250110472823686,0.28413610251878035
0.2145374449339207,0.307488986784141,0.18458149779735683,0.2933920704845815
0.21828521434820647,0.3092738407699038,0.1815398075240595,0.2909011373578303
0.22026431718061673,0.30616740088105726,0.18370044052863435,0.28986784140969163
0.2198332602018429,0.3036419482229048,0.1816586222027205,0.2948661693725318
0.2244718309859155,0.3028169014084507,0.17913732394366197,0.2935739436619718
0.2293859649122807,0.30043859649122806,0.18026315789473685,0.2899122807017544
0.2265315116791538,0.30498016747465845,0.17937417364477742,0.2891141472014103
0.23090586145648312,0.30417406749555953,0.1811722912966252,0.28374777975133214
0.22409959982214317,0.3045798132503335,0.1809693196976434,0.29035126722988
0.22488038277511962,0.3075250108742932,0.17964332318399304,0.2879512831665942
0.23358307624504188,0.30365799911855446,0.1745262230057294,0.2882327016306743
0.23425022182786157,0.29991126885536823,0.17657497781721385,0.28926353149955636
0.23235423060061378,0.3038141166155195,0.17974572555896537,0.28408592722490134
0.2416077738515901,0.29770318021201414,0.17314487632508835,0.2875441696113074
0.234174413457282,0.29880478087649404,0.18105356352368304,0.28596724214254093
0.23723591549295775,0.2962147887323944,0.18265845070422534,0.28389084507042256
0.24378330373001778,0.2895204262877442,0.17628774422735347,0.29040852575488457
0.24217391304347827,0.28608695652173916,0.17869565217391303,0.29304347826086957
0.2458001768346596,0.29133510167992926,0.1768346595932803,0.28603006189213087
0.24202708606378331,0.2857142857142857,0.1760594145915247,0.2961992136304063
0.24178712220762155,0.2820849759088918,0.18484450284713097,0.2912833990363557
0.2382847038019452,0.28470380194518125,0.1865605658709107,0.29045092838196285
0.23458980044345898,0.28736141906873613,0.18137472283813746,0.2966740576496674
0.23859649122807017,0.2837719298245614,0.1824561403508772,0.2951754385964912
0.2407982261640798,0.2838137472283814,0.17383592017738358,0.30155210643015523
0.23446452181577787,0.2860290877038343,0.1771705597179374,0.3023358307624504
0.23692307692307693,0.28483516483516486,0.17758241758241758,0.30065934065934063
0.23751095530236635,0.28308501314636286,0.1801051709027169,0.2992988606485539
0.24140969162995596,0.28634361233480177,0.17180616740088106,0.3004405286343612
0.24491600353669318,0.27895667550839964,0.17904509283819628,0.29708222811671087
0.2511013215859031,0.27841409691629954,0.17665198237885463,0.2938325991189427
0.24704336399474375,0.28471309680245294,0.18265440210249673,0.2855891371003066
0.25055236411842685,0.28634555899248787,0.18250110472823686,0.28060097216084845
0.24956293706293706,0.28103146853146854,0.1875,0.28190559440559443
0.24514134275618374,0.28003533568904593,0.1894876325088339,0.28533568904593637
0.24934268185801928,0.27957931638913236,0.18404907975460122,0.28702892199824714
0.25043630017452007,0.27705061082024435,0.18673647469458987,0.2857766143106457
0.2533976326172731,0.2761946514686541,0.1819377466023674,0.2884699693117054
0.25284339457567806,0.2786526684164479,0.1815398075240595,0.2869641294838145
0.24802804557405783,0.28001752848378614,0.18141980718667836,0.29053461875547765
0.24340949033391915,0.2820738137082601,0.18453427065026362,0.28998242530755713
0.24385964912280703,0.2736842105263158,0.18859649122807018,0.29385964912280704
0.24691358024691357,0.2751322751322751,0.18430335097001763,0.29365079365079366
0.24440544098288722,0.2768758227292672,0.18385256691531374,0.2948661693725318
0.23586572438162545,0.27340989399293286,0.19302120141342757,0.29770318021201414
0.23934280639431615,0.2766429840142096,0.1878330373001776,0.29618117229129665
0.23805348531345902,0.2775098640946953,0.19070583077597544,0.29373081981587024
0.24026258205689277,0.2774617067833698,0.18949671772428883,0.29277899343544855
0.23664459161147902,0.27770419426048565,0.1969094922737307,0.28874172185430463
0.23545091070635274,0.2763216348289649,0.1950244335850733,0.2932030208796091
0.2398409893992933,0.27252650176678445,0.19876325088339222,0.28886925795053003
0.24460114587924195,0.27016306743058616,0.1996474217717056,0.2855883649184663
0.2396109637488948,0.2718832891246684,0.19672855879752432,0.2917771883289125
0.24008810572687225,0.28193832599118945,0.19559471365638767,0.2823788546255507
0.2373180414644905,0.282311424790472,0.18879576532862816,0.29157476841640934
0.2497805092186128,0.2791922739244952,0.18349429323968394,0.28753292361720806
0.24571428571428572,0.2756043956043956,0.19252747252747252,0.28615384615384615
0.24593763724198506,0.27492314448836186,0.18928414580588493,0.2898550724637681
0.25197195442594217,0.2651183172655565,0.19412795793163892,0.2887817703768624
0.2488986784140969,0.2713656387665198,0.19427312775330396,0.2854625550660793
0.24823321554770317,0.26413427561837455,0.19522968197879859,0.2924028268551237
0.24538258575197888,0.262532981530343,0.1996481970096746,0.29243623570800353
0.24866785079928952,0.2557726465364121,0.19493783303730017,0.3006216696269982
0.24736842105263157,0.2513157894736842,0.20482456140350877,0.2964912280701754
0.24655708573967125,0.2514438027543314,0.20390937361172812,0.29808973789426924
0.2488849241748439,0.2502230151650312,0.2047279214986619,0.296164139161463
0.2559262510974539,0.247585601404741,0.20456540825285338,0.2919227392449517
0.2651813018785496,0.24333770205329838,0.20227173438182613,0.2892092616863259
0.2666959578207381,0.2438488576449912,0.20210896309314588,0.28734622144112476
0.26512455516014233,0.2459964412811388,0.20062277580071175,0.28825622775800713
0.26675485008818345,0.24118165784832452,0.20326278659611993,0.28880070546737213
0.2659947414548642,0.2392638036809816,0.2046450482033304,0.2900964066608238
0.27099911582670205,0.24005305039787797,0.20070733863837312,0.28824049513704686
0.263668430335097,0.24029982363315697,0.2054673721340388,0.29056437389770723
0.2599020916777926,0.24521584334668448,0.20160213618157544,0.2932799287939475
0.25916114790286976,0.24944812362030905,0.20044150110375275,0.29094922737306844
0.26458797327394207,0.24587973273942093,0.20489977728285078,0.2846325167037862
0.26399294843543414,0.24680475980608196,0.20185103569854562,0.2873512560599383
0.2600976475810031,0.25166444740346205,0.2072791833111407,0.2809587217043941
0.2603938730853392,0.25426695842450764,0.20437636761487965,0.28096280087527353
0.26131322094055015,0.24977817213842057,0.20408163265306123,0.28482697426796805
0.2601232394366197,0.25088028169014087,0.2068661971830986,0.28213028169014087
0.2641014429383472,0.2466112811543507,0.20507214691735898,0.28421512898994317
0.2613835376532399,0.2486865148861646,0.20884413309982486,0.28108581436077057
0.25847644209599296,0.2514310876265962,0.21003963011889035,0.2800528401585205
0.2496685815289439,0.2545293857711003,0.20901458241272647,0.28678745028722935
0.2474813841436706,0.25843188786684185,0.211125711782742,0.2829610162067455
0.2534095908490981,0.2644082710074791,0.20765508139023317,0.2745270567531896
0.2535273368606702,0.2623456790123457,0.20458553791887124,0.2795414462081129
0.25631929046563195,0.25543237250554324,0.20532150776053215,0.28292682926829266
0.2587873462214411,0.2539543057996485,0.20430579964850615,0.28295254833040423
0.2520860781730347,0.26130873956960915,0.20685111989459815,0.279754062362758
0.2540587977182975,0.25976305397103994,0.20579201404124617,0.2803861342694164
0.2555066079295154,0.2577092511013216,0.2039647577092511,0.2828193832599119
0.2558139534883721,0.2558139534883721,0.20272049144361562,0.2856516015796402
0.2571680635200706,0.24878694309660343,0.20379355977062197,0.290251433612704
0.2580078982009653,0.249670908293111,0.20403685827117157,0.2882843352347521
0.2570052539404553,0.2535026269702277,0.20183887915936952,0.28765323992994746
0.25807860262008736,0.24890829694323144,0.20480349344978166,0.28820960698689957
0.25558965366067515,0.24813678211310827,0.20648838228846997,0.2897851819377466
0.2557522123893805,0.24734513274336284,0.20486725663716815,0.2920353982300885
0.257736516357206,0.242263483642794,0.20424403183023873,0.2957559681697613
0.25766871165644173,0.25153374233128833,0.20157756354075373,0.2892199824715162
0.2528888888888889,0.25422222222222224,0.20177777777777778,0.2911111111111111
0.25229960578186594,0.2527376259307928,0.20937363118703461,0.2855891371003066
0.24923346473937802,0.24879544459045116,0.2058694699956198,0.29610162067455104
0.25443262411347517,0.24335106382978725,0.20700354609929078,0.29521276595744683
0.25054945054945055,0.2523076923076923,0.20395604395604397,0.29318681318681317
0.24725032996040475,0.24769027716674,0.21161460624725034,0.2934447866256049
0.24490699734278124,0.2550930026572188,0.20372010628875112,0.2962798937112489
0.24607329842931938,0.2513089005235602,0.1993891797556719,0.3032286212914485
0.24313725490196078,0.2540305010893246,0.20522875816993463,0.29760348583877994
0.2359402460456942,0.2543936731107206,0.20254833040421794,0.3071177504393673
0.2331858407079646,0.2517699115044248,0.20530973451327433,0.30973451327433627
0.23374340949033393,0.2530755711775044,0.20298769771529,0.3101933216168717
0.23903508771929824,0.2517543859649123,0.19912280701754387,0.31008771929824563
0.244880174291939,0.25315904139433554,0.19607843137254902,0.3058823529411765
0.24833997343957503,0.24922532093846836,0.20053120849933598,0.3019034971226206
0.24758983347940403,0.24978089395267308,0.19982471516213848,0.3028045574057844
0.24922805469783854,0.24878694309660343,0.19982355535950597,0.30216144684605206
0.2547714158899245,0.24101198402130491,0.19573901464713714,0.3084775854416334
0.2570671378091873,0.24381625441696114,0.19081272084805653,0.3083038869257951
0.2587565674255692,0.24649737302977234,0.18914185639229422,0.30560420315236425
0.25799386771791505,0.2448532632501095,0.19010074463425317,0.3070521243977223
0.25497127706584183,0.2412726469288555,0.19664162615996464,0.30711444984533803
0.25602805786935556,0.24024550635686104,0.1972818939061815,0.30644454186760195
0.2564892212934448,0.2380114386273647,0.1992960844698636,0.3062032556093269
0.26150442477876107,0.23849557522123893,0.19380530973451326,0.30619469026548674
0.2629955947136564,0.2431718061674009,0.19647577092511012,0.2973568281938326
0.26518847006651886,0.24390243902439024,0.1893569844789357,0.30155210643015523
0.268760907504363,0.2430191972076789,0.18979057591623036,0.29842931937172773
0.2628797886393659,0.24526640246587406,0.1933069132540731,0.2985468956406869
0.2579225352112676,0.2548415492957746,0.19014084507042253,0.2970950704225352
0.25850043591979077,0.25414123801220573,0.18700959023539668,0.3003487358326068
0.2588543944031482,0.2623524267599475,0.18976825535636205,0.2890249234805422
0.2623456790123457,0.25970017636684306,0.18959435626102292,0.28835978835978837
0.2592756183745583,0.25618374558303886,0.20097173144876326,0.2835689045936396
0.2538360368259535,0.2590968873301184,0.19772029811486191,0.2893467777290662
0.2564892212934448,0.2595688517377915,0.20061592608886933,0.2833260008798944
0.2448442299254059,0.26195699868363315,0.20491443615620886,0.2882843352347521
0.24504186866460997,0.2666372851476421,0.1983252534156016,0.2899955927721463
0.24242424242424243,0.25999121651295565,0.20509442248572685,0.2924901185770751
0.24482606781153676,0.25583443416996915,0.21224130339057684,0.2870981946279172
0.24043956043956044,0.261978021978022,0.210989010989011,0.2865934065934066
0.2381578947368421,0.26096491228070173,0.20833333333333334,0.29254385964912283
0.23765432098765432,0.25617283950617287,0.21649029982363316,0.2896825396825397
0.24416042309387395,0.24812692816218598,0.2119876597620097,0.2957249889819304
0.238556338028169,0.24955985915492956,0.21214788732394366,0.29973591549295775
0.23544857768052516,0.2512035010940919,0.21269146608315098,0.30065645514223194
0.2314410480349345,0.2537117903930131,0.2074235807860262,0.3074235807860262
0.23393091386095322,0.2505465675557499,0.20419763882815917,0.31132487975513773
0.23029502421840597,0.2527520915896081,0.20607661822985468,0.3108762659621312
0.23599470666078518,0.2518747243052492,0.2046757829730922,0.3074547860608734
0.23899647887323944,0.2535211267605634,0.19850352112676056,0.3089788732394366
0.2413491020586947,0.24923346473937802,0.19360490582566797,0.3158125273762593
0.24546660769570985,0.24723573639982308,0.18752764263600177,0.31977001326846527
0.2408630559225011,0.2408630559225011,0.19154557463672392,0.32672831351827386
0.2448532632501095,0.23390275952693823,0.1988611476127902,0.32238282961016207
0.2480106100795756,0.23121131741821396,0.19540229885057472,0.3253757736516357
0.2472695500218436,0.22979467016164265,0.1965923984272608,0.32634338138925295
0.24502432551968156,0.2335249889429456,0.19504643962848298,0.3264042459088899
0.24431818181818182,0.23339160839160839,0.19755244755244755,0.32473776223776224
0.2503311258278146,0.23532008830022075,0.1947019867549669,0.3196467991169978
0.2467076382791923,0.23266022827041263,0.1984196663740123,0.3222124670763828
0.23862129916040653,0.22978347326557666,0.207688908528502,0.3239063190455148
0.24098504837291118,0.22911169744942833,0.2102022867194371,0.3197009674582234
0.24118165784832452,0.23368606701940034,0.2037037037037037,0.32142857142857145
0.24014178112538767,0.23393885688967656,0.2042534337616305,0.32166592822330525
0.2398427260812582,0.24202708606378331,0.19965050240279597,0.31847968545216254
0.2378449408672799,0.2387209811651336,0.19929916776171705,0.3241349102058695
0.2454585733274258,0.23925564909171468,0.2007089056269384,0.31457687195392114
0.24271844660194175,0.23654015887025595,0.205648720211827,0.31509267431597526
0.24305249228054698,0.23864137626819584,0.19894133215703572,0.31936479929422146
0.24064403829416883,0.24151436031331594,0.19799825935596171,0.3198433420365535
0.2325684024713151,0.2418358340688438,0.20167696381288613,0.32391879964695497
0.23778071334214002,0.2413033905768384,0.19154557463672392,0.3293703214442977
0.2414398595258999,0.2414398595258999,0.1997366110623354,0.3173836698858648
0.237117903930131,0.24323144104803493,0.19563318777292577,0.3240174672489083
0.2398230088495575,0.2424778761061947,0.19424778761061948,0.3234513274336283
0.234884732492388,0.24140930839495434,0.19443236189647672,0.32927359721618094
0.2357080035180299,0.23922603342128407,0.193051890941073,0.33201407211961304
0.24049513704686118,0.23872679045092837,0.1883289124668435,0.33244916003536695
0.24346689895470383,0.23170731707317074,0.18554006968641115,0.3392857142857143
0.23962930273609886,0.2290379523389232,0.19020300088261252,0.3411297440423654
0.24462954844366505,0.23060061376589217,0.18982902235861465,0.33494081543182813
0.2441189525077674,0.22858411007545495,0.19174434087882822,0.3355525965379494
0.2453416149068323,0.22937000887311446,0.1929902395740905,0.33229813664596275
0.24989078200087375,0.22673656618610746,0.19702927042376583,0.32634338138925295
0.24956217162872155,0.23029772329246936,0.20359019264448336,0.31654991243432573
0.24870242214532873,0.22015570934256054,0.20674740484429066,0.32439446366782004
0.24725997369574748,0.22139412538360367,0.20473476545374836,0.32661113546690046
0.24645390070921985,0.22296099290780141,0.20921985815602837,0.32136524822695034
0.24174372523117568,0.22501100836635843,0.21224130339057684,0.32100396301188905
0.24012158054711247,0.2262266608771168,0.20842379504993486,0.3252279635258359
0.23807439824945295,0.22669584245076588,0.20481400437636763,0.3304157549234136
0.2403677758318739,0.22110332749562173,0.20796847635726795,0.3305604203152364
0.24189968930315137,0.22192632046160674,0.20372836218375498,0.3324456280514869
0.2421564295183385,0.21961997348652232,0.20592134334953602,0.3323022536456032
0.2430191972076789,0.2286212914485166,0.19851657940663175,0.3298429319371728
0.23763250883392226,0.22835689045936397,0.20185512367491165,0.3321554770318021
0.24153101627804663,0.22613286405631325,0.1992960844698636,0.3330400351957765
0.24040582267313632,0.2227613586237318,0.20291133656815175,0.33392148213498013
0.2462751971954426,0.22699386503067484,0.19500438212094653,0.331726555652936
0.2440423654015887,0.2321270962047661,0.19593998234774934,0.32789055604589584
0.2421564295183385,0.22315510384445428,0.20326999558108705,0.3314184710561202
0.2475770925110132,0.22290748898678414,0.19911894273127753,0.3303964757709251
0.24078947368421053,0.218859649122807,0.2043859649122807,0.33596491228070174
0.2402482269503546,0.21365248226950354,0.20656028368794327,0.3395390070921986
0.24607329842931938,0.2164048865619546,0.20680628272251309,0.3307155322862129
0.24456280514869064,0.21615623612960497,0.21171770972037285,0.32756324900133155
0.24618736383442266,0.21655773420479302,0.20784313725490197,0.32941176470588235
0.2467134092900964,0.22217353198948292,0.20946538124452235,0.32164767747589834
0.24593048834139902,0.21777386713594368,0.2111746590409151,0.3251209854817422
0.24482606781153676,0.2192866578599736,0.21400264200792601,0.32188463232056364
0.24559082892416226,0.21516754850088182,0.21252204585537918,0.32671957671957674
0.24174372523117568,0.22104799647732276,0.20783795684720388,0.3293703214442977
0.242756804214223,0.22300263388937663,0.21027216856892011,0.32396839332748023
0.2409372236958444,0.22546419098143236,0.20822281167108753,0.3253757736516357
0.24029982363315697,0.2239858906525573,0.21075837742504408,0.32495590828924165
0.24299474605954466,0.22416812609457093,0.21103327495621715,0.32180385288966723
0.2430647291941876,0.22369000440334655,0.2069572875385293,0.32628797886393657
0.2403718459495352,0.22310756972111553,0.2067286409915892,0.3297919433377601
0.24508519003931847,0.22804718217562253,0.2013979903888161,0.3254696373962429
0.24418093983311376,0.22178304787000439,0.20377689942907334,0.3302591128678085
0.24194260485651214,0.22030905077262694,0.20309050772626933,0.3346578366445916
0.24613345117101193,0.22448077772867875,0.2010605391073796,0.32832523199292973
0.24933569530558017,0.22364924712134632,0.20372010628875112,0.3232949512843224
0.2517857142857143,0.22410714285714287,0.2044642857142857,0.3196428571428571
0.25431989366415597,0.22950819672131148,0.20159503766061143,0.31457687195392114
0.2570796460176991,0.23008849557522124,0.20353982300884957,0.3092920353982301
0.254585152838428,0.23100436681222708,0.2039301310043668,0.31048034934497815
0.256477821695213,0.23232323232323232,0.19938515590689504,0.31181379007465965
0.25353356890459366,0.2332155477031802,0.19876325088339222,0.31448763250883394
0.2547294324681038,0.2322921249450066,0.19841619005719313,0.31456225252969644
0.25655594405594406,0.22814685314685315,0.20017482517482518,0.3151223776223776
0.24624889673433362,0.23609885260370697,0.2003530450132392,0.3172992056487202
0.2488986784140969,0.2330396475770925,0.19955947136563876,0.3185022026431718
0.2422251423565484,0.23565484012264565,0.2058694699956198,0.31625054752518617
0.23902439024390243,0.23503325942350334,0.2057649667405765,0.32017738359201775
0.24482606781153676,0.22677234698370763,0.20299427564949363,0.325407309555262
0.2412726469288555,0.2266902342023862,0.207688908528502,0.3243482103402563
0.23696890056942618,0.23302671922908455,0.2041173893999124,0.32588699080157685
0.2350597609561753,0.234174413457282,0.20540061974324922,0.3253652058432935
0.23824175824175825,0.22681318681318682,0.20703296703296703,0.3279120879120879
0.23918799646954986,0.22594880847308033,0.20741394527802295,0.32744924977934686
0.2411660777385159,0.2252650176678445,0.20848056537102475,0.3250883392226148
0.24327897752313796,0.2265315116791538,0.20713970912296165,0.32304980167474656
0.24694055944055945,0.2263986013986014,0.20541958041958042,0.32124125874125875
0.24151608638166594,0.22873512560599382,0.20802115469369767,0.32172763331864257
0.24452234881682736,0.22611744084136723,0.20245398773006135,0.32690622261174407
0.23943661971830985,0.23415492957746478,0.198943661971831,0.3274647887323944
0.23474801061007958,0.2413793103448276,0.1962864721485411,0.3275862068965517
0.23173913043478261,0.24304347826086956,0.19869565217391305,0.3265217391304348
0.2337317397078353,0.24612660469234174,0.19654714475431606,0.3235945108455069
0.22984942426926483,0.24180690876882197,0.19441984056687334,0.33392382639503987
0.22388059701492538,0.24582967515364354,0.19490781387181738,0.3353819139596137
0.22361359570661896,0.23792486583184258,0.19588550983899822,0.3425760286225403
0.21895568231680562,0.24221149627029398,0.19218955682316805,0.3466432645897323
0.21957671957671956,0.2447089947089947,0.195326278659612,0.3403880070546737
0.22036139268400176,0.249889819303658,0.19215513442044954,0.3375936535918907
0.22261021388040156,0.24618070711479703,0.1951113051069402,0.3360977738978612
0.21947994711326577,0.24416042309387395,0.1974438078448656,0.3389158219479947
0.21727633318642575,0.25209343323049804,0.20273248126928162,0.32789775231379464
0.21944809461235218,0.2544897065265002,0.202365308804205,0.32369689005694263
0.21472663139329806,0.25485008818342153,0.20679012345679013,0.3236331569664903
0.21921397379912663,0.251528384279476,0.2091703056768559,0.3200873362445415
0.22074468085106383,0.2557624113475177,0.20611702127659576,0.3173758865248227
0.22202643171806166,0.25418502202643173,0.20969162995594715,0.3140969162995595
0.22505494505494505,0.2523076923076923,0.2043956043956044,0.31824175824175827
0.23257878384376388,0.25166444740346205,0.20017754105636928,0.3155792276964048
0.22759226713532513,0.2521968365553603,0.20210896309314588,0.3181019332161687
0.22324159021406728,0.24945391000436873,0.20795107033639143,0.3193534294451726
0.23053097345132742,0.25,0.2097345132743363,0.30973451327433627
0.22266139657444006,0.2520860781730347,0.20992534036012298,0.3153271848924023
0.22423706324635118,0.25342768686421935,0.21362229102167182,0.3087129588677576
0.227792436235708,0.25065963060686014,0.20580474934036938,0.31574318381706246
0.22764936764064544,0.2511993022241605,0.20846053205407764,0.31269079808111644
0.23246581385090428,0.24481693868548743,0.20776356418173797,0.3149536832818703
0.22673656618610746,0.2455220620358235,0.21188291830493666,0.31585845347313235
0.22947181535730138,0.2507767421216156,0.20816688859298713,0.31158455392809586
0.23151408450704225,0.2522007042253521,0.207306338028169,0.3089788732394366
0.23645970937912814,0.24482606781153676,0.21047996477322764,0.30823425803610743
0.23302671922908455,0.2457293035479632,0.20805957074025405,0.3131844064826982
0.23519009725906279,0.246684350132626,0.20689655172413793,0.3112290008841733
