C,D,Oc,Od
0.0,0.0,0.0,1.0
0.4,0.0,0.0,0.6
0.5,0.0,0.125,0.375
0.4166666666666667,0.0,0.16666666666666666,0.4166666666666667
0.5555555555555556,0.0,0.16666666666666666,0.2777777777777778
0.6296296296296297,0.0,0.14814814814814814,0.2222222222222222
0.6842105263157895,0.0,0.07894736842105263,0.23684210526315788
0.68,0.0,0.06,0.26
0.7,0.0,0.07142857142857142,0.22857142857142856
0.673469387755102,0.01020408163265306,0.08163265306122448,0.23469387755102042
0.664,0.008,0.088,0.24
0.6625766871165644,0.012269938650306749,0.10429447852760736,0.22085889570552147
0.6919431279620853,0.018957345971563982,0.10426540284360189,0.1848341232227488
0.7061068702290076,0.015267175572519083,0.11450381679389313,0.16412213740458015
0.6876876876876877,0.021021021021021023,0.12612612612612611,0.16516516516516516
0.6940874035989717,0.015424164524421594,0.13367609254498714,0.15681233933161953
0.6815286624203821,0.021231422505307854,0.14225053078556263,0.15498938428874734
0.6672694394213382,0.027124773960216998,0.15551537070524413,0.15009041591320071
0.6734375,0.03125,0.14375,0.1515625
0.6535326086956522,0.02717391304347826,0.15625,0.16304347826086957
0.6690909090909091,0.027878787878787878,0.15272727272727274,0.1503030303030303
0.665938864628821,0.02947598253275109,0.15829694323144106,0.1462882096069869
0.6557377049180327,0.027965284474445518,0.16586306653809066,0.15043394406943106
0.6513043478260869,0.030434782608695653,0.16956521739130434,0.14869565217391303
0.6534181240063593,0.031001589825119236,0.17726550079491257,0.1383147853736089
0.641635687732342,0.03345724907063197,0.17472118959107807,0.15018587360594796
0.6367403314917127,0.034530386740331494,0.17541436464088397,0.15331491712707182
0.6425855513307985,0.034220532319391636,0.17173637515842838,0.1514575411913815
0.6295399515738499,0.03934624697336562,0.1797820823244552,0.1513317191283293
0.6220338983050847,0.03954802259887006,0.18361581920903955,0.15480225988700566
0.616602949208083,0.040415073730202075,0.1851447296559257,0.1578372474057892
0.6121372031662269,0.04432717678100264,0.18733509234828497,0.15620052770448548
0.6045,0.046,0.1895,0.16
0.6039651837524178,0.04497098646034816,0.18471953578336556,0.16634429400386846
0.5866290018832392,0.04472693032015066,0.1958568738229755,0.17278719397363465
0.5782407407407407,0.04814814814814815,0.19444444444444445,0.17916666666666667
0.57999098693105,0.04596665164488508,0.19197836863452006,0.18206399278954483
0.5700850873264667,0.0483654276757725,0.19883564711150917,0.18271383788625167
0.5709807433945365,0.050156739811912224,0.19659650694133451,0.18226600985221675
0.5722492266902341,0.05567830313742819,0.19619973486522316,0.17587273530711445
0.5635555555555556,0.05688888888888889,0.19555555555555557,0.184
0.566079295154185,0.05638766519823789,0.19515418502202644,0.18237885462555067
0.5732625055334218,0.057104913678618856,0.19034971226206285,0.17928286852589642
0.5632939115199299,0.06307490144546649,0.19010074463425317,0.1835304424003504
0.5642701525054467,0.06666666666666667,0.18649237472766886,0.18257080610021786
0.5631578947368421,0.06578947368421052,0.181140350877193,0.1899122807017544
0.5589016829052259,0.06421612046058459,0.18821966341895482,0.1886625332152347
0.5605381165919282,0.06233183856502242,0.18834080717488788,0.18878923766816144
0.5637583892617449,0.06129753914988814,0.1865771812080537,0.1883668903803132
0.5615521855486173,0.06199821587867975,0.18777876895628903,0.1886708296164139
0.5654473336271485,0.05993829881004848,0.18289995592772146,0.19171441163508154
0.5601586602027325,0.0639048038783605,0.18378140149845748,0.19215513442044954
0.5540661304736372,0.06925826630920465,0.18811438784629134,0.18856121537086684
0.5576668139637649,0.068935041979673,0.1873619089703933,0.18603623508616882
0.5543138131426018,0.0733124720607957,0.1890925346446133,0.18328118015198927
0.5578291814946619,0.07384341637010676,0.18683274021352314,0.18149466192170818
0.5557029177718833,0.07117595048629531,0.19672855879752432,0.17639257294429708
0.5575143234905244,0.0749228735125606,0.19568091670339358,0.17188188629352139
0.5486569793042713,0.07881990312637605,0.19991193306913255,0.17261118450022017
0.5485989492119089,0.08012259194395797,0.19833625218914186,0.17294220665499124
0.5494263018534863,0.08120035304501325,0.19329214474845544,0.176081200353045
0.5457343887423043,0.07783641160949868,0.20052770448548812,0.1759014951627089
0.5508399646330681,0.07692307692307693,0.1896551724137931,0.1825817860300619
0.5491949910554562,0.07692307692307693,0.19186046511627908,0.18202146690518783
0.5507502206531333,0.08120035304501325,0.1884377758164166,0.1796116504854369
0.5562913907284768,0.08035320088300221,0.18498896247240618,0.17836644591611478
0.5608676405489155,0.08277999114652501,0.1845949535192563,0.17175741478530324
0.559322033898305,0.0847457627118644,0.1801962533452275,0.17573595004460305
0.5453345070422535,0.08626760563380281,0.18838028169014084,0.1800176056338028
0.5509846827133479,0.08665207877461707,0.187746170678337,0.17461706783369804
0.5461024498886414,0.08552338530066815,0.1888641425389755,0.17951002227171492
0.5372670807453416,0.09183673469387756,0.1881100266193434,0.18278615794143743
0.5315718763994626,0.09180474697716078,0.18943125839677563,0.18719211822660098
0.5336283185840708,0.09469026548672567,0.18230088495575222,0.18938053097345134
0.5288928098808998,0.10057344508160565,0.18217909131010146,0.18835465372739302
0.5279612505504183,0.0977542932628798,0.18185821224130339,0.1924262439453985
0.5282186948853616,0.09788359788359788,0.18386243386243387,0.1900352733686067
0.5185022026431718,0.0973568281938326,0.18502202643171806,0.19911894273127753
0.5173169662428759,0.10170977641385358,0.18281455501972818,0.1981587023235423
0.5147123407992973,0.10628019323671498,0.18050065876152832,0.1985068072024594
0.5063736263736264,0.11208791208791209,0.1789010989010989,0.20263736263736265
0.5002221235006664,0.1159484673478454,0.17681030653043092,0.2070191026210573
0.501346499102334,0.11310592459605028,0.17684021543985637,0.20870736086175942
0.5022301516503123,0.11418376449598573,0.17662801070472792,0.20695807314897413
0.5011037527593819,0.11743929359823399,0.1704194260485651,0.211037527593819
0.5042166000887706,0.11762094984465157,0.16910785619174434,0.20905459387483355
0.49978060552874065,0.12110574813514699,0.1689337428696797,0.21017990346643264
0.5031166518254675,0.12377560106856635,0.16295636687444345,0.21015138023152272
0.5068312031732041,0.12252093433230499,0.15910092551784927,0.2115469369766417
0.4978165938864629,0.12489082969432315,0.16244541484716157,0.21484716157205241
0.4989049496276829,0.12352168199737187,0.15987735435830047,0.21769601401664476
0.501542529748788,0.12825033054208904,0.15689731159100925,0.21330982811811372
0.5044404973357016,0.12966252220248667,0.15097690941385436,0.21492007104795738
0.5022261798753339,0.13357079252003562,0.1553873552983081,0.20881567230632236
0.5053003533568905,0.13074204946996468,0.15636042402826855,0.20759717314487633
0.5072591289045315,0.12978442586889574,0.1561812582490101,0.2067751869775627
0.5051043053706169,0.13138038171327118,0.1509098979138926,0.21260541500221927
0.5073365940417963,0.1316140506891952,0.1493997332147621,0.21164962205424634
0.5059392872855257,0.1271447426308843,0.1535415750109987,0.2133743950725913
0.5042091271599468,0.12760301284891448,0.15773150199379707,0.2104563579973416
0.5085789705235372,0.12582490101187857,0.15442146942366916,0.2111746590409151
0.5035492457852706,0.129547471162378,0.15838509316770186,0.2085181898846495
0.5096491228070176,0.12631578947368421,0.15657894736842104,0.2074561403508772
0.5048758865248227,0.13031914893617022,0.15425531914893617,0.21054964539007093
0.502423975319524,0.13574261789334507,0.15381225209343324,0.20802115469369767
0.5004363001745201,0.13089005235602094,0.15575916230366493,0.21291448516579406
0.49977924944812363,0.13068432671081678,0.15849889624724062,0.211037527593819
0.5026338893766462,0.13125548726953468,0.15452151009657594,0.2115891132572432
0.4956293706293706,0.1346153846153846,0.15122377622377622,0.21853146853146854
0.49889135254988914,0.1343680709534368,0.14900221729490024,0.21773835920177384
0.4965095986038394,0.131326352530541,0.14703315881326354,0.225130890052356
0.49489569462938304,0.1287172658677319,0.15002219263204616,0.22636484687083888
0.494002665482008,0.13060861839182586,0.14926699244780098,0.22612172367836517
0.49444197421076036,0.1316140506891952,0.1511783014673188,0.22276567363272565
0.49360388178209086,0.12880458756065286,0.1513012792236436,0.2262902514336127
0.4942375886524823,0.12898936170212766,0.1453900709219858,0.23138297872340424
0.4920844327176781,0.12752858399296393,0.14775725593667546,0.2326297273526825
0.49183222958057393,0.12450331125827814,0.15011037527593818,0.2335540838852097
0.4869872077635642,0.1239523599470666,0.14909572121746803,0.2399647110719012
0.486013986013986,0.12762237762237763,0.1486013986013986,0.23776223776223776
0.48325991189427314,0.1290748898678414,0.14977973568281938,0.23788546255506607
0.47998220640569395,0.13033807829181496,0.1512455516014235,0.23843416370106763
0.4869642068051259,0.13256738842244808,0.14361467079098542,0.23685373398144058
0.4864864864864865,0.13469206911829862,0.14532565352237484,0.23349579087284006
0.4916520210896309,0.13532513181019332,0.14103690685413006,0.23198594024604569
0.4859154929577465,0.136443661971831,0.1483274647887324,0.22931338028169015
0.4812196199734865,0.13566062748563854,0.14714980114891738,0.2359699513919576
0.480650835532102,0.13016710642040458,0.1424802110817942,0.24670184696569922
0.4825760917512131,0.12924569916188797,0.14380238200264667,0.24437582708425232
0.48895759717314485,0.12588339222614842,0.13957597173144876,0.24558303886925795
0.4775330396475771,0.1277533039647577,0.14008810572687225,0.25462555066079295
0.4778761061946903,0.1256637168141593,0.1424778761061947,0.25398230088495577
0.48105726872246696,0.12290748898678414,0.14537444933920704,0.25066079295154187
0.4871010056843026,0.12330564057717534,0.14604285089637078,0.2435505028421513
0.48560035445281347,0.12228622064687639,0.1448825875055383,0.2472308373947718
0.4847142224191405,0.12583074878156844,0.14222419140451928,0.2472308373947718
0.47989394608926206,0.12593901900132567,0.14096332302253645,0.25320371188687585
0.4781649757388619,0.12262902514336127,0.1446846052051169,0.2545213939126599
0.48509123275478416,0.11704494882064975,0.14285714285714285,0.25500667556742324
0.4909572121746802,0.11821790913101014,0.13895015438906044,0.2518747243052492
0.49440715883668906,0.11677852348993288,0.13914988814317675,0.24966442953020135
0.49779151943462896,0.11925795053003534,0.13869257950530034,0.24425795053003532
0.4951669595782074,0.12082601054481547,0.13796133567662566,0.2460456942003515
0.493681917211329,0.12200435729847495,0.13769063180827887,0.2466230936819172
0.4960035523978686,0.11900532859680284,0.14031971580817051,0.24467140319715808
0.4989049496276829,0.11695137976346912,0.13622426631625054,0.24791940429259746
0.4951370468611848,0.11892130857648099,0.13793103448275862,0.2480106100795756
0.49514991181657847,0.12125220458553791,0.13668430335097,0.24691358024691357
0.5019973368841545,0.11806480248557479,0.14025743453173548,0.2396804260985353
0.5035398230088496,0.11283185840707964,0.14292035398230088,0.2407079646017699
0.5080428954423593,0.11572832886505809,0.14030384271671134,0.2359249329758713
0.5061457418788411,0.11940298507462686,0.13740122914837577,0.2370500438981563
0.5033141847105612,0.1241714538223597,0.13610251878038002,0.23641184268669907
0.5061619718309859,0.1192781690140845,0.13160211267605634,0.24295774647887325
0.501974550241334,0.12066695919262835,0.13163668275559456,0.24572180781044317
0.5046521931767833,0.11519716437749225,0.13203367301727958,0.24811696942844483
0.5033025099075297,0.11492734478203434,0.13430206957287538,0.24746807573756055
0.5026642984014209,0.11500888099467141,0.13232682060390763,0.25
0.5059236507240018,0.11496270293988592,0.13426941641070644,0.2448442299254059
0.5024261138067931,0.11601235112483459,0.13321570357300397,0.24834583149536832
0.4944665781319168,0.12040725984949092,0.13722886232846393,0.2478972996901284
0.5028799291094374,0.11741249446167479,0.13070447496677004,0.24900310146211785
0.5010940919037199,0.11859956236323851,0.12866520787746172,0.25164113785557984
0.5015493581230633,0.11598052235502435,0.12660469234174412,0.2558654271801682
0.5008849557522124,0.11415929203539824,0.12743362831858407,0.2575221238938053
0.5028621752531924,0.11580801409070894,0.12857771906649054,0.2527520915896081
0.5006616674018527,0.1199823555359506,0.12571680635200705,0.25363917071018965
0.4984520123839009,0.11897390535161433,0.12649270234409554,0.2560813799203892
0.5026572187776793,0.12134632418069087,0.1204605845881311,0.2555358724534987
0.49185380889476,0.1210920299427565,0.12725671510347863,0.25979744605900484
0.4889673433362754,0.12709620476610767,0.12709620476610767,0.25684024713150927
0.4858281665190434,0.12843224092116917,0.12400354295837024,0.26173604960141716
0.4891736632788334,0.12726469288555015,0.1237295625276182,0.25983208130799823
0.4881370826010545,0.12521968365553604,0.12478031634446397,0.2618629173989455
0.4849015317286652,0.12341356673960613,0.12560175054704595,0.2660831509846827
0.48760330578512395,0.1213571117877338,0.12483688560243585,0.2662026968247064
0.49536014140521434,0.11975254087494476,0.1241714538223597,0.2607158638974812
0.4951541850220264,0.1145374449339207,0.12599118942731277,0.2643171806167401
0.4997804128238911,0.1111111111111111,0.12560386473429952,0.2635046113306983
0.5030918727915195,0.11086572438162544,0.11969964664310954,0.2663427561837456
0.49605263157894736,0.11491228070175438,0.1206140350877193,0.26842105263157895
0.49603174603174605,0.11067019400352733,0.1247795414462081,0.26851851851851855
0.493552690084482,0.11027123165851489,0.12405513561582926,0.27212094264117387
0.50199203187251,0.10801239486498451,0.12306330234617087,0.26693227091633465
0.5004409171075838,0.11022927689594356,0.11728395061728394,0.27204585537918874
0.5015521064301552,0.10776053215077605,0.11796008869179601,0.2727272727272727
0.5051088405153266,0.10573078631719236,0.11728120835184362,0.2718791648156375
0.5039823008849558,0.10707964601769912,0.11769911504424779,0.27123893805309734
0.4901185770750988,0.10979358805445762,0.12033377250768555,0.279754062362758
0.496,0.11644444444444445,0.11911111111111111,0.26844444444444443
0.4909332153914197,0.11587793011941619,0.1172047766475011,0.27598407784166296
0.4869986778316439,0.11767298369325695,0.11679153812252094,0.2785368003525782
0.47735346358792186,0.11589698046181172,0.1172291296625222,0.2895204262877442
0.47303271441202477,0.11626878868258178,0.11715296198054818,0.29354553492484525
0.48328935795954264,0.11081794195250659,0.11565523306948108,0.29023746701846964
0.4847277556440903,0.10934041611332448,0.11420982735723771,0.2917220008853475
0.4907243816254417,0.10909893992932862,0.11130742049469965,0.28886925795053003
0.4881993006993007,0.1097027972027972,0.11145104895104894,0.2906468531468531
0.4759169244365886,0.11224038886433937,0.11489173663278833,0.2969509500662837
0.4853852967227635,0.10894596988485385,0.11691762621789194,0.2887511071744907
0.4763796909492274,0.10860927152317881,0.11434878587196468,0.30066225165562915
0.4732419283502875,0.10570544007076514,0.11366651923927466,0.3073861123396727
0.47095343680709534,0.10909090909090909,0.11485587583148558,0.30509977827051
0.46714349575324093,0.10728654447921324,0.11175681716584712,0.3138131426016987
0.4689413823272091,0.1084864391951006,0.11198600174978128,0.310586176727909
0.47126436781609193,0.10433244916003537,0.11582670203359859,0.30857648099027407
0.4762323943661972,0.09991197183098592,0.11795774647887323,0.3058978873239437
0.4729609929078014,0.10416666666666667,0.11923758865248227,0.30363475177304966
0.47530864197530864,0.10317460317460317,0.11772486772486772,0.3037918871252205
0.4705105633802817,0.10695422535211267,0.11223591549295775,0.3102992957746479
0.4715733803437638,0.10533274570295284,0.11458792419568092,0.3085059497576025
0.4683768244139761,0.10482087571870853,0.11278195488721804,0.3140203449800973
0.46863957597173145,0.10644876325088339,0.10909893992932862,0.31581272084805656
0.4656084656084656,0.10758377425044091,0.10934744268077601,0.31746031746031744
0.46278026905829595,0.10852017937219731,0.11121076233183856,0.31748878923766816
0.45955555555555555,0.11244444444444444,0.11155555555555556,0.3164444444444444
0.4567243675099867,0.11229471815357302,0.1118508655126498,0.3191300488237905
0.4517699115044248,0.1168141592920354,0.11548672566371682,0.315929203539823
0.45401785714285714,0.11651785714285715,0.11160714285714286,0.31785714285714284
0.46079295154185024,0.10837004405286343,0.11101321585903083,0.3198237885462555
0.4643175735950045,0.10972346119536129,0.11106155218554861,0.31489741302408564
0.4602197802197802,0.10417582417582417,0.11252747252747253,0.3230769230769231
0.45430579964850615,0.10808435852372583,0.11906854130052724,0.3185413005272408
0.4526967285587975,0.10831122900088418,0.1198054818744474,0.3191865605658709
0.4445430346051464,0.10780834072759539,0.12023070097604259,0.32741792369121564
0.4409691629955947,0.10792951541850221,0.11938325991189427,0.3317180616740088
0.44306601683650865,0.10899424014178112,0.12317235268054941,0.3247673903411608
0.44761480160499334,0.10878288007133304,0.12483281319661169,0.318769505127062
0.44701691896705253,0.10952804986642921,0.12154942119323241,0.3219056099732858
0.45357618836072855,0.10750777432252333,0.11905819635717459,0.31985784095957354
0.4555457746478873,0.11355633802816902,0.12147887323943662,0.30941901408450706
0.4519273371732388,0.11608329641116526,0.12184315463003988,0.31014621178555607
0.4543046357615894,0.11434878587196468,0.12538631346578366,0.30596026490066225
0.4571682201509099,0.11673324456280515,0.12117177097203728,0.30492676431424764
0.4606841403820524,0.1159484673478454,0.11861394935584185,0.3047534429142603
0.46092362344582594,0.11545293072824156,0.11989342806394317,0.3037300177619893
0.4654032613486117,0.1119435874834729,0.12296165711767298,0.2996914940502424
0.4652288732394366,0.11487676056338028,0.1192781690140845,0.30061619718309857
0.46326440827100746,0.1117465904091509,0.12186537615486141,0.3031236251649802
0.4623182018510357,0.11414720141031291,0.12163948876156898,0.3018951079770824
0.46337157987643424,0.11385701676963812,0.1204766107678729,0.30229479258605474
0.4654867256637168,0.10973451327433628,0.12654867256637167,0.2982300884955752
0.47231985940246046,0.10764499121265378,0.11994727592267135,0.30008787346221444
0.47524314765694076,0.10654288240495137,0.1206896551724138,0.2975243147656941
0.468694885361552,0.10582010582010581,0.12213403880070546,0.30335097001763667
0.471846355303361,0.10126582278481013,0.1204714098646879,0.306416412047141
0.4721980886185925,0.0994787141615986,0.12033014769765421,0.30799304952215467
0.47806823216659283,0.09968985378821445,0.11829862649534781,0.30394328754984495
0.47881170816950636,0.09698558322411534,0.11795543905635648,0.30624726955002185
0.4730752113929684,0.09835336003560302,0.11838006230529595,0.31019136626613264
0.4673524150268336,0.0943649373881932,0.120304114490161,0.31797853309481217
0.4669603524229075,0.09118942731277534,0.12070484581497798,0.3211453744493392
0.4724168126094571,0.08975481611208407,0.11996497373029773,0.3178633975481611
0.47366091190792387,0.0849933598937583,0.12129260734838423,0.3200531208499336
0.47432550043516103,0.08224543080939947,0.12402088772845953,0.31940818102698
0.4712087912087912,0.08571428571428572,0.12395604395604395,0.3191208791208791
0.46908127208480566,0.08524734982332155,0.12234982332155477,0.32332155477031804
0.46848832084618774,0.08638166593212869,0.125605993829881,0.3195240193918026
0.46493162770180857,0.08557565063961182,0.12174680194089105,0.32774591971768857
0.4609960334949317,0.0868223887174967,0.12340237990304098,0.32877919788453064
0.4620141342756184,0.08524734982332155,0.12455830388692579,0.3281802120141343
0.456540825285338,0.08691834942932397,0.11984196663740122,0.3366988586479368
0.46113074204946997,0.09231448763250884,0.11528268551236749,0.33127208480565373
0.4617777777777778,0.09333333333333334,0.11644444444444445,0.32844444444444443
0.47056239015817225,0.09094903339191564,0.11247803163444639,0.3260105448154657
0.4675438596491228,0.09078947368421053,0.11535087719298245,0.3263157894736842
0.46854377474703035,0.0950285965684118,0.1117465904091509,0.32468103827540695
0.46394019349164467,0.09586631486367635,0.1077396657871592,0.3324538258575198
0.45258999122036875,0.09833187006145742,0.11018437225636524,0.3388937664618086
0.4592331423534597,0.09695901278096078,0.10841780520052886,0.3353900396650507
0.4585344449319877,0.09784993418165862,0.10443176831943835,0.3391838525669153
0.4534986713906112,0.10274579273693533,0.10584588131089459,0.3379096545615589
0.4534521158129176,0.10601336302895323,0.10512249443207126,0.3354120267260579
0.4537405931828243,0.10978308986277113,0.10358565737051793,0.3328906595838867
0.4510150044130627,0.10812003530450133,0.10679611650485436,0.3340688437775816
0.45671378091872794,0.10821554770318022,0.10424028268551237,0.3308303886925795
0.4514161220043573,0.11459694989106754,0.10413943355119826,0.3298474945533769
0.4496674057649667,0.11352549889135255,0.10199556541019955,0.3348115299334812
0.4440052700922266,0.11506368028107158,0.10144927536231885,0.339481774264383
0.4486104984561094,0.11027790030877813,0.10101455668284076,0.34009704455227174
0.45,0.11228070175438597,0.10307017543859649,0.33464912280701753
0.45015507310589276,0.11253876827647319,0.10013291980505096,0.3371732388125831
0.4558758314855876,0.11352549889135255,0.1024390243902439,0.328159645232816
0.45474711623779945,0.11002661934338953,0.1002661934338953,0.3349600709849157
0.44528134692069116,0.11342490031014621,0.10677891005759858,0.334514842711564
0.44038715354157504,0.11306643202815662,0.11086669599648043,0.33567971843378797
0.4371970030850595,0.11855442926399296,0.1119435874834729,0.3323049801674747
0.43333333333333335,0.12236842105263158,0.10833333333333334,0.33596491228070174
0.4315463003987594,0.12494461674789543,0.10988037217545414,0.333628710677891
0.42430988423864646,0.12733748886910062,0.1126447016918967,0.3357079252003562
0.4258688957325121,0.12318521777386714,0.11086669599648043,0.34007919049714036
0.4315463003987594,0.12140008861320337,0.11076650420912716,0.33628710677891005
0.42268498006202926,0.12405848471422241,0.11253876827647319,0.3407177669472751
0.43125,0.12321428571428572,0.10982142857142857,0.3357142857142857
0.4292661361626879,0.1229000884173298,0.10565870910698497,0.3421750663129973
0.42580361074416556,0.12505504183179217,0.11096433289299867,0.3381770145310436
0.4200530035335689,0.12809187279151943,0.11042402826855123,0.3414310954063604
0.41959910913140314,0.1287305122494432,0.10690423162583519,0.3447661469933185
0.41534391534391535,0.12698412698412698,0.10052910052910052,0.35714285714285715
0.41846153846153844,0.12835164835164836,0.09934065934065935,0.35384615384615387
0.42147293700088734,0.1326530612244898,0.09804791481810116,0.34782608695652173
0.41483757682177347,0.13169446883230904,0.10228270412642669,0.35118525021949076
0.41991150442477876,0.13097345132743363,0.09867256637168141,0.3504424778761062
0.42203465126610396,0.13238560639715682,0.09195912927587739,0.35362061306086184
0.4169986719787517,0.13280212483399734,0.09119079238601151,0.35900841080123946
0.4202386212991604,0.13345117101193107,0.08926204153778171,0.35704816615112683
0.42070484581497797,0.1290748898678414,0.0907488986784141,0.3594713656387665
0.4190391459074733,0.12944839857651247,0.08763345195729537,0.3638790035587189
0.41785714285714287,0.13080357142857144,0.09151785714285714,0.35982142857142857
0.4168504631671813,0.12968681076312308,0.0952801058667843,0.35818262020291136
0.4174714661984197,0.12598770851624233,0.09438103599648814,0.36215978928884984
0.41836734693877553,0.12377994676131322,0.0940550133096717,0.36379769299023956
0.4157848324514991,0.12345679012345678,0.09435626102292768,0.3664021164021164
0.42024539877300615,0.12182296231375986,0.09815950920245399,0.35977212971078004
0.417360806663744,0.12012275317843052,0.10039456378781236,0.36212187637001314
0.42133098281181136,0.1123843102688409,0.1000440722785368,0.3662406346408109
0.42065602836879434,0.1148049645390071,0.09796099290780141,0.36657801418439717
0.4182628062360802,0.11269487750556793,0.10022271714922049,0.3688195991091314
0.4204045734388742,0.11169744942832015,0.10246262093227793,0.3654353562005277
0.4208680403331872,0.11091626479614204,0.10039456378781236,0.3678211310828584
0.42088888888888887,0.11466666666666667,0.09688888888888889,0.3675555555555556
0.42133333333333334,0.11466666666666667,0.09422222222222222,0.36977777777777776
0.42160737812911725,0.10759771629336846,0.09398331137461573,0.37681159420289856
0.42509942554131686,0.11224038886433937,0.09191338930623066,0.37074679628811313
0.4243231247225921,0.11007545494895694,0.08921438082556592,0.37638703950288505
0.41770462633451955,0.10898576512455516,0.08451957295373666,0.3887900355871886
0.4178173719376392,0.10734966592427617,0.08195991091314031,0.3928730512249443
0.41259357111404665,0.11052399823866138,0.08366358432408631,0.39321884632320564
0.4125719344842851,0.1049136786188579,0.08587870739265162,0.3966356795042054
0.4072934973637961,0.1063268892794376,0.08611599297012303,0.40026362038664326
0.40557006092254133,0.10704960835509138,0.0865970409051349,0.4007832898172324
0.4041611332447986,0.10845506861443116,0.08676405489154493,0.40061974324922534
0.3944099378881988,0.1126885536823425,0.08695652173913043,0.4059449866903283
0.3925438596491228,0.11052631578947368,0.08771929824561403,0.40921052631578947
0.39336917562724016,0.10663082437275985,0.08333333333333333,0.4166666666666667
0.3943908851884312,0.10867659947414549,0.08326029798422437,0.4136722173531989
0.3926056338028169,0.11355633802816902,0.08098591549295775,0.4128521126760563
0.3993040452370596,0.1143975641583297,0.08264462809917356,0.40365376250543716
0.39202803328953134,0.11344721857205431,0.08409986859395532,0.41042487954445905
0.3985890652557319,0.11199294532627865,0.08333333333333333,0.4060846560846561
0.39095744680851063,0.1148049645390071,0.08067375886524823,0.41356382978723405
0.3899647887323944,0.10827464788732394,0.08230633802816902,0.4194542253521127
0.3848873177198409,0.10649580203269995,0.08528501988510827,0.4233318603623509
0.3911149825783972,0.10278745644599303,0.08362369337979095,0.42247386759581884
0.39413823272090986,0.10236220472440945,0.08398950131233596,0.4195100612423447
0.39964633068081346,0.10167992926613616,0.08090185676392574,0.4177718832891247
0.40114235500878737,0.09929701230228472,0.0843585237258348,0.4152021089630931
0.3942908117752007,0.09901873327386262,0.08340767172167707,0.4232827832292596
0.3959524857017158,0.09590849098108227,0.08710954685437748,0.42102947646282446
0.39556541019955654,0.09312638580931264,0.09046563192904657,0.42084257206208425
0.3947718210013292,0.09348692955250332,0.09304386353566682,0.41869738591050065
0.39243290805103387,0.0950285965684118,0.09282886053673559,0.41970963484381874
0.38884007029876977,0.09797891036906854,0.08919156414762741,0.4239894551845343
0.3910341766533511,0.0989791389258766,0.0923213493120284,0.4176653351087439
0.38525669153137343,0.09916630100921457,0.0895129442738043,0.42606406318560774
0.38987566607460034,0.10390763765541741,0.08969804618117229,0.41651865008880995
0.3935002195871761,0.10276679841897234,0.0878348704435661,0.41589811155028544
0.39559471365638765,0.0986784140969163,0.0881057268722467,0.41762114537444933
0.3962510897994769,0.0980819529206626,0.08500435919790758,0.42066259808195294
0.3923110528615116,0.09742245522062036,0.08999563128003495,0.4202708606378331
0.39126559714795006,0.09759358288770054,0.08957219251336898,0.4215686274509804
0.3976326172731258,0.09776413853572995,0.0920648838228847,0.4125383603682595
0.39474835886214443,0.10328227571115974,0.09015317286652079,0.41181619256017504
0.39426048565121413,0.10419426048565121,0.08962472406181016,0.4119205298013245
0.39604395604395604,0.0989010989010989,0.08967032967032967,0.4153846153846154
0.3931548924967091,0.10223782360684511,0.09741114523913998,0.40719613865730586
0.39451570101724903,0.10393631136665192,0.09553295002211411,0.40601503759398494
0.39312472454825914,0.10489202291758484,0.09255178492728074,0.40943146760687527
0.39542190305206465,0.10457809694793536,0.09066427289048475,0.40933572710951527
0.4029190623617868,0.09995577178239717,0.0871295886775763,0.4099955771782397
0.401067140951534,0.09959982214317474,0.08448199199644287,0.4148510449088484
0.396118217909131,0.10057344508160565,0.08601676224084694,0.4172915747684164
0.3915929203539823,0.09247787610619469,0.08628318584070796,0.42964601769911503
0.3932233615693268,0.09362460989745876,0.08559964333481944,0.427552385198395
0.3931585961794758,0.09373611728120836,0.08262994224788983,0.43047534429142603
0.39224327897752315,0.08990744821507272,0.08373732921992066,0.43411194358748345
0.38645418326693226,0.09207613988490483,0.08720672864099159,0.4342629482071713
0.38729598588442876,0.08778120864578738,0.09263343625937362,0.4322893692104102
0.38143422789265286,0.09150901891772988,0.09238891333040035,0.4346678398592169
0.381978021978022,0.09054945054945054,0.09406593406593407,0.43340659340659343
0.39068736141906873,0.09135254988913526,0.09268292682926829,0.42527716186252773
0.3858407079646018,0.08893805309734513,0.09646017699115045,0.42876106194690267
0.3799822852081488,0.08945969884853854,0.09300265721877768,0.437555358724535
0.3815439219165927,0.09183673469387756,0.09094942324755989,0.4356699201419698
0.3775419982316534,0.09593280282935455,0.09239610963748895,0.43412908930150307
0.3821600349803236,0.0975076519457805,0.09182334936598163,0.4285089637079143
0.3847509916262671,0.09784045835169679,0.09122961657117673,0.4261789334508594
0.37860262008733625,0.09606986899563319,0.09126637554585153,0.434061135371179
0.37912813738441214,0.10127697049757815,0.08850726552179657,0.43108762659621314
0.3790035587188612,0.10142348754448399,0.08896797153024912,0.4306049822064057
0.38053485313459007,0.09732573432704954,0.09031126698816308,0.4318281455501973
0.37717342844404816,0.10031208203299152,0.0927329469460544,0.42978154257690593
0.378868258178603,0.10079575596816977,0.08709106984969053,0.4332449160035367
0.3800705467372134,0.09832451499118165,0.08862433862433862,0.4329805996472663
0.37758241758241756,0.09978021978021978,0.0865934065934066,0.43604395604395607
0.3708609271523179,0.10596026490066225,0.08609271523178808,0.4370860927152318
0.36925795053003535,0.10556537102473498,0.08348056537102473,0.4416961130742049
0.3674093490607252,0.10703363914373089,0.07951070336391437,0.4460463084316295
0.3578021978021978,0.11032967032967032,0.08219780219780219,0.44967032967032966
0.3609519612163949,0.10753635962979285,0.08285588364918467,0.4486557955046276
0.3680494263018535,0.10458958517210945,0.0820829655781112,0.44527802294792584
0.36965152183502425,0.10057344508160565,0.08645787384208205,0.44331715924128806
0.3688670829616414,0.10437109723461195,0.08697591436217662,0.43978590544157004
0.3710747456877488,0.10437859354268023,0.0875718708536046,0.4369747899159664
0.36932569413838695,0.10577346848832085,0.08638166593212869,0.43851917144116354
0.36812472932005197,0.10264183629276744,0.0887830229536596,0.440450411433521
0.36534264513312964,0.10388476647752073,0.09035355739851593,0.4404190309908337
0.3670608848007008,0.1038107752956636,0.08891809023215068,0.44021024967148487
0.36524040582267314,0.10189677988531098,0.08778120864578738,0.4450816056462285
0.36948853615520283,0.09700176366843033,0.08641975308641975,0.4470899470899471
0.36802480070859167,0.09477413640389726,0.09300265721877768,0.44419840566873336
0.3689839572192513,0.0944741532976827,0.09269162210338681,0.44385026737967914
0.364,0.09555555555555556,0.096,0.4444444444444444
0.3621071270473661,0.09561752988047809,0.099601593625498,0.4426737494466578
0.36238938053097347,0.09424778761061947,0.09646017699115045,0.4469026548672566
0.3616740088105727,0.09515418502202644,0.09162995594713656,0.45154185022026433
0.3575244879786287,0.08904719501335707,0.09884238646482636,0.4545859305431879
0.36109880372175457,0.08994240141781125,0.10146211785556047,0.4474966770048737
0.35905304690925033,0.0916264796142043,0.10083296799649277,0.4484875054800526
0.3637969094922737,0.09536423841059603,0.09536423841059603,0.44547461368653424
0.36451048951048953,0.09396853146853147,0.0979020979020979,0.4436188811188811
0.3644818423383525,0.09654561558901682,0.09521700620017715,0.4437555358724535
0.3503779457536683,0.09826589595375723,0.09693196976433971,0.4544241885282348
0.34991119005328597,0.09724689165186501,0.09591474245115453,0.45692717584369447
0.36152125279642056,0.09574944071588366,0.0894854586129754,0.4532438478747204
0.3594368675758909,0.0985481742190937,0.08842938847338319,0.4535855697316322
0.3627148523578669,0.09960334949316879,0.09299250771264875,0.44468929043631555
0.36662286465177396,0.10030661410424879,0.09242225142356549,0.4406482698204117
0.361074416556583,0.09731395860854249,0.09379128137384413,0.4478203434610304
0.3617957746478873,0.10167253521126761,0.09154929577464789,0.4449823943661972
0.3648888888888889,0.09911111111111111,0.09422222222222222,0.44177777777777777
0.3733451015004413,0.0970873786407767,0.0970873786407767,0.4324801412180053
0.36223591549295775,0.09903169014084508,0.09859154929577464,0.44014084507042256
0.3626373626373626,0.0989010989010989,0.0967032967032967,0.44175824175824174
0.3610251878038003,0.09942554131683606,0.0958904109589041,0.44365885992045956
0.3664898320070734,0.09504862953138815,0.09814323607427056,0.4403183023872679
0.36753648827952234,0.09641751437417072,0.09420610349402919,0.44183989385227773
0.3698630136986301,0.09368095448519664,0.09500662836942113,0.4414494034467521
0.3637984841729826,0.0896121266161391,0.09674543022737406,0.4498439589835042
0.37422771403353927,0.08781994704324801,0.10105913503971757,0.4368932038834951
0.36860670194003525,0.0890652557319224,0.09832451499118165,0.44400352733686066
0.36387782204515273,0.09384683488269145,0.09517485613103142,0.44710048694112436
0.3645189761694616,0.08914386584289496,0.09267431597528684,0.45366284201235657
0.36693191865605657,0.09151193633952255,0.08974358974358974,0.45181255526083114
0.36423550087873463,0.09270650263620386,0.08655536028119508,0.45650263620386644
0.3701241134751773,0.09264184397163121,0.08554964539007093,0.4516843971631206
0.36086956521739133,0.08826086956521739,0.08826086956521739,0.46260869565217394
0.36540158870255957,0.08693733451015004,0.09135039717563989,0.4563106796116505
0.3736888111888112,0.08916083916083917,0.08697552447552448,0.45017482517482516
0.3767543859649123,0.08728070175438596,0.0868421052631579,0.44912280701754387
0.3719485130936529,0.08921438082556592,0.08610741233910342,0.45272969374167776
0.37117903930131,0.09388646288209607,0.08384279475982533,0.45109170305676854
0.36862917398945516,0.09534270650263621,0.08479789103690685,0.45123022847100175
0.35975341259357113,0.0964332892998679,0.08894760017613386,0.45486569793042714
0.36902654867256635,0.09823008849557523,0.08628318584070796,0.4464601769911504
0.3650088809946714,0.0994671403197158,0.08481349911190053,0.45071047957371224
0.3653591890700749,0.09784045835169679,0.08197443807844866,0.45482591449977966
0.35887274328489654,0.10083663584324086,0.08850726552179657,0.45178335535006603
0.34809565987599644,0.10053144375553587,0.09034543844109831,0.4610274579273694
0.35246995994659547,0.09835336003560302,0.09167779261237205,0.4574988874054295
0.3479596314172883,0.09872751206669592,0.09565598946906538,0.4576568670469504
0.34598214285714285,0.10089285714285715,0.09375,0.459375
0.35152057245080504,0.09794275491949911,0.09704830053667263,0.45348837209302323
0.3540017590149516,0.09454705364995603,0.09630606860158311,0.4551451187335092
0.346777729066199,0.09776413853572995,0.09513371328364752,0.4603244191144235
0.3472344161545215,0.10403863037752414,0.09569798068481124,0.45302897278314314
0.34023799030409874,0.09739973556632878,0.09784045835169679,0.4645218157778757
0.3489606368863335,0.09951348960636887,0.09818664307828394,0.4533392304290137
0.3467137185707984,0.09572121746801941,0.0992501102779003,0.45831495368328184
0.3481906443071492,0.09885260370697264,0.09885260370697264,0.45410414827890555
0.34914361001317523,0.09837505489679403,0.09793588054457619,0.45454545454545453
0.3443126921387791,0.09705753184014053,0.1023276240667545,0.4563021519543259
0.3470639789658195,0.09728308501314636,0.10078878177037687,0.4548641542506573
0.34922737306843266,0.09757174392935983,0.09977924944812362,0.4534216335540839
0.3487544483985765,0.09564056939501779,0.10142348754448399,0.4541814946619217
0.351721094439541,0.09576345984112974,0.0970873786407767,0.4554280670785525
0.35127978817299205,0.09135039717563989,0.09929390997352162,0.4580759046778464
0.3448581560283688,0.09352836879432624,0.10017730496453901,0.46143617021276595
0.33773087071240104,0.09278803869832894,0.10422163588390501,0.465259454705365
0.3442188879082083,0.09929390997352162,0.10414827890556046,0.45233892321270963
0.3471183457985042,0.0963484381874175,0.10602727672679278,0.45050593928728555
0.3511957484499557,0.09477413640389726,0.10584588131089459,0.4481842338352524
0.34844444444444445,0.0951111111111111,0.10755555555555556,0.4488888888888889
0.35066079295154184,0.0920704845814978,0.10572687224669604,0.45154185022026433
0.3500874125874126,0.0930944055944056,0.10358391608391608,0.45323426573426573
0.3460008837825895,0.09412284577993814,0.103844454264251,0.45603181617322136
0.34750219106047325,0.09246275197195443,0.10078878177037687,0.45924627519719546
0.3557312252964427,0.09090909090909091,0.10144927536231885,0.4519104084321476
0.35610401057734686,0.09695901278096078,0.09960334949316879,0.4473336271485236
0.3539473684210526,0.09649122807017543,0.10043859649122808,0.44912280701754387
0.35281195079086114,0.09182776801405976,0.101493848857645,0.4538664323374341
0.35294117647058826,0.0880141530296329,0.10084033613445378,0.4582043343653251
0.34782608695652173,0.0865128660159716,0.10248447204968944,0.4631765749778172
0.34576568670469504,0.088635366388767,0.104870557261957,0.46072838964458096
0.3454868830591374,0.08848377056469542,0.10538016896398399,0.4606491774121832
0.34158197083517455,0.08749447635881573,0.10870525850640743,0.4622182942996023
0.3381706244503078,0.08795074758135445,0.11301671064204045,0.4608619173262973
0.3303964757709251,0.08722466960352424,0.11629955947136564,0.466079295154185
0.335676625659051,0.08611599297012303,0.11423550087873462,0.46397188049209137
0.33613074204946997,0.08259717314487633,0.11130742049469965,0.46996466431095407
0.3270660253607346,0.08264101442938347,0.11412330564057717,0.47616965456930477
0.32077979618963226,0.08418254319893664,0.11431103234381923,0.48072662826761187
0.3274725274725275,0.07868131868131868,0.1156043956043956,0.47824175824175824
0.325,0.08070175438596491,0.11447368421052631,0.47982456140350876
0.32538631346578367,0.07858719646799117,0.1130242825607064,0.48300220750551875
0.31836195508586523,0.07705856450902686,0.11316600616468515,0.4914134742404227
0.31913959613696224,0.07199297629499561,0.11457418788410886,0.4942932396839333
0.31310894596988487,0.07440212577502214,0.11691762621789194,0.49557130203720107
0.31354441512752856,0.07343887423043095,0.11477572559366754,0.4982409850483729
0.31625835189309576,0.07216035634743875,0.11670378619153675,0.49487750556792875
0.3111597374179431,0.07614879649890591,0.1150984682713348,0.4975929978118162
0.31200701139351444,0.0740578439964943,0.11349693251533742,0.5004382120946538
0.3116651825467498,0.0761353517364203,0.11308993766696349,0.4991095280498664
0.3151648351648352,0.06945054945054945,0.10857142857142857,0.5068131868131868
0.31567328918322296,0.0706401766004415,0.11258278145695365,0.5011037527593819
0.3232413178984862,0.06901157613535173,0.10997328584149599,0.4977738201246661
0.32210065645514224,0.06739606126914661,0.11422319474835886,0.4962800875273523
0.3280141843971631,0.06560283687943262,0.11125886524822695,0.4951241134751773
