C,D,Oc,Od
1.0,0.0,0.0,0.0
0.6,0.4,0.0,0.0
0.5,0.5,0.0,0.0
0.5,0.5,0.0,0.0
0.45714285714285713,0.5428571428571428,0.0,0.0
0.5084745762711864,0.4915254237288136,0.0,0.0
0.43529411764705883,0.5647058823529412,0.0,0.0
0.45384615384615384,0.5307692307692308,0.015384615384615385,0.0
0.4512820512820513,0.5333333333333333,0.015384615384615385,0.0
0.4782608695652174,0.4927536231884058,0.025362318840579712,0.0036231884057971015
0.47733333333333333,0.48,0.04,0.0026666666666666666
0.4717741935483871,0.46975806451612906,0.05040322580645161,0.008064516129032258
0.4830917874396135,0.4573268921095008,0.05152979066022544,0.008051529790660225
0.4883419689119171,0.4365284974093264,0.06606217616580311,0.009067357512953367
0.4785788923719958,0.4440961337513062,0.06687565308254964,0.01044932079414838
0.4889867841409692,0.4281938325991189,0.07488986784140969,0.007929515418502203
0.4815950920245399,0.4263803680981595,0.08358895705521473,0.00843558282208589
0.47554347826086957,0.4266304347826087,0.09171195652173914,0.006114130434782609
0.4586374695863747,0.4251824817518248,0.10401459854014598,0.012165450121654502
0.44804088586030666,0.42248722316865417,0.1135718341851221,0.01590005678591709
0.43552701979668274,0.4168004280363831,0.13001605136436598,0.01765650080256822
0.4299541518084564,0.4105960264900662,0.1370351502801834,0.022414671421293938
0.42718916303821963,0.40638606676342526,0.14271891630382197,0.02370585389453314
0.42501175364362953,0.3921015514809591,0.15467795016455102,0.028208744710860368
0.416780665754674,0.39306885544915643,0.1600547195622435,0.030095759233926128
0.41550874047512326,0.3863738233975796,0.1671896010757508,0.030927835051546393
0.40382902938557436,0.3869100623330365,0.1772039180765806,0.032056990204808546
0.40573951434878586,0.38631346578366443,0.17483443708609273,0.033112582781456956
0.4171806167400881,0.3788546255506608,0.16784140969162994,0.03612334801762115
0.4166298098186643,0.3710747456877488,0.17204776647501105,0.04024767801857585
0.412,0.37333333333333335,0.1711111111111111,0.043555555555555556
0.42105263157894735,0.36973684210526314,0.1631578947368421,0.046052631578947366
0.4130052724077329,0.37565905096660807,0.1625659050966608,0.048769771528998244
0.4204045734388742,0.3729111697449428,0.15963060686015831,0.047053649956024624
0.4148796498905908,0.3715536105032823,0.1649890590809628,0.04857768052516411
0.41552712836347594,0.36965152183502425,0.16365240405822673,0.05116894574327305
0.416,0.37066666666666664,0.16666666666666666,0.04666666666666667
0.41534391534391535,0.36904761904761907,0.16710758377425045,0.048500881834215165
0.41534391534391535,0.3681657848324515,0.17019400352733685,0.046296296296296294
0.41274725274725277,0.363956043956044,0.17274725274725275,0.05054945054945055
0.4069664902998236,0.36684303350970016,0.17239858906525574,0.053791887125220456
0.4044795783926219,0.36495388669301715,0.17654808959156784,0.05401844532279315
0.4017543859649123,0.362280701754386,0.17763157894736842,0.058333333333333334
0.3910565541429198,0.3665059184568172,0.1823761508110478,0.06006137658921526
0.3884224480777729,0.37030490499337165,0.17675651789659744,0.06451612903225806
0.39016829052258634,0.36359610274579274,0.17847652790079716,0.06775907883082374
0.38722466960352425,0.36475770925110135,0.17841409691629956,0.06960352422907488
0.38155594405594406,0.36363636363636365,0.18225524475524477,0.07255244755244755
0.3807829181494662,0.36298932384341637,0.1854982206405694,0.07072953736654804
0.37853356890459366,0.36042402826855124,0.18639575971731448,0.07464664310954064
0.37658921525646644,0.35949145111793074,0.18982902235861465,0.07409031126698816
0.3766519823788546,0.360352422907489,0.19251101321585903,0.07048458149779736
0.37160385626643294,0.36415425065731816,0.19631901840490798,0.06792287467134094
0.3704515563349408,0.3612450679526523,0.1999123191582639,0.06839105655414292
0.3731994762112615,0.36272370144041904,0.19642077695329552,0.06765604539502401
0.37050043898156276,0.36347673397717295,0.1984196663740123,0.06760316066725197
0.37527400263042526,0.35116177115300307,0.20166593599298555,0.07189829022358615
0.3759825327510917,0.35283842794759823,0.2,0.07117903930131005
0.37599645704162976,0.35562444641275465,0.1975199291408326,0.070859167404783
0.36879432624113473,0.3603723404255319,0.1981382978723404,0.0726950354609929
0.37672145713016436,0.3611728120835184,0.19013771657041315,0.07196801421590404
0.37234982332155475,0.36174911660777387,0.18904593639575973,0.07685512367491167
0.36939313984168864,0.35356200527704484,0.1948109058927001,0.0822339489885664
0.36190897039328324,0.3605832965090588,0.1917808219178082,0.08572691117984976
0.3592105263157895,0.3675438596491228,0.1850877192982456,0.0881578947368421
0.36082928981032203,0.3639170710189678,0.18482576091751213,0.09042787825319806
0.3685373398144057,0.3605832965090588,0.18603623508616882,0.08484312859036677
0.3614404918752745,0.3588054457619675,0.1875274483970136,0.0922266139657444
0.3587287766652155,0.3565520243796256,0.1893774488463213,0.09534175010883761
0.35774522858411006,0.35730137594318684,0.19130048823790502,0.09365290723479805
0.3631971892841458,0.3513394817742644,0.1901624945103206,0.09530083443126922
0.3593339176161262,0.3496932515337423,0.19456617002629273,0.09640666082383874
0.35417577612592915,0.35417577612592915,0.19326628771316134,0.09838216003498032
0.35936814392277316,0.3562966213251426,0.18736287845546293,0.09697235629662132
0.3548672566371681,0.36106194690265486,0.18716814159292036,0.09690265486725663
0.35996488147497807,0.35294117647058826,0.18832309043020193,0.09877085162423178
0.35686102586584834,0.35905304690925033,0.19114423498465585,0.09294169224024551
0.3547818422212428,0.35654473336271486,0.19039224327897752,0.09828118113706479
0.35030728709394204,0.35733099209833186,0.19139596136962247,0.1009657594381036
0.35288928098808997,0.3542126157917953,0.1910013233348037,0.10189677988531098
0.3453111305872042,0.36108676599474143,0.19193689745836984,0.1016652059596845
0.34496466431095407,0.3626325088339223,0.1894876325088339,0.10291519434628975
0.3510167992926614,0.3505747126436782,0.1905393457117595,0.10786914235190097
0.3532801418439716,0.3475177304964539,0.18838652482269502,0.11081560283687943
0.34608540925266906,0.34653024911032027,0.18905693950177935,0.11832740213523131
0.34359876814782225,0.3501979762428509,0.18389793224813022,0.12230532336119665
0.34366812227074234,0.34847161572052404,0.18471615720524018,0.12314410480349346
0.34502411223147744,0.342393686979395,0.1854449802718106,0.12713722051731696
0.3401926444833625,0.3467600700525394,0.18169877408056043,0.13134851138353765
0.3368560105680317,0.35535006605019814,0.1787758696609423,0.12901805372082784
0.3354064860062195,0.3522878720568636,0.17681030653043092,0.135495335406486
0.33274802458296754,0.35162423178226515,0.17647058823529413,0.1391571553994732
0.34406704896338774,0.34494927216585797,0.17423908248786943,0.13674459638288486
0.3412489006156552,0.3434476693051891,0.17941952506596306,0.1358839050131926
0.34352836879432624,0.3426418439716312,0.18129432624113476,0.1325354609929078
0.337296345222369,0.3505063848524879,0.17525319242624396,0.13694407749889917
0.34494927216585797,0.33480370533745035,0.18041464490516101,0.13983237759153067
0.3395472703062583,0.3395472703062583,0.18331114070128718,0.13759431868619618
0.3434476693051891,0.34212840809146877,0.1789797713280563,0.13544415127528583
0.33893805309734515,0.35,0.1743362831858407,0.13672566371681416
0.3403024911032028,0.34341637010676157,0.17704626334519574,0.13923487544483987
0.33863134657836647,0.33995584988962474,0.18322295805739514,0.1381898454746137
0.33581762384918895,0.33888645330995176,0.18106093818500657,0.1442349846558527
0.33654688869412797,0.34049079754601225,0.17791411042944785,0.1450482033304119
0.33770778652668415,0.3350831146106737,0.18503937007874016,0.14216972878390202
0.3368560105680317,0.3337736679876706,0.18582122413033905,0.1435490973139586
0.3326010544815466,0.3308435852372584,0.18760984182776802,0.14894551845342707
0.3296114336757481,0.33407771326485036,0.1929432782492184,0.1433675748101831
0.3292307692307692,0.3384615384615385,0.189010989010989,0.1432967032967033
0.3283052351375333,0.33407275953859805,0.19077196095829635,0.1468500443655723
0.3283318623124448,0.3358340688437776,0.19020300088261252,0.14563106796116504
0.3345008756567426,0.3327495621716287,0.18914185639229422,0.1436077057793345
0.33552055993000873,0.32852143482064744,0.194663167104112,0.14129483814523183
0.3361270401411557,0.32377591530657257,0.1940891045434495,0.14600794000882222
0.34416154521510095,0.3160667251975417,0.1957857769973661,0.14398595258999122
0.33495790872840053,0.3225520602569783,0.19760744350908285,0.1448825875055383
0.3330404217926186,0.3189806678383128,0.20738137082601055,0.140597539543058
0.3355408388520971,0.31125827814569534,0.20706401766004415,0.14613686534216336
0.33230904302019315,0.31299385425812115,0.21071115013169447,0.14398595258999122
0.3305531167690957,0.30816505706760317,0.21290605794556627,0.14837576821773485
0.3283450704225352,0.30633802816901406,0.21346830985915494,0.15184859154929578
0.3323022536456032,0.30004418912947417,0.21343349536014142,0.15422006186478127
0.32981530343007914,0.30123131046613894,0.21503957783641162,0.15391380826737028
0.33541480820695807,0.30196253345227475,0.2096342551293488,0.15298840321141838
0.33040807371654235,0.3010092145677929,0.21237384817902588,0.15620886353663888
0.33110218652387324,0.2936189201249442,0.2177599286033021,0.1575189647478804
0.33915320820602357,0.2928852029681362,0.21780881711043212,0.1501527717154081
0.3318815331010453,0.2935540069686411,0.21777003484320556,0.156794425087108
0.3368513632365875,0.28935795954265614,0.2185576077396658,0.15523306948109059
0.33510874389702616,0.29027962716378164,0.2197070572569907,0.1549045716822015
0.33962264150943394,0.28258007898200965,0.21895568231680562,0.15884159719175076
0.3434878587196468,0.28300220750551874,0.22339955849889626,0.15011037527593818
0.345558992487848,0.28413610251878035,0.2213875386654883,0.14891736632788333
0.3425559947299078,0.28370663153271847,0.2222222222222222,0.15151515151515152
0.3401926444833625,0.28677758318739055,0.2224168126094571,0.15061295971978983
0.3309951775537045,0.28803156510302497,0.22621657167908812,0.15475668566418238
0.3342151675485009,0.28703703703703703,0.22839506172839505,0.15035273368606702
0.33304119193689746,0.2839614373356705,0.2287467134092901,0.15425065731814197
0.3220562390158172,0.29217926186291737,0.22671353251318102,0.15905096660808435
0.31973684210526315,0.2916666666666667,0.23114035087719298,0.15745614035087718
0.3289065958388668,0.28906595838866755,0.2266489597166888,0.1553784860557769
0.3263486402139991,0.2795363352652697,0.22960320998662506,0.1645118145341061
0.3287971905179982,0.28094820017559263,0.228270412642669,0.16198419666374012
0.32268086995117623,0.2836218375499334,0.22991566799822458,0.16378162450066577
0.3274725274725275,0.2843956043956044,0.22813186813186814,0.16
0.32744144940344677,0.28855501546619533,0.22889969067609367,0.15510384445426426
0.33407275953859805,0.27506654835847383,0.2302573203194321,0.160603371783496
0.33023461708720675,0.27135900841080124,0.23284639220894202,0.16555998229305002
0.3318544809228039,0.2724046140195209,0.22981366459627328,0.16592724046140195
0.32829181494661924,0.2704626334519573,0.23354092526690393,0.16770462633451957
0.3305457746478873,0.2715669014084507,0.23283450704225353,0.16505281690140844
0.33095768374164813,0.2775055679287305,0.221826280623608,0.16971046770601336
0.3215391419725785,0.28217602830605926,0.2260061919504644,0.17027863777089783
0.3262102049716529,0.2721325774095072,0.22372437854339294,0.17793283907544702
0.33113746157224416,0.2709705753184014,0.22002635046113306,0.17786561264822134
0.3282542446669569,0.26861123204179366,0.2237701349586417,0.17936438833260776
0.33274179236912155,0.271960958296362,0.2209405501330967,0.1743566992014197
0.33318834275772075,0.2683775554588952,0.21879077859939103,0.17964332318399304
0.34197802197802196,0.2610989010989011,0.21934065934065933,0.17758241758241758
0.3445709281961471,0.2583187390542907,0.2180385288966725,0.17907180385288968
0.3431848257609175,0.2571680635200706,0.21879135421261578,0.18085575650639613
0.3383259911894273,0.2599118942731278,0.2211453744493392,0.18061674008810572
0.3378854625550661,0.2594713656387665,0.22422907488986785,0.17841409691629956
0.3390652557319224,0.25220458553791886,0.22530864197530864,0.18342151675485008
0.34933920704845817,0.24933920704845816,0.22555066079295155,0.17577092511013215
0.3511248345831495,0.24922805469783854,0.2258491398323776,0.17379797088663432
0.3467424573677306,0.25185832968954963,0.2225623087013555,0.17883690424136423
0.3503713411970293,0.24595893403232852,0.22455220620358235,0.17911751856705985
0.3487544483985765,0.24644128113879005,0.2215302491103203,0.18327402135231316
0.34406704896338774,0.2505513895015439,0.22364358182620203,0.18173797970886635
0.33731211317418214,0.2497789566755084,0.22546419098143236,0.1874447391688771
0.34028393966282167,0.2466725820763088,0.2267080745341615,0.18633540372670807
0.3407992973210365,0.2463768115942029,0.2274923144488362,0.18533157663592445
0.3464254192409532,0.24845542806707854,0.22330097087378642,0.18181818181818182
0.34543010752688175,0.24283154121863798,0.22311827956989247,0.1886200716845878
0.34738243123336293,0.2422360248447205,0.22404614019520852,0.18633540372670807
0.3532490187527257,0.24160488443087658,0.21936327954644572,0.18578281726995202
0.3562966213251426,0.24177270732777534,0.21851689337428698,0.1834137779727951
0.34593406593406595,0.2413186813186813,0.22637362637362637,0.18637362637362637
0.3426818580192813,0.24189307624890447,0.22962313759859773,0.18580192813321647
0.3444639718804921,0.2429701230228471,0.22363796133567662,0.18892794376098418
0.3398864132809087,0.24814329401485366,0.22455220620358235,0.1874180865006553
0.3396392432908051,0.25164980202375714,0.22217333919929608,0.18653761548614167
0.3421516754850088,0.24603174603174602,0.22134038800705466,0.19047619047619047
0.34788418708240537,0.24142538975501113,0.22093541202672606,0.18975501113585747
0.3415492957746479,0.2438380281690141,0.22183098591549297,0.19278169014084506
0.34202386212991603,0.24304021210782148,0.22315510384445428,0.1917808219178082
0.3392148213498015,0.24437582708425232,0.22805469783855314,0.18835465372739302
0.33727034120734906,0.24146981627296588,0.23053368328958881,0.19072615923009623
0.3307155322862129,0.24650959860383945,0.23472949389179756,0.1880453752181501
0.3274021352313167,0.24555160142348753,0.23843416370106763,0.18861209964412812
0.3273365511189118,0.24045634050021938,0.24221149627029398,0.1899956121105748
0.32874278098622833,0.23767214571301643,0.24300310972900932,0.1905819635717459
0.32763157894736844,0.23684210526315788,0.24956140350877193,0.18596491228070175
0.3261538461538461,0.23824175824175825,0.25054945054945055,0.18505494505494505
0.33096716947648624,0.23735581188997337,0.2484472049689441,0.18322981366459629
0.3325981473312748,0.23246581385090428,0.2505513895015439,0.18438464931627702
0.33289357959542654,0.23306948109058928,0.24538258575197888,0.18865435356200527
0.32877919788453064,0.23446452181577787,0.24327897752313796,0.19347730277655356
0.33128565160157963,0.2387011847301448,0.24352786309784993,0.18648530057042562
0.3308237378210806,0.23737821080602303,0.2466784765279008,0.18511957484499558
0.3324538258575198,0.2326297273526825,0.24934036939313983,0.18557607739665788
0.3218189768255356,0.24267599475295146,0.24617402710975075,0.18933100131176214
0.31848257609175123,0.24525805028672254,0.25275694750771943,0.1835024261138068
0.3234381922906513,0.24280017722640673,0.24944616747895437,0.1843154630039876
0.3277606687197536,0.2446106467223933,0.25164980202375714,0.1759788825340959
0.3246119733924612,0.247450110864745,0.25587583148558757,0.1720620842572062
0.32833847509916264,0.24019391802556192,0.25738210665491407,0.1740855002203614
0.3274725274725275,0.23868131868131867,0.250989010989011,0.18285714285714286
0.31932773109243695,0.24369747899159663,0.25342768686421935,0.183547103051747
0.3092105263157895,0.25,0.2578947368421053,0.18289473684210528
0.315188762071993,0.247585601404741,0.2581211589113257,0.1791044776119403
0.3183222958057395,0.24591611479028697,0.25695364238410595,0.17880794701986755
0.3174955595026643,0.2455595026642984,0.2571047957371226,0.17984014209591473
0.3134851138353765,0.2513134851138354,0.2517513134851138,0.18345008756567427
0.3136998254799302,0.25174520069808026,0.25087260034904013,0.18368237347294938
0.3137598597721297,0.254601226993865,0.24452234881682736,0.18711656441717792
0.3125822007891276,0.2512056115738711,0.25208241999123193,0.1841297676457694
0.3118703460359177,0.2505475251861586,0.2558037669732808,0.18177836180464302
0.3128003494975972,0.25207514198339886,0.2525120139799039,0.18261249453910006
0.3046563192904656,0.25587583148558757,0.2545454545454545,0.18492239467849225
0.3044240035041612,0.2628120893561104,0.2457293035479632,0.18703460359176521
0.3056169836355595,0.25917735515258733,0.24458204334365324,0.19062361786819992
0.30004361098996946,0.25817706061927603,0.24509376362843435,0.1966855647623201
0.30484081988661144,0.2642825992150022,0.23724378543392935,0.19363279546445705
0.30924222514235655,0.2645641699518178,0.23215067893123084,0.19404292597459483
0.3045195261079421,0.26590609916630104,0.23387450636243967,0.19569986836331724
0.30417582417582417,0.26593406593406593,0.2347252747252747,0.19516483516483515
0.30863656291100394,0.2590968873301184,0.23498465585269618,0.1972818939061815
0.30533683289588803,0.2615923009623797,0.24234470691163604,0.19072615923009623
0.3051293292415607,0.26435773783428324,0.24068391056554142,0.18982902235861465
0.31008771929824563,0.26666666666666666,0.23728070175438595,0.18596491228070175
0.30897155361050327,0.2726477024070022,0.23457330415754923,0.1838074398249453
0.3023767605633803,0.2680457746478873,0.24471830985915494,0.18485915492957747
0.2992125984251969,0.27077865266841644,0.24496937882764655,0.18503937007874016
0.2981993851559069,0.2683355292050944,0.2507685551163812,0.18269653052261747
0.2966064345526664,0.2631115028646981,0.249889819303658,0.19039224327897752
0.29126637554585155,0.2694323144104803,0.248471615720524,0.19082969432314412
0.29615048118985127,0.2672790901137358,0.2436570428696413,0.19291338582677164
0.2961165048543689,0.2678729037952339,0.24315975286849073,0.19285083848190646
0.29934065934065934,0.269010989010989,0.2443956043956044,0.18725274725274726
0.28903508771929826,0.27017543859649124,0.2535087719298246,0.18728070175438596
0.29117259552042163,0.2722880983750549,0.24989020641194554,0.18664909969257795
0.2946859903381642,0.2678963548528766,0.2463768115942029,0.19104084321475626
0.287598944591029,0.27308707124010556,0.24406332453825857,0.19525065963060687
0.29290718038528896,0.2692644483362522,0.2425569176882662,0.19527145359019266
0.2864745011086475,0.27627494456762747,0.23902439024390243,0.1982261640798226
0.2834960070984916,0.2759538598047915,0.24312333629103816,0.1974267968056788
0.2902097902097902,0.2762237762237762,0.23994755244755245,0.19361888111888112
0.2905494505494505,0.2720879120879121,0.2421978021978022,0.19516483516483515
0.2849015317286652,0.26914660831509846,0.24770240700218818,0.19824945295404814
0.2895548699867783,0.2719259585720582,0.24239753195240193,0.19612163948876157
0.28507992895204265,0.2690941385435169,0.24067495559502664,0.20515097690941386
0.28790534618755476,0.2642418930762489,0.24189307624890447,0.20595968448729185
0.2879858657243816,0.26413427561837455,0.24514134275618374,0.20273851590106007
0.2871726586773191,0.2561029738126942,0.25033288948069243,0.20639147802929428
0.2869718309859155,0.26276408450704225,0.2438380281690141,0.20642605633802816
0.29050772626931565,0.26048565121412803,0.24150110375275938,0.20750551876379691
0.28501988510826337,0.26115775519222273,0.23994697304463103,0.2138753866548829
0.2870452528837622,0.2595385980479148,0.23957409050576753,0.21384205856255545
0.2818703131892369,0.254962505513895,0.24878694309660343,0.21438023820026467
0.28326745718050067,0.2547211242863417,0.24549846288976723,0.21651295564339043
0.27992957746478875,0.2517605633802817,0.24691901408450703,0.22139084507042253
0.2800528401585205,0.25055041831792163,0.2514310876265962,0.21796565389696168
0.2853380158033363,0.24582967515364354,0.25021949078138717,0.218612818261633
0.2802269751200349,0.2453077258838935,0.2505456132693147,0.22391968572675688
0.29256489221293447,0.24945006599208094,0.24065112186537616,0.21733391992960846
0.2931411096548711,0.2455220620358235,0.2437745740498034,0.21756225425950196
0.2995652173913044,0.24695652173913044,0.24043478260869566,0.21304347826086956
0.29401408450704225,0.24735915492957747,0.24163732394366197,0.2169894366197183
0.29328621908127206,0.24337455830388693,0.24469964664310953,0.21863957597173145
0.29059080962800876,0.24157549234135667,0.24682713347921226,0.2210065645514223
0.29246935201401053,0.239492119089317,0.2491243432574431,0.21891418563922943
0.29701230228471004,0.242091388400703,0.24253075571177504,0.21836555360281196
0.2992407324698526,0.23760607414024118,0.2447521214828048,0.2184010719071014
0.29336283185840706,0.23628318584070795,0.24380530973451328,0.22654867256637168
0.2894387980556783,0.23817940786566505,0.2412726469288555,0.23110914714980116
0.2879858657243816,0.232773851590106,0.24602473498233215,0.2332155477031802
0.2882843352347521,0.2378236068451075,0.2461605967529618,0.2277314611671786
0.28703703703703703,0.24074074074074073,0.2447089947089947,0.2275132275132275
0.2891513560804899,0.2410323709536308,0.24278215223097113,0.22703412073490814
0.2926722246599386,0.2360684510750329,0.24221149627029398,0.22904782799473453
0.29406593406593406,0.2356043956043956,0.24263736263736263,0.2276923076923077
0.29450261780104714,0.23472949389179756,0.24607329842931938,0.22469458987783594
0.2933392148213498,0.2364358182620203,0.24261138067931187,0.22761358623731803
0.2951754385964912,0.22894736842105262,0.24605263157894736,0.22982456140350876
0.29455992923485186,0.23219814241486067,0.248562582927908,0.22467934542237947
0.2989059080962801,0.22975929978118162,0.24682713347921226,0.22450765864332603
0.29854046881910656,0.23175586023883238,0.2476780185758514,0.22202565236620964
0.29964850615114236,0.23462214411247803,0.23725834797891038,0.22847100175746923
0.30293730819815873,0.23323103901797457,0.23936869793950022,0.2244629548443665
0.3050772626931567,0.22958057395143489,0.2370860927152318,0.2282560706401766
0.30633802816901406,0.23327464788732394,0.2363556338028169,0.22403169014084506
0.29995569339831635,0.23349579087284006,0.24147097917589722,0.22507753655294638
0.3000882612533098,0.23609885260370697,0.24051191526919682,0.22330097087378642
0.2971905179982441,0.2370500438981563,0.23968393327480245,0.22607550482879718
0.29597197898423816,0.23204903677758318,0.2434325744308231,0.22854640980735552
0.29254385964912283,0.23157894736842105,0.2469298245614035,0.22894736842105262
0.2924901185770751,0.23232323232323232,0.2419850680720246,0.233201581027668
0.29370321444297665,0.23425803610744167,0.24350506384852488,0.2285336856010568
0.28590308370044054,0.239647577092511,0.23832599118942732,0.23612334801762114
0.28215398308856254,0.24032042723631508,0.24299065420560748,0.2345349354695149
0.2813186813186813,0.24043956043956044,0.23692307692307693,0.2413186813186813
0.2828860536735592,0.2432908051033876,0.23933128024637043,0.2344918609766828
0.28603006189213087,0.2413793103448276,0.24049513704686118,0.23209549071618038
0.28965819456617004,0.23707274320771254,0.23707274320771254,0.2361963190184049
0.2864099158919876,0.2403718459495352,0.23771580345285526,0.23550243470562196
0.2865961199294533,0.2429453262786596,0.23368606701940034,0.23677248677248677
0.2878521126760563,0.24163732394366197,0.23503521126760563,0.23547535211267606
0.2839614373356705,0.24364592462751972,0.2353198948290973,0.23707274320771254
0.27987831377661887,0.24641460234680573,0.23511516731855714,0.23859191655801826
0.2768211920529801,0.24547461368653423,0.23487858719646798,0.24282560706401765
0.28028293545534927,0.2480106100795756,0.23297966401414677,0.23872679045092837
0.2786596119929453,0.2464726631393298,0.23677248677248677,0.23809523809523808
0.2804395604395604,0.24747252747252746,0.23516483516483516,0.23692307692307693
0.27332170880557977,0.25108979947689625,0.23583260680034873,0.23975588491717523
0.2717247463608293,0.24481693868548743,0.23908248786943095,0.24437582708425232
0.27288810260946483,0.248562582927908,0.23883237505528526,0.23971693940734187
0.2781195079086116,0.2491212653778559,0.23022847100175747,0.24253075571177504
0.2755281690140845,0.25044014084507044,0.23415492957746478,0.23987676056338028
0.2760141093474427,0.2526455026455027,0.23368606701940034,0.23765432098765432
0.27495621716287216,0.2526269702276708,0.23336252189141857,0.23905429071803852
0.2714160839160839,0.25393356643356646,0.2368881118881119,0.23776223776223776
0.2729286663712893,0.2521045635799734,0.24412937527691625,0.230837394771821
0.26914563966356797,0.25232403718459495,0.24435590969455512,0.234174413457282
0.2724107919930374,0.2463011314186249,0.24760661444734552,0.23368146214099217
0.2701525054466231,0.24618736383442266,0.24923747276688454,0.2344226579520697
0.27636203866432335,0.2438488576449912,0.2478031634446397,0.23198594024604569
0.2753940455341506,0.23992994746059546,0.2491243432574431,0.23555166374781086
0.27017543859649124,0.24210526315789474,0.25263157894736843,0.23508771929824562
0.2731297034085879,0.2456839309428951,0.24701195219123506,0.234174413457282
0.273286467486819,0.24121265377855888,0.2504393673110721,0.23506151142355008
0.271015761821366,0.2456217162872154,0.2504378283712785,0.2329246935201401
0.27972027972027974,0.2395104895104895,0.2486888111888112,0.23208041958041958
0.2831111111111111,0.23377777777777778,0.2528888888888889,0.23022222222222222
0.2745702952842662,0.2379903040987219,0.249889819303658,0.2375495813133539
0.28050921861281825,0.24012291483757683,0.25021949078138717,0.22914837576821773
0.2791519434628975,0.2393992932862191,0.25265017667844525,0.22879858657243815
0.2838254737769943,0.23226090788893786,0.25253415601586604,0.23137946231820186
0.2841262783459315,0.23076923076923078,0.25033348154735435,0.23477100933748332
0.2821631051024858,0.23375490623637157,0.2511993022241605,0.23288268643698212
0.28153644696639024,0.23003055434308162,0.25185508511567,0.23657791357485813
0.2784365393061045,0.22837066315327184,0.2494510320597277,0.2437417654808959
0.28019323671497587,0.22661396574440051,0.2494510320597277,0.2437417654808959
0.27522935779816515,0.22498907820008737,0.25207514198339886,0.24770642201834864
0.2840210711150132,0.2212467076382792,0.2467076382791923,0.24802458296751537
0.2880244755244755,0.2215909090909091,0.24344405594405594,0.24694055944055945
0.2874617737003058,0.2236784622105723,0.24290083005679336,0.24595893403232852
0.2845132743362832,0.22920353982300884,0.23893805309734514,0.24734513274336284
0.28452433143358175,0.22490135905304692,0.24199912319158265,0.24857518632178868
0.28421512898994317,0.22693484914735462,0.240052470485352,0.24879755137735024
0.28439964943032425,0.22962313759859773,0.24145486415425066,0.24452234881682736
0.27716673999120106,0.23273207215134184,0.2446106467223933,0.2454905411350638
0.28413610251878035,0.22889969067609367,0.2421564295183385,0.24480777728678746
0.28684557853057635,0.22921249450065992,0.2402111746590409,0.24373075230972283
0.28451698279664756,0.23511248345831495,0.2368769298632554,0.2434936038817821
0.2804395604395604,0.2413186813186813,0.24043956043956044,0.2378021978021978
0.2821869488536155,0.23897707231040563,0.23897707231040563,0.23985890652557318
0.2845132743362832,0.24646017699115044,0.23407079646017698,0.23495575221238937
0.28796498905908097,0.24420131291028446,0.2336980306345733,0.23413566739606126
0.28080985915492956,0.24647887323943662,0.2381161971830986,0.23459507042253522
0.28370044052863436,0.24581497797356827,0.2356828193832599,0.23480176211453743
0.2831858407079646,0.2482300884955752,0.23053097345132742,0.23805309734513275
0.2905944986690328,0.23957409050576753,0.23070097604259096,0.2391304347826087
0.2835299257317606,0.24333770205329838,0.23765836609873306,0.23547400611620795
0.28325991189427313,0.24537444933920705,0.23876651982378855,0.23259911894273128
0.28334062090074336,0.2439877568867512,0.23961521644075207,0.23305640577175338
0.2778993435448578,0.24814004376367615,0.24551422319474836,0.22844638949671772
0.2738938053097345,0.24955752212389382,0.24734513274336284,0.22920353982300884
0.27088830255057167,0.24582233948988566,0.25021987686895336,0.23306948109058928
0.2769704975781594,0.24438573315719947,0.24702774108322326,0.23161602818141788
0.28054697838553155,0.23908248786943095,0.25011027790030876,0.23026025584472873
0.2795085563843791,0.2413339183852567,0.24703817463799913,0.23211935059236508
0.2785368003525782,0.23270163067430585,0.25253415601586604,0.2362274129572499
0.2796868203566768,0.23227490213136145,0.254458460200087,0.23357981731187472
0.28321678321678323,0.23164335664335664,0.2517482517482518,0.23339160839160839
0.2833186231244484,0.23124448367166814,0.25198587819947044,0.23345101500441306
0.28407079646017697,0.22743362831858407,0.2584070796460177,0.23008849557522124
0.2889083735203858,0.2244629548443665,0.2542744410346339,0.23235423060061378
0.29290718038528896,0.22110332749562173,0.2578809106830123,0.22810858143607707
0.2908208296557811,0.2202118270079435,0.26081200353045014,0.22815533980582525
0.28113879003558717,0.22597864768683273,0.2597864768683274,0.23309608540925267
0.2883435582822086,0.2252410166520596,0.26380368098159507,0.22261174408413673
0.2925229558373415,0.22431132487975514,0.2575426322693485,0.22562308701355488
0.2855263157894737,0.22807017543859648,0.26228070175438595,0.22412280701754386
0.27807017543859647,0.23201754385964912,0.25877192982456143,0.23114035087719298
0.2715724923346474,0.2325886990801577,0.26500219010074466,0.23083661848445028
0.2691629955947137,0.22731277533039648,0.2748898678414097,0.2286343612334802
0.268,0.2311111111111111,0.26755555555555555,0.23333333333333334
0.2699037620297463,0.22572178477690288,0.2672790901137358,0.23709536307961504
0.2661965623622741,0.23226090788893786,0.2661965623622741,0.2353459673865139
0.27208480565371024,0.22703180212014135,0.2663427561837456,0.23454063604240283
0.2633672116659302,0.2275740167918692,0.26999558108705257,0.23906319045514804
0.26704795424549055,0.23053233611966564,0.26132864056313243,0.2410910690717114
0.26748790145182577,0.22701275846898372,0.2608886933567972,0.2446106467223933
0.2705061082024433,0.2286212914485166,0.25959860383944156,0.2412739965095986
0.2701401050788091,0.22854640980735552,0.2613835376532399,0.23992994746059546
0.2669603524229075,0.23083700440528634,0.26123348017621145,0.2409691629955947
0.26763031099430573,0.22820849759088918,0.25930792816469556,0.2448532632501095
0.26387665198237886,0.23259911894273128,0.26255506607929513,0.2409691629955947
0.26745718050065875,0.23232323232323232,0.25999121651295565,0.24022837066315328
0.2678100263852243,0.23175021987686895,0.2642919964819701,0.23614775725593667
0.2680683311432326,0.23477879982479194,0.26237406920718354,0.23477879982479194
0.26461538461538464,0.23604395604395603,0.269010989010989,0.23032967032967033
0.2641758241758242,0.2347252747252747,0.2672527472527473,0.23384615384615384
0.27091633466135456,0.23948649845064188,0.26073483842408146,0.2288623284639221
0.2766330556773345,0.2367382726874178,0.26085050416483996,0.22577816747040771
0.27566622979467015,0.23154215814766274,0.2673656618610747,0.2254259501965924
0.2772626931567329,0.22781456953642384,0.2706401766004415,0.22428256070640176
0.2768959435626102,0.2257495590828924,0.26499118165784835,0.23236331569664903
0.28230088495575223,0.21991150442477875,0.2663716814159292,0.23141592920353982
0.28370044052863436,0.22026431718061673,0.26563876651982377,0.23039647577092512
0.2841409691629956,0.21585903083700442,0.26784140969162995,0.23215859030837005
0.28596724214254093,0.2151394422310757,0.267817618415228,0.23107569721115537
0.285089637079143,0.21512898994315696,0.26891123742894624,0.23087013554875382
0.2811279826464208,0.21561822125813448,0.26637744034707156,0.2368763557483731
0.281983178397521,0.2204515272244356,0.2647189021691014,0.23284639220894202
0.28502202643171803,0.2145374449339207,0.26519823788546254,0.23524229074889869
0.27895667550839964,0.21794871794871795,0.26171529619805484,0.2413793103448276
0.28224381625441697,0.21952296819787986,0.26369257950530034,0.23454063604240283
0.28608809419973835,0.2158744003488879,0.26341037941561274,0.23462712603576102
0.2907644719399028,0.2191780821917808,0.25806451612903225,0.23199292973928415
0.2862796833773087,0.21328056288478453,0.262532981530343,0.23790677220756376
0.29254385964912283,0.21228070175438596,0.25833333333333336,0.23684210526315788
0.2933920704845815,0.21409691629955946,0.26123348017621145,0.23127753303964757
0.28948526176858774,0.21513418389793224,0.26616805983282005,0.22921249450065992
0.2907986111111111,0.2105034722222222,0.265625,0.23307291666666666
0.2989010989010989,0.210989010989011,0.2589010989010989,0.2312087912087912
0.2916117698726394,0.20860781730346947,0.26306543697848045,0.23671497584541062
0.2937803264225849,0.21261579179532422,0.25275694750771943,0.24084693427437143
0.2955947136563877,0.21101321585903085,0.25682819383259914,0.2365638766519824
0.3022241604884431,0.20758831225468818,0.255124291321413,0.23506323593545572
0.30404217926186294,0.2016695957820738,0.257908611599297,0.23637961335676624
0.3054690973766118,0.20142285460204534,0.25878168074699864,0.23432636727434417
0.30579964850615116,0.20254833040421794,0.2592267135325132,0.23242530755711774
0.3053000438020149,0.1988611476127902,0.2566798072711345,0.23915900131406045
0.3042525208241999,0.19772029811486191,0.256466462078036,0.24156071898290224
0.29835482436638505,0.19964428634948866,0.25922632281013785,0.24277456647398843
0.30266666666666664,0.1968888888888889,0.252,0.24844444444444444
0.3062583222370173,0.20195295162006213,0.24944518419884598,0.24234354194407456
0.2984749455337691,0.2008714596949891,0.2540305010893246,0.2466230936819172
0.2968681076312307,0.20026466696074108,0.25275694750771943,0.25011027790030876
0.29624724061810154,0.19735099337748344,0.25298013245033113,0.25342163355408387
0.28741197183098594,0.19586267605633803,0.26452464788732394,0.2522007042253521
0.29126637554585155,0.1965065502183406,0.2593886462882096,0.25283842794759825
0.28715034965034963,0.19886363636363635,0.26486013986013984,0.2491258741258741
0.28854625550660795,0.20440528634361232,0.25726872246696036,0.2497797356828194
0.28846153846153844,0.20104895104895104,0.25874125874125875,0.2517482517482518
0.282792352156514,0.19919964428634948,0.25922632281013785,0.25878168074699864
0.2848888888888889,0.2031111111111111,0.256,0.256
0.27925531914893614,0.2025709219858156,0.2557624113475177,0.2624113475177305
0.2817269952027911,0.20148277365896206,0.25861317051897076,0.25817706061927603
0.27831010452961674,0.1986062717770035,0.2652439024390244,0.2578397212543554
0.27987831377661887,0.19730551933941765,0.2590178183398522,0.26379834854411127
0.27695004382120947,0.19938650306748465,0.26029798422436456,0.2633654688869413
0.27300884955752214,0.19601769911504424,0.2672566371681416,0.26371681415929205
0.26860413914575076,0.19771025979744605,0.2664024658740643,0.2672831351827389
0.26675485008818345,0.19135802469135801,0.27204585537918874,0.2698412698412698
0.2658782303985983,0.19010074463425317,0.27726675427069647,0.266754270696452
0.26610767872903796,0.19373345101500442,0.2744924977934687,0.265666372462489
0.2711715664765248,0.19569986836331724,0.2720491443615621,0.26107942079859586
0.26891123742894624,0.20244862264975952,0.2658504591167468,0.26278968080454745
0.27679362267493357,0.20239149689991143,0.2652790079716563,0.2555358724534987
0.2768758227292672,0.19964896884598507,0.2628345765686705,0.2606406318560772
0.2752212389380531,0.20176991150442478,0.2663716814159292,0.25663716814159293
0.2797881729920565,0.20476610767872905,0.2612533097969991,0.25419240953221534
0.27871772039180764,0.21015138023152272,0.25779162956366874,0.25333926981300087
0.27846975088967973,0.20951957295373666,0.2580071174377224,0.2540035587188612
0.2791005291005291,0.21296296296296297,0.2623456790123457,0.24559082892416226
0.2841458058849363,0.204655248133509,0.2577953447518665,0.2534036012296882
0.2848888888888889,0.20355555555555555,0.26844444444444443,0.2431111111111111
0.2854648625054561,0.20558707987778263,0.26407682234831953,0.24487123526844173
0.2907488986784141,0.20748898678414096,0.2550660792951542,0.24669603524229075
0.28546409807355516,0.21103327495621715,0.25569176882662,0.2478108581436077
0.2844076655052265,0.20993031358885017,0.25522648083623695,0.25043554006968644
0.28923076923076924,0.210989010989011,0.2558241758241758,0.24395604395604395
0.2878587196467991,0.20927152317880796,0.2560706401766004,0.2467991169977925
0.2913907284768212,0.21015452538631346,0.2578366445916115,0.24061810154525387
0.2956636005256242,0.21594393342093737,0.24967148488830487,0.2387209811651336
0.29469026548672567,0.2176991150442478,0.2482300884955752,0.23938053097345133
0.2933865956502441,0.2139369729249889,0.24855747891699956,0.2441189525077674
0.28621139625924313,0.21270117442366246,0.2501087429317094,0.25097868638538495
0.27911033580462274,0.2132577409507196,0.25992150021805493,0.2477104230266027
0.2819614711033275,0.21103327495621715,0.2552539404553415,0.2517513134851138
0.28,0.21054945054945054,0.2567032967032967,0.25274725274725274
0.2809086937527305,0.20576671035386632,0.2577544779379642,0.25557011795543905
0.27644444444444444,0.2111111111111111,0.2613333333333333,0.2511111111111111
0.27518863737239235,0.21260541500221927,0.26453617399023527,0.24766977363515313
0.27527352297593,0.21531728665207878,0.26389496717724287,0.24551422319474836
0.2723666813574262,0.22212428382547378,0.26928162185985016,0.2362274129572499
0.2690288713910761,0.21872265966754156,0.2642169728783902,0.24803149606299213
0.2741228070175439,0.21973684210526315,0.26359649122807016,0.2425438596491228
0.28184991273996507,0.2168411867364747,0.26352530541012215,0.23778359511343805
0.28777923784494086,0.21068769163381515,0.2628120893561104,0.2387209811651336
0.2855245683930943,0.21336874723328905,0.2673749446657813,0.2337317397078353
0.2871547566856642,0.21744848750548004,0.2604120999561596,0.23498465585269618
0.2852112676056338,0.2169894366197183,0.2623239436619718,0.23547535211267606
0.27971718957136543,0.22182942996022978,0.26513477684489617,0.23331860362350862
0.27939876215738285,0.22281167108753316,0.2595048629531388,0.2382847038019452
0.2784313725490196,0.21873638344226579,0.26187363834422656,0.240958605664488
0.2836411609498681,0.22207563764291996,0.2559366754617414,0.23834652594547054
0.2805251641137856,0.22407002188183808,0.25733041575492344,0.23807439824945295
0.277119016249451,0.22880983750548967,0.2503293807641634,0.2437417654808959
0.2741652021089631,0.22671353251318102,0.2561511423550088,0.2429701230228471
0.2741228070175439,0.22587719298245615,0.2543859649122807,0.24561403508771928
0.28314310798946446,0.22431957857769974,0.24495171202809482,0.247585601404741
0.28690319754708715,0.22426631625054752,0.2360928602715725,0.2527376259307928
0.2849604221635884,0.2185576077396658,0.24098504837291118,0.25549692172383465
0.28416013925152306,0.21627502175805047,0.25108790252393387,0.2484769364664926
0.2795031055900621,0.2191659272404614,0.24933451641526175,0.25199645075421473
0.2889969067609368,0.2191780821917808,0.2483429076447194,0.24348210340256296
0.2858403176003529,0.21305690339655933,0.2518747243052492,0.24922805469783854
0.2881729920564872,0.21800529567519858,0.24536628420123566,0.24845542806707854
0.28854625550660795,0.21674008810572687,0.24581497797356827,0.2488986784140969
0.29326287978863935,0.21576398062527521,0.24394539850286218,0.24702774108322326
0.29401408450704225,0.2108274647887324,0.24515845070422534,0.25
0.2985468956406869,0.21488331131660063,0.23734037868780272,0.24922941435490972
