C,D,Oc,Od
0.0,0.0,1.0,0.0
0.0,0.0,0.5,0.5
0.0,0.2857142857142857,0.42857142857142855,0.2857142857142857
0.0,0.4,0.3,0.3
0.0,0.5,0.16666666666666666,0.3333333333333333
0.0,0.5,0.15384615384615385,0.34615384615384615
0.0,0.47619047619047616,0.16666666666666666,0.35714285714285715
0.02666666666666667,0.4533333333333333,0.14666666666666667,0.37333333333333335
0.0392156862745098,0.39215686274509803,0.14705882352941177,0.4215686274509804
0.041666666666666664,0.375,0.16666666666666666,0.4166666666666667
0.04736842105263158,0.42105263157894735,0.1736842105263158,0.35789473684210527
0.04878048780487805,0.4105691056910569,0.18699186991869918,0.35365853658536583
0.050314465408805034,0.4056603773584906,0.1949685534591195,0.3490566037735849
0.04381443298969072,0.41237113402061853,0.211340206185567,0.3324742268041237
0.05506607929515418,0.3898678414096916,0.21585903083700442,0.3392070484581498
0.04655493482309125,0.3817504655493482,0.2309124767225326,0.3407821229050279
0.04889589905362776,0.3801261829652997,0.23817034700315456,0.33280757097791797
0.051175656984785614,0.3651452282157676,0.25587828492392806,0.3278008298755187
0.05773955773955774,0.36117936117936117,0.25184275184275184,0.32923832923832924
0.06856540084388185,0.3628691983122363,0.2542194092827004,0.3143459915611814
0.07483629560336763,0.3545369504209542,0.2722170252572498,0.2984097287184284
0.08049792531120332,0.350207468879668,0.2804979253112033,0.2887966804979253
0.08128262490678598,0.34675615212527966,0.2826249067859806,0.28933631618195377
0.08208955223880597,0.35006784260515605,0.2856173677069199,0.28222523744911804
0.09256926952141058,0.3343828715365239,0.29282115869017633,0.28022670025188917
0.09698025551684088,0.33797909407665505,0.2932636469221835,0.27177700348432055
0.09934497816593886,0.3395196506550218,0.29694323144104806,0.26419213973799127
0.10403726708074534,0.32971014492753625,0.29606625258799174,0.2701863354037267
0.11000991080277503,0.3354806739345887,0.2998017839444995,0.2547076313181368
0.11452910553715097,0.32796971131093233,0.3005205868433507,0.256980596308566
0.1210161662817552,0.3279445727482679,0.29653579676674363,0.2545034642032333
0.12471237919926369,0.320294523699954,0.2926829268292683,0.26231017027151404
0.1269126912691269,0.3235823582358236,0.2844284428442844,0.26507650765076507
0.12522281639928698,0.3244206773618538,0.2887700534759358,0.26158645276292336
0.13365681517423908,0.3162770180855756,0.2898103220114689,0.2602558447287164
0.133184855233853,0.3135857461024499,0.29086859688195993,0.2623608017817372
0.1349312028406569,0.3186861961828673,0.28450954283177987,0.26187305814469597
0.1431095406360424,0.31404593639575973,0.29063604240282687,0.25220848056537104
0.13875386654882899,0.31462660185594343,0.2907644719399028,0.2558550596553248
0.13849557522123893,0.3123893805309734,0.2907079646017699,0.2584070796460177
0.14361702127659576,0.3049645390070922,0.2921099290780142,0.25930851063829785
0.14063886424134872,0.3114463176574978,0.29458740017746227,0.25332741792369123
0.13956579530350022,0.3088170137350465,0.2910943730615862,0.2605228178998671
0.14102564102564102,0.3072502210433245,0.29442970822281167,0.2572944297082228
0.14775725593667546,0.3038698328935796,0.28979771328056286,0.25857519788918204
0.14783759929390997,0.30229479258605474,0.2886142983230362,0.2612533097969991
0.14883311316600617,0.30691325407309555,0.2906208718626156,0.2536327608982827
0.15,0.30657894736842106,0.2881578947368421,0.25526315789473686
0.145075421472937,0.30922803904170365,0.2852706299911269,0.2604259094942325
0.15384615384615385,0.3098901098901099,0.28,0.2562637362637363
0.15408525754884547,0.3095026642984014,0.2873001776198934,0.24911190053285967
0.1516629711751663,0.3113082039911308,0.2842572062084257,0.25277161862527714
0.15558510638297873,0.3102836879432624,0.28058510638297873,0.25354609929078015
0.15479876160990713,0.3144626271561256,0.27377266696152147,0.25696594427244585
0.15875109938434476,0.3113456464379947,0.27352682497801234,0.2563764291996482
0.1569995638901003,0.31312690798081116,0.26995202791103357,0.25992150021805493
0.1551950898728628,0.31521262604121,0.27224901359053044,0.25734327049539674
0.15616681455190773,0.3149955634427684,0.27151730257320317,0.2573203194321207
0.1607773851590106,0.3197879858657244,0.267226148409894,0.25220848056537104
0.1574279379157428,0.316629711751663,0.26740576496674057,0.25853658536585367
0.16302447552447552,0.3168706293706294,0.26267482517482516,0.25743006993006995
0.16188795765328629,0.3167181296868108,0.2655491839435377,0.25584472871636527
0.16059675296182535,0.3168056164984642,0.2650285212812637,0.25756910925844667
0.1588001764446405,0.3123070136744596,0.26775474194971327,0.2611380679311866
0.16447368421052633,0.30833333333333335,0.2662280701754386,0.26096491228070173
0.16367614879649892,0.3067833698030635,0.26958424507658646,0.25995623632385123
0.16534740545294635,0.3016710642040457,0.26824978012313105,0.2647317502198769
0.16857899382171226,0.3031774051191527,0.27184466019417475,0.2563989408649603
0.1723076923076923,0.29934065934065934,0.26945054945054947,0.2589010989010989
0.16996917657419638,0.29810656098634963,0.2716864817261119,0.26023778071334214
0.1692581075077743,0.2936472678809418,0.2732119058196357,0.26388271879164815
0.16937967443906732,0.29696436427628686,0.2710074791025077,0.26264848218213815
0.17218831734960768,0.2933740191804708,0.2702702702702703,0.26416739319965127
0.17978021978021977,0.2896703296703297,0.2672527472527473,0.2632967032967033
0.18185801928133216,0.28702892199824714,0.26906222611744085,0.26205083260297984
0.17739130434782607,0.288695652173913,0.2643478260869565,0.26956521739130435
0.18262020291133657,0.290251433612704,0.26687251874724305,0.2602558447287164
0.18880497556641493,0.28876055086628166,0.26077298978231894,0.26166148378498444
0.19100623330365094,0.2898486197684773,0.25823686553873554,0.26090828138913624
0.18599562363238512,0.2831509846827133,0.263019693654267,0.26783369803063456
0.1911699779249448,0.27417218543046357,0.26578366445916113,0.26887417218543047
0.19393139841688653,0.27132805628847845,0.26077396657871593,0.27396657871591906
0.19696969696969696,0.2696078431372549,0.2647058823529412,0.26871657754010697
0.1973568281938326,0.27224669603524226,0.2621145374449339,0.2682819383259912
0.2009674582233949,0.2620932277924362,0.26077396657871593,0.27616534740545295
0.20589529256489222,0.2622085349758029,0.2534095908490981,0.2784865816102068
0.21304926764314247,0.2583222370173103,0.25255215268530845,0.2760763426542388
0.21147110332749564,0.2574430823117338,0.2486865148861646,0.28239929947460596
0.21613327487943884,0.2538360368259535,0.24725997369574748,0.28277071459886016
0.21291448516579406,0.2591623036649215,0.25,0.2779232111692845
0.21193505923650724,0.25713032031592803,0.2523036419482229,0.2786309784993418
0.20642605633802816,0.25880281690140844,0.25528169014084506,0.2794894366197183
0.20798226164079822,0.2541019955654102,0.2607538802660754,0.2771618625277162
0.20532150776053215,0.2620842572062084,0.2620842572062084,0.270509977827051
0.20758043190832967,0.25958572058175405,0.2600264433671221,0.2728074041427942
0.20631487889273356,0.2586505190311419,0.2560553633217993,0.2789792387543253
0.20543144984669295,0.25492772667542707,0.26237406920718354,0.27726675427069647
0.20889487870619947,0.25336927223719674,0.2628032345013477,0.2749326145552561
0.20931263858093127,0.25099778270509976,0.2660753880266075,0.2736141906873614
0.21187943262411346,0.2553191489361702,0.2650709219858156,0.26773049645390073
0.20962800875273524,0.25164113785557984,0.26783369803063456,0.2708971553610503
0.20946538124452235,0.25241016652059595,0.2677475898334794,0.2703768624014023
0.20379355977062197,0.25893250992501105,0.26775474194971327,0.2695191883546537
0.2091188075405524,0.25602805786935556,0.26830337571240687,0.26654975887768523
0.20778072502210435,0.2541998231653404,0.27055702917771884,0.26746242263483644
0.20335985853227231,0.2581786030061892,0.27144120247568526,0.26702033598585323
0.20646876384581303,0.256978289765175,0.26849800620292424,0.2680549401860877
0.20585625554569653,0.259094942324756,0.26353149955634425,0.27151730257320317
0.20246478873239437,0.2574823943661972,0.2658450704225352,0.27420774647887325
0.20642605633802816,0.2539612676056338,0.26276408450704225,0.27684859154929575
0.20395604395604397,0.2567032967032967,0.26593406593406593,0.2734065934065934
0.2089420097388225,0.25630810092961487,0.25763612217795484,0.2771137671536078
0.20743034055727555,0.2560813799203892,0.25785050862450243,0.2786377708978328
0.1979627989371125,0.26705048715677593,0.254207263064659,0.2807794508414526
0.20813079982324348,0.2633672116659302,0.25011047282368537,0.278391515687141
0.21015761821366025,0.26532399299474607,0.25,0.2745183887915937
0.21115013169446883,0.2598770851624232,0.25417032484635643,0.27480245829675154
0.2118421052631579,0.26096491228070173,0.24473684210526317,0.2824561403508772
0.21327433628318584,0.2650442477876106,0.2424778761061947,0.27920353982300883
0.211353711790393,0.2698689956331878,0.2410480349344978,0.2777292576419214
0.2125880281690141,0.2632042253521127,0.2460387323943662,0.27816901408450706
0.21431708388230128,0.26570048309178745,0.24462011418533158,0.2753623188405797
0.21216156236129605,0.26409232134931204,0.2441189525077674,0.2796271637816245
0.2162043152796125,0.26067811536767943,0.24702774108322326,0.2760898282694848
0.2161925601750547,0.26389496717724287,0.25295404814004374,0.26695842450765866
0.21954425942156003,0.2668711656441718,0.2427695004382121,0.2708150744960561
0.22386058981233245,0.25603217158176944,0.2479892761394102,0.27211796246648795
0.22458943630714603,0.2600976475810031,0.2427873945849978,0.2725255215268531
0.2292225201072386,0.257372654155496,0.2479892761394102,0.26541554959785524
0.2304635761589404,0.25518763796909494,0.24415011037527592,0.27019867549668874
0.2351138353765324,0.2543782837127846,0.2434325744308231,0.2670753064798599
0.2410437859354268,0.25829279080053075,0.23706324635117204,0.2636001769128704
0.24481693868548743,0.25540361711513015,0.23511248345831495,0.2646669607410675
0.2440318302387268,0.257736516357206,0.23342175066312998,0.26480990274093724
0.24503311258278146,0.2565121412803532,0.2326710816777042,0.26578366445916113
0.24480777728678746,0.2527618205921343,0.23199292973928415,0.27043747238179405
0.25065616797900264,0.24671916010498687,0.23447069116360456,0.26815398075240593
0.2473404255319149,0.2473404255319149,0.24202127659574468,0.2632978723404255
0.2524314765694076,0.24624226348364278,0.2369584438549956,0.26436781609195403
0.24559859154929578,0.24559859154929578,0.2367957746478873,0.2720070422535211
0.249008373732922,0.24327897752313796,0.2379903040987219,0.26972234464521816
0.24966916629907365,0.24128804587560654,0.23555359505955006,0.2734891927657697
0.24421144604630843,0.24989078200087375,0.23591087811271297,0.2699868938401048
0.24547461368653423,0.24988962472406182,0.23576158940397351,0.26887417218543047
0.24649122807017543,0.2517543859649123,0.22807017543859648,0.2736842105263158
0.24187082405345212,0.2489977728285078,0.2334075723830735,0.2757238307349666
0.2497797356828194,0.24537444933920705,0.23524229074889869,0.2696035242290749
0.24790841039189784,0.2430647291941876,0.23734037868780272,0.2716864817261119
0.2485776805251641,0.2437636761487965,0.23676148796498905,0.2708971553610503
0.24802110817941952,0.2418645558487247,0.23087071240105542,0.27924362357080035
0.2510974539069359,0.23880597014925373,0.23222124670763827,0.2778753292361721
0.2526269702276708,0.23467600700525393,0.2329246935201401,0.2797723292469352
0.25363917071018965,0.23467137185707984,0.22981914424349362,0.2818703131892369
0.25392670157068065,0.2325479930191972,0.2281849912739965,0.28534031413612565
0.2566915313734094,0.23168056164984643,0.22378236068451074,0.2878455462922334
0.250989010989011,0.23164835164835165,0.22593406593406593,0.2914285714285714
0.25265486725663716,0.23097345132743363,0.22168141592920354,0.29469026548672567
0.24867957746478872,0.2249119718309859,0.22403169014084506,0.3023767605633803
0.24580759046778464,0.22506619593998234,0.22683142100617829,0.30229479258605474
0.24113475177304963,0.23049645390070922,0.2247340425531915,0.30363475177304966
0.2343954604975993,0.22828459188127456,0.23090353557398516,0.306416412047141
0.23353819139596138,0.22783143107989465,0.2309043020193152,0.3077260755048288
0.2375495813133539,0.2243278977523138,0.23358307624504188,0.30453944468929045
0.2462882096069869,0.2244541484716157,0.2279475982532751,0.30131004366812225
0.24855747891699956,0.22547714158899246,0.2241455836662228,0.3018197958277852
0.24977777777777777,0.21911111111111112,0.2222222222222222,0.3088888888888889
0.24315975286849073,0.22462488967343336,0.22330097087378642,0.3089143865842895
0.23821989528795812,0.22207678883071552,0.2194589877835951,0.32024432809773123
0.24637043554773427,0.2190937087549494,0.21161460624725034,0.322921249450066
0.24538258575197888,0.21284080914687775,0.2154793315743184,0.32629727352682497
0.24175824175824176,0.22153846153846155,0.21494505494505495,0.32175824175824175
0.23992994746059546,0.2202276707530648,0.21541155866900175,0.324430823117338
0.23299244108492664,0.22276567363272565,0.21565140062249888,0.3285904846598488
0.23323103901797457,0.21876370013152127,0.20824199912319158,0.3397632617273126
0.23628318584070795,0.22920353982300884,0.2075221238938053,0.3269911504424779
0.24045634050021938,0.2268538832821413,0.20491443615620886,0.32777534006143044
0.2369584438549956,0.22546419098143236,0.20866489832007074,0.32891246684350134
0.24005305039787797,0.22060123784261715,0.20999115826702033,0.32935455349248455
0.23588621444201313,0.2210065645514223,0.20831509846827134,0.3347921225382932
0.2412726469288555,0.21741051701281486,0.21122403888643393,0.3300927971718957
0.23749456285341453,0.22053066550674205,0.20704654197477165,0.3349282296650718
0.23248686514886166,0.2202276707530648,0.20884413309982486,0.3384413309982487
0.2353717553893533,0.21997360316761988,0.20941487021557414,0.3352397712274527
0.2357866901718819,0.21771705597179375,0.20493609519612163,0.34156015866020273
0.23299692847740236,0.2215884159719175,0.21105748135146996,0.3343571741992102
0.23423026025584473,0.22540802823114248,0.20688134097926775,0.333480370533745
0.230193661971831,0.22535211267605634,0.207306338028169,0.3371478873239437
0.22719220549158547,0.22763507528786536,0.2121346324180691,0.3330380868024801
0.22936189201249443,0.22311468094600626,0.21151271753681392,0.3360107095046854
0.231832367365136,0.22336156932679446,0.20998662505572893,0.3348194382523406
0.23407079646017698,0.22389380530973452,0.21238938053097345,0.32964601769911506
0.23389232127096204,0.22462488967343336,0.21403353927625773,0.32744924977934686
0.22637362637362637,0.22681318681318682,0.21318681318681318,0.33362637362637365
0.22815533980582525,0.2325684024713151,0.2091791703442189,0.3300970873786408
0.22981914424349362,0.23202470224966917,0.20688134097926775,0.33127481252756946
0.2357080035180299,0.2260334212840809,0.2040457343887423,0.33421284080914687
0.23666813574261789,0.22829440282062582,0.20449537241075363,0.33054208902600263
0.2335540838852097,0.2260485651214128,0.2,0.3403973509933775
0.23299692847740236,0.2233435717419921,0.2071083808688021,0.33655111891180345
0.24017857142857144,0.22142857142857142,0.20580357142857142,0.3325892857142857
0.23927465723131358,0.21583370190181336,0.20787262273330384,0.3370190181335692
0.23253757736516356,0.22060123784261715,0.20866489832007074,0.33819628647214856
0.23118279569892472,0.22132616487455198,0.2110215053763441,0.3364695340501792
0.23824175824175825,0.22021978021978023,0.20659340659340658,0.33494505494505494
0.23612960497114957,0.2237017310252996,0.20372836218375498,0.33644030181979584
0.23813747228381374,0.22483370288248336,0.2048780487804878,0.3321507760532151
0.23784261715296198,0.22192749778956675,0.20468611847922194,0.33554376657824936
0.23912087912087912,0.22505494505494505,0.1991208791208791,0.3367032967032967
0.24447391688771,0.22325375773651635,0.1976127320954907,0.33465959328028294
0.24681598594642074,0.22178304787000439,0.19806763285024154,0.3333333333333333
0.24462954844366505,0.22314774221832528,0.19289785181937746,0.3393248575186322
0.23925564909171468,0.22153300841825432,0.19007532122286222,0.3491360212671688
0.24001774622892635,0.225377107364685,0.1898846495119787,0.3447204968944099
0.2439893143365984,0.22395369545859306,0.18477292965271594,0.3472840605520926
0.2411190053285968,0.2255772646536412,0.1780639431616341,0.3552397868561279
0.23908248786943095,0.2258491398323776,0.17644464049404499,0.3586237318041465
0.24612660469234174,0.22399291722000886,0.17131474103585656,0.35856573705179284
0.2441189525077674,0.22592099422991566,0.17221482467820684,0.35774522858411006
0.24700665188470067,0.22350332594235034,0.17383592017738358,0.3556541019955654
0.2515364354697103,0.22431957857769974,0.1694468832309043,0.3546971027216857
0.2512098548174219,0.22437307523097227,0.17421909370875496,0.3501979762428509
0.2529592284085927,0.22840859272249014,0.1705392371766769,0.34809294169224025
0.25515124945199474,0.22314774221832528,0.17360806663743972,0.34809294169224025
0.26006191950464397,0.21583370190181336,0.16718266253869968,0.35692171605484296
0.25540361711513015,0.21041023378914867,0.17423908248786943,0.3599470666078518
0.2497797356828194,0.21497797356828194,0.1748898678414097,0.360352422907489
0.2518847006651885,0.21152993348115298,0.17738359201773837,0.35920177383592017
0.25951859956236323,0.2074398249452954,0.17811816192560176,0.3549234135667396
0.2576632607729898,0.2079075966237228,0.18169702354509107,0.35273211905819635
0.2540394973070018,0.20601436265709155,0.17908438061041293,0.3608617594254937
0.25589519650655024,0.20698689956331878,0.17729257641921398,0.359825327510917
0.26269315673289184,0.20706401766004415,0.1739514348785872,0.3562913907284768
0.2632042253521127,0.207306338028169,0.17693661971830985,0.35255281690140844
0.2620842572062084,0.20532150776053215,0.17516629711751663,0.3574279379157428
0.25589519650655024,0.20480349344978166,0.1812227074235808,0.35807860262008734
0.2523281596452328,0.2048780487804878,0.1844789356984479,0.3583148558758315
0.2577502214348981,0.20194862710363154,0.18069087688219662,0.3596102745792737
0.2577953447518665,0.19806763285024154,0.17479139218269654,0.36934563021519545
0.249667994687915,0.20053120849933598,0.17928286852589642,0.3705179282868526
0.2479010163499779,0.19840919133893062,0.17852408307556342,0.37516570923552806
0.252212389380531,0.19247787610619468,0.18141592920353983,0.37389380530973454
0.24703296703296704,0.1986813186813187,0.1832967032967033,0.370989010989011
0.24878694309660343,0.19629466254962505,0.18262020291133657,0.3722981914424349
0.25704225352112675,0.1949823943661972,0.17913732394366197,0.36883802816901406
0.25613565372601516,0.19678714859437751,0.17804551539491298,0.36903168228469435
0.25426695842450764,0.19474835886214442,0.17811816192560176,0.3728665207877462
0.254962505513895,0.19673577415086016,0.17556241729157476,0.37273930304367003
0.24956063268892795,0.20298769771529,0.17926186291739896,0.36818980667838314
0.2455220620358235,0.19790301441677588,0.17737003058103976,0.37920489296636084
0.24922941435490972,0.19859092910612064,0.178335535006605,0.37384412153236457
0.24701723376049492,0.19973486522315512,0.17543084401237297,0.377817057003977
0.2564551422319475,0.19693654266958424,0.16980306345733043,0.3768052516411379
0.26054481546572933,0.19244288224956063,0.17618629173989456,0.37082601054481545
0.2592429577464789,0.1936619718309859,0.17649647887323944,0.37059859154929575
0.2565584704313028,0.1956425077812361,0.16985326811916407,0.377945753668297
0.2608886933567972,0.194456665200176,0.17157941047074352,0.37307523097228334
0.25975177304964536,0.1945921985815603,0.17907801418439717,0.36657801418439717
0.264783759929391,0.18623124448367168,0.17917034421888792,0.3698146513680494
0.2603757099169943,0.19003931847968544,0.17780690257754478,0.3717780690257754
0.2593242650285213,0.1899956121105748,0.177270732777534,0.3734093900833699
0.2533215234720992,0.19574844995571303,0.17891939769707707,0.3720106288751107
0.24791940429259746,0.19579500657030224,0.17696014016644765,0.3793254489706526
0.24481693868548743,0.1940891045434495,0.1835024261138068,0.3775915306572563
0.24778761061946902,0.18849557522123894,0.18716814159292036,0.3765486725663717
0.24811696942844483,0.19007532122286222,0.18653079308817014,0.37527691626052284
0.25431989366415597,0.18608772707133364,0.18254319893664156,0.3770491803278688
0.254207263064659,0.18511957484499558,0.18910540301151463,0.37156775907883083
0.25419240953221534,0.18976169461606354,0.1884377758164166,0.3676081200353045
0.25756227758007116,0.1854982206405694,0.1895017793594306,0.36743772241992884
0.25552608311229,0.1878868258178603,0.1918656056587091,0.3647214854111406
0.26136865342163357,0.18763796909492272,0.1911699779249448,0.3598233995584989
0.25958572058175405,0.1877479065667695,0.19259585720581754,0.3600705156456589
0.26362038664323373,0.19288224956063268,0.18717047451669597,0.3563268892794376
0.26073483842408146,0.19477644975652944,0.18813634351482958,0.3563523683045595
0.259670964873277,0.19964428634948866,0.1858603823921743,0.35482436638506004
0.2661326212728082,0.19982198486871383,0.18691588785046728,0.3471295060080107
0.2650976909413854,0.20071047957371227,0.18872113676731794,0.34547069271758435
0.26545936395759717,0.20273851590106007,0.18860424028268552,0.34319787985865724
0.267927848658161,0.20325560932688078,0.18785745710514737,0.3409590849098108
0.26480990274093724,0.20512820512820512,0.1914235190097259,0.33863837312113176
0.2609271523178808,0.20044150110375275,0.19911699779249448,0.33951434878587194
0.2632046160674656,0.19840213049267644,0.1908566355969818,0.34753661784287615
0.26081141328577795,0.1992866696388765,0.1939366919304503,0.34596522514489525
0.26452464788732394,0.19454225352112675,0.19234154929577466,0.3485915492957746
0.2617067833698031,0.2,0.18424507658643327,0.35404814004376367
0.2609271523178808,0.1977924944812362,0.18189845474613686,0.35938189845474616
0.25850640742377373,0.20282810428634557,0.18250110472823686,0.3561643835616438
0.256816182937555,0.20712401055408972,0.18469656992084432,0.351363236587511
0.26146993318485523,0.20311804008908685,0.18129175946547885,0.35412026726057905
0.26153846153846155,0.20175824175824175,0.18637362637362637,0.35032967032967033
0.2620932277924362,0.20316622691292877,0.18469656992084432,0.3500439753737907
0.2620202911336568,0.20291133656815175,0.1835024261138068,0.35156594618438464
0.27212681638044917,0.1919859092910612,0.1831792162043153,0.3527080581241744
0.2745955400087451,0.1919545255793616,0.1845212068211631,0.34892872759073024
0.27587719298245617,0.1912280701754386,0.18333333333333332,0.3495614035087719
0.2770714598860149,0.1955282770714599,0.183691363437089,0.3437088996054362
0.2848888888888889,0.1928888888888889,0.17644444444444443,0.3457777777777778
0.28527200353825743,0.19239274657231314,0.17779743476337903,0.3445378151260504
0.28596491228070176,0.18947368421052632,0.1780701754385965,0.34649122807017546
0.2795311091073039,0.19657348963029755,0.16952209197475204,0.35437330928764654
0.27971718957136543,0.19575784357048165,0.16836058329650905,0.3561643835616438
0.28357551739321885,0.19638925583443417,0.17217084984588288,0.3478643769264641
0.2824858757062147,0.19600173837461973,0.16644936983920033,0.3550630160799652
0.2849064810787299,0.19530230535015225,0.1674641148325359,0.352327098738582
0.2894158981115503,0.18972332015810275,0.16644707949055776,0.3544137022397892
0.2874834144183989,0.19062361786819992,0.17160548429898276,0.3502874834144184
0.2870249017038008,0.19353429445172565,0.17562254259501967,0.3438182612494539
0.28247330960854095,0.19306049822064056,0.18149466192170818,0.3429715302491103
0.28071709663314387,0.1915172715347617,0.17971141233056406,0.34805421950153037
0.2830687830687831,0.195326278659612,0.1746031746031746,0.34700176366843033
0.27686134641105664,0.1939366919304503,0.17833259028087384,0.35086937137761925
0.2787532923617208,0.19490781387181738,0.1804214223002634,0.34591747146619845
0.28217602830605926,0.19195046439628483,0.17956656346749225,0.34630694383016364
0.2835689045936396,0.19478798586572438,0.17667844522968199,0.34496466431095407
0.2862238074008025,0.19259919750334373,0.17744092732946945,0.3437360677663843
0.29393673110720564,0.18980667838312829,0.18453427065026362,0.3317223198594025
0.2946817785527463,0.19398430688753268,0.17829119442022667,0.3330427201394943
0.28836797877045556,0.1959310039805396,0.18398938522777533,0.33171163202122955
0.2853982300884956,0.19778761061946903,0.18672566371681415,0.33008849557522124
0.2865242040994331,0.19973833406018315,0.18970780636720452,0.32402965547317925
0.2843915343915344,0.1948853615520282,0.1931216931216931,0.32760141093474426
0.2834507042253521,0.19762323943661972,0.19586267605633803,0.3230633802816901
0.28063943161634103,0.20159857904085257,0.1913854351687389,0.32637655417406747
0.2760898282694848,0.20079260237780713,0.1919859092910612,0.33113166006164685
0.27887571365832237,0.20202020202020202,0.18664909969257795,0.33245498462889767
0.2789473684210526,0.19912280701754387,0.1837719298245614,0.3381578947368421
0.2783866725120561,0.20078912757562473,0.18763700131521263,0.33318719859710655
0.2739244951712028,0.2032484635645303,0.18788410886742757,0.3349429323968393
0.27541998231653403,0.20512820512820512,0.1861184792219275,0.3333333333333333
0.27667109340416113,0.20407259849490925,0.18725099601593626,0.33200531208499334
0.27669039145907476,0.20151245551601424,0.19083629893238435,0.3309608540925267
0.2695536897923111,0.20901458241272647,0.18780380026513477,0.3336279275298277
0.27851458885941643,0.20866489832007074,0.1914235190097259,0.3213969938107869
0.2759538598047915,0.21073646850044367,0.18855368234250222,0.32475598935226263
0.27541998231653403,0.20733863837312114,0.1918656056587091,0.3253757736516357
0.27666083916083917,0.20804195804195805,0.18706293706293706,0.32823426573426573
0.2730465320456541,0.20280948200175591,0.19139596136962247,0.33274802458296754
0.26887417218543047,0.19955849889624724,0.19161147902869757,0.33995584988962474
0.2727272727272727,0.19991173874669022,0.1857899382171227,0.3415710503089144
0.2668711656441718,0.19675723049956179,0.19193689745836984,0.3444347063978966
0.26258205689277897,0.20043763676148796,0.19168490153172865,0.3452954048140044
0.2581211589113257,0.20149253731343283,0.18920105355575065,0.35118525021949076
0.26455026455026454,0.2001763668430335,0.19135802469135801,0.3439153439153439
0.2717247463608293,0.2011468901632113,0.19144243493603882,0.3356859285399206
0.2670807453416149,0.20186335403726707,0.19165927240461403,0.339396628216504
0.2639193336256028,0.1968434896975011,0.20166593599298555,0.3375712406839106
0.2623022847100176,0.1968365553602812,0.2056239015817223,0.3352372583479789
0.25596816976127323,0.19230769230769232,0.20778072502210435,0.34394341290893016
0.254312251216276,0.19814241486068113,0.20654577620521894,0.340999557717824
0.25845620121422375,0.1955767562879445,0.20555073720728534,0.3404163052905464
0.25620567375886527,0.19680851063829788,0.20567375886524822,0.34131205673758863
0.261558784676354,0.18978423601937472,0.21047996477322764,0.3381770145310436
0.2663736263736264,0.1912087912087912,0.20835164835164835,0.33406593406593404
0.26887821911828896,0.19161938018332605,0.21082496726320385,0.32867743343518113
0.26115775519222273,0.19133893062306673,0.21210782147591692,0.33539549270879365
0.2624890446976337,0.18799298860648553,0.21209465381244522,0.3374233128834356
0.264783759929391,0.18711385701676964,0.20962047661076788,0.33848190644307147
0.2630415561450044,0.1870026525198939,0.20822281167108753,0.34173297966401417
0.26276076342654237,0.18286728806036395,0.2072791833111407,0.3470927652019529
0.2667836770513383,0.1799034664326459,0.20666959192628345,0.3466432645897323
0.2693498452012384,0.17823971693940735,0.210968597965502,0.3414418398938523
0.26607929515418505,0.1814977973568282,0.20792951541850221,0.34449339207048457
0.2654320987654321,0.18915343915343916,0.20943562610229277,0.335978835978836
0.2635283765948086,0.1847778266608007,0.214694236691597,0.3369995600527937
0.2671957671957672,0.18298059964726632,0.21693121693121692,0.33289241622574955
0.2618310482087572,0.18487394957983194,0.21406457319770014,0.33923042901371075
0.26848591549295775,0.18089788732394366,0.2205105633802817,0.3301056338028169
0.27048458149779736,0.18458149779735683,0.21585903083700442,0.3290748898678414
0.27006651884700666,0.1835920177383592,0.21241685144124167,0.33392461197339246
0.2687029659141213,0.18326693227091634,0.22000885347498894,0.3280212483399734
0.27013796172674676,0.18157543391188252,0.22251891410769917,0.3257676902536716
0.2731707317073171,0.18226164079822615,0.22261640798226165,0.32195121951219513
0.27982456140350875,0.18421052631578946,0.2179824561403509,0.31798245614035087
0.28075571177504394,0.18057996485061512,0.21924428822495606,0.3194200351493849
0.27232732072151344,0.18345798504179497,0.214694236691597,0.32952045754509457
0.27420774647887325,0.1936619718309859,0.21610915492957747,0.3160211267605634
0.27104451300132215,0.19612163948876157,0.21639488761568973,0.31643895989422655
0.2805628847845207,0.19876868953386104,0.21372031662269128,0.306948109058927
0.28213028169014087,0.20246478873239437,0.21434859154929578,0.301056338028169
0.27884187082405343,0.19866369710467707,0.21469933184855233,0.30779510022271717
0.27966841186736474,0.1967713787085515,0.2164048865619546,0.30715532286212915
0.2889969067609368,0.1939902783915157,0.20989836500220946,0.30711444984533803
0.29007971656333037,0.19176262178919398,0.2112488928255093,0.3069087688219663
0.29845474613686535,0.18410596026490067,0.20927152317880796,0.30816777041942606
0.2983835736129314,0.18610747051114024,0.20707732634338138,0.308431629532547
0.2981993851559069,0.18489240228370662,0.2059727711901625,0.310935441370224
0.30630233583076244,0.19039224327897752,0.1996474217717056,0.30365799911855446
0.3043670048522276,0.1940891045434495,0.19673577415086016,0.30480811645346273
0.2981834293309703,0.1949490474080638,0.19273371732388125,0.3141338059370846
0.2965090587715422,0.19752540874944763,0.19664162615996464,0.3093239063190455
0.2996040475142983,0.1869775626924769,0.1957765068191817,0.3176418829740431
0.3053000438020149,0.18134034165571616,0.19754708716600963,0.3158125273762593
0.30714916151809357,0.1849073256840247,0.19373345101500442,0.3142100617828773
0.3089143865842895,0.1849073256840247,0.19638128861429832,0.30979699911738745
0.30221238938053097,0.18849557522123894,0.19690265486725664,0.3123893805309734
0.30184534270650265,0.18936731107205623,0.19815465729349738,0.31063268892794377
0.3036187113857017,0.1879964695498676,0.1941747572815534,0.3142100617828773
0.3021710234824989,0.18830305715551618,0.1909614532565352,0.3185644661054497
0.30707610146862485,0.1864708500222519,0.19047619047619047,0.3159768580329328
0.3092920353982301,0.18539823008849557,0.18672566371681415,0.3185840707964602
0.303886925795053,0.18904593639575973,0.18992932862190812,0.31713780918727913
0.3129161118508655,0.18641810918774968,0.1873058144695961,0.3133599644917887
0.309010989010989,0.18461538461538463,0.19252747252747252,0.31384615384615383
0.3151595744680851,0.18351063829787234,0.19680851063829788,0.3045212765957447
0.31685789938217124,0.1787290379523389,0.19285083848190646,0.3115622241835834
0.31488801054018445,0.178743961352657,0.19367588932806323,0.3126921387790953
0.30940919037199127,0.1763676148796499,0.19037199124726478,0.3238512035010941
0.3105425672695192,0.17776797529775032,0.1940891045434495,0.317600352889281
0.30902623388172523,0.1809693196976434,0.19297465540240108,0.3170297910182303
0.31112091791703445,0.18358340688437777,0.19329214474845544,0.3120035304501324
0.3085436033643205,0.18016821602478972,0.20008853474988933,0.31119964586100046
0.30274822695035464,0.18528368794326242,0.19858156028368795,0.313386524822695
0.3012736056214317,0.1831357048748353,0.1919191919191919,0.32367149758454106
0.3039647577092511,0.18193832599118942,0.1920704845814978,0.32202643171806167
0.3010940919037199,0.1838074398249453,0.19080962800875273,0.32428884026258203
0.3000882612533098,0.18667255075022066,0.1915269196822595,0.32171226831421007
0.30575221238938055,0.18451327433628317,0.18672566371681415,0.3230088495575221
0.30795998260113094,0.18181818181818182,0.1879077859939104,0.32231404958677684
0.3121412803532009,0.18410596026490067,0.18675496688741722,0.31699779249448123
0.30455740578439966,0.18974583698510078,0.1831726555652936,0.32252410166520595
0.3047534429142603,0.18436250555308753,0.18258551754775657,0.3282985339848956
0.3085059497576025,0.1873071837814015,0.17937417364477742,0.3248126928162186
0.3106457242582897,0.18280977312390925,0.17713787085514834,0.3294066317626527
0.30684811237928006,0.18217734855136083,0.1804214223002634,0.3305531167690957
0.31263664188893747,0.18277219064276345,0.17708788806296458,0.3275032794053345
0.30556773345024113,0.1854449802718106,0.17886891714160455,0.3301183691363437
0.3034934497816594,0.1903930131004367,0.17860262008733624,0.32751091703056767
0.30448154657293497,0.19595782073813708,0.17706502636203866,0.3224956063268893
0.30461270670147955,0.19451697127937337,0.17493472584856398,0.3259355961705831
0.3077945084145261,0.1966341895482728,0.1696191319751993,0.3259521700620018
0.30875166592625497,0.19991115059973344,0.1688138605064416,0.32252332296756997
0.31095406360424027,0.1894876325088339,0.1682862190812721,0.33127208480565373
0.31983985765124556,0.1854982206405694,0.17259786476868327,0.3220640569395018
0.3237885462555066,0.18061674008810572,0.17533039647577092,0.32026431718061676
0.3217429577464789,0.1795774647887324,0.1800176056338028,0.31866197183098594
0.3238434163701068,0.17615658362989323,0.17704626334519574,0.32295373665480426
0.31983985765124556,0.175711743772242,0.18016014234875444,0.32428825622775803
0.3280282935455349,0.17462422634836428,0.17595048629531387,0.3213969938107869
0.32170022371364654,0.1749440715883669,0.17852348993288591,0.32483221476510066
0.32058047493403696,0.1802990325417766,0.17546174142480211,0.32365875109938436
0.32671957671957674,0.17680776014109348,0.167989417989418,0.32848324514991184
0.3254281949934124,0.17830478700043917,0.16908212560386474,0.3271848924022837
0.32819383259911894,0.17533039647577092,0.1669603524229075,0.3295154185022026
0.324801412180053,0.17917034421888792,0.16902030008826124,0.3270079435127979
0.32863436123348017,0.18325991189427313,0.16255506607929515,0.32555066079295153
0.32289369210410235,0.18614909572121746,0.16144684605205117,0.329510366122629
0.32038834951456313,0.18358340688437777,0.1641659311562224,0.3318623124448367
0.3245498462889767,0.178743961352657,0.16512955643390426,0.331576635924462
0.3230088495575221,0.17743362831858406,0.17212389380530974,0.3274336283185841
0.33362560280578696,0.17229285401139852,0.16615519508987286,0.3279263480929417
0.33318465655664586,0.1735057983942908,0.16280107047279216,0.3305084745762712
0.32289369210410235,0.17379797088663432,0.1623290692545214,0.34097926775474197
0.31926121372031663,0.17941952506596306,0.16094986807387862,0.3403693931398417
0.3202296819787986,0.17977031802120141,0.16298586572438162,0.3370141342756184
0.3115910092551785,0.17805200528867343,0.16967827236668137,0.34067871308946673
0.3112290008841733,0.18346595932802828,0.16578249336870027,0.3395225464190981
0.3184855233853007,0.18040089086859687,0.17238307349665924,0.3287305122494432
0.3136042402826855,0.18153710247349825,0.17402826855123674,0.3308303886925795
0.3178191489361702,0.18129432624113476,0.17464539007092197,0.3262411347517731
0.3098281181137065,0.17584839136183342,0.18245923314235346,0.3318642573821067
0.3066906151773687,0.1796138302649304,0.183206106870229,0.33048944768747196
0.3076245041868665,0.1745262230057294,0.17981489643014545,0.3380343763772587
0.31233480176211453,0.17533039647577092,0.17753303964757708,0.33480176211453744
0.31562774363476737,0.1777875329236172,0.17559262510974538,0.33099209833187004
0.31956043956043956,0.1767032967032967,0.17406593406593407,0.32967032967032966
0.320069960647136,0.18189768255356362,0.17140358548316573,0.32662877131613466
0.31667403803626715,0.18000884564352057,0.17470145953118088,0.32861565678903143
0.3144239226033421,0.17941952506596306,0.17502198768689534,0.3311345646437995
0.30772626931567326,0.1836644591611479,0.17924944812362031,0.3293598233995585
0.3139689578713969,0.18181818181818182,0.17694013303769401,0.32727272727272727
0.30998248686514884,0.18038528896672504,0.17688266199649738,0.3327495621716287
0.30863656291100394,0.17667689609820253,0.183691363437089,0.3309951775537045
0.31161971830985913,0.17517605633802816,0.17693661971830985,0.3362676056338028
0.31060272767267927,0.17509898812142544,0.17685877694676638,0.3374395072591289
0.3142353459673865,0.1767298369325694,0.1767298369325694,0.3323049801674747
0.31407146007940007,0.1768857520952801,0.17865019850022057,0.33039258932509924
0.31241772707327775,0.17946467749012726,0.1763931548924967,0.3317244405440983
0.30836618484450284,0.1738939991239597,0.17608409986859397,0.3416557161629435
0.31051236749116606,0.17137809187279152,0.17270318021201414,0.3454063604240283
0.31178033658104515,0.17404782993799822,0.1771479185119575,0.33702391496899914
0.30526315789473685,0.1780701754385965,0.1780701754385965,0.3385964912280702
0.3068432671081678,0.17262693156732892,0.1739514348785872,0.3465783664459161
0.30204626334519574,0.16903914590747332,0.18327402135231316,0.3456405693950178
0.313020604997808,0.17492327926348092,0.17974572555896537,0.33231039017974573
0.30921923246581384,0.17379797088663432,0.18306131451257168,0.33392148213498013
0.31521262604121,0.17448487505480054,0.18149934239368698,0.3288031565103025
0.311533362792753,0.17410517012814847,0.18338488731771985,0.3309765797613787
0.3036419482229048,0.17770952172005267,0.18385256691531374,0.3347959631417288
0.3098901098901099,0.17758241758241758,0.18505494505494505,0.3274725274725275
0.3021710234824989,0.17855560478511298,0.18387239698715108,0.33540097474523706
0.30509977827051,0.17472283813747227,0.18580931263858094,0.3343680709534368
0.3078958976621085,0.16806352007057784,0.18967798853109838,0.33436259373621524
0.30809859154929575,0.16681338028169015,0.18529929577464788,0.3397887323943662
0.30928288605367354,0.16893972723273207,0.18389793224813022,0.33787945446546414
0.30318916557448666,0.1743119266055046,0.1834862385321101,0.33901266928789864
0.2973928413610252,0.17498895271763146,0.18692001767565178,0.34069818824569154
0.30048823790501555,0.1739902352418997,0.1877496671105193,0.33777185974256546
0.3019034971226206,0.17706949977866313,0.18857901726427623,0.33244798583444
0.302683677958645,0.17553893532776066,0.18565772107347117,0.3361196656401232
0.30123131046613894,0.17766051011433598,0.18733509234828497,0.3337730870712401
0.30004418912947417,0.17498895271763146,0.19045514803358374,0.33451171011931063
0.2996469549867608,0.17255075022065314,0.1853486319505737,0.34245366284201234
0.3058144695960941,0.16555703506435862,0.1846426986240568,0.34398579671549046
0.3011889035667107,0.1695288419198591,0.18626155878467635,0.3430206957287539
0.28794642857142855,0.17008928571428572,0.18705357142857143,0.3549107142857143
0.29307282415630553,0.16873889875666073,0.18605683836589698,0.3521314387211368
0.2923747276688453,0.17124183006535948,0.18562091503267975,0.35076252723311546
0.2962962962962963,0.17239858906525574,0.18165784832451498,0.349647266313933
0.29525483304042177,0.1704745166959578,0.17750439367311072,0.35676625659050965
0.29577464788732394,0.17825704225352113,0.176056338028169,0.34991197183098594
0.2974043114826221,0.17861856577210736,0.17333919929608446,0.3506379234491861
0.2913525498891353,0.17649667405764966,0.16807095343680709,0.364079822616408
0.29282254513430206,0.18714222809335096,0.16424482606781154,0.35579040070453544
0.28848698720776356,0.18659020732245257,0.15924128804587562,0.36568151742390825
0.2848888888888889,0.1928888888888889,0.156,0.3662222222222222
0.2795604395604396,0.1912087912087912,0.16,0.36923076923076925
