C,D,Oc,Od
1.0,0.0,0.0,0.0
1.0,0.0,0.0,0.0
1.0,0.0,0.0,0.0
0.8,0.0,0.2,0.0
0.6666666666666666,0.16666666666666666,0.16666666666666666,0.0
0.625,0.25,0.125,0.0
0.6666666666666666,0.2222222222222222,0.1111111111111111,0.0
0.6666666666666666,0.16666666666666666,0.16666666666666666,0.0
0.6875,0.1875,0.125,0.0
0.7222222222222222,0.16666666666666666,0.1111111111111111,0.0
0.76,0.08,0.08,0.08
0.7666666666666667,0.1,0.06666666666666667,0.06666666666666667
0.75,0.08333333333333333,0.05555555555555555,0.1111111111111111
0.7777777777777778,0.06666666666666667,0.044444444444444446,0.1111111111111111
0.8214285714285714,0.05357142857142857,0.03571428571428571,0.08928571428571429
0.8615384615384616,0.015384615384615385,0.03076923076923077,0.09230769230769231
0.8552631578947368,0.013157894736842105,0.039473684210526314,0.09210526315789473
0.8571428571428571,0.011904761904761904,0.047619047619047616,0.08333333333333333
0.8602150537634409,0.0,0.043010752688172046,0.0967741935483871
0.8403361344537815,0.0,0.04201680672268908,0.11764705882352941
0.847682119205298,0.006622516556291391,0.026490066225165563,0.11920529801324503
0.8372093023255814,0.011627906976744186,0.029069767441860465,0.12209302325581395
0.8585858585858586,0.005050505050505051,0.030303030303030304,0.10606060606060606
0.8405172413793104,0.01293103448275862,0.02586206896551724,0.1206896551724138
0.8303249097472925,0.018050541516245487,0.02888086642599278,0.12274368231046931
0.8302469135802469,0.018518518518518517,0.024691358024691357,0.12654320987654322
0.8221024258760108,0.0215633423180593,0.026954177897574125,0.1293800539083558
0.8337129840546698,0.01366742596810934,0.02050113895216401,0.13211845102505695
0.8220858895705522,0.012269938650306749,0.02044989775051125,0.14519427402862986
0.8272884283246977,0.008635578583765112,0.018998272884283247,0.14507772020725387
0.8179012345679012,0.009259259259259259,0.020061728395061727,0.1527777777777778
0.8159340659340659,0.013736263736263736,0.020604395604395604,0.14972527472527472
0.8176178660049628,0.01488833746898263,0.018610421836228287,0.1488833746898263
0.8187001140250855,0.014823261117445839,0.018244013683010263,0.14823261117445838
0.827979274611399,0.013471502590673576,0.017616580310880828,0.14093264248704662
0.8202459791863765,0.015137180700094607,0.017029328287606435,0.14758751182592242
0.8258232235701907,0.014731369150779897,0.016464471403812825,0.14298093587521662
0.824505928853755,0.015810276679841896,0.018972332015810278,0.14071146245059288
0.8332086761406133,0.01720269259536275,0.018698578908002993,0.13089005235602094
0.8238636363636364,0.016335227272727272,0.019886363636363636,0.13991477272727273
0.8302013422818791,0.015436241610738255,0.024161073825503355,0.13020134228187918
0.833641404805915,0.0166358595194085,0.020948860135551448,0.1287738755391251
0.8297232250300842,0.02045728038507822,0.019253910950661854,0.1305655836341757
0.8298115362649914,0.018275271273557967,0.0211307824100514,0.1307824100513992
0.8258977149075082,0.017954298150163223,0.023939064200217627,0.132208922742111
0.8221621621621622,0.02,0.024324324324324326,0.1335135135135135
0.8151041666666666,0.022916666666666665,0.023958333333333335,0.13802083333333334
0.8104838709677419,0.02469758064516129,0.024193548387096774,0.140625
0.8044554455445545,0.028712871287128714,0.024752475247524754,0.14207920792079207
0.7975728155339806,0.03203883495145631,0.025728155339805825,0.14466019417475728
0.7926887926887927,0.03511303511303511,0.027417027417027416,0.1447811447811448
0.7961813842482101,0.03341288782816229,0.023389021479713605,0.14701670644391407
0.7924263674614306,0.033660589060308554,0.02431042543244507,0.1496026180458158
0.7929130234698574,0.03313391624482283,0.028992176714219973,0.14496088357109987
0.7932450935645824,0.032861706983112735,0.028297581013235967,0.14559561843906893
0.7960378208014408,0.031967582170193604,0.027915353444394417,0.14407924358397117
0.793557168784029,0.03221415607985481,0.03176043557168784,0.1424682395644283
0.7924865831842576,0.030858676207513418,0.03264758497316637,0.1440071556350626
0.7877842175657601,0.030762371823450735,0.034774855104770394,0.14667855550601872
0.7903154153709463,0.03287427809862283,0.03243003109729009,0.14438027543314083
0.7855570233377367,0.03126376045794804,0.035667107001321,0.14751210920299426
0.7808764940239044,0.03231518370960602,0.03629924745462594,0.15050907481186365
0.7780249110320284,0.035142348754448396,0.03914590747330961,0.14768683274021352
0.7797961896322552,0.034116083296411165,0.038546743464776254,0.14754098360655737
0.7798853109836789,0.032642258491398325,0.036612262902514334,0.15086016762240848
0.7736017897091723,0.032662192393736016,0.036241610738255034,0.1574944071588367
0.7764390896921017,0.030789825970548863,0.040160642570281124,0.15261044176706828
0.7718986216096043,0.03156958648288128,0.04046242774566474,0.15606936416184972
0.7735765124555161,0.030249110320284697,0.04092526690391459,0.1552491103202847
0.7684444444444445,0.035111111111111114,0.04133333333333333,0.15511111111111112
0.7659669495310406,0.03573023671281822,0.04198302813756141,0.15631978561857973
0.768,0.035111111111111114,0.042222222222222223,0.15466666666666667
0.7664907651715039,0.03430079155672823,0.04177660510114336,0.15743183817062445
0.7621814930710773,0.03263299061242736,0.04023245417970496,0.16495306213679034
0.7695690413368513,0.030343007915567283,0.03913808267370272,0.16094986807387862
0.7695346795434592,0.03028972783143108,0.03994732221246708,0.16022827041264268
0.7666666666666667,0.030666666666666665,0.041777777777777775,0.1608888888888889
0.7638766519823789,0.03039647577092511,0.040969162995594714,0.1647577092511013
0.7668738898756661,0.03108348134991119,0.04085257548845471,0.16119005328596803
0.7654708520179372,0.03228699551569507,0.04170403587443946,0.16053811659192826
0.7666963490650045,0.03250222617987533,0.03829029385574354,0.16251113089937666
0.7697104677060134,0.029398663697104678,0.04142538975501114,0.15946547884187082
0.7754650132860939,0.0283436669619132,0.0420726306465899,0.15411868910540302
0.7702582368655387,0.028495102404274265,0.04140694568121104,0.15983971504897596
0.7662682602921647,0.03054448871181939,0.03851261620185923,0.1646746347941567
0.7728275253639171,0.030436700485222762,0.03573003970004411,0.16100573445081606
0.7700794351279788,0.03177405119152692,0.03265666372462489,0.16548984995586938
0.7727670753064798,0.03152364273204904,0.03283712784588441,0.1628721541155867
0.7714663143989432,0.03258476442095993,0.03478643769264641,0.16116248348745046
0.7690241718889884,0.03088630259623993,0.03357206803939123,0.1665174574753805
0.766607617360496,0.031443755535872454,0.0354295837023915,0.16651904340124005
0.7713024282560706,0.0282560706401766,0.03532008830022075,0.16512141280353201
0.7664135774899509,0.028584189370254576,0.038856632425189816,0.16614560071460474
0.7641551493535443,0.029424877396344182,0.038341506910387874,0.1680784663397236
0.7627494456762749,0.028824833702882482,0.03813747228381375,0.17028824833702882
0.7581436858545292,0.031236055332440876,0.036590807675145026,0.17402945113788487
0.7532008830022076,0.033554083885209716,0.03532008830022075,0.17792494481236204
0.7584219858156028,0.03280141843971631,0.03679078014184397,0.17198581560283688
0.7630522088353414,0.0321285140562249,0.03435966086568496,0.17045961624274877
0.7581436858545292,0.03346720214190094,0.036590807675145026,0.1717983043284248
0.7543160690571049,0.035413899955732624,0.03718459495351926,0.1730854360336432
0.7603748326639893,0.03391343150379295,0.03480589022757698,0.17090584560464078
0.7609865470852017,0.03183856502242152,0.03542600896860987,0.1717488789237668
0.7572944297082228,0.034482758620689655,0.03713527851458886,0.17108753315649866
0.7608017817371938,0.03474387527839644,0.03697104677060133,0.16748329621380847
0.7596153846153846,0.03583916083916084,0.038461538461538464,0.1660839160839161
0.759169244365886,0.03800265134776845,0.037560760053026956,0.1652673442333186
0.7557046979865771,0.03803131991051454,0.03982102908277405,0.16644295302013423
0.7519101123595505,0.038651685393258424,0.04224719101123595,0.16719101123595506
0.754665452890305,0.03823395539371871,0.03823395539371871,0.16886663632225762
0.7559337214509628,0.03716972682489924,0.03537841468875952,0.1715181370353784
0.7496647295485025,0.03799731783638802,0.03442109968708091,0.1779168529280286
0.747992863514719,0.036574487065120426,0.034344335414808205,0.18108831400535236
0.7475813544415127,0.03342128408091469,0.034740545294635,0.18425681618293754
0.7556142668428005,0.03302509907529723,0.03346543372963452,0.17789520035226772
0.7525363917071018,0.03396559329510366,0.03352448169386855,0.1799735333039259
0.750330250990753,0.034346103038309116,0.0361074416556583,0.17921620431527963
0.7483385024368631,0.034559149313247675,0.035002215330084185,0.18210013291980506
0.7405764966740577,0.03636363636363636,0.03547671840354767,0.18758314855875832
0.7366785079928952,0.03818827708703375,0.03596802841918295,0.1891651865008881
0.7365615282096846,0.03864948911594847,0.03553976010661928,0.18924922256774768
0.7407079646017699,0.03584070796460177,0.035398230088495575,0.18805309734513273
0.7325066430469442,0.03675819309123118,0.037643932683790966,0.19309123117803365
0.7308718861209964,0.03425266903914591,0.03692170818505338,0.19795373665480426
0.7237840249888443,0.0321285140562249,0.0392681838464971,0.20481927710843373
0.7227635075287865,0.033215234720992026,0.037643932683790966,0.20637732506643047
0.7237250554323725,0.03237250554323725,0.03592017738359202,0.20798226164079822
0.7230215827338129,0.0341726618705036,0.03552158273381295,0.2072841726618705
0.7216358839050132,0.03562005277044855,0.03781882145998241,0.20492524186455585
0.717688575209528,0.035288928098809,0.04014115571239524,0.20688134097926775
0.7116154873164219,0.03827325322652426,0.04316866933689364,0.20694259012016022
0.7045053003533569,0.037102473498233215,0.04196113074204947,0.21643109540636044
0.7087985707905314,0.037516748548459135,0.03796337650736936,0.21572130415364002
0.7060915962650066,0.04046242774566474,0.039573143619386394,0.2138728323699422
0.7065602836879432,0.038120567375886524,0.03723404255319149,0.21808510638297873
0.7031111111111111,0.036444444444444446,0.037333333333333336,0.22311111111111112
0.7054125998225377,0.0385980479148181,0.03771073646850044,0.21827861579414373
0.7020517395182873,0.04014272970561998,0.03969669937555754,0.21810883140053525
0.6974335884736605,0.03962179198559208,0.03962179198559208,0.22332282755515534
0.6942333482342423,0.03933839964237819,0.04023245417970496,0.22619579794367456
0.6933983163491361,0.04164820558263181,0.03987594151528578,0.22507753655294638
0.6945921985815603,0.040780141843971635,0.038120567375886524,0.22650709219858156
0.6973214285714285,0.040625,0.034375,0.22767857142857142
0.694170403587444,0.04125560538116592,0.03542600896860987,0.22914798206278028
0.6920663379650381,0.03854773644105782,0.03675481846705513,0.23263110712684895
0.7014725568942436,0.038821954484605084,0.03391343150379295,0.22579205711735834
0.7009892086330936,0.03732014388489208,0.03192446043165468,0.2297661870503597
0.6991111111111111,0.04,0.030666666666666665,0.23022222222222222
0.6996012405848472,0.03943287549844927,0.03322995126273815,0.22773593265396544
0.7012005335704757,0.036905291240551356,0.03023566029346376,0.23165851489550912
0.7027498908773462,0.036665211697948494,0.030554343081623744,0.23003055434308162
0.7084625609215773,0.0358883473637572,0.03322995126273815,0.22241914045192734
0.7156647652479158,0.035980693286529176,0.02720491443615621,0.22114962702939886
0.7109826589595376,0.03646064917741218,0.02712316585148955,0.2254335260115607
0.711051930758988,0.03595206391478029,0.02796271637816245,0.22503328894806923
0.7086092715231788,0.032671081677704196,0.032229580573951436,0.22649006622516557
0.710259797446059,0.03522677234698371,0.03346543372963452,0.22104799647732276
0.7052863436123348,0.035682819383259914,0.03303964757709251,0.22599118942731278
0.7069499778663125,0.03629924745462594,0.033643204957945996,0.22310756972111553
0.7005826983415508,0.03496190049305244,0.033617212012550426,0.23083818915284626
0.6991618879576533,0.03396559329510366,0.03440670489633877,0.23246581385090428
0.6988485385296723,0.03277236492471213,0.034100974313551816,0.23427812223206376
0.6981720909496211,0.03611234953187695,0.034774855104770394,0.2309407044137316
0.6964842011570983,0.035603026257231864,0.03471295060080107,0.23319982198486872
0.6863354037267081,0.03682342502218278,0.03682342502218278,0.24001774622892635
0.6916181084715374,0.03675481846705513,0.03630658897355446,0.23532048408785297
0.692239467849224,0.03458980044345898,0.03370288248337029,0.2394678492239468
0.692,0.037333333333333336,0.035111111111111114,0.23555555555555555
0.6872775800711743,0.03914590747330961,0.036476868327402136,0.23709964412811388
0.6801601423487544,0.03825622775800712,0.033807829181494664,0.24777580071174377
0.6802990325417766,0.03825857519788918,0.03430079155672823,0.24714160070360597
0.6814715118887393,0.03992821893225662,0.033647375504710635,0.2449528936742934
0.6716016150740243,0.04127411395244504,0.036787797218483624,0.2503364737550471
0.6632194244604317,0.041816546762589925,0.03732014388489208,0.25764388489208634
0.6637050199911151,0.0444247001332741,0.03509551310528654,0.2567747667703243
0.6659262549977788,0.043536206130608615,0.03553976010661928,0.25499777876499335
0.6721457130164371,0.03864948911594847,0.03864948911594847,0.25055530875166593
0.6684563758389261,0.038926174496644296,0.042953020134228186,0.24966442953020135
0.6729559748427673,0.04043126684636118,0.039532794249775384,0.24707996406109614
0.6763783056925146,0.04168534289556253,0.039444195428059166,0.24249215598386373
0.6690486824475212,0.041536400178651185,0.03974988834301027,0.24966502903081733
0.6684397163120568,0.03900709219858156,0.040336879432624116,0.2522163120567376
0.6696269982238011,0.03641207815275311,0.041740674955595025,0.2522202486678508
0.66784140969163,0.03612334801762115,0.038766519823788544,0.25726872246696036
0.6647424511545293,0.03596802841918295,0.037300177619893425,0.2619893428063943
0.6672566371681415,0.034070796460176994,0.035398230088495575,0.26327433628318586
0.6715167548500882,0.03350970017636684,0.036155202821869487,0.2588183421516755
0.6666666666666666,0.03337783711615487,0.032932799287939477,0.26702269692923897
0.6697328077091547,0.035479632063074903,0.0346035917652212,0.26018396846254926
0.6730172795746566,0.034116083296411165,0.03234381922906513,0.2605228178998671
0.6657871591908531,0.03518029903254178,0.032981530343007916,0.26605101143359716
0.66371289322109,0.035002215330084185,0.034116083296411165,0.2671688081524147
0.6676923076923077,0.03560439560439561,0.03340659340659341,0.2632967032967033
0.6650485436893204,0.038393645189761696,0.03309796999117388,0.263459841129744
0.6619593998234775,0.03618711385701677,0.03309796999117388,0.2687555163283319
0.6666666666666666,0.03435966086568496,0.03302097278000892,0.26595269968763946
0.6662180349932705,0.033647375504710635,0.03454463885150292,0.26558995065051594
0.6701846965699209,0.03210202286719437,0.034740545294635,0.26297273526824977
0.6756161971830986,0.03125,0.03345070422535211,0.2596830985915493
0.6712450155073106,0.033673017279574655,0.03322995126273815,0.2618520159503766
0.6724367509986684,0.03151353750554816,0.03550821127385708,0.26054150022192635
0.6669623059866963,0.03414634146341464,0.03636363636363636,0.26252771618625276
0.6607460035523979,0.03374777975133215,0.03907637655417407,0.2664298401420959
0.6584507042253521,0.03477112676056338,0.03609154929577465,0.2706866197183099
0.6554472984942427,0.03365810451727192,0.03631532329495128,0.2745792736935341
0.6543099598034837,0.03171058508262617,0.03707012058954891,0.27690933452434124
0.6494252873563219,0.03094606542882405,0.038461538461538464,0.28116710875331563
0.6437864513234635,0.03140421713772992,0.038582323912068194,0.28622700762673847
0.648,0.030666666666666665,0.03688888888888889,0.28444444444444444
0.6398230088495576,0.031415929203539826,0.03893805309734513,0.28982300884955753
0.6418109187749668,0.03195739014647137,0.03861517976031957,0.28761651131824234
0.6452476572958501,0.030789825970548863,0.03971441320838911,0.28424810352521196
0.6487804878048781,0.02926829268292683,0.038580931263858094,0.28337028824833704
0.6474788041053101,0.03168228469433289,0.038375725122713075,0.2824631860776439
0.6488413547237076,0.03208556149732621,0.039661319073083776,0.27941176470588236
0.644513826940232,0.03300624442462088,0.037020517395182875,0.2854594112399643
0.6381461675579323,0.0338680926916221,0.03698752228163993,0.2909982174688057
0.6437806509139545,0.03165403477485511,0.03744984395898351,0.28711547035220686
0.6468763845813026,0.034116083296411165,0.03943287549844927,0.27957465662383696
0.6364044943820225,0.03550561797752809,0.04,0.28808988764044946
0.6347011596788582,0.036574487065120426,0.040588760035682424,0.288135593220339
0.6361209964412812,0.03603202846975089,0.03914590747330961,0.28870106761565834
0.6327985739750446,0.03832442067736185,0.040106951871657755,0.2887700534759358
0.6304829419583518,0.03898980948161276,0.03943287549844927,0.2910943730615862
0.6188983430362741,0.03940886699507389,0.042991491267353334,0.2987012987012987
0.6187722419928826,0.0400355871886121,0.03959074733096085,0.3016014234875445
0.6167770419426049,0.04105960264900662,0.040176600441501106,0.3019867549668874
0.6133928571428572,0.045089285714285714,0.038392857142857145,0.303125
0.6091030789825971,0.043284248103525214,0.038821954484605084,0.30879071842927264
0.6057906458797327,0.04365256124721604,0.04053452115812917,0.310022271714922
0.6002644336712208,0.044072278536800354,0.03966505068312032,0.31599823710885855
0.5957161981258366,0.04417670682730924,0.038821954484605084,0.321285140562249
0.5984882169853268,0.04090706980880391,0.037349933303690526,0.32325477990217877
0.5988576449912126,0.04305799648506151,0.03734622144112478,0.32073813708260107
0.5938475256353098,0.04012483281319661,0.04012483281319661,0.3259028087382969
0.5915306572562858,0.04102337891486546,0.04102337891486546,0.32642258491398324
0.5885992045956695,0.0410958904109589,0.043747238179407864,0.32655766681396375
0.5835199283475145,0.04075235109717868,0.04657411553963278,0.329153605015674
0.5798657718120805,0.04519015659955257,0.04787472035794183,0.3270693512304251
0.584375,0.045089285714285714,0.046875,0.3236607142857143
0.5761353517364203,0.0458593054318789,0.04630454140694568,0.3317008014247551
0.587819947043248,0.04589585172109444,0.045454545454545456,0.3208296557811121
0.5833703868385949,0.044464206313917294,0.04224099599822143,0.3299244108492663
0.5867916108879965,0.04373047746541722,0.04373047746541722,0.32574743418116914
0.5874499332443258,0.042723631508678236,0.045838896306186025,0.32398753894080995
0.5909700491729996,0.042914617791685296,0.042914617791685296,0.32320071524362987
0.5830388692579506,0.0446113074204947,0.04240282685512368,0.3299469964664311
0.5814056939501779,0.041370106761565835,0.046263345195729534,0.3309608540925267
0.5794183445190156,0.04116331096196868,0.046085011185682326,0.3333333333333333
0.578806767586821,0.04140694568121104,0.04541406945681211,0.3343722172751558
0.5816820783795684,0.039189784236019376,0.04447380008806693,0.33465433729634525
0.5772968197879859,0.03975265017667844,0.045936395759717315,0.3370141342756184
0.5735359856951274,0.042914617791685296,0.047384890478319175,0.33616450603486814
0.5759209344115005,0.039532794249775384,0.0440251572327044,0.34052111410601976
0.5803293279928794,0.03960836671117045,0.04227859368046284,0.3377837116154873
0.5809184128399465,0.03878733838609006,0.04413731609451627,0.3361569326794472
0.5740248226950354,0.0398936170212766,0.0425531914893617,0.34352836879432624
0.5688888888888889,0.04088888888888889,0.04088888888888889,0.34933333333333333
0.578062804068996,0.039805395842547546,0.040689960194604156,0.3414418398938523
0.5820364606491775,0.04090706980880391,0.036905291240551356,0.3401511783014673
0.5769739744155271,0.038376709307454786,0.03925893250992501,0.3453903837670931
0.5860215053763441,0.03763440860215054,0.03808243727598566,0.3382616487455197
0.5876923076923077,0.03604395604395604,0.03824175824175824,0.33802197802197803
0.5892226148409894,0.0353356890459364,0.037102473498233215,0.338339222614841
0.5877623939258597,0.034836980794997766,0.03796337650736936,0.3394372487717731
0.5865168539325842,0.0350561797752809,0.03910112359550562,0.3393258426966292
0.5886556498436802,0.03126395712371594,0.03974988834301027,0.3403305046895936
0.5823737821080602,0.030115146147032774,0.038529672276350756,0.3489813994685562
0.581140350877193,0.03070175438596491,0.03728070175438596,0.3508771929824561
0.578619153674833,0.030289532293986638,0.0378619153674833,0.3532293986636971
0.580301685891748,0.031055900621118012,0.03460514640638864,0.35403726708074534
0.5771453979546465,0.032458870609159626,0.035126722987994664,0.3552690084481992
0.5847874720357942,0.0348993288590604,0.03445190156599553,0.3458612975391499
0.5844564240790656,0.03234501347708895,0.03504043126684636,0.3481581311769991
0.5892778023925564,0.03190075321222862,0.03544528134692069,0.3433761630482942
0.5921938088829072,0.031852848811126065,0.036787797218483624,0.3391655450874832
0.5919282511210763,0.033183856502242155,0.03766816143497758,0.33721973094170404
0.5913354175971416,0.0321572130415364,0.03573023671281822,0.3407771326485038
0.5903240124278739,0.02929427430093209,0.03506435863293387,0.3453173546382601
0.5889186773905273,0.02770330652368186,0.034405719392314564,0.3489722966934763
0.5878707392651615,0.02213368747233289,0.03497122620628597,0.35502434705621955
0.588680926916221,0.0213903743315508,0.03342245989304813,0.35650623885918004
0.5812917594654788,0.02271714922048998,0.0378619153674833,0.35812917594654786
0.5849557522123894,0.020353982300884955,0.04026548672566372,0.35442477876106193
0.5876334519572953,0.02001779359430605,0.03870106761565836,0.3536476868327402
0.5883400089007566,0.021806853582554516,0.03515798842901647,0.35469514908767247
0.5827017387427552,0.024520731163620153,0.034774855104770394,0.3580026749888542
0.5802139037433155,0.024509803921568627,0.035204991087344026,0.3600713012477718
0.5776205218929678,0.024325519681556832,0.0362671384343211,0.36178681999115436
0.5820763087843833,0.025732031943212066,0.03327417923691216,0.35891748003549245
0.5766488413547237,0.02807486631016043,0.03342245989304813,0.36185383244206776
0.5782761653474054,0.025065963060686015,0.03430079155672823,0.3623570800351803
0.5827017387427552,0.023629068212215783,0.03388319215336603,0.35978600089166296
0.5780141843971631,0.024822695035460994,0.03235815602836879,0.36480496453900707
0.5714914210294765,0.027276726792784867,0.033875934887813465,0.3673559172899252
0.5748663101604278,0.027629233511586453,0.03253119429590018,0.3649732620320856
0.5714285714285714,0.028125,0.032589285714285716,0.3678571428571429
0.5658188308790718,0.02900490852298081,0.03480589022757698,0.37037037037037035
0.5699551569506727,0.026457399103139014,0.033183856502242155,0.3704035874439462
0.5656474820143885,0.026528776978417268,0.03372302158273381,0.37410071942446044
0.5661047027506655,0.025732031943212066,0.032830523513753325,0.37533274179236914
0.5638297872340425,0.024379432624113476,0.0350177304964539,0.37677304964539005
0.5663716814159292,0.023893805309734513,0.034955752212389384,0.3747787610619469
0.5692171605484299,0.02344095532950022,0.03494029190623618,0.3724015922158337
0.5702184574230941,0.02630405706642889,0.03299152920196166,0.3704859563085154
0.5734702992407325,0.02813756141134435,0.03305046895935686,0.3653416703885663
0.5687912087912088,0.029010989010989013,0.03208791208791209,0.3701098901098901
0.5732739420935412,0.028953229398663696,0.030734966592427616,0.36703786191536747
0.5645514223194749,0.028446389496717725,0.03150984682713348,0.375492341356674
0.567124501550731,0.027913159060700046,0.03322995126273815,0.37173238812583076
0.5635164835164835,0.03032967032967033,0.03296703296703297,0.3731868131868132
0.5658012533572068,0.03267681289167413,0.03178155774395703,0.36974037600716203
0.562111801242236,0.03371783496007098,0.0323868677905945,0.3717834960070985
0.5597179374173645,0.03393565447333627,0.03349493168796827,0.372851476421331
0.5559471365638766,0.03303964757709251,0.03612334801762115,0.3748898678414097
0.5621090259159964,0.03261840929401251,0.034405719392314564,0.3708668453976765
0.5600533807829181,0.03291814946619217,0.035142348754448396,0.3718861209964413
0.5617283950617284,0.034832451499118164,0.03571428571428571,0.36772486772486773
0.5534618755477652,0.036371603856266435,0.033304119193689745,0.3768624014022787
0.5462222222222223,0.037333333333333336,0.033777777777777775,0.38266666666666665
0.5453333333333333,0.034666666666666665,0.03244444444444444,0.38755555555555554
0.539514348785872,0.03399558498896247,0.033112582781456956,0.3933774834437086
0.5309301290609701,0.03426791277258567,0.03426791277258567,0.40053404539385845
0.5435262925320371,0.0344675209898365,0.03623508616880247,0.38577110030932393
0.5398773006134969,0.033304119193689745,0.036371603856266435,0.3904469763365469
0.5411140583554377,0.03757736516357206,0.03536693191865606,0.3859416445623342
0.5395204262877442,0.043072824156305506,0.03507992895204263,0.38232682060390766
0.5438519171441164,0.04098721903922433,0.0379021595416483,0.377258704275011
0.5400528169014085,0.03961267605633803,0.037411971830985914,0.3829225352112676
0.5335392762577229,0.03971756398940865,0.03971756398940865,0.38702559576345985
0.5417597141581063,0.037516748548459135,0.03930326038410004,0.3814202769093345
0.5452518947837718,0.03566651805617477,0.03789567543468569,0.3811859117253678
0.5442025766326077,0.03109729009329187,0.037316748111950244,0.38738338516215015
0.542319749216301,0.03045230631437528,0.03493058665472459,0.3922973578145992
0.5485436893203883,0.03000882612533098,0.03486319505736982,0.38658428949691087
0.5427807486631016,0.029857397504456328,0.03698752228163993,0.39037433155080214
0.5396544085068675,0.028799291094373063,0.03677447939743022,0.3947718210013292
0.5434977578475336,0.02780269058295964,0.036771300448430494,0.3919282511210762
0.5406847487772344,0.02845709204090707,0.035571365051133834,0.39528679413072476
0.5388692579505301,0.02959363957597173,0.0357773851590106,0.3957597173144876
0.5341975860527493,0.027715690657130084,0.03665623603039785,0.40143048725972286
0.5348017621145374,0.030837004405286344,0.035682819383259914,0.3986784140969163
0.5384953805543334,0.028596568411790584,0.0343158820941487,0.3985921689397272
0.5411868910540301,0.02967227635075288,0.030558015943312665,0.3985828166519043
0.5401686640035508,0.02885042166000888,0.031069684864624945,0.39991122947181534
0.5491617580425917,0.028545536927956503,0.031717263253285,0.39057544177616677
0.5502669039145908,0.03113879003558719,0.026690391459074734,0.3919039145907473
0.5489587948604342,0.03322995126273815,0.027913159060700046,0.3898980948161276
0.5447333627148524,0.03393565447333627,0.027765535478184222,0.39356544733362714
0.5382562277580071,0.03558718861209965,0.02802491103202847,0.39813167259786475
0.537293434569004,0.034836980794997766,0.029030817329164807,0.39883876730683343
0.5362061306086184,0.037760995113282986,0.02798756108396268,0.39804531319413594
0.5370697263901147,0.03618711385701677,0.0264783759929391,0.4002647837599294
0.5270870337477798,0.03685612788632327,0.02797513321492007,0.4080817051509769
0.5330670217487794,0.03817132711939636,0.02663115845539281,0.4021304926764314
0.5266193433895298,0.0354924578527063,0.027950310559006212,0.40993788819875776
0.5231111111111111,0.033777777777777775,0.028,0.4151111111111111
0.5261079420798596,0.03378674857393594,0.028960070206230804,0.4111452391399737
0.5296703296703297,0.035164835164835165,0.026813186813186812,0.40835164835164833
0.5275555555555556,0.03244444444444444,0.026222222222222223,0.4137777777777778
0.5276292335115864,0.03208556149732621,0.026737967914438502,0.41354723707664887
0.5256756756756756,0.03288288288288288,0.027477477477477478,0.41396396396396395
0.5287049399198932,0.03382287494437027,0.025367156208277702,0.4121050289274588
0.5276292335115864,0.03297682709447415,0.023618538324420676,0.4157754010695187
0.526595744680851,0.0350177304964539,0.02304964539007092,0.4153368794326241
0.523070097604259,0.034161490683229816,0.021739130434782608,0.4210292812777285
0.5211392968402314,0.03159768580329328,0.021806853582554516,0.42545616377392076
0.5164884135472371,0.030303030303030304,0.024955436720142603,0.42825311942959
0.5184534270650264,0.029437609841827767,0.02592267135325132,0.42618629173989453
0.5156043956043956,0.03340659340659341,0.02857142857142857,0.4224175824175824
0.5185348631950574,0.029567519858781994,0.027802294792586054,0.4240953221535746
0.5209343323049802,0.030409872190392245,0.027765535478184222,0.42089026002644336
0.5260831122900088,0.028293545534924844,0.02564102564102564,0.41998231653404067
0.5201577563540754,0.029360210341805432,0.025854513584574933,0.42462751971954427
0.5227678571428571,0.03214285714285714,0.02544642857142857,0.41964285714285715
0.5110035211267606,0.03477112676056338,0.025088028169014086,0.429137323943662
0.5144508670520231,0.03601600711427301,0.023566029346376166,0.4259670964873277
0.5194630872483221,0.035794183445190156,0.024608501118568233,0.42013422818791946
0.5110717449069974,0.03587245349867139,0.02612931798051373,0.4269264836138175
0.5197541703248464,0.035996488147497806,0.02633889376646181,0.417910447761194
0.5212626041209996,0.03638754932047348,0.0263042525208242,0.41604559403770275
0.5118838028169014,0.03389084507042254,0.028609154929577465,0.42561619718309857
0.5155615696887687,0.031574199368516014,0.03067207938655841,0.42219215155615697
0.5132823052678973,0.029716343989194056,0.031067086897793788,0.4259342638451148
0.5158836689038031,0.03087248322147651,0.028187919463087248,0.4250559284116331
0.5136587550380654,0.03090013434841021,0.027317510076130765,0.4281236005373936
0.516614975631369,0.030571555161719097,0.02702702702702703,0.4257864421798848
0.5144508670520231,0.03023566029346376,0.029346376167185415,0.4259670964873277
0.5110815602836879,0.027039007092198582,0.0274822695035461,0.43439716312056736
0.49933774834437084,0.027373068432671083,0.02869757174392936,0.4445916114790287
0.4946902654867257,0.031415929203539826,0.029646017699115044,0.44424778761061945
0.5004448398576512,0.030249110320284697,0.026690391459074734,0.44261565836298933
0.5026881720430108,0.03136200716845878,0.026881720430107527,0.4390681003584229
0.503288031565103,0.030688294607628234,0.028496273564226217,0.43752740026304254
0.5019937970757643,0.02968542312804608,0.030128489144882586,0.43819229065130705
0.5048715677590788,0.029229406554472984,0.027900797165633304,0.4379982285208149
0.5048543689320388,0.03133274492497794,0.02824360105913504,0.4355692850838482
0.5026431718061674,0.032158590308370046,0.029515418502202642,0.4356828193832599
0.5035492457852706,0.03149955634427684,0.02839396628216504,0.43655723158828746
0.5037494486104984,0.032642258491398325,0.02867225408028231,0.4349360388178209
0.4944909651829,0.03349493168796827,0.02996914940502424,0.4420449537241075
0.4946808510638298,0.03102836879432624,0.031914893617021274,0.4423758865248227
0.48996879179670083,0.030762371823450735,0.028533214444939812,0.4507356219349086
0.48417298261257247,0.03209986625055729,0.027641551493535442,0.45608559964333484
0.48606811145510836,0.02830605926581159,0.03051747014595312,0.4551083591331269
0.48515728843597694,0.026140894993354008,0.030571555161719097,0.4581302614089499
0.49019607843137253,0.027183600713012478,0.027629233511586453,0.45499108734402854
0.4869757174392936,0.026048565121412803,0.027373068432671083,0.4596026490066225
0.4826666666666667,0.02711111111111111,0.02666666666666667,0.46355555555555555
0.47791519434628976,0.026943462897526502,0.027385159010600707,0.46775618374558303
0.47410358565737054,0.027445772465692783,0.03010181496237273,0.468348826914564
0.4735899731423456,0.02775290957923008,0.02999104744852283,0.4686660698299015
0.46441281138790036,0.026245551601423486,0.03336298932384341,0.47597864768683273
0.46215853112404837,0.02418271383788625,0.034482758620689655,0.47917599641737574
0.4654255319148936,0.02304964539007092,0.03324468085106383,0.4782801418439716
0.4591474245115453,0.023090586145648313,0.03374777975133215,0.48401420959147423
0.4575134168157424,0.023255813953488372,0.03577817531305903,0.48345259391771017
0.458670260557053,0.02425876010781671,0.035489667565139264,0.481581311769991
0.4638580931263858,0.02261640798226164,0.03680709534368071,0.47671840354767187
0.4625220458553792,0.024691358024691357,0.03659611992945326,0.47619047619047616
0.4626601855943438,0.023862129916040652,0.035793194874060984,0.4776844896155546
0.4578152753108348,0.023534635879218474,0.03596802841918295,0.4826820603907638
0.45152722443559096,0.02257636122177955,0.03275785745905268,0.49313855688357683
0.4527964205816555,0.02192393736017897,0.03131991051454139,0.49395973154362416
0.44563279857397503,0.022727272727272728,0.03297682709447415,0.49866310160427807
0.4462699822380107,0.023978685612788632,0.03641207815275311,0.4933392539964476
0.4442959001782531,0.026292335115864526,0.0392156862745098,0.49019607843137253
0.4466755912539045,0.031236055332440876,0.0392681838464971,0.4828201695671575
0.45158411423471667,0.03257474341811691,0.037037037037037035,0.4788041053101294
0.448677722994173,0.03272075302554908,0.03585835948005379,0.48274316450022414
0.446959609409676,0.032845095428317796,0.036395916555703504,0.48379937860630273
0.44346289752650175,0.03180212014134275,0.0357773851590106,0.48895759717314485
0.4463729417000445,0.030707610146862484,0.03337783711615487,0.48954161103693816
0.45,0.030530973451327433,0.033628318584070796,0.48584070796460177
0.44936431389741344,0.03024989039894783,0.03244191144234985,0.48794388426128893
0.4462293618920125,0.03435966086568496,0.03257474341811691,0.4868362338241856
0.4463251670378619,0.03697104677060133,0.032071269487750555,0.4846325167037862
0.43783542039355994,0.03711985688729875,0.03488372093023256,0.49016100178890876
0.43794014084507044,0.03389084507042254,0.03301056338028169,0.4951584507042254
0.4314586994727592,0.03383128295254833,0.0320738137082601,0.5026362038664324
0.42984014209591476,0.03463587921847247,0.03152753108348135,0.5039964476021315
0.4354982206405694,0.03469750889679715,0.029804270462633453,0.5
0.4396135265700483,0.03293807641633729,0.02678963548528766,0.5006587615283268
0.437719298245614,0.034210526315789476,0.028070175438596492,0.5
0.43392070484581496,0.033920704845814977,0.027753303964757708,0.5044052863436124
0.43144260830728004,0.03707012058954891,0.03126395712371594,0.5002233139794551
0.4354341119435875,0.035698545614808286,0.02996914940502424,0.49889819303658
0.4276785714285714,0.03616071428571429,0.027678571428571427,0.5084821428571429
0.42787177203918075,0.03561887800534283,0.02715939447907391,0.5093499554764025
0.43343792021515015,0.03272075302554908,0.027790228597041687,0.5060510981622591
0.42971175166297115,0.03237250554323725,0.027937915742793792,0.5099778270509978
0.43033509700176364,0.031746031746031744,0.02601410934744268,0.5119047619047619
0.42280701754385963,0.032017543859649125,0.02763157894736842,0.5175438596491229
0.42088888888888887,0.03244444444444444,0.028,0.5186666666666667
0.42009738822487824,0.03142983621071271,0.02478972996901284,0.5236830455953962
0.42417582417582417,0.03296703296703297,0.026373626373626374,0.5164835164835165
0.4277533039647577,0.03303964757709251,0.02907488986784141,0.5101321585903084
0.4246880570409982,0.03074866310160428,0.027183600713012478,0.517379679144385
0.4236607142857143,0.03125,0.027232142857142858,0.5178571428571429
0.4215859030837004,0.03127753303964758,0.026872246696035242,0.5202643171806167
0.4292682926829268,0.032815964523281595,0.0270509977827051,0.5108647450110865
0.4234354194407457,0.03195739014647137,0.027075011096316024,0.5175321793164669
0.4234875444839858,0.03202846975088968,0.028469750889679714,0.5160142348754448
0.4159212880143113,0.03130590339892665,0.03220035778175313,0.5205724508050089
0.4076062639821029,0.02953020134228188,0.035794183445190156,0.5270693512304251
0.412082957619477,0.030658250676284943,0.03742110009017133,0.5198376916140667
0.4151705565529623,0.031867145421903054,0.033662477558348294,0.5192998204667864
0.4090909090909091,0.03342245989304813,0.03163992869875223,0.5258467023172906
0.41147902869757175,0.031788079470198675,0.032671081677704196,0.5240618101545254
0.4078310602727673,0.03167619885613726,0.032996040475142985,0.5274967003959525
0.4111160123511248,0.030436700485222762,0.030877812086457873,0.5275694750771945
0.401067140951534,0.03201422854602046,0.032458870609159626,0.5344597598932859
0.40395604395604395,0.03296703296703297,0.03032967032967033,0.5327472527472528
0.4034467520989837,0.03225806451612903,0.029164825452938577,0.5351303579319487
0.3977072310405644,0.03350970017636684,0.029982363315696647,0.5388007054673721
0.4065399911621741,0.031816173221387536,0.032699955810870526,0.5289438798055678
0.40607127144742633,0.032996040475142985,0.03343598768147822,0.5274967003959525
0.40536971830985913,0.03433098591549296,0.03477112676056338,0.5255281690140845
0.40704845814977975,0.03480176211453744,0.033480176211453744,0.5246696035242291
0.4025573192239859,0.03791887125220458,0.03350970017636684,0.5260141093474426
0.40282062582635525,0.03922432789775231,0.03349493168796827,0.5244601145879242
0.4015017667844523,0.037985865724381625,0.03312720848056537,0.5273851590106007
0.39964711071901193,0.035288928098809,0.035288928098809,0.52977503308337
0.40720961281708945,0.035603026257231864,0.03337783711615487,0.5238095238095238
0.39973202322465384,0.034836980794997766,0.03573023671281822,0.5297007592675301
0.3961675579322638,0.034759358288770054,0.03431372549019608,0.5347593582887701
0.39466666666666667,0.035555555555555556,0.030666666666666665,0.5391111111111111
0.3988439306358382,0.03601600711427301,0.03156958648288128,0.5335704757670076
0.38829311885612156,0.03663985701519214,0.032171581769437,0.5428954423592494
0.38992042440318303,0.034482758620689655,0.03094606542882405,0.5446507515473032
0.38673787271918114,0.03382287494437027,0.02892745883400089,0.5505117935024477
0.38776408450704225,0.03169014084507042,0.030369718309859156,0.5501760563380281
0.3943287549844927,0.030128489144882586,0.028799291094373063,0.5467434647762517
0.39120781527531084,0.03197158081705151,0.026198934280639432,0.5506216696269982
0.39174800354924577,0.03149955634427684,0.026175687666370896,0.5505767524401065
0.39679715302491103,0.03158362989323844,0.027135231316725978,0.5444839857651246
0.39928698752228164,0.028966131907308377,0.029411764705882353,0.5423351158645277
0.4,0.03162583518930958,0.028953229398663696,0.5394209354120267
0.3961675579322638,0.03074866310160428,0.0285204991087344,0.5445632798573975
0.39822616407982264,0.03015521064301552,0.028824833702882482,0.5427937915742794
0.396875,0.029910714285714287,0.029910714285714287,0.5433035714285714
0.40063091482649843,0.030193780982424517,0.02929247408742677,0.5398828301036503
0.39770216526734425,0.029606716747680072,0.029164825452938577,0.5435262925320371
0.39655172413793105,0.027409372236958444,0.028735632183908046,0.5473032714412025
0.40353982300884955,0.02566371681415929,0.027876106194690265,0.5429203539823009
0.40655884995507635,0.02425876010781671,0.027403414195867025,0.5417789757412399
0.4017857142857143,0.024107142857142858,0.028125,0.5459821428571429
0.3987566607460036,0.024422735346358793,0.02797513321492007,0.5488454706927176
0.4035476718403548,0.02483370288248337,0.027937915742793792,0.5436807095343681
0.40298507462686567,0.02502194907813872,0.028094820017559263,0.5438981562774363
0.4060980998674326,0.026071586389748123,0.028722934158197082,0.5391073795846222
0.4077025232403719,0.02656042496679947,0.029216467463479414,0.5365205843293492
0.408325952170062,0.02612931798051373,0.026572187776793623,0.5389725420726307
0.40716180371352784,0.026967285587975242,0.02475685234305924,0.5411140583554377
0.41263440860215056,0.025089605734767026,0.023745519713261647,0.5385304659498208
