C,D,Oc,Od
1.0,0.0,0.0,0.0
0.8,0.2,0.0,0.0
0.7272727272727273,0.09090909090909091,0.0,0.18181818181818182
0.75,0.1,0.0,0.15
0.6571428571428571,0.11428571428571428,0.0,0.22857142857142856
0.6181818181818182,0.12727272727272726,0.0,0.2545454545454545
0.6097560975609756,0.0975609756097561,0.0,0.2926829268292683
0.5793650793650794,0.09523809523809523,0.0,0.3253968253968254
0.5617977528089888,0.10112359550561797,0.0,0.33707865168539325
0.5432098765432098,0.11934156378600823,0.0,0.3374485596707819
0.5389221556886228,0.11377245508982035,0.0,0.3473053892215569
0.530373831775701,0.10981308411214953,0.002336448598130841,0.3574766355140187
0.512241054613936,0.10357815442561205,0.007532956685499058,0.3766478342749529
0.49924585218702866,0.1085972850678733,0.02262443438914027,0.3695324283559578
0.48,0.1075,0.02875,0.38375
0.47335423197492166,0.10553814002089865,0.029258098223615466,0.39184952978056425
0.46201966041108133,0.09562109025915996,0.03663985701519214,0.40571939231456655
0.45310015898251194,0.10731319554848967,0.037360890302066775,0.40222575516693165
0.45293701344656756,0.10615711252653928,0.043170559094125975,0.39773531493276715
0.44437299035369776,0.11061093247588424,0.049517684887459806,0.3954983922829582
0.4475733972438586,0.10665068903535051,0.056920311563810666,0.38885560215698023
0.44316939890710383,0.11092896174863388,0.060109289617486336,0.38579234972677595
0.4331941544885177,0.11169102296450939,0.06367432150313153,0.3914405010438413
0.43544428080510555,0.11634756995581738,0.06921944035346098,0.3789887088856161
0.43046986236355006,0.12244897959183673,0.06881822496440437,0.3782629330802088
0.4257246376811594,0.12364130434782608,0.06838768115942029,0.3822463768115942
0.429733393583371,0.12245820153637596,0.06823316764572977,0.37957523723452324
0.4281263907432132,0.12594570538495772,0.07165109034267912,0.37427681352915
0.4308300395256917,0.12340799297321037,0.07290294246815986,0.37285902503293805
0.4251760563380282,0.12940140845070422,0.07174295774647887,0.37367957746478875
0.42695652173913046,0.13130434782608696,0.07347826086956522,0.36826086956521736
0.43197879858657245,0.12809187279151943,0.07641342756183746,0.36351590106007065
0.4246031746031746,0.1318342151675485,0.07716049382716049,0.3664021164021164
0.429010989010989,0.1301098901098901,0.08263736263736264,0.35824175824175825
0.4233156028368794,0.13164893617021275,0.08377659574468085,0.3612588652482269
0.42566371681415927,0.13451327433628318,0.0836283185840708,0.3561946902654867
0.4264382960035134,0.13658322353974528,0.08124725516029864,0.3557312252964427
0.43,0.13260869565217392,0.08695652173913043,0.35043478260869565
0.4223300970873786,0.1328331862312445,0.09002647837599294,0.35481023830538394
0.4268826619964974,0.13134851138353765,0.09019264448336252,0.35157618213660247
0.42321270962047663,0.12842012356575463,0.09576345984112974,0.352603706972639
0.4291958041958042,0.12762237762237763,0.09659090909090909,0.3465909090909091
0.4196936542669584,0.13566739606126915,0.0962800875273523,0.34835886214442013
0.4209363957597173,0.13692579505300354,0.09982332155477032,0.3423144876325088
0.4196389255834434,0.14090708938793484,0.0977542932628798,0.34169969176574194
0.42006132282084974,0.1427945685501533,0.10162067455102934,0.3355234340779676
0.42344706911636043,0.14216972878390202,0.10061242344706911,0.3337707786526684
0.4226666666666667,0.14266666666666666,0.104,0.33066666666666666
0.4131393298059965,0.13932980599647266,0.10978835978835978,0.3377425044091711
0.41397379912663756,0.1393013100436681,0.10960698689956332,0.337117903930131
0.41508601676224083,0.14336127040141156,0.105866784296427,0.3356859285399206
0.4181184668989547,0.14590592334494773,0.10540069686411149,0.33057491289198604
0.4100087796312555,0.15408252853380158,0.10403863037752414,0.33187006145741876
0.408325952170062,0.15323294951284322,0.10938883968113375,0.32905225863596105
0.40844444444444444,0.14755555555555555,0.11066666666666666,0.3333333333333333
0.40907069808803914,0.14851044908848376,0.11560693641618497,0.3268119164072921
0.4077196095829636,0.14330079858030167,0.1188997338065661,0.3300798580301686
0.40707964601769914,0.14823008849557523,0.11814159292035398,0.32654867256637166
0.40539345711759506,0.15075154730327145,0.11715296198054818,0.3267020335985853
0.4110429447852761,0.1481156879929886,0.11393514460999124,0.32690622261174407
0.40921052631578947,0.14649122807017545,0.11271929824561404,0.33157894736842103
0.4034543844109832,0.15146147032772364,0.11647475642161205,0.32860938883968116
0.40158870255957635,0.1526919682259488,0.11297440423654016,0.3327449249779347
0.39619300575475874,0.15847720230190349,0.11730854360336432,0.3280212483399734
0.40061974324922534,0.15493581230633025,0.12262062859672422,0.32182381584772024
0.3971631205673759,0.15203900709219859,0.12101063829787234,0.32978723404255317
0.4044247787610619,0.15486725663716813,0.12079646017699115,0.3199115044247788
0.40201665935992986,0.15300306882946077,0.12406839105655414,0.32091188075405525
0.39824561403508774,0.1570175438596491,0.12587719298245614,0.318859649122807
0.39505081749889526,0.15642951833848873,0.12991604065399912,0.3186036235086169
0.39176626826029215,0.15626383355467022,0.13678618857901725,0.3151837096060204
0.38560070671378094,0.15415194346289754,0.13913427561837455,0.321113074204947
0.39136183340678715,0.15204936095196123,0.14103129131776113,0.31555751432349055
0.3925893250992501,0.14997794441993825,0.14865460961623292,0.30877812086457873
0.38562664329535495,0.15337423312883436,0.15249780893952672,0.30850131463628394
0.383053839364519,0.15225066195939982,0.14872021182700795,0.3159752868490733
0.3827540695116586,0.1539815222173339,0.1469423669159701,0.3163220413550374
0.38164251207729466,0.15634606938954765,0.14624505928853754,0.3157663592446201
0.3823146944083225,0.15821413090593844,0.14911140008669269,0.3103597745990464
0.3815615350683723,0.1588001764446405,0.14953683281870314,0.31010145566828407
0.3833698030634573,0.15798687089715535,0.1461706783369803,0.312472647702407
0.3895015438906043,0.16100573445081606,0.14424349360388178,0.30524922805469784
0.39115199299167763,0.15768725361366623,0.14323258869908015,0.307928164695576
0.3879082082965578,0.1588702559576346,0.1443071491615181,0.3089143865842895
0.3912852112676056,0.15889084507042253,0.1430457746478873,0.3067781690140845
0.3833922261484099,0.16563604240282687,0.14796819787985865,0.3030035335689046
0.3886214442013129,0.16236323851203502,0.14442013129102846,0.30459518599562363
0.39113257243195787,0.1672519754170325,0.14091308165057068,0.30070237050043896
0.3918385256691531,0.16630100921456778,0.14480035103115402,0.29706011408512506
0.3958790004384042,0.16659359929855327,0.1459886014905743,0.2915387987724682
0.39296703296703295,0.17142857142857143,0.14945054945054945,0.28615384615384615
0.3940324703817464,0.1689337428696797,0.1483106625713032,0.28872312417727075
0.3902654867256637,0.16902654867256636,0.1491150442477876,0.2915929203539823
0.3878091872791519,0.17402826855123674,0.1439929328621908,0.2941696113074205
0.387987724682157,0.17404647084612013,0.1429197720298115,0.29504603244191147
0.3930457746478873,0.17781690140845072,0.14040492957746478,0.2887323943661972
0.3882767739092111,0.17276333186425738,0.14587924195680918,0.29308065226972235
0.3907139728427508,0.17608409986859397,0.14892685063512923,0.2842750766535261
0.3793714032757857,0.17706949977866313,0.1553784860557769,0.28818061088977426
0.3851261620185923,0.17264276228419656,0.15139442231075698,0.2908366533864542
0.3878360511238431,0.17805200528867343,0.14411635081533716,0.2899955927721463
0.37894736842105264,0.1763157894736842,0.14736842105263157,0.29736842105263156
0.38131089459698847,0.1771479185119575,0.1536758193091231,0.28786536758193093
0.3829881004847951,0.17937417364477742,0.14455707360070516,0.29308065226972235
0.3785557986870897,0.1838074398249453,0.14660831509846828,0.2910284463894967
0.377817057003977,0.1864781263809103,0.14273088820150243,0.29297392841361025
0.37811816192560177,0.19037199124726478,0.1435448577680525,0.28796498905908097
0.379295154185022,0.19162995594713655,0.14185022026431718,0.2872246696035242
0.38454823221300743,0.19161938018332605,0.14404190309908338,0.27979048450458316
0.3847509916262671,0.19391802556192156,0.14059056853239313,0.28074041427941826
0.3903411608329641,0.19273371732388125,0.13513513513513514,0.28178998670801947
0.38601150951748564,0.18813634351482958,0.13767153607791058,0.28818061088977426
0.38559508124725517,0.19104084321475626,0.13175230566534915,0.2916117698726394
0.38162544169611307,0.19213780918727916,0.13957597173144876,0.286660777385159
0.3796417649628659,0.19571865443425077,0.13717780690257755,0.2874617737003058
0.37467018469656993,0.20008795074758134,0.13940193491644678,0.2858399296394019
0.37494524748138414,0.202365308804205,0.1384143670608848,0.2842750766535261
0.37533039647577093,0.19955947136563876,0.14185022026431718,0.28325991189427313
0.37219533655961284,0.19973603167619886,0.1416630004399472,0.2864056313242411
0.37160658655985757,0.19581664441477525,0.14374721851357367,0.2888295505117935
0.36591809775429324,0.18934390136503743,0.15147512109202993,0.29326287978863935
0.3633141338059371,0.19051838723969872,0.1497563136907399,0.29641116526362427
0.363956043956044,0.1912087912087912,0.1556043956043956,0.28923076923076924
0.36049058256679806,0.18659658344283836,0.16119141480508103,0.29172141918528255
0.36403508771929827,0.1824561403508772,0.1631578947368421,0.29035087719298247
0.3621668851026649,0.18479685452162517,0.1651376146788991,0.28789864569681084
0.3561763422086425,0.18550851156700132,0.16761239633347882,0.29070274989087735
0.35353535353535354,0.1857707509881423,0.16644707949055776,0.29424681598594643
0.35155225185832967,0.1853957149103629,0.1665937909925667,0.29645824223874073
0.3556043956043956,0.19032967032967033,0.1665934065934066,0.2874725274725275
0.35610401057734686,0.1859850154252975,0.16438959894226532,0.29352137505509035
0.3506435863293387,0.18908122503328895,0.1611185086551265,0.2991566799822459
0.35330396475770925,0.1907488986784141,0.160352422907489,0.2955947136563877
0.35631672597864766,0.19261565836298933,0.15569395017793594,0.29537366548042704
0.3550948389942655,0.19673577415086016,0.15394794883105425,0.29422143802382
0.35485287659200704,0.1919191919191919,0.15942028985507245,0.2938076416337286
0.3501535761298815,0.193505923650724,0.15577007459412023,0.30057042562527425
0.34366812227074234,0.1947598253275109,0.15938864628820962,0.3021834061135371
0.3453333333333333,0.18977777777777777,0.15511111111111112,0.30977777777777776
0.3462222222222222,0.18933333333333333,0.15555555555555556,0.3088888888888889
0.3459009206488382,0.18939061814993424,0.1569487067075844,0.3077597544936431
0.33744493392070485,0.19295154185022026,0.160352422907489,0.3092511013215859
0.33883192153366026,0.19572001783325904,0.15693267944716896,0.3085153811859117
0.32953049583150507,0.19657744624835455,0.16059675296182535,0.31329530495831504
0.3303964757709251,0.1986784140969163,0.15991189427312774,0.31101321585903086
0.3270079435127979,0.19593998234774934,0.16107678729037953,0.3159752868490733
0.3225377107364685,0.2023070097604259,0.1668145519077196,0.308340727595386
0.3216503992901508,0.2023070097604259,0.1668145519077196,0.30922803904170365
0.3259521700620018,0.20593445527015058,0.1682905225863596,0.29982285208148807
0.3230225364560318,0.20150243040212107,0.17631462660185596,0.29916040653999115
0.3205467372134039,0.20282186948853614,0.17239858906525574,0.30423280423280424
0.3201754385964912,0.20614035087719298,0.17456140350877192,0.29912280701754385
0.3197903014416776,0.2053298383573613,0.17212756662297946,0.30275229357798167
0.32178868917141606,0.19596668128014028,0.17229285401139852,0.30995177553704517
0.3189806678383128,0.19859402460456943,0.1757469244288225,0.30667838312829526
0.3221089942401418,0.19716437749224636,0.17722640673460346,0.30350022153300843
0.320704845814978,0.20484581497797358,0.17709251101321585,0.2973568281938326
0.31690140845070425,0.20862676056338028,0.17869718309859156,0.29577464788732394
0.32130281690140844,0.20906690140845072,0.18089788732394366,0.2887323943661972
0.31824175824175827,0.20923076923076922,0.1810989010989011,0.2914285714285714
0.3178021978021978,0.20395604395604397,0.181978021978022,0.29626373626373625
0.314161220043573,0.2047930283224401,0.17777777777777778,0.3032679738562091
0.3156498673740053,0.2002652519893899,0.1856763925729443,0.2984084880636605
0.31449846692947875,0.20105124835742444,0.18484450284713097,0.2996057818659658
0.30952380952380953,0.20634920634920634,0.18386243386243387,0.3002645502645503
0.3049426301853486,0.20962047661076788,0.18446601941747573,0.30097087378640774
0.30157342657342656,0.21372377622377622,0.1875,0.2972027972027972
0.3063583815028902,0.21476211649622054,0.1809693196976434,0.2979101823032459
0.2980599647266314,0.21296296296296297,0.18342151675485008,0.3055555555555556
0.3007518796992481,0.21008403361344538,0.18973905351614329,0.2994250331711632
0.2999116607773852,0.21333922261484098,0.19302120141342757,0.29372791519434627
0.30066225165562915,0.21059602649006623,0.1902869757174393,0.29845474613686535
0.2991304347826087,0.2117391304347826,0.18739130434782608,0.3017391304347826
0.2989872302950242,0.21092029942756496,0.1933069132540731,0.29678555702333775
0.29133858267716534,0.21609798775153105,0.19597550306211722,0.29658792650918636
0.294792586054722,0.21888790820829657,0.18711385701676964,0.2992056487202118
0.29404031551270815,0.21691498685363717,0.19062226117440842,0.29842243645924627
0.29626373626373625,0.21494505494505495,0.19032967032967033,0.29846153846153844
0.2938076416337286,0.2178304787000439,0.19499341238471674,0.2933684672815108
0.2995126273814798,0.21798848028356224,0.18785999113867966,0.2946389011962782
0.29308836395450566,0.21391076115485563,0.19553805774278216,0.2974628171478565
0.3013215859030837,0.21541850220264316,0.1907488986784141,0.29251101321585904
0.2946113074204947,0.21687279151943462,0.19213780918727916,0.2963780918727915
0.3020282186948854,0.21693121693121692,0.18915343915343916,0.29188712522045857
0.2974404236540159,0.21315092674315975,0.18887908208296558,0.30052956751985876
0.29050772626931565,0.21766004415011037,0.19205298013245034,0.2997792494481236
0.29481546572934975,0.2126537785588752,0.19507908611599298,0.29745166959578206
0.2933974639265413,0.2094446873633581,0.195015303891561,0.3021425448185396
0.2956636005256242,0.20630749014454666,0.19710906701708278,0.3009198423127464
0.2974043114826221,0.21073471183457984,0.1935767707875055,0.2982842058952926
0.2982842058952926,0.20985481742190937,0.192696876374835,0.29916410030796303
0.2959680992467878,0.2104563579973416,0.20115197164377493,0.2924235711120957
0.29986847873739586,0.2073651907058308,0.19903551074090312,0.29373081981587024
0.29256489221293447,0.2111746590409151,0.1948966124065112,0.30136383633963926
0.3006134969325153,0.21297107800175286,0.19412795793163892,0.2922874671340929
0.29907773386034253,0.2147562582345191,0.18796662274923145,0.2981993851559069
0.30229479258605474,0.21359223300970873,0.18623124448367168,0.2978817299205649
0.30687830687830686,0.21164021164021163,0.18253968253968253,0.29894179894179895
0.30917225950783,0.21118568232662194,0.17852348993288591,0.3011185682326622
0.31216931216931215,0.21119929453262787,0.1781305114638448,0.2985008818342152
0.3088429388473383,0.20721513418389792,0.18081830180378355,0.3031236251649802
0.31103234381922906,0.20558263181214,0.18032786885245902,0.3030571555161719
0.3064091308165057,0.2080772607550483,0.17954345917471468,0.30597014925373134
0.3087071240105541,0.20976253298153033,0.18117854001759015,0.30035180299032543
0.30207872622733306,0.20566121185316233,0.1817779743476338,0.31048208757187085
0.3030571555161719,0.204696499778467,0.18121400088613204,0.31103234381922906
0.3076923076923077,0.20527472527472526,0.1767032967032967,0.31032967032967035
0.30765825586542717,0.2089420097388225,0.17042939353696326,0.31297034085878706
0.3073234524847428,0.2105492589363557,0.17349607672188316,0.3086312118570183
0.31170539237176675,0.21262604120999562,0.16922402455063568,0.30644454186760195
0.3074561403508772,0.2057017543859649,0.17719298245614035,0.30964912280701756
0.3065150852645387,0.2094446873633581,0.1814604285089637,0.30257979886313946
0.30533333333333335,0.20755555555555555,0.18088888888888888,0.30622222222222223
0.29474149359257623,0.20945647370746795,0.18294299602297834,0.31285903667697745
0.2983693256941384,0.20802115469369767,0.1855442926399295,0.3080652269722345
0.295837023914969,0.20150575730735165,0.18777679362267494,0.3148804251550044
0.28864628820960697,0.20611353711790392,0.19344978165938864,0.31179039301310046
0.2979664014146773,0.20689655172413793,0.1865605658709107,0.30857648099027407
0.29767645769399387,0.20955721174923278,0.18281455501972818,0.30995177553704517
0.29712041884816753,0.20986038394415357,0.18368237347294938,0.3093368237347295
0.29554477282752534,0.20599911777679752,0.18306131451257168,0.3153947948831054
0.2958553791887125,0.2037037037037037,0.18562610229276896,0.3148148148148148
0.289612676056338,0.207306338028169,0.1835387323943662,0.31954225352112675
0.2848888888888889,0.21288888888888888,0.18222222222222223,0.32
0.2854633289415898,0.21080368906455862,0.181379007465964,0.32235397452788755
0.28891820580474936,0.21591908531222515,0.18117854001759015,0.31398416886543534
0.29150326797385623,0.21830065359477124,0.1812636165577342,0.3089324618736383
0.2840210711150132,0.22519754170324846,0.17998244073748904,0.3107989464442493
0.2851476421330983,0.22124283825473778,0.1859850154252975,0.3076245041868665
0.2815533980582524,0.22330097087378642,0.18181818181818182,0.31332744924977934
0.28138913624220835,0.22350845948352627,0.17898486197684774,0.3161175422974176
0.2826373626373626,0.22197802197802197,0.1767032967032967,0.31868131868131866
0.28089395267309375,0.22173531989482909,0.1765994741454864,0.32077125328659073
0.28677433435181143,0.21999127018769096,0.18114360541248364,0.312090790048014
0.2869179600886918,0.2212860310421286,0.1844789356984479,0.3073170731707317
0.2833260008798944,0.2212934447866256,0.18873735151781787,0.3066432028156621
0.2785871964679912,0.2260485651214128,0.18675496688741722,0.3086092715231788
0.2839614373356705,0.22042068361086767,0.18492550394390886,0.310692375109553
0.2805786935554581,0.2209557211749233,0.1850065760631302,0.3134590092064884
0.27177700348432055,0.22343205574912892,0.18728222996515678,0.3175087108013937
0.26919682259488087,0.22859664607237423,0.18667255075022066,0.3155339805825243
0.27421494913754973,0.22777532065457762,0.18796992481203006,0.3100398053958425
0.27312775330396477,0.22422907488986785,0.18546255506607928,0.31718061674008813
0.265962131219727,0.22413033905768384,0.18978423601937472,0.32012329370321446
0.27024647887323944,0.21830985915492956,0.18838028169014084,0.3230633802816901
0.27161035541904344,0.21763931548924967,0.19131197893813076,0.31943835015357613
0.27048458149779736,0.2145374449339207,0.1947136563876652,0.32026431718061676
0.2614035087719298,0.21973684210526315,0.18947368421052632,0.3293859649122807
0.2600877192982456,0.21929824561403508,0.1956140350877193,0.325
0.2635522256500661,0.21595416483032173,0.19876597620096959,0.32172763331864257
0.26334362593736216,0.21570357300397,0.19938244375827086,0.321570357300397
0.261558784676354,0.2073976221928666,0.20123293703214443,0.32981065609863497
0.26695842450765866,0.20350109409190373,0.19693654266958424,0.33260393873085337
0.2650285212812637,0.20447564721369021,0.19833260201842914,0.3321632294866169
0.2610619469026549,0.21017699115044247,0.19734513274336282,0.33141592920353985
0.25684485006518903,0.19947848761408082,0.20643198609300303,0.3372446762277271
0.26138876603272887,0.1968155683325962,0.20875718708536045,0.33303847854931445
0.2601232394366197,0.19454225352112675,0.20994718309859156,0.335387323943662
0.26536930561698363,0.18885448916408668,0.205218929677134,0.34055727554179566
0.26430155210643014,0.18713968957871396,0.20842572062084258,0.3401330376940133
0.2546419098143236,0.1909814323607427,0.21087533156498675,0.34350132625994695
0.25428194993412384,0.1971892841458059,0.20685111989459815,0.3416776460254721
0.25220848056537104,0.19346289752650175,0.20759717314487633,0.3467314487632509
0.24901011878574572,0.19533655961284646,0.20941487021557414,0.3462384513858337
0.24945295404814005,0.1986870897155361,0.20612691466083152,0.34573304157549234
0.2458001768346596,0.2002652519893899,0.20733863837312114,0.34659593280282935
0.24115334207077327,0.2013979903888161,0.20838794233289645,0.3490607252075142
0.2464221824686941,0.19767441860465115,0.20438282647584974,0.35152057245080504
0.25497127706584183,0.19222271321254972,0.20194432169686258,0.35086168802474593
0.2545213939126599,0.19761799735333038,0.19938244375827086,0.34847816497573886
0.25492772667542707,0.19929916776171705,0.20017520805957073,0.3455978975032852
0.25735617039964864,0.19982433025911286,0.20202020202020202,0.3407992973210365
0.262719298245614,0.19956140350877194,0.20219298245614034,0.3355263157894737
0.26434245366284204,0.19991173874669022,0.19593998234774934,0.33980582524271846
0.26077396657871593,0.2009674582233949,0.1943711521547933,0.3438874230430959
0.2596949891067538,0.2,0.19433551198257082,0.34596949891067535
0.2607561929595828,0.1990438939591482,0.19165580182529335,0.3485441112559757
0.2608503100088574,0.20106288751107174,0.18910540301151463,0.3489813994685562
0.2627381479840496,0.1949490474080638,0.19627824545857334,0.34603455914931325
0.2696335078534031,0.19284467713787085,0.1893542757417103,0.3481675392670157
0.26578366445916113,0.18940397350993377,0.19205298013245034,0.35275938189845474
0.26999558108705257,0.18338488731771985,0.19752540874944763,0.34909412284577995
0.26255506607929513,0.1801762114537445,0.19955947136563876,0.35770925110132157
0.2699468085106383,0.18351063829787234,0.1972517730496454,0.34929078014184395
0.26158645276292336,0.19385026737967914,0.19563279857397503,0.34893048128342247
0.264783759929391,0.19285083848190646,0.19549867608120036,0.3468667255075022
0.26278968080454745,0.1915172715347617,0.19763882815916048,0.34805421950153037
0.26318082788671027,0.19172113289760348,0.20130718954248367,0.3437908496732026
0.25822007891275756,0.18939061814993424,0.20035072336694432,0.3520385795703639
0.2532523850823938,0.19687771032090198,0.19904596704249783,0.35082393755420643
0.2528334786399303,0.1979075850043592,0.2018308631211857,0.34742807323452485
0.250987275120667,0.20228170250109698,0.20315928038613426,0.3435717419921018
0.2561029738126942,0.2006213936972925,0.19884598313359964,0.3444296493564137
0.2617893345085941,0.19435874834728956,0.20493609519612163,0.3389158219479947
0.2579225352112676,0.1949823943661972,0.20158450704225353,0.3455105633802817
0.2571680635200706,0.20202911336568152,0.1985002205558006,0.3423026025584473
0.25691699604743085,0.2002635046113307,0.20333772507685552,0.339481774264383
0.25065963060686014,0.20448548812664907,0.20536499560246263,0.33948988566402816
0.2501106684373617,0.19698981850376274,0.2058432934926959,0.3470562195661797
0.25389061805246776,0.1974210760337928,0.2040907069808804,0.3445975989328591
0.2517574692442882,0.2016695957820738,0.2007908611599297,0.34578207381370824
0.2474636082928981,0.20335244816938686,0.20026466696074108,0.34891927657697397
0.2466289691170074,0.21183123096998696,0.20008699434536756,0.34145280556763813
0.2510974539069359,0.208955223880597,0.20105355575065847,0.3388937664618086
0.25166444740346205,0.2108300044385264,0.19973368841544606,0.33777185974256546
0.2491212653778559,0.210896309314587,0.19507908611599298,0.34490333919156413
0.242091388400703,0.21133567662565905,0.19903339191564148,0.3475395430579965
0.24185022026431718,0.2118942731277533,0.20044052863436124,0.3458149779735683
0.2413339183852567,0.21281263712154452,0.20140412461605967,0.3444493198771391
0.2354230600613766,0.21788689171416045,0.19508987286277948,0.3516001753616835
0.2398409893992933,0.21554770318021202,0.1881625441696113,0.35644876325088337
0.23915900131406045,0.22207621550591328,0.18484450284713097,0.3539202803328953
0.23778359511343805,0.22207678883071552,0.18542757417102967,0.35471204188481675
0.24401913875598086,0.21661591996520227,0.18921270117442365,0.3501522401043932
0.24319578577699735,0.20939420544337137,0.1865671641791045,0.3608428446005268
0.24172915747684165,0.20996912218791355,0.18703131892368768,0.36127040141155714
0.24402125775022143,0.2112488928255093,0.18290522586359612,0.3618246235606732
0.239647577092511,0.21541850220264316,0.1814977973568282,0.3634361233480176
0.23820026466696073,0.2112924569916189,0.18703131892368768,0.3634759594177327
0.23529411764705882,0.21685689201053557,0.18437225636523266,0.36347673397717295
0.23233215547703182,0.22128975265017667,0.1855123674911661,0.36086572438162545
0.2362274129572499,0.21375055090348172,0.18334067871308946,0.3666813574261789
0.23161602818141788,0.21576398062527521,0.18758256274768825,0.36503742844561865
0.23331860362350862,0.22271321254971277,0.18205921343349535,0.36190897039328324
0.23771580345285526,0.217352810978309,0.18415227976980966,0.3607791057990261
0.23752759381898456,0.2194260485651214,0.18233995584988963,0.36070640176600444
0.24415011037527592,0.21456953642384105,0.18498896247240618,0.3562913907284768
0.24142480211081793,0.21503957783641162,0.1882145998240985,0.35532102022867196
0.2413793103448276,0.21649934526407683,0.18725447402880838,0.3548668703622872
0.2462817147856518,0.21347331583552057,0.19116360454943132,0.34908136482939633
0.24310118265440211,0.21419185282522996,0.19185282522996058,0.3508541392904074
0.2478146853146853,0.21984265734265734,0.18793706293706294,0.34440559440559443
0.24392399469730447,0.21785240830755634,0.19443216968625718,0.343791427308882
0.25,0.2158493870402802,0.1904553415061296,0.3436952714535902
0.2560813799203892,0.21318000884564353,0.183547103051747,0.3471915081822203
0.256140350877193,0.21096491228070174,0.1824561403508772,0.35043859649122805
0.26581158779301195,0.20787262273330384,0.1760283060592658,0.3502874834144184
0.2654945054945055,0.20615384615384616,0.17054945054945056,0.3578021978021978
0.2631810193321617,0.2100175746924429,0.1678383128295255,0.35896309314586994
0.2609841827768014,0.20650263620386644,0.1656414762741652,0.36687170474516695
0.26031042128603105,0.20709534368070953,0.17028824833702882,0.3623059866962306
0.2646017699115044,0.20353982300884957,0.16681415929203539,0.36504424778761063
0.26048565121412803,0.20706401766004415,0.17130242825607064,0.3611479028697572
0.2642258491398324,0.2055580061755624,0.17159241288045876,0.3586237318041465
0.2592267135325132,0.20913884007029876,0.1678383128295255,0.36379613356766255
0.2584070796460177,0.21327433628318584,0.16681415929203539,0.36150442477876105
0.26387665198237886,0.21541850220264316,0.1647577092511013,0.35594713656387666
0.2633908809207614,0.2151394422310757,0.16511730854360337,0.3563523683045595
0.25375110326566636,0.21712268314210062,0.16990291262135923,0.3592233009708738
0.2578366445916115,0.21324503311258278,0.1695364238410596,0.35938189845474616
0.257908611599297,0.21441124780316345,0.1665202108963093,0.36115992970123023
0.2601054481546573,0.20826010544815465,0.17223198594024605,0.359402460456942
0.25252525252525254,0.21299956082564778,0.17215634606938954,0.36231884057971014
0.2565121412803532,0.211037527593819,0.17262693156732892,0.3598233995584989
0.27006651884700666,0.2031042128603104,0.17161862527716187,0.3552106430155211
0.2719259585720582,0.20581754076685765,0.16659321286910533,0.35566328779197887
0.2669902912621359,0.20785525154457193,0.16813768755516328,0.35701676963812884
0.2646017699115044,0.21017699115044247,0.17256637168141592,0.3526548672566372
0.2642762284196547,0.21159805223550243,0.17662682602921648,0.3474988933156264
0.2632967032967033,0.2087912087912088,0.17758241758241758,0.35032967032967033
0.2609658839167036,0.21178555604785113,0.18342933097031458,0.3438192290651307
0.257243195785777,0.21992976294995611,0.1791044776119403,0.3437225636523266
0.2600700525394046,0.21409807355516638,0.17381786339754815,0.3520140105078809
0.2669902912621359,0.21050308914386584,0.17255075022065314,0.3499558693733451
0.27439824945295405,0.21269146608315098,0.16805251641137856,0.3448577680525164
0.2766330556773345,0.21131082858395442,0.1701008329679965,0.3419552827707146
0.28029969149405026,0.2093433230498017,0.17144116350815336,0.3389158219479947
0.2730496453900709,0.2149822695035461,0.1671099290780142,0.3448581560283688
0.28033658104517273,0.2187776793622675,0.16386182462356066,0.33702391496899914
0.28111209179170343,0.21270962047661077,0.16637246248896734,0.33980582524271846
0.27629233511586454,0.2192513368983957,0.1626559714795009,0.34180035650623886
0.27352682497801234,0.21899736147757257,0.1600703605980651,0.34740545294635006
0.2750333778371162,0.21806853582554517,0.1606586559857588,0.3462394303515799
0.2706299911268855,0.22404614019520852,0.15350488021295475,0.3518189884649512
0.27276746242263483,0.22015915119363394,0.14986737400530503,0.3572060123784262
0.2779991146525011,0.217352810978309,0.150066401062417,0.3545816733067729
0.2793859649122807,0.21929824561403508,0.15219298245614035,0.34912280701754383
0.28096280087527353,0.21575492341356675,0.1562363238512035,0.34704595185995624
0.27717154081187256,0.21780881711043212,0.15626364033173287,0.34875600174596244
0.27929515418502204,0.21762114537444935,0.15330396475770924,0.3497797356828194
0.28304405874499333,0.2118380062305296,0.15353805073431243,0.3515798842901647
0.2865291794646775,0.2114962702939886,0.1553312856516016,0.3466432645897323
0.2794894366197183,0.2112676056338028,0.1580105633802817,0.3512323943661972
0.28145550197281893,0.2104340201665936,0.1551950898728628,0.3529153879877247
0.27872433377020533,0.2145041502839668,0.1559633027522936,0.3508082131935343
0.27767936226749335,0.21567759078830823,0.15146147032772364,0.35518157661647476
0.27849223946784923,0.21818181818181817,0.14855875831485588,0.35476718403547675
0.2803328953131844,0.21813403416557162,0.14805081033727552,0.35348226018396844
0.2894158981115503,0.21739130434782608,0.14624505928853754,0.3469477382520861
0.2839614373356705,0.21691498685363717,0.15030674846625766,0.3488168273444347
0.28311918475852904,0.22153300841825432,0.15507310589277803,0.34027470093043866
0.2826666666666667,0.22133333333333333,0.15466666666666667,0.3413333333333333
0.2848939929328622,0.21687279151943462,0.15591872791519434,0.3423144876325088
0.2843874391862008,0.21362229102167182,0.1609907120743034,0.340999557717824
0.28045574057843997,0.2081507449605609,0.16520595968448729,0.3461875547765118
0.2790492957746479,0.2130281690140845,0.1637323943661972,0.34419014084507044
0.28286852589641437,0.21159805223550243,0.16201859229747675,0.3435148295706065
0.2817777777777778,0.2071111111111111,0.1648888888888889,0.3462222222222222
0.28062554300608167,0.2054735013032146,0.17158992180712423,0.3423110338835795
0.2905494505494505,0.20131868131868133,0.1701098901098901,0.33802197802197803
0.29432624113475175,0.19060283687943264,0.1773049645390071,0.3377659574468085
0.2889083735203858,0.19026742656729503,0.18149934239368698,0.3393248575186322
0.28484054172127565,0.19353429445172565,0.18392311052861512,0.3377020532983836
0.29734436221158034,0.18720069656073138,0.1828471919895516,0.3326077492381367
0.2938325991189427,0.18590308370044054,0.18590308370044054,0.3343612334801762
0.28652668416447946,0.19641294838145232,0.18285214348206474,0.3342082239720035
0.2918702798756108,0.19324744557974233,0.17903154153709464,0.3358507330075522
0.2917220008853475,0.19344842850818947,0.18238158477202301,0.33244798583444
0.29509632224168125,0.19220665499124343,0.17950963222416813,0.3331873905429072
0.29328621908127206,0.19037102473498232,0.18109540636042404,0.33524734982332155
0.2949576082106203,0.1923248549754574,0.17626059794734494,0.3364569388665774
0.29521276595744683,0.18971631205673758,0.17553191489361702,0.3395390070921986
0.2979664014146773,0.1870026525198939,0.17506631299734748,0.33996463306808133
0.3023358307624504,0.18951079770824153,0.1745262230057294,0.33362714852357866
0.29313380281690143,0.1892605633802817,0.17693661971830985,0.34066901408450706
0.29902826855123676,0.19037102473498232,0.1704946996466431,0.3401060070671378
0.30857648099027407,0.1843501326259947,0.17108753315649866,0.3359858532272325
0.3034300791556728,0.18865435356200527,0.17941952506596306,0.32849604221635886
0.3003549245785271,0.1881100266193434,0.18101153504880213,0.3305235137533274
0.3010610079575597,0.1856763925729443,0.17108753315649866,0.3421750663129973
0.2948328267477204,0.19148936170212766,0.17368649587494572,0.33999131567520624
0.2946584938704028,0.19220665499124343,0.1733800350262697,0.3397548161120841
0.30035026269702275,0.19001751313485113,0.1711908931698774,0.3384413309982487
0.2968681076312307,0.18967798853109838,0.17159241288045876,0.3418614909572122
0.2971078001752848,0.19281332164767748,0.16739702015775634,0.3426818580192813
0.3027360988526037,0.19461606354810237,0.16372462488967343,0.3389232127096205
0.2993377483443709,0.19735099337748344,0.1576158940397351,0.3456953642384106
0.2933920704845815,0.20088105726872246,0.1647577092511013,0.3409691629955947
0.29619805481874445,0.1989389920424403,0.16357206012378425,0.34129089301503096
0.29722589167767505,0.19903126376045796,0.15940114487010126,0.34434169969176576
0.2879188712522046,0.20458553791887124,0.16137566137566137,0.3461199294532628
0.2927689594356261,0.20238095238095238,0.1609347442680776,0.3439153439153439
0.2921646746347942,0.20805666223992916,0.16600265604249667,0.33377600708278
0.28590366769774633,0.20945647370746795,0.16880247459125056,0.33583738400353513
0.289740202553941,0.202113606340819,0.16732716864817263,0.34081902245706736
0.29333333333333333,0.1991111111111111,0.164,0.34355555555555556
0.2914997774810859,0.20427236315086783,0.16644414775255897,0.3377837116154873
0.2873665480427046,0.20685053380782917,0.16814946619217083,0.3376334519572954
0.2916848062690466,0.20722681758815847,0.1632564214192425,0.3378319547235525
0.2864035087719298,0.2043859649122807,0.16228070175438597,0.34692982456140353
0.28546177640300485,0.19752540874944763,0.16836058329650905,0.34865223155103847
0.2835820895522388,0.19622475856014046,0.1707638279192274,0.3494293239683933
0.2839667977282656,0.19571865443425077,0.17212756662297946,0.34818698121450414
0.2785308264101443,0.1985133362483603,0.17315260166156538,0.34980323567993005
0.2761820592134335,0.20282810428634557,0.17101193106495802,0.3499779054352629
0.2718531468531469,0.20236013986013987,0.17045454545454544,0.3553321678321678
0.27320261437908494,0.19825708061002179,0.16862745098039217,0.3599128540305011
0.2706866197183099,0.20026408450704225,0.17693661971830985,0.352112676056338
0.26733977172958734,0.19490781387181738,0.18129938542581212,0.35645302897278314
0.26444833625218916,0.19395796847635727,0.18607705779334502,0.3555166374781086
0.2712087912087912,0.19472527472527473,0.18505494505494505,0.34901098901098904
0.2699868938401048,0.19222367846221058,0.1909130624726955,0.3468763652249891
0.26950043821209463,0.19500438212094653,0.18799298860648553,0.34750219106047325
0.2647577092511013,0.2,0.18898678414096917,0.34625550660792953
0.2693484914735461,0.19282903366856144,0.195015303891561,0.34280717096633145
0.27140335392762577,0.19240953221535745,0.19549867608120036,0.3406884377758164
0.27152899824253074,0.19947275922671354,0.18892794376098418,0.3400702987697715
0.2751531058617673,0.2047244094488189,0.18985126859142606,0.33027121609798776
0.27333038478549315,0.20477664750110572,0.183547103051747,0.3383458646616541
0.2754517408550022,0.2009695901278096,0.1873071837814015,0.3362714852357867
0.2786309784993418,0.20272049144361562,0.18473014480035102,0.33391838525669154
0.2820288587669436,0.19676432006996064,0.1875819851333625,0.33362483602973325
0.2828860536735592,0.19885613726352838,0.18741750989881215,0.3308402991641003
0.2797881729920565,0.19461606354810237,0.19285083848190646,0.3327449249779347
0.2799825556040122,0.19450501526384648,0.19232446576537288,0.3331879633667684
0.28408091468777485,0.19393139841688653,0.18909410729991205,0.33289357959542654
0.2872246696035242,0.18854625550660792,0.19118942731277533,0.33303964757709253
0.28891820580474936,0.18865435356200527,0.19085312225153914,0.33157431838170626
0.28886925795053003,0.18904593639575973,0.19390459363957596,0.3281802120141343
0.2899955927721463,0.18289995592772146,0.19259585720581754,0.33450859409431466
0.29120636323464427,0.18161732213875387,0.1931064958020327,0.33406981882456915
0.29063604240282687,0.18330388692579505,0.196113074204947,0.3299469964664311
0.28748890860692106,0.18633540372670807,0.2005323868677906,0.3256433007985803
0.289760348583878,0.1877995642701525,0.19956427015250544,0.32287581699346407
0.28495809439788267,0.19232465813850905,0.19673577415086016,0.3259814733127481
0.279754062362758,0.1901624945103206,0.1971892841458059,0.3328941589811155
0.2782956058588549,0.1908566355969818,0.19928983577452286,0.33155792276964047
0.2785871964679912,0.18984547461368653,0.20132450331125828,0.33024282560706403
0.28408091468777485,0.1868953386103782,0.19349164467897978,0.3355321020228672
0.28074041427941826,0.19171441163508154,0.19479947113265755,0.33274570295284267
0.28188214599824096,0.1961301671064204,0.19041336851363236,0.33157431838170626
0.2765864332603939,0.19474835886214442,0.1899343544857768,0.3387308533916849
0.278580814717477,0.19754708716600963,0.18747262374069207,0.3363994743758213
0.28156621205455346,0.1970963484381874,0.194456665200176,0.3268807743070832
0.28608695652173916,0.20347826086956522,0.18782608695652173,0.3226086956521739
0.28558797524314766,0.19672855879752432,0.1914235190097259,0.32625994694960214
0.2753108348134991,0.2024866785079929,0.19493783303730017,0.3272646536412078
0.27156125608137993,0.20698805838124723,0.19548872180451127,0.32596196373286157
0.2736842105263158,0.20877192982456141,0.19912280701754387,0.31842105263157894
0.2780960775672102,0.20802115469369767,0.19876597620096959,0.3151167915381225
0.27123893805309734,0.21150442477876105,0.1986725663716814,0.3185840707964602
0.2687224669603524,0.20484581497797358,0.20352422907488987,0.3229074889867841
0.26940035273368607,0.20899470899470898,0.19753086419753085,0.32407407407407407
0.2762455516014235,0.19795373665480426,0.19839857651245552,0.3274021352313167
0.27276726792784867,0.1970963484381874,0.19665640123185218,0.33347998240211174
0.2752414398595259,0.19798068481123793,0.19622475856014046,0.3305531167690957
0.274235807860262,0.19912663755458515,0.19170305676855895,0.3349344978165939
0.269010989010989,0.19956043956043956,0.19384615384615383,0.3375824175824176
0.27256715103478646,0.19418758256274768,0.1955085865257596,0.3377366798767063
0.26856380613606046,0.19386393952867942,0.2023121387283237,0.3352601156069364
0.2680140597539543,0.1937609841827768,0.2016695957820738,0.3365553602811951
0.2728066346573549,0.18900043649061546,0.2047140986468791,0.33347883020515057
0.27890556045895853,0.18623124448367168,0.20520741394527803,0.3296557811120918
0.27920353982300883,0.18451327433628317,0.20309734513274336,0.3331858407079646
0.28173374613003094,0.18664307828394516,0.19637328615656788,0.335249889429456
0.27758164165931154,0.18711385701676964,0.19196822594880847,0.3433362753751103
0.2773626373626374,0.1824175824175824,0.19428571428571428,0.34593406593406595
0.2823788546255507,0.17841409691629956,0.19162995594713655,0.3475770925110132
0.2751766784452297,0.18374558303886926,0.19125441696113074,0.3498233215547703
0.2800710164225477,0.1841988459831336,0.18819351975144252,0.34753661784287615
0.27970188513809735,0.18807540552389304,0.1867601928978518,0.34546251644015785
0.282389108476065,0.18181818181818182,0.18225735617039965,0.35353535353535354
0.2843956043956044,0.18065934065934067,0.18461538461538463,0.35032967032967033
0.2824360105913504,0.18446601941747573,0.18093556928508384,0.35216240070609
0.288,0.18444444444444444,0.176,0.35155555555555557
0.27920353982300883,0.19336283185840708,0.17699115044247787,0.3504424778761062
0.27714033539276256,0.1884377758164166,0.17784642541924095,0.35657546337157986
