C,D,Oc,Od
0.0,0.0,0.0,1.0
0.6666666666666666,0.0,0.0,0.3333333333333333
0.5,0.16666666666666666,0.0,0.3333333333333333
0.36363636363636365,0.2727272727272727,0.0,0.36363636363636365
0.42857142857142855,0.21428571428571427,0.0,0.35714285714285715
0.4,0.2,0.0,0.4
0.3611111111111111,0.2222222222222222,0.0,0.4166666666666667
0.35185185185185186,0.2037037037037037,0.037037037037037035,0.4074074074074074
0.3287671232876712,0.2054794520547945,0.0410958904109589,0.4246575342465753
0.3235294117647059,0.21568627450980393,0.0392156862745098,0.4215686274509804
0.32857142857142857,0.2357142857142857,0.05,0.38571428571428573
0.31666666666666665,0.25555555555555554,0.06111111111111111,0.36666666666666664
0.3306122448979592,0.2571428571428571,0.0653061224489796,0.3469387755102041
0.292358803986711,0.2591362126245847,0.08637873754152824,0.36212624584717606
0.30025445292620867,0.25190839694656486,0.09669211195928754,0.3511450381679389
0.3020833333333333,0.24375,0.1,0.3541666666666667
0.3019538188277087,0.2664298401420959,0.11545293072824156,0.31616341030195383
0.2894736842105263,0.26169590643274854,0.1286549707602339,0.3201754385964912
0.28214731585518105,0.2759051186017478,0.13982521847690388,0.3021223470661673
0.26939655172413796,0.27586206896551724,0.15086206896551724,0.30387931034482757
0.2626641651031895,0.27298311444652906,0.1697936210131332,0.2945590994371482
0.2647058823529412,0.2679738562091503,0.18709150326797386,0.28022875816993464
0.26380813953488375,0.2616279069767442,0.20130813953488372,0.27325581395348836
0.2534291312867407,0.2717178314826911,0.21489222730241672,0.2599608099281515
0.25323910482921086,0.2626619552414605,0.23557126030624265,0.24852767962308597
0.2548800892359175,0.2571109871723369,0.2403792526491913,0.2476296709425544
0.25892857142857145,0.2536764705882353,0.24107142857142858,0.24632352941176472
0.2513634110064452,0.2528507684680218,0.248388696083292,0.24739712444224096
0.25135002454590083,0.25920471281296026,0.24349533627884143,0.24594992636229748
0.24766791044776118,0.25886194029850745,0.24347014925373134,0.25
0.24918793503480277,0.254292343387471,0.24872389791183294,0.24779582366589328
0.24759725400457666,0.25125858123569794,0.24897025171624715,0.25217391304347825
0.24541797049620026,0.25435851586946806,0.248547161376844,0.2516763522574877
0.24285085789705235,0.2556093268807743,0.2454905411350638,0.25604927408710954
0.2405848471422242,0.24856003544528135,0.2512184315463004,0.25963668586619404
0.24314765694076038,0.2475685234305924,0.248894783377542,0.2603890362511052
0.24288840262582057,0.249890590809628,0.24770240700218818,0.25951859956236323
0.23592017738359203,0.24611973392461198,0.2532150776053215,0.2647450110864745
0.24010554089709762,0.2484608619173263,0.25285839929639403,0.25857519788918204
0.23729562527618206,0.2509942554131684,0.25143614670790987,0.2602739726027397
0.2430647291941876,0.24878907970057243,0.2509907529722589,0.2571554381329811
0.24567627494456762,0.2407982261640798,0.2567627494456763,0.2567627494456763
0.2456217162872154,0.2403677758318739,0.2526269702276708,0.2613835376532399
0.24757281553398058,0.2418358340688438,0.2563989408649603,0.25419240953221534
0.24636403702071397,0.24504186866460997,0.254737769942706,0.25385632437197003
0.24614707177454867,0.24350506384852488,0.25407309555262,0.2562747688243065
0.23839009287925697,0.24060150375939848,0.2565236620964175,0.26448474126492705
0.2502242152466368,0.23408071748878923,0.25515695067264577,0.26053811659192827
0.2514489522960321,0.23316986179224253,0.253678109674543,0.26170307623718236
0.24541797049620026,0.2373714796602593,0.2507822977201609,0.2664282521233795
0.25299069561364645,0.230837394771821,0.25033229951262737,0.2658396101019052
0.24691358024691357,0.22883597883597884,0.2566137566137566,0.26763668430335097
0.2503311258278146,0.22207505518763798,0.2596026490066225,0.26799116997792494
0.24433585073300756,0.22701021768103066,0.26077298978231894,0.2678809418036428
0.25220458553791886,0.2261904761904762,0.2570546737213404,0.26455026455026454
0.2543630017452007,0.2194589877835951,0.2617801047120419,0.2643979057591623
0.2565352237483385,0.2193176783340718,0.26362428001772265,0.2605228178998671
0.24660534384581692,0.219886114761279,0.2715724923346474,0.2619360490582567
0.24572180781044317,0.21763931548924967,0.26941641070645017,0.26722246599385696
0.25385632437197003,0.22256500661084178,0.2666372851476421,0.25694138386954607
0.2521891418563923,0.21847635726795098,0.27276707530647987,0.2565674255691769
0.2560599382988101,0.22036139268400176,0.2635522256500661,0.2600264433671221
0.2626970227670753,0.2171628721541156,0.2635726795096322,0.2565674255691769
0.25983208130799823,0.21785240830755634,0.2633672116659302,0.25894829871851527
0.2622658340767172,0.21855486173059768,0.2627118644067797,0.2564674397859054
0.25975177304964536,0.2149822695035461,0.2650709219858156,0.26019503546099293
0.2625381596162233,0.21412996075010904,0.2664631487134758,0.2568687309201919
0.2517699115044248,0.21946902654867256,0.27300884955752214,0.2557522123893805
0.25342768686421935,0.22158337019018134,0.2689075630252101,0.2560813799203892
0.2518813634351483,0.22310756972111553,0.27003098716246127,0.2549800796812749
0.24566859173700578,0.22123500666370502,0.2741003998223012,0.258996001776988
0.24833702882483372,0.21729490022172948,0.2776053215077605,0.2567627494456763
0.24543429844097994,0.22048997772828507,0.27616926503340755,0.2579064587973274
0.25309187279151946,0.22084805653710246,0.2707597173144876,0.25530035335689044
0.25265017667844525,0.22173144876325088,0.2712014134275618,0.254416961130742
0.2577502214348981,0.21966341895482727,0.26970770593445526,0.2528786536758193
0.25,0.2230565371024735,0.27340989399293286,0.25353356890459366
0.2516469038208169,0.22178304787000439,0.26613965744400525,0.2604303908651735
0.2529854046881911,0.21892967713401149,0.26758071649712517,0.2605042016806723
0.25733333333333336,0.21644444444444444,0.2688888888888889,0.25733333333333336
0.25863596102745795,0.2183348095659876,0.2674933569530558,0.2555358724534987
0.2614035087719298,0.21666666666666667,0.2675438596491228,0.2543859649122807
0.2578090629124505,0.21865376154861416,0.27276726792784867,0.2507699076110867
0.26146993318485523,0.21158129175946547,0.2690423162583519,0.2579064587973274
0.26031042128603105,0.21152993348115298,0.27184035476718404,0.25631929046563195
0.26023778071334214,0.21532364597093792,0.2716864817261119,0.2527520915896081
0.2613486117232261,0.2124283825473777,0.27104451300132215,0.255178492728074
0.2644736842105263,0.20964912280701756,0.2767543859649123,0.24912280701754386
0.26092657342657344,0.21328671328671328,0.27972027972027974,0.24606643356643357
0.2633672116659302,0.2072470172337605,0.278391515687141,0.2509942554131684
0.2607158638974812,0.20813079982324348,0.27971718957136543,0.25143614670790987
0.26675485008818345,0.20634920634920634,0.27821869488536155,0.24867724867724866
0.26458973233874505,0.20842474769635805,0.27424308907415534,0.25274243089074155
0.2639074321317312,0.20382732532265244,0.2817089452603471,0.25055629728526924
0.2669902912621359,0.20123565754633715,0.27890556045895853,0.2528684907325684
0.26360392506690455,0.19982158786797502,0.28501338090990186,0.25156110615521854
0.2652881654201496,0.19621645402551693,0.29036515618125824,0.24813022437307522
0.26704795424549055,0.19973603167619886,0.29124505059392874,0.24197096348438188
0.26770601336302896,0.19643652561247216,0.2828507795100223,0.25300668151447664
0.26845342706502634,0.20210896309314588,0.28031634446397186,0.2491212653778559
0.27180616740088104,0.1973568281938326,0.27929515418502204,0.2515418502202643
0.2735723771580345,0.1961044710048694,0.2735723771580345,0.25675077467906154
0.27508802816901406,0.19718309859154928,0.2790492957746479,0.24867957746478872
0.27887571365832237,0.19499341238471674,0.2740447957839262,0.2520860781730347
0.28108581436077057,0.19483362521891417,0.2635726795096322,0.260507880910683
0.272207563764292,0.19217238346525944,0.2695690413368514,0.26605101143359716
0.2886734244160423,0.18289995592772146,0.26399294843543414,0.26443367122080214
0.277071459886000.20.19026742656729503,0.26654975887768523,0.2661113546690048
0.2809086937527305,0.19353429445172565,0.26299694189602446,0.26256006989951947
0.2761946514686541,0.19202104340201667,0.26742656729504605,0.26435773783428324
0.2708333333333333,0.1981382978723404,0.2695035460992908,0.26152482269503546
0.2712765957446808,0.1999113475177305,0.26640070921985815,0.2624113475177305
0.2721685689201054,0.19315188762071994,0.2642669007901668,0.2704126426690079
0.2715994683207798,0.19849357554275587,0.2618520159503766,0.2680549401860877
0.27071333628710675,0.19760744350908285,0.26229508196721313,0.26938413823659724
0.2688927943760984,0.20123022847100175,0.2623022847100176,0.26757469244288223
0.266489597166888,0.19566179725542276,0.2673749446657813,0.27047366091190794
0.26666666666666666,0.19912280701754387,0.2644736842105263,0.26973684210526316
0.26334362593736216,0.19982355535950597,0.26378473753859727,0.2730480811645346
0.26238286479250333,0.1958946898705935,0.26729138777331546,0.2744310575635877
0.2664024658740643,0.19815059445178335,0.2646411272567151,0.27080581241743723
0.27079646017699116,0.1995575221238938,0.2606194690265487,0.26902654867256637
0.26900844819919967,0.19875500222321033,0.25878168074699864,0.2734548688305914
0.26434245366284204,0.20785525154457193,0.2559576345984113,0.27184466019417475
0.2606761565836299,0.20640569395017794,0.25622775800711745,0.27669039145907476
0.26514486391571557,0.20851624231782265,0.25680421422300265,0.26953467954345917
0.26748790145182577,0.21161460624725034,0.24945006599208094,0.27144742630884294
0.26024955436720143,0.2161319073083779,0.24598930481283424,0.27762923351158647
0.26033421284080915,0.21459982409850484,0.2436235708003518,0.28144239226033424
0.25914499779638606,0.2128691053327457,0.24504186866460997,0.28294402820625825
0.26148409893992935,0.21024734982332155,0.24558303886925795,0.2826855123674912
0.2629253203711887,0.21431727794962438,0.24436588599204595,0.278391515687141
0.25922632281013785,0.22054246331702979,0.2387727879057359,0.28145842596709647
0.25754884547069273,0.22158081705150978,0.23978685612788633,0.2810834813499112
0.24922532093846836,0.2266489597166888,0.2359451084550686,0.28818061088977426
0.25022143489813997,0.22719220549158547,0.23649247121346323,0.2860938883968113
0.25264084507042256,0.2249119718309859,0.2323943661971831,0.29005281690140844
0.24878694309660343,0.22364358182620203,0.23820026466696073,0.2893692104102338
0.24394539850286218,0.22589167767503301,0.2404227212681638,0.289740202553941
0.252414398595259,0.22431957857769974,0.23485513608428446,0.2884108867427568
0.25143614670790987,0.22536456031816174,0.2350861688024746,0.28811312417145385
0.2469298245614035,0.225,0.23728070175438595,0.29078947368421054
0.24282560706401765,0.21986754966887417,0.24061810154525387,0.29668874172185433
0.24421144604630843,0.2236784622105723,0.24246395806028834,0.28964613368283093
0.23822104799647734,0.22192866578599735,0.2399823866138265,0.2998678996036988
0.23529411764705882,0.2250445632798574,0.2410873440285205,0.2985739750445633
0.23910171730515192,0.22369000440334655,0.23910171730515192,0.29810656098634963
0.23511248345831495,0.22320247022496692,0.24261138067931187,0.2990736656374063
0.24031690140845072,0.2262323943661972,0.24031690140845072,0.29313380281690143
0.23557692307692307,0.22202797202797203,0.24388111888111888,0.298513986013986
0.23891843971631205,0.21941489361702127,0.2402482269503546,0.30141843971631205
0.24425795053003532,0.22128975265017667,0.23807420494699646,0.2963780918727915
0.23905272564789992,0.22028596961572833,0.23994638069705093,0.3007149240393208
0.23744493392070484,0.22334801762114537,0.23392070484581498,0.3052863436123348
0.24358974358974358,0.22104332449160036,0.23076923076923078,0.3045977011494253
0.24659938569548048,0.21939447125932426,0.23343571741992103,0.30057042562527425
0.2475642161204606,0.2178919397697077,0.23737821080602303,0.2971656333038087
0.2511032656663725,0.22197705207413945,0.23124448367166814,0.29567519858781993
0.249008373732922,0.22124283825473778,0.2357866901718819,0.29396209784045835
0.24944616747895437,0.22507753655294638,0.23482498892334958,0.2906513070447497
0.24408413672217352,0.22787028921998248,0.23356704645048204,0.294478527607362
0.24855747891699956,0.2210386151797603,0.23524189968930315,0.29516200621393696
0.25066079295154187,0.22026431718061673,0.23215859030837005,0.29691629955947135
0.24654480606330806,0.22157824342398574,0.23762817654926438,0.29424877396344185
0.24614707177454867,0.2192866578599736,0.23601937472479084,0.2985468956406869
0.24779541446208111,0.22486772486772486,0.2292768959435626,0.2980599647266314
0.24571428571428572,0.2246153846153846,0.23076923076923078,0.2989010989010989
0.23954205195948922,0.22324966974900926,0.23690004403346543,0.3003082342580361
0.23859649122807017,0.22017543859649122,0.24166666666666667,0.2995614035087719
0.23866666666666667,0.22088888888888888,0.2368888888888889,0.3035555555555556
0.240958605664488,0.21917211328976036,0.23660130718954248,0.3032679738562091
0.24012291483757683,0.218612818261633,0.23661106233538193,0.30465320456540823
0.235216240070609,0.22065313327449249,0.2444836716681377,0.2996469549867608
0.24259832081307997,0.2147591692443659,0.24392399469730447,0.29871851524524967
0.2515473032714412,0.20557029177718833,0.242263483642794,0.3006189213085765
0.250992501102779,0.20820467578297308,0.24702249669166298,0.2937803264225849
0.250992501102779,0.20820467578297308,0.24525805028672254,0.29554477282752534
0.2553657468243539,0.20805957074025405,0.24310118265440211,0.2934734997809899
0.25619469026548675,0.21238938053097345,0.24601769911504426,0.2853982300884956
0.2596660808435852,0.21660808435852372,0.24428822495606328,0.27943760984182775
0.2533097969991174,0.2149161518093557,0.24933804060017653,0.2824360105913504
0.258121940364931,0.21673342234089898,0.24744103248776145,0.27770360480640854
0.2572062084257206,0.20798226164079822,0.2532150776053215,0.28159645232815966
0.26090828138913624,0.21326803205699021,0.24532502226179875,0.2804986642920748
0.2580502867225408,0.21261579179532422,0.24834583149536832,0.28098808998676666
0.25939019001325675,0.21078214759169245,0.24613345117101193,0.2836942112240389
0.2537643932683791,0.20593445527015058,0.2524357838795394,0.28786536758193093
0.25779162956366874,0.20213713268032057,0.25155832591273375,0.28851291184327693
0.2525386313465784,0.20176600441501102,0.25165562913907286,0.29403973509933773
0.25749559082892415,0.2037037037037037,0.2552910052910053,0.28350970017636684
0.25925925925925924,0.1984126984126984,0.2570546737213404,0.28527336860670194
0.26500219010074466,0.1988611476127902,0.25317564607971965,0.2829610162067455
0.2624555160142349,0.19839857651245552,0.2557829181494662,0.2833629893238434
0.2585669781931464,0.19403649310191368,0.2639074321317312,0.2834890965732087
0.26453617399023527,0.1970705725699068,0.2583222370173103,0.2800710164225477
0.26773049645390073,0.1976950354609929,0.25398936170212766,0.28058510638297873
0.26474442988204455,0.20445609436435125,0.25207514198339886,0.27872433377020533
0.26276076342654237,0.20284065690190856,0.25166444740346205,0.28273413226808697
0.26758071649712517,0.20035382574082264,0.2503317116320212,0.28173374613003094
0.26851851851851855,0.20238095238095238,0.25485008818342153,0.2742504409171076
0.265666372462489,0.19902912621359223,0.25684024713150927,0.27846425419240955
0.26073483842408146,0.2036299247454626,0.2589641434262948,0.27667109340416113
0.2620008972633468,0.19829519964109465,0.2597577388963661,0.27994616419919244
0.26622222222222225,0.19511111111111112,0.25955555555555554,0.2791111111111111
0.26505494505494503,0.19428571428571428,0.2589010989010989,0.28175824175824177
0.27047038327526135,0.19337979094076654,0.25043554006968644,0.2857142857142857
0.2623456790123457,0.1970899470899471,0.2535273368606702,0.28703703703703703
0.25920994229915667,0.19573901464713714,0.25388371060807813,0.29116733244562804
0.25768217734855137,0.18964003511852504,0.25548726953467954,0.2971905179982441
0.25696594427244585,0.18487394957983194,0.25785050862450243,0.30030959752321984
0.2583922261484099,0.10.19825708061002179,0.18823529411764706,0.20130718954248367,0.4122004357298475
0.19884853852967227,0.19087688219663418,0.19840566873339238,0.41186891054030117
0.20379355977062197,0.18967798853109838,0.1985002205558006,0.40802823114247905
0.20326999558108705,0.18868758285461776,0.19531595227574017,0.412726469288555
0.19982433025911286,0.1888449714536671,0.19148001756697408,0.41985068072024595
0.20462478184991273,0.18542757417102967,0.19415357766143107,0.41579406631762655
0.20329915292019615,0.19170753455193937,0.18992420864913062,0.41506910387873386
0.1942257217847769,0.19378827646544183,0.18853893263342084,0.42344706911636043
0.19929453262786595,0.19223985890652556,0.18915343915343916,0.4193121693121693
0.2008714596949891,0.19128540305010894,0.19215686274509805,0.41568627450980394
0.20288587669435942,0.1888937472671622,0.1880192391779624,0.42020113686051597
0.20185103569854562,0.1873071837814015,0.19127368884971352,0.41956809167033937
0.20140721196130168,0.18601583113456466,0.1948109058927001,0.4177660510114336
0.20141969831410825,0.18145519077196096,0.19343389529724933,0.42369121561668144
0.20221729490022172,0.1835920177383592,0.19201773835920177,0.4221729490022173
0.2088495575221239,0.181858407079646,0.18672566371681415,0.4225663716814159
0.20408163265306123,0.18189884649511978,0.19653948535936114,0.4174800354924579
0.20663716814159291,0.18451327433628317,0.19380530973451326,0.4150442477876106
0.21106194690265487,0.184070796460177,0.1920353982300885,0.41283185840707964
0.2087912087912088,0.18285714285714286,0.19164835164835164,0.4167032967032967
0.20706401766004415,0.18498896247240618,0.18543046357615894,0.42251655629139073
0.20946538124452235,0.18448729184925505,0.1836108676599474,0.4224364592462752
0.20656028368794327,0.1879432624113475,0.18439716312056736,0.42109929078014185
0.21733391992960846,0.1913770347558293,0.17861856577210736,0.4126704795424549
0.20901458241272647,0.19001325673884226,0.17498895271763146,0.4259832081307998
0.21277533039647578,0.1881057268722467,0.1748898678414097,0.42422907488986783
0.21428571428571427,0.19047619047619047,0.1728395061728395,0.42239858906525574
0.21654929577464788,0.18617957746478872,0.17341549295774647,0.4238556338028169
0.21735319894829097,0.18580192813321647,0.16739702015775634,0.4294478527607362
0.2163355408388521,0.18852097130242826,0.16777041942604856,0.4273730684326711
0.21977052074139453,0.1853486319505737,0.16902030008826124,0.4258605472197705
0.22114962702939886,0.17858709960508995,0.16761737604212373,0.43264589732338743
0.22354497354497355,0.18253968253968253,0.1609347442680776,0.4329805996472663
0.22119613016710643,0.18161829375549693,0.16094986807387862,0.436235708003518
0.22627416520210897,0.18541300527240773,0.16036906854130054,0.4279437609841828
0.2254945054945055,0.181978021978022,0.16263736263736264,0.4298901098901099
0.225976305397104,0.18121983326020183,0.16630100921456778,0.4265028521281264
0.22943530457981326,0.18141396176078256,0.16851934192974655,0.42063139172965763
0.22359699513919576,0.1798497569597879,0.16747680070702606,0.4290764471939903
0.2202276707530648,0.18432574430823118,0.17162872154115585,0.4238178633975482
0.22031662269129287,0.18601583113456466,0.17194371152154794,0.42172383465259455
0.22129710780017528,0.18843120070113936,0.1656441717791411,0.42462751971954427
0.21829429960229785,0.19045514803358374,0.16836058329650905,0.4228899690676094
0.22550750220653135,0.18623124448367168,0.16725507502206532,0.4210061782877317
0.22464083587287767,0.18676534610361342,0.17109272964736613,0.4175010883761428
0.23049956178790534,0.17879053461875546,0.17353198948290974,0.4171779141104294
0.2279541446208113,0.17328042328042328,0.17592592592592593,0.4228395061728395
0.22397891963109354,0.17523056653491437,0.18269653052261747,0.4180939833113746
0.22810858143607707,0.16987740805604204,0.17688266199649738,0.4251313485113835
0.2247141600703606,0.17502198768689534,0.1789797713280563,0.4212840809146878
0.22553751645458534,0.17156647652479157,0.17463799912242212,0.42825800789820095
0.23240371845949534,0.17220008853474988,0.16777335104028332,0.42762284196547146
0.2307017543859649,0.1675438596491228,0.16885964912280702,0.4328947368421053
0.23154657293497363,0.16827768014059755,0.1647627416520211,0.4354130052724077
0.22998673153471916,0.16541353383458646,0.16718266253869968,0.4374170720919947
0.22737210319195453,0.1639702667249672,0.17227809357236554,0.4363795365107127
0.22892635314995563,0.16637089618456077,0.16858917480035493,0.43611357586512867
0.22659010600706714,0.16166077738515902,0.17491166077738515,0.4368374558303887
0.2264975951027547,0.16134674245736774,0.17446436379536512,0.43769129864451245
0.22784810126582278,0.159755565255347,0.1724137931034483,0.4399825403753819
0.22188449848024316,0.15848892748588797,0.17455492835432046,0.44507164567954843
0.22261021388040156,0.15800960279353993,0.17634220864251418,0.4430379746835443
0.2214442013129103,0.15667396061269145,0.1772428884026258,0.4446389496717724
0.22134038800705466,0.16005291005291006,0.1781305114638448,0.44047619047619047
0.21927497789566755,0.16091954022988506,0.17771883289124668,0.4420866489832007
0.22573561703996486,0.16249451032059728,0.17039964866051824,0.4413702239789196
0.22671353251318102,0.1608084358523726,0.17091388400702986,0.4415641476274165
0.2234782608695652,0.16130434782608696,0.17347826086956522,0.44173913043478263
0.2266489597166888,0.16069057104913678,0.16688800354139,0.4457724656927844
0.22850877192982455,0.15482456140350878,0.1692982456140351,0.4473684210526316
0.2277533039647577,0.15726872246696036,0.17180616740088106,0.4431718061674009
0.2331288343558282,0.15687992988606486,0.16476774758983348,0.44522348816827345
0.23511248345831495,0.15747684164093514,0.16144684605205117,0.44596382884869873
0.23448581560283688,0.1573581560283688,0.16046099290780141,0.44769503546099293
0.23654957759004003,0.16051578479324144,0.15562472209871053,0.447309915518008
0.23378914865460962,0.15924128804587562,0.1557123952359947,0.45125716806352006
0.2351111111111111,0.16355555555555557,0.152,0.4493333333333333
0.24008810572687225,0.15770925110132158,0.14977973568281938,0.4524229074889868
0.2413793103448276,0.15915119363395225,0.14898320070733864,0.4504862953138815
0.24395604395604395,0.15692307692307692,0.1463736263736264,0.45274725274725275
0.2467706013363029,0.15679287305122494,0.15011135857461025,0.4463251670378619
0.24265028521281265,0.15664765247915752,0.15225976305397104,0.4484422992540588
0.2391304347826087,0.1619343389529725,0.15394853593611357,0.44498669032830523
0.24580759046778464,0.1641659311562224,0.14872021182700795,0.44130626654898497
0.24253075571177504,0.1647627416520211,0.15202108963093147,0.4406854130052724
0.2414406402845709,0.16362827923521564,0.14895509115162295,0.4459759893285905
0.23681898066783832,0.1647627416520211,0.15202108963093147,0.44639718804920914
0.24226579520697167,0.16383442265795206,0.15206971677559913,0.4418300653594771
0.23767214571301643,0.16614837849844513,0.14971123944913373,0.4464682363394047
0.23744493392070484,0.16387665198237886,0.14625550660792952,0.4524229074889868
0.24151608638166594,0.15733803437637725,0.14676068752754517,0.45438519171441166
0.2380114386273647,0.16058073031236253,0.14254289485261767,0.45886493620765506
0.23630742049469966,0.15901060070671377,0.14487632508833923,0.45980565371024734
0.23592017738359203,0.15609756097560976,0.13880266075388026,0.46917960088691796
0.23897707231040563,0.15696649029982362,0.1437389770723104,0.4603174603174603
0.23459507042253522,0.16109154929577466,0.1382042253521127,0.46610915492957744
0.2353202846975089,0.16681494661921709,0.13523131672597866,0.4626334519572954
0.23511248345831495,0.16541685046316718,0.13895015438906044,0.46052051168945746
0.23866666666666667,0.16266666666666665,0.1408888888888889,0.4577777777777778
0.24022837066315328,0.1629336846728151,0.13746157224418093,0.4593763724198507
0.23987676056338028,0.15889084507042253,0.1443661971830986,0.45686619718309857
0.24724548259145,0.15777875716174528,0.13838695460555311,0.45658880564125165
0.25274243089074155,0.15489249670908292,0.13339183852566916,0.4589732338740.21260541500221927,0.250.2792122538293217,0.20831509846827134,0.2188183807439825,0.2936542669584245
0.27628684557853056,0.2133743950725913,0.21865376154861416,0.29168499780026397
0.26834659593280286,0.21529619805481875,0.22236958443854996,0.29398762157382846
0.27192205491585475,0.21479185119574845,0.224977856510186,0.2883082373782108
0.2701275846898372,0.21425428948526176,0.2278926528816542,0.2877254729432468
0.2663716814159292,0.2168141592920354,0.23008849557522124,0.2867256637168142
0.26176858776946765,0.21249450065992082,0.23053233611966564,0.29520457545094586
0.26343847179031543,0.20524211461572633,0.23234118169702356,0.2989782318969347
0.2567804024496938,0.21347331583552057,0.2335958005249344,0.29615048118985127
0.2580502867225408,0.21438023820026467,0.23070136744596384,0.2968681076312307
0.26341248900615655,0.2154793315743184,0.22559366754617413,0.2955145118733509
0.2621231979030144,0.2197466142420271,0.22586282219309742,0.29226736566186107
0.25631929046563195,0.22350332594235034,0.22660753880266074,0.293569844789357
0.2556093268807743,0.22481302243730752,0.22965244170699517,0.289925208974923
0.2583922261484099,0.22217314487632508,0.2318904593639576,0.2875441696113074
0.2579787234042553,0.22739361702127658,0.22606382978723405,0.28856382978723405
0.2609658839167036,0.22463447053610988,0.22640673460345592,0.28799291094373064
0.2642095914742451,0.22202486678507993,0.22202486678507993,0.291740674955595
0.2663427561837456,0.2234982332155477,0.22173144876325088,0.2884275618374558
0.26434245366284204,0.2228596646072374,0.22241835834068843,0.2903795233892321
0.26730937773882557,0.22743207712532865,0.22392638036809817,0.2813321647677476
0.2636727434415296,0.2254335260115607,0.2272120942641174,0.28368163628279236
0.26065719360568385,0.2344582593250444,0.22824156305506216,0.2766429840142096
0.25815096025011164,0.23805270209915141,0.22956677087985708,0.27422956677087984
0.2644295302013423,0.23310961968680088,0.22460850111856823,0.2778523489932886
0.2699822380106572,0.2322380106571936,0.22069271758436945,0.27708703374777977
0.26972234464521816,0.23182018510356986,0.2247686205376818,0.2736888497135302
0.26601855943437913,0.2328767123287671,0.22448077772867875,0.276623950508175
0.27460456942003514,0.22934973637961337,0.22363796133567662,0.27240773286467485
0.27369826435246997,0.22563417890520696,0.22830440587449932,0.27236315086782376
0.2750766535260622,0.22470433639947437,0.23302671922908455,0.2671922908453789
0.28140257434531735,0.2197070572569907,0.23169107856191745,0.2671992898357745
0.2776315789473684,0.22149122807017543,0.23289473684210527,0.2679824561403509
0.27560106856634015,0.22039180765805877,0.23374888691006232,0.27025823686553874
0.2764263600176913,0.21627598407784165,0.2410437859354268,0.26625386996904027
0.2711564023039433,0.22374833850243686,0.24324324324324326,0.2618520159503766
0.2755102040816326,0.22404614019520852,0.2391304347826087,0.26131322094055015
0.274622892635315,0.21872227151730259,0.24267968056787934,0.2639751552795031
0.2725255215268531,0.2201509098979139,0.24811362627607633,0.25920994229915667
0.27453580901856767,0.22502210433244915,0.2396109637488948,0.2608311229000884
0.27639751552795033,0.22582076308784382,0.2466725820763088,0.2511091393078971
0.2778021978021978,0.22417582417582418,0.24307692307692308,0.2549450549450549
0.27770419426048565,0.22251655629139072,0.24194260485651214,0.2578366445916115
0.27481252756947505,0.2267313630348478,0.24040582267313632,0.2580502867225408
0.2780960775672102,0.22741295724988983,0.23314235345967388,0.2613486117232261
0.2788844621513944,0.22399291722000886,0.23284639220894202,0.2642762284196547
0.27768014059753954,0.22803163444639718,0.22627416520210897,0.2680140597539543
0.28116710875331563,0.22767462422634838,0.22988505747126436,0.2612732095490716
0.28176549264378065,0.22425323227819885,0.2345073562193491,0.25947391885867144
0.2867319679430098,0.22617987533392697,0.2288512911843277,0.25823686553873554
0.2878923766816143,0.22600896860986547,0.23318385650224216,0.25291479820627805
0.28094820017559263,0.23353819139596138,0.23046532045654083,0.2550482879719052
0.2778021978021978,0.23736263736263735,0.23296703296703297,0.2518681318681319
0.2827433628318584,0.23185840707964603,0.2398230088495575,0.24557522123893805
0.2832523199292974,0.23155103844454264,0.23906319045514804,0.24613345117101193
0.2844600526777875,0.23529411764705882,0.23222124670763827,0.24802458296751537
0.2846458424989001,0.2336119665640123,0.23185217773867137,0.2498900131984162
0.28845315904139435,0.23921568627450981,0.22919389978213509,0.24313725490196078
0.2878587196467991,0.23664459161147902,0.23002207505518762,0.24547461368653423
0.2831029870708872,0.23495318769505127,0.23316986179224253,0.24877396344181898
0.28996447602131437,0.23001776198934282,0.2313499111900533,0.24866785079928952
0.2870981946279172,0.23029502421840597,0.23381770145310435,0.24878907970057243
0.28289473684210525,0.23464912280701755,0.2355263157894737,0.2469298245614035
0.28325991189427313,0.23171806167400882,0.22951541850220264,0.2555066079295154
0.2816399286987522,0.23172905525846701,0.2286096256684492,0.2580213903743315
0.2804395604395604,0.2320879120879121,0.22681318681318682,0.26065934065934065
0.2870981946279172,0.22985468956406868,0.2307353588727433,0.2523117569352708
0.27880386983289357,0.22867194371152155,0.22911169744942833,0.26341248900615655
0.27701808557565066,0.2258491398323776,0.23555359505955006,0.2615791795324217
0.2785871964679912,0.22163355408388521,0.2335540838852097,0.2662251655629139
0.2787532923617208,0.218612818261633,0.233099209833187,0.26953467954345917
0.2780487804878049,0.21729490022172948,0.2328159645232816,0.27184035476718404
0.27592345349354697,0.210057854917668,0.23542501112594572,0.27859368046283933
0.27645502645502645,0.20943562610229277,0.23544973544973544,0.2786596119929453
0.27016306743058616,0.21330982811811372,0.2375495813133539,0.2789775231379462
0.27770419426048565,0.20838852097130242,0.23532008830022075,0.2785871964679912
0.27817213842058564,0.20940550133096716,0.2329192546583851,0.2795031055900621
0.2748460861917326,0.2119613016710642,0.23834652594547054,0.2748460861917326
0.27047366091190794,0.2151394422310757,0.2337317397078353,0.28065515714918104
0.2698763250883392,0.2142226148409894,0.23763250883392226,0.2782685512367491
0.2732481269281622,0.2146319964742177,0.2357866901718819,0.27633318642573823
0.2711189739053516,0.2184873949579832,0.23529411764705882,0.2750995134896064
0.2699822380106572,0.21936056838365897,0.23401420959147423,0.2766429840142096
0.2708516242317823,0.21422300263388938,0.23397717295873574,0.28094820017559263
0.2695690413368514,0.21899736147757257,0.23175021987686895,0.2796833773087071
0.2703768624014023,0.22042068361086767,0.2353198948290973,0.2738825591586328
0.2747924858016601,0.21406727828746178,0.2415902140672783,0.26955002184359983
0.2757238307349666,0.21469933184855233,0.23608017817371937,0.2734966592427617
0.2743362831858407,0.21371681415929203,0.24380530973451328,0.268141592920354
0.27337173238812584,0.2153300841825432,0.23881258307487815,0.2724856003544528
0.27380952380952384,0.21472663139329806,0.24426807760141092,0.2671957671957672
0.27432848965213563,0.21180096873623955,0.2430647291941876,0.27080581241743723
0.2714669051878354,0.21377459749552774,0.23837209302325582,0.276386404293381
0.27079646017699116,0.21150442477876105,0.2411504424778761,0.27654867256637167
0.26919682259488087,0.2118270079435128,0.2440423654015887,0.27493380406001766
0.27084252315835905,0.20996912218791355,0.24481693868548743,0.27437141596823994
0.26905829596412556,0.21255605381165918,0.23721973094170404,0.2811659192825112
0.2733333333333333,0.212,0.23466666666666666,0.28
0.27188737351517817,0.20853497580290364,0.23273207215134184,0.28684557853057635
0.27268779852366476,0.21189752496743378,0.23317412071211463,0.2822405557967868
0.2721325774095072,0.21979938944614041,0.23549934583515045,0.2725686873092019
0.267817618415228,0.2222222222222222,0.2319610447100487,0.2779991146525011
0.2713968957871397,0.21374722838137472,0.23503325942350334,0.2798226164079823
0.2766990291262136,0.2091790.2439347154830172,0.2377591530.2815533980582524
0.27615248226950356,0.20301418439716312,0.23714539007092197,0.28368794326241137
0.27208480565371024,0.20980565371024734,0.2336572438162544,0.284452296819788
0.2754650132860939,0.20992028343666963,0.23693534100974314,0.27767936226749335
0.2731729055258467,0.2054367201426025,0.2375222816399287,0.2838680926916221
0.2693333333333333,0.20355555555555555,0.24533333333333332,0.2817777777777778
0.2731729055258467,0.1983065953654189,0.24420677361853832,0.28431372549019607
0.28172138420585624,0.19432120674356698,0.2466725820763088,0.277284826974268
0.27047366091190794,0.20407259849490925,0.24656927844178841,0.2788844621513944
0.27437943262411346,0.20700354609929078,0.24423758865248227,0.27437943262411346
0.27192205491585475,0.20283436669619131,0.2471213463241807,0.27812223206377323
0.2750110180696342,0.20185103569854562,0.24416042309387395,0.2789775231379462
0.26840017628911417,0.20449537241075363,0.24592331423534597,0.28118113706478626
0.2699602999558888,0.20599911777679752,0.24305249228054698,0.28098808998676666
0.2678492239467849,0.19556541019955653,0.2465631929046563,0.29002217294900223
0.2636403317328677,0.19423832387603668,0.2501091226538629,0.2920122217372326
0.2592920353982301,0.2004424778761062,0.2513274336283186,0.28893805309734516
0.258193091231178,0.19619131975199292,0.2537643932683791,0.29185119574845
0.2503317116320212,0.19858469703670942,0.26448474126492705,0.28659885006634234
0.25547765118317267,0.2046450482033304,0.26205083260297984,0.2778264680105171
0.2544975866608161,0.1970162351908732,0.26327336551118913,0.28521281263712156
0.25429704715733803,0.19391802556192156,0.2631115028646981,0.2886734244160423
0.2507726269315673,0.1969094922737307,0.2671081677704194,0.28520971302428255
0.2535650623885918,0.2000891265597148,0.26515151515151514,0.28119429590017825
0.25066904549509367,0.20428189116859946,0.2644959857270294,0.28055307760927745
0.2548330404217926,0.2038664323374341,0.2570298769771529,0.28427065026362036
0.25596816976127323,0.2002652519893899,0.259946949602122,0.2838196286472148
0.2595385980479148,0.2067435669920142,0.25199645075421473,0.28172138420585624
0.2590968873301184,0.20210434020166593,0.2533976326172731,0.28540113985094256
0.2614980289093298,0.20367936925098554,0.2474813841436706,0.287341217696014
0.2621657167908812,0.1968434896975011,0.2533976326172731,0.2875931608943446
0.26201067615658363,0.20151245551601424,0.24733096085409254,0.2891459074733096
0.2687224669603524,0.2013215859030837,0.2444933920704846,0.2854625550660793
0.26868953386103783,0.1996481970096746,0.2497801231310466,0.28188214599824096
0.2671654929577465,0.20158450704225353,0.24867957746478872,0.28257042253521125
0.2661361626878868,0.20159151193633953,0.2484526967285588,0.2838196286472148
0.26483613817537643,0.20194862710363154,0.245792736935341,0.28742249778565104
0.27661469933184857,0.21069042316258352,0.23429844097995545,0.27839643652561247
0.2773851590106007,0.21333922261484098,0.23586572438162545,0.27340989399293286
0.27541998231653403,0.20689655172413793,0.2382847038019452,0.27939876215738285
0.2791519434628975,0.20803886925795054,0.23056537102473498,0.28224381625441697
0.2789680804547442,0.2090074333187582,0.22868386532575427,0.28334062090074336
0.28520814880425155,0.2046058458813109,0.22763507528786536,0.28255093002657217
0.28063241106719367,0.20816864295125165,0.22266139657444006,0.2885375494071146
0.2791833111407013,0.20816688859298713,0.22547714158899246,0.2871726586773191
0.27015057573073514,0.20903454384410983,0.23029229406554472,0.29052258635961026
0.26610767872903796,0.21270962047661077,0.22771403353927624,0.29346866725507503
0.2635104957570344,0.20634211701652524,0.2349263063867798,0.2952210808396606
0.2656319290465632,0.2075388026607539,0.22971175166297117,0.29711751662971175
0.26581158779301195,0.20079610791685096,0.23485183547103053,0.29854046881910656
0.2621359223300971,0.1994704324801412,0.23477493380406,0.3036187113857017
0.2596026490066225,0.19955849889624724,0.24282560706401765,0.2980132450331126
0.2621359223300971,0.1910856134157105,0.2511032656663725,0.29567519858781993
0.2570796460176991,0.19690265486725664,0.24646017699115044,0.2995575221238938
0.26171529619805484,0.19230769230769232,0.2497789566755084,0.29619805481874445
0.2647058823529412,0.19206773618538325,0.25,0.29322638146167557
0.25636523266022826,0.19183494293239683,0.25636523266022826,0.29543459174714665
0.26015901060070673,0.1894876325088339,0.25353356890459366,0.2968197879858657
0.2548849326964828,0.19148936170212766,0.2548849326964828,0.29874077290490664
0.25512934879571814,0.18688670829616413,0.25512934879571814,0.3028545941123996
0.2603160667251975,0.18217734855136083,0.2537313432835821,0.3037752414398595
0.26587301587301587,0.18121693121693122,0.2508818342151676,0.3020282186948854
0.25922632281013785,0.18274788795020008,0.2534459759893286,0.3045798132503335
0.25619469026548675,0.181858407079646,0.25398230088495577,0.30796460176991153
0.2520971302428256,0.18233995584988963,0.2565121412803532,0.3090507726269316
0.24978089395267308,0.18711656441717792,0.25942156003505695,0.30368098159509205
0.24113475177304963,0.1879432624113475,0.25975177304964536,0.31117021276595747
0.24261138067931187,0.18923687692986327,0.25540361711513015,0.31274812527569473
0.24266316250547526,0.18922470433639949,0.2597459483136224,0.30836618484450284
0.24199288256227758,0.18861209964412812,0.26334519572953735,0.30604982206405695
0.2388646288209607,0.188646288209607,0.26375545851528387,0.3087336244541485
0.2384310268840899,0.18289995592772146,0.26840017628911417,0.31026884089907447
0.23297966401414677,0.18346595932802828,0.26702033598585323,0.3165340406719717
0.22887323943661972,0.18617957746478872,0.26276408450704225,0.3221830985915493
0.22870939420544337,0.18217734855136083,0.2677787532923617,0.32133450395083407
0.22403888643393724,0.18338488731771985,0.2708793636765356,0.32169686257180735
0.2283464566929134,0.18503937007874016,0.27252843394575677,0.31408573928258965
0.22761692650334076,0.18351893095768373,0.2757238307349666,0.3131403118040089
0.22902796271637815,0.18153573013759433,0.2729693741677763,0.31646693297825124
0.2346393588601959,0.1803205699020481,0.2680320569902048,0.3170080142475512
0.23381770145310435,0.18273888154997797,0.26420079260237783,0.3192426243945399
0.23813708260105448,0.18541300527240773,0.2583479789103691,0.3181019332161687
0.24060150375939848,0.18708536045997345,0.25961963732861565,0.3126934984520124
0.24703817463799913,0.18560772268538833,0.2540587977182975,0.31329530495831504
0.24669020300088262,0.1879964695498676,0.25728155339805825,0.30803177405119153
0.250780901383311,0.18518518518518517,0.2574743418116912,0.30655957161981257
0.24801762114537446,0.18370044052863435,0.25418502202643173,0.3140969162995595
0.24617402710975075,0.1810231744643638,0.25579361609094886,0.3170091823349366
0.24515845070422534,0.1857394366197183,0.24295774647887325,0.3261443661971831
0.24777580071174377,0.18683274021352314,0.2393238434163701,0.326067615658363
0.2510993843447669,0.18073878627968337,0.24538258575197888,0.3227792436235708
0.24900662251655628,0.17836644591611478,0.2503311258278146,0.32229580573951433
0.2566489361702128,0.1750886524822695,0.25,0.3182624113475177
0.25295404814004374,0.1772428884026258,0.24945295404814005,0.3203501094091904
0.26094648385670055,0.17558602388323752,0.24944714727996462,0.3140203449800973
0.26252771618625276,0.1787139689578714,0.2501108647450111,0.30864745011086475
0.26610767872903796,0.18446601941747573,0.2497793468667255,0.2996469549867608
0.2612533097969991,0.18049426301853486,0.2533097969991174,0.3049426301853486
0.2637795275590551,0.17804024496937884,0.25196850393700787,0.30621172353455817
