C,D,Oc,Od
0.0,0.0,1.0,0.0
0.0,0.5,0.5,0.0
0.5,0.0,0.5,0.0
0.5,0.0,0.25,0.25
0.8,0.0,0.0,0.2
0.875,0.0,0.0,0.125
0.9090909090909091,0.0,0.0,0.09090909090909091
0.8571428571428571,0.07142857142857142,0.0,0.07142857142857142
0.8695652173913043,0.08695652173913043,0.0,0.043478260869565216
0.8823529411764706,0.058823529411764705,0.029411764705882353,0.029411764705882353
0.96,0.02,0.0,0.02
0.9733333333333334,0.013333333333333334,0.0,0.013333333333333334
0.9680851063829787,0.010638297872340425,0.010638297872340425,0.010638297872340425
0.975,0.008333333333333333,0.016666666666666666,0.0
0.9746835443037974,0.006329113924050633,0.012658227848101266,0.006329113924050633
0.9653465346534653,0.009900990099009901,0.009900990099009901,0.01485148514851485
0.9714285714285714,0.00816326530612245,0.004081632653061225,0.0163265306122449
0.9601328903654485,0.016611295681063124,0.009966777408637873,0.013289036544850499
0.9671232876712329,0.010958904109589041,0.00821917808219178,0.0136986301369863
0.9682539682539683,0.011337868480725623,0.0022675736961451248,0.018140589569160998
0.9721115537848606,0.00796812749003984,0.00199203187250996,0.017928286852589643
0.9675213675213675,0.005128205128205128,0.0017094017094017094,0.02564102564102564
0.9666160849772383,0.007587253414264037,0.0030349013657056147,0.02276176024279211
0.9566395663956639,0.009485094850948509,0.005420054200542005,0.028455284552845527
0.9489671931956257,0.010935601458080195,0.007290400972053463,0.032806804374240585
0.9370860927152318,0.013245033112582781,0.011037527593818985,0.03863134657836645
0.9329388560157791,0.015779092702169626,0.016765285996055226,0.03451676528599606
0.9256505576208178,0.015799256505576207,0.020446096654275093,0.03810408921933085
0.9200695047784535,0.01737619461337967,0.022589052997393572,0.03996524761077324
0.9078947368421053,0.028782894736842105,0.022203947368421052,0.04111842105263158
0.9015384615384615,0.03,0.025384615384615384,0.043076923076923075
0.9055636896046853,0.03074670571010249,0.024158125915080528,0.03953147877013177
0.9057406094968108,0.027639971651311126,0.025513819985825654,0.041105598866052445
0.9049531459170014,0.028112449799196786,0.024096385542168676,0.0428380187416332
0.8928571428571429,0.03125,0.026785714285714284,0.049107142857142856
0.8905961893054702,0.03011677934849416,0.027658266748617086,0.05162876459741856
0.8899242865463017,0.032615026208503206,0.026208503203261502,0.0512521840419336
0.8823860438942037,0.03545301069217783,0.028700056274620148,0.05346088913899831
0.8827699018538713,0.03598691384950927,0.025627044711014176,0.05561613958560523
0.8732095490716181,0.03819628647214854,0.03129973474801061,0.057294429708222815
0.870076726342711,0.03989769820971867,0.03375959079283888,0.056265984654731455
0.8661338661338661,0.04195804195804196,0.03196803196803197,0.059940059940059943
0.8631937682570594,0.038461538461538464,0.03602726387536514,0.062317429406037
0.8608613345953621,0.03880738286796025,0.035967818267865596,0.06436346426881212
0.86090573012939,0.038817005545286505,0.03650646950092421,0.06377079482439926
0.8653411658382286,0.03976502485314053,0.03298689561680976,0.06190691369182106
0.863939528679413,0.0377945753668297,0.03334815473543797,0.06491774121831925
0.857583774250441,0.03968253968253968,0.03439153439153439,0.068342151675485
0.8541850220264318,0.04185022026431718,0.03524229074889868,0.06872246696035242
0.8468028419182948,0.04129662522202487,0.03952042628774423,0.07238010657193605
0.8461201227531784,0.04208680403331872,0.0398947829899167,0.07189829022358615
0.8378854625550661,0.04713656387665198,0.04185022026431718,0.07312775330396476
0.8314757021845742,0.04770396790013375,0.04279982166740972,0.0780205082478823
0.83178397521027,0.046038069942452416,0.046923417441345726,0.07525453740593183
0.8286590709903593,0.04688869412795793,0.04688869412795793,0.0775635407537248
0.8247468075737561,0.05107881990312638,0.04975781594011449,0.07441655658300309
0.8168514412416852,0.05277161862527716,0.05232815964523282,0.07804878048780488
0.8192239858906526,0.054673721340388004,0.048500881834215165,0.07760141093474426
0.8110271231658515,0.057358826144953315,0.04979991107158737,0.08181413961760782
0.807505518763797,0.05518763796909492,0.053863134657836646,0.08344370860927153
0.8082855883649185,0.05685323931247246,0.05156456588805641,0.08329660643455267
0.8000888494002666,0.05730786317192359,0.056419369169258105,0.08618391825855176
0.8022847100175747,0.058875219683655534,0.05492091388400703,0.08391915641476275
0.7943009795191451,0.05966162065894924,0.0578806767586821,0.0881567230632235
0.789127575624726,0.06181499342393687,0.05611573871109163,0.09294169224024551
0.7839965019676433,0.062090074333187584,0.05684302579798863,0.09707039790118059
0.7750665483584738,0.06699201419698314,0.05989352262644188,0.09804791481810116
0.7768448961555457,0.0684931506849315,0.06407423773751657,0.0905877154220062
0.7793859649122807,0.06535087719298245,0.06184210526315789,0.09342105263157895
0.7765068191816982,0.06995160580730313,0.062032556093268805,0.09150901891772988
0.7684859154929577,0.07394366197183098,0.06073943661971831,0.09683098591549295
0.7684859154929577,0.07350352112676056,0.06338028169014084,0.09463028169014084
0.7642133098281181,0.07227853680035258,0.0625826355222565,0.10092551784927281
0.7616099071207431,0.07651481645289694,0.06191950464396285,0.09995577178239717
0.7633928571428571,0.07544642857142857,0.06473214285714286,0.09642857142857143
0.7637725870427501,0.07227853680035258,0.06654914059056853,0.09739973556632878
0.7646799116997792,0.07196467991169977,0.0640176600441501,0.09933774834437085
0.7592017738359201,0.07405764966740576,0.06829268292682927,0.09844789356984479
0.7631230701367446,0.06925452139391267,0.0670489633877371,0.10057344508160565
0.7568042142230026,0.0733099209833187,0.06760316066725197,0.10228270412642669
0.7558602388323751,0.07164971251658558,0.06766917293233082,0.10482087571870853
0.7546419098143236,0.07250221043324491,0.0680813439434129,0.10477453580901856
0.7520805957074025,0.0735873850197109,0.0718353044240035,0.10249671484888305
0.7542632269348492,0.07520769567118496,0.0664626147791867,0.10406646261477918
0.7546093064091308,0.07243195785776997,0.06628621597892889,0.10667251975417033
0.7508833922261484,0.07332155477031801,0.06757950530035335,0.10821554770318022
0.748796498905908,0.07396061269146609,0.0687089715536105,0.10853391684901531
0.7472332890659584,0.07215582115980522,0.06994245241257194,0.11066843736166446
0.7388255915863278,0.07318141980718668,0.07537248028045573,0.1126205083260298
0.7356924421144605,0.07907383136740935,0.072520751419834,0.1127129750982962
0.738252086078173,0.07422046552481334,0.07465963987703118,0.11286780851998243
0.7405764966740577,0.07361419068736141,0.0762749445676275,0.10953436807095343
0.7438970261873058,0.07412339103417666,0.07678650687971593,0.1051930758988016
0.740363314133806,0.07620735489587949,0.07709348692955251,0.10633584404076207
0.7348284960422163,0.07343887423043095,0.08487247141600704,0.10686015831134564
0.726790450928382,0.06896551724137931,0.08841732979664015,0.11582670203359859
0.7235736399823087,0.06766917293233082,0.0880141530296329,0.12074303405572756
0.7282850779510023,0.0645879732739421,0.08908685968819599,0.11804008908685969
0.726159230096238,0.06430446194225722,0.08705161854768154,0.12248468941382328
0.722880983750549,0.06763285024154589,0.08739569609134827,0.12209046991655688
0.7195767195767195,0.07319223985890652,0.08641975308641975,0.12081128747795414
0.7131509267431597,0.07546337157987644,0.09046778464254192,0.1209179170344219
0.7059082892416225,0.07804232804232804,0.09523809523809523,0.12081128747795414
0.7013735046521932,0.08108108108108109,0.09525919361984936,0.12228622064687639
0.6995181778361804,0.08234778799824792,0.0994305738063951,0.11870346035917652
0.6932218309859155,0.08318661971830986,0.10167253521126761,0.12191901408450705
0.691832229580574,0.08167770419426049,0.10375275938189846,0.12273730684326711
0.6908127208480566,0.0799469964664311,0.10424028268551237,0.125
0.691659272404614,0.07763975155279502,0.10425909494232476,0.1264418811002662
0.6868107631230701,0.0811645346272607,0.10366122629025143,0.12836347595941774
0.6816976127320955,0.08090185676392574,0.10521662245800177,0.13218390804597702
0.674835886214442,0.08402625820568928,0.10765864332603939,0.13347921225382933
0.67527352297593,0.08533916849015317,0.10590809628008753,0.13347921225382933
0.6668137687555163,0.08473080317740513,0.11429832303618712,0.13415710503089143
0.6579761378700839,0.08837825894829872,0.1171011931064958,0.13654441007512153
0.6634573304157549,0.08490153172866521,0.11947483588621444,0.13216630196936544
0.6632833186231244,0.08693733451015004,0.117828773168579,0.1319505736981465
0.6620903454384411,0.08635961027457928,0.11824623560673161,0.13330380868024802
0.66431718061674,0.08502202643171806,0.12026431718061674,0.1303964757709251
0.6660792951541851,0.0881057268722467,0.11497797356828193,0.13083700440528634
0.6653508771929825,0.08947368421052632,0.11228070175438597,0.13289473684210526
0.6681318681318681,0.08747252747252747,0.10857142857142857,0.13582417582417583
0.6569536423841059,0.0913907284768212,0.11258278145695365,0.1390728476821192
0.6491075315629081,0.09316499782324772,0.11580322159338267,0.14192424902046147
0.6479433878814683,0.09553295002211411,0.1167624944714728,0.13976116762494473
0.6559044670499778,0.09287925696594428,0.11543564794338788,0.13578062804068997
0.6556728232189973,0.08883025505716799,0.1218117854001759,0.13368513632365875
0.6572687224669603,0.0841409691629956,0.12290748898678414,0.1356828193832599
0.6579062636881297,0.08322382829610162,0.12264564169951818,0.13622426631625054
0.6629613161405069,0.0871498443752779,0.11338372610048911,0.1365051133837261
0.662703654777631,0.08542492294143549,0.11624834874504623,0.13562307353588726
0.6675381263616558,0.08932461873638345,0.11416122004357299,0.1289760348583878
0.6603272888102609,0.08624502432551968,0.11941618752764263,0.13401149933657674
0.6622222222222223,0.08311111111111111,0.12177777777777778,0.1328888888888889
0.6519434628975265,0.09054770318021202,0.12146643109540636,0.13604240282685512
0.6511423550087874,0.08963093145869948,0.12214411247803164,0.13708260105448156
0.6483370288248337,0.09046563192904657,0.12195121951219512,0.13924611973392462
0.641299510458389,0.09256786826880285,0.12283044058744993,0.14330218068535824
0.6379234491860977,0.09194896612406511,0.12406511218653761,0.1460624725032996
0.6443661971830986,0.08934859154929578,0.12544014084507044,0.14084507042253522
0.6327433628318584,0.09115044247787611,0.12964601769911505,0.14646017699115044
0.6335676625659051,0.09446397188049209,0.12609841827768015,0.14586994727592267
0.6354810238305384,0.09311562224183584,0.12224183583406885,0.14916151809355693
0.6315557514323491,0.09651828999559277,0.12031732040546496,0.1516086381665932
0.6341030195381883,0.0941385435168739,0.12211367673179396,0.14964476021314388
0.6281826163301142,0.09701492537313433,0.12203687445127305,0.1527655838454785
0.6300705467372134,0.09832451499118165,0.12037037037037036,0.15123456790123457
0.6328502415458938,0.09617918313570488,0.11682037768994291,0.1541501976284585
0.6261220825852782,0.09874326750448834,0.12118491921005387,0.15394973070017953
0.6360829289810322,0.09572121746801941,0.11821790913101014,0.14997794441993825
0.631252766710934,0.09561752988047809,0.11775121735281098,0.1553784860557769
0.6304443466783985,0.09898812142542895,0.11746590409150902,0.15310162780466344
0.629352137505509,0.09960334949316879,0.11723226090788894,0.15381225209343324
0.6258771929824561,0.09649122807017543,0.12017543859649123,0.15745614035087718
0.6211589113257243,0.09789288849868305,0.11984196663740122,0.1611062335381914
0.6163963174046471,0.10039456378781236,0.12406839105655414,0.15914072775098642
0.6105494505494505,0.10681318681318681,0.12703296703296704,0.1556043956043956
0.6178681999115435,0.1021671826625387,0.13003095975232198,0.14993365767359576
0.6097668279806423,0.10206775186977562,0.13462384513858336,0.1535415750109987
0.6056214317083882,0.10496267018006149,0.13438735177865613,0.15502854633289415
0.6036235086168803,0.10207688908528502,0.13963764913831198,0.15466195315952275
0.6092307692307692,0.10329670329670329,0.13714285714285715,0.15032967032967032
0.6046511627906976,0.10530934620447564,0.13295304958315052,0.1570864414216762
0.6078691423519009,0.10344827586206896,0.1330680813439434,0.15561450044208666
0.6061007957559682,0.10433244916003537,0.13793103448275862,0.15163572060123784
0.6054964539007093,0.1077127659574468,0.13918439716312056,0.14760638297872342
0.6079470198675496,0.10286975717439294,0.13951434878587196,0.14966887417218544
0.6092511013215859,0.10044052863436123,0.13920704845814977,0.1511013215859031
0.6016652059596845,0.10823838737949168,0.13628396143733568,0.15381244522348816
0.6052631578947368,0.10392506690454952,0.13336306868867082,0.15744870651204282
0.6050198150594451,0.10127697049757815,0.13738441215323646,0.1563188022897402
0.6043228936921041,0.10322011468901632,0.13277459197176886,0.15968239964711073
0.6022978347326557,0.10119310649580203,0.13300927971718957,0.16349977905435262
0.6052747252747253,0.10417582417582417,0.13406593406593406,0.1564835164835165
0.6014873140857393,0.10454943132108487,0.12642169728783903,0.16754155730533685
0.595941773268637,0.10630789589766211,0.12351124834583149,0.17423908248786943
0.5907678650687972,0.10563692853972481,0.12827341322680869,0.17532179316466934
0.5851721094439541,0.10856134157105031,0.12797881729920565,0.17828773168578993
0.5850640742377375,0.10605391073795846,0.13212549712770658,0.17675651789659744
0.5767707875054994,0.10514738231412231,0.14210294764628245,0.1759788825340959
0.5773835920177384,0.10376940133037695,0.13791574279379157,0.18093126385809313
0.579295154185022,0.10572687224669604,0.13612334801762113,0.17885462555066078
0.5874499332443258,0.105028927458834,0.1352914997774811,0.17222963951935916
0.5859929078014184,0.10328014184397163,0.1374113475177305,0.17331560283687944
0.5831505046072839,0.10881965774462483,0.13646336112329968,0.17156647652479157
0.5831881533101045,0.11149825783972125,0.13414634146341464,0.1711672473867596
0.5867659947414549,0.10517090271691498,0.13628396143733568,0.17177914110429449
0.5919003115264797,0.10191366266132622,0.1308411214953271,0.17534490431686695
0.586918349429324,0.10403863037752414,0.13388937664618086,0.17515364354697102
0.5854625550660792,0.10044052863436123,0.13612334801762113,0.17797356828193833
0.5836252189141856,0.09676007005253941,0.138353765323993,0.18126094570928197
0.5887274328489652,0.09335094671950682,0.13870541611624834,0.17921620431527963
0.5860854249229415,0.0977542932628798,0.13826508146191105,0.17789520035226772
0.5860709592641261,0.0976784932106877,0.1392904073587385,0.17696014016644765
0.5828924162257496,0.09876543209876543,0.14417989417989419,0.17416225749559083
0.5918277680140598,0.0984182776801406,0.13884007029876977,0.17091388400702986
0.5930335097001763,0.09876543209876543,0.1371252204585538,0.1710758377425044
0.5972468916518651,0.09991119005328597,0.1336589698046181,0.1691829484902309
0.5933628318584071,0.10221238938053097,0.13495575221238937,0.16946902654867257
0.587688219663419,0.10141718334809566,0.1408325952170062,0.17006200177147918
0.5858274647887324,0.09859154929577464,0.14392605633802816,0.17165492957746478
0.5838099428068632,0.0963484381874175,0.14562252529696437,0.17421909370875496
0.5828924162257496,0.09523809523809523,0.14506172839506173,0.17680776014109348
0.5827117156647652,0.09214567792891619,0.14787187362878457,0.177270732777534
0.5808014090708938,0.09423161602818142,0.14927344782034346,0.17569352708058125
0.5789938217122683,0.09532215357458076,0.1443071491615181,0.18137687555163284
0.5790393013100437,0.09344978165938865,0.1480349344978166,0.1794759825327511
0.5731977001326847,0.0946483856700575,0.14639540026536932,0.18575851393188855
0.5704225352112676,0.09991197183098592,0.14964788732394366,0.1800176056338028
0.5620309050772627,0.10286975717439294,0.15055187637969095,0.1845474613686534
0.5667550839964633,0.10742705570291777,0.14412024756852343,0.1816976127320955
0.577924944812362,0.10860927152317881,0.1390728476821192,0.17439293598233996
0.5714916151809356,0.10723742277140336,0.13989408649602825,0.18137687555163284
0.5712401055408971,0.10686015831134564,0.14160070360598065,0.1802990325417766
0.569859402460457,0.10896309314586995,0.14147627416520211,0.179701230228471
0.5681818181818182,0.10708041958041958,0.1437937062937063,0.18094405594405594
0.5685234305923961,0.11007957559681697,0.14500442086648982,0.17639257294429708
0.5699208443271768,0.10993843447669305,0.148636763412489,0.17150395778364116
0.5718050065876152,0.10759771629336846,0.14492753623188406,0.1756697408871322
0.5711775043936731,0.10456942003514938,0.14586994727592267,0.17838312829525482
0.5745614035087719,0.10614035087719298,0.14210526315789473,0.17719298245614035
0.5735163861824624,0.10363153232949512,0.14260407440212577,0.18024800708591673
0.5696594427244582,0.10880141530296329,0.13578062804068997,0.18575851393188855
0.5717449069973428,0.11160318866253321,0.13463241806908768,0.1820194862710363
0.5711150131694469,0.1106233538191396,0.13520632133450394,0.18305531167690958
0.5703506435863294,0.1118508655126498,0.13404349755881048,0.18375499334221038
0.5723158828748891,0.11446317657497782,0.1326530612244898,0.1805678793256433
0.576188360728565,0.11061750333185251,0.13238560639715682,0.1808085295424256
0.5759577278731837,0.11096433289299867,0.13430206957287538,0.1787758696609423
0.5786892554614356,0.10833704859563086,0.1359786000891663,0.17699509585376727
0.5799026117751217,0.11155378486055777,0.1341301460823373,0.17441345728198318
0.5748449955713021,0.1120460584588131,0.13330380868024802,0.17980513728963685
0.56768752774079,0.10696848646249445,0.13448735019973368,0.1908566355969818
0.5715536105032822,0.10153172866520788,0.1361050328227571,0.19080962800875273
0.5707317073170731,0.10022172949002217,0.13392461197339245,0.1951219512195122
0.568653421633554,0.10331125827814569,0.13068432671081678,0.19735099337748344
0.573943661971831,0.10167253521126761,0.13028169014084506,0.19410211267605634
0.5642161204605846,0.10407440212577503,0.13241806908768822,0.19929140832595216
0.5686619718309859,0.10299295774647887,0.12720070422535212,0.2011443661971831
0.5711140466754734,0.10259797446059005,0.12725671510347863,0.19903126376045796
0.5704162976085031,0.10318866253321524,0.12311780336581045,0.2032772364924712
0.5611257695690414,0.10334212840809147,0.12401055408970976,0.21152154793315744
0.5622241835834069,0.10194174757281553,0.12180052956751986,0.21403353927625773
0.5565410199556541,0.10465631929046564,0.12328159645232815,0.2155210643015521
0.5554095488392466,0.10337275514673674,0.12220762155059132,0.21901007446342532
0.5580376697328077,0.10249671484888305,0.11957950065703023,0.219886114761279
0.5548187444739169,0.10433244916003537,0.11715296198054818,0.22369584438549955
0.5572249226690235,0.10251878038002651,0.11444984533804684,0.22580645161290322
0.5632133450395084,0.10535557506584724,0.1154521510096576,0.21597892888498682
0.5596289752650176,0.10335689045936396,0.11395759717314488,0.2230565371024735
0.5555066079295155,0.10616740088105726,0.113215859030837,0.2251101321585903
0.5574561403508772,0.10219298245614035,0.11666666666666667,0.2236842105263158
0.5551163812033377,0.0992534036012297,0.11945542380324989,0.2261747913921827
0.5553097345132744,0.10176991150442478,0.11858407079646018,0.2243362831858407
0.5502854633289416,0.10101010101010101,0.11857707509881422,0.23012736056214317
0.5486018641810919,0.10430537061695518,0.1220594762538837,0.22503328894806923
0.5468409586056645,0.10196078431372549,0.1224400871459695,0.22875816993464052
0.5502202643171806,0.10088105726872247,0.1211453744493392,0.2277533039647577
0.5438673068529026,0.1017023134002619,0.12527280663465734,0.22915757311217808
0.5367775831873906,0.09851138353765324,0.12784588441331,0.23686514886164622
0.544415127528584,0.09718557607739665,0.12576956904133685,0.2326297273526825
0.5441696113074205,0.09010600706713781,0.12411660777385158,0.2416077738515901
0.5443760984182777,0.09050966608084358,0.12126537785588752,0.2438488576449912
0.5429203539823009,0.09513274336283185,0.12345132743362831,0.23849557522123893
0.5399558498896248,0.10022075055187638,0.11876379690949228,0.2410596026490066
0.5381263616557734,0.10021786492374728,0.11721132897603485,0.24444444444444444
0.5411764705882353,0.10413943355119826,0.11198257080610022,0.24270152505446624
0.5423211169284468,0.10078534031413612,0.10907504363001745,0.24781849912739964
0.5448970652650021,0.10030661410424879,0.10424879544459045,0.2505475251861586
0.5441819772528433,0.09973753280839895,0.1062992125984252,0.24978127734033245
0.5422753430721559,0.10092961487383798,0.10668437361664453,0.2501106684373617
0.54207263064659,0.10363153232949512,0.10894596988485385,0.24534986713906112
0.5486998677831644,0.10312913177611283,0.10797708241516087,0.24019391802556192
0.5431072210065645,0.10328227571115974,0.1111597374179431,0.2424507658643326
0.537273930304367,0.10807234230260256,0.10939567710630789,0.24525805028672254
0.5279612505504183,0.11272567151034786,0.11052399823866138,0.24878907970057243
0.5243956043956044,0.11076923076923077,0.11428571428571428,0.25054945054945055
0.5184859154929577,0.11223591549295775,0.11795774647887323,0.25132042253521125
0.5229558373414954,0.11193703541757762,0.11718408395277656,0.2479230432881504
0.518796992481203,0.1172047766475011,0.11853162317558602,0.24546660769570985
0.5156657963446475,0.11531766753698869,0.1205395996518712,0.2484769364664926
0.5131810193321616,0.11731107205623902,0.1195079086115993,0.25
0.517454706142289,0.11842686699072029,0.11931064958020327,0.24480777728678746
0.5143868968570163,0.11952191235059761,0.11907923860115095,0.24701195219123506
0.5128764731558272,0.11828895678742907,0.11828895678742907,0.2505456132693147
0.5169977924944812,0.1152317880794702,0.12362030905077263,0.24415011037527592
0.5141969831410825,0.11623779946761313,0.12289263531499556,0.2466725820763088
0.5162423178226514,0.11281826163301141,0.1189640035118525,0.25197541703248466
0.5178807947019868,0.11214128035320088,0.12671081677704193,0.24326710816777042
0.5238307349665924,0.11314031180400891,0.12293986636971047,0.2400890868596882
0.52514463729417,0.11481975967957277,0.12238540275923454,0.2376502002670227
0.5275066548358474,0.11756876663708962,0.12023070097604259,0.23469387755102042
0.5233853006681515,0.11893095768374165,0.12071269487750556,0.23697104677060132
0.5258506407423774,0.11577551922227132,0.12240388864339373,0.2359699513919576
0.5292553191489362,0.11391843971631206,0.12234042553191489,0.23448581560283688
0.5296477931341953,0.10878288007133304,0.12215782434239858,0.23941150245207313
0.5342047930283225,0.1111111111111111,0.11764705882352941,0.23703703703703705
0.5398152221733392,0.10998680158380994,0.11438627364716233,0.2358117025956885
0.5397175639894086,0.11253309796999117,0.11385701676963812,0.23389232127096204
0.5341560158660202,0.11679153812252094,0.11106214191273689,0.2379903040987219
0.5333625987708516,0.1141352063213345,0.11457418788410886,0.237928007023705
0.5363397548161121,0.11252189141856392,0.11427320490367776,0.23686514886164622
0.529490022172949,0.11441241685144124,0.11529933481152993,0.2407982261640798
0.5251861585632939,0.11695137976346912,0.11826544021024968,0.2395970214629873
0.519806338028169,0.12059859154929578,0.11707746478873239,0.2425176056338028
0.5182899955927721,0.11987659762009696,0.11414720141031291,0.24768620537681799
0.5173473869126043,0.1181379007465964,0.11330698287220026,0.25120772946859904
0.5139689578713968,0.11485587583148558,0.11662971175166297,0.2545454545454545
0.5150065245759026,0.12005219660722052,0.11396259243149195,0.25097868638538495
0.5184049079754601,0.1200701139351446,0.1091148115687993,0.25241016652059595
0.5159010600706714,0.12190812720848057,0.10909893992932862,0.25309187279151946
0.5154457193292145,0.1204766107678729,0.10944395410414828,0.2546337157987643
0.5145502645502645,0.11816578483245149,0.10802469135802469,0.25925925925925924
0.5138339920948617,0.11989459815546773,0.1111111111111111,0.2551602986385595
0.5189873417721519,0.11872544740288084,0.11043212570929725,0.25185508511567
0.5200175978882534,0.12010558732952045,0.1073471183457985,0.25252969643642764
0.5087412587412588,0.12194055944055944,0.1097027972027972,0.25961538461538464
0.5052956751985879,0.12444836716681378,0.10944395410414828,0.26081200353045014
0.49846692947875604,0.1279018834866404,0.10424879544459045,0.26938239159001315
0.5055138950154389,0.1340979267754742,0.10057344508160565,0.25981473312748127
0.4962372731297034,0.1363435148295706,0.10314298362107127,0.2642762284196547
0.49645704162976084,0.13950398582816653,0.1054030115146147,0.25863596102745795
0.49538866930171277,0.13482652613087395,0.10584101888449715,0.2639437856829161
0.4993342210386152,0.1349312028406569,0.10341766533510874,0.2623169107856192
0.498021978021978,0.1402197802197802,0.10153846153846154,0.2602197802197802
0.49622725255215266,0.1353750554815801,0.10031069684864626,0.26808699511762096
0.4925176056338028,0.13776408450704225,0.10387323943661972,0.2658450704225352
0.48731642189586116,0.14285714285714285,0.1045838896306186,0.2652425456163774
0.4854368932038835,0.1416593115622242,0.10370697263901148,0.26919682259488087
0.4865697930427125,0.13782474680757376,0.10700132100396301,0.26860413914575076
0.4807607253427687,0.1375497567448032,0.11101282618310482,0.2706766917293233
0.481186365648517,0.13722886232846393,0.1102257636122178,0.27135900841080124
0.47296703296703296,0.1397802197802198,0.11032967032967032,0.27692307692307694
0.46879150066401065,0.14519698981850376,0.10978308986277113,0.27622841965471445
0.47240618101545256,0.14481236203090508,0.10949227373068433,0.27328918322295803
0.4764420959929547,0.14002642007926025,0.11228533685601057,0.2712461470717745
0.4758956214064573,0.1384343210968598,0.11455108359133127,0.2711189739053516
0.4789103690685413,0.14015817223198593,0.11511423550087874,0.265817223198594
0.4722466960352423,0.13876651982378854,0.11629955947136564,0.27268722466960355
0.4774419623302672,0.1357862461673237,0.11651335961454228,0.27025843188786686
0.47977132805628847,0.13368513632365875,0.11301671064204045,0.27352682497801234
0.4768620537681798,0.1361833406787131,0.11414720141031291,0.2728074041427942
0.4701426024955437,0.13903743315508021,0.11497326203208556,0.2758467023172905
0.4735437972432192,0.1378390395731436,0.11338372610048911,0.27523343708314807
0.48177426438296006,0.13658322353974528,0.10979358805445762,0.27184892402283706
0.47012302284710017,0.1375219683655536,0.11335676625659051,0.2789982425307557
0.4666964684845776,0.14126061689763075,0.1166741171211444,0.2753687974966473
0.47178130511463845,0.13580246913580246,0.12037037037037036,0.27204585537918874
0.4725274725274725,0.1389010989010989,0.12043956043956044,0.2681318681318681
0.47299077733860345,0.13658322353974528,0.12033377250768555,0.27009222661396576
0.4725032996040475,0.1372635283765948,0.12362516498020237,0.2666080070391553
0.4731040564373898,0.1349206349206349,0.11992945326278659,0.27204585537918874
0.47966768692610406,0.13117621337997376,0.11980760822037603,0.2693484914735461
0.46876384581302616,0.13203367301727958,0.12494461674789543,0.27425786442179884
0.478606087340097,0.1274812527569475,0.12174680194089105,0.2721658579620644
0.4746584398413398,0.12869105332745703,0.12119876597620097,0.2754517408550022
0.4753521126760563,0.12852112676056338,0.11663732394366197,0.2794894366197183
0.47512109202994274,0.12945838837516513,0.11624834874504623,0.27917217084984586
0.46984265734265734,0.13155594405594406,0.11538461538461539,0.28321678321678323
0.4741000877963126,0.12818261633011413,0.1106233538191396,0.2870939420544337
0.47354497354497355,0.13139329805996472,0.10802469135802469,0.28703703703703703
0.4772528433945757,0.13342082239720035,0.10673665791776028,0.28258967629046366
0.47291941875825627,0.130779392338177,0.1096433289299868,0.2866578599735799
0.47884187082405344,0.13051224944320713,0.11002227171492204,0.2806236080178174
0.4784899034240562,0.12906057945566285,0.11281826163301141,0.2796312554872695
0.4825298540468819,0.1238390092879257,0.11410880141530297,0.27952233524988945
0.4771618625277162,0.12328159645232815,0.11441241685144124,0.2851441241685144
0.4769837790442788,0.12012275317843052,0.11530030688294608,0.2875931608943446
0.482358195623046,0.1143367574810183,0.11299687360428763,0.29030817329164804
0.48272807794508416,0.10894596988485385,0.11514614703277236,0.29317980513728964
0.47849223946784925,0.11042128603104213,0.11485587583148558,0.29623059866962304
0.4726788094180364,0.10884051532652154,0.11861394935584185,0.2998667258996002
0.4682752457551385,0.11438784629133154,0.11528150134048257,0.30205540661304736
0.47493403693931396,0.11653474054529464,0.1169744942832014,0.29155672823219
0.47061442564559214,0.12154942119323241,0.11665182546749778,0.29118432769367764
0.4700930438635357,0.11519716437749225,0.12228622064687639,0.2924235711120957
0.47556142668428003,0.11536767943637165,0.11756935270805813,0.2915015411712902
0.46842105263157896,0.11666666666666667,0.11754385964912281,0.29736842105263156
0.47112860892388453,0.11811023622047244,0.11198600174978128,0.2987751531058618
0.46745822339489884,0.12005277044854881,0.113896218117854,0.2985927880386983
0.4639084507042254,0.11663732394366197,0.11707746478873239,0.3023767605633803
0.46773475745438364,0.11259457053849577,0.11392968402314196,0.30574098798397864
0.4693967415235579,0.11448701012769705,0.1096433289299868,0.30647291941875826
0.46946902654867256,0.1084070796460177,0.10398230088495575,0.318141592920354
0.46819787985865724,0.11351590106007067,0.10159010600706714,0.3166961130742049
0.4777826660800704,0.10690717113946327,0.09810822701275847,0.3172019357677079
0.4722466960352423,0.1092511013215859,0.09823788546255506,0.32026431718061676
0.4656387665198238,0.11233480176211454,0.09559471365638766,0.326431718061674
0.4688869412795793,0.11130587204206836,0.09333917616126206,0.3264680105170903
0.4745011086474501,0.10909090909090909,0.09889135254988914,0.31751662971175165
0.47361419068736144,0.11042128603104213,0.09889135254988914,0.3170731707317073
0.4714727996461743,0.11366651923927466,0.09951348960636887,0.31534719150818225
0.4666666666666667,0.1111111111111111,0.1,0.32222222222222224
0.470048097944906,0.11281154350677744,0.09575863576738085,0.32138172278093574
0.4671371857079841,0.11027790030877813,0.09351565946184384,0.3290692545213939
0.465259454705365,0.10642040457343888,0.09146877748460862,0.3368513632365875
0.4667547335975341,0.10215763980625275,0.09070893879348305,0.34037868780273006
0.4662549625055139,0.10410233789148654,0.09395677106307895,0.3356859285399206
0.46436476316954406,0.10668437361664453,0.09296148738379814,0.33598937583001326
0.46854377474703035,0.10602727672679278,0.09370875494940607,0.3317201935767708
0.4644760213143872,0.10879218472468917,0.09502664298401421,0.3317051509769094
0.47056219566179724,0.10624169986719788,0.09251881363435148,0.33067729083665337
0.47713280562884786,0.10554089709762533,0.09058927000879508,0.32673702726473175
0.47015570934256057,0.10553633217993079,0.09558823529411764,0.328719723183391
0.4710526315789474,0.10657894736842105,0.09385964912280702,0.3285087719298246
0.4640957446808511,0.10859929078014184,0.09663120567375887,0.33067375886524825
0.46436379536510713,0.10887625710537822,0.09532138172278093,0.3314385658067337
0.4647577092511013,0.10969162995594714,0.09162995594713656,0.333920704845815
0.4616407982261641,0.11130820399113082,0.09090909090909091,0.33614190687361417
0.4672897196261682,0.11036938139741878,0.09078771695594126,0.33155318202047174
0.46830985915492956,0.11179577464788733,0.0880281690140845,0.33186619718309857
0.4650132860938884,0.112488928255093,0.08901682905225863,0.33348095659876
0.4636403702071397,0.1128250330542089,0.09475539885412076,0.32877919788453064
0.45526315789473687,0.1162280701754386,0.09736842105263158,0.33114035087719296
0.4624226348364279,0.11405835543766578,0.09549071618037135,0.3280282935455349
0.4590092064883823,0.1188075405523893,0.09425690486628671,0.3279263480929417
0.464943032427695,0.11919368974583698,0.09377738825591586,0.3220858895705521
0.4577025823686554,0.12511130899376668,0.09706144256455922,0.3201246660730187
0.4607538802660754,0.12638580931263857,0.10421286031042129,0.30864745011086475
0.4564737074679629,0.1241714538223597,0.10605391073795846,0.31330092797171893
0.4647137150466045,0.12605415002219264,0.10252996005326231,0.30670217487794055
0.45943562610229277,0.12522045855379188,0.10052910052910052,0.3148148148148148
0.4556291390728477,0.12538631346578366,0.10286975717439294,0.3161147902869757
0.448471615720524,0.12794759825327512,0.10043668122270742,0.3231441048034934
0.45017482517482516,0.1258741258741259,0.09877622377622378,0.32517482517482516
0.4505015263846489,0.12211077191452246,0.09856083733100741,0.32882686436982117
0.4444444444444444,0.12033377250768555,0.09793588054457619,0.3372859025032938
0.4432169686257181,0.1232876712328767,0.10030932390631904,0.3331860362350862
0.44213780918727913,0.1254416961130742,0.10114840989399293,0.33127208480565373
0.43474465298996073,0.12483631601920558,0.09995635093845483,0.3404626800523789
0.43416370106761565,0.125,0.10142348754448399,0.33941281138790036
0.42844483828090385,0.12140008861320337,0.1023482498892335,0.3478068232166593
0.4333627537511033,0.11650485436893204,0.10503089143865843,0.3451015004413063
0.4273580688421994,0.12159141707644167,0.10236924452391596,0.348681269557443
0.4231782265144864,0.11984196663740122,0.10623353819139596,0.35074626865671643
0.41956809167033937,0.124724548259145,0.10621419127368885,0.3494931687968268
0.4220465524813351,0.12384716732542819,0.10496267018006149,0.34914361001317523
0.42239858906525574,0.12786596119929453,0.10493827160493827,0.3447971781305115
0.41553312856516017,0.12812637121544537,0.10794207985958754,0.34839842035980695
0.4183494293239684,0.12949956101843724,0.10491659350307288,0.3472344161545215
0.4186760192897852,0.12845243314335816,0.104340201665936,0.34853134590092066
0.41592526690391457,0.1298932384341637,0.10542704626334519,0.3487544483985765
0.41710296684118675,0.12870855148342059,0.10427574171029669,0.349912739965096
0.4208680403331872,0.12757562472599737,0.10828583954405963,0.3432704953967558
0.4206140350877193,0.1280701754385965,0.11008771929824561,0.3412280701754386
0.41934065934065934,0.12175824175824176,0.11032967032967032,0.3485714285714286
0.4094903339191564,0.12609841827768015,0.11072056239015818,0.35369068541300525
0.41710296684118675,0.12870855148342059,0.10907504363001745,0.3451134380453752
0.41379310344827586,0.13351016799292661,0.10786914235190097,0.3448275862068966
0.4085125054848618,0.13295304958315052,0.11013602457218079,0.34839842035980695
0.4126704795424549,0.1315442146942367,0.11042674879014518,0.3453585569731632
0.41677704194260484,0.13112582781456952,0.11037527593818984,0.34172185430463575
0.4149689991142604,0.13153232949512844,0.11071744906997343,0.34278122232063774
0.4139145750770586,0.13210039630118892,0.11096433289299867,0.3430206957287539
0.40316901408450706,0.12808098591549297,0.11399647887323944,0.35475352112676056
0.41283185840707964,0.12964601769911505,0.11504424778761062,0.3424778761061947
0.41403508771929826,0.13157894736842105,0.11403508771929824,0.34035087719298246
0.4149122807017544,0.1267543859649123,0.11008771929824561,0.3482456140350877
0.41078474353353794,0.12626041209995617,0.10916264796142043,0.35379219640508547
0.4243493603881782,0.12086457873842082,0.1129245699161888,0.3418614909572122
0.41828621908127206,0.12014134275618374,0.11528268551236749,0.3462897526501767
0.42068361086765993,0.11875547765118318,0.11174408413672217,0.3488168273444347
0.4185739436619718,0.12015845070422536,0.11179577464788733,0.3494718309859155
0.4192982456140351,0.11885964912280701,0.11359649122807018,0.3482456140350877
0.416555998229305,0.12084993359893759,0.11243913235945109,0.35015493581230633
0.4193689745836985,0.12401402278702892,0.11042944785276074,0.3461875547765118
0.42093736311870344,0.12176960140166447,0.1073149364870784,0.34997809899255367
0.4112190812720848,0.12676678445229683,0.10777385159010601,0.3542402826855124
0.41050756901157615,0.12555654496883348,0.10908281389136243,0.354853072128228
0.4123076923076923,0.12703296703296704,0.10945054945054945,0.3512087912087912
0.41589403973509936,0.1262693156732892,0.11081677704194261,0.34701986754966885
0.41600353669319184,0.1237842617152962,0.10963748894783377,0.3505747126436782
0.40810104529616725,0.12587108013937282,0.11106271777003485,0.3549651567944251
0.4044795783926219,0.1225296442687747,0.11682037768994291,0.35617039964866054
0.4029126213592233,0.11915269196822595,0.11562224183583407,0.3623124448367167
0.3993821712268314,0.11959399823477493,0.11871138570167697,0.3623124448367167
0.4040315512708151,0.11875547765118318,0.11875547765118318,0.3584574934268186
0.40498034076015726,0.11795543905635648,0.11751856705985146,0.3595456531236348
0.4001766784452297,0.11528268551236749,0.1166077738515901,0.3679328621908127
0.3982532751091703,0.11615720524017467,0.11921397379912664,0.3663755458515284
0.39921121822962313,0.11787905346187555,0.1161262050832603,0.366783523225241
0.4023694602896007,0.1184730144800351,0.12198332602018429,0.3571741992101799
0.4027348919276577,0.11424790471989413,0.12351124834583149,0.3595059550066167
0.3938584779706275,0.12372051624388072,0.12238540275923454,0.36003560302625726
0.39903635567236095,0.11957950065703023,0.12658782303985983,0.354796320630749
0.3959524857017158,0.12802463704355477,0.12626484821821382,0.3497580290365156
0.3930610452349583,0.12736056214317085,0.1282389108476065,0.3513394817742644
0.39614373356704646,0.12576687116564417,0.12269938650306748,0.35539000876424187
0.3913427561837456,0.12411660777385158,0.12588339222614842,0.3586572438162544
0.3925729442970822,0.11803713527851459,0.1237842617152962,0.365605658709107
0.39443462897526504,0.11837455830388692,0.12102473498233215,0.3661660777385159
0.3955456570155902,0.1220489977728285,0.11848552338530066,0.36391982182628063
0.3898822503270824,0.12429132141299608,0.11687745311818579,0.3689489751417357
0.39728427507665354,0.12308366184844503,0.11651335961454228,0.3631187034603592
0.3914386584289497,0.12268314210061783,0.12312444836716681,0.3627537511032657
0.38235294117647056,0.12554872695346794,0.11940298507462686,0.3726953467954346
0.3901482127288579,0.12336530078465563,0.11944202266782912,0.36704446381865735
0.3863736263736264,0.12263736263736263,0.1178021978021978,0.3731868131868132
0.3847173144876325,0.12146643109540636,0.11925795053003534,0.3745583038869258
0.38201246660730187,0.11843276936776491,0.11531611754229741,0.3842386464826358
0.38589575120455544,0.11607533946561542,0.11695137976346912,0.38107752956636004
0.38219895287958117,0.11300174520069808,0.12085514834205933,0.38394415357766143
0.38776408450704225,0.11443661971830986,0.12147887323943662,0.37632042253521125
0.3920529801324503,0.11611479028697572,0.11743929359823399,0.37439293598233997
0.38763796909492276,0.11832229580573951,0.11258278145695365,0.38145695364238413
0.3916266899258613,0.11600523331879634,0.11033580462276493,0.3820322721325774
0.39036251105216624,0.1184792219274978,0.10963748894783377,0.38152077807250223
0.3878814683768244,0.1163202122954445,0.11101282618310482,0.3847854931446263
0.3817701453104359,0.11404667547335975,0.11404667547335975,0.3901365037428446
0.3835616438356164,0.11268228015908087,0.11400795404330534,0.3897481219619974
0.3793706293706294,0.10620629370629371,0.1097027972027972,0.40472027972027974
0.3703214442976662,0.10920299427564949,0.11712901805372083,0.40334654337296344
0.36872501110617506,0.11061750333185251,0.11683696135051089,0.4038205242114616
0.37160385626643294,0.11086765994741454,0.11744084136722173,0.40008764241893074
0.3717948717948718,0.10742705570291777,0.11936339522546419,0.40141467727674623
0.3716305788775961,0.1100309323906319,0.11886875828546177,0.39946973044631023
0.3821851689337429,0.10925844668714349,0.11759543659499781,0.39096094778411583
