C,D,Oc,Od
1.0,0.0,0.0,0.0
0.75,0.0,0.25,0.0
0.5714285714285714,0.0,0.42857142857142855,0.0
0.5,0.0,0.5,0.0
0.5,0.0,0.4444444444444444,0.05555555555555555
0.53125,0.0,0.4375,0.03125
0.5,0.0,0.46153846153846156,0.038461538461538464
0.5,0.0,0.45121951219512196,0.04878048780487805
0.5042735042735043,0.008547008547008548,0.4444444444444444,0.042735042735042736
0.49101796407185627,0.011976047904191617,0.437125748502994,0.059880239520958084
0.4713656387665198,0.02643171806167401,0.43171806167400884,0.07048458149779736
0.46511627906976744,0.029900332225913623,0.4318936877076412,0.07308970099667775
0.472,0.034666666666666665,0.4106666666666667,0.08266666666666667
0.4697286012526096,0.03966597077244259,0.3924843423799583,0.09812108559498957
0.4562937062937063,0.045454545454545456,0.3986013986013986,0.09965034965034965
0.4403409090909091,0.056818181818181816,0.39204545454545453,0.11079545454545454
0.4351961950059453,0.06777645659928656,0.3876337693222354,0.10939357907253269
0.4352226720647773,0.07692307692307693,0.3825910931174089,0.10526315789473684
0.43874891398783666,0.08601216333622937,0.37619461337966986,0.09904430929626412
0.4308880308880309,0.0972972972972973,0.3644787644787645,0.10733590733590734
0.42090784044016505,0.10453920220082531,0.3528198074277854,0.12173314993122421
0.42118537200504413,0.11727616645649433,0.3379571248423707,0.1235813366960908
0.4186991869918699,0.12253193960511034,0.32694541231126595,0.13182346109175377
0.41865509761388287,0.12527114967462039,0.32537960954446854,0.1306941431670282
0.41445657826313054,0.13468538741549663,0.3161726469058762,0.13468538741549663
0.41202562838836865,0.13750616067028093,0.3080335140463282,0.14243469689502217
0.4034758102395491,0.14044152184124,0.3053076561766087,0.15077501174260216
0.40331491712707185,0.13996316758747698,0.3011049723756906,0.15561694290976058
0.4072907290729073,0.1404140414041404,0.29387938793879387,0.15841584158415842
0.399554565701559,0.14120267260579064,0.2913140311804009,0.16792873051224944
0.3909010600706714,0.14443462897526502,0.2954946996466431,0.1691696113074205
0.3912472647702407,0.14266958424507659,0.29978118161925604,0.16630196936542668
0.3922773146116718,0.14260640631856078,0.29706011408512506,0.16805616498464238
0.38913234005258546,0.14241893076248904,0.2992988606485539,0.1691498685363716
0.3954305799648506,0.14674868189806678,0.29569420035149385,0.16212653778558875
0.3845474613686534,0.14701986754966886,0.30066225165562915,0.16777041942604856
0.384581881533101,0.14721254355400698,0.29965156794425085,0.16855400696864112
0.3849171752397559,0.15344376634699217,0.2933740191804708,0.16826503923278116
0.38020148926850633,0.14936487078405605,0.29610162067455104,0.17433201927288655
0.3803122289679098,0.15091066782307025,0.29575021682567215,0.1730268863833478
0.38128861429832306,0.14783759929390997,0.2961165048543689,0.17475728155339806
0.3772163120567376,0.15469858156028368,0.2929964539007092,0.1750886524822695
0.3783428320911881,0.15914072775098642,0.290223586146427,0.17229285401139852
0.377699427060379,0.1599823710885853,0.2886734244160423,0.1736447774349934
0.37676678445229683,0.16210247349823323,0.2840106007067138,0.1771201413427562
0.3704686118479222,0.16268788682581786,0.28824049513704686,0.1786030061892131
0.3695170580416482,0.16703588834736377,0.2906513070447497,0.17279574656623836
0.37098175499565594,0.16550825369244135,0.28801042571676805,0.17549956559513466
0.3713904931141715,0.1688138605064416,0.28520657485561973,0.1745890715237672
0.36811977102597976,0.17525319242624396,0.2857771906649053,0.17084984588287097
0.3660477453580902,0.18213969938107868,0.28116710875331563,0.17064544650751548
0.37037037037037035,0.18342151675485008,0.2804232804232804,0.1657848324514991
0.36619718309859156,0.19014084507042253,0.28125,0.1624119718309859
0.3670212765957447,0.1875,0.2854609929078014,0.1600177304964539
0.37625054371465855,0.1848629839060461,0.2779469334493258,0.16093953892996954
0.37661758143685853,0.18384649709950915,0.2788933511825078,0.1606425702811245
0.375936535918907,0.18157778757161747,0.2745702952842662,0.16791538122520935
0.3755516328331862,0.17828773168578993,0.2797881729920565,0.16637246248896734
0.3742894621775251,0.17971141233056406,0.2780935723655444,0.16790555312636643
0.3737906772207564,0.1789797713280563,0.2757255936675462,0.17150395778364116
0.37323321554770317,0.1793286219081272,0.2778268551236749,0.1696113074204947
0.37014134275618377,0.17623674911660778,0.2773851590106007,0.17623674911660778
0.3634361233480176,0.18061674008810572,0.27929515418502204,0.17665198237885463
0.35506607929515416,0.18325991189427313,0.27973568281938327,0.18193832599118942
0.3684907325684025,0.18049426301853486,0.27007943512797883,0.18093556928508384
0.36935341009743133,0.17360496014171833,0.2754650132860939,0.18157661647475642
0.37168141592920356,0.17743362831858406,0.2663716814159292,0.18451327433628317
0.38000880669308673,0.17305151915455746,0.2664024658740643,0.1805372082782915
0.37619461337966986,0.17940920938314509,0.26411815812337097,0.18027801911381408
0.37543859649122807,0.1824561403508772,0.25921052631578945,0.18289473684210528
0.3684210526315789,0.19078947368421054,0.25701754385964914,0.1837719298245614
0.37372843874391865,0.18973905351614329,0.26094648385670055,0.17558602388323752
0.37215411558669004,0.19264448336252188,0.2596322241681261,0.175569176882662
0.37195931003980537,0.18664307828394516,0.26094648385670055,0.18045112781954886
0.36252189141856395,0.1904553415061296,0.2640105078809107,0.1830122591943958
0.35818262020291136,0.1945302161446846,0.2615791795324217,0.18570798411998235
0.36427628684557856,0.1847778266608007,0.26704795424549055,0.18389793224813022
0.3618964767290126,0.1857329273597216,0.26750761200521966,0.1848629839060461
0.35638297872340424,0.18971631205673758,0.26640070921985815,0.1875
0.350177304964539,0.1972517730496454,0.25975177304964536,0.19281914893617022
0.3540753724802805,0.18843120070113936,0.26555652936021035,0.19193689745836984
0.34910205869469996,0.18528252299605782,0.27376259307928164,0.19185282522996058
0.35190873189995614,0.18385256691531374,0.2685388328214129,0.19569986836331724
0.345374449339207,0.19030837004405288,0.27004405286343613,0.19427312775330396
0.3442551332459589,0.1891655744866754,0.26780253385757974,0.19877675840978593
0.3455105633802817,0.18970070422535212,0.2676056338028169,0.19718309859154928
0.3414203793559771,0.1910013233348037,0.27128363475959416,0.19629466254962505
0.339481774264383,0.1888449714536671,0.2722880983750549,0.19938515590689504
0.34984655852696184,0.19202104340201667,0.26786497150372646,0.19026742656729503
0.3509700176366843,0.19091710758377425,0.26807760141093473,0.1900352733686067
0.34803705337450375,0.18967798853109838,0.27128363475959416,0.1910013233348037
0.3460861917326297,0.18425681618293754,0.27792436235708,0.1917326297273527
0.3484381874175099,0.18829740431148262,0.27628684557853056,0.1869775626924769
0.34973166368515207,0.18336314847942756,0.2750447227191413,0.19186046511627908
0.3537715041905602,0.18438464931627702,0.27657697397441555,0.18526687251874724
0.35320088300220753,0.18498896247240618,0.27593818984547464,0.1858719646799117
0.3501979762428509,0.1869775626924769,0.27628684557853056,0.18653761548614167
0.34399649430324275,0.19237510955302367,0.2813321647677476,0.18229623137598597
0.34406704896338774,0.19188354653727394,0.2831936479929422,0.18085575650639613
0.34041611332447985,0.19389110225763612,0.28286852589641437,0.1828242585214697
0.3469656992084433,0.1943711521547933,0.27660510114335973,0.1820580474934037
0.3419894366197183,0.19102112676056338,0.28169014084507044,0.18529929577464788
0.35125605993829884,0.19479947113265755,0.27633318642573823,0.17761128250330543
0.35072336694432266,0.19772029811486191,0.27312582200789126,0.17843051293292417
0.3501535761298815,0.1952610794207986,0.27555945590171127,0.1790258885476086
0.34312007011393514,0.19894829097283084,0.2787028921998247,0.1792287467134093
0.35074626865671643,0.19490781387181738,0.2783143107989464,0.17603160667251974
0.35048372911169745,0.19788918205804748,0.2796833773087071,0.17194371152154794
0.34114007954043307,0.19973486522315512,0.2845779938135219,0.17454706142288998
0.3443562610229277,0.19576719576719576,0.2830687830687831,0.17680776014109348
0.34406704896338774,0.1910013233348037,0.2818703131892369,0.18306131451257168
0.3421168203776899,0.18620992534036013,0.2828282828282828,0.1888449714536671
0.3405286343612335,0.19030837004405288,0.2841409691629956,0.18502202643171806
0.3379973764757324,0.1945780498469611,0.28115435067774375,0.18627022299956275
0.3321663019693654,0.2013129102844639,0.28227571115973743,0.18424507658643327
0.330989010989011,0.1991208791208791,0.28527472527472525,0.18461538461538463
0.3280141843971631,0.20035460992907803,0.28102836879432624,0.19060283687943264
0.3258673693456302,0.20333772507685552,0.2753623188405797,0.19543258673693456
0.3209384683488269,0.2067286409915892,0.2749003984063745,0.19743249225320939
0.3218390804597701,0.20557029177718833,0.27453580901856767,0.19805481874447392
0.316235504014273,0.2065120428189117,0.2778768956289028,0.19937555753791258
0.31032967032967035,0.21186813186813186,0.27472527472527475,0.20307692307692307
0.31241772707327775,0.20842474769635805,0.27555945590171127,0.20359806932865293
0.3096179183135705,0.20992534036012298,0.28019323671497587,0.2002635046113307
0.3122822299651568,0.20993031358885017,0.27569686411149824,0.20209059233449478
0.31100478468899523,0.21096128751631144,0.27316224445411047,0.20487168334058287
0.30572687224669604,0.21541850220264316,0.2779735682819383,0.20088105726872246
0.3027360988526037,0.21359223300970873,0.2828773168578994,0.20079435127978817
0.3052863436123348,0.21233480176211453,0.28634361233480177,0.1960352422907489
0.31090589270008795,0.21108179419525067,0.2801231310466139,0.19788918205804748
0.3096802452912834,0.20543144984669295,0.278580814717477,0.20630749014454666
0.3067078552515446,0.2030008826125331,0.28596646072374227,0.20432480141218004
0.30782761653474056,0.19700967458223395,0.2880386983289358,0.20712401055408972
0.3093145869947276,0.19903339191564148,0.28383128295254834,0.2078207381370826
0.30691325407309555,0.19991193306913255,0.2804931748128578,0.21268163804491413
0.30052724077328646,0.19947275922671354,0.28822495606326887,0.2117750439367311
0.30305676855895197,0.19825327510917032,0.2834061135371179,0.21528384279475982
0.30087719298245613,0.19956140350877194,0.28728070175438597,0.21228070175438596
0.30718378140149843,0.19524019391802555,0.29308065226972235,0.20449537241075363
0.3022847100175747,0.19507908611599298,0.29042179261862916,0.21221441124780316
0.2990325417766051,0.18953386103781883,0.29771328056288476,0.21372031662269128
0.29911894273127754,0.18986784140969162,0.29427312775330394,0.21674008810572687
0.2988505747126437,0.1900972590627763,0.2953138815207781,0.21573828470380194
0.29982440737489024,0.1957857769973661,0.2884108867427568,0.21597892888498682
0.30450132391879964,0.18887908208296558,0.2912621359223301,0.21535745807590467
0.3019034971226206,0.18902169101372288,0.29393536963258077,0.2151394422310757
0.3023767605633803,0.1835387323943662,0.2966549295774648,0.21742957746478872
0.3026025584472872,0.1835024261138068,0.2946625496250551,0.2192324658138509
0.30113636363636365,0.1840034965034965,0.2928321678321678,0.22202797202797203
0.29955947136563876,0.18854625550660792,0.2964757709251101,0.21541850220264316
0.29243623570800353,0.18865435356200527,0.3034300791556728,0.2154793315743184
0.29217926186291737,0.18189806678383127,0.3093145869947276,0.21660808435852372
0.28810572687224667,0.18898678414096917,0.3048458149779736,0.21806167400881057
0.28389084507042256,0.18397887323943662,0.31205985915492956,0.22007042253521128
0.2862762237762238,0.19230769230769232,0.3068181818181818,0.2145979020979021
0.28227571115973743,0.19212253829321663,0.312472647702407,0.21312910284463896
0.2810715854194115,0.1875274483970136,0.3153271848924023,0.2160737812911726
0.269687637483502,0.19665640123185218,0.3167619885613726,0.2168939727232732
0.27551467367498905,0.1988611476127902,0.31274638633377133,0.21287779237844942
0.27233115468409586,0.20522875816993463,0.3045751633986928,0.2178649237472767
0.2761487964989059,0.20218818380743983,0.30940919037199127,0.212253829321663
0.2821631051024858,0.20497165285651983,0.29568251199302226,0.2171827300479721
0.2732481269281622,0.20405464962538564,0.30365799911855446,0.21903922432789774
0.27633318642573823,0.2009695901278096,0.3018951079770824,0.22080211546936976
0.2707231040564374,0.20105820105820105,0.3064373897707231,0.22178130511463845
0.27333038478549315,0.19637328615656788,0.30605926581158777,0.22423706324635118
0.2705464238116393,0.19946690359840072,0.3051976899155931,0.22478898267436695
0.27624066754501536,0.19675010979358806,0.30303030303030304,0.22397891963109354
0.27770419426048565,0.19381898454746138,0.3011037527593819,0.22737306843267108
0.27887571365832237,0.20333772507685552,0.29424681598594643,0.2235397452788757
0.2804024496937883,0.19860017497812774,0.29615048118985127,0.22484689413823272
0.2779003087781209,0.1940891045434495,0.3003970004411116,0.22761358623731803
0.27816901408450706,0.1954225352112676,0.2988556338028169,0.22755281690140844
0.27264692885550157,0.19708351745470615,0.3026955368979231,0.2275740167918692
0.2744661921708185,0.2001779359430605,0.2958185053380783,0.22953736654804271
0.2806167400881057,0.19691629955947137,0.2955947136563877,0.22687224669603523
0.28015734265734266,0.19624125874125875,0.2910839160839161,0.23251748251748253
0.282311424790472,0.1985002205558006,0.28495809439788267,0.23423026025584473
0.28257042253521125,0.20378521126760563,0.27816901408450706,0.23547535211267606
0.28370044052863436,0.20088105726872246,0.2753303964757709,0.24008810572687225
0.2736842105263158,0.20175438596491227,0.2789473684210526,0.24561403508771928
0.2766990291262136,0.19991173874669022,0.2740511915269197,0.24933804060017653
0.2728865527814279,0.20192728865527815,0.2706964520367937,0.2544897065265002
0.2747688243064729,0.20035226772346984,0.2650814619110524,0.25979744605900484
0.27015057573073514,0.20726306465899025,0.26439326837909655,0.258193091231178
0.2718832891246684,0.20733863837312114,0.26525198938992045,0.25552608311229
0.2717247463608293,0.20688134097926775,0.26378473753859727,0.2576091751213057
0.2736471623405191,0.20545534535855697,0.2652881654201496,0.2556093268807743
0.2742006132282085,0.19710906701708278,0.26850635129215944,0.26018396846254926
0.2805786935554581,0.1972818939061815,0.2617273125822008,0.2604120999561596
0.2830687830687831,0.20105820105820105,0.25308641975308643,0.26278659611992944
0.27876106194690264,0.20176991150442478,0.25663716814159293,0.2628318584070796
0.2755905511811024,0.20778652668416447,0.2545931758530184,0.26202974628171477
0.2804931748128578,0.20871862615587847,0.2531924262439454,0.2575957727873184
0.28222996515679444,0.21385017421602787,0.25261324041811845,0.25130662020905925
0.2854625550660793,0.20792951541850221,0.2497797356828194,0.25682819383259914
0.280794701986755,0.211037527593819,0.24944812362030905,0.258719646799117
0.28,0.20577777777777778,0.25155555555555553,0.26266666666666666
0.28097731239092494,0.20636998254799302,0.25174520069808026,0.26090750436300175
0.2849557522123894,0.20663716814159291,0.2570796460176991,0.2513274336283186
0.28433098591549294,0.2130281690140845,0.25044014084507044,0.2522007042253521
0.28459869848156183,0.21431670281995663,0.2503253796095445,0.2507592190889371
0.2786309784993418,0.22071083808688022,0.25186485300570427,0.24879333040807372
0.2745955400087451,0.22474857892435504,0.2509838216003498,0.24967205946655008
0.2713656387665198,0.22731277533039648,0.25242290748898677,0.2488986784140969
0.2723253757736516,0.22767462422634838,0.251105216622458,0.248894783377542
0.2716049382716049,0.2292768959435626,0.24911816578483245,0.25
0.27636203866432335,0.22539543057996486,0.2491212653778559,0.2491212653778559
0.2797881729920565,0.22771403353927624,0.24492497793468668,0.24757281553398058
0.27188737351517817,0.2300923889133304,0.24725032996040475,0.2507699076110867
0.2748794388426129,0.22753178430512933,0.2494519947391495,0.24813678211310827
0.27380952380952384,0.22663139329805995,0.25044091710758376,0.24911816578483245
0.2722859664607237,0.22683142100617829,0.2524271844660194,0.24845542806707854
0.27180616740088104,0.2286343612334802,0.2488986784140969,0.25066079295154187
0.2686369651521835,0.22496691662990737,0.2545213939126599,0.2518747243052492
0.26445916114790285,0.22207505518763798,0.2582781456953642,0.25518763796909494
0.26702033598585323,0.22369584438549955,0.25287356321839083,0.2564102564102564
0.26993865030674846,0.22699386503067484,0.24758983347940403,0.25547765118317267
0.2687937062937063,0.23033216783216784,0.2513111888111888,0.24956293706293706
0.2707501109631602,0.23124722592099423,0.24855747891699956,0.24944518419884598
0.2713656387665198,0.23127753303964757,0.2497797356828194,0.2475770925110132
0.2680052378873854,0.23745089480576168,0.24618070711479703,0.24836316019205587
0.2692307692307692,0.23253757736516356,0.248894783377542,0.2493368700265252
0.27439824945295405,0.23063457330415754,0.24551422319474836,0.24945295404814005
0.26812227074235806,0.22969432314410482,0.2497816593886463,0.25240174672489085
0.26821773485513606,0.23353819139596138,0.24934152765583845,0.2489025460930641
0.26745718050065875,0.22441809398331136,0.24769433465085638,0.2604303908651735
0.262144420131291,0.22800875273522975,0.25207877461706785,0.2577680525164114
0.2604120999561596,0.22621657167908812,0.2542744410346339,0.2590968873301184
0.2632978723404255,0.22030141843971632,0.25620567375886527,0.26019503546099293
0.2597345132743363,0.21902654867256638,0.25398230088495577,0.2672566371681416
0.25981473312748127,0.2152624614027349,0.25540361711513015,0.2695191883546537
0.263901147396293,0.2113857016769638,0.25772285966460723,0.2669902912621359
0.2636443661971831,0.20906690140845072,0.261443661971831,0.2658450704225352
0.26210204971652856,0.21064108155255123,0.25599651112080246,0.27126035761011774
0.26142355008787344,0.21353251318101935,0.2526362038664323,0.27240773286467485
0.25741710296684117,0.21465968586387435,0.25174520069808026,0.2761780104712042
0.2597345132743363,0.21415929203539824,0.2504424778761062,0.2756637168141593
0.2608125819134993,0.21494102228047182,0.24770642201834864,0.2765399737876802
0.2569808027923211,0.21291448516579406,0.2543630017452007,0.2757417102966841
0.2515391380826737,0.20800351802990324,0.25505716798592787,0.2854001759014952
0.2497793468667255,0.2087378640776699,0.25772285966460723,0.28375992939099737
0.25099778270509976,0.2097560975609756,0.2545454545454545,0.2847006651884701
0.24495171202809482,0.22036874451273047,0.24495171202809482,0.2897278314310799
0.24879755137735024,0.22168780061215565,0.2444250109313511,0.285089637079143
0.2556093268807743,0.22393312802463705,0.23977122745270568,0.28068631764188295
0.2595688517377915,0.22877254729432467,0.2388913330400352,0.27276726792784867
0.25789239662072033,0.22676745220097821,0.23743886171631837,0.2779012894619831
0.2586975914362177,0.22613737734165923,0.2408563782337199,0.27430865298840323
0.2594688724423161,0.23421854592947322,0.23160644318676535,0.27470613844144537
0.2505456132693147,0.22872108249672632,0.23745089480576168,0.28328240942819727
0.24846625766871167,0.2287467134092901,0.24101665205959685,0.2817703768624014
0.24625550660792953,0.226431718061674,0.2409691629955947,0.28634361233480177
0.2513134851138354,0.22635726795096323,0.24737302977232925,0.27495621716287216
0.24569155987627045,0.22978347326557666,0.2483429076447194,0.2761820592134335
0.2508833922261484,0.22614840989399293,0.24911660777385158,0.27385159010600707
0.25342163355408387,0.2260485651214128,0.24724061810154527,0.27328918322295803
0.2599118942731278,0.22555066079295155,0.24052863436123348,0.2740088105726872
0.266489597166888,0.22355024347056218,0.23727312970340858,0.2726870296591412
0.262882096069869,0.22663755458515283,0.23406113537117904,0.27641921397379915
0.2602197802197802,0.22285714285714286,0.23736263736263735,0.2795604395604396
0.2600264433671221,0.2238871749669458,0.23314235345967388,0.28294402820625825
0.2598944591029024,0.2233948988566403,0.22735268249780125,0.28935795954265614
0.2632046160674656,0.22192632046160674,0.22947181535730138,0.28539724811362627
0.26441881100266196,0.2191659272404614,0.22715173025732033,0.28926353149955636
0.26443367122080214,0.21903922432789774,0.23182018510356986,0.2847069193477303
0.2633672116659302,0.21961997348652232,0.2266902342023862,0.2903225806451613
0.2701863354037267,0.22005323868677906,0.22892635314995563,0.2808340727595386
0.2766990291262136,0.21624007060900266,0.22462488967343336,0.2824360105913504
0.27384615384615385,0.21670329670329672,0.2342857142857143,0.27516483516483514
0.27009222661396576,0.21739130434782608,0.23407992973210365,0.2784365393061045
0.26445916114790285,0.2194260485651214,0.2370860927152318,0.2790286975717439
0.2623169107856192,0.2210386151797603,0.23169107856191745,0.28495339547270304
0.26613965744400525,0.2191480017566974,0.22924901185770752,0.2854633289415898
0.2676118741692512,0.2193176783340718,0.23128046078865752,0.28178998670801947
0.2621870882740448,0.22002635046113306,0.23978919631093545,0.2779973649538867
0.2650442477876106,0.2168141592920354,0.23893805309734514,0.27920353982300883
0.2604074402125775,0.21567759078830823,0.24446412754650132,0.27945084145261295
0.26146993318485523,0.21692650334075725,0.24097995545657017,0.2806236080178174
0.26322751322751325,0.22178130511463845,0.23324514991181658,0.28174603174603174
0.26561125769569044,0.22383465259454705,0.23043095866314864,0.2801231310466139
0.2692138779095301,0.22397891963109354,0.22793148880105402,0.27887571365832237
0.26537785588752194,0.22583479789103691,0.22934973637961337,0.27943760984182775
0.25778167470407715,0.22840859272249014,0.22709338009644892,0.2867163524769838
0.2668141592920354,0.2261061946902655,0.22566371681415928,0.2814159292035398
0.2661965623622741,0.22917584839136185,0.2260907888937858,0.2785368003525782
0.2687694358063083,0.2310084406930253,0.22301199466903598,0.2772101288316304
0.27200353825740825,0.22777532065457762,0.2260061919504644,0.27421494913754973
0.27143491781430473,0.23456241670368724,0.22167925366503777,0.27232341181697023
0.2640597539543058,0.23066783831282953,0.22803163444639718,0.2772407732864675
0.2618310482087572,0.23175586023883238,0.2344095532950022,0.27200353825740825
0.26866990720282813,0.22580645161290322,0.23110914714980116,0.27441449403446755
0.27304499781564,0.2306684141546527,0.22979467016164265,0.26649191786806464
0.27548330404217924,0.23198594024604569,0.22715289982425307,0.26537785588752194
0.2654320987654321,0.2345679012345679,0.22663139329805995,0.27336860670194
0.27102803738317754,0.23052959501557632,0.22118380062305296,0.2772585669781931
0.27681352914997776,0.22830440587449932,0.21940364931019138,0.27547841566533154
0.27308882015024305,0.22889969067609367,0.2205037560760053,0.27750773309765797
0.2826278659611993,0.22354497354497355,0.21472663139329806,0.2791005291005291
0.2795936395759717,0.22835689045936397,0.2151060070671378,0.2769434628975265
0.2770390070921986,0.22783687943262412,0.21631205673758866,0.27881205673758863
0.27873183619550856,0.22677234698370763,0.21268163804491413,0.2818141787758697
0.28104286345558993,0.22492266902342023,0.21829429960229785,0.275740167918692
0.28125,0.2266725352112676,0.22007042253521128,0.2720070422535211
0.2807794508414526,0.22896368467670505,0.2201062887511072,0.27015057573073514
0.2743207712532866,0.21998247151621383,0.23049956178790534,0.2751971954425942
0.2778264680105171,0.22129710780017528,0.2287467134092901,0.2721297107800175
0.27654867256637167,0.2243362831858407,0.2345132743362832,0.2646017699115044
0.2741652021089631,0.22847100175746923,0.23154657293497363,0.265817223198594
0.2772887323943662,0.21963028169014084,0.2306338028169014,0.27244718309859156
0.27219991075412764,0.2222222222222222,0.23650156180276663,0.26907630522088355
0.27088830255057167,0.22515391380826738,0.2339489885664028,0.2700087950747581
0.27399650959860383,0.22600349040139617,0.2342931937172775,0.26570680628272253
0.2761989342806394,0.22291296625222023,0.23001776198934282,0.27087033747779754
0.2786885245901639,0.22374833850243686,0.22729286663712894,0.2702702702702703
0.2727272727272727,0.2164079822616408,0.23414634146341465,0.27671840354767185
0.2692476902771667,0.21997360316761988,0.2309722833260009,0.2798064232292125
0.27004030452306316,0.22033139274518584,0.22794446932377968,0.2816838334079713
0.2647058823529412,0.22256365232660227,0.228270412642669,0.2844600526777875
0.2750995134896064,0.22246793454223796,0.22998673153471916,0.2724458204334365
0.2724867724867725,0.22663139329805995,0.22486772486772486,0.2760141093474427
0.2714223575467595,0.22749021313614615,0.22140060896041758,0.2796868203566768
0.26666666666666666,0.2293859649122807,0.22807017543859648,0.27587719298245617
0.27128363475959416,0.2258491398323776,0.2262902514336127,0.27657697397441555
0.26142355008787344,0.23418277680140598,0.22275922671353252,0.28163444639718804
0.26982041173894,0.23039859833552342,0.21901007446342532,0.28077091546211125
0.2691629955947137,0.2365638766519824,0.21629955947136564,0.2779735682819383
0.2686762778505898,0.23809523809523808,0.21144604630843164,0.2817824377457405
0.2680457746478873,0.23767605633802816,0.21610915492957747,0.27816901408450706
0.2648482182138143,0.2410910690717114,0.21425428948526176,0.2798064232292125
0.2650976909413854,0.23623445825932504,0.21181172291296627,0.28685612788632325
0.2670530539456086,0.23495318769505127,0.21221578243423986,0.2857779759251003
0.26722246599385696,0.23343571741992103,0.2053532250987275,0.2939885914874945
0.26713843432109685,0.23131357806280406,0.2127377266696152,0.2888102609464839
0.26799116997792494,0.23090507726269316,0.21015452538631346,0.29094922737306844
0.265817223198594,0.23330404217926187,0.2069420035149385,0.29393673110720564
0.261612620508326,0.2318141980718668,0.2072743207712533,0.2992988606485539
0.2570298769771529,0.2359402460456942,0.2100175746924429,0.29701230228471004
0.26138876603272887,0.23485183547103053,0.21318000884564353,0.2905793896505971
0.2612137203166227,0.23834652594547054,0.20976253298153033,0.2906772207563764
0.26657824933687,0.2382847038019452,0.20822281167108753,0.28691423519009723
0.26353149955634425,0.23957409050576753,0.2111801242236025,0.2857142857142857
0.26023778071334214,0.23469837076177896,0.21972699251431088,0.285336856010568
0.26171529619805484,0.23607427055702918,0.21308576480990274,0.2891246684350133
0.2572178477690289,0.23928258967629046,0.21478565179352582,0.2887139107611549
0.25495376486129456,0.24394539850286218,0.21224130339057684,0.2888595332452664
0.256816182937555,0.2436235708003518,0.2119613016710642,0.287598944591029
0.25636523266022826,0.24319578577699735,0.21378402107111502,0.28665496049165934
0.25155555555555553,0.2431111111111111,0.21288888888888888,0.29244444444444445
0.2591289045314562,0.24065112186537616,0.2111746590409151,0.2890453145622525
0.2571053782247486,0.24486226497595104,0.2129427197201574,0.285089637079143
0.2619360490582567,0.24441524310118265,0.21068769163381515,0.2829610162067455
0.2615791795324217,0.24305249228054698,0.21349801499779444,0.2818703131892369
0.26505494505494503,0.24263736263736263,0.210989010989011,0.2813186813186813
0.26500219010074466,0.2387209811651336,0.21287779237844942,0.2833990363556724
0.2642169728783902,0.2388451443569554,0.2174103237095363,0.2795275590551181
0.2703296703296703,0.2356043956043956,0.21186813186813186,0.2821978021978022
0.2759669708822251,0.23511516731855714,0.20773576705780095,0.28118209474141675
0.27024647887323944,0.23503521126760563,0.2125880281690141,0.28213028169014087
0.2679824561403509,0.23508771929824562,0.21359649122807017,0.2833333333333333
0.2671322566564819,0.233085988651244,0.20776953295504147,0.2920122217372326
0.2676612549363756,0.23299692847740236,0.20579201404124617,0.29354980254497587
0.27015057573073514,0.22984942426926483,0.20549158547387067,0.2945084145261293
0.27627494456762747,0.23104212860310422,0.20133037694013303,0.2913525498891353
0.28091872791519434,0.22438162544169613,0.20141342756183744,0.29328621908127206
0.27537511032656664,0.2263901147396293,0.205648720211827,0.2925860547219771
0.27616534740545295,0.22999120492524186,0.20668425681618294,0.28715919085312225
0.2814847547503314,0.2266902342023862,0.21078214759169245,0.28104286345558993
0.27549668874172184,0.22649006622516557,0.21280353200883,0.28520971302428255
0.2744924977934687,0.22594880847308033,0.21315092674315975,0.28640776699029125
0.27855887521968364,0.22539543057996486,0.21133567662565905,0.28471001757469244
0.2766330556773345,0.2209557211749233,0.21832529592284086,0.28408592722490134
0.27912087912087913,0.22197802197802197,0.21978021978021978,0.27912087912087913
0.2789982425307557,0.22715289982425307,0.22275922671353252,0.2710896309314587
0.27982456140350875,0.22017543859649122,0.22631578947368422,0.2736842105263158
0.28194993412384717,0.2261747913921827,0.22880983750548967,0.26306543697848045
0.28804587560652845,0.2267313630348478,0.22408469342743714,0.2611380679311866
0.2797881729920565,0.22462488967343336,0.22815533980582525,0.2674315975286849
0.27384076990376205,0.23184601924759404,0.23490813648293962,0.2594050743657043
0.2768211920529801,0.2194260485651214,0.23443708609271524,0.2693156732891832
0.28091872791519434,0.2234982332155477,0.22924028268551236,0.2663427561837456
0.28205128205128205,0.2255541069100391,0.2312038244241634,0.26119078661451545
0.28482697426796805,0.22715173025732033,0.23247559893522626,0.25554569653948533
0.28371278458844135,0.22810858143607707,0.23248686514886166,0.25569176882662
0.2829610162067455,0.2233902759526938,0.23653088042049936,0.25711782742006134
0.28096280087527353,0.22669584245076588,0.23544857768052516,0.25689277899343543
0.2842572062084257,0.21995565410199558,0.23547671840354767,0.26031042128603105
0.28719101123595503,0.21797752808988763,0.23685393258426965,0.25797752808988766
0.2906208718626156,0.2175253192426244,0.23425803610744167,0.2575957727873184
0.296,0.21733333333333332,0.23066666666666666,0.256
0.29427430093209056,0.21881935197514424,0.22458943630714603,0.2623169107856192
0.2993881118881119,0.21416083916083917,0.22333916083916083,0.2631118881118881
0.2944812362030905,0.21766004415011037,0.22472406181015453,0.2631346578366446
0.29455662862159787,0.21685689201053557,0.22914837576821773,0.2594381035996488
0.2839506172839506,0.22134038800705466,0.2328042328042328,0.2619047619047619
0.28777923784494086,0.22295225580376699,0.23083661848445028,0.25843188786684185
0.29238221047996477,0.21796565389696168,0.2311756935270806,0.25847644209599296
0.2891674127126231,0.21933751119068934,0.2314234556848702,0.26007162041181736
0.2915015411712902,0.2175253192426244,0.23337736679876706,0.2575957727873184
0.3023663453111306,0.21384750219106047,0.2322524101665206,0.25153374233128833
0.29592284085927223,0.21306444541867603,0.2389302937308198,0.25208241999123193
0.2876414273281114,0.21714534377719757,0.2380330722367276,0.25718015665796345
0.2906772207563764,0.22031662269129287,0.23790677220756376,0.2510993843447669
0.2872903795233892,0.21844660194174756,0.24536628420123566,0.24889673433362755
0.28233231039017975,0.21613327487943884,0.24462954844366505,0.2569048662867163
0.28313518273888155,0.2192866578599736,0.24394539850286218,0.2536327608982827
0.2823581560283688,0.21808510638297873,0.23803191489361702,0.26152482269503546
0.27881205673758863,0.2220744680851064,0.2322695035460993,0.26684397163120566
0.2797513321492007,0.22246891651865008,0.23490230905861456,0.26287744227353466
0.27792436235708,0.22295514511873352,0.2357080035180299,0.26341248900615655
0.2791411042944785,0.22173531989482909,0.23794916739702016,0.26117440841367223
0.2731685789938217,0.22815533980582525,0.24315975286849073,0.25551632833186233
0.2862190812720848,0.2318904593639576,0.23409893992932862,0.247791519434629
0.2781427945685502,0.2378449408672799,0.23215067893123084,0.2518615856329391
0.2778021978021978,0.23648351648351648,0.2320879120879121,0.25362637362637364
0.2751531058617673,0.23447069116360456,0.23009623797025372,0.26027996500437445
0.27453580901856767,0.23430592396109637,0.23076923076923078,0.2603890362511052
0.2706140350877193,0.2381578947368421,0.23508771929824562,0.256140350877193
0.2651183172655565,0.24101665205959685,0.23356704645048204,0.26029798422436456
0.2651183172655565,0.24364592462751972,0.23356704645048204,0.25766871165644173
0.2661361626878868,0.2493368700265252,0.23076923076923078,0.2537577365163572
0.26327336551118913,0.24352786309784993,0.23650724001755155,0.2566915313734094
0.261978021978022,0.2413186813186813,0.23912087912087912,0.25758241758241757
0.2628345765686705,0.24528301886792453,0.2387011847301448,0.2531812198332602
0.26357969723953695,0.23998219056099732,0.23909171861086376,0.25734639358860195
0.2628372497824195,0.24717145343777197,0.23368146214099217,0.25630983463881635
0.26704795424549055,0.24373075230972283,0.23845138583369996,0.2507699076110867
0.258021978021978,0.24263736263736263,0.2378021978021978,0.26153846153846155
0.26334362593736216,0.23555359505955006,0.24172915747684165,0.25937362152624616
0.2576091751213057,0.23599470666078518,0.24525805028672254,0.2611380679311866
0.2621057307863172,0.23545091070635274,0.24611283873833853,0.25633051976899157
0.2606219886114761,0.24003504161191414,0.24791940429259746,0.2514235654840123
0.2646669607410675,0.24172915747684165,0.2434936038817821,0.25011027790030876
0.26455026455026454,0.24338624338624337,0.24074074074074073,0.25132275132275134
0.2734891927657697,0.23599470666078518,0.2373180414644905,0.25319805910895454
0.271523178807947,0.23841059602649006,0.23620309050772628,0.25386313465783666
0.2718531468531469,0.23776223776223776,0.23863636363636365,0.2517482517482518
0.26441881100266196,0.23957409050576753,0.23957409050576753,0.25643300798580304
0.2647961420429636,0.2362998684787374,0.24243752740026303,0.256466462078036
0.2610619469026549,0.23761061946902653,0.24292035398230089,0.2584070796460177
0.2599197503343736,0.23495318769505127,0.24164065983058403,0.2634864021399911
0.2655141843971631,0.22650709219858156,0.2402482269503546,0.26773049645390073
0.259094942324756,0.2315882874889086,0.240905057675244,0.2684117125110914
0.26434245366284204,0.22727272727272727,0.23874669020300088,0.26963812886142985
0.254962505513895,0.2364358182620203,0.23599470666078518,0.2726069695632995
0.25198237885462554,0.23612334801762114,0.2356828193832599,0.2762114537444934
0.24802110817941952,0.2339489885664028,0.23658751099384345,0.28144239226033424
0.24835164835164836,0.2334065934065934,0.23648351648351648,0.28175824175824177
0.2491243432574431,0.23423817863397547,0.23467600700525393,0.2819614711033275
0.2541630148992112,0.23006134969325154,0.2357581069237511,0.28001752848378614
0.2519650655021834,0.23013100436681222,0.23580786026200873,0.28209606986899566
0.25142606406318563,0.22071083808688022,0.2360684510750329,0.29179464677490125
0.2506573181419807,0.2318141980718668,0.23794916739702016,0.27957931638913236
0.2527376259307928,0.22470433639947437,0.2413491020586947,0.2812089356110381
0.24834874504623514,0.22413033905768384,0.2426243945398503,0.2848965213562307
0.249008373732922,0.2265315116791538,0.24239753195240193,0.28206258263552225
0.2556093268807743,0.22833260008798945,0.23933128024637043,0.27672679278486584
0.2574345317354638,0.22547714158899246,0.24145583666222814,0.2756324900133156
0.25916114790286976,0.2260485651214128,0.2326710816777042,0.28211920529801326
0.25680421422300265,0.2273924495171203,0.2405618964003512,0.2752414398595259
0.2566137566137566,0.2292768959435626,0.23677248677248677,0.27733686067019403
0.25417032484635643,0.23002633889376647,0.23836698858647937,0.2774363476733977
0.25277654375832964,0.23367392270102177,0.2394491337183474,0.2741003998223012
0.25,0.23778359511343805,0.2482547993019197,0.2639616055846422
0.25186485300570427,0.23299692847740236,0.24747696358051777,0.2676612549363756
0.24945006599208094,0.2388913330400352,0.24505059392872855,0.2666080070391553
0.2496732026143791,0.23398692810457516,0.2514161220043573,0.26492374727668844
0.2494519947391495,0.23103901797457255,0.25208241999123193,0.26742656729504605
0.2504378283712785,0.22460595446584938,0.2521891418563923,0.27276707530647987
0.25132042253521125,0.22843309859154928,0.25308098591549294,0.2671654929577465
0.2505582849486378,0.22465386333184456,0.2523447967842787,0.27244305493523896
0.2556291390728477,0.22030905077262694,0.2543046357615894,0.269757174392936
0.25185508511567,0.22741161065037102,0.2501091226538629,0.27062418158009605
0.24738219895287958,0.23778359511343805,0.25043630017452007,0.2643979057591623
0.249670908293111,0.2369460289600702,0.2479157525230364,0.26546731022378234
0.24945391000436873,0.23110528615115772,0.25338575797291396,0.26605504587155965
0.24715660542432197,0.22965879265091863,0.26202974628171477,0.26115485564304464
0.24438573315719947,0.23513870541611626,0.25495376486129456,0.2655217965653897
0.2440106477373558,0.23336291038154391,0.259094942324756,0.26353149955634425
0.2465631929046563,0.23059866962305986,0.2616407982261641,0.2611973392461197
0.2411504424778761,0.23672566371681417,0.2628318584070796,0.2592920353982301
0.23801220575414123,0.23539668700959024,0.2646033129904098,0.2619877942458588
0.23817940786566505,0.23552806009721608,0.2624834290764472,0.26380910296067167
0.24063464081092992,0.23402379903040987,0.25782282944028206,0.2675187307183781
0.2416077738515901,0.23012367491166077,0.25662544169611307,0.27164310954063603
0.24243752740026303,0.22928540113985094,0.25778167470407715,0.27049539675580886
0.2393992932862191,0.22968197879858657,0.2623674911660777,0.26855123674911663
0.23178807947019867,0.2304635761589404,0.26578366445916113,0.27196467991169976
0.23110720562390158,0.23462214411247803,0.2631810193321617,0.2710896309314587
0.23898822503270825,0.23113824683820322,0.26210204971652856,0.26777147841255994
0.23165851489550912,0.23743886171631837,0.2667852378835038,0.26411738550466873
0.23475208424747696,0.2387011847301448,0.2628345765686705,0.26371215445370777
0.23480176211453743,0.23480176211453743,0.2669603524229075,0.26343612334801764
0.2334065934065934,0.2408791208791209,0.26681318681318683,0.2589010989010989
0.23573309920983318,0.23661106233538193,0.2664618086040386,0.26119402985074625
0.23552806009721608,0.23950508174988952,0.25983208130799823,0.26513477684489617
0.23019034971226207,0.24169986719787517,0.2642762284196547,0.2638335546702081
0.23093971631205673,0.24335106382978725,0.261968085106383,0.2637411347517731
0.23114035087719298,0.23859649122807017,0.2614035087719298,0.268859649122807
0.22817025010969724,0.23826239578762615,0.26458973233874505,0.26897762176393153
0.2244718309859155,0.24031690140845072,0.2654049295774648,0.269806338028169
0.22329246935201402,0.23905429071803852,0.26663747810858146,0.271015761821366
0.2275132275132275,0.24514991181657847,0.2641093474426808,0.26322751322751325
0.22143802382002647,0.24261138067931187,0.2717247463608293,0.2642258491398324
0.22452580502867225,0.23908248786943095,0.27040141155712394,0.2659902955447728
0.2242211496270294,0.24001755155770074,0.2702939885914875,0.26546731022378234
0.22455220620358235,0.23940585408475318,0.26649191786806464,0.26955002184359983
0.22713347921225382,0.23544857768052516,0.2761487964989059,0.2612691466083151
0.22419774501300954,0.2367736339982654,0.26929748482220295,0.2697311361665221
0.22717247463608292,0.2373180414644905,0.2646669607410675,0.27084252315835905
0.2247585601404741,0.2405618964003512,0.26382791922739246,0.2708516242317823
0.23073555166374782,0.23686514886164622,0.2701401050788091,0.26225919439579687
0.23134002618943691,0.24050632911392406,0.26756874727193364,0.26058489742470536
0.2260061919504644,0.2410437859354268,0.2764263600176913,0.2565236620964175
0.22504378283712784,0.23423817863397547,0.2850262697022767,0.25569176882662
0.23016220955721176,0.2376150811047786,0.2801402893467777,0.25208241999123193
0.22773593265396544,0.23881258307487815,0.28178998670801947,0.2516614975631369
