C,D,Oc,Od
0.0,0.0,1.0,0.0
0.0,0.0,0.5,0.5
0.0,0.0,0.25,0.75
0.0,0.0,0.3333333333333333,0.6666666666666666
0.0,0.0,0.26666666666666666,0.7333333333333333
0.09090909090909091,0.0,0.3181818181818182,0.5909090909090909
0.11764705882352941,0.0,0.2647058823529412,0.6176470588235294
0.10909090909090909,0.0,0.2545454545454545,0.6363636363636364
0.11627906976744186,0.023255813953488372,0.22093023255813954,0.6395348837209303
0.13793103448275862,0.017241379310344827,0.20689655172413793,0.6379310344827587
0.13125,0.03125,0.20625,0.63125
0.13425925925925927,0.032407407407407406,0.20833333333333334,0.625
0.13620071684587814,0.03942652329749104,0.18996415770609318,0.6344086021505376
0.14647887323943662,0.05352112676056338,0.17183098591549295,0.6281690140845071
0.1471264367816092,0.06436781609195402,0.1724137931034483,0.6160919540229886
0.1478743068391867,0.07578558225508318,0.17375231053604437,0.6025878003696857
0.14397496087636932,0.07668231611893583,0.17683881064162754,0.6025039123630673
0.1503957783641161,0.079155672823219,0.18469656992084432,0.5857519788918206
0.1490104772991851,0.08731082654249127,0.1920838183934808,0.5715948777648429
0.1518595041322314,0.10020661157024793,0.19731404958677687,0.5506198347107438
0.15018315018315018,0.10989010989010989,0.19597069597069597,0.5439560439560439
0.15056360708534622,0.12399355877616747,0.19887278582930756,0.5265700483091788
0.15177923021060277,0.13725490196078433,0.20043572984749455,0.5105301379811183
0.14944042132982224,0.1421988150098749,0.21000658327847269,0.49835418038183016
0.15468940316686966,0.13885505481120586,0.20828258221680876,0.4981729598051157
0.15777525539160045,0.14585698070374575,0.20998864926220204,0.48637911464245176
0.1634056054997356,0.15230037017451084,0.20994182971972503,0.47435219460602857
0.16402657128257536,0.15789473684210525,0.21308124680633622,0.46499744506898316
0.17448042532624455,0.16191396810053166,0.21024649589173514,0.45335911068148865
0.17049180327868851,0.16206088992974238,0.21217798594847775,0.45526932084309135
0.17339990921470722,0.16386745347253745,0.2106218792555606,0.45211075805719475
0.17103509551310528,0.17414482452243446,0.20968458462905376,0.4451354953354065
0.17503331852509996,0.17103509551310528,0.2123500666370502,0.44158151932474454
0.17899343544857768,0.1711159737417943,0.20700218818380745,0.4428884026258206
0.18137472283813746,0.17472283813747227,0.21019955654101996,0.4337028824833703
0.18209741114523914,0.17288284335234752,0.209741114523914,0.43527863097849934
0.1864555848724714,0.1723834652594547,0.21152154793315744,0.42963940193491645
0.18541300527240773,0.16915641476274165,0.2117750439367311,0.4336555360281195
0.18955682316805617,0.17507678806494076,0.209741114523914,0.42562527424308905
0.18590308370044054,0.17400881057268722,0.2105726872246696,0.42951541850220265
0.1894876325088339,0.1709363957597173,0.2062720848056537,0.4333038869257951
0.1881578947368421,0.1736842105263158,0.20087719298245615,0.437280701754386
0.18298059964726632,0.17504409171075838,0.2019400352733686,0.4400352733686067
0.1873619089703933,0.1811754308440124,0.19973486522315512,0.43172779496243924
0.18401405357927098,0.17654808959156784,0.2002635046113307,0.43917435221783047
0.18494055482166447,0.17789520035226772,0.19726992514310876,0.43989431968295906
0.18425681618293754,0.17766051011433598,0.2040457343887423,0.4340369393139842
0.18433787945446548,0.17993840739111305,0.20061592608886933,0.43510778706555214
0.19367588932806323,0.18269653052261747,0.1963109354413702,0.42731664470794906
0.18854625550660792,0.18237885462555067,0.2,0.4290748898678414
0.18584070796460178,0.18451327433628317,0.19513274336283185,0.4345132743362832
0.18914107699154428,0.17890520694259013,0.19759679572763686,0.43435692033822876
0.18849557522123894,0.17787610619469027,0.19336283185840708,0.44026548672566373
0.19160104986876642,0.17541557305336833,0.189413823272091,0.4435695538057743
0.19201773835920177,0.17028824833702882,0.1951219512195122,0.4425720620842572
0.19586267605633803,0.17121478873239437,0.19234154929577466,0.44058098591549294
0.2014165559982293,0.17175741478530324,0.18857901726427623,0.43824701195219123
0.2011443661971831,0.1742957746478873,0.19190140845070422,0.4326584507042254
0.19894133215703572,0.17203352448169387,0.19276576973974416,0.4362593736215262
0.2051168945743273,0.17556241729157476,0.18438464931627702,0.4349360388178209
0.204,0.17422222222222222,0.18133333333333335,0.44044444444444447
0.2066518847006652,0.17117516629711751,0.19068736141906872,0.43148558758314853
0.20351648351648352,0.17186813186813188,0.18769230769230769,0.4369230769230769
0.21238938053097345,0.17168141592920355,0.1836283185840708,0.4323008849557522
0.21181172291296627,0.16296625222024866,0.18960923623445827,0.43561278863232683
0.21328056288478453,0.16402814423922604,0.18997361477572558,0.43271767810026385
0.20949477351916376,0.16332752613240417,0.19425087108013936,0.4329268292682927
0.21266161390994204,0.16584930896121267,0.190815871600535,0.4306732055283103
0.20644022937803264,0.16850463167181298,0.19761799735333038,0.427437141596824
0.20709534368070953,0.1671840354767184,0.19955654101995565,0.4261640798226164
0.21710526315789475,0.16666666666666666,0.19780701754385965,0.41842105263157897
0.21765734265734266,0.16783216783216784,0.1993006993006993,0.4152097902097902
0.21967357741508603,0.16806352007057784,0.20026466696074108,0.41199823555359505
0.2169728783902012,0.16360454943132108,0.1994750656167979,0.4199475065616798
0.2200873362445415,0.16069868995633188,0.20262008733624454,0.4165938864628821
0.21545979564637938,0.16170590848511773,0.20524211461572633,0.41759218125277653
0.21589403973509932,0.15849889624724062,0.20264900662251656,0.42295805739514347
0.22295225580376699,0.15724923346473937,0.19710906701708278,0.42268944371441086
0.21829429960229785,0.15775519222271323,0.19752540874944763,0.4264250994255413
0.2239858906525573,0.15784832451499117,0.1984126984126984,0.41975308641975306
0.21903922432789774,0.1599823710885853,0.20581754076685765,0.41516086381665934
0.21887461231723526,0.1590607000443066,0.2051395657953035,0.4169251218431546
0.22004454342984409,0.1599109131403118,0.2044543429844098,0.4155902004454343
0.21800529567519858,0.16372462488967343,0.20211827007943514,0.41615180935569285
0.22393992932862192,0.16563604240282687,0.20362190812720848,0.40680212014134276
0.22467934542237947,0.17337461300309598,0.19371959310039805,0.4082264484741265
0.2242211496270294,0.17112768758227292,0.19394471259324264,0.410706450197455
0.22751558325912732,0.1709706144256456,0.19323241317898487,0.40828138913624223
0.23141223053233612,0.16673999120105587,0.1922569291684998,0.4095908490981082
0.22975929978118162,0.16805251641137856,0.1951859956236324,0.40700218818380746
0.2327127659574468,0.16533687943262412,0.19547872340425532,0.40647163120567376
0.23124177270732776,0.17200526546731024,0.19833260201842914,0.39842035980693286
0.23625164980202376,0.17069951605807304,0.1948966124065112,0.398152221733392
0.22671353251318102,0.16739894551845344,0.20123022847100175,0.4046572934973638
0.22635726795096323,0.1628721541155867,0.1987740805604203,0.4119964973730298
0.2273924495171203,0.16856892010535557,0.19885864793678665,0.4051799824407375
0.22862206468763846,0.16659282233052725,0.19627824545857334,0.408506867523261
0.22587719298245615,0.16710526315789473,0.1956140350877193,0.4114035087719298
0.22651448639157157,0.1694468832309043,0.19315188762071994,0.4108867427568042
0.23013100436681222,0.16943231441048034,0.19082969432314412,0.4096069868995633
0.22869757174392935,0.1673289183222958,0.1955849889624724,0.4083885209713024
0.23169107856191745,0.16333777185974258,0.1966267199289836,0.4083444296493564
0.23314235345967388,0.15954164830321726,0.1996474217717056,0.4076685764654033
0.22413793103448276,0.16268788682581786,0.20512820512820512,0.40804597701149425
0.225,0.16052631578947368,0.20350877192982456,0.41096491228070176
0.225976305397104,0.16322948661693726,0.19964896884598507,0.4111452391399737
0.2262222222222222,0.16355555555555557,0.19822222222222222,0.412
0.22573561703996486,0.15810276679841898,0.19894598155467721,0.41721563460693895
0.22369000440334655,0.16204315279612505,0.1950682518714223,0.4191985909291061
0.21681997371879105,0.16338151554971528,0.1988611476127902,0.42093736311870344
0.21772039180765806,0.16562778272484416,0.18699910952804988,0.4296527159394479
0.21403353927625773,0.1641659311562224,0.18755516328331862,0.43424536628420124
0.212322695035461,0.16312056737588654,0.19237588652482268,0.4321808510638298
0.20877192982456141,0.16096491228070176,0.193859649122807,0.43640350877192985
0.20803886925795054,0.1625441696113074,0.19213780918727916,0.4372791519434629
0.20735489587948605,0.16260522817899867,0.19184758529020823,0.43819229065130705
0.20948616600790515,0.1629336846728151,0.19104084321475626,0.4365393061045235
0.20530973451327433,0.16681415929203539,0.18938053097345134,0.43849557522123894
0.21246707638279191,0.16900790166812993,0.1887620719929763,0.42976294995610187
0.21415929203539824,0.16681415929203539,0.1902654867256637,0.42876106194690267
0.21459982409850484,0.16578715919085313,0.19041336851363236,0.4291996481970097
0.2111801242236025,0.16149068322981366,0.19210292812777285,0.435226264418811
0.21739130434782608,0.16469038208168643,0.1888449714536671,0.42907334211682036
0.21595416483032173,0.16394887615689732,0.19083296606434552,0.4292639929484354
0.21817383669885865,0.16417910447761194,0.19139596136962247,0.42625109745390694
0.21742957746478872,0.17033450704225353,0.19102112676056338,0.4212147887323944
0.21868083222664897,0.16600265604249667,0.19300575475874282,0.42231075697211157
0.22088888888888888,0.1671111111111111,0.18666666666666668,0.42533333333333334
0.22232063773250665,0.16474756421612047,0.19220549158547387,0.42072630646589904
0.2329124945581193,0.1584675663909447,0.19155420113191118,0.4170657379190248
0.22787028921998248,0.16389132340052587,0.19456617002629273,0.4136722173531989
0.23282275711159736,0.16280087527352297,0.19606126914660832,0.40831509846827135
0.23817940786566505,0.16349977905435262,0.19664162615996464,0.4016791869200177
0.2380114386273647,0.16102067751869775,0.19621645402551693,0.4047514298284206
0.22957371225577264,0.1660746003552398,0.19982238010657194,0.40452930728241565
0.22813186813186814,0.1687912087912088,0.20263736263736265,0.4004395604395604
0.23342175066312998,0.16843501326259946,0.20247568523430592,0.39566755083996463
0.23259911894273128,0.1696035242290749,0.19911894273127753,0.3986784140969163
0.22822299651567945,0.171602787456446,0.20209059233449478,0.3980836236933798
0.22158081705150978,0.17584369449378331,0.20159857904085257,0.40097690941385433
0.22393992932862192,0.17446996466431094,0.1974381625441696,0.4041519434628975
0.22236842105263158,0.17982456140350878,0.19605263157894737,0.4017543859649123
0.21670329670329672,0.18505494505494505,0.19692307692307692,0.4013186813186813
0.22276567363272565,0.18630502445531347,0.18808359270787017,0.4028457092040907
0.21998247151621383,0.18536371603856266,0.18930762489044697,0.4053461875547765
0.21866666666666668,0.18088888888888888,0.188,0.41244444444444445
0.22515391380826738,0.17678100263852242,0.18909410729991205,0.40897097625329815
0.23097112860892388,0.17235345581802275,0.18591426071741032,0.410761154855643
0.22838137472283815,0.17339246119733925,0.18758314855875832,0.4106430155210643
0.22084805653710246,0.1700530035335689,0.18418727915194347,0.4249116607773852
0.22587719298245615,0.1675438596491228,0.1881578947368421,0.41842105263157897
0.22613286405631325,0.1702595688517378,0.18345798504179497,0.42014958205015396
0.22964601769911505,0.16902654867256636,0.184070796460177,0.4172566371681416
0.23009623797025372,0.1714785651793526,0.1837270341207349,0.4146981627296588
0.22855879752431477,0.17639257294429708,0.1865605658709107,0.40848806366047746
0.22729267222465993,0.1799034664326459,0.18034225537516455,0.4124616059675296
0.23484848484848486,0.17379679144385027,0.1804812834224599,0.410873440285205
0.2337028824833703,0.1720620842572062,0.1787139689578714,0.4155210643015521
0.2333480370533745,0.1733568592853992,0.18085575650639613,0.41243934715483016
0.2344161545215101,0.16988586479367868,0.17998244073748904,0.4157155399473222
0.23405191377034756,0.1680598328200616,0.1759788825340959,0.42190937087549496
0.24436741767764297,0.16984402079722705,0.17374350086655113,0.4120450606585789
0.23750552852720036,0.17160548429898276,0.17868199911543564,0.41220698805838124
0.23483195111305108,0.17503273679615888,0.17634220864251418,0.41379310344827586
0.2414398595258999,0.17559262510974538,0.17208077260755048,0.4108867427568042
0.24389160373167482,0.17059084851177256,0.17147934251443803,0.4140382052421146
0.2425176056338028,0.1738556338028169,0.17033450704225353,0.41329225352112675
0.24735449735449735,0.17724867724867724,0.1662257495590829,0.4091710758377425
0.24282560706401765,0.17571743929359823,0.1673289183222958,0.4141280353200883
0.2462882096069869,0.17117903930131004,0.1663755458515284,0.4161572052401747
0.24521584334668448,0.17133956386292834,0.16911437472185137,0.4143302180685358
0.24836316019205587,0.16761239633347882,0.17372326494980359,0.41030117852466175
0.24324324324324326,0.16608544027898867,0.17349607672188316,0.41717523975588494
0.2423043095866315,0.16094986807387862,0.17546174142480211,0.4212840809146878
0.24286341677646026,0.16073781291172595,0.1725955204216074,0.4238032498902064
0.24077328646748683,0.1594903339191564,0.17530755711775045,0.4244288224956063
0.23599470666078518,0.15747684164093514,0.17556241729157476,0.4309660344067049
0.2398230088495575,0.1495575221238938,0.17699115044247787,0.4336283185840708
0.24300310972900932,0.14660151043980454,0.17725455353176367,0.43314082629942247
0.2398230088495575,0.1433628318584071,0.181858407079646,0.43495575221238936
0.24462011418533158,0.13965744400527008,0.1831357048748353,0.432586736934563
0.24561403508771928,0.13728070175438598,0.1824561403508772,0.43464912280701756
0.24526640246587406,0.13738441215323646,0.18273888154997797,0.4346103038309115
0.2444933920704846,0.13348017621145375,0.18193832599118942,0.44008810572687224
0.24714160070360597,0.13148636763412488,0.1820580474934037,0.4393139841688654
0.24800354924578527,0.1313220940550133,0.18145519077196096,0.4392191659272405
0.2531868131868132,0.130989010989011,0.1832967032967033,0.43252747252747253
0.2522007042253521,0.1324823943661972,0.18485915492957747,0.43045774647887325
0.2522202486678508,0.12655417406749556,0.1802841918294849,0.44094138543516875
0.25942156003505695,0.12839614373356706,0.17703768624014024,0.4351446099912358
0.25485008818342153,0.1300705467372134,0.18298059964726632,0.43209876543209874
0.25852146967684814,0.1239486498450642,0.18326693227091634,0.4342629482071713
0.258688957325121,0.11922569291684998,0.18609766827980642,0.4359876814782226
0.25725593667546176,0.1169744942832014,0.1864555848724714,0.4393139841688654
0.26037069726390116,0.11385701676963812,0.18623124448367168,0.43954104148278905
0.2569906790945406,0.11273857079449623,0.18508655126498003,0.44518419884598315
0.2648482182138143,0.10866695996480423,0.18433787945446548,0.442146942366916
0.26005361930294907,0.1063449508489723,0.1872207327971403,0.44638069705093836
0.25691699604743085,0.11286780851998243,0.18796662274923145,0.44224857268335527
0.2571807335395493,0.1095890410958904,0.1939902783915157,0.43923994697304464
0.25578350065473593,0.10999563509384548,0.19773024879965082,0.43649061545176776
0.2557117750439367,0.10369068541300527,0.19815465729349738,0.44244288224956063
0.2504416961130742,0.10821554770318022,0.20362190812720848,0.4377208480565371
0.24494283201407213,0.10686015831134564,0.20448548812664907,0.44371152154793314
0.25244444444444447,0.10666666666666667,0.19955555555555557,0.44133333333333336
0.2506619593998235,0.11385701676963812,0.19858781994704325,0.4368932038834951
0.250330542089026,0.1119435874834729,0.20141031291317762,0.4363155575143235
0.2462686567164179,0.1141352063213345,0.20061457418788411,0.43898156277436345
0.2567269519188355,0.1129245699161888,0.19585355094838994,0.4344949272165858
0.25121412803532006,0.11037527593818984,0.20088300220750552,0.43752759381898454
0.25274725274725274,0.11164835164835164,0.20175824175824175,0.4338461538461538
0.2483429076447194,0.10561201944321696,0.20282810428634557,0.4432169686257181
0.25241864555848725,0.10817941952506596,0.2040457343887423,0.43535620052770446
0.2508818342151676,0.10537918871252204,0.20679012345679013,0.43694885361552027
0.25364560318161733,0.10870525850640743,0.20415377817057004,0.4334953601414052
0.2562637362637363,0.10945054945054945,0.19472527472527473,0.43956043956043955
0.2633201232937032,0.10788199031263761,0.1955085865257596,0.4332892998678996
0.25778167470407715,0.10653222270933801,0.19903551074090312,0.4366505918456817
0.25674499564838993,0.11270670147954744,0.19930374238468232,0.43124456048738036
0.25,0.11471103327495621,0.2000875656742557,0.4352014010507881
0.25417032484635643,0.11281826163301141,0.20149253731343283,0.4315188762071993
0.2541776605101143,0.11169744942832015,0.2009674582233949,0.4331574318381706
0.2565236620964175,0.10835913312693499,0.1959310039805396,0.43918620079610793
0.2589641434262948,0.11243913235945109,0.19123505976095617,0.43736166445329794
0.25643300798580304,0.11047027506654836,0.1898846495119787,0.44321206743566993
0.2502210433244916,0.11626878868258178,0.1927497789566755,0.4407603890362511
0.2564551422319475,0.11597374179431072,0.19562363238512034,0.43194748358862145
0.26223776223776224,0.11057692307692307,0.19493006993006992,0.43225524475524474
0.26387665198237886,0.113215859030837,0.19383259911894274,0.4290748898678414
0.263019693654267,0.11072210065645514,0.1951859956236324,0.4310722100656455
0.25735617039964864,0.1137461572244181,0.19587176108915239,0.43302591128678086
0.2588543944031482,0.11543506777437691,0.19370354175776125,0.4320069960647136
0.25557986870897154,0.11597374179431072,0.19649890590809627,0.43194748358862145
0.2517605633802817,0.11663732394366197,0.19806338028169015,0.4335387323943662
0.250996015936255,0.11819389110225764,0.19876051350154936,0.43204957945993805
0.25486725663716814,0.11769911504424779,0.2,0.42743362831858406
0.2533215234720992,0.11426040744021258,0.20106288751107174,0.43135518157661645
0.26016615653694797,0.11762133799737648,0.19720157411456055,0.425010931351115
0.26176858776946765,0.12230532336119665,0.1970963484381874,0.4188297404311483
0.2647961420429636,0.12187637001315213,0.19377466023673828,0.41955282770714597
0.26444833625218916,0.11821366024518389,0.19176882661996497,0.425569176882662
0.26294995610184374,0.1237928007023705,0.18481123792800702,0.42844600526777876
0.25939019001325675,0.12991604065399912,0.1789659743703049,0.43172779496243924
0.26325167037861913,0.12962138084632516,0.17461024498886416,0.43251670378619156
0.26353467561521254,0.13064876957494406,0.17583892617449665,0.4299776286353468
0.2651183172655565,0.12795793163891322,0.16958808063102543,0.43733567046450483
0.26625111308993765,0.12956366874443456,0.16562778272484416,0.4385574354407836
0.2605042016806723,0.13135780628040689,0.17293233082706766,0.43520566121185317
0.26269315673289184,0.13112582781456952,0.16556291390728478,0.4406181015452539
0.26015901060070673,0.13604240282685512,0.16519434628975266,0.4386042402826855
0.26276408450704225,0.14084507042253522,0.16109154929577466,0.4352992957746479
0.2591289045314562,0.15266168059832821,0.1592608886933568,0.4289485261768588
0.2543046357615894,0.14746136865342163,0.1686534216335541,0.4295805739514349
0.25852146967684814,0.14475431606905712,0.16600265604249667,0.4307215582115981
0.2594402487783207,0.14660151043980454,0.17059084851177256,0.42336739227010217
0.2556291390728477,0.15187637969094922,0.17660044150110377,0.41589403973509936
0.2619153674832962,0.1443207126948775,0.1759465478841871,0.4178173719376392
0.25970017636684306,0.14638447971781304,0.17416225749559083,0.41975308641975306
0.2520679146713104,0.14758380496299522,0.18067043970396168,0.4196778406617327
0.2533976326172731,0.15344147303814118,0.17886891714160455,0.41429197720298117
0.2524314765694076,0.15163572060123784,0.1847922192749779,0.41114058355437666
0.2546501328609389,0.1550044286979628,0.18157661647475642,0.4087688219663419
0.2560813799203892,0.1525873507297656,0.18531623175586023,0.40601503759398494
0.25355239786856126,0.1558614564831261,0.1878330373001776,0.402753108348135
0.2598770851624232,0.1527655838454785,0.18700614574187885,0.4003511852502195
0.2655491839435377,0.1561535068372298,0.1879135421261579,0.39038376709307454
0.25894829871851527,0.15642951833848873,0.1917808219178082,0.3928413610251878
0.2580078982009653,0.1570864414216762,0.1943835015357613,0.3905221588415972
0.2555066079295154,0.15594713656387665,0.19559471365638767,0.39295154185022024
0.26311111111111113,0.15511111111111112,0.19333333333333333,0.3884444444444444
0.2663448881088197,0.15884159719175076,0.19131197893813076,0.3835015357612988
0.2662852112676056,0.15580985915492956,0.1949823943661972,0.3829225352112676
0.2604347826086956,0.15869565217391304,0.19434782608695653,0.3865217391304348
0.25778167470407715,0.156510302498904,0.1955282770714599,0.39017974572555897
0.25680421422300265,0.1562774363476734,0.19885864793678665,0.3880597014925373
0.25375110326566636,0.15754633715798763,0.19726390114739628,0.3914386584289497
0.25684024713150927,0.1553398058252427,0.19638128861429832,0.3914386584289497
0.2603938730853392,0.15229759299781181,0.19649890590809627,0.39080962800875274
0.256140350877193,0.14692982456140352,0.20350877192982456,0.39342105263157895
0.2569906790945406,0.14913448735019974,0.20017754105636928,0.39369729249889035
0.25431989366415597,0.1479840496233939,0.1998227735932654,0.39787328311918474
0.25495376486129456,0.1444297666226332,0.2025539409951563,0.3980625275209159
0.2637900355871886,0.1543594306049822,0.19750889679715303,0.38434163701067614
0.2609457092819615,0.15761821366024517,0.19133099824868652,0.39010507880910683
0.25643300798580304,0.15971606033717836,0.1947648624667258,0.3890860692102928
0.25342163355408387,0.1620309050772627,0.1955849889624724,0.38896247240618104
0.2577502214348981,0.15589016829052257,0.1970770593445527,0.38928255093002656
0.25935711140466755,0.15896081021576397,0.18846323205636284,0.39321884632320564
0.2608125819134993,0.1598951507208388,0.18567059851463522,0.3936216688510267
0.25711782742006134,0.15768725361366623,0.19097678493210687,0.39421813403416556
0.2524314765694076,0.15694076038903626,0.1945181255526083,0.39610963748894784
0.2521083000443853,0.15579227696404793,0.1904127829560586,0.4016866400355082
0.26060070671378094,0.15591872791519434,0.18462897526501768,0.39885159010600707
0.25806451612903225,0.15475152571926765,0.18352223190932868,0.4036617262423714
0.2564102564102564,0.15649867374005305,0.1825817860300619,0.40450928381962864
0.2616279069767442,0.1556350626118068,0.1838103756708408,0.39892665474060823
0.2624175824175824,0.16263736263736264,0.1832967032967033,0.39164835164835166
0.2613835376532399,0.1646234676007005,0.18607705779334502,0.38791593695271454
0.2581069237510955,0.1691498685363716,0.18141980718667836,0.3913234005258545
0.25407309555262,0.16732716864817263,0.17921620431527963,0.3993835314839278
0.2524314765694076,0.16976127320954906,0.1816976127320955,0.39610963748894784
0.24977777777777777,0.17022222222222222,0.18,0.4
0.25749559082892415,0.167989417989418,0.17504409171075838,0.3994708994708995
0.25650066108417807,0.17276333186425738,0.16659321286910533,0.40414279418245924
0.25730735163861823,0.17271922054915856,0.1629760850310009,0.4069973427812223
0.26445916114790285,0.17439293598233996,0.1598233995584989,0.4013245033112583
0.26006191950464397,0.17691287041132242,0.16187527642636002,0.4011499336576736
0.26117751217352814,0.17574147853032315,0.1593625498007968,0.4037184594953519
0.263459841129744,0.176963812886143,0.15798764342453664,0.40158870255957635
0.2638335546702081,0.17972554227534307,0.15980522355024346,0.3966356795042054
0.2650814619110524,0.178335535006605,0.15808014090708938,0.3985028621752532
0.27006651884700666,0.17960088691796008,0.15964523281596452,0.39068736141906873
0.26693227091633465,0.17175741478530324,0.16600265604249667,0.39530765825586545
0.261968085106383,0.17420212765957446,0.16799645390070922,0.3958333333333333
0.2642258491398324,0.1729157476841641,0.16409351565946184,0.3987648875165417
0.2663716814159292,0.17168141592920355,0.16415929203539822,0.39778761061946905
0.26454789615040286,0.17144136078782454,0.16159355416293644,0.40241718889883615
0.2567269519188355,0.17468019408910454,0.16188795765328629,0.4067048963387737
0.25611382836816365,0.1760782570031125,0.16096042685638062,0.40684748777234325
0.262974269515918,0.1735717400784998,0.15787178368948976,0.40558220671609246
0.2662826761187417,0.17545414266725742,0.15728843597696057,0.4009747452370403
0.26255506607929513,0.17312775330396477,0.1568281938325991,0.40748898678414097
0.25904677846425417,0.1707855251544572,0.15798764342453664,0.412180052956752
0.26005244755244755,0.17089160839160839,0.15428321678321677,0.4147727272727273
0.2578947368421053,0.16842105263157894,0.1570175438596491,0.4166666666666667
0.25573192239858905,0.17063492063492064,0.15520282186948853,0.4184303350970018
0.26297273526824977,0.17370272647317503,0.1437994722955145,0.41952506596306066
0.2623169107856192,0.17532179316466934,0.14691522414558367,0.41544607190412786
0.26228070175438595,0.17280701754385966,0.14868421052631578,0.4162280701754386
0.2631346578366446,0.17571743929359823,0.14481236203090508,0.4163355408388521
0.261101243339254,0.17673179396092362,0.14431616341030196,0.4178507992895204
0.2533097969991174,0.17828773168578993,0.14872021182700795,0.41968225948808474
0.25726872246696036,0.17797356828193833,0.14845814977973568,0.41629955947136565
0.25633051976899157,0.17592181252776543,0.1505997334517992,0.4171479342514438
0.254737769942706,0.1754076685764654,0.14676068752754517,0.4230938739532834
0.25823451910408435,0.16996047430830039,0.1453667105841019,0.4264382960035134
0.25689277899343543,0.17024070021881837,0.1487964989059081,0.42407002188183807
0.26029798422436456,0.1687116564417178,0.15030674846625766,0.42068361086765993
0.2650709219858156,0.17109929078014185,0.14760638297872342,0.4162234042553192
0.2647187091146969,0.16441343218491059,0.14827736589620585,0.42259049280418665
0.2616534740545295,0.16534740545294635,0.14643799472295516,0.42656112576956906
0.26868953386103783,0.16402814423922604,0.14643799472295516,0.420844327176781
0.2660831509846827,0.16192560175054704,0.14923413566739607,0.42275711159737417
0.26311111111111113,0.16622222222222222,0.15022222222222223,0.42044444444444445
0.2678492239467849,0.17028824833702882,0.14501108647450112,0.41685144124168516
0.2690288713910761,0.16710411198600175,0.14173228346456693,0.4221347331583552
0.2703296703296703,0.1665934065934066,0.1432967032967033,0.4197802197802198
0.2737676056338028,0.16857394366197184,0.14392605633802816,0.4137323943661972
0.26419213973799127,0.16419213973799127,0.1480349344978166,0.42358078602620086
0.2664024658740643,0.16116248348745046,0.14883311316600617,0.4236019374724791
0.27515583259127335,0.1611754229741763,0.1429207479964381,0.4207479964381122
0.27088830255057167,0.15743183817062445,0.14819700967458224,0.4234828496042216
0.26877470355731226,0.15942028985507245,0.1466842336407554,0.4251207729468599
0.26590609916630104,0.1619131197893813,0.14699429574374726,0.4251864853005704
0.2664024658740643,0.16468516072214884,0.14839277851166888,0.420519594892118
0.2669902912621359,0.16195939982347748,0.146954986760812,0.4240953221535746
0.2650814619110524,0.16600616468516072,0.14707177454865697,0.4218405988551299
0.26404245908889873,0.16231755860238833,0.15037593984962405,0.4232640424590889
0.2662565905096661,0.16520210896309315,0.14850615114235502,0.4200351493848858
0.2649154051647373,0.1674087266251113,0.15672306322350846,0.41095280498664294
0.263459841129744,0.1650485436893204,0.1562224183583407,0.4152691968225949
0.26443367122080214,0.16571176729836934,0.15469369766416924,0.41516086381665934
0.26742656729504605,0.16220955721174923,0.15124945199473916,0.41911442349846556
0.26918018412976763,0.16177115300306882,0.15168785620341954,0.417360806663744
0.2671957671957672,0.1644620811287478,0.14991181657848324,0.4184303350970018
0.2654320987654321,0.16313932980599646,0.14682539682539683,0.4246031746031746
0.26412614980289095,0.1651335961454227,0.15418309242225142,0.41655716162943496
0.2665776591010236,0.16688918558077437,0.15131286159323543,0.4152202937249666
0.26744186046511625,0.167262969588551,0.157871198568873,0.4074239713774597
0.27047366091190794,0.16334661354581673,0.15582115980522354,0.4103585657370518
0.27456140350877195,0.16359649122807018,0.15789473684210525,0.4039473684210526
0.2774540564769162,0.16136261766024204,0.15643209323173465,0.4047512326311071
0.27639071397284276,0.16469557599649584,0.1590013140604468,0.3999123959702146
0.2764084507042254,0.16901408450704225,0.15625,0.3983274647887324
0.28191489361702127,0.16578014184397163,0.15647163120567376,0.3958333333333333
0.28152364273204905,0.16549912434325745,0.14973730297723292,0.4032399299474606
0.2778021978021978,0.17054945054945056,0.1468131868131868,0.40483516483516485
0.274681878016674,0.16805616498464238,0.14787187362878457,0.40939008336989907
0.27841409691629954,0.16872246696035242,0.14801762114537445,0.40484581497797356
0.28366013071895424,0.1599128540305011,0.14989106753812637,0.4065359477124183
0.2857142857142857,0.16804168475901,0.14806773773339124,0.3981762917933131
0.2862779482683034,0.16790881192459448,0.14818062253397632,0.3976326172731258
0.2905944986690328,0.16459627329192547,0.14995563442768411,0.3948535936113576
0.2955051179350245,0.159768580329328,0.14686248331108145,0.3978638184245661
0.2882327016306743,0.16438959894226532,0.14455707360070516,0.40282062582635525
0.2844638949671772,0.16367614879649892,0.1435448577680525,0.40831509846827135
0.28596491228070176,0.15833333333333333,0.14736842105263157,0.4083333333333333
0.287261698440208,0.16074523396880416,0.1451473136915078,0.4068457538994801
0.28217602830605926,0.16718266253869968,0.1468376824413976,0.40380362671384346
0.2836283185840708,0.17035398230088494,0.14380530973451328,0.402212389380531
0.2830687830687831,0.17239858906525574,0.1419753086419753,0.4025573192239859
0.2844600526777875,0.17471466198419666,0.1431079894644425,0.3977172958735733
0.29036515618125824,0.16673999120105587,0.14298284205895292,0.39991201055873293
0.2891619131197894,0.15971917507678807,0.1491882404563405,0.40193067134708205
0.28691423519009723,0.16091954022988506,0.14633068081343945,0.40583554376657827
0.2871067789100576,0.16038989809481613,0.14665485157288435,0.4058484714222419
0.28799291094373064,0.16393442622950818,0.14178112538768275,0.4062915374390784
0.2817703768624014,0.16432953549517967,0.13935144609991235,0.4145486415425066
0.2820738137082601,0.16739894551845344,0.13532513181019332,0.4152021089630931
0.28640776699029125,0.17431597528684908,0.1319505736981465,0.40732568402471314
0.27912087912087913,0.17494505494505494,0.1389010989010989,0.40703296703296704
0.283647523016221,0.16527838667251205,0.13678211310828584,0.41429197720298117
0.2848297213622291,0.16452896948252985,0.13710747456877487,0.41353383458646614
0.2848914488258751,0.16393442622950818,0.1338059370846256,0.41736818785999114
0.28144239226033424,0.16842568161829374,0.1363236587510994,0.41380826737027265
0.2801953818827709,0.16074600355239788,0.14653641207815277,0.41252220248667854
0.27816901408450706,0.16725352112676056,0.1505281690140845,0.4040492957746479
0.2794642857142857,0.16205357142857144,0.15178571428571427,0.40669642857142857
0.27382012466607303,0.16340160284951025,0.15048975957257346,0.41228851291184326
0.28230088495575223,0.16194690265486725,0.1508849557522124,0.40486725663716816
0.28334062090074336,0.16178399650196765,0.15172715347616966,0.40314822912111936
0.29289810322011467,0.1561535068372298,0.1517423908248787,0.3992059991177768
0.2871547566856642,0.1600175361683472,0.15300306882946077,0.3998246383165278
0.2833333333333333,0.16359649122807018,0.15,0.40307017543859647
0.2838196286472148,0.16224580017683465,0.14809902740937222,0.40583554376657827
0.28230088495575223,0.168141592920354,0.1495575221238938,0.4
0.2888295505117935,0.16243880729862037,0.14730752113929685,0.4014241210502893
0.2887323943661972,0.1624119718309859,0.15272887323943662,0.3961267605633803
0.2855233853006682,0.1665924276169265,0.15456570155902005,0.3933184855233853
0.28603006189213087,0.16312997347480107,0.15428824049513704,0.39655172413793105
0.28812056737588654,0.16090425531914893,0.1622340425531915,0.3887411347517731
0.29229406554472986,0.1616474756421612,0.15766164747564215,0.3883968113374668
0.28982300884955753,0.16061946902654867,0.16327433628318583,0.386283185840708
0.2892998678996037,0.1576398062527521,0.16380449141347425,0.38925583443416995
0.29071803852889666,0.159369527145359,0.16199649737302976,0.38791593695271454
0.28634555899248787,0.1581970835174547,0.1652673442333186,0.39019001325673885
0.2948661693725318,0.1518209741114524,0.1671785870996051,0.3861342694164107
0.2914462081128748,0.15211640211640212,0.16490299823633156,0.3915343915343915
0.2846458424989001,0.15442146942366916,0.17201935767707874,0.388913330400352
0.2855239786856128,0.15541740674955595,0.16829484902309058,0.3907637655417407
0.29170344218887906,0.1562224183583407,0.16681376875551632,0.3852603706972639
0.2872200263504611,0.15810276679841898,0.16556873078612208,0.3891084760649978
0.28173374613003094,0.16187527642636002,0.16718266253869968,0.3892083149049093
0.27928321678321677,0.16302447552447552,0.16564685314685315,0.39204545454545453
0.27587719298245617,0.16271929824561404,0.1692982456140351,0.39210526315789473
0.2804024496937883,0.16404199475065617,0.17410323709536307,0.38145231846019245
0.28880070546737213,0.15873015873015872,0.17195767195767195,0.38051146384479717
0.28811312417145385,0.16084843128590368,0.171895713654441,0.3791427308882015
0.28880070546737213,0.15784832451499117,0.17239858906525574,0.38095238095238093
0.2890556045895852,0.15445719329214475,0.17166813768755515,0.3848190644307149
0.2862144420131291,0.15579868708971553,0.16892778993435448,0.3890590809628009
0.29328621908127206,0.15547703180212014,0.1696113074204947,0.38162544169611307
0.28760476400529333,0.1561535068372298,0.16762240846934273,0.3886193206881341
0.290519877675841,0.15465268676277852,0.16688510266491918,0.38794233289646135
0.28809837505489677,0.15019762845849802,0.16337285902503293,0.3983311374615722
0.29063604240282687,0.15415194346289754,0.1625441696113074,0.3926678445229682
0.28375992939099737,0.15225066195939982,0.1615180935569285,0.4024713150926743
0.28178998670801947,0.15064244572441293,0.16570669029685423,0.40186087727071335
0.28081886960391633,0.14864263462394303,0.16510903426791276,0.4054294615042279
0.28152753108348133,0.15364120781527532,0.1603019538188277,0.40452930728241565
0.27973568281938327,0.15066079295154186,0.16872246696035242,0.4008810572687225
0.282141290039491,0.14523913997367266,0.16673979815708645,0.4058797718297499
0.2849604221635884,0.1455584872471416,0.16754617414248021,0.4019349164467898
0.2868490732568402,0.14474845542806708,0.16681376875551632,0.40158870255957635
0.2822862129144852,0.14703315881326354,0.16710296684118672,0.40357766143106455
0.2795414462081129,0.14770723104056438,0.1662257495590829,0.40652557319223986
0.2895548699867783,0.14191273688849715,0.1626267078007933,0.40590568532393123
0.2908208296557811,0.13989408649602825,0.1641659311562224,0.40511915269196824
0.29263992948435436,0.1361833406787131,0.1604230938739533,0.4107536359629793
0.2995169082125604,0.13175230566534915,0.152832674571805,0.41589811155028544
0.3037199124726477,0.12866520787746172,0.15579868708971553,0.41181619256017504
0.29925405879771827,0.13339183852566916,0.15401491882404564,0.4133391838525669
0.30226480836236935,0.1297909407665505,0.15548780487804878,0.4124564459930314
0.3049583150504607,0.12900394910048266,0.1553312856516016,0.410706450197455
0.31040564373897706,0.13095238095238096,0.14682539682539683,0.41181657848324515
0.30940919037199127,0.13085339168490154,0.14792122538293218,0.41181619256017504
0.31776112825033054,0.125605993829881,0.14499779638607316,0.4116350815337153
0.3179805137289637,0.12887511071744906,0.1421612046058459,0.41098317094774134
0.31011826544021026,0.12614980289093297,0.1462987297415681,0.41743320192728867
0.3142100617828773,0.12224183583406885,0.14386584289496912,0.41968225948808474
0.3116710875331565,0.123342175066313,0.14677276746242263,0.4182139699381079
0.30600613765892154,0.12362998684787374,0.14905743095133714,0.4213064445418676
0.3075578855395369,0.12319790301441677,0.14941022280471822,0.4198339886413281
0.30584039233169863,0.12527864467231387,0.14623272403031654,0.422648238965671
0.3077260755048288,0.12510974539069358,0.14442493415276558,0.422739244951712
0.30448154657293497,0.12478031634446397,0.14762741652021089,0.4231107205623902
0.3090507726269316,0.12891832229580574,0.15055187637969095,0.41147902869757175
0.3033112582781457,0.12582781456953643,0.14481236203090508,0.4260485651214128
0.30444444444444446,0.12622222222222224,0.14844444444444443,0.42088888888888887
0.30759046778464255,0.13150926743159752,0.14827890556045895,0.41262135922330095
0.3071177504393673,0.12697715289982425,0.14586994727592267,0.4200351493848858
0.3133599644917887,0.1287172658677319,0.1411451398135819,0.4167776298268975
0.3037037037037037,0.13115468409586056,0.1450980392156863,0.4200435729847495
0.3038309114927345,0.13210039630118892,0.14883311316600617,0.41523557904007047
0.3073861123396727,0.13268465280849182,0.14816452896948254,0.4117647058823529
0.30449978156400176,0.13411970292704237,0.14766273481869813,0.4137177806902578
0.30455531453362256,0.13579175704989155,0.14663774403470717,0.41301518438177875
0.3052401746724891,0.13406113537117903,0.14934497816593886,0.41135371179039304
0.3037135278514589,0.1361626878868258,0.14765694076038904,0.4124668435013263
0.3137516688918558,0.1317311971517579,0.14953271028037382,0.40498442367601245
0.3167181296868108,0.13365681517423908,0.1415968239964711,0.40802823114247905
0.3113456464379947,0.1376429199648197,0.14072119613016712,0.4102902374670185
0.31176213379973766,0.1364232619151727,0.1386095321381723,0.4132050721469174
0.308431629532547,0.1419833988641328,0.1419833988641328,0.4076015727391874
0.30637362637362636,0.1454945054945055,0.13934065934065934,0.4087912087912088
0.30735358872743285,0.13958608542492293,0.14090708938793484,0.41215323645970936
0.30453944468929045,0.14676068752754517,0.14543851917144116,0.40326134861172325
0.2945632798573975,0.14304812834224598,0.14750445632798573,0.41488413547237074
0.30286975717439296,0.1381898454746137,0.1479028697571744,0.411037527593819
0.3071460275188637,0.13404349755881048,0.14513981358189082,0.41367066134043495
0.30887521968365556,0.13005272407732865,0.14938488576449913,0.4116871704745167
0.29982285208148807,0.1328609388839681,0.15101860053144375,0.4162976085031001
0.2938053097345133,0.13185840707964602,0.1504424778761062,0.42389380530973453
0.29424681598594643,0.13921826965305226,0.14888010540184454,0.4176548089591568
0.2967227635075288,0.14437555358724535,0.15013286093888398,0.4087688219663419
0.29440069991251094,0.14698162729658792,0.15266841644794402,0.40594925634295714
0.2965271593944791,0.14559216384683882,0.15138023152270705,0.40650044523597506
0.2961165048543689,0.15048543689320387,0.15136804942630186,0.40203000882612533
0.29210526315789476,0.1482456140350877,0.15745614035087718,0.4021929824561403
0.2957249889819304,0.14720141031291317,0.15777875716174528,0.3992948435434112
0.28660159716060335,0.15306122448979592,0.15394853593611357,0.40638864241348716
0.28258007898200965,0.15225976305397104,0.15664765247915752,0.4085125054848618
0.2833186231244484,0.15180935569285084,0.15489849955869373,0.4099735216240071
0.28074041427941826,0.1498457470251212,0.15645658880564126,0.4129572498898193
0.2833333333333333,0.15087719298245614,0.15482456140350878,0.41096491228070176
0.2797881729920565,0.14518976169461606,0.1624007060900265,0.41262135922330095
