C,D,Oc,Od
0.0,0.0,1.0,0.0
0.2,0.0,0.8,0.0
0.3333333333333333,0.0,0.6666666666666666,0.0
0.2857142857142857,0.09523809523809523,0.6190476190476191,0.0
0.3055555555555556,0.05555555555555555,0.5833333333333334,0.05555555555555555
0.31666666666666665,0.06666666666666667,0.55,0.06666666666666667
0.33695652173913043,0.08695652173913043,0.5108695652173914,0.06521739130434782
0.391304347826087,0.10144927536231885,0.45652173913043476,0.050724637681159424
0.42702702702702705,0.10270270270270271,0.41621621621621624,0.05405405405405406
0.4315352697095436,0.07053941908713693,0.42738589211618255,0.07053941908713693
0.4208860759493671,0.0759493670886076,0.4208860759493671,0.08227848101265822
0.41854636591478694,0.07769423558897243,0.41353383458646614,0.09022556390977443
0.41916167664670656,0.08383233532934131,0.39520958083832336,0.10179640718562874
0.4174917491749175,0.09570957095709572,0.37623762376237624,0.11056105610561057
0.41770401106500693,0.0912863070539419,0.3706777316735823,0.12033195020746888
0.4251781472684085,0.0855106888361045,0.3491686460807601,0.14014251781472684
0.4254473161033797,0.08946322067594434,0.34592445328031807,0.13916500994035785
0.4151436031331593,0.09312445604873804,0.3429068755439513,0.14882506527415143
0.41352805534204456,0.1037663335895465,0.3297463489623367,0.15295926210607225
0.4057063326374391,0.1057759220598469,0.32846207376478775,0.16005567153792624
0.40310077519379844,0.1124031007751938,0.3178294573643411,0.16666666666666666
0.40023682652457077,0.11782119597394908,0.30669034931912376,0.17525162818235643
0.39106145251396646,0.11843575418994413,0.3039106145251397,0.18659217877094972
0.3900106269925611,0.12380446333687567,0.2975557917109458,0.18862911795961743
0.38256048387096775,0.12247983870967742,0.29939516129032256,0.19556451612903225
0.3844660194174757,0.12184466019417475,0.2941747572815534,0.1995145631067961
0.3804398689751989,0.12353766963032288,0.2943378568086102,0.20168460458586804
0.3731684981684982,0.12362637362637363,0.29716117216117216,0.20604395604395603
0.3733809736489504,0.12192943278249219,0.2952210808396606,0.20946851272889683
0.36811464397671295,0.12046574115539632,0.30228392297357815,0.20913569189431258
0.3722981914424349,0.12483458314953683,0.2999558888398765,0.20291133656815175
0.3760384783559248,0.12636641888937472,0.2925229558373415,0.20507214691735898
0.3738359201773836,0.12283813747228381,0.2966740576496674,0.2066518847006652
0.37587719298245614,0.11842105263157894,0.3,0.2057017543859649
0.3733451015004413,0.12268314210061783,0.29876434245366285,0.20520741394527803
0.3738898756660746,0.12255772646536411,0.2926287744227353,0.21092362344582594
0.3755496921723835,0.12225153913808268,0.28935795954265614,0.21284080914687775
0.36756280299691496,0.11943587483472895,0.2974878801234024,0.21551344204495373
0.36363636363636365,0.11915269196822595,0.30185348631950576,0.21535745807590467
0.36876640419947504,0.12510936132983377,0.2900262467191601,0.21609798775153105
0.36685614341932665,0.1215566243987757,0.29383471797114125,0.21775251421075645
0.36802810715854195,0.12121212121212122,0.2995169082125604,0.21124286341677645
0.37058053251855083,0.11959842863378438,0.29855958096900914,0.2112614578786556
0.36976641692375495,0.12384310268840899,0.29528426619656234,0.21110621419127368
0.36772486772486773,0.12522045855379188,0.2923280423280423,0.21472663139329806
0.36865148861646235,0.12828371278458844,0.28765323992994746,0.21541155866900175
0.3675819309123118,0.13020372010628875,0.2887511071744907,0.21346324180690876
0.37173238812583076,0.12893221089942403,0.28400531679220203,0.2153300841825432
0.3663101604278075,0.12967914438502673,0.28119429590017825,0.22281639928698752
0.3712021136063408,0.12901805372082784,0.277851166886834,0.22192866578599735
0.36327433628318584,0.13053097345132744,0.27699115044247785,0.22920353982300884
0.36747252747252745,0.13406593406593406,0.2725274725274725,0.22593406593406593
0.3627148523578669,0.14279418245923314,0.2719259585720582,0.22256500661084178
0.3653591890700749,0.14323490524460114,0.27060379021595415,0.22080211546936976
0.37317397078353254,0.14032757857459052,0.267817618415228,0.21868083222664897
0.36779586449626045,0.14430268367795865,0.2639683238011439,0.22393312802463705
0.37565905096660807,0.14147627416520211,0.26054481546572933,0.22231985940246046
0.3688888888888889,0.1448888888888889,0.26311111111111113,0.22311111111111112
0.36343514829570606,0.14652501106684374,0.27091633466135456,0.21912350597609562
0.3735733099209833,0.1488147497805092,0.26294995610184374,0.21466198419666374
0.36688741721854307,0.15584988962472407,0.2631346578366446,0.2141280353200883
0.3678211310828584,0.15256466462078036,0.26961858833844804,0.2099956159579132
0.37035417577612595,0.14866637516397027,0.2710975076519458,0.20988194140795802
0.3665637406263785,0.14909572121746803,0.2779003087781209,0.20644022937803264
0.36047535211267606,0.1483274647887324,0.28125,0.20994718309859156
0.3618421052631579,0.15087719298245614,0.275,0.21228070175438596
0.3570796460176991,0.15398230088495576,0.27654867256637167,0.21238938053097345
0.35956521739130437,0.14869565217391303,0.2756521739130435,0.21608695652173912
0.3614298323036187,0.1412180052956752,0.27714033539276256,0.2202118270079435
0.36539306104523495,0.14053579270970576,0.2736056214317084,0.2204655248133509
0.36439929328621906,0.14575971731448764,0.2712014134275618,0.21863957597173145
0.3574580759046778,0.14783759929390997,0.2669902912621359,0.22771403353927624
0.3553976010661928,0.15326521545979566,0.2665482007996446,0.22478898267436695
0.35752212389380533,0.15309734513274337,0.265929203539823,0.2234513274336283
0.35657546337157986,0.15842894969108562,0.26434245366284204,0.22065313327449249
0.3612450679526523,0.158702323542306,0.25778167470407715,0.2222709338009645
0.3647469458987784,0.15663176265270506,0.26221640488656195,0.2164048865619546
0.361646234676007,0.15499124343257442,0.260507880910683,0.22285464098073554
0.3605112384310269,0.14676068752754517,0.26443367122080214,0.22829440282062582
0.36773065150852646,0.14866637516397027,0.25929164844774816,0.22431132487975514
0.35826771653543305,0.15135608048993876,0.26027996500437445,0.23009623797025372
0.3623445825932504,0.14786856127886322,0.2562166962699822,0.23357015985790408
0.35929203539823007,0.14690265486725665,0.2584070796460177,0.23539823008849559
0.3623954205195949,0.14090708938793484,0.25935711140466755,0.23734037868780272
0.35537918871252205,0.14109347442680775,0.2601410934744268,0.24338624338624337
0.3526315789473684,0.14385964912280702,0.25833333333333336,0.24517543859649124
0.3481123792800702,0.1479367866549605,0.26251097453906935,0.2414398595258999
0.3545816733067729,0.14431164231961044,0.2656042496679947,0.23550243470562196
0.3569864213753833,0.14586070959264127,0.26412614980289095,0.23302671922908455
0.3634759594177327,0.14424349360388178,0.2651080723423026,0.22717247463608292
0.3634759594177327,0.1446846052051169,0.2620202911336568,0.22981914424349362
0.36599297012302284,0.14455184534270651,0.2592267135325132,0.23022847100175747
0.36359610274579274,0.14570416297608504,0.258193091231178,0.2325066430469442
0.3649184662847069,0.1494050242397532,0.25385632437197003,0.23182018510356986
0.36138175376439324,0.15721877767936226,0.2466784765279008,0.23472099202834368
0.35874834728955485,0.15689731159100925,0.24460114587924195,0.23975319524019392
0.35455349248452694,0.15649867374005305,0.24049513704686118,0.2484526967285588
0.3577342047930283,0.1559912854030501,0.23877995642701524,0.24749455337690632
0.3615147512109203,0.15587846763540292,0.2404227212681638,0.242184059885513
0.35638297872340424,0.15469858156028368,0.23847517730496454,0.2504432624113475
0.36524040582267314,0.15086016762240848,0.23467137185707984,0.24922805469783854
0.3605683836589698,0.15408525754884547,0.23934280639431615,0.24600355239786856
0.36215262461402736,0.1521835024261138,0.24128804587560654,0.24437582708425232
0.36215262461402736,0.1513012792236436,0.2439347154830172,0.24261138067931187
0.3602811950790861,0.1546572934973638,0.2390158172231986,0.2460456942003515
0.36123348017621143,0.14713656387665197,0.2444933920704846,0.24713656387665198
0.3568627450980392,0.14901960784313725,0.24357298474945535,0.25054466230936817
0.3575837742504409,0.15123456790123457,0.24118165784832452,0.25
0.35345581802274717,0.14960629921259844,0.24759405074365703,0.24934383202099739
0.3580517770952172,0.14523913997367266,0.24352786309784993,0.2531812198332602
0.3655536028119508,0.14762741652021089,0.23681898066783832,0.25
0.36010475774770845,0.15102575294631165,0.23788738542121343,0.2509821038847665
0.3589855706165282,0.1530389156099694,0.23874070835155226,0.24923480542195015
0.3513157894736842,0.15570175438596492,0.2442982456140351,0.24868421052631579
0.34966887417218545,0.14922737306843267,0.24812362030905077,0.25298013245033113
0.34417582417582415,0.14945054945054945,0.24747252747252746,0.2589010989010989
0.3468846663720725,0.15024304021210783,0.2474591250552364,0.2554131683605833
0.3485915492957746,0.15360915492957747,0.24911971830985916,0.24867957746478872
0.35125605993829884,0.15204936095196123,0.249008373732922,0.24768620537681799
0.35091543156059285,0.15082824760244115,0.2506538796861377,0.24760244115082825
0.35281195079086114,0.15333919156414763,0.24472759226713534,0.2491212653778559
0.3531468531468531,0.15515734265734266,0.24606643356643357,0.24562937062937062
0.35402906208718626,0.1576398062527521,0.24614707177454867,0.242184059885513
0.3472895548699868,0.15910092551784927,0.25385632437197003,0.23975319524019392
0.3563318777292576,0.15458515283842794,0.24934497816593887,0.23973799126637554
0.35309503051438534,0.16085440278988666,0.24237140366172624,0.24367916303400175
0.34957908728400533,0.1595037660611431,0.24280017722640673,0.24811696942844483
0.3465433729634522,0.15984147952443858,0.2404227212681638,0.2531924262439454
0.3437225636523266,0.16330114135206322,0.24319578577699735,0.2497805092186128
0.33719892952720787,0.16592328278322926,0.24353256021409456,0.25334522747546834
0.33714285714285713,0.16483516483516483,0.2465934065934066,0.25142857142857145
0.33171378091872794,0.1687279151943463,0.25176678445229683,0.247791519434629
0.3253012048192771,0.1717983043284248,0.2534582775546631,0.249442213297635
0.3298429319371728,0.17102966841186737,0.2530541012216405,0.24607329842931938
0.32730480811645346,0.16850463167181298,0.24966916629907365,0.2545213939126599
0.325066430469442,0.16430469441984058,0.2537643932683791,0.25686448184233834
0.33141592920353985,0.1588495575221239,0.2570796460176991,0.25265486725663716
0.3276614310645724,0.15794066317626526,0.2587260034904014,0.2556719022687609
0.3333333333333333,0.1585419411506368,0.24989020641194554,0.25823451910408435
0.33085988651243997,0.15931907463989525,0.2501091226538629,0.25971191619380185
0.33347883020515057,0.1571366215626364,0.25229157573112176,0.2570929725010912
0.3347940403155127,0.16389132340052587,0.2528483786152498,0.24846625766871167
0.33406787130894666,0.1630674305861613,0.250771264874394,0.25209343323049804
0.33274021352313166,0.17170818505338079,0.2531138790035587,0.24243772241992884
0.32894736842105265,0.17456140350877192,0.2543859649122807,0.24210526315789474
0.32940148536478814,0.16994320664045434,0.2603757099169943,0.24027959807776322
0.327032967032967,0.16967032967032966,0.25758241758241757,0.24571428571428572
0.335971855760774,0.16974494283201408,0.2532981530343008,0.24098504837291118
0.33172866520787747,0.17286652078774617,0.2551422319474836,0.24026258205689277
0.32966064345526663,0.1736447774349934,0.25782282944028206,0.2388717496694579
0.32993348115299337,0.17383592017738358,0.2518847006651885,0.2443458980044346
0.3398144056562086,0.16747680070702606,0.25762262483429077,0.2350861688024746
0.3392070484581498,0.17092511013215858,0.25462555066079295,0.23524229074889869
0.33863134657836647,0.1717439293598234,0.25916114790286976,0.2304635761589404
0.34600262123197906,0.16382699868938402,0.2581913499344692,0.23197903014416776
0.3436123348017621,0.16519823788546256,0.260352422907489,0.23083700440528634
0.34146341463414637,0.16245644599303136,0.2578397212543554,0.2382404181184669
0.33961437335670464,0.16126205083260298,0.2607361963190184,0.23838737949167396
0.3401060070671378,0.16740282685512367,0.25530035335689044,0.23719081272084805
0.33727034120734906,0.16710411198600175,0.2545931758530184,0.2410323709536308
0.3395225464190981,0.16755083996463307,0.25552608311229,0.23740053050397877
0.3334795963141729,0.16586222027204914,0.258446687143484,0.24221149627029398
0.33480370533745035,0.15968239964711073,0.2580502867225408,0.2474636082928981
0.33848190644307147,0.16372462488967343,0.24845542806707854,0.24933804060017653
0.3405096660808436,0.16212653778558875,0.2513181019332162,0.2460456942003515
0.3478068232166593,0.16038989809481613,0.25299069561364645,0.23881258307487815
0.34799824021117465,0.15882094148702156,0.25252969643642764,0.24065112186537616
0.3422436459246275,0.1546888694127958,0.25854513584574934,0.24452234881682736
0.343585237258348,0.1577328646748682,0.2543936731107206,0.24428822495606328
0.34125935711140465,0.15940114487010126,0.25407309555262,0.24526640246587406
0.33948988566402816,0.15787159190853123,0.26033421284080915,0.2423043095866315
0.345374449339207,0.15638766519823788,0.25462555066079295,0.24361233480176211
0.3361196656401232,0.16278046634403873,0.25824901011878576,0.24285085789705235
0.33993835314839277,0.16028181417877588,0.25495376486129456,0.24482606781153676
0.3417441345728198,0.16777335104028332,0.24833997343957503,0.24214254094732182
0.3315696649029982,0.16534391534391535,0.2566137566137566,0.2464726631393298
0.33537921964050854,0.16045594037702762,0.25471284524331433,0.2494519947391495
0.3339285714285714,0.15803571428571428,0.2558035714285714,0.25223214285714285
0.32497801231310464,0.15875109938434476,0.26077396657871593,0.25549692172383465
0.32192374350086655,0.16334488734835356,0.2603986135181976,0.25433275563258234
0.32166301969365424,0.1649890590809628,0.25995623632385123,0.25339168490153174
0.3236203090507726,0.16600441501103752,0.25916114790286976,0.25121412803532006
0.3225806451612903,0.1657092355280601,0.25806451612903225,0.25364560318161733
0.3250109505037232,0.1686377573368375,0.2536136662286465,0.2527376259307928
0.3173758865248227,0.1675531914893617,0.261968085106383,0.25310283687943264
0.3236459709379128,0.1668868339938353,0.25451343020695727,0.25495376486129456
0.3190371991247265,0.1649890590809628,0.25470459518599564,0.2612691466083151
0.31274638633377133,0.16644765659220323,0.2614980289093298,0.25930792816469556
0.30914687774846084,0.16710642040457344,0.25769569041336854,0.26605101143359716
0.30762371823450735,0.1645118145341061,0.25769059295586266,0.27017387427552386
0.3192426243945399,0.16776750330250992,0.25451343020695727,0.25847644209599296
0.31870061457418786,0.16286215978928886,0.2546093064091308,0.26382791922739246
0.31836195508586523,0.15896081021576397,0.2536327608982827,0.26904447380008806
0.31808183018037833,0.17069951605807304,0.24593048834139902,0.2652881654201496
0.3191489361702128,0.17331560283687944,0.24468085106382978,0.262854609929078
0.31526016615653696,0.17665063401836467,0.2404897245299519,0.2675994752951465
0.3146608315098468,0.17155361050328227,0.24814004376367615,0.26564551422319477
0.31338028169014087,0.1738556338028169,0.24735915492957747,0.2654049295774648
0.3075578855395369,0.17518567059851464,0.24945391000436873,0.26780253385757974
0.30864197530864196,0.1763668430335097,0.2508818342151676,0.2641093474426808
0.30448154657293497,0.17442882249560632,0.2491212653778559,0.2719683655536028
0.29908176650634016,0.17490161783996502,0.2540445999125492,0.2719720157411456
0.3001339883876731,0.17507815989280928,0.24966502903081733,0.2751228226887003
0.29023861171366594,0.17440347071583515,0.2572668112798265,0.27809110629067246
0.291958041958042,0.17613636363636365,0.25524475524475526,0.27666083916083917
0.29634522236900046,0.17789520035226772,0.24878907970057243,0.2769704975781594
0.2940663176265271,0.17844677137870854,0.2443280977312391,0.2831588132635253
0.2981691368788143,0.17567567567567569,0.24280732345248474,0.2833478639930253
0.3070136744596383,0.1768857520952801,0.2364358182620203,0.27966475518306133
0.30171277997364954,0.178743961352657,0.24022837066315328,0.27931488801054016
0.30803373280071017,0.17354638260097646,0.23746116289391922,0.2809587217043941
0.31211589113257243,0.17208077260755048,0.23968393327480245,0.27611940298507465
0.30505494505494507,0.17274725274725275,0.24395604395604395,0.27824175824175823
0.3050478677110531,0.17449956483899043,0.23672758920800696,0.28372497824194953
0.3141728828433524,0.17112768758227292,0.23211935059236508,0.28258007898200965
0.31913959613696224,0.17295873573309922,0.22783143107989465,0.2800702370500439
0.32026726057906457,0.1714922048997773,0.22316258351893095,0.28507795100222716
0.32028156621205456,0.16937967443906732,0.22437307523097227,0.28596568411790585
0.3175735950044603,0.17082961641391614,0.22613737734165923,0.2854594112399643
0.3172655565293602,0.16608238387379493,0.23006134969325154,0.28659070990359337
0.31534719150818225,0.16629809818664307,0.22733303847854933,0.29102167182662536
0.32091188075405525,0.16133274879438841,0.23016220955721176,0.2875931608943446
0.31957857769973663,0.16022827041264268,0.22870939420544337,0.2914837576821773
0.3208041958041958,0.1577797202797203,0.22508741258741258,0.29632867132867136
0.3120317320405465,0.16086381665932128,0.22829440282062582,0.2988100484795064
0.315626383355467,0.15980522355024346,0.22620628596724215,0.29836210712704736
0.3123359580052493,0.16229221347331582,0.2283464566929134,0.29702537182852146
0.31407146007940007,0.16541685046316718,0.22761358623731803,0.29289810322011467
0.3140350877192982,0.16447368421052633,0.22280701754385965,0.2986842105263158
0.3080298376480913,0.1654234313295305,0.22465993856954805,0.3018867924528302
0.30527248560035447,0.16526362428001773,0.22729286663712894,0.3021710234824989
0.3032714412024757,0.1724137931034483,0.21750663129973474,0.3068081343943413
0.3030035335689046,0.17446996466431094,0.21731448763250882,0.3052120141342756
0.30004418912947417,0.17498895271763146,0.21961997348652232,0.30534688466637205
0.29708222811671087,0.17064544650751548,0.21839080459770116,0.3138815207780725
0.29690265486725664,0.18230088495575222,0.21194690265486726,0.3088495575221239
0.2918681318681319,0.18461538461538463,0.22065934065934065,0.3028571428571429
0.29177602799650043,0.18197725284339458,0.2169728783902012,0.3092738407699038
0.2965578111209179,0.17828773168578993,0.22153574580759047,0.3036187113857017
0.30141843971631205,0.1799645390070922,0.2225177304964539,0.29609929078014185
0.3037135278514589,0.1830238726790451,0.22369584438549955,0.2895667550839965
0.29588677576293676,0.18487394957983194,0.22910216718266255,0.2901371074745688
0.2982842058952926,0.18433787945446548,0.2234931808183018,0.2938847338319402
0.29631274988893824,0.18569524655708575,0.22167925366503777,0.29631274988893824
0.29335071707953064,0.18513689700130379,0.2194697957409822,0.3020425901781834
0.29292929292929293,0.18972332015810275,0.21826965305226176,0.29907773386034253
0.2881654201495821,0.1957765068191817,0.2168939727232732,0.29916410030796303
0.28375992939099737,0.1977052074139453,0.21624007060900266,0.30229479258605474
0.2882843352347521,0.19043440105309345,0.21544537077665643,0.305835892935498
0.29277899343544855,0.19562363238512034,0.212253829321663,0.29934354485776804
0.29,0.1973913043478261,0.21782608695652175,0.29478260869565215
0.2962313759859772,0.19281332164767748,0.22261174408413673,0.2883435582822086
0.2918848167539267,0.18717277486910994,0.22731239092495636,0.293630017452007
0.2850838481906443,0.1884377758164166,0.23300970873786409,0.29346866725507503
0.2857142857142857,0.18562610229276896,0.2328042328042328,0.2958553791887125
0.2906513070447497,0.18032786885245902,0.23792645104120513,0.2910943730615862
0.28777292576419217,0.18340611353711792,0.23624454148471616,0.2925764192139738
0.29624724061810154,0.17748344370860927,0.23885209713024283,0.28741721854304636
0.2923485183547103,0.17691287041132242,0.2419283502874834,0.2888102609464839
0.2860290877038343,0.17584839136183342,0.24283825473776993,0.29528426619656234
0.27628684557853056,0.18301803783545975,0.2388913330400352,0.3018037835459745
0.2674315975286849,0.18137687555163284,0.24669020300088262,0.30450132391879964
0.2742932862190813,0.1868374558303887,0.23807420494699646,0.30079505300353354
0.27140974967061926,0.19104084321475626,0.2318840579710145,0.30566534914361
0.2760898282694848,0.18934390136503743,0.23205636283575518,0.30250990752972257
0.2793594306049822,0.1903914590747331,0.2353202846975089,0.2949288256227758
0.27586206896551724,0.1914235190097259,0.23032714412024757,0.30238726790450926
0.28040689960194604,0.19327731092436976,0.22114108801415303,0.3051747014595312
0.2773403324584427,0.19116360454943132,0.22572178477690288,0.30577427821522307
0.28028293545534927,0.19363395225464192,0.22281167108753316,0.3032714412024757
0.2722859664607237,0.19461606354810237,0.22683142100617829,0.3062665489849956
0.27486910994764396,0.19458987783595114,0.22949389179755672,0.3010471204188482
0.2793271359008411,0.19079238601150952,0.23063302346170872,0.29924745462594066
0.287659200702679,0.1857707509881423,0.22924901185770752,0.29732103645147123
0.2905793896505971,0.18664307828394516,0.2260061919504644,0.29677134011499334
0.2912621359223301,0.1857899382171227,0.22815533980582525,0.294792586054722
0.28857269897732324,0.1907514450867052,0.22276567363272565,0.2979101823032459
0.28872312417727075,0.19218955682316805,0.22114962702939886,0.29793769197016234
0.28809837505489677,0.19587176108915239,0.2222222222222222,0.2938076416337286
0.2958553791887125,0.195326278659612,0.2239858906525573,0.2848324514991182
0.2906468531468531,0.19361888111888112,0.22683566433566432,0.2888986013986014
0.2953941541186891,0.18733392382639505,0.2320637732506643,0.28520814880425155
0.29429960229783475,0.18426866990720284,0.2342023862129916,0.28722934158197083
0.28949691085613416,0.18093556928508384,0.23389232127096204,0.29567519858781993
0.2995575221238938,0.17699115044247787,0.23584070796460177,0.28761061946902655
0.29406593406593406,0.1810989010989011,0.23164835164835165,0.29318681318681317
0.29930191972076786,0.17844677137870854,0.23167539267015708,0.2905759162303665
0.2989916703200351,0.17974572555896537,0.22884699693117053,0.292415607189829
0.3011941618752764,0.17735515258735074,0.23308270676691728,0.28836797877045556
0.3023663453111306,0.1796669588080631,0.23049956178790534,0.287467134092901
0.300087489063867,0.18110236220472442,0.22353455818022747,0.2952755905511811
0.2996914940502424,0.17584839136183342,0.22520934332304982,0.29925077126487437
0.2997335701598579,0.17628774422735347,0.22690941385435168,0.29706927175843695
0.3031374281926646,0.17012814847547503,0.23022536456031817,0.2965090587715422
0.2986784140969163,0.16343612334801763,0.239647577092511,0.2982378854625551
0.2949108307959983,0.16485428447150935,0.23705959112657676,0.3031752936059156
0.2912014292094685,0.17463153193389908,0.2300133988387673,0.3041536400178651
0.2925860547219771,0.17299205648720212,0.2325684024713151,0.30185348631950576
0.2907644719399028,0.17852408307556342,0.23199292973928415,0.29871851524524967
0.29133510167992926,0.17418213969938107,0.23651635720601238,0.2979664014146773
0.28527336860670194,0.17416225749559083,0.24338624338624337,0.29717813051146386
0.28338475099162624,0.1740855002203614,0.24812692816218598,0.29440282062582634
0.28483516483516486,0.1731868131868132,0.2413186813186813,0.30065934065934063
0.2815533980582524,0.176081200353045,0.2436010591350397,0.29876434245366285
0.2892199824715162,0.17747589833479405,0.23488168273444346,0.29842243645924627
0.2891939769707706,0.17936226749335696,0.23693534100974314,0.2945084145261293
0.2924028268551237,0.18153710247349825,0.23895759717314488,0.2871024734982332
0.2894273127753304,0.1828193832599119,0.23700440528634362,0.2907488986784141
0.2866578599735799,0.17789520035226772,0.23513870541611626,0.3003082342580361
0.2894621775251421,0.17752514210756448,0.23917796239615216,0.29383471797114125
0.28615384615384615,0.17054945054945056,0.24835164835164836,0.29494505494505496
0.27884615384615385,0.17613636363636365,0.2513111888111888,0.2937062937062937
0.282389108476065,0.17610891523935002,0.24681598594642074,0.2946859903381642
0.28130590339892664,0.17620751341681573,0.24865831842576028,0.2938282647584973
0.2752414398595259,0.17383669885864794,0.2528533801580334,0.2980684811237928
0.2751971954425942,0.17835232252410166,0.2506573181419807,0.2957931638913234
0.27627494456762747,0.1778270509977827,0.2465631929046563,0.29933481152993346
0.2769434628975265,0.1771201413427562,0.24690812720848057,0.29902826855123676
0.2729693741677763,0.18020417221482468,0.24855747891699956,0.2982689747003995
0.2668416447944007,0.178915135608049,0.2559055118110236,0.2983377077865267
0.2682819383259912,0.17929515418502204,0.25594713656387663,0.2964757709251101
0.2712014134275618,0.1784452296819788,0.2570671378091873,0.29328621908127206
0.2673749446657813,0.1761841522797698,0.25763612217795484,0.29880478087649404
0.27224901359053044,0.17711530030688294,0.2538360368259535,0.29679964927663305
0.27232732072151344,0.17553893532776066,0.2551693796744391,0.29696436427628686
0.26897762176393153,0.17025010969723564,0.25362000877577884,0.307152259763054
0.27541998231653403,0.16445623342175067,0.2550839964633068,0.3050397877984085
0.2779003087781209,0.1689457432730481,0.2523158359064843,0.30083811204234673
0.28017429193899784,0.16775599128540306,0.25315904139433554,0.2989106753812636
0.27714535901926446,0.17600700525394045,0.2526269702276708,0.29422066549912435
0.2835299257317606,0.17737003058103976,0.24508519003931847,0.29401485364788116
0.2819947043248014,0.16990291262135923,0.24933804060017653,0.29876434245366285
0.27945084145261295,0.1682905225863596,0.25863596102745795,0.2936226749335695
0.2752982766239505,0.17101193106495802,0.2571807335395493,0.2965090587715422
0.2782685512367491,0.17226148409893993,0.25662544169611307,0.2928445229681979
0.2771929824561403,0.16842105263157894,0.2535087719298246,0.30087719298245613
0.2732506643046944,0.1705048715677591,0.2471213463241807,0.3091231178033658
0.276707530647986,0.1681260945709282,0.2526269702276708,0.30253940455341505
0.28255093002657217,0.1629760850310009,0.24977856510186006,0.3046944198405669
0.2841007819287576,0.158992180712424,0.25152041702867073,0.3053866203301477
0.28371278458844135,0.16112084063047286,0.24824868651488616,0.30691768826619964
0.27955555555555556,0.16311111111111112,0.24755555555555556,0.30977777777777776
0.2799646174259177,0.15966386554621848,0.24413976116762495,0.31623175586023883
0.2795275590551181,0.15835520559930008,0.24759405074365703,0.31452318460192474
0.282141290039491,0.16235190873189995,0.2430890741553313,0.31241772707327775
0.282233052724856,0.16171909614532565,0.24412937527691625,0.31191847585290206
0.2884191985909291,0.1567591369440775,0.2426243945398503,0.31219726992514313
0.28679750223015166,0.16369313113291703,0.23862622658340768,0.31088314005352363
0.292693661971831,0.1641725352112676,0.23899647887323944,0.304137323943662
0.3034300791556728,0.1613896218117854,0.23966578715919085,0.2955145118733509
0.29084537888742884,0.16688567674113008,0.23828296101620675,0.30398598335523436
0.29706011408512506,0.16322948661693726,0.2360684510750329,0.3036419482229048
0.2948717948717949,0.16489832007073385,0.2382847038019452,0.3019451812555261
0.2982300884955752,0.168141592920354,0.23761061946902653,0.2960176991150443
0.29597197898423816,0.16943957968476359,0.23642732049036777,0.29816112084063046
0.30065934065934063,0.17054945054945056,0.23296703296703297,0.2958241758241758
0.30664916885389326,0.17060367454068243,0.22703412073490814,0.29571303587051617
0.3054101221640489,0.1631762652705061,0.23167539267015708,0.299738219895288
0.304635761589404,0.17218543046357615,0.2260485651214128,0.29713024282560707
0.307487815684537,0.17013735046521933,0.23393885688967656,0.2884359769605671
0.30611353711790396,0.17161572052401747,0.22882096069868996,0.2934497816593886
0.3032172763331864,0.17232260907888938,0.2353459673865139,0.2891141472014103
0.30151843817787416,0.17396963123644252,0.23427331887201736,0.29023861171366594
0.29845474613686535,0.176158940397351,0.23311258278145697,0.2922737306843267
0.2965396408234779,0.17696014016644765,0.22733245729303547,0.29916776171703896
0.2914083259521701,0.18069087688219662,0.23073516386182463,0.2971656333038087
0.28590366769774633,0.17675651789659744,0.23110914714980116,0.30623066725585507
0.2940917107583774,0.17901234567901234,0.22839506172839505,0.2985008818342152
0.2951754385964912,0.1793859649122807,0.22543859649122808,0.3
0.2983693256941384,0.17849272807404143,0.22300572939620977,0.3001322168356104
0.29783473265576665,0.1794078656650464,0.2222713212549713,0.30048608042421565
0.3011889035667107,0.17525319242624396,0.22324966974900926,0.3003082342580361
0.2954844366505918,0.18018412976764578,0.22884699693117053,0.2954844366505918
0.29714285714285715,0.1723076923076923,0.22945054945054946,0.3010989010989011
0.30131004366812225,0.1703056768558952,0.2262008733624454,0.3021834061135371
0.2994325621999127,0.1706678306416412,0.22828459188127456,0.30161501527717155
0.29455992923485186,0.17249004865103937,0.22733303847854933,0.3056169836355595
0.295316565481353,0.16999132697311362,0.22333044232437121,0.3113616652211622
0.29210526315789476,0.16578947368421051,0.225,0.3171052631578947
0.2848965213562307,0.166446499339498,0.23029502421840597,0.31836195508586523
0.28738621586475943,0.16861725184221935,0.2284351972258344,0.3155613350671868
0.2867808519982433,0.16820377689942909,0.23232323232323232,0.3126921387790953
0.28893805309734516,0.16592920353982302,0.22743362831858407,0.3176991150442478
0.29383471797114125,0.160034980323568,0.22431132487975514,0.3218189768255356
0.2916117698726394,0.16117698726394378,0.2274923144488362,0.3197189284145806
0.2892561983471074,0.1605045672031318,0.22923010004349717,0.3210091344062636
0.28703703703703703,0.16005291005291006,0.23633156966490299,0.3165784832451499
0.2907079646017699,0.1561946902654867,0.23495575221238937,0.318141592920354
0.2887323943661972,0.15625,0.23547535211267606,0.31954225352112675
0.28583877995642704,0.15729847494553376,0.23877995642701524,0.31808278867102396
0.2864035087719298,0.15263157894736842,0.24561403508771928,0.31535087719298244
0.2965578111209179,0.1562224183583407,0.23874669020300088,0.3084730803177405
0.29906956136464335,0.1546300398759415,0.23836951705804166,0.3079308817013735
0.2965914121292607,0.15405046480743692,0.23771580345285526,0.3116423196104471
0.293909973521624,0.15710503089143865,0.23918799646954986,0.30979699911738745
0.29246935201401053,0.15674255691768826,0.23861646234676007,0.31217162872154114
0.29481546572934975,0.1586115992970123,0.23769771528998243,0.30887521968365556
0.2929203539823009,0.15663716814159293,0.2415929203539823,0.3088495575221239
0.2860927152317881,0.15408388520971303,0.24194260485651214,0.31788079470198677
0.28931095406360424,0.15503533568904593,0.24293286219081273,0.3127208480565371
0.28925254312251214,0.15922158337019018,0.232640424590889,0.3188854489164087
0.28923076923076924,0.15736263736263736,0.23516483516483516,0.31824175824175827
0.29220489977728287,0.15946547884187082,0.2289532293986637,0.31937639198218265
0.2929602098819414,0.15609969392216877,0.22868386532575427,0.32225623087013555
0.28755555555555556,0.1582222222222222,0.22355555555555556,0.33066666666666666
0.2851476421330983,0.15689731159100925,0.22036139268400176,0.3375936535918907
0.287089715536105,0.16192560175054704,0.2223194748358862,0.32866520787746173
0.29133510167992926,0.16357206012378425,0.22148541114058357,0.32360742705570295
0.28345765686704694,0.1601579640193067,0.22817025010969724,0.3282141290039491
0.2798756108396268,0.16126166148378498,0.2310084406930253,0.32785428698356284
0.2761031017911752,0.16295325469637395,0.23328964613368283,0.32765399737876805
0.2680906713164778,0.16739319965126417,0.23060156931124673,0.33391455972101136
0.2781921895568232,0.16498464238701185,0.2250987275120667,0.3317244405440983
0.27901883486640383,0.17257993867717916,0.22120017520805957,0.3272010512483574
0.2726477024070022,0.1737417943107221,0.2214442013129103,0.3321663019693654
0.28283712784588444,0.17162872154115585,0.22548161120840632,0.3200525394045534
0.2762577228596646,0.1734333627537511,0.22683142100617829,0.323477493380406
0.2869105332745703,0.17232260907888938,0.22168356104010578,0.31908329660643453
0.29416922402455065,0.16834721613327489,0.22007891275756247,0.317404647084612
0.2921099290780142,0.1675531914893617,0.2176418439716312,0.32269503546099293
0.29044919319668555,0.16572176188399476,0.21761883994766681,0.3262102049716529
0.29292929292929293,0.16161616161616163,0.21739130434782608,0.32806324110671936
0.2904363155575143,0.1626267078007933,0.21947994711326577,0.32745702952842665
0.2896368467670505,0.16651904340124005,0.21612046058458814,0.32772364924712133
0.2836218375499334,0.16866400355082112,0.2228140257434532,0.3249001331557923
0.289925208974923,0.16454025516937967,0.2133743950725913,0.332160140783106
0.29078947368421054,0.16535087719298244,0.21754385964912282,0.3263157894736842
0.29023746701846964,0.16358839050131926,0.21899736147757257,0.32717678100263853
0.2875441696113074,0.1687279151943463,0.2151060070671378,0.3286219081272085
0.28722934158197083,0.1643835616438356,0.208572691117985,0.3398144056562086
0.2821978021978022,0.1701098901098901,0.2087912087912088,0.3389010989010989
0.290956749672346,0.17300131061598953,0.20270860637833116,0.3333333333333333
0.2848990342405619,0.17339771729587358,0.20588235294117646,0.3358208955223881
0.27881687690300133,0.1752936059156155,0.20400173988690734,0.34188777729447584
0.2791922739244952,0.17603160667251974,0.21115013169446883,0.33362598770851626
0.285089637079143,0.16921731526016615,0.21381722780935725,0.33187581985133363
0.28496273564226215,0.17492327926348092,0.2104340201665936,0.3296799649276633
0.2864013992129427,0.17315260166156538,0.21031919545255795,0.33012680367293396
0.2865934065934066,0.17274725274725275,0.21318681318681318,0.3274725274725275
0.2901646639964397,0.16777926123720516,0.21450823319982198,0.32754784156653316
0.2883002207505519,0.1686534216335541,0.2088300220750552,0.33421633554083885
0.28603006189213087,0.17595048629531387,0.20733863837312114,0.3306808134394341
0.291520979020979,0.17176573426573427,0.21022727272727273,0.326486013986014
0.2883435582822086,0.17484662576687116,0.2081507449605609,0.32865907099035935
0.28998242530755713,0.17794376098418277,0.21221441124780316,0.31985940246045697
0.2916666666666667,0.17464539007092197,0.2074468085106383,0.3262411347517731
0.28683865325754265,0.17665063401836467,0.21075644949715786,0.32575426322693485
0.28590366769774633,0.1780821917808219,0.20901458241272647,0.32699955810870523
0.2857142857142857,0.17626373626373626,0.21010989010989012,0.3279120879120879
0.29045092838196285,0.1768346595932803,0.21175950486295314,0.3209549071618037
0.28810572687224667,0.17797356828193833,0.2118942731277533,0.32202643171806167
0.29378283712784586,0.17600700525394045,0.20884413309982486,0.3213660245183888
0.28596338273757627,0.1809067131647777,0.2083696599825632,0.3247602441150828
0.28020788220008663,0.1818969250757904,0.2100476396708532,0.3278475530532698
0.2787532923617208,0.1791044776119403,0.21246707638279191,0.329675153643547
0.27232732072151344,0.18081830180378355,0.21205455345358556,0.33479982402111746
0.27485638532920903,0.18205921343349535,0.21122403888643393,0.3318603623508617
0.27403846153846156,0.18269230769230768,0.20541958041958042,0.33784965034965037
0.2740447957839262,0.181379007465964,0.2090469916556873,0.33552920509442247
0.27709251101321586,0.18061674008810572,0.20837004405286344,0.333920704845815
0.2759825327510917,0.18253275109170305,0.2034934497816594,0.33799126637554583
0.2736056214317084,0.18181818181818182,0.2059727711901625,0.3386034255599473
0.2714535901926445,0.18213660245183888,0.2075306479859895,0.33887915936952717
0.2736935341009743,0.18644818423383525,0.21169176262178918,0.3281665190434012
0.26672496720594663,0.184958460865763,0.21075644949715786,0.3375601224311325
0.26687251874724305,0.18129686810763124,0.21393912659902956,0.3378914865460962
0.26672535211267606,0.18265845070422534,0.2108274647887324,0.3397887323943662
0.2704485488126649,0.17678100263852242,0.20536499560246263,0.34740545294635006
0.27616534740545295,0.17546174142480211,0.2022867194371152,0.3460861917326297
0.2791519434628975,0.17579505300353357,0.2040636042402827,0.3409893992932862
0.2750995134896064,0.17779743476337903,0.20698805838124723,0.34011499336576734
0.27943760984182775,0.1766256590509666,0.2056239015817223,0.3383128295254833
0.2801402893467777,0.17404647084612013,0.20604997807978956,0.3397632617273126
0.28703296703296705,0.1687912087912088,0.2021978021978022,0.34197802197802196
0.2904929577464789,0.1742957746478873,0.198943661971831,0.3362676056338028
0.2865961199294533,0.1728395061728395,0.20149911816578484,0.3390652557319224
0.2838964458095656,0.1689337428696797,0.20754716981132076,0.33962264150943394
0.28258967629046366,0.1710411198600175,0.20559930008748906,0.34076990376202976
0.28170250109697237,0.17244405440982888,0.20842474769635805,0.33742869679684073
0.27946273830155977,0.17417677642980936,0.20927209705372618,0.33708838821490467
0.27437141596823994,0.17512130569033965,0.20952801058667844,0.34097926775474197
0.269897732325478,0.17207647843485993,0.21253890618052468,0.3454868830591374
0.2739420935412027,0.16971046770601336,0.21158129175946547,0.3447661469933185
0.27143491781430473,0.16437139049311417,0.21590404264771212,0.3482896490448689
0.271729587357331,0.17295873573309922,0.21334503950834066,0.3419666374012291
0.27128363475959416,0.16806352007057784,0.21438023820026467,0.3462726069695633
0.2703768624014023,0.17046450482033304,0.21779141104294478,0.3413672217353199
0.27048458149779736,0.17180616740088106,0.2171806167400881,0.3405286343612335
0.2674520069808028,0.16928446771378708,0.2164048865619546,0.3468586387434555
0.27076923076923076,0.1731868131868132,0.21494505494505495,0.3410989010989011
0.27140335392762577,0.16902030008826124,0.21050308914386584,0.34907325684024715
0.2741003998223012,0.1679253665037761,0.2132385606397157,0.34473567303420705
0.2862206468763846,0.16614975631369075,0.20292423571112095,0.34470536109880373
0.28839441535776617,0.1649214659685864,0.20986038394415357,0.3368237347294939
0.2886734244160423,0.16527104451300131,0.2115469369766417,0.33450859409431466
0.2860290877038343,0.16659321286910533,0.2146319964742177,0.33274570295284267
0.2820855614973262,0.1711229946524064,0.21390374331550802,0.33288770053475936
0.27463863337713534,0.17608409986859397,0.21944809461235218,0.32982917214191854
0.27602799650043747,0.17935258092738407,0.2222222222222222,0.3223972003499563
0.2725274725274725,0.1832967032967033,0.21846153846153846,0.32571428571428573
0.2726473175021988,0.18161829375549693,0.22031662269129287,0.3254177660510114
0.27770360480640854,0.1802403204272363,0.22118380062305296,0.32087227414330216
0.2756183745583039,0.1775618374558304,0.2230565371024735,0.32376325088339225
0.27530541012216403,0.17801047120418848,0.22207678883071552,0.32460732984293195
0.28029969149405026,0.17893345085940943,0.21683561040105773,0.3239312472454826
0.28327495621716287,0.175569176882662,0.21935201401050788,0.32180385288966723
0.28928884986830555,0.17603160667251974,0.208955223880597,0.3257243195785777
0.29000884173297964,0.17418213969938107,0.20999115826702033,0.32581786030061893
0.292693661971831,0.18221830985915494,0.20862676056338028,0.3164612676056338
0.28822495606326887,0.18233743409490333,0.21133567662565905,0.3181019332161687
0.29452954048140045,0.1838074398249453,0.212253829321663,0.30940919037199127
0.28908296943231443,0.1851528384279476,0.2126637554585153,0.3131004366812227
0.2850155624722099,0.18185860382392174,0.20942641173855048,0.3236994219653179
0.289925208974923,0.17861856577210736,0.20985481742190937,0.3216014078310603
0.2897196261682243,0.17935024477080552,0.20160213618157544,0.32932799287939474
