C,D,Oc,Od
0.0,0.0,0.0,1.0
0.0,0.0,0.5,0.5
0.0,0.0,0.625,0.375
0.0,0.26666666666666666,0.5333333333333333,0.2
0.08695652173913043,0.21739130434782608,0.5652173913043478,0.13043478260869565
0.1282051282051282,0.1794871794871795,0.5384615384615384,0.15384615384615385
0.171875,0.15625,0.53125,0.140625
0.21875,0.125,0.53125,0.125
0.2413793103448276,0.13793103448275862,0.4689655172413793,0.15172413793103448
0.26108374384236455,0.14285714285714285,0.458128078817734,0.13793103448275862
0.29118773946360155,0.13793103448275862,0.4444444444444444,0.12643678160919541
0.3098159509202454,0.147239263803681,0.401840490797546,0.1411042944785276
0.328537170263789,0.12709832134292565,0.38848920863309355,0.15587529976019185
0.34674329501915707,0.11685823754789272,0.3793103448275862,0.15708812260536398
0.3623417721518987,0.1060126582278481,0.36075949367088606,0.17088607594936708
0.380449141347424,0.10171730515191546,0.34610303830911493,0.17173051519154559
0.3803611738148984,0.10158013544018059,0.3397291196388262,0.17832957110609482
0.38095238095238093,0.1010689990281827,0.33138969873663754,0.18658892128279883
0.38596491228070173,0.0985797827903091,0.3241436925647452,0.19131161236424393
0.3770614692653673,0.0952023988005997,0.32158920539730135,0.20614692653673164
0.378698224852071,0.09204470742932282,0.3234714003944773,0.20578566732412887
0.3773006134969325,0.09386503067484663,0.3116564417177914,0.21717791411042944
0.36649514008004574,0.09662664379645512,0.31961120640365925,0.21726700971983992
0.364411294619073,0.09909429941395845,0.3106020245071923,0.22589238145977625
0.36036036036036034,0.1046046046046046,0.3013013013013013,0.23373373373373374
0.3592557251908397,0.10973282442748092,0.2972328244274809,0.23377862595419846
0.3519450800915332,0.11441647597254005,0.29839816933638447,0.23524027459954233
0.3586516853932584,0.1146067415730337,0.2930337078651685,0.23370786516853934
0.35698348951361,0.1142347166443552,0.2936189201249442,0.23516287371709058
0.3557312252964427,0.11725955204216074,0.2902942468159859,0.23671497584541062
0.35458515283842795,0.11572052401746726,0.28995633187772923,0.23973799126637554
0.35177865612648224,0.11638120333772507,0.2902942468159859,0.24154589371980675
0.3451910408432148,0.12121212121212122,0.28809837505489677,0.24549846288976723
0.34081902245706736,0.12681638044914134,0.2857771906649053,0.24658740642888596
0.34447866256049275,0.12802463704355477,0.2828860536735592,0.2446106467223933
0.3371529308065227,0.13089466725429705,0.2842661965623623,0.24768620537681799
0.3395390070921986,0.1351950354609929,0.2841312056737589,0.24113475177304963
0.33923042901371075,0.13578062804068997,0.2848297213622291,0.2401592215833702
0.3451171011931065,0.14007954043305346,0.28060097216084845,0.2342023862129916
0.3484182776801406,0.13927943760984182,0.2789982425307557,0.23330404217926187
0.3426791277258567,0.1330663106364041,0.2870493991989319,0.2372051624388073
0.3460526315789474,0.14035087719298245,0.2789473684210526,0.23464912280701755
0.34797891036906853,0.14015817223198593,0.28427065026362036,0.22759226713532513
0.3497797356828194,0.14185022026431718,0.2806167400881057,0.2277533039647577
0.34863195057369817,0.14210061782877317,0.2797881729920565,0.2294792586054722
0.3426695842450766,0.14310722100656456,0.2818380743982494,0.23238512035010941
0.33888645330995176,0.1477422183252959,0.2801402893467777,0.23323103901797457
0.33980582524271846,0.14386584289496912,0.28640776699029125,0.22992056487202117
0.33923042901371075,0.14860681114551083,0.2830605926581159,0.22910216718266255
0.3489492119089317,0.14141856392294222,0.2788966725043783,0.23073555166374782
0.3397887323943662,0.13776408450704225,0.28741197183098594,0.23503521126760563
0.3378914865460962,0.13806793118659022,0.28804587560652845,0.23599470666078518
0.3331858407079646,0.1407079646017699,0.28628318584070794,0.2398230088495575
0.3309982486865149,0.13660245183887915,0.29378283712784586,0.23861646234676007
0.3305531167690957,0.1391571553994732,0.2919227392449517,0.23836698858647937
0.33141592920353985,0.14469026548672567,0.28982300884955753,0.23407079646017698
0.3290748898678414,0.14273127753303966,0.2889867841409692,0.23920704845814977
0.33421633554083885,0.14083885209713023,0.2860927152317881,0.23885209713024283
0.3353658536585366,0.13937282229965156,0.28702090592334495,0.2382404181184669
0.3393406593406593,0.13714285714285715,0.2821978021978022,0.2413186813186813
0.33245266402465873,0.1448701012769705,0.2809335094671951,0.24174372523117568
0.332892998678996,0.1431087626596213,0.285336856010568,0.23866138265081463
0.33479982402111746,0.14518257809062912,0.2842058952925649,0.2358117025956885
0.33596491228070174,0.1456140350877193,0.27982456140350875,0.23859649122807017
0.33069132540730956,0.1549977983267283,0.2774108322324967,0.23690004403346543
0.3355379188712522,0.15432098765432098,0.2707231040564374,0.23941798941798942
0.338339222614841,0.15591872791519434,0.2667844522968198,0.23895759717314488
0.33774834437086093,0.15938189845474612,0.2693156732891832,0.2335540838852097
0.34458570802279703,0.158702323542306,0.26786497150372646,0.22884699693117053
0.3383259911894273,0.1669603524229075,0.2621145374449339,0.23259911894273128
0.341019955654102,0.16186252771618626,0.2598669623059867,0.23725055432372505
0.33930913860953216,0.16178399650196765,0.2623524267599475,0.2365544381285527
0.3418727915194346,0.15768551236749118,0.26015901060070673,0.24028268551236748
0.34027470093043866,0.16614975631369075,0.256092157731502,0.23748338502436864
0.33638743455497383,0.16404886561954624,0.2613438045375218,0.23821989528795812
0.333628710677891,0.16393442622950818,0.25919361984935757,0.24324324324324326
0.3378854625550661,0.1682819383259912,0.25682819383259914,0.23700440528634362
0.32788334069818825,0.16836058329650905,0.2620415377817057,0.241714538223597
0.3331866197183099,0.16637323943661972,0.2579225352112676,0.2425176056338028
0.33481547354379726,0.16407292129835482,0.25878168074699864,0.24232992441084927
0.33201581027667987,0.16776460254721123,0.2551602986385595,0.2450592885375494
0.33406593406593404,0.16395604395604396,0.2562637362637363,0.24571428571428572
0.3374503749448611,0.16188795765328629,0.2523158359064843,0.24834583149536832
0.34018364669873197,0.15916047223436816,0.2505465675557499,0.25010931351114996
0.3368513632365875,0.16182937554969218,0.2519788918205805,0.24934036939313983
0.33582417582417584,0.1578021978021978,0.2549450549450549,0.25142857142857145
0.3401567944250871,0.1563588850174216,0.2530487804878049,0.25043554006968644
0.33802197802197803,0.16263736263736264,0.2518681318681319,0.24747252747252746
0.34488810881965776,0.15752523036419483,0.24879333040807372,0.24879333040807372
0.3418389793224813,0.16234051913770348,0.24769027716674,0.24813022437307522
0.33541759714158104,0.16614560071460474,0.2474318892362662,0.251004912907548
0.34839842035980695,0.15971917507678807,0.24352786309784993,0.24835454146555508
0.34801762114537443,0.166079295154185,0.23788546255506607,0.24801762114537446
0.34720992028343667,0.16386182462356066,0.23427812223206376,0.2546501328609389
0.34606938954765043,0.16249451032059728,0.2362758014931928,0.2551602986385595
0.35110132158590307,0.15859030837004406,0.23392070484581498,0.2563876651982379
0.3554083885209713,0.1598233995584989,0.22869757174392935,0.2560706401766004
0.35188431200701137,0.15907099035933392,0.22655565293602103,0.2624890446976337
0.3539350822587817,0.15695864828812806,0.22765673632725655,0.2614495331258337
0.3554481546572935,0.1594903339191564,0.22056239015817222,0.26449912126537783
0.3556723609286027,0.164257555847569,0.22207621550591328,0.25799386771791505
0.3541850220264317,0.16740088105726872,0.2185022026431718,0.2599118942731278
0.3526292532037119,0.17057003977021654,0.21652673442333187,0.2602739726027397
0.35398230088495575,0.17035398230088494,0.21858407079646017,0.2570796460176991
0.34953601414052143,0.1723376049491825,0.2205037560760053,0.25762262483429077
0.34759594177326864,0.16982796647551832,0.22364358182620203,0.25893250992501105
0.35294117647058826,0.17080610021786494,0.22178649237472767,0.2544662309368192
0.35353535353535354,0.17303469477382522,0.2160737812911726,0.25735617039964864
0.3516819571865443,0.17562254259501967,0.21930974224552205,0.25338575797291396
0.3484182776801406,0.17486818980667837,0.22671353251318102,0.25
0.3480349344978166,0.1707423580786026,0.225764192139738,0.2554585152838428
0.354541465555068,0.17112768758227292,0.2224659938569548,0.25186485300570427
0.3476357267950963,0.17162872154115585,0.22854640980735552,0.2521891418563923
0.3464566929133858,0.17060367454068243,0.23009623797025372,0.25284339457567806
0.3474426807760141,0.1693121693121693,0.23412698412698413,0.24911816578483245
0.3498901098901099,0.1701098901098901,0.22857142857142856,0.25142857142857145
0.34822601839684625,0.1712658782303986,0.2264564169951818,0.25405168637757336
0.3461875547765118,0.16827344434706398,0.23093777388255915,0.254601226993865
0.34774933804060015,0.1650485436893204,0.22771403353927624,0.2594880847308032
0.3548812664907652,0.16578715919085313,0.22823218997361477,0.2510993843447669
0.3471915081822203,0.16143299425033172,0.23485183547103053,0.2565236620964175
0.35268441728502836,0.15931907463989525,0.2343954604975993,0.2536010475774771
0.3506898086337339,0.15620827770360482,0.2385402759234535,0.2545616377392078
0.33914559721011334,0.15911072362685266,0.24062772449869224,0.2611159546643418
0.3330392589325099,0.1561535068372298,0.24922805469783854,0.2615791795324217
0.3265755839576906,0.16086381665932128,0.24195680916703394,0.27060379021595415
0.3293911519929917,0.15812527376259308,0.24353920280332894,0.2689443714410863
0.3315673289183223,0.15938189845474612,0.24415011037527592,0.26490066225165565
0.3242530755711775,0.16695957820738136,0.23637961335676624,0.27240773286467485
0.32625994694960214,0.16534040671971706,0.2382847038019452,0.27011494252873564
0.3250975292587776,0.16905071521456436,0.24057217165149544,0.26527958387516254
0.33436532507739936,0.16718266253869968,0.2335249889429456,0.2649270234409553
0.33083700440528635,0.173568281938326,0.23480176211453743,0.2607929515418502
0.33507625272331154,0.16993464052287582,0.2383442265795207,0.25664488017429193
0.33714285714285713,0.17274725274725275,0.2320879120879121,0.258021978021978
0.33097969991173876,0.1787290379523389,0.23080317740511916,0.2594880847308032
0.33054208902600263,0.18113706478624944,0.2265315116791538,0.2617893345085941
0.32674571805006586,0.18269653052261747,0.23407992973210365,0.256477821695213
0.3163220413550374,0.19313682358117026,0.23405191377034756,0.2564892212934448
0.3163220413550374,0.18609766827980642,0.2410910690717114,0.2564892212934448
0.3222811671087533,0.1900972590627763,0.23165340406719717,0.25596816976127323
0.3199470432480141,0.1910856134157105,0.23742277140335394,0.25154457193292146
0.32192085371276125,0.18986216096042685,0.23388172521120498,0.2543352601156069
0.3251209854817422,0.18873735151781787,0.23405191377034756,0.25208974923009236
0.31739707835325365,0.1943337760070828,0.2403718459495352,0.2478972996901284
0.3167619885613726,0.1900571931368236,0.24417069951605808,0.24901011878574572
0.30863656291100394,0.19289785181937746,0.24462954844366505,0.2538360368259535
0.3218694885361552,0.1935626102292769,0.24074074074074073,0.24382716049382716
0.3165340406719717,0.20070733863837312,0.23872679045092837,0.2440318302387268
0.31704095112285335,0.19947159841479525,0.23910171730515192,0.24438573315719947
0.31076923076923074,0.20307692307692307,0.23252747252747252,0.25362637362637364
0.31866666666666665,0.20533333333333334,0.22533333333333333,0.25066666666666665
0.3213186813186813,0.2021978021978022,0.2210989010989011,0.2553846153846154
0.32100396301188905,0.20343461030383092,0.22413033905768384,0.2514310876265962
0.3137855579868709,0.20393873085339168,0.2236323851203501,0.25864332603938733
0.31721384205856257,0.19787045252883761,0.22981366459627328,0.25510204081632654
0.3142732431252728,0.19816673941510257,0.22872108249672632,0.2588389349628983
0.323943661971831,0.19674295774647887,0.22711267605633803,0.2522007042253521
0.3220338983050847,0.2016057091882248,0.22212310437109722,0.2542372881355932
0.31755860238832373,0.19725785050862452,0.22733303847854933,0.25785050862450243
0.31560283687943264,0.1999113475177305,0.2247340425531915,0.25975177304964536
0.312390158172232,0.2007908611599297,0.22495606326889278,0.2618629173989455
0.3201407211961302,0.19349164467897978,0.23218997361477572,0.2541776605101143
0.31904551480335835,0.1917808219178082,0.23552806009721608,0.25364560318161733
0.32457293035479634,0.19316688567674112,0.231712658782304,0.2505475251861586
0.3180026281208936,0.19710906701708278,0.23346473937801138,0.2514235654840123
0.32033673017279574,0.19893664155959237,0.23216659282233051,0.24856003544528135
0.31666666666666665,0.2026315789473684,0.23114035087719298,0.24956140350877193
0.31090589270008795,0.20800351802990324,0.22999120492524186,0.2510993843447669
0.3085339168490153,0.20656455142231947,0.23282275711159736,0.25207877461706785
0.30782839451570104,0.19991154356479435,0.22777532065457762,0.26448474126492705
0.3032172763331864,0.1978845306302336,0.23402379903040987,0.26487439400617013
0.30630233583076244,0.20273248126928162,0.23182018510356986,0.25914499779638606
0.30352422907488985,0.2,0.23524229074889869,0.26123348017621145
0.2995633187772926,0.19694323144104803,0.2336244541484716,0.2698689956331878
0.3051890941072999,0.19744942832014073,0.23482849604221637,0.262532981530343
0.2981148619026743,0.20210434020166593,0.23191582639193337,0.26786497150372646
0.2989916703200351,0.1981587023235423,0.23016220955721176,0.27268741779921085
0.30275229357798167,0.20096111839231107,0.2254259501965924,0.27086063783311487
0.30172033524481695,0.19320688134097927,0.2329069254521394,0.2721658579620644
0.3065436978480457,0.1971892841458059,0.23407992973210365,0.2621870882740448
0.3116423196104471,0.19167773351040282,0.2337317397078353,0.26294820717131473
0.3157663592446201,0.19148001756697408,0.2349582784365393,0.2577953447518665
0.3015943312666076,0.19220549158547387,0.24180690876882197,0.26439326837909655
0.3020695728753853,0.19374724790841039,0.23557904007045355,0.26860413914575076
0.3063102541630149,0.18974583698510078,0.23400525854513585,0.26993865030674846
0.3074561403508772,0.18859649122807018,0.23421052631578948,0.26973684210526316
0.30674305861613044,0.1873071837814015,0.23182018510356986,0.2741295724988982
0.31028446389496717,0.19080962800875273,0.22669584245076588,0.2722100656455142
0.31638913234005256,0.18624014022787028,0.21866783523225242,0.2787028921998247
0.320993031358885,0.18205574912891986,0.21994773519163763,0.2770034843205575
0.31382042253521125,0.18617957746478872,0.21919014084507044,0.28080985915492956
0.31164835164835164,0.18593406593406595,0.21406593406593408,0.28835164835164834
0.31539807524059493,0.18722659667541558,0.2099737532808399,0.2874015748031496
0.3216014078310603,0.18389793224813022,0.20985481742190937,0.2846458424989001
0.32544897065265005,0.18440648269820412,0.20455540954883925,0.2855891371003066
0.3178021978021978,0.18769230769230769,0.2079120879120879,0.2865934065934066
0.3253757736516357,0.1870026525198939,0.20733863837312114,0.28028293545534927
0.32172763331864257,0.17981489643014545,0.2150727192595857,0.28338475099162624
0.3224956063268893,0.18497363796133567,0.21309314586994726,0.27943760984182775
0.3173415492957746,0.18221830985915494,0.21522887323943662,0.2852112676056338
0.31455190771960956,0.1867790594498669,0.2129547471162378,0.2857142857142857
0.31211589113257243,0.19446883230904302,0.21071115013169447,0.28270412642669007
0.3191582639193336,0.19158263919333626,0.20824199912319158,0.2810170977641385
0.31675392670157065,0.19284467713787085,0.2094240837696335,0.28097731239092494
0.30921923246581384,0.19585355094838994,0.21349801499779444,0.2814292015880018
0.30563002680965146,0.18811438784629134,0.22073279714030383,0.2855227882037534
0.3089143865842895,0.19329214474845544,0.21668137687555164,0.28111209179170343
0.30924222514235655,0.19316688567674112,0.21681997371879105,0.28077091546211125
0.3068181818181818,0.19143356643356643,0.21896853146853146,0.28277972027972026
0.3085059497576025,0.19303657999118554,0.22080211546936976,0.2776553547818422
0.31164835164835164,0.19956043956043956,0.20703296703296703,0.28175824175824177
0.3134523291249456,0.19634305616020897,0.21158032215933828,0.2786242925555072
0.3147007042253521,0.2007042253521127,0.20642605633802816,0.27816901408450706
0.3100398053958425,0.19725785050862452,0.210968597965502,0.28173374613003094
0.31013215859030835,0.1986784140969163,0.2092511013215859,0.28193832599118945
0.30857142857142855,0.1912087912087912,0.21406593406593408,0.28615384615384615
0.30971128608923887,0.19028871391076116,0.21391076115485563,0.28608923884514437
0.3110720562390158,0.19288224956063268,0.210896309314587,0.2851493848857645
0.31076923076923074,0.19252747252747252,0.2145054945054945,0.2821978021978022
0.30978499341816584,0.19394471259324264,0.2150065818341378,0.2812637121544537
0.3108581436077058,0.18782837127845883,0.21935201401050788,0.2819614711033275
0.3073213502849627,0.1863217886891714,0.22007891275756247,0.2862779482683034
0.30566534914361,0.18050065876152832,0.2261747913921827,0.287659200702679
0.29678555702333775,0.18361955085865259,0.2294143549097314,0.2901805372082783
0.3048672566371681,0.1765486725663717,0.22654867256637168,0.2920353982300885
0.31308203991130823,0.17649667405764966,0.2261640798226164,0.2842572062084257
0.31175693527080584,0.17701453104359313,0.22457067371202113,0.2866578599735799
0.3087336244541485,0.18253275109170305,0.21790393013100437,0.2908296943231441
0.30534688466637205,0.1794078656650464,0.22580645161290322,0.2894387980556783
0.31170539237176675,0.17799210872424376,0.21876370013152127,0.2915387987724682
0.30623066725585507,0.18471056120194432,0.2209456473707468,0.28811312417145385
0.31627296587926507,0.17935258092738407,0.21916010498687663,0.2852143482064742
0.317600352889281,0.17379797088663432,0.2258491398323776,0.2827525363917071
0.3163716814159292,0.17831858407079645,0.22212389380530972,0.2831858407079646
0.31844316674038037,0.1742591773551526,0.22114108801415303,0.286156567890314
0.31211589113257243,0.17515364354697102,0.21817383669885865,0.29455662862159787
0.3156498673740053,0.1825817860300619,0.21618037135278514,0.28558797524314766
0.3131578947368421,0.1780701754385965,0.2236842105263158,0.2850877192982456
0.317404647084612,0.17974572555896537,0.21964050854888206,0.28320911880754057
0.3199647421771706,0.1754076685764654,0.22168356104010578,0.28294402820625825
0.3168056164984642,0.17507678806494076,0.21939447125932426,0.28872312417727075
0.31472527472527473,0.17978021978021977,0.2210989010989011,0.2843956043956044
0.3170947741364039,0.1758193091231178,0.2201062887511072,0.2869796279893711
0.3183236736513598,0.17744092732946945,0.22024074899687918,0.2839946500222916
0.32063773250664307,0.17139061116031887,0.2183348095659876,0.2896368467670505
0.31699779249448123,0.16821192052980133,0.22251655629139072,0.2922737306843267
0.3169136878814298,0.17088055797733218,0.21621621621621623,0.2959895379250218
0.3150326797385621,0.17124183006535948,0.22178649237472767,0.29193899782135074
0.31890459363957596,0.17226148409893993,0.21908127208480566,0.28975265017667845
0.32736013986013984,0.17001748251748253,0.21634615384615385,0.2862762237762238
0.32395604395604394,0.17142857142857143,0.21802197802197804,0.2865934065934066
0.3248126928162186,0.17584839136183342,0.21683561040105773,0.28250330542089025
0.3305309734513274,0.18053097345132743,0.20486725663716815,0.28407079646017697
0.32796420581655483,0.1825503355704698,0.21073825503355706,0.27874720357941835
0.3280141843971631,0.18395390070921985,0.21010638297872342,0.2779255319148936
0.3277972027972028,0.18793706293706294,0.2097902097902098,0.2744755244755245
0.3236331569664903,0.18783068783068782,0.21208112874779542,0.27645502645502645
0.3235945108455069,0.18813634351482958,0.21248339973439576,0.27578574590526783
0.3181818181818182,0.19549867608120036,0.2122683142100618,0.2740511915269197
0.32284840541721277,0.18698121450415028,0.2166885102664919,0.27348186981214506
0.32515337423312884,0.18974583698510078,0.21209465381244522,0.27300613496932513
0.32507739938080493,0.1901813356921716,0.21141088014153028,0.27333038478549315
0.33200883002207504,0.1858719646799117,0.21059602649006623,0.271523178807947
0.31778169014084506,0.18441901408450703,0.2169894366197183,0.28080985915492956
0.31620553359683795,0.18533157663592445,0.22090469916556874,0.27755819060166886
0.3216814159292035,0.18008849557522125,0.22123893805309736,0.27699115044247785
0.3283450704225352,0.18221830985915494,0.2227112676056338,0.26672535211267606
0.33157431838170626,0.17985927880386984,0.21723834652594548,0.27132805628847845
0.32386363636363635,0.1840034965034965,0.22202797202797203,0.2701048951048951
0.3201046663759267,0.19058002616659397,0.21979938944614041,0.26951591801133884
0.3204225352112676,0.19718309859154928,0.21214788732394366,0.27024647887323944
0.31504424778761064,0.19734513274336282,0.21283185840707963,0.27477876106194693
0.3244562805148691,0.18996893031513537,0.21482467820683532,0.2707501109631602
0.3222124670763828,0.1922739244951712,0.21553994732221246,0.26997366110623355
0.322339489885664,0.1948109058927001,0.2075637642919965,0.2752858399296394
0.3261443661971831,0.1993838028169014,0.20026408450704225,0.27420774647887325
0.3290692545213939,0.1980591089545655,0.2007057785619762,0.2721658579620644
0.33348095659876,0.19619131975199292,0.1966341895482728,0.2736935341009743
0.329675153643547,0.1984196663740123,0.19666374012291485,0.2752414398595259
0.33523475208424747,0.1943835015357613,0.19262834576568671,0.27775340061430454
0.32571428571428573,0.1934065934065934,0.19384615384615383,0.28703296703296705
0.3267020335985853,0.1883289124668435,0.20114942528735633,0.2838196286472148
0.3227653016292382,0.19110523998238663,0.202113606340819,0.28401585204755614
0.3193577163247101,0.20026761819803746,0.20383586083853703,0.27653880463871544
0.32286598850066345,0.20168067226890757,0.205218929677134,0.27023440955329503
0.3238262395787626,0.1970162351908732,0.20184291355857834,0.2773146116717859
0.3250883392226148,0.19478798586572438,0.20273851590106007,0.2773851590106007
0.32142857142857145,0.19047619047619047,0.2037037037037037,0.2843915343915344
0.3225520602569783,0.1958351794417368,0.2051395657953035,0.2764731945059814
0.32238010657193605,0.2024866785079929,0.20515097690941386,0.2699822380106572
0.3206474190726159,0.20166229221347332,0.20909886264216973,0.268591426071741
0.31938325991189426,0.20440528634361232,0.21233480176211453,0.26387665198237886
0.3190932868352223,0.20619006102877072,0.2118570183086312,0.26285963382737576
0.3200525394045534,0.20577933450087565,0.2119089316987741,0.26225919439579687
0.3277606687197536,0.1970963484381874,0.21513418389793224,0.2600087989441267
0.3308402991641003,0.20633523977122745,0.20589529256489222,0.25692916849978004
0.3293703214442977,0.20299427564949363,0.20607661822985468,0.261558784676354
0.32948490230905864,0.20470692717584368,0.20381882770870338,0.2619893428063943
0.3308303886925795,0.20097173144876326,0.21068904593639576,0.2575088339222615
0.32207108380868804,0.20228170250109698,0.2114962702939886,0.2641509433962264
0.32446576537287397,0.1966855647623201,0.21674662014827736,0.26210204971652856
0.318859649122807,0.19736842105263158,0.22017543859649122,0.26359649122807016
0.31456225252969644,0.20281566212054553,0.21645402551693796,0.26616805983282005
0.3165340406719717,0.20380194518125552,0.21971706454465076,0.259946949602122
0.30985915492957744,0.20642605633802816,0.22095070422535212,0.26276408450704225
0.3089788732394366,0.20994718309859156,0.21830985915492956,0.26276408450704225
0.312035010940919,0.2100656455142232,0.21575492341356675,0.262144420131291
0.3123083661848445,0.2049934296977661,0.21944809461235218,0.26325010950503724
0.30898627711376714,0.20805666223992916,0.22177954847277556,0.26117751217352814
0.30863656291100394,0.20254274441034634,0.2222709338009645,0.26654975887768523
0.3148392778511669,0.19594892118009688,0.22324966974900926,0.265962131219727
0.31291028446389496,0.1986870897155361,0.21531728665207878,0.27308533916849015
0.30803177405119153,0.20211827007943514,0.21977052074139453,0.27007943512797883
0.3055555555555556,0.2006172839506173,0.2208994708994709,0.27292768959435626
0.30123131046613894,0.19832893579595426,0.22515391380826738,0.2752858399296394
0.3077597544936431,0.20254274441034634,0.21876370013152127,0.27093380096448927
0.31112072695802684,0.2046733016010385,0.21938554738208568,0.264820424058849
0.3094708759448644,0.19919964428634948,0.223654957759004,0.26767452200978215
0.30492676431424764,0.20550377274744785,0.22325787838437638,0.2663115845539281
0.3026719229084538,0.20937363118703461,0.2172579938677179,0.2706964520367937
0.2984154929577465,0.2147887323943662,0.21654929577464788,0.27024647887323944
0.2941696113074205,0.21598939929328623,0.2151060070671378,0.2747349823321555
0.28716814159292037,0.22035398230088496,0.2176991150442478,0.27477876106194693
0.288641425389755,0.21247216035634744,0.222271714922049,0.27661469933184857
0.286156567890314,0.21362229102167182,0.22467934542237947,0.2755417956656347
0.2852112676056338,0.22007042253521128,0.22095070422535212,0.2737676056338028
0.2820288587669436,0.21512898994315696,0.22474857892435504,0.2780935723655444
0.2768686421937196,0.21627598407784165,0.22865988500663423,0.2781954887218045
0.2780935723655444,0.2195015303891561,0.22212505465675558,0.28027984258854394
0.2798605056669573,0.22144725370531823,0.22537053182214473,0.27332170880557977
0.2839396628216504,0.2178349600709849,0.22582076308784382,0.2724046140195209
0.28818693206404156,0.22068368671570748,0.22198182604932928,0.2691475551709217
0.2907801418439716,0.21365248226950354,0.2296099290780142,0.26595744680851063
0.2872246696035242,0.21145374449339208,0.22555066079295155,0.2757709251101322
0.2915929203539823,0.21460176991150443,0.22212389380530972,0.27168141592920353
0.29212983548243665,0.21431747443308136,0.21742996887505558,0.27612272120942644
0.295873573309921,0.21641791044776118,0.21685689201053557,0.2708516242317823
0.2956252761820592,0.21210782147591692,0.21564295183384888,0.276623950508175
0.29203935599284436,0.21511627906976744,0.2204830053667263,0.2723613595706619
0.2893356643356643,0.21241258741258742,0.22465034965034966,0.2736013986013986
0.29254385964912283,0.21096491228070174,0.218859649122807,0.2776315789473684
0.28690319754708715,0.21287779237844942,0.22382829610162067,0.27639071397284276
0.290223586146427,0.21131082858395442,0.21788689171416045,0.2805786935554581
0.2979286029087704,0.20493609519612163,0.2150727192595857,0.28206258263552225
0.30148992112182293,0.20639789658194566,0.21297107800175286,0.2791411042944785
0.2966549295774648,0.20422535211267606,0.21786971830985916,0.28125
0.2945326278659612,0.20326278659611993,0.22354497354497355,0.2786596119929453
0.2855883649184663,0.2093433230498017,0.22300572939620977,0.28206258263552225
0.28766519823788544,0.20837004405286344,0.22290748898678414,0.28105726872246695
0.28615115771079075,0.21494102228047182,0.2236784622105723,0.27522935779816515
0.2782956058588549,0.21438082556591212,0.22458943630714603,0.28273413226808697
0.2773851590106007,0.21113074204946997,0.22659010600706714,0.2848939929328622
0.27493380406001766,0.21270962047661077,0.22727272727272727,0.2850838481906443
0.27023440955329503,0.20919946926138877,0.22733303847854933,0.2932330827067669
0.2689594356261023,0.20943562610229277,0.23236331569664903,0.2892416225749559
0.26276408450704225,0.20906690140845072,0.23723591549295775,0.2909330985915493
0.26420079260237783,0.21224130339057684,0.23469837076177896,0.2888595332452664
0.2596660808435852,0.2100175746924429,0.23725834797891038,0.29305799648506153
0.25300668151447664,0.21202672605790646,0.2400890868596882,0.29487750556792874
0.24465765372873965,0.20758831225468818,0.24160488443087658,0.3061491495856956
0.2545931758530184,0.21172353455818022,0.23447069116360456,0.2992125984251969
0.2588183421516755,0.21516754850088182,0.23236331569664903,0.29365079365079366
0.25440140845070425,0.2169894366197183,0.22799295774647887,0.30061619718309857
0.25109553023663456,0.22261174408413673,0.2287467134092901,0.29754601226993865
0.25207514198339886,0.2219309742245522,0.2254259501965924,0.3005679335954565
0.2599826388888889,0.2191840277777778,0.21788194444444445,0.3029513888888889
0.26001780943900266,0.2163846838824577,0.22484416740872662,0.298753339269813
0.25793650793650796,0.2261904761904762,0.21869488536155202,0.29717813051146386
0.2566915313734094,0.2198332602018429,0.2250987275120667,0.298376480912681
0.2602018429135586,0.22027204914436158,0.22641509433962265,0.2931110136024572
0.26371215445370777,0.2242211496270294,0.2250987275120667,0.28696796840719613
0.26587301587301587,0.21296296296296297,0.2310405643738977,0.29012345679012347
0.26416739319965127,0.21316477768090672,0.22755013077593722,0.2951176983435048
0.2662852112676056,0.21390845070422534,0.22799295774647887,0.2918133802816901
0.2649647887323944,0.21786971830985916,0.22843309859154928,0.2887323943661972
0.2654049295774648,0.21654929577464788,0.22535211267605634,0.292693661971831
0.2656042496679947,0.21381142098273573,0.22487826471890218,0.2957060646303674
0.2676118741692512,0.21001329198050508,0.22197607443509082,0.30039875941515287
0.2728471001757469,0.20826010544815465,0.2157293497363796,0.3031634446397188
0.269757174392936,0.20618101545253864,0.21677704194260486,0.3072847682119205
0.26412614980289095,0.2084975908891809,0.22032413491020586,0.3070521243977223
0.26593406593406593,0.20835164835164835,0.21626373626373627,0.30945054945054945
0.26865671641791045,0.20719929762949957,0.21466198419666374,0.3094820017559263
0.26452464788732394,0.2055457746478873,0.2147887323943662,0.31514084507042256
0.26831421006178285,0.205648720211827,0.21579876434245365,0.31023830538393643
0.26763031099430573,0.21243977222952257,0.21550591327201052,0.3044240035041612
0.2699602999558888,0.2112924569916189,0.21702690780767533,0.30172033524481695
0.269010989010989,0.20923076923076922,0.21714285714285714,0.3046153846153846
0.27208480565371024,0.20936395759717313,0.21643109540636044,0.30212014134275617
0.2619047619047619,0.20987654320987653,0.21781305114638447,0.31040564373897706
0.2558037669732808,0.21419185282522996,0.219886114761279,0.31011826544021026
0.2540874944763588,0.21254971277065843,0.2191780821917808,0.31418471056120195
0.2598944591029024,0.21328056288478453,0.21372031662269128,0.3131046613896218
0.253315649867374,0.21175950486295314,0.22458001768346597,0.3103448275862069
0.2508818342151676,0.21825396825396826,0.22310405643738976,0.30776014109347444
0.24691358024691357,0.222663139329806,0.2257495590828924,0.304673721340388
0.2471213463241807,0.22276350752878654,0.224977856510186,0.3051372896368468
0.24214254094732182,0.22089420097388224,0.2297476759628154,0.30721558211598055
0.243978590544157,0.22747546833184656,0.22524531668153436,0.3033006244424621
0.23991228070175438,0.225,0.22807017543859648,0.30701754385964913
0.2391304347826087,0.22138420585625554,0.22759538598047915,0.3118899733806566
0.24305249228054698,0.21746801940891045,0.2267313630348478,0.31274812527569473
0.24259832081307997,0.22315510384445428,0.22934158197083518,0.3049049933716306
0.24440465532676814,0.21844225604297224,0.2287376902417189,0.3084153983885407
0.23807439824945295,0.2236323851203501,0.23063457330415754,0.30765864332603937
0.239647577092511,0.21938325991189428,0.2277533039647577,0.313215859030837
0.23836951705804166,0.22507753655294638,0.2206468763845813,0.31590607000443066
0.23899647887323944,0.22843309859154928,0.21830985915492956,0.3142605633802817
0.2312062937062937,0.22683566433566432,0.21853146853146854,0.32342657342657344
0.23248686514886166,0.22504378283712784,0.22110332749562173,0.3213660245183888
0.2290845378887429,0.22163819535698642,0.22601839684625494,0.3232588699080158
0.2270509977827051,0.22084257206208427,0.22527716186252772,0.32682926829268294
0.2336572438162544,0.2252650176678445,0.21996466431095407,0.321113074204947
0.23087071240105542,0.22427440633245382,0.2233948988566403,0.32145998240985046
0.23259911894273128,0.22246696035242292,0.22246696035242292,0.3224669603524229
0.23454063604240283,0.21996466431095407,0.22128975265017667,0.32420494699646646
0.2339489885664028,0.21899736147757257,0.22031662269129287,0.32673702726473175
0.237928007023705,0.2151009657594381,0.22036874451273047,0.32660228270412645
0.2418358340688438,0.21315092674315975,0.2210944395410415,0.32391879964695497
0.24277456647398843,0.22009782125389063,0.21609604268563806,0.3210315695864829
0.23790677220756376,0.22251539138082674,0.21459982409850484,0.32497801231310464
0.24017467248908297,0.2131004366812227,0.22270742358078602,0.3240174672489083
0.2437745740498034,0.21231979030144169,0.21799912625600698,0.3259065093927479
0.25011008366358434,0.2043152796125055,0.22236900044033464,0.3232056362835755
0.25353356890459366,0.20053003533568906,0.2234982332155477,0.3224381625441696
0.24856765094755398,0.20229175848391362,0.23226090788893786,0.31687968267959454
0.2545454545454545,0.19334811529933482,0.23015521064301553,0.32195121951219513
0.2538360368259535,0.19465146865409907,0.23235423060061378,0.3191582639193336
0.25734327049539674,0.18939061814993424,0.23103901797457255,0.3222270933800965
0.2567269519188355,0.18835465372739302,0.22805469783855314,0.32686369651521835
0.2610619469026549,0.18584070796460178,0.22831858407079647,0.3247787610619469
0.26073483842408146,0.19034971226206285,0.22797698096502877,0.3209384683488269
0.261978021978022,0.19384615384615383,0.22065934065934065,0.32351648351648354
0.25543237250554324,0.19201773835920177,0.22172949002217296,0.33082039911308203
0.2612732095490716,0.1892130857648099,0.22104332449160036,0.32847038019451813
0.26541320507214694,0.18583296895496285,0.2129427197201574,0.33581110625273286
0.2717247463608293,0.18438464931627702,0.2121746801940891,0.3317159241288046
0.2683677958644963,0.18785745710514737,0.2067751869775627,0.3369995600527937
0.2668428005284016,0.18846323205636284,0.21268163804491413,0.33201232937032144
0.27077865266841644,0.18591426071741032,0.20822397200349957,0.3350831146106737
0.27714535901926446,0.18826619964973731,0.20884413309982486,0.3257443082311734
0.2821978021978022,0.1898901098901099,0.19956043956043956,0.3283516483516484
0.27792436235708,0.18777484608619174,0.20712401055408972,0.32717678100263853
0.27812223206377323,0.18821966341895482,0.20682019486271036,0.32683790965456155
0.2724485326325011,0.19010074463425317,0.2049934296977661,0.3324572930354796
0.2648482182138143,0.18873735151781787,0.21381434227892654,0.33260008798944124
0.26649076517150394,0.19393139841688653,0.21240105540897097,0.32717678100263853
0.26940035273368607,0.19135802469135801,0.20634920634920634,0.33289241622574955
0.26846528084918175,0.19239274657231314,0.21318000884564353,0.32596196373286157
0.26799116997792494,0.19161147902869757,0.2097130242825607,0.33068432671081677
0.26672535211267606,0.19234154929577466,0.2108274647887324,0.3301056338028169
0.26857142857142857,0.19604395604395605,0.2153846153846154,0.32
0.267927848658161,0.19841619005719313,0.21733391992960846,0.3163220413550374
0.273568281938326,0.19515418502202644,0.21409691629955946,0.31718061674008813
0.27344434706397897,0.19588080631025417,0.2116564417177914,0.31901840490797545
0.2719756309834639,0.19799825935596171,0.2093124456048738,0.3207136640557006
0.2779255319148936,0.19193262411347517,0.20921985815602837,0.32092198581560283
0.27775320654577623,0.18885448916408668,0.20787262273330384,0.32551968155683325
0.28239929947460596,0.19264448336252188,0.2053415061295972,0.31961471103327493
0.2833186231244484,0.19020300088261252,0.20432480141218004,0.32215357458075905
0.27829150154117127,0.18714222809335096,0.19771025979744605,0.3368560105680317
0.28258007898200965,0.18297498903027642,0.20052654673102238,0.33391838525669154
0.2824360105913504,0.18711385701676964,0.19638128861429832,0.3340688437775816
0.2883762200532387,0.17923691215616683,0.20319432120674358,0.32919254658385094
0.2865853658536585,0.1798780487804878,0.20034843205574912,0.33318815331010454
0.28424350940017906,0.17905102954341987,0.20232766338406447,0.3343777976723366
0.28257042253521125,0.18485915492957747,0.19718309859154928,0.335387323943662
0.2843956043956044,0.18373626373626373,0.19252747252747252,0.3393406593406593
0.2800177226406735,0.18077093486929552,0.19627824545857334,0.3429330970314577
0.2740088105726872,0.18766519823788547,0.19427312775330396,0.34405286343612335
0.27276726792784867,0.18565772107347117,0.19665640123185218,0.344918609766828
0.2726063829787234,0.1870567375886525,0.19636524822695037,0.34397163120567376
0.27201394943330426,0.1857018308631212,0.1974716652136007,0.34481255448997383
0.2744755244755245,0.1875,0.1840034965034965,0.354020979020979
0.2725274725274725,0.18373626373626373,0.1912087912087912,0.3525274725274725
0.27564674397859057,0.1886708296164139,0.18421052631578946,0.3514719000892061
0.2753303964757709,0.18986784140969162,0.18370044052863435,0.35110132158590307
0.27439824945295405,0.18599562363238512,0.18599562363238512,0.3536105032822757
0.2724458204334365,0.18841220698805838,0.18531623175586023,0.35382574082264484
0.27794962439239945,0.18426866990720284,0.17764030048608043,0.36014140521431726
0.2754517408550022,0.1864257382106655,0.17981489643014545,0.35830762450418685
0.273286467486819,0.18760984182776802,0.18014059753954306,0.35896309314586994
0.27352682497801234,0.1882145998240985,0.18293755496921724,0.35532102022867196
0.2778021978021978,0.19296703296703296,0.1832967032967033,0.34593406593406595
0.2797881729920565,0.1968225948808473,0.18358340688437777,0.33980582524271846
0.2748898678414097,0.1947136563876652,0.18105726872246697,0.34933920704845817
0.2742285962624946,0.19730551933941765,0.18557149065623643,0.3428943937418514
0.27508802816901406,0.19586267605633803,0.18794014084507044,0.34110915492957744
0.27380952380952384,0.20414462081128748,0.18209876543209877,0.33994708994708994
0.27578574590526783,0.2014165559982293,0.1783975210270031,0.34440017706949977
0.2740026304252521,0.20561157387110915,0.17273125822007893,0.34765453748355984
0.27807017543859647,0.20307017543859648,0.1763157894736842,0.3425438596491228
0.2788546255506608,0.20352422907488987,0.17048458149779736,0.347136563876652
0.28149779735682817,0.19955947136563876,0.16651982378854627,0.3524229074889868
0.2800875273522976,0.20218818380743983,0.17024070021881837,0.3474835886214442
0.2787746170678337,0.19781181619256016,0.16980306345733043,0.3536105032822757
0.28118113706478626,0.19876597620096959,0.17276333186425738,0.3472895548699868
0.2805410122164049,0.19633507853403143,0.17888307155322863,0.34424083769633507
0.2807250221043324,0.20114942528735633,0.1839080459770115,0.33421750663129973
0.28118113706478626,0.2009695901278096,0.18289995592772146,0.33494931687968266
0.28240942819729375,0.2003491924923614,0.17983413356612832,0.3374072457442165
0.27575488454706926,0.20204262877442272,0.1825044404973357,0.3396980461811723
0.27549668874172184,0.20132450331125828,0.18189845474613686,0.341280353200883
0.27356422621657167,0.20385795703638754,0.17974572555896537,0.3428320911880754
0.27196467991169976,0.20088300220750552,0.1827814569536424,0.3443708609271523
0.27512066695919263,0.20579201404124617,0.17858709960508995,0.3405002193944713
0.2780935723655444,0.20157411456055968,0.18408395277656317,0.33624836029733274
0.287215411558669,0.19352014010507881,0.1808231173380035,0.3384413309982487
0.28249336870026526,0.1909814323607427,0.1843501326259947,0.3421750663129973
0.28792569659442724,0.19062361786819992,0.17868199911543564,0.3427686864219372
0.29255550718328255,0.19198955158902917,0.18067043970396168,0.3347845015237266
0.29334500875656744,0.19176882661996497,0.18126094570928197,0.3336252189141856
0.29256489221293447,0.18961724593048834,0.18169819621645403,0.3361196656401232
0.29159369527145357,0.19220665499124343,0.18038528896672504,0.3358143607705779
0.29336283185840706,0.18938053097345134,0.17787610619469027,0.33938053097345133
