C,D,Oc,Od
0.0,1.0,0.0,0.0
0.0,0.75,0.25,0.0
0.0,0.625,0.375,0.0
0.13333333333333333,0.6,0.26666666666666666,0.0
0.19230769230769232,0.5384615384615384,0.2692307692307692,0.0
0.18604651162790697,0.4883720930232558,0.32558139534883723,0.0
0.19047619047619047,0.4603174603174603,0.3492063492063492,0.0
0.22580645161290322,0.44086021505376344,0.3333333333333333,0.0
0.23134328358208955,0.417910447761194,0.34328358208955223,0.007462686567164179
0.2640449438202247,0.37640449438202245,0.3539325842696629,0.0056179775280898875
0.29045643153526973,0.3236514522821577,0.3775933609958506,0.008298755186721992
0.27692307692307694,0.29846153846153844,0.4123076923076923,0.012307692307692308
0.3049645390070922,0.2765957446808511,0.3971631205673759,0.02127659574468085
0.30570902394106814,0.26703499079189685,0.39042357274401474,0.03683241252302026
0.3264094955489614,0.24480712166172106,0.37537091988130566,0.05341246290801187
0.3208955223880597,0.24129353233830847,0.3694029850746269,0.06840796019900497
0.32553191489361705,0.2478723404255319,0.3468085106382979,0.0797872340425532
0.3330373001776199,0.2353463587921847,0.3410301953818828,0.0905861456483126
0.3265940902021773,0.23483670295489892,0.3297045101088647,0.1088646967340591
0.335825968728756,0.2290958531611149,0.3161114887831407,0.11896668932698844
0.3385542168674699,0.23132530120481928,0.30903614457831324,0.1210843373493976
0.34383637368711994,0.22388059701492538,0.30127142067440577,0.1310116086235489
0.3437826541274817,0.2220480668756531,0.29780564263322884,0.13636363636363635
0.3449119373776908,0.22015655577299412,0.29696673189823874,0.1379647749510763
0.3461719116956318,0.22310944105213715,0.29074682949741665,0.13997181775481446
0.34629460201280876,0.21043000914913082,0.29734675205855443,0.14592863677950596
0.3453976764968722,0.21045576407506703,0.29445933869526364,0.14968722073279714
0.3359683794466403,0.20948616600790515,0.30039525691699603,0.1541501976284585
0.3401060070671378,0.21289752650176677,0.2946113074204947,0.1523851590106007
0.34040671971706454,0.20468611847922194,0.29929266136162685,0.15561450044208666
0.33712286838653255,0.20638390905115872,0.29908176650634016,0.1574114560559685
0.33245266402465873,0.21136063408190225,0.29590488771466317,0.16028181417877588
0.3304233958969882,0.20907900480139677,0.29594063727629855,0.16455696202531644
0.32266666666666666,0.20844444444444443,0.30266666666666664,0.16622222222222222
0.3252534156015866,0.20890260026443366,0.29308065226972235,0.17276333186425738
0.32938076416337286,0.21212121212121213,0.2859025032938076,0.1725955204216074
0.3264770240700219,0.2148796498905908,0.2884026258205689,0.17024070021881837
0.325540361711513,0.21085134539038378,0.2893692104102338,0.17423908248786943
0.32625994694960214,0.21175950486295314,0.28691423519009723,0.17506631299734748
0.3270412642669008,0.21334503950834066,0.28094820017559263,0.17866549604916593
0.32297592997811814,0.21269146608315098,0.2827133479212254,0.18161925601750548
0.3295701259227095,0.2153712548849327,0.27572731220147634,0.17933130699088146
0.32581786030061893,0.21485411140583555,0.28028293545534927,0.17904509283819628
0.3307017543859649,0.2100877192982456,0.27456140350877195,0.18464912280701753
0.3314235345967387,0.2124283825473777,0.2728074041427942,0.18334067871308946
0.32873665480427045,0.21218861209964412,0.27179715302491103,0.18727758007117437
0.32655766681396375,0.2147591692443659,0.26999558108705257,0.18868758285461776
0.320704845814978,0.21762114537444935,0.2682819383259912,0.19339207048458149
0.32682926829268294,0.21019955654101996,0.2665188470066519,0.19645232815964522
0.3290917068889864,0.20754716981132076,0.2685388328214129,0.19482229047827995
0.32953549517966696,0.21428571428571427,0.26380368098159507,0.19237510955302367
0.3259423503325942,0.21241685144124167,0.2616407982261641,0.2
0.31560283687943264,0.2220744680851064,0.2641843971631206,0.1981382978723404
0.32164767747589834,0.21910604732690622,0.25942156003505695,0.19982471516213848
0.3174744330813695,0.2218763895064473,0.2667852378835038,0.19386393952867942
0.3181214000886132,0.22197607443509082,0.2671688081524147,0.19273371732388125
0.32202643171806167,0.22202643171806166,0.26563876651982377,0.19030837004405288
0.3254177660510114,0.2260334212840809,0.26297273526824977,0.18557607739665788
0.3237885462555066,0.23392070484581498,0.2537444933920705,0.18854625550660792
0.32685512367491165,0.23542402826855124,0.24734982332155478,0.19037102473498232
0.33141338059370845,0.23881258307487815,0.24501550731058927,0.1847585290208241
0.32953549517966696,0.2331288343558282,0.24583698510078877,0.19149868536371603
0.3201754385964912,0.23728070175438595,0.24385964912280703,0.1986842105263158
0.31685789938217124,0.235657546337158,0.25375110326566636,0.19373345101500442
0.31648351648351647,0.2356043956043956,0.2549450549450549,0.19296703296703296
0.30612244897959184,0.24267968056787934,0.2484472049689441,0.20275066548358472
0.30531358885017423,0.24128919860627177,0.25,0.203397212543554
0.3102076889085285,0.24392399469730447,0.24480777728678746,0.2010605391073796
0.3224956063268893,0.2359402460456942,0.24077328646748683,0.2007908611599297
0.3189995612110575,0.23826239578762615,0.23913997367266346,0.20359806932865293
0.31514084507042256,0.238556338028169,0.23943661971830985,0.2068661971830986
0.31364653243847873,0.2447427293064877,0.23355704697986576,0.2080536912751678
0.31411096548711226,0.24770642201834864,0.23110528615115772,0.20707732634338138
0.32289369210410235,0.2474636082928981,0.2262902514336127,0.20335244816938686
0.32685512367491165,0.2416077738515901,0.2252650176678445,0.2062720848056537
0.3216014078310603,0.24505059392872855,0.22085349758029035,0.21249450065992082
0.3177198409191339,0.2496685815289439,0.22182942996022978,0.21078214759169245
0.3129370629370629,0.2556818181818182,0.22202797202797203,0.20935314685314685
0.31537450722733246,0.25229960578186594,0.21944809461235218,0.21287779237844942
0.31820185103569854,0.250771264874394,0.21947994711326577,0.2115469369766417
0.3172779496243924,0.2571807335395493,0.21608484312859036,0.20945647370746795
0.31858019281332167,0.2541630148992112,0.21779141104294478,0.20946538124452235
0.31777777777777777,0.25155555555555553,0.21955555555555556,0.2111111111111111
0.31746031746031744,0.25573192239858905,0.2204585537918871,0.20634920634920634
0.3182624113475177,0.24822695035460993,0.22118794326241134,0.212322695035461
0.312417145382236,0.25320371188687585,0.2209456473707468,0.21343349536014142
0.31208499335989376,0.249667994687915,0.2182381584772023,0.22000885347498894
0.3160667251975417,0.24100087796312555,0.22168568920105355,0.2212467076382792
0.31648351648351647,0.24571428571428572,0.22417582417582418,0.21362637362637363
0.31736263736263737,0.2479120879120879,0.22021978021978023,0.2145054945054945
0.32100396301188905,0.2523117569352708,0.21356230735358872,0.21312197269925143
0.31097560975609756,0.25217770034843207,0.218205574912892,0.2186411149825784
0.3116258741258741,0.2556818181818182,0.21678321678321677,0.2159090909090909
0.31604827894501564,0.2521233795261511,0.21502011622708986,0.2168082253017434
0.31282952548330406,0.2482425307557118,0.2157293497363796,0.22319859402460457
0.31114070128717264,0.2534398579671549,0.2103861517976032,0.22503328894806923
0.31718061674008813,0.252863436123348,0.20969162995594715,0.22026431718061673
0.3127208480565371,0.25530035335689044,0.2151060070671378,0.21687279151943462
0.3129131776112825,0.25385632437197003,0.2119876597620097,0.22124283825473778
0.3145374449339207,0.25066079295154187,0.213215859030837,0.22158590308370044
0.3038698328935796,0.2546174142480211,0.21635883905013192,0.22515391380826738
0.30201931518876207,0.2559262510974539,0.21071115013169447,0.23134328358208955
0.29916040653999115,0.2620415377817057,0.2147591692443659,0.22403888643393724
0.30602302922940655,0.2555358724534987,0.21169176262178918,0.2267493356953056
0.30609540636042404,0.25265017667844525,0.21157243816254417,0.22968197879858657
0.30718378140149843,0.25385632437197003,0.20713970912296165,0.23182018510356986
0.3065725628584032,0.25363917071018965,0.20776356418173797,0.23202470224966917
0.302841918294849,0.2562166962699822,0.20825932504440497,0.23268206039076378
0.2992091388400703,0.2565905096660808,0.2095782073813708,0.23462214411247803
0.29601433049708914,0.26153157187639947,0.2077922077922078,0.23466188983430364
0.29112271540469975,0.26109660574412535,0.20757180156657964,0.2402088772845953
0.29850746268656714,0.2510974539069359,0.21115013169446883,0.2392449517120281
0.2842661965623623,0.25738210665491407,0.21727633318642575,0.24107536359629794
0.28533451484271155,0.2609658839167036,0.2193176783340718,0.23438192290651308
0.28753852928225454,0.2575957727873184,0.22192866578599735,0.23293703214442976
0.287215411558669,0.2530647985989492,0.22591943957968477,0.23380035026269702
0.2860915492957746,0.2517605633802817,0.22403169014084506,0.2381161971830986
0.27718832891246686,0.2524314765694076,0.23076923076923078,0.2396109637488948
0.2857142857142857,0.24967032967032968,0.22373626373626374,0.2408791208791209
0.2842572062084257,0.25055432372505543,0.2261640798226164,0.23902439024390243
0.28100263852242746,0.2532981530343008,0.22427440633245382,0.24142480211081793
0.2837189000436491,0.25403753819292885,0.21999127018769096,0.2422522915757311
0.27964601769911507,0.2676991150442478,0.21327433628318584,0.23938053097345133
0.2888986013986014,0.2583041958041958,0.20585664335664336,0.24694055944055945
0.28764731558271495,0.2601484068092536,0.20776953295504147,0.24443474465298995
0.2830687830687831,0.26102292768959434,0.21296296296296297,0.2429453262786596
0.28389084507042256,0.26276408450704225,0.20994718309859156,0.24339788732394366
0.2809335094671951,0.2646411272567151,0.20651695288419197,0.24790841039189784
0.28463922089420096,0.2625055334218681,0.20628596724214254,0.24656927844178841
0.28447150935189214,0.2614180078294911,0.20574162679425836,0.2483688560243584
0.29096545615589015,0.258193091231178,0.20504871567759078,0.245792736935341
0.28954305799648505,0.25746924428822493,0.2047451669595782,0.2482425307557118
0.28520657485561973,0.25721901377165707,0.20346512661039537,0.25410928476232786
0.2826183104820876,0.26581158779301195,0.2043343653250774,0.24723573639982308
0.2882327016306743,0.2631115028646981,0.2009695901278096,0.24768620537681799
0.28716814159292037,0.2588495575221239,0.20530973451327433,0.24867256637168142
0.2812083518436251,0.2603287427809862,0.2025766326077299,0.2558862727676588
0.2787532923617208,0.2664618086040386,0.20237050043898155,0.252414398595259
0.27883340698188247,0.2624834290764472,0.20415377817057004,0.2545293857711003
0.27444933920704845,0.27268722466960355,0.2026431718061674,0.25022026431718064
0.2745525971191619,0.2697512003491925,0.20558707987778263,0.2501091226538629
0.2766429840142096,0.26953818827708703,0.20204262877442272,0.25177619893428066
0.2747447847314691,0.26897470039946736,0.19928983577452286,0.2569906790945406
0.28255093002657217,0.26439326837909655,0.19574844995571303,0.25730735163861823
0.28375992939099737,0.26434245366284204,0.19593998234774934,0.2559576345984113
0.27973568281938327,0.26255506607929513,0.1973568281938326,0.260352422907489
0.2828014184397163,0.26595744680851063,0.1972517730496454,0.25398936170212766
0.28314310798946446,0.26251097453906935,0.19622475856014046,0.2581211589113257
0.28050921861281825,0.266900790166813,0.1997366110623354,0.2528533801580334
0.28087912087912087,0.261978021978022,0.19648351648351647,0.26065934065934065
0.28162185985015425,0.25297487880123404,0.19568091670339358,0.26972234464521816
0.2869179600886918,0.24966740576496674,0.19334811529933482,0.27006651884700666
0.2871547566856642,0.24813678211310827,0.19421306444541866,0.27049539675580886
0.2896703296703297,0.2479120879120879,0.19428571428571428,0.2681318681318681
0.2817824377457405,0.24814329401485366,0.2035823503713412,0.26649191786806464
0.282039911308204,0.24700665188470067,0.20133037694013303,0.26962305986696233
0.28534031413612565,0.24607329842931938,0.2006980802792321,0.26788830715532286
0.28224381625441697,0.24911660777385158,0.20185512367491165,0.2667844522968198
0.28144239226033424,0.24274406332453827,0.2040457343887423,0.2717678100263852
0.2828014184397163,0.24379432624113476,0.1999113475177305,0.27349290780141844
0.27636203866432335,0.2482425307557118,0.20123022847100175,0.2741652021089631
0.2764263600176913,0.24944714727996462,0.20079610791685096,0.27333038478549315
0.26958424507658646,0.25164113785557984,0.20700218818380745,0.27177242888402625
0.26906222611744085,0.25197195442594217,0.2077125328659071,0.2712532865907099
0.2689956331877729,0.2406113537117904,0.211353711790393,0.2790393013100437
0.26926483613817537,0.24446412754650132,0.20549158547387067,0.2807794508414526
0.2727272727272727,0.24593763724198506,0.2002635046113307,0.2810715854194115
0.26561125769569044,0.2484608619173263,0.20184696569920843,0.28408091468777485
0.26150442477876107,0.25442477876106195,0.2013274336283186,0.2827433628318584
0.2592920353982301,0.25309734513274335,0.19911504424778761,0.2884955752212389
0.25296964364276286,0.26264848218213815,0.20589529256489222,0.2784865816102068
0.25891677675033026,0.2624394539850286,0.2025539409951563,0.2760898282694848
0.25826355222565006,0.2635522256500661,0.20317320405464961,0.2750110180696342
0.262572318647085,0.2567868268802848,0.20427236315086783,0.27636849132176233
0.27161035541904344,0.25142606406318563,0.20315928038613426,0.2738043001316367
0.2702939885914875,0.2523036419482229,0.20096533567354102,0.27643703378674855
0.2625055334218681,0.2602921646746348,0.20008853474988933,0.2771137671536078
0.268788682581786,0.2595048629531388,0.20380194518125552,0.26790450928381965
0.2626970227670753,0.2583187390542907,0.2040280210157618,0.27495621716287216
0.2655637788419678,0.25729212015672615,0.20592076621680452,0.2712233347845015
0.263459841129744,0.26037069726390116,0.20432480141218004,0.27184466019417475
0.26353149955634425,0.2577639751552795,0.2036379769299024,0.27506654835847383
0.25655594405594406,0.2521853146853147,0.2062937062937063,0.28496503496503495
0.26758071649712517,0.2503317116320212,0.2034498009730208,0.2786377708978328
0.2649384885764499,0.2548330404217926,0.20430579964850615,0.2759226713532513
0.26486246672582076,0.25643300798580304,0.20452528837622005,0.2741792369121562
0.2627416520210896,0.2583479789103691,0.2056239015817223,0.273286467486819
0.2631346578366446,0.2507726269315673,0.211037527593819,0.2750551876379691
0.2566983578219533,0.25929127052722556,0.20786516853932585,0.27614520311149526
0.2566137566137566,0.25440917107583777,0.20943562610229277,0.2795414462081129
0.25440917107583777,0.25749559082892415,0.21252204585537918,0.27557319223985893
0.25462555066079295,0.2563876651982379,0.2118942731277533,0.27709251101321586
0.25730484081988664,0.25250763192324466,0.20846053205407764,0.2817269952027911
0.2607550482879719,0.2537313432835821,0.2019315188762072,0.2835820895522388
0.26380910296067167,0.2558550596553248,0.19796730004418914,0.28236853733981443
0.2665788317962231,0.25867369345630215,0.1976284584980237,0.277119016249451
0.26999558108705257,0.25850640742377373,0.1948740609809987,0.276623950508175
0.2650498051104374,0.2585534863577306,0.19922044174967518,0.2771762667821568
0.27107364685004437,0.25820763087843834,0.1974267968056788,0.2732919254658385
0.27674624226348365,0.2524314765694076,0.19805481874447392,0.27276746242263483
0.27628684557853056,0.2551693796744391,0.1970963484381874,0.27144742630884294
0.2812223206377325,0.2519929140832595,0.19264836138175376,0.2741364038972542
0.28520657485561973,0.2514438027543314,0.19369169258107508,0.2696579298089738
0.28389084507042256,0.24911971830985916,0.18705985915492956,0.27992957746478875
0.28419654714475434,0.2474546259406817,0.19256308100929614,0.27578574590526783
0.28184991273996507,0.24214659685863874,0.1967713787085515,0.2792321116928447
0.2855883649184663,0.2388717496694579,0.1974438078448656,0.2780960775672102
0.28321678321678323,0.24256993006993008,0.1883741258741259,0.28583916083916083
0.2859025032938076,0.23891084760649978,0.18972332015810275,0.2854633289415898
0.28779197884530633,0.24548259144997797,0.18378140149845748,0.28294402820625825
0.2841458058849363,0.25120772946859904,0.18620992534036013,0.2784365393061045
0.28527336860670194,0.25044091710758376,0.19091710758377425,0.27336860670194
0.28328240942819727,0.24443474465298995,0.19773024879965082,0.2745525971191619
0.2789661319073084,0.24777183600713013,0.19741532976827095,0.2758467023172905
0.28345765686704694,0.24352786309784993,0.19745502413339183,0.27555945590171127
0.2813738441215324,0.24790841039189784,0.19903126376045796,0.2716864817261119
0.28520814880425155,0.24889282550930025,0.1979627989371125,0.2679362267493357
0.2853380158033363,0.24539069359086918,0.19798068481123793,0.2712906057945566
0.2824156305506217,0.2455595026642984,0.19671403197158083,0.2753108348134991
0.28805309734513274,0.23672566371681417,0.19690265486725664,0.27831858407079646
0.2886917960088692,0.23636363636363636,0.19467849223946784,0.2802660753880266
0.2857769973661106,0.23880597014925373,0.19446883230904302,0.28094820017559263
0.2891246684350133,0.2413793103448276,0.19496021220159152,0.27453580901856767
0.2843224092116918,0.24402125775022143,0.19353410097431356,0.27812223206377323
0.2830353249018753,0.23680767553423462,0.19930222416048846,0.28085477540340165
0.28502202643171803,0.2356828193832599,0.1960352422907489,0.28325991189427313
0.2789680804547442,0.22868386532575427,0.19982509838216003,0.2925229558373415
0.2793859649122807,0.23508771929824562,0.19824561403508772,0.28728070175438597
0.28320911880754057,0.22884699693117053,0.1955282770714599,0.292415607189829
0.2835164835164835,0.2246153846153846,0.1934065934065934,0.29846153846153844
0.28163444639718804,0.22407732864674867,0.19156414762741653,0.30272407732864676
0.28244610646722396,0.21557413110426749,0.1957765068191817,0.3062032556093269
0.28153644696639024,0.22261021388040156,0.2003491924923614,0.2955041466608468
0.27931488801054016,0.2178304787000439,0.204655248133509,0.2981993851559069
0.2795604395604396,0.22153846153846155,0.20395604395604397,0.29494505494505496
0.28005226480836237,0.2221254355400697,0.19686411149825783,0.3009581881533101
0.2851511169513798,0.21550591327201052,0.19579500657030224,0.3035479632063075
0.2933684672815108,0.2231005709266579,0.18928414580588493,0.29424681598594643
0.2923413566739606,0.22538293216630198,0.187308533916849,0.2949671772428884
0.2909728308501315,0.22392638036809817,0.19281332164767748,0.2922874671340929
0.28698356286095067,0.22701021768103066,0.19013771657041315,0.2958685028876055
0.2851476421330983,0.2247686205376818,0.19479947113265755,0.29528426619656234
0.2810715854194115,0.23012736056214317,0.1919191919191919,0.2968818620992534
0.27943760984182775,0.23330404217926187,0.19112478031634447,0.2961335676625659
0.27695004382120947,0.23093777388255915,0.19544259421560034,0.29666958808063104
0.2724867724867725,0.23589065255731922,0.195326278659612,0.2962962962962963
0.2752414398595259,0.2405618964003512,0.19446883230904302,0.2897278314310799
0.27456140350877195,0.23508771929824562,0.2,0.29035087719298247
0.2762527233115468,0.23050108932461874,0.20043572984749455,0.2928104575163399
0.2743441529568697,0.2272120942641174,0.2023121387283237,0.2961316140506892
0.27005699254712845,0.23103901797457255,0.19640508548882069,0.3024989039894783
0.2760160786065208,0.22420723537293435,0.2009825815096025,0.2987941045109424
0.27804663440387156,0.225692916849978,0.1935767707875055,0.302683677958645
0.27966841186736474,0.22905759162303665,0.19764397905759162,0.293630017452007
0.27925531914893614,0.23049645390070922,0.19636524822695037,0.29388297872340424
0.28008849557522125,0.22566371681415928,0.19469026548672566,0.2995575221238938
0.2739547038327526,0.2273519163763066,0.1999128919860627,0.29878048780487804
0.27140335392762577,0.22462488967343336,0.205648720211827,0.29832303618711387
0.27300884955752214,0.22389380530973452,0.19911504424778761,0.30398230088495576
0.2716049382716049,0.22707231040564374,0.19797178130511464,0.30335097001763667
0.27492314448836186,0.22924901185770752,0.19279754062362758,0.30303030303030304
0.2753303964757709,0.2251101321585903,0.19691629955947137,0.3026431718061674
0.27912087912087913,0.22285714285714286,0.19164835164835164,0.30637362637362636
0.27493380406001766,0.22727272727272727,0.18755516328331862,0.31023830538393643
0.2759226713532513,0.22891036906854131,0.18673110720562391,0.3084358523725835
0.27168141592920353,0.22831858407079647,0.19601769911504424,0.30398230088495576
0.27880386983289357,0.22867194371152155,0.19569041336851364,0.29683377308707126
0.27855887521968364,0.22759226713532513,0.1999121265377856,0.29393673110720564
0.28024637043554773,0.21997360316761988,0.19841619005719313,0.30136383633963926
0.27912087912087913,0.21362637362637363,0.20131868131868133,0.3059340659340659
0.27123893805309734,0.21460176991150443,0.2079646017699115,0.30619469026548674
0.2740511915269197,0.21359223300970873,0.206090026478376,0.3062665489849956
0.2739244951712028,0.21290605794556627,0.20105355575065847,0.31211589113257243
0.27421494913754973,0.210968597965502,0.20477664750110572,0.3100398053958425
0.2701048951048951,0.21372377622377622,0.19886363636363635,0.3173076923076923
0.2683887915936953,0.21453590192644484,0.2000875656742557,0.3169877408056042
0.2680229986731535,0.21318000884564353,0.205218929677134,0.31357806280406897
0.2654320987654321,0.22178130511463845,0.2001763668430335,0.31261022927689597
0.26654898499558694,0.21844660194174756,0.20123565754633715,0.3137687555163283
0.2604074402125775,0.21612046058458814,0.20194862710363154,0.32152347209920284
0.2666957660410301,0.21824530772588388,0.19423832387603668,0.32082060235704934
0.2661361626878868,0.21794871794871795,0.1958443854995579,0.32007073386383733
0.2621951219512195,0.22081881533101044,0.19076655052264807,0.32621951219512196
0.25929164844774816,0.22562308701355488,0.1954525579361609,0.31963270660253607
0.2566021126760563,0.22315140845070422,0.19718309859154928,0.3230633802816901
0.26455026455026454,0.21649029982363316,0.2001763668430335,0.3187830687830688
0.266900790166813,0.21729587357330993,0.19885864793678665,0.3169446883230904
0.2692476902771667,0.21865376154861416,0.19533655961284646,0.3167619885613726
0.2620415377817057,0.2191780821917808,0.2001767565178966,0.3186036235086169
0.26438296003513395,0.21256038647342995,0.20421607378129117,0.3188405797101449
0.2633187772925764,0.21572052401746725,0.2034934497816594,0.3174672489082969
0.26200873362445415,0.21615720524017468,0.2021834061135371,0.31965065502183404
0.26516157591854805,0.21248339973439576,0.20628596724214254,0.3160690571049137
0.2640597539543058,0.2126537785588752,0.2047451669595782,0.3185413005272408
0.26054481546572933,0.21045694200351495,0.20650263620386644,0.3224956063268893
0.25384953805543337,0.21425428948526176,0.20105587329520458,0.3308402991641003
0.2572304995617879,0.20902716914986855,0.20902716914986855,0.324715162138475
0.2604444444444444,0.21066666666666667,0.204,0.3248888888888889
0.2606969563299515,0.2090868989854433,0.20820467578297308,0.3220114689016321
0.2609841827768014,0.21045694200351495,0.21133567662565905,0.3172231985940246
0.2609271523178808,0.211037527593819,0.21059602649006623,0.317439293598234
0.25692916849978004,0.2089749230092389,0.2168939727232732,0.3172019357677079
0.2592429577464789,0.20862676056338028,0.21434859154929578,0.31778169014084506
0.2595688517377915,0.20193576770787505,0.21293444786625604,0.32556093268807745
0.26128890837352037,0.20298114861902675,0.21657167908811925,0.3191582639193336
0.26555652936021035,0.2002629272567923,0.21209465381244522,0.3220858895705521
0.2588389349628983,0.1990397206460061,0.21082496726320385,0.33129637712789173
0.26610767872903796,0.19726390114739628,0.2087378640776699,0.32789055604589584
0.2653946227233304,0.19861231569817867,0.204683434518647,0.3313096270598439
0.2657558395769061,0.19700308505949757,0.20625826355222565,0.3309828118113706
0.26407682234831953,0.2020951549541685,0.20907900480139677,0.3247490178961152
0.26157205240174675,0.2004366812227074,0.211353711790393,0.3266375545851528
0.2687029659141213,0.20053120849933598,0.20318725099601595,0.3275785745905268
0.2640176600441501,0.20485651214128037,0.20573951434878587,0.32538631346578367
0.26593886462882094,0.20873362445414848,0.20829694323144105,0.3170305676855895
0.2642919964819701,0.21152154793315744,0.20932277924362358,0.3148636763412489
0.26290251433612705,0.2161446846052051,0.2090868989854433,0.3118659020732245
0.2577544779379642,0.21712538226299694,0.2145041502839668,0.3106159895150721
0.2542744410346339,0.21876370013152127,0.21569487067075843,0.31126698816308634
0.251004912907548,0.21572130415364002,0.2264403751674855,0.3068334077713265
0.2596830985915493,0.20994718309859156,0.2249119718309859,0.30545774647887325
0.2560386473429952,0.21387790953008345,0.2204655248133509,0.3096179183135705
0.2513111888111888,0.20673076923076922,0.2263986013986014,0.3155594405594406
0.2532981530343008,0.2102022867194371,0.22823218997361477,0.30826737027264733
0.25587583148558757,0.2155210643015521,0.22350332594235034,0.30509977827051
0.2598770851624232,0.21466198419666374,0.22431957857769974,0.30114135206321335
0.2619991193306913,0.21532364597093792,0.22589167767503301,0.29678555702333775
0.26480836236933797,0.2147212543554007,0.22430313588850173,0.2961672473867596
0.2621359223300971,0.21800529567519858,0.22241835834068843,0.2974404236540159
0.2615923009623797,0.2169728783902012,0.2226596675415573,0.2987751531058618
0.2604303908651735,0.21695212999560826,0.22002635046113306,0.3025911286780852
0.254585152838428,0.2187772925764192,0.22314410480349345,0.3034934497816594
0.26019503546099293,0.21453900709219859,0.22296099290780141,0.30230496453900707
0.2572304995617879,0.2151621384750219,0.22611744084136723,0.30148992112182293
0.26244541484716155,0.21222707423580786,0.22663755458515283,0.2986899563318777
0.26652078774617066,0.20831509846827134,0.22844638949671772,0.29671772428884025
0.2683887915936953,0.2097197898423818,0.22548161120840632,0.29640980735551664
0.2661647475642161,0.21036315323294952,0.22940655447298494,0.2940655447298494
0.26217891939769705,0.20726306465899025,0.22940655447298494,0.30115146147032773
0.26457597173144876,0.2053886925795053,0.22703180212014135,0.3030035335689046
0.2698763250883392,0.20097173144876326,0.22968197879858657,0.299469964664311
0.27372583479789103,0.19859402460456943,0.22539543057996486,0.3022847100175747
0.2710074791025077,0.20633523977122745,0.22745270567531897,0.29520457545094586
0.2851476421330983,0.20273248126928162,0.2256500661084178,0.2864698104892023
0.28439964943032425,0.20201577563540754,0.22348816827344434,0.2900964066608238
0.2859013531209079,0.2007856831078132,0.22261021388040156,0.29070274989087735
0.2810834813499112,0.1980461811722913,0.21936056838365897,0.30150976909413857
0.2790286975717439,0.2044150110375276,0.22075055187637968,0.2958057395143488
0.2755905511811024,0.205161854768154,0.2226596675415573,0.29658792650918636
0.27440633245382584,0.20580474934036938,0.21723834652594548,0.30255057167985927
0.2777777777777778,0.20634920634920634,0.2138447971781305,0.3020282186948854
0.27884615384615385,0.21022727272727273,0.21153846153846154,0.2993881118881119
0.2796271637816245,0.20861074123391035,0.21837549933422104,0.2933865956502441
0.2779232111692845,0.20898778359511344,0.21902268760907503,0.2940663176265271
0.2819030680302357,0.20942641173855048,0.2169853268119164,0.29168519341929744
0.2852112676056338,0.20378521126760563,0.21919014084507044,0.2918133802816901
0.28520499108734404,0.2018716577540107,0.22014260249554368,0.2927807486631016
0.28390201224846895,0.199912510936133,0.2204724409448819,0.29571303587051617
0.2869105332745703,0.1978845306302336,0.22124283825473778,0.29396209784045835
0.2884784520668426,0.1996481970096746,0.22075637642919965,0.2911169744942832
0.27883340698188247,0.20061864781263808,0.2275740167918692,0.29297392841361025
0.2844155844155844,0.19523809523809524,0.2329004329004329,0.28744588744588745
0.28533916849015317,0.19431072210065645,0.22932166301969364,0.2910284463894967
0.2846458424989001,0.19533655961284646,0.23141223053233612,0.2886053673559173
0.29192006950477845,0.1902693310165074,0.23240660295395307,0.28540399652476106
0.29089301503094606,0.19938107869142352,0.22546419098143236,0.28426171529619804
0.29557522123893804,0.20088495575221238,0.22654867256637168,0.27699115044247785
0.2989916703200351,0.20035072336694432,0.2222709338009645,0.2783866725120561
0.29343971631205673,0.2025709219858156,0.21808510638297873,0.2859042553191489
0.29063604240282687,0.2058303886925795,0.21113074204946997,0.2924028268551237
0.28615794143744455,0.20896184560780834,0.21472937000887313,0.290150842945874
0.28233231039017975,0.21525646646207802,0.22007891275756247,0.28233231039017975
0.2835164835164835,0.21010989010989012,0.21846153846153846,0.2879120879120879
0.28302712160979876,0.20909886264216973,0.2204724409448819,0.2874015748031496
0.28182616330114135,0.21115013169446883,0.2247585601404741,0.28226514486391574
0.2914639540026537,0.20787262273330384,0.22246793454223796,0.2781954887218045
0.2951754385964912,0.20526315789473684,0.2162280701754386,0.2833333333333333
0.2846458424989001,0.21293444786625604,0.22085349758029035,0.28156621205455346
0.28227571115973743,0.21181619256017506,0.2214442013129103,0.2844638949671772
0.28217602830605926,0.21450685537372843,0.21981424148606812,0.28350287483414416
0.286784140969163,0.21013215859030837,0.21894273127753303,0.2841409691629956
0.2847740236946029,0.21193505923650724,0.2215884159719175,0.28170250109697237
0.28634361233480177,0.20748898678414096,0.2185022026431718,0.28766519823788544
0.2821522309711286,0.21128608923884515,0.22003499562554682,0.28652668416447946
0.2759078830823738,0.2187776793622675,0.2183348095659876,0.2869796279893711
0.2780229479258605,0.2175639894086496,0.21844660194174756,0.28596646072374227
0.2830605926581159,0.21583370190181336,0.21716054842989826,0.2839451570101725
0.2781195079086116,0.2157293497363796,0.21748681898066785,0.28866432337434095
0.2773851590106007,0.2124558303886926,0.2230565371024735,0.2871024734982332
0.28447150935189214,0.21096128751631144,0.2192257503262288,0.28534145280556766
0.28272251308900526,0.21204188481675393,0.21204188481675393,0.2931937172774869
0.2890932982917214,0.20981165133596144,0.21287779237844942,0.2882172579938677
0.2883082373782108,0.20947741364038971,0.21390611160318868,0.2883082373782108
0.2908208296557811,0.2087378640776699,0.20520741394527803,0.29523389232127095
0.2848888888888889,0.21155555555555555,0.20666666666666667,0.29688888888888887
0.28603006189213087,0.21352785145888595,0.21043324491600354,0.29000884173297964
0.28660714285714284,0.21026785714285715,0.21071428571428572,0.2924107142857143
0.2858399296394019,0.2119613016710642,0.21240105540897097,0.28979771328056286
0.28602715724923344,0.2172579938677179,0.21243977222952257,0.2842750766535261
0.28508578970523535,0.21513418389793224,0.20809502859656842,0.29168499780026397
0.2802631578947368,0.21973684210526315,0.20789473684210527,0.29210526315789476
0.2734891927657697,0.2223202470224967,0.21261579179532422,0.29157476841640934
0.2708793636765356,0.2205037560760053,0.20813079982324348,0.30048608042421565
0.27936647602287723,0.21029476462824462,0.21293444786625604,0.2974043114826221
0.2782956058588549,0.20861074123391035,0.21837549933422104,0.2947181535730138
0.27477876106194693,0.21106194690265487,0.215929203539823,0.2982300884955752
0.27526132404181186,0.21167247386759583,0.21515679442508712,0.2979094076655052
0.2801418439716312,0.21409574468085107,0.212322695035461,0.29343971631205673
0.28252299605781866,0.21331581252737625,0.211125711782742,0.29303547963206306
0.2833333333333333,0.21578947368421053,0.2100877192982456,0.29078947368421054
0.28910369068541303,0.21309314586994726,0.20518453427065025,0.29261862917398945
0.2878587196467991,0.21501103752759382,0.2088300220750552,0.2883002207505519
0.282560706401766,0.2141280353200883,0.20485651214128037,0.29845474613686535
0.28533451484271155,0.21400088613203366,0.20912715994683206,0.29153743907842267
0.28149435273675066,0.21937445699391833,0.20764552562988706,0.291485664639444
0.2814004376367615,0.21269146608315098,0.21531728665207878,0.29059080962800876
0.2812914639540027,0.2118531623175586,0.21892967713401149,0.28792569659442724
0.2821650399290151,0.21339840283939662,0.2209405501330967,0.2834960070984916
0.2834061135371179,0.21179039301310043,0.2200873362445415,0.2847161572052402
0.2829610162067455,0.21068769163381515,0.22382829610162067,0.28252299605781866
0.2801231310466139,0.21503957783641162,0.22515391380826738,0.2796833773087071
0.28313518273888155,0.21224130339057684,0.22677234698370763,0.277851166886834
0.27486678507992895,0.2144760213143872,0.2211367673179396,0.2895204262877442
0.28010586678429644,0.20952801058667844,0.21746801940891045,0.29289810322011467
0.27982456140350875,0.2131578947368421,0.2162280701754386,0.29078947368421054
0.27308533916849015,0.2148796498905908,0.21925601750547047,0.29277899343544855
0.27365163572060125,0.21529619805481875,0.21927497789566755,0.2917771883289125
0.27477876106194693,0.21548672566371682,0.21991150442477875,0.28982300884955753
0.27123893805309734,0.2176991150442478,0.2168141592920354,0.2942477876106195
0.2703526338702656,0.21767522855899,0.21549847627340007,0.29647366129734437
0.27244718309859156,0.22007042253521128,0.20862676056338028,0.2988556338028169
0.27518863737239235,0.21260541500221927,0.21304926764314247,0.2991566799822459
0.27947019867549666,0.21324503311258278,0.21456953642384105,0.29271523178807946
0.27955555555555556,0.20933333333333334,0.21333333333333335,0.29777777777777775
0.2824360105913504,0.20785525154457193,0.2118270079435128,0.2978817299205649
0.2815533980582524,0.205648720211827,0.21977052074139453,0.29302736098852605
0.27824175824175823,0.20659340659340658,0.21626373626373627,0.2989010989010989
0.28104286345558993,0.20901458241272647,0.21785240830755634,0.2920901458241273
0.2810715854194115,0.20509442248572685,0.21651295564339043,0.29732103645147123
0.28740675734971477,0.20579201404124617,0.2150065818341378,0.29179464677490125
0.2889867841409692,0.20044052863436124,0.21497797356828194,0.2955947136563877
0.2872246696035242,0.1986784140969163,0.22290748898678414,0.2911894273127753
0.2862796833773087,0.1961301671064204,0.2185576077396658,0.2990325417766051
0.2869757174392936,0.20264900662251656,0.21501103752759382,0.295364238410596
0.2948943661971831,0.20290492957746478,0.20334507042253522,0.2988556338028169
0.28804587560652845,0.20688134097926775,0.20291133656815175,0.30216144684605206
0.28848698720776356,0.20996912218791355,0.20335244816938686,0.29819144243493606
0.29540481400437635,0.20700218818380745,0.20481400437636763,0.29277899343544855
0.2902942468159859,0.2116820377689943,0.20245937637241984,0.29556433904259993
0.29217926186291737,0.210896309314587,0.20518453427065025,0.29173989455184535
0.2945084145261293,0.2108060230292294,0.20239149689991143,0.29229406554472986
0.30021978021978024,0.20659340659340658,0.2,0.29318681318681317
0.2946150422785937,0.2109479305740988,0.207832665776591,0.2866043613707165
0.29370321444297665,0.20871862615587847,0.21136063408190225,0.2862175253192426
0.29254385964912283,0.21228070175438596,0.2131578947368421,0.2820175438596491
0.28679078014184395,0.212322695035461,0.21365248226950354,0.2872340425531915
0.28778558875219684,0.210896309314587,0.21836555360281196,0.28295254833040423
0.28893805309734516,0.21415929203539824,0.2176991150442478,0.27920353982300883
0.29305002213368747,0.21469676848162905,0.21469676848162905,0.2775564409030544
0.28590308370044054,0.21013215859030837,0.2198237885462555,0.2841409691629956
0.29155672823219,0.2088830255057168,0.2233948988566403,0.27616534740545295
0.2907079646017699,0.2088495575221239,0.21902654867256638,0.2814159292035398
0.29654255319148937,0.2052304964539007,0.21897163120567376,0.27925531914893614
0.2962138084632517,0.2089086859688196,0.21870824053452115,0.27616926503340755
0.2892998678996037,0.20827829150154117,0.22280933509467196,0.2796125055041832
0.2874834144183989,0.20743034055727555,0.21760283060592658,0.2874834144183989
0.2922134733158355,0.2069116360454943,0.22440944881889763,0.2764654418197725
0.28923076923076924,0.20615384615384616,0.22593406593406593,0.2786813186813187
0.2895548699867783,0.20669898633759365,0.22785368003525783,0.27589246364037023
0.2884784520668426,0.20800351802990324,0.23175021987686895,0.2717678100263852
0.2855239786856128,0.205595026642984,0.22957371225577264,0.2793072824156306
0.2828459188127455,0.2073330423395897,0.22610213880401572,0.2837189000436491
0.28040689960194604,0.205218929677134,0.23175586023883238,0.2826183104820876
0.2791411042944785,0.20683610867659946,0.2326906222611744,0.2813321647677476
0.27924362357080035,0.2009674582233949,0.23658751099384345,0.2832014072119613
0.2774108322324967,0.2047556142668428,0.23381770145310435,0.28401585204755614
0.27672679278486584,0.2023757149142103,0.2331720193576771,0.2877254729432468
0.27240773286467485,0.2038664323374341,0.23374340949033393,0.28998242530755713
0.26174791392182695,0.20202020202020202,0.23891084760649978,0.29732103645147123
0.26322751322751325,0.20899470899470898,0.23412698412698413,0.29365079365079366
0.26371681415929205,0.2088495575221239,0.2345132743362832,0.2929203539823009
0.2646797153024911,0.20151245551601424,0.23843416370106763,0.29537366548042704
0.2636001769128704,0.1968155683325962,0.24458204334365324,0.2950022114108801
0.26415929203539823,0.19646017699115045,0.24292035398230089,0.29646017699115046
0.257736516357206,0.1962864721485411,0.2506631299734748,0.2953138815207781
0.2567151034786438,0.1933069132540731,0.24702774108322326,0.30295024218405986
0.2597173144876325,0.19478798586572438,0.24425795053003532,0.30123674911660775
0.2655838454784899,0.19534679543459174,0.2467076382791923,0.2923617208077261
0.2668416447944007,0.1942257217847769,0.24759405074365703,0.29133858267716534
0.2702108963093146,0.19156414762741653,0.24736379613356765,0.29086115992970124
0.27114967462039047,0.19522776572668113,0.24251626898047723,0.2911062906724512
0.2698763250883392,0.19920494699646643,0.24469964664310953,0.2862190812720848
0.2710526315789474,0.19956140350877194,0.2442982456140351,0.2850877192982456
0.2724879333040807,0.20096533567354102,0.24879333040807372,0.27775340061430454
0.27256637168141595,0.20176991150442478,0.25398230088495577,0.27168141592920353
0.271015761821366,0.19746059544658495,0.2504378283712785,0.28108581436077057
0.2730496453900709,0.1976950354609929,0.25,0.27925531914893614
0.2648221343873518,0.19675010979358806,0.2520860781730347,0.28634167764602547
0.26989010989010986,0.20043956043956043,0.24879120879120878,0.28087912087912087
0.26536796536796536,0.20216450216450216,0.25367965367965367,0.2787878787878788
0.2691629955947137,0.20484581497797358,0.24933920704845816,0.27665198237885463
0.27184035476718404,0.2075388026607539,0.2501108647450111,0.270509977827051
0.2703768624014023,0.21560035056967572,0.24233128834355827,0.27169149868536374
0.2672790901137358,0.2174103237095363,0.2379702537182852,0.2773403324584427
0.2681958535509484,0.21438023820026467,0.23775915306572562,0.27966475518306133
0.27123893805309734,0.21371681415929203,0.23407079646017698,0.2809734513274336
0.2745955400087451,0.2125054656755575,0.22999562745955401,0.2829033668561434
0.2788844621513944,0.21204072598494908,0.23019034971226207,0.2788844621513944
0.2747349823321555,0.2137809187279152,0.23012367491166077,0.28136042402826855
0.27384615384615385,0.21274725274725276,0.2320879120879121,0.2813186813186813
0.27268722466960355,0.21013215859030837,0.23744493392070484,0.27973568281938327
0.28028293545534927,0.21264367816091953,0.22944297082228116,0.27763041556145
0.2747924858016601,0.21712538226299694,0.2324159021406728,0.27566622979467015
0.2750766535260622,0.21901007446342532,0.22996057818659657,0.2759526938239159
0.27200353825740825,0.2184873949579832,0.22733303847854933,0.28217602830605926
0.2698763250883392,0.22217314487632508,0.22659010600706714,0.28136042402826855
