C,D,Oc,Od
1.0,0.0,0.0,0.0
0.5,0.0,0.5,0.0
0.4444444444444444,0.0,0.4444444444444444,0.1111111111111111
0.3888888888888889,0.0,0.5,0.1111111111111111
0.40625,0.0,0.53125,0.0625
0.42592592592592593,0.0,0.5,0.07407407407407407
0.43209876543209874,0.0,0.48148148148148145,0.08641975308641975
0.43902439024390244,0.008130081300813009,0.43902439024390244,0.11382113821138211
0.4245810055865922,0.00558659217877095,0.4581005586592179,0.11173184357541899
0.4380165289256198,0.008264462809917356,0.4462809917355372,0.10743801652892562
0.4451219512195122,0.018292682926829267,0.42378048780487804,0.11280487804878049
0.43825665859564167,0.021791767554479417,0.4116222760290557,0.12832929782082325
0.42314990512333966,0.03795066413662239,0.396584440227704,0.14231499051233396
0.4292237442922374,0.045662100456621,0.380517503805175,0.1445966514459665
0.42345679012345677,0.05802469135802469,0.37160493827160496,0.1469135802469136
0.4254431699687174,0.06986444212721585,0.35662148070907196,0.1480709071949948
0.4178445229681979,0.07597173144876325,0.3489399293286219,0.15724381625441697
0.41068702290076337,0.08854961832061069,0.3465648854961832,0.15419847328244274
0.39363143631436315,0.09823848238482384,0.34823848238482386,0.15989159891598917
0.3868832731648616,0.09446450060168472,0.351985559566787,0.16666666666666666
0.38372093023255816,0.10188261351052048,0.34551495016611294,0.1688815060908084
0.3794527620030976,0.10738255033557047,0.3412493546721735,0.17191533298915848
0.3766552231486023,0.11280039234919079,0.33840117704757233,0.17214320745463463
0.3732630570196454,0.11403929084810734,0.33540967896502155,0.1772879731672257
0.37144190387307513,0.11852543163789081,0.3350443303779748,0.17498833411105927
0.37004608294930874,0.12534562211981568,0.32764976958525344,0.17695852534562212
0.3686131386861314,0.1272810218978102,0.3284671532846715,0.17563868613138686
0.3641696750902527,0.1299638989169675,0.3276173285198556,0.1782490974729242
0.356951871657754,0.13636363636363635,0.3204099821746881,0.18627450980392157
0.36065573770491804,0.14178112538768275,0.3136907399202481,0.18387239698715108
0.35964912280701755,0.14078947368421052,0.318859649122807,0.18070175438596492
0.35818262020291136,0.1407146007940009,0.3167181296868108,0.18438464931627702
0.3632326820603908,0.14253996447602132,0.30905861456483125,0.18516873889875665
0.3519503546099291,0.14450354609929078,0.31117021276595747,0.19237588652482268
0.3584656084656085,0.14682539682539683,0.30423280423280424,0.19047619047619047
0.3645189761694616,0.1416593115622242,0.3058252427184466,0.1879964695498676
0.3606340819022457,0.1457507705856451,0.3051519154557464,0.18846323205636284
0.35931307793923384,0.15191545574636725,0.3020695728753853,0.18670189343901364
0.35170603674540685,0.15441819772528434,0.30402449693788275,0.18985126859142606
0.3515387949718249,0.1551798872995232,0.30385782401387085,0.1894234937147811
0.3524554541503694,0.15862668405041286,0.30160799652325077,0.18730986527596696
0.35806308307418927,0.16392714349178142,0.2923145268769436,0.18569524655708575
0.3533801580333626,0.16198419666374012,0.29543459174714665,0.18920105355575065
0.35688888888888887,0.16444444444444445,0.2862222222222222,0.19244444444444445
0.35692171605484296,0.16497125165855817,0.28836797877045556,0.18973905351614329
0.36073458679492787,0.16265850459116746,0.28727590730214253,0.18933100131176214
0.3623508616880248,0.16394167034909413,0.28104286345558993,0.1926646045072912
0.35651408450704225,0.16593309859154928,0.2852112676056338,0.19234154929577466
0.35530973451327436,0.1663716814159292,0.2836283185840708,0.19469026548672566
0.35402906208718626,0.16776750330250992,0.2800528401585205,0.19815059445178335
0.34915705412599823,0.17213842058562556,0.28127772848269744,0.1974267968056788
0.35118525021949076,0.1694468832309043,0.28314310798946446,0.19622475856014046
0.352626892252894,0.16963490650044524,0.2809439002671416,0.19679430097951914
0.34615384615384615,0.17307692307692307,0.28321678321678323,0.19755244755244755
0.351138353765324,0.1703152364273205,0.28152364273204905,0.19702276707530647
0.3476169654569305,0.17184083952776563,0.28027984258854394,0.20026235242675994
0.34564643799472294,0.1723834652594547,0.2757255936675462,0.20624450307827616
0.349628982976866,0.1724137931034483,0.2806634657354867,0.19729375818419903
0.3519823788546256,0.17841409691629956,0.273568281938326,0.1960352422907489
0.3504197967300044,0.17675651789659744,0.27750773309765797,0.19531595227574017
0.34931808183018037,0.17641882974043116,0.27496700395952484,0.1992960844698636
0.35450910706352734,0.1754775655264327,0.2741003998223012,0.1959129275877388
0.3482456140350877,0.17149122807017544,0.27807017543859647,0.20219298245614034
0.344675209898365,0.17587273530711445,0.27883340698188247,0.20061864781263808
0.3441048034934498,0.1781659388646288,0.27729257641921395,0.2004366812227074
0.34047202797202797,0.1778846153846154,0.28190559440559443,0.19973776223776224
0.33917616126205086,0.1796669588080631,0.2839614373356705,0.1971954425942156
0.3370190181335692,0.1751437417072092,0.28084918177797435,0.20698805838124723
0.33761061946902654,0.17345132743362832,0.27654867256637167,0.21238938053097345
0.33584070796460175,0.17699115044247787,0.270353982300885,0.2168141592920354
0.3273444347063979,0.1796669588080631,0.2751971954425942,0.21779141104294478
0.3356859285399206,0.17865019850022057,0.2721658579620644,0.21349801499779444
0.33565520243796254,0.1828471919895516,0.2690465824989116,0.21245102307357422
0.33362407326646315,0.18796336676842565,0.2660270388137811,0.21238552115133014
0.3273286467486819,0.19068541300527242,0.2662565905096661,0.2157293497363796
0.3320175438596491,0.1868421052631579,0.26403508771929823,0.21710526315789475
0.3368513632365875,0.18425681618293754,0.2669305189094107,0.2119613016710642
0.32642258491398324,0.19276576973974416,0.2646669607410675,0.2161446846052051
0.32565352237483386,0.19361984935755427,0.2627381479840496,0.21798848028356224
0.3264408271007479,0.19665640123185218,0.2648482182138143,0.21205455345358556
0.32964601769911506,0.19646017699115045,0.2588495575221239,0.2150442477876106
0.3253379851722634,0.19886611426079373,0.2647187091146969,0.21107719145224596
0.3264499121265378,0.20210896309314588,0.2623022847100176,0.20913884007029876
0.3274956217162872,0.1987740805604203,0.266199649737303,0.2075306479859895
0.33085664335664333,0.1958041958041958,0.2687937062937063,0.20454545454545456
0.32772364924712133,0.19397697077059345,0.26705048715677593,0.2112488928255093
0.32091188075405525,0.1955282770714599,0.27312582200789126,0.2104340201665936
0.32949512843224094,0.19397697077059345,0.2657218777679362,0.2108060230292294
0.3297919433377601,0.19034971226206285,0.26604692341744135,0.21381142098273573
0.3385162150155486,0.18658374055975122,0.2687694358063083,0.20613060861839183
0.34375,0.1800176056338028,0.2649647887323944,0.2112676056338028
0.34338138925294887,0.182175622542595,0.2699868938401048,0.20445609436435125
0.3366900175131349,0.17907180385288968,0.2732049036777583,0.21103327495621715
0.3299107142857143,0.184375,0.2754464285714286,0.21026785714285715
0.3290293855743544,0.188780053428317,0.2769367764915405,0.20525378450578807
0.32418069087688217,0.18467670504871567,0.2807794508414526,0.21036315323294952
0.32054077627562144,0.18403837767117315,0.27954644570431747,0.2158744003488879
0.32091188075405525,0.18982902235861465,0.27970188513809735,0.20955721174923278
0.32497801231310464,0.1961301671064204,0.27396657871591906,0.20492524186455585
0.32416851441241684,0.19068736141906872,0.27583148558758314,0.20931263858093127
0.32138172278093574,0.19282903366856144,0.2772190642763446,0.20857017927415827
0.3195739014647137,0.19174434087882822,0.2782956058588549,0.2103861517976032
0.32517482517482516,0.18706293706293706,0.2696678321678322,0.2180944055944056
0.3235685752330226,0.1846426986240568,0.2729693741677763,0.21881935197514424
0.31945059813912274,0.18785999113867966,0.27337173238812584,0.2193176783340718
0.3152557319223986,0.19091710758377425,0.2689594356261023,0.22486772486772486
0.31551270815074495,0.18711656441717792,0.26730937773882557,0.23006134969325154
0.31504424778761064,0.18584070796460178,0.2606194690265487,0.23849557522123893
0.3112379280070237,0.1861281826163301,0.26733977172958734,0.23529411764705882
0.32141280353200885,0.1814569536423841,0.25474613686534214,0.2423841059602649
0.32085561497326204,0.18493761140819964,0.2553475935828877,0.23885918003565063
0.3239312472454826,0.1877479065667695,0.249008373732922,0.23931247245482593
0.3362598770851624,0.18305531167690958,0.24495171202809482,0.23573309920983318
0.32702464788732394,0.18882042253521128,0.24163732394366197,0.2425176056338028
0.3289241622574956,0.19047619047619047,0.23853615520282187,0.24206349206349206
0.32925229558373414,0.19326628771316134,0.2334936598163533,0.2439877568867512
0.31896172459304883,0.19533655961284646,0.2358117025956885,0.2498900131984162
0.3230225364560318,0.19619973486522316,0.23641184268669907,0.24436588599204595
0.31921397379912664,0.19213973799126638,0.24497816593886462,0.24366812227074236
0.31560283687943264,0.19281914893617022,0.24867021276595744,0.2429078014184397
0.32419283502874835,0.18443166740380362,0.24988942945599293,0.24148606811145512
0.32544897065265005,0.1800262812089356,0.25229960578186594,0.2422251423565484
0.32149122807017544,0.18859649122807018,0.24473684210526317,0.24517543859649124
0.3175376439326838,0.18556244464127547,0.25022143489813997,0.2466784765279008
0.3218790778599391,0.18138321009134406,0.2501087429317094,0.2466289691170074
0.32459589340323286,0.1782437745740498,0.24945391000436873,0.24770642201834864
0.32431233362910383,0.1805678793256433,0.24933451641526175,0.24578527062999111
0.3286281429201588,0.17865019850022057,0.24658138509042787,0.24614027348919276
0.32823426573426573,0.17395104895104896,0.24825174825174826,0.24956293706293706
0.32847682119205296,0.17792494481236204,0.24061810154525387,0.25298013245033113
0.32001755926251096,0.1791044776119403,0.24846356453028973,0.252414398595259
0.3157894736842105,0.18026315789473685,0.2469298245614035,0.25701754385964914
0.3108876257105378,0.1910800174901618,0.2474857892435505,0.2505465675557499
0.31870567375886527,0.18971631205673758,0.2424645390070922,0.24911347517730498
0.31616028181417877,0.18626155878467635,0.2413033905768384,0.2562747688243065
0.31346578366445915,0.18013245033112582,0.24282560706401765,0.2635761589403974
0.3156290814105355,0.18067043970396168,0.23987810187200698,0.26382237701349587
0.3141338059370846,0.18564466105449712,0.2467877713779353,0.2534337616304829
0.3138913624220837,0.188780053428317,0.24487978628673196,0.25244879786286734
0.32097688617531617,0.1831661578717837,0.24552987352812908,0.25032708242477103
0.3170080142475512,0.19011576135351738,0.2435440783615316,0.2493321460373998
0.31868131868131866,0.19384615384615383,0.2342857142857143,0.2531868131868132
0.32033673017279574,0.1891891891891892,0.2357111209570226,0.25476295968099244
0.31671041119860016,0.19291338582677164,0.23534558180227472,0.2550306211723535
0.317157712305026,0.19324090121317158,0.2339688041594454,0.255632582322357
0.32642258491398324,0.18923687692986327,0.23599470666078518,0.24834583149536832
0.3216503992901508,0.18944099378881987,0.2329192546583851,0.2559893522626442
0.31023830538393643,0.19020300088261252,0.23654015887025595,0.26301853486319504
0.3074561403508772,0.1912280701754386,0.23289473684210527,0.26842105263157895
0.304137323943662,0.19278169014084506,0.2306338028169014,0.27244718309859156
0.30534688466637205,0.19575784357048165,0.2284577993813522,0.27043747238179405
0.3045751633986928,0.19956427015250544,0.22745098039215686,0.2684095860566449
0.2937554969217238,0.2022867194371152,0.22823218997361477,0.2757255936675462
0.2865934065934066,0.20747252747252748,0.22373626373626374,0.2821978021978022
0.2869641294838145,0.21128608923884515,0.2178477690288714,0.28390201224846895
0.287598944591029,0.218117854001759,0.2102022867194371,0.28408091468777485
0.2831111111111111,0.21822222222222223,0.21066666666666667,0.288
0.27860915492957744,0.22359154929577466,0.20994718309859156,0.2878521126760563
0.27714535901926446,0.22066549912434325,0.20928196147110334,0.29290718038528896
0.2778268551236749,0.2226148409893993,0.20936395759717313,0.29019434628975266
0.2796125055041832,0.22280933509467196,0.21003963011889035,0.28753852928225454
0.28403141361256545,0.22338568935427575,0.20724258289703315,0.28534031413612565
0.2947875602277705,0.21638195356986423,0.2058694699956198,0.2829610162067455
0.289532293986637,0.2178173719376392,0.21158129175946547,0.28106904231625834
0.28734622144112476,0.21441124780316345,0.2126537785588752,0.28558875219683655
0.29238221047996477,0.21136063408190225,0.21796565389696168,0.27829150154117127
0.28740675734971477,0.21017990346643264,0.21939447125932426,0.2830188679245283
0.28378378378378377,0.2088055797733217,0.22362685265911073,0.28378378378378377
0.27917217084984586,0.21003963011889035,0.22545134302069572,0.285336856010568
0.27534307215582116,0.2129260734838424,0.2266489597166888,0.28508189464364764
0.2792122538293217,0.2074398249452954,0.22975929978118162,0.2835886214442013
0.2827616534740545,0.2119613016710642,0.22075637642919965,0.28452066842568163
0.28540305010893247,0.21002178649237474,0.2222222222222222,0.2823529411764706
0.28923076923076924,0.20967032967032967,0.22065934065934065,0.2804395604395604
0.28805309734513274,0.20398230088495575,0.22256637168141594,0.2853982300884956
0.2908366533864542,0.20008853474988933,0.2319610447100487,0.2771137671536078
0.29092526690391457,0.20596085409252668,0.22508896797153025,0.2780249110320285
0.29331574318381703,0.20360598065083554,0.2247141600703606,0.2783641160949868
0.29192006950477845,0.19765421372719374,0.22762814943527368,0.28279756733275413
0.291832229580574,0.1986754966887417,0.22560706401766004,0.2838852097130243
0.2936753648827952,0.19814241486068113,0.2260061919504644,0.28217602830605926
0.2941952506596306,0.20316622691292877,0.22295514511873352,0.2796833773087071
0.2924988903683977,0.19840213049267644,0.2237017310252996,0.28539724811362627
0.2927256792287467,0.20201577563540754,0.2252410166520596,0.28001752848378614
0.29078947368421054,0.20614035087719298,0.218859649122807,0.28421052631578947
0.29577464788732394,0.1993838028169014,0.2249119718309859,0.27992957746478875
0.2864099158919876,0.20628596724214254,0.22532093846834883,0.281983178397521
0.2882686436982119,0.20758831225468818,0.2250327082424771,0.27911033580462274
0.2939885914874945,0.20184291355857834,0.22071083808688022,0.28345765686704694
0.29042179261862916,0.19859402460456943,0.22451669595782073,0.28646748681898065
0.2995575221238938,0.19513274336283185,0.22123893805309736,0.28407079646017697
0.29876434245366285,0.19726390114739628,0.2228596646072374,0.28111209179170343
0.30114135206321335,0.20149253731343283,0.21817383669885865,0.2791922739244952
0.3026955368979231,0.1992929739284136,0.21829429960229785,0.27971718957136543
0.30799475753604194,0.19790301441677588,0.21756225425950196,0.2765399737876802
0.3072893932780445,0.19816673941510257,0.21693583587952858,0.2776080314273243
0.3162280701754386,0.1912280701754386,0.21359649122807017,0.2789473684210526
0.3079268292682927,0.19250871080139373,0.21733449477351915,0.28222996515679444
0.304635761589404,0.19426048565121412,0.22339955849889626,0.27770419426048565
0.29881526985519963,0.1917507678806494,0.22465993856954805,0.2847740236946029
0.3053000438020149,0.18484450284713097,0.22207621550591328,0.28777923784494086
0.29765590446705,0.18752764263600177,0.22954444935869084,0.28527200353825743
0.2945084145261293,0.1913197519929141,0.2254207263064659,0.2887511071744907
0.29683377308707126,0.19085312225153914,0.22251539138082674,0.28979771328056286
0.29414354909731394,0.19110523998238663,0.21972699251431088,0.2950242184059885
0.2891141472014103,0.18995152049360953,0.22212428382547378,0.2988100484795064
0.29334500875656744,0.1904553415061296,0.2276707530647986,0.28852889667250436
0.29289810322011467,0.18482576091751213,0.22849580943978826,0.2937803264225849
0.2900964066608238,0.18843120070113936,0.23093777388255915,0.29053461875547765
0.27926348092941694,0.19158263919333626,0.2362998684787374,0.2928540113985094
0.28111209179170343,0.19240953221535745,0.24007060900264784,0.28640776699029125
0.2760600706713781,0.19081272084805653,0.24602473498233215,0.2871024734982332
0.2731707317073171,0.19334811529933482,0.2465631929046563,0.2869179600886918
0.27430093209054596,0.18819351975144252,0.24633821571238348,0.29116733244562804
0.27078701645175635,0.1889728768341485,0.2449977767896843,0.29524232992441085
0.2764654418197725,0.18460192475940507,0.24059492563429571,0.2983377077865267
0.27972027972027974,0.18487762237762237,0.2381993006993007,0.2972027972027972
0.2864698104892023,0.18201851035698546,0.23358307624504188,0.2979286029087704
0.2873001776198934,0.1811722912966252,0.2366785079928952,0.29484902309058614
0.29117259552042163,0.1800614844093105,0.23276240667545015,0.29600351339481773
0.2904363155575143,0.18378140149845748,0.2256500661084178,0.3001322168356104
0.29254385964912283,0.18552631578947368,0.2267543859649123,0.2951754385964912
0.29814487632508835,0.19081272084805653,0.22128975265017667,0.28975265017667845
0.2903368794326241,0.1976950354609929,0.22429078014184398,0.287677304964539
0.29343971631205673,0.20212765957446807,0.21808510638297873,0.28634751773049644
0.29334500875656744,0.20796847635726795,0.212784588441331,0.28590192644483364
0.28764731558271495,0.2112614578786556,0.21780881711043212,0.28328240942819727
0.2888595332452664,0.21400264200792601,0.21576398062527521,0.2813738441215324
0.28565140845070425,0.21214788732394366,0.22007042253521128,0.28213028169014087
0.2870535714285714,0.21116071428571428,0.22098214285714285,0.28080357142857143
0.2855245683930943,0.2151394422310757,0.21558211598052235,0.28375387339530767
0.29053461875547765,0.21603856266432953,0.21866783523225242,0.2747589833479404
0.2931110136024572,0.21676173760421238,0.21369021500658184,0.27643703378674855
0.2884191985909291,0.21312197269925143,0.21972699251431088,0.27873183619550856
0.29028021015761823,0.2158493870402802,0.21760070052539404,0.27626970227670755
0.29328621908127206,0.21333922261484098,0.21598939929328623,0.2773851590106007
0.291832229580574,0.21368653421633554,0.2119205298013245,0.282560706401766
0.2890932982917214,0.21506789312308366,0.2102496714848883,0.2855891371003066
0.29600351339481773,0.20816864295125165,0.21080368906455862,0.28502415458937197
0.2977332170880558,0.2109851787271142,0.21490845684394072,0.2763731473408893
0.2968954962833406,0.21469173589855706,0.2125054656755575,0.27590730214254483
0.2940917107583774,0.21428571428571427,0.21693121693121692,0.27469135802469136
0.2886232846392209,0.21868083222664897,0.2151394422310757,0.2775564409030544
0.29045092838196285,0.21794871794871795,0.21839080459770116,0.27320954907161804
0.2860290877038343,0.21551344204495373,0.22124283825473778,0.2772146319964742
0.28213028169014087,0.21786971830985916,0.22007042253521128,0.27992957746478875
0.28481862964621585,0.22480967308553515,0.22122704881325572,0.2691446484549933
0.282985339848956,0.22390048867170145,0.21812527765437584,0.27498889382496666
0.27829150154117127,0.22413033905768384,0.22104799647732276,0.2765301629238221
0.2777777777777778,0.22615923009623798,0.21566054243219598,0.2804024496937883
0.28354881854658937,0.22915737851092288,0.21266161390994204,0.2746321890325457
0.2762114537444934,0.23127753303964757,0.2118942731277533,0.2806167400881057
0.281346920691183,0.23216659282233051,0.21400088613203366,0.2724856003544528
0.28471309680245294,0.2290845378887429,0.21681997371879105,0.26938239159001315
0.28496503496503495,0.22945804195804195,0.21678321678321677,0.2687937062937063
0.2794759825327511,0.23275109170305677,0.2187772925764192,0.2689956331877729
0.2812083518436251,0.23145268769435806,0.22256774766770324,0.26477121279431365
0.28021015761821366,0.22854640980735552,0.22110332749562173,0.2701401050788091
0.2906619903551074,0.22972380534853135,0.2135028496273564,0.2661113546690048
0.2863494886616274,0.2334370831480658,0.21120497999110716,0.26900844819919967
0.29030837004405285,0.23039647577092512,0.2118942731277533,0.2674008810572687
0.28363475959417733,0.2329069254521394,0.20820467578297308,0.27525363917071016
0.281983178397521,0.2337317397078353,0.20628596724214254,0.2779991146525011
0.2778993435448578,0.24070021881838075,0.20831509846827134,0.27308533916849015
0.2797881729920565,0.235216240070609,0.20741394527802295,0.27758164165931154
0.27701808557565066,0.23820026466696073,0.211733568592854,0.2730480811645346
0.275,0.23508771929824562,0.21403508771929824,0.27587719298245617
0.2801762114537445,0.23700440528634362,0.21013215859030837,0.27268722466960355
0.2894273127753304,0.2277533039647577,0.21233480176211453,0.27048458149779736
0.2905494505494505,0.22153846153846155,0.21846153846153846,0.26945054945054947
0.2884108867427568,0.22300263388937663,0.22036874451273047,0.26821773485513606
0.28722934158197083,0.23199292973928415,0.21210782147591692,0.26866990720282813
0.2799650043744532,0.23097112860892388,0.2174103237095363,0.27165354330708663
0.2754517408550022,0.2353459673865139,0.21947994711326577,0.26972234464521816
0.2773626373626374,0.2312087912087912,0.22021978021978023,0.2712087912087912
0.2717247463608293,0.23775915306572562,0.2161446846052051,0.27437141596823994
0.2711189739053516,0.23396727111897392,0.21494913754975675,0.2799646174259177
0.2687555163283319,0.23036187113857018,0.2237422771403354,0.27714033539276256
0.2761946514686541,0.23498465585269618,0.21964050854888206,0.26918018412976763
0.27568042142230026,0.23617208077260754,0.21905179982440737,0.26909569798068483
0.28114035087719297,0.23640350877192984,0.2100877192982456,0.2723684210526316
0.2759538598047915,0.2302573203194321,0.20940550133096716,0.28438331854480925
0.2774822695035461,0.23138297872340424,0.20611702127659576,0.2850177304964539
0.2751322751322751,0.2257495590828924,0.21075837742504408,0.28835978835978837
0.2711267605633803,0.2262323943661972,0.21390845070422534,0.2887323943661972
0.27409372236958446,0.22281167108753316,0.21750663129973474,0.28558797524314766
0.2752982766239505,0.2209456473707468,0.21785240830755634,0.28590366769774633
0.27117903930131004,0.22314410480349345,0.22139737991266376,0.2842794759825327
0.27006651884700666,0.21951219512195122,0.2203991130820399,0.29002217294900223
0.2724046140195209,0.21694764862466726,0.21960958296362024,0.29103815439219166
0.27420774647887325,0.21654929577464788,0.22007042253521128,0.2891725352112676
0.268760907504363,0.21596858638743455,0.22425828970331588,0.29101221640488656
0.26928162185985016,0.22168356104010578,0.21947994711326577,0.2895548699867783
0.2637795275590551,0.22484689413823272,0.21916010498687663,0.2922134733158355
0.26163301141352063,0.22695346795434593,0.21817383669885865,0.2932396839332748
0.2590149516270888,0.2264731750219877,0.22119613016710643,0.29331574318381703
0.2625055334218681,0.23284639220894202,0.21868083222664897,0.28596724214254093
0.2623608017817372,0.2289532293986637,0.22048997772828507,0.28819599109131405
0.2655637788419678,0.22725293861558554,0.217239878101872,0.28994340444057465
0.2581211589113257,0.22563652326602282,0.22388059701492538,0.2923617208077261
0.2567269519188355,0.22893692104102337,0.2218791354212616,0.29245699161887956
0.2513134851138354,0.23555166374781086,0.2202276707530648,0.29290718038528896
0.25099778270509976,0.23991130820399112,0.21596452328159646,0.29312638580931266
0.25,0.2394736842105263,0.21842105263157896,0.29210526315789476
0.24812362030905077,0.23532008830022075,0.22075055187637968,0.2958057395143488
0.24737762237762237,0.23907342657342656,0.2180944055944056,0.29545454545454547
0.2532808398950131,0.2388451443569554,0.2152230971128609,0.2926509186351706
0.2490118577075099,0.24110671936758893,0.21870882740447958,0.29117259552042163
0.24956369982547993,0.2369109947643979,0.21291448516579406,0.3006108202443281
0.2519788918205805,0.2418645558487247,0.21459982409850484,0.29155672823219
0.24846356453028973,0.237928007023705,0.218612818261633,0.29499561018437226
0.24406332453825857,0.24450307827616535,0.21152154793315744,0.29991204925241866
0.2405452946350044,0.24494283201407213,0.2154793315743184,0.2990325417766051
0.24423160644318676,0.24031345232912493,0.2111449717022203,0.304309969525468
0.24237063246351173,0.2419283502874834,0.21406457319770014,0.30163644405130474
0.24153101627804663,0.2388913330400352,0.2190937087549494,0.30048394192696876
0.24801412180052956,0.235657546337158,0.21712268314210062,0.2992056487202118
0.24788607031597687,0.22963951935914553,0.22073876279483756,0.30173564753004006
0.2498903989478299,0.23279263480929416,0.2135028496273564,0.3038141166155195
0.25725593667546176,0.23306948109058928,0.2106420404573439,0.2990325417766051
0.2572052401746725,0.23275109170305677,0.20829694323144105,0.3017467248908297
0.26237406920718354,0.22864651773981604,0.21156373193166886,0.2974156811213316
0.2581913499344692,0.22717343818261249,0.21799912625600698,0.2966360856269113
0.2606986899563319,0.22314410480349345,0.22314410480349345,0.2930131004366812
0.2592267135325132,0.22759226713532513,0.2179261862917399,0.29525483304042177
0.2621870882740448,0.2235397452788757,0.22178304787000439,0.2924901185770751
0.26107942079859586,0.22465993856954805,0.2233435717419921,0.29091706888986396
0.2509907529722589,0.23205636283575518,0.22148833113166005,0.2954645530603259
0.24428822495606328,0.24121265377855888,0.22407732864674867,0.29042179261862916
0.2410437859354268,0.23971693940734187,0.2193719593100398,0.2998673153471915
0.2398945518453427,0.23813708260105448,0.22319859402460457,0.29876977152899825
0.24172915747684165,0.2434936038817821,0.22055580061755625,0.29422143802382
0.2431132487975514,0.2435505028421513,0.2186270222999563,0.29470922606034106
0.24517543859649124,0.24385964912280703,0.22456140350877193,0.2864035087719298
0.24501550731058927,0.24324324324324326,0.2157731501993797,0.2959680992467878
0.24249116607773852,0.24602473498233215,0.21863957597173145,0.2928445229681979
0.2483574244415243,0.2483574244415243,0.21901007446342532,0.2842750766535261
0.2574561403508772,0.24473684210526317,0.21096491228070174,0.2868421052631579
0.2541557305336833,0.2436570428696413,0.21478565179352582,0.2874015748031496
0.2527667109340416,0.25143868968570166,0.20717131474103587,0.2886232846392209
0.25843694493783304,0.24866785079928952,0.20648312611012434,0.2864120781527531
0.2589676290463692,0.2532808398950131,0.20341207349081364,0.28433945756780404
0.26497199482981476,0.24946143903489876,0.1994829814735028,0.28608358466178374
0.2620932277924362,0.24802110817941952,0.20580474934036938,0.28408091468777485
0.2611184500220167,0.24702774108322326,0.2051959489211801,0.2866578599735799
0.2599293909973522,0.24227714033539277,0.2087378640776699,0.2890556045895852
0.2605042016806723,0.24635117204776646,0.20743034055727555,0.2857142857142857
0.2636403317328677,0.24050632911392406,0.20515058926233087,0.29070274989087735
0.26108156028368795,0.2429078014184397,0.20301418439716312,0.2929964539007092
0.26276408450704225,0.2425176056338028,0.20158450704225353,0.29313380281690143
0.2622733303847855,0.24325519681556834,0.19902697921273774,0.29544449358690844
0.2626707800793301,0.24063464081092992,0.1974438078448656,0.29925077126487437
0.26561125769569044,0.23790677220756376,0.19788918205804748,0.2985927880386983
0.2651284283848498,0.23770134958641706,0.19677840661732696,0.3003918154114062
0.26399294843543414,0.23314235345967388,0.19920669898633758,0.30365799911855446
0.2595019659239843,0.23591087811271297,0.19965050240279597,0.30493665356050675
0.25925925925925924,0.2345679012345679,0.19797178130511464,0.3082010582010582
0.2579505300353357,0.23895759717314488,0.1965547703180212,0.30653710247349825
0.26163301141352063,0.23529411764705882,0.19798068481123793,0.3050921861281826
0.2654945054945055,0.2347252747252747,0.1956043956043956,0.30417582417582417
0.26096491228070173,0.23333333333333334,0.19912280701754387,0.30657894736842106
0.2571680635200706,0.23246581385090428,0.2046757829730922,0.30569033965593295
0.26228070175438595,0.23201754385964912,0.19649122807017544,0.3092105263157895
0.25786442179884805,0.22729286663712894,0.1998227735932654,0.31501993797075767
0.25505716798592787,0.22515391380826738,0.19920844327176782,0.32058047493403696
0.25701754385964914,0.22105263157894736,0.20394736842105263,0.31798245614035087
0.25065616797900264,0.22353455818022747,0.20778652668416447,0.31802274715660545
0.2466112811543507,0.21775251421075645,0.2090074333187582,0.32662877131613466
0.2421564295183385,0.22182942996022978,0.21564295183384888,0.32037118868758285
0.24779541446208111,0.222663139329806,0.21164021164021163,0.31790123456790126
0.2494548626253816,0.21282163105102486,0.21412996075010904,0.3235935455734845
0.2443458980044346,0.21596452328159646,0.2212860310421286,0.31840354767184037
0.24814004376367615,0.2148796498905908,0.22407002188183808,0.31291028446389496
0.254601226993865,0.21253286590709902,0.21998247151621383,0.3128834355828221
0.24749017896115233,0.21213443910955915,0.2234831951113051,0.3168921868179834
0.25197541703248466,0.21334503950834066,0.22080772607550483,0.31387181738366987
0.24832514515408666,0.21572130415364002,0.2201875837427423,0.315765966949531
0.2476983779044279,0.21613327487943884,0.22007891275756247,0.3160894344585708
0.24569155987627045,0.22448077772867875,0.2191780821917808,0.31064958020327
0.2529592284085927,0.2209557211749233,0.21832529592284086,0.3077597544936431
0.2517636684303351,0.2208994708994709,0.2173721340388007,0.3099647266313933
0.25526315789473686,0.21403508771929824,0.22105263157894736,0.30964912280701756
0.25559947299077734,0.21739130434782608,0.2204655248133509,0.3065436978480457
0.2652613087395696,0.21299956082564778,0.2231005709266579,0.29863855950812473
0.2682280159080866,0.21696862571807335,0.2213875386654883,0.29341581970835173
0.2675438596491228,0.2162280701754386,0.2236842105263158,0.29254385964912283
0.2654945054945055,0.21626373626373627,0.2175824175824176,0.30065934065934063
0.2675496688741722,0.21810154525386313,0.21368653421633554,0.30066225165562915
0.27403846153846156,0.21765734265734266,0.21328671328671328,0.2950174825174825
0.2721658579620644,0.21349801499779444,0.21658579620644022,0.29775033083370095
0.2672527472527473,0.21714285714285714,0.21802197802197804,0.2975824175824176
0.2677787532923617,0.20983318700614575,0.22651448639157157,0.295873573309921
0.2631346578366446,0.21280353200883,0.2251655629139073,0.2988962472406181
0.2638580931263858,0.21374722838137472,0.22350332594235034,0.29889135254988913
0.26452464788732394,0.2130281690140845,0.2244718309859155,0.29797535211267606
0.26830337571240687,0.210872424375274,0.2240245506356861,0.29679964927663305
0.26950043821209463,0.2116564417177914,0.21998247151621383,0.2988606485539001
0.27493380406001766,0.21579876434245365,0.21359223300970873,0.29567519858781993
0.2764084507042254,0.21522887323943662,0.21390845070422534,0.2944542253521127
0.275022143489814,0.21612046058458814,0.20770593445527016,0.30115146147032773
0.26989010989010986,0.22505494505494505,0.20703296703296703,0.298021978021978
0.263459841129744,0.22815533980582525,0.2082965578111209,0.3000882612533098
0.26722987994664293,0.2218763895064473,0.20809248554913296,0.3028012449977768
0.26952253458277553,0.22713074520303436,0.2070504239178938,0.2962962962962963
0.27067014795474326,0.22367275892080069,0.206266318537859,0.299390774586597
0.2707597173144876,0.22438162544169613,0.20936395759717313,0.2954946996466431
0.26728723404255317,0.22562056737588654,0.20833333333333334,0.2987588652482269
0.259946949602122,0.22015915119363394,0.21352785145888595,0.3063660477453581
0.26297273526824977,0.22207563764291996,0.2119613016710642,0.30299032541776605
0.26452464788732394,0.21786971830985916,0.21434859154929578,0.3032570422535211
0.26634699215344376,0.2105492589363557,0.2153443766346992,0.3077593722755013
0.2710526315789474,0.2074561403508772,0.21359649122807017,0.3078947368421053
0.2753940455341506,0.2062171628721541,0.21103327495621715,0.3073555166374781
0.2740447957839262,0.2028985507246377,0.21431708388230128,0.30873956960913485
0.27177242888402625,0.20350109409190373,0.21269146608315098,0.312035010940919
0.2720524017467249,0.20436681222707423,0.2126637554585153,0.3109170305676856
0.27522935779816515,0.2053298383573613,0.2127566622979467,0.30668414154652685
0.2804395604395604,0.20043956043956043,0.22153846153846155,0.2975824175824176
0.28250330542089025,0.2009695901278096,0.21992066989863376,0.2966064345526664
0.2847740236946029,0.19833260201842914,0.21895568231680562,0.29793769197016234
0.2831779849090102,0.20150909897913893,0.2210386151797603,0.29427430093209056
0.28031634446397186,0.20035149384885764,0.22144112478031636,0.29789103690685415
0.28445618670189343,0.20035226772346984,0.21532364597093792,0.2998678996036988
0.2837659480862297,0.1970963484381874,0.22173339199296085,0.2974043114826221
0.27998236331569665,0.1988536155202822,0.22001763668430335,0.3011463844797178
0.2750439367311072,0.2056239015817223,0.21704745166959577,0.3022847100175747
0.27403846153846156,0.19973776223776224,0.22465034965034966,0.30157342657342656
0.27439824945295405,0.2,0.2262582056892779,0.29934354485776804
0.2773851590106007,0.20185512367491165,0.22128975265017667,0.299469964664311
0.283311199645861,0.20053120849933598,0.21868083222664897,0.29747675962815406
0.2840210711150132,0.199297629499561,0.2151009657594381,0.3015803336259877
0.29120636323464427,0.20901458241272647,0.2001767565178966,0.29960229783473263
0.2928445229681979,0.20362190812720848,0.2067137809187279,0.2968197879858657
0.28808380619816676,0.20296813618507203,0.20646006110868617,0.30248799650807506
0.2905793896505971,0.20123839009287925,0.20566121185316233,0.3025210084033613
0.2884108867427568,0.1984196663740123,0.21246707638279191,0.30070237050043896
0.29349269588313415,0.19167773351040282,0.21336874723328905,0.301460823373174
0.2948943661971831,0.19674295774647887,0.21170774647887325,0.2966549295774648
0.2972972972972973,0.2005231037489102,0.21316477768090672,0.2890148212728858
0.2951111111111111,0.2031111111111111,0.21688888888888888,0.2848888888888889
0.2896341463414634,0.20470383275261325,0.22038327526132404,0.2852787456445993
0.28100263852242746,0.20712401055408972,0.22911169744942833,0.2827616534740545
0.28053097345132744,0.20398230088495575,0.22831858407079647,0.28716814159292037
0.28389084507042256,0.20202464788732394,0.22755281690140844,0.28653169014084506
0.2830687830687831,0.20326278659611993,0.2275132275132275,0.2861552028218695
0.28484054172127565,0.2053298383573613,0.21799912625600698,0.29183049366535607
0.2864721485411141,0.20733863837312114,0.22192749778956675,0.28426171529619804
0.28252299605781866,0.20324134910205868,0.22514235654840123,0.2890932982917214
0.28060097216084845,0.20282810428634557,0.22580645161290322,0.2907644719399028
0.28294402820625825,0.19920669898633758,0.2269722344645218,0.2908770383428823
0.27880386983289357,0.20052770448548812,0.2247141600703606,0.2959542656112577
0.2832014072119613,0.20184696569920843,0.22295514511873352,0.29199648197009676
0.2794182459233142,0.19920669898633758,0.22124283825473778,0.3001322168356104
0.27328918322295803,0.20573951434878587,0.21898454746136867,0.3019867549668874
0.2780229479258605,0.2003530450132392,0.21844660194174756,0.3031774051191527
0.28054697838553155,0.2046757829730922,0.211733568592854,0.3030436700485223
0.28350970017636684,0.1984126984126984,0.21164021164021163,0.3064373897707231
0.2777284826974268,0.1974267968056788,0.2160603371783496,0.3087843833185448
0.27436347673397715,0.2067603160667252,0.22036874451273047,0.29850746268656714
0.274822695035461,0.2047872340425532,0.22163120567375885,0.2987588652482269
0.27391304347826084,0.19695652173913045,0.2234782608695652,0.3056521739130435
0.273568281938326,0.19779735682819383,0.22070484581497798,0.3079295154185022
0.2740088105726872,0.19515418502202644,0.21894273127753303,0.3118942731277533
0.2734891927657697,0.1945302161446846,0.21967357741508603,0.3123070136744596
0.26816380449141347,0.19815059445178335,0.22148833113166005,0.31219726992514313
0.27164835164835166,0.20395604395604397,0.21186813186813186,0.31252747252747254
0.2733245729303548,0.2041173893999124,0.20893561103810776,0.31362242663162504
0.2751322751322751,0.20899470899470898,0.20679012345679013,0.3090828924162258
0.27794962439239945,0.21078214759169245,0.20371188687582856,0.3075563411400795
0.28539724811362627,0.20594762538837105,0.1935197514425211,0.31513537505548156
0.28193832599118945,0.2105726872246696,0.19251101321585903,0.31497797356828194
0.2794182459233142,0.20846187747906567,0.19479947113265755,0.31732040546496254
0.27636849132176233,0.20694259012016022,0.19181130396083668,0.32487761459724074
0.2785871964679912,0.20353200883002207,0.19337748344370861,0.32450331125827814
0.2852774137177807,0.19965050240279597,0.19790301441677588,0.31716906946264745
0.2878521126760563,0.19806338028169015,0.19718309859154928,0.31690140845070425
0.2794568550153307,0.2014892685063513,0.19579500657030224,0.3232588699080158
0.2774591971768858,0.2121746801940891,0.19232465813850905,0.3180414644905161
0.27300884955752214,0.215929203539823,0.18849557522123894,0.32256637168141594
0.2691117984975696,0.21431727794962438,0.1917808219178082,0.3247901016349978
0.2693498452012384,0.2127377266696152,0.189296771340115,0.32861565678903143
0.26271561256081377,0.22202565236620964,0.18531623175586023,0.32994250331711633
0.26605101143359716,0.22207563764291996,0.18337730870712401,0.32849604221635886
0.2694185530403906,0.2272525521526853,0.18064802485574788,0.32268086995117623
0.27161035541904344,0.2198332602018429,0.18648530057042562,0.32207108380868804
0.26525198938992045,0.22546419098143236,0.1892130857648099,0.32007073386383733
0.2647702407002188,0.22275711159737419,0.1886214442013129,0.3238512035010941
0.2650976909413854,0.22202486678507993,0.19094138543516873,0.3219360568383659
0.26492374727668844,0.2235294117647059,0.18997821350762528,0.3215686274509804
0.26271561256081377,0.22335249889429457,0.19371959310039805,0.3202122954444936
0.26143790849673204,0.22962962962962963,0.1895424836601307,0.3193899782135076
0.26124945391000437,0.22892092616863258,0.19309742245522063,0.3167321974661424
0.2575558475689882,0.2264564169951818,0.19097678493210687,0.3250109505037232
0.2661965623622741,0.2234464521815778,0.1890700749228735,0.3212869105332746
0.26516157591854805,0.22709163346613545,0.18857901726427623,0.3191677733510403
0.2652881654201496,0.225692916849978,0.1900571931368236,0.31896172459304883
0.27850877192982454,0.2293859649122807,0.18903508771929825,0.3030701754385965
0.2741652021089631,0.22407732864674867,0.19639718804920914,0.3053602811950791
0.2851493848857645,0.21441124780316345,0.19200351493848858,0.3084358523725835
0.27991169977924946,0.21766004415011037,0.2022075055187638,0.30022075055187636
0.2786885245901639,0.2157731501993797,0.204696499778467,0.30084182543198934
0.27548330404217924,0.21528998242530756,0.21353251318101935,0.29569420035149385
0.26598579040852577,0.22158081705150978,0.21314387211367672,0.29928952042628776
0.26657824933687,0.22236958443854996,0.21485411140583555,0.29619805481874445
0.27073277753400615,0.21369021500658184,0.21763931548924967,0.29793769197016234
0.26412614980289095,0.2146298729741568,0.22120017520805957,0.30004380201489267
0.2708516242317823,0.21027216856892011,0.22168568920105355,0.2971905179982441
0.26955002184359983,0.20620358235037134,0.21537789427697684,0.308868501529052
0.2730480811645346,0.20026466696074108,0.21482134980149978,0.3118659020732245
0.27240773286467485,0.19859402460456943,0.21748681898066785,0.3115114235500879
0.2730480811645346,0.2011468901632113,0.2192324658138509,0.3065725628584032
0.2691292875989446,0.19920844327176782,0.22075637642919965,0.31090589270008795
0.27869565217391307,0.1973913043478261,0.21913043478260869,0.30478260869565216
0.2782646801051709,0.1971954425942156,0.21954425942156003,0.30499561787905344
0.2824258521469677,0.19566179725542276,0.21646746347941567,0.3054448871181939
