C,D,Oc,Od
0.0,1.0,0.0,0.0
0.0,1.0,0.0,0.0
0.0,1.0,0.0,0.0
0.0,1.0,0.0,0.0
0.0,0.8333333333333334,0.0,0.16666666666666666
0.0,0.5,0.0,0.5
0.0,0.5555555555555556,0.0,0.4444444444444444
0.0,0.6,0.0,0.4
0.0,0.4166666666666667,0.16666666666666666,0.4166666666666667
0.0,0.4,0.2,0.4
0.0,0.5238095238095238,0.09523809523809523,0.38095238095238093
0.0,0.5416666666666666,0.125,0.3333333333333333
0.04,0.64,0.04,0.28
0.06451612903225806,0.6129032258064516,0.06451612903225806,0.25806451612903225
0.07894736842105263,0.6578947368421053,0.05263157894736842,0.21052631578947367
0.046511627906976744,0.627906976744186,0.06976744186046512,0.2558139534883721
0.058823529411764705,0.5882352941176471,0.09803921568627451,0.2549019607843137
0.03571428571428571,0.6071428571428571,0.05357142857142857,0.30357142857142855
0.03389830508474576,0.6440677966101694,0.01694915254237288,0.3050847457627119
0.046875,0.65625,0.015625,0.28125
0.046153846153846156,0.6307692307692307,0.0,0.3230769230769231
0.014492753623188406,0.6521739130434783,0.0,0.3333333333333333
0.0136986301369863,0.6712328767123288,0.0,0.3150684931506849
0.04819277108433735,0.5301204819277109,0.0,0.42168674698795183
0.05102040816326531,0.5102040816326531,0.0,0.4387755102040816
0.047619047619047616,0.5333333333333333,0.009523809523809525,0.4095238095238095
0.06140350877192982,0.5350877192982456,0.017543859649122806,0.38596491228070173
0.08064516129032258,0.5241935483870968,0.008064516129032258,0.3870967741935484
0.08088235294117647,0.5,0.007352941176470588,0.4117647058823529
0.0958904109589041,0.4931506849315068,0.0136986301369863,0.3972602739726027
0.09740259740259741,0.4675324675324675,0.025974025974025976,0.4090909090909091
0.10119047619047619,0.4583333333333333,0.023809523809523808,0.4166666666666667
0.13114754098360656,0.4426229508196721,0.01639344262295082,0.4098360655737705
0.1377551020408163,0.44387755102040816,0.025510204081632654,0.39285714285714285
0.1722488038277512,0.4019138755980861,0.028708133971291867,0.39712918660287083
0.2072072072072072,0.40540540540540543,0.013513513513513514,0.3738738738738739
0.2145922746781116,0.3776824034334764,0.03862660944206009,0.36909871244635195
0.2056451612903226,0.38306451612903225,0.04435483870967742,0.36693548387096775
0.21804511278195488,0.34962406015037595,0.045112781954887216,0.38721804511278196
0.21830985915492956,0.3380281690140845,0.056338028169014086,0.3873239436619718
0.2098360655737705,0.35081967213114756,0.05245901639344262,0.38688524590163936
0.2012012012012012,0.35435435435435436,0.07207207207207207,0.37237237237237236
0.17746478873239438,0.38028169014084506,0.08450704225352113,0.35774647887323946
0.1763085399449036,0.3691460055096419,0.09641873278236915,0.3581267217630854
0.19843342036553524,0.370757180156658,0.09921671018276762,0.33159268929503916
0.2144638403990025,0.3690773067331671,0.09725685785536159,0.3192019950124688
0.24343675417661098,0.3341288782816229,0.11455847255369929,0.30787589498806683
0.25,0.3340909090909091,0.1159090909090909,0.3
0.24282560706401765,0.3355408388520971,0.11920529801324503,0.30242825607064017
0.2574468085106383,0.3382978723404255,0.11063829787234042,0.2936170212765957
0.23770491803278687,0.3401639344262295,0.125,0.29713114754098363
0.23121387283236994,0.3352601156069364,0.12909441233140656,0.3044315992292871
0.2523191094619666,0.3209647495361781,0.12430426716141002,0.30241187384044527
0.25177304964539005,0.3262411347517731,0.12943262411347517,0.2925531914893617
0.2483221476510067,0.337248322147651,0.13087248322147652,0.2835570469798658
0.2967741935483871,0.317741935483871,0.12096774193548387,0.2645161290322581
0.300314465408805,0.29559748427672955,0.14779874213836477,0.2562893081761006
0.3015151515151515,0.28484848484848485,0.14696969696969697,0.26666666666666666
0.3089311859443631,0.30600292825768666,0.13469985358711567,0.25036603221083453
0.29124820659971307,0.321377331420373,0.14347202295552366,0.24390243902439024
0.29218106995884774,0.32510288065843623,0.13443072702331962,0.24828532235939643
0.30446194225721784,0.30971128608923887,0.13123359580052493,0.2545931758530184
0.2820838627700127,0.3252858958068615,0.13468869123252858,0.2579415501905972
0.2747524752475248,0.3465346534653465,0.1349009900990099,0.2438118811881188
0.2709599027946537,0.35844471445929527,0.1385176184690158,0.23207776427703525
0.2750301568154403,0.33775633293124246,0.14354644149577805,0.2436670687575392
0.2895348837209302,0.336046511627907,0.13604651162790699,0.23837209302325582
0.29194630872483224,0.32662192393736017,0.13087248322147652,0.2505592841163311
0.30718232044198895,0.318232044198895,0.11712707182320442,0.2574585635359116
0.30387931034482757,0.3297413793103448,0.11745689655172414,0.24892241379310345
0.29830148619957536,0.3184713375796178,0.1337579617834395,0.2494692144373673
0.30407523510971785,0.30094043887147337,0.13688610240334378,0.258098223615465
0.3158974358974359,0.30564102564102563,0.13230769230769232,0.24615384615384617
0.32477788746298125,0.2981243830207305,0.13820335636722605,0.2388943731490622
0.32475247524752476,0.3099009900990099,0.14158415841584157,0.22376237623762377
0.3177842565597668,0.31681243926141883,0.15451895043731778,0.2108843537414966
0.3148854961832061,0.3196564885496183,0.14408396946564886,0.22137404580152673
0.3249534450651769,0.313780260707635,0.14990689013035383,0.21135940409683426
0.3296296296296296,0.30648148148148147,0.13703703703703704,0.22685185185185186
0.3236098450319052,0.29808568824065634,0.14585232452142205,0.2324521422060164
0.33509234828496043,0.28144239226033424,0.14335971855760773,0.24010554089709762
0.3327526132404181,0.2778745644599303,0.1480836236933798,0.24128919860627177
0.32413793103448274,0.26982758620689656,0.15775862068965518,0.2482758620689655
0.3236301369863014,0.2714041095890411,0.14726027397260275,0.2577054794520548
0.3247863247863248,0.2709401709401709,0.1581196581196581,0.24615384615384617
0.31872852233676974,0.27319587628865977,0.15378006872852235,0.2542955326460481
0.3027444253859348,0.2667238421955403,0.15608919382504288,0.274442538593482
0.3025768911055694,0.2502078137988362,0.1596009975062344,0.2876142975893599
0.31265508684863524,0.2597187758478081,0.14557485525227462,0.28205128205128205
0.32306411323896755,0.24895920066611157,0.14238134887593673,0.28559533721898417
0.3352601156069364,0.24194880264244426,0.14285714285714285,0.27993393889347645
0.34941763727121466,0.23211314475873543,0.1447587354409318,0.2737104825291181
0.3399833748960931,0.2344139650872818,0.1371571072319202,0.2884455527847049
0.3567251461988304,0.2172096908939014,0.13868003341687551,0.28738512949039263
0.34434351775392236,0.20891824938067713,0.14450867052023122,0.3022295623451693
0.3438538205980066,0.21179401993355482,0.13538205980066445,0.3089700996677741
0.34615384615384615,0.21522094926350246,0.12929623567921442,0.309328968903437
0.35110746513535684,0.20344544708777687,0.14520098441345364,0.3002461033634126
0.3680727874276261,0.20512820512820512,0.1480562448304384,0.2787427626137304
0.3536685902720528,0.2110469909315746,0.13849958779884583,0.2967848309975268
0.37916666666666665,0.20083333333333334,0.115,0.305
0.38926174496644295,0.18959731543624161,0.11493288590604027,0.3062080536912752
0.37447873227689743,0.18181818181818182,0.11009174311926606,0.3336113427856547
0.355,0.18,0.11666666666666667,0.34833333333333333
0.3668590272052762,0.18796372629843364,0.1145919208573784,0.3305853256389118
0.3711681855840928,0.18889809444904723,0.11101905550952776,0.32891466445733225
0.37131147540983606,0.1918032786885246,0.09836065573770492,0.33852459016393444
0.3698854337152209,0.18330605564648117,0.1039279869067103,0.34288052373158756
0.36356073211314477,0.1913477537437604,0.09983361064891846,0.3452579034941764
0.36046511627906974,0.18853820598006646,0.11295681063122924,0.3380398671096346
0.36794019933554817,0.1951827242524917,0.11046511627906977,0.32641196013289037
0.36219816819317235,0.2006661115736886,0.11323896752706078,0.32389675270607826
0.35435684647302906,0.187551867219917,0.11203319502074689,0.34605809128630705
0.3504983388704319,0.19102990033222592,0.10382059800664452,0.3546511627906977
0.3656532456861134,0.18323746918652423,0.10024650780608052,0.35086277732128185
0.3612012987012987,0.1858766233766234,0.09009740259740259,0.3628246753246753
0.35289323553382235,0.18744906275468623,0.0945395273023635,0.36511817440912797
0.3523274478330658,0.18298555377207062,0.08507223113964688,0.3796147672552167
0.3486682808716707,0.18321226795803067,0.08716707021791767,0.38095238095238093
0.3498799039231385,0.18174539631705364,0.08006405124099279,0.388310648518815
0.3379032258064516,0.19516129032258064,0.08870967741935484,0.3782258064516129
0.3502377179080824,0.18858954041204437,0.08874801901743265,0.3724247226624406
0.3538338658146965,0.18130990415335463,0.09984025559105432,0.36501597444089456
0.3718470301057771,0.16598860862489828,0.10170870626525631,0.36045565500406834
0.3799514955537591,0.16006467259498788,0.09781729991915926,0.36216653193209375
0.38621794871794873,0.15544871794871795,0.10256410256410256,0.3557692307692308
0.3854166666666667,0.16025641025641027,0.10496794871794872,0.34935897435897434
0.3881527669524552,0.1504286827747467,0.10054559625876851,0.36087295401402963
0.3947577442414615,0.14932486100079428,0.10246227164416204,0.3534551231135822
0.38557993730407525,0.14184952978056425,0.10736677115987461,0.3652037617554859
0.39228295819935693,0.14389067524115756,0.1045016077170418,0.35932475884244375
0.4,0.1456,0.1104,0.344
0.38814229249011856,0.14545454545454545,0.11699604743083004,0.3494071146245059
0.38306138306138304,0.1383061383061383,0.12043512043512043,0.3581973581973582
0.3838304552590267,0.12951334379905807,0.10910518053375197,0.37755102040816324
0.38984375,0.11796875,0.10703125,0.38515625
0.3904761904761905,0.11984126984126985,0.10396825396825397,0.38571428571428573
0.3778122575640031,0.11171450737005431,0.11481768813033359,0.395655546935609
0.3701700154559505,0.11128284389489954,0.10510046367851623,0.4134466769706337
0.35531419705197825,0.11016291698991466,0.1078355314197052,0.42668735453840184
0.3550156739811912,0.1152037617554859,0.10658307210031348,0.4231974921630094
0.36684996072270226,0.10369206598586017,0.1044776119402985,0.42498036135113904
0.3619197482297404,0.0952006294256491,0.11408339889850512,0.4287962234461054
0.36900958466453676,0.09105431309904154,0.10862619808306709,0.43130990415335463
0.36900958466453676,0.10303514376996806,0.09904153354632587,0.4289137380191693
0.3557692307692308,0.11378205128205128,0.0921474358974359,0.43830128205128205
0.35312747426761676,0.110055423594616,0.0894695170229612,0.447347585114806
0.35160532498042285,0.11198120595144871,0.08927173061863743,0.447141738449491
0.3438985736925515,0.1109350237717908,0.09033280507131537,0.4548335974643423
0.35058823529411764,0.10431372549019607,0.09176470588235294,0.4533333333333333
0.36264591439688715,0.10350194552529182,0.08793774319066149,0.44591439688715956
0.35448057097541635,0.11419508326724821,0.08564631245043616,0.4456780333068993
0.3603112840466926,0.10972762645914397,0.08326848249027237,0.4466926070038911
0.3541501976284585,0.09881422924901186,0.08932806324110672,0.45770750988142295
0.3365231259968102,0.10047846889952153,0.09250398724082935,0.4704944178628389
0.3392,0.0984,0.0944,0.468
0.34274193548387094,0.09112903225806451,0.0935483870967742,0.47258064516129034
0.33779527559055117,0.09606299212598425,0.09291338582677165,0.4732283464566929
0.34609250398724084,0.10606060606060606,0.08851674641148326,0.45933014354066987
0.3526608419380461,0.11040508339952343,0.08816521048451152,0.448768864177919
0.3395493395493395,0.11033411033411034,0.09557109557109557,0.45454545454545453
0.3408913213448006,0.11102423768569195,0.09695074276778734,0.4511336982017201
0.3610023492560689,0.10728269381362568,0.08692247454972592,0.4447924823805795
0.3607843137254902,0.10509803921568628,0.08705882352941176,0.4470588235294118
0.3560899922420481,0.10628394103956555,0.08378588052754073,0.4538401861908456
0.3673469387755102,0.09340659340659341,0.09419152276295134,0.44505494505494503
0.35731225296442687,0.08537549407114625,0.09960474308300395,0.45770750988142295
0.35893416927899685,0.08463949843260188,0.10893416927899686,0.44749216300940436
0.35202492211838005,0.0895638629283489,0.10981308411214953,0.4485981308411215
0.3590944574551132,0.09133489461358314,0.11553473848555816,0.4340359094457455
0.34796238244514105,0.10031347962382445,0.10736677115987461,0.4443573667711599
0.33644133644133645,0.09557109557109557,0.10955710955710955,0.45843045843045843
0.34270101483216237,0.09289617486338798,0.09914129586260734,0.4652615144418423
0.34010946051602814,0.08600469116497264,0.09304143862392494,0.4808444096950743
0.3258513931888545,0.08668730650154799,0.08668730650154799,0.5007739938080495
0.3299689440993789,0.08152173913043478,0.08385093167701864,0.5046583850931677
0.327639751552795,0.07686335403726709,0.08307453416149069,0.5124223602484472
0.3317793317793318,0.07381507381507381,0.08935508935508936,0.5050505050505051
0.32565284178187404,0.06682027649769585,0.0837173579109063,0.5238095238095238
0.32515337423312884,0.07208588957055215,0.08128834355828221,0.5214723926380368
0.3182861514919663,0.06809487375669472,0.0757459831675593,0.5378729915837797
0.32175925925925924,0.07098765432098765,0.08256172839506173,0.5246913580246914
0.31790123456790126,0.06327160493827161,0.08873456790123457,0.5300925925925926
0.3175210405508799,0.05891354246365723,0.08416220351951033,0.5394032134659525
0.30833333333333335,0.07045454545454545,0.07878787878787878,0.5424242424242425
0.3178353658536585,0.06554878048780488,0.07088414634146341,0.5457317073170732
0.3313161875945537,0.06202723146747353,0.0718608169440242,0.5347957639939486
0.33561123766135154,0.053910402429764616,0.07441154138192863,0.5360668185269551
0.3177004538577912,0.05521936459909228,0.08850226928895613,0.5385779122541604
0.3169067475360121,0.05458680818802123,0.08718726307808947,0.5413191811978771
0.3093797276853253,0.057488653555219364,0.094553706505295,0.5385779122541604
0.3030769230769231,0.06769230769230769,0.09153846153846154,0.5376923076923077
0.29836829836829837,0.055944055944055944,0.0979020979020979,0.5477855477855478
0.3074558032282859,0.0568793235972329,0.08916218293620293,0.5465026902382782
0.29609375,0.053125,0.10078125,0.55
0.3033794162826421,0.05683563748079877,0.09600614439324116,0.543778801843318
0.2896551724137931,0.06360153256704981,0.09578544061302682,0.5509578544061303
0.28560431100846806,0.06774441878367975,0.0939183987682833,0.552732871439569
0.2948021722265322,0.0643910007757952,0.09464701318851823,0.5461598138091543
0.2815384615384615,0.07461538461538461,0.09538461538461539,0.5484615384615384
0.29681429681429683,0.07536907536907538,0.07847707847707848,0.5493395493395493
0.31148804934464147,0.07864302235929067,0.07401696222050887,0.535851966075559
0.2972549019607843,0.07372549019607844,0.06980392156862746,0.5592156862745098
0.3108320251177394,0.06593406593406594,0.06436420722135008,0.5588697017268446
0.2963818321785989,0.06466512702078522,0.06774441878367975,0.5712086220169361
0.3008377760853008,0.060167555217060166,0.07083015993907082,0.5681645087585682
0.3094512195121951,0.057926829268292686,0.06326219512195122,0.569359756097561
0.3136954858454476,0.05432287681713849,0.05891354246365723,0.5730680948737567
0.303557910673732,0.05677517032551098,0.0635881907645723,0.5760787282361847
0.31348907309721175,0.06028636021100226,0.06330067822155237,0.5629238884702336
0.3161485974222896,0.06823351023502654,0.053828658074298714,0.5617892342683851
0.32098765432098764,0.06172839506172839,0.05092592592592592,0.566358024691358
0.32426127527216175,0.06531881804043546,0.042768273716951785,0.567651632970451
0.31446059678653404,0.06197398622800306,0.042081101759755164,0.5814843152257078
0.3065637065637066,0.06640926640926641,0.044015444015444015,0.583011583011583
0.2945205479452055,0.0684931506849315,0.04642313546423135,0.5905631659056316
0.31551204819277107,0.05572289156626506,0.04593373493975904,0.5828313253012049
0.3047404063205418,0.0526711813393529,0.04815650865312265,0.5944319036869827
0.30162241887905605,0.046460176991150445,0.05825958702064897,0.5936578171091446
0.3164933135215453,0.048291233283803865,0.05646359583952452,0.5787518573551264
0.3026706231454006,0.04821958456973294,0.06379821958456973,0.5853115727002968
0.2896500372300819,0.04616530156366344,0.06105733432613552,0.6031273268801192
0.2785768357305072,0.045420136260408785,0.06737320211960636,0.6086298258894777
0.2916030534351145,0.044274809160305344,0.07099236641221374,0.5931297709923664
0.2979373567608862,0.0427807486631016,0.06646294881588999,0.5928189457601223
0.2888030888030888,0.039382239382239385,0.0749034749034749,0.5969111969111969
0.2899454403741232,0.03585346843335931,0.07638347622759158,0.5978176149649259
0.2913143735588009,0.0415065334358186,0.06764027671022291,0.5995388162951576
0.3081081081081081,0.03783783783783784,0.07335907335907337,0.5806949806949807
0.2921779141104294,0.037576687116564415,0.06901840490797546,0.6012269938650306
0.2826747720364742,0.03951367781155015,0.06534954407294832,0.6124620060790273
0.28353658536585363,0.04344512195121951,0.05945121951219512,0.6135670731707317
0.28799392097264437,0.04559270516717325,0.053951367781155016,0.6124620060790273
0.29493087557603687,0.043010752688172046,0.055299539170506916,0.6067588325652842
0.2902979373567609,0.04430863254392666,0.05576776165011459,0.6096256684491979
0.29760986892829605,0.04626060138781804,0.05319969159599075,0.6029298380878951
0.2908672294704528,0.04834996162701458,0.051419800460475826,0.6093630084420568
0.2901751713632902,0.05026656511805026,0.055597867479055596,0.6039603960396039
0.27620504973221116,0.041315990818668706,0.05814843152257077,0.6243305279265493
0.2883435582822086,0.04217791411042945,0.05291411042944785,0.6165644171779141
0.2743295019157088,0.04597701149425287,0.04827586206896552,0.6314176245210728
0.27646610814927647,0.039603960396039604,0.05178979436405179,0.6321401370906321
0.2753403933434191,0.039334341906202726,0.05446293494704992,0.6308623298033282
0.28134556574923547,0.040519877675840976,0.0581039755351682,0.6200305810397554
0.2799389778794813,0.04958047292143402,0.06331045003813883,0.6071700991609459
0.26371951219512196,0.05030487804878049,0.06097560975609756,0.625
0.25718608169440244,0.047655068078668684,0.06278366111951589,0.632375189107413
0.255079006772009,0.046651617757712566,0.057938299473288185,0.6403310759969902
0.24848484848484848,0.04696969696969697,0.06363636363636363,0.6409090909090909
0.24251497005988024,0.05763473053892216,0.06287425149700598,0.6369760479041916
0.24831712789827973,0.050860134629768135,0.06806282722513089,0.6327599102468212
0.25334323922734026,0.0549777117384844,0.07057949479940565,0.6210995542347697
0.2698170731707317,0.05030487804878049,0.057926829268292686,0.6219512195121951
0.27389014296463504,0.04740406320541761,0.05342362678705794,0.6252821670428894
0.2789992418498863,0.050037907505686124,0.052312357846853674,0.6186504927975739
0.27012791572610984,0.04966139954853273,0.059443190368698266,0.6207674943566591
0.268809349890431,0.05697589481373265,0.056245434623813005,0.6179693206720234
0.2529585798816568,0.0643491124260355,0.0621301775147929,0.6205621301775148
0.24962518740629686,0.05997001499250375,0.05997001499250375,0.6304347826086957
0.2532221379833207,0.04852160727824109,0.06595905989385899,0.6322971948445792
0.25018896447467875,0.049886621315192746,0.06878306878306878,0.6311413454270597
0.24528301886792453,0.05433962264150943,0.06943396226415094,0.630943396226415
0.24523990860624523,0.05255140898705255,0.05864432597105865,0.6435643564356436
0.24444444444444444,0.05057471264367816,0.06053639846743295,0.6444444444444445
0.2469230769230769,0.05384615384615385,0.06307692307692307,0.6361538461538462
0.2592307692307692,0.055384615384615386,0.06461538461538462,0.6207692307692307
0.26364335126825517,0.056110684089162186,0.05841660261337433,0.6218293620292084
0.26351865955826353,0.05864432597105865,0.06169078446306169,0.6161462300076161
0.25920360631104433,0.05334335086401202,0.061607813673929375,0.6258452291510143
0.25246398786959817,0.05458680818802123,0.05989385898407885,0.6330553449583017
0.2553030303030303,0.05075757575757576,0.05,0.6439393939393939
0.26481620405101275,0.04351087771942986,0.051762940735183796,0.6399099774943736
0.2533632286995516,0.04110612855007474,0.05455904334828102,0.6509715994020927
0.25355272999252054,0.04637247569184742,0.06282722513089005,0.637247569184742
0.2673119880863738,0.04244229337304542,0.05361131794489948,0.6366344005956813
0.25663716814159293,0.03982300884955752,0.05235988200589971,0.6511799410029498
0.2540500736377025,0.04197349042709867,0.04933726067746686,0.654639175257732
0.2704309063893016,0.029717682020802376,0.0512630014858841,0.6485884101040119
0.2637114951164538,0.03305785123966942,0.0473328324567994,0.6558978211870774
0.25900900900900903,0.03453453453453453,0.05780780780780781,0.6486486486486487
0.2552552552552553,0.03003003003003003,0.05930930930930931,0.6554054054054054
0.2599549211119459,0.03305785123966942,0.058602554470323066,0.6483846731780616
0.26676946800308404,0.03932151117964534,0.06245181187355436,0.6314572089437163
0.26481909160892997,0.03926096997690531,0.06543494996150885,0.6304849884526559
0.25751734772552043,0.03777949113338473,0.05705474171164225,0.6476484194294526
0.26047220106626046,0.044173648134044174,0.05255140898705255,0.6428027418126429
0.2630780894617134,0.04397270659590599,0.05155420773313116,0.6413949962092494
0.25983037779491136,0.036237471087124135,0.04934464148033924,0.6545875096376252
0.25943033102386454,0.04157043879907621,0.050808314087759814,0.6481909160892995
0.25210084033613445,0.04660045836516425,0.054239877769289534,0.6470588235294118
0.25831399845320957,0.04795050270688322,0.06264501160092807,0.6310904872389791
0.27031131359149585,0.04859529233105543,0.060744115413819286,0.6203492786636294
0.27184466019417475,0.04555638536221061,0.05451829723674384,0.6280806572068708
0.27389014296463504,0.046651617757712566,0.057938299473288185,0.6215199398043642
0.25984848484848483,0.05378787878787879,0.055303030303030305,0.6310606060606061
0.26159695817490497,0.048669201520912544,0.06311787072243347,0.626615969581749
0.2690278824415976,0.04747550866616428,0.06631499623210249,0.6171816126601356
0.27402402402402404,0.04804804804804805,0.05930930930930931,0.6186186186186187
0.28047868362004486,0.05759162303664921,0.05983545250560957,0.6020942408376964
0.27896341463414637,0.05945121951219512,0.051829268292682924,0.6097560975609756
0.27335375191424194,0.058958652373660034,0.05053598774885146,0.6171516079632465
0.28144171779141103,0.04677914110429448,0.06134969325153374,0.6104294478527608
0.28307692307692306,0.046153846153846156,0.05384615384615385,0.6169230769230769
0.29249617151607965,0.043644716692189896,0.06049004594180704,0.6033690658499234
0.29705215419501135,0.045351473922902494,0.05668934240362812,0.6009070294784581
0.29182582123758594,0.05194805194805195,0.05500381970970206,0.6012223071046601
0.2797527047913447,0.059505409582689336,0.05486862442040186,0.6058732612055642
0.27953667953667954,0.05405405405405406,0.05405405405405406,0.6123552123552124
0.28036669213139803,0.04354469060351413,0.04583651642475172,0.6302521008403361
0.26949280847842544,0.04012112036336109,0.04314912944738834,0.6472369417108251
0.26077097505668934,0.042328042328042326,0.045351473922902494,0.6515495086923658
0.2511450381679389,0.05114503816793893,0.051908396946564885,0.6458015267175573
0.2518796992481203,0.05338345864661654,0.045112781954887216,0.649624060150376
0.2578241430700447,0.05439642324888227,0.039493293591654245,0.6482861400894188
0.2639939485627837,0.056732223903177004,0.039334341906202726,0.6399394856278366
0.2583081570996979,0.05362537764350453,0.04909365558912387,0.6389728096676737
0.2678843226788432,0.05251141552511415,0.05251141552511415,0.6270928462709284
0.2608695652173913,0.04872563718140929,0.050974512743628186,0.6394302848575713
0.2587101556708673,0.04744255003706449,0.05485544848035582,0.6389918458117124
0.2412280701754386,0.05043859649122807,0.051900584795321635,0.6564327485380117
0.24963289280469897,0.05286343612334802,0.052129221732745964,0.6453744493392071
0.25942350332594233,0.05321507760532151,0.04656319290465632,0.6407982261640798
0.2608695652173913,0.047976011994003,0.04422788605697151,0.6469265367316341
0.2699014404852161,0.047763457164518575,0.04245640636846096,0.6398786959818044
0.2641509433962264,0.04150943396226415,0.04,0.6543396226415095
0.2621951219512195,0.038109756097560975,0.041158536585365856,0.6585365853658537
0.26917293233082706,0.035338345864661655,0.041353383458646614,0.6541353383458647
0.26766917293233083,0.03684210526315789,0.042105263157894736,0.6533834586466165
0.26914329037149354,0.032600454890068235,0.0401819560272934,0.6580742987111448
0.27736686390532544,0.030325443786982247,0.03772189349112426,0.6545857988165681
0.2558997050147493,0.03171091445427729,0.04056047197640118,0.6718289085545722
0.2608695652173913,0.03373313343328336,0.04122938530734633,0.664167916041979
0.24943988050784166,0.03435399551904406,0.05451829723674384,0.6616878267363704
0.2555886736214605,0.037257824143070044,0.04694485842026826,0.6602086438152012
0.2459016393442623,0.029806259314456036,0.04992548435171386,0.6743666169895678
0.25093353248693057,0.030619865571321882,0.04480955937266617,0.6736370425690814
0.2470059880239521,0.036676646706586824,0.05464071856287425,0.6616766467065869
0.2524199553239017,0.0387192851824274,0.05212211466865227,0.6567386448250186
0.23788546255506607,0.04185022026431718,0.05066079295154185,0.6696035242290749
0.24943820224719102,0.045692883895131084,0.04344569288389513,0.6614232209737828
0.23787878787878788,0.04242424242424243,0.041666666666666664,0.678030303030303
0.24868913857677902,0.03745318352059925,0.03895131086142322,0.6749063670411986
0.24124809741248096,0.04490106544901065,0.0365296803652968,0.6773211567732116
0.24078254326561324,0.0398796087283672,0.035364936042136946,0.6839729119638827
0.23261032161555723,0.0456245325355273,0.041884816753926704,0.6798803290949887
0.23476297968397292,0.046651617757712566,0.046651617757712566,0.671933784800602
0.24145785876993167,0.04783599088838269,0.04555808656036447,0.6651480637813212
0.23162583518930957,0.051224944320712694,0.051224944320712694,0.6659242761692651
0.2479087452471483,0.04638783269961977,0.04334600760456274,0.6623574144486692
0.2470059880239521,0.04565868263473054,0.04491017964071856,0.6624251497005988
0.2554307116104869,0.0449438202247191,0.045692883895131084,0.6539325842696629
0.2441243366186505,0.04624715693707354,0.04700530705079606,0.6626231993934799
0.24322289156626506,0.046686746987951805,0.04894578313253012,0.661144578313253
0.24474474474474475,0.054804804804804805,0.048798798798798795,0.6516516516516516
0.24759793052475979,0.04138950480413895,0.04286770140428677,0.6681448632668144
0.256908140403286,0.037341299477221805,0.041075429424943986,0.6646751306945482
0.23215627347858753,0.037565740045078885,0.045078888054094664,0.6851990984222389
0.23082706766917294,0.03458646616541353,0.05112781954887218,0.6834586466165413
0.23903177004538578,0.031013615733736764,0.049167927382753406,0.680786686838124
0.234375,0.03050595238095238,0.046875,0.6882440476190477
0.24008810572687225,0.0315712187958884,0.052129221732745964,0.6762114537444934
0.23542435424354244,0.03985239852398524,0.05239852398523985,0.6723247232472325
0.23059866962305986,0.04138950480413895,0.04582409460458241,0.6821877309682187
0.24707602339181287,0.033625730994152045,0.039473684210526314,0.6798245614035088
0.24125364431486881,0.02988338192419825,0.04008746355685131,0.6887755102040817
0.23348017621145375,0.027900146842878122,0.038913362701908955,0.6997063142437592
0.23757309941520469,0.025584795321637425,0.035818713450292396,0.7010233918128655
0.23924528301886794,0.03169811320754717,0.04377358490566038,0.6852830188679245
0.239877769289534,0.029029793735676088,0.04889228418640183,0.6822001527883881
0.231807951987997,0.02625656414103526,0.046511627906976744,0.695423855963991
0.22322097378277153,0.02546816479400749,0.0449438202247191,0.7063670411985019
0.2255125284738041,0.026575550493545937,0.04176157934700076,0.7061503416856492
0.22971948445792267,0.029567854435178165,0.039423805913570885,0.7012888551933283
0.22907153729071536,0.0273972602739726,0.04185692541856925,0.7016742770167428
0.2230769230769231,0.024615384615384615,0.04461538461538461,0.7076923076923077
0.22087745839636913,0.028744326777609682,0.0416036308623298,0.7087745839636914
0.22578241430700446,0.027570789865871834,0.042473919523099854,0.7041728763040238
0.2328159645232816,0.029563932002956393,0.03621581670362158,0.7014042867701404
0.23608017817371937,0.031180400890868598,0.032665181885671864,0.7000742390497402
0.21687638786084382,0.034048852701702444,0.03774981495188749,0.7113249444855663
0.20616287600880412,0.03521643433602348,0.04475421863536317,0.7138664710198093
0.2,0.033582089552238806,0.03805970149253731,0.7283582089552239
0.1945266272189349,0.03550295857988166,0.03772189349112426,0.7322485207100592
0.1828358208955224,0.03805970149253731,0.03805970149253731,0.741044776119403
0.18512898330804248,0.03110773899848255,0.03717754172989378,0.7465857359635811
0.1893313298271976,0.02629601803155522,0.042073628850488355,0.7422990232907588
0.1867881548974943,0.030372057706909643,0.04176157934700076,0.7410782080485953
0.19062027231467474,0.024962178517397883,0.040090771558245086,0.7443267776096822
0.19065561416729465,0.027128862094951016,0.04069329314242653,0.7415222305953278
0.19018867924528302,0.03245283018867925,0.04150943396226415,0.7358490566037735
0.2004538577912254,0.0264750378214826,0.04084720121028744,0.7322239031770046
0.19865067466266867,0.02923538230884558,0.041979010494752625,0.7301349325337332
0.19984973703981967,0.024793388429752067,0.029301277235161533,0.7460555972952667
0.20257966616084977,0.02503793626707132,0.03490136570561457,0.7374810318664643
0.18566037735849056,0.025660377358490565,0.03169811320754717,0.7569811320754717
0.18787878787878787,0.025757575757575757,0.03257575757575758,0.7537878787878788
0.18541033434650456,0.022796352583586626,0.030395136778115502,0.7613981762917933
0.18689501116902457,0.016381236038719285,0.03201787043931496,0.7647058823529411
0.18855465884079237,0.01760821716801174,0.03374908290535583,0.76008804108584
0.1728937728937729,0.02197802197802198,0.034432234432234435,0.7706959706959707
0.18548387096774194,0.01466275659824047,0.03592375366568915,0.7639296187683284
0.1721556886227545,0.014970059880239521,0.029940119760479042,0.7829341317365269
0.18161434977578475,0.012705530642750373,0.025411061285500747,0.7802690582959642
0.17085798816568049,0.016272189349112426,0.025887573964497042,0.7869822485207101
0.16848220769789396,0.017429193899782137,0.025417574437182282,0.7886710239651417
0.16471449487554904,0.010248901903367497,0.02562225475841874,0.7994143484626647
0.16307471264367815,0.009339080459770116,0.031609195402298854,0.7959770114942529
0.16279069767441862,0.016715116279069766,0.024709302325581394,0.7957848837209303
0.16129032258064516,0.018328445747800588,0.016129032258064516,0.8042521994134897
0.16999260901699925,0.022912047302291204,0.020694752402069475,0.78640059127864
0.16766917293233083,0.019548872180451128,0.02330827067669173,0.7894736842105263
0.16979714500375656,0.022539444027047332,0.018031555221637866,0.7896318557475582
0.16936671575846834,0.02577319587628866,0.022091310751104567,0.7827687776141384
0.17672727272727273,0.01890909090909091,0.02109090909090909,0.7832727272727272
0.16070124178232287,0.017531044558071585,0.02556610664718773,0.7962016070124178
0.1600877192982456,0.01608187134502924,0.03070175438596491,0.7931286549707602
0.16149963950973323,0.022350396539293438,0.0273972602739726,0.7887527036770007
0.15808823529411764,0.022058823529411766,0.025735294117647058,0.7941176470588235
0.16398243045387995,0.024890190336749635,0.02342606149341142,0.787701317715959
0.16070124178232287,0.02337472607742878,0.02410518626734843,0.7918188458729
0.1600877192982456,0.023391812865497075,0.025584795321637425,0.7909356725146199
0.16951672862453532,0.026022304832713755,0.025278810408921933,0.779182156133829
0.16090225563909774,0.02180451127819549,0.02556390977443609,0.7917293233082707
0.1694277108433735,0.02635542168674699,0.02635542168674699,0.7778614457831325
0.1688115064345193,0.03028009084027252,0.031037093111279335,0.7698713096139288
0.1557377049180328,0.029061102831594635,0.03353204172876304,0.7816691505216096
0.15247964470762398,0.025166543301258327,0.034048852701702444,0.7883049592894152
0.15395894428152493,0.021994134897360705,0.03372434017595308,0.7903225806451613
0.14254224834680382,0.024981631153563555,0.034533431300514325,0.7979426891991183
0.14080459770114942,0.02514367816091954,0.03735632183908046,0.7966954022988506
0.14367816091954022,0.031609195402298854,0.034482758620689655,0.7902298850574713
0.1379061371841155,0.0296028880866426,0.0368231046931408,0.7956678700361011
0.1336238198983297,0.030501089324618737,0.030501089324618737,0.8053740014524329
0.1376281112737921,0.02635431918008785,0.02635431918008785,0.8096632503660323
0.13927781871775977,0.025792188651436992,0.02800294767870302,0.8069270449521002
0.12900874635568513,0.025510204081632654,0.02259475218658892,0.8228862973760933
0.1210564930300807,0.019809244314013204,0.02127659574468085,0.8378576669112252
0.11407407407407408,0.02074074074074074,0.023703703703703703,0.8414814814814815
0.11956521739130435,0.028985507246376812,0.02753623188405797,0.8239130434782609
0.12244897959183673,0.02259475218658892,0.026239067055393587,0.8287172011661808
0.1144534115920763,0.02347762289068232,0.02347762289068232,0.8385913426265591
0.11333333333333333,0.02074074074074074,0.02666666666666667,0.8392592592592593
0.12564290962527552,0.024246877296105803,0.025716385011021307,0.8243938280675973
0.12032281731474688,0.03154805575935436,0.022743947175348497,0.8253851797505503
0.11982248520710059,0.030325443786982247,0.016272189349112426,0.8335798816568047
0.1189069423929099,0.03249630723781388,0.0155096011816839,0.8330871491875923
0.11782032400589101,0.030927835051546393,0.020618556701030927,0.8306332842415317
0.13204747774480713,0.031899109792284865,0.022997032640949554,0.8130563798219584
0.13803230543318648,0.027165932452276064,0.024963289280469897,0.8098384728340675
0.13030746705710103,0.02635431918008785,0.024890190336749635,0.8184480234260615
0.12002945508100148,0.027982326951399118,0.024300441826215022,0.8276877761413843
0.12344777209642074,0.02702702702702703,0.02556610664718773,0.8239590942293645
0.1324404761904762,0.027529761904761904,0.025297619047619048,0.8147321428571429
0.14275092936802974,0.02973977695167286,0.026765799256505577,0.8007434944237918
0.14820359281437126,0.0344311377245509,0.025449101796407185,0.7919161676646707
0.13980868285504047,0.036055923473142015,0.024282560706401765,0.7998528329654158
0.14136904761904762,0.031994047619047616,0.020833333333333332,0.8058035714285714
0.14784546805349183,0.0274888558692422,0.022288261515601784,0.8023774145616642
0.13870246085011187,0.023117076808351976,0.024608501118568233,0.8135719612229679
0.1315985130111524,0.023048327137546468,0.02973977695167286,0.8156133828996283
0.14147431124348472,0.02308265078183172,0.021593447505584513,0.813849590469099
0.14149560117302054,0.018328445747800588,0.01686217008797654,0.8233137829912024
0.1492204899777283,0.019302152932442463,0.015590200445434299,0.8158871566443949
0.15797317436661698,0.020864381520119227,0.020864381520119227,0.8002980625931445
0.15955056179775282,0.018726591760299626,0.02397003745318352,0.797752808988764
0.1585274229902329,0.018031555221637866,0.025544703230653644,0.7978963185574756
0.1522880720180045,0.016504126031507877,0.02700675168792198,0.8042010502625656
0.15356083086053413,0.020029673590504452,0.021513353115727003,0.8048961424332344
0.16344725111441308,0.02526002971768202,0.022288261515601784,0.7890044576523031
0.1586360266864344,0.028169014084507043,0.025203854707190512,0.787991104521868
0.17172464840858623,0.027387120651369355,0.02072538860103627,0.7801628423390081
0.17166416791604197,0.025487256371814093,0.020239880059970013,0.782608695652174
0.16059479553903347,0.030483271375464683,0.01858736059479554,0.7903345724907063
0.15073529411764705,0.029411764705882353,0.02426470588235294,0.7955882352941176
0.1661807580174927,0.02988338192419825,0.025510204081632654,0.7784256559766763
0.16483516483516483,0.02783882783882784,0.026373626373626374,0.780952380952381
0.15592972181551976,0.03513909224011713,0.02562225475841874,0.7833089311859444
0.15018315018315018,0.040293040293040296,0.02564102564102564,0.7838827838827839
0.16053019145802652,0.03240058910162003,0.026509572901325478,0.780559646539028
0.14828341855368882,0.03506208911614317,0.02702702702702703,0.789627465303141
0.14752906976744187,0.029796511627906978,0.034156976744186045,0.7885174418604651
0.14619883040935672,0.02631578947368421,0.03289473684210526,0.7945906432748538
0.13739897134459955,0.02718589272593681,0.04188096987509184,0.7935341660543718
0.14940828402366865,0.028846153846153848,0.03994082840236687,0.7818047337278107
0.1630188679245283,0.030943396226415093,0.038490566037735846,0.7675471698113208
0.16352675207234363,0.03240391861341371,0.04144687264506405,0.7626224566691786
0.16429107276819205,0.030007501875468866,0.04276069017254314,0.7629407351837959
0.16129032258064516,0.03152492668621701,0.04325513196480939,0.7639296187683284
0.17011834319526628,0.03772189349112426,0.040680473372781065,0.7514792899408284
0.1711777615215801,0.043891733723482075,0.033650329188002925,0.7512801755669349
0.18208516886930984,0.039647577092511016,0.028634361233480177,0.749632892804699
0.1678832116788321,0.034306569343065696,0.029197080291970802,0.7686131386861313
0.17531044558071585,0.029218407596785977,0.02556610664718773,0.7699050401753105
0.17208966015907448,0.028922631959508314,0.0274765003615329,0.7715112075198843
0.17356572258533043,0.027596223674655047,0.029774872912127815,0.7690631808278867
0.17188638018936636,0.02986161689730517,0.026219956300072834,0.7720320466132556
0.16455696202531644,0.027550260610573342,0.02531645569620253,0.7825763216679077
0.16691729323308271,0.032330827067669175,0.019548872180451128,0.781203007518797
0.16189759036144577,0.024849397590361446,0.01957831325301205,0.7936746987951807
0.1566265060240964,0.021837349397590362,0.02108433734939759,0.8004518072289156
0.15030211480362538,0.030211480362537766,0.021148036253776436,0.7983383685800605
0.1569069069069069,0.03528528528528529,0.024024024024024024,0.7837837837837838
0.164079822616408,0.03547671840354767,0.028085735402808575,0.7723577235772358
0.15345080763582966,0.03671071953010279,0.027900146842878122,0.7819383259911894
0.1440058479532164,0.038011695906432746,0.029239766081871343,0.7887426900584795
0.14244186046511628,0.0377906976744186,0.034156976744186045,0.7856104651162791
0.15048183839881393,0.03780578206078577,0.04002965159377316,0.7716827279466272
0.1536764705882353,0.04338235294117647,0.04044117647058824,0.7625
0.16174298375184637,0.042097488921713444,0.03545051698670606,0.7607090103397341
0.16216216216216217,0.04504504504504504,0.036036036036036036,0.7567567567567568
0.15857359635811835,0.036418816388467376,0.04400606980273141,0.7610015174506829
0.1593655589123867,0.035498489425981876,0.04229607250755287,0.7628398791540786
0.1466768525592055,0.04354469060351413,0.04507257448433919,0.7647058823529411
0.14429012345679013,0.036265432098765434,0.04938271604938271,0.7700617283950617
0.14580152671755725,0.03282442748091603,0.055725190839694655,0.7656488549618321
0.15030674846625766,0.032208588957055216,0.05521472392638037,0.7622699386503068
0.16055045871559634,0.03363914373088685,0.05198776758409786,0.753822629969419
0.16962220508866616,0.03469545104086353,0.04317656129529684,0.7525057825751735
0.16449885233358838,0.041315990818668706,0.04055087987758225,0.7536342769701607
0.16934865900383142,0.03984674329501916,0.041379310344827586,0.7494252873563219
0.1691119691119691,0.03861003861003861,0.040926640926640924,0.7513513513513513
