C,D,Oc,Od
0.0,1.0,0.0,0.0
0.0,0.6666666666666666,0.3333333333333333,0.0
0.0,0.7142857142857143,0.2857142857142857,0.0
0.06896551724137931,0.6551724137931034,0.27586206896551724,0.0
0.07407407407407407,0.6481481481481481,0.2777777777777778,0.0
0.0989010989010989,0.6373626373626373,0.26373626373626374,0.0
0.13194444444444445,0.6041666666666666,0.2638888888888889,0.0
0.14953271028037382,0.5841121495327103,0.26635514018691586,0.0
0.16556291390728478,0.5662251655629139,0.26158940397350994,0.006622516556291391
0.17149758454106281,0.5652173913043478,0.2536231884057971,0.00966183574879227
0.17985611510791366,0.5593525179856115,0.25,0.01079136690647482
0.182328190743338,0.5539971949509116,0.24544179523141654,0.0182328190743338
0.1860730593607306,0.547945205479452,0.24315068493150685,0.0228310502283105
0.1936108422071636,0.537270087124879,0.24007744433688286,0.02904162633107454
0.2060555088309504,0.5323801513877208,0.23128679562657695,0.030277544154751892
0.21777777777777776,0.5259259259259259,0.22,0.0362962962962963
0.22784810126582278,0.5163224516988674,0.21518987341772153,0.04063957361758828
0.23852657004830918,0.5072463768115942,0.20954106280193235,0.04468599033816425
0.24572059635560464,0.4991717283268912,0.20817228050800662,0.046935394809497516
0.2552004058853374,0.48604769152714355,0.21106037544393708,0.047691527143581935
0.2608490566037736,0.4731132075471698,0.21556603773584906,0.05047169811320755
0.2655693950177936,0.45907473309608543,0.2197508896797153,0.055604982206405695
0.2654452492543673,0.44993608862377504,0.227950575202386,0.056668086919471665
0.2683229813664596,0.441407867494824,0.23229813664596274,0.057971014492753624
0.26793676530198623,0.43453587353060397,0.23834616943656262,0.05918119173084718
0.2706495589414595,0.4286287089013633,0.23937449879711306,0.06134723336006415
0.268,0.4276,0.2396,0.0648
0.2676,0.4256,0.2416,0.0652
0.2672,0.4252,0.24,0.0676
0.2676,0.426,0.2376,0.0688
0.2676,0.4228,0.2392,0.0704
0.2696,0.4228,0.2368,0.0708
0.2688,0.4224,0.2364,0.0724
0.2688,0.4192,0.2388,0.0732
0.2704,0.4176,0.2384,0.0736
0.2696,0.4144,0.2396,0.0764
0.2692,0.4124,0.2388,0.0796
0.2684,0.4104,0.2388,0.0824
0.2676,0.4104,0.2392,0.0828
0.2684,0.4112,0.238,0.0824
0.2668,0.408,0.2388,0.0864
0.2672,0.4052,0.2396,0.088
0.2684,0.4036,0.2392,0.0888
0.2672,0.4024,0.2392,0.0912
0.2684,0.4008,0.2392,0.0916
0.268,0.3996,0.238,0.0944
0.2684,0.3992,0.238,0.0944
0.2692,0.3976,0.238,0.0952
0.2704,0.3944,0.24,0.0952
0.2696,0.396,0.2368,0.0976
0.2684,0.394,0.238,0.0996
0.2696,0.3932,0.2356,0.1016
0.2704,0.3912,0.2352,0.1032
0.2684,0.3916,0.236,0.104
0.2692,0.3904,0.2352,0.1052
0.2692,0.3872,0.2356,0.108
0.2688,0.388,0.2348,0.1084
0.2656,0.3868,0.2368,0.1108
0.2644,0.3864,0.2372,0.112
0.2652,0.3864,0.2356,0.1128
0.2656,0.3844,0.2352,0.1148
0.264,0.3852,0.2356,0.1152
0.2636,0.3816,0.236,0.1188
0.2652,0.3808,0.234,0.12
0.2644,0.3804,0.2344,0.1208
0.264,0.3776,0.2348,0.1236
0.262,0.3776,0.2348,0.1256
0.2624,0.3776,0.2344,0.1256
0.2632,0.3764,0.2344,0.126
0.262,0.3744,0.2352,0.1284
0.2652,0.37,0.2356,0.1292
0.2656,0.3692,0.2336,0.1316
0.2644,0.3692,0.2328,0.1336
0.2624,0.368,0.2336,0.136
0.264,0.3668,0.2332,0.136
0.2636,0.364,0.2348,0.1376
0.264,0.3632,0.2344,0.1384
0.2644,0.3632,0.2348,0.1376
0.2644,0.362,0.234,0.1396
0.2648,0.3604,0.2356,0.1392
0.2652,0.362,0.234,0.1388
0.2672,0.3596,0.234,0.1392
0.2684,0.3588,0.232,0.1408
0.2672,0.358,0.2336,0.1412
0.2672,0.358,0.2328,0.142
0.2696,0.3536,0.234,0.1428
0.2692,0.3528,0.2348,0.1432
0.268,0.3528,0.234,0.1452
0.268,0.3508,0.2368,0.1444
0.2672,0.3484,0.2372,0.1472
0.2688,0.3472,0.236,0.148
0.268,0.346,0.236,0.15
0.2672,0.344,0.2372,0.1516
0.268,0.3424,0.2388,0.1508
0.266,0.344,0.2388,0.1512
0.2668,0.34,0.2404,0.1528
0.2664,0.3408,0.24,0.1528
0.2672,0.34,0.2392,0.1536
0.266,0.3368,0.2404,0.1568
0.266,0.3332,0.2408,0.16
0.2656,0.3332,0.2404,0.1608
0.2664,0.3312,0.2396,0.1628
0.266,0.3316,0.2404,0.162
0.2668,0.3312,0.2392,0.1628
0.2688,0.3308,0.2384,0.162
0.2688,0.3296,0.2388,0.1628
0.2684,0.33,0.2392,0.1624
0.2664,0.3288,0.2408,0.164
0.2672,0.326,0.2424,0.1644
0.2676,0.3264,0.2416,0.1644
0.2652,0.3264,0.2416,0.1668
0.2648,0.3252,0.2416,0.1684
0.2652,0.322,0.2416,0.1712
0.2672,0.32,0.2412,0.1716
0.268,0.3184,0.2412,0.1724
0.2668,0.3172,0.242,0.174
0.2656,0.3156,0.2432,0.1756
0.2652,0.3148,0.2448,0.1752
0.2652,0.3148,0.2452,0.1748
0.2636,0.3152,0.246,0.1752
0.2644,0.3132,0.2472,0.1752
0.2612,0.3144,0.2488,0.1756
0.2604,0.3132,0.25,0.1764
0.2592,0.3152,0.2488,0.1768
0.2576,0.3148,0.2488,0.1788
0.2592,0.3136,0.2476,0.1796
0.2584,0.3148,0.2472,0.1796
0.2592,0.3168,0.2452,0.1788
0.258,0.3152,0.2476,0.1792
0.2572,0.312,0.2492,0.1816
0.2572,0.3132,0.2472,0.1824
0.2556,0.3156,0.2468,0.182
0.2564,0.316,0.2452,0.1824
0.256,0.3152,0.246,0.1828
0.2568,0.3148,0.2472,0.1812
0.2564,0.3148,0.2464,0.1824
0.2568,0.3132,0.2464,0.1836
0.2548,0.3136,0.2472,0.1844
0.2544,0.3132,0.2468,0.1856
0.2544,0.3132,0.2448,0.1876
0.2528,0.3144,0.2432,0.1896
0.2548,0.3128,0.244,0.1884
0.2568,0.31,0.244,0.1892
0.2588,0.308,0.2444,0.1888
0.2588,0.3088,0.242,0.1904
0.2576,0.3088,0.2416,0.192
0.2584,0.3068,0.2404,0.1944
0.2556,0.3068,0.2408,0.1968
0.2556,0.3052,0.242,0.1972
0.2556,0.3044,0.242,0.198
0.2548,0.3048,0.2428,0.1976
0.2532,0.304,0.244,0.1988
0.2548,0.3056,0.2428,0.1968
0.2528,0.3052,0.2436,0.1984
0.2528,0.304,0.2436,0.1996
0.2528,0.302,0.2432,0.202
0.2532,0.3016,0.2424,0.2028
0.2548,0.3012,0.2412,0.2028
0.256,0.3,0.2408,0.2032
0.2564,0.3,0.2388,0.2048
0.2588,0.2992,0.2376,0.2044
0.2592,0.2976,0.2384,0.2048
0.26,0.2984,0.2372,0.2044
0.2616,0.2984,0.2372,0.2028
0.2616,0.2984,0.2372,0.2028
0.26,0.2992,0.2376,0.2032
0.2612,0.2988,0.2396,0.2004
0.2624,0.2996,0.2368,0.2012
0.2628,0.2996,0.2372,0.2004
0.2624,0.2992,0.2372,0.2012
0.2632,0.2976,0.2388,0.2004
0.2644,0.2968,0.238,0.2008
0.2632,0.2976,0.238,0.2012
0.262,0.298,0.236,0.204
0.2632,0.296,0.2372,0.2036
0.2628,0.2936,0.2372,0.2064
0.2604,0.2928,0.2396,0.2072
0.2612,0.292,0.2392,0.2076
0.2604,0.2904,0.2408,0.2084
0.2596,0.2904,0.24,0.21
0.258,0.2892,0.242,0.2108
0.2576,0.2924,0.2392,0.2108
0.2572,0.2904,0.2408,0.2116
0.2548,0.2904,0.2424,0.2124
0.2536,0.2912,0.2408,0.2144
0.2532,0.2908,0.2412,0.2148
0.2532,0.292,0.2408,0.214
0.252,0.2932,0.24,0.2148
0.2516,0.2932,0.2396,0.2156
0.2516,0.2944,0.2392,0.2148
0.2508,0.294,0.238,0.2172
0.2512,0.2908,0.2384,0.2196
0.2544,0.2896,0.236,0.22
0.254,0.288,0.2376,0.2204
0.2528,0.2848,0.2408,0.2216
0.254,0.2836,0.2408,0.2216
0.2528,0.2848,0.2412,0.2212
0.252,0.2856,0.2404,0.222
0.2488,0.2884,0.2392,0.2236
0.2504,0.2872,0.2416,0.2208
0.25,0.2888,0.242,0.2192
0.2476,0.2904,0.2436,0.2184
0.248,0.2892,0.2432,0.2196
0.2496,0.2872,0.2412,0.222
0.2488,0.2864,0.2416,0.2232
0.248,0.2872,0.2428,0.222
0.2484,0.2876,0.242,0.222
0.248,0.2864,0.2428,0.2228
0.2492,0.2868,0.2424,0.2216
0.2496,0.2864,0.2416,0.2224
0.25,0.2856,0.2404,0.224
0.2496,0.2872,0.2396,0.2236
0.2492,0.288,0.2392,0.2236
0.2508,0.2864,0.2384,0.2244
0.2484,0.2864,0.24,0.2252
0.2464,0.2844,0.2416,0.2276
0.2468,0.2852,0.24,0.228
0.2476,0.2824,0.2412,0.2288
0.248,0.2816,0.2408,0.2296
0.248,0.282,0.2412,0.2288
0.2488,0.2812,0.2416,0.2284
0.2484,0.28,0.2432,0.2284
0.2496,0.2788,0.242,0.2296
0.2504,0.2788,0.2424,0.2284
0.2496,0.2784,0.2428,0.2292
0.252,0.2784,0.2396,0.23
0.2508,0.2792,0.2412,0.2288
0.2512,0.2788,0.2412,0.2288
0.2484,0.2784,0.2432,0.23
0.2468,0.2784,0.246,0.2288
0.248,0.278,0.2468,0.2272
0.248,0.276,0.2472,0.2288
0.246,0.2756,0.2488,0.2296
0.2488,0.2744,0.2488,0.228
0.248,0.2744,0.2476,0.23
0.2468,0.2736,0.248,0.2316
0.2492,0.2728,0.2476,0.2304
0.2476,0.2732,0.2476,0.2316
0.248,0.2712,0.2484,0.2324
0.2464,0.27,0.2492,0.2344
0.2472,0.2696,0.2504,0.2328
0.246,0.2712,0.2496,0.2332
0.244,0.2732,0.2496,0.2332
0.2436,0.2728,0.25,0.2336
0.2444,0.2732,0.25,0.2324
0.2444,0.2712,0.2508,0.2336
0.2436,0.2704,0.2508,0.2352
0.2428,0.2708,0.2512,0.2352
0.2428,0.2704,0.252,0.2348
0.2452,0.2688,0.2488,0.2372
0.246,0.2688,0.2488,0.2364
0.2432,0.2712,0.25,0.2356
0.2432,0.2712,0.252,0.2336
0.2416,0.2708,0.2504,0.2372
0.242,0.2708,0.2516,0.2356
0.2424,0.2696,0.2532,0.2348
0.2416,0.2704,0.2516,0.2364
0.2408,0.2696,0.2516,0.238
0.2392,0.2692,0.2528,0.2388
0.2388,0.27,0.2536,0.2376
0.2404,0.2676,0.2532,0.2388
0.2392,0.2668,0.2536,0.2404
0.2392,0.2672,0.2516,0.242
0.24,0.2648,0.252,0.2432
0.2424,0.2648,0.252,0.2408
0.2424,0.2644,0.2524,0.2408
0.2412,0.2644,0.2548,0.2396
0.2408,0.2616,0.2572,0.2404
0.2396,0.2636,0.2572,0.2396
0.2364,0.266,0.2564,0.2412
0.2376,0.2652,0.2552,0.242
0.2392,0.2652,0.254,0.2416
0.2392,0.2664,0.2528,0.2416
0.2376,0.2664,0.2544,0.2416
0.2388,0.2664,0.2532,0.2416
0.238,0.2676,0.2532,0.2412
0.2384,0.2676,0.2528,0.2412
0.238,0.2672,0.254,0.2408
0.238,0.2668,0.2552,0.24
0.238,0.2664,0.256,0.2396
0.2392,0.2656,0.2564,0.2388
0.238,0.2664,0.256,0.2396
0.238,0.2676,0.2556,0.2388
0.2384,0.2664,0.2544,0.2408
0.2376,0.2668,0.256,0.2396
0.2368,0.2684,0.254,0.2408
0.2368,0.2704,0.2532,0.2396
0.2384,0.2704,0.2524,0.2388
0.2372,0.2712,0.2524,0.2392
0.2388,0.2688,0.2524,0.24
0.2376,0.2688,0.2536,0.24
0.2368,0.27,0.2552,0.238
0.2372,0.2708,0.2536,0.2384
0.2352,0.2704,0.2568,0.2376
0.2352,0.27,0.258,0.2368
0.2352,0.2692,0.2592,0.2364
0.236,0.268,0.2608,0.2352
0.2364,0.268,0.2604,0.2352
0.2364,0.268,0.2608,0.2348
0.2376,0.2668,0.2604,0.2352
0.2376,0.2652,0.2612,0.236
0.2372,0.2664,0.2596,0.2368
0.2368,0.2652,0.2596,0.2384
0.2368,0.2652,0.258,0.24
0.2368,0.2644,0.258,0.2408
0.2364,0.2644,0.2584,0.2408
0.2372,0.262,0.2584,0.2424
0.2388,0.264,0.2568,0.2404
0.2396,0.2644,0.2564,0.2396
0.2404,0.2632,0.2548,0.2416
0.2388,0.2616,0.2552,0.2444
0.24,0.2616,0.254,0.2444
0.2392,0.2612,0.2532,0.2464
0.2404,0.2608,0.2516,0.2472
0.2424,0.2624,0.2492,0.246
0.2428,0.262,0.2504,0.2448
0.2436,0.2624,0.248,0.246
0.2424,0.2624,0.2476,0.2476
0.242,0.2616,0.2476,0.2488
0.2432,0.2636,0.2472,0.246
0.2448,0.2616,0.2484,0.2452
0.2452,0.2612,0.2476,0.246
0.2452,0.2608,0.2488,0.2452
0.2488,0.2608,0.2484,0.242
0.248,0.2632,0.2472,0.2416
0.2508,0.2632,0.2456,0.2404
0.25,0.2612,0.2468,0.242
0.25,0.2612,0.2476,0.2412
0.2476,0.2612,0.2504,0.2408
0.2484,0.2596,0.2492,0.2428
0.2484,0.2576,0.2492,0.2448
0.25,0.2548,0.2496,0.2456
0.2488,0.2556,0.2508,0.2448
0.2488,0.2556,0.25,0.2456
0.2476,0.2552,0.25,0.2472
0.248,0.2556,0.2516,0.2448
0.2488,0.2556,0.25,0.2456
0.2492,0.256,0.2492,0.2456
0.25,0.2556,0.25,0.2444
0.25,0.2552,0.2504,0.2444
0.248,0.2568,0.2508,0.2444
0.2468,0.2592,0.2504,0.2436
0.2464,0.2592,0.252,0.2424
0.2492,0.2576,0.2508,0.2424
0.2488,0.2572,0.2516,0.2424
0.248,0.258,0.2512,0.2428
0.25,0.2552,0.2504,0.2444
0.2484,0.2568,0.2504,0.2444
0.2488,0.2564,0.2504,0.2444
0.2492,0.2556,0.2508,0.2444
0.252,0.2544,0.2484,0.2452
0.2512,0.2532,0.2508,0.2448
0.2504,0.2548,0.2524,0.2424
0.2488,0.2572,0.25,0.244
0.25,0.2552,0.2504,0.2444
0.248,0.2548,0.2512,0.246
0.2484,0.2544,0.2516,0.2456
0.2492,0.254,0.2512,0.2456
0.2492,0.2536,0.2496,0.2476
0.2508,0.2536,0.2488,0.2468
0.252,0.2536,0.2464,0.248
0.252,0.254,0.246,0.248
0.2524,0.254,0.2456,0.248
0.2524,0.2536,0.2452,0.2488
0.2524,0.254,0.2452,0.2484
0.2516,0.2524,0.2448,0.2512
0.2528,0.2528,0.244,0.2504
0.254,0.2528,0.244,0.2492
0.2532,0.2532,0.244,0.2496
0.2544,0.2508,0.2456,0.2492
0.2552,0.25,0.2448,0.25
0.2552,0.2492,0.2452,0.2504
0.2544,0.2512,0.2428,0.2516
0.2556,0.2496,0.2436,0.2512
0.2552,0.2488,0.2452,0.2508
0.2536,0.2512,0.2444,0.2508
0.254,0.252,0.2436,0.2504
0.2536,0.2528,0.244,0.2496
0.2544,0.252,0.2444,0.2492
0.254,0.2528,0.2452,0.248
0.2564,0.2532,0.2452,0.2452
0.2572,0.2528,0.2444,0.2456
0.2576,0.2536,0.2448,0.244
0.2556,0.2548,0.2456,0.244
0.256,0.2552,0.2436,0.2452
0.2552,0.2552,0.2436,0.246
0.2528,0.258,0.242,0.2472
0.2512,0.2604,0.2412,0.2472
0.2524,0.2588,0.2428,0.246
0.2532,0.258,0.2404,0.2484
0.2536,0.2584,0.2412,0.2468
0.2532,0.256,0.2428,0.248
0.2524,0.2548,0.2436,0.2492
0.2516,0.2548,0.2448,0.2488
0.2512,0.2568,0.2444,0.2476
0.2508,0.2584,0.2448,0.246
0.2504,0.2572,0.2464,0.246
0.2516,0.2572,0.2464,0.2448
0.2504,0.2568,0.246,0.2468
0.25,0.2548,0.246,0.2492
0.2508,0.254,0.2468,0.2484
0.2532,0.2528,0.2464,0.2476
0.2548,0.252,0.2448,0.2484
0.2572,0.2512,0.2448,0.2468
0.258,0.2504,0.2448,0.2468
0.2584,0.2504,0.2436,0.2476
0.258,0.2524,0.2428,0.2468
0.2564,0.252,0.2416,0.25
0.2568,0.2528,0.2412,0.2492
0.2572,0.2528,0.2392,0.2508
0.258,0.2528,0.2388,0.2504
0.2588,0.2524,0.2396,0.2492
0.258,0.254,0.2396,0.2484
0.2564,0.2564,0.2388,0.2484
0.2552,0.2572,0.24,0.2476
0.2564,0.2572,0.2388,0.2476
0.2564,0.2556,0.2384,0.2496
0.2544,0.2568,0.2388,0.25
0.2532,0.2576,0.2396,0.2496
0.252,0.2592,0.2408,0.248
0.2532,0.2584,0.24,0.2484
0.254,0.2576,0.2396,0.2488
0.2524,0.2608,0.2384,0.2484
0.2532,0.26,0.2376,0.2492
0.252,0.26,0.238,0.25
0.2512,0.2608,0.2392,0.2488
0.25,0.2632,0.2368,0.25
0.2504,0.2604,0.2372,0.252
0.2504,0.26,0.2372,0.2524
0.2496,0.2608,0.2368,0.2528
0.2524,0.26,0.2368,0.2508
0.2524,0.26,0.2356,0.252
0.254,0.2604,0.2356,0.25
0.2548,0.2596,0.2344,0.2512
0.254,0.2584,0.2352,0.2524
0.2556,0.258,0.2344,0.252
0.2564,0.2568,0.2344,0.2524
0.2568,0.2568,0.2328,0.2536
0.2576,0.2588,0.2304,0.2532
0.2584,0.2592,0.2296,0.2528
0.2592,0.2584,0.2304,0.252
0.26,0.258,0.232,0.25
0.2604,0.2564,0.2332,0.25
0.26,0.2564,0.2336,0.25
0.2604,0.2536,0.2356,0.2504
0.26,0.2532,0.2344,0.2524
0.2596,0.252,0.2348,0.2536
0.2604,0.2512,0.2348,0.2536
0.2612,0.25,0.236,0.2528
0.262,0.2504,0.236,0.2516
0.2624,0.25,0.2348,0.2528
0.262,0.2484,0.2364,0.2532
0.2628,0.2484,0.2364,0.2524
0.2612,0.2496,0.2348,0.2544
0.2596,0.25,0.2352,0.2552
0.26,0.2496,0.2348,0.2556
0.2592,0.2504,0.2344,0.256
0.2584,0.2496,0.2364,0.2556
0.2564,0.25,0.2388,0.2548
0.2564,0.2488,0.2404,0.2544
0.2572,0.2504,0.2396,0.2528
0.2576,0.2508,0.2388,0.2528
0.2572,0.252,0.2376,0.2532
0.2592,0.252,0.2372,0.2516
0.2596,0.2524,0.236,0.252
0.2596,0.2532,0.2348,0.2524
0.2604,0.2532,0.234,0.2524
0.2592,0.2536,0.2336,0.2536
0.2572,0.254,0.2332,0.2556
0.258,0.2524,0.234,0.2556
0.2588,0.2532,0.232,0.256
0.2576,0.2528,0.232,0.2576
0.258,0.2532,0.23,0.2588
0.2576,0.2536,0.2284,0.2604
0.2576,0.2528,0.2276,0.262
0.256,0.2544,0.228,0.2616
0.2564,0.256,0.228,0.2596
0.2544,0.2588,0.228,0.2588
0.2548,0.26,0.228,0.2572
0.2548,0.2588,0.2284,0.258
0.2548,0.258,0.2288,0.2584
0.2548,0.2572,0.2292,0.2588
0.2548,0.2576,0.2292,0.2584
0.2564,0.2568,0.2304,0.2564
0.2572,0.2556,0.23,0.2572
0.256,0.254,0.2316,0.2584
0.256,0.2536,0.2316,0.2588
0.254,0.2572,0.23,0.2588
0.2544,0.2576,0.2292,0.2588
0.2552,0.2596,0.2288,0.2564
0.2544,0.2592,0.2292,0.2572
0.2544,0.2588,0.2292,0.2576
0.2524,0.26,0.2296,0.258
0.2536,0.2608,0.2288,0.2568
0.2528,0.2616,0.228,0.2576
0.2528,0.26,0.2308,0.2564
0.252,0.2624,0.2312,0.2544
0.252,0.2632,0.23,0.2548
0.2512,0.2636,0.2304,0.2548
0.2512,0.2652,0.2292,0.2544
0.25,0.2676,0.2296,0.2528
0.2488,0.2684,0.228,0.2548
0.2484,0.2696,0.2276,0.2544
0.2492,0.2688,0.2268,0.2552
0.25,0.2664,0.2272,0.2564
0.2496,0.2668,0.2288,0.2548
0.25,0.2652,0.2292,0.2556
0.2492,0.2672,0.2276,0.256
0.2492,0.266,0.2288,0.256
0.2504,0.2652,0.228,0.2564
0.2516,0.266,0.2272,0.2552
0.2524,0.2668,0.2276,0.2532
0.2528,0.2664,0.2276,0.2532
0.2528,0.2648,0.2284,0.254
0.252,0.2632,0.2272,0.2576
0.2528,0.2612,0.2276,0.2584
0.2528,0.2612,0.228,0.258
0.252,0.262,0.2284,0.2576
0.2516,0.2612,0.2284,0.2588
0.2512,0.2624,0.23,0.2564
0.2504,0.2628,0.2316,0.2552
0.2484,0.262,0.2328,0.2568
0.2504,0.26,0.2324,0.2572
0.2516,0.2596,0.2324,0.2564
0.2532,0.2592,0.2328,0.2548
0.2516,0.2584,0.2336,0.2564
0.254,0.2576,0.234,0.2544
0.2528,0.2572,0.2348,0.2552
0.2532,0.2548,0.2352,0.2568
0.2528,0.2552,0.2344,0.2576
0.2536,0.254,0.2348,0.2576
0.2536,0.2528,0.2352,0.2584
0.2544,0.2524,0.234,0.2592
0.2552,0.252,0.2332,0.2596
0.2548,0.252,0.2316,0.2616
0.2532,0.2532,0.2324,0.2612
0.2548,0.2532,0.232,0.26
0.2524,0.2524,0.2352,0.26
0.2528,0.2516,0.2344,0.2612
0.252,0.2528,0.234,0.2612
0.2556,0.2516,0.2312,0.2616
0.2536,0.2516,0.2328,0.262
0.254,0.2524,0.2312,0.2624
0.254,0.252,0.232,0.262
0.2532,0.254,0.2324,0.2604
0.2536,0.2548,0.2328,0.2588
0.254,0.2548,0.2316,0.2596
0.2524,0.2548,0.2312,0.2616
0.2532,0.2548,0.23,0.262
0.2548,0.2524,0.2312,0.2616
0.2536,0.2516,0.2316,0.2632
0.2524,0.2512,0.2344,0.262
0.2524,0.252,0.2352,0.2604
0.2528,0.2508,0.2344,0.262
0.2516,0.2516,0.2348,0.262
0.2524,0.2516,0.2348,0.2612
0.2524,0.2528,0.2344,0.2604
0.2532,0.2532,0.2336,0.26
0.2548,0.2512,0.2332,0.2608
0.2536,0.2496,0.2356,0.2612
0.2536,0.2508,0.2352,0.2604
0.2552,0.248,0.236,0.2608
0.2584,0.2448,0.2356,0.2612
0.2568,0.2456,0.236,0.2616
0.2548,0.248,0.2348,0.2624
0.2536,0.25,0.2356,0.2608
0.2536,0.2504,0.2356,0.2604
0.2536,0.2504,0.236,0.26
0.2544,0.2508,0.236,0.2588
0.254,0.2512,0.2352,0.2596
0.254,0.2512,0.2352,0.2596
0.2544,0.25,0.2364,0.2592
0.2548,0.2496,0.2368,0.2588
0.2548,0.2484,0.2372,0.2596
0.2568,0.2484,0.2372,0.2576
0.256,0.2492,0.2364,0.2584
0.2564,0.2492,0.2356,0.2588
0.2556,0.2476,0.2364,0.2604
0.2564,0.2476,0.236,0.26
0.2584,0.246,0.2356,0.26
0.2568,0.2468,0.2364,0.26
0.2588,0.246,0.2372,0.258
0.2592,0.2452,0.2384,0.2572
0.2584,0.2416,0.2416,0.2584
0.2588,0.2412,0.2416,0.2584
0.2592,0.2424,0.2408,0.2576
0.2596,0.2404,0.2416,0.2584
0.2572,0.2384,0.2456,0.2588
0.256,0.2388,0.2464,0.2588
0.2572,0.2404,0.2452,0.2572
0.2568,0.2412,0.2428,0.2592
0.2576,0.2396,0.2436,0.2592
0.2564,0.2396,0.2456,0.2584
0.2576,0.2388,0.2456,0.258
0.258,0.2392,0.2456,0.2572
0.2576,0.2404,0.2448,0.2572
0.2568,0.2416,0.244,0.2576
0.2544,0.2432,0.2448,0.2576
0.2536,0.2424,0.2452,0.2588
0.2536,0.2416,0.2472,0.2576
0.252,0.2412,0.2476,0.2592
0.252,0.2408,0.2484,0.2588
0.2508,0.2416,0.2476,0.26
0.2536,0.2416,0.248,0.2568
0.2544,0.2428,0.248,0.2548
0.254,0.2428,0.2496,0.2536
0.2516,0.2436,0.2496,0.2552
0.2512,0.244,0.2504,0.2544
0.2496,0.2452,0.2488,0.2564
0.2512,0.2456,0.2456,0.2576
0.2512,0.2444,0.2464,0.258
0.2516,0.2436,0.2476,0.2572
0.252,0.2412,0.2488,0.258
0.2516,0.2408,0.2484,0.2592
0.2516,0.242,0.2496,0.2568
0.2528,0.242,0.25,0.2552
0.2516,0.2428,0.25,0.2556
0.2508,0.2436,0.25,0.2556
0.2508,0.2448,0.25,0.2544
0.2504,0.246,0.2488,0.2548
0.2488,0.2456,0.2512,0.2544
0.2484,0.2472,0.2508,0.2536
0.25,0.2456,0.2508,0.2536
0.2496,0.2476,0.2488,0.254
0.2488,0.2488,0.2488,0.2536
0.2504,0.2496,0.2476,0.2524
0.2516,0.2504,0.2468,0.2512
0.2484,0.252,0.2484,0.2512
0.248,0.2528,0.2484,0.2508
0.248,0.25,0.25,0.252
0.2488,0.2488,0.2496,0.2528
0.2484,0.2496,0.2492,0.2528
0.2508,0.2488,0.248,0.2524
0.2516,0.2492,0.248,0.2512
0.2512,0.2484,0.2492,0.2512
0.252,0.2508,0.2496,0.2476
0.2536,0.2532,0.2484,0.2448
0.2556,0.2548,0.246,0.2436
0.254,0.2536,0.2472,0.2452
0.2544,0.252,0.2476,0.246
0.254,0.2536,0.2456,0.2468
0.2548,0.2544,0.2448,0.246
0.2568,0.2548,0.244,0.2444
0.2552,0.2544,0.2452,0.2452
0.256,0.2528,0.2472,0.244
0.2548,0.2528,0.2464,0.246
0.2524,0.2544,0.2472,0.246
0.2524,0.2516,0.2484,0.2476
0.2512,0.2516,0.2476,0.2496
0.252,0.2512,0.248,0.2488
0.2524,0.2496,0.2476,0.2504
0.2516,0.2512,0.2476,0.2496
0.2504,0.2528,0.2488,0.248
0.2508,0.2524,0.2496,0.2472
0.2532,0.2516,0.2484,0.2468
0.2524,0.2516,0.2492,0.2468
0.252,0.2504,0.2476,0.25
0.2508,0.2516,0.2484,0.2492
0.2532,0.2512,0.2472,0.2484
0.2532,0.2528,0.2456,0.2484
0.2532,0.254,0.2436,0.2492
0.254,0.254,0.244,0.248
0.2548,0.254,0.2448,0.2464
0.254,0.2564,0.244,0.2456
0.2536,0.2568,0.242,0.2476
0.2536,0.258,0.242,0.2464
0.2532,0.2592,0.2412,0.2464
0.2528,0.2596,0.2416,0.246
0.2528,0.2596,0.2416,0.246
0.2536,0.2596,0.2412,0.2456
0.2536,0.2596,0.242,0.2448
0.2544,0.2588,0.2416,0.2452
0.2544,0.2588,0.242,0.2448
0.2584,0.2588,0.2408,0.242
0.2588,0.2608,0.2388,0.2416
0.2612,0.2604,0.238,0.2404
0.2608,0.2612,0.238,0.24
0.2636,0.262,0.2364,0.238
0.2624,0.2636,0.236,0.238
0.262,0.2644,0.2356,0.238
0.2612,0.2668,0.2364,0.2356
0.2616,0.2676,0.2344,0.2364
0.2608,0.2672,0.2344,0.2376
0.262,0.2684,0.2328,0.2368
0.2612,0.2688,0.2344,0.2356
0.2608,0.2708,0.2336,0.2348
0.2592,0.272,0.2336,0.2352
0.2592,0.272,0.234,0.2348
0.26,0.2696,0.2344,0.236
0.2608,0.2692,0.2348,0.2352
0.2588,0.2696,0.236,0.2356
0.2588,0.2696,0.236,0.2356
0.2604,0.2676,0.2356,0.2364
0.2604,0.2672,0.2356,0.2368
0.2588,0.2688,0.2364,0.236
0.2584,0.268,0.236,0.2376
0.2568,0.268,0.2356,0.2396
0.256,0.2692,0.2356,0.2392
0.2564,0.2692,0.2356,0.2388
0.258,0.2692,0.2336,0.2392
0.2584,0.2688,0.2332,0.2396
0.256,0.2668,0.2356,0.2416
0.254,0.2676,0.2356,0.2428
0.2544,0.2648,0.2368,0.244
0.254,0.2656,0.2372,0.2432
0.2544,0.2628,0.2372,0.2456
0.2536,0.2644,0.236,0.246
0.2544,0.2636,0.2348,0.2472
0.2548,0.264,0.234,0.2472
0.254,0.2632,0.2348,0.248
0.2532,0.2628,0.236,0.248
0.2536,0.2632,0.2372,0.246
0.2536,0.2612,0.2384,0.2468
0.254,0.2588,0.24,0.2472
0.2548,0.258,0.2404,0.2468
0.2556,0.2588,0.2408,0.2448
0.2548,0.2584,0.2416,0.2452
0.2556,0.2584,0.2428,0.2432
0.2568,0.2592,0.2424,0.2416
0.2576,0.2592,0.2428,0.2404
0.258,0.2576,0.244,0.2404
0.2564,0.2576,0.246,0.24
0.258,0.2592,0.2432,0.2396
0.2568,0.2592,0.2456,0.2384
0.2584,0.2564,0.2464,0.2388
0.2564,0.2576,0.2468,0.2392
0.2552,0.2572,0.2468,0.2408
0.2552,0.2576,0.248,0.2392
0.2532,0.26,0.2496,0.2372
0.2544,0.2592,0.25,0.2364
0.2552,0.2584,0.2508,0.2356
0.2556,0.2564,0.2516,0.2364
0.2548,0.258,0.252,0.2352
0.2532,0.2564,0.2528,0.2376
0.2536,0.2568,0.2516,0.238
0.2536,0.2552,0.2512,0.24
0.2536,0.2568,0.2508,0.2388
0.254,0.2564,0.2524,0.2372
0.2532,0.2568,0.2532,0.2368
0.2532,0.256,0.2532,0.2376
0.2512,0.2556,0.2556,0.2376
0.2524,0.254,0.2564,0.2372
0.2512,0.2544,0.2564,0.238
0.2524,0.252,0.2572,0.2384
0.2504,0.2548,0.2568,0.238
0.2504,0.2528,0.256,0.2408
0.2512,0.2516,0.2572,0.24
0.2528,0.2508,0.2552,0.2412
0.2536,0.2496,0.2556,0.2412
0.2536,0.2484,0.2552,0.2428
0.2536,0.2472,0.2564,0.2428
0.2532,0.2464,0.2552,0.2452
0.254,0.2456,0.2544,0.246
0.2516,0.2456,0.256,0.2468
0.25,0.2452,0.2568,0.248
0.25,0.2452,0.2572,0.2476
0.248,0.2468,0.2552,0.25
0.246,0.2464,0.2552,0.2524
0.2472,0.2484,0.2528,0.2516
0.2468,0.248,0.2536,0.2516
0.2452,0.2488,0.254,0.252
0.2456,0.2492,0.2528,0.2524
0.2468,0.25,0.2516,0.2516
0.2476,0.2524,0.2488,0.2512
0.2456,0.252,0.2496,0.2528
0.2472,0.2532,0.2492,0.2504
0.248,0.2548,0.248,0.2492
0.248,0.254,0.2476,0.2504
0.2488,0.2532,0.2476,0.2504
0.2492,0.2528,0.2472,0.2508
0.2504,0.252,0.2464,0.2512
0.2484,0.252,0.2488,0.2508
0.2484,0.2532,0.248,0.2504
0.2464,0.2548,0.2476,0.2512
0.2424,0.2564,0.2472,0.254
0.2436,0.2572,0.2476,0.2516
0.2432,0.2576,0.2488,0.2504
0.2432,0.2588,0.2472,0.2508
0.2444,0.2576,0.2476,0.2504
0.2448,0.2568,0.2492,0.2492
0.244,0.2548,0.2496,0.2516
0.2452,0.2532,0.2492,0.2524
0.244,0.2524,0.2496,0.254
0.2452,0.25,0.2508,0.254
0.2468,0.2504,0.2484,0.2544
0.2472,0.25,0.2488,0.254
0.2468,0.25,0.2488,0.2544
0.2472,0.2504,0.2476,0.2548
0.2484,0.2504,0.2468,0.2544
0.2476,0.2528,0.2452,0.2544
0.2484,0.25,0.246,0.2556
0.2488,0.2496,0.246,0.2556
0.2504,0.2484,0.2476,0.2536
0.2524,0.248,0.246,0.2536
0.2516,0.248,0.2468,0.2536
0.2524,0.2496,0.2448,0.2532
0.254,0.2492,0.2444,0.2524
0.2524,0.2488,0.246,0.2528
0.2524,0.2476,0.2436,0.2564
0.2536,0.2468,0.2432,0.2564
0.2544,0.248,0.2408,0.2568
0.252,0.2476,0.2412,0.2592
0.2524,0.2472,0.2408,0.2596
0.2532,0.2456,0.2412,0.26
0.2516,0.2464,0.242,0.26
0.2496,0.2476,0.2412,0.2616
0.2484,0.248,0.2424,0.2612
0.2488,0.2492,0.242,0.26
0.2504,0.2508,0.2408,0.258
0.2512,0.252,0.2384,0.2584
0.25,0.2528,0.2404,0.2568
0.2496,0.252,0.2428,0.2556
0.2496,0.252,0.2432,0.2552
0.2508,0.2536,0.2448,0.2508
0.25,0.2552,0.2444,0.2504
0.2484,0.2556,0.2452,0.2508
0.2488,0.2552,0.244,0.252
0.2484,0.254,0.2432,0.2544
0.2484,0.2524,0.2436,0.2556
0.2488,0.2524,0.2448,0.254
0.2496,0.252,0.244,0.2544
0.2492,0.2504,0.2452,0.2552
0.25,0.2496,0.2468,0.2536
0.2492,0.252,0.2452,0.2536
0.2488,0.2524,0.2456,0.2532
0.2516,0.2504,0.246,0.252
0.2512,0.252,0.2436,0.2532
0.2496,0.2532,0.2432,0.254
0.2492,0.254,0.2424,0.2544
0.2508,0.2536,0.2432,0.2524
0.2496,0.2536,0.2436,0.2532
0.2504,0.2548,0.244,0.2508
0.2508,0.254,0.2436,0.2516
0.2492,0.2544,0.2444,0.252
0.2484,0.2524,0.246,0.2532
0.2492,0.252,0.246,0.2528
0.2492,0.2536,0.2428,0.2544
0.25,0.2532,0.2428,0.254
0.2512,0.2528,0.2408,0.2552
0.2504,0.2524,0.2408,0.2564
0.2504,0.2524,0.2404,0.2568
0.2476,0.2512,0.2416,0.2596
0.2488,0.2504,0.2412,0.2596
0.248,0.2508,0.2404,0.2608
0.2496,0.2508,0.2404,0.2592
0.2492,0.2524,0.2384,0.26
0.248,0.2524,0.2376,0.262
0.2492,0.2504,0.238,0.2624
0.2492,0.2524,0.2364,0.262
0.2496,0.2512,0.2368,0.2624
0.25,0.252,0.2372,0.2608
0.2524,0.2524,0.2356,0.2596
0.2532,0.2512,0.2356,0.26
0.2544,0.2504,0.2352,0.26
0.2532,0.2512,0.2336,0.262
0.2516,0.2508,0.2348,0.2628
0.2496,0.2528,0.2344,0.2632
0.2504,0.252,0.2344,0.2632
0.2504,0.2528,0.236,0.2608
0.2516,0.2536,0.2348,0.26
0.2532,0.2516,0.2352,0.26
0.2508,0.2528,0.2348,0.2616
0.2496,0.2544,0.2328,0.2632
0.2504,0.256,0.2308,0.2628
0.25,0.2564,0.2304,0.2632
0.2504,0.254,0.2316,0.264
0.2484,0.2556,0.2328,0.2632
0.2496,0.2556,0.2344,0.2604
0.248,0.2568,0.2348,0.2604
0.2472,0.2568,0.2356,0.2604
0.246,0.2564,0.2372,0.2604
0.2476,0.2556,0.2372,0.2596
0.248,0.2556,0.2372,0.2592
0.2464,0.258,0.2368,0.2588
0.2468,0.2572,0.2356,0.2604
0.248,0.2572,0.234,0.2608
0.2496,0.2568,0.2336,0.26
0.2508,0.2568,0.2324,0.26
0.2512,0.2552,0.2328,0.2608
0.2508,0.2556,0.2364,0.2572
0.2472,0.2584,0.236,0.2584
0.2472,0.2576,0.2356,0.2596
0.246,0.258,0.2368,0.2592
0.2464,0.2568,0.2372,0.2596
0.2464,0.2584,0.2364,0.2588
0.2456,0.2588,0.2372,0.2584
0.2452,0.258,0.2376,0.2592
0.246,0.2572,0.236,0.2608
0.2464,0.2556,0.2384,0.2596
0.2468,0.2532,0.2392,0.2608
0.246,0.2536,0.2392,0.2612
0.2456,0.2532,0.2388,0.2624
0.2448,0.2536,0.2388,0.2628
0.2432,0.2544,0.2396,0.2628
0.244,0.2548,0.2388,0.2624
0.2436,0.254,0.24,0.2624
0.2444,0.254,0.2384,0.2632
0.244,0.2536,0.2376,0.2648
0.2436,0.254,0.2376,0.2648
0.2448,0.256,0.2372,0.262
0.242,0.256,0.2392,0.2628
0.242,0.2556,0.2392,0.2632
0.2416,0.254,0.2396,0.2648
0.2412,0.2528,0.2408,0.2652
0.2428,0.2516,0.24,0.2656
0.2456,0.252,0.24,0.2624
0.2452,0.2512,0.242,0.2616
0.244,0.2536,0.2408,0.2616
0.2432,0.2552,0.24,0.2616
0.242,0.2556,0.2408,0.2616
0.2436,0.2532,0.242,0.2612
0.2432,0.254,0.2404,0.2624
0.2416,0.2512,0.2444,0.2628
0.242,0.2504,0.2432,0.2644
0.2424,0.2508,0.2416,0.2652
0.2432,0.25,0.2416,0.2652
0.2452,0.2496,0.2404,0.2648
0.2464,0.25,0.2408,0.2628
0.2472,0.2492,0.2424,0.2612
0.2488,0.2484,0.2408,0.262
0.2488,0.2468,0.2408,0.2636
0.2492,0.2488,0.2408,0.2612
0.2488,0.2488,0.2408,0.2616
0.2496,0.2496,0.2412,0.2596
0.2512,0.2496,0.2396,0.2596
0.2516,0.2484,0.2408,0.2592
0.252,0.2496,0.2392,0.2592
0.252,0.2496,0.24,0.2584
0.2524,0.2504,0.2388,0.2584
0.2532,0.2492,0.2408,0.2568
0.254,0.248,0.2424,0.2556
0.2544,0.2464,0.2424,0.2568
0.2512,0.2472,0.2452,0.2564
0.2544,0.2444,0.2452,0.256
0.2532,0.2436,0.2456,0.2576
0.252,0.2436,0.2456,0.2588
0.254,0.2436,0.2444,0.258
0.256,0.2412,0.2444,0.2584
0.2556,0.2396,0.246,0.2588
0.2576,0.2388,0.2452,0.2584
0.2588,0.238,0.2448,0.2584
0.2576,0.2376,0.2452,0.2596
0.2564,0.2376,0.2472,0.2588
0.2568,0.236,0.248,0.2592
0.258,0.2376,0.2476,0.2568
0.2568,0.2372,0.2472,0.2588
0.2564,0.238,0.2472,0.2584
0.2588,0.2356,0.2464,0.2592
0.2592,0.2352,0.2472,0.2584
0.2568,0.2368,0.2484,0.258
0.2572,0.2372,0.2488,0.2568
0.2568,0.2372,0.2488,0.2572
0.2576,0.2396,0.2488,0.254
0.2564,0.2408,0.2496,0.2532
0.256,0.2404,0.2512,0.2524
0.2564,0.2412,0.2508,0.2516
0.2552,0.242,0.2504,0.2524
0.2556,0.244,0.2488,0.2516
0.256,0.2432,0.2496,0.2512
0.256,0.244,0.2504,0.2496
0.2556,0.2432,0.252,0.2492
0.2568,0.2436,0.2512,0.2484
0.2568,0.242,0.2516,0.2496
0.2576,0.2416,0.2528,0.248
0.2576,0.2412,0.2508,0.2504
0.2556,0.242,0.2516,0.2508
0.254,0.2428,0.252,0.2512
0.2532,0.2436,0.2524,0.2508
0.2524,0.2432,0.254,0.2504
0.2516,0.2444,0.2524,0.2516
0.2512,0.2448,0.2532,0.2508
0.2532,0.2448,0.2516,0.2504
0.254,0.2444,0.252,0.2496
0.2556,0.2452,0.2492,0.25
0.2524,0.246,0.2504,0.2512
0.2536,0.2452,0.25,0.2512
0.2524,0.246,0.2508,0.2508
0.2536,0.246,0.25,0.2504
0.254,0.2448,0.2488,0.2524
0.2552,0.2452,0.2488,0.2508
0.2536,0.2436,0.2516,0.2512
0.254,0.244,0.2516,0.2504
0.2548,0.2416,0.252,0.2516
0.2536,0.2404,0.2556,0.2504
0.2536,0.2388,0.256,0.2516
0.2536,0.2392,0.2552,0.252
0.254,0.238,0.254,0.254
0.2536,0.2384,0.2552,0.2528
0.2552,0.2396,0.254,0.2512
0.2548,0.2384,0.2544,0.2524
0.254,0.2396,0.2556,0.2508
0.2532,0.2408,0.2556,0.2504
0.2528,0.2416,0.2544,0.2512
0.2528,0.2416,0.256,0.2496
0.252,0.2428,0.256,0.2492
0.2512,0.244,0.2532,0.2516
0.2504,0.2444,0.2532,0.252
0.2492,0.2432,0.2536,0.254
0.2496,0.2432,0.254,0.2532
0.246,0.246,0.2556,0.2524
0.2448,0.2464,0.2556,0.2532
0.244,0.2492,0.2552,0.2516
0.244,0.2504,0.2552,0.2504
0.2452,0.2508,0.2536,0.2504
0.246,0.2508,0.2512,0.252
0.2476,0.2512,0.25,0.2512
0.2496,0.2504,0.248,0.252
0.2492,0.252,0.248,0.2508
0.2504,0.2516,0.2472,0.2508
0.2488,0.2504,0.2472,0.2536
0.2464,0.252,0.2456,0.256
0.2464,0.2512,0.2452,0.2572
0.2472,0.2516,0.2464,0.2548
0.2492,0.2492,0.2468,0.2548
0.2504,0.246,0.2468,0.2568
0.25,0.2468,0.2488,0.2544
0.2508,0.2464,0.2492,0.2536
0.2508,0.2464,0.2484,0.2544
0.2492,0.2464,0.2488,0.2556
0.2496,0.246,0.2496,0.2548
0.2488,0.2488,0.25,0.2524
0.2508,0.2476,0.25,0.2516
0.2508,0.2468,0.2504,0.252
0.25,0.2472,0.25,0.2528
0.25,0.2472,0.2504,0.2524
0.2484,0.246,0.252,0.2536
0.2492,0.2456,0.252,0.2532
0.2492,0.2452,0.2516,0.254
0.25,0.2432,0.2544,0.2524
0.2464,0.2432,0.2576,0.2528
0.2452,0.244,0.2588,0.252
0.2464,0.2444,0.2576,0.2516
0.2456,0.2444,0.2584,0.2516
0.2464,0.2428,0.2564,0.2544
0.2464,0.244,0.2552,0.2544
0.2472,0.2452,0.254,0.2536
0.2504,0.2464,0.2524,0.2508
0.2496,0.2472,0.2532,0.25
0.2516,0.2472,0.2512,0.25
0.252,0.2468,0.2516,0.2496
0.2536,0.2464,0.248,0.252
0.2564,0.2448,0.2484,0.2504
0.2552,0.2452,0.2484,0.2512
0.256,0.2468,0.248,0.2492
0.2564,0.2464,0.2468,0.2504
0.2544,0.2476,0.2472,0.2508
0.2548,0.2472,0.2472,0.2508
0.2548,0.2476,0.2468,0.2508
0.2536,0.2468,0.2488,0.2508
0.2532,0.2496,0.2476,0.2496
0.2524,0.2508,0.2476,0.2492
0.2544,0.2512,0.2456,0.2488
0.2544,0.2512,0.2452,0.2492
0.252,0.2504,0.2468,0.2508
0.2512,0.2488,0.246,0.254
0.2492,0.2492,0.2472,0.2544
0.248,0.2508,0.2468,0.2544
0.2492,0.25,0.2452,0.2556
0.2496,0.2468,0.2468,0.2568
0.2496,0.2472,0.2472,0.256
0.248,0.248,0.2476,0.2564
0.2504,0.2468,0.2472,0.2556
0.2504,0.2464,0.2468,0.2564
0.2504,0.2452,0.2468,0.2576
0.25,0.2456,0.248,0.2564
0.2524,0.2452,0.2464,0.256
0.2536,0.2456,0.244,0.2568
0.2548,0.246,0.2436,0.2556
0.2564,0.2456,0.2444,0.2536
0.2568,0.246,0.2444,0.2528
0.2552,0.246,0.2456,0.2532
0.254,0.246,0.2464,0.2536
0.2544,0.2444,0.246,0.2552
0.2544,0.2448,0.246,0.2548
0.2552,0.244,0.2464,0.2544
0.2544,0.2444,0.246,0.2552
0.2544,0.2448,0.246,0.2548
0.2552,0.2432,0.2472,0.2544
0.2568,0.2436,0.2468,0.2528
0.2572,0.244,0.246,0.2528
0.2564,0.2416,0.2464,0.2556
0.2552,0.2432,0.2472,0.2544
0.2572,0.2432,0.2472,0.2524
0.2548,0.2436,0.2484,0.2532
0.254,0.2432,0.2496,0.2532
0.2524,0.2452,0.2488,0.2536
0.2512,0.2468,0.2468,0.2552
0.2496,0.2476,0.2452,0.2576
0.2496,0.248,0.2444,0.258
0.2532,0.2464,0.2428,0.2576
0.2532,0.246,0.2424,0.2584
0.254,0.2452,0.2428,0.258
0.2532,0.2484,0.2424,0.256
0.254,0.248,0.2436,0.2544
0.2552,0.2456,0.2448,0.2544
0.2556,0.2424,0.2476,0.2544
0.2564,0.2408,0.2484,0.2544
0.2572,0.2412,0.2492,0.2524
0.258,0.2412,0.2476,0.2532
0.258,0.2408,0.2484,0.2528
0.2588,0.2404,0.2488,0.252
0.26,0.2412,0.2484,0.2504
0.2616,0.2392,0.2468,0.2524
0.262,0.2384,0.246,0.2536
0.2628,0.2372,0.2472,0.2528
0.2604,0.2388,0.2472,0.2536
0.2572,0.24,0.2484,0.2544
0.258,0.2408,0.2492,0.252
0.258,0.2412,0.2496,0.2512
0.2564,0.2436,0.2504,0.2496
0.2576,0.2432,0.2504,0.2488
0.2584,0.2444,0.2504,0.2468
0.2576,0.2452,0.2508,0.2464
0.2588,0.2468,0.2516,0.2428
0.2572,0.2496,0.2508,0.2424
0.2584,0.2484,0.2504,0.2428
0.2572,0.2508,0.25,0.242
0.2584,0.2508,0.2492,0.2416
0.2596,0.25,0.2496,0.2408
0.2596,0.2512,0.2492,0.24
0.2596,0.252,0.248,0.2404
0.2596,0.2528,0.248,0.2396
0.2592,0.2532,0.2464,0.2412
0.2588,0.2524,0.246,0.2428
0.2592,0.2516,0.2436,0.2456
0.2592,0.252,0.2424,0.2464
0.2596,0.2516,0.2424,0.2464
0.26,0.2512,0.2424,0.2464
0.26,0.2516,0.2428,0.2456
0.258,0.2512,0.2444,0.2464
0.2552,0.2512,0.2448,0.2488
0.2552,0.252,0.2444,0.2484
0.2524,0.2536,0.2448,0.2492
0.2536,0.2524,0.244,0.25
0.2548,0.2524,0.2444,0.2484
0.254,0.2528,0.246,0.2472
0.254,0.254,0.246,0.246
0.2536,0.2532,0.248,0.2452
0.2552,0.254,0.2452,0.2456
0.2552,0.2548,0.2452,0.2448
0.256,0.2524,0.2444,0.2472
0.256,0.2516,0.2456,0.2468
0.2568,0.252,0.2444,0.2468
0.2552,0.2524,0.2456,0.2468
0.2556,0.2532,0.2464,0.2448
0.2524,0.2544,0.2472,0.246
0.2528,0.2532,0.2496,0.2444
0.2488,0.2548,0.2496,0.2468
0.2484,0.2568,0.248,0.2468
0.2472,0.2564,0.2496,0.2468
0.2476,0.2576,0.2496,0.2452
0.248,0.2564,0.2496,0.246
0.2476,0.2568,0.2484,0.2472
0.2476,0.2588,0.2476,0.246
0.2496,0.2568,0.2468,0.2468
0.2508,0.2556,0.246,0.2476
0.2504,0.2556,0.2464,0.2476
0.252,0.2544,0.2476,0.246
0.252,0.2548,0.2472,0.246
0.2516,0.2548,0.2472,0.2464
0.2516,0.2544,0.248,0.246
0.25,0.2572,0.2476,0.2452
0.2484,0.2572,0.2476,0.2468
0.2492,0.2568,0.2464,0.2476
0.2488,0.2592,0.2472,0.2448
0.246,0.2588,0.2492,0.246
0.2468,0.2576,0.2488,0.2468
0.2484,0.2576,0.248,0.246
0.2508,0.2556,0.248,0.2456
0.252,0.256,0.2468,0.2452
0.2532,0.2536,0.2476,0.2456
0.254,0.256,0.2452,0.2448
0.2524,0.2568,0.244,0.2468
0.2496,0.2568,0.2456,0.248
0.2508,0.2564,0.2428,0.25
0.2508,0.256,0.2436,0.2496
0.2512,0.254,0.2436,0.2512
0.252,0.254,0.2428,0.2512
0.2504,0.2544,0.2428,0.2524
0.2488,0.2536,0.2432,0.2544
0.2504,0.254,0.2428,0.2528
0.2496,0.2528,0.2432,0.2544
0.2488,0.2524,0.2432,0.2556
0.2496,0.2556,0.2404,0.2544
0.2484,0.2564,0.2416,0.2536
0.2476,0.2568,0.2412,0.2544
0.2488,0.2572,0.242,0.252
0.2488,0.2568,0.2428,0.2516
0.2476,0.2576,0.2412,0.2536
0.2484,0.2576,0.2416,0.2524
0.2476,0.2564,0.2436,0.2524
0.2496,0.2544,0.2424,0.2536
0.2504,0.254,0.242,0.2536
0.2508,0.2532,0.2432,0.2528
0.2496,0.2516,0.2444,0.2544
0.2508,0.2516,0.244,0.2536
0.2516,0.2524,0.2428,0.2532
0.252,0.2528,0.2436,0.2516
0.252,0.2532,0.2432,0.2516
0.2492,0.2536,0.2436,0.2536
0.2508,0.2524,0.244,0.2528
0.2488,0.2516,0.2448,0.2548
0.2492,0.2504,0.2428,0.2576
0.2492,0.2508,0.244,0.256
0.25,0.2492,0.2448,0.256
0.2516,0.25,0.244,0.2544
0.2524,0.2492,0.2436,0.2548
0.252,0.248,0.2436,0.2564
0.2496,0.25,0.2444,0.256
0.2496,0.2516,0.2436,0.2552
0.2516,0.2512,0.242,0.2552
0.252,0.2512,0.242,0.2548
0.2512,0.252,0.2412,0.2556
0.2524,0.2532,0.2396,0.2548
0.2528,0.2528,0.2412,0.2532
0.2512,0.2536,0.2412,0.254
0.2508,0.2532,0.242,0.254
0.2504,0.2548,0.242,0.2528
0.2524,0.2512,0.2432,0.2532
0.2512,0.2528,0.2448,0.2512
0.2528,0.2524,0.244,0.2508
0.2548,0.2516,0.2448,0.2488
0.2564,0.2508,0.2448,0.248
0.2572,0.2504,0.244,0.2484
0.2564,0.2492,0.2456,0.2488
0.2568,0.2476,0.2452,0.2504
0.2564,0.2472,0.244,0.2524
0.2576,0.246,0.2464,0.25
0.2592,0.2448,0.2456,0.2504
0.2596,0.2424,0.246,0.252
0.26,0.2424,0.2472,0.2504
0.2596,0.2432,0.2472,0.25
0.2592,0.2424,0.2472,0.2512
0.2596,0.2428,0.2448,0.2528
0.2596,0.2428,0.2444,0.2532
0.2604,0.2444,0.2432,0.252
0.2604,0.2444,0.244,0.2512
0.26,0.2452,0.2428,0.252
0.2596,0.2464,0.2424,0.2516
0.2588,0.2464,0.242,0.2528
0.258,0.2472,0.2428,0.252
0.2588,0.2468,0.2412,0.2532
0.2584,0.2468,0.242,0.2528
0.2592,0.2464,0.2428,0.2516
0.258,0.2496,0.2424,0.25
0.2572,0.2512,0.24,0.2516
0.2572,0.2508,0.2384,0.2536
0.2564,0.252,0.2384,0.2532
0.2572,0.2488,0.238,0.256
0.2584,0.2484,0.2364,0.2568
0.2592,0.248,0.2376,0.2552
0.2612,0.2476,0.2372,0.254
0.2616,0.2488,0.2372,0.2524
0.2612,0.2484,0.2392,0.2512
0.2608,0.248,0.2388,0.2524
0.2624,0.2468,0.2388,0.252
0.2628,0.2464,0.2388,0.252
0.2648,0.2452,0.2388,0.2512
0.2636,0.2452,0.2396,0.2516
0.2644,0.2444,0.2396,0.2516
0.264,0.2444,0.2404,0.2512
0.2644,0.2444,0.2412,0.25
0.2636,0.2456,0.2424,0.2484
0.2652,0.2444,0.2432,0.2472
0.266,0.2436,0.2436,0.2468
0.2656,0.2436,0.244,0.2468
0.2644,0.2448,0.2448,0.246
0.2632,0.246,0.244,0.2468
0.2628,0.2476,0.242,0.2476
0.2628,0.2472,0.2416,0.2484
0.2624,0.2448,0.2448,0.248
0.2632,0.246,0.2444,0.2464
0.2636,0.2464,0.2444,0.2456
0.262,0.2468,0.2472,0.244
0.2632,0.2468,0.246,0.244
0.2644,0.2472,0.2464,0.242
0.266,0.2468,0.2456,0.2416
0.2656,0.2472,0.246,0.2412
0.266,0.2452,0.2456,0.2432
0.2672,0.2436,0.2432,0.246
0.268,0.2416,0.2448,0.2456
0.266,0.2412,0.2472,0.2456
0.2668,0.2412,0.2476,0.2444
0.2684,0.2412,0.2468,0.2436
0.2672,0.2432,0.2468,0.2428
0.2684,0.244,0.2436,0.244
0.2692,0.2428,0.2428,0.2452
0.2704,0.2432,0.2408,0.2456
0.272,0.2436,0.2412,0.2432
0.2712,0.244,0.2416,0.2432
0.272,0.2448,0.2416,0.2416
0.2696,0.2476,0.24,0.2428
0.2676,0.248,0.2412,0.2432
0.2684,0.2488,0.2404,0.2424
0.2672,0.2472,0.2428,0.2428
0.2688,0.2476,0.2432,0.2404
0.2672,0.2492,0.2428,0.2408
0.268,0.248,0.2428,0.2412
0.2692,0.2468,0.244,0.24
0.2708,0.2468,0.244,0.2384
0.2704,0.2472,0.2436,0.2388
0.2688,0.2484,0.2436,0.2392
0.2696,0.2484,0.2444,0.2376
0.2668,0.2484,0.2452,0.2396
0.2672,0.2484,0.2448,0.2396
0.266,0.248,0.2468,0.2392
0.2644,0.25,0.2488,0.2368
0.2628,0.2516,0.2496,0.236
0.2608,0.2524,0.2516,0.2352
0.2612,0.254,0.2512,0.2336
0.2588,0.2564,0.2504,0.2344
0.2572,0.256,0.2512,0.2356
0.258,0.2552,0.25,0.2368
0.2588,0.2544,0.2504,0.2364
0.2592,0.2548,0.25,0.236
0.2612,0.2524,0.2508,0.2356
0.2592,0.252,0.2512,0.2376
0.2592,0.2532,0.25,0.2376
0.2588,0.2532,0.25,0.238
0.2608,0.2532,0.2504,0.2356
0.2588,0.2528,0.25,0.2384
0.2572,0.2528,0.2516,0.2384
0.258,0.2512,0.2516,0.2392
0.2584,0.2528,0.2524,0.2364
0.2584,0.2524,0.2532,0.236
0.2572,0.2536,0.252,0.2372
0.2572,0.2532,0.2532,0.2364
0.2584,0.2528,0.2524,0.2364
0.2564,0.254,0.254,0.2356
0.2568,0.2536,0.2548,0.2348
0.2564,0.2544,0.2548,0.2344
0.2576,0.254,0.2572,0.2312
0.2576,0.2536,0.2568,0.232
0.258,0.2524,0.2572,0.2324
0.2576,0.2532,0.2548,0.2344
0.2556,0.254,0.2544,0.236
0.256,0.2524,0.2552,0.2364
0.2532,0.2564,0.256,0.2344
0.2548,0.2556,0.2548,0.2348
0.2544,0.2552,0.256,0.2344
0.256,0.2544,0.256,0.2336
0.258,0.2536,0.2552,0.2332
0.2568,0.2548,0.2548,0.2336
0.2552,0.2568,0.2536,0.2344
0.2552,0.256,0.254,0.2348
0.2556,0.2556,0.254,0.2348
0.2564,0.2572,0.2524,0.234
0.254,0.2564,0.254,0.2356
0.2524,0.2568,0.2544,0.2364
0.2528,0.2576,0.2552,0.2344
0.25,0.2604,0.2544,0.2352
0.2516,0.2608,0.254,0.2336
0.2508,0.2604,0.2536,0.2352
0.2504,0.26,0.2524,0.2372
0.2516,0.262,0.2508,0.2356
0.2504,0.262,0.25,0.2376
0.2508,0.2624,0.2492,0.2376
0.25,0.2644,0.248,0.2376
0.2524,0.2632,0.2476,0.2368
0.2532,0.2616,0.2488,0.2364
0.2536,0.26,0.2492,0.2372
0.254,0.2604,0.25,0.2356
0.2552,0.2624,0.2484,0.234
0.256,0.2644,0.2472,0.2324
0.2556,0.2636,0.2476,0.2332
0.2552,0.2632,0.248,0.2336
0.256,0.2628,0.2476,0.2336
0.2552,0.262,0.2484,0.2344
0.2548,0.2604,0.2504,0.2344
0.256,0.2608,0.2508,0.2324
0.2568,0.258,0.2508,0.2344
0.2572,0.2576,0.2508,0.2344
0.256,0.2584,0.2512,0.2344
0.2564,0.258,0.2516,0.234
0.2564,0.2576,0.2508,0.2352
0.2568,0.256,0.2524,0.2348
0.258,0.2544,0.252,0.2356
0.2568,0.2544,0.254,0.2348
0.2556,0.2552,0.2524,0.2368
0.256,0.2544,0.2516,0.238
0.2548,0.2552,0.2512,0.2388
0.2528,0.2564,0.2528,0.238
0.2512,0.258,0.2512,0.2396
0.252,0.2568,0.2492,0.242
0.2508,0.2572,0.25,0.242
0.2484,0.2576,0.2512,0.2428
0.2512,0.2576,0.25,0.2412
0.2496,0.258,0.252,0.2404
0.2512,0.258,0.2508,0.24
0.2524,0.2572,0.2512,0.2392
0.2528,0.256,0.2532,0.238
0.2536,0.2556,0.2504,0.2404
0.2516,0.256,0.2524,0.24
0.2516,0.2548,0.2528,0.2408
0.2508,0.2536,0.2536,0.242
0.2512,0.2528,0.2536,0.2424
0.2508,0.2532,0.254,0.242
0.2532,0.2548,0.2496,0.2424
0.254,0.2532,0.2504,0.2424
0.2544,0.2524,0.25,0.2432
0.2548,0.2516,0.2492,0.2444
0.2552,0.2516,0.2472,0.246
0.2536,0.2516,0.2476,0.2472
0.2524,0.2516,0.2488,0.2472
0.2544,0.2512,0.2468,0.2476
0.2528,0.2504,0.2488,0.248
0.2548,0.2512,0.2476,0.2464
0.252,0.2524,0.2484,0.2472
0.2528,0.2524,0.2496,0.2452
0.254,0.2516,0.2504,0.244
0.2544,0.2512,0.2508,0.2436
0.2548,0.2516,0.2504,0.2432
0.2532,0.2524,0.2516,0.2428
0.2528,0.252,0.2536,0.2416
0.254,0.2516,0.2524,0.242
0.2508,0.25,0.2544,0.2448
0.2516,0.2508,0.2536,0.244
0.252,0.2484,0.2552,0.2444
0.2512,0.248,0.2548,0.246
0.2528,0.2464,0.2572,0.2436
0.2548,0.2476,0.2548,0.2428
0.256,0.2476,0.2556,0.2408
0.256,0.2488,0.2544,0.2408
0.2564,0.2488,0.254,0.2408
0.2552,0.25,0.2556,0.2392
0.2556,0.2504,0.2556,0.2384
0.2532,0.2484,0.2588,0.2396
0.254,0.2496,0.2568,0.2396
0.2536,0.25,0.2576,0.2388
0.2536,0.2512,0.2588,0.2364
0.2528,0.2524,0.2588,0.236
0.252,0.252,0.26,0.236
0.2532,0.252,0.2584,0.2364
0.2524,0.2532,0.2572,0.2372
0.2528,0.254,0.2556,0.2376
