C,D,Oc,Od
0.0,0.0,1.0,0.0
0.0,0.3333333333333333,0.6666666666666666,0.0
0.0,0.42857142857142855,0.5714285714285714,0.0
0.06896551724137931,0.41379310344827586,0.5172413793103449,0.0
0.07142857142857142,0.4107142857142857,0.48214285714285715,0.03571428571428571
0.08888888888888889,0.4111111111111111,0.4666666666666667,0.03333333333333333
0.11278195488721804,0.42857142857142855,0.41353383458646614,0.045112781954887216
0.1282051282051282,0.4153846153846154,0.40512820512820513,0.05128205128205128
0.15129151291512916,0.3985239852398524,0.3837638376383764,0.06642066420664207
0.1685082872928177,0.3812154696132597,0.3756906077348066,0.07458563535911603
0.1762208067940552,0.3673036093418259,0.3609341825902335,0.09554140127388536
0.18923327895595432,0.3442088091353997,0.3556280587275693,0.11092985318107668
0.20767195767195767,0.33201058201058203,0.3439153439153439,0.1164021164021164
0.22535211267605634,0.3174431202600217,0.3326110509209101,0.12459371614301191
0.24003623188405798,0.30434782608695654,0.32065217391304346,0.13496376811594202
0.24194815396700706,0.2953652788688138,0.3173605655930872,0.1453260015710919
0.23766504517025713,0.29812369701181374,0.31549687282835304,0.1487143849895761
0.24262899262899262,0.29975429975429974,0.300982800982801,0.15663390663390664
0.2452085682074408,0.30665163472378804,0.29537767756482525,0.1527621195039459
0.24551512045105076,0.3131727319323424,0.2885699641209636,0.15274218349564325
0.246286535697173,0.3191183517010062,0.28509822712026833,0.14949688548155246
0.2441016333938294,0.3280399274047187,0.2835753176043557,0.1442831215970962
0.24405019472090003,0.33232366940718305,0.2803980960623107,0.14322803980960624
0.23952602623783326,0.34151502327549726,0.279305966991113,0.1396529834955565
0.2379381443298969,0.3447422680412371,0.27628865979381445,0.14103092783505156
0.23819218241042345,0.3477198697068404,0.2772801302931596,0.13680781758957655
0.23634156212059895,0.3472278429785512,0.27883447996762445,0.1375961149332254
0.2388663967611336,0.3437246963562753,0.28016194331983807,0.13724696356275304
0.24305835010060362,0.3408450704225352,0.27927565392354126,0.13682092555331993
0.2469684721099434,0.3391269199676637,0.2772837510105093,0.13662085691188358
0.2473769168684423,0.3389830508474576,0.2784503631961259,0.13518966908797417
0.24768051633723276,0.3400564743848326,0.27874142799515933,0.1335215812827753
0.2504019292604502,0.3380225080385852,0.27692926045016075,0.13464630225080385
0.2515139281388777,0.33911990310859913,0.27775534921275735,0.13161081953976583
0.25534489713594194,0.33763614360629285,0.27390076643807987,0.13311819281968534
0.2591993530125354,0.3348160129397493,0.2753740396279822,0.1306105944197331
0.26141414141414143,0.3329292929292929,0.27555555555555555,0.1301010101010101
0.2658329971762808,0.3303751512706737,0.2747075433642598,0.1290843081887858
0.26833199033037874,0.32836422240128926,0.2715551974214343,0.13174858984689766
0.26806620912394025,0.32902704884941464,0.27250706499798144,0.1303996770286637
0.2687651331719128,0.33131557707828896,0.2707828894269572,0.129136400322841
0.27067365873336025,0.3291649858814038,0.2702702702702703,0.12989108511496572
0.2734248788368336,0.327140549273021,0.2689822294022617,0.13045234248788368
0.2744466800804829,0.3263581488933602,0.26800804828973845,0.1311871227364185
0.2778225806451613,0.32620967741935486,0.2653225806451613,0.13064516129032258
0.28012898024989924,0.32285368802902054,0.26360338573155984,0.13341394598952036
0.2837510105092967,0.3249797898140663,0.261519805982215,0.12974939369442198
0.2862903225806452,0.32379032258064516,0.2608870967741935,0.12903225806451613
0.29154872624342903,0.3263243024666397,0.255964415689446,0.12616255560048525
0.2971336293903916,0.3225676221235365,0.2547436415018167,0.12555510698425515
0.298989898989899,0.3204040404040404,0.25373737373737376,0.12686868686868688
0.3006456820016142,0.31840193704600483,0.2542372881355932,0.12671509281678772
0.3032388663967611,0.31983805668016196,0.25182186234817816,0.12510121457489878
0.3069146785281035,0.317428224828144,0.2519207440355843,0.12373635260816822
0.311336032388664,0.31417004048582997,0.25020242914979757,0.1242914979757085
0.31421647819063003,0.3121970920840065,0.2495961227786753,0.12399030694668821
0.31643002028397565,0.3127789046653144,0.24787018255578094,0.122920892494929
0.3192090395480226,0.31436642453591607,0.2453591606133979,0.12106537530266344
0.3234577922077922,0.3125,0.2398538961038961,0.1241883116883117
0.32454361054766734,0.3103448275862069,0.240973630831643,0.12413793103448276
0.32579733548647555,0.31045619701251514,0.23859507468712152,0.12515139281388776
0.32876159741831384,0.30778539733763616,0.24041952400161357,0.12303348124243646
0.3292831105710814,0.3090319967598218,0.23774807614418794,0.12393681652490887
0.3317210802095929,0.3075372833534865,0.23740427247077792,0.12333736396614269
0.3340080971659919,0.3072874493927126,0.23441295546558705,0.1242914979757085
0.3350806451612903,0.3060483870967742,0.23346774193548386,0.1254032258064516
0.3369609028617493,0.3047158403869408,0.23377670294236194,0.12454655380894801
0.33993532740501214,0.3055780113177041,0.2324171382376718,0.12206952303961197
0.3414141414141414,0.30383838383838385,0.2319191919191919,0.12282828282828283
0.3447719014937424,0.3027856277755349,0.22850222042793703,0.12394025030278563
0.3431451612903226,0.30362903225806454,0.22862903225806452,0.12459677419354839
0.34371209057824503,0.3024666397088556,0.22846744844318642,0.1253538212697129
0.3446739570676387,0.3025516403402187,0.22600243013365734,0.1267719724584852
0.34975767366720517,0.3000807754442649,0.22092084006462034,0.12924071082390953
0.3519191919191919,0.29818181818181816,0.2202020202020202,0.1296969696969697
0.3516350423899879,0.297537343560759,0.2204279370205894,0.1303996770286637
0.35108958837772397,0.2986279257465698,0.22033898305084745,0.12994350282485875
0.35436893203883496,0.2953074433656958,0.22046925566343042,0.12985436893203883
0.3561034761519806,0.2946645109135004,0.2190784155214228,0.1301535974130962
0.35665460394049053,0.29392842782468837,0.2191395255327704,0.13027744270205066
0.3582995951417004,0.29473684210526313,0.21700404858299596,0.12995951417004048
0.36304961678096004,0.29245663574021785,0.21661960467930616,0.12787414279951592
0.36330498177399756,0.28999594977723775,0.2179019846091535,0.12879708383961117
0.3684210526315789,0.2874493927125506,0.2153846153846154,0.12874493927125505
0.36591276252019383,0.287156704361874,0.21809369951534732,0.12883683360258483
0.3672316384180791,0.28490718321226793,0.2195318805488297,0.12832929782082325
0.3734356075898264,0.28179249091643116,0.21598708114654824,0.12878482034719418
0.37419093851132684,0.279126213592233,0.21763754045307443,0.1290453074433657
0.3772745653052972,0.27618277395875457,0.21674080064698747,0.12980186008896077
0.3778764634638676,0.27654420670165525,0.21558336697618086,0.12999596285829632
0.3781275221953188,0.2768361581920904,0.21509281678773204,0.12994350282485875
0.3785310734463277,0.2764326069410815,0.21307506053268765,0.13196125907990314
0.37772397094430993,0.2784503631961259,0.21509281678773204,0.12873284907183213
0.37974172719935434,0.2744148506860371,0.21428571428571427,0.13155770782889428
0.37982315112540194,0.2745176848874598,0.21543408360128619,0.1302250803858521
0.38120209762000806,0.27390076643807987,0.21419927390076643,0.1306978620411456
0.38321903993545786,0.27511093182734975,0.21056877773295685,0.13110125050423557
0.38355609558525716,0.2770352369380316,0.2073714054272985,0.1320372620494127
0.3882828282828283,0.2739393939393939,0.20646464646464646,0.13131313131313133
0.38884397736459175,0.2752627324171382,0.20573969280517382,0.1301535974130962
0.3945880452342488,0.27423263327948305,0.2031502423263328,0.1280290791599354
0.3940986257073565,0.2764753435731609,0.20088924818108328,0.12853678253839934
0.3963709677419355,0.27338709677419354,0.20120967741935483,0.12903225806451613
0.3975757575757576,0.27474747474747474,0.20040404040404042,0.12727272727272726
0.39822652156388555,0.2728738411930673,0.20314389359129384,0.12575574365175332
0.4004032258064516,0.2709677419354839,0.2060483870967742,0.12258064516129032
0.4004032258064516,0.2725806451612903,0.20403225806451614,0.12298387096774194
0.4023405972558515,0.2732041969330105,0.2033898305084746,0.12106537530266344
0.40484848484848485,0.2727272727272727,0.20202020202020202,0.1204040404040404
0.4082457558609539,0.27243330638641877,0.2016976556184317,0.11762328213419564
0.4091092301491334,0.2720677146311971,0.20395002015316405,0.11487303506650544
0.4102460669624849,0.2710770471964502,0.20250100847115773,0.11617587736990723
0.4110528438886648,0.2702702702702703,0.20250100847115773,0.11617587736990723
0.4094931617055511,0.27071600965406273,0.2015285599356396,0.11826226870474658
0.40896245458215585,0.27210335082761405,0.2010496568429552,0.11788453774727493
0.4086886564762671,0.2723250201126307,0.1999195494770716,0.11906677393403058
0.40943929003630497,0.2702702702702703,0.2008874546187979,0.11940298507462686
0.41033925686591277,0.27140549273021003,0.19991922455573505,0.11833602584814217
0.40725806451612906,0.27056451612903226,0.20161290322580644,0.12056451612903225
0.4088709677419355,0.2685483870967742,0.20040322580645162,0.12217741935483871
0.406841046277666,0.26841046277666,0.20321931589537223,0.12152917505030181
0.4091092301491334,0.2676340185409109,0.20435308343409916,0.1189036678758565
0.4108433734939759,0.2642570281124498,0.20602409638554217,0.11887550200803212
0.412287793047696,0.26475343573160875,0.20654810024252224,0.116410670978173
0.4143490528012898,0.26360338573155984,0.20515920999596937,0.11688835147118097
0.4153908138597905,0.2626913779210314,0.20467365028203063,0.11724415793714746
0.414722445695897,0.2614641995172969,0.20394207562349156,0.11987127916331457
0.4174404521598708,0.26201049656842956,0.20145337101332256,0.11909568025837707
0.4176399516713653,0.2605718888441402,0.2013693113169553,0.12041884816753927
0.4145850120870266,0.2618855761482675,0.20225624496373892,0.12127316680096696
0.4153908138597905,0.2618855761482675,0.20306204673650283,0.11966156325543917
0.41545893719806765,0.2608695652173913,0.2028985507246377,0.12077294685990338
0.4157258064516129,0.2620967741935484,0.2032258064516129,0.11895161290322581
0.41914722445695896,0.2598551890587289,0.2011263073209976,0.11987127916331457
0.42075623491552694,0.2602574416733709,0.2011263073209976,0.11786001609010459
0.4227674979887369,0.2578439259855189,0.1999195494770716,0.11946902654867257
0.42327829238824005,0.25734997986306885,0.19693918646798228,0.12243254128070882
0.42592592592592593,0.2560386473429952,0.1972624798711755,0.12077294685990338
0.427536231884058,0.2572463768115942,0.1972624798711755,0.1179549114331723
0.42920353982300885,0.25583266291230894,0.19589702333065165,0.11906677393403058
0.42828445158698275,0.2551225391723584,0.19887505022097227,0.11771795901968662
0.42644694533762056,0.25482315112540194,0.1997588424437299,0.1189710610932476
0.4245967741935484,0.2560483870967742,0.20040322580645162,0.11895161290322581
0.4251810136765889,0.25583266291230894,0.19911504424778761,0.11987127916331457
0.42857142857142855,0.25191146881287724,0.19758551307847083,0.12193158953722334
0.426216324889425,0.25371934057096907,0.19662243667068757,0.12344189786891838
0.42788074133763093,0.2542304593070105,0.19782433521353748,0.1200644641418211
0.4307507025291048,0.2533119229225211,0.19710959454034524,0.1188277800080289
0.43081255028157683,0.25543041029766694,0.19549477071600965,0.11826226870474658
0.4316807738814994,0.2547359935509875,0.19588875453446192,0.11769447803305119
0.43196457326892107,0.25442834138486314,0.19363929146537842,0.11996779388083736
0.4316720257234727,0.25442122186495175,0.19533762057877813,0.11856913183279742
0.43081255028157683,0.25382139983909896,0.19509251810136766,0.12027353177795656
0.4324869004433696,0.25634824667472794,0.19266424828698106,0.1185006045949214
0.4297221103503826,0.25694724124043494,0.19291180024164317,0.12041884816753927
0.42943548387096775,0.2584677419354839,0.19233870967741937,0.11975806451612903
0.4312297734627832,0.2576860841423948,0.1913430420711974,0.11974110032362459
0.4335748792270531,0.2556360708534622,0.1932367149758454,0.11755233494363929
0.435535858178888,0.25463336019339244,0.1925866236905721,0.11724415793714746
0.43431096826034554,0.25672961028525515,0.19164323021293692,0.11731619124146243
0.43373493975903615,0.25742971887550203,0.19196787148594377,0.11686746987951807
0.43132530120481927,0.26024096385542167,0.19116465863453816,0.11726907630522089
0.4331184528605963,0.2586623690572119,0.18976631748589848,0.11845286059629331
0.43569131832797425,0.25482315112540194,0.18890675241157556,0.12057877813504823
0.43530834340991537,0.25675130995566303,0.18782748891575976,0.12011285771866183
0.4360208584035299,0.2563176895306859,0.1857200160449258,0.1219414360208584
0.43569131832797425,0.25482315112540194,0.18569131832797428,0.12379421221864952
0.4386317907444668,0.25311871227364185,0.1851106639839034,0.12313883299798793
0.4398390342052314,0.2507042253521127,0.18591549295774648,0.12354124748490945
0.43966210780370074,0.250603378921963,0.18744971842316976,0.12228479485116653
0.4399193548387097,0.25120967741935485,0.18870967741935485,0.12016129032258065
0.44157937147461723,0.25141015310233683,0.18936341659951653,0.11764705882352941
0.44475806451612904,0.24838709677419354,0.18830645161290321,0.11854838709677419
0.44256348246674726,0.25151148730350664,0.18742442563482467,0.1185006045949214
0.4406099518459069,0.25240770465489565,0.18780096308186195,0.11918138041733548
0.4386317907444668,0.2535211267605634,0.1891348088531187,0.11871227364185111
0.43966210780370074,0.252614641995173,0.18946098149637972,0.11826226870474658
0.4403706688154714,0.25221595487510073,0.18896051571313457,0.11845286059629331
0.44310414153598715,0.24969843184559712,0.18938480096501809,0.11781262565339767
0.44229217110573044,0.24818401937046006,0.19128329297820823,0.11824051654560129
0.4435062324085243,0.24728588661037396,0.19179734620024125,0.11741053478086047
0.442524115755627,0.2491961414790997,0.19131832797427653,0.11696141479099678
0.4409987917841321,0.24889246878775675,0.19250906161900927,0.1175996778091019
0.4435062324085243,0.24607961399276237,0.19380780056292723,0.11660635303578609
0.44189786891837557,0.2448733413751508,0.1950140731805388,0.11821471652593486
0.43966210780370074,0.24617860016090104,0.19589702333065165,0.11826226870474658
0.44095122934300685,0.24546553808948005,0.19588875453446192,0.11769447803305119
0.43930868167202575,0.24678456591639872,0.19573954983922828,0.11816720257234727
0.43770096463022506,0.2491961414790997,0.19332797427652734,0.1197749196141479
0.43933897621926643,0.2503022974607013,0.19145505844417574,0.1189036678758565
0.4394366197183099,0.24949698189134809,0.19275653923541247,0.11830985915492957
0.43885760257441675,0.24859211584875301,0.19348350764279967,0.11906677393403058
0.4413183279742765,0.24718649517684887,0.192524115755627,0.1189710610932476
0.4391321815990358,0.2482924869425472,0.19325030132583368,0.11932503013258337
0.4413183279742765,0.24839228295819935,0.19131832797427653,0.1189710610932476
0.43940609951845905,0.24919743178170145,0.19221508828250403,0.11918138041733548
0.4411882778000803,0.24889602569249297,0.19229225210758732,0.11762344439983942
0.4390342052313883,0.25191146881287724,0.19114688128772636,0.11790744466800805
0.43918105178643113,0.2525090325170614,0.19108791649939783,0.1172219991971096
0.4370221327967807,0.2523138832997988,0.18993963782696177,0.12072434607645875
0.43614457831325304,0.25140562248995985,0.1891566265060241,0.12329317269076305
0.4373741441804269,0.25332259363672976,0.1864679822795006,0.12283527990334273
0.43350743270389713,0.2547207713941342,0.19043792687826436,0.1213338690237043
0.432475884244373,0.2540192926045016,0.18971061093247588,0.12379421221864952
0.43380281690140843,0.25311871227364185,0.18712273641851107,0.12595573440643862
0.43591803937324225,0.2507030936118923,0.18682201687424668,0.1265568501406187
0.43453815261044176,0.25100401606425704,0.1891566265060241,0.12530120481927712
0.43219315895372235,0.2515090543259557,0.18993963782696177,0.12635814889336017
0.4295463669209153,0.2525090325170614,0.19108791649939783,0.12685668406262546
0.4297221103503826,0.2517116391461941,0.1900926298832058,0.12847362062021747
0.4315535929345644,0.25090325170614214,0.1890806904857487,0.12846246487354476
0.43184559710494574,0.2513067953357459,0.18938480096501809,0.12746280659429032
0.4311594202898551,0.250805152979066,0.18961352657004832,0.12842190016103058
0.4301248489730165,0.24889246878775675,0.1904953685058397,0.13048731373338704
0.4289166331051148,0.24889246878775675,0.1904953685058397,0.13169552960128877
0.4303542673107891,0.2463768115942029,0.19001610305958133,0.13325281803542674
0.4286288701246482,0.24849215922798554,0.18777643747486933,0.13510253317249699
0.42954911433172305,0.24798711755233493,0.1888083735909823,0.13365539452495975
0.42971887550200805,0.2465863453815261,0.1895582329317269,0.13413654618473897
0.42937399678972715,0.24598715890850723,0.1906099518459069,0.13402889245585875
0.42903096099718535,0.24688379573783675,0.18938480096501809,0.13470044229995978
0.42730923694779116,0.24859437751004015,0.1891566265060241,0.13493975903614458
0.42770841723721303,0.24969794603302456,0.18727345952476843,0.13532017720499395
0.42576243980738365,0.25,0.18619582664526485,0.13804173354735153
0.42460796139927626,0.2501005227181343,0.18737434660233213,0.13791716928025735
0.42380377965420185,0.25090470446320867,0.18737434660233213,0.13791716928025735
0.42334004024144867,0.2515090543259557,0.18873239436619718,0.13641851106639838
0.4227674979887369,0.25301689460981497,0.18946098149637972,0.13475462590506837
0.4243156199677939,0.25161030595813205,0.18760064412238325,0.13647342995169082
0.42483922829581994,0.2528135048231511,0.1864951768488746,0.13585209003215434
0.4267950260730044,0.25150421179302046,0.18612113918973125,0.1355796229442439
0.4262691377921031,0.24939564867042707,0.18855761482675262,0.13577759871071715
0.4234161988773055,0.25100240577385724,0.19005613472333602,0.13552526062550121
0.42310789049919484,0.25161030595813205,0.19202898550724637,0.13325281803542674
0.4225521669341894,0.25280898876404495,0.19141252006420545,0.1332263242375602
0.42179332529151586,0.2525130679533575,0.19219943707277845,0.1334941696823482
0.4225521669341894,0.2516051364365971,0.19181380417335472,0.13402889245585875
0.42092555331991954,0.2523138832997988,0.19235412474849095,0.13440643863179075
0.42128514056224897,0.25261044176706826,0.19076305220883535,0.13534136546184738
0.41767068273092367,0.25381526104417673,0.19357429718875502,0.13493975903614458
0.4153598713309208,0.25371934057096907,0.1950140731805388,0.13590671491757136
0.41526104417670684,0.25301204819277107,0.19678714859437751,0.13493975903614458
0.41204819277108434,0.25421686746987954,0.19759036144578312,0.13614457831325302
0.41244979919678715,0.25421686746987954,0.19718875502008032,0.13614457831325302
0.41207243460764587,0.2535211267605634,0.19758551307847083,0.13682092555331993
0.41361256544502617,0.25332259363672976,0.19532823197744664,0.13773660894079742
0.4139871382636656,0.2540192926045016,0.19413183279742766,0.13786173633440515
0.4115755627009646,0.25361736334405144,0.19332797427652734,0.1414790996784566
0.41264090177133655,0.2524154589371981,0.19404186795491143,0.14090177133655393
0.4114562323517547,0.2517144009681323,0.19685356998789835,0.1399757966922146
0.413820811570912,0.2486942547207714,0.19646444355162715,0.14102049015668944
0.416331456154465,0.248994368463395,0.19509251810136766,0.13958165728077232
0.415124698310539,0.250201126307321,0.19469026548672566,0.13998390989541432
0.4142225793491362,0.2507030936118923,0.19365206910405786,0.14142225793491361
0.4162314182402571,0.2486942547207714,0.19405383688228203,0.14102049015668944
0.41807228915662653,0.24819277108433735,0.19156626506024096,0.14216867469879518
0.41874497184231696,0.24658085277554304,0.1922767497988737,0.1423974255832663
0.41740531829170024,0.24697824335213536,0.1917808219178082,0.14383561643835616
0.41827697262479874,0.24798711755233493,0.18961352657004832,0.14412238325281804
0.42052313883299797,0.24869215291750504,0.18832997987927566,0.14245472837022133
0.4228295819935691,0.24839228295819935,0.18930868167202572,0.13946945337620578
0.4213912344189787,0.2501005227181343,0.18737434660233213,0.1411338962605549
0.4194847020933977,0.249597423510467,0.18719806763285024,0.14371980676328502
0.4211375554659137,0.2488906817265026,0.18676885841064947,0.14320290439693426
0.42289156626506025,0.24779116465863454,0.18795180722891566,0.14136546184738955
0.4205870526739043,0.24607961399276237,0.19300361881785283,0.14032971451548049
0.4212645992750705,0.24607329842931938,0.19331453886427707,0.13934756343133306
0.4221954161640531,0.24648170486529955,0.19139525532770407,0.1399276236429433
0.4216673378977044,0.24728151429722112,0.19250906161900927,0.13854208618606526
0.42008032128514056,0.24738955823293174,0.19397590361445782,0.13855421686746988
0.41864202490960223,0.247890719164323,0.19485737243873041,0.13860988348734432
0.4181086519114688,0.2470824949698189,0.19476861167002013,0.14004024144869215
0.4189786891837555,0.24688379573783675,0.1946119823080016,0.1395255327704061
0.420016077170418,0.24678456591639872,0.192524115755627,0.14067524115755628
0.4178743961352657,0.24879227053140096,0.19404186795491143,0.1392914653784219
0.417538213998391,0.24617860016090104,0.19469026548672566,0.1415929203539823
0.41693548387096774,0.24274193548387096,0.1963709677419355,0.1439516129032258
0.41857659831121835,0.24165661439485323,0.19622034579815037,0.14354644149577805
0.4201849618013671,0.24045034177724164,0.195416164053076,0.14394853236831523
0.4208618606524366,0.24083769633507854,0.19532823197744664,0.14297221103503827
0.4232315112540193,0.2387459807073955,0.19493569131832797,0.14308681672025725
0.4208199356913183,0.2395498392282958,0.19573954983922828,0.14389067524115756
0.41878274889157596,0.24103184199919386,0.19750100765820233,0.14268440145102781
0.4192122186495177,0.2395498392282958,0.19734726688102894,0.14389067524115756
0.4182402571313781,0.2394535958216151,0.2008838891120932,0.14142225793491361
0.41951023685266964,0.23966278602970695,0.19871537535126454,0.1421116017663589
0.41874497184231696,0.23773129525341916,0.1995172968624296,0.14400643604183427
0.4182402571313781,0.2394535958216151,0.19967858577742065,0.14262756126958617
0.41750301083902047,0.23885989562424728,0.20112404656764352,0.14251304696908873
0.4189406099518459,0.23876404494382023,0.1998394863563403,0.14245585874799357
0.4164989939637827,0.24064386317907444,0.2012072434607646,0.14164989939637826
0.4181451612903226,0.24233870967741936,0.19919354838709677,0.1403225806451613
0.4181745074386811,0.243264977885002,0.19943707277844794,0.1391234418978689
0.4178082191780822,0.24375503626107978,0.20024174053182917,0.13819500402900886
0.4184083601286174,0.2447749196141479,0.1985530546623794,0.1382636655948553
0.41887550200803214,0.242570281124498,0.20160642570281123,0.13694779116465863
0.41834271922767496,0.24255832662912308,0.2007240547063556,0.13837489943684633
0.4179044560417503,0.24287434765154556,0.202328382175833,0.13689281413087115
0.4184083601286174,0.24316720257234728,0.20056270096463022,0.13786173633440515
0.41646586345381525,0.24457831325301205,0.20080321285140562,0.13815261044176708
0.4178743961352657,0.24476650563607086,0.19847020933977455,0.1388888888888889
0.4167001204335608,0.24407868325973506,0.19911682055399438,0.14010437575270976
0.41653290529695025,0.2447833065810594,0.19823434991974317,0.1404494382022472
0.41589723002810114,0.24407868325973506,0.1995182657567242,0.1405058209554396
0.41837144003208987,0.2430806257521059,0.19975932611311673,0.13878860810268753
0.4190056134723336,0.2433841218925421,0.19847634322373697,0.13913392141138733
0.4184083601286174,0.24155948553054662,0.20136655948553053,0.13866559485530547
0.4180064308681672,0.24035369774919615,0.20136655948553053,0.1402733118971061
0.41737032569360677,0.24085243264977885,0.20225170888620828,0.1395255327704061
0.418436873747495,0.24008016032064128,0.2028056112224449,0.13867735470941883
0.4180064308681672,0.24035369774919615,0.2029742765273312,0.13866559485530547
0.41653290529695025,0.23876404494382023,0.20425361155698235,0.1404494382022472
0.41549578482537136,0.23966278602970695,0.20594138900040143,0.13890004014452026
0.41834271922767496,0.23853580048270315,0.20434432823813356,0.13877715205148833
0.41997593261131166,0.23826714801444043,0.20377055756117127,0.1379863618130766
0.41760450160771706,0.2379421221864952,0.20418006430868169,0.1402733118971061
0.41646586345381525,0.23734939759036144,0.20602409638554217,0.14016064257028113
0.4161640530759952,0.2376357056694813,0.2074788902291918,0.13872135102533173
0.4153969526864475,0.23937449879711306,0.20649558941459503,0.13873295910184444
0.4127813504823151,0.23995176848874597,0.20618971061093247,0.14107717041800644
0.414320193081255,0.23813354786806115,0.2071600965406275,0.1403861625100563
0.4167001204335608,0.23845845042151748,0.2051384985949418,0.13970293054997993
0.414418042690294,0.2392267418445429,0.20741039065646397,0.13894482480869916
0.41887550200803214,0.23815261044176708,0.20722891566265061,0.1357429718875502
0.42031312725812925,0.23645122440786834,0.20754716981132076,0.13568847852268165
0.41904379268782643,0.2362394535958216,0.20932101245480111,0.13539574126155082
0.417538213998391,0.23773129525341916,0.20997586484312147,0.13475462590506837
0.4166331860184813,0.2366412213740458,0.21173161912414623,0.13499397348332665
0.41716807059767347,0.23786602486963498,0.21018852787805856,0.13477737665463296
0.4181086519114688,0.23943661971830985,0.20885311871227363,0.13360160965794768
0.417135961383749,0.23773129525341916,0.20997586484312147,0.13515687851971037
0.4193807800562927,0.2388419782870929,0.20868516284680338,0.13309207880981103
0.41730382293762575,0.24104627766599598,0.2084507042253521,0.13319919517102616
0.41914722445695896,0.23934030571198714,0.2075623491552695,0.13395012067578438
0.41807228915662653,0.24176706827309236,0.20763052208835342,0.13253012048192772
0.41566265060240964,0.242570281124498,0.20923694779116467,0.13253012048192772
0.4139871382636656,0.24236334405144694,0.2110128617363344,0.13263665594855306
0.41429144921718186,0.24126856684062625,0.21156162183861904,0.13287836210357287
0.41107988759534325,0.24207145724608592,0.21397029305499798,0.13287836210357287
0.41235459286000803,0.24227837946249497,0.21099077416766948,0.13437625350982751
0.41164658634538154,0.24176706827309236,0.21285140562248997,0.13373493975903614
0.4087620578778135,0.24236334405144694,0.21463022508038584,0.1342443729903537
0.40803212851405624,0.24096385542168675,0.21566265060240963,0.13534136546184738
0.40930979133226325,0.24237560192616373,0.21308186195826645,0.13523274478330657
0.407645875251509,0.2442655935613682,0.213682092555332,0.13440643863179075
0.40667739340305714,0.24416733708769106,0.2160096540627514,0.13314561544650041
0.4077942948975492,0.24306950582563278,0.21494576134993973,0.13419043792687826
0.406099518459069,0.242776886035313,0.21428571428571427,0.1368378812199037
0.40786832597350464,0.24126856684062625,0.21477318346045765,0.13608992372541148
0.4078099838969404,0.24114331723027374,0.21497584541062803,0.1360708534621578
0.40731805388017694,0.24004825090470447,0.2147165259348613,0.13791716928025735
0.4089443996776793,0.24053182917002416,0.21112006446414183,0.13940370668815472
0.4090909090909091,0.23893805309734514,0.21158487530168946,0.1403861625100563
0.4101123595505618,0.2391653290529695,0.21067415730337077,0.14004815409309793
0.40942028985507245,0.2391304347826087,0.21175523349436393,0.13969404186795492
0.40883534136546185,0.2385542168674699,0.21285140562248997,0.13975903614457832
0.4067524115755627,0.24035369774919615,0.21302250803858522,0.13987138263665594
0.4081059390048154,0.23876404494382023,0.2158908507223114,0.13723916532905298
0.4062625451625853,0.23885989562424728,0.21718185467683662,0.1376957045363308
0.40682730923694777,0.23815261044176708,0.21686746987951808,0.13815261044176708
0.40803212851405624,0.23654618473895583,0.21967871485943774,0.1357429718875502
0.41100843712334273,0.23262354359180393,0.21976697468862996,0.13660104459622338
0.4094741067844239,0.23404255319148937,0.2211963067041349,0.13528703331995182
0.4109368717330117,0.23281061519903498,0.220345798150382,0.13590671491757136
0.4087620578778135,0.23311897106109325,0.22186495176848875,0.1362540192926045
0.40699075934110085,0.23382884692647649,0.22378465247087184,0.13539574126155082
0.4077201447527141,0.23401688781664656,0.22275834338560516,0.1355046240450342
0.4098954143201931,0.2345132743362832,0.22123893805309736,0.13435237329042637
0.409967845659164,0.23311897106109325,0.22065916398713825,0.1362540192926045
0.40673886883273164,0.2358604091456077,0.21941436020858404,0.1379863618130766
0.40570969039002813,0.23361479694410936,0.2195416164053076,0.1411338962605549
0.4059485530546624,0.23432475884244372,0.21985530546623794,0.13987138263665594
0.40417838489353153,0.23503415026114904,0.21976697468862996,0.14102049015668944
0.40217391304347827,0.23510466988727857,0.22061191626409019,0.14210950080515297
0.40312876052948254,0.23465703971119134,0.2214199759326113,0.1407942238267148
0.40401606425702813,0.2357429718875502,0.21847389558232932,0.14176706827309238
0.4043321299638989,0.23545928600080224,0.2170076213397513,0.14320096269554752
0.4056112224448898,0.23567134268537074,0.21643286573146292,0.14228456913827656
0.4036992360273422,0.23482106956172094,0.21672698029754725,0.14475271411338964
0.40458937198067635,0.23389694041867956,0.2177938808373591,0.14371980676328502
0.40393890675241156,0.23070739549839228,0.21744372990353697,0.14790996784565916
0.40208667736757625,0.2319422150882825,0.21709470304975922,0.14887640449438203
0.40185409109230147,0.230149133413946,0.2184602982668279,0.14953647722692462
0.3999197753710389,0.23024468511833132,0.21941436020858404,0.15042117930204574
0.3987138263665595,0.23110932475884244,0.21985530546623794,0.15032154340836013
0.39799196787148594,0.23012048192771084,0.21887550200803213,0.1530120481927711
0.3969465648854962,0.2278023302531137,0.22217758135797508,0.15307352350341502
0.3963022508038585,0.22869774919614147,0.22186495176848875,0.15313504823151125
0.3946945337620579,0.23070739549839228,0.22266881028938906,0.15192926045016078
0.39798792756539236,0.2317907444668008,0.22173038229376257,0.14849094567404428
0.3967871485943775,0.23293172690763053,0.22248995983935743,0.14779116465863454
0.39518072289156625,0.23333333333333334,0.22289156626506024,0.14859437751004015
0.3941958887545345,0.2317613865376864,0.22611850060459493,0.1479242241031842
0.3952648475120385,0.23234349919743177,0.22512038523274477,0.1472712680577849
0.3904302372336148,0.23441897868918377,0.22677925211097708,0.14837153196622438
0.38866559485530544,0.23512861736334406,0.2282958199356913,0.14790996784565916
0.38721351025331724,0.23522316043425814,0.22919179734620024,0.14837153196622438
0.38681141938078006,0.23562525130679535,0.22878970647366303,0.14877362283876155
0.38551307847082494,0.23420523138833,0.23138832997987926,0.1488933601609658
0.3842443729903537,0.23512861736334406,0.23191318327974275,0.1487138263665595
0.38458450421517465,0.2344439983942192,0.23243677238057006,0.14853472501003612
0.3830726032892098,0.2342559165663859,0.23265142398716407,0.15002005615724026
0.3843988741455569,0.23441897868918377,0.2316043425814234,0.14957780458383596
0.385048231511254,0.23191318327974275,0.23191318327974275,0.15112540192926044
0.38492543329302703,0.2309552599758162,0.23216444981862153,0.15195485691253527
0.38795180722891565,0.22971887550200804,0.2317269076305221,0.15060240963855423
0.38774687625957277,0.22813381700927046,0.23337363966142685,0.15074566706972994
0.38857602574416733,0.23008849557522124,0.23169750603378922,0.14963797264682221
0.3878617363344051,0.22909967845659163,0.23231511254019294,0.15072347266881028
0.38548387096774195,0.22983870967741934,0.23306451612903226,0.15161290322580645
0.3859437751004016,0.23052208835341365,0.23092369477911648,0.15261044176706828
0.3862540192926045,0.23070739549839228,0.23231511254019294,0.15072347266881028
0.3858520900321543,0.23030546623794212,0.2335209003215434,0.15032154340836013
0.38777152051488334,0.23049074818986323,0.2341110217216412,0.14762670957361224
0.3863453815261044,0.23132530120481928,0.23333333333333334,0.14899598393574298
0.38606327593111733,0.23348017621145375,0.2314777733279936,0.1489787745294353
0.3845534995977474,0.23491552695092519,0.23169750603378922,0.14883346741753822
0.3827309236947791,0.23654618473895583,0.2317269076305221,0.14899598393574298
0.381372942593336,0.23685266961059814,0.2332396627860297,0.14853472501003612
0.3793242156074014,0.23612228479485117,0.23652453740949317,0.14802896218825423
0.3809714973906062,0.23564833400240867,0.2360497792051385,0.14733038940184665
0.38114423851732476,0.23609991941982272,0.23690572119258663,0.14585012087026591
0.3815261044176707,0.236144578313253,0.236144578313253,0.1461847389558233
0.38032128514056224,0.23775100401606425,0.2357429718875502,0.1461847389558233
0.37857430527587593,0.2400322190898107,0.2360048328634716,0.14538864277084174
0.37675914756735024,0.24125452352231605,0.23562525130679535,0.1463610776035384
0.3776083467094703,0.23956661316211877,0.2375601926163724,0.14526484751203853
0.37751004016064255,0.24016064257028114,0.23694779116465864,0.14538152610441768
0.3778580024067389,0.2402727637384677,0.23626153229041316,0.14560770156438027
0.3795180722891566,0.24096385542168675,0.23453815261044178,0.14497991967871485
0.3786602486963498,0.2430806257521059,0.2322503008423586,0.14600882470918572
0.378714859437751,0.2433734939759036,0.2321285140562249,0.14578313253012049
0.37775993576876754,0.24407868325973506,0.23203532717784023,0.14612605379365717
0.37746478873239436,0.24305835010060362,0.23380281690140844,0.14567404426559355
0.3773055332798717,0.2421812349639134,0.23336006415396954,0.1471531676022454
0.37650360866078586,0.2417802726543705,0.23456295108259823,0.1471531676022454
0.37731295253419145,0.23974255832662913,0.23652453740949317,0.14641995172968625
0.3776702942361951,0.2418379685610641,0.23458282950423218,0.14590890769850867
0.37771520514883344,0.24215607401448108,0.23491552695092519,0.14521319388576026
0.3782154340836013,0.24115755627009647,0.23553054662379422,0.14509646302250803
0.3787575150300601,0.24048096192384769,0.23607214428857715,0.14468937875751503
0.3783132530120482,0.24056224899598394,0.236144578313253,0.14497991967871485
0.3783132530120482,0.24136546184738955,0.2353413654618474,0.14497991967871485
0.3753512645523886,0.24407868325973506,0.234845443596949,0.14572460859092734
0.3748493370831659,0.24427480916030533,0.23463238248292487,0.14624347127360385
0.37173825772782015,0.2460859092733842,0.23685266961059814,0.1453231633881975
0.37169206094627105,0.24699278267842822,0.23536487570168405,0.14595028067361668
0.3704298915226999,0.24708718360787466,0.2362394535958216,0.14624347127360385
0.37329042638777155,0.24617860016090104,0.23572003218020918,0.14481094127111827
0.37213970293055,0.246487354476114,0.23564833400240867,0.14572460859092734
0.3719340570969039,0.24527543224768797,0.23683152392440693,0.14595898673100122
0.37349397590361444,0.24417670682730924,0.236144578313253,0.1461847389558233
0.37545126353790614,0.2438828720417168,0.23465703971119134,0.14600882470918572
0.3756019261637239,0.2443820224719101,0.23635634028892455,0.14365971107544143
0.3756528726396143,0.2454801124949779,0.23583768581759743,0.14302932904781038
0.3758523866827116,0.2438828720417168,0.2358604091456077,0.1444043321299639
0.37861736334405144,0.2439710610932476,0.2347266881028939,0.14268488745980706
0.3790744466800805,0.24346076458752516,0.2358148893360161,0.14164989939637826
0.3817377312952534,0.24296057924376507,0.2341110217216412,0.1411906677393403
0.38106698756518254,0.2430806257521059,0.23184917769755314,0.14400320898515845
0.37861736334405144,0.24557877813504822,0.23110932475884244,0.14469453376205788
0.3782051282051282,0.24519230769230768,0.22916666666666666,0.14743589743589744
0.3783132530120482,0.242570281124498,0.23092369477911648,0.14819277108433734
0.3781074578989575,0.23937449879711306,0.23255813953488372,0.14995990376904572
0.3770096463022508,0.24115755627009647,0.2315112540192926,0.15032154340836013
0.3758038585209003,0.23995176848874597,0.23311897106109325,0.15112540192926044
0.3777064955894146,0.23977546110665598,0.23255813953488372,0.14995990376904572
0.3773660894079742,0.24204591220298027,0.2319774466371325,0.148610551751913
0.38047408597830457,0.24146243471273604,0.2302129369224588,0.1478505423865006
0.38016860698514654,0.24167001204335609,0.23083099156965076,0.14733038940184665
0.38016860698514654,0.24086712163789642,0.23123243677238056,0.14773183460457648
0.38242375601926165,0.24157303370786518,0.22993579454253613,0.14606741573033707
0.3828846926476497,0.24025713137806348,0.2302129369224588,0.14664523905182805
0.38408999598232224,0.2398553635998393,0.22860586580956208,0.1474487746082764
0.3844917637605464,0.24025713137806348,0.2282040980313379,0.14704700683005223
0.38328646042587383,0.24065889915628766,0.22940940136601046,0.14664523905182805
0.3820811570912013,0.24065889915628766,0.2278023302531137,0.14945761349939735
0.381372942593336,0.24086712163789642,0.2316338819751104,0.14612605379365717
0.3815261044176707,0.24016064257028114,0.2321285140562249,0.1461847389558233
0.3808758537565287,0.23865006026516675,0.23222177581357975,0.1482523101647248
0.38072289156626504,0.2389558232931727,0.23092369477911648,0.1493975903614458
0.3797825211437777,0.2392267418445429,0.23076923076923078,0.15022150624244865
0.38022508038585207,0.2387459807073955,0.23030546623794212,0.15072347266881028
0.380377965420185,0.2388419782870929,0.23039806996381182,0.15038198632891034
0.37806347930895945,0.23824829248694254,0.23182000803535557,0.15186822016874246
0.3766077170418006,0.23914790996784566,0.23030546623794212,0.15393890675241156
0.3785628261742272,0.23885989562424728,0.22962665596146126,0.15295062224006423
0.3824476650563607,0.23953301127214172,0.22745571658615138,0.15056360708534622
0.38408999598232224,0.23865006026516675,0.2282040980313379,0.14905584572117317
0.3831926015279453,0.2380377965420185,0.22878970647366303,0.14997989545637314
0.3812199036918138,0.23876404494382023,0.22873194221508827,0.1512841091492777
0.38062700964630225,0.2387459807073955,0.2295016077170418,0.15112540192926044
0.3802647412755716,0.2366626554352186,0.2322503008423586,0.1508223024468512
0.3795180722891566,0.23815261044176708,0.23373493975903614,0.14859437751004015
0.3751507840772014,0.2372336147969441,0.23642943305186973,0.15118616807398472
0.376357056694813,0.2380377965420185,0.23482106956172094,0.15078407720144751
0.375,0.23713826366559485,0.23754019292604503,0.15032154340836013
0.37570394207562346,0.23773129525341916,0.23652453740949317,0.1500402252614642
0.3778580024067389,0.23626153229041316,0.2350581628559968,0.1508223024468512
0.37279293739967895,0.23515248796147672,0.2375601926163724,0.1544943820224719
0.36871733011660635,0.2372336147969441,0.2380377965420185,0.15601125854443104
0.36937299035369775,0.2367363344051447,0.23713826366559485,0.1567524115755627
0.3688656476267096,0.23652453740949317,0.23813354786806115,0.15647626709573612
0.3668805132317562,0.23977546110665598,0.23857257417802727,0.15477145148356056
0.3660498793242156,0.23974255832662913,0.23773129525341916,0.15647626709573612
0.36524537409493163,0.23732904263877716,0.24014481094127113,0.1572807723250201
0.3639661426844015,0.23901652559451833,0.24022571543732366,0.15679161628375654
0.3667471819645733,0.23671497584541062,0.23993558776167473,0.1566022544283414
0.36816720257234725,0.23633440514469453,0.2395498392282958,0.15594855305466238
0.3680611423974256,0.23732904263877716,0.23813354786806115,0.15647626709573612
0.37077294685990336,0.2359098228663446,0.23711755233494364,0.15619967793880837
0.3679549114331723,0.23671497584541062,0.23671497584541062,0.15861513687600645
