C,D,Oc,Od
0.0,0.0,0.0,1.0
0.0,0.0,0.0,1.0
0.0,0.0,0.0,1.0
0.0,0.0,0.13333333333333333,0.8666666666666667
0.0,0.0,0.14285714285714285,0.8571428571428571
0.0,0.0,0.18181818181818182,0.8181818181818182
0.0,0.0,0.2,0.8
0.0,0.020833333333333332,0.17708333333333334,0.8020833333333334
0.0,0.044444444444444446,0.14814814814814814,0.8074074074074075
0.0,0.04945054945054945,0.15934065934065933,0.7912087912087912
0.0,0.06938775510204082,0.17142857142857143,0.7591836734693878
0.006578947368421052,0.08881578947368421,0.18092105263157895,0.7236842105263158
0.005277044854881266,0.10290237467018469,0.19261213720316622,0.6992084432717678
0.004166666666666667,0.10625,0.19166666666666668,0.6979166666666666
0.0035398230088495575,0.12389380530973451,0.19469026548672566,0.6778761061946903
0.0058309037900874635,0.12973760932944606,0.1793002915451895,0.685131195335277
0.009900990099009901,0.13366336633663367,0.1905940594059406,0.6658415841584159
0.010752688172043012,0.13870967741935483,0.1870967741935484,0.6634408602150538
0.016553067185978577,0.14410905550146055,0.18792599805258034,0.6514118792599806
0.01710863986313088,0.14884516680923868,0.18562874251497005,0.6484174508126604
0.02040816326530612,0.14364207221350078,0.19309262166405022,0.6428571428571429
0.023289665211062592,0.15065502183406113,0.18995633187772926,0.636098981077147
0.028629856850715747,0.15132924335378323,0.19495569188820722,0.6250852079072938
0.03614457831325301,0.15726062143310082,0.19847812301838935,0.6081166772352569
0.04035087719298246,0.1654970760233918,0.204093567251462,0.5900584795321637
0.04591265397536394,0.1623740201567749,0.20772676371780516,0.583986562150056
0.05694518360830229,0.16711016498137307,0.20596061734965407,0.5699840340606706
0.06403688524590163,0.1711065573770492,0.1992827868852459,0.5655737704918032
0.07132316773241515,0.16969995081160846,0.19921298573536644,0.5597638957206099
0.07236842105263158,0.17434210526315788,0.20441729323308272,0.5488721804511278
0.0805277525022748,0.16878980891719744,0.20564149226569609,0.5450409463148317
0.0809090909090909,0.17272727272727273,0.205,0.5413636363636364
0.08969804618117229,0.17317939609236235,0.21047957371225579,0.5266429840142096
0.08949243098842387,0.1714158504007124,0.21415850400712377,0.52493321460374
0.09006622516556291,0.17130242825607064,0.2088300220750552,0.5298013245033113
0.09223300970873786,0.17299205648720212,0.20388349514563106,0.5308914386584289
0.09308510638297872,0.16666666666666666,0.20390070921985815,0.5363475177304965
0.09090909090909091,0.17268377555458894,0.20139190952588082,0.5350152240104393
0.09461235216819974,0.1721419185282523,0.20061322820849758,0.5326325010950503
0.09532215357458076,0.17387466902030008,0.19726390114739628,0.5335392762577229
0.09654561558901682,0.1687333923826395,0.20637732506643047,0.5283436669619131
0.10039805395842548,0.17072091994692615,0.205218929677134,0.5236620964175144
0.09986801583809943,0.17157941047074352,0.20941487021557414,0.519137703475583
0.09912280701754386,0.17456140350877192,0.20482456140350877,0.5214912280701754
0.10013351134846461,0.17400979083222073,0.207832665776591,0.5180240320427236
0.10106382978723404,0.17198581560283688,0.21187943262411346,0.5150709219858156
0.10221238938053097,0.1752212389380531,0.21858407079646017,0.5039823008849558
0.10426748790145182,0.172459304883414,0.21953365596128466,0.5037395512538495
0.10519366197183098,0.17121478873239437,0.21522887323943662,0.508362676056338
0.10856134157105031,0.176522506619594,0.2113857016769638,0.5035304501323918
0.10533274570295284,0.17628911414720141,0.20713970912296165,0.511238431026884
0.1055187637969095,0.17350993377483442,0.2163355408388521,0.5046357615894039
0.1029347349978099,0.17433201927288655,0.21944809461235218,0.5032851511169514
0.10570544007076514,0.17912428129146396,0.21981424148606812,0.4953560371517028
0.1073943661971831,0.17693661971830985,0.21742957746478872,0.4982394366197183
0.10666086199390509,0.17718763604701784,0.21636917718763604,0.499782324771441
0.10979358805445762,0.17962231005709267,0.21212121212121213,0.49846288976723757
0.11199294532627865,0.1746031746031746,0.21516754850088182,0.4982363315696649
0.11464690496948561,0.17959895379250218,0.20967741935483872,0.4960767218831735
0.11635081533715293,0.18334067871308946,0.20713970912296165,0.49316879682679593
0.12049252418645559,0.1789797713280563,0.21416007036059806,0.48636763412489004
0.12165129556433904,0.17786561264822134,0.21124286341677645,0.48924022837066317
0.12081128747795414,0.17328042328042328,0.2191358024691358,0.48677248677248675
0.12195121951219512,0.1759581881533101,0.2186411149825784,0.4834494773519164
0.11907923860115095,0.17175741478530324,0.22576361221779548,0.48339973439575035
0.12075804319083297,0.17188188629352139,0.22961657117672984,0.4777434993389158
0.12239467849223946,0.16541019955654102,0.23237250554323724,0.47982261640798224
0.12358078602620087,0.16550218340611353,0.2336244541484716,0.47729257641921397
0.12138728323699421,0.1694086260560249,0.2334370831480658,0.4757670075589151
0.11968434896975011,0.1709776413853573,0.2341078474353354,0.4752301622095572
0.1224400871459695,0.17080610021786494,0.23398692810457516,0.47276688453159044
0.1254416961130742,0.1691696113074205,0.23586572438162545,0.46952296819787986
0.12154453707766565,0.1654234313295305,0.24001755155770074,0.4730144800351031
0.12527569475077194,0.1662990736656374,0.2399647110719012,0.46846052051168946
0.12598081952920662,0.16826503923278116,0.24542284219703575,0.46033129904097647
0.12604671661524902,0.16923754958131335,0.24283825473776993,0.4618774790656677
0.12593242650285214,0.16279069767441862,0.23913997367266346,0.4721369021500658
0.12538631346578366,0.16070640176600443,0.24415011037527592,0.46975717439293596
0.1262178919397697,0.1612046058458813,0.2519929140832595,0.46058458813108943
0.12982456140350876,0.16096491228070176,0.24956140350877193,0.45964912280701753
0.1346578366445916,0.15938189845474612,0.2467991169977925,0.45916114790286977
0.13258928571428572,0.16071428571428573,0.24553571428571427,0.4611607142857143
0.13650374284456188,0.16072214883311317,0.23734037868780272,0.46543372963452223
0.1356828193832599,0.15726872246696036,0.2365638766519824,0.47048458149779737
0.1426056338028169,0.15580985915492956,0.2323943661971831,0.46919014084507044
0.1500658183413778,0.15445370776656428,0.22992540587977184,0.4655550680122861
0.15109170305676856,0.15633187772925763,0.2314410480349345,0.4611353711790393
0.15445719329214475,0.15445719329214475,0.22815533980582525,0.46293027360988526
0.1575043630017452,0.15663176265270506,0.23472949389179756,0.4511343804537522
0.15235579040070454,0.16116248348745046,0.22985468956406868,0.4566270365477763
0.15634743875278395,0.15723830734966593,0.22316258351893095,0.46325167037861914
0.15603146853146854,0.15952797202797203,0.2229020979020979,0.46153846153846156
0.15598762704374725,0.1590808661069377,0.2138753866548829,0.47105612019443216
0.15828596414516835,0.1595977262789681,0.21818976825535635,0.4639265413205072
0.16058718861209964,0.15658362989323843,0.21708185053380782,0.4657473309608541
0.1555944055944056,0.16171328671328672,0.21241258741258742,0.47027972027972026
0.15698447893569845,0.1574279379157428,0.21596452328159646,0.4696230598669623
0.15415194346289754,0.1612190812720848,0.21598939929328623,0.46863957597173145
0.15552643075578856,0.1559633027522936,0.21799912625600698,0.4705111402359109
0.1519434628975265,0.15415194346289754,0.21775618374558303,0.47614840989399293
0.15524104378593542,0.16187527642636002,0.20610349402919062,0.47678018575851394
0.15577007459412023,0.16586222027204914,0.20315928038613426,0.47520842474769637
0.15996503496503497,0.16695804195804195,0.19755244755244755,0.4755244755244755
0.15652557319223986,0.16887125220458554,0.20149911816578484,0.4731040564373898
0.15561450044208666,0.16401414677276746,0.20380194518125552,0.4765694076038904
0.15583845478489902,0.1646180860403863,0.20500438981562774,0.4745390693590869
0.1521835024261138,0.16541685046316718,0.20379355977062197,0.478606087340097
0.1601750547045952,0.16105032822757112,0.19912472647702406,0.47964989059080965
0.15963060686015831,0.16314863676341249,0.19920844327176782,0.4780123131046614
0.15849889624724062,0.16335540838852097,0.19293598233995585,0.48520971302428256
0.1584028082492321,0.16410706450197454,0.1943835015357613,0.48310662571303203
0.16075339465615418,0.16075339465615418,0.19491896627244854,0.4835742444152431
0.15961199294532627,0.16049382716049382,0.1988536155202822,0.4810405643738977
0.16198419666374012,0.16593503072870938,0.19798068481123793,0.4741000877963126
0.1619217081850534,0.16459074733096085,0.20195729537366547,0.47153024911032027
0.16534391534391535,0.1626984126984127,0.2006172839506173,0.4713403880070547
0.16103554190434402,0.1619131197893813,0.20447564721369021,0.47257569109258446
0.15699208443271767,0.16402814423922604,0.202726473175022,0.4762532981530343
0.16106194690265488,0.16415929203539822,0.1995575221238938,0.47522123893805307
0.16065140845070422,0.16593309859154928,0.19850352112676056,0.47491197183098594
0.1646180860403863,0.16417910447761194,0.19666374012291485,0.4745390693590869
0.16056462284958095,0.16365240405822673,0.19585355094838994,0.4799294221438024
0.1650485436893204,0.1641659311562224,0.1968225948808473,0.47396293027360986
0.15868794326241134,0.16622340425531915,0.19946808510638298,0.47562056737588654
0.16158940397350993,0.15849889624724062,0.2022075055187638,0.47770419426048566
0.16490765171503957,0.1627088830255057,0.2009674582233949,0.4714160070360598
0.16652059596844873,0.16213847502191062,0.19938650306748465,0.47195442594215603
0.1633187772925764,0.16681222707423582,0.20305676855895197,0.4668122270742358
0.167985927880387,0.16886543535620052,0.19744942832014073,0.4656992084432718
0.17137809187279152,0.1704946996466431,0.20097173144876326,0.4571554770318021
0.17863475177304963,0.16445035460992907,0.20168439716312056,0.45523049645390073
0.18153710247349825,0.16386925795053003,0.2040636042402827,0.450530035335689
0.18250110472823686,0.16791869200176757,0.20061864781263808,0.4489615554573575
0.18469656992084432,0.1644678979771328,0.20536499560246263,0.44547053649956025
0.1829105473965287,0.16199376947040497,0.20204717400979083,0.4530485091232755
0.17978021978021977,0.16043956043956045,0.20087912087912088,0.4589010989010989
0.17980513728963685,0.16209034543844109,0.20017714791851196,0.4579273693534101
0.18161829375549693,0.1613896218117854,0.19920844327176782,0.4577836411609499
0.18226164079822615,0.1605321507760532,0.2008869179600887,0.4563192904656319
0.18233743409490333,0.16124780316344464,0.19507908611599298,0.46133567662565905
0.18820960698689956,0.1646288209606987,0.1960698689956332,0.45109170305676854
0.1879135421261579,0.16100573445081606,0.1985002205558006,0.4525805028672254
0.1900610287707062,0.16129032258064516,0.1987794245858762,0.44986922406277247
0.18976169461606354,0.1526919682259488,0.20697263901147397,0.45057369814651366
0.1884564932225623,0.15872321818976826,0.2055094009619589,0.44731088762571053
0.18760984182776802,0.1625659050966608,0.2060632688927944,0.4437609841827768
0.1865605658709107,0.16357206012378425,0.20778072502210435,0.4420866489832007
0.1924262439453985,0.16248348745046234,0.2043152796125055,0.44077498899163364
0.1932809773123909,0.16361256544502617,0.19895287958115182,0.44415357766143104
0.19482835488185465,0.16228265715559517,0.19884083816317433,0.44404814979937585
0.19549867608120036,0.16195939982347748,0.19902912621359223,0.4435127978817299
0.19298245614035087,0.16228070175438597,0.20043859649122808,0.4442982456140351
0.19278169014084506,0.1624119718309859,0.20026408450704225,0.44454225352112675
0.1894175188972877,0.15873721654068476,0.19697643397065362,0.45486883059137395
0.19087688219663418,0.16031886625332153,0.19441984056687334,0.45438441098317095
0.19329214474845544,0.15489849955869373,0.18711385701676964,0.4646954986760812
0.1879964695498676,0.15842894969108562,0.18755516328331862,0.46601941747572817
0.18932038834951456,0.15931156222418358,0.18976169461606354,0.4616063548102383
0.187638950644731,0.16051578479324144,0.1840818141396176,0.46776345042240997
0.18997361477572558,0.15699208443271767,0.18161829375549693,0.4714160070360598
0.1931064958020327,0.16217410517012815,0.18426866990720284,0.46045072912063634
0.1955849889624724,0.1598233995584989,0.18498896247240618,0.4596026490066225
0.19508987286277948,0.16133274879438841,0.17843051293292417,0.46514686540990796
0.1929203539823009,0.16238938053097346,0.17831858407079645,0.4663716814159292
0.1936619718309859,0.1580105633802817,0.1795774647887324,0.46875
0.19734513274336282,0.15221238938053097,0.18539823008849557,0.4650442477876106
0.1970705725699068,0.1513537505548158,0.18597425654682645,0.465601420328451
0.19772029811486191,0.15387987724682156,0.1819377466023674,0.46646207803594913
0.2013215859030837,0.1515418502202643,0.18722466960352424,0.45991189427312773
0.19710906701708278,0.15199299167761718,0.19229084537888744,0.45860709592641263
0.20026235242675994,0.14954088325317008,0.19020550940096195,0.45999125491910803
0.19841619005719313,0.150461944566652,0.19049714034315882,0.46062472503299606
0.2023757149142103,0.1416630004399472,0.19841619005719313,0.45754509458864934
0.19824561403508772,0.14342105263157895,0.19736842105263158,0.46096491228070174
0.20221238938053096,0.1433628318584071,0.1902654867256637,0.46415929203539824
0.20870337477797513,0.14653641207815277,0.18605683836589698,0.4587033747779751
0.20846187747906567,0.14720141031291317,0.18466284706919348,0.4596738651388277
0.21050308914386584,0.14474845542806708,0.1849073256840247,0.45984112974404234
0.2081507449605609,0.1450482033304119,0.18755477651183172,0.45924627519719546
0.20983318700614575,0.1417910447761194,0.18964003511852504,0.45873573309920984
0.2062171628721541,0.14711033274956217,0.19395796847635727,0.45271453590192645
0.20683533067021748,0.14513981358189082,0.19307589880159787,0.45494895694629384
0.20881057268722467,0.1444933920704846,0.19251101321585903,0.45418502202643174
0.20599739243807041,0.14863102998696218,0.18861364624076488,0.4567579313342025
0.20994718309859156,0.14920774647887325,0.1857394366197183,0.4551056338028169
0.2102496714848883,0.14673674989049496,0.18396846254927726,0.4590451160753395
0.2169894366197183,0.1483274647887324,0.1835387323943662,0.4511443661971831
0.22207505518763798,0.14701986754966886,0.17660044150110377,0.4543046357615894
0.2229580573951435,0.15187637969094922,0.1805739514348786,0.4445916114790287
0.22591943957968477,0.14973730297723292,0.17950963222416813,0.4448336252189142
0.22202643171806166,0.14757709251101322,0.18458149779735683,0.4458149779735683
0.23107394366197184,0.15096830985915494,0.17517605633802816,0.44278169014084506
0.22800875273522975,0.15448577680525163,0.17549234135667396,0.4420131291028446
0.22528433945756782,0.157917760279965,0.17541557305336833,0.44138232720909887
0.22416812609457093,0.1606830122591944,0.17600700525394045,0.4391418563922942
0.22153300841825432,0.16216216216216217,0.1741249446167479,0.4421798848028356
0.21873638344226579,0.1625272331154684,0.17124183006535948,0.4474945533769063
0.22663755458515283,0.15851528384279476,0.1703056768558952,0.44454148471615723
0.2201993931512787,0.16124837451235371,0.17468573905504986,0.4438664932813177
0.2261904761904762,0.16181657848324515,0.17328042328042328,0.43871252204585537
0.22711267605633803,0.16285211267605634,0.17165492957746478,0.43838028169014087
0.22548161120840632,0.16199649737302976,0.1725043782837128,0.44001751313485116
0.22036139268400176,0.15910092551784927,0.1767298369325694,0.44380784486557956
0.2247340425531915,0.15868794326241134,0.17420212765957446,0.4423758865248227
0.2294143549097314,0.15808014090708938,0.17305151915455746,0.43945398502862176
0.2326297273526825,0.15963060686015831,0.17150395778364116,0.436235708003518
0.2388913330400352,0.15794104707435108,0.17333919929608446,0.42982842058952925
0.2330396475770925,0.166079295154185,0.17312775330396477,0.4277533039647577
0.22741295724988983,0.16923754958131335,0.1749669457910974,0.42838254737769943
0.23202470224966917,0.1693868548742832,0.17512130569033965,0.423467137185708
0.22872340425531915,0.1702127659574468,0.17819148936170212,0.4228723404255319
0.22847100175746923,0.17311072056239016,0.17618629173989456,0.422231985940246
0.23236331569664903,0.17328042328042328,0.17989417989417988,0.4144620811287478
0.2277533039647577,0.17973568281938326,0.17797356828193833,0.4145374449339207
0.22891036906854131,0.17750439367311072,0.17530755711775045,0.4182776801405975
0.22721268163804492,0.18405988551298988,0.1712901805372083,0.41743725231175693
0.23328964613368283,0.1782437745740498,0.17256443861948448,0.41590214067278286
0.22892092616863258,0.18304936653560508,0.17474879860200962,0.4132809086937527
0.22940655447298494,0.18290522586359612,0.17139061116031887,0.4162976085031001
0.2318141980718668,0.1796669588080631,0.16958808063102543,0.4189307624890447
0.2346442775077331,0.17852408307556342,0.17675651789659744,0.41007512152010606
0.23467600700525393,0.18388791593695272,0.17513134851138354,0.4063047285464098
0.2252212389380531,0.1827433628318584,0.17831858407079645,0.413716814159292
0.22470433639947437,0.1809023215067893,0.17608409986859397,0.4183092422251424
0.22654867256637168,0.1756637168141593,0.17123893805309734,0.4265486725663717
0.23296703296703297,0.17934065934065935,0.16967032967032966,0.41802197802197805
0.22650709219858156,0.17863475177304963,0.16932624113475178,0.425531914893617
0.23104212860310422,0.18137472283813746,0.16984478935698447,0.4177383592017738
0.22665497588776853,0.17843051293292417,0.17580008768084174,0.41911442349846556
0.23039859833552342,0.17783618046430136,0.17696014016644765,0.41480508103372754
0.23154215814766274,0.1799912625600699,0.17518567059851464,0.4132809086937527
0.22962313759859773,0.17747589833479405,0.17440841367221735,0.41849255039439087
0.2316209034543844,0.17493356953055803,0.1753764393268379,0.41806908768821965
0.23366944322665498,0.17492327926348092,0.17404647084612013,0.417360806663744
0.2349869451697128,0.17798085291557877,0.16840731070496084,0.4186248912097476
0.23374340949033393,0.17530755711775045,0.1735500878734622,0.4173989455184534
0.22731277533039648,0.18458149779735683,0.1682819383259912,0.4198237885462555
0.2266725352112676,0.1857394366197183,0.1742957746478873,0.41329225352112675
0.22032413491020586,0.18747262374069207,0.1721419185282523,0.42006132282084974
0.22104332449160036,0.1896551724137931,0.17108753315649866,0.4182139699381079
0.22515391380826738,0.19217238346525944,0.16402814423922604,0.41864555848724716
0.22603655818100757,0.1939366919304503,0.16495764600980828,0.41506910387873386
0.23056537102473498,0.19522968197879859,0.16431095406360424,0.4098939929328622
0.23467137185707984,0.19585355094838994,0.1583590648434054,0.4111160123511248
0.22659010600706714,0.19346289752650175,0.15901060070671377,0.4209363957597173
0.23006134969325154,0.19851007887817704,0.1551270815074496,0.4163014899211218
0.23240371845949534,0.19123505976095617,0.15493581230633025,0.4214254094732182
0.22849580943978826,0.1874724305249228,0.15747684164093514,0.4265549183943538
0.23201046663759267,0.1853467073702573,0.1591801133885739,0.4234627126035761
0.23015873015873015,0.18209876543209877,0.15873015873015872,0.42901234567901236
0.23275478415665332,0.1824655095683133,0.15620827770360482,0.42857142857142855
0.23165340406719717,0.1799292661361627,0.15870910698496907,0.4297082228116711
0.230566534914361,0.1831357048748353,0.15590689503732982,0.43039086517347386
0.23276240667545015,0.1800614844093105,0.15942028985507245,0.4277558190601669
0.2274923144488362,0.1800614844093105,0.155467720685112,0.4369784804567413
0.22577816747040771,0.1850065760631302,0.15738711091626478,0.4318281455501973
0.22393312802463705,0.18169819621645403,0.1535415750109987,0.44082710074791026
0.22484689413823272,0.18678915135608049,0.15310586176727908,0.4352580927384077
0.2236323851203501,0.18468271334792122,0.1575492341356674,0.43413566739606124
0.2180781044317683,0.18780166739798157,0.16410706450197454,0.4300131636682756
0.21739130434782608,0.18899733806566105,0.16370896184560782,0.42990239574090505
0.21966341895482727,0.1904340124003543,0.16430469441984058,0.42559787422497786
0.22932166301969364,0.1851203501094092,0.16105032822757112,0.424507658643326
0.23076923076923078,0.1840034965034965,0.16171328671328672,0.423513986013986
0.23011994669035984,0.18480675255442025,0.16126166148378498,0.4238116392714349
0.23110914714980116,0.17764030048608043,0.16747680070702606,0.42377375165709236
0.230566534914361,0.1769872639437857,0.16996047430830039,0.4224857268335529
0.2358117025956885,0.17509898812142544,0.17201935767707874,0.4170699516058073
0.23601937472479084,0.17040951122853368,0.17261118450022017,0.4209599295464553
0.24221149627029398,0.17156647652479157,0.17595436594997807,0.41026766125493636
0.2382404181184669,0.17726480836236932,0.17290940766550522,0.4115853658536585
0.23755458515283842,0.17903930131004367,0.17510917030567685,0.40829694323144106
0.23625164980202376,0.17685877694676638,0.17333919929608446,0.4135503739551254
0.24620060790273557,0.17108119843682154,0.16891011723838473,0.4138080764220582
0.24638949671772428,0.17024070021881837,0.16455142231947484,0.4188183807439825
0.24825174825174826,0.17089160839160839,0.166520979020979,0.4143356643356643
0.2549450549450549,0.1731868131868132,0.15912087912087913,0.41274725274725277
0.2521083000443853,0.17221482467820684,0.16378162450066577,0.4118952507767421
0.257908611599297,0.17091388400702986,0.15992970123022848,0.4112478031634446
0.2599736957474792,0.1705392371766769,0.1595791319596668,0.4099079351161771
0.2646017699115044,0.17123893805309734,0.16017699115044248,0.40398230088495574
0.264975951027547,0.1709663314385658,0.16134674245736774,0.4027109750765195
0.26535087719298245,0.17192982456140352,0.1618421052631579,0.40087719298245617
0.2657281126264848,0.1702595688517378,0.16058073031236253,0.4034315882094149
0.2716049382716049,0.164021164021164,0.1591710758377425,0.4052028218694885
0.2715669014084507,0.16329225352112675,0.1522887323943662,0.4128521126760563
0.2755905511811024,0.16491688538932633,0.15135608048993876,0.40813648293963256
0.2709251101321586,0.16299559471365638,0.1524229074889868,0.41365638766519824
0.2656794425087108,0.16550522648083624,0.1524390243902439,0.4163763066202091
0.2679738562091503,0.1681917211328976,0.15381263616557733,0.41002178649237475
0.26840017628911417,0.16791538122520935,0.1511679153812252,0.4125165271044513
0.2706866197183099,0.16681338028169015,0.1483274647887324,0.4141725352112676
0.26812227074235806,0.16986899563318777,0.15196506550218342,0.4100436681222707
0.2646797153024911,0.17170818505338079,0.15169039145907473,0.41192170818505336
0.26943462897526504,0.17181978798586572,0.15459363957597172,0.4041519434628975
0.26254997778764994,0.17725455353176367,0.1559306974677921,0.4042647712127943
0.26666666666666666,0.17262693156732892,0.15938189845474612,0.4013245033112583
0.2653061224489796,0.17346938775510204,0.16548358473824312,0.39574090505767523
0.2678729037952339,0.16990291262135923,0.16107678729037953,0.40114739629302737
0.25981473312748127,0.17247463608292898,0.16188795765328629,0.4058226731363035
0.2600087989441267,0.17289925208974924,0.1636603607567092,0.4034315882094149
0.25591586327782645,0.1761612620508326,0.15994741454864153,0.40797546012269936
0.25386313465783666,0.17792494481236204,0.15673289183222958,0.41147902869757175
0.2511032656663725,0.17299205648720212,0.16548984995586938,0.41041482789055606
0.2516703786191537,0.1732739420935412,0.1621380846325167,0.41291759465478844
0.2527376259307928,0.17564607971966711,0.16688567674113008,0.40473061760841
0.2517543859649123,0.17412280701754385,0.16535087719298244,0.4087719298245614
0.2583774250440917,0.16843033509700175,0.16490299823633156,0.40828924162257496
0.2640176600441501,0.1695364238410596,0.15938189845474612,0.40706401766004413
0.2647058823529412,0.17251975417032483,0.1527655838454785,0.4100087796312555
0.26783369803063456,0.17417943107221007,0.1487964989059081,0.40919037199124725
0.26371681415929205,0.17876106194690267,0.1517699115044248,0.40575221238938053
0.2629003558718861,0.175711743772242,0.15880782918149466,0.4025800711743772
0.2578194816800715,0.17560321715817695,0.1577301161751564,0.40884718498659517
0.25893250992501105,0.17203352448169387,0.16012351124834584,0.40891045434494927
0.25207514198339886,0.17343818261249455,0.16775884665792923,0.40672782874617736
0.2613240418118467,0.17421602787456447,0.16855400696864112,0.39590592334494773
0.25893635571054924,0.16782911944202267,0.17000871839581516,0.4032258064516129
0.2618941751889729,0.1707425522454424,0.16362827923521564,0.40373499333036905
0.25500667556742324,0.17445482866043613,0.16243880729862037,0.40809968847352024
0.2581641659311562,0.17255075022065314,0.16593115622241836,0.40335392762577227
0.25846153846153846,0.16923076923076924,0.16747252747252747,0.40483516483516485
0.25849139832377593,0.1693868548742832,0.1627701808557565,0.4093515659461844
0.26094648385670055,0.1667403803626714,0.16806722689075632,0.4042459088898717
0.256466462078036,0.16615519508987286,0.16703200350723366,0.41034633932485753
0.2515418502202643,0.17092511013215858,0.1682819383259912,0.40925110132158593
0.25625274243089075,0.16937253181219833,0.1601579640193067,0.4142167617376042
0.2606406318560772,0.16322948661693726,0.15928038613426942,0.4168494953927161
0.26246719160104987,0.1679790026246719,0.15398075240594924,0.41557305336832895
0.26403508771929823,0.16096491228070176,0.1600877192982456,0.4149122807017544
0.2631810193321617,0.1656414762741652,0.15992970123022848,0.4112478031634446
0.2641843971631206,0.1622340425531915,0.16046099290780141,0.41312056737588654
0.2671353251318102,0.1594903339191564,0.16300527240773285,0.4103690685413005
0.27276765881830295,0.15904042647712127,0.15859617947578855,0.4095957352287872
0.2732481269281622,0.1617452622300573,0.15733803437637725,0.4076685764654033
0.2706401766004415,0.16247240618101547,0.15496688741721854,0.4119205298013245
0.27184466019417475,0.1646072374227714,0.1526919682259488,0.41085613415710504
0.2766990291262136,0.16107678729037953,0.15666372462488967,0.4055604589585172
0.275032794053345,0.1644075207695671,0.15260166156536947,0.4079580236117184
0.2759538598047915,0.17125110913930788,0.1481810115350488,0.4046140195208518
0.2723684210526316,0.17543859649122806,0.14868421052631578,0.40350877192982454
0.2688077430708315,0.172459304883414,0.1535415750109987,0.40519137703475583
0.27308533916849015,0.175054704595186,0.14967177242888402,0.4021881838074398
0.2726870296591412,0.16865869853917662,0.1478530323151837,0.41080123948649844
0.2797881729920565,0.17917034421888792,0.1412180052956752,0.39982347749338043
0.27424308907415534,0.1816586222027205,0.14348398420359806,0.4006143045195261
0.2758164165931156,0.17740511915269197,0.14254192409532215,0.4042365401588703
0.28690685413005274,0.17838312829525482,0.14411247803163443,0.390597539543058
0.2857142857142857,0.1788970907511941,0.14242292661745548,0.3929656969170647
0.2877379371403276,0.17751217352810977,0.14431164231961044,0.3904382470119522
0.2906208718626156,0.1690885072655218,0.1457507705856451,0.3945398502862175
0.2956677087985708,0.1737382760160786,0.13890129522108083,0.39169271996426974
0.2872340425531915,0.17198581560283688,0.14406028368794327,0.3967198581560284
0.2949512843224092,0.1753764393268379,0.13994685562444642,0.38972542072630645
0.29157476841640934,0.17512130569033965,0.1407146007940009,0.3925893250992501
0.2865961199294533,0.1746031746031746,0.1402116402116402,0.3985890652557319
0.28244610646722396,0.17201935767707874,0.13814342278926528,0.40739111306643205
0.28450578806767585,0.1642920747996438,0.13891362422083706,0.41228851291184326
0.28077091546211125,0.16338151554971528,0.14235654840122647,0.413491020586947
0.2865934065934066,0.16043956043956045,0.1402197802197802,0.41274725274725277
0.28352322524101664,0.15950920245398773,0.14285714285714285,0.41411042944785276
0.2857773851590106,0.15768551236749118,0.14620141342756185,0.41033568904593637
0.27991169977924946,0.16026490066225166,0.1545253863134658,0.4052980132450331
0.28294402820625825,0.1626267078007933,0.15381225209343324,0.4006170118995152
0.2820284697508897,0.1619217081850534,0.14768683274021352,0.4083629893238434
0.28799291094373064,0.1599468320779796,0.14443952148870182,0.40762073548958794
0.2852112676056338,0.15933098591549297,0.1430457746478873,0.41241197183098594
0.2871024734982332,0.16166077738515902,0.14266784452296818,0.4085689045936396
0.2896703296703297,0.16395604395604396,0.13846153846153847,0.40791208791208794
0.2805628847845207,0.1627088830255057,0.1376429199648197,0.41908531222515394
0.28354881854658937,0.16317432010699956,0.13731609451627286,0.4159607668301382
0.2865961199294533,0.1662257495590829,0.1353615520282187,0.41181657848324515
0.2864651773981603,0.16031537450722733,0.13359614542268944,0.4196233026719229
0.2854001759014952,0.1613896218117854,0.13544415127528583,0.4177660510114336
0.29096545615589015,0.16031886625332153,0.12887511071744906,0.41984056687333926
0.29210526315789476,0.16228070175438597,0.12938596491228072,0.4162280701754386
0.29365079365079366,0.16225749559082892,0.12654320987654322,0.4175485008818342
0.293909973521624,0.16284201235657547,0.12180052956751986,0.42144748455428066
0.2918681318681319,0.1635164835164835,0.12615384615384614,0.41846153846153844
0.29357798165137616,0.1581476627348187,0.1288772389689821,0.41939711664482304
0.292693661971831,0.1602112676056338,0.12808098591549297,0.41901408450704225
0.2889083735203858,0.15914072775098642,0.12845243314335816,0.4234984655852696
0.2909330985915493,0.15580985915492956,0.125,0.4282570422535211
0.28602811950790863,0.15729349736379614,0.1265377855887522,0.43014059753954303
0.2927574171029668,0.14834205933682373,0.12827225130890052,0.4306282722513089
0.2993799822852081,0.1470327723649247,0.12887511071744906,0.4247121346324181
0.3004405286343612,0.1458149779735683,0.1237885462555066,0.4299559471365639
0.3027360988526037,0.14607237422771405,0.12003530450132392,0.4311562224183583
0.2995535714285714,0.15,0.11875,0.4316964285714286
0.29747675962815406,0.14873837981407703,0.11996458610004426,0.43382027445772464
0.2968476357267951,0.14842381786339756,0.11952714535901926,0.4352014010507881
0.2952930728241563,0.14742451154529307,0.1238898756660746,0.433392539964476
0.2988556338028169,0.14788732394366197,0.12544014084507044,0.4278169014084507
0.2994275649493615,0.14619110523998238,0.12549537648612946,0.4288859533245266
0.2952720785013381,0.14986619090098127,0.12979482604817127,0.42506690454950935
0.2903930131004367,0.14890829694323143,0.13187772925764193,0.42882096069868997
0.2973568281938326,0.15418502202643172,0.1303964757709251,0.41806167400881056
0.29871851524524967,0.14759169244365886,0.12726469288555015,0.4264250994255413
0.2994350282485876,0.14863102998696218,0.12646675358539766,0.4254671881790526
0.29677134011499334,0.14949137549756744,0.12958867757629366,0.4241486068111455
0.2992091388400703,0.14586994727592267,0.12873462214411246,0.42618629173989453
0.2979194333776007,0.15272244355909695,0.1301460823373174,0.41921204072598495
0.2981993851559069,0.1541501976284585,0.12472551602986386,0.42292490118577075
0.30334075723830733,0.15322939866369711,0.1242761692650334,0.4191536748329621
0.30442477876106194,0.15442477876106195,0.1256637168141593,0.4154867256637168
0.3014121800529568,0.15666372462488967,0.12224183583406885,0.41968225948808474
0.30444444444444446,0.15866666666666668,0.12133333333333333,0.41555555555555557
0.3133216476774759,0.15381244522348816,0.12050832602979843,0.41235758106923753
0.3139586085424923,0.15940114487010126,0.11756935270805813,0.4090708938793483
0.3126934984520124,0.16187527642636002,0.11853162317558602,0.4068996019460416
0.31427304964539005,0.1595744680851064,0.12056737588652482,0.40558510638297873
0.30806954971020956,0.1591618368256799,0.1181453410610789,0.41462327240303165
0.3130779392338177,0.1563188022897402,0.1210920299427565,0.4095112285336856
0.31277533039647576,0.15550660792951543,0.12070484581497798,0.41101321585903083
0.30498016747465845,0.15337152930806522,0.12296165711767298,0.4186866460996034
0.3104359313077939,0.1567591369440775,0.1206516952884192,0.41215323645970936
0.30924222514235655,0.15243101182654403,0.11957950065703023,0.41874726237406923
0.3153232949512843,0.14968999114260406,0.11780336581045173,0.4171833480956599
0.3184014053579271,0.14492753623188406,0.12121212121212122,0.41545893719806765
0.3199476211261458,0.14884329986905281,0.11959842863378438,0.411610650371017
0.31407146007940007,0.14733127481252756,0.11910013233348037,0.419497132774592
0.3147497805092186,0.14618086040386305,0.11808604038630377,0.42098331870061456
0.3120879120879121,0.14813186813186813,0.11868131868131868,0.4210989010989011
0.3080298376480913,0.15489249670908292,0.11759543659499781,0.419482229047828
0.3051747014595312,0.15789473684210525,0.11808934099955772,0.41884122069880586
0.3120317320405465,0.15557514323490523,0.11106214191273689,0.42133098281181136
0.3029764549089294,0.15904042647712127,0.11283873833851621,0.42514438027543316
0.30170529077393965,0.16265850459116746,0.11281154350677744,0.42282466112811545
0.30907496711968435,0.16177115300306882,0.11442349846558526,0.4147303814116616
0.3073234524847428,0.16129032258064516,0.11115954664341761,0.4202266782911944
0.31097560975609756,0.156794425087108,0.11149825783972125,0.42073170731707316
0.3151648351648352,0.1564835164835165,0.11032967032967032,0.41802197802197805
0.30664916885389326,0.15923009623797024,0.11023622047244094,0.4238845144356955
0.3110820244328098,0.15663176265270506,0.10907504363001745,0.4232111692844677
0.30887521968365556,0.15729349736379614,0.10808435852372583,0.4257469244288225
0.3105400696864111,0.15940766550522648,0.10409407665505227,0.4259581881533101
0.3046563192904656,0.1556541019955654,0.10864745011086474,0.4310421286031042
0.3044240035041612,0.16469557599649584,0.1073149364870784,0.42356548401226457
0.305678793256433,0.16326530612244897,0.1095829636202307,0.42147293700088734
0.3117283950617284,0.15608465608465608,0.10626102292768959,0.42592592592592593
0.30979699911738745,0.15798764342453664,0.10458958517210945,0.4276257722859665
0.30572687224669604,0.15770925110132158,0.11145374449339207,0.4251101321585903
0.30779334500875655,0.15893169877408056,0.1063922942206655,0.4268826619964974
0.30670217487794055,0.16289391921881935,0.10963160230803373,0.4207723035952064
0.3058252427184466,0.16372462488967343,0.10767872903795234,0.4227714033539276
0.3031774051191527,0.16284201235657547,0.10414827890556046,0.4298323036187114
0.3095552619991193,0.16116248348745046,0.10479964773227653,0.4244826067811537
0.29775033083370095,0.1689457432730481,0.10322011468901632,0.43008381120423467
0.3021710234824989,0.1692512184315463,0.10013291980505096,0.42844483828090385
0.30569033965593295,0.16718129686810762,0.10189677988531098,0.42523158359064844
0.30440528634361236,0.16387665198237886,0.10572687224669604,0.4259911894273128
0.30398230088495576,0.16283185840707964,0.10398230088495575,0.42920353982300885
0.3090430201931519,0.15452151009657594,0.10623353819139596,0.4302019315188762
0.3163941670349094,0.1520106053910738,0.10517012814847547,0.4264250994255413
0.32105263157894737,0.15175438596491228,0.1074561403508772,0.41973684210526313
0.3217429577464789,0.15316901408450703,0.10959507042253522,0.4154929577464789
0.32628797886393657,0.15235579040070454,0.11008366358432409,0.4112725671510348
0.31774475524475526,0.14947552447552448,0.1097027972027972,0.4230769230769231
0.31828242585214694,0.14873837981407703,0.11199645861000443,0.4209827357237716
0.3220858895705521,0.14943032427695005,0.10955302366345311,0.4189307624890447
0.31824175824175827,0.1454945054945055,0.11164835164835164,0.4246153846153846
0.3130779392338177,0.15015411712901805,0.10568031704095113,0.43108762659621314
0.31678383128295257,0.14850615114235502,0.1063268892794376,0.4283831282952548
0.325,0.14605263157894738,0.10175438596491228,0.42719298245614035
0.31765749778172137,0.14063886424134872,0.10559006211180125,0.43611357586512867
0.3199651264167393,0.14734088927637315,0.1054925893635571,0.4272013949433304
0.31741821396993813,0.14854111405835543,0.10344827586206896,0.4305923961096375
0.32484635645302895,0.1453028972783143,0.10140474100087796,0.42844600526777876
0.32396839332748023,0.14574187884108866,0.1057945566286216,0.4244951712028095
0.3246924428822496,0.14982425307557118,0.10500878734622145,0.4204745166959578
0.32580364900086883,0.15117289313640314,0.10773240660295395,0.4152910512597741
0.32744924977934686,0.15092674315975288,0.10812003530450133,0.4135039717563989
0.33274802458296754,0.1488147497805092,0.11018437225636524,0.40825285338015804
0.328207381370826,0.15641476274165203,0.11203866432337434,0.4033391915641476
0.32847682119205296,0.16158940397350993,0.1130242825607064,0.3969094922737307
0.32463511720477667,0.16452896948252985,0.11057054400707651,0.40026536930561696
0.3308533916849015,0.16717724288840263,0.10984682713347921,0.39212253829321664
0.3275862068965517,0.16755083996463307,0.11317418213969938,0.3916887709991158
0.3345008756567426,0.16330998248686515,0.11252189141856392,0.38966725043782835
0.32412280701754387,0.16578947368421051,0.11710526315789474,0.3929824561403509
0.32109685979655017,0.16364440513047324,0.11455108359133127,0.4007076514816453
0.3169877408056042,0.1690017513134851,0.1190893169877408,0.3949211908931699
0.31998219848687137,0.16199376947040497,0.12461059190031153,0.3934134401424121
0.31399468556244464,0.16474756421612047,0.12267493356953056,0.3985828166519043
0.3094405594405594,0.16215034965034966,0.12456293706293706,0.40384615384615385
0.3150984682713348,0.15842450765864333,0.12341356673960613,0.40306345733041576
0.3130242825607064,0.16600441501103752,0.12141280353200883,0.3995584988962472
0.3148148148148148,0.16137566137566137,0.12566137566137567,0.39814814814814814
0.3144239226033421,0.16578715919085313,0.12884784520668427,0.3909410729991205
0.31297369594293356,0.16584930896121267,0.12483281319661169,0.3963441818992421
0.3146760687527545,0.16086381665932128,0.12825033054208904,0.3962097840458352
0.3107569721115538,0.16511730854360337,0.12306330234617087,0.40106241699867196
0.31200701139351444,0.16520595968448729,0.12226117440841368,0.4005258545135846
0.31057268722466963,0.1656387665198238,0.1237885462555066,0.4
0.3201948627103631,0.1682905225863596,0.12400354295837024,0.387511071744907
0.3130738959335374,0.1644075207695671,0.12811543506777437,0.3944031482291211
0.3175376439326838,0.162533215234721,0.1275465013286094,0.39238263950398583
0.31057268722466963,0.1656387665198238,0.1299559471365639,0.39383259911894275
0.3156498673740053,0.16534040671971706,0.1290893015030946,0.38992042440318303
0.31170539237176675,0.1705392371766769,0.13327487943884261,0.3844804910127137
0.30622222222222223,0.1671111111111111,0.13111111111111112,0.39555555555555555
0.3088495575221239,0.16592920353982302,0.1314159292035398,0.3938053097345133
0.3030035335689046,0.1696113074204947,0.13427561837455831,0.3931095406360424
0.3024989039894783,0.16659359929855327,0.131521262604121,0.39938623410784746
0.302491103202847,0.16370106761565836,0.12677935943060498,0.4070284697508897
0.30890741553312856,0.16322948661693726,0.12856516015796401,0.39929793769197014
0.2996040475142983,0.16102067751869775,0.12978442586889574,0.4095908490981082
0.2944542253521127,0.167693661971831,0.1307218309859155,0.40713028169014087
0.2964779313419527,0.16495764600980828,0.12884529647793133,0.40971912617030765
0.29845474613686535,0.17262693156732892,0.12450331125827814,0.4044150110375276
0.30486202365308807,0.1738939991239597,0.12308366184844503,0.39816031537450725
0.30265486725663715,0.17079646017699116,0.1252212389380531,0.4013274336283186
0.3008849557522124,0.1738938053097345,0.13008849557522123,0.3951327433628319
0.3004818221638195,0.16995181778361804,0.1314060446780552,0.39816031537450725
0.29737991266375546,0.1685589519650655,0.1296943231441048,0.4043668122270742
0.3028571428571429,0.17054945054945056,0.12395604395604395,0.40263736263736266
