C,D,Oc,Od
0.0,1.0,0.0,0.0
0.6666666666666666,0.3333333333333333,0.0,0.0
0.3333333333333333,0.3333333333333333,0.3333333333333333,0.0
0.2,0.4,0.2,0.2
0.0,0.3333333333333333,0.3333333333333333,0.3333333333333333
0.0,0.5454545454545454,0.18181818181818182,0.2727272727272727
0.15384615384615385,0.38461538461538464,0.15384615384615385,0.3076923076923077
0.23529411764705882,0.47058823529411764,0.11764705882352941,0.17647058823529413
0.3157894736842105,0.3684210526315789,0.10526315789473684,0.21052631578947367
0.4444444444444444,0.25925925925925924,0.07407407407407407,0.2222222222222222
0.47058823529411764,0.17647058823529413,0.058823529411764705,0.29411764705882354
0.5111111111111111,0.13333333333333333,0.044444444444444446,0.3111111111111111
0.5740740740740741,0.1111111111111111,0.018518518518518517,0.2962962962962963
0.5362318840579711,0.10144927536231885,0.014492753623188406,0.34782608695652173
0.5862068965517241,0.08045977011494253,0.022988505747126436,0.3103448275862069
0.5803571428571429,0.08035714285714286,0.017857142857142856,0.32142857142857145
0.5661764705882353,0.0661764705882353,0.014705882352941176,0.35294117647058826
0.5644171779141104,0.06748466257668712,0.018404907975460124,0.3496932515337423
0.5909090909090909,0.06060606060606061,0.025252525252525252,0.32323232323232326
0.5949367088607594,0.05485232067510549,0.02109704641350211,0.3291139240506329
0.6142857142857143,0.039285714285714285,0.025,0.32142857142857145
0.625,0.040625,0.021875,0.3125
0.6203208556149733,0.040106951871657755,0.0213903743315508,0.3181818181818182
0.6244444444444445,0.04888888888888889,0.017777777777777778,0.3088888888888889
0.6196078431372549,0.047058823529411764,0.0196078431372549,0.3137254901960784
0.6387434554973822,0.04712041884816754,0.015706806282722512,0.29842931937172773
0.6288819875776398,0.043478260869565216,0.017080745341614908,0.3105590062111801
0.6127247579529738,0.042876901798063624,0.016597510373443983,0.3278008298755187
0.6259351620947631,0.03740648379052369,0.017456359102244388,0.3192019950124688
0.6089965397923875,0.0392156862745098,0.016147635524798153,0.3356401384083045
0.6261682242990654,0.03842159916926272,0.013499480789200415,0.32191069574247144
0.6403425309229306,0.038058991436726926,0.013320647002854425,0.3082778306374881
0.6341248900615655,0.03518029903254178,0.016710642040457344,0.31398416886543534
0.6312292358803987,0.0340531561461794,0.01744186046511628,0.31727574750830567
0.6296296296296297,0.031635802469135804,0.015432098765432098,0.32330246913580246
0.6301667875271936,0.03118201595358956,0.01305293691080493,0.3255982596084119
0.6322537112010796,0.03171390013495277,0.014844804318488529,0.32118758434547906
0.6272609819121447,0.0355297157622739,0.015503875968992248,0.32170542635658916
0.634176434299815,0.03269586674892042,0.016656384947563233,0.31647131400370143
0.6327716443927949,0.031958163858221963,0.017431725740848343,0.3178384660081348
0.6252119841718485,0.03165630299604296,0.01978518937252685,0.3233465234595817
0.6110509209100758,0.03358613217768147,0.020585048754062838,0.3347778981581798
0.6082852648138437,0.03618248557944415,0.023072889355007866,0.33245936025170425
0.6047349459598559,0.03962943901183737,0.023160061760164694,0.33247555326814204
0.6042296072507553,0.038267875125881166,0.024672708962739175,0.3328298086606244
0.5889872173058014,0.03736479842674533,0.028023598820058997,0.3456243854473943
0.5881216803476581,0.03766296475132786,0.028005794302269436,0.3462095605987446
0.5850404954740352,0.03954263935207242,0.028585040495474036,0.3468318246784183
0.5908447380840018,0.037753657385559226,0.0292590844738084,0.3421425200566305
0.5955678670360111,0.03508771929824561,0.030009233610341645,0.33933518005540164
0.59206275957545,0.032302722658052604,0.032302722658052604,0.34333179510844486
0.5849403122130394,0.03489439853076217,0.032598714416896234,0.3475665748393021
0.581468218442256,0.03491495076096687,0.03178155774395703,0.35183527305282003
0.5868397493285586,0.03222918531781558,0.03267681289167413,0.34825425246195163
0.5876010781671159,0.03099730458221024,0.03369272237196765,0.3477088948787062
0.5750996898537882,0.02924235711120957,0.03633141338059371,0.3593265396544085
0.5721997300944669,0.0310391363022942,0.038686459739091315,0.35807467386414754
0.5724381625441696,0.03180212014134275,0.0353356890459364,0.36042402826855124
0.5670650730411687,0.034528552456839307,0.035856573705179286,0.36254980079681276
0.5719982277359327,0.03544528134692069,0.03544528134692069,0.35711120957022596
0.5677390122338015,0.035342093339374714,0.038513819664703214,0.3584050747621205
0.5635481023830539,0.03574580759046778,0.03927625772285966,0.3614298323036187
0.5668874172185431,0.03708609271523179,0.04150110375275938,0.3545253863134658
0.5613103142983621,0.036741921204072596,0.043824701195219126,0.35812306330234617
0.5600176522506619,0.03618711385701677,0.04501323918799647,0.3587819947043248
0.5615350683722982,0.03749448610498456,0.044111160123511246,0.35685928539920597
0.5612560813799203,0.03759398496240601,0.04290137107474569,0.3582485625829279
0.5656430796617713,0.03871829105473965,0.04361370716510903,0.35202492211838005
0.5648479427549195,0.03711985688729875,0.0389087656529517,0.35912343470483005
0.5645232815964524,0.03813747228381375,0.03725055432372506,0.3600886917960089
0.5721830985915493,0.03961267605633803,0.035651408450704226,0.35255281690140844
0.5686274509803921,0.040106951871657755,0.03832442067736185,0.35294117647058826
0.5705440070765149,0.03759398496240601,0.03803626713843432,0.35382574082264484
0.5625,0.03660714285714286,0.03794642857142857,0.36294642857142856
0.5656068069861173,0.03537841468875952,0.0380653828929691,0.36094939543215404
0.5643786451323464,0.03633916554508748,0.03992821893225662,0.35935397039030953
0.555307760927743,0.039250669045495096,0.039250669045495096,0.3661909009812667
0.5602836879432624,0.03679078014184397,0.040780141843971635,0.362145390070922
0.554625550660793,0.03656387665198238,0.04361233480176212,0.3651982378854626
0.5518008003557137,0.03823921742996887,0.044464206313917294,0.36549577590040017
0.5426425099425541,0.0410958904109589,0.04286345558992488,0.3733981440565621
0.5484444444444444,0.03866666666666667,0.043111111111111114,0.36977777777777776
0.5577264653641207,0.03952042628774423,0.03996447602131439,0.3627886323268206
0.5542806707855251,0.040158870255957636,0.03971756398940865,0.36584289496910855
0.5551093261936635,0.036590807675145026,0.040160642570281124,0.36813922356091033
0.552364118426867,0.037560760053026956,0.040653999116217414,0.36942112240388864
0.5515577007459412,0.03992979376919702,0.0443176831943835,0.3641948222904783
0.5417943107221006,0.04070021881838074,0.0437636761487965,0.3737417943107221
0.5405405405405406,0.04031900753212229,0.044306601683650866,0.3748338502436863
0.5364001786511836,0.037516748548459135,0.04644930772666369,0.3796337650736936
0.5399732023224654,0.037516748548459135,0.045556051808843236,0.37695399732023227
0.5386666666666666,0.03911111111111111,0.044444444444444446,0.37777777777777777
0.5397321428571429,0.03660714285714286,0.039285714285714285,0.384375
0.5387718511878081,0.038995965934558494,0.04078888390856118,0.38144329896907214
0.5351303579319487,0.037560760053026956,0.038886433937251434,0.3884224480777729
0.5430346051464063,0.03593611357586513,0.03637976929902396,0.3846495119787045
0.5408664582402859,0.03528360875390799,0.03662349263063868,0.38722644037516746
0.5375388716126166,0.03598400710795202,0.04042647712127943,0.38605064415815193
0.5363153232949512,0.03587245349867139,0.03897254207263064,0.3888396811337467
0.5396825396825397,0.034832451499118164,0.03791887125220458,0.38756613756613756
0.5449712007089056,0.03633141338059371,0.03721754541426672,0.38147984049623396
0.5411293908403735,0.03646064917741218,0.03823921742996887,0.3841707425522454
0.5419982316534041,0.03536693191865606,0.03801945181255526,0.38461538461538464
0.5382235969951392,0.03932832523199293,0.03623508616880247,0.3862129916040654
0.5362578334825425,0.04118173679498657,0.03625783348254252,0.38630259623992835
0.5361419068736142,0.03902439024390244,0.03902439024390244,0.3858093126385809
0.5354609929078015,0.03945035460992908,0.03856382978723404,0.38652482269503546
0.5395907473309609,0.04092526690391459,0.0400355871886121,0.37944839857651247
0.5354924578527063,0.04259094942324756,0.03948535936113576,0.3824312333629104
0.5407440212577502,0.042515500442869794,0.038529672276350756,0.37821080602302926
0.5359361135758651,0.043478260869565216,0.040372670807453416,0.38021295474711625
0.533303730017762,0.04662522202486678,0.03952042628774423,0.380550621669627
0.5303500221533008,0.047851129818342934,0.03766061143110323,0.384138236597253
0.527814279456855,0.04467805519053877,0.03723171265878231,0.3902759526938239
0.5261293179805138,0.04561558901682905,0.038529672276350756,0.38972542072630645
0.5330376940133038,0.04523281596452328,0.03680709534368071,0.38492239467849226
0.5283355644801427,0.04730031236055333,0.035252119589468986,0.3891120035698349
0.5268336314847942,0.0518783542039356,0.03488372093023256,0.38640429338103754
0.5232815964523282,0.050997782705099776,0.03592017738359202,0.38980044345898
0.5293857711003094,0.05081749889527176,0.035793194874060984,0.38400353513035795
0.5217198581560284,0.05230496453900709,0.03590425531914894,0.3900709219858156
0.5220458553791887,0.05555555555555555,0.03527336860670194,0.3871252204585538
0.5311942959001783,0.053475935828877004,0.034759358288770054,0.3805704099821747
0.5312361541869739,0.05538325210456358,0.034559149313247675,0.37882144439521487
0.531431119037004,0.0521622826571556,0.03744984395898351,0.3789567543468569
0.5321302816901409,0.05501760563380282,0.03609154929577465,0.3767605633802817
0.525965379494008,0.056369285397248114,0.040390590324012425,0.37727474478473144
0.5160284951024042,0.05699020480854853,0.04229741763134461,0.3846838824577026
0.5141093474426808,0.0582010582010582,0.0445326278659612,0.38315696649029984
0.516614975631369,0.057155516171909615,0.0460788657509969,0.38015064244572444
0.5202312138728323,0.05824811027123166,0.046242774566473986,0.375277901289462
0.5254919499105546,0.05992844364937388,0.04338103756708408,0.37119856887298747
0.5189478377173429,0.06107891217119929,0.043691484618814086,0.3762817654926438
0.5247657295850067,0.05979473449352968,0.040160642570281124,0.37527889335118253
0.5185676392572944,0.05968169761273209,0.04288240495137047,0.378868258178603
0.5148992112182296,0.06485539000876424,0.043382997370727434,0.3768624014022787
0.5173321632294866,0.060991663010092144,0.041246160596752963,0.38043001316366826
0.5123131046613896,0.059366754617414245,0.040897097625329816,0.38742304309586634
0.5096916299559472,0.05726872246696035,0.04229074889867841,0.3907488986784141
0.5159407274360126,0.05657835653345308,0.04265828468792097,0.3848226313426134
0.5108743897026188,0.05503772747447847,0.04349755881047492,0.3905903240124279
0.5173642030276047,0.05431878895814782,0.0427426536064114,0.38557435440783616
0.5186666666666667,0.05288888888888889,0.043111111111111114,0.38533333333333336
0.5214477211796247,0.05361930294906166,0.0420017873100983,0.3829311885612154
0.5200534759358288,0.05169340463458111,0.04411764705882353,0.3841354723707665
0.5209634255129348,0.05307760927743087,0.041480820695807316,0.38447814451382695
0.5192392746572313,0.055285272003538256,0.04113224237063246,0.38434321096859797
0.5163716814159292,0.05486725663716814,0.04380530973451328,0.38495575221238937
0.5190602836879432,0.05053191489361702,0.04476950354609929,0.38563829787234044
0.5106100795755968,0.04995579133510168,0.04509283819628647,0.394341290893015
0.5143614670790986,0.05037560760053027,0.043747238179407864,0.3915156871409633
0.5143234905244601,0.048920229175848394,0.045835169678272364,0.39092111062141915
0.5171645118145342,0.04814979937583593,0.04458314757021846,0.3901025412394115
0.5178094390026714,0.04942119323241318,0.04229741763134461,0.3904719501335708
0.5095090667846086,0.05174701459531181,0.0437859354268023,0.3949579831932773
0.5120535714285714,0.05178571428571429,0.04330357142857143,0.39285714285714285
0.5022461814914645,0.04986522911051213,0.04941599281221923,0.39847259658580414
0.49690265486725665,0.05176991150442478,0.05,0.4013274336283186
0.4936263736263736,0.05186813186813187,0.04967032967032967,0.40483516483516485
0.4960387323943662,0.05193661971830986,0.047975352112676055,0.4040492957746479
0.49040606871932174,0.05176260597947345,0.047746541722445336,0.4100847835787595
0.4917814304753443,0.051088405153265216,0.04797867614393603,0.40915148822745445
0.49559082892416223,0.04805996472663139,0.04585537918871252,0.4104938271604938
0.49666814749000443,0.04486894713460684,0.047090182141270545,0.41137272323411816
0.4986784140969163,0.04537444933920705,0.04449339207048458,0.41145374449339206
0.501542529748788,0.04715733803437638,0.045835169678272364,0.40546496253856323
0.49910793933987513,0.0463871543264942,0.047725245316681535,0.4067796610169492
0.49575703439035285,0.04689593568557392,0.05091558731576597,0.40643144260830727
0.5024282560706401,0.04150110375275938,0.04856512141280353,0.4075055187637969
0.4975369458128079,0.04657411553963278,0.04478280340349306,0.41110613524406625
0.4948820649755229,0.051179350244770806,0.04494882064975523,0.40898976412995103
0.48804251550044286,0.048715677590788306,0.04162976085031001,0.4216120460584588
0.4890282131661442,0.04657411553963278,0.040304523063143756,0.42409314823107924
0.48473967684021546,0.04757630161579892,0.040843806104129264,0.4268402154398564
0.480658070253446,0.04357492218763895,0.041796353935082256,0.4339706536238328
0.48005378753922007,0.04258180188256387,0.04258180188256387,0.43478260869565216
0.4790925266903915,0.04314946619217082,0.04403914590747331,0.4337188612099644
0.48308103294746213,0.04096170970614425,0.04452359750667854,0.43143365983971504
0.48374164810690423,0.039198218262806235,0.04320712694877506,0.4338530066815145
0.47401155042203463,0.04531319413593958,0.04264771212794314,0.4380275433140826
0.47434181169120926,0.043284248103525214,0.04105310129406515,0.44132083891120033
0.4703522068658047,0.04235399019170753,0.04057066428889879,0.4467231386535889
0.47303271441202477,0.04553492484526967,0.03978779840848806,0.4416445623342175
0.4759982054733064,0.04576043068640646,0.039030955585464336,0.43921040825482277
0.47562056737588654,0.043882978723404256,0.0398936170212766,0.44060283687943264
0.4786856127886323,0.044849023090586145,0.03952042628774423,0.4369449378330373
0.48126672613737737,0.043710972346119537,0.04103479036574487,0.43398751115075823
0.4759169244365886,0.04728236853733982,0.04330534688466637,0.4334953601414052
0.4803705337450375,0.04764005293339215,0.04146449051610057,0.4305249228054698
0.4728070175438597,0.04868421052631579,0.046052631578947366,0.4324561403508772
0.46988485385296724,0.0491585473870682,0.043401240035429584,0.437555358724535
0.46592920353982303,0.050442477876106194,0.04469026548672567,0.4389380530973451
0.46767050487156775,0.04650132860938884,0.046944198405668734,0.43888396811337466
0.46910856134157103,0.041924095322153576,0.05030891438658429,0.4386584289496911
0.47542448614834676,0.04155495978552279,0.05138516532618409,0.4316353887399464
0.47688243064729197,0.04227212681638045,0.05063848524878908,0.43020695728753855
0.4738938053097345,0.0415929203539823,0.05265486725663717,0.431858407079646
0.4743188923626619,0.04064314426083073,0.054041983028137563,0.43099598034836983
0.46961572832886506,0.04155495978552279,0.05317247542448615,0.435656836461126
0.4675843694493783,0.03952042628774423,0.0541740674955595,0.43872113676731794
0.473568281938326,0.039647577092511016,0.05462555066079295,0.43215859030837006
0.4744784731469152,0.03861517976031957,0.05370616955170883,0.4332001775410564
0.4706927175843694,0.037300177619893425,0.05728241563055062,0.43472468916518653
0.46905829596412557,0.03856502242152467,0.05829596412556054,0.43408071748878924
0.463632307005801,0.03971441320838911,0.05667112896028559,0.43998215082552433
0.46116289391921883,0.04172214824678207,0.05459387483355526,0.44252108300044385
0.45763459841129744,0.041924095322153576,0.05163283318623124,0.44880847308031774
0.4568121104185218,0.037399821905609976,0.052983081032947466,0.45280498664292074
0.4564537740062528,0.03439035283608754,0.051362215274676194,0.4577936578829835
0.4572819831783975,0.03187250996015936,0.05179282868525897,0.45905267817618417
0.46023235031277926,0.03306523681858802,0.04781054512957998,0.4588918677390527
0.4585172109443954,0.03398058252427184,0.04633715798764342,0.46116504854368934
0.45916114790286977,0.032229580573951436,0.04856512141280353,0.46004415011037525
0.4628975265017668,0.03356890459363958,0.04858657243816254,0.4549469964664311
0.46215494211932323,0.034728406055209264,0.04674977738201247,0.45636687444345503
0.4617764030048608,0.03314184710561202,0.04639858594785683,0.45868316394167036
0.45785270629991126,0.03771073646850044,0.046583850931677016,0.45785270629991126
0.4629878869448183,0.0354419021982952,0.0462090623598026,0.45536114849708387
0.45600714604734255,0.037516748548459135,0.045556051808843236,0.4609200535953551
0.45041868664609963,0.036579991185544294,0.04847950639048039,0.4645218157778757
0.4532438478747204,0.03713646532438479,0.05190156599552573,0.4577181208053691
0.45263628239499554,0.03708668453976765,0.05093833780160858,0.45933869526362825
0.45729778581111613,0.03840939900587438,0.05241753276095797,0.4518752824220515
0.452212389380531,0.03805309734513274,0.05,0.4597345132743363
0.45506861443116425,0.033200531208499334,0.05179282868525897,0.45993802567507747
0.4503105590062112,0.03327417923691216,0.052795031055900624,0.463620230700976
0.4497757847533632,0.03452914798206278,0.05291479820627803,0.46278026905829595
0.4538598047914818,0.034161490683229816,0.05235137533274179,0.45962732919254656
0.4541406945681211,0.036064113980409616,0.05387355298308103,0.45592163846838824
0.457536682970209,0.03646064917741218,0.050689195197865716,0.4553134726545131
0.4596631205673759,0.03590425531914894,0.050088652482269506,0.45434397163120566
0.45628902765388046,0.03568242640499554,0.04950936663693131,0.45851917930419267
0.4537405931828243,0.036741921204072596,0.04869411243913236,0.46082337317397076
0.4533450704225352,0.037852112676056336,0.04709507042253521,0.46170774647887325
0.45137046861184793,0.038461538461538464,0.048187444739168875,0.4619805481874447
0.4532215357458076,0.03751103265666372,0.045454545454545456,0.4638128861429832
0.4463729417000445,0.035603026257231864,0.04717400979083222,0.47085002225189143
0.44390026714158504,0.03561887800534283,0.04363312555654497,0.47684772929652713
0.4458149779735683,0.03480176211453744,0.04008810572687225,0.479295154185022
0.4461064672239331,0.033875934887813465,0.03915530136383634,0.4808622965244171
0.45260347129506007,0.03426791277258567,0.03871829105473965,0.4744103248776146
0.45652173913043476,0.0323868677905945,0.037267080745341616,0.4738243123336291
0.4517133956386293,0.032487761459724075,0.03649310191366266,0.47930574098798395
0.45183887915936954,0.0319614711033275,0.03633975481611208,0.4798598949211909
0.45077262693156733,0.02913907284768212,0.038852097130242826,0.48123620309050774
0.46477024070021883,0.027571115973741796,0.03588621444201313,0.47177242888402626
0.46466431095406363,0.028268551236749116,0.03401060070671378,0.4730565371024735
0.4562334217506631,0.030061892130857647,0.034924845269672856,0.47877984084880637
0.45490892936472677,0.03198578409595735,0.03998223011994669,0.4731230564193692
0.4525288376220053,0.031055900621118012,0.038154392191659274,0.4782608695652174
0.4497354497354497,0.031746031746031744,0.03880070546737213,0.47971781305114636
0.4414612676056338,0.03389084507042254,0.03917253521126761,0.48547535211267606
0.44875222816399285,0.03832442067736185,0.04188948306595366,0.4710338680926916
0.4451354953354065,0.03909373611728121,0.037316748111950244,0.47845402043536206
0.4502454261490406,0.038821954484605084,0.037037037037037035,0.4738955823293173
0.4511545293072824,0.03907637655417407,0.03774422735346359,0.47202486678507993
0.4574988874054295,0.03693813974187806,0.037383177570093455,0.468179795282599
0.45406593406593404,0.04043956043956044,0.035164835164835165,0.4703296703296703
0.4533573681838666,0.03965750337990086,0.036953582694907616,0.47003154574132494
0.4533804684047724,0.03932832523199293,0.038886433937251434,0.4684047724259832
0.45035778175313057,0.03711985688729875,0.03935599284436494,0.4731663685152057
0.44300979519145145,0.037399821905609976,0.04452359750667854,0.47506678539626
0.4429203539823009,0.03761061946902655,0.04469026548672567,0.4747787610619469
0.44696969696969696,0.03698752228163993,0.04322638146167558,0.47281639928698754
0.4443451050514081,0.035762181493071074,0.04380867232901207,0.4760840411265087
0.4433126660761736,0.03454384410983171,0.043401240035429584,0.4787422497785651
0.4385499557913351,0.03757736516357206,0.04288240495137047,0.48099027409372236
0.4357838795394154,0.03808680248007086,0.042515500442869794,0.48361381753764393
0.4346103038309115,0.04227212681638045,0.039189784236019376,0.48392778511668866
0.42831700801424755,0.04229741763134461,0.04007123775601069,0.4893143365983971
0.4347048300536673,0.04025044722719141,0.03980322003577817,0.48524150268336314
0.43282918149466193,0.03870106761565836,0.03914590747330961,0.4893238434163701
0.4323358642251005,0.04064314426083073,0.04064314426083073,0.48637784725323807
0.4277507733097658,0.038886433937251434,0.04197967300044189,0.4913831197525409
0.43348214285714287,0.03660714285714286,0.040625,0.48928571428571427
0.4343612334801762,0.03656387665198238,0.04140969162995595,0.48766519823788546
0.42995169082125606,0.037768994290733424,0.04084321475625823,0.4914361001317523
0.42016806722689076,0.03847854931446263,0.040689960194604156,0.5006634232640425
0.4213085764809903,0.03757736516357206,0.038461538461538464,0.5026525198938993
0.4328754984492689,0.038546743464776254,0.03766061143110323,0.4909171466548516
0.4384478144513827,0.0383586083853702,0.03568242640499554,0.4875111507582516
0.43258928571428573,0.03616071428571429,0.033928571428571426,0.4973214285714286
0.4381768953068592,0.03700361010830325,0.03384476534296029,0.49097472924187724
0.4284452296819788,0.03666077738515901,0.03312720848056537,0.5017667844522968
0.43243243243243246,0.03530950305143853,0.03400174367916303,0.49825632083696597
0.43485915492957744,0.03609154929577465,0.035211267605633804,0.49383802816901406
0.43147656940760387,0.03669319186560566,0.03404067197170645,0.497789566755084
0.4328489652135623,0.03786878027300748,0.030823425803610745,0.49845882870981945
0.4275043936731107,0.03646748681898067,0.032952548330404216,0.5030755711775043
0.4303460514640639,0.035048802129547474,0.0323868677905945,0.5022182786157942
0.4218680832226649,0.03629924745462594,0.03142983621071271,0.5104028331119964
0.4201867496665185,0.03646064917741218,0.03156958648288128,0.5117830146731881
0.4231974921630094,0.032243618450515,0.03403493058665472,0.5105239587998208
0.42305986696230596,0.03370288248337029,0.03458980044345898,0.5086474501108648
0.4211701652523448,0.03573023671281822,0.03394372487717731,0.5091558731576596
0.41839893852277754,0.03582485625829279,0.0367094206103494,0.5090667846085802
0.4166666666666667,0.03648648648648649,0.036036036036036036,0.5108108108108108
0.42001787310098304,0.03261840929401251,0.035299374441465595,0.5120643431635389
0.4199640287769784,0.03237410071942446,0.03327338129496403,0.5143884892086331
0.4178052005288673,0.03261348611723226,0.03525782282944028,0.5143234905244601
0.40913160250671443,0.03401969561324977,0.03446732318710832,0.5223813786929274
0.41718610863757793,0.03695458593054319,0.034728406055209264,0.5111308993766697
0.4127054642381164,0.034207019102621056,0.033762772101288314,0.5193247445579743
0.41076991544281266,0.03382287494437027,0.03337783711615487,0.5220293724966623
0.4106822262118492,0.03500897666068223,0.03231597845601436,0.5219928186714542
0.4232142857142857,0.03169642857142857,0.033928571428571426,0.5111607142857143
0.42055655296229805,0.03321364452423698,0.03500897666068223,0.5112208258527827
0.41832669322709165,0.03275785745905268,0.033200531208499334,0.5157149181053563
0.41828621908127206,0.03224381625441696,0.03489399293286219,0.5145759717314488
0.42063139172965763,0.029346376167185415,0.031124944419742107,0.5188972876834148
0.41168599464763606,0.031222123104371096,0.030776092774308653,0.5263157894736842
0.412897447380206,0.032691446484549934,0.03000447828034035,0.5244066278549037
0.41885282347710096,0.03646064917741218,0.030680302356602934,0.5140062249888839
0.41323792486583183,0.03622540250447227,0.03175313059033989,0.518783542039356
0.41439427805096113,0.03531515422440769,0.031291908806437195,0.518998658918194
0.4208649130628622,0.03343736067766384,0.03165403477485511,0.5140436914846188
0.4337940258582256,0.03388319215336603,0.03165403477485511,0.5006687472135533
0.4333183655141446,0.03412662775033678,0.03188145487202514,0.5006735518634935
0.4320664045434688,0.03407601572739188,0.03494975972040192,0.49890782000873746
0.42749445676274944,0.03414634146341464,0.03725055432372506,0.5011086474501109
0.43686309260079753,0.03544528134692069,0.03810367744793974,0.48958794860434207
0.43348214285714287,0.03125,0.03482142857142857,0.5004464285714286
0.4294642857142857,0.02857142857142857,0.03705357142857143,0.5049107142857143
0.4326494201605709,0.028545941123996433,0.03568242640499554,0.5031222123104371
0.42345132743362834,0.028761061946902654,0.034513274336283185,0.5132743362831859
0.42806551571491813,0.027003098716246128,0.03187250996015936,0.5130588756086764
0.4294532627865961,0.029982363315696647,0.030864197530864196,0.5097001763668431
0.42964269960299956,0.029554477282752536,0.032201146890163214,0.5086016762240847
0.4244288224956063,0.029437609841827767,0.03471001757469244,0.5114235500878734
0.4261715296198055,0.029177718832891247,0.034924845269672856,0.5097259062776304
0.4301123595505618,0.028764044943820226,0.03460674157303371,0.5065168539325843
0.4242152466367713,0.028699551569506727,0.033632286995515695,0.5134529147982063
0.42693156732891835,0.02781456953642384,0.03443708609271523,0.5108167770419426
0.4201605709188225,0.029884032114183764,0.03345227475468332,0.5165031222123104
0.42151675485008816,0.03042328042328042,0.03262786596119929,0.5154320987654321
0.4186046511627907,0.028622540250447227,0.03309481216457961,0.5196779964221825
0.41942703670546105,0.02730528200537153,0.03581020590868397,0.5174574753804835
0.41846153846153844,0.02989010989010989,0.03472527472527472,0.5169230769230769
0.4226666666666667,0.028,0.033777777777777775,0.5155555555555555
0.4245785270629991,0.027062999112688554,0.03371783496007098,0.5146406388642414
0.4194690265486726,0.028761061946902654,0.03008849557522124,0.5216814159292036
0.42389380530973453,0.028761061946902654,0.03274336283185841,0.5146017699115044
0.4227714033539276,0.03089143865842895,0.03309796999117388,0.5132391879964695
0.4241748438893845,0.031222123104371096,0.03166815343443354,0.5129348795718108
0.4253798033958892,0.02993744414655943,0.03127792672028597,0.5134048257372654
0.41889483065953653,0.03163992869875223,0.03163992869875223,0.517825311942959
0.41460176991150444,0.032300884955752215,0.034513274336283185,0.5185840707964602
0.41278295605858856,0.03195739014647137,0.03683976919662672,0.5184198845983133
0.4171779141104294,0.03242769500438212,0.03549517966695881,0.5148992112182296
0.41884122069880586,0.03494029190623618,0.030959752321981424,0.5152587350729766
0.41581062974542204,0.03394372487717731,0.030817329164805715,0.5194283162125949
0.41589403973509936,0.03443708609271523,0.032671081677704196,0.5169977924944812
0.41659350307287096,0.03511852502194908,0.03160667251975417,0.5166812993854258
0.4181981174361273,0.03496190049305244,0.0340654415060511,0.5127745405647691
0.4107221976074435,0.034116083296411165,0.034559149313247675,0.5206025697828977
0.40732568402471314,0.03398058252427184,0.03795233892321271,0.5207413945278023
0.4030658250676285,0.033363390441839495,0.0387736699729486,0.5247971145175834
0.39707187222715173,0.03593611357586513,0.03771073646850044,0.5292812777284827
0.39769196626719927,0.033288948069241014,0.03683976919662672,0.532179316466933
0.40239043824701193,0.033643204957945996,0.038069942452412575,0.5258964143426295
0.39902352418996895,0.03595206391478029,0.03817132711939636,0.5268530847758545
0.40563132424109105,0.03695556533216014,0.03695556533216014,0.5204575450945886
0.4070128717265868,0.03817132711939636,0.036395916555703504,0.5184198845983133
0.41116526362428,0.035002215330084185,0.03721754541426672,0.516614975631369
0.41228070175438597,0.035526315789473684,0.03728070175438596,0.5149122807017544
0.4269813000890472,0.032056990204808546,0.0365093499554764,0.5044523597506678
0.4228039041703638,0.03460514640638864,0.03992901508429459,0.502661934338953
0.425531914893617,0.03280141843971631,0.0398936170212766,0.50177304964539
0.4210061782877317,0.03618711385701677,0.03795233892321271,0.5048543689320388
0.42316258351893093,0.03652561247216036,0.03518930957683741,0.5051224944320712
0.4191564147627416,0.03383128295254833,0.033391915641476276,0.5136203866432337
0.4241486068111455,0.03449800973020787,0.03228659885006634,0.5090667846085802
0.42468159859464205,0.032498902064119456,0.03162055335968379,0.5111989459815547
0.42282176028306057,0.033171163202122954,0.03272888102609465,0.5112781954887218
0.4286353467561521,0.03355704697986577,0.030425055928411632,0.5073825503355704
0.43016014234875444,0.03336298932384341,0.029359430604982206,0.5071174377224199
0.4292661361626879,0.033156498673740056,0.028293545534924844,0.5092838196286472
0.4295900178253119,0.03163992869875223,0.026737967914438502,0.5120320855614974
0.43686309260079753,0.03278688524590164,0.0256978289765175,0.5046521931767833
0.4322638146167558,0.03431372549019608,0.027183600713012478,0.5062388591800356
0.43070831500219975,0.03255609326880774,0.026836779586449627,0.5098988121425428
0.4332892998678996,0.031704095112285335,0.02509907529722589,0.5099075297225891
0.43047534429142603,0.03243003109729009,0.023545091070635273,0.5135495335406486
0.42920747996438113,0.03250222617987533,0.02404274265360641,0.5142475512021372
0.4299645390070922,0.031914893617021274,0.026152482269503546,0.511968085106383
0.4359430604982206,0.029359430604982206,0.026690391459074734,0.5080071174377224
0.4372791519434629,0.030035335689045935,0.024734982332155476,0.5079505300353356
0.43844109831709477,0.030558015943312665,0.025243578387953942,0.5057573073516386
0.43629173989455183,0.0320738137082601,0.02680140597539543,0.5048330404217927
0.43842794759825326,0.03187772925764192,0.027510917030567687,0.5021834061135371
0.4319290465631929,0.03370288248337029,0.0270509977827051,0.5073170731707317
0.4391111111111111,0.03155555555555556,0.028888888888888888,0.5004444444444445
0.4300979519145147,0.03428317008014248,0.030721282279608193,0.5048975957257347
0.42724867724867727,0.03218694885361552,0.029541446208112873,0.5110229276895943
0.4267374944665781,0.033200531208499334,0.03098716246126605,0.5090748118636564
0.42123893805309737,0.033628318584070796,0.030973451327433628,0.5141592920353982
0.4200445434298441,0.03474387527839644,0.032071269487750555,0.5131403118040089
0.43106535362578335,0.03267681289167413,0.03043867502238138,0.5058191584601611
0.4292661361626879,0.03227232537577365,0.02961980548187445,0.5088417329796641
0.43476337903582485,0.0291906236178682,0.029632905793896505,0.5064130915524104
0.4316069057104914,0.027888446215139442,0.03010181496237273,0.5104028331119964
0.4270367054610564,0.02730528200537153,0.02909579230080573,0.5165622202327663
0.43051293292415604,0.028057869355545814,0.02761946514686541,0.5138097325734327
0.42768135291499776,0.029817534490431688,0.02848242100578549,0.514018691588785
0.42512293249888244,0.03173893607510058,0.029950827000447027,0.5131873044255699
0.4164079822616408,0.031929046563192905,0.028381374722838137,0.5232815964523282
0.412180052956752,0.03089143865842895,0.026919682259488084,0.530008826125331
0.4162572577043323,0.027690933452434122,0.02992407324698526,0.5261277355962484
0.4172566371681416,0.027876106194690265,0.03185840707964602,0.5230088495575221
0.41832669322709165,0.02877379371403276,0.03142983621071271,0.5214696768481629
0.40870724122612173,0.03154153709462461,0.03109729009329187,0.5286539315859617
0.41058718861209964,0.030249110320284697,0.029804270462633453,0.5293594306049823
0.4053815615350684,0.027348919276576972,0.030877812086457873,0.5363917071018968
0.40636042402826855,0.026501766784452298,0.030918727915194347,0.5362190812720848
0.410958904109589,0.028722934158197082,0.031816173221387536,0.5285019885108263
0.41192170818505336,0.027580071174377226,0.030249110320284697,0.5302491103202847
0.41150636802810714,0.030303030303030304,0.029424681598594644,0.5287659200702679
0.4067495559502664,0.03108348134991119,0.03108348134991119,0.5310834813499112
0.40478299379982285,0.032329495128432244,0.029229406554472984,0.5336581045172719
0.4095153401511783,0.03334815473543797,0.031124944419742107,0.5260115606936416
0.41019955654101997,0.03237250554323725,0.030598669623059866,0.526829268292683
0.4103918978423602,0.032144429766622636,0.029942756494936152,0.527520915896081
0.4162594402487783,0.03198578409595735,0.03243003109729009,0.5193247445579743
0.40456340500219395,0.031592803861342694,0.03247038174637999,0.5313734093900834
0.3959165557035064,0.03195739014647137,0.032845095428317796,0.5392809587217043
0.3957690612604672,0.03129131776112825,0.03437637725870427,0.5385632437197003
0.39141972578505085,0.03228659885006634,0.03494029190623618,0.5413533834586466
0.3913427561837456,0.030918727915194347,0.03489399293286219,0.5428445229681979
0.39582407818747223,0.03198578409595735,0.03509551310528654,0.5370946246112839
0.391789379741187,0.03168228469433289,0.03614457831325301,0.5403837572512271
0.3911504424778761,0.030530973451327433,0.03584070796460177,0.5424778761061947
0.394020526550647,0.031236055332440876,0.03480589022757698,0.5399375278893351
0.3918258551754776,0.028876055086628164,0.0346512661039538,0.5446468236339405
0.40115761353517365,0.02804986642920748,0.031166518254674976,0.5396260017809439
0.3920606601248885,0.026761819803746655,0.028545941123996433,0.5526315789473685
0.4027653880463872,0.024531668153434435,0.029438001784121322,0.5432649420160571
0.39565795303500223,0.026140894993354008,0.030128489144882586,0.5480726628267611
0.3902331720193577,0.025956885173779146,0.03167619885613726,0.5521337439507259
0.387139689578714,0.027937915742793792,0.03148558758314856,0.5534368070953437
0.38752783964365256,0.027616926503340758,0.033853006681514475,0.5510022271714922
0.38987566607460034,0.028419182948490232,0.03285968028419183,0.5488454706927176
0.3861429832303619,0.02736098852603707,0.03486319505736982,0.5516328331862312
0.387846291331546,0.0290437890974084,0.03395889186773905,0.5491510277033065
0.38660714285714287,0.032589285714285716,0.03125,0.5495535714285714
0.394471259324265,0.030276437033786747,0.03247038174637999,0.5427819218955683
0.38852097130242824,0.03090507726269316,0.03576158940397351,0.5448123620309051
0.38677981241625725,0.030370701205895488,0.03662349263063868,0.5462259937472086
0.38509316770186336,0.031055900621118012,0.03593611357586513,0.5479148181011535
0.37355298308103296,0.032056990204808546,0.03784505788067676,0.5565449688334817
0.37670930745478604,0.030877812086457873,0.03705337450374945,0.5553595059550066
0.3712761227212094,0.029791018230324588,0.036905291240551356,0.5620275678079146
0.36512866015971607,0.030612244897959183,0.0385980479148181,0.5656610470275066
0.36903168228469435,0.031236055332440876,0.038821954484605084,0.5609103078982597
0.3691692581075078,0.03065304309195913,0.04175921812527766,0.5584184806752555
0.36897923110914715,0.03314184710561202,0.040653999116217414,0.5572249226690235
0.3648528099910794,0.031222123104371096,0.043710972346119537,0.56021409455843
0.36482231219073324,0.028789923526765633,0.042735042735042736,0.5636527215474584
0.36874723328906595,0.02877379371403276,0.04293935369632581,0.5595396193005755
0.36671058410188845,0.030303030303030304,0.043039086517347384,0.5599472990777339
0.3664292074799644,0.034728406055209264,0.04229741763134461,0.5565449688334817
0.3631907308377897,0.034759358288770054,0.04233511586452763,0.5597147950089126
0.3630742049469965,0.03356890459363958,0.04063604240282685,0.5627208480565371
0.36860827034237437,0.03379279679857715,0.037349933303690526,0.5602489995553579
0.37235915492957744,0.032130281690140844,0.03653169014084507,0.5589788732394366
0.36937334510150044,0.03398058252427184,0.03618711385701677,0.560458958517211
0.3668141592920354,0.03716814159292035,0.034955752212389384,0.5610619469026549
0.3686309260079752,0.03677447939743022,0.0358883473637572,0.5587062472308374
0.36830357142857145,0.03526785714285714,0.032589285714285716,0.5638392857142858
0.37096060203629927,0.03408587870739265,0.034528552456839307,0.5604249667994687
0.36363636363636365,0.0338680926916221,0.035650623885918005,0.5668449197860963
0.36391982182628063,0.032071269487750555,0.0378619153674833,0.5661469933184855
0.3617594254937163,0.03500897666068223,0.03770197486535009,0.5655296229802513
0.3582222222222222,0.035555555555555556,0.034666666666666665,0.5715555555555556
0.354083885209713,0.03664459161147903,0.032671081677704196,0.5766004415011038
0.35335689045936397,0.037102473498233215,0.03224381625441696,0.5772968197879859
0.3568281938325991,0.03480176211453744,0.030837004405286344,0.5775330396475771
0.3509933774834437,0.03399558498896247,0.032671081677704196,0.5823399558498896
0.3493546951490877,0.036048064085447265,0.03159768580329328,0.5829995549621718
0.34730271957200176,0.03209986625055729,0.03165403477485511,0.5889433794025858
0.34880636604774534,0.033156498673740056,0.028293545534924844,0.5897435897435898
0.3461199294532628,0.03571428571428571,0.0291005291005291,0.5890652557319224
0.34355555555555556,0.034666666666666665,0.028888888888888888,0.5928888888888889
0.34674922600619196,0.03582485625829279,0.02786377708978328,0.589562140645732
0.34880636604774534,0.033156498673740056,0.026967285587975242,0.5910698496905393
0.34794156706507307,0.03054448871181939,0.02478972996901284,0.5967242142540947
0.34755555555555556,0.028888888888888888,0.024888888888888887,0.5986666666666667
0.3458480565371025,0.029151943462897525,0.02517667844522968,0.5998233215547704
0.3401330376940133,0.03370288248337029,0.02616407982261641,0.6
0.34308510638297873,0.034131205673758866,0.028368794326241134,0.5944148936170213
0.34025629695095005,0.032699955810870526,0.02828104286345559,0.5987627043747238
0.33510167992926615,0.03536693191865606,0.027409372236958444,0.6021220159151194
0.3352549889135255,0.03370288248337029,0.027494456762749447,0.6035476718403547
0.33229675699689026,0.03154153709462461,0.028431808085295423,0.6077298978231896
0.33660276415514934,0.029424877396344182,0.03209986625055729,0.6018724921979491
0.3413870246085011,0.028635346756152126,0.03131991051454139,0.5986577181208054
0.3468667255075022,0.02912621359223301,0.03089143865842895,0.5931156222418358
0.34069818824569154,0.029164825452938577,0.029164825452938577,0.6009721608484313
0.3413990321161461,0.029476462824461064,0.030356357237131544,0.5987681478222613
0.3454945054945055,0.03164835164835165,0.02989010989010989,0.592967032967033
0.3445561871447311,0.033668561434193264,0.03060778312199388,0.5911674682990817
0.35135135135135137,0.03487358326068003,0.03182214472537053,0.5819529206625981
0.3492341356673961,0.03369803063457331,0.03413566739606127,0.5829321663019693
0.34830960854092524,0.032473309608540925,0.03291814946619217,0.5862989323843416
0.34986474301172227,0.034715960324616775,0.032912533814247066,0.5825067628494139
0.34433541480820695,0.0352363960749331,0.03256021409455843,0.5878679750223015
0.3485458612975392,0.03355704697986577,0.03400447427293065,0.5838926174496645
0.3456405693950178,0.029804270462633453,0.03202846975088968,0.5925266903914591
0.34498009730207874,0.03361344537815126,0.03582485625829279,0.5855816010614773
0.3414203793559771,0.03484781649757389,0.03705337450374945,0.5866784296426996
0.3379526151095217,0.03442109968708091,0.035762181493071074,0.5918641037103264
