C,D,Oc,Od
0.0,1.0,0.0,0.0
0.0,1.0,0.0,0.0
0.0,0.9090909090909091,0.09090909090909091,0.0
0.0,0.7619047619047619,0.09523809523809523,0.14285714285714285
0.0,0.7222222222222222,0.16666666666666666,0.1111111111111111
0.0,0.6896551724137931,0.22413793103448276,0.08620689655172414
0.0,0.64,0.26,0.1
0.0,0.5733333333333334,0.2866666666666667,0.14
0.0,0.5213270142180095,0.3080568720379147,0.17061611374407584
0.0,0.5017421602787456,0.313588850174216,0.18466898954703834
0.0053475935828877,0.47593582887700536,0.32887700534759357,0.18983957219251338
0.004123711340206186,0.4618556701030928,0.3216494845360825,0.21237113402061855
0.0066555740432612314,0.4442595673876872,0.3194675540765391,0.22961730449251247
0.009421265141318977,0.4226110363391655,0.3162853297442799,0.25168236877523553
0.012249443207126948,0.4153674832962138,0.3062360801781737,0.2661469933184855
0.016885553470919325,0.4155722326454034,0.2870544090056285,0.2804878048780488
0.02059308072487644,0.41186161449752884,0.2833607907742998,0.2841845140032949
0.023005032350826744,0.40546369518332137,0.2774982027318476,0.29403306973400434
0.0247234873129473,0.4046844502277163,0.2784645413142485,0.29212752114508783
0.02816057519472738,0.4068304373876573,0.274415817855003,0.29059316956261233
0.03196859226023556,0.3976444195176669,0.2686483454851374,0.30173864273696016
0.037309511297950605,0.394640042038886,0.2632685233841303,0.3047819232790331
0.04241516966067864,0.39471057884231536,0.250998003992016,0.31187624750499005
0.04951923076923077,0.3860576923076923,0.2533653846153846,0.3110576923076923
0.05758426966292135,0.3951310861423221,0.2448501872659176,0.30243445692883897
0.060191518467852256,0.39261285909712723,0.25125398996808024,0.2959416324669403
0.06076854334226988,0.38516532618409294,0.2511170688114388,0.30294906166219837
0.06489547038327526,0.3915505226480836,0.24738675958188153,0.2961672473867596
0.06353467561521253,0.3919463087248322,0.24205816554809845,0.3024608501118568
0.06492932862190813,0.39443462897526504,0.24249116607773852,0.29814487632508835
0.06734603455914931,0.39255649091714667,0.2419140451927337,0.2981834293309703
0.06854130052724078,0.3884007029876977,0.2390158172231986,0.30404217926186294
0.06756756756756757,0.3836094158674804,0.24673060156931126,0.3020924149956408
0.07164567954841511,0.3795049934867564,0.24793747286148501,0.3009118541033435
0.06931567328918323,0.3801324503311258,0.2507726269315673,0.2997792494481236
0.07520769567118496,0.37735024048972454,0.24879755137735024,0.2986445124617403
0.07726075504828797,0.37050043898156276,0.247585601404741,0.30465320456540823
0.07971966710468681,0.3793254489706526,0.24353920280332894,0.2974156811213316
0.08051601423487545,0.375,0.24377224199288255,0.30071174377224197
0.07746478873239436,0.37632042253521125,0.24515845070422534,0.301056338028169
0.07634927599824484,0.3760421237384818,0.2479157525230364,0.29969284774023697
0.07685473123056419,0.37538871612616614,0.24744557974233675,0.3003109729009329
0.08245149911816578,0.3681657848324515,0.2464726631393298,0.3029100529100529
0.08596881959910913,0.35902004454342984,0.24988864142538975,0.3051224944320713
0.08903508771929824,0.3605263157894737,0.24780701754385964,0.3026315789473684
0.09078830823737821,0.3587245349867139,0.25155004428697963,0.29893711248892824
0.09748566387295986,0.3586237318041465,0.24702249669166298,0.2968681076312307
0.09296148738379814,0.3576803895528995,0.2527667109340416,0.2965914121292607
0.09826086956521739,0.36434782608695654,0.23956521739130435,0.29782608695652174
0.10057344508160565,0.36921041023378914,0.23775915306572562,0.29245699161887956
0.10424028268551237,0.3674911660777385,0.23674911660777384,0.2915194346289753
0.10693769332744145,0.3663278833406982,0.23950508174988952,0.28722934158197083
0.10249671484888305,0.3648707840560666,0.23653088042049936,0.29610162067455104
0.10325131810193322,0.35984182776801404,0.24121265377855888,0.29569420035149385
0.10746003552397869,0.3592362344582593,0.23401420959147423,0.29928952042628776
0.11076650420912716,0.36109880372175457,0.2361541869738591,0.2919805050952592
0.109402460456942,0.36072056239015815,0.23681898066783832,0.29305799648506153
0.1077191452245966,0.3610989969472307,0.2363715656345399,0.2948102921936328
0.10782147591692444,0.3605832965090588,0.23199292973928415,0.29960229783473263
0.10928476232785429,0.36561528209684585,0.22656597067969791,0.29853398489560196
0.1111111111111111,0.3690631808278867,0.22745098039215686,0.2923747276688453
0.10440528634361233,0.36872246696035244,0.23171806167400882,0.29515418502202645
0.10960105217010083,0.3691363437088996,0.22972380534853135,0.2915387987724682
0.10964912280701754,0.368859649122807,0.22719298245614036,0.2942982456140351
0.11179307321350285,0.36562911003945636,0.2354230600613766,0.2871547566856642
0.11684303350970017,0.36243386243386244,0.2328042328042328,0.2879188712522046
0.11808604038630377,0.353819139596137,0.2392449517120281,0.28884986830553117
0.1237842617152962,0.34880636604774534,0.2396109637488948,0.28779840848806365
0.1218117854001759,0.35224274406332456,0.23790677220756376,0.2880386983289358
0.11938325991189427,0.35594713656387666,0.2356828193832599,0.2889867841409692
0.12071992976294996,0.35294117647058826,0.23880597014925373,0.28753292361720806
0.12089356110381078,0.36049058256679806,0.22689443714410862,0.29172141918528255
0.11736049601417184,0.3600531443755536,0.23383525243578387,0.2887511071744907
0.11780336581045173,0.3587245349867139,0.2329495128432241,0.29052258635961026
0.12033377250768555,0.3618796662274923,0.23232323232323232,0.2854633289415898
0.12043956043956044,0.3564835164835165,0.23736263736263735,0.2857142857142857
0.1222707423580786,0.3563318777292576,0.2388646288209607,0.28253275109170306
0.12444836716681378,0.3561341571050309,0.23433362753751102,0.2850838481906443
0.12314410480349346,0.35502183406113536,0.2318777292576419,0.28995633187772923
0.12373848179025888,0.3562966213251426,0.23080298376480912,0.2891619131197894
0.1252737625930793,0.3600525624178712,0.2290845378887429,0.2855891371003066
0.1282051282051282,0.3502824858757062,0.2333767926988266,0.288135593220339
0.12648221343873517,0.3443126921387791,0.23407992973210365,0.2951251646903821
0.12802463704355477,0.3453585569731632,0.23053233611966564,0.29608446986361636
0.13350785340314136,0.343804537521815,0.22469458987783594,0.29799301919720766
0.1328397212543554,0.34277003484320556,0.22517421602787457,0.29921602787456447
0.1375985977212971,0.33961437335670464,0.22611744084136723,0.29666958808063104
0.1366622864651774,0.33683749452474815,0.22207621550591328,0.3044240035041612
0.14248136782113108,0.3318719859710653,0.2253397632617273,0.30030688294607627
0.13747228381374724,0.33170731707317075,0.22305986696230598,0.30776053215077603
0.1453104359313078,0.33245266402465873,0.2162043152796125,0.30603258476442097
0.14228367528991973,0.3278322925958965,0.21944692239072258,0.31043710972346117
0.13871817383669885,0.32616330114135206,0.21949078138718173,0.31562774363476737
0.14298362107127047,0.32226648959716686,0.22000885347498894,0.3147410358565737
0.14705882352941177,0.3208955223880597,0.2221246707638279,0.3099209833187006
0.14304519526107942,0.3181219833260202,0.22465993856954805,0.3141728828433524
0.14398249452954048,0.3199124726477024,0.2236323851203501,0.312472647702407
0.14882274544646823,0.32119058196357175,0.21634828964904487,0.3136383829409152
0.15251222765673633,0.3170297910182303,0.21609604268563806,0.31436193863939527
0.15300306882946077,0.32178868917141606,0.2121876370013152,0.313020604997808
0.15600350569675722,0.31901840490797545,0.21340929009640666,0.31156879929886067
0.1602112676056338,0.3182218309859155,0.21170774647887325,0.30985915492957744
0.16300527240773285,0.3141476274165202,0.2095782073813708,0.3132688927943761
0.1585577758470895,0.3158123370981755,0.21242397914856648,0.31320590790616853
0.1607843137254902,0.3119825708061002,0.21045751633986928,0.3167755991285403
0.15994741454864153,0.3102541630148992,0.20946538124452235,0.3203330411919369
0.1557305336832896,0.31714785651793526,0.210411198600175,0.31671041119860016
0.15587846763540292,0.31836195508586523,0.21224130339057684,0.313518273888155
0.15452151009657594,0.31782265144863914,0.21378402107111502,0.31387181738366987
0.15739130434782608,0.32565217391304346,0.20869565217391303,0.30826086956521737
0.1567591369440775,0.32232496697490093,0.2166446499339498,0.3042712461470718
0.1603356890459364,0.32287985865724383,0.20936395759717313,0.30742049469964666
0.15794104707435108,0.322921249450066,0.21249450065992082,0.3066432028156621
0.15950920245398773,0.32340052585451357,0.20946538124452235,0.30762489044697633
0.16031195840554593,0.3175909878682842,0.21057192374350087,0.31152512998266896
0.1601750547045952,0.31422319474835886,0.21137855579868708,0.31422319474835886
0.16022827041264268,0.3099209833187006,0.21729587357330993,0.3125548726953468
0.16432337434094904,0.3053602811950791,0.21660808435852372,0.31370826010544817
0.16112084063047286,0.3073555166374781,0.22154115586690018,0.30998248686514884
0.1658579620644023,0.3003970004411116,0.22540802823114248,0.3083370092633436
0.16899563318777291,0.3,0.2244541484716157,0.30655021834061136
0.168141592920354,0.2924778761061947,0.22831858407079647,0.3110619469026549
0.17280701754385966,0.2964912280701754,0.22763157894736843,0.3030701754385965
0.17727674624226347,0.29354553492484525,0.22590627763041557,0.3032714412024757
0.1827768014059754,0.29042179261862916,0.22539543057996486,0.30140597539543057
0.18640350877192982,0.2885964912280702,0.225,0.3
0.18634361233480176,0.286784140969163,0.22951541850220264,0.2973568281938326
0.1864257382106655,0.2957249889819304,0.2247686205376818,0.29308065226972235
0.19215513442044954,0.28779197884530633,0.23358307624504188,0.2864698104892023
0.19483985765124556,0.27669039145907476,0.2313167259786477,0.297153024911032
0.19797178130511464,0.27380952380952384,0.23192239858906524,0.2962962962962963
0.19739696312364424,0.2685466377440347,0.23253796095444684,0.30151843817787416
0.20230190349712263,0.2682602921646746,0.22930500221336875,0.300132802124834
0.20500438981562774,0.26997366110623355,0.22300263388937663,0.30201931518876207
0.20491443615620886,0.2711715664765248,0.21851689337428698,0.30539710399297937
0.20746334962239005,0.26699244780097736,0.21545979564637938,0.31008440693025324
0.2075221238938053,0.2672566371681416,0.215929203539823,0.3092920353982301
0.2111692844677138,0.26570680628272253,0.2181500872600349,0.30497382198952877
0.2088495575221239,0.2592920353982301,0.22654867256637168,0.3053097345132743
0.2074978204010462,0.2632955536181343,0.22972972972972974,0.2994768962510898
0.2066079295154185,0.26343612334801764,0.22951541850220264,0.3004405286343612
0.2081151832460733,0.2643979057591623,0.2299301919720768,0.2975567190226876
0.21129893238434164,0.26423487544483987,0.22998220640569395,0.2944839857651246
0.21169176262178918,0.262621789193977,0.2325066430469442,0.29317980513728964
0.20940550133096716,0.26353149955634425,0.2329192546583851,0.29414374445430347
0.21419185282522996,0.26325010950503724,0.22558037669732808,0.29697766097240474
0.2160737812911726,0.2639437856829161,0.22529644268774704,0.2946859903381642
0.21972699251431088,0.26023778071334214,0.23161602818141788,0.2884191985909291
0.21775251421075645,0.2623524267599475,0.23524267599475296,0.28465238303454304
0.21519543258673693,0.25999121651295565,0.23847167325428195,0.28634167764602547
0.21131741821396993,0.2625994694960212,0.2396109637488948,0.2864721485411141
0.2098273572377158,0.25232403718459495,0.2501106684373617,0.2877379371403276
0.21400437636761488,0.25557986870897154,0.249890590809628,0.2805251641137856
0.2190642763445562,0.2540445999125492,0.24879755137735024,0.2780935723655444
0.2168939727232732,0.2630884293884734,0.23933128024637043,0.28068631764188295
0.2223194748358862,0.25951859956236323,0.23851203501094093,0.27964989059080964
0.2258491398323776,0.2602558447287164,0.23555359505955006,0.278341420379356
0.22246696035242292,0.2621145374449339,0.23524229074889869,0.2801762114537445
0.22505494505494505,0.2589010989010989,0.22813186813186814,0.2879120879120879
0.2163355408388521,0.26136865342163357,0.23841059602649006,0.2838852097130243
0.22129710780017528,0.26818580192813324,0.2361963190184049,0.2743207712532866
0.22389380530973452,0.27300884955752214,0.2331858407079646,0.26991150442477874
0.21790913101014556,0.26731363034847816,0.23908248786943095,0.27569475077194533
0.21727748691099477,0.2683246073298429,0.2338568935427574,0.2805410122164049
0.21852836879432624,0.2637411347517731,0.24069148936170212,0.2770390070921986
0.21378402107111502,0.26997366110623355,0.23485513608428446,0.28138718173836696
0.2138753866548829,0.27485638532920903,0.23110914714980116,0.2801590808661069
0.20983318700614575,0.2677787532923617,0.23880597014925373,0.2835820895522388
0.2126537785588752,0.273286467486819,0.23769771528998243,0.27636203866432335
0.2178919397697077,0.271036315323295,0.23472099202834368,0.2763507528786537
0.22071083808688022,0.26590609916630104,0.23562966213251427,0.27775340061430454
0.21826965305226176,0.2709705753184014,0.230566534914361,0.28019323671497587
0.2172579938677179,0.2645641699518178,0.23477879982479194,0.2833990363556724
0.22139084507042253,0.26452464788732394,0.2323943661971831,0.28169014084507044
0.2264731750219877,0.2594547053649956,0.23087071240105542,0.2832014072119613
0.22701525054466232,0.26187363834422656,0.22919389978213509,0.281917211328976
0.22821760283060594,0.25917735515258733,0.22865988500663423,0.2839451570101725
0.22727272727272727,0.25524475524475526,0.22202797202797203,0.29545454545454547
0.2260485651214128,0.25298013245033113,0.22339955849889626,0.2975717439293598
0.23164835164835165,0.24747252747252746,0.22417582417582418,0.2967032967032967
0.22134733158355205,0.25240594925634297,0.22659667541557305,0.2996500437445319
0.22339955849889626,0.25386313465783666,0.2260485651214128,0.29668874172185433
0.22069880583812473,0.25829279080053075,0.22644847412649272,0.29455992923485186
0.2190137716570413,0.26166148378498444,0.22923145268769435,0.2900932918702799
0.22251655629139072,0.2578366445916115,0.2260485651214128,0.293598233995585
0.22867194371152155,0.2515391380826737,0.2326297273526825,0.28715919085312225
0.22829440282062582,0.25253415601586604,0.22829440282062582,0.2908770383428823
0.2222713212549713,0.2571807335395493,0.22624834290764473,0.29429960229783475
0.2261904761904762,0.2566137566137566,0.22839506172839505,0.28880070546737213
0.22591943957968477,0.2591943957968476,0.23204903677758318,0.28283712784588444
0.22520934332304982,0.25650066108417807,0.22917584839136185,0.2891141472014103
0.22355555555555556,0.252,0.2431111111111111,0.2813333333333333
0.22026431718061673,0.25242290748898677,0.23876651982378855,0.28854625550660795
0.21815777875716175,0.250771264874394,0.2371088585279859,0.29396209784045835
0.2210113339145597,0.24498692240627726,0.23931996512641673,0.2946817785527463
0.21733391992960846,0.2432908051033876,0.2432908051033876,0.29608446986361636
0.22665497588776853,0.24331433581762385,0.23936869793950022,0.2906619903551074
0.22543859649122808,0.24473684210526317,0.23684210526315788,0.2929824561403509
0.22291296625222023,0.25177619893428066,0.23934280639431615,0.28596802841918295
0.2222222222222222,0.24857268335529206,0.23891084760649978,0.2902942468159859
0.2154382904491932,0.25730484081988664,0.23549934583515045,0.2917575228957697
0.21572052401746725,0.2541484716157205,0.23580786026200873,0.2943231441048035
0.21627502175805047,0.25282854656222803,0.23585726718885988,0.2950391644908616
0.20892226148409895,0.25353356890459366,0.23454063604240283,0.3030035335689046
0.21765734265734266,0.2534965034965035,0.2381993006993007,0.2906468531468531
0.21674662014827736,0.25032708242477103,0.23898822503270825,0.29393807239424335
0.21654929577464788,0.2557218309859155,0.2438380281690141,0.28389084507042256
0.2202118270079435,0.2506619593998235,0.24139452780229478,0.28773168578993824
0.22950819672131148,0.25299069561364645,0.2361541869738591,0.281346920691183
0.23529411764705882,0.25386996904024767,0.23750552852720036,0.27333038478549315
0.22806255430060818,0.2528236316246742,0.24196350999131191,0.27715030408340574
0.22867194371152155,0.256816182937555,0.23966578715919085,0.2748460861917326
0.22717247463608292,0.2567269519188355,0.24658138509042787,0.2695191883546537
0.22715289982425307,0.2521968365553603,0.24736379613356765,0.273286467486819
0.22995594713656387,0.2550660792951542,0.2444933920704846,0.27048458149779736
0.23516579406631763,0.24738219895287958,0.25174520069808026,0.26570680628272253
0.22878390201224846,0.25021872265966755,0.25196850393700787,0.2690288713910761
0.23154657293497363,0.2557117750439367,0.2478031634446397,0.2649384885764499
0.2300923889133304,0.2542894852617686,0.24681038275406952,0.2688077430708315
0.23701440419030992,0.25491051942383236,0.2439982540375382,0.26407682234831953
0.2342857142857143,0.2562637362637363,0.2443956043956044,0.26505494505494503
0.23565484012264565,0.25711782742006134,0.2448532632501095,0.26237406920718354
0.23786407766990292,0.25375110326566636,0.2409532215357458,0.2674315975286849
0.23552806009721608,0.24701723376049492,0.24259832081307997,0.27485638532920903
0.2344582593250444,0.2477797513321492,0.2468916518650089,0.27087033747779754
0.2412280701754386,0.24517543859649124,0.24605263157894736,0.2675438596491228
0.24073266463148713,0.24160488443087658,0.24901875272568688,0.2686436982119494
0.2402111746590409,0.24065112186537616,0.25208974923009236,0.26704795424549055
0.242184059885513,0.2430647291941876,0.24834874504623514,0.2664024658740643
0.238556338028169,0.23591549295774647,0.25308098591549294,0.27244718309859156
0.2363556338028169,0.23899647887323944,0.2539612676056338,0.2706866197183099
0.2380114386273647,0.23493180818301804,0.2503299604047514,0.27672679278486584
0.2332155477031802,0.23851590106007067,0.25662544169611307,0.27164310954063603
0.2337028824833703,0.2376940133037694,0.25543237250554324,0.2731707317073171
0.22831858407079647,0.2411504424778761,0.2584070796460177,0.2721238938053097
0.22855879752431477,0.2413793103448276,0.2608311229000884,0.2692307692307692
0.22998673153471916,0.23662096417514375,0.26271561256081377,0.2706766917293233
0.22731277533039648,0.24537444933920705,0.2594713656387665,0.26784140969162995
0.2257495590828924,0.24735449735449735,0.2641093474426808,0.26278659611992944
0.23324514991181658,0.24206349206349206,0.2619047619047619,0.26278659611992944
0.23283450704225353,0.23943661971830985,0.2596830985915493,0.2680457746478873
0.23013460703430308,0.2396873643074251,0.265740338688667,0.26443768996960487
0.22898423817863398,0.24124343257443082,0.2631348511383538,0.26663747810858146
0.22587719298245615,0.23859649122807017,0.2662280701754386,0.2692982456140351
0.22663139329805995,0.24206349206349206,0.25617283950617287,0.2751322751322751
0.2326710816777042,0.2401766004415011,0.25298013245033113,0.27417218543046357
0.23029772329246936,0.24124343257443082,0.2530647985989492,0.2753940455341506
0.22996057818659657,0.240473061760841,0.24704336399474375,0.28252299605781866
0.2329069254521394,0.23908248786943095,0.24702249669166298,0.28098808998676666
0.22480280455740578,0.24233128834355827,0.24452234881682736,0.2883435582822086
0.2281849912739965,0.24171029668411867,0.24912739965095987,0.28097731239092494
0.22840859272249014,0.23498465585269618,0.2507672073651907,0.285839544059623
0.2240921169176262,0.23472099202834368,0.25686448184233834,0.2843224092116918
0.22838427947598253,0.2318777292576419,0.2537117903930131,0.28602620087336245
0.22192866578599735,0.22985468956406868,0.25935711140466755,0.2888595332452664
0.22241758241758242,0.23384615384615384,0.2571428571428571,0.2865934065934066
0.22373626373626374,0.23648351648351648,0.2602197802197802,0.2795604395604396
0.22394678492239467,0.22838137472283815,0.25587583148558757,0.2917960088691796
0.22304670449585334,0.2304670449585334,0.2553470100392842,0.2911392405063291
0.22007042253521128,0.23459507042253522,0.25264084507042256,0.292693661971831
0.2251655629139073,0.23090507726269316,0.2520971302428256,0.291832229580574
0.22256365232660227,0.233099209833187,0.25065847234416155,0.29367866549604915
0.22713212549712772,0.23243482103402563,0.25011047282368537,0.2903225806451613
0.22950108459869847,0.23557483731019524,0.24815618221258134,0.28676789587852497
0.22539543057996486,0.23769771528998243,0.24165202108963094,0.29525483304042177
0.22590627763041557,0.23784261715296198,0.2409372236958444,0.2953138815207781
0.2257495590828924,0.23015873015873015,0.2429453262786596,0.3011463844797178
0.22372437854339294,0.22982991713911904,0.24291321412996075,0.30353249018752726
0.22717343818261249,0.2276103101791175,0.2455220620358235,0.2996941896024465
0.22310405643738976,0.2279541446208113,0.24603174603174602,0.3029100529100529
0.22515391380826738,0.23175021987686895,0.24494283201407213,0.29815303430079154
0.22992056487202117,0.22241835834068843,0.24580759046778464,0.30185348631950576
0.22840859272249014,0.22490135905304692,0.24287593160894344,0.3038141166155195
0.2350109409190372,0.21794310722100657,0.23851203501094093,0.3085339168490153
0.2360928602715725,0.22295225580376699,0.2413491020586947,0.2996057818659658
0.23330404217926187,0.2218804920913884,0.2398945518453427,0.30492091388400705
0.24250440917107582,0.21869488536155202,0.23500881834215168,0.3037918871252205
0.24646017699115044,0.21460176991150443,0.23584070796460177,0.3030973451327434
0.2411504424778761,0.2176991150442478,0.23716814159292035,0.30398230088495576
0.23175021987686895,0.22119613016710643,0.24142480211081793,0.30562884784520666
0.23278542869835628,0.22034651266103955,0.24211461572634385,0.3047534429142603
0.23348017621145375,0.22378854625550662,0.23920704845814977,0.30352422907488985
0.23222124670763827,0.22300263388937663,0.2392449517120281,0.305531167690957
0.23293703214442976,0.22589167767503301,0.23866138265081463,0.30250990752972257
0.23383525243578387,0.2240921169176262,0.2462356067316209,0.295837023914969
0.23555166374781086,0.22460595446584938,0.24299474605954466,0.2968476357267951
0.22624834290764473,0.23199292973928415,0.2483429076447194,0.29341581970835173
0.23478260869565218,0.22652173913043477,0.2391304347826087,0.2995652173913044
0.22965879265091863,0.22878390201224846,0.2432195975503062,0.2983377077865267
0.230193661971831,0.22755281690140844,0.24867957746478872,0.2935739436619718
0.23155103844454264,0.2284577993813522,0.2509942554131684,0.2889969067609368
0.2307353588727433,0.23293703214442976,0.24790841039189784,0.2884191985909291
0.23124448367166814,0.22859664607237423,0.25198587819947044,0.2881729920564872
0.2309722833260009,0.2300923889133304,0.2542894852617686,0.2846458424989001
0.2270509977827051,0.23325942350332593,0.2541019955654102,0.28558758314855875
0.22582056892778993,0.23413566739606126,0.2617067833698031,0.27833698030634574
0.23185217773867137,0.23713154421469423,0.2542894852617686,0.27672679278486584
0.2297476759628154,0.2288623284639221,0.26117751217352814,0.28021248339973437
0.23056768558951965,0.225764192139738,0.25633187772925764,0.2873362445414847
0.2263986013986014,0.2277097902097902,0.2583041958041958,0.2875874125874126
0.2248888888888889,0.2288888888888889,0.2608888888888889,0.2853333333333333
0.22894736842105262,0.22850877192982455,0.26052631578947366,0.2820175438596491
0.2238871749669458,0.2247686205376818,0.2631115028646981,0.2882327016306743
0.22737306843267108,0.22781456953642384,0.26048565121412803,0.284326710816777
0.2275109170305677,0.2244541484716157,0.26419213973799127,0.2838427947598253
0.23614775725593667,0.2198768689533861,0.25857519788918204,0.2854001759014952
0.23954205195948922,0.22016732716864817,0.2536327608982827,0.2866578599735799
0.2425588627276766,0.21634828964904487,0.2621057307863172,0.27898711683696137
0.245792736935341,0.2121346324180691,0.2555358724534987,0.2865367581930912
0.24585876198779424,0.21316477768090672,0.26591107236268524,0.2750653879686138
0.24110671936758893,0.21256038647342995,0.2683355292050944,0.2779973649538867
0.24614027348919276,0.21482134980149978,0.2695191883546537,0.2695191883546537
0.24460114587924195,0.22168356104010578,0.2675187307183781,0.2661965623622741
0.23658751099384345,0.22295514511873352,0.2691292875989446,0.27132805628847845
0.24081451969898185,0.21779548472775564,0.27091633466135456,0.27047366091190794
0.233201581027668,0.2178304787000439,0.2810715854194115,0.2678963548528766
0.2376940133037694,0.2261640798226164,0.2811529933481153,0.2549889135254989
0.2381573229030856,0.2312038244241634,0.27075184702303345,0.2598870056497175
0.24033391915641475,0.22934973637961337,0.27240773286467485,0.257908611599297
0.23596491228070177,0.22719298245614036,0.275,0.2618421052631579
0.23496076721883175,0.2262423714036617,0.27070619006102875,0.2680906713164778
0.23395896988214754,0.22915757311217808,0.2745525971191619,0.26233085988651245
0.2342857142857143,0.22989010989010988,0.27516483516483514,0.26065934065934065
0.23210315695864828,0.22676745220097821,0.2774566473988439,0.2636727434415296
0.22373029772329248,0.2329246935201401,0.27626970227670755,0.2670753064798599
0.22315140845070422,0.23459507042253522,0.27420774647887325,0.2680457746478873
0.21729587357330993,0.23222124670763827,0.2800702370500439,0.2704126426690079
0.2197466142420271,0.23591087811271297,0.27566622979467015,0.2686762778505898
0.2219298245614035,0.23289473684210527,0.27982456140350875,0.26535087719298245
0.21748878923766815,0.23632286995515694,0.2789237668161435,0.2672645739910314
0.21434859154929578,0.23943661971830985,0.28080985915492956,0.2654049295774648
0.20820467578297308,0.23820026466696073,0.28760476400529333,0.2659902955447728
0.21038732394366197,0.24471830985915494,0.28741197183098594,0.2574823943661972
0.20341955282770716,0.24331433581762385,0.2919772029811486,0.26128890837352037
0.2106420404573439,0.24934036939313983,0.2849604221635884,0.25505716798592787
0.20633523977122745,0.2512098548174219,0.2890453145622525,0.2534095908490981
0.20741394527802295,0.2524271844660194,0.28420123565754635,0.2559576345984113
0.20969162995594715,0.25066079295154187,0.28502202643171803,0.25462555066079295
0.2086457873842082,0.25319805910895454,0.278341420379356,0.25981473312748127
0.2023757149142103,0.25208974923009236,0.2798064232292125,0.2657281126264848
0.20323426573426573,0.2478146853146853,0.2840909090909091,0.26486013986013984
0.20372010628875112,0.24933569530558017,0.2816651904340124,0.2652790079716563
0.20978404583516969,0.24724548259145,0.2772146319964742,0.2657558395769061
0.21472663139329806,0.2429453262786596,0.2804232804232804,0.2619047619047619
0.21438023820026467,0.24966916629907365,0.27613586237318044,0.25981473312748127
0.21270962047661077,0.2444836716681377,0.2793468667255075,0.263459841129744
0.20855379188712522,0.25,0.27733686067019403,0.2641093474426808
0.20504871567759078,0.2519929140832595,0.27236492471213464,0.27059344552701503
0.2067435669920142,0.24977817213842057,0.271960958296362,0.27151730257320317
0.2157731501993797,0.25742135578201153,0.2605228178998671,0.2662826761187417
0.21808510638297873,0.2557624113475177,0.261968085106383,0.2641843971631206
0.21706454465075153,0.2564102564102564,0.26657824933687,0.259946949602122
0.21589403973509932,0.2609271523178808,0.26666666666666666,0.2565121412803532
0.21573828470380194,0.25596816976127323,0.27276746242263483,0.25552608311229
0.21608484312859036,0.25762262483429077,0.2629253203711887,0.2633672116659302
0.2177348551360843,0.2515364354697103,0.26733977172958734,0.2633889376646181
0.2147212543554007,0.25174216027874563,0.2652439024390244,0.2682926829268293
0.21671826625386997,0.2503317116320212,0.26536930561698363,0.26758071649712517
0.21691498685363717,0.25109553023663456,0.26292725679228746,0.26906222611744085
0.21544537077665643,0.25010969723562965,0.26107942079859586,0.27336551118911806
0.22134038800705466,0.24911816578483245,0.26146384479717816,0.26807760141093473
0.21905179982440737,0.24802458296751537,0.2603160667251975,0.2726075504828797
0.21926320461606746,0.2441189525077674,0.25787838437638705,0.27873945849977805
0.21830985915492956,0.24691901408450703,0.26188380281690143,0.272887323943662
0.21891651865008882,0.24911190053285967,0.26287744227353466,0.2690941385435169
0.2162516382699869,0.2516382699868938,0.2638706858890345,0.26823940585408473
0.21649029982363316,0.2517636684303351,0.2641093474426808,0.26763668430335097
0.2145979020979021,0.2504370629370629,0.2674825174825175,0.2674825174825175
0.21472663139329806,0.25440917107583777,0.2601410934744268,0.2707231040564374
0.21368653421633554,0.25474613686534214,0.25739514348785875,0.27417218543046357
0.21779548472775564,0.25675077467906154,0.24922532093846836,0.27622841965471445
0.21935201401050788,0.2543782837127846,0.25,0.27626970227670755
0.21705089169204,0.2514136581122227,0.2474989125706829,0.2840365376250544
0.2218804920913884,0.2478031634446397,0.2451669595782074,0.2851493848857645
0.22340425531914893,0.24468085106382978,0.2495567375886525,0.2823581560283688
0.2334370831480658,0.24410849266340595,0.2463317029791018,0.27612272120942644
0.23330404217926187,0.2460456942003515,0.2429701230228471,0.27768014059753954
0.232,0.24266666666666667,0.24533333333333332,0.28
0.23544973544973544,0.24514991181657847,0.24559082892416226,0.27380952380952384
0.23692307692307693,0.24747252747252746,0.24615384615384617,0.26945054945054947
0.22839506172839505,0.24338624338624337,0.2495590828924162,0.2786596119929453
0.23524229074889869,0.24052863436123348,0.24713656387665198,0.27709251101321586
0.2357142857142857,0.23258928571428572,0.25089285714285714,0.28080357142857143
0.22879858657243815,0.2314487632508834,0.2570671378091873,0.2826855123674912
0.22793148880105402,0.23100570926657882,0.24725516029863856,0.2938076416337286
0.2254259501965924,0.23503713411970292,0.2490170380078637,0.290519877675841
0.22562308701355488,0.23611718408395277,0.24836029733275033,0.289899431569742
0.2264731750219877,0.23746701846965698,0.24494283201407213,0.2911169744942832
0.22666087711680416,0.23751628310898829,0.24402952670429873,0.2917933130699088
0.2244268077601411,0.23985890652557318,0.24118165784832452,0.2945326278659612
0.22577777777777777,0.23644444444444446,0.24133333333333334,0.29644444444444445
0.22554112554112554,0.23766233766233766,0.24199134199134198,0.2948051948051948
0.233201581027668,0.23100570926657882,0.23803249890206413,0.2977602108036891
0.23702726473175023,0.2264731750219877,0.23790677220756376,0.2985927880386983
0.23767989533362407,0.2211077191452246,0.2420409943305713,0.29917139119058
0.2369584438549956,0.22502210433244915,0.24049513704686118,0.2975243147656941
0.23519009725906279,0.22413793103448276,0.24314765694076038,0.2975243147656941
0.23666813574261789,0.22520934332304982,0.24063464081092992,0.2974878801234024
0.22863340563991325,0.22950108459869847,0.24772234273318872,0.2941431670281996
0.22593406593406593,0.22593406593406593,0.250989010989011,0.29714285714285715
0.22412280701754386,0.22982456140350876,0.24912280701754386,0.2969298245614035
0.22972972972972974,0.24193548387096775,0.23757628596338273,0.2907585004359198
0.2279541446208113,0.23985890652557318,0.23721340388007053,0.294973544973545
0.23506323593545572,0.22895769733972962,0.2398604448320977,0.296118621892717
0.23201046663759267,0.22721325774095072,0.24465765372873965,0.296118621892717
0.2392449517120281,0.22431957857769974,0.2440737489025461,0.2923617208077261
0.247682119205298,0.22251655629139072,0.23885209713024283,0.29094922737306844
0.24166666666666667,0.22850877192982455,0.2412280701754386,0.2885964912280702
0.24283825473776993,0.22873512560599382,0.23490524460114587,0.29352137505509035
0.2431111111111111,0.2222222222222222,0.23822222222222222,0.29644444444444445
0.24180148666375165,0.22780935723655443,0.24136423261915171,0.2890249234805422
0.2478108581436077,0.22679509632224168,0.2373029772329247,0.28809106830122594
0.24391323594510844,0.22709163346613545,0.2412571934484285,0.2877379371403276
0.24043956043956044,0.22593406593406593,0.24747252747252746,0.28615384615384615
0.23552459730082717,0.22289943404440574,0.25119721375707443,0.29037875489769266
0.2314196706720071,0.22919448153093014,0.25055629728526924,0.2888295505117935
0.2339489885664028,0.22559366754617413,0.2537379067722076,0.28671943711521547
0.23742277140335394,0.2294792586054722,0.2511032656663725,0.2819947043248014
0.23583662714097497,0.23100570926657882,0.24725516029863856,0.2859025032938076
0.2393500219587176,0.22837066315327184,0.24769433465085638,0.2845849802371542
0.23699421965317918,0.23076923076923078,0.2565584704313028,0.2756780791462872
0.23228346456692914,0.23228346456692914,0.2550306211723535,0.2804024496937883
0.22977777777777778,0.23066666666666666,0.2591111111111111,0.28044444444444444
0.22687224669603523,0.2330396475770925,0.25682819383259914,0.28325991189427313
0.2254259501965924,0.23416339012669288,0.25382262996941896,0.28658802970729574
0.2252410166520596,0.23049956178790534,0.2541630148992112,0.2900964066608238
0.22787028921998248,0.2283085013146363,0.2598597721297108,0.2839614373356705
0.22528433945756782,0.22615923009623798,0.2585301837270341,0.2900262467191601
0.22590627763041557,0.22679045092838196,0.2595048629531388,0.28779840848806365
0.23171806167400882,0.22290748898678414,0.25594713656387663,0.2894273127753304
0.23328964613368283,0.22280471821756226,0.25338575797291396,0.290519877675841
0.23209549071618038,0.21750663129973474,0.25906277630415564,0.29133510167992926
0.23878627968337732,0.21723834652594548,0.2590149516270888,0.2849604221635884
0.24003504161191414,0.21287779237844942,0.2553657468243539,0.29172141918528255
0.2401402278702892,0.2116564417177914,0.25942156003505695,0.2887817703768624
0.24394539850286218,0.21488331131660063,0.2523117569352708,0.2888595332452664
0.24472759226713534,0.2139718804920914,0.2482425307557118,0.29305799648506153
0.24428822495606328,0.21353251318101935,0.2491212653778559,0.29305799648506153
0.24922941435490972,0.21356230735358872,0.24658740642888596,0.2906208718626156
0.24868189806678384,0.2157293497363796,0.24560632688927944,0.28998242530755713
0.2517636684303351,0.21472663139329806,0.24382716049382716,0.2896825396825397
0.2551602986385595,0.2178304787000439,0.23803249890206413,0.2889767237593325
0.25394736842105264,0.21535087719298246,0.2412280701754386,0.2894736842105263
0.25066666666666665,0.22177777777777777,0.23555555555555555,0.292
0.2580078982009653,0.21456779289161912,0.23519087318999563,0.29223343571741994
0.2550306211723535,0.21653543307086615,0.2436570428696413,0.2847769028871391
0.25995623632385123,0.2148796498905908,0.23938730853391685,0.2857768052516411
0.25861317051897076,0.2211077191452246,0.2398604448320977,0.2804186655037069
0.26018396846254926,0.21681997371879105,0.23696890056942618,0.28602715724923344
0.25165271044513,0.22520934332304982,0.2384310268840899,0.2847069193477303
0.2544662309368192,0.22483660130718955,0.2357298474945534,0.2849673202614379
0.2596830985915493,0.22227112676056338,0.23151408450704225,0.28653169014084506
0.25822007891275756,0.22314774221832528,0.23498465585269618,0.283647523016221
0.2579798863139484,0.22387407083515523,0.23480542195015303,0.28334062090074336
0.25594713656387663,0.226431718061674,0.2330396475770925,0.2845814977973568
0.2475770925110132,0.2356828193832599,0.2365638766519824,0.2801762114537445
0.2412739965095986,0.23734729493891799,0.24040139616055847,0.28097731239092494
0.2436010591350397,0.22771403353927624,0.2440423654015887,0.2846425419240953
0.24379432624113476,0.23049645390070922,0.24379432624113476,0.28191489361702127
0.2433392539964476,0.23312611012433393,0.24067495559502664,0.28285968028419184
0.24518388791593695,0.23467600700525393,0.2381786339754816,0.2819614711033275
0.24441524310118265,0.2395970214629873,0.23828296101620675,0.2777047744196233
0.24157549234135667,0.24463894967177244,0.24026258205689277,0.2735229759299781
0.23968393327480245,0.242756804214223,0.24012291483757683,0.2774363476733977
0.23729562527618206,0.24613345117101193,0.2346442775077331,0.2819266460450729
0.24182139699381078,0.2480106100795756,0.23784261715296198,0.2723253757736516
0.24353920280332894,0.2395970214629873,0.2360928602715725,0.28077091546211125
0.24544241885282347,0.2418852823477101,0.2334370831480658,0.27923521565140064
0.24199912319158265,0.24682156948706707,0.2345462516440158,0.2766330556773345
0.240905057675244,0.24800354924578527,0.23203194321206744,0.2790594498669033
0.2403677758318739,0.24211908931698775,0.23423817863397547,0.28327495621716287
0.2399647110719012,0.2439347154830172,0.23114247904719895,0.28495809439788267
0.23899647887323944,0.24647887323943662,0.23371478873239437,0.28080985915492956
0.23894967177242887,0.2525164113785558,0.2315098468271335,0.27702407002188184
0.2403718459495352,0.24701195219123506,0.23550243470562196,0.2771137671536078
0.23788738542121343,0.24967263203841117,0.24181580096027935,0.27062418158009605
0.2363238512035011,0.24638949671772428,0.24026258205689277,0.27702407002188184
0.2329069254521394,0.2523158359064843,0.23864137626819584,0.27613586237318044
0.2256500661084178,0.25385632437197003,0.24636403702071397,0.2741295724988982
0.23226090788893786,0.24768620537681799,0.24812692816218598,0.2719259585720582
0.23500881834215168,0.2517636684303351,0.24426807760141092,0.2689594356261023
0.2361963190184049,0.2502191060473269,0.24057843996494302,0.27300613496932513
0.23775915306572562,0.24702249669166298,0.24128804587560654,0.27393030436700483
0.23872679045092837,0.248894783377542,0.2382847038019452,0.27409372236958446
0.23415492957746478,0.25,0.23987676056338028,0.27596830985915494
0.233201581027668,0.25120772946859904,0.2419850680720246,0.2736056214317084
0.23387450636243967,0.2540587977182975,0.2387011847301448,0.27336551118911806
0.2247585601404741,0.2581211589113257,0.24539069359086918,0.271729587357331
0.22811671087533156,0.2546419098143236,0.248894783377542,0.26834659593280286
0.22202486678507993,0.2531083481349911,0.25133214920071045,0.27353463587921845
0.2250987275120667,0.24879333040807372,0.2544975866608161,0.27161035541904344
0.2223202470224967,0.24878694309660343,0.25319805910895454,0.27569475077194533
0.21453590192644484,0.2521891418563923,0.25569176882662,0.2775831873905429
0.22125435540069685,0.2530487804878049,0.25609756097560976,0.2695993031358885
0.22324561403508772,0.25921052631578945,0.2543859649122807,0.2631578947368421
0.2247141600703606,0.26868953386103783,0.24538258575197888,0.2612137203166227
0.22984409799554567,0.26458797327394207,0.244543429844098,0.26102449888641427
0.23415492957746478,0.2676056338028169,0.23987676056338028,0.258362676056338
0.23070097604259096,0.2688553682342502,0.23868677905944988,0.26175687666370895
0.22873512560599382,0.2736888497135302,0.23666813574261789,0.2609078889378581
0.23273207215134184,0.27276726792784867,0.2336119665640123,0.2608886933567972
0.22820849759088918,0.27376259307928164,0.23740692071835304,0.2606219886114761
0.22690941385435168,0.27264653641207814,0.24378330373001778,0.2566607460035524
0.22042068361086767,0.27300613496932513,0.2467134092900964,0.2598597721297108
0.21873619089703933,0.27485638532920903,0.24436588599204595,0.2620415377817057
0.22304670449585334,0.27149716281099956,0.24836316019205587,0.2570929725010912
0.22431957857769974,0.27480245829675154,0.252414398595259,0.24846356453028973
0.225692916849978,0.27496700395952484,0.2498900131984162,0.24945006599208094
0.23148148148148148,0.2689594356261023,0.2517636684303351,0.24779541446208111
0.2254945054945055,0.27076923076923076,0.2523076923076923,0.25142857142857145
0.22758920800696258,0.2693646649260226,0.2515230635335074,0.2515230635335074
0.23524229074889869,0.26519823788546254,0.25022026431718064,0.24933920704845816
0.23677248677248677,0.263668430335097,0.25308641975308643,0.2464726631393298
0.23249669749009247,0.2655217965653897,0.2531924262439454,0.24878907970057243
0.2307353588727433,0.2637604579480405,0.2531924262439454,0.2523117569352708
0.22891036906854131,0.2583479789103691,0.2552724077328647,0.25746924428822493
0.22421328671328672,0.2618006993006993,0.2548076923076923,0.25917832167832167
