C,D,Oc,Od
1.0,0.0,0.0,0.0
1.0,0.0,0.0,0.0
1.0,0.0,0.0,0.0
0.8,0.0,0.0,0.2
0.625,0.25,0.0,0.125
0.46153846153846156,0.23076923076923078,0.15384615384615385,0.15384615384615385
0.5,0.1875,0.1875,0.125
0.5555555555555556,0.16666666666666666,0.1111111111111111,0.16666666666666666
0.6,0.12,0.08,0.2
0.5,0.15384615384615385,0.07692307692307693,0.2692307692307692
0.47368421052631576,0.10526315789473684,0.15789473684210525,0.2631578947368421
0.391304347826087,0.13043478260869565,0.15217391304347827,0.32608695652173914
0.4067796610169492,0.1016949152542373,0.13559322033898305,0.3559322033898305
0.44594594594594594,0.12162162162162163,0.08108108108108109,0.35135135135135137
0.47619047619047616,0.09523809523809523,0.06666666666666667,0.3619047619047619
0.4666666666666667,0.1037037037037037,0.06666666666666667,0.362962962962963
0.44047619047619047,0.11904761904761904,0.05357142857142857,0.3869047619047619
0.44075829383886256,0.11848341232227488,0.052132701421800945,0.3886255924170616
0.4103585657370518,0.12350597609561753,0.05976095617529881,0.4063745019920319
0.38283828382838286,0.11221122112211221,0.066006600660066,0.4389438943894389
0.36314363143631434,0.1111111111111111,0.08130081300813008,0.4444444444444444
0.3378076062639821,0.11185682326621924,0.09619686800894854,0.4541387024608501
0.32427184466019415,0.11262135922330097,0.1029126213592233,0.4601941747572815
0.30976430976430974,0.1111111111111111,0.11616161616161616,0.46296296296296297
0.3140376266280753,0.10564399421128799,0.11577424023154848,0.4645441389290883
0.30916030534351147,0.10687022900763359,0.1183206106870229,0.46564885496183206
0.31158605174353204,0.11023622047244094,0.11361079865016872,0.4645669291338583
0.30885311871227367,0.1096579476861167,0.12575452716297786,0.4557344064386318
0.30087719298245613,0.10877192982456141,0.11315789473684211,0.47719298245614034
0.30095541401273884,0.11703821656050956,0.11385350318471338,0.4681528662420382
0.2954876273653566,0.11935953420669577,0.11717612809315867,0.46797671033478894
0.3037037037037037,0.11582491582491583,0.11515151515151516,0.4653198653198653
0.3023255813953488,0.11879321181646763,0.11313639220615965,0.4657448145820239
0.3013126491646778,0.11515513126491647,0.11396181384248211,0.46957040572792363
0.295662100456621,0.11700913242009132,0.11700913242009132,0.4703196347031963
0.2962561041779707,0.11720021703743896,0.11394465545306566,0.4725990233315247
0.2961038961038961,0.11428571428571428,0.11532467532467533,0.4742857142857143
0.29909819639278556,0.11322645290581163,0.11573146292585171,0.47194388777555113
0.3001464128843338,0.11029770619814544,0.11566617862371889,0.47388970229380184
0.30009541984732824,0.10877862595419847,0.11545801526717557,0.4756679389312977
0.2993421052631579,0.11137218045112782,0.11043233082706767,0.47885338345864664
0.30275229357798167,0.10733944954128441,0.11376146788990826,0.4761467889908257
0.29995468962392385,0.10783869506116901,0.11554145899410966,0.4766651563207975
0.3022421524663677,0.10807174887892376,0.10941704035874439,0.4802690582959641
0.29203935599284436,0.10822898032200358,0.11270125223613596,0.4870304114490161
0.2955264347040217,0.1043831902394939,0.10799819249887031,0.4920921825576141
0.2963458110516934,0.10071301247771836,0.10338680926916222,0.49955436720142604
0.2926829268292683,0.09711751662971176,0.1024390243902439,0.5077605321507761
0.29697239536954584,0.09973285841495994,0.10329474621549421,0.5
0.29960229783473263,0.10605391073795846,0.09986743261157756,0.4944763588157313
0.3023992756903576,0.10411951109099139,0.10004526935264826,0.4934359438660027
0.2962796952039444,0.105333930972658,0.1004034065441506,0.49798296727924696
0.29427430093209056,0.1083000443852641,0.10297381269418553,0.4944518419884598
0.2890380313199105,0.11096196868008948,0.09888143176733781,0.5011185682326622
0.28844444444444445,0.11022222222222222,0.096,0.5053333333333333
0.2849557522123894,0.11460176991150442,0.09469026548672567,0.5057522123893805
0.2900964066608238,0.11481156879929887,0.0915863277826468,0.5035056967572304
0.2957871396895787,0.11662971175166297,0.09090909090909091,0.49667405764966743
0.29820725841714035,0.10975076519457805,0.09138609532138173,0.5006558810668998
0.3019867549668874,0.11214128035320088,0.09050772626931568,0.495364238410596
0.3022847100175747,0.11028119507908611,0.09182776801405976,0.4956063268892794
0.2996057818659658,0.11038107752956636,0.08891809023215068,0.5010950503723172
0.2942222222222222,0.116,0.08844444444444445,0.5013333333333333
0.29188948306595364,0.11586452762923351,0.08912655971479501,0.5031194295900179
0.29007971656333037,0.12090345438441098,0.0845881310894597,0.504428697962799
0.28232662192393737,0.12170022371364653,0.08993288590604027,0.5060402684563758
0.2888198757763975,0.11668145519077196,0.09272404614019521,0.5017746228926353
0.28653931585961795,0.11239449133718347,0.09062638827187916,0.5104398045313194
0.28482697426796805,0.10913930789707187,0.08961845607808341,0.5164152617568767
0.29030837004405285,0.10704845814977973,0.09162995594713656,0.5110132158590308
0.2956058588548602,0.10608078118064802,0.08699511762094984,0.511318242343542
0.2864816472694718,0.10653536257833482,0.0837063563115488,0.5232766338406446
0.2953138815207781,0.10654288240495137,0.08178603006189213,0.5163572060123784
0.2964269960299956,0.10674900749889722,0.08028231142479048,0.5165416850463167
0.29219920669898636,0.10973997355663288,0.08373732921992066,0.5143234905244601
0.29595015576323985,0.105028927458834,0.08500222518914108,0.514018691588785
0.29388297872340424,0.10549645390070922,0.08067375886524823,0.5199468085106383
0.28991971454058874,0.10303300624442462,0.08206958073148975,0.5249776984834968
0.286544479213232,0.10460438086723291,0.0773357174787662,0.5315154224407689
0.28812056737588654,0.10062056737588652,0.07712765957446809,0.5341312056737588
0.2800177226406735,0.1023482498892335,0.07975188303057155,0.5378821444395215
0.28138718173836696,0.10184372256365233,0.08252853380158033,0.5342405618964003
0.2842058952925649,0.10338759348878135,0.08007039155301364,0.5323361196656401
0.288135593220339,0.09143621766280106,0.08340767172167707,0.5370205173951829
0.2802519118308592,0.09086819613135402,0.08007197480881692,0.5488079172289698
0.2784471218206158,0.09013833110218653,0.0785363676929942,0.5528781793842035
0.2710655372269282,0.08649130628622381,0.07623718234507357,0.5662059741417744
0.27684117125110913,0.08473824312333629,0.0771960958296362,0.5612244897959183
0.2783641160949868,0.08047493403693931,0.07519788918205805,0.5659630606860159
0.2860290877038343,0.08109299250771265,0.07227853680035258,0.5605993829881005
0.2868525896414343,0.08366533864541832,0.07215582115980522,0.5573262505533422
0.29155672823219,0.07959542656112577,0.0712401055408971,0.5576077396657871
0.28565140845070425,0.08230633802816902,0.06910211267605634,0.5629401408450704
0.2809038546743465,0.0824102791315906,0.07310589277802393,0.5635799734160389
0.28118113706478626,0.07933010136624064,0.0740414279418246,0.5654473336271485
0.2807250221043324,0.07824933687002653,0.07206012378426171,0.5689655172413793
0.28053097345132744,0.07964601769911504,0.06991150442477877,0.5699115044247788
0.2734513274336283,0.0827433628318584,0.0747787610619469,0.5690265486725664
0.27224669603524226,0.08105726872246696,0.07312775330396476,0.573568281938326
0.27485638532920903,0.0764471939902784,0.07423773751657092,0.5744586831639417
0.27244718309859156,0.07482394366197183,0.07658450704225352,0.5761443661971831
0.2650442477876106,0.07566371681415929,0.08230088495575222,0.5769911504424778
0.2609841827768014,0.07644991212653779,0.08216168717047452,0.5804042179261862
0.26048565121412803,0.0772626931567329,0.08035320088300221,0.5818984547461369
0.2601880877742947,0.0747872816838334,0.08016121809225257,0.5848634124496194
0.25945705384957723,0.07521139296840232,0.07699154428126391,0.5883400089007566
0.2528837622005324,0.07630878438331855,0.07808340727595386,0.5927240461401952
0.25519681556833257,0.0734188412206988,0.07386112339672711,0.5975232198142415
0.2559576345984113,0.06972639011473963,0.07546337157987644,0.5988526037069727
0.25155004428697963,0.07351638618246235,0.07661647475642161,0.5983170947741364
0.25197541703248466,0.07506584723441616,0.0733099209833187,0.5996488147497805
0.2540587977182975,0.07064501974550241,0.0732777534006143,0.6020184291355858
0.2507767421216156,0.0723479804704838,0.07057256990679095,0.6063027075011096
0.2484608619173263,0.0743183817062445,0.07080035180299032,0.6064204045734388
0.24845814977973568,0.0762114537444934,0.07268722466960352,0.6026431718061674
0.24314765694076038,0.07250221043324491,0.0694076038903625,0.6149425287356322
0.24441524310118265,0.07621550591327202,0.07095926412614981,0.6084099868593955
0.24046140195208518,0.07453416149068323,0.07364685004436557,0.611357586512866
0.2481001341081806,0.0773357174787662,0.07107733571747876,0.6034868126955745
0.24593048834139902,0.08007039155301364,0.0686317641882974,0.60536735591729
0.25342163355408387,0.07637969094922738,0.06710816777041943,0.6030905077262693
0.250330542089026,0.07668576465403261,0.07007492287351257,0.6029087703834288
0.25629695095006627,0.07821475916924436,0.06805125939019001,0.5974370304904993
0.246875,0.07455357142857143,0.06875,0.6098214285714286
0.2518847006651885,0.07494456762749446,0.06651884700665188,0.6066518847006652
0.2560386473429952,0.07378129117259552,0.06763285024154589,0.6025472112428634
0.24888691006233304,0.07390917186108638,0.07123775601068566,0.6059661620658949
0.25066666666666665,0.07377777777777778,0.06933333333333333,0.6062222222222222
0.25476295968099244,0.06911829862649535,0.06867523260965884,0.6074435090828534
0.249667994687915,0.06640106241699867,0.07082779991146525,0.6131031429836211
0.2498890368397692,0.06435863293386596,0.0723479804704838,0.6134043497558811
0.25033229951262737,0.06513070447496677,0.07000443066016837,0.6145325653522374
0.25142857142857145,0.0632967032967033,0.07164835164835165,0.6136263736263736
0.25283842794759825,0.06200873362445415,0.0703056768558952,0.6148471615720524
0.2607929515418502,0.05991189427312775,0.06784140969162995,0.6114537444933921
0.2570659488559892,0.059219380888290714,0.06998654104979811,0.6137281292059219
0.25231992929739283,0.05877154220061865,0.06672558550596554,0.622182942996023
0.25387682764731945,0.056712450155073105,0.06601683650863979,0.6233938856889677
0.25233229675699687,0.05508662816525989,0.06308307418924922,0.6294980008884941
0.24545051043053706,0.0559254327563249,0.06213936972924989,0.6364846870838882
0.2489977728285078,0.05790645879732739,0.061915367483296214,0.6311804008908686
0.2517605633802817,0.056338028169014086,0.05941901408450704,0.6324823943661971
0.2566607460035524,0.055062166962699825,0.05772646536412078,0.6305506216696269
0.25625274243089075,0.05440982887231242,0.058797718297498906,0.6305397103992979
0.2570298769771529,0.05228471001757469,0.05755711775043937,0.633128295254833
0.254737769942706,0.054649625385632436,0.05905685323931247,0.6315557514323491
0.25211958946898705,0.054439982150825524,0.06113342257920571,0.6323070058009818
0.25622775800711745,0.051601423487544484,0.05871886120996441,0.6334519572953736
0.25245316681534347,0.05084745762711865,0.060660124888492414,0.6360392506690455
0.24900662251655628,0.053863134657836646,0.06269315673289183,0.6344370860927152
0.2497789566755084,0.05305039787798409,0.0605658709106985,0.636604774535809
0.2523364485981308,0.0520694259012016,0.05696484201157098,0.6386292834890965
0.24911660777385158,0.05035335689045936,0.06139575971731449,0.6391342756183745
0.25341560158660204,0.050683120317320404,0.061260467166152494,0.6346408109299251
0.2470485351989506,0.05334499344118933,0.062090074333187584,0.6375163970266725
0.2523447967842787,0.055381866904868245,0.06297454220634212,0.629298794104511
0.24477080551846908,0.05518469069870939,0.06408544726301736,0.6359590565198042
0.24656927844178841,0.056219566179725546,0.057104913678618856,0.6401062416998672
0.2456839309428951,0.05312084993359894,0.05754758742806552,0.6436476316954405
0.24735915492957747,0.05149647887323944,0.05501760563380282,0.6461267605633803
0.2513134851138354,0.053852889667250436,0.05604203152364273,0.6387915936952715
0.24543429844097994,0.057015590200445436,0.055233853006681516,0.6423162583518931
0.24821109123434704,0.059033989266547404,0.05232558139534884,0.6404293381037567
0.2478972996901284,0.05799026117751217,0.051350154935812305,0.6427622841965471
0.2458442694663167,0.0568678915135608,0.052930883639545054,0.6443569553805775
0.24370860927152319,0.0565121412803532,0.052980132450331126,0.6467991169977925
0.2393617021276596,0.05540780141843971,0.053634751773049646,0.651595744680851
0.24282560706401765,0.05474613686534217,0.053421633554083886,0.6490066225165563
0.24032042723631508,0.0529595015576324,0.0534045393858478,0.6533155318202047
0.2501114578689255,0.04993312527864467,0.05082478823004904,0.6491306286223807
0.24955516014234874,0.05204626334519573,0.05115658362989324,0.6472419928825622
0.24989020641194554,0.04962670180061485,0.050944224857268336,0.6495388669301713
0.2530647985989492,0.04859894921190893,0.05122591943957969,0.6471103327495622
0.25787838437638705,0.048823790501553485,0.05059920106524634,0.6426986240568131
0.25904677846425417,0.04942630185348632,0.05383936451897617,0.6376875551632833
0.2616740088105727,0.05110132158590308,0.052422907488986786,0.6348017621145374
0.25636523266022826,0.050921861281826165,0.051360842844600525,0.641352063213345
0.2567747667703243,0.04975566414926699,0.050644158151932475,0.6428254109284762
0.2615996464869642,0.049491825011047284,0.047724259832081305,0.6411842686699072
0.26452464788732394,0.047975352112676055,0.05017605633802817,0.6373239436619719
0.2611408199643494,0.04590017825311943,0.04679144385026738,0.6461675579322638
0.2616534740545295,0.047053649956024624,0.04353562005277045,0.6477572559366754
0.25803610744165567,0.046235138705416116,0.04579480405107882,0.6499339498018494
0.2567151034786438,0.04931748128577719,0.04667547335975341,0.6472919418758256
0.26065719360568385,0.0497335701598579,0.04706927175843695,0.6425399644760214
0.2558241758241758,0.05054945054945055,0.04923076923076923,0.6443956043956044
0.263901147396293,0.0498676081200353,0.04589585172109444,0.6403353927625772
0.2662251655629139,0.04856512141280353,0.046799116997792496,0.6384105960264901
0.26817375886524825,0.05230496453900709,0.044326241134751775,0.6351950354609929
0.26973684210526316,0.05263157894736842,0.04473684210526316,0.6328947368421053
0.26684397163120566,0.04875886524822695,0.04875886524822695,0.6356382978723404
0.26123348017621145,0.052422907488986786,0.048458149779735685,0.6378854625550661
0.26681318681318683,0.05186813186813187,0.047472527472527476,0.6338461538461538
0.26860413914575076,0.05416116248348745,0.04535446939674152,0.6318802289740203
0.26102292768959434,0.05599647266313933,0.04938271604938271,0.6335978835978836
0.26532399299474607,0.06085814360770578,0.04816112084063047,0.6256567425569177
0.2623674911660777,0.062279151943462896,0.04902826855123675,0.6263250883392226
0.2715994683207798,0.06202924235711121,0.05050952591936198,0.615861763402747
0.26643140714600794,0.061755624172915746,0.0529333921482135,0.6188795765328629
0.27066666666666667,0.06088888888888889,0.05422222222222222,0.6142222222222222
0.2596026490066225,0.060044150110375276,0.05695364238410596,0.6233995584988963
0.2674315975286849,0.06090026478375993,0.05472197705207414,0.616946160635481
0.2669039145907473,0.06272241992882563,0.059163701067615655,0.6112099644128114
0.26563876651982377,0.05859030837004405,0.06079295154185022,0.614977973568282
0.26433260393873087,0.05820568927789934,0.05951859956236324,0.6179431072210065
0.25748770675011173,0.05632543585158695,0.05766651765757711,0.6285203397407242
0.2629253203711887,0.054352629253203714,0.058329650905877155,0.6243923994697305
0.26117751217352814,0.05444887118193891,0.06285967242142541,0.6215139442231076
0.26060070671378094,0.05786219081272085,0.06007067137809187,0.6214664310954063
0.2631346578366446,0.05695364238410596,0.058719646799116995,0.6211920529801325
0.2626970227670753,0.05647985989492119,0.06042031523642732,0.6204028021015762
0.2580213903743315,0.05614973262032086,0.059269162210338684,0.6265597147950089
0.2546337157987643,0.05472197705207414,0.0617828773168579,0.6288614298323036
0.2513345195729537,0.05693950177935943,0.06316725978647687,0.62855871886121
0.2522163120567376,0.057180851063829786,0.0625,0.6281028368794326
0.24734513274336284,0.05619469026548673,0.06415929203539823,0.6323008849557522
0.2504416961130742,0.05653710247349823,0.0636042402826855,0.6294169611307421
0.255659121171771,0.056369285397248114,0.06213936972924989,0.625832223701731
0.26115775519222273,0.05567830313742819,0.05700397702165267,0.6261599646486964
0.2616863259065094,0.05854084753167322,0.057667103538663174,0.6221057230231543
0.26108156028368795,0.05673758865248227,0.054078014184397165,0.6281028368794326
0.26906222611744085,0.05390008764241893,0.05214723926380368,0.6248904469763366
0.2703306523681859,0.05674709562109026,0.05361930294906166,0.6193029490616622
0.2618520159503766,0.05582631812140009,0.05316792202038104,0.6291537439078423
0.2629955947136564,0.051541850220264314,0.051982378854625554,0.6334801762114537
0.25975177304964536,0.050975177304964536,0.057624113475177305,0.6316489361702128
0.2566021126760563,0.04973591549295775,0.058098591549295774,0.6355633802816901
0.2618101545253863,0.04900662251655629,0.05739514348785872,0.6317880794701987
0.2683677958644963,0.04839419269687637,0.056313242410910694,0.6269247690277167
0.2636727434415296,0.048910626945309024,0.0542463317029791,0.6331702979101823
0.2604400538841491,0.049842837898518184,0.05208801077682981,0.6376290974405029
0.25754884547069273,0.05106571936056838,0.047957371225577264,0.6434280639431617
0.26516157591854805,0.04648074369189907,0.046038069942452416,0.6423196104471005
0.2545454545454545,0.04611973392461197,0.04878048780487805,0.6505543237250554
0.25865848312143797,0.04910127137220517,0.04690925032880316,0.6453309951775537
0.2594547053649956,0.048812664907651716,0.047493403693931395,0.6442392260334213
0.2575957727873184,0.05019815059445178,0.047556142668428,0.6446499339498019
0.2561188811188811,0.043706293706293704,0.050699300699300696,0.6494755244755245
0.2514235654840123,0.04424003504161191,0.04993429697766097,0.6544021024967148
0.24812030075187969,0.044228217602830605,0.04997788589119859,0.6576735957540911
0.24497094322753687,0.04202056325435852,0.053196244970943225,0.6598122485471614
0.24611973392461198,0.043458980044345896,0.05232815964523282,0.6580931263858093
0.2479892761394102,0.04244861483467382,0.05093833780160858,0.6586237712243074
0.2462356067316209,0.04428697962798937,0.05137289636846767,0.6581045172719221
0.24900486510393632,0.04643962848297214,0.04953560371517028,0.6550199026979213
0.24956063268892795,0.04745166959578207,0.0492091388400703,0.6537785588752196
0.2514336127040141,0.04764005293339215,0.04852227613586237,0.6524040582267313
0.2576091751213057,0.04675782973092192,0.050727834142037936,0.6449051610057345
0.256092157731502,0.047851129818342934,0.04918032786885246,0.6468763845813026
0.2658782303985983,0.04818221638195357,0.04730617608409987,0.6386333771353482
0.25970017636684306,0.05114638447971781,0.046296296296296294,0.6428571428571429
0.26278659611992944,0.04982363315696649,0.046296296296296294,0.6410934744268078
0.26369257950530034,0.04858657243816254,0.04549469964664311,0.642226148409894
0.2598494909251881,0.04736609119079239,0.0451527224435591,0.6476316954404604
0.2612533097969991,0.04633715798764342,0.043689320388349516,0.6487202118270079
0.26722246599385696,0.0443176831943835,0.0451952610794208,0.6432645897323388
0.26146993318485523,0.040979955456570155,0.045879732739420934,0.6516703786191537
0.26275738585496866,0.04073410922112802,0.047000895255147716,0.6495076096687556
0.2559576345984113,0.04148278905560459,0.04633715798764342,0.6562224183583407
0.2584070796460177,0.04115044247787611,0.04469026548672567,0.6557522123893805
0.25763612217795484,0.04249667994687915,0.0451527224435591,0.6547144754316069
0.25863596102745795,0.04074402125775022,0.04384410983170948,0.6567759078830824
0.2606969563299515,0.04146449051610057,0.04543449492721659,0.6524040582267313
0.261443661971831,0.04401408450704225,0.045774647887323945,0.6487676056338029
0.2663115845539281,0.04571682201509099,0.04305370616955171,0.6449178872614292
0.26137377341659235,0.0463871543264942,0.04460303300624442,0.647636039250669
0.26810004387889425,0.04695041684949539,0.04168494953927161,0.6432645897323388
0.2659010600706714,0.04770318021201413,0.04063604240282685,0.6457597173144877
0.2650709219858156,0.04609929078014184,0.040336879432624116,0.6484929078014184
0.27107364685004437,0.04480922803904171,0.03904170363797693,0.645075421472937
0.2692822113241195,0.04502897904592064,0.03923316986179224,0.6464556397681677
0.2730496453900709,0.04476950354609929,0.0398936170212766,0.6422872340425532
0.27248322147651005,0.04876957494407159,0.03982102908277405,0.6389261744966444
0.2677619893428064,0.05017761989342807,0.03952042628774423,0.6425399644760214
0.26938413823659724,0.05095259193619849,0.04209127159946832,0.6375719982277359
0.26866990720282813,0.0552364118426867,0.0410958904109589,0.6349977905435263
0.262854609929078,0.05585106382978723,0.044326241134751775,0.636968085106383
0.26257722859664606,0.05119152691968226,0.04457193292144748,0.6416593115622242
0.26387665198237886,0.05066079295154185,0.04405286343612335,0.641409691629956
0.2640597539543058,0.05140597539543058,0.043497363796133566,0.6410369068541301
0.26672535211267606,0.047975352112676055,0.04401408450704225,0.6412852112676056
0.26499118165784835,0.048500881834215165,0.04188712522045855,0.644620811287478
0.2697777777777778,0.049777777777777775,0.04133333333333333,0.6391111111111111
0.2673179396092362,0.04884547069271759,0.03952042628774423,0.644316163410302
0.2665482007996446,0.047090182141270545,0.03820524211461573,0.6481563749444691
0.25907883082373784,0.046058458813108945,0.038529672276350756,0.6563330380868024
0.2664298401420959,0.047513321492007106,0.03818827708703375,0.6478685612788633
0.26104240282685515,0.04770318021201413,0.03975265017667844,0.6515017667844523
0.2653606411398041,0.047640249332146035,0.039180765805877114,0.6478183437221727
0.2679195804195804,0.04632867132867133,0.039335664335664336,0.646416083916084
0.26610767872903796,0.04810238305383936,0.038393645189761696,0.647396293027361
0.25975177304964536,0.047872340425531915,0.03723404255319149,0.6551418439716312
0.2629253203711887,0.04286345558992488,0.03800265134776845,0.656208572691118
0.26887003126395714,0.0401965163019205,0.03974988834301027,0.6511835640911121
0.2718832891246684,0.040229885057471264,0.04111405835543767,0.6467727674624226
0.2678492239467849,0.03902439024390244,0.03991130820399113,0.6532150776053215
0.27028218694885364,0.04188712522045855,0.037037037037037035,0.6507936507936508
0.26444833625218916,0.043345008756567424,0.03677758318739054,0.6554290718038529
0.2666372851476421,0.044072278536800354,0.03525782282944028,0.6540326134861172
0.26439326837909655,0.04472984942426927,0.034100974313551816,0.6567759078830824
0.26123348017621145,0.044933920704845816,0.035682819383259914,0.6581497797356828
0.2607929515418502,0.04801762114537445,0.03788546255506608,0.6533039647577092
0.2629955947136564,0.04581497797356828,0.04052863436123348,0.6506607929515419
0.2621272808188696,0.04450378282153983,0.03960836671117045,0.6537605696484201
0.25846153846153846,0.045714285714285714,0.04087912087912088,0.654945054945055
0.258688957325121,0.044434667839859214,0.04003519577650682,0.656841179058513
0.2625994694960212,0.04111405835543767,0.04155614500442087,0.6547303271441203
0.2675496688741722,0.04150110375275938,0.04105960264900662,0.6498896247240619
0.26237406920718354,0.04161191414805081,0.04161191414805081,0.6544021024967148
0.2578090629124505,0.03915530136383634,0.04355477342718874,0.6594808622965244
0.25252969643642764,0.03915530136383634,0.04839419269687637,0.6599208095028597
0.25,0.038461538461538464,0.04785330948121646,0.6636851520572451
0.2504393673110721,0.03690685413005272,0.04481546572934974,0.6678383128295254
0.2521083000443853,0.03595206391478029,0.045272969374167776,0.6666666666666666
0.2511013215859031,0.039647577092511016,0.04669603524229075,0.6625550660792952
0.257908611599297,0.04130052724077329,0.046133567662565905,0.6546572934973638
0.25355239786856126,0.043516873889875664,0.04884547069271759,0.6540852575488455
0.2558654271801682,0.044710048694112436,0.048251438689685705,0.6511730854360337
0.2640176600441501,0.047240618101545256,0.04900662251655629,0.6397350993377483
0.26444833625218916,0.04859894921190893,0.04947460595446585,0.637478108581436
0.26887417218543047,0.046357615894039736,0.04768211920529802,0.6370860927152318
0.27296703296703295,0.04967032967032967,0.05098901098901099,0.6263736263736264
0.27543314082629944,0.04975566414926699,0.0519768991559307,0.6228342958685029
0.267226148409894,0.04902826855123675,0.053003533568904596,0.6307420494699647
0.27732974910394265,0.044802867383512544,0.053315412186379925,0.6245519713261649
0.28051486906347095,0.0492676431424767,0.05503772747447847,0.6151797603195739
0.2834507042253521,0.047975352112676055,0.05413732394366197,0.6144366197183099
0.2879188712522046,0.04673721340388007,0.05555555555555555,0.6097883597883598
0.2920901458241273,0.048608042421564294,0.053468846663720725,0.6058329650905877
0.29078947368421054,0.04824561403508772,0.04956140350877193,0.6114035087719298
0.28824049513704686,0.05172413793103448,0.04907161803713528,0.6109637488947833
0.2871111111111111,0.049777777777777775,0.050666666666666665,0.6124444444444445
0.2873051224944321,0.048106904231625836,0.05033407572383074,0.6142538975501114
0.2872200263504611,0.04567413263065437,0.05006587615283267,0.6170399648660518
0.2852706299911269,0.04791481810115351,0.05013309671694765,0.616681455190772
0.2867225408028231,0.04852227613586237,0.04852227613586237,0.6162329069254522
0.2837659480862297,0.047954245490541135,0.047954245490541135,0.6203255609326881
0.2884108867427568,0.04784899034240562,0.04741000877963126,0.6163301141352063
0.29313380281690143,0.04709507042253521,0.04445422535211268,0.6153169014084507
0.2914462081128748,0.04717813051146384,0.04409171075837742,0.6172839506172839
0.2908296943231441,0.04759825327510917,0.043668122270742356,0.6179039301310044
0.2970471573380344,0.048920229175848394,0.04363155575143235,0.6104010577346849
0.29696436427628686,0.04575450945886494,0.04575450945886494,0.6115266168059833
0.2920747996438112,0.04452359750667854,0.04630454140694568,0.6170970614425646
0.29080510338759347,0.04267487901451826,0.04663440387153542,0.6198856137263529
0.2910943730615862,0.043420469649977846,0.046964997784669914,0.618520159503766
0.2866666666666667,0.041777777777777775,0.048,0.6235555555555555
0.29568697198755,0.04313028012449978,0.04757670075589151,0.6136060471320587
0.2914285714285714,0.04263736263736264,0.04483516483516484,0.6210989010989011
0.2865934065934066,0.046153846153846156,0.045714285714285714,0.6215384615384615
0.2842572062084257,0.04745011086474501,0.04656319290465632,0.6217294900221729
0.2795604395604396,0.04923076923076923,0.044395604395604395,0.6268131868131868
0.2751971954425942,0.050394390885188434,0.043382997370727434,0.6310254163014899
0.27792436235708,0.051011433597185574,0.0426561125769569,0.6284080914687775
0.2753108348134991,0.055062166962699825,0.043516873889875664,0.6261101243339254
0.2747105966162066,0.05609973285841496,0.04140694568121104,0.6277827248441674
0.2714669051878354,0.05411449016100179,0.04382826475849732,0.6305903398926654
0.26481149012567323,0.05475763016157989,0.04757630161579892,0.6328545780969479
0.26570680628272253,0.053228621291448515,0.04799301919720768,0.6330715532286213
0.26894107221976077,0.052281789986708016,0.04652193176783341,0.6322552060256978
0.26849800620292424,0.05361098803721755,0.04873726185201595,0.6291537439078423
0.27028218694885364,0.053791887125220456,0.048500881834215165,0.6274250440917107
0.2635726795096322,0.053415061295971976,0.04509632224168126,0.6379159369527145
0.2598494909251881,0.0566622399291722,0.046038069942452416,0.6374501992031872
0.2605042016806723,0.05572755417956656,0.048651039363113664,0.6351172047766475
0.25983208130799823,0.05302695536897923,0.04639858594785683,0.6407423773751657
0.2609271523178808,0.052097130242825605,0.04768211920529802,0.6392935982339956
0.26060070671378094,0.05079505300353357,0.045936395759717315,0.6426678445229682
0.26033421284080915,0.04925241864555849,0.047493403693931395,0.6429199648197009
0.2663736263736264,0.047032967032967034,0.04879120879120879,0.6378021978021978
0.2680140597539543,0.046133567662565905,0.05052724077328647,0.6353251318101933
0.27030625832223704,0.045272969374167776,0.05148690634709276,0.6329338659565025
0.2697921273772667,0.04599734630694383,0.05616983635559487,0.6280406899601946
0.2673179396092362,0.04396092362344583,0.06039076376554174,0.6283303730017762
0.27268683274021355,0.04181494661921708,0.06005338078291815,0.6254448398576512
0.26763668430335097,0.04144620811287478,0.059082892416225746,0.6318342151675485
0.2674933569530558,0.03941541186891054,0.0562444641275465,0.6368467670504872
0.27087033747779754,0.03907637655417407,0.052397868561278864,0.6376554174067496
0.27167630057803466,0.0377945753668297,0.05113383726100489,0.6393952867941307
0.2703306523681859,0.03798033958891868,0.05317247542448615,0.6385165326184093
0.27458834000890076,0.03693813974187806,0.0520694259012016,0.6364040943480196
0.26851851851851855,0.03747795414462081,0.05202821869488536,0.6419753086419753
0.26570048309178745,0.03645147123407993,0.050944224857268336,0.6469038208168643
0.26449912126537783,0.04173989455184534,0.05360281195079086,0.6401581722319859
0.2641843971631206,0.041666666666666664,0.05274822695035461,0.6414007092198581
0.2680549401860877,0.04031900753212229,0.05183872396987151,0.6397873283119184
0.26486246672582076,0.04214729370008873,0.05368234250221828,0.6393078970718722
0.27055702917771884,0.04155614500442087,0.05349248452696728,0.634394341290893
0.2616946160635481,0.04457193292144748,0.052515445719329215,0.6412180052956752
0.2641843971631206,0.0425531914893617,0.053634751773049646,0.6396276595744681
0.26906028368794327,0.044326241134751775,0.05319148936170213,0.6334219858156028
0.2694663167104112,0.04374453193350831,0.05599300087489064,0.6307961504811899
0.2689594356261023,0.04585537918871252,0.05423280423280423,0.6309523809523809
0.26755555555555555,0.04888888888888889,0.05555555555555555,0.628
0.2669305189094107,0.047053649956024624,0.054969217238346524,0.6310466138962181
0.26565295169946335,0.04606440071556351,0.05411449016100179,0.6341681574239714
0.2661361626878868,0.04509283819628647,0.05481874447391689,0.6339522546419099
0.25864332603938733,0.045076586433260395,0.053829321663019694,0.6424507658643326
0.26301853486319504,0.04589585172109444,0.0529567519858782,0.6381288614298323
0.26681318681318683,0.04527472527472527,0.053626373626373625,0.6342857142857142
0.265962131219727,0.04711580801409071,0.05239982386613826,0.6345222369000441
0.26796805678793256,0.05013309671694765,0.048802129547471165,0.6330967169476486
0.268788682581786,0.052166224580017684,0.048187444739168875,0.6308576480990274
0.2746478873239437,0.05193661971830986,0.04753521126760563,0.6258802816901409
0.263668430335097,0.05291005291005291,0.04673721340388007,0.63668430335097
0.2560106856634016,0.05609973285841496,0.04452359750667854,0.6433659839715049
0.25341560158660204,0.05729396209784046,0.04495372410753636,0.6443367122080211
0.2599645704162976,0.06111603188662533,0.046058458813108945,0.6328609388839681
0.2491150442477876,0.061061946902654866,0.04292035398230089,0.6469026548672566
0.24910873440285206,0.062388591800356503,0.04144385026737968,0.6470588235294118
0.24646643109540636,0.060954063604240286,0.04240282685512368,0.6501766784452296
0.2470485351989506,0.05902929602098819,0.041539134236991695,0.6523830345430696
0.2546501328609389,0.05890168290522586,0.042515500442869794,0.6439326837909655
0.25155832591273375,0.058771148708815675,0.04096170970614425,0.6487088156723063
0.25422222222222224,0.058222222222222224,0.043111111111111114,0.6444444444444445
0.24911816578483245,0.053791887125220456,0.0445326278659612,0.6525573192239859
0.2492239467849224,0.050110864745011086,0.04567627494456763,0.6549889135254989
0.24493392070484582,0.050220264317180616,0.04669603524229075,0.6581497797356828
0.24567627494456762,0.05055432372505543,0.04434589800443459,0.6594235033259424
0.24368630926007975,0.04873726185201595,0.04209127159946832,0.6654851572884359
0.24556737588652483,0.050088652482269506,0.043882978723404256,0.6604609929078015
0.24845814977973568,0.04537444933920705,0.04317180616740088,0.6629955947136564
0.2442781690140845,0.04225352112676056,0.04225352112676056,0.6712147887323944
0.241714538223597,0.04418912947414936,0.04242156429518339,0.6716747680070703
0.24281291463954002,0.04467049977885891,0.042459088898717384,0.6700574966828837
0.24012291483757683,0.043459174714661986,0.043459174714661986,0.6729587357330992
0.24271844660194175,0.043689320388349516,0.0441306266548985,0.6694616063548102
0.24635761589403973,0.04370860927152318,0.04282560706401766,0.6671081677704195
0.24336283185840707,0.04292035398230089,0.04336283185840708,0.6703539823008849
0.24078187472234563,0.04264771212794314,0.04175921812527766,0.6748111950244335
0.24271844660194175,0.0441306266548985,0.0410414827890556,0.6721094439541041
0.24406332453825857,0.047053649956024624,0.03825857519788918,0.6706244503078276
0.24534986713906112,0.045172719220549155,0.03720106288751107,0.6722763507528786
0.240473061760841,0.045116075339465614,0.037669732807709154,0.6767411300919842
0.23885209713024283,0.045474613686534215,0.04061810154525387,0.6750551876379691
0.24402125775022143,0.04384410983170948,0.04295837023914969,0.6691762621789193
0.23954205195948922,0.04447380008806693,0.04535446939674152,0.6706296785557023
0.23642030276046305,0.043187889581478185,0.04674977738201247,0.6736420302760463
0.2378449408672799,0.04467805519053877,0.04862023653088042,0.668856767411301
0.23897707231040563,0.0427689594356261,0.05026455026455026,0.667989417989418
0.2368888888888889,0.041777777777777775,0.051111111111111114,0.6702222222222223
0.23874070835155226,0.04285089637079143,0.05465675557498907,0.6637516397026673
0.23485183547103053,0.040689960194604156,0.05749668288367979,0.6669615214506855
0.22873512560599382,0.04275011018069634,0.05597179374173645,0.6725429704715734
0.22678571428571428,0.044642857142857144,0.05803571428571429,0.6705357142857142
0.22637362637362637,0.04395604395604396,0.05714285714285714,0.6725274725274726
0.23107926556202418,0.040304523063143756,0.055978504254366325,0.6726377071204658
0.2286343612334802,0.039207048458149776,0.057709251101321586,0.6744493392070484
0.22929652715939447,0.04140694568121104,0.05565449688334818,0.6736420302760463
0.2223210315695865,0.04490884837705647,0.05380168963983993,0.6789684304135171
0.22801590808661068,0.04551480335837384,0.052585064074237735,0.6738842244807778
0.2265315116791538,0.04627589246364037,0.05200528867342442,0.6751873071837814
0.22806236080178174,0.05211581291759466,0.05077951002227171,0.6690423162583519
0.22839506172839505,0.04805996472663139,0.04497354497354497,0.6785714285714286
0.22691292875989447,0.047493403693931395,0.04529463500439754,0.6802990325417766
0.23162583518930957,0.042761692650334075,0.04365256124721604,0.6819599109131403
0.23642030276046305,0.0396260017809439,0.0396260017809439,0.6843276936776491
0.23165340406719717,0.03978779840848806,0.03978779840848806,0.6887709991158267
0.23312611012433393,0.040408525754884544,0.03818827708703375,0.6882770870337478
0.23518930957683742,0.037416481069042315,0.037416481069042315,0.689977728285078
0.22896368467670505,0.038529672276350756,0.03897254207263064,0.6935341009743136
0.22869757174392935,0.04061810154525387,0.037527593818984545,0.6931567328918322
0.22934158197083518,0.03844454264250994,0.03711886875828546,0.6950950066283694
0.23046532045654083,0.038191395961369626,0.038191395961369626,0.6931518876207199
0.2288888888888889,0.04088888888888889,0.03911111111111111,0.6911111111111111
0.23371989295272078,0.04192685102586976,0.03612845673505798,0.6882247992863515
0.2319290465631929,0.03991130820399113,0.03725055432372506,0.6909090909090909
0.23029502421840597,0.041831792162043156,0.041391457507705856,0.686481726111845
0.22821760283060594,0.04290137107474569,0.043343653250773995,0.6855373728438744
0.23204179364388333,0.04092294296909012,0.04005224205485416,0.6869830213321724
0.23459507042253522,0.03961267605633803,0.03961267605633803,0.6861795774647887
0.22849580943978826,0.04058226731363035,0.0388178209086899,0.6921041023378914
0.23087071240105542,0.03825857519788918,0.03825857519788918,0.6926121372031663
0.23083778966131907,0.03877005347593583,0.040106951871657755,0.6902852049910874
0.22579225352112675,0.03961267605633803,0.03961267605633803,0.6949823943661971
0.22594880847308033,0.03751103265666372,0.038834951456310676,0.6977052074139453
0.22583479789103691,0.03910369068541301,0.03954305799648506,0.695518453427065
0.22547714158899246,0.04305370616955171,0.040390590324012425,0.6910785619174434
0.22799295774647887,0.04137323943661972,0.037411971830985914,0.6932218309859155
0.22653862941946748,0.04321257092972501,0.03753819292885203,0.6927106067219555
0.2251216275984078,0.040689960194604156,0.038920831490490936,0.6952675807164971
0.22173531989482909,0.04513584574934268,0.03856266432953549,0.6945661700262927
0.22768828907270353,0.04092294296909012,0.037875489769264255,0.6935132781889422
0.22735346358792186,0.03952042628774423,0.040408525754884544,0.6927175843694494
0.22606382978723405,0.0425531914893617,0.04343971631205674,0.6879432624113475
0.2316209034543844,0.04428697962798937,0.04384410983170948,0.6802480070859167
0.2236607142857143,0.04330357142857143,0.044642857142857144,0.6883928571428571
0.22333916083916083,0.04283216783216783,0.045454545454545456,0.6883741258741258
0.21656333038086803,0.04074402125775022,0.047829937998228524,0.6948627103631533
0.22291296625222023,0.03952042628774423,0.047957371225577264,0.6896092362344582
0.2252332296756997,0.03598400710795202,0.050199911150599734,0.6885828520657485
0.22803163444639718,0.035588752196836555,0.05492091388400703,0.6814586994727593
0.2241455836662228,0.03861517976031957,0.052374611628939194,0.6848646249445184
0.2220744680851064,0.03723404255319149,0.04920212765957447,0.6914893617021277
0.22613286405631325,0.03915530136383634,0.049714034315882095,0.6849978002639683
0.227797513321492,0.03818827708703375,0.051953818827708706,0.6820603907637656
0.22168141592920354,0.04026548672566372,0.05265486725663717,0.6853982300884955
0.22079075966237227,0.041314971123944916,0.050644158151932475,0.6872501110617504
0.21843154630039877,0.03943287549844927,0.05095259193619849,0.6911829862649534
0.21964050854888206,0.03638754932047348,0.0530469092503288,0.6909250328803157
0.22690941385435168,0.03641207815275311,0.0563943161634103,0.6802841918294849
0.22295514511873352,0.036499560246262094,0.05321020228671944,0.6873350923482849
0.22076215505913271,0.03810775295663601,0.05081033727551467,0.6903197547087166
0.22315140845070422,0.042693661971830985,0.04621478873239437,0.6879401408450704
0.21941489361702127,0.04565602836879433,0.04609929078014184,0.6888297872340425
0.21843154630039877,0.04474966770048737,0.05183872396987151,0.6849800620292423
0.2169853268119164,0.04357492218763895,0.052912405513561585,0.6865273454868831
0.21141088014153028,0.04732419283502875,0.0513047324192835,0.6899601946041575
0.21256038647342995,0.046991655687307864,0.052261747913921824,0.6881862099253404
0.21594393342093737,0.04862023653088042,0.04949627682873412,0.6859395532194481
0.21658579620644022,0.04808116453462726,0.04631671812968681,0.6890163211292457
0.21731526016615654,0.045911674682990816,0.04634892872759073,0.690424136423262
0.21750663129973474,0.046419098143236075,0.050397877984084884,0.6856763925729443
0.2177348551360843,0.04697102721685689,0.050921861281826165,0.6843722563652327
0.22241604884430877,0.044483209768861755,0.05233318796336677,0.6807675534234627
