C,D,Oc,Od
0.0,1.0,0.0,0.0
0.0,1.0,0.0,0.0
0.0,0.8461538461538461,0.0,0.15384615384615385
0.0,0.8636363636363636,0.0,0.13636363636363635
0.0,0.8108108108108109,0.05405405405405406,0.13513513513513514
0.0,0.8095238095238095,0.047619047619047616,0.14285714285714285
0.020833333333333332,0.78125,0.052083333333333336,0.14583333333333334
0.036231884057971016,0.7463768115942029,0.050724637681159424,0.16666666666666666
0.04522613065326633,0.6984924623115578,0.07035175879396985,0.18592964824120603
0.06037735849056604,0.6339622641509434,0.07924528301886792,0.22641509433962265
0.07536231884057971,0.6,0.06956521739130435,0.25507246376811593
0.08849557522123894,0.5597345132743363,0.08849557522123894,0.26327433628318586
0.09156193895870736,0.533213644524237,0.0933572710951526,0.28186714542190305
0.1071932299012694,0.5077574047954866,0.09732016925246827,0.28772919605077574
0.12455516014234876,0.4875444839857651,0.10676156583629894,0.28113879003558717
0.13768115942028986,0.4575569358178054,0.11283643892339544,0.2919254658385093
0.13848920863309352,0.45593525179856115,0.11600719424460432,0.289568345323741
0.15224358974358973,0.4342948717948718,0.11858974358974358,0.2948717948717949
0.1560904449307075,0.43471918307804525,0.11524434719183078,0.2939460247994165
0.1702557200538358,0.42732166890982504,0.10430686406460296,0.2981157469717362
0.1694915254237288,0.4174513496547395,0.10797237915881984,0.3050847457627119
0.18160515524311657,0.40597539543058,0.10076157000585823,0.31165787932044525
0.1786504424778761,0.39988938053097345,0.09955752212389381,0.3219026548672566
0.18473684210526317,0.3821052631578947,0.1,0.3331578947368421
0.1882591093117409,0.37955465587044535,0.10374493927125505,0.3284412955465587
0.18973862536302033,0.3702807357212004,0.10309777347531461,0.33688286544046464
0.18916394208313872,0.36524988323213453,0.10042036431574031,0.34516581036898647
0.19257221458046767,0.35900962861072905,0.09903713892709766,0.3493810178817056
0.19218819351975144,0.35730137594318684,0.09764758100310697,0.35286284953395475
0.19656992084432717,0.3575197889182058,0.0932277924362357,0.3526824978012313
0.18920105355575065,0.3555750658472344,0.10008779631255488,0.35513608428446003
0.18785745710514737,0.35239771227452704,0.10338759348878135,0.3563572371315442
0.19064587973273942,0.34743875278396436,0.10111358574610245,0.36080178173719374
0.19220549158547387,0.34233835252435785,0.10761736049601417,0.35783879539415414
0.18802660753880265,0.34235033259423503,0.10953436807095343,0.3600886917960089
0.182175622542595,0.3420707732634338,0.11402359108781127,0.3617300131061599
0.18777679362267494,0.3365810451727192,0.112488928255093,0.36315323294951285
0.17927415828596416,0.33712286838653255,0.11324879755137734,0.37035417577612595
0.1777875329236172,0.3340649692712906,0.11457418788410886,0.3735733099209833
0.18205689277899342,0.3347921225382932,0.11684901531728666,0.3663019693654267
0.18169934640522875,0.3359477124183007,0.12113289760348583,0.36122004357298476
0.17979528259902092,0.3391188251001335,0.12372051624388072,0.35736537605696483
0.18245923314235346,0.34023799030409874,0.124724548259145,0.35257822829440283
0.18054338299737072,0.34312007011393514,0.1231375985977213,0.3531989482909728
0.18101545253863136,0.33951434878587194,0.12494481236203091,0.3545253863134658
0.1799034664326459,0.34488810881965776,0.12066695919262835,0.354541465555068
0.18659658344283836,0.3381515549715287,0.12133158125273763,0.3539202803328953
0.18915343915343916,0.3368606701940035,0.11992945326278659,0.3540564373897707
0.1866258741258741,0.3356643356643357,0.1258741258741259,0.3518356643356643
0.18911803422553752,0.33742869679684073,0.12461605967529618,0.3488372093023256
0.19205002233139795,0.3403305046895936,0.12326931665922286,0.3443501563197856
0.18651488616462347,0.3410683012259194,0.1300350262697023,0.3423817863397548
0.1970963484381874,0.33919929608446986,0.12978442586889574,0.33391992960844696
0.20026408450704225,0.3371478873239437,0.13424295774647887,0.3283450704225352
0.20193576770787505,0.34359876814782225,0.12846458424989002,0.3260008798944127
0.2,0.34669603524229076,0.12863436123348018,0.3246696035242291
0.2053298383573613,0.34469200524246396,0.1258191349934469,0.3241590214067278
0.20434397163120568,0.33865248226950356,0.13076241134751773,0.3262411347517731
0.20367936925098554,0.33902759526938236,0.1340341655716163,0.3232588699080158
0.20688134097926775,0.3374503749448611,0.13586237318041464,0.31980591089545657
0.207306338028169,0.33846830985915494,0.13336267605633803,0.320862676056338
0.20930232558139536,0.3317244405440983,0.13295304958315052,0.3260201842913559
0.20860781730346947,0.3372859025032938,0.13131313131313133,0.3227931488801054
0.20881057268722467,0.3317180616740088,0.1343612334801762,0.3251101321585903
0.2089420097388225,0.3280212483399734,0.13545816733067728,0.3275785745905268
0.2113857016769638,0.32391879964695497,0.13989408649602825,0.324801412180053
0.21330982811811372,0.3133539003966505,0.14279418245923314,0.33054208902600263
0.21124286341677645,0.31488801054018445,0.1484409310496267,0.3254281949934124
0.21774891774891775,0.31082251082251083,0.14632034632034632,0.3251082251082251
0.21847246891651864,0.30817051509769094,0.14786856127886322,0.32548845470692717
0.21544537077665643,0.2966213251426064,0.1518209741114524,0.33611232996928475
0.2247141600703606,0.29331574318381703,0.15699208443271767,0.32497801231310464
0.21876370013152127,0.2915387987724682,0.16133274879438841,0.3283647523016221
0.22350332594235034,0.29223946784922394,0.16097560975609757,0.3232815964523282
0.22380106571936056,0.29307282415630553,0.15808170515097691,0.325044404973357
0.2263986013986014,0.2862762237762238,0.15865384615384615,0.32867132867132864
0.23147340889276374,0.2829119442022668,0.16434176111595467,0.3212728857890148
0.22985468956406868,0.2915015411712902,0.16336415675913693,0.3152796125055042
0.22914837576821773,0.2853380158033363,0.16549604916593502,0.32001755926251096
0.22546419098143236,0.2922192749778957,0.16622458001768348,0.3160919540229885
0.22427440633245382,0.28891820580474936,0.16314863676341249,0.32365875109938436
0.22114108801415303,0.28969482529854046,0.16939407341884122,0.31977001326846527
0.22431132487975514,0.28771316134674246,0.17184083952776563,0.31613467424573677
0.2229995627459554,0.285089637079143,0.17140358548316573,0.3205072146917359
0.22178130511463845,0.28527336860670194,0.16843033509700175,0.32451499118165783
0.224977856510186,0.28299379982285205,0.1696191319751993,0.3224092116917626
0.22115803221593383,0.2868959512407488,0.16630387461906834,0.325642141924249
0.22236900044033464,0.2818141787758697,0.16776750330250992,0.3280493174812858
0.22032413491020586,0.28252299605781866,0.16995181778361804,0.3272010512483574
0.22251655629139072,0.2781456953642384,0.1664459161147903,0.3328918322295806
0.22407002188183808,0.27527352297593,0.16717724288840263,0.3334792122538293
0.2213368747233289,0.2779991146525011,0.17264276228419656,0.3280212483399734
0.22441809398331136,0.279754062362758,0.16776460254721123,0.32806324110671936
0.2267080745341615,0.2821650399290151,0.16548358473824312,0.3256433007985803
0.22745270567531897,0.2784865816102068,0.16190057193136823,0.332160140783106
0.22528433945756782,0.2821522309711286,0.16010498687664043,0.3324584426946632
0.22777532065457762,0.2830605926581159,0.15568332596196374,0.3334807607253428
0.22559366754617413,0.2801231310466139,0.16314863676341249,0.3311345646437995
0.22462488967343336,0.28067078552515445,0.1646072374227714,0.3300970873786408
0.22517421602787457,0.28614982578397213,0.15984320557491288,0.3288327526132404
0.2214941022280472,0.28484054172127565,0.16295325469637395,0.3307121013543032
0.22202720491443614,0.28521281263712156,0.16410706450197454,0.3286529179464677
0.21610915492957747,0.2869718309859155,0.16505281690140844,0.33186619718309857
0.21704745166959577,0.28910369068541303,0.1608084358523726,0.3330404217926186
0.21952296819787986,0.2915194346289753,0.16696113074204946,0.3219964664310954
0.22344161545215102,0.2870939420544337,0.16681299385425813,0.3226514486391572
0.22359699513919576,0.28678745028722935,0.17012814847547503,0.3194874060980999
0.2192676547515257,0.28378378378378377,0.16870095902353968,0.3282476024411508
0.2141280353200883,0.2869757174392936,0.1686534216335541,0.33024282560706403
0.2100656455142232,0.2787746170678337,0.17024070021881837,0.34091903719912475
0.20950704225352113,0.28036971830985913,0.1742957746478873,0.3358274647887324
0.2054433713784021,0.28182616330114135,0.16505706760316066,0.3476733977172959
0.19938515590689504,0.2889767237593325,0.16512955643390426,0.3465085638998682
0.20035149384885764,0.29569420035149385,0.1625659050966608,0.3413884007029877
0.19858156028368795,0.2969858156028369,0.1573581560283688,0.3470744680851064
0.20255957634598412,0.3000882612533098,0.1588702559576346,0.33848190644307147
0.20502645502645503,0.2967372134038801,0.1644620811287478,0.33377425044091713
0.1944080384447357,0.3005679335954565,0.16426387068588905,0.34076015727391873
0.19938784433756013,0.2925229558373415,0.1674682990817665,0.3406209007433319
0.20202464788732394,0.2948943661971831,0.16681338028169015,0.3362676056338028
0.2043343653250774,0.28969482529854046,0.17160548429898276,0.33436532507739936
0.20273248126928162,0.2904363155575143,0.16967827236668137,0.3371529308065227
0.204,0.2897777777777778,0.17733333333333334,0.3288888888888889
0.20552147239263804,0.28659070990359337,0.1765994741454864,0.3312883435582822
0.2084070796460177,0.28761061946902655,0.17610619469026548,0.32787610619469026
0.2021978021978022,0.28703296703296705,0.17582417582417584,0.33494505494505494
0.20384111741597555,0.2837189000436491,0.18245307725883894,0.32998690528153646
0.2062171628721541,0.27408056042031526,0.18739054290718038,0.3323117338003503
0.2048888888888889,0.27466666666666667,0.18622222222222223,0.3342222222222222
0.20397350993377483,0.27770419426048565,0.18233995584988963,0.33598233995584986
0.2055094009619589,0.27678181023174464,0.1810231744643638,0.33668561434193267
0.2010443864229765,0.28111401218450827,0.18407310704960836,0.3337684943429069
0.2038749449581682,0.2800528401585205,0.18626155878467635,0.32981065609863497
0.20345744680851063,0.27570921985815605,0.18395390070921985,0.33687943262411346
0.20388349514563106,0.2722859664607237,0.1879964695498676,0.3358340688437776
0.20721513418389792,0.26704795424549055,0.18873735151781787,0.3369995600527937
0.2080244221543829,0.270824247710423,0.1910161360662887,0.33013519406890535
0.20449537241075363,0.26972234464521816,0.19259585720581754,0.33318642573821067
0.21170774647887325,0.27508802816901406,0.18661971830985916,0.3265845070422535
0.21469933184855233,0.2797327394209354,0.18841870824053453,0.31714922048997773
0.2145979020979021,0.28190559440559443,0.18793706293706294,0.3155594405594406
0.21119370354175776,0.27415828596414515,0.1945780498469611,0.320069960647136
0.21771705597179375,0.27148523578669015,0.1877479065667695,0.32304980167474656
0.21553994732221246,0.2726075504828797,0.1865671641791045,0.32528533801580334
0.20515058926233087,0.27586206896551724,0.19205587079877784,0.32693147097337405
0.20452528837622005,0.27151730257320317,0.1929902395740905,0.33096716947648624
0.20653133274492497,0.27184466019417475,0.19240953221535745,0.3292144748455428
0.20543144984669295,0.27551467367498905,0.19754708716600963,0.32150678931230836
0.20688134097926775,0.27481252756947505,0.19629466254962505,0.3220114689016321
0.2096069868995633,0.26768558951965066,0.19956331877729258,0.3231441048034934
0.20955721174923278,0.26830337571240687,0.20254274441034634,0.319596668128014
0.20905459387483355,0.2658677319130049,0.20195295162006213,0.3231247225920994
0.21164021164021163,0.26940035273368607,0.2019400352733686,0.3170194003527337
0.20952801058667844,0.2730480811645346,0.20820467578297308,0.30921923246581384
0.21513418389793224,0.26704795424549055,0.21029476462824462,0.3075230972283326
0.2122929380993897,0.2680906713164778,0.2136006974716652,0.3060156931124673
0.2103861517976032,0.2663115845539281,0.22547714158899246,0.29782512205947625
0.20588235294117646,0.26648841354723707,0.22549019607843138,0.30213903743315507
0.20769567118495846,0.2675994752951465,0.22081329252295584,0.3038915609969392
0.21059661620658948,0.26001780943900266,0.22395369545859306,0.3054318788958148
0.20624450307827616,0.2598944591029024,0.22251539138082674,0.3113456464379947
0.19815059445178335,0.261558784676354,0.22148833113166005,0.3188022897402025
0.19850352112676056,0.2636443661971831,0.2262323943661972,0.31161971830985913
0.1941747572815534,0.265666372462489,0.22462488967343336,0.3155339805825243
0.19349164467897978,0.26297273526824977,0.227792436235708,0.31574318381706246
0.19321731369924142,0.25792057117358325,0.23337795626952254,0.31548415885765285
0.19441984056687334,0.262621789193977,0.2254207263064659,0.3175376439326838
0.19264836138175376,0.26173604960141716,0.22940655447298494,0.31620903454384414
0.1881057268722467,0.2669603524229075,0.2290748898678414,0.3158590308370044
0.1865671641791045,0.2598770851624232,0.23134328358208955,0.3222124670763828
0.18265845070422534,0.25880281690140844,0.23723591549295775,0.32130281690140844
0.17662450937636284,0.25992150021805493,0.23549934583515045,0.3279546445704318
0.181140350877193,0.25833333333333336,0.23596491228070177,0.32456140350877194
0.17918313570487485,0.26306543697848045,0.23407992973210365,0.32367149758454106
0.18297498903027642,0.26546731022378234,0.2360684510750329,0.3154892496709083
0.1816976127320955,0.2595048629531388,0.246684350132626,0.3121131741821397
0.17857142857142858,0.2601410934744268,0.24426807760141092,0.3170194003527337
0.1828242585214697,0.25542275343072157,0.2501106684373617,0.3116423196104471
0.1759581881533101,0.25914634146341464,0.25609756097560976,0.3087979094076655
0.17675651789659744,0.25983208130799823,0.25806451612903225,0.30534688466637205
0.17563989408649602,0.2621359223300971,0.26257722859664606,0.2996469549867608
0.17866549604916593,0.26163301141352063,0.266900790166813,0.29280070237050043
0.17587719298245613,0.26096491228070173,0.26973684210526316,0.29342105263157897
0.17349185380889476,0.265962131219727,0.265962131219727,0.29458388375165123
0.1723376049491825,0.26601855943437913,0.2633672116659302,0.2982766239505082
0.17212756662297946,0.26649191786806464,0.2608125819134993,0.3005679335954565
0.1719773024879965,0.2728066346573549,0.2536010475774771,0.30161501527717155
0.17492327926348092,0.27312582200789126,0.25734327049539674,0.29460762823323106
0.18511957484499558,0.26926483613817537,0.25022143489813997,0.2953941541186891
0.18672566371681415,0.26902654867256637,0.2513274336283186,0.2929203539823009
0.18468271334792122,0.2735229759299781,0.25164113785557984,0.2901531728665208
0.1847585290208241,0.2676118741692512,0.25963668586619404,0.28799291094373064
0.18859649122807018,0.26666666666666666,0.2614035087719298,0.2833333333333333
0.18915343915343916,0.26807760141093473,0.2566137566137566,0.2861552028218695
0.18796336676842565,0.2590492804186655,0.26210204971652856,0.2908853030963803
0.1864332603938731,0.2538293216630197,0.26783369803063456,0.29190371991247266
0.18397887323943662,0.258362676056338,0.261443661971831,0.2962147887323944
0.18294299602297834,0.2571807335395493,0.2620415377817057,0.29783473265576665
0.18887908208296558,0.2586054721977052,0.2559576345984113,0.2965578111209179
0.18766519823788547,0.25022026431718064,0.2599118942731278,0.3022026431718062
0.18515245249668583,0.2527618205921343,0.26513477684489617,0.2969509500662837
0.19195046439628483,0.25121627598407786,0.26094648385670055,0.29588677576293676
0.1894876325088339,0.25574204946996465,0.26104240282685515,0.29372791519434627
0.18849557522123894,0.2588495575221239,0.25619469026548675,0.29646017699115046
0.19083296606434552,0.25870427501101806,0.25385632437197003,0.2966064345526664
0.19691629955947137,0.2537444933920705,0.25726872246696036,0.2920704845814978
0.19780701754385965,0.24473684210526317,0.2596491228070175,0.29780701754385963
0.1979895104895105,0.24388111888111888,0.2561188811188811,0.30201048951048953
0.18846323205636284,0.2408630559225011,0.2567151034786438,0.3139586085424923
0.19160104986876642,0.24278215223097113,0.2567804024496938,0.3088363954505687
0.19763365468886943,0.24101665205959685,0.25591586327782645,0.30543382997370727
0.1979762428508579,0.23933128024637043,0.25604927408710954,0.3066432028156621
0.2008869179600887,0.2443458980044346,0.2532150776053215,0.30155210643015523
0.20133928571428572,0.23973214285714287,0.25491071428571427,0.3040178571428571
0.19955849889624724,0.23664459161147902,0.25474613686534214,0.3090507726269316
0.20247022496691663,0.23467137185707984,0.2545213939126599,0.3083370092633436
0.1957092819614711,0.23642732049036777,0.2596322241681261,0.30823117338003503
0.19700967458223395,0.24098504837291118,0.262532981530343,0.2994722955145119
0.19060283687943264,0.24379432624113476,0.2624113475177305,0.30319148936170215
0.19133893062306673,0.24613345117101193,0.25806451612903225,0.3044631020768891
0.18932038834951456,0.2444836716681377,0.2616946160635481,0.30450132391879964
0.19087688219663418,0.2409211691762622,0.2661647475642161,0.3020372010628875
0.1888449714536671,0.2393500219587176,0.2740447957839262,0.2977602108036891
0.18609766827980642,0.2353717553893533,0.2745270567531896,0.3040035195776507
0.18575851393188855,0.23573639982308714,0.26713843432109685,0.3113666519239275
0.17794376098418277,0.24121265377855888,0.2662565905096661,0.3145869947275923
0.1809023215067893,0.24266316250547526,0.26412614980289095,0.3123083661848445
0.18069634200088144,0.24416042309387395,0.2631115028646981,0.3120317320405465
0.1843137254901961,0.24270152505446624,0.2644880174291939,0.3084967320261438
0.1840034965034965,0.23994755244755245,0.26617132867132864,0.3098776223776224
0.1819377466023674,0.23103901797457255,0.27093380096448927,0.3160894344585708
0.18698481561822125,0.23210412147505424,0.2702819956616052,0.3106290672451193
0.18852097130242826,0.23222958057395143,0.2706401766004415,0.3086092715231788
0.18415324336090552,0.23378319547235524,0.27296473661297344,0.3090988245537658
0.18425681618293754,0.23175021987686895,0.27132805628847845,0.31266490765171506
0.18397887323943662,0.23767605633802816,0.2680457746478873,0.3102992957746479
0.18851380973257342,0.23805348531345902,0.2639193336256028,0.30951337132836476
0.19085312225153914,0.24274406332453827,0.2642919964819701,0.3021108179419525
0.1800176056338028,0.23943661971830985,0.2662852112676056,0.3142605633802817
0.17869718309859156,0.24075704225352113,0.2671654929577465,0.31338028169014087
0.18032786885245902,0.24368630926007975,0.26229508196721313,0.3136907399202481
0.17764030048608043,0.24259832081307997,0.26999558108705257,0.30976579761378703
0.1757230499561788,0.24408413672217352,0.2659947414548642,0.3141980718667835
0.18065371024734983,0.24425795053003532,0.2592756183745583,0.31581272084805656
0.17885462555066078,0.24537444933920705,0.2581497797356828,0.31762114537444935
0.17491166077738515,0.24337455830388693,0.2592756183745583,0.3224381625441696
0.176081200353045,0.2471315092674316,0.25684024713150927,0.3199470432480141
0.18045112781954886,0.25121627598407786,0.25077399380804954,0.31755860238832373
0.18659020732245257,0.24658138509042787,0.25540361711513015,0.3114247904719894
0.1900571931368236,0.24681038275406952,0.25692916849978004,0.3062032556093269
0.18961724593048834,0.2512098548174219,0.24769027716674,0.31148262208534977
0.18733392382639505,0.2475642161204606,0.25110717449069975,0.31399468556244464
0.18780380026513477,0.24613345117101193,0.2554131683605833,0.31064958020327
0.18780380026513477,0.23685373398144058,0.25894829871851527,0.3163941670349094
0.18738898756660746,0.24067495559502664,0.25932504440497334,0.31261101243339257
0.19261213720316622,0.23350923482849603,0.256816182937555,0.31706244503078274
0.19715175789942144,0.22874944370271474,0.2599020916777926,0.3141967067200712
0.200087374399301,0.2306684141546527,0.2603757099169943,0.308868501529052
0.20254274441034634,0.23147742218325296,0.2621657167908812,0.3038141166155195
0.20280948200175591,0.23046532045654083,0.26163301141352063,0.3050921861281826
0.20133037694013303,0.22660753880266074,0.2687361419068736,0.3033259423503326
0.2091188075405524,0.23016220955721176,0.26085050416483996,0.29986847873739586
0.20265486725663717,0.23495575221238937,0.2668141592920354,0.29557522123893804
0.20988194140795802,0.2229995627459554,0.2658504591167468,0.30126803672933977
0.20289219982471515,0.2252410166520596,0.27169149868536374,0.30017528483786154
0.20842572062084258,0.22527716186252772,0.2678492239467849,0.2984478935698448
0.20663716814159291,0.22787610619469026,0.26371681415929205,0.3017699115044248
0.20706401766004415,0.22737306843267108,0.26225165562913905,0.3033112582781457
0.2104340201665936,0.23323103901797457,0.2590968873301184,0.29723805348531346
0.21122403888643393,0.22713212549712772,0.2602739726027397,0.3013698630136986
0.210411198600175,0.22659667541557305,0.2567804024496938,0.30621172353455817
0.2146298729741568,0.22558037669732808,0.2536136662286465,0.3061760840998686
0.21868083222664897,0.22532093846834883,0.25630810092961487,0.29969012837538733
0.2144439521488702,0.22950819672131148,0.25387682764731945,0.3021710234824989
0.2179261862917399,0.23198594024604569,0.2491212653778559,0.30096660808435854
0.21859633437639697,0.23379526151095217,0.2481001341081806,0.2995082700044703
0.22021978021978023,0.23252747252747252,0.24351648351648353,0.3037362637362637
0.22256500661084178,0.22873512560599382,0.24239753195240193,0.30630233583076244
0.21992976294995611,0.22388059701492538,0.247585601404741,0.3086040386303775
0.22030905077262694,0.21898454746136867,0.24635761589403973,0.3143487858719647
0.22389380530973452,0.2243362831858407,0.23716814159292035,0.3146017699115044
0.23296703296703297,0.22593406593406593,0.22989010989010988,0.3112087912087912
0.22780269058295965,0.22690582959641256,0.23721973094170404,0.30807174887892375
0.22627416520210897,0.21968365553602812,0.2429701230228471,0.3110720562390158
0.23144488361879667,0.2204655248133509,0.23671497584541062,0.3113746157224418
0.23006535947712417,0.21742919389978213,0.23965141612200436,0.31285403050108934
0.22920277296360486,0.21663778162911612,0.24176776429809357,0.3123916811091854
0.23451910408432147,0.21826965305226176,0.2349582784365393,0.31225296442687744
0.2370500438981563,0.22300263388937663,0.23617208077260754,0.3037752414398595
0.23381770145310435,0.22413033905768384,0.23557904007045355,0.30647291941875826
0.23700440528634362,0.23348017621145375,0.22378854625550662,0.30572687224669604
0.23146944083224968,0.2306025140875596,0.23580407455570004,0.3021239705244907
0.23029502421840597,0.2263320123293703,0.23293703214442976,0.3104359313077939
0.23009623797025372,0.23184601924759404,0.2331583552055993,0.30489938757655294
0.23087129588677577,0.22910216718266255,0.23175586023883238,0.3082706766917293
0.2228140257434532,0.23524189968930315,0.23302263648468707,0.30892143808255657
0.2272120942641174,0.2285460204535349,0.24055135615829257,0.30369052912405514
0.22910216718266255,0.22865988500663423,0.24369747899159663,0.29854046881910656
0.222663139329806,0.23148148148148148,0.24118165784832452,0.304673721340388
0.2276923076923077,0.22725274725274724,0.2421978021978022,0.3028571428571429
0.2279541446208113,0.23368606701940034,0.24426807760141092,0.2940917107583774
0.23286467486818982,0.22759226713532513,0.24472759226713534,0.29481546572934975
0.23529411764705882,0.22534602076124569,0.2430795847750865,0.296280276816609
0.2360928602715725,0.2233902759526938,0.24791940429259746,0.2925974594831362
0.2424778761061947,0.22035398230088496,0.2415929203539823,0.29557522123893804
0.23706324635117204,0.22423706324635118,0.24060150375939848,0.2980981866430783
0.23945518453427064,0.22319859402460457,0.23462214411247803,0.30272407732864676
0.23841059602649006,0.2326710816777042,0.23443708609271524,0.2944812362030905
0.23282275711159736,0.23238512035010941,0.23894967177242887,0.29584245076586435
0.23706324635117204,0.23617868199911543,0.23485183547103053,0.291906236178682
0.23978685612788633,0.23712255772646537,0.23179396092362345,0.2912966252220249
0.24162257495590828,0.23236331569664903,0.23412698412698413,0.29188712522045857
0.2442170818505338,0.23798932384341637,0.23309608540925267,0.2846975088967972
0.23685373398144058,0.24436588599204595,0.23110914714980116,0.2876712328767123
0.24080560420315236,0.23467600700525393,0.2351138353765324,0.28940455341506127
0.23776223776223776,0.23208041958041958,0.23601398601398602,0.29414335664335667
0.24098504837291118,0.23131046613896217,0.23702726473175023,0.2906772207563764
0.24464831804281345,0.22498907820008737,0.24027959807776322,0.290083005679336
0.24493392070484582,0.21894273127753303,0.24273127753303964,0.2933920704845815
0.24835454146555508,0.225976305397104,0.24001755155770074,0.2856516015796402
0.2490118577075099,0.2318840579710145,0.23583662714097497,0.28326745718050067
0.2453077258838935,0.22915757311217808,0.2422522915757311,0.28328240942819727
0.2450592885375494,0.2274923144488362,0.24769433465085638,0.279754062362758
0.24091108190976784,0.23215067893123084,0.2457293035479632,0.2812089356110381
0.24249020461471485,0.2329124945581193,0.24379625598606877,0.2808010448410971
0.24113475177304963,0.2322695035460993,0.2429078014184397,0.28368794326241137
0.24912280701754386,0.2267543859649123,0.24605263157894736,0.27807017543859647
0.24722098710538018,0.22899066251667408,0.24811027123165852,0.2756780791462872
0.24758983347940403,0.2326906222611744,0.2366345311130587,0.28308501314636286
0.2392638036809816,0.2366345311130587,0.2388255915863278,0.2852760736196319
0.2437636761487965,0.24201312910284464,0.224945295404814,0.28927789934354486
0.24758135444151275,0.24010554089709762,0.22251539138082674,0.28979771328056286
0.2514210756449497,0.23830345430695235,0.22474857892435504,0.2855268911237429
0.2543352601156069,0.23388172521120498,0.22810137839039574,0.28368163628279236
0.2550306211723535,0.23447069116360456,0.22572178477690288,0.2847769028871391
0.2567922874671341,0.2353198948290973,0.23137598597721298,0.27651183172655563
0.2624394539850286,0.23161602818141788,0.22677234698370763,0.27917217084984586
0.2646669607410675,0.23202470224966917,0.23114247904719895,0.2721658579620644
0.26412614980289095,0.23696890056942618,0.22470433639947437,0.2742006132282085
0.26580587711487086,0.2382012466607302,0.21593944790739092,0.280053428317008
0.2669603524229075,0.24405286343612334,0.2145374449339207,0.27444933920704845
0.2664604507291206,0.241714538223597,0.2147591692443659,0.2770658418029165
0.26294995610184374,0.24714661984196665,0.21597892888498682,0.2739244951712028
0.26461538461538464,0.24263736263736263,0.21318681318681318,0.2795604395604396
0.2695883134130146,0.23904382470119523,0.21425409473218238,0.2771137671536078
0.2740511915269197,0.23742277140335394,0.21006178287731686,0.27846425419240955
0.27672679278486584,0.23713154421469423,0.2089749230092389,0.27716673999120106
0.2704126426690079,0.23661106233538193,0.21290605794556627,0.2800702370500439
0.2756611385029135,0.24069923800986104,0.20842671447781264,0.2752129090094128
0.2702702702702703,0.24457244129375277,0.20292423571112095,0.282233052724856
0.26902654867256637,0.23849557522123893,0.21061946902654868,0.28185840707964605
0.26266666666666666,0.24355555555555555,0.204,0.2897777777777778
0.25738210665491407,0.24371970030850595,0.20846187747906567,0.2904363155575143
0.2591289045314562,0.24593048834139902,0.20589529256489222,0.2890453145622525
0.2607361963190184,0.2401402278702892,0.21647677475898336,0.28264680105170903
0.2575558475689882,0.240473061760841,0.22076215505913271,0.2812089356110381
0.2609271523178808,0.23752759381898456,0.22472406181015453,0.2768211920529801
0.25663716814159293,0.24292035398230089,0.22389380530973452,0.27654867256637167
0.2565121412803532,0.24150110375275938,0.22869757174392935,0.27328918322295803
0.24585876198779424,0.24193548387096775,0.23190932868352224,0.28029642545771577
0.24206349206349206,0.24338624338624337,0.23236331569664903,0.2821869488536155
0.23359929078014185,0.24379432624113476,0.23182624113475178,0.2907801418439716
0.23778071334214002,0.2399823866138265,0.2307353588727433,0.2915015411712902
0.2325886990801577,0.24529128339903636,0.22514235654840123,0.29697766097240474
0.2290845378887429,0.2474813841436706,0.22207621550591328,0.30135786246167323
0.23266022827041263,0.2497805092186128,0.22431957857769974,0.2932396839332748
0.23407992973210365,0.24286341677646026,0.22793148880105402,0.2951251646903821
0.23190932868352224,0.24062772449869224,0.22667829119442023,0.3007846556233653
0.22892635314995563,0.24046140195208518,0.23203194321206744,0.2985803016858917
0.22859664607237423,0.24007060900264784,0.22859664607237423,0.3027360988526037
0.23100570926657882,0.24242424242424243,0.2318840579710145,0.2946859903381642
0.2349799732977303,0.24477080551846908,0.22518914107699153,0.29506008010680906
0.2327433628318584,0.24601769911504426,0.22123893805309736,0.3
0.2345462516440158,0.2362998684787374,0.22490135905304692,0.3042525208241999
0.2337719298245614,0.23289473684210527,0.22894736842105262,0.3043859649122807
0.2360928602715725,0.2378449408672799,0.22470433639947437,0.30135786246167323
0.23645970937912814,0.23293703214442976,0.22545134302069572,0.3051519154557464
0.23910171730515192,0.23205636283575518,0.22545134302069572,0.3033905768383972
0.23832599118942732,0.22951541850220264,0.22334801762114537,0.30881057268722467
0.24430823117338005,0.22591943957968477,0.22810858143607707,0.30166374781085814
0.2361541869738591,0.22684980062029242,0.22374833850243686,0.3132476739034116
0.23409893992932862,0.23498233215547704,0.2151060070671378,0.31581272084805656
0.23389232127096204,0.22859664607237423,0.2175639894086496,0.3199470432480141
0.23547535211267606,0.22359154929577466,0.21963028169014084,0.32130281690140844
0.23215067893123084,0.22076215505913271,0.22382829610162067,0.3232588699080158
0.2312087912087912,0.22197802197802197,0.22241758241758242,0.3243956043956044
0.2335249889429456,0.22069880583812473,0.22202565236620964,0.32375055285272003
0.22982456140350876,0.21710526315789475,0.22324561403508772,0.3298245614035088
0.22294654498044328,0.21729682746631898,0.2242503259452412,0.33550630160799655
0.22324561403508772,0.22280701754385965,0.22850877192982455,0.3254385964912281
0.2236842105263158,0.2267543859649123,0.22719298245614036,0.3223684210526316
0.22472406181015453,0.223841059602649,0.23002207505518762,0.32141280353200885
0.22495606326889278,0.22934973637961337,0.22363796133567662,0.3220562390158172
0.22693484914735462,0.23087013554875382,0.22037603847835593,0.3218189768255356
0.22860903905221588,0.23036419482229048,0.2224659938569548,0.31856077226853885
0.22878720568636163,0.2363394047090182,0.21723678365171034,0.3176366059529098
0.2255338078291815,0.23487544483985764,0.2179715302491103,0.32161921708185054
0.22340425531914893,0.23537234042553193,0.21453900709219859,0.3266843971631206
0.22027204914436158,0.2360684510750329,0.21281263712154452,0.330846862659061
0.22069271758436945,0.23623445825932504,0.2144760213143872,0.3285968028419183
0.2218763895064473,0.23654957759004003,0.21298354824366386,0.3285904846598488
0.21547202797202797,0.23907342657342656,0.21284965034965034,0.3326048951048951
0.21733333333333332,0.2391111111111111,0.208,0.33555555555555555
0.21400264200792601,0.2426243945398503,0.20915896081021576,0.3342140026420079
0.2114962702939886,0.24265028521281265,0.21544537077665643,0.33040807371654235
0.21526853084775854,0.24234354194407456,0.21526853084775854,0.3271193963604083
0.21536412078152753,0.24156305506216696,0.21625222024866786,0.3268206039076377
0.21902654867256638,0.23893805309734514,0.21858407079646017,0.3234513274336283
0.21591908531222515,0.23922603342128407,0.22383465259454705,0.3210202286719437
0.21366405570060923,0.2362924281984334,0.22236727589208008,0.3276762402088773
0.21532364597093792,0.23425803610744167,0.22324966974900926,0.3271686481726112
0.22261640798226165,0.2328159645232816,0.21374722838137472,0.33082039911308203
0.22290478279947346,0.22904782799473453,0.21632294866169371,0.3317244405440983
0.22212505465675558,0.23393091386095322,0.21163095758635767,0.33231307389593356
0.2184873949579832,0.23750552852720036,0.2118531623175586,0.33215391419725787
0.2185576077396658,0.24142480211081793,0.21503957783641162,0.32497801231310464
0.22041355037395513,0.24065112186537616,0.21425428948526176,0.32468103827540695
0.22236958443854996,0.24358974358974358,0.21264367816091953,0.3213969938107869
0.222663139329806,0.24382716049382716,0.21428571428571427,0.31922398589065254
0.22472406181015453,0.24591611479028697,0.21589403973509932,0.31346578366445915
0.224977856510186,0.25066430469441986,0.2112488928255093,0.31310894596988487
0.23090507726269316,0.2401766004415011,0.21456953642384105,0.3143487858719647
0.23076923076923078,0.23868131868131867,0.2175824175824176,0.312967032967033
0.23087188612099643,0.24688612099644128,0.21040925266903915,0.31183274021352314
0.2420774647887324,0.2425176056338028,0.21654929577464788,0.2988556338028169
0.2431718061674009,0.2365638766519824,0.21674008810572687,0.30352422907488985
0.24638949671772428,0.23544857768052516,0.2148796498905908,0.30328227571115973
0.2465934065934066,0.23736263736263735,0.21582417582417582,0.30021978021978024
0.24154589371980675,0.23100570926657882,0.2274923144488362,0.29995608256477824
0.2447089947089947,0.2275132275132275,0.22707231040564374,0.30070546737213405
0.24901011878574572,0.22701275846898372,0.22173339199296085,0.3022437307523097
0.24035476718403548,0.22838137472283815,0.2270509977827051,0.3042128603104213
0.24008810572687225,0.23259911894273128,0.22070484581497798,0.3066079295154185
0.2401592215833702,0.23529411764705882,0.22644847412649272,0.2980981866430783
0.24136423261915171,0.240052470485352,0.22212505465675558,0.29645824223874073
0.23526824978012312,0.24494283201407213,0.22119613016710643,0.2985927880386983
0.2374289462177525,0.2435505028421513,0.2225623087013555,0.29645824223874073
0.23630742049469966,0.24381625441696114,0.2230565371024735,0.2968197879858657
0.24482606781153676,0.24746807573756055,0.21576398062527521,0.2919418758256275
0.2453077258838935,0.24749017896115233,0.21737232649498037,0.2898297686599738
0.250996015936255,0.24656927844178841,0.2098273572377158,0.2926073483842408
0.2506631299734748,0.2519893899204244,0.21308576480990274,0.28426171529619804
0.25485008818342153,0.24867724867724866,0.21164021164021163,0.2848324514991182
0.2556390977443609,0.24458204334365324,0.21450685537372843,0.28527200353825743
0.2631810193321617,0.23769771528998243,0.2126537785588752,0.28646748681898065
0.258688957325121,0.2424109106907171,0.21953365596128466,0.27936647602287723
0.25793650793650796,0.24029982363315697,0.21649029982363316,0.28527336860670194
0.25749559082892415,0.23985890652557318,0.2173721340388007,0.28527336860670194
0.258121940364931,0.24121050289274587,0.2162883845126836,0.28437917222963954
0.25573192239858905,0.23809523809523808,0.21252204585537918,0.29365079365079366
0.2588183421516755,0.23985890652557318,0.21296296296296297,0.28835978835978837
0.2578366445916115,0.24061810154525387,0.21589403973509932,0.28565121412803535
0.25010931351114996,0.2409269785745518,0.21818976825535635,0.2907739396589418
0.24933569530558017,0.23693534100974314,0.22320637732506643,0.29052258635961026
0.25252082419991234,0.23235423060061378,0.22139412538360367,0.29373081981587024
0.251528384279476,0.2318777292576419,0.22227074235807862,0.2943231441048035
0.25557011795543905,0.22979467016164265,0.22411533420707733,0.290519877675841
0.25486725663716814,0.22920353982300884,0.22654867256637168,0.28938053097345134
0.2567032967032967,0.22637362637362637,0.22681318681318682,0.29010989010989013
0.25619469026548675,0.22256637168141594,0.2336283185840708,0.28761061946902655
0.2619360490582567,0.22207621550591328,0.2325886990801577,0.2833990363556724
0.2656042496679947,0.22266489597166889,0.22620628596724215,0.2855245683930943
0.27036547776309994,0.22016732716864817,0.2280933509467195,0.2813738441215324
0.26267482517482516,0.22683566433566432,0.2229020979020979,0.2875874125874126
0.2604074402125775,0.22940655447298494,0.21922054915854738,0.29096545615589015
0.26171529619805484,0.22413793103448276,0.22148541114058357,0.2926613616268789
0.2645620275678079,0.2285460204535349,0.21609604268563806,0.29079590929301913
0.26704545454545453,0.22421328671328672,0.21765734265734266,0.2910839160839161
0.2607550482879719,0.23573309920983318,0.21817383669885865,0.2853380158033363
0.2641758241758242,0.2356043956043956,0.21670329670329672,0.2835164835164835
0.26695842450765866,0.2336980306345733,0.2135667396061269,0.2857768052516411
0.2687694358063083,0.23589515770768546,0.2132385606397157,0.2820968458462905
0.2682602921646746,0.23240371845949534,0.21602478972996902,0.283311199645861
0.2719336534264513,0.2357049323439546,0.208642514185945,0.2837189000436491
0.2658450704225352,0.2367957746478873,0.20950704225352113,0.2878521126760563
0.27264692885550157,0.23641184268669907,0.21078214759169245,0.2801590808661069
0.27144742630884294,0.2331720193576771,0.21161460624725034,0.2837659480862297
0.26327433628318586,0.2261061946902655,0.21991150442477875,0.2907079646017699
0.2639193336256028,0.22621657167908812,0.21788689171416045,0.2919772029811486
0.2712461470717745,0.2280933509467195,0.21576398062527521,0.2848965213562307
0.2621231979030144,0.2306684141546527,0.21406727828746178,0.2931411096548711
0.2572052401746725,0.23449781659388647,0.2170305676855895,0.29126637554585155
0.2559262510974539,0.2414398595258999,0.218612818261633,0.2840210711150132
0.25888547608600265,0.23519087318999563,0.2198332602018429,0.28609039052215884
0.2632967032967033,0.23032967032967033,0.2210989010989011,0.28527472527472525
0.26255506607929513,0.2330396475770925,0.21894273127753303,0.2854625550660793
0.2662026968247064,0.2301000434971727,0.2231404958677686,0.2805567638103523
0.27333038478549315,0.2260061919504644,0.22158337019018134,0.27908005307386113
0.2664041994750656,0.22965879265091863,0.2226596675415573,0.28127734033245844
0.26733977172958734,0.22300263388937663,0.228270412642669,0.28138718173836696
0.2641843971631206,0.22739361702127658,0.2300531914893617,0.2783687943262411
0.26649076517150394,0.227792436235708,0.2260334212840809,0.2796833773087071
0.2638335546702081,0.22355024347056218,0.22930500221336875,0.283311199645861
0.26494980357922304,0.22304670449585334,0.22828459188127456,0.2837189000436491
0.2631348511383538,0.22504378283712784,0.23073555166374782,0.28108581436077057
0.26663708961845606,0.225377107364685,0.22626441881100265,0.28172138420585624
0.2617893345085941,0.22520934332304982,0.22873512560599382,0.2842661965623623
0.25540361711513015,0.23555359505955006,0.23114247904719895,0.2779003087781209
0.2650976909413854,0.22690941385435168,0.23179396092362345,0.2761989342806394
0.26327241079199304,0.22845953002610966,0.23455178416013925,0.27371627502175805
0.25663716814159293,0.22654867256637168,0.2420353982300885,0.27477876106194693
0.2588339222614841,0.22703180212014135,0.23542402826855124,0.2787102473498233
0.2570796460176991,0.22300884955752212,0.2407079646017699,0.27920353982300883
0.25239755884917175,0.2262423714036617,0.24193548387096775,0.2794245858761988
0.2541484716157205,0.2240174672489083,0.24323144104803493,0.2786026200873362
0.257243195785777,0.228270412642669,0.23880597014925373,0.27568042142230026
0.26306543697848045,0.22266139657444006,0.23803249890206413,0.27624066754501536
0.2579505300353357,0.22835689045936397,0.23807420494699646,0.2756183745583039
0.257529463116543,0.22872108249672632,0.23483195111305108,0.2789175032736796
0.26174791392182695,0.23364075537988582,0.2261747913921827,0.2784365393061045
0.2650285212812637,0.23080298376480912,0.22904782799473453,0.27512066695919263
0.26434245366284204,0.2321270962047661,0.23080317740511916,0.2727272727272727
0.2666957660410301,0.23526844172850284,0.22741161065037102,0.27062418158009605
0.2658450704225352,0.23415492957746478,0.22755281690140844,0.27244718309859156
0.2695191883546537,0.23820026466696073,0.22452580502867225,0.26775474194971327
