C,D,Oc,Od
1.0,0.0,0.0,0.0
0.6,0.0,0.4,0.0
0.5,0.0,0.3,0.2
0.3888888888888889,0.0,0.3888888888888889,0.2222222222222222
0.34375,0.0,0.34375,0.3125
0.34615384615384615,0.0,0.34615384615384615,0.3076923076923077
0.34146341463414637,0.0,0.36585365853658536,0.2926829268292683
0.3220338983050847,0.0,0.3474576271186441,0.3305084745762712
0.3192771084337349,0.012048192771084338,0.3132530120481928,0.35542168674698793
0.2813852813852814,0.025974025974025976,0.341991341991342,0.35064935064935066
0.27184466019417475,0.038834951456310676,0.3365695792880259,0.35275080906148865
0.26184538653366585,0.04987531172069826,0.3316708229426434,0.3566084788029925
0.24564796905222436,0.06382978723404255,0.3191489361702128,0.3713733075435203
0.24233128834355827,0.0598159509202454,0.3282208588957055,0.3696319018404908
0.23399014778325122,0.07389162561576355,0.3288177339901478,0.3633004926108374
0.22560335781741866,0.08394543546694648,0.31899265477439664,0.37145855194123817
0.22351885098743268,0.07989228007181329,0.31508078994614,0.38150807899461403
0.22388059701492538,0.08483896307934014,0.30950510604870385,0.38177533385703066
0.233983286908078,0.08008356545961003,0.30571030640668523,0.3802228412256267
0.23286802030456852,0.08058375634517767,0.30456852791878175,0.3819796954314721
0.24531615925058547,0.08430913348946135,0.29449648711943793,0.3758782201405152
0.24092409240924093,0.09185918591859187,0.28987898789878985,0.3773377337733773
0.22996333158721843,0.0963855421686747,0.2881089575694081,0.3855421686746988
0.234251968503937,0.10137795275590551,0.2770669291338583,0.3873031496062992
0.23418319169027385,0.09962228517469311,0.2799811142587347,0.3862134088762984
0.24390243902439024,0.10124252185918085,0.2747353888633226,0.3801196502531063
0.24818511796733211,0.10344827586206896,0.2713248638838475,0.37704174228675136
0.24806554392353208,0.10377787892580792,0.2794720072826582,0.3686845698680018
0.24742729306487696,0.10514541387024609,0.27114093959731544,0.3762863534675615
0.2473404255319149,0.10460992907801418,0.26861702127659576,0.37943262411347517
0.2439347154830172,0.11160123511248346,0.2726069695632995,0.3718570798411998
0.24658138509042787,0.11116012351124835,0.26731363034847816,0.3749448610498456
0.24418093983311376,0.11198945981554677,0.2779973649538867,0.3658322353974528
0.2454308093994778,0.1114012184508268,0.27458659704090516,0.36858137510879024
0.2462817147856518,0.11286089238845144,0.2755905511811024,0.3652668416447944
0.2425438596491228,0.11359649122807018,0.27456140350877195,0.36929824561403507
0.24538258575197888,0.11609498680738786,0.27924362357080035,0.3592788038698329
0.24472759226713534,0.11818980667838312,0.27372583479789103,0.3633567662565905
0.2507726269315673,0.11611479028697572,0.2728476821192053,0.36026490066225164
0.24587973273942093,0.11848552338530066,0.27884187082405343,0.3567928730512249
0.24823321554770317,0.1166077738515901,0.2787102473498233,0.35644876325088337
0.2522163120567376,0.11790780141843972,0.2765957446808511,0.3532801418439716
0.24582967515364354,0.1202809482001756,0.2783143107989464,0.3555750658472344
0.2471264367816092,0.1242263483642794,0.27011494252873564,0.35853227232537577
0.24264049955396966,0.12265834076717216,0.2734165923282783,0.36128456735057984
0.24061810154525387,0.11699779249448124,0.28211920529801326,0.36026490066225164
0.23746701846965698,0.11741424802110818,0.27396657871591906,0.37115215479331576
0.2357111209570226,0.11874169251218432,0.2760301284891449,0.3695170580416482
0.2401766004415011,0.11832229580573951,0.2781456953642384,0.363355408388521
0.23948649845064188,0.11509517485613104,0.2824258521469677,0.3629924745462594
0.23459507042253522,0.11619718309859155,0.28653169014084506,0.3626760563380282
0.2350109409190372,0.11816192560175055,0.2835886214442013,0.36323851203501095
0.2283464566929134,0.12117235345581802,0.279090113735783,0.37139107611548555
0.22965244170699517,0.11878574571051474,0.27232732072151344,0.3792344918609767
0.2323008849557522,0.11946902654867257,0.2774336283185841,0.37079646017699114
0.23185217773867137,0.12098548174219094,0.2732072151341839,0.3739551253849538
0.23312611012433393,0.11856127886323269,0.27087033747779754,0.3774422735346359
0.23070097604259096,0.1233362910381544,0.27817213842058564,0.367790594498669
0.22799295774647887,0.12411971830985916,0.2746478873239437,0.3732394366197183
0.22817025010969724,0.12900394910048266,0.27336551118911806,0.36946028960070204
0.2252650176678445,0.127208480565371,0.2769434628975265,0.370583038869258
0.23544973544973544,0.12345679012345678,0.2768959435626102,0.36419753086419754
0.2336244541484716,0.12620087336244543,0.2812227074235808,0.3589519650655022
0.23898822503270825,0.12167466201482774,0.27344090710859137,0.36589620584387267
0.2330396475770925,0.12026431718061674,0.27929515418502204,0.3674008810572687
0.2344918609766828,0.1227452705675319,0.27716673999120106,0.3655961284645842
0.2282560706401766,0.12317880794701987,0.28874172185430463,0.3598233995584989
0.2264731750219877,0.12752858399296393,0.28232189973614774,0.36367634124890064
0.23076923076923078,0.1279120879120879,0.27164835164835166,0.36967032967032964
0.22324561403508772,0.12982456140350876,0.26973684210526316,0.37719298245614036
0.2250987275120667,0.12461605967529618,0.27292672224659936,0.37735849056603776
0.2326512455516014,0.12855871886120995,0.26734875444839856,0.37144128113879005
0.23373807458803122,0.13009540329575023,0.26669557675628797,0.36947094535993064
0.2326797385620915,0.12941176470588237,0.2657952069716776,0.3721132897603486
0.23002633889376647,0.13652326602282705,0.26119402985074625,0.3722563652326602
0.23775915306572562,0.13542126157917952,0.25363917071018965,0.37318041464490515
0.24107536359629794,0.1388276773909211,0.24504186866460997,0.375055090348171
0.23114035087719298,0.14649122807017545,0.25087719298245614,0.3714912280701754
0.23083700440528634,0.14845814977973568,0.25242290748898677,0.3682819383259912
0.22197993894461404,0.15351068469254253,0.25992150021805493,0.3645878761447885
0.22119613016710643,0.15303430079155672,0.2598944591029024,0.3658751099384345
0.22486772486772486,0.15873015873015872,0.25749559082892415,0.35890652557319225
0.22627416520210897,0.15509666080843584,0.2592267135325132,0.359402460456942
0.23029502421840597,0.1554381329810656,0.2611184500220167,0.3531483927785117
0.23408892763731473,0.15823888404533565,0.26068003487358327,0.3469921534437663
0.23406113537117904,0.15676855895196506,0.26200873362445415,0.3471615720524017
0.2310405643738977,0.15961199294532627,0.2566137566137566,0.3527336860670194
0.23374340949033393,0.16124780316344464,0.2517574692442882,0.3532513181019332
0.23695652173913043,0.16,0.25608695652173913,0.34695652173913044
0.2373180414644905,0.1517423908248787,0.2655491839435377,0.3453903837670931
0.2376150811047786,0.15344147303814118,0.2599736957474792,0.3489697501096011
0.23103901797457255,0.1464270056992547,0.2626041209995616,0.35992985532661115
0.235657546337158,0.14827890556045895,0.2669902912621359,0.34907325684024715
0.2279541446208113,0.15123456790123457,0.2698412698412698,0.3509700176366843
0.22972380534853135,0.15124945199473916,0.2748794388426129,0.3441473038141166
0.22944297082228116,0.14633068081343945,0.27409372236958446,0.35013262599469497
0.22788671023965143,0.14989106753812637,0.27799564270152505,0.3442265795206972
0.23443708609271524,0.1487858719646799,0.27770419426048565,0.3390728476821192
0.23415492957746478,0.144806338028169,0.27992957746478875,0.34110915492957744
0.23063533507397738,0.14926022628372498,0.2793733681462141,0.34073107049608353
0.23702726473175023,0.1468777484608619,0.2748460861917326,0.3412489006156552
0.22916666666666666,0.14583333333333334,0.2779255319148936,0.3470744680851064
0.2292768959435626,0.14594356261022928,0.27204585537918874,0.3527336860670194
0.2205105633802817,0.1505281690140845,0.2755281690140845,0.3534330985915493
0.22817025010969724,0.15138218516893373,0.27292672224659936,0.3475208424747696
0.23597506678539626,0.15316117542297417,0.26179875333926983,0.3490650044523598
0.23776223776223776,0.15515734265734266,0.2696678321678322,0.3374125874125874
0.23532008830022075,0.16026490066225166,0.2706401766004415,0.3337748344370861
0.2353717553893533,0.16542014958205015,0.2639683238011439,0.3352397712274527
0.23857644991212654,0.16432337434094904,0.26142355008787344,0.335676625659051
0.2420494699646643,0.16342756183745583,0.2659010600706714,0.3286219081272085
0.23948649845064188,0.16600265604249667,0.26073483842408146,0.33377600708278
0.2363556338028169,0.17077464788732394,0.26188380281690143,0.33098591549295775
0.23849557522123893,0.1663716814159292,0.2650442477876106,0.33008849557522124
0.24287593160894344,0.16615519508987286,0.265234546251644,0.3257343270495397
0.2405452946350044,0.16051011433597184,0.2717678100263852,0.32717678100263853
0.24230254350736277,0.15796519410977242,0.2677376171352075,0.3319946452476573
0.246684350132626,0.15473032714412024,0.2630415561450044,0.33554376657824936
0.25,0.15411558669001751,0.2648861646234676,0.3309982486865149
0.24846356453028973,0.15583845478489902,0.26909569798068483,0.32660228270412645
0.24521584334668448,0.15309301290609703,0.2688028482421006,0.33288829550511795
0.2455595026642984,0.15674955595026643,0.2633214920071048,0.33436944937833035
0.24067495559502664,0.15985790408525755,0.26154529307282415,0.33792184724689167
0.242756804214223,0.16154521510096576,0.2515364354697103,0.34416154521510095
0.24065112186537616,0.1658600967883854,0.24945006599208094,0.3440387153541575
0.23798932384341637,0.16948398576512455,0.24288256227758007,0.349644128113879
0.24528301886792453,0.16673979815708645,0.24001755155770074,0.3479596314172883
0.24007060900264784,0.1676963812886143,0.23962930273609886,0.352603706972639
0.2378021978021978,0.1635164835164835,0.24175824175824176,0.3569230769230769
0.2399823866138265,0.15984147952443858,0.24658740642888596,0.35358872743284897
0.24451273046532046,0.16022827041264268,0.24495171202809482,0.35030728709394204
0.2427695004382121,0.16126205083260298,0.24583698510078877,0.35013146362839614
0.2436750998668442,0.16600088770528185,0.24234354194407456,0.3479804704837994
0.23693379790940766,0.17029616724738675,0.2465156794425087,0.3462543554006969
0.23423026025584473,0.17820908689898543,0.23952359947066607,0.34803705337450375
0.23448581560283688,0.18085106382978725,0.23803191489361702,0.3466312056737589
0.23716814159292035,0.17787610619469027,0.23805309734513275,0.34690265486725663
0.23746116289391922,0.1810918774966711,0.23568575233022637,0.3457612072791833
0.23991228070175438,0.18728070175438596,0.23201754385964912,0.34078947368421053
0.24469964664310953,0.18507067137809188,0.2336572438162544,0.3365724381625442
0.24107536359629794,0.1859850154252975,0.23137946231820186,0.34156015866020273
0.2413339183852567,0.18955682316805617,0.23562966213251427,0.3334795963141729
0.24395604395604395,0.18461538461538463,0.24263736263736263,0.32879120879120877
0.2422251423565484,0.18046430135786246,0.2439772229522558,0.3333333333333333
0.24421144604630843,0.1760594145915247,0.2415902140672783,0.3381389252948886
0.24611283873833853,0.18391825855175478,0.24566859173700578,0.3243003109729009
0.24791940429259746,0.18703460359176521,0.24353920280332894,0.32150678931230836
0.2484689413823272,0.18503937007874016,0.24715660542432197,0.3193350831146107
0.24591611479028697,0.18498896247240618,0.247682119205298,0.32141280353200885
0.24235711120957024,0.1896322552060257,0.24988923349579087,0.3181214000886132
0.24293286219081273,0.19257950530035337,0.24337455830388693,0.321113074204947
0.2424109106907171,0.192696876374835,0.2446106467223933,0.32028156621205456
0.23969871510855117,0.19051838723969872,0.2454585733274258,0.32432432432432434
0.23557904007045355,0.1933069132540731,0.24570673712021135,0.325407309555262
0.2359402460456942,0.19551845342706503,0.24165202108963094,0.3268892794376098
0.23137946231820186,0.20185103569854562,0.23975319524019392,0.3270163067430586
0.23306948109058928,0.20492524186455585,0.23790677220756376,0.32409850483729113
0.23405191377034756,0.20281566212054553,0.2353717553893533,0.3277606687197536
0.2280933509467195,0.2038749449581682,0.23822104799647734,0.32981065609863497
0.22821760283060594,0.21052631578947367,0.23706324635117204,0.32419283502874835
0.22463447053610988,0.2144439521488702,0.23128046078865752,0.3296411165263624
0.2228596646072374,0.21359223300970873,0.23300970873786409,0.3305383936451898
0.22481302243730752,0.21293444786625604,0.23405191377034756,0.32820061592608885
0.22709338009644892,0.20429636124506795,0.24112231477422183,0.3274879438842613
0.22505494505494505,0.20351648351648352,0.24,0.3314285714285714
0.23036649214659685,0.2054973821989529,0.2395287958115183,0.32460732984293195
0.2237422771403354,0.206090026478376,0.24669020300088262,0.323477493380406
0.22715173025732033,0.20452528837622005,0.24889086069210292,0.3194321206743567
0.22783143107989465,0.2019315188762072,0.2467076382791923,0.3235294117647059
0.22811671087533156,0.20424403183023873,0.2475685234305924,0.32007073386383733
0.23531970421922574,0.1966072205306655,0.24793388429752067,0.3201391909525881
0.23276240667545015,0.20070267896354854,0.24769433465085638,0.3188405797101449
0.23302263648468707,0.1966267199289836,0.25166444740346205,0.3186861961828673
0.22319859402460457,0.1937609841827768,0.26142355008787344,0.3216168717047452
0.22467934542237947,0.19062361786819992,0.26138876603272887,0.3233082706766917
0.2267313630348478,0.1874724305249228,0.2615791795324217,0.3242170269078077
0.2359699513919576,0.18382677861246133,0.2615996464869642,0.3186036235086169
0.2345132743362832,0.18053097345132743,0.2575221238938053,0.3274336283185841
0.2410596026490066,0.176158940397351,0.25916114790286976,0.3236203090507726
0.24501550731058927,0.17102348249889235,0.25875055383252105,0.32521045635799734
0.24834583149536832,0.1768857520952801,0.25363917071018965,0.3211292456991619
0.25076452599388377,0.17737003058103976,0.25557011795543905,0.3162953254696374
0.24899955535793686,0.18052467763450422,0.2574477545575811,0.31302801244997774
0.25011008366358434,0.17789520035226772,0.25847644209599296,0.313518273888155
0.25142606406318563,0.17507678806494076,0.2593242650285213,0.3141728828433524
0.2565104166666667,0.17578125,0.2521701388888889,0.3155381944444444
0.25806451612903225,0.16968625718073355,0.25011047282368537,0.32213875386654883
0.2527376259307928,0.1712658782303986,0.2501095050372317,0.32588699080157685
0.25443262411347517,0.17331560283687944,0.24379432624113476,0.32845744680851063
0.2588699080157687,0.17082785808147175,0.24660534384581692,0.32369689005694263
0.25914499779638606,0.17232260907888938,0.24812692816218598,0.3204054649625386
0.260507880910683,0.1777583187390543,0.24211908931698775,0.31961471103327493
0.25396825396825395,0.17504409171075838,0.2447089947089947,0.3262786596119929
0.25309187279151946,0.17800353356890458,0.24249116607773852,0.32641342756183744
0.2513134851138354,0.17732049036777583,0.2447460595446585,0.3266199649737303
0.2541776605101143,0.17458223394898856,0.24714160070360597,0.32409850483729113
0.2554680664916885,0.1762904636920385,0.2458442694663167,0.3223972003499563
0.255896751223854,0.17712505562972852,0.25011125945705387,0.3168669336893636
0.25705601389491967,0.18193660442900564,0.2457663916630482,0.31524099001302647
0.2540874944763588,0.18603623508616882,0.24348210340256296,0.3163941670349094
0.25185832968954963,0.17927415828596416,0.25010931351114996,0.31875819851333625
0.25240594925634297,0.17979002624671916,0.24978127734033245,0.31802274715660545
0.25643300798580304,0.18855368234250222,0.24622892635314997,0.3087843833185448
0.2580504786771105,0.18581375108790252,0.24369016536118362,0.3124456048738033
0.2608886933567972,0.18345798504179497,0.24857017157941047,0.3070831500219974
0.2651813018785496,0.18392311052861512,0.2455220620358235,0.3053735255570118
0.26561125769569044,0.1789797713280563,0.24714160070360597,0.30826737027264733
0.2673702726473175,0.18161829375549693,0.24494283201407213,0.30606860158311344
0.26251097453906935,0.17822651448639157,0.2515364354697103,0.3077260755048288
0.2712014134275618,0.17446996466431094,0.2508833922261484,0.3034452296819788
0.26961858833844804,0.1731696624287593,0.2494519947391495,0.3077597544936431
0.27252843394575677,0.17279090113735784,0.2484689413823272,0.30621172353455817
0.27217125382262997,0.17562254259501967,0.2455220620358235,0.30668414154652685
0.2676118741692512,0.1745680106335844,0.2507753655294639,0.3070447496677005
0.26939843068875324,0.17000871839581516,0.2506538796861377,0.3099389712292938
0.2734065934065934,0.16263736263736264,0.250989010989011,0.312967032967033
0.27340332458442695,0.16491688538932633,0.2489063867016623,0.3127734033245844
0.27568042142230026,0.1681299385425812,0.24187884108867427,0.31431079894644426
0.2814847547503314,0.16349977905435262,0.24392399469730447,0.3110914714980115
0.2750110180696342,0.16923754958131335,0.250330542089026,0.30542089026002645
0.2800875273522976,0.17024070021881837,0.24945295404814005,0.300218818380744
0.2835299257317606,0.16863259065093927,0.23940585408475318,0.308431629532547
0.2783866725120561,0.1718544498027181,0.24462954844366505,0.3051293292415607
0.28152753108348133,0.17095914742451154,0.24156305506216696,0.30595026642984013
0.2813186813186813,0.17450549450549452,0.24175824175824176,0.30241758241758243
0.2804931748128578,0.17613386173491855,0.24350506384852488,0.2998678996036988
0.28368794326241137,0.1773049645390071,0.24157801418439717,0.2974290780141844
0.27882507672073653,0.17667689609820253,0.24638316527838666,0.2981148619026743
0.2854020979020979,0.17351398601398602,0.23863636363636365,0.30244755244755245
0.2865934065934066,0.17362637362637362,0.23736263736263735,0.30241758241758243
0.28471001757469244,0.17442882249560632,0.23857644991212654,0.3022847100175747
0.2864698104892023,0.17805200528867343,0.2375495813133539,0.2979286029087704
0.276623950508175,0.18073353954927088,0.241714538223597,0.30092797171895713
0.27976980965028775,0.18238158477202301,0.24435590969455512,0.29349269588313415
0.2741003998223012,0.18302976454908929,0.2425588627276766,0.3003109729009329
0.2789382071366406,0.1866840731070496,0.2362924281984334,0.29808529155787644
0.2805628847845207,0.18601583113456466,0.2339489885664028,0.2994722955145119
0.274835886214442,0.18949671772428883,0.23588621444201313,0.29978118161925604
0.2815107597716293,0.18840579710144928,0.23539745278875715,0.2946859903381642
0.2764731945059814,0.18342933097031458,0.2405848471422242,0.2995126273814798
0.2736098852603707,0.1884377758164166,0.24007060900264784,0.2978817299205649
0.2716637781629116,0.18760831889081456,0.23700173310225303,0.3037261698440208
0.2740447957839262,0.18928414580588493,0.22924901185770752,0.30742204655248134
0.2705207413945278,0.19020300088261252,0.2294792586054722,0.30979699911738745
0.26458973233874505,0.18955682316805617,0.2277314611671786,0.3181219833260202
0.2636881296539641,0.1896627244853263,0.22952255803766974,0.3171265878230399
0.26607929515418505,0.1881057268722467,0.23215859030837005,0.3136563876651982
0.2608695652173913,0.1898846495119787,0.2284826974267968,0.3207630878438332
0.26843267108167773,0.18233995584988963,0.2269315673289183,0.32229580573951433
0.26733977172958734,0.18349429323968394,0.22563652326602282,0.3235294117647059
0.2635522256500661,0.1864257382106655,0.22520934332304982,0.3248126928162186
0.2663427561837456,0.1877208480565371,0.22659010600706714,0.31934628975265017
0.26171529619805484,0.1892130857648099,0.22502210433244915,0.3240495137046861
0.2580071174377224,0.19572953736654805,0.22864768683274023,0.31761565836298933
0.2553470100392842,0.19642077695329552,0.233085988651244,0.31514622435617634
0.2482394366197183,0.19630281690140844,0.23503521126760563,0.3204225352112676
0.25022143489813997,0.1966341895482728,0.22852081488042517,0.3246235606731621
0.24436588599204595,0.2001767565178966,0.22536456031816174,0.3300927971718957
0.24416042309387395,0.1996474217717056,0.22124283825473778,0.33494931687968266
0.24934152765583845,0.19885864793678665,0.21905179982440737,0.33274802458296754
0.24735449735449735,0.20679012345679013,0.21869488536155202,0.3271604938271605
0.24601769911504426,0.2075221238938053,0.22035398230088496,0.32610619469026547
0.23941798941798942,0.21075837742504408,0.2204585537918871,0.32936507936507936
0.239647577092511,0.2092511013215859,0.21938325991189428,0.3317180616740088
0.24735915492957747,0.2055457746478873,0.22139084507042253,0.3257042253521127
0.24724548259145,0.20361392684001764,0.22168356104010578,0.32745702952842665
0.25,0.20367132867132867,0.2172202797202797,0.3291083916083916
0.24956217162872155,0.19964973730297722,0.22197898423817863,0.3288091068301226
0.24846356453028973,0.19885864793678665,0.21641791044776118,0.3362598770851624
0.2437636761487965,0.19562363238512034,0.21400437636761488,0.3466083150984683
0.23845138583369996,0.19885613726352838,0.21513418389793224,0.3475582930048394
0.24265028521281265,0.19964896884598507,0.21105748135146996,0.3466432645897323
0.24324324324324326,0.1987794245858762,0.2088055797733217,0.3491717523975589
0.24385886556498437,0.2027690933452434,0.20812862885216615,0.3452434122376061
0.24440544098288722,0.20359806932865293,0.2079859587538394,0.3440105309346205
0.2459016393442623,0.1998227735932654,0.20868409392999557,0.3455914931324767
0.2478031634446397,0.19551845342706503,0.2078207381370826,0.34885764499121263
0.2465753424657534,0.19089703932832522,0.21343349536014142,0.34909412284577995
0.2507672073651907,0.18763700131521263,0.21306444541867603,0.34853134590092066
0.2456839309428951,0.18725099601593626,0.21691013722886232,0.35015493581230633
0.2444836716681377,0.18667255075022066,0.2149161518093557,0.353927625772286
0.25220848056537104,0.1793286219081272,0.21819787985865724,0.3502650176678445
0.2535760728218466,0.18032076289553534,0.21586475942782835,0.3502384048547898
0.2539752650176678,0.18109540636042404,0.21643109540636044,0.3484982332155477
0.2510993843447669,0.18557607739665788,0.21723834652594548,0.3460861917326297
0.25758241758241757,0.18681318681318682,0.2145054945054945,0.3410989010989011
0.2534036012296882,0.18620992534036013,0.21387790953008345,0.3465085638998682
0.2545616377392078,0.18691588785046728,0.21495327102803738,0.34356920338228747
0.2564892212934448,0.18565772107347117,0.21601407831060274,0.3418389793224813
0.2562611806797853,0.18917710196779963,0.2182468694096601,0.3363148479427549
0.2603757099169943,0.19222367846221058,0.20664045434687636,0.34076015727391873
0.25857519788918204,0.19393139841688653,0.20624450307827616,0.3412489006156552
0.2590968873301184,0.1972818939061815,0.20517316966242877,0.33844804910127135
0.26266666666666666,0.19244444444444445,0.20133333333333334,0.34355555555555556
0.2646411272567151,0.1924262439453985,0.19682959048877147,0.34610303830911493
0.26531511679153813,0.1890700749228735,0.19568091670339358,0.3499338915821948
0.2647058823529412,0.1925133689839572,0.19429590017825313,0.3484848484848485
0.2657677250978686,0.18834275772074816,0.19443236189647672,0.3514571552849065
0.26269315673289184,0.19293598233995585,0.19646799116997793,0.3479028697571744
0.2605228178998671,0.1949490474080638,0.19406291537439077,0.3504652193176783
0.2597459483136224,0.19053876478318002,0.19448094612352168,0.35523434077967586
0.26229508196721313,0.19140451927337174,0.19317678334071778,0.3531236154186974
0.26153846153846155,0.19472527472527473,0.2,0.34373626373626376
0.261968085106383,0.19326241134751773,0.19858156028368795,0.34618794326241137
0.26734423331860363,0.19089703932832522,0.19443216968625718,0.347326557666814
0.27557319223985893,0.1882716049382716,0.1966490299823633,0.3395061728395062
0.27071333628710675,0.19051838723969872,0.2007089056269384,0.3380593708462561
0.2719298245614035,0.19517543859649122,0.1986842105263158,0.33421052631578946
0.27045951859956235,0.19956236323851204,0.19824945295404814,0.33172866520787747
0.2754650132860939,0.19973427812223207,0.19486271036315322,0.3299379982285208
0.26952253458277553,0.2034805890227577,0.1990182954038376,0.3279785809906292
0.2708971553610503,0.20262582056892778,0.19693654266958424,0.3295404814004376
0.26758071649712517,0.19946926138876603,0.19195046439628483,0.340999557717824
0.2634623943035158,0.20738762794837562,0.18914107699154428,0.3400089007565643
0.2665788317962231,0.2103645147123408,0.18620992534036013,0.33684672815107597
0.2732481269281622,0.20846187747906567,0.19083296606434552,0.32745702952842665
0.25793650793650796,0.2138447971781305,0.1970899470899471,0.33112874779541446
0.26545131169408626,0.21164962205424634,0.19341929746554024,0.32947976878612717
0.2661361626878868,0.21043324491600354,0.1918656056587091,0.33156498673740054
0.27084252315835905,0.2055580061755624,0.19320688134097927,0.33039258932509924
0.26555652936021035,0.2081507449605609,0.19588080631025417,0.33041191936897457
0.26325010950503724,0.20937363118703461,0.1979851073149365,0.3293911519929917
0.26555652936021035,0.2072743207712533,0.19588080631025417,0.3312883435582822
0.2632042253521127,0.20950704225352113,0.19762323943661972,0.3296654929577465
0.26362038664323373,0.2069420035149385,0.19947275922671354,0.3299648506151142
0.2570546737213404,0.21031746031746032,0.2006172839506173,0.33201058201058203
0.2570796460176991,0.20663716814159291,0.20486725663716815,0.33141592920353985
0.2592756183745583,0.2067137809187279,0.20980565371024734,0.32420494699646646
0.25555071832825427,0.20548541575968654,0.21201567261645624,0.326948193295603
0.254737769942706,0.2005288673424416,0.21419127368884971,0.33054208902600263
0.2556093268807743,0.2001759788825341,0.21513418389793224,0.32908051033875935
0.25906509392747923,0.19702927042376583,0.21756225425950196,0.32634338138925295
0.25599651112080246,0.1966855647623201,0.21412996075010904,0.3331879633667684
0.2631348511383538,0.20140105078809106,0.20665499124343256,0.3288091068301226
0.26136865342163357,0.20044150110375275,0.20927152317880796,0.32891832229580575
0.26233881725211206,0.19831036016007114,0.2085371276122721,0.3308136949755447
0.26751313485113837,0.19001751313485113,0.21147110332749564,0.3309982486865149
0.2657497781721384,0.18766637089618457,0.21650399290150843,0.3300798580301686
0.2719298245614035,0.1837719298245614,0.21578947368421053,0.3285087719298246
0.26537785588752194,0.18233743409490333,0.22363796133567662,0.3286467486818981
0.26909569798068483,0.1839332748024583,0.22388059701492538,0.3230904302019315
0.27292768959435626,0.18253968253968253,0.22486772486772486,0.31966490299823636
0.2787532923617208,0.18129938542581212,0.22344161545215102,0.3165057067603161
0.2725274725274725,0.18065934065934067,0.22857142857142856,0.31824175824175827
0.27300748568912375,0.178335535006605,0.23029502421840597,0.31836195508586523
0.2741792369121562,0.17923691215616683,0.22759538598047915,0.31898846495119787
0.2750551876379691,0.17350993377483442,0.23134657836644593,0.3200883002207506
0.278674225904928,0.17095508068033144,0.23288268643698212,0.3174880069777584
0.2767379679144385,0.17557932263814616,0.23128342245989306,0.3163992869875223
0.2789982425307557,0.17706502636203866,0.23418277680140598,0.30975395430579966
0.2770034843205575,0.1750871080139373,0.23562717770034844,0.3122822299651568
0.275022143489814,0.18113374667847654,0.2320637732506643,0.31178033658104515
0.2717198581560284,0.1799645390070922,0.23581560283687944,0.3125
0.265962131219727,0.1787758696609423,0.23469837076177896,0.32056362835755176
0.26474442988204455,0.17780690257754478,0.23722149410222804,0.32022717343818263
0.2618006993006993,0.18575174825174826,0.23339160839160839,0.31905594405594406
0.2561511423550088,0.18541300527240773,0.23637961335676624,0.3220562390158172
0.2553097345132743,0.184070796460177,0.23893805309734514,0.3216814159292035
0.25557986870897154,0.1851203501094092,0.23807439824945295,0.3212253829321663
0.25823451910408435,0.18664909969257795,0.2318840579710145,0.32323232323232326
0.2606969563299515,0.18703131892368768,0.23070136744596384,0.321570357300397
0.262621789193977,0.18821966341895482,0.224977856510186,0.32418069087688217
0.26297273526824977,0.19525065963060687,0.22075637642919965,0.3210202286719437
0.2599293909973522,0.2030008826125331,0.21403353927625773,0.323036187113857
0.25253415601586604,0.20625826355222565,0.21771705597179375,0.3234905244601146
0.2540947321823816,0.20008853474988933,0.21336874723328905,0.33244798583444
0.261612620508326,0.2046450482033304,0.20552147239263804,0.3282208588957055
0.2566915313734094,0.2053532250987275,0.21017990346643264,0.32777534006143044
0.24440544098288722,0.2053532250987275,0.21456779289161912,0.3356735410267661
0.2475685234305924,0.20512820512820512,0.20999115826702033,0.33731211317418214
0.24192139737991267,0.2039301310043668,0.2126637554585153,0.3414847161572052
0.2382847038019452,0.20512820512820512,0.21883289124668434,0.33775419982316535
0.23337736679876706,0.20607661822985468,0.21576398062527521,0.34478203434610305
0.2382847038019452,0.21220159151193635,0.21043324491600354,0.3390804597701149
0.24006983849847227,0.2099519860323003,0.21082496726320385,0.33915320820602357
0.23550401427297057,0.21052631578947367,0.21543264942016058,0.3385370205173952
0.24493392070484582,0.20440528634361232,0.21233480176211453,0.3383259911894273
0.25,0.20104895104895104,0.21022727272727273,0.3387237762237762
0.24302788844621515,0.20805666223992916,0.20805666223992916,0.34085878707392653
0.23992994746059546,0.2062171628721541,0.2009632224168126,0.35288966725043786
0.2429701230228471,0.2069420035149385,0.20210896309314588,0.34797891036906853
0.2426887821911829,0.20122217372326495,0.19991270187690965,0.3561763422086425
0.24089512944273805,0.20579201404124617,0.20228170250109698,0.3510311540149188
0.23915900131406045,0.2049934296977661,0.1979851073149365,0.357862461673237
0.24100087796312555,0.20237050043898155,0.19315188762071994,0.36347673397717295
0.23568575233022637,0.2103861517976032,0.1979582778517532,0.3559698180204172
0.23788350377945755,0.20675855935971543,0.200533570475767,0.35482436638506004
0.23864137626819584,0.20732245258050286,0.20202911336568152,0.35200705778561975
0.24076546506453048,0.2082777036048064,0.20293724966622162,0.34801958166444147
0.24639580602883354,0.20838794233289645,0.1965923984272608,0.3486238532110092
0.24517543859649124,0.20307017543859648,0.20526315789473684,0.34649122807017546
0.2534398579671549,0.19840213049267644,0.20772303595206393,0.34043497558810476
0.24713656387665198,0.20572687224669603,0.20044052863436124,0.34669603524229076
0.24758983347940403,0.20683610867659946,0.19588080631025417,0.3496932515337423
0.24162257495590828,0.2019400352733686,0.1966490299823633,0.35978835978835977
0.24065112186537616,0.2001759788825341,0.2045754509458865,0.35459744830620327
0.24136403897254208,0.20106288751107174,0.20504871567759078,0.3525243578387954
0.23896898208824816,0.20401922236784623,0.20620358235037134,0.3508082131935343
0.2402111746590409,0.20193576770787505,0.20941487021557414,0.3484381874175099
0.23607427055702918,0.20468611847922194,0.20822281167108753,0.3510167992926614
0.2391304347826087,0.20452528837622005,0.20496894409937888,0.3513753327417924
0.23908248786943095,0.20335244816938686,0.2015880017644464,0.35597706219673575
0.24062772449869224,0.19572798605056668,0.2070619006102877,0.35658238884045335
0.2431718061674009,0.1947136563876652,0.20837004405286344,0.3537444933920705
0.25,0.19318181818181818,0.20498251748251747,0.3518356643356643
0.2539543057996485,0.19507908611599298,0.20342706502636204,0.3475395430579965
0.24945295404814005,0.19737417943107222,0.20525164113785557,0.3479212253829322
0.24988923349579087,0.1891891891891892,0.20779796189632255,0.3531236154186974
0.2560599382988101,0.18466284706919348,0.20802115469369767,0.35125605993829884
0.2511013215859031,0.18061674008810572,0.20748898678414096,0.3607929515418502
0.25266429840142096,0.18339253996447602,0.20470692717584368,0.3592362344582593
0.250771264874394,0.18245923314235346,0.20669898633759365,0.3600705156456589
0.2535211267605634,0.18617957746478872,0.20378521126760563,0.35651408450704225
0.25704225352112675,0.18661971830985916,0.20598591549295775,0.3503521126760563
0.25296442687747034,0.18972332015810275,0.20641194554238032,0.35090030742204653
0.25319805910895454,0.18967798853109838,0.20247022496691663,0.3546537273930304
0.2564214192424902,0.18676534610361342,0.20548541575968654,0.35132781889420983
0.2529437418229394,0.18578281726995202,0.20715220235499346,0.35412123855211514
0.24922941435490972,0.18538088947600176,0.20783795684720388,0.3575517393218846
0.2487847989394609,0.18692001767565178,0.21078214759169245,0.3535130357931949
0.24438573315719947,0.18626155878467635,0.21180096873623955,0.3575517393218846
0.24768620537681799,0.19171441163508154,0.2115469369766417,0.3490524460114588
0.24043956043956044,0.19428571428571428,0.20835164835164835,0.3569230769230769
0.23872679045092837,0.1971706454465075,0.20424403183023873,0.3598585322723254
0.24622892635314997,0.19964507542147295,0.20896184560780834,0.3451641526175688
0.24074074074074073,0.2001763668430335,0.21428571428571427,0.3447971781305115
0.24332603938730854,0.19649890590809627,0.21400437636761488,0.3461706783369803
0.2450592885375494,0.19894598155467721,0.2116820377689943,0.3443126921387791
0.25108790252393387,0.19799825935596171,0.21192341166231507,0.3389904264577894
0.25219298245614036,0.19912280701754387,0.20921052631578949,0.3394736842105263
0.25275694750771943,0.19497132774591971,0.20776356418173797,0.34450816056462286
0.2519929140832595,0.19619131975199292,0.20150575730735165,0.35031000885739594
0.2585301837270341,0.19641294838145232,0.20166229221347332,0.34339457567804027
0.2628318584070796,0.19469026548672566,0.19734513274336282,0.34513274336283184
0.2596537949400799,0.19440745672436752,0.19928983577452286,0.34664891256102975
0.2619360490582567,0.1927288655278143,0.20324134910205868,0.34209373631187034
0.2572944297082228,0.1909814323607427,0.2002652519893899,0.35145888594164454
0.25440140845070425,0.1954225352112676,0.207306338028169,0.34286971830985913
0.2535149384885764,0.19463971880492092,0.20826010544815465,0.343585237258348
0.2543706293706294,0.19012237762237763,0.21372377622377622,0.34178321678321677
0.2596026490066225,0.19161147902869757,0.20794701986754968,0.3408388520971302
0.2585301837270341,0.19335083114610674,0.2020997375328084,0.3460192475940507
0.2520971302428256,0.19602649006622516,0.20485651214128037,0.34701986754966885
0.25310283687943264,0.1999113475177305,0.20877659574468085,0.33820921985815605
0.25426695842450764,0.19299781181619255,0.20962800875273524,0.34310722100656454
0.24298245614035088,0.19429824561403508,0.2118421052631579,0.3508771929824561
0.2467134092900964,0.18843120070113936,0.2147239263803681,0.35013146362839614
0.23957409050576753,0.1912156166814552,0.21739130434782608,0.3518189884649512
0.24441524310118265,0.19010074463425317,0.21156373193166886,0.3539202803328953
0.2410596026490066,0.18719646799116998,0.2119205298013245,0.3598233995584989
0.24281291463954002,0.1901813356921716,0.20875718708536045,0.3582485625829279
0.24492497793468668,0.1853486319505737,0.20520741394527803,0.3645189761694616
0.241714538223597,0.18073353954927088,0.20238621299160406,0.37516570923552806
0.24375274002630426,0.18763700131521263,0.1985971065322227,0.3700131521262604
0.24559859154929578,0.18794014084507044,0.198943661971831,0.3675176056338028
0.24801762114537446,0.18986784140969162,0.19118942731277533,0.37092511013215856
0.25735617039964864,0.18401405357927098,0.19543258673693456,0.3631971892841458
0.2515391380826737,0.1868953386103782,0.1948109058927001,0.36675461741424803
0.25462555066079295,0.1894273127753304,0.19823788546255505,0.35770925110132157
0.25054945054945055,0.19252747252747252,0.19736263736263737,0.35956043956043954
0.2564102564102564,0.1918656056587091,0.1931918656056587,0.35853227232537577
0.2549450549450549,0.1824175824175824,0.1986813186813187,0.363956043956044
0.25296442687747034,0.17918313570487485,0.2028985507246377,0.36495388669301715
0.25231992929739283,0.18338488731771985,0.19973486522315512,0.36456031816173223
0.25756910925844667,0.18385256691531374,0.19087318999561212,0.3677051338306275
0.25443262411347517,0.18661347517730498,0.18971631205673758,0.3692375886524823
0.2619047619047619,0.18209876543209877,0.19400352733686066,0.3619929453262787
0.2610406646261478,0.18233493659816352,0.1954525579361609,0.36117184083952775
0.2574430823117338,0.1808231173380035,0.20183887915936952,0.35989492119089317
0.25713032031592803,0.1807810443176832,0.19789381307591047,0.3641948222904783
0.24891020052310375,0.18177855274629467,0.20444638186573671,0.36486486486486486
0.2515364354697103,0.1839332748024583,0.1957857769973661,0.3687445127304653
0.2515418502202643,0.18325991189427313,0.19955947136563876,0.3656387665198238
0.2462154942119323,0.1834372217275156,0.19991095280498664,0.37043633125556547
0.24266316250547526,0.1800262812089356,0.20805957074025405,0.3692509855453351
0.24581497797356827,0.17709251101321585,0.2092511013215859,0.36784140969163
0.24636403702071397,0.17628911414720141,0.21066549140590568,0.3666813574261789
0.25252969643642764,0.17685877694676638,0.20941487021557414,0.36119665640123183
0.24431818181818182,0.1770104895104895,0.2097902097902098,0.3688811188811189
0.25033229951262737,0.18032786885245902,0.21267168808152415,0.35666814355338944
0.250996015936255,0.1814962372731297,0.2107127047366091,0.3567950420540062
0.24234354194407456,0.18153573013759433,0.2134931202840657,0.36262760763426544
0.24476148016049934,0.18056174765938476,0.207757467677218,0.3669193045028979
0.24548259144997797,0.17893345085940943,0.2115469369766417,0.3640370207139709
0.24967205946655008,0.17883690424136423,0.2055094009619589,0.3659816353301268
0.25241864555848725,0.17458223394898856,0.20052770448548812,0.37247141600703604
0.2512098548174219,0.17509898812142544,0.19885613726352838,0.3748350197976243
0.2548758865248227,0.17464539007092197,0.2047872340425532,0.36569148936170215
0.2599118942731278,0.17841409691629956,0.19691629955947137,0.36475770925110135
0.25663331883427576,0.17833840800347978,0.19834710743801653,0.36668116572422793
0.26570680628272253,0.1793193717277487,0.1932809773123909,0.36169284467713786
0.261978021978022,0.17582417582417584,0.19648351648351647,0.3657142857142857
0.2624890446976337,0.1792287467134093,0.1936897458369851,0.36459246275197194
0.265666372462489,0.17519858781994704,0.19549867608120036,0.36363636363636365
0.2618629173989455,0.17882249560632688,0.19947275922671354,0.35984182776801404
0.25738210665491407,0.1855442926399295,0.1983252534156016,0.35874834728955485
0.2624834290764472,0.19001325673884226,0.19619973486522316,0.3513035793194874
0.26104240282685515,0.18595406360424027,0.19964664310954064,0.35335689045936397
0.2574345317354638,0.18597425654682645,0.20195295162006213,0.3546382600976476
0.2602739726027397,0.1864781263809103,0.19664162615996464,0.35660627485638535
0.25772285966460723,0.1822594880847308,0.19902912621359223,0.3609885260370697
0.25362637362637364,0.1898901098901099,0.20043956043956043,0.35604395604395606
0.25360734586794925,0.1880192391779624,0.20376038478355923,0.3546130301705291
0.25549692172383465,0.1820580474934037,0.2102022867194371,0.35224274406332456
0.252863436123348,0.1894273127753304,0.20352422907488987,0.3541850220264317
0.25680421422300265,0.19051799824407376,0.20412642669007902,0.3485513608428446
0.24592331423534597,0.1868664609960335,0.20802115469369767,0.3591890700749229
0.25,0.19005328596802842,0.20381882770870338,0.3561278863232682
0.2523117569352708,0.19110523998238663,0.20123293703214443,0.35535006605019814
0.25242290748898677,0.19030837004405288,0.20484581497797358,0.3524229074889868
0.25241016652059595,0.19325153374233128,0.20902716914986855,0.3453111305872042
0.24802804557405783,0.19193689745836984,0.2112182296231376,0.3488168273444347
0.25274243089074155,0.18560772268538833,0.21281263712154452,0.3488372093023256
0.2474813841436706,0.19053876478318002,0.2137538326763031,0.34822601839684625
0.2443956043956044,0.18681318681318682,0.21802197802197804,0.3507692307692308
0.24368630926007975,0.19007532122286222,0.2108994240141781,0.3553389455028799
