C,D,Oc,Od
0.0,1.0,0.0,0.0
1.0,0.0,0.0,0.0
1.0,0.0,0.0,0.0
1.0,0.0,0.0,0.0
1.0,0.0,0.0,0.0
0.75,0.0,0.0,0.25
0.6,0.0,0.2,0.2
0.7142857142857143,0.0,0.14285714285714285,0.14285714285714285
0.625,0.0,0.25,0.125
0.625,0.0,0.125,0.25
0.5555555555555556,0.0,0.2222222222222222,0.2222222222222222
0.375,0.0,0.375,0.25
0.3333333333333333,0.0,0.2222222222222222,0.4444444444444444
0.38461538461538464,0.07692307692307693,0.15384615384615385,0.38461538461538464
0.42857142857142855,0.07142857142857142,0.07142857142857142,0.42857142857142855
0.4,0.06666666666666667,0.06666666666666667,0.4666666666666667
0.3333333333333333,0.06666666666666667,0.0,0.6
0.3333333333333333,0.05555555555555555,0.0,0.6111111111111112
0.375,0.041666666666666664,0.0,0.5833333333333334
0.32142857142857145,0.10714285714285714,0.0,0.5714285714285714
0.4117647058823529,0.08823529411764706,0.0,0.5
0.39473684210526316,0.13157894736842105,0.02631578947368421,0.4473684210526316
0.3333333333333333,0.09523809523809523,0.023809523809523808,0.5476190476190477
0.3617021276595745,0.0425531914893617,0.02127659574468085,0.574468085106383
0.375,0.05357142857142857,0.017857142857142856,0.5535714285714286
0.37681159420289856,0.057971014492753624,0.0,0.5652173913043478
0.4024390243902439,0.06097560975609756,0.0,0.5365853658536586
0.3870967741935484,0.053763440860215055,0.03225806451612903,0.5268817204301075
0.3888888888888889,0.027777777777777776,0.046296296296296294,0.5370370370370371
0.39344262295081966,0.01639344262295082,0.06557377049180328,0.5245901639344263
0.4117647058823529,0.022058823529411766,0.04411764705882353,0.5220588235294118
0.40522875816993464,0.026143790849673203,0.05228758169934641,0.5163398692810458
0.4110429447852761,0.03680981595092025,0.05521472392638037,0.49693251533742333
0.4230769230769231,0.038461538461538464,0.04945054945054945,0.489010989010989
0.43842364532019706,0.034482758620689655,0.054187192118226604,0.4729064039408867
0.4681818181818182,0.031818181818181815,0.05,0.45
0.4708333333333333,0.025,0.05,0.45416666666666666
0.48727272727272725,0.01818181818181818,0.03636363636363636,0.4581818181818182
0.47735191637630664,0.013937282229965157,0.03832752613240418,0.47038327526132406
0.495114006514658,0.016286644951140065,0.03257328990228013,0.4560260586319218
0.4940119760479042,0.017964071856287425,0.02694610778443114,0.46107784431137727
0.5070028011204482,0.014005602240896359,0.028011204481792718,0.45098039215686275
0.5025510204081632,0.012755102040816327,0.02295918367346939,0.461734693877551
0.49295774647887325,0.018779342723004695,0.018779342723004695,0.4694835680751174
0.484375,0.017857142857142856,0.013392857142857142,0.484375
0.4713375796178344,0.021231422505307854,0.012738853503184714,0.49469214437367304
0.47337278106508873,0.01775147928994083,0.01775147928994083,0.4911242603550296
0.47644927536231885,0.018115942028985508,0.016304347826086956,0.4891304347826087
0.4592720970537262,0.022530329289428077,0.019064124783362217,0.49913344887348354
0.4504065040650406,0.022764227642276424,0.01788617886178862,0.5089430894308943
0.4566929133858268,0.025196850393700787,0.01732283464566929,0.5007874015748032
0.4612005856515373,0.021961932650073207,0.01903367496339678,0.4978038067349927
0.46582984658298465,0.026499302649930265,0.019525801952580194,0.4881450488145049
0.4679399727148704,0.0286493860845839,0.020463847203274217,0.4829467939972715
0.46571798188874514,0.0258732212160414,0.018111254851228976,0.49029754204398446
0.45318352059925093,0.026217228464419477,0.02247191011235955,0.49812734082397003
0.460431654676259,0.022781774580335732,0.026378896882494004,0.4904076738609113
0.459837019790454,0.02211874272409779,0.02211874272409779,0.4959254947613504
0.464804469273743,0.02569832402234637,0.0223463687150838,0.4871508379888268
0.4716577540106952,0.026737967914438502,0.022459893048128343,0.47914438502673795
0.4652351738241309,0.02147239263803681,0.02556237218813906,0.48773006134969327
0.46525096525096526,0.02413127413127413,0.027992277992277992,0.4826254826254826
0.4638888888888889,0.023148148148148147,0.02962962962962963,0.48333333333333334
0.45267857142857143,0.022321428571428572,0.029464285714285714,0.4955357142857143
0.44872918492550395,0.02366345311130587,0.028045574057843997,0.49956178790534617
0.44987363100252736,0.02190395956192081,0.02695871946082561,0.5012636899747261
0.4433734939759036,0.021686746987951807,0.028112449799196786,0.5068273092369477
0.4395946999220577,0.02260327357755261,0.029618082618862042,0.5081839438815277
0.4452773613193403,0.021739130434782608,0.029985007496251874,0.5029985007496252
0.4417910447761194,0.022388059701492536,0.03208955223880597,0.503731343283582
0.4346895074946467,0.02069950035688794,0.03140613847251963,0.5132048536759457
0.43655172413793103,0.023448275862068966,0.03379310344827586,0.5062068965517241
0.4364123159303882,0.02610441767068273,0.030789825970548863,0.5066934404283802
0.43836519446275546,0.025049439683586024,0.02900461437046803,0.5075807514831905
0.4297734627831715,0.02330097087378641,0.02912621359223301,0.517799352750809
0.4248447204968944,0.021739130434782608,0.031677018633540374,0.5217391304347826
0.4284852142426071,0.024140012070006035,0.03379601689800845,0.5135787567893784
0.41991601679664065,0.026994601079784044,0.032993401319736056,0.5200959808038392
0.42021276595744683,0.030141843971631204,0.03368794326241135,0.5159574468085106
0.4186313973548016,0.03162737205290397,0.03105232892466935,0.518688901667625
0.4177001127395716,0.033821871476888386,0.02987598647125141,0.5186020293122886
0.42266890005583474,0.03015075376884422,0.03294249022892239,0.5142378559463987
0.4292817679558011,0.030939226519337018,0.032044198895027624,0.5077348066298343
0.42635243706480985,0.02945902517407606,0.033743974290305304,0.5104445634708088
0.42398737506575485,0.03103629668595476,0.03208837453971594,0.5128879537085744
0.4252336448598131,0.03115264797507788,0.029075804776739357,0.5145379023883697
0.43820224719101125,0.03319713993871297,0.027068437180796732,0.501532175689479
0.4292803970223325,0.032754342431761785,0.028287841191066997,0.5096774193548387
0.4190054160512063,0.032003938946331856,0.028557360905957656,0.5204332840965041
0.41483253588516744,0.03253588516746411,0.02727272727272727,0.5253588516746411
0.4259346900141978,0.03218173213440606,0.026975863700899196,0.514907714150497
0.4208786017949929,0.030703826169107228,0.0273972602739726,0.5210203117619272
0.42255498362189986,0.030416471689284044,0.024801123069723912,0.5222274216190922
0.42542450665442866,0.029830197338228545,0.023864157870582835,0.52088113813676
0.4225481209899175,0.032080659945004586,0.02612282309807516,0.5192483959670028
0.420501138952164,0.03280182232346242,0.025968109339407745,0.5207289293849658
0.4217687074829932,0.03219954648526077,0.026757369614512472,0.5192743764172335
0.4147880973850316,0.033363390441839495,0.02750225428313796,0.524346257889991
0.4171584203359056,0.033590558329550615,0.026327734906945077,0.5229232864275988
0.4198995892286627,0.03057964399817435,0.02464628023733455,0.5248744865358284
0.418488160291439,0.030054644808743168,0.02686703096539162,0.5245901639344263
0.41696914700544463,0.029491833030852996,0.028584392014519056,0.5249546279491834
0.42171945701357466,0.02850678733031674,0.02986425339366516,0.5199095022624435
0.41633199464524767,0.03034359660865685,0.027666220437304774,0.5256581883087907
0.42359855334538876,0.028933092224231464,0.028481012658227847,0.5189873417721519
0.42478670857656037,0.030085316569375842,0.03143242029636282,0.513695554557701
0.42496620099143756,0.0337990085624155,0.031545741324921134,0.5096890491212258
0.4256665160415725,0.031179394487121554,0.031631269769543606,0.5115228197017623
0.4184710561201944,0.030048608042421564,0.0344675209898365,0.5170128148475475
0.42224231464737794,0.028933092224231464,0.03616636528028933,0.5126582278481012
0.4228699551569507,0.03183856502242152,0.033183856502242155,0.5121076233183857
0.42401079136690645,0.02787769784172662,0.03102517985611511,0.5170863309352518
0.422271714922049,0.027171492204899776,0.027171492204899776,0.5233853006681515
0.42625169147496617,0.02931889941362201,0.03067207938655841,0.5137573297248534
0.427158273381295,0.030575539568345324,0.02922661870503597,0.5130395683453237
0.42231075697211157,0.03054448871181939,0.02656042496679947,0.5205843293492696
0.42131074453856443,0.03209986625055729,0.027641551493535442,0.5189478377173429
0.414568345323741,0.03237410071942446,0.027428057553956834,0.5256294964028777
0.41674087266251114,0.034728406055209264,0.02715939447907391,0.5213713268032057
0.4192825112107623,0.033632286995515695,0.026905829596412557,0.5201793721973094
0.41530296329057936,0.034055727554179564,0.02565236620964175,0.5249889429455993
0.42015294646873597,0.032388663967611336,0.025191183085919926,0.5222672064777328
0.41904761904761906,0.0326530612244898,0.026757369614512472,0.5215419501133787
0.4120307553143374,0.03211216644052465,0.027589326096788783,0.5282677521483492
0.4101174345076784,0.03116531165311653,0.026648599819331528,0.5320686540198736
0.41819012797074956,0.03153564899451554,0.027879341864716637,0.5223948811700183
0.40993227990970654,0.033860045146726865,0.028893905191873587,0.527313769751693
0.41097122302158273,0.03237410071942446,0.028327338129496404,0.5283273381294964
0.41110613524406625,0.03000447828034035,0.028660994178235557,0.5302283922973579
0.41155234657039713,0.03023465703971119,0.02707581227436823,0.5311371841155235
0.41147467503361723,0.03182429403854774,0.02689376961004034,0.5298072613177948
0.41487455197132617,0.033154121863799284,0.025089605734767026,0.5268817204301075
0.41873030166591624,0.03286807744259343,0.026114362899594776,0.5222872579918956
0.431205035971223,0.03372302158273381,0.025179856115107913,0.5098920863309353
0.42541685443893645,0.03785488958990536,0.024785939612438034,0.5119423163587201
0.4228007181328546,0.035457809694793535,0.026929982046678635,0.5148114901256733
0.42430988423864646,0.035173642030276044,0.02626892252894034,0.5142475512021372
0.42514438027543316,0.0368725011106175,0.027099067081297203,0.5108840515326522
0.42927705433318364,0.038616973506960035,0.026044005388414906,0.5060619667714414
0.43672014260249553,0.035650623885918005,0.026737967914438502,0.5008912655971479
0.43676603432700994,0.03523035230352303,0.02710027100271003,0.500903342366757
0.4402714932126697,0.034389140271493215,0.02760180995475113,0.497737556561086
0.44223826714801445,0.03384476534296029,0.027978339350180504,0.49593862815884476
0.4400715563506261,0.03220035778175313,0.02996422182468694,0.4977638640429338
0.4366323331840573,0.033139274518584866,0.03179579041648007,0.49843260188087773
0.4261261261261261,0.033783783783783786,0.03333333333333333,0.5067567567567568
0.42805755395683454,0.03192446043165468,0.0341726618705036,0.5058453237410072
0.4357818837314105,0.031545741324921134,0.03830554303740424,0.49436683190626407
0.4366260712674786,0.029769959404600813,0.037889039242219216,0.4957149300857014
0.42935029532030894,0.027260336210813266,0.03861880963198546,0.5047705588368924
0.4366576819407008,0.029200359389038633,0.038185085354896675,0.49595687331536387
0.4275491949910555,0.028622540250447227,0.03980322003577817,0.5040250447227191
0.42793395805443996,0.029451137884872823,0.03971441320838911,0.502900490852298
0.42541685443893645,0.028391167192429023,0.03965750337990086,0.5065344749887337
0.41894925909295017,0.02918724741805119,0.04041311180960934,0.5114503816793893
0.4234762979683973,0.029345372460496615,0.04198645598194131,0.5051918735891647
0.43199276999548125,0.02711251694532309,0.042476276547672845,0.49841843651152284
0.43478260869565216,0.02510085163603765,0.04168534289556253,0.49843119677274766
0.4270557029177719,0.026083112290008842,0.03978779840848806,0.5070733863837312
0.42740841248303935,0.024875621890547265,0.03934871099050204,0.5083672546359114
0.42567567567567566,0.02252252252252252,0.036936936936936934,0.5148648648648648
0.4251685393258427,0.023370786516853932,0.03550561797752809,0.5159550561797753
0.4218472468916519,0.023090586145648313,0.035523978685612786,0.5195381882770871
0.4218396012686905,0.02718622564567286,0.03624830086089714,0.5147258722247394
0.42121754700089525,0.02864816472694718,0.03625783348254252,0.5138764547896151
0.42162162162162165,0.02927927927927928,0.036036036036036036,0.513063063063063
0.4254840162089149,0.028365601080594327,0.03692030616839262,0.5092300765420982
0.4202440126525079,0.028016267510167194,0.03434252146407592,0.5173971983732489
0.42086167800453517,0.030839002267573697,0.036734693877551024,0.5115646258503401
0.423932384341637,0.030249110320284697,0.03692170818505338,0.5088967971530249
0.4257690592955863,0.028533214444939812,0.036558181007579134,0.5091395452518948
0.4216485507246377,0.028532608695652172,0.03804347826086957,0.5117753623188406
0.4206422018348624,0.03211009174311927,0.03486238532110092,0.5123853211009174
0.41823899371069184,0.028751123090745734,0.03459119496855346,0.518418688230009
0.41738343141693074,0.02761430511543685,0.03531009506564056,0.5196921684019918
0.4194722474977252,0.025477707006369428,0.03503184713375796,0.5200181983621474
0.4144348615524285,0.023604176123467997,0.03404448479346346,0.5279164775306401
0.4168925022583559,0.026648599819331528,0.03342366757000903,0.5230352303523035
0.4197475202885482,0.027051397655545536,0.034715960324616775,0.5184851217312895
0.4228007181328546,0.027378815080789945,0.035457809694793535,0.5143626570915619
0.4139177586985992,0.030727519204699502,0.03705377315860822,0.5183009489380931
0.41454545454545455,0.031818181818181815,0.03272727272727273,0.5209090909090909
0.4115263394867177,0.0315173345339937,0.03241782980639352,0.524538496172895
0.4126912691269127,0.034203420342034205,0.029252925292529253,0.5238523852385238
0.41082072443833106,0.033470884915176524,0.030261348005502064,0.5254470426409904
0.4112612612612613,0.036936936936936934,0.03063063063063063,0.5211711711711712
0.41184448462929474,0.0379746835443038,0.03074141048824593,0.5194394213381555
0.4176470588235294,0.03619909502262444,0.031221719457013575,0.5149321266968325
0.42262969588550986,0.03488372093023256,0.029069767441860465,0.5134168157423972
0.424875170222424,0.03495233772128915,0.028597367226509306,0.5115751248297776
0.4197247706422018,0.034403669724770644,0.02889908256880734,0.5169724770642202
0.4161378059836809,0.03535811423390753,0.03127833182230281,0.5172257479601088
0.41742286751361163,0.034936479128856626,0.032667876588021776,0.51497277676951
0.41309255079006774,0.03476297968397291,0.032054176072234764,0.5200902934537246
0.41308243727598565,0.035842293906810034,0.03270609318996416,0.5183691756272402
0.409070498428379,0.03367759317467445,0.03367759317467445,0.5235743152222722
0.4100847835787595,0.03257474341811691,0.035698348951361,0.5216421240517626
0.40540540540540543,0.032432432432432434,0.034684684684684684,0.5274774774774775
0.40777132648503794,0.02992407324698526,0.03573023671281822,0.5265743635551585
0.4056261343012704,0.029491833030852996,0.0367513611615245,0.5281306715063521
0.4089068825910931,0.029239766081871343,0.03643724696356275,0.5254161043634727
0.40116539668310175,0.03047960555804572,0.033617212012550426,0.5347377857463022
0.40808988764044946,0.03280898876404494,0.03325842696629214,0.5258426966292135
0.40441839495040577,0.032461677186654644,0.035617673579801626,0.527502254283138
0.40545373267769336,0.03263299061242736,0.03665623603039785,0.5252570406794814
0.40324032403240323,0.034203420342034205,0.034653465346534656,0.5279027902790279
0.4026149684400361,0.032010820559062216,0.03787195671776375,0.527502254283138
0.4040358744394619,0.03228699551569507,0.03452914798206278,0.5291479820627802
0.40869959220661534,0.03352967829632986,0.031717263253285,0.5260534662437698
0.4090501792114695,0.03539426523297491,0.030913978494623656,0.524641577060932
0.4055755395683453,0.03372302158273381,0.030575539568345324,0.5301258992805755
0.4025157232704403,0.034141958670260555,0.029200359389038633,0.5341419586702606
0.4091726618705036,0.0341726618705036,0.02922661870503597,0.5274280575539568
0.40063520871143377,0.03584392014519056,0.028130671506352088,0.5353901996370236
0.39473684210526316,0.0367513611615245,0.034482758620689655,0.5340290381125227
0.3921747042766151,0.03776160145586897,0.034121929026387623,0.5359417652411284
0.3904847396768402,0.037253141831238776,0.032764811490125674,0.5394973070017953
0.3960216998191682,0.0352622061482821,0.034358047016274866,0.5343580470162749
0.3927451858486341,0.03358710255261979,0.03761755485893417,0.5360501567398119
0.3952122854561879,0.03342366757000903,0.037037037037037035,0.5343270099367661
0.39863325740318906,0.03189066059225513,0.03735763097949886,0.532118451025057
0.3965827338129496,0.03282374100719424,0.03732014388489208,0.533273381294964
0.3955994611585092,0.032330489447687474,0.03682083520431073,0.5352492141894926
0.3933184855233853,0.032071269487750555,0.0334075723830735,0.5412026726057907
0.3862100045065345,0.030193780982424517,0.0337990085624155,0.5497972059486255
0.38475417230491654,0.02931889941362201,0.03247631935047361,0.5534506089309879
0.38123035473731476,0.03188145487202514,0.032330489447687474,0.5545577009429726
0.38545454545454544,0.031363636363636364,0.03363636363636364,0.5495454545454546
0.37920215150156883,0.033168982519049754,0.033168982519049754,0.5544598834603317
0.3759499329459097,0.033974072418417524,0.0348681269557443,0.5552078676799285
0.37957523723452324,0.037957523723452326,0.033438770899231814,0.5490284681427926
0.38493150684931504,0.036986301369863014,0.032420091324200914,0.545662100456621
0.3850732600732601,0.040293040293040296,0.03021978021978022,0.5444139194139194
0.38979963570127507,0.038706739526411654,0.028688524590163935,0.5428051001821493
0.38858447488584474,0.038356164383561646,0.029223744292237442,0.5438356164383562
0.39259597806215724,0.03473491773308958,0.031078610603290677,0.5415904936014625
0.394724874943156,0.034106412005457026,0.030013642564802184,0.5411550704865848
0.38971583220568334,0.035182679296346414,0.03112313937753721,0.543978349120433
0.3899286987522282,0.03342245989304813,0.029411764705882353,0.5472370766488414
0.3860444041685546,0.031717263253285,0.028545536927956503,0.5536927956502039
0.3940620782726046,0.0310391363022942,0.026090868196131354,0.5488079172289698
0.3857777777777778,0.03244444444444444,0.02711111111111111,0.5546666666666666
0.3806767586821015,0.03383793410507569,0.028495102404274265,0.5569902048085486
0.37668161434977576,0.037219730941704034,0.028699551569506727,0.5573991031390134
0.38005390835579517,0.038185085354896675,0.028751123090745734,0.5530098831985625
0.38056312443233425,0.03451407811080836,0.030426884650317895,0.5544959128065395
0.38021778584392013,0.036297640653357534,0.029038112522686024,0.5544464609800362
0.38306636155606405,0.035240274599542334,0.028832951945080093,0.5528604118993135
0.3888635326335007,0.032861706983112735,0.02784116841624829,0.5504335919671383
0.3808007279344859,0.033212010919017286,0.027752502274795268,0.5582347588717016
0.3818430656934307,0.03193430656934307,0.026916058394160582,0.5593065693430657
0.381859410430839,0.02947845804988662,0.026303854875283448,0.562358276643991
0.37448933272809803,0.029959146618247844,0.02541988197911938,0.5701316386745348
0.37775776677172446,0.031067086897793788,0.02341287708239532,0.5677622692480865
0.38503155996393146,0.030658250676284943,0.024346257889990983,0.5599639314697926
0.3850987432675045,0.02917414721723519,0.027378815080789945,0.5583482944344704
0.38346883468834686,0.03116531165311653,0.02710027100271003,0.5582655826558266
0.38332578160398734,0.032170367014046214,0.026733121884911646,0.5577707294970549
0.3800271125169453,0.031179394487121554,0.028920018075011298,0.5598734749209219
0.3813405797101449,0.03170289855072464,0.028985507246376812,0.5579710144927537
0.38073807380738073,0.0306030603060306,0.0306030603060306,0.558055805580558
0.3834314169307379,0.029425079221367133,0.028972385694884563,0.5581711181530105
0.38385205232295894,0.030221019395579612,0.02796571944068561,0.5579612088407758
0.3827383642114776,0.028920018075011298,0.02937189335743335,0.5589697243560777
0.3817446043165468,0.029676258992805755,0.027428057553956834,0.5611510791366906
0.3827985739750446,0.027629233511586453,0.029411764705882353,0.5601604278074866
0.3886404293381038,0.029069767441860465,0.0259391771019678,0.556350626118068
0.3879003558718861,0.02891459074733096,0.02402135231316726,0.5591637010676157
0.3844765342960289,0.027527075812274367,0.02391696750902527,0.5640794223826715
0.38385205232295894,0.029769959404600813,0.026612539467749212,0.559765448804691
0.3865168539325843,0.0301123595505618,0.027415730337078652,0.5559550561797753
0.3810166441745389,0.029689608636977057,0.02699055330634278,0.5623031938821412
0.38333333333333336,0.02927927927927928,0.026576576576576576,0.5608108108108109
0.3817277250113071,0.029850746268656716,0.024423337856173677,0.5639981908638625
0.3822864889290556,0.0298237686398554,0.024401265250790782,0.5634884771802983
0.38045454545454543,0.029545454545454545,0.02727272727272727,0.5627272727272727
0.38489047831917744,0.029503799731783638,0.029503799731783638,0.5561019222172553
0.3892889288928893,0.026552655265526554,0.03195319531953195,0.5522052205220522
0.3870967741935484,0.028225806451612902,0.03225806451612903,0.5524193548387096
0.3859964093357271,0.02827648114901257,0.03500897666068223,0.550718132854578
0.3834755276156264,0.02694207453973956,0.03412662775033678,0.5554557700942973
0.38846327174402884,0.027489860297431275,0.032897701667417754,0.5511491662911221
0.3870094722598105,0.029769959404600813,0.032927379341452415,0.5502931889941363
0.387038703870387,0.03285328532853286,0.032403240324032405,0.5477047704770477
0.3865771812080537,0.035794183445190156,0.031767337807606266,0.5458612975391499
0.3844086021505376,0.036738351254480286,0.03181003584229391,0.5470430107526881
0.3835920177383592,0.03458980044345898,0.03237250554323725,0.5494456762749446
0.3782452999104745,0.03401969561324977,0.03446732318710832,0.5532676812891674
0.3808453237410072,0.03282374100719424,0.03507194244604316,0.5512589928057554
0.3779707495429616,0.03244972577696526,0.035191956124314444,0.5543875685557587
0.3852087114337568,0.03176043557168784,0.03584392014519056,0.5471869328493648
0.3891891891891892,0.032432432432432434,0.034684684684684684,0.5436936936936937
0.3879035925420646,0.030468394724874944,0.036834924965893585,0.5447930877671668
0.3813597478613237,0.028815848716794237,0.040522287257991896,0.5493021161638901
0.38356786200635495,0.02814344076259646,0.03858374943259192,0.5497049477984567
0.3887892376681614,0.02780269058295964,0.03542600896860987,0.5479820627802691
0.3852017937219731,0.02600896860986547,0.03452914798206278,0.5542600896860986
0.3910891089108911,0.027452745274527453,0.03375337533753375,0.5477047704770477
0.3855855855855856,0.02927927927927928,0.03153153153153153,0.5536036036036036
0.3863124718595227,0.028365601080594327,0.031067086897793788,0.5542548401620891
0.38127240143369173,0.026881720430107527,0.03136200716845878,0.5604838709677419
0.375,0.027925531914893616,0.02925531914893617,0.5678191489361702
0.37095323741007197,0.028327338129496404,0.030575539568345324,0.5701438848920863
0.36773321315908064,0.028841820639927896,0.03470031545741325,0.5687246507435781
0.3669097538742024,0.02552415679124886,0.03463992707383774,0.572926162260711
0.36629213483146067,0.024269662921348314,0.033707865168539325,0.5757303370786517
0.3631885356023287,0.025974025974025976,0.03403493058665472,0.5768025078369906
0.3631885356023287,0.025526197939991044,0.034482758620689655,0.5768025078369906
0.3644144144144144,0.025225225225225224,0.03558558558558558,0.5747747747747748
0.36428571428571427,0.025892857142857145,0.032589285714285716,0.5772321428571429
0.364658273381295,0.025179856115107913,0.03282374100719424,0.5773381294964028
0.3684210526315789,0.023139745916515426,0.03221415607985481,0.5762250453720508
0.3669518235029266,0.0225123818099955,0.0315173345339937,0.5790184601530842
0.35711060948081264,0.025733634311512415,0.032054176072234764,0.5851015801354402
0.35488245931283907,0.023508137432188065,0.03616636528028933,0.5854430379746836
0.3490354419021983,0.02288021534320323,0.039030955585464336,0.5890533871691341
0.3618747183415953,0.02298332582244254,0.03650292924740874,0.5786390265885534
0.36884512085944493,0.024171888988361683,0.03491495076096687,0.5720680393912265
0.3720825852782765,0.025583482944344704,0.035457809694793535,0.5668761220825853
0.36995515695067266,0.02466367713004484,0.03587443946188341,0.5695067264573991
0.3751123090745732,0.027403414195867025,0.034141958670260555,0.5633423180592992
0.36992414100847837,0.0285586791610888,0.03302097278000892,0.5684962070504239
0.37886251679355126,0.026421854008060904,0.03090013434841021,0.5638154948499776
0.3806741573033708,0.02696629213483146,0.0301123595505618,0.562247191011236
0.37443744374437443,0.028352835283528353,0.031053105310531053,0.5661566156615662
0.37646001796945194,0.029649595687331536,0.029649595687331536,0.564240790655885
0.3835125448028674,0.02956989247311828,0.03136200716845878,0.5555555555555556
0.3743291592128801,0.028622540250447227,0.028622540250447227,0.5684257602862254
0.37962128043282234,0.029305680793507663,0.028403967538322812,0.5626690712353472
0.37781785392245265,0.028403967538322812,0.02750225428313796,0.5662759242560865
0.380009004952724,0.027915353444394417,0.025664115263394866,0.5664115263394868
0.3723021582733813,0.02922661870503597,0.02922661870503597,0.5692446043165468
0.36995515695067266,0.028251121076233184,0.028251121076233184,0.5735426008968609
0.37248771773113,0.02813756141134435,0.028584189370254576,0.5707905314872711
0.3741103202846975,0.02891459074733096,0.027580071174377226,0.5693950177935944
0.3742138364779874,0.029200359389038633,0.027852650494159928,0.568733153638814
0.3810160427807487,0.030303030303030304,0.02540106951871658,0.5632798573975044
0.37683089214380827,0.029738126941855306,0.02663115845539281,0.5667998224589437
0.37640702386312475,0.03376857271499325,0.0270148581719946,0.5628095452498875
0.36823266219239376,0.032214765100671144,0.029977628635346757,0.5695749440715884
0.37273550724637683,0.03306159420289855,0.029891304347826088,0.5643115942028986
0.37522768670309653,0.033242258652094715,0.031876138433515486,0.5596539162112932
0.37326155226558994,0.033647375504710635,0.033647375504710635,0.5594436967249888
0.3744394618834081,0.033632286995515695,0.03587443946188341,0.5560538116591929
0.37988325101032777,0.03502469690166143,0.03502469690166143,0.5500673551863493
0.38740371545083824,0.030811055731762575,0.03624830086089714,0.545536927956502
0.3779491833030853,0.029491833030852996,0.038112522686025406,0.5544464609800362
0.37749546279491836,0.029038112522686024,0.039473684210526314,0.5539927404718693
0.37957523723452324,0.028468142792589246,0.039313149570718485,0.552643470402169
0.38071525577184245,0.028519692168401993,0.04119511090991399,0.5495699411498416
0.3837788853647485,0.02628001812415043,0.042138649750792935,0.5478024467603081
0.38881371222372574,0.02435723951285521,0.04194857916102842,0.5448804691023906
0.3835740072202166,0.02572202166064982,0.043772563176895304,0.5469314079422383
0.3891120035698349,0.026327532351628737,0.04194556001784917,0.5426149040606872
0.38750565866908104,0.02761430511543685,0.038931643277501135,0.545948392937981
0.3915989159891599,0.026648599819331528,0.037037037037037035,0.5447154471544715
0.39542190305206465,0.026032315978456014,0.03680430879712747,0.5417414721723519
0.3954954954954955,0.027477477477477478,0.034684684684684684,0.5423423423423424
0.39718565592374033,0.02814344076259646,0.03449841125737631,0.5401724920562869
0.39428312159709616,0.029038112522686024,0.036297640653357534,0.5403811252268602
0.38954545454545453,0.028181818181818183,0.035,0.5472727272727272
0.3917525773195876,0.029134917077543704,0.03451367099955177,0.5445988346033169
0.3818346136466335,0.028920018075011298,0.03524627202892002,0.5539990962494351
0.38045925258892394,0.031067086897793788,0.03872129671319226,0.5497523638000901
0.3799203892083149,0.030959752321981424,0.03847854931446263,0.550641309155241
0.3827879874495742,0.03272075302554908,0.033168982519049754,0.551322277005827
0.3768888888888889,0.035111111111111114,0.036444444444444446,0.5515555555555556
0.3719892952720785,0.034344335414808205,0.03746654772524532,0.556199821587868
0.3780269058295964,0.033632286995515695,0.03811659192825112,0.5502242152466368
0.3771224307417337,0.03261840929401251,0.036193029490616625,0.5540661304736372
0.37257555254848895,0.03112313937753721,0.03924221921515562,0.5570590888588183
0.37646001796945194,0.03189577717879605,0.03863432165318958,0.5530098831985625
0.3787810383747178,0.03295711060948081,0.04018058690744921,0.5480812641083521
0.36683417085427134,0.035175879396984924,0.040657834627683874,0.5573321151210598
0.36163522012578614,0.03189577717879605,0.03908355795148248,0.5673854447439353
0.36339044183949504,0.032010820559062216,0.0405770964833183,0.5640216411181245
0.36200716845878134,0.03136200716845878,0.03942652329749104,0.5672043010752689
0.35698248765154916,0.029636281993713515,0.03771890435563539,0.5756623259991019
0.3611111111111111,0.027777777777777776,0.03942652329749104,0.5716845878136201
0.35633739287325217,0.02796571944068561,0.04149751917004962,0.5741993685160126
0.3522778529544429,0.02796571944068561,0.04194857916102842,0.577807848443843
0.3487432675044883,0.02872531418312388,0.041741472172351884,0.5807899461400359
0.3407846715328467,0.03102189781021898,0.04242700729927007,0.5857664233576643
0.34359438660027164,0.029425079221367133,0.040289723856948845,0.5866908103214125
0.34358288770053474,0.03208556149732621,0.03877005347593583,0.5855614973262032
0.3484304932735426,0.03273542600896861,0.037219730941704034,0.5816143497757847
0.3522727272727273,0.030454545454545453,0.035,0.5822727272727273
0.3514376996805112,0.02921040620721132,0.03696942035600183,0.5823824737562757
0.3578852236782648,0.03253502033438771,0.03705377315860822,0.5725259828287392
0.3510590356016223,0.0337990085624155,0.03515096890491212,0.57999098693105
0.35846501128668173,0.03431151241534989,0.03295711060948081,0.5742663656884875
0.35912343470483005,0.03711985688729875,0.03041144901610018,0.5733452593917711
0.3559550561797753,0.03640449438202247,0.03146067415730337,0.5761797752808989
0.35193519351935193,0.03915391539153915,0.0351035103510351,0.5738073807380738
0.33915770609318996,0.03763440860215054,0.034050179211469536,0.58915770609319
0.3453815261044177,0.03614457831325301,0.0321285140562249,0.5863453815261044
0.34599728629579374,0.03573043871551334,0.03573043871551334,0.5825418362731796
0.33736559139784944,0.03449820788530466,0.036738351254480286,0.5913978494623656
0.34490532010820557,0.032461677186654644,0.032010820559062216,0.5906221821460775
0.3410714285714286,0.033928571428571426,0.033482142857142856,0.5915178571428571
0.3380846325167038,0.033853006681514475,0.0334075723830735,0.5946547884187082
0.33288948069241014,0.03506435863293387,0.033732800710164226,0.5983133599644918
0.3334805653710247,0.03445229681978799,0.03136042402826855,0.6007067137809188
0.3402340234023402,0.03195319531953195,0.0315031503150315,0.5963096309630963
0.33485401459854014,0.031478102189781025,0.03239051094890511,0.6012773722627737
0.32989228007181326,0.034560143626570915,0.033662477558348294,0.6018850987432675
0.3284639220894201,0.038955289951305885,0.03098716246126605,0.601593625498008
0.3318405732198836,0.03672189879086431,0.03358710255261979,0.5978504254366324
0.3273622928795343,0.034482758620689655,0.035826242722794444,0.6023287057769816
0.3258628417749888,0.03630658897355446,0.03675481846705513,0.6010757507844016
0.31987438313144906,0.036787797218483624,0.039030955585464336,0.604306864064603
0.3164726947179946,0.03625783348254252,0.03715308863025962,0.6101163831692032
0.3251231527093596,0.03403493058665472,0.036274070756829375,0.6045678459471563
0.32204155374887083,0.03477868112014453,0.03839205058717254,0.6047877145438121
0.32084837545126355,0.03655234657039711,0.04016245487364621,0.6024368231046932
0.3128668171557562,0.03566591422121896,0.040632054176072234,0.6108352144469525
0.3118811881188119,0.03375337533753375,0.04455445544554455,0.6098109810981098
0.3147818343722173,0.034728406055209264,0.0427426536064114,0.6077471059661621
0.32231779085559076,0.03214124038026256,0.040742417383431415,0.6047985513807153
0.32713248638838477,0.03130671506352087,0.039927404718693285,0.6016333938294011
0.3255290409725349,0.030166591625393965,0.03962179198559208,0.6046825754164791
0.32899461400359065,0.02872531418312388,0.03680430879712747,0.605475763016158
0.3292956482727681,0.026469268730372364,0.036787797218483624,0.6074472857783759
0.3364695340501792,0.027777777777777776,0.03763440860215054,0.5981182795698925
0.33483348334833485,0.029252925292529253,0.0369036903690369,0.599009900990099
0.33570159857904086,0.02797513321492007,0.040408525754884544,0.5959147424511545
0.3349797934440952,0.030983385720700495,0.04041311180960934,0.593623709025595
0.3309449171518137,0.032691446484549934,0.041648007165248545,0.5947156291983878
0.33724604966139954,0.031151241534988713,0.03837471783295711,0.5932279909706546
0.33303370786516856,0.029213483146067417,0.037303370786516854,0.6004494382022472
0.33423180592991913,0.02830188679245283,0.03593890386343217,0.6015274034141959
0.34220018034265104,0.031109107303877368,0.032010820559062216,0.5946798917944094
0.3342391304347826,0.03170289855072464,0.03260869565217391,0.6014492753623188
0.33905191873589163,0.03069977426636569,0.03295711060948081,0.5972911963882619
0.33228699551569507,0.03228699551569507,0.03139013452914798,0.6040358744394618
0.33093848226313427,0.030983385720700495,0.03367759317467445,0.6044005388414908
0.32818883340898775,0.030866999546073536,0.03177485247389923,0.6091693145710395
0.3277349069450749,0.03177485247389923,0.03041307308216069,0.6100771674988652
0.3282715497990174,0.030370701205895488,0.02813756141134435,0.6132201875837427
0.3273462056578357,0.02828917826672654,0.026044005388414906,0.6183206106870229
0.3247399366802352,0.026232473993668022,0.02532790592492085,0.623699683401176
0.3263392857142857,0.026785714285714284,0.022767857142857142,0.6241071428571429
0.326984126984127,0.026757369614512472,0.022675736961451247,0.6235827664399093
0.3241534988713318,0.025733634311512415,0.022573363431151242,0.6275395033860045
0.3258527827648115,0.02423698384201077,0.02333931777378815,0.6265709156193896
0.32239208633093525,0.024280575539568347,0.022931654676258992,0.6303956834532374
0.31491464510332434,0.027852650494159928,0.024707996406109614,0.6325247079964061
0.31983805668016196,0.02564102564102564,0.02564102564102564,0.6288798920377868
0.31987438313144906,0.026917900403768506,0.02602063705697622,0.6271870794078062
0.32665776591010237,0.028037383177570093,0.027147307521139297,0.6181575433911882
0.3238482384823848,0.02935862691960253,0.024841915085817526,0.6219512195121951
0.31811958010041075,0.030123231401186674,0.026928343222272933,0.6248288452761296
0.31464737793851716,0.02938517179023508,0.02938517179023508,0.6265822784810127
0.31382260243133725,0.029266096352994146,0.029716343989194056,0.6271949572264746
0.32170022371364654,0.02774049217002237,0.029977628635346757,0.6205816554809843
0.31583629893238435,0.025355871886120998,0.029359430604982206,0.6294483985765125
0.31738148984198644,0.02618510158013544,0.029796839729119638,0.6266365688487585
0.31112111661413777,0.028365601080594327,0.027465105808194508,0.6330481764970733
0.30961968680089486,0.030425055928411632,0.02953020134228188,0.6304250559284116
0.3094271538114569,0.03067207938655841,0.028416779431664412,0.6314839873703203
0.3077266636891469,0.0321572130415364,0.029477445288075034,0.6306386779812416
0.30897609382047814,0.03382949932341001,0.029769959404600813,0.627424447451511
0.3093622795115332,0.03346901854364541,0.033921302578018994,0.6232473993668024
0.3072043497961033,0.03398278205709107,0.0348889895786135,0.6239238785681921
0.3004948268106163,0.033288349077822764,0.03643724696356275,0.6297795771479981
0.30130220026942073,0.032330489447687474,0.032330489447687474,0.6340368208352043
0.3021680216802168,0.028003613369467027,0.03523035230352303,0.6345980126467932
0.3051685393258427,0.02651685393258427,0.035955056179775284,0.6323595505617977
0.30237774786899957,0.0300583221175415,0.0354419021982952,0.6321220278151638
0.30772706732941707,0.031179394487121554,0.03569814731134207,0.6253953908721193
0.30779691749773347,0.032638259292837715,0.03762466001813237,0.6219401631912964
0.3054164770141102,0.03322712790168411,0.04005461993627674,0.621301775147929
0.3089430894308943,0.03026196928635953,0.037940379403794036,0.6228545618789522
0.31264057579847054,0.028789923526765633,0.03733693207377418,0.6212325686009896
0.3142597638510445,0.026793823796548592,0.03905540417801998,0.6198910081743869
0.3081056874160322,0.02910882221227049,0.03896103896103896,0.6238244514106583
0.3128668171557562,0.026636568848758466,0.036568848758465014,0.6239277652370203
0.30953456845910526,0.028920018075011298,0.03615002259376412,0.6253953908721193
0.31179394487121553,0.03027564392227745,0.034794396746497966,0.623136014460009
0.3098464317976513,0.02981029810298103,0.03477868112014453,0.6255645889792232
0.3063791554357592,0.029200359389038633,0.03324348607367475,0.6311769991015274
0.3066485753052917,0.028946178199909543,0.03346901854364541,0.6309362279511533
0.31062303899596594,0.027790228597041687,0.033617212012550426,0.627969520394442
0.30734767025089604,0.027329749103942653,0.034050179211469536,0.6312724014336918
0.3047960555804572,0.029583146571044376,0.03272075302554908,0.6329000448229494
0.3025846702317291,0.0285204991087344,0.03342245989304813,0.6354723707664884
0.309245960502693,0.02872531418312388,0.03141831238779174,0.6306104129263914
0.30776173285198555,0.027527075812274367,0.032490974729241874,0.6322202166064982
0.3066546762589928,0.02787769784172662,0.03372302158273381,0.6317446043165468
0.31043710972346117,0.024977698483496878,0.03256021409455843,0.6320249776984835
0.313953488372093,0.02728085867620751,0.03443649373881932,0.6243291592128801
0.3121907332433648,0.03013945119208277,0.031938821412505626,0.6257309941520468
0.3144682793245094,0.02921040620721132,0.0314924691921497,0.6248288452761296
0.3112221717401181,0.03180372557928214,0.03134938664243526,0.6256247160381645
0.30710431654676257,0.030575539568345324,0.030575539568345324,0.6317446043165468
0.31475702184574234,0.03209986625055729,0.03299152920196166,0.6201515827017388
0.31684491978609625,0.03163992869875223,0.03342245989304813,0.6180926916221033
0.3165627782724844,0.030721282279608193,0.034728406055209264,0.6179875333926982
0.31674008810572685,0.03039647577092511,0.033480176211453744,0.6193832599118942
0.3195132942767012,0.03199639477242001,0.034249662009914375,0.6142406489409644
0.31536748329621384,0.032516703786191536,0.03296213808463252,0.6191536748329621
0.3178155774395703,0.03357206803939123,0.02999104744852283,0.6186213070725156
0.3148148148148148,0.032068654019873535,0.03432700993676603,0.6187895212285456
0.3178363880196692,0.030844881537773806,0.03665623603039785,0.6146624944121591
0.3131818181818182,0.03,0.03272727272727273,0.6240909090909091
0.3136729222520107,0.028150134048257374,0.030831099195710455,0.6273458445040214
0.3211743772241993,0.026690391459074734,0.030249110320284697,0.6218861209964412
0.3118811881188119,0.027002700270027002,0.0297029702970297,0.6314131413141314
0.30865859129654555,0.0300583221175415,0.0300583221175415,0.6312247644683715
0.30953456845910526,0.02711251694532309,0.030727519204699502,0.6326253953908721
0.3111413043478261,0.024909420289855072,0.03170289855072464,0.6322463768115942
0.3146167557932264,0.023172905525846704,0.03074866310160428,0.6314616755793226
0.31227436823104693,0.02211191335740072,0.02888086642599278,0.6367328519855595
0.3101123595505618,0.02202247191011236,0.02696629213483146,0.6408988764044944
0.31085972850678734,0.023076923076923078,0.02850678733031674,0.6375565610859728
0.3054806828391734,0.02425876010781671,0.028751123090745734,0.6415094339622641
0.3050314465408805,0.02425876010781671,0.026954177897574125,0.6437556154537286
