C,D,Oc,Od
0.0,0.0,0.0,1.0
0.4,0.0,0.0,0.6
0.45454545454545453,0.0,0.0,0.5454545454545454
0.4782608695652174,0.0,0.0,0.5217391304347826
0.5116279069767442,0.06976744186046512,0.0,0.4186046511627907
0.5769230769230769,0.05128205128205128,0.0,0.3717948717948718
0.5793650793650794,0.07142857142857142,0.015873015873015872,0.3333333333333333
0.6031746031746031,0.09523809523809523,0.010582010582010581,0.291005291005291
0.5964912280701754,0.11929824561403508,0.017543859649122806,0.26666666666666666
0.5964467005076142,0.13959390862944163,0.03299492385786802,0.23096446700507614
0.581573896353167,0.16122840690978887,0.036468330134357005,0.22072936660268713
0.5774240231548481,0.1736613603473227,0.03762662807525326,0.21128798842257598
0.5699888017917133,0.1948488241881299,0.0425531914893617,0.19260918253079506
0.5616561656165616,0.20882088208820881,0.04770477047704771,0.18181818181818182
0.5570672713529856,0.2161753590325019,0.05291005291005291,0.17384731670445955
0.5524752475247525,0.2165016501650165,0.06072607260726073,0.1702970297029703
0.5419621749408984,0.21926713947990545,0.06914893617021277,0.16962174940898345
0.5265415549597855,0.21983914209115282,0.0777479892761394,0.17587131367292225
0.5244857982370226,0.2218413320274241,0.08667972575905974,0.16699314397649365
0.5192483959670028,0.21723189734188816,0.09440879926672777,0.1691109074243813
0.5126306620209059,0.21385017421602787,0.09886759581881534,0.17465156794425088
0.5112526539278132,0.2118895966029724,0.10445859872611465,0.17239915074309978
0.5119243421052632,0.20888157894736842,0.10567434210526316,0.17351973684210525
0.5106295993458708,0.20809484873262468,0.10834014717906787,0.17293540474243663
0.5044751830756713,0.20911310008136696,0.10984540276647681,0.17656631407648496
0.5050709939148073,0.20892494929006086,0.11196754563894523,0.17403651115618662
0.5050709939148073,0.2081135902636917,0.11318458417849898,0.17363083164300203
0.5038539553752536,0.20892494929006086,0.11480730223123732,0.1724137931034483
0.4983792544570502,0.21191247974068073,0.1166936790923825,0.17301458670988654
0.4983844911147011,0.21082390953150243,0.1191437802907916,0.17164781906300486
0.4983753046303818,0.210804224207961,0.12185215272136475,0.16896831844029245
0.49635036496350365,0.21208434712084348,0.12206001622060016,0.16950527169505272
0.49351701782820095,0.21353322528363047,0.12479740680713128,0.16815235008103727
0.4935275080906149,0.21480582524271843,0.12459546925566344,0.16707119741100324
0.4937323089365144,0.21552769915082895,0.12494945410432673,0.16579053780832997
0.4945277665180381,0.21645723550871504,0.124037292257803,0.16497770571544385
0.49091643116673395,0.21639079531691563,0.12555510698425515,0.16713766653209527
0.4880904319741623,0.21760193782801776,0.12555510698425515,0.1687525232135648
0.48687928946306014,0.21598708114654824,0.1263625353249899,0.1707710940654017
0.4850565428109855,0.21567043618739903,0.12964458804523424,0.16962843295638125
0.48241002830570157,0.2175495349777598,0.1310149615851193,0.16902547513141933
0.4814366424535916,0.2158999192897498,0.13317191283292978,0.1694915254237288
0.4788391777509069,0.21563885530028215,0.13663845223700122,0.16888351471180976
0.47699757869249393,0.2175141242937853,0.1368038740920097,0.16868442292171107
0.4762096774193548,0.21693548387096775,0.13911290322580644,0.16774193548387098
0.47601773478436116,0.21684804514308748,0.1414752116082225,0.1656590084643289
0.4735993550987505,0.2184602982668279,0.14107214832728737,0.16686819830713423
0.47186495176848875,0.21905144694533762,0.1414790996784566,0.16760450160771703
0.4678456591639871,0.21864951768488747,0.1434887459807074,0.170016077170418
0.4635814889336016,0.22012072434607646,0.14406438631790744,0.1722334004024145
0.4631790744466801,0.22012072434607646,0.1448692152917505,0.17183098591549295
0.4610441767068273,0.22048192771084338,0.1465863453815261,0.1718875502008032
0.4580983078162772,0.22199838839645447,0.14786462530217567,0.17203867848509266
0.4553499597747385,0.22244569589702334,0.1512469831053902,0.17095736122284794
0.45454545454545453,0.22204344328238135,0.15245374094931616,0.17095736122284794
0.45100401606425705,0.22449799196787149,0.1530120481927711,0.1714859437751004
0.4475693049417437,0.22579349136199278,0.15427882683808758,0.17235837685817598
0.44480128462464874,0.223203532717784,0.15937374548374147,0.17262143717382578
0.44480128462464874,0.22360497792051384,0.1597751906864713,0.1718185467683661
0.44065757818765033,0.22253408179631115,0.16279069767441862,0.1740176423416199
0.4394853236831524,0.22396461600321674,0.16324889425010053,0.17330116606353035
0.4355680449618627,0.2244078683259735,0.16619831393014853,0.17382577278201525
0.43527054108216434,0.2248496993987976,0.16392785571142285,0.17595190380761522
0.4340152426795026,0.2250300842358604,0.16446048937023666,0.17649418371440032
0.43390920048212134,0.22418642024909602,0.1663318601848132,0.17557251908396945
0.43298555377207065,0.22351524879614768,0.16813804173354735,0.17536115569823435
0.4304051343762535,0.2242278379462495,0.16887284396309668,0.17649418371440032
0.4280561122244489,0.22404809619238478,0.1691382765531062,0.17875751503006013
0.4288006417970317,0.22462896109105496,0.17007621339751303,0.17649418371440032
0.42248995983935744,0.22570281124497993,0.17309236947791165,0.178714859437751
0.4207145724608591,0.2260136491368928,0.1730228823765556,0.1802488960256925
0.41730382293762575,0.22736418511066397,0.17545271629778672,0.17987927565392353
0.41589723002810114,0.22802087515054195,0.17784022480931352,0.17824167001204336
0.4147613317288408,0.22984356197352587,0.17809867629362214,0.17729643000401124
0.41122244488977955,0.2312625250501002,0.17995991983967935,0.17755511022044088
0.40987555198715375,0.2332396627860297,0.18065034122842233,0.17623444399839422
0.40601202404809617,0.23326653306613226,0.18316633266533067,0.17755511022044088
0.40480961923847697,0.23286573146292586,0.18476953907815633,0.17755511022044088
0.40168539325842695,0.23515248796147672,0.18418940609951845,0.17897271268057785
0.4023218574859888,0.23498799039231386,0.18134507606084868,0.18134507606084868
0.4002408671216379,0.234845443596949,0.18426334805299077,0.18065034122842233
0.399919935948759,0.2345876701361089,0.18294635708566853,0.18254603682946358
0.40272217774219377,0.23258606885508407,0.1833466773418735,0.18134507606084868
0.4014423076923077,0.23076923076923078,0.18669871794871795,0.18108974358974358
0.40032089851584435,0.22904131568391498,0.18892900120336945,0.18170878459687123
0.40064102564102566,0.22796474358974358,0.18950320512820512,0.18189102564102563
0.3988786543852623,0.2274729675610733,0.19062875450540648,0.1830196235482579
0.3972767320784942,0.22867440929114938,0.19022827392871447,0.18382058470164198
0.3958333333333333,0.22876602564102563,0.1919070512820513,0.18349358974358973
0.39367240688826594,0.2314777733279936,0.1918301962354826,0.1830196235482579
0.38935574229691877,0.2304921968787515,0.19447779111644659,0.18567426970788314
0.3871743486973948,0.2316633266533066,0.1963927855711423,0.18476953907815633
0.3870192307692308,0.2311698717948718,0.19671474358974358,0.18509615384615385
0.38791032826261007,0.23058446757405926,0.19615692554043235,0.18534827862289832
0.38526231477773326,0.23227873448137765,0.197436924309171,0.18502202643171806
0.3835068054443555,0.2353883106485188,0.19855884707766214,0.18254603682946358
0.3811623246492986,0.23366733466933867,0.20040080160320642,0.18476953907815633
0.3800560672807369,0.23388065678814576,0.20104124949939928,0.18502202643171806
0.3784541449739688,0.23348017621145375,0.2014417300760913,0.18662394873848617
0.37655062024809927,0.2336934773909564,0.20208083233293317,0.1876750700280112
0.37469975980784626,0.23378702962369896,0.20056044835868694,0.1909527622097678
0.3748,0.236,0.1988,0.1904
0.3753501400560224,0.23649459783913565,0.19807923169267708,0.19007603041216486
0.375,0.23717948717948717,0.19751602564102563,0.19030448717948717
0.3734987990392314,0.23819055244195356,0.19735788630904724,0.1909527622097678
0.3732,0.238,0.1992,0.1896
0.37294917967186875,0.23969587835134054,0.19687875150060025,0.19047619047619047
0.37324789747697235,0.24028834601521826,0.197436924309171,0.18902683219863836
0.3734987990392314,0.2401921537229784,0.19815852682145715,0.18815052041633307
0.37,0.2408,0.1988,0.1904
0.3704445334401282,0.24028834601521826,0.19823788546255505,0.19102923508209851
0.3668,0.2408,0.1992,0.1932
0.3644,0.242,0.2008,0.1928
0.3615230460921844,0.24208416833667334,0.20240480961923848,0.1939879759519038
0.3608,0.2408,0.2028,0.1956
0.36014405762304924,0.2392957182873149,0.20328131252501,0.19727891156462585
0.36094437775110044,0.23609443777511005,0.2064825930372149,0.19647859143657462
0.3578863090472378,0.2389911929543635,0.20896717373899118,0.1941553242594075
0.3569427771108443,0.2392957182873149,0.20808323329331732,0.19567827130852342
0.35334133653461386,0.23969587835134054,0.21048419367747098,0.19647859143657462
0.35,0.2408,0.2088,0.2004
0.3506805444355484,0.23939151321056845,0.2077662129703763,0.2021617293835068
0.349498997995992,0.24088176352705412,0.20801603206412825,0.20160320641282564
0.3474779823859087,0.2397918334667734,0.20816653322658127,0.20456365092073658
0.3457382953181273,0.23969587835134054,0.20928371348539415,0.20528211284513806
0.34387510008006406,0.24139311449159329,0.21056845476381106,0.20416333066453163
0.34307445956765414,0.24139311449159329,0.21257005604483586,0.20296236989591673
0.34267413931144913,0.2409927942353883,0.21417133706965572,0.2021617293835068
0.344275420336269,0.2409927942353883,0.21297037630104082,0.20176140912730184
0.343349358974359,0.24158653846153846,0.21233974358974358,0.20272435897435898
0.34293717486994796,0.23769507803121248,0.21248499399759904,0.2068827531012405
0.3418734987990392,0.23698959167333866,0.21417133706965572,0.20696557245796637
0.34,0.2368,0.2148,0.2084
0.3402722177742194,0.23859087269815854,0.21377101681345076,0.20736589271417133
0.33813525410164064,0.2384953981592637,0.21648659463785513,0.2068827531012405
0.33760512615138166,0.2382859431317581,0.21665999199038846,0.20744893872647177
0.3385354141656663,0.23729491796718688,0.21648659463785513,0.20768307322929172
0.33813525410164064,0.23769507803121248,0.21648659463785513,0.20768307322929172
0.3348,0.2388,0.2184,0.208
0.335734293717487,0.2392957182873149,0.21928771508603442,0.20568227290916366
0.3352,0.2408,0.2208,0.2032
0.3342674139311449,0.24179343474779824,0.22177742193755004,0.2021617293835068
0.336,0.2408,0.2208,0.2024
0.3349339735894358,0.24089635854341737,0.2224889955982393,0.20168067226890757
0.33413365346138457,0.2424969987995198,0.22408963585434175,0.1992797118847539
0.3323988786543853,0.24389267120544653,0.223468161794153,0.2002402883460152
0.3304,0.2428,0.2264,0.2004
0.33133253301320525,0.24289715886354543,0.2272909163665466,0.19847939175670268
0.33093237294917965,0.24329731892757103,0.2264905962384954,0.1992797118847539
0.332,0.2444,0.224,0.1996
0.3296,0.2456,0.2252,0.1996
0.3311974369243092,0.2470965158189828,0.22426912294753704,0.197436924309171
0.3296,0.2492,0.2244,0.1968
0.3292,0.2484,0.2252,0.1972
0.3281312525010004,0.24809923969587835,0.22849139655862344,0.1952781112444978
0.3256,0.2476,0.23,0.1968
0.32613045218087233,0.24649859943977592,0.2308923569427771,0.19647859143657462
0.3252,0.2476,0.2296,0.1976
0.3264,0.2468,0.2296,0.1972
0.3252,0.2456,0.2312,0.198
0.3235883059671606,0.24749699639567482,0.22947537044453345,0.19943932719263116
0.3246597277822258,0.24739791833466773,0.22938350680544436,0.19855884707766214
0.32252901160464187,0.24689875950380152,0.2304921968787515,0.2000800320128051
0.3224,0.246,0.2324,0.1992
0.3228,0.2492,0.2308,0.1972
0.3212,0.2484,0.2288,0.2016
0.3217286914765906,0.24809923969587835,0.2300920368147259,0.2000800320128051
0.321328531412565,0.24809923969587835,0.22889155662264907,0.20168067226890757
0.3216,0.2488,0.2284,0.2012
0.3196,0.2484,0.23,0.202
0.3188,0.2484,0.2304,0.2024
0.31705364291433147,0.2502001601281025,0.23058446757405926,0.2021617293835068
0.31732693077230895,0.250500200080032,0.22969187675070027,0.20248099239695877
0.316,0.2492,0.2288,0.206
0.3148,0.2484,0.2288,0.208
0.3149259703881553,0.24649859943977592,0.22849139655862344,0.21008403361344538
0.3133253301320528,0.24649859943977592,0.22929171668667467,0.2108843537414966
0.314,0.2476,0.228,0.2104
0.314,0.248,0.2284,0.2096
0.3112,0.2476,0.23,0.2112
0.31052420968387356,0.24729891956782712,0.2304921968787515,0.2116846738695478
0.3104,0.248,0.23,0.2116
0.3097238895558223,0.24769907963185275,0.23129251700680273,0.2112845138055222
0.31052420968387356,0.24649859943977592,0.23329331732693076,0.20968387354941978
0.31064851881505207,0.24579663730984788,0.233386709367494,0.21016813450760607
0.308,0.2472,0.232,0.2128
0.3048,0.2484,0.2328,0.214
0.3033213285314126,0.24929971988795518,0.23289315726290516,0.2144857943177271
0.30356427713255907,0.24749699639567482,0.23267921505806968,0.21625951141369643
0.30532212885154064,0.24729891956782712,0.23249299719887956,0.2148859543817527
0.3064,0.2488,0.2324,0.2124
0.306,0.2472,0.2328,0.214
0.3067681217460953,0.24829795754905887,0.23227873448137765,0.21265518622346816
0.306,0.2468,0.2336,0.2136
0.30652260904361744,0.24769907963185275,0.2336934773909564,0.21208483393357344
0.3048,0.246,0.2352,0.214
0.3041216486594638,0.24769907963185275,0.23529411764705882,0.21288515406162464
0.3032,0.248,0.2356,0.2132
0.3025210084033613,0.24969987995198079,0.23569427771108442,0.21208483393357344
0.3013205282112845,0.2501000400160064,0.23529411764705882,0.21328531412565027
0.3004,0.2508,0.2368,0.212
0.3016,0.2524,0.2344,0.2116
0.300240192153723,0.25380304243394713,0.2353883106485188,0.21056845476381106
0.3004,0.2524,0.2356,0.2116
0.30012004801920766,0.250500200080032,0.23809523809523808,0.2112845138055222
0.3005202080832333,0.24889955982392958,0.23649459783913565,0.21408563425370147
0.302,0.2492,0.2372,0.2116
0.302,0.2504,0.2368,0.2108
0.3004,0.25,0.2368,0.2128
0.3,0.2476,0.2404,0.212
0.2988,0.2468,0.2424,0.212
0.2976,0.246,0.2412,0.2152
0.2952,0.2468,0.2428,0.2152
0.2932,0.2476,0.2424,0.2168
0.2929171668667467,0.24849939975990396,0.2420968387354942,0.21648659463785513
0.29371748699479794,0.24849939975990396,0.24329731892757103,0.2144857943177271
0.2910328262610088,0.2514011208967174,0.24179343474779824,0.2157726180944756
0.2896,0.2532,0.2424,0.2148
0.29,0.2552,0.2408,0.214
0.2892,0.2556,0.24,0.2152
0.2892,0.2548,0.2408,0.2152
0.2916,0.2532,0.2388,0.2164
0.29183346677341876,0.2530024019215372,0.2389911929543635,0.21617293835068055
0.2923508209851822,0.2527032438926712,0.23988786543852622,0.21505806968362035
0.2928,0.254,0.2392,0.214
0.290516206482593,0.25650260104041617,0.23969587835134054,0.21328531412565027
0.2912,0.2564,0.2388,0.2136
0.2896,0.2564,0.24,0.214
0.288,0.2592,0.2392,0.2136
0.28731492597038816,0.2601040416166467,0.23969587835134054,0.21288515406162464
0.2857142857142857,0.2585034013605442,0.2420968387354942,0.21368547418967587
0.2872,0.2576,0.2416,0.2136
0.2856,0.2564,0.242,0.216
0.2864,0.2564,0.2416,0.2156
0.2852,0.2576,0.2424,0.2148
0.2845138055222089,0.25770308123249297,0.24289715886354543,0.2148859543817527
0.2828,0.2576,0.2432,0.2164
0.2809123649459784,0.25690276110444177,0.2452981192476991,0.21688675470188076
0.2807368842611133,0.2563075690828995,0.24629555466559871,0.21665999199038846
0.28211284513805523,0.2537014805922369,0.2460984393757503,0.2180872348939576
0.2801120448179272,0.2537014805922369,0.2456982793117247,0.22048819527811125
0.2812,0.2536,0.2436,0.2216
0.2788,0.2556,0.2432,0.2224
0.28102481985588473,0.2562049639711769,0.2421937550040032,0.22057646116893515
0.2792,0.256,0.242,0.2228
0.2796,0.2568,0.2416,0.222
0.28022417934347477,0.2566052842273819,0.24139311449159329,0.22177742193755004
0.2816,0.2568,0.2408,0.2208
0.28251300520208084,0.2581032412965186,0.24009603841536614,0.21928771508603442
0.28262610088070456,0.2578062449959968,0.24179343474779824,0.2177742193755004
0.28022417934347477,0.2594075260208166,0.24139311449159329,0.2189751801441153
0.282,0.2584,0.2396,0.22
0.2809123649459784,0.2609043617446979,0.2392957182873149,0.2188875550220088
0.281312525010004,0.2601040416166467,0.24049619847939174,0.2180872348939576
0.2808,0.2608,0.2404,0.218
0.2797118847539016,0.2621048419367747,0.24049619847939174,0.21768707482993196
0.2805122048819528,0.2601040416166467,0.23969587835134054,0.21968787515006002
0.2805122048819528,0.2581032412965186,0.2392957182873149,0.22208883553421369
0.2804,0.258,0.2388,0.2228
0.279311724689876,0.25930372148859543,0.23729491796718688,0.22408963585434175
0.2805122048819528,0.25890356142456983,0.23729491796718688,0.22328931572629052
0.2808,0.2576,0.2384,0.2232
0.2792,0.2572,0.2416,0.222
0.2784,0.2572,0.24,0.2244
0.2785114045618247,0.25690276110444177,0.23969587835134054,0.22488995598239295
0.28,0.258,0.238,0.224
0.2784,0.2588,0.238,0.2248
0.2784,0.26,0.2372,0.2244
0.27651060424169666,0.25730292116846737,0.2392957182873149,0.226890756302521
0.2756,0.2576,0.2396,0.2272
0.27312775330396477,0.25830997196635963,0.24189026832198637,0.22667200640768922
0.274109643857543,0.2585034013605442,0.24049619847939174,0.226890756302521
0.27571028411364545,0.2581032412965186,0.2384953981592637,0.22769107643057224
0.2756,0.2592,0.238,0.2272
0.27571028411364545,0.25930372148859543,0.2392957182873149,0.22569027611044418
0.2744,0.2596,0.24,0.226
0.274,0.2596,0.2396,0.2268
0.2732,0.2596,0.2412,0.226
0.2728,0.2592,0.2408,0.2272
0.2728,0.2584,0.2404,0.2284
0.2724,0.258,0.2408,0.2288
0.2728,0.258,0.2408,0.2284
0.272108843537415,0.2585034013605442,0.24049619847939174,0.22889155662264907
0.274109643857543,0.2605042016806723,0.23969587835134054,0.22569027611044418
0.2724,0.2604,0.2412,0.226
0.272,0.2604,0.2408,0.2268
0.272108843537415,0.25930372148859543,0.24089635854341737,0.22769107643057224
0.2737094837935174,0.25770308123249297,0.2424969987995198,0.22609043617446978
0.2724,0.258,0.242,0.2276
0.2748,0.2576,0.2408,0.2268
0.2736,0.258,0.2424,0.226
0.27261809447558044,0.25900720576461167,0.2433947157726181,0.22497998398718974
0.2712,0.2608,0.242,0.226
0.2732,0.2588,0.2424,0.2256
0.2725090036014406,0.25970388155262103,0.2424969987995198,0.22529011604641858
0.272108843537415,0.25930372148859543,0.24289715886354543,0.22569027611044418
0.2728,0.2584,0.2432,0.2256
0.27090836334533813,0.2581032412965186,0.24329731892757103,0.22769107643057224
0.27090836334533813,0.2581032412965186,0.24409763905562226,0.226890756302521
0.2712,0.2576,0.2456,0.2256
0.2712,0.2588,0.2444,0.2256
0.27090836334533813,0.25570228091236497,0.2452981192476991,0.22809123649459784
0.27050820328131253,0.25770308123249297,0.2456982793117247,0.22609043617446978
0.2712,0.2576,0.2472,0.224
0.2712,0.2588,0.2468,0.2232
0.2712,0.26,0.2456,0.2232
0.27010804321728693,0.25770308123249297,0.24849939975990396,0.22368947579031612
0.27050820328131253,0.25650260104041617,0.24849939975990396,0.22448979591836735
0.2716,0.2584,0.2472,0.2228
0.2733093237294918,0.25650260104041617,0.2460984393757503,0.22408963585434175
0.2732,0.2576,0.246,0.2232
0.2722177742193755,0.25740592473979185,0.24699759807846278,0.2233787029623699
0.2728,0.2568,0.2452,0.2252
0.2737094837935174,0.25690276110444177,0.24369747899159663,0.22569027611044418
0.272108843537415,0.25690276110444177,0.24449779911964786,0.2264905962384954
0.274109643857543,0.25610244097639057,0.24329731892757103,0.2264905962384954
0.2716,0.258,0.2432,0.2272
0.2692,0.2592,0.2432,0.2284
0.2672,0.2588,0.2452,0.2288
0.2672,0.2592,0.2436,0.23
0.2676,0.2604,0.2444,0.2276
0.2648,0.262,0.2448,0.2284
0.26410564225690275,0.2621048419367747,0.24489795918367346,0.22889155662264907
0.262,0.2624,0.2448,0.2308
0.2608,0.2624,0.2452,0.2316
0.2581032412965186,0.26290516206482595,0.24809923969587835,0.2308923569427771
0.25970388155262103,0.26250500200080035,0.24849939975990396,0.22929171668667467
0.2592,0.2616,0.2492,0.23
0.2613045218087235,0.2613045218087235,0.24969987995198079,0.22769107643057224
0.2612,0.2604,0.2492,0.2292
0.2613045218087235,0.25970388155262103,0.24929971988795518,0.22969187675070027
0.2601040416166467,0.2601040416166467,0.24969987995198079,0.2300920368147259
0.25930372148859543,0.2605042016806723,0.24929971988795518,0.2308923569427771
0.25930372148859543,0.2609043617446979,0.24889955982392958,0.2308923569427771
0.2595114136964357,0.2603123748498198,0.24909891870244294,0.23107729275130157
0.2609043617446979,0.2585034013605442,0.24849939975990396,0.23209283713485393
0.2618094475580464,0.2586068855084067,0.24739791833466773,0.2321857485988791
0.2628,0.2572,0.2464,0.2336
0.26410564225690275,0.25650260104041617,0.24489795918367346,0.2344937975190076
0.26450580232092835,0.25650260104041617,0.24449779911964786,0.2344937975190076
0.26450580232092835,0.25690276110444177,0.24289715886354543,0.23569427771108442
0.2654123298638911,0.25740592473979185,0.2433947157726181,0.23378702962369896
0.2644,0.2568,0.244,0.2348
0.2636,0.258,0.2432,0.2352
0.2653061224489796,0.25730292116846737,0.24409763905562226,0.23329331732693076
0.2656,0.2556,0.2448,0.234
0.2665066026410564,0.25770308123249297,0.24329731892757103,0.23249299719887956
0.2676,0.2564,0.2428,0.2332
0.266,0.2576,0.2432,0.2332
0.2656,0.258,0.2424,0.234
0.2665066026410564,0.25770308123249297,0.24289715886354543,0.23289315726290516
0.2644,0.2596,0.2436,0.2324
0.2644,0.2604,0.2424,0.2328
0.2628,0.2596,0.2432,0.2344
0.26370548219287715,0.25970388155262103,0.24449779911964786,0.23209283713485393
0.2621048419367747,0.25970388155262103,0.2456982793117247,0.23249299719887956
0.2616,0.2584,0.2472,0.2328
0.262,0.2584,0.246,0.2336
0.2608,0.26,0.2448,0.2344
0.26250500200080035,0.25890356142456983,0.2452981192476991,0.23329331732693076
0.2624,0.2592,0.2444,0.234
0.2612,0.2608,0.2452,0.2328
0.2608,0.2624,0.244,0.2328
0.2601040416166467,0.2613045218087235,0.2452981192476991,0.23329331732693076
0.26,0.262,0.2448,0.2332
0.2592,0.2616,0.2448,0.2344
0.26,0.2628,0.2444,0.2328
0.2604,0.262,0.2452,0.2324
0.2617046818727491,0.2601040416166467,0.24449779911964786,0.2336934773909564
0.262,0.2616,0.2436,0.2328
0.2604,0.2608,0.2444,0.2344
0.2588,0.2612,0.2464,0.2336
0.25970388155262103,0.2605042016806723,0.2452981192476991,0.2344937975190076
0.2604,0.26,0.2444,0.2352
0.2612,0.262,0.2436,0.2332
0.2609043617446979,0.26290516206482595,0.24289715886354543,0.23329331732693076
0.2609043617446979,0.2613045218087235,0.24329731892757103,0.2344937975190076
0.2608,0.2624,0.2428,0.234
0.2584,0.264,0.2448,0.2328
0.2596,0.2636,0.2444,0.2324
0.2585034013605442,0.26290516206482595,0.24449779911964786,0.234093637454982
0.258,0.2628,0.2452,0.234
0.258,0.262,0.248,0.232
0.2592,0.2604,0.25,0.2304
0.2586068855084067,0.2594075260208166,0.24899919935948758,0.23298638911128902
0.26140912730184146,0.2578062449959968,0.2477982385908727,0.23298638911128902
0.2621048419367747,0.25890356142456983,0.24769907963185275,0.23129251700680273
0.2605042016806723,0.2601040416166467,0.24849939975990396,0.2308923569427771
0.26,0.2612,0.2492,0.2296
0.2576,0.2624,0.2488,0.2312
0.2549019607843137,0.2621048419367747,0.25170068027210885,0.23129251700680273
0.2566052842273819,0.2610088070456365,0.25060048038430743,0.23178542834267413
0.256,0.2612,0.2504,0.2324
0.25610244097639057,0.2601040416166467,0.2501000400160064,0.2336934773909564
0.25690276110444177,0.25890356142456983,0.25090036014405764,0.23329331732693076
0.2572,0.2596,0.2496,0.2336
0.25690276110444177,0.2613045218087235,0.24969987995198079,0.23209283713485393
0.2556,0.2608,0.2508,0.2328
0.2553021208483393,0.2613045218087235,0.2501000400160064,0.23329331732693076
0.2555066079295154,0.2607128554265118,0.250300360432519,0.23348017621145375
0.2524,0.262,0.2532,0.2324
0.2512,0.2616,0.2544,0.2328
0.2504,0.2616,0.2544,0.2336
0.252,0.2636,0.2516,0.2328
0.2528,0.262,0.2528,0.2324
0.2545018007202881,0.2609043617446979,0.25250100040016005,0.23209283713485393
0.2532,0.2616,0.2536,0.2316
0.2508,0.2616,0.2564,0.2312
0.2508,0.26,0.2576,0.2316
0.25,0.2596,0.2576,0.2328
0.2504,0.2584,0.2592,0.232
0.2532,0.2588,0.2572,0.2308
0.2515018021625951,0.2591109331197437,0.2579094913896676,0.2314777733279936
0.2544,0.2568,0.258,0.2308
0.2536,0.256,0.2588,0.2316
0.25380304243394713,0.255404323458767,0.2586068855084067,0.2321857485988791
0.2551061273528234,0.2543051661994393,0.2579094913896676,0.23267921505806968
0.25690276110444177,0.25290116046418565,0.25770308123249297,0.23249299719887956
0.2578062449959968,0.2530024019215372,0.255404323458767,0.23378702962369896
0.2572,0.2528,0.2564,0.2336
0.25730292116846737,0.25210084033613445,0.25650260104041617,0.234093637454982
0.2584,0.25,0.2588,0.2328
0.25970388155262103,0.24929971988795518,0.25690276110444177,0.234093637454982
0.2586068855084067,0.2510008006405124,0.2562049639711769,0.23418734987990392
0.2585034013605442,0.24969987995198079,0.25610244097639057,0.23569427771108442
0.25890356142456983,0.24849939975990396,0.2553021208483393,0.23729491796718688
0.2592,0.2476,0.2552,0.238
0.2588,0.246,0.256,0.2392
0.2585034013605442,0.2460984393757503,0.2549019607843137,0.24049619847939174
0.258,0.2468,0.2532,0.242
0.2568,0.2476,0.2536,0.242
0.2567080496595915,0.24669603524229075,0.25310372446936324,0.24349219062875452
0.2564,0.246,0.2532,0.2444
0.2568,0.2436,0.2552,0.2444
0.25570228091236497,0.24649859943977592,0.2549019607843137,0.24289715886354543
0.2568,0.246,0.2536,0.2436
0.25890356142456983,0.24449779911964786,0.25130052020808324,0.2452981192476991
0.2609043617446979,0.2456982793117247,0.25090036014405764,0.2424969987995198
0.2613045218087235,0.2456982793117247,0.25130052020808324,0.2416966786714686
0.2626100880704564,0.24299439551641314,0.25060048038430743,0.24379503602882305
0.2628,0.2432,0.248,0.246
0.2648,0.2424,0.246,0.2468
0.2648,0.2412,0.2464,0.2476
0.2644,0.2412,0.2472,0.2472
0.2624,0.242,0.2476,0.248
0.2628,0.2416,0.2472,0.2484
0.2632,0.242,0.2476,0.2472
0.2618094475580464,0.24179343474779824,0.24859887910328263,0.2477982385908727
0.2613045218087235,0.24089635854341737,0.24889955982392958,0.24889955982392958
0.2612,0.2428,0.2484,0.2476
0.2612,0.2448,0.2468,0.2472
0.26250500200080035,0.24489795918367346,0.24689875950380152,0.2456982793117247
0.26410564225690275,0.24409763905562226,0.24649859943977592,0.2452981192476991
0.2654123298638911,0.24539631705364293,0.24539631705364293,0.24379503602882305
0.264,0.2484,0.244,0.2436
0.26250500200080035,0.24769907963185275,0.24649859943977592,0.24329731892757103
0.2612,0.248,0.2468,0.244
0.26271525830997194,0.24909891870244294,0.24749699639567482,0.2406888265919103
0.26301040832666134,0.2502001601281025,0.24899919935948758,0.2377902321857486
0.2621048419367747,0.25090036014405764,0.24849939975990396,0.2384953981592637
0.2613045218087235,0.25090036014405764,0.24889955982392958,0.2388955582232893
0.2609043617446979,0.25090036014405764,0.2501000400160064,0.23809523809523808
0.2608,0.2528,0.2496,0.2368
0.2601040416166467,0.25290116046418565,0.2501000400160064,0.23689475790316125
0.2608,0.2548,0.2472,0.2372
0.2612,0.2536,0.248,0.2372
0.2601040416166467,0.25170068027210885,0.250500200080032,0.23769507803121248
0.2608,0.252,0.2504,0.2368
0.2588,0.2524,0.2504,0.2384
0.25890356142456983,0.250500200080032,0.25210084033613445,0.2384953981592637
0.2601040416166467,0.2501000400160064,0.25250100040016005,0.23729491796718688
0.2584,0.2496,0.2528,0.2392
0.25890356142456983,0.24849939975990396,0.25290116046418565,0.23969587835134054
0.25980784627702164,0.24739791833466773,0.2534027221777422,0.23939151321056845
0.2592,0.2476,0.2544,0.2388
0.2588,0.2496,0.2544,0.2372
0.25890356142456983,0.24929971988795518,0.2549019607843137,0.23689475790316125
0.2592,0.2488,0.2552,0.2368
0.2588,0.2484,0.2568,0.236
0.2572,0.2472,0.26,0.2356
0.258,0.2452,0.2616,0.2352
0.2596,0.2444,0.2628,0.2332
0.2585034013605442,0.2456982793117247,0.26290516206482595,0.23289315726290516
0.25730292116846737,0.24649859943977592,0.26290516206482595,0.23329331732693076
0.2564,0.2456,0.264,0.234
0.2564,0.246,0.264,0.2336
0.2548,0.2468,0.2644,0.234
0.2578062449959968,0.24819855884707767,0.26140912730184146,0.23258606885508407
0.25930372148859543,0.24649859943977592,0.2613045218087235,0.23289315726290516
0.25970388155262103,0.24289715886354543,0.26250500200080035,0.23489395758303322
0.26,0.2424,0.2624,0.2352
0.26,0.2432,0.2628,0.234
0.2601040416166467,0.2452981192476991,0.2601040416166467,0.2344937975190076
0.2613045218087235,0.24689875950380152,0.25930372148859543,0.23249299719887956
0.2612,0.2468,0.258,0.234
0.2621048419367747,0.2456982793117247,0.2581032412965186,0.234093637454982
0.2616,0.2448,0.2592,0.2344
0.2608,0.2456,0.2596,0.234
0.2596,0.2452,0.2604,0.2348
0.2608,0.2456,0.2596,0.234
0.2616,0.2448,0.2596,0.234
0.26,0.2456,0.2608,0.2336
0.2586068855084067,0.24619695756605284,0.26140912730184146,0.23378702962369896
0.2592,0.246,0.26,0.2348
0.2588,0.2452,0.262,0.234
0.25930372148859543,0.24369747899159663,0.26250500200080035,0.2344937975190076
0.25930372148859543,0.24449779911964786,0.26290516206482595,0.23329331732693076
0.25980784627702164,0.24579663730984788,0.2618094475580464,0.23258606885508407
0.2584,0.2484,0.2592,0.234
0.25690276110444177,0.24769907963185275,0.2601040416166467,0.23529411764705882
0.2566052842273819,0.24859887910328263,0.2602081665332266,0.2345876701361089
0.2556,0.25,0.2604,0.234
0.256,0.25,0.2592,0.2348
0.2585034013605442,0.250500200080032,0.25730292116846737,0.2336934773909564
0.2584,0.2516,0.2572,0.2328
0.2576,0.2512,0.2588,0.2324
0.2576,0.2496,0.2604,0.2324
0.25770308123249297,0.250500200080032,0.25930372148859543,0.23249299719887956
0.2584,0.25,0.2596,0.232
0.2584,0.2484,0.2608,0.2324
0.25770308123249297,0.2501000400160064,0.2609043617446979,0.23129251700680273
0.2568,0.2512,0.2604,0.2316
0.2564,0.2496,0.2624,0.2316
0.2564,0.2504,0.2616,0.2316
0.25610244097639057,0.25170068027210885,0.2609043617446979,0.23129251700680273
0.2556,0.2512,0.2616,0.2316
0.2568,0.2512,0.26,0.232
0.2572,0.2492,0.2596,0.234
0.258,0.2496,0.258,0.2344
0.25900720576461167,0.24939951961569257,0.25820656525220176,0.233386709367494
0.25970388155262103,0.2501000400160064,0.25890356142456983,0.23129251700680273
0.26250500200080035,0.24809923969587835,0.25930372148859543,0.2300920368147259
0.2653061224489796,0.24649859943977592,0.2601040416166467,0.22809123649459784
0.263516219463356,0.2470965158189828,0.2599118942731278,0.22947537044453345
0.2622097678142514,0.24819855884707767,0.2594075260208166,0.23018414731785428
0.2604,0.2496,0.2604,0.2296
0.2608,0.2488,0.2608,0.2296
0.26140912730184146,0.2477982385908727,0.2602081665332266,0.23058446757405926
0.2624,0.2476,0.2596,0.2304
0.26450580232092835,0.24729891956782712,0.25930372148859543,0.22889155662264907
0.26410564225690275,0.24689875950380152,0.2609043617446979,0.22809123649459784
0.2672,0.2452,0.26,0.2276
0.26941553242594074,0.24539631705364293,0.25820656525220176,0.22698158526821458
0.2688,0.2448,0.2612,0.2252
0.2675210252302763,0.24589507408890668,0.26231477773327994,0.22426912294753704
0.26970788315326133,0.24689875950380152,0.25930372148859543,0.22408963585434175
0.2696,0.2484,0.2584,0.2236
0.27010804321728693,0.24929971988795518,0.25690276110444177,0.22368947579031612
0.2714171337069656,0.2477982385908727,0.2566052842273819,0.22417934347477983
0.27090836334533813,0.24769907963185275,0.25650260104041617,0.22488995598239295
0.272108843537415,0.24769907963185275,0.25770308123249297,0.2224889955982393
0.2744,0.246,0.258,0.2216
0.2733093237294918,0.2460984393757503,0.25770308123249297,0.22288915566226492
0.2733093237294918,0.24809923969587835,0.2553021208483393,0.22328931572629052
0.272,0.2488,0.2572,0.222
0.27261809447558044,0.24739791833466773,0.25900720576461167,0.2209767814251401
0.27170868347338933,0.24689875950380152,0.25890356142456983,0.2224889955982393
0.2704,0.2484,0.2568,0.2244
0.2708,0.2468,0.258,0.2244
0.2708,0.2468,0.2576,0.2248
0.27181745396317053,0.24499599679743794,0.25900720576461167,0.22417934347477983
0.2708,0.246,0.2596,0.2236
0.2693077230892357,0.24449779911964786,0.2617046818727491,0.22448979591836735
0.2704,0.244,0.2616,0.224
0.2693077230892357,0.2452981192476991,0.2621048419367747,0.22328931572629052
0.27130852340936373,0.24449779911964786,0.2621048419367747,0.22208883553421369
0.2724,0.244,0.2616,0.222
0.2736,0.244,0.2612,0.2212
0.2736,0.2432,0.2616,0.2216
0.274109643857543,0.24449779911964786,0.2609043617446979,0.22048819527811125
0.2733093237294918,0.2416966786714686,0.26250500200080035,0.2224889955982393
0.2732,0.2424,0.2608,0.2236
0.274,0.242,0.2576,0.2264
0.27490996398559425,0.2416966786714686,0.25650260104041617,0.226890756302521
0.2748,0.2424,0.2556,0.2272
0.2744,0.2432,0.2536,0.2288
0.2764,0.2432,0.2524,0.228
0.2758206565252202,0.24259407526020815,0.2534027221777422,0.22818254603682947
0.27611044417767105,0.24369747899159663,0.25210084033613445,0.22809123649459784
0.27611044417767105,0.24449779911964786,0.250500200080032,0.22889155662264907
0.276,0.2448,0.2488,0.2304
0.276,0.2456,0.2476,0.2308
0.27450980392156865,0.2456982793117247,0.24689875950380152,0.23289315726290516
0.2737094837935174,0.24489795918367346,0.24689875950380152,0.2344937975190076
0.2732,0.2444,0.2488,0.2336
0.274109643857543,0.24449779911964786,0.24969987995198079,0.23169267707082833
0.2764,0.2448,0.2492,0.2296
0.2742193755004003,0.24579663730984788,0.2514011208967174,0.22858286629303443
0.2729091636654662,0.2456982793117247,0.25210084033613445,0.22929171668667467
0.2733093237294918,0.24649859943977592,0.25210084033613445,0.22809123649459784
0.2710168134507606,0.24579663730984788,0.2530024019215372,0.23018414731785428
0.2710168134507606,0.24619695756605284,0.2546036829463571,0.22818254603682947
0.2732,0.2444,0.2548,0.2276
0.2732,0.2452,0.254,0.2276
0.2736,0.2448,0.2544,0.2272
0.272,0.2468,0.254,0.2272
0.2710168134507606,0.24739791833466773,0.25500400320256206,0.22658126501200962
0.268,0.2488,0.256,0.2272
0.2665066026410564,0.2501000400160064,0.25730292116846737,0.22609043617446978
0.2668,0.2508,0.2584,0.224
0.264905962384954,0.25290116046418565,0.2585034013605442,0.22368947579031612
0.2654123298638911,0.25420336269015215,0.2566052842273819,0.22377902321857485
0.2652,0.2548,0.2576,0.2224
0.2644,0.2548,0.2556,0.2252
0.26501200960768617,0.25500400320256206,0.25380304243394713,0.22618094475580464
0.2648,0.2548,0.2532,0.2272
0.26370548219287715,0.2545018007202881,0.2545018007202881,0.2272909163665466
0.26290516206482595,0.2549019607843137,0.2545018007202881,0.22769107643057224
0.2624,0.2572,0.2532,0.2272
0.2644,0.2564,0.2536,0.2256
0.2656,0.2572,0.2524,0.2248
0.2628,0.2564,0.2536,0.2272
0.2622097678142514,0.25500400320256206,0.2566052842273819,0.22618094475580464
0.2612,0.2536,0.2576,0.2276
0.2616,0.2532,0.258,0.2272
0.2604,0.2524,0.2592,0.228
0.2596,0.2528,0.26,0.2276
0.2581032412965186,0.2533013205282113,0.2617046818727491,0.226890756302521
0.2592,0.2524,0.2612,0.2272
0.2592,0.2536,0.2612,0.226
0.2576,0.2568,0.2612,0.2244
0.2591109331197437,0.25590708850620747,0.2607128554265118,0.22426912294753704
0.2596,0.256,0.2612,0.2232
0.2601040416166467,0.25690276110444177,0.25970388155262103,0.22328931572629052
0.2601040416166467,0.25730292116846737,0.2617046818727491,0.22088835534213686
0.2617046818727491,0.25610244097639057,0.2613045218087235,0.22088835534213686
0.2622097678142514,0.25580464371497197,0.2602081665332266,0.22177742193755004
0.2616,0.2556,0.2612,0.2216
0.2609043617446979,0.25570228091236497,0.2601040416166467,0.22328931572629052
0.2656,0.2524,0.2604,0.2216
0.266906762705082,0.2537014805922369,0.2585034013605442,0.22088835534213686
0.2676,0.254,0.2568,0.2216
0.2665066026410564,0.2549019607843137,0.25770308123249297,0.22088835534213686
0.2648,0.2564,0.2572,0.2216
0.2661064425770308,0.25730292116846737,0.25770308123249297,0.2188875550220088
0.266,0.2584,0.2576,0.218
0.2657062825130052,0.2581032412965186,0.2585034013605442,0.21768707482993196
0.266613290632506,0.25740592473979185,0.2570056044835869,0.2189751801441153
0.2652,0.258,0.2584,0.2184
0.2632,0.2584,0.2596,0.2188
0.2644,0.2576,0.2576,0.2204
0.2608,0.2568,0.2588,0.2236
0.2612,0.2552,0.2596,0.224
0.2632,0.2536,0.2596,0.2236
0.2648,0.2532,0.2588,0.2232
0.26410564225690275,0.25210084033613445,0.25930372148859543,0.22448979591836735
0.264,0.2548,0.2588,0.2224
0.2652,0.2556,0.2568,0.2224
0.2676,0.2532,0.2588,0.2204
0.2664,0.2532,0.258,0.2224
0.26810724289715887,0.25130052020808324,0.25930372148859543,0.22128851540616246
0.266,0.254,0.2592,0.2208
0.2644,0.2532,0.2624,0.22
0.2656,0.2536,0.2612,0.2196
0.2652,0.2548,0.2624,0.2176
0.2648,0.2544,0.2616,0.2192
0.2661064425770308,0.2545018007202881,0.2605042016806723,0.2188875550220088
0.266,0.2552,0.2596,0.2192
0.2648,0.2548,0.26,0.2204
0.2653061224489796,0.25650260104041617,0.2581032412965186,0.22008803521408563
0.2654123298638911,0.2578062449959968,0.2566052842273819,0.2201761409127302
0.2653061224489796,0.2585034013605442,0.2553021208483393,0.22088835534213686
0.2644,0.258,0.2548,0.2228
0.2657062825130052,0.25610244097639057,0.2541016406562625,0.22408963585434175
0.2656,0.256,0.256,0.2224
0.26410564225690275,0.25690276110444177,0.25570228091236497,0.22328931572629052
0.2608,0.2572,0.2548,0.2272
0.2602081665332266,0.25740592473979185,0.25580464371497197,0.22658126501200962
0.2604,0.2564,0.2556,0.2276
0.25890356142456983,0.25690276110444177,0.25730292116846737,0.226890756302521
0.25770308123249297,0.25730292116846737,0.2581032412965186,0.226890756302521
0.2568,0.2572,0.258,0.228
0.2553021208483393,0.25690276110444177,0.25890356142456983,0.22889155662264907
0.2556,0.2556,0.2592,0.2296
0.2548,0.2548,0.2584,0.232
0.256,0.2552,0.2568,0.232
0.2568,0.2552,0.2552,0.2328
0.25770308123249297,0.2541016406562625,0.2537014805922369,0.2344937975190076
0.25770308123249297,0.25570228091236497,0.2533013205282113,0.23329331732693076
0.2592,0.2552,0.2524,0.2332
0.25980784627702164,0.25580464371497197,0.2534027221777422,0.23098478783026422
0.2592,0.2564,0.2544,0.23
0.26,0.256,0.2548,0.2292
0.2584,0.2564,0.2564,0.2288
0.2572,0.2576,0.2564,0.2288
0.2584,0.2584,0.2564,0.2268
0.25890356142456983,0.25770308123249297,0.2581032412965186,0.22529011604641858
0.2604,0.2544,0.2588,0.2264
0.2596,0.2532,0.258,0.2292
0.25890356142456983,0.25290116046418565,0.25930372148859543,0.22889155662264907
0.2585034013605442,0.2537014805922369,0.2601040416166467,0.22769107643057224
0.2576,0.2544,0.2596,0.2284
0.25820656525220176,0.25380304243394713,0.2594075260208166,0.22858286629303443
0.2601040416166467,0.25170068027210885,0.25970388155262103,0.22849139655862344
0.2564,0.2532,0.2608,0.2296
0.2556,0.2528,0.2616,0.23
0.256,0.2532,0.262,0.2288
0.25730292116846737,0.2537014805922369,0.2613045218087235,0.22769107643057224
0.2585034013605442,0.25290116046418565,0.2621048419367747,0.2264905962384954
0.2592,0.252,0.2616,0.2272
0.2576,0.252,0.2616,0.2288
0.2578062449959968,0.2514011208967174,0.2622097678142514,0.22858286629303443
0.2588,0.2524,0.2624,0.2264
0.25730292116846737,0.25090036014405764,0.26410564225690275,0.22769107643057224
0.2549019607843137,0.25090036014405764,0.2653061224489796,0.22889155662264907
0.2553021208483393,0.25290116046418565,0.2653061224489796,0.2264905962384954
0.2548,0.2536,0.2656,0.226
0.2544,0.2552,0.2644,0.226
0.2524,0.2532,0.2668,0.2276
0.25130052020808324,0.2533013205282113,0.26770708283313327,0.22769107643057224
0.25310372446936324,0.25350420504605525,0.26672006407689225,0.22667200640768922
0.2537014805922369,0.2537014805922369,0.2661064425770308,0.2264905962384954
0.256,0.2552,0.2628,0.226
0.256,0.2552,0.2624,0.2264
0.2541016406562625,0.25690276110444177,0.26250500200080035,0.2264905962384954
0.2524,0.258,0.2656,0.224
0.2524,0.258,0.2652,0.2244
0.2532,0.2568,0.264,0.226
0.2528,0.2568,0.2628,0.2276
0.254,0.2556,0.2624,0.228
0.25210084033613445,0.2549019607843137,0.26370548219287715,0.22929171668667467
0.2528,0.2544,0.2632,0.2296
0.2544,0.2536,0.262,0.23
0.2572,0.2528,0.2596,0.2304
0.2576,0.2528,0.2588,0.2308
0.2564,0.2532,0.2592,0.2312
0.256,0.2532,0.2592,0.2316
0.2562049639711769,0.25260208166533227,0.25980784627702164,0.23138510808646917
0.2548,0.2516,0.2596,0.234
0.2533013205282113,0.2541016406562625,0.2605042016806723,0.23209283713485393
0.2528,0.2548,0.2592,0.2332
0.25290116046418565,0.25730292116846737,0.25610244097639057,0.2336934773909564
0.2536,0.2572,0.2576,0.2316
0.2528,0.2576,0.258,0.2316
