C,D,Oc,Od
1.0,0.0,0.0,0.0
0.5,0.5,0.0,0.0
0.4444444444444444,0.5555555555555556,0.0,0.0
0.4117647058823529,0.5294117647058824,0.058823529411764705,0.0
0.43333333333333335,0.43333333333333335,0.13333333333333333,0.0
0.44680851063829785,0.40425531914893614,0.10638297872340426,0.0425531914893617
0.37333333333333335,0.4533333333333333,0.12,0.05333333333333334
0.36283185840707965,0.4336283185840708,0.11504424778761062,0.08849557522123894
0.3333333333333333,0.4423076923076923,0.14102564102564102,0.08333333333333333
0.3333333333333333,0.40444444444444444,0.14666666666666667,0.11555555555555555
0.3389261744966443,0.3959731543624161,0.1476510067114094,0.1174496644295302
0.32642487046632124,0.38341968911917096,0.15803108808290156,0.13212435233160622
0.3199195171026157,0.38028169014084506,0.16096579476861167,0.13883299798792756
0.3135048231511254,0.3665594855305466,0.1639871382636656,0.15594855305466238
0.30548302872062666,0.36161879895561355,0.1618798955613577,0.17101827676240208
0.3111353711790393,0.3482532751091703,0.15611353711790393,0.18449781659388648
0.2949438202247191,0.3408239700374532,0.16198501872659177,0.20224719101123595
0.304,0.3272,0.1696,0.1992
0.3008474576271186,0.326271186440678,0.16454802259887005,0.20833333333333334
0.307644499689248,0.30950901180857676,0.1665630826600373,0.21628340584213798
0.3017888055395268,0.30294287362954414,0.16964800923254472,0.2256203115983843
0.2947089947089947,0.2962962962962963,0.16560846560846562,0.24338624338624337
0.2899901864573111,0.296368989205103,0.1692836113837095,0.24435721295387636
0.29560336763330214,0.2862488306828812,0.1735266604303087,0.24462114125350795
0.2965641952983725,0.2843580470162749,0.16772151898734178,0.2513562386980108
0.29487750556792874,0.289532293986637,0.16792873051224944,0.24766146993318486
0.29308065226972235,0.2780960775672102,0.17144116350815336,0.25738210665491407
0.2925974594831362,0.2768287341217696,0.1712658782303986,0.25930792816469556
0.2938864628820961,0.274235807860262,0.17423580786026202,0.2576419213973799
0.29445676274944566,0.27405764966740576,0.17649667405764966,0.2549889135254989
0.2993934142114385,0.27253032928942805,0.1733102253032929,0.25476603119584057
0.30052724077328646,0.2697715289982425,0.17882249560632688,0.2508787346221441
0.298932384341637,0.2709074733096085,0.17927046263345195,0.2508896797153025
0.2922737306843267,0.2693156732891832,0.18322295805739514,0.25518763796909494
0.2884191985909291,0.27256715103478646,0.18538088947600176,0.2536327608982827
0.2897278314310799,0.26909569798068483,0.18525021949078138,0.2559262510974539
0.29492273730684326,0.2671081677704194,0.18675496688741722,0.25121412803532006
0.28702892199824714,0.2703768624014023,0.18448729184925505,0.2581069237510955
0.2921646746347942,0.2673749446657813,0.18105356352368304,0.2594068171757415
0.29373081981587024,0.265234546251644,0.18149934239368698,0.2595352915387988
0.29720124389160374,0.26565970679697914,0.17281208351843624,0.2643269657929809
0.29143105698129623,0.2679425837320574,0.1839930404523706,0.25663331883427576
0.2911336568151742,0.2726069695632995,0.17865019850022057,0.2576091751213057
0.2919772029811486,0.2687417799210872,0.17711530030688294,0.2621657167908812
0.2945533769063181,0.26753812636165575,0.18169934640522875,0.25620915032679736
0.29504603244191147,0.2687417799210872,0.18106093818500657,0.25515124945199474
0.3018951079770824,0.27060379021595415,0.1767298369325694,0.250771264874394
0.29157476841640934,0.27701808557565066,0.18085575650639613,0.2505513895015439
0.2975352112676056,0.2720070422535211,0.1817781690140845,0.24867957746478872
0.2989010989010989,0.27164835164835166,0.17934065934065935,0.2501098901098901
0.2995614035087719,0.2719298245614035,0.17543859649122806,0.2530701754385965
0.2960698689956332,0.27161572052401745,0.17467248908296942,0.2576419213973799
0.29770318021201414,0.26855123674911663,0.1793286219081272,0.254416961130742
0.2961487383798141,0.27224435590969454,0.18193891102257637,0.249667994687915
0.2959680992467878,0.27470093043863536,0.18032786885245902,0.24900310146211785
0.29086115992970124,0.2820738137082601,0.17838312829525482,0.24868189806678384
0.287598944591029,0.2801231310466139,0.17766051011433598,0.2546174142480211
0.2946584938704028,0.28152364273204905,0.175569176882662,0.24824868651488616
0.29070274989087735,0.2845918812745526,0.17415975556525534,0.2505456132693147
0.28471001757469244,0.28383128295254834,0.179701230228471,0.2517574692442882
0.2900262467191601,0.28127734033245844,0.17935258092738407,0.24934383202099739
0.28640776699029125,0.2850838481906443,0.18049426301853486,0.24801412180052956
0.287341217696014,0.278580814717477,0.18134034165571616,0.2527376259307928
0.28270412642669007,0.2835820895522388,0.1804214223002634,0.2532923617208077
0.2809086937527305,0.2822193097422455,0.18086500655307994,0.2560069899519441
0.28213028169014087,0.2772887323943662,0.18661971830985916,0.2539612676056338
0.28880070546737213,0.27645502645502645,0.18077601410934743,0.25396825396825395
0.28659070990359337,0.28264680105170903,0.17879053461875546,0.25197195442594217
0.2932098765432099,0.2804232804232804,0.1781305114638448,0.2482363315696649
0.2928540113985094,0.27926348092941694,0.18281455501972818,0.24506795265234546
0.29383471797114125,0.2754700480979449,0.1814604285089637,0.24923480542195015
0.2946625496250551,0.27525363917071016,0.18614909572121746,0.2439347154830172
0.29292929292929293,0.27755819060166886,0.18401405357927098,0.24549846288976723
0.2956521739130435,0.27608695652173915,0.18782608695652173,0.24043478260869566
0.2967515364354697,0.2739244951712028,0.18788410886742757,0.2414398595258999
0.29112271540469975,0.27719756309834637,0.185378590078329,0.2463011314186249
0.28896672504378285,0.27583187390542907,0.18782837127845883,0.24737302977232925
0.2845814977973568,0.2682819383259912,0.1894273127753304,0.2577092511013216
0.2828773168578994,0.2678729037952339,0.18932038834951456,0.2599293909973522
0.29094922737306844,0.27461368653421636,0.1858719646799117,0.24856512141280354
0.28938053097345134,0.27079646017699116,0.18938053097345134,0.2504424778761062
0.2947875602277705,0.26763031099430573,0.19141480508103373,0.24616732369689007
0.29473684210526313,0.27017543859649124,0.1912280701754386,0.24385964912280703
0.2981993851559069,0.2639437856829161,0.19104084321475626,0.24681598594642074
0.29592284085927223,0.263042525208242,0.19377466023673828,0.24725997369574748
0.2973568281938326,0.2643171806167401,0.19383259911894274,0.2444933920704846
0.3011889035667107,0.2672831351827389,0.18758256274768825,0.24394539850286218
0.30238726790450926,0.2656940760389036,0.1905393457117595,0.2413793103448276
0.3059239610963749,0.26436781609195403,0.1865605658709107,0.24314765694076038
0.30621172353455817,0.25809273840769903,0.19072615923009623,0.24496937882764655
0.3042907180385289,0.2535026269702277,0.18914185639229422,0.2530647985989492
0.30586161304539444,0.25297487880123404,0.19215513442044954,0.249008373732922
0.3098468271334792,0.25470459518599564,0.1912472647702407,0.24420131291028446
0.3160211267605634,0.24955985915492956,0.18794014084507044,0.24647887323943662
0.32045158488927483,0.2418584455058619,0.1849761181068172,0.25271385149804604
0.32891246684350134,0.23563218390804597,0.1861184792219275,0.2493368700265252
0.32981065609863497,0.22985468956406868,0.18582122413033905,0.25451343020695727
0.3333333333333333,0.22631578947368422,0.1881578947368421,0.25219298245614036
0.3292361720807726,0.2273924495171203,0.1861281826163301,0.257243195785777
0.31922398589065254,0.23500881834215168,0.18518518518518517,0.2605820105820106
0.3165278386672512,0.2371766768960982,0.18763700131521263,0.25865848312143797
0.31985784095957354,0.2296756996890271,0.19147045757441136,0.258996001776988
0.3250883392226148,0.22747349823321555,0.1868374558303887,0.26060070671378094
0.327708703374778,0.22424511545293072,0.19182948490230906,0.2562166962699822
0.32967032967032966,0.22065934065934065,0.19296703296703296,0.2567032967032967
0.3317180616740088,0.2171806167400881,0.18590308370044054,0.26519823788546254
0.33771929824561403,0.2149122807017544,0.181140350877193,0.2662280701754386
0.3343558282208589,0.21735319894829097,0.18141980718667836,0.2668711656441718
0.3304157549234136,0.21969365426695842,0.18687089715536104,0.263019693654267
0.3314459930313589,0.22168989547038329,0.1837979094076655,0.26306620209059234
0.3308303886925795,0.22438162544169613,0.18153710247349825,0.26325088339222613
0.3250544662309368,0.22745098039215686,0.18344226579520698,0.26405228758169935
0.3261538461538461,0.23296703296703297,0.17582417582417584,0.26505494505494503
0.32456140350877194,0.23333333333333334,0.17192982456140352,0.27017543859649124
0.3305346884666372,0.22580645161290322,0.16836058329650905,0.2752982766239505
0.3285087719298246,0.2307017543859649,0.16578947368421051,0.275
0.32956521739130434,0.2308695652173913,0.16478260869565217,0.2747826086956522
0.3350808213193534,0.22629969418960244,0.16251638269986893,0.2761031017911752
0.3372859025032938,0.22705314009661837,0.1629336846728151,0.2727272727272727
0.3416038989809482,0.2206468763845813,0.16614975631369075,0.2715994683207798
0.34145280556763813,0.21792083514571553,0.16659417137886037,0.274032187907786
0.3409691629955947,0.21629955947136564,0.16343612334801763,0.27929515418502204
0.34508594094314676,0.2093433230498017,0.16615249008373734,0.2794182459233142
0.3466608084358524,0.2060632688927944,0.1656414762741652,0.28163444639718804
0.34885764499121263,0.2016695957820738,0.1678383128295255,0.28163444639718804
0.3452954048140044,0.20306345733041575,0.1724288840262582,0.2792122538293217
0.3446601941747573,0.20211827007943514,0.17122683142100617,0.2819947043248014
0.33934859154929575,0.20906690140845072,0.17121478873239437,0.28036971830985913
0.3374722838137472,0.2066518847006652,0.17472283813747227,0.2811529933481153
0.3397212543554007,0.2068815331010453,0.17465156794425088,0.2787456445993031
0.3469119579500657,0.202365308804205,0.17696014016644765,0.27376259307928164
0.34552666372851476,0.2005288673424416,0.1740855002203614,0.27985896870868227
0.3379096545615589,0.20504871567759078,0.18024800708591673,0.27679362267493357
0.33480176211453744,0.1986784140969163,0.18105726872246697,0.2854625550660793
0.3311229000884173,0.20203359858532272,0.1847922192749779,0.28205128205128205
0.33392148213498013,0.19894133215703572,0.18570798411998235,0.2814292015880018
0.332,0.20177777777777778,0.18666666666666668,0.27955555555555556
0.3305383936451898,0.20079435127978817,0.18446601941747573,0.28420123565754635
0.3356859285399206,0.20291133656815175,0.1795324217026908,0.2818703131892369
0.3264408271007479,0.20985481742190937,0.17641882974043116,0.2872855257369116
0.325354609929078,0.20966312056737588,0.1768617021276596,0.28812056737588654
0.32287985865724383,0.21201413427561838,0.17446996466431094,0.29063604240282687
0.3243482103402563,0.206805125939019,0.1780821917808219,0.2907644719399028
0.31357048748353095,0.2147562582345191,0.17742643829600352,0.29424681598594643
0.31397379912663753,0.22139737991266376,0.17467248908296942,0.28995633187772923
0.3180616740088106,0.21629955947136564,0.17577092511013215,0.28986784140969163
0.30973451327433627,0.2168141592920354,0.18008849557522125,0.29336283185840706
0.30976579761378703,0.21431727794962438,0.18294299602297834,0.29297392841361025
0.3174464363795365,0.21381722780935725,0.18714473108876256,0.2815916047223437
0.31318923687692984,0.21879135421261578,0.18835465372739302,0.27966475518306133
0.31546300398759414,0.21400088613203366,0.19406291537439077,0.2764731945059814
0.309010989010989,0.2175824175824176,0.1920879120879121,0.2813186813186813
0.30759104870557263,0.2268538832821413,0.19482229047827995,0.27073277753400615
0.30463286713286714,0.2263986013986014,0.19667832167832167,0.2722902097902098
0.3096916299559471,0.22246696035242292,0.1947136563876652,0.27312775330396477
0.3063811188811189,0.22421328671328672,0.19318181818181818,0.2762237762237762
0.30463286713286714,0.23208041958041958,0.1875,0.2757867132867133
0.2984409799554566,0.23474387527839644,0.1933184855233853,0.2734966592427617
0.2964912280701754,0.24078947368421053,0.1969298245614035,0.2657894736842105
0.2925531914893617,0.2393617021276596,0.19946808510638298,0.26861702127659576
0.3017279574656624,0.23438192290651308,0.19893664155959237,0.26495347806823216
0.30705574912891986,0.2229965156794425,0.2038327526132404,0.2661149825783972
0.3015030946065429,0.22590627763041557,0.20689655172413793,0.2656940760389036
0.2995169082125604,0.2222222222222222,0.2147562582345191,0.2635046113306983
0.2970471573380344,0.22300572939620977,0.2128691053327457,0.2670780079330101
0.2958916083916084,0.2229020979020979,0.21197552447552448,0.2692307692307692
0.2912280701754386,0.22412280701754386,0.21447368421052632,0.27017543859649124
0.28880070546737213,0.22707231040564374,0.21296296296296297,0.27116402116402116
0.28835978835978837,0.23192239858906524,0.21208112874779542,0.26763668430335097
0.2913732394366197,0.22931338028169015,0.20378521126760563,0.2755281690140845
0.28596491228070176,0.23640350877192984,0.19912280701754387,0.27850877192982454
0.29053461875547765,0.2366345311130587,0.19631901840490798,0.27651183172655563
0.2938099389712293,0.23278116826503922,0.2005231037489102,0.2728857890148213
0.2941700044503783,0.23052959501557632,0.19893190921228304,0.27636849132176233
0.2933865956502441,0.2365734576120728,0.1935197514425211,0.27652019529516203
0.2914260328742781,0.23278542869835628,0.20435362061306087,0.27143491781430473
0.28874172185430463,0.23134657836644593,0.20662251655629138,0.27328918322295803
0.2883435582822086,0.23006134969325154,0.20508326029798424,0.27651183172655563
0.2894621775251421,0.23174464363795366,0.20332313073895933,0.2754700480979449
0.29893711248892824,0.22896368467670505,0.1979627989371125,0.2741364038972542
0.2938847338319402,0.22525296964364278,0.2001759788825341,0.28068631764188295
0.29393673110720564,0.21836555360281196,0.20342706502636204,0.28427065026362036
0.29217926186291737,0.218804920913884,0.20518453427065025,0.28383128295254834
0.28950863213811423,0.2222222222222222,0.20540061974324922,0.28286852589641437
0.29063604240282687,0.2226148409893993,0.21333922261484098,0.27340989399293286
0.29243623570800353,0.22163588390501318,0.20624450307827616,0.2796833773087071
0.28136042402826855,0.2226148409893993,0.20803886925795054,0.2879858657243816
0.28502415458937197,0.2231005709266579,0.2059727711901625,0.2859025032938076
0.27929515418502204,0.2277533039647577,0.20748898678414096,0.2854625550660793
0.27816901408450706,0.22139084507042253,0.2108274647887324,0.289612676056338
0.2820061592608887,0.22041355037395513,0.21029476462824462,0.2872855257369116
0.2857769973661106,0.22168568920105355,0.21422300263388938,0.2783143107989464
0.2869105332745703,0.2247686205376818,0.2093433230498017,0.2789775231379462
0.290223586146427,0.2253397632617273,0.20166593599298555,0.28277071459886016
0.29352137505509035,0.21947994711326577,0.1974438078448656,0.2895548699867783
0.28865527814279457,0.21681997371879105,0.20105124835742444,0.2934734997809899
0.2935739436619718,0.2108274647887324,0.20466549295774647,0.2909330985915493
0.29188712522045857,0.20987654320987653,0.2072310405643739,0.291005291005291
0.2958553791887125,0.21208112874779542,0.20238095238095238,0.2896825396825397
0.29150326797385623,0.21002178649237474,0.20827886710239651,0.2901960784313726
0.28739642389882253,0.20366332315743568,0.2093327518534671,0.29960750109027473
0.2845779938135219,0.2063632346442775,0.206805125939019,0.30225364560318163
0.2917771883289125,0.1971706454465075,0.20733863837312114,0.3037135278514589
0.29056437389770723,0.195326278659612,0.21119929453262787,0.3029100529100529
0.289899431569742,0.19326628771316134,0.21119370354175776,0.3056405771753389
0.2906619903551074,0.19026742656729503,0.2135028496273564,0.30556773345024113
0.29045092838196285,0.1874447391688771,0.21485411140583555,0.3072502210433245
0.28868258178603007,0.1896551724137931,0.21087533156498675,0.3107869142351901
0.28852889667250436,0.19264448336252188,0.21628721541155868,0.30253940455341505
0.28696796840719613,0.18867924528301888,0.21544537077665643,0.30890741553312856
0.28965819456617004,0.18624014022787028,0.21384750219106047,0.3102541630148992
0.29846153846153844,0.18945054945054945,0.21318681318681318,0.2989010989010989
0.29473684210526313,0.19342105263157894,0.21228070175438596,0.2995614035087719
0.29929266136162685,0.19230769230769232,0.21308576480990274,0.2953138815207781
0.2974989030276437,0.19921017990346643,0.20930232558139536,0.2939885914874945
0.29634522236900046,0.20035226772346984,0.20871862615587847,0.29458388375165123
0.2937777777777778,0.20177777777777778,0.21422222222222223,0.2902222222222222
0.29930191972076786,0.1980802792321117,0.2037521815008726,0.2988656195462478
0.30088105726872244,0.19427312775330396,0.20616740088105726,0.2986784140969163
0.3018703784254024,0.18877772944758592,0.2035667681600696,0.30578512396694213
0.2997370727432077,0.19062226117440842,0.20595968448729185,0.30368098159509205
0.29590488771466317,0.1955085865257596,0.20915896081021576,0.2994275649493615
0.29279080053073864,0.19946926138876603,0.20698805838124723,0.3007518796992481
0.2970950704225352,0.20026408450704225,0.20290492957746478,0.29973591549295775
0.2901668129938543,0.20412642669007902,0.20588235294117646,0.29982440737489024
0.2908296943231441,0.19694323144104803,0.20786026200873362,0.30436681222707423
0.29995627459554003,0.1915172715347617,0.20813292522955837,0.3003935286401399
0.3001316366827556,0.18780166739798157,0.21456779289161912,0.2974989030276437
0.298376480912681,0.1851689337428697,0.21851689337428698,0.29793769197016234
0.3002217294900222,0.1844789356984479,0.21995565410199558,0.2953436807095344
0.29925405879771827,0.1834137779727951,0.2242211496270294,0.2931110136024572
0.2962147887323944,0.18397887323943662,0.22315140845070422,0.2966549295774648
0.29422143802382,0.18570798411998235,0.22055580061755625,0.2995147772386414
0.30017528483786154,0.18404907975460122,0.2151621384750219,0.3006134969325153
0.2967515364354697,0.18568920105355574,0.21817383669885865,0.2993854258121159
0.29973591549295775,0.18265845070422534,0.21566901408450703,0.3019366197183099
0.2982378854625551,0.18325991189427313,0.21145374449339208,0.3070484581497797
0.29556433904259993,0.1800614844093105,0.2191480017566974,0.3052261747913922
0.2974628171478565,0.18066491688538933,0.2230971128608924,0.2987751531058618
0.29925405879771827,0.1807810443176832,0.22290478279947346,0.29706011408512506
0.2914462081128748,0.18077601410934743,0.23059964726631393,0.29717813051146386
0.2886053673559173,0.18433787945446548,0.2309722833260009,0.29608446986361636
0.28682842287694976,0.1893414211438475,0.23266897746967072,0.29116117850953205
0.28295254833040423,0.19288224956063268,0.22671353251318102,0.29745166959578206
0.28321678321678323,0.19536713286713286,0.22596153846153846,0.29545454545454547
0.28126390743213175,0.20516243880729862,0.22429906542056074,0.2892745883400089
0.27224669603524226,0.20748898678414096,0.22246696035242292,0.29779735682819386
0.27184892402283706,0.20772946859903382,0.21826965305226176,0.3021519543258674
0.2768211920529801,0.21368653421633554,0.21147902869757174,0.2980132450331126
0.27388815499779834,0.21268163804491413,0.21312197269925143,0.3003082342580361
0.2720524017467249,0.21615720524017468,0.21572052401746725,0.2960698689956332
0.26807760141093473,0.22001763668430335,0.21869488536155202,0.2932098765432099
0.2691292875989446,0.22163588390501318,0.21284080914687775,0.2963940193491645
0.2756494936151475,0.22324966974900926,0.2073976221928666,0.29370321444297665
0.28205128205128205,0.22723253757736517,0.20601237842617154,0.28470380194518125
0.2813738441215324,0.22501100836635843,0.20651695288419197,0.2870981946279172
0.2815107597716293,0.22793148880105402,0.2090469916556873,0.2815107597716293
0.28565179352580927,0.22659667541557305,0.21128608923884515,0.2764654418197725
0.2828193832599119,0.2277533039647577,0.21629955947136564,0.27312775330396477
0.29484354341119434,0.23226090788893786,0.20625826355222565,0.2666372851476421
0.2961335676625659,0.23198594024604569,0.2126537785588752,0.2592267135325132
0.29590488771466317,0.23557904007045355,0.20915896081021576,0.25935711140466755
0.2912833990363557,0.2395970214629873,0.20630749014454666,0.2628120893561104
0.28884986830553117,0.24100087796312555,0.2115891132572432,0.2585601404741001
0.28533916849015317,0.24420131291028446,0.21181619256017506,0.25864332603938733
0.28175824175824177,0.24307692307692308,0.210989010989011,0.2641758241758242
0.28702892199824714,0.23356704645048204,0.2147239263803681,0.26468010517090274
0.289612676056338,0.23283450704225353,0.20818661971830985,0.26936619718309857
0.2866696388765047,0.23406152474364691,0.2104324565314311,0.2688363798484173
0.2844600526777875,0.2344161545215101,0.20851624231782265,0.2726075504828797
0.285336856010568,0.2294143549097314,0.20607661822985468,0.27917217084984586
0.27537511032656664,0.2294792586054722,0.21050308914386584,0.2846425419240953
0.2791833111407013,0.22991566799822458,0.2072791833111407,0.2836218375499334
0.2818703131892369,0.22761358623731803,0.21305690339655933,0.2774591971768858
0.28308501314636286,0.22567922874671342,0.21647677475898336,0.2747589833479404
0.2818380743982494,0.21969365426695842,0.2223194748358862,0.2761487964989059
0.282560706401766,0.22030905077262694,0.22163355408388521,0.27549668874172184
0.2848378615249781,0.22129710780017528,0.21866783523225242,0.2751971954425942
0.2828104286345559,0.22182942996022978,0.2147591692443659,0.28060097216084845
0.28874172185430463,0.21721854304635763,0.21501103752759382,0.2790286975717439
0.290989010989011,0.2189010989010989,0.210989010989011,0.27912087912087913
0.29352580927384075,0.21916010498687663,0.20953630796150483,0.2777777777777778
0.29876434245366285,0.2149161518093557,0.20255957634598412,0.28375992939099737
0.3002217294900222,0.2097560975609756,0.2031042128603104,0.2869179600886918
0.29427312775330394,0.2066079295154185,0.20704845814977973,0.2920704845814978
0.29316389132340054,0.21034180543382996,0.2085889570552147,0.28790534618755476
0.29615048118985127,0.20866141732283464,0.20647419072615922,0.2887139107611549
0.29736842105263156,0.21228070175438596,0.2131578947368421,0.2771929824561403
0.2983377077865267,0.21391076115485563,0.2099737532808399,0.2777777777777778
0.2923280423280423,0.21781305114638447,0.20943562610229277,0.2804232804232804
0.293598233995585,0.2141280353200883,0.20794701986754968,0.284326710816777
0.28609039052215884,0.21281263712154452,0.21193505923650724,0.2891619131197894
0.2891141472014103,0.21727633318642575,0.2128691053327457,0.28074041427941826
0.2943246810382754,0.20985481742190937,0.21645402551693796,0.27936647602287723
0.2932799287939475,0.21984868713840677,0.2109479305740988,0.27592345349354697
0.2943231441048035,0.22489082969432314,0.2096069868995633,0.27117903930131004
0.2856516015796402,0.23255813953488372,0.20930232558139536,0.2724879333040807
0.2933974639265413,0.22999562745955401,0.20857017927415827,0.26803672933974637
0.28596568411790585,0.22481302243730752,0.21601407831060274,0.2732072151341839
0.28596568411790585,0.22701275846898372,0.21777386713594368,0.2692476902771667
0.2857142857142857,0.22733303847854933,0.21539141972578504,0.27156125608137993
0.2838254737769943,0.2256500661084178,0.21683561040105773,0.2736888497135302
0.2838137472283814,0.2270509977827051,0.2155210643015521,0.2736141906873614
0.28075571177504394,0.22847100175746923,0.21441124780316345,0.27636203866432335
0.28749443702714733,0.22251891410769917,0.21495327102803738,0.2750333778371162
0.2910777385159011,0.22438162544169613,0.2137809187279152,0.2707597173144876
0.29118432769367764,0.21682991985752448,0.21816562778272486,0.27382012466607303
0.29414354909731394,0.21532364597093792,0.2192866578599736,0.2712461470717745
0.2922134733158355,0.21434820647419073,0.2230971128608924,0.27034120734908135
0.2886734244160423,0.21639488761568973,0.2238871749669458,0.27104451300132215
0.2858403176003529,0.21746801940891045,0.22452580502867225,0.2721658579620644
0.2765017667844523,0.21863957597173145,0.22835689045936397,0.2765017667844523
0.28452433143358175,0.2209557211749233,0.22183252959228408,0.27268741779921085
0.2846425419240953,0.22065313327449249,0.22859664607237423,0.26610767872903796
0.287089715536105,0.22188183807439826,0.2214442013129103,0.26958424507658646
0.28546177640300485,0.2222713212549713,0.2209456473707468,0.27132125497127707
0.28193832599118945,0.21894273127753303,0.22422907488986785,0.2748898678414097
0.2833186231244484,0.22330097087378642,0.2210944395410415,0.2722859664607237
0.28339191564147626,0.2218804920913884,0.22583479789103691,0.2688927943760984
0.284326710816777,0.22649006622516557,0.22207505518763798,0.2671081677704194
0.2894387980556783,0.21741051701281486,0.22536456031816174,0.2677861246133451
0.29059080962800876,0.21706783369803062,0.22582056892778993,0.26652078774617066
0.2924988903683977,0.20683533067021748,0.23213493120284065,0.2685308477585442
0.2913732394366197,0.20158450704225353,0.23591549295774647,0.2711267605633803
0.29393673110720564,0.2047451669595782,0.23857644991212654,0.2627416520210896
0.29326287978863935,0.21003963011889035,0.23029502421840597,0.2664024658740643
0.2933684672815108,0.21299956082564778,0.23583662714097497,0.2577953447518665
0.29012345679012347,0.21825396825396826,0.23324514991181658,0.2583774250440917
0.295873573309921,0.21553994732221246,0.2295873573309921,0.2589991220368745
0.29326287978863935,0.21312197269925143,0.2294143549097314,0.26420079260237783
0.29292929292929293,0.21080368906455862,0.23232323232323232,0.2639437856829161
0.29155672823219,0.218117854001759,0.22295514511873352,0.2673702726473175
0.28855501546619533,0.21829429960229785,0.22359699513919576,0.2695536897923111
0.28684557853057635,0.22877254729432467,0.21777386713594368,0.2666080070391553
0.2902942468159859,0.22090469916556874,0.21958717610891523,0.2692138779095301
0.29483814523184604,0.2152230971128609,0.2152230971128609,0.2747156605424322
0.30114135206321335,0.21466198419666374,0.20851624231782265,0.27568042142230026
0.2948943661971831,0.21654929577464788,0.20818661971830985,0.28036971830985913
0.2897851819377466,0.21306444541867603,0.2099956159579132,0.2871547566856642
0.2938099389712293,0.20967741935483872,0.2122929380993897,0.2842197035745423
0.2984478935698448,0.20842572062084258,0.2097560975609756,0.28337028824833704
0.29316389132340054,0.2107800175284838,0.21340929009640666,0.28264680105170903
0.2916480571683787,0.2085752568110764,0.21438142027690935,0.28539526574363555
0.28803156510302497,0.2117492327926348,0.21832529592284086,0.28189390618149934
0.2885117493472585,0.21018276762402088,0.21496953872932986,0.2863359442993908
0.2887817703768624,0.20946538124452235,0.21691498685363717,0.2848378615249781
0.2862779482683034,0.2104340201665936,0.21832529592284086,0.28496273564226215
0.2865242040994331,0.21064108155255123,0.21674662014827736,0.28608809419973835
0.2857771906649053,0.21312197269925143,0.2166446499339498,0.28445618670189343
0.2846458424989001,0.214694236691597,0.214694236691597,0.28596568411790585
0.2887723896898209,0.21363040629095675,0.21100917431192662,0.28658802970729574
0.2857760484219628,0.21444012105490703,0.21227842628620838,0.2875054042369217
0.28829225352112675,0.21214788732394366,0.21654929577464788,0.2830105633802817
0.28891820580474936,0.2119613016710642,0.21372031662269128,0.2854001759014952
0.2910777385159011,0.21289752650176677,0.2151060070671378,0.28091872791519434
0.2954645530603259,0.2144429766622633,0.2162043152796125,0.27388815499779834
0.2982456140350877,0.21140350877192982,0.21271929824561403,0.2776315789473684
0.2926073483842408,0.2067286409915892,0.21868083222664897,0.281983178397521
0.289899431569742,0.2090074333187582,0.21687800612155664,0.28421512898994317
0.2932098765432099,0.20458553791887124,0.21693121693121692,0.28527336860670194
0.29056437389770723,0.2019400352733686,0.2191358024691358,0.28835978835978837
0.29396439426834564,0.20147633521493705,0.21797655232305688,0.28658271819366044
0.2985927880386983,0.2009674582233949,0.21459982409850484,0.2858399296394019
0.2974043114826221,0.20545534535855697,0.21601407831060274,0.28112626484821823
0.2956636005256242,0.2076215505913272,0.2137538326763031,0.2829610162067455
0.29507475813544415,0.2075637642919965,0.21152154793315744,0.2858399296394019
0.29326287978863935,0.2051959489211801,0.2166446499339498,0.2848965213562307
0.290519877675841,0.20795107033639143,0.21887287024901703,0.28265618173875057
0.2929824561403509,0.20175438596491227,0.21754385964912282,0.28771929824561404
0.2900394910048267,0.20666959192628345,0.21939447125932426,0.2838964458095656
0.29641116526362427,0.20292423571112095,0.2153300841825432,0.28533451484271155
0.2998220640569395,0.199288256227758,0.21218861209964412,0.28870106761565834
0.3003970004411116,0.1985002205558006,0.21085134539038378,0.290251433612704
0.30144800351031154,0.20140412461605967,0.209741114523914,0.28740675734971477
0.3054101221640489,0.20113438045375218,0.20418848167539266,0.2892670157068063
0.3061491495856956,0.19973833406018315,0.19886611426079373,0.29524640209332753
0.3187198597106532,0.19333625602805787,0.19596668128014028,0.2919772029811486
0.3209549071618037,0.1900972590627763,0.1976127320954907,0.29133510167992926
0.3173836698858648,0.19490781387181738,0.19754170324846357,0.2901668129938543
0.32012329370321446,0.19771025979744605,0.19771025979744605,0.28445618670189343
0.3237250554323725,0.1951219512195122,0.20044345898004434,0.28070953436807095
0.3242530755711775,0.19200351493848858,0.19507908611599298,0.28866432337434095
0.32391879964695497,0.1853486319505737,0.19638128861429832,0.294351279788173
0.3230563002680965,0.1903485254691689,0.1934763181411975,0.2931188561215371
0.3248126928162186,0.18995152049360953,0.18995152049360953,0.29528426619656234
0.3188854489164087,0.18752764263600177,0.19416187527642637,0.2994250331711632
0.3183222958057395,0.19293598233995585,0.19249448123620308,0.29624724061810154
0.3208461877479066,0.19039224327897752,0.18422212428382548,0.30453944468929045
0.31595227574016793,0.19001325673884226,0.18426866990720284,0.30976579761378703
0.31856077226853885,0.1882404563405002,0.18473014480035102,0.3084686265906099
0.3113666519239275,0.18708536045997345,0.18575851393188855,0.3157894736842105
0.31553610503282276,0.18293216630196937,0.19212253829321663,0.30940919037199127
0.316607460035524,0.19049733570159857,0.18872113676731794,0.30417406749555953
0.3090828924162258,0.18562610229276896,0.1931216931216931,0.31216931216931215
0.29964850615114236,0.18585237258347978,0.19595782073813708,0.3185413005272408
0.2968476357267951,0.18563922942206654,0.19833625218914186,0.3191768826619965
0.29978118161925604,0.18468271334792122,0.19474835886214442,0.32078774617067835
0.2948717948717949,0.1878868258178603,0.1976127320954907,0.3196286472148541
0.2957931638913234,0.18536371603856266,0.19894829097283084,0.31989482909728306
0.2983693256941384,0.18025561921551345,0.19920669898633758,0.32216835610401057
0.30539710399297937,0.17419921017990347,0.20403685827117157,0.3163668275559456
0.30978499341816584,0.17200526546731024,0.20184291355857834,0.3163668275559456
0.3139484040227372,0.16571928290336685,0.20069960647135987,0.31963270660253607
0.31241772707327775,0.16805616498464238,0.20184291355857834,0.3176831943835015
0.3153232949512843,0.1687333923826395,0.19929140832595216,0.316651904340124
0.31938325991189426,0.16387665198237886,0.19911894273127753,0.31762114537444935
0.31551038444542645,0.17012814847547503,0.1992929739284136,0.3150684931506849
0.3221978021978022,0.16923076923076924,0.19428571428571428,0.3142857142857143
0.32045654082528535,0.1672519754170325,0.19754170324846357,0.3147497805092186
0.32007073386383733,0.16489832007073385,0.2002652519893899,0.3147656940760389
0.3154657293497364,0.17003514938488576,0.1977152899824253,0.31678383128295257
0.31436077057793343,0.1725043782837128,0.1987740805604203,0.31436077057793343
0.3119789381307591,0.16981132075471697,0.19789381307591047,0.3203159280386134
0.3090909090909091,0.16895787139689578,0.2008869179600887,0.3210643015521064
0.318342151675485,0.16181657848324515,0.20326278659611993,0.3165784832451499
0.318141592920354,0.16902654867256636,0.20088495575221238,0.31194690265486724
0.3144124168514412,0.16674057649667406,0.20221729490022172,0.316629711751663
0.3134920634920635,0.17063492063492064,0.20282186948853614,0.31305114638447973
0.313922942206655,0.16987740805604204,0.20183887915936952,0.31436077057793343
0.3192426243945399,0.16732716864817263,0.2047556142668428,0.3086745926904447
0.31800088456435205,0.16364440513047324,0.21052631578947367,0.30782839451570104
0.3158359064843405,0.16850463167181298,0.2086457873842082,0.3070136744596383
0.3172655565293602,0.1691498685363716,0.2081507449605609,0.30543382997370727
0.31776516804888694,0.17372326494980359,0.20515058926233087,0.30336097773897863
0.30646589902568644,0.1767050487156776,0.21257750221434898,0.304251550044287
0.30432881504153914,0.17490161783996502,0.2094446873633581,0.31132487975513773
0.3028953229398664,0.17639198218262805,0.20489977728285078,0.3158129175946548
0.3024070021881838,0.1763676148796499,0.20787746170678337,0.3133479212253829
0.30762489044697633,0.17440841367221735,0.19938650306748465,0.31858019281332167
0.3096802452912834,0.173017958826106,0.1979851073149365,0.3193166885676741
0.3054430949167791,0.17183985605038238,0.20557804768331084,0.31713900134952766
0.3081293706293706,0.17001748251748253,0.20192307692307693,0.31993006993006995
0.30465320456540823,0.16856892010535557,0.2067603160667252,0.32001755926251096
0.3033905768383972,0.16996917657419638,0.20827829150154117,0.31836195508586523
0.3007452871547567,0.1687856203419553,0.21262604120999562,0.31784305129329243
0.29881526985519963,0.16630100921456778,0.21105748135146996,0.3238262395787626
0.30350877192982456,0.16973684210526316,0.2074561403508772,0.3192982456140351
0.2991566799822459,0.16955170883266754,0.21127385707944962,0.32001775410563693
0.29470922606034106,0.1709663314385658,0.2125054656755575,0.3218189768255356
0.2953345070422535,0.1742957746478873,0.2112676056338028,0.3191021126760563
0.29332169358358795,0.17546922741161064,0.21082496726320385,0.32038411174159753
0.2971046770601336,0.17282850779510023,0.2089086859688196,0.32115812917594655
0.2953436807095344,0.17560975609756097,0.2075388026607539,0.3215077605321508
0.2914462081128748,0.17592592592592593,0.20679012345679013,0.32583774250440917
0.29584245076586435,0.16892778993435448,0.21269146608315098,0.3225382932166302
0.295837023914969,0.16740478299379982,0.21434898139946856,0.3224092116917626
0.2894621775251421,0.16484477481416704,0.21469173589855706,0.3310013117621338
0.29440069991251094,0.163167104111986,0.21391076115485563,0.32852143482064744
0.2884191985909291,0.15940114487010126,0.2166446499339498,0.33553500660501984
0.29103815439219166,0.1592724046140195,0.2129547471162378,0.336734693877551
0.29409190371991245,0.16411378555798686,0.2074398249452954,0.33435448577680527
0.294351279788173,0.15975286849073256,0.21270962047661077,0.33318623124448365
0.29952319029042046,0.15908105765062852,0.21022973558734287,0.33116601647160815
0.2962962962962963,0.1626984126984127,0.2072310405643739,0.33377425044091713
0.2951036612262902,0.16056462284958095,0.21041023378914867,0.33392148213498013
0.29973591549295775,0.1619718309859155,0.20950704225352113,0.3287852112676056
0.2943495400788436,0.16381953569864213,0.21068769163381515,0.3311432325886991
0.2933392148213498,0.1623290692545214,0.20335244816938686,0.34097926775474197
0.2903368794326241,0.16622340425531915,0.20345744680851063,0.3399822695035461
0.2936472678809418,0.1625944024877832,0.2003553976010662,0.3434029320302088
0.29406593406593406,0.1665934065934066,0.20263736263736265,0.3367032967032967
0.2962962962962963,0.16034858387799564,0.19607843137254902,0.34727668845315907
0.2938577110030932,0.1661511268228016,0.2001767565178966,0.3398144056562086
0.2961335676625659,0.1634446397188049,0.2069420035149385,0.3334797891036907
0.29170344218887906,0.1676963812886143,0.20432480141218004,0.33627537511032657
0.2905317769130999,0.16255944660613922,0.20406398616515348,0.34284479031560744
0.28984238178633975,0.16199649737302976,0.202276707530648,0.3458844133099825
0.2880386983289358,0.1662269129287599,0.20448548812664907,0.3412489006156552
0.2845849802371542,0.16908212560386474,0.2059727711901625,0.3403601229688186
0.2933684672815108,0.1673254281949934,0.204655248133509,0.3346508563899868
0.28979771328056286,0.17326297273526825,0.20184696569920843,0.33509234828496043
0.28728070175438597,0.17017543859649123,0.2043859649122807,0.3381578947368421
0.28805309734513274,0.17610619469026548,0.20176991150442478,0.334070796460177
0.28894806924101196,0.1739902352418997,0.20239680426098536,0.334664891256103
0.2864721485411141,0.17639257294429708,0.20645446507515472,0.3306808134394341
0.28793256433007985,0.17346938775510204,0.20718722271517304,0.3314108251996451
0.29072347980470487,0.1708832667554372,0.2041722148246782,0.33422103861517977
0.2906208718626156,0.17040951122853368,0.20079260237780713,0.3381770145310436
0.291832229580574,0.17350993377483442,0.20044150110375275,0.33421633554083885
0.28634361233480177,0.17533039647577092,0.2039647577092511,0.3343612334801762
0.2916666666666667,0.18070175438596492,0.2,0.32763157894736844
0.2901805372082783,0.17305151915455746,0.20079260237780713,0.33597534125935713
0.29523389232127095,0.17563989408649602,0.19814651368049427,0.33097969991173876
0.28990662516674076,0.17563361493997331,0.20008892841262785,0.33437083148065805
0.29375276916260523,0.17058041648205582,0.20381036774479397,0.331856446610545
0.2959094865100087,0.170147954743255,0.20322019147084422,0.3307223672758921
0.2962962962962963,0.17254901960784313,0.20392156862745098,0.3272331154684096
0.2937554969217238,0.16974494283201408,0.20536499560246263,0.3311345646437995
0.29713024282560707,0.17130242825607064,0.20397350993377483,0.3275938189845475
0.2942458587619878,0.17262423714036618,0.2092414995640802,0.3238884045335658
0.2839396628216504,0.1756876663708962,0.2160603371783496,0.32431233362910383
0.2955051179350245,0.16955941255006676,0.2118380062305296,0.32309746328437916
0.294478527607362,0.16783523225241018,0.21691498685363717,0.32077125328659073
0.2895548699867783,0.16835610401057735,0.21551344204495373,0.3265755839576906
0.28856382978723405,0.16888297872340424,0.2127659574468085,0.32978723404255317
0.2953436807095344,0.16541019955654102,0.21596452328159646,0.3232815964523282
0.29590017825311943,0.16488413547237077,0.21479500891265596,0.3244206773618538
0.29814487632508835,0.1603356890459364,0.21333922261484098,0.3281802120141343
0.298376480912681,0.16849495392716105,0.21456779289161912,0.31856077226853885
0.29973591549295775,0.17033450704225353,0.2125880281690141,0.3173415492957746
0.29713024282560707,0.1739514348785872,0.20618101545253864,0.3227373068432671
0.30070546737213405,0.16534391534391535,0.21252204585537918,0.32142857142857145
0.30070546737213405,0.1715167548500882,0.20899470899470898,0.3187830687830688
0.30542089026002645,0.17011899515204937,0.2009695901278096,0.3234905244601146
0.30721830985915494,0.16681338028169015,0.2051056338028169,0.320862676056338
0.2994275649493615,0.17084984588287097,0.20651695288419197,0.3232056362835755
0.29846827133479215,0.17286652078774617,0.20962800875273524,0.3190371991247265
0.2992957746478873,0.17297535211267606,0.21346830985915494,0.3142605633802817
0.2955250332299513,0.1683650863978733,0.21798848028356224,0.3181214000886132
0.2902654867256637,0.16681415929203539,0.22920353982300884,0.31371681415929203
0.2898357745228584,0.16511318242343542,0.2272525521526853,0.31779849090102086
0.291520979020979,0.1638986013986014,0.22727272727272727,0.3173076923076923
0.29411764705882354,0.16231755860238833,0.22821760283060594,0.31534719150818225
0.2884275618374558,0.1704946996466431,0.22040636042402828,0.3206713780918728
0.29586056644880177,0.1664488017429194,0.22265795206971678,0.3150326797385621
0.30299032541776605,0.16534740545294635,0.2185576077396658,0.3131046613896218
