C,D,Oc,Od
0.0,0.0,0.0,1.0
0.0,0.0,0.5,0.5
0.0,0.0,0.5,0.5
0.0,0.18181818181818182,0.5454545454545454,0.2727272727272727
0.0,0.125,0.5625,0.3125
0.08333333333333333,0.16666666666666666,0.3333333333333333,0.4166666666666667
0.12195121951219512,0.12195121951219512,0.2682926829268293,0.4878048780487805
0.16176470588235295,0.11764705882352941,0.20588235294117646,0.5147058823529411
0.14814814814814814,0.12962962962962962,0.2037037037037037,0.5185185185185185
0.1597222222222222,0.1388888888888889,0.1736111111111111,0.5277777777777778
0.19680851063829788,0.1595744680851064,0.13829787234042554,0.5053191489361702
0.1774193548387097,0.18548387096774194,0.14919354838709678,0.4879032258064516
0.2032258064516129,0.17096774193548386,0.16451612903225807,0.4612903225806452
0.23056994818652848,0.17098445595854922,0.13471502590673576,0.4637305699481865
0.22055674518201285,0.1777301927194861,0.14346895074946467,0.4582441113490364
0.24199288256227758,0.1797153024911032,0.1387900355871886,0.4395017793594306
0.24606580829756797,0.19313304721030042,0.15736766809728184,0.4034334763948498
0.24504084014002334,0.17969661610268378,0.16569428238039674,0.40956826137689617
0.23781094527363184,0.19402985074626866,0.16716417910447762,0.4009950248756219
0.24892703862660945,0.1982832618025751,0.16566523605150216,0.3871244635193133
0.24216959511077157,0.20091673032849502,0.17265087853323147,0.3842627960275019
0.24224422442244226,0.2,0.17557755775577558,0.3821782178217822
0.24846625766871167,0.19754601226993865,0.18527607361963191,0.36871165644171777
0.23917869034406217,0.19811320754716982,0.20199778024417314,0.3607103218645949
0.2404862579281184,0.21723044397463,0.19714587737843553,0.3451374207188161
0.2404040404040404,0.2222222222222222,0.19292929292929292,0.34444444444444444
0.23670082967301123,0.2215714982918497,0.2025378233284529,0.33918984870668617
0.24088291746641075,0.22696737044145873,0.20633397312859886,0.32581573896353166
0.23512613041408853,0.22465492622560684,0.21703950499762018,0.3231794383626844
0.24355971896955503,0.2234192037470726,0.2154566744730679,0.31756440281030446
0.23609163160355306,0.22206638616175783,0.21411874707807388,0.3277232351566152
0.2513992537313433,0.22621268656716417,0.20755597014925373,0.3148320895522388
0.24044734389561975,0.22646784715750232,0.21668219944082012,0.3164026095060578
0.24976700838769805,0.21947809878844363,0.21295433364398883,0.31780055917986955
0.2423112767940354,0.2213420316868593,0.22180801491146318,0.3145386766076421
0.2516099356025759,0.21849126034958602,0.22723091076356947,0.30266789328426863
0.25680036883356383,0.22498847395112956,0.21668971876440757,0.301521438450899
0.2551819438046983,0.22708429295255642,0.22339935513588208,0.2943344081068632
0.24988431281813975,0.22906062008329478,0.22998611753817677,0.2910689495603887
0.2411214953271028,0.2219626168224299,0.2336448598130841,0.30327102803738315
0.24426078971533516,0.2190082644628099,0.23737373737373738,0.29935720844811753
0.2419730107026524,0.216379711493718,0.22894369474174034,0.3127035830618892
0.23798521256931607,0.21719038817005545,0.24029574861367836,0.3045286506469501
0.23626373626373626,0.211996336996337,0.24404761904761904,0.3076923076923077
0.23255813953488372,0.22093023255813954,0.23627906976744187,0.3102325581395349
0.2355122855818266,0.2229949003245248,0.22484932777005098,0.31664348632359757
0.2302781577747378,0.23438212494300045,0.2193342453260374,0.31600547195622436
0.2289655172413793,0.23310344827586207,0.21977011494252874,0.3181609195402299
0.21681212677997244,0.243913642627469,0.22002756086357372,0.31924666972898486
0.22659870250231695,0.23169601482854496,0.22150139017608897,0.32020389249304915
0.22263450834879406,0.23654916512059368,0.2147495361781076,0.32606679035250463
0.22959889349930843,0.23835869064084833,0.21853388658367912,0.3135085292761641
0.23073394495412844,0.23394495412844038,0.22247706422018348,0.3128440366972477
0.2220676866017617,0.23968474733426054,0.21464997681965692,0.3235975892443208
0.23130515559684162,0.2368787738039944,0.21040408732001858,0.3214119832791454
0.22942528735632184,0.23218390804597702,0.21057471264367816,0.327816091954023
0.2286911970190964,0.224033535165347,0.21238938053097345,0.33488588728458313
0.22900413033501607,0.22166131252868287,0.21707205139972466,0.3322625057365764
0.23844731977818853,0.21164510166358594,0.22134935304990758,0.3285582255083179
0.2325473878871937,0.21128062875635692,0.22468793342579751,0.3314840499306519
0.23720056364490372,0.20666979802724283,0.22686707374354156,0.32926256458431186
0.2275011420740064,0.21699406121516673,0.22201918684330746,0.3334856098675194
0.22902178952248492,0.2192860454334724,0.22438572090866946,0.3273064441353732
0.227355901189387,0.21591948764867339,0.22369624885635864,0.33302836230558097
0.23183711244794078,0.21240166589541878,0.23091161499305876,0.3248496066635817
0.22659870250231695,0.206209453197405,0.2293790546802595,0.33781278962001854
0.23575011399908802,0.20428636570907432,0.23848609211126312,0.32147742818057456
0.2388549976536837,0.19521351478179258,0.2327545753167527,0.333176912247771
0.2391810144253141,0.2047463936714751,0.22335970218706375,0.33271288971614704
0.2358058608058608,0.20695970695970695,0.2174908424908425,0.33974358974358976
0.2351024208566108,0.20297951582867785,0.21508379888268156,0.3468342644320298
0.2301006404391583,0.19533394327538883,0.21500457456541627,0.3595608417200366
0.2328767123287671,0.1958904109589041,0.21643835616438356,0.3547945205479452
0.23148148148148148,0.2037037037037037,0.21388888888888888,0.3509259259259259
0.2309090909090909,0.21136363636363636,0.20272727272727273,0.355
0.23713235294117646,0.22150735294117646,0.19990808823529413,0.3414522058823529
0.23405231757687012,0.21982560807709958,0.20422212023864159,0.3418999541073887
0.23737373737373738,0.21487603305785125,0.2033976124885216,0.3443526170798898
0.23992673992673993,0.21245421245421245,0.21153846153846154,0.3360805860805861
0.23440366972477064,0.21238532110091743,0.22018348623853212,0.3330275229357798
0.2211895910780669,0.21979553903345725,0.2184014869888476,0.3406133828996282
0.22012867647058823,0.22242647058823528,0.22196691176470587,0.33547794117647056
0.2208029197080292,0.22764598540145986,0.2198905109489051,0.33166058394160586
0.23232323232323232,0.22130394857667585,0.2157943067033976,0.3305785123966942
0.23615560640732267,0.22013729977116706,0.21922196796338672,0.32448512585812356
0.23059255856683508,0.22553973357831877,0.22186495176848875,0.32200275608635737
0.22999080036798528,0.23551057957681693,0.21343146274149033,0.32106715731370744
0.23229986117538176,0.23183711244794078,0.2086996760758908,0.3271633503007867
0.23837739288969917,0.23928896991795806,0.19690063810391978,0.325432999088423
0.24408014571949,0.23633879781420766,0.19899817850637522,0.3205828779599271
0.24171270718232044,0.23342541436464087,0.19429097605893186,0.3305709023941068
0.24759284731774414,0.2260430994956442,0.19486474094452086,0.3314993122420908
0.2469022487379532,0.231757687012391,0.1968793024323084,0.3244607618173474
0.24814814814814815,0.22685185185185186,0.19768518518518519,0.32731481481481484
0.24331797235023042,0.2248847926267281,0.20046082949308755,0.3313364055299539
0.24563017479300828,0.20975160993560257,0.21205151793928242,0.3325666973321067
0.2523020257826888,0.20626151012891344,0.20718232044198895,0.3342541436464088
0.24666972898484152,0.2057877813504823,0.20946256316031236,0.3380799265043638
0.24675324675324675,0.2077922077922078,0.20454545454545456,0.3409090909090909
0.24669402644778843,0.19516643866849065,0.2138622891016872,0.3442772457820337
0.2443418013856813,0.1930715935334873,0.21709006928406466,0.34549653579676676
0.23827046918123276,0.19595216191352346,0.21159153633854647,0.35418583256669733
0.2379421221864952,0.18695452457510336,0.21681212677997244,0.35829122645842904
0.24422899353647276,0.18790397045244692,0.21375807940904895,0.3541089566020314
0.2335302135393003,0.1940027260336211,0.21762835074965925,0.3548387096774194
0.2447296058661778,0.19752520623281394,0.2080659945004583,0.34967919340055
0.2485981308411215,0.19579439252336447,0.2060747663551402,0.34953271028037386
0.24274527867342238,0.19806540764624597,0.21372639336711194,0.34546292031321973
0.23731138545953362,0.19935985368084133,0.21764974851394606,0.345679012345679
0.24033149171270718,0.19429097605893186,0.21086556169429096,0.35451197053406996
0.2285581826611034,0.19146963375057952,0.21789522484932777,0.3620769587389893
0.2333791838606144,0.18386061439706555,0.2164144887666208,0.36634571297569923
0.2423963133640553,0.1824884792626728,0.20829493087557605,0.36682027649769583
0.2353754030400737,0.18516812528788576,0.20405343159834177,0.37540304007369873
0.23572407492005482,0.18318867062585656,0.21014161717679306,0.37094563727729557
0.23104857013163868,0.18157058556513844,0.2106218792555606,0.37675896504766226
0.23402298850574713,0.1839080459770115,0.20045977011494254,0.3816091954022989
0.23702031602708803,0.19142212189616253,0.19142212189616253,0.3801354401805869
0.23685413808870598,0.18655692729766804,0.1906721536351166,0.3859167809785094
0.23193046660567246,0.18526989935956084,0.20082342177493137,0.3819762122598353
0.2310866574965612,0.1829436038514443,0.20311783585511234,0.38285190279688214
0.2393005062126093,0.18223653934652553,0.1951219512195122,0.38334100322135295
0.24372432679141945,0.18758557736193518,0.1894112277498859,0.3792788680967595
0.2509140767824497,0.1773308957952468,0.19469835466179158,0.37705667276051186
0.2529572338489536,0.17788898999090083,0.19745222929936307,0.37170154686078255
0.25351473922902495,0.18276643990929706,0.1854875283446712,0.3782312925170068
0.25363636363636366,0.19272727272727272,0.18181818181818182,0.3718181818181818
0.2459090909090909,0.19863636363636364,0.1890909090909091,0.3663636363636364
0.2517037710131758,0.1940027260336211,0.186278964107224,0.3680145388459791
0.2643942883463842,0.19760479041916168,0.18102257024412713,0.35697835099032704
0.2598818718764198,0.19173103134938665,0.18264425261244888,0.3657428441617447
0.25963302752293577,0.18807339449541285,0.1853211009174312,0.3669724770642202
0.25927601809954753,0.18190045248868777,0.19773755656108596,0.3610859728506787
0.25,0.18484288354898337,0.19685767097966728,0.36829944547134935
0.24919540229885057,0.18344827586206897,0.20413793103448277,0.3632183908045977
0.25299539170506913,0.18525345622119815,0.19400921658986175,0.36774193548387096
0.2589861751152074,0.18202764976958524,0.20506912442396313,0.35391705069124424
0.26189376443418017,0.17782909930715934,0.20184757505773673,0.3584295612009238
0.25966348340154616,0.1664392905866303,0.1996361982719418,0.3742610277398818
0.26049270072992703,0.16833941605839417,0.2020985401459854,0.36906934306569344
0.2578125,0.17555147058823528,0.20128676470588236,0.36534926470588236
0.26386321626617376,0.17606284658040666,0.20147874306839186,0.3585951940850277
0.2621315192743764,0.18458049886621314,0.20272108843537415,0.3505668934240363
0.27230698104484513,0.18030513176144244,0.19232547387887194,0.3550624133148405
0.26823638042474607,0.18421052631578946,0.18513388734995384,0.3624192059095106
0.2626494940202392,0.18491260349586017,0.18997240110395583,0.3624655013799448
0.25137867647058826,0.18520220588235295,0.18841911764705882,0.375
0.25475113122171944,0.19140271493212668,0.18778280542986425,0.36606334841628957
0.2480513525905548,0.18890417239798257,0.1856946354883081,0.37734983952315454
0.24417009602194786,0.19524462734339276,0.18289894833104708,0.37768632830361226
0.24602091859936334,0.19781718963165076,0.17917235106866758,0.3769895407003183
0.24405850091407677,0.1960694698354662,0.18281535648994515,0.37705667276051186
0.23883318140382861,0.20556061987237922,0.18413855970829535,0.3714676390154968
0.23735763097949886,0.20865603644646924,0.18496583143507972,0.3690205011389522
0.24554183813443073,0.205761316872428,0.18289894833104708,0.36579789666209417
0.2447488584474886,0.20182648401826483,0.18995433789954339,0.3634703196347032
0.24260628465804066,0.2010166358595194,0.1954713493530499,0.36090573012939003
0.24988495167970548,0.19696272434422457,0.20018407731247123,0.3529682466635987
0.2374133949191686,0.20369515011547343,0.19168591224018475,0.3672055427251732
0.22267946959304985,0.2085048010973937,0.19433013260173754,0.37448559670781895
0.21186057039384337,0.22046174739701221,0.19918515165233136,0.368492530556813
0.21944444444444444,0.21435185185185185,0.1875,0.3787037037037037
0.20691244239631337,0.21751152073732719,0.18525345622119815,0.3903225806451613
0.21247113163972287,0.2207852193995381,0.18060046189376444,0.3861431870669746
0.2160183066361556,0.21556064073226544,0.18352402745995422,0.3848970251716247
0.21333942439470077,0.21790772042028322,0.18501598903608954,0.38373686614892644
0.21667430142006414,0.21530004580852038,0.19285387081997252,0.37517178195144296
0.22399635036496351,0.2103102189781022,0.18613138686131386,0.3795620437956204
0.22217090069284065,0.20785219399538107,0.18521939953810623,0.38475750577367207
0.2253199268738574,0.19972577696526508,0.18647166361974407,0.38848263254113347
0.21352968246663598,0.2043258168430741,0.1937413713759779,0.38840312931431203
0.21350364963503649,0.2071167883211679,0.18567518248175183,0.3937043795620438
0.20902394106813996,0.2136279926335175,0.1841620626151013,0.39318600368324125
0.20573277854831254,0.2061950993989829,0.18169209431345354,0.406380027739251
0.21428571428571427,0.20100732600732601,0.18635531135531136,0.3983516483516483
0.22624014835419565,0.19471488178025034,0.18729717199814558,0.39174779786740843
0.22650375939849623,0.1950187969924812,0.19266917293233082,0.3858082706766917
0.22959889349930843,0.18072844628861226,0.1987090825265099,0.3909635776855694
0.2305194805194805,0.18181818181818182,0.2012987012987013,0.38636363636363635
0.22628412771864878,0.1841739935215178,0.2003701989819528,0.3891716797778806
0.23507805325987144,0.18089990817263543,0.19467401285583102,0.38934802571166205
0.22946305644791187,0.18402937127122534,0.1950435979807251,0.3914639743001377
0.2353211009174312,0.1889908256880734,0.18669724770642201,0.3889908256880734
0.2361878453038674,0.19475138121546962,0.18370165745856354,0.38535911602209943
0.24551724137931036,0.20551724137931035,0.17517241379310344,0.3737931034482759
0.24563017479300828,0.19503219871205152,0.18629254829806807,0.3730450781968721
0.2459546925566343,0.19741100323624594,0.18261673601479428,0.37401756819232546
0.25196486361534903,0.19926028663892742,0.17753120665742025,0.37124364308830327
0.25343092406221407,0.1939615736505032,0.17657822506861848,0.37602927721866425
0.266173752310536,0.18715341959334567,0.17005545286506468,0.3766173752310536
0.2648823257960314,0.1965851407475773,0.1702814951545916,0.3682510383017997
0.26752767527675275,0.19511070110701106,0.1812730627306273,0.35608856088560886
0.26041189931350117,0.19130434782608696,0.1853546910755149,0.36292906178489703
0.2574575493345571,0.19366681964203764,0.18494722349701698,0.3639284075263883
0.24734656206737424,0.19335486848177202,0.19012459621596678,0.36917397323488693
0.24732184443409408,0.19003260363297625,0.19375873311597577,0.3688868188169539
0.24816849816849818,0.1945970695970696,0.1955128205128205,0.3617216117216117
0.24252185918085595,0.19696272434422457,0.19972388403129315,0.36079153244362633
0.24253559944878272,0.19522278364722095,0.19292604501607716,0.36931557188791914
0.2502308402585411,0.1860572483841182,0.18882733148661127,0.37488457987072943
0.25208140610545793,0.1854764107308048,0.18593894542090658,0.37650323774283073
0.25528007346189163,0.1919191919191919,0.1919191919191919,0.3608815426997245
0.2445475638051044,0.20092807424593967,0.19350348027842226,0.36102088167053364
0.24215867158671586,0.19464944649446494,0.1992619926199262,0.363929889298893
0.23652016311735388,0.19981875849569553,0.20117806977797917,0.3624830086089715
0.24014665444546288,0.19569202566452795,0.20348304307974335,0.3606782768102658
0.23301413588691292,0.1997264021887825,0.21203830369357046,0.35522115823073414
0.24057037718491261,0.20009199632014718,0.2046918123275069,0.3546458141674333
0.23575011399908802,0.2024623803009576,0.2024623803009576,0.3593251253989968
0.23770114942528736,0.19954022988505746,0.20275862068965517,0.36
0.2304849884526559,0.20369515011547343,0.1930715935334873,0.3727482678983834
0.23419736243747158,0.197362437471578,0.19463392451114142,0.373806275579809
0.23459061637534498,0.19043238270469182,0.20009199632014718,0.374885004599816
0.2364217252396166,0.19625741670470104,0.20858055682336832,0.358740301232314
0.23718546132339235,0.1966449207828518,0.20363466915191053,0.3625349487418453
0.22865013774104684,0.18457300275482094,0.20844811753902662,0.3783287419651056
0.2354290959155576,0.18494722349701698,0.21385956860945388,0.36576411197797154
0.24189063948100092,0.1793327154772938,0.22103799814643188,0.3577386468952734
0.23507805325987144,0.1827364554637282,0.22176308539944903,0.36042240587695135
0.23073415412676698,0.18422252621979024,0.2193342453260374,0.3657090743274054
0.22298850574712645,0.1857471264367816,0.22620689655172413,0.3650574712643678
0.22448979591836735,0.18181818181818182,0.2212430426716141,0.37244897959183676
0.22548120989917506,0.18698441796516957,0.22410632447296058,0.36342804766269476
0.22865013774104684,0.19100091827364554,0.22268135904499542,0.3576675849403122
0.22912801484230055,0.18692022263450836,0.23098330241187384,0.3529684601113173
0.22930232558139535,0.19441860465116279,0.2330232558139535,0.34325581395348836
0.2395543175487465,0.18755803156917364,0.23166202414113277,0.3412256267409471
0.2372960372960373,0.1822843822843823,0.2358974358974359,0.3445221445221445
0.22988505747126436,0.1820689655172414,0.24045977011494252,0.34758620689655173
0.22567382366377342,0.19004111466423024,0.23024211968935587,0.35404294198264047
0.22495361781076068,0.1989795918367347,0.23515769944341372,0.3409090909090909
0.2196934509986066,0.20390153274500697,0.23594983743613562,0.34045517882025084
0.21875,0.2109375,0.234375,0.3359375
0.2208029197080292,0.21076642335766424,0.23722627737226276,0.3312043795620438
0.22983682983682985,0.2097902097902098,0.23076923076923078,0.3296037296037296
0.23140495867768596,0.2066115702479339,0.22359963269054178,0.3383838383838384
0.22399635036496351,0.2093978102189781,0.2249087591240876,0.3416970802919708
0.22825586746433502,0.19880349746893694,0.22411412793373217,0.34882650713299584
0.22451790633608815,0.2056932966023875,0.22681359044995408,0.34297520661157027
0.2324621733149931,0.19899128839981658,0.22650160476845485,0.3420449335167354
0.23094688221709006,0.20508083140877598,0.22263279445727482,0.34133949191685914
0.228005527406725,0.20036849378166743,0.22339935513588208,0.3482266236757255
0.23282618718303366,0.2028584601198709,0.21991701244813278,0.34439834024896265
0.23345588235294118,0.20634191176470587,0.2182904411764706,0.34191176470588236
0.23604757548032937,0.20631290027447394,0.21271729185727356,0.34492223238792313
0.23308957952468007,0.20338208409506398,0.21069469835466179,0.35283363802559414
0.23247232472324722,0.1997232472324723,0.20249077490774908,0.36531365313653136
0.23761467889908258,0.20917431192660552,0.19128440366972477,0.36192660550458716
0.22619600557361821,0.21365536460752438,0.18810961449140734,0.3720390153274501
0.21926605504587157,0.20688073394495413,0.1981651376146789,0.3756880733944954
0.21994408201304752,0.21062441752096925,0.19711090400745573,0.3723205964585275
0.21955719557195572,0.20064575645756458,0.20018450184501846,0.37961254612546125
0.21103008204193255,0.19963536918869645,0.203281677301732,0.386052871467639
0.2105984467793513,0.2005481955230699,0.2005481955230699,0.3883051621745089
0.21705069124423962,0.20368663594470046,0.18986175115207374,0.38940092165898615
0.21766848816029144,0.21448087431693988,0.18989071038251365,0.377959927140255
0.22186642268984447,0.20951509606587373,0.19030192131747484,0.37831655992680696
0.22411412793373217,0.20892774965485503,0.1780947998159227,0.3888633225954901
0.2204007285974499,0.20810564663023678,0.17987249544626593,0.39162112932604737
0.21731037691949745,0.20195439739413681,0.17822242903676128,0.4025127966496045
0.21480804387568556,0.20292504570383912,0.1846435100548446,0.3976234003656307
0.21484555094513602,0.2000922083909636,0.18349469801751958,0.40156754264638084
0.22343821249430004,0.19243046055631555,0.17875056999544003,0.4053807569539444
0.22344827586206897,0.19264367816091954,0.18344827586206897,0.40045977011494255
0.22308749427393496,0.1832340815391663,0.18506642235455795,0.4086120018323408
0.22910927456382002,0.1859504132231405,0.17998163452708907,0.4049586776859504
0.22752293577981653,0.1848623853211009,0.1848623853211009,0.40275229357798165
0.2249087591240876,0.1947992700729927,0.18613138686131386,0.39416058394160586
0.2300966405890474,0.19144040497008744,0.18361711919005982,0.39484583525080535
0.22814207650273224,0.1994535519125683,0.1848816029143898,0.38752276867030966
0.2216117216117216,0.20054945054945056,0.19184981684981686,0.385989010989011
0.22781335773101555,0.19624885635864592,0.18755718206770358,0.38838060384263495
0.21936668196420375,0.19412574575493347,0.19779715465810005,0.38871041762276276
0.22079116835326587,0.19871205151793928,0.19825206991720332,0.3822447102115915
0.22339449541284404,0.19357798165137616,0.1963302752293578,0.386697247706422
0.22756410256410256,0.1794871794871795,0.19642857142857142,0.3965201465201465
0.2136986301369863,0.1863013698630137,0.20319634703196346,0.39680365296803655
0.2205949656750572,0.18443935926773455,0.2,0.39496567505720825
0.21948955916473317,0.17819025522041762,0.20046403712296984,0.40185614849187934
0.22278133577310155,0.18572735590118938,0.20356816102470265,0.3879231473010064
0.22528735632183908,0.19126436781609196,0.19586206896551725,0.3875862068965517
0.223094688221709,0.1930715935334873,0.19122401847575057,0.39260969976905313
0.22140221402214022,0.19418819188191883,0.19280442804428044,0.3916051660516605
0.21554934823091249,0.1978584729981378,0.19553072625698323,0.39106145251396646
0.22315202231520223,0.20455602045560203,0.18549511854951187,0.38679683867968384
0.23451124368976595,0.1913721890775585,0.18678292794860027,0.38733363928407527
0.23204419889502761,0.19705340699815838,0.17725598526703498,0.393646408839779
0.2283609576427256,0.19751381215469613,0.18462246777163904,0.38950276243093923
0.23561895996318455,0.1859180855959503,0.18683847215830648,0.3916244822825587
0.24668798538145273,0.19004111466423024,0.18090452261306533,0.38236637734125173
0.2521819016995866,0.19292604501607716,0.17041800643086816,0.3844740468534681
0.2393980848153215,0.18467852257181944,0.18148654810761514,0.39443684450524397
0.2419281491587085,0.17871759890859482,0.18371987266939518,0.3956343792633015
0.24714481498401097,0.18227501142074007,0.18181818181818182,0.38876199177706716
0.254337899543379,0.1817351598173516,0.17625570776255708,0.38767123287671235
0.25262197902416783,0.19288645690834474,0.18103055175558597,0.3734610123119015
0.24666972898484152,0.20257234726688103,0.17868626550298575,0.3720716582452917
0.24107959743824336,0.2031107044830741,0.17886550777676122,0.37694419030192133
0.24370132844709116,0.2043060009161704,0.1809436555199267,0.3710490151168117
0.24723247232472326,0.20341328413284132,0.1863468634686347,0.36300738007380073
0.24314272431427242,0.19711761971176198,0.18735471873547188,0.3723849372384937
0.24084249084249085,0.20238095238095238,0.1858974358974359,0.3708791208791209
0.2519326966803092,0.20054570259208732,0.1869031377899045,0.36061846293769895
0.24413793103448275,0.19954022988505746,0.19540229885057472,0.36091954022988504
0.24631675874769798,0.19475138121546962,0.19889502762430938,0.36003683241252304
0.24437299035369775,0.1864951768488746,0.20670647680293983,0.36242535599448783
0.24448529411764705,0.1796875,0.20450367647058823,0.3713235294117647
0.25102880658436216,0.16506630086877,0.21810699588477367,0.36579789666209417
0.24861878453038674,0.1671270718232044,0.214548802946593,0.36970534069981587
0.2426605504587156,0.17110091743119266,0.21146788990825688,0.37477064220183487
0.2506874427131072,0.1755270394133822,0.20394133822181484,0.3698441796516957
0.24459770114942528,0.17655172413793102,0.20781609195402298,0.37103448275862067
0.2445777572681126,0.18274111675126903,0.20119981541301338,0.37148131056760497
0.24405850091407677,0.18647166361974407,0.1960694698354662,0.373400365630713
0.24965453707968677,0.1828650391524643,0.20082911100875173,0.3666513127590972
0.24345429490124024,0.18787322002756085,0.21129995406522736,0.3573725310059715
0.24965769055225925,0.18621633957097217,0.21953445915107256,0.34459151072569605
0.24068108605614358,0.18821905200184078,0.21767142199723885,0.3534284399447768
0.24328018223234624,0.19043280182232347,0.21958997722095672,0.3466970387243736
0.23389675650982183,0.19597989949748743,0.22110552763819097,0.3490178163544998
0.23673281033687124,0.19058606368251038,0.21873557914167052,0.35394554683894786
0.2305568338702255,0.18775885872066267,0.22641509433962265,0.35526921306948916
0.22653721682847897,0.1927877947295423,0.21359223300970873,0.36708275543227
0.22681359044995408,0.1928374655647383,0.21028466483011937,0.37006427915518825
0.2275011420740064,0.19232526267702146,0.2115121059844678,0.3686614892645043
0.22789425706472197,0.195077484047402,0.20464904284412033,0.3723792160437557
0.23249427917620138,0.19633867276887873,0.20503432494279175,0.36613272311212813
0.23262153566560653,0.19582008178100863,0.20626987732848706,0.36528850522489775
0.2363719651855245,0.19056344480073292,0.21117727897388913,0.3618873110398534
0.23330324909747294,0.1931407942238267,0.22066787003610108,0.3528880866425993
0.23147301006404392,0.20036596523330283,0.2140896614821592,0.35407136322049404
0.2375967228038234,0.20937642239417387,0.21256258534365044,0.3404642694583523
0.2406563354603464,0.21695533272561532,0.199179580674567,0.3432087511394713
0.23098201936376211,0.21346242508068233,0.20839096357768558,0.34716459197787
0.23835869064084833,0.20378054402950668,0.20378054402950668,0.35408022130013833
0.23420931304748732,0.2033195020746888,0.2074688796680498,0.3550023052097741
0.23423838011965026,0.19880349746893694,0.20938794293603313,0.35757017947537967
0.2366377341251713,0.20603015075376885,0.20785746916400183,0.349474645957058
0.2353211009174312,0.1963302752293578,0.22110091743119267,0.34724770642201835
0.23308619091751623,0.1936978683966636,0.2205746061167748,0.3526413345690454
0.2423963133640553,0.18663594470046083,0.21889400921658986,0.35207373271889403
0.24930875576036865,0.18341013824884791,0.21751152073732719,0.3497695852534562
0.2496551724137931,0.18666666666666668,0.21655172413793103,0.3471264367816092
0.24423963133640553,0.19861751152073734,0.20829493087557605,0.3488479262672811
0.2460757156048015,0.2012927054478301,0.19621421975992612,0.3564173591874423
0.24701011959521618,0.20515179392824287,0.19273229070837167,0.35510579576816925
0.2530949105914718,0.20586886749197617,0.19715726730857405,0.343878954607978
0.25564256103178257,0.19898664210041456,0.2026715799170889,0.342699216950714
0.2593103448275862,0.19954022988505746,0.1986206896551724,0.3425287356321839
0.2590027700831025,0.20175438596491227,0.19575253924284394,0.34349030470914127
0.25126320624712906,0.200734956361966,0.20257234726688103,0.3454294901240239
0.24670004551661356,0.21165225307237143,0.20755575785161584,0.3340919435593992
0.24283071230342276,0.20906567992599445,0.2183163737280296,0.32978723404255317
0.25312355391022673,0.2026839426191578,0.2184173993521518,0.32577510411846367
0.2519433013260174,0.19433013260173754,0.2167352537722908,0.33699131229995427
0.24897400820793433,0.19653442772457821,0.21249430004559963,0.34199726402188785
0.23243992606284658,0.19963031423290203,0.21903881700554528,0.3488909426987061
0.23643054277828887,0.19779208831646733,0.21481140754369826,0.35096596136154556
0.22438572090866946,0.2114047287899861,0.2114047287899861,0.3528048215113584
0.22723091076356947,0.21711131554737811,0.20055197792088317,0.35510579576816925
0.22515952597994532,0.2137648131267092,0.2137648131267092,0.3473108477666363
0.22676579925650558,0.20631970260223048,0.21050185873605948,0.35641263940520446
0.22401103955841767,0.21205151793928242,0.20653173873045078,0.3574057037718491
0.22562674094707522,0.2149489322191272,0.20798514391829154,0.351439182915506
0.22329650092081033,0.21593001841620627,0.20441988950276244,0.356353591160221
0.23130515559684162,0.20715281003251276,0.20343706456107757,0.358104969809568
0.23310344827586207,0.20689655172413793,0.2082758620689655,0.35172413793103446
0.24437299035369775,0.19338539274230593,0.21038125861276988,0.35186035829122647
0.2540415704387991,0.18937644341801385,0.2069284064665127,0.3496535796766744
0.24455535390199637,0.19464609800362975,0.2132486388384755,0.34754990925589835
0.25057897174617877,0.19777674849467347,0.20842982862436313,0.3432144511347846
0.24032771961766045,0.19845243513882568,0.21756941283568504,0.34365043240782883
0.22411412793373217,0.20846755637367695,0.2126092959042798,0.3548090197883111
0.21474358974358973,0.21245421245421245,0.21336996336996336,0.35943223443223443
0.21834862385321102,0.21192660550458717,0.21146788990825688,0.35825688073394496
0.22100456621004566,0.21643835616438356,0.2009132420091324,0.36164383561643837
0.22075557578516158,0.22303140646335912,0.19708693673190714,0.35912608101957216
0.21016483516483517,0.21932234432234432,0.21336996336996336,0.35714285714285715
0.21096269000460618,0.22339935513588208,0.2077383694150161,0.3578995854444956
0.21074192080109239,0.2275830678197542,0.21074192080109239,0.350933090578061
0.2125114995400184,0.22447102115915363,0.20561177552897883,0.3574057037718491
0.21611721611721613,0.22206959706959706,0.20741758241758243,0.3543956043956044
0.21351981351981353,0.213986013986014,0.22377622377622378,0.3487179487179487
0.2099165894346617,0.21408711770157554,0.22196478220574606,0.3540315106580167
0.21081576535288726,0.21998166819431714,0.22043996333638863,0.34876260311640694
0.21683440073193047,0.21546203110704484,0.2182067703568161,0.3494967978042086
0.21373351523419737,0.21282401091405184,0.21873578899499774,0.35470668485675305
0.21893491124260356,0.20118343195266272,0.2271279016841147,0.352753755120619
0.2298165137614679,0.18761467889908257,0.22293577981651377,0.3596330275229358
0.23270728355474118,0.1923957856161246,0.2189647274393037,0.3559322033898305
0.22647601476014761,0.19695571955719557,0.21079335793357934,0.3657749077490775
0.2310866574965612,0.19715726730857405,0.20586886749197617,0.3658872077028886
0.23583180987202926,0.1956124314442413,0.2152650822669104,0.353290676416819
0.2333641404805915,0.19824399260628467,0.22412199630314233,0.34426987060998154
0.22791762013729977,0.19862700228832952,0.23066361556064074,0.34279176201372996
0.21494464944649447,0.2029520295202952,0.22555350553505535,0.35654981549815495
0.21114232209737827,0.20692883895131087,0.21769662921348315,0.3642322097378277
0.2130694891854579,0.2024850437183617,0.22595490105844454,0.3584905660377358
0.21527138914443422,0.20929162833486661,0.22585096596136153,0.34958601655933763
0.21409090909090908,0.21272727272727274,0.21272727272727274,0.36045454545454547
0.21144967682363805,0.21514312096029548,0.21421975992613113,0.3591874422899354
0.20466200466200465,0.21445221445221446,0.21864801864801864,0.3622377622377622
0.2122619600557362,0.21411983279145377,0.20901068276823037,0.36460752438457966
0.21685082872928177,0.21224677716390425,0.20257826887661143,0.3683241252302026
0.21633957097215883,0.21177544500228207,0.20584208124144227,0.36604290278411683
0.2144177449168207,0.20425138632162662,0.2121072088724584,0.3692236598890943
0.20972923359339146,0.20422212023864159,0.21844882973841212,0.36759981642955486
0.20415704387990763,0.19584295612009237,0.21755196304849886,0.38244803695150115
0.19797887000459347,0.1915480018373909,0.22553973357831877,0.38493339457969683
0.20531622364802934,0.19660861594867093,0.21219065077910174,0.38588450962419796
0.21201091901728844,0.19563239308462238,0.21474067333939945,0.3776160145586897
0.22314814814814815,0.19305555555555556,0.20555555555555555,0.37824074074074077
0.22099447513812154,0.19843462246777163,0.2136279926335175,0.3669429097605893
0.21642824180895248,0.20535302261190586,0.20996769727734194,0.3682510383017997
0.22334558823529413,0.19806985294117646,0.21461397058823528,0.3639705882352941
0.22175925925925927,0.18981481481481483,0.21481481481481482,0.3736111111111111
0.23091076356945722,0.19089236430542778,0.20837166513339467,0.36982520699172033
0.23115808823529413,0.18566176470588236,0.20404411764705882,0.3791360294117647
0.22329206785878036,0.1856946354883081,0.20953690967446126,0.38147638697845027
0.21916552040348464,0.18523613021549748,0.21137093076570382,0.38422741861531406
0.2132486388384755,0.18874773139745918,0.21687840290381125,0.3811252268602541
0.21632841328413285,0.1900369003690037,0.20940959409594095,0.3842250922509225
0.22093561834182493,0.18110236220472442,0.21352477999073646,0.38443723946271424
0.2166970802919708,0.1852189781021898,0.2176094890510949,0.38047445255474455
0.2221185254316379,0.18198786747550164,0.2160522631824545,0.37984134391040597
0.22385997236296637,0.19207738369415017,0.2155688622754491,0.36849378166743435
0.2097069597069597,0.21016483516483517,0.21016483516483517,0.36996336996337
0.20323325635103925,0.2023094688221709,0.21662817551963048,0.37782909930715936
0.2100414555504376,0.20128972823583602,0.21464762782128052,0.37402118839244586
0.22324723247232472,0.19464944649446494,0.22001845018450183,0.3620848708487085
0.22268326417704012,0.1991701244813278,0.2222222222222222,0.3559243891194099
0.23575367647058823,0.18428308823529413,0.2270220588235294,0.35294117647058826
0.23534840793724043,0.19289340101522842,0.2233502538071066,0.34840793724042457
0.22644098810612992,0.19533394327538883,0.22689844464775846,0.3513266239707228
0.23321067157313707,0.19917203311867526,0.21895124195032198,0.3486660533578657
0.23640552995391706,0.195852534562212,0.20921658986175115,0.3585253456221198
0.23707093821510297,0.19816933638443937,0.20549199084668193,0.35926773455377575
0.22621268656716417,0.20149253731343283,0.20055970149253732,0.37173507462686567
0.23161764705882354,0.19393382352941177,0.20726102941176472,0.3671875
0.2334414080592867,0.1954608615099583,0.2112088930060213,0.35988883742473365
0.22851919561243145,0.19424131627056673,0.21480804387568556,0.3624314442413163
0.23377818683847215,0.1946617579383341,0.20754716981132076,0.364012885411873
0.23285780027611597,0.19144040497008744,0.21491026231017027,0.36079153244362633
0.2374429223744292,0.19452054794520549,0.20776255707762556,0.36027397260273974
0.23448905109489052,0.19844890510948904,0.20437956204379562,0.3626824817518248
0.23492063492063492,0.19909297052154196,0.19591836734693877,0.37006802721088433
0.23295194508009154,0.2036613272311213,0.1945080091533181,0.3688787185354691
0.22950819672131148,0.19672131147540983,0.18806921675774135,0.38570127504553736
0.23505059797608097,0.19641214351425942,0.18721251149954002,0.3813247470101196
0.23561395559583145,0.19800634345265067,0.18486633439057545,0.3815133665609425
0.2317184643510055,0.20155393053016454,0.18738574040219377,0.3793418647166362
0.23219241443108232,0.20074005550416282,0.18177613320999075,0.3852913968547641
0.2354557947778287,0.19651855245075583,0.1836921667430142,0.3843334860284013
0.24305871643149748,0.20209376422394174,0.17751479289940827,0.3773327264451525
0.24524802967083914,0.1979601298099212,0.17848864163189615,0.37830319888734354
0.24681238615664844,0.19808743169398907,0.1885245901639344,0.36657559198542805
0.24873795318953648,0.2101881597062873,0.17576870123910052,0.3653051858650757
0.2473514509442653,0.21096269000460618,0.17181022570244128,0.3698756333486872
0.2544951590594744,0.210696173351775,0.16781927155371137,0.36698939603503916
0.2486238532110092,0.20733944954128442,0.16238532110091744,0.381651376146789
0.24574321214910264,0.21076852277956742,0.17073170731707318,0.3727565577542568
0.23288929719797888,0.2090032154340836,0.17638952687184198,0.3817179604960955
0.24231298760899495,0.21523634694814134,0.17576870123910052,0.3666819642037632
0.24588665447897623,0.20109689213893966,0.18144424131627057,0.37157221206581353
0.23774622079706825,0.2047640861200183,0.17590471827759963,0.3815849748053138
0.2297111416781293,0.21458046767537828,0.1792755616689592,0.3764328289775332
0.23529411764705882,0.21323529411764705,0.18198529411764705,0.3694852941176471
0.23722627737226276,0.20164233576642335,0.1865875912408759,0.37454379562043794
0.2270220588235294,0.20818014705882354,0.1870404411764706,0.37775735294117646
0.22884440400363967,0.21428571428571427,0.19381255686988172,0.3630573248407643
0.23420931304748732,0.20839096357768558,0.19732595666205624,0.36007376671277086
0.22981079833871712,0.2076603599446239,0.1961236732810337,0.36640516843562526
0.23589269195189638,0.21045328399629973,0.18593894542090658,0.3677150786308973
0.22922374429223744,0.21187214611872146,0.18447488584474886,0.3744292237442922
0.22977941176470587,0.20128676470588236,0.19071691176470587,0.3782169117647059
0.22617946345975948,0.20120259019426456,0.19010175763182238,0.38251618871415355
0.2239221140472879,0.2049142327306444,0.18915159944367177,0.3820120537783959
0.23214285714285715,0.20192307692307693,0.18315018315018314,0.38278388278388276
0.22125912408759124,0.19936131386861314,0.1884124087591241,0.3909671532846715
0.22731397459165154,0.20825771324863884,0.1823956442831216,0.382032667876588
0.22484932777005098,0.20723226703755215,0.17756142790913307,0.3903569772832638
0.21685082872928177,0.20119705340699817,0.17541436464088397,0.4065377532228361
0.2190214906264289,0.20484682213077274,0.17924096936442616,0.3968907178783722
0.2246475670759436,0.20327421555252387,0.17917235106866758,0.39290586630286495
0.22769089236430542,0.1936522539098436,0.1766329346826127,0.40202391904323825
0.22854520422212024,0.19458467186782927,0.18357044515832951,0.39329967875172095
0.2263888888888889,0.19722222222222222,0.1837962962962963,0.3925925925925926
0.23264367816091955,0.19816091954022988,0.17977011494252873,0.3894252873563218
0.22935779816513763,0.1981651376146789,0.18440366972477065,0.38807339449541284
0.23835616438356164,0.19406392694063926,0.1780821917808219,0.38949771689497714
0.22609099350046424,0.201949860724234,0.18245125348189414,0.3895078922934076
0.2150487691593126,0.20297259637714818,0.17603344170924293,0.40594519275429636
0.22277904328018222,0.1958997722095672,0.18041002277904328,0.4009111617312073
0.22049405306495884,0.20219579139981703,0.1797804208600183,0.39752973467520586
0.22047970479704798,0.20756457564575645,0.1752767527675277,0.3966789667896679
0.22434701492537312,0.20102611940298507,0.17164179104477612,0.40298507462686567
0.21832269826800366,0.2000911577028259,0.1763901549680948,0.4051959890610757
0.21743119266055047,0.19862385321100917,0.18623853211009175,0.3977064220183486
0.2304168575355016,0.19102153000458086,0.17819514429683922,0.40036646816307836
0.22891016871865025,0.19471044231646148,0.1746466028271774,0.4017327861377109
0.22920517560073936,0.1977818853974122,0.17236598890942698,0.40064695009242146
0.22950068712780577,0.20293174530462665,0.1694915254237288,0.39807604214383874
0.2309090909090909,0.20363636363636364,0.16363636363636364,0.4018181818181818
0.23881973259566622,0.19594283079760258,0.16090364223144307,0.40433379437528816
0.2389908256880734,0.19403669724770642,0.16788990825688074,0.39908256880733944
0.2440147329650092,0.18462246777163904,0.17679558011049723,0.39456721915285453
0.24885844748858446,0.18127853881278538,0.1780821917808219,0.3917808219178082
0.24350205198358413,0.18695850433196534,0.18057455540355677,0.38896488828089376
0.23996350364963503,0.2011861313868613,0.17472627737226276,0.3841240875912409
0.2373968835930339,0.20577451879010084,0.17140238313473877,0.3854262144821265
0.24259259259259258,0.2,0.17314814814814813,0.38425925925925924
0.2546782291191237,0.2012779552715655,0.17024189867640346,0.3738019169329074
0.24908088235294118,0.20818014705882354,0.16957720588235295,0.37316176470588236
0.25034387895460797,0.19669876203576342,0.17377349839523154,0.3791838606143971
