C,D,Oc,Od
0.0,0.0,1.0,0.0
0.0,0.4,0.6,0.0
0.0,0.4,0.4,0.2
0.0,0.45,0.35,0.2
0.0,0.42105263157894735,0.2894736842105263,0.2894736842105263
0.03125,0.390625,0.28125,0.296875
0.029411764705882353,0.4019607843137255,0.2549019607843137,0.3137254901960784
0.045454545454545456,0.4025974025974026,0.24025974025974026,0.3116883116883117
0.05963302752293578,0.41743119266055045,0.21559633027522937,0.3073394495412844
0.07457627118644068,0.42033898305084744,0.2,0.3050847457627119
0.07635467980295567,0.43596059113300495,0.1896551724137931,0.29802955665024633
0.09195402298850575,0.42528735632183906,0.19731800766283525,0.28544061302681994
0.10681114551083591,0.42879256965944273,0.17956656346749225,0.2848297213622291
0.12690355329949238,0.40482233502538073,0.18527918781725888,0.282994923857868
0.1424083769633508,0.393717277486911,0.18429319371727748,0.27958115183246074
0.14981949458483754,0.37454873646209386,0.18862815884476533,0.2870036101083033
0.1635926222935044,0.36327185244587007,0.19005613472333602,0.2830793905372895
0.17464788732394365,0.3570422535211268,0.18943661971830986,0.27887323943661974
0.18032786885245902,0.3467843631778058,0.19230769230769232,0.28058007566204285
0.1902328222600795,0.3384440658716638,0.1902328222600795,0.28109028960817717
0.19087572102779235,0.33036182485579446,0.18877818563188253,0.2899842684845307
0.19861660079051383,0.32460474308300397,0.183300395256917,0.29347826086956524
0.2013358778625954,0.31822519083969464,0.1894083969465649,0.29103053435114506
0.2045766590389016,0.32356979405034325,0.18993135011441648,0.2819221967963387
0.2096557890031292,0.32275368797496645,0.18998658918194009,0.27760393383996423
0.20889080707811825,0.32153646957272336,0.1907639188605956,0.2788088044885628
0.20866489832007074,0.3218390804597701,0.1887709991158267,0.2807250221043324
0.21113074204946997,0.3166961130742049,0.19302120141342757,0.2791519434628975
0.21675531914893617,0.3125,0.1901595744680851,0.28058510638297873
0.22042068361086767,0.31156879929886067,0.19062226117440842,0.2773882559158633
0.22251423565484013,0.3149364870784056,0.18659658344283836,0.2759526938239159
0.21929065743944637,0.3044982698961938,0.18598615916955016,0.29022491349480967
0.22118794326241134,0.30230496453900707,0.18838652482269502,0.28812056737588654
0.22065934065934065,0.3046153846153846,0.19032967032967033,0.2843956043956044
0.22036139268400176,0.2974878801234024,0.19568091670339358,0.2864698104892023
0.22583479789103691,0.29481546572934975,0.19244288224956063,0.28690685413005274
0.22246408358728775,0.29865041358293426,0.19503700478885502,0.28384849804092294
0.22163588390501318,0.30299032541776605,0.19129287598944592,0.28408091468777485
0.22389380530973452,0.3017699115044248,0.19380530973451326,0.28053097345132744
0.22133333333333333,0.3035555555555556,0.18533333333333332,0.2897777777777778
0.22355024347056218,0.30323151837096063,0.18592297476759628,0.2872952633908809
0.22807017543859648,0.30087719298245613,0.1912280701754386,0.27982456140350875
0.22589167767503301,0.30823425803610743,0.18538088947600176,0.2804931748128578
0.22607550482879718,0.3090430201931519,0.1861281826163301,0.2787532923617208
0.22628372497824195,0.30678851174934724,0.18711923411662315,0.27980852915578763
0.2263901147396293,0.3155339805825243,0.1857899382171227,0.2722859664607237
0.22525296964364278,0.3088429388473383,0.18961724593048834,0.27628684557853056
0.2286343612334802,0.307488986784141,0.18722466960352424,0.27665198237885463
0.23134002618943691,0.3085988651243998,0.19030990833697076,0.2697512003491925
0.22878390201224846,0.30708661417322836,0.19291338582677164,0.27121609798775154
0.23172352680549402,0.30394328754984495,0.19184758529020823,0.2724856003544528
0.2343132953049583,0.30890741553312856,0.19657744624835455,0.2602018429135586
0.2329069254521394,0.3167181296868108,0.19541243934715483,0.254962505513895
0.2369460289600702,0.3137340939008337,0.18911803422553752,0.2602018429135586
0.23598435462842243,0.318122555410691,0.192090395480226,0.25380269448066056
0.23425022182786157,0.3132209405501331,0.19698314108251996,0.25554569653948533
0.2357904085257549,0.3174955595026643,0.19049733570159857,0.2562166962699822
0.2312087912087912,0.31384615384615383,0.19252747252747252,0.2624175824175824
0.23994697304463103,0.3093239063190455,0.19222271321254972,0.25850640742377373
0.242263483642794,0.3134394341290893,0.1914235190097259,0.25287356321839083
0.24476439790575916,0.3102094240837696,0.19153577661431065,0.2534904013961606
0.24148606811145512,0.3065015479876161,0.1968155683325962,0.25519681556833257
0.2412280701754386,0.31140350877192985,0.193859649122807,0.2535087719298246
0.23906319045514804,0.3049049933716306,0.19840919133893062,0.25762262483429077
0.2387011847301448,0.30320315928038616,0.20052654673102238,0.25756910925844667
0.2363556338028169,0.30369718309859156,0.198943661971831,0.26100352112676056
0.23421854592947322,0.3086634740966478,0.2002612102742708,0.2568567696996082
0.2297003907946157,0.3078593139383413,0.20581849761181067,0.2566217976552323
0.22989010989010988,0.30725274725274726,0.20395604395604397,0.2589010989010989
0.22507753655294638,0.3128046078865751,0.1998227735932654,0.26229508196721313
0.2234931808183018,0.3176418829740431,0.20061592608886933,0.25824901011878576
0.2247141600703606,0.3197009674582234,0.20140721196130168,0.2541776605101143
0.225976305397104,0.3137340939008337,0.20140412461605967,0.25888547608600265
0.2276707530647986,0.3108581436077058,0.2062171628721541,0.2552539404553415
0.22563417890520696,0.3137516688918558,0.20471740097908322,0.255896751223854
0.22899434044405748,0.31171092729647365,0.20505006530256856,0.2542446669569003
0.2247585601404741,0.3165057067603161,0.2067603160667252,0.25197541703248466
0.22615923009623798,0.310586176727909,0.20822397200349957,0.2550306211723535
0.22532751091703057,0.308296943231441,0.21048034934497817,0.25589519650655024
0.22755281690140844,0.31382042253521125,0.2007042253521127,0.2579225352112676
0.2225609756097561,0.3096689895470383,0.20426829268292682,0.2635017421602787
0.2255541069100391,0.30856149500217295,0.20165145588874403,0.2642329421990439
0.22621657167908812,0.3051293292415607,0.20166593599298555,0.26698816308636564
0.2334936598163533,0.30476606908613907,0.20419763882815917,0.2575426322693485
0.22857142857142856,0.30725274725274726,0.21010989010989012,0.2540659340659341
0.22599118942731278,0.3079295154185022,0.20616740088105726,0.2599118942731278
0.22719220549158547,0.3069087688219663,0.20593445527015058,0.2599645704162976
0.22275922671353252,0.3053602811950791,0.2117750439367311,0.2601054481546573
0.2227093380096449,0.3103901797457256,0.20210434020166593,0.2647961420429636
0.22715173025732033,0.30479148181011534,0.20408163265306123,0.2639751552795031
0.22847100175746923,0.29964850615114236,0.20650263620386644,0.26537785588752194
0.2350597609561753,0.2965914121292607,0.2067286409915892,0.26162018592297476
0.22820849759088918,0.3017958826106001,0.202365308804205,0.26763031099430573
0.23029772329246936,0.2999124343257443,0.2044658493870403,0.26532399299474607
0.22968197879858657,0.29858657243816256,0.2053886925795053,0.2663427561837456
0.2371364653243848,0.30201342281879195,0.19865771812080538,0.2621923937360179
0.2410437859354268,0.30296329057938964,0.19460415745245466,0.26138876603272887
0.2391496899911426,0.2949512843224092,0.19973427812223207,0.2661647475642161
0.2407982261640798,0.29933481152993346,0.2008869179600887,0.258980044345898
0.24012291483757683,0.29631255487269537,0.19666374012291485,0.266900790166813
0.23539745278875715,0.29863855950812473,0.19675010979358806,0.2692138779095301
0.23684210526315788,0.3026315789473684,0.19429824561403508,0.2662280701754386
0.23991130820399112,0.3082039911308204,0.1844789356984479,0.26740576496674057
0.2405452946350044,0.3051890941072999,0.18557607739665788,0.26868953386103783
0.2375933245498463,0.30434782608695654,0.19060166886253843,0.26745718050065875
0.23985890652557318,0.3020282186948854,0.18871252204585537,0.26940035273368607
0.2398230088495575,0.3008849557522124,0.18805309734513273,0.27123893805309734
0.23836698858647937,0.30597014925373134,0.18700614574187885,0.26865671641791045
0.23330404217926187,0.3084358523725835,0.18980667838312829,0.26845342706502634
0.23348017621145375,0.30572687224669604,0.19911894273127753,0.2616740088105727
0.22937803264225848,0.3123070136744596,0.19894133215703572,0.25937362152624616
0.23430592396109637,0.3129973474801061,0.1905393457117595,0.26215738284703805
0.2349869451697128,0.3124456048738033,0.19321148825065274,0.25935596170583114
0.23315602836879432,0.31604609929078015,0.19636524822695037,0.25443262411347517
0.23151408450704225,0.31382042253521125,0.19982394366197184,0.2548415492957746
0.23862129916040653,0.30844012372956253,0.19885108263367213,0.2540874944763588
0.23326039387308534,0.31422319474835886,0.19781181619256016,0.25470459518599564
0.2278926528816542,0.31060272767267927,0.2014958205015398,0.2600087989441267
0.22821760283060594,0.3038478549314463,0.2034498009730208,0.26448474126492705
0.22329246935201402,0.30253940455341505,0.20490367775831875,0.2692644483362522
0.2277097902097902,0.29763986013986016,0.20541958041958042,0.2692307692307692
0.2238219895287958,0.3036649214659686,0.20593368237347295,0.26657940663176266
0.2192324658138509,0.30524922805469784,0.20952801058667844,0.2659902955447728
0.22147950089126558,0.30303030303030304,0.21256684491978609,0.2629233511586453
0.22774869109947643,0.2962478184991274,0.21509598603839442,0.26090750436300175
0.23381770145310435,0.29678555702333775,0.21136063408190225,0.25803610744165567
0.23131046613896217,0.2937554969217238,0.2106420404573439,0.2642919964819701
0.22699386503067484,0.2936021034180543,0.21647677475898336,0.26292725679228746
0.224945295404814,0.3015317286652079,0.2201312910284464,0.25339168490153174
0.2256500661084178,0.29925077126487437,0.22080211546936976,0.25429704715733803
0.22431957857769974,0.295873573309921,0.22080772607550483,0.2589991220368745
0.2266725352112676,0.30061619718309857,0.2169894366197183,0.2557218309859155
0.22382829610162067,0.3070521243977223,0.21287779237844942,0.25624178712220763
0.23114247904719895,0.3039258932509925,0.2086457873842082,0.2562858403176004
0.23147742218325296,0.3042525208241999,0.2117492327926348,0.25252082419991234
0.23506323593545572,0.30484081988661144,0.21107719145224596,0.24901875272568688
0.2388913330400352,0.2987241531016278,0.21205455345358556,0.2503299604047514
0.23508771929824562,0.30219298245614035,0.2118421052631579,0.25087719298245614
0.23669159700835898,0.29608446986361636,0.2133743950725913,0.25384953805543337
0.23350923482849603,0.2990325417766051,0.2102022867194371,0.25725593667546176
0.23490524460114587,0.3014543851917144,0.20978404583516969,0.25385632437197003
0.23447069116360456,0.2983377077865267,0.21609798775153105,0.2510936132983377
0.23603839441535776,0.2940663176265271,0.21335078534031413,0.25654450261780104
0.23836951705804166,0.2959680992467878,0.2144439521488702,0.2512184315463004
0.22965879265091863,0.3009623797025372,0.21434820647419073,0.2550306211723535
0.23690004403346543,0.29766622633201234,0.20915896081021576,0.2562747688243065
0.23124722592099423,0.29427430093209056,0.21482467820683532,0.2596537949400799
0.2329069254521394,0.28892809880899867,0.22011468901632114,0.2580502867225408
0.23043288150415392,0.2820288587669436,0.22212505465675558,0.26541320507214694
0.22659667541557305,0.2847769028871391,0.22484689413823272,0.2637795275590551
0.22753178430512933,0.28540113985094256,0.22007891275756247,0.26698816308636564
0.22926829268292684,0.27583148558758314,0.22971175166297117,0.26518847006651886
0.22824156305506216,0.27708703374777977,0.23090586145648312,0.26376554174067496
0.22951541850220264,0.28325991189427313,0.22951541850220264,0.2577092511013216
0.2202276707530648,0.28765323992994746,0.22942206654991243,0.2626970227670753
0.22013949433304272,0.28465562336530076,0.23060156931124673,0.2646033129904098
0.22822299651567945,0.2804878048780488,0.2260452961672474,0.2652439024390244
0.22490135905304692,0.28277071459886016,0.2354230600613766,0.2569048662867163
0.22896368467670505,0.2816651904340124,0.23427812223206376,0.2550930026572188
0.23121131741821396,0.27674624226348365,0.24447391688771,0.2475685234305924
0.23646850044365572,0.2808340727595386,0.2377994676131322,0.24489795918367346
0.22950819672131148,0.2835622507753655,0.24014178112538767,0.2467877713779353
0.2366345311130587,0.28001752848378614,0.24364592462751972,0.2397020157756354
0.23066725585505965,0.275740167918692,0.24701723376049492,0.2465753424657534
0.22771403353927624,0.2762577228596646,0.2506619593998235,0.24536628420123566
0.22811671087533156,0.27011494252873564,0.2502210433244916,0.2515473032714412
0.2274923144488362,0.27316644707949056,0.2520860781730347,0.24725516029863856
0.22745270567531897,0.2736471623405191,0.24857017157941047,0.2503299604047514
0.2276923076923077,0.2742857142857143,0.24747252747252746,0.25054945054945055
0.23306948109058928,0.2691292875989446,0.25285839929639403,0.24494283201407213
0.23885209713024283,0.26225165562913905,0.24547461368653423,0.25342163355408387
0.23757149142102948,0.25824901011878576,0.24681038275406952,0.25736911570611526
0.23625886524822695,0.2570921985815603,0.24778368794326242,0.25886524822695034
0.24402125775022143,0.254207263064659,0.24313551815766166,0.25863596102745795
0.24288840262582057,0.25295404814004374,0.24638949671772428,0.2577680525164114
0.24570673712021135,0.24570673712021135,0.2518714222809335,0.2567151034786438
0.2429078014184397,0.2495567375886525,0.25,0.2575354609929078
0.24575902566333188,0.2496737712048717,0.24619399739016964,0.2583732057416268
0.252414398595259,0.24582967515364354,0.24539069359086918,0.25636523266022826
0.25317564607971965,0.2413491020586947,0.24704336399474375,0.25843188786684185
0.25076586433260395,0.2437636761487965,0.24638949671772428,0.2590809628008753
0.24967205946655008,0.24223874070835155,0.25185832968954963,0.25623087013554874
0.2569906790945406,0.24056813138038172,0.2458943630714603,0.25654682645361737
0.2565905096660808,0.24165202108963094,0.23857644991212654,0.2631810193321617
0.25666812418014867,0.2431132487975514,0.23961521644075207,0.2606034105815479
0.2631118881118881,0.23513986013986013,0.2368881118881119,0.26486013986013984
0.26318082788671027,0.244880174291939,0.2326797385620915,0.25925925925925924
0.2580078982009653,0.24659938569548048,0.23168056164984643,0.26371215445370777
0.26278659611992944,0.24338624338624337,0.2292768959435626,0.26455026455026454
0.2644880174291939,0.2374727668845316,0.22701525054466232,0.2710239651416122
0.2570796460176991,0.2411504424778761,0.22743362831858407,0.2743362831858407
0.2604259094942325,0.2422360248447205,0.225377107364685,0.271960958296362
0.25295404814004374,0.2437636761487965,0.23194748358862144,0.2713347921225383
0.25121412803532006,0.24635761589403973,0.22869757174392935,0.2737306843267108
0.2510974539069359,0.2532923617208077,0.228270412642669,0.26733977172958734
0.2526455026455027,0.2447089947089947,0.23192239858906524,0.2707231040564374
0.25285839929639403,0.2515391380826737,0.22559366754617413,0.2700087950747581
0.25663331883427576,0.2557633753806003,0.22531535450195736,0.2622879512831666
0.25625274243089075,0.25976305397103994,0.2268538832821413,0.25713032031592803
0.2575221238938053,0.26017699115044246,0.22389380530973452,0.2584070796460177
0.2547294324681038,0.26264848218213815,0.2234931808183018,0.2591289045314562
0.25,0.26108156028368795,0.22916666666666666,0.25975177304964536
0.25322079075966236,0.26477121279431365,0.22301199466903598,0.258996001776988
0.25065963060686014,0.2620932277924362,0.22559366754617413,0.2616534740545295
0.2546419098143236,0.2630415561450044,0.22723253757736517,0.2550839964633068
0.2553846153846154,0.26153846153846155,0.229010989010989,0.2540659340659341
0.25978021978021976,0.2571428571428571,0.229010989010989,0.2540659340659341
0.25242290748898677,0.2555066079295154,0.23215859030837005,0.2599118942731278
0.254737769942706,0.254737769942706,0.2238871749669458,0.2666372851476421
0.25322079075966236,0.2567747667703243,0.22345624167036873,0.2665482007996446
0.251528384279476,0.26244541484716155,0.2244541484716157,0.26157205240174675
0.25338575797291396,0.2634338138925295,0.2214941022280472,0.2616863259065094
0.2514235654840123,0.26412614980289095,0.2233902759526938,0.261060008760403
0.25274725274725274,0.26505494505494503,0.21846153846153846,0.26373626373626374
0.25696594427244585,0.2636001769128704,0.22069880583812473,0.25873507297655907
0.2567627494456763,0.26917960088691795,0.21729490022172948,0.2567627494456763
0.2523158359064843,0.27128363475959416,0.21746801940891045,0.25893250992501105
0.2543936731107206,0.2719683655536028,0.21968365553602812,0.2539543057996485
0.2526223776223776,0.270541958041958,0.21547202797202797,0.26136363636363635
0.25396825396825395,0.27645502645502645,0.20767195767195767,0.2619047619047619
0.25616197183098594,0.27596830985915494,0.21214788732394366,0.2557218309859155
0.2565674255691769,0.2775831873905429,0.21147110332749564,0.2543782837127846
0.25524475524475526,0.2744755244755245,0.21503496503496503,0.25524475524475526
0.2622005323868678,0.2684117125110914,0.21739130434782608,0.25199645075421473
0.26147186147186147,0.2662337662337662,0.21645021645021645,0.2558441558441558
0.2618421052631579,0.2710526315789474,0.21228070175438596,0.2548245614035088
0.26587301587301587,0.26278659611992944,0.2191358024691358,0.25220458553791886
0.2674933569530558,0.26173604960141716,0.21434898139946856,0.25642161204605846
0.27441449403446755,0.2554131683605833,0.21873619089703933,0.25143614670790987
0.27586206896551724,0.2505456132693147,0.22130074203404626,0.25229157573112176
0.27549668874172184,0.25298013245033113,0.22075055187637968,0.2507726269315673
0.2695690413368514,0.26077396657871593,0.218117854001759,0.2515391380826737
0.2728888888888889,0.2591111111111111,0.21866666666666668,0.24933333333333332
0.2695690413368514,0.25813544415127526,0.22251539138082674,0.2497801231310466
0.27750773309765797,0.25320371188687585,0.22801590808661068,0.2412726469288555
0.27437943262411346,0.25177304964539005,0.22118794326241134,0.2526595744680851
0.2761061946902655,0.2482300884955752,0.22300884955752212,0.25265486725663716
0.2757867132867133,0.2534965034965035,0.22115384615384615,0.24956293706293706
0.27380952380952384,0.25925925925925924,0.2204585537918871,0.2464726631393298
0.2810978308986277,0.2540947321823816,0.22310756972111553,0.24169986719787517
0.2812637121544537,0.250987275120667,0.2233435717419921,0.24440544098288722
0.2797723292469352,0.25,0.22329246935201402,0.2469352014010508
0.2774108322324967,0.2523117569352708,0.22192866578599735,0.24834874504623514
0.27461368653421636,0.25342163355408387,0.22781456953642384,0.24415011037527592
0.27055702917771884,0.2612732095490716,0.22767462422634838,0.24049513704686118
0.2743362831858407,0.2575221238938053,0.22920353982300884,0.23893805309734514
0.27467248908296943,0.25633187772925764,0.2279475982532751,0.2410480349344978
0.27824175824175823,0.2545054945054945,0.22637362637362637,0.2408791208791209
0.2709705753184014,0.25691699604743085,0.2318840579710145,0.24022837066315328
0.27445772465692786,0.2598494909251881,0.22487826471890218,0.24081451969898185
0.26818580192813324,0.26906222611744085,0.22655565293602103,0.2361963190184049
0.269757174392936,0.26887417218543047,0.2260485651214128,0.23532008830022075
0.27209098862642167,0.26290463692038496,0.2226596675415573,0.24234470691163604
0.27630415561450045,0.26436781609195403,0.22236958443854996,0.2369584438549956
0.2798064232292125,0.25736911570611526,0.22393312802463705,0.2388913330400352
0.2724046140195209,0.25865128660159714,0.2302573203194321,0.23868677905944988
0.27164835164835166,0.2632967032967033,0.229010989010989,0.23604395604395603
0.2736888497135302,0.255178492728074,0.23093873953283384,0.24019391802556192
0.26917960088691795,0.2549889135254989,0.23237250554323724,0.2434589800443459
0.26138876603272887,0.2556390977443609,0.23529411764705882,0.2476780185758514
0.2666959578207381,0.2570298769771529,0.22671353251318102,0.24956063268892795
0.26827133479212256,0.25470459518599564,0.22275711159737419,0.25426695842450764
0.269687637483502,0.2564892212934448,0.22041355037395513,0.2534095908490981
0.2774108322324967,0.25847644209599296,0.21400264200792601,0.25011008366358434
0.27898866608544026,0.25501307759372277,0.2153443766346992,0.2506538796861377
0.28045574057843997,0.26029798422436456,0.21428571428571427,0.24496056091148116
0.275772074815137,0.2644628099173554,0.22009569377990432,0.2396694214876033
0.273568281938326,0.2607929515418502,0.21938325991189428,0.24625550660792953
0.27437943262411346,0.25620567375886527,0.22074468085106383,0.24867021276595744
0.2640597539543058,0.2557117750439367,0.22803163444639718,0.2521968365553603
0.26341248900615655,0.256816182937555,0.22867194371152155,0.2510993843447669
0.26657940663176266,0.2569808027923211,0.22600349040139617,0.25043630017452007
0.26689925861317054,0.2625381596162233,0.22241604884430877,0.24814653292629743
0.2667836770513383,0.258446687143484,0.22202720491443614,0.25274243089074155
0.2641509433962264,0.25537516454585346,0.22904782799473453,0.25142606406318563
0.2608503100088574,0.2524357838795394,0.2329495128432241,0.2537643932683791
0.26598122485471615,0.25391148860080465,0.22619579794367456,0.25391148860080465
0.26325088339222613,0.2508833922261484,0.22791519434628976,0.2579505300353357
0.2590149516270888,0.24758135444151275,0.23087071240105542,0.262532981530343
0.2628091872791519,0.24646643109540636,0.2314487632508834,0.2592756183745583
0.264975951027547,0.24923480542195015,0.23087013554875382,0.254919108001749
0.2690134724033029,0.24511082138200782,0.22729248152976966,0.2585832246849196
0.27384615384615385,0.2413186813186813,0.22989010989010988,0.2549450549450549
0.2738825591586328,0.2432077125328659,0.23137598597721298,0.25153374233128833
0.28217602830605926,0.23662096417514375,0.2260061919504644,0.25519681556833257
0.2834061135371179,0.2388646288209607,0.22838427947598253,0.24934497816593887
0.2835164835164835,0.24043956043956044,0.22725274725274724,0.24879120879120878
0.28314310798946446,0.24495171202809482,0.228270412642669,0.24363476733977174
0.2840958605664488,0.24705882352941178,0.2169934640522876,0.2518518518518518
0.2829610162067455,0.24441524310118265,0.22163819535698642,0.25098554533508544
0.27802101576182137,0.25,0.22110332749562173,0.2508756567425569
0.27792436235708,0.24538258575197888,0.22383465259454705,0.25285839929639403
0.27973568281938327,0.24273127753303964,0.22555066079295155,0.25198237885462554
0.27568042142230026,0.24846356453028973,0.22388059701492538,0.25197541703248466
0.2786596119929453,0.24162257495590828,0.21781305114638447,0.2619047619047619
0.27901785714285715,0.24419642857142856,0.21473214285714284,0.26205357142857144
0.28036971830985913,0.24471830985915494,0.2169894366197183,0.2579225352112676
0.29210526315789476,0.2381578947368421,0.2219298245614035,0.24780701754385964
0.29995569339831635,0.23349579087284006,0.21355782011519717,0.25299069561364645
0.3,0.2331877729257642,0.2096069868995633,0.2572052401746725
0.3007985803016859,0.2377994676131322,0.20452528837622005,0.25687666370896184
0.30248799650807506,0.233085988651244,0.20646006110868617,0.25796595373199477
0.30030959752321984,0.23573639982308714,0.21141088014153028,0.25254312251216277
0.30246913580246915,0.23589065255731922,0.20811287477954143,0.2535273368606702
0.3064946619217082,0.23220640569395018,0.20685053380782917,0.25444839857651247
0.31214379658044716,0.22797018851380974,0.2091188075405524,0.2507672073651907
0.3099467140319716,0.2255772646536412,0.21181172291296627,0.25266429840142096
0.31119964586100046,0.22576361221779548,0.2107127047366091,0.25232403718459495
0.3058978873239437,0.22887323943661972,0.20774647887323944,0.2574823943661972
0.30786122090469914,0.22441809398331136,0.20816864295125165,0.2595520421607378
0.3099467140319716,0.21758436944937834,0.21492007104795738,0.25754884547069273
0.3072128227960819,0.21905609973285842,0.22083704363312556,0.25289403383793413
0.3003487358326068,0.2244986922406277,0.2227550130775937,0.25239755884917175
0.29520457545094586,0.22833260008798945,0.22173339199296085,0.2547294324681038
0.29925077126487437,0.2238871749669458,0.2234464521815778,0.25341560158660204
0.30434782608695654,0.2209405501330967,0.2209405501330967,0.25377107364685003
0.30545774647887325,0.22579225352112675,0.22007042253521128,0.24867957746478872
0.3026200873362445,0.22707423580786026,0.2262008733624454,0.2441048034934498
0.30539710399297937,0.225976305397104,0.2224659938569548,0.2461605967529618
0.3051890941072999,0.22251539138082674,0.22119613016710643,0.2510993843447669
0.3110426748790145,0.21777386713594368,0.21733391992960846,0.25384953805543337
0.3127498889382497,0.21634828964904487,0.22034651266103955,0.25055530875166593
0.3153034300791557,0.21899736147757257,0.21635883905013192,0.24934036939313983
0.3117854001759015,0.21503957783641162,0.22207563764291996,0.2510993843447669
0.3133216476774759,0.21647677475898336,0.22304995617879053,0.24715162138475022
0.3157199471598415,0.21576398062527521,0.22104799647732276,0.24746807573756055
0.31455190771960956,0.21561668145519078,0.21739130434782608,0.2524401064773736
0.3100088573959256,0.2112488928255093,0.22364924712134632,0.2550930026572188
0.3142605633802817,0.2147887323943662,0.21919014084507044,0.2517605633802817
0.3149847094801223,0.21494102228047182,0.22018348623853212,0.24989078200087375
0.31757950530035334,0.21201413427561838,0.22217314487632508,0.24823321554770317
0.3195240193918026,0.21375055090348172,0.22036139268400176,0.24636403702071397
0.32514515408664585,0.2103617686467173,0.2184010719071014,0.24609200535953552
0.32351648351648354,0.20923076923076922,0.21670329670329672,0.25054945054945055
0.32239467849223946,0.21152993348115298,0.2164079822616408,0.24966740576496674
0.32175824175824175,0.20703296703296703,0.21934065934065933,0.2518681318681319
0.3128834355828221,0.20902716914986855,0.22304995617879053,0.25503943908851884
0.31491228070175437,0.20350877192982456,0.2206140350877193,0.26096491228070173
0.3162020905923345,0.203397212543554,0.22473867595818817,0.2556620209059233
0.3105425672695192,0.20820467578297308,0.2192324658138509,0.2620202911336568
0.2997335701598579,0.2135879218472469,0.2255772646536412,0.261101243339254
0.2940655447298494,0.20814880425155005,0.22984942426926483,0.2679362267493357
0.29372791519434627,0.2062720848056537,0.23807420494699646,0.2619257950530035
0.28679078014184395,0.20921985815602837,0.23581560283687944,0.26817375886524825
0.2867351496203662,0.21929432782492184,0.2282268870031264,0.26574363555158553
0.28444444444444444,0.22266666666666668,0.23022222222222222,0.26266666666666666
0.2891141472014103,0.22168356104010578,0.22124283825473778,0.26795945350374617
0.2878587196467991,0.21766004415011037,0.2304635761589404,0.2640176600441501
0.2850915431560593,0.22144725370531823,0.23190932868352224,0.26155187445510025
0.28546409807355516,0.22460595446584938,0.22942206654991243,0.260507880910683
0.2872855257369116,0.22921249450065992,0.22481302243730752,0.258688957325121
0.27945084145261295,0.2320637732506643,0.2325066430469442,0.25597874224977857
0.2869641294838145,0.23097112860892388,0.23097112860892388,0.2510936132983377
0.2807017543859649,0.2337719298245614,0.23333333333333334,0.25219298245614036
0.2798064232292125,0.24153101627804663,0.22833260008798945,0.2503299604047514
0.276558384547849,0.23529411764705882,0.23485513608428446,0.2532923617208077
0.2769162605228179,0.23216659282233051,0.23172352680549402,0.25919361984935757
0.2779973649538867,0.233201581027668,0.2318840579710145,0.25691699604743085
0.28123620309050773,0.22560706401766004,0.23002207505518762,0.2631346578366446
0.2807250221043324,0.22811671087533156,0.22590627763041557,0.26525198938992045
0.27753496503496505,0.22683566433566432,0.23033216783216784,0.2652972027972028
0.28036971830985913,0.22931338028169015,0.2249119718309859,0.2654049295774648
0.28383128295254834,0.22759226713532513,0.22495606326889278,0.26362038664323373
0.2785871964679912,0.2282560706401766,0.22207505518763798,0.2710816777041943
0.2887700534759358,0.22593582887700533,0.22415329768270945,0.2611408199643494
0.2891725352112676,0.22975352112676056,0.2249119718309859,0.25616197183098594
0.2878587196467991,0.22649006622516557,0.22030905077262694,0.2653421633554084
0.2887630662020906,0.2304006968641115,0.2190766550522648,0.2617595818815331
0.29547471162378,0.23247559893522626,0.2178349600709849,0.2542147293700089
0.2943231441048035,0.2388646288209607,0.2200873362445415,0.24672489082969432
0.2952255803766973,0.2413491020586947,0.2137538326763031,0.24967148488830487
0.2954248366013072,0.24357298474945535,0.2130718954248366,0.24793028322440086
0.29308836395450566,0.24759405074365703,0.21303587051618547,0.2462817147856518
0.29437609841827767,0.2482425307557118,0.20826010544815465,0.2491212653778559
0.2961487383798141,0.24479858344400177,0.21248339973439576,0.24656927844178841
0.2948829141370338,0.2419774501300954,0.2142237640936687,0.2489158716392021
0.29937722419928825,0.2513345195729537,0.20729537366548043,0.24199288256227758
0.30123131046613894,0.24626209322779244,0.20316622691292877,0.24934036939313983
0.2997802197802198,0.2443956043956044,0.20747252747252748,0.24835164835164836
0.30153846153846153,0.23648351648351648,0.21362637362637363,0.24835164835164836
0.3022437307523097,0.2402111746590409,0.21073471183457984,0.24681038275406952
0.2996040475142983,0.24153101627804663,0.21513418389793224,0.24373075230972283
0.2930048394192697,0.2432908051033876,0.21821381434227893,0.2454905411350638
0.2898550724637681,0.24857268335529206,0.21563460693895475,0.24593763724198506
0.2872246696035242,0.24537444933920705,0.22070484581497798,0.24669603524229075
0.28678745028722935,0.23950508174988952,0.21608484312859036,0.25762262483429077
0.29210526315789476,0.2442982456140351,0.21140350877192982,0.25219298245614036
0.2889867841409692,0.24801762114537446,0.20969162995594715,0.2533039647577093
0.29543459174714665,0.24539069359086918,0.20588235294117646,0.2532923617208077
0.2882172579938677,0.24923346473937802,0.2058694699956198,0.2566798072711345
0.28984238178633975,0.2508756567425569,0.21147110332749564,0.2478108581436077
0.29155672823219,0.2484608619173263,0.21284080914687775,0.24714160070360597
0.29173989455184535,0.24868189806678384,0.2148506151142355,0.24472759226713534
0.28342958685028874,0.2514438027543314,0.21190581963571745,0.25322079075966236
0.28615384615384615,0.25362637362637364,0.20659340659340658,0.25362637362637364
0.2836411609498681,0.2519788918205805,0.2102022867194371,0.2541776605101143
0.2898103220114689,0.24878694309660343,0.20599911777679752,0.25540361711513015
0.28244610646722396,0.24945006599208094,0.20853497580290364,0.2595688517377915
0.2764835164835165,0.25934065934065936,0.20659340659340658,0.25758241758241757
0.281305114638448,0.2517636684303351,0.21075837742504408,0.25617283950617287
0.2771137671536078,0.25630810092961487,0.2107127047366091,0.2558654271801682
0.2806167400881057,0.25198237885462554,0.20969162995594715,0.2577092511013216
0.2821650399290151,0.2466725820763088,0.21251109139307897,0.25865128660159714
0.2796125055041832,0.25055041831792163,0.21047996477322764,0.25935711140466755
0.2812089356110381,0.2483574244415243,0.21068769163381515,0.2597459483136224
0.2782381160052333,0.2477104230266027,0.2154382904491932,0.25861317051897076
0.2795604395604396,0.250989010989011,0.2153846153846154,0.2540659340659341
0.2799646174259177,0.2516585581601061,0.2118531623175586,0.2565236620964175
0.2751414888985633,0.2546800174140183,0.21332172398781019,0.2568567696996082
0.2715994683207798,0.2516614975631369,0.2193176783340718,0.25742135578201153
0.2677475898334794,0.25197195442594217,0.22042068361086767,0.2598597721297108
0.2676678445229682,0.2575088339222615,0.21731448763250882,0.2575088339222615
0.27244444444444443,0.25155555555555553,0.216,0.26
0.274032187907786,0.25228360156589824,0.21574597651152674,0.25793823401478905
0.27300748568912375,0.2531924262439454,0.2188463232056363,0.25495376486129456
0.271015761821366,0.2543782837127846,0.21628721541155868,0.2583187390542907
0.2803532008830022,0.23973509933774834,0.22030905077262694,0.2596026490066225
0.2784417884019478,0.23948649845064188,0.22000885347498894,0.26206285967242143
0.2791922739244952,0.23661106233538193,0.21729587357330993,0.266900790166813
0.28283712784588444,0.23423817863397547,0.2180385288966725,0.2648861646234676
0.2866578599735799,0.23381770145310435,0.21400264200792601,0.2655217965653897
0.2857769973661106,0.23485513608428446,0.2115891132572432,0.2677787532923617
0.2812914639540027,0.24148606811145512,0.21141088014153028,0.26581158779301195
0.2728066346573549,0.23788738542121343,0.21606285464862504,0.27324312527280664
0.28138718173836696,0.2405618964003512,0.20719929762949957,0.2708516242317823
0.2932098765432099,0.23941798941798942,0.20458553791887124,0.26278659611992944
0.2869179600886918,0.23902439024390243,0.2017738359201774,0.2722838137472284
0.2887912087912088,0.2334065934065934,0.21010989010989012,0.2676923076923077
0.2903225806451613,0.23331860362350862,0.20989836500220946,0.2664604507291206
0.28820200261210277,0.23639529821506314,0.20896821941663038,0.26643447975620377
0.28742249778565104,0.23693534100974314,0.20992028343666963,0.2657218777679362
0.2869718309859155,0.23591549295774647,0.20774647887323944,0.26936619718309857
0.28872312417727075,0.23299692847740236,0.21237384817902588,0.26590609916630104
0.28565121412803535,0.22958057395143489,0.21501103752759382,0.269757174392936
0.27961672473867594,0.22865853658536586,0.21777003484320556,0.2739547038327526
0.27821869488536155,0.23324514991181658,0.21825396825396826,0.27028218694885364
0.288135593220339,0.22747546833184656,0.2149866190900981,0.2694023193577163
0.2830105633802817,0.22887323943661972,0.21170774647887325,0.2764084507042254
0.28308501314636286,0.23006134969325154,0.20946538124452235,0.2773882559158633
0.28932461873638343,0.2261437908496732,0.20871459694989106,0.2758169934640523
0.2854625550660793,0.2251101321585903,0.2052863436123348,0.2841409691629956
0.2800702370500439,0.22519754170324846,0.20368744512730466,0.291044776119403
0.2748898678414097,0.2277533039647577,0.2066079295154185,0.2907488986784141
0.2740740740740741,0.22788671023965143,0.20435729847494552,0.29368191721132897
0.26973684210526316,0.23333333333333334,0.2057017543859649,0.2912280701754386
0.27402135231316727,0.22909252669039146,0.20240213523131673,0.2944839857651246
0.2751971954425942,0.2287467134092901,0.20595968448729185,0.2900964066608238
0.27480245829675154,0.22695346795434593,0.20719929762949957,0.291044776119403
0.27661469933184857,0.22316258351893095,0.2129175946547884,0.2873051224944321
0.2860927152317881,0.22472406181015453,0.21015452538631346,0.2790286975717439
0.27957931638913236,0.22743207712532865,0.20946538124452235,0.28352322524101664
0.27534307215582116,0.23063302346170872,0.2107127047366091,0.283311199645861
0.27913159060700043,0.22729286663712894,0.2144439521488702,0.27913159060700043
0.2827616534740545,0.218117854001759,0.21635883905013192,0.2827616534740545
0.28408091468777485,0.2198768689533861,0.21372031662269128,0.28232189973614774
0.28064798598949214,0.21760070052539404,0.21978984238178634,0.2819614711033275
0.27829150154117127,0.22501100836635843,0.21796565389696168,0.27873183619550856
0.2819266460450729,0.22801590808661068,0.2138753866548829,0.2761820592134335
0.2786666666666667,0.21955555555555556,0.21777777777777776,0.284
0.2865291794646775,0.22378236068451074,0.2088635366388767,0.2808249232119351
0.2783866725120561,0.22314774221832528,0.2117492327926348,0.2867163524769838
0.27906976744186046,0.22553751645458534,0.21237384817902588,0.2830188679245283
0.28029969149405026,0.23049801674746584,0.2124283825473777,0.27677390921110623
0.282389108476065,0.23407992973210365,0.2059727711901625,0.27755819060166886
0.2815916047223437,0.2409269785745518,0.20201136860515959,0.2754700480979449
0.2814159292035398,0.2331858407079646,0.20663716814159291,0.27876106194690264
0.28244610646722396,0.23053233611966564,0.20501539815222172,0.2820061592608887
0.28021248339973437,0.23063302346170872,0.21469676848162905,0.27445772465692786
0.2844638949671772,0.23457330415754923,0.21094091903719914,0.2700218818380744
0.28169014084507044,0.2363556338028169,0.2130281690140845,0.2689260563380282
0.28653931585961795,0.23767214571301643,0.20613060861839183,0.2696579298089738
0.28496503496503495,0.23645104895104896,0.20804195804195805,0.270541958041958
0.2829610162067455,0.23828296101620675,0.20455540954883925,0.2742006132282085
0.2845744680851064,0.23138297872340424,0.20611702127659576,0.2779255319148936
0.2846458424989001,0.23185217773867137,0.20545534535855697,0.27804663440387156
0.28790534618755476,0.2326906222611744,0.20245398773006135,0.27695004382120947
0.28596568411790585,0.22833260008798945,0.2023757149142103,0.2833260008798944
0.2839614373356705,0.23006134969325154,0.19588080631025417,0.2900964066608238
0.2779482683033757,0.23366944322665498,0.19903551074090312,0.2893467777290662
0.28167770419426047,0.23841059602649006,0.2022075055187638,0.27770419426048565
0.2787532923617208,0.242756804214223,0.20017559262510976,0.2783143107989464
0.27829150154117127,0.24966974900924702,0.20079260237780713,0.2712461470717745
0.27741655830082357,0.2535760728218466,0.19592544429995665,0.27308192457737324
0.28278867102396515,0.2496732026143791,0.19607843137254902,0.27145969498910677
0.2841506129597198,0.2504378283712785,0.19921190893169877,0.266199649737303
0.2778753292361721,0.2589991220368745,0.199297629499561,0.26382791922739246
0.27252650176678445,0.2667844522968198,0.19920494699646643,0.26148409893992935
0.26652078774617066,0.26258205689277897,0.20437636761487965,0.26652078774617066
0.26945054945054947,0.258021978021978,0.2,0.2725274725274725
0.2660590277777778,0.2651909722222222,0.19270833333333334,0.2760416666666667
0.26104240282685515,0.267226148409894,0.1965547703180212,0.2751766784452297
0.2598698481561822,0.2642082429501085,0.1982646420824295,0.27765726681127983
0.25976305397103994,0.2641509433962264,0.19877139096094779,0.2773146116717859
0.257908611599297,0.2688927943760984,0.1937609841827768,0.27943760984182775
0.25594713656387663,0.27004405286343613,0.19162995594713655,0.2823788546255507
0.2553846153846154,0.26945054945054947,0.1934065934065934,0.28175824175824177
0.2577777777777778,0.27066666666666667,0.19111111111111112,0.28044444444444444
0.25636523266022826,0.27480245829675154,0.19095697980684812,0.2778753292361721
0.2562637362637363,0.2676923076923077,0.19428571428571428,0.28175824175824177
0.25565217391304346,0.26565217391304347,0.19521739130434781,0.28347826086956524
0.2614779186707477,0.2610406646261478,0.195015303891561,0.2824661128115435
0.26176858776946765,0.26044874615046193,0.19665640123185218,0.28112626484821823
0.2585601404741001,0.2581211589113257,0.20237050043898155,0.28094820017559263
0.2615182097411145,0.25888547608600265,0.19921017990346643,0.2803861342694164
0.2564892212934448,0.26264848218213815,0.19885613726352838,0.2820061592608887
0.2567627494456763,0.2634146341463415,0.19778270509977827,0.282039911308204
0.2543046357615894,0.2662251655629139,0.1977924944812362,0.28167770419426047
0.2556818181818182,0.2687937062937063,0.1979895104895105,0.27753496503496505
0.25471284524331433,0.27268741779921085,0.19947391494958353,0.27312582200789126
0.25859030837004404,0.2709251101321586,0.2,0.27048458149779736
0.2582781456953642,0.271523178807947,0.20353200883002207,0.26666666666666666
0.2609078889378581,0.27104451300132215,0.20405464962538564,0.26399294843543414
0.2570671378091873,0.2707597173144876,0.2049469964664311,0.267226148409894
0.2543046357615894,0.2781456953642384,0.20044150110375275,0.2671081677704194
0.2545454545454545,0.27405764966740576,0.20443458980044346,0.26696230598669624
0.25408028231142477,0.2721658579620644,0.20202911336568152,0.2717247463608293
0.25500667556742324,0.2705829995549622,0.20338228749443701,0.27102803738317754
0.2535760728218466,0.2808842652795839,0.20156046814044212,0.26397919375812745
