C,D,Oc,Od
1.0,0.0,0.0,0.0
0.6666666666666666,0.0,0.3333333333333333,0.0
0.6666666666666666,0.0,0.16666666666666666,0.16666666666666666
0.5555555555555556,0.1111111111111111,0.1111111111111111,0.2222222222222222
0.6923076923076923,0.07692307692307693,0.07692307692307693,0.15384615384615385
0.7333333333333333,0.06666666666666667,0.06666666666666667,0.13333333333333333
0.7727272727272727,0.045454545454545456,0.09090909090909091,0.09090909090909091
0.7419354838709677,0.06451612903225806,0.0967741935483871,0.0967741935483871
0.6944444444444444,0.1111111111111111,0.08333333333333333,0.1111111111111111
0.72,0.08,0.06,0.14
0.7049180327868853,0.03278688524590164,0.13114754098360656,0.13114754098360656
0.6447368421052632,0.02631578947368421,0.17105263157894737,0.15789473684210525
0.6210526315789474,0.042105263157894736,0.15789473684210525,0.17894736842105263
0.6239316239316239,0.042735042735042736,0.1623931623931624,0.17094017094017094
0.5874125874125874,0.04895104895104895,0.16083916083916083,0.20279720279720279
0.5337078651685393,0.05056179775280899,0.17415730337078653,0.24157303370786518
0.4858490566037736,0.0660377358490566,0.18396226415094338,0.2641509433962264
0.45416666666666666,0.06666666666666667,0.17916666666666667,0.3
0.46366782006920415,0.0726643598615917,0.17301038062283736,0.2906574394463668
0.4537037037037037,0.07716049382716049,0.18209876543209877,0.28703703703703703
0.4424083769633508,0.08900523560209424,0.1544502617801047,0.31413612565445026
0.43636363636363634,0.09090909090909091,0.15227272727272728,0.32045454545454544
0.42857142857142855,0.09126984126984126,0.15079365079365079,0.32936507936507936
0.4231464737793852,0.09945750452079566,0.14828209764918626,0.3291139240506329
0.42197452229299365,0.09554140127388536,0.15764331210191082,0.3248407643312102
0.3963585434173669,0.10224089635854341,0.17507002801120447,0.32633053221288516
0.39746835443037976,0.10379746835443038,0.15949367088607594,0.3392405063291139
0.3951332560834299,0.10544611819235226,0.16106604866743918,0.3383545770567787
0.3951271186440678,0.11122881355932203,0.1472457627118644,0.3463983050847458
0.3994252873563218,0.11302681992337164,0.13697318007662834,0.3505747126436782
0.38757655293088367,0.11986001749781278,0.13560804899387577,0.3569553805774278
0.3946731234866828,0.12510088781275222,0.12832929782082325,0.35189669087974174
0.4055299539170507,0.1336405529953917,0.12903225806451613,0.3317972350230415
0.38808139534883723,0.14462209302325582,0.13517441860465115,0.3321220930232558
0.38969072164948454,0.15326460481099657,0.1360824742268041,0.3209621993127148
0.379400260756193,0.15384615384615385,0.14146023468057367,0.32529335071707954
0.37639060568603216,0.16131025957972805,0.14647713226205192,0.3158220024721879
0.3749235474006116,0.16452599388379205,0.15412844036697249,0.30642201834862387
0.3687315634218289,0.16519174041297935,0.16047197640117994,0.3056047197640118
0.3656413232733604,0.16715031921067905,0.16192687173534534,0.3052814857806152
0.3634336677814939,0.1806020066889632,0.15496098104793757,0.3010033444816054
0.35875402792696026,0.17830290010741137,0.1552094522019334,0.30773361976369495
0.3624934520691461,0.17862755369303301,0.1644840230487166,0.29439497118910424
0.34843026248069997,0.17961914565105508,0.16932578486875965,0.30262480699948535
0.34674134419551933,0.17820773930753564,0.1695519348268839,0.3054989816700611
0.33780427223050175,0.18082463984103328,0.17933432687531048,0.3020367610531545
0.34816625916870414,0.1784841075794621,0.17701711491442543,0.2963325183374083
0.34341978866474543,0.18539865513928913,0.1786743515850144,0.29250720461095103
0.3350710900473934,0.1815165876777251,0.1815165876777251,0.3018957345971564
0.3398474737845567,0.1682554814108675,0.18779790276453764,0.30409914204003813
0.33098921706516643,0.16924519456165027,0.19221753398968588,0.3075480543834974
0.3307303628847037,0.17363344051446947,0.18971061093247588,0.30592558566835093
0.33210671573137074,0.16697332106715732,0.18767249310027598,0.31324747010119597
0.3243364822312191,0.17273954116059378,0.1902834008097166,0.31264057579847054
0.3268270540172492,0.17793917385383567,0.18565592374035406,0.30957784838856106
0.3266968325791855,0.18597285067873304,0.18823529411764706,0.2990950226244344
0.3248868778280543,0.18733031674208145,0.17873303167420815,0.3090497737556561
0.31278331822302813,0.1826835902085222,0.1872166817769719,0.3173164097914778
0.3091985428051002,0.1830601092896175,0.18806921675774135,0.319672131147541
0.3070294784580499,0.18594104308390022,0.19319727891156463,0.3138321995464853
0.3046028880866426,0.18953068592057762,0.19223826714801445,0.31362815884476536
0.29631315430132,0.1943559399180701,0.19617660446062812,0.3131543013199818
0.2998618148318747,0.19852602487333026,0.1957623215108245,0.30584983878397054
0.2990950226244344,0.19909502262443438,0.19366515837104073,0.3081447963800905
0.30067415730337077,0.19775280898876405,0.19280898876404495,0.3087640449438202
0.2948717948717949,0.19642857142857142,0.19322344322344323,0.31547619047619047
0.3054662379421222,0.19200734956361967,0.18833256775378962,0.3141938447404685
0.3051621745089082,0.187756966651439,0.19141160347190497,0.3156692553677478
0.31136363636363634,0.1859090909090909,0.18681818181818183,0.3159090909090909
0.30418943533697634,0.1871584699453552,0.1930783242258652,0.3155737704918033
0.30261348005502064,0.1843191196698762,0.19348922512608896,0.3195781751490142
0.29631315430132,0.19253527537551207,0.1948111060537096,0.31634046426945833
0.3050847457627119,0.1891891891891892,0.18781493357764545,0.3179111314704535
0.3052391799544419,0.1927107061503417,0.18359908883826878,0.3184510250569476
0.3079379562043796,0.19297445255474452,0.19160583941605838,0.3074817518248175
0.3134598012646793,0.18834688346883469,0.1842818428184282,0.31391147244805784
0.3057813911472448,0.1901535682023487,0.18834688346883469,0.3157181571815718
0.3002298850574713,0.1935632183908046,0.19218390804597701,0.3140229885057471
0.28287392679620427,0.19927699954812472,0.19430637144148216,0.3235427022141889
0.2968181818181818,0.19,0.19590909090909092,0.31727272727272726
0.2893905191873589,0.1905191873589165,0.1963882618510158,0.32370203160270883
0.28193430656934304,0.1906934306569343,0.19844890510948904,0.3289233576642336
0.2800365463682047,0.1836455002284148,0.2014618547281864,0.33485609867519417
0.2832022211938917,0.18463674224895882,0.1952799629801018,0.33688107357704766
0.28884826325411334,0.19378427787934185,0.1846435100548446,0.3327239488117002
0.2902930402930403,0.1955128205128205,0.18635531135531136,0.32783882783882784
0.2853901996370236,0.19600725952813067,0.19010889292196007,0.32849364791288566
0.28526363226678686,0.19738621000450654,0.1910770617395223,0.3262730959891843
0.2947608200455581,0.2009111617312073,0.18359908883826878,0.32072892938496583
0.2916666666666667,0.19384057971014493,0.1838768115942029,0.33061594202898553
0.28898876404494384,0.19865168539325842,0.18247191011235955,0.3298876404494382
0.2897025171624714,0.19359267734553776,0.18993135011441648,0.32677345537757435
0.29963403476669714,0.1989935956084172,0.18572735590118938,0.31564501372369624
0.29963403476669714,0.19213174748398903,0.19075937785910338,0.3174748398902104
0.2910174152153987,0.1998166819431714,0.1846929422548121,0.3244729605866178
0.2870076957899502,0.20280669986419195,0.1878678134902671,0.32231779085559076
0.2932910244786945,0.20172257479601088,0.17588395285584768,0.329102447869447
0.2959416324669403,0.20109439124487005,0.1801185590515276,0.3228454172366621
0.3033605812897366,0.2089009990917348,0.17938237965485923,0.3083560399636694
0.3026854802002731,0.2216659080564406,0.17205279927173417,0.3035958124715521
0.30086481565771506,0.21756941283568504,0.17523896222121074,0.3063268092853892
0.2997722095671982,0.21822323462414578,0.17312072892938496,0.3088838268792711
0.3034265103697024,0.21776375112714158,0.17177637511271415,0.30703336339044185
0.2949350067234424,0.22187359928283282,0.1703272075302555,0.3128641864634693
0.2899816176470588,0.22472426470588236,0.17647058823529413,0.3088235294117647
0.28938906752411575,0.22783647220946257,0.1773082223242995,0.3054662379421222
0.29320565435476514,0.22343821249430004,0.16963064295485636,0.3137254901960784
0.2919114324446453,0.22141888838680523,0.1735201084500678,0.3131495707184817
0.28726778432260985,0.22066153149071138,0.17897598550067967,0.3130946986859991
0.28205128205128205,0.21428571428571427,0.1858974358974359,0.31776556776556775
0.2812071330589849,0.20667581161408322,0.1929583904892547,0.3191586648376772
0.2844709115895557,0.20934493815849747,0.19377004122766833,0.3124141090242785
0.29414455626715463,0.20722781335773102,0.19533394327538883,0.30329368709972554
0.29291553133514986,0.2075386012715713,0.1952770208900999,0.3042688465031789
0.2822836429542365,0.20117806977797917,0.1957408246488446,0.3207974626189397
0.28739267962042475,0.19927699954812472,0.19837324898328063,0.3149570718481699
0.29131022062134176,0.20126069338135974,0.19720846465556055,0.31022062134173795
0.2853870819972515,0.19697663765460377,0.19880897846999543,0.31882730187814934
0.2821691176470588,0.20450367647058823,0.19255514705882354,0.32077205882352944
0.27925045703839124,0.20383912248628885,0.1905850091407678,0.3263254113345521
0.26861580630424853,0.19735038830516216,0.19643672910004567,0.33759707629054364
0.2689655172413793,0.2,0.19954022988505746,0.3314942528735632
0.2710237659963437,0.19789762340036562,0.20338208409506398,0.32769652650822667
0.2617633622658748,0.19780721790772043,0.20785746916400183,0.3325719506624029
0.26549072817729535,0.1926729986431479,0.20669380370872908,0.33514246947082765
0.26812585499316005,0.19243046055631555,0.20702234382124943,0.332421340629275
0.2700228832951945,0.1940503432494279,0.20045766590389016,0.3354691075514874
0.26369075011504833,0.18913943856419696,0.20478601012425218,0.3423838011965025
0.25961538461538464,0.18543956043956045,0.20054945054945056,0.3543956043956044
0.2614889705882353,0.18841911764705882,0.19806985294117646,0.35202205882352944
0.26675663517768783,0.18578497525865947,0.1938821412505623,0.3535762483130904
0.2684594348222425,0.18094804010938925,0.190975387420237,0.35961713764813125
0.2679798442510307,0.17544663307375172,0.19422812643151627,0.3623453962437013
0.26112895823772375,0.17668655346489215,0.19596145020651676,0.36622303809086737
0.26581118240146656,0.18148487626031165,0.19431714023831348,0.35838680109990834
0.27309968138370505,0.17569412835685025,0.19253527537551207,0.35867091488393266
0.27176901924839597,0.17415215398716774,0.19523373052245646,0.35884509624197986
0.27598896044158233,0.1766329346826127,0.19319227230910763,0.35418583256669733
0.2759401903035795,0.18531943815133667,0.18803806071590395,0.3507023108291799
0.27355484751934456,0.1838871187983614,0.18661811561219846,0.35593991807009556
0.27176901924839597,0.18835930339138404,0.18744271310724106,0.3524289642529789
0.27661510464058237,0.17788898999090083,0.1897179253867152,0.35577797998180166
0.26856884057971014,0.1838768115942029,0.1897644927536232,0.35778985507246375
0.26957695769576956,0.19036903690369036,0.18586858685868587,0.3541854185418542
0.26660722246990637,0.19170753455193937,0.18635755684351316,0.3553276861346411
0.26487695749440715,0.2,0.17718120805369128,0.3579418344519016
0.27125506072874495,0.2046783625730994,0.17183985605038238,0.3522267206477733
0.2673579801623084,0.20198376916140667,0.1704238052299369,0.3602344454463481
0.2624372432679142,0.20584208124144227,0.17024189867640346,0.36147877681424007
0.26164383561643834,0.2095890410958904,0.17442922374429223,0.354337899543379
0.26593305823016966,0.2077028885832187,0.1792755616689592,0.3470884915176525
0.25411334552102377,0.20383912248628885,0.19241316270566727,0.34963436928702013
0.2540119211370931,0.20128381476386978,0.19257221458046767,0.35213204951856947
0.25392428439519854,0.2012927054478301,0.19298245614035087,0.3518005540166205
0.25968634686346864,0.20756457564575645,0.1863468634686347,0.3464022140221402
0.2703074804956402,0.1991739329967875,0.18173474070674622,0.34878384580082605
0.2590888173032674,0.19190059825126554,0.19236079153244362,0.35664979291302346
0.25126320624712906,0.19935691318327975,0.19108865411116216,0.35829122645842904
0.2530612244897959,0.2054421768707483,0.1854875283446712,0.35600907029478457
0.2600089968511021,0.2001799370220423,0.18938371569950518,0.3504273504273504
0.24863883847549909,0.20099818511796733,0.19010889292196007,0.3602540834845735
0.2494310423304506,0.20664542558033683,0.18843878015475649,0.35548475193445606
0.263448275862069,0.20689655172413793,0.18804597701149425,0.34160919540229884
0.2578731172980374,0.20766773162939298,0.19078046554084893,0.34367868553172065
0.24897213339424396,0.21379625399725902,0.18592964824120603,0.351301964367291
0.25137614678899084,0.20779816513761468,0.1871559633027523,0.3536697247706422
0.24839006439742412,0.20791168353265868,0.19641214351425942,0.3472861085556578
0.25092250922509224,0.21171586715867158,0.19280442804428044,0.34455719557195574
0.2554446460980036,0.20099818511796733,0.18784029038112524,0.35571687840290384
0.2537313432835821,0.2161917684305744,0.1854364540931705,0.344640434192673
0.2554446460980036,0.21052631578947367,0.1882940108892922,0.3457350272232305
0.266425011327594,0.20797462618939738,0.18078840054372453,0.3448119619392841
0.2677200902934537,0.20451467268623025,0.18645598194130925,0.3413092550790068
0.26471930625285256,0.20219078046554084,0.18667275216795984,0.34641716111364673
0.2645985401459854,0.20301094890510948,0.18704379562043796,0.34534671532846717
0.2520623281393217,0.20439963336388633,0.18973418881759854,0.3538038496791934
0.24919093851132687,0.20157189089227925,0.19741100323624594,0.35182616736014793
0.2542685740655284,0.20073834794646978,0.19243193354868482,0.352561144439317
0.25880201188843166,0.18884316415180613,0.19250114311842706,0.3598536808413352
0.26875852660300137,0.1882673942701228,0.1937244201909959,0.34924965893587995
0.26835902085222124,0.19673617407071622,0.18948322756119673,0.34542157751586583
0.2672413793103448,0.20009074410163338,0.18602540834845735,0.3466424682395644
0.2691771269177127,0.20362622036262204,0.1817759181775918,0.34542073454207345
0.26605504587155965,0.20596330275229358,0.18577981651376146,0.3422018348623853
0.26172052799271733,0.20983158852981337,0.1843422849340009,0.34410559854346834
0.27322156773901224,0.20616221114635253,0.1767104666968736,0.34390575441776167
0.2664519098021169,0.2043258168430741,0.18315692590888172,0.34606534744592726
0.26500461680517085,0.20267774699907665,0.18559556786703602,0.34672206832871655
0.266421681212678,0.200734956361966,0.19016995865870465,0.34267340376665134
0.2639269406392694,0.2050228310502283,0.18812785388127853,0.34292237442922374
0.26533393911858244,0.20172648796001819,0.18491594729668331,0.34802362562471606
0.2695099818511797,0.2073502722323049,0.17876588021778583,0.3443738656987296
0.25991792065663477,0.20656634746922026,0.18103055175558597,0.35248518011855906
0.2626770214709913,0.2023755139333029,0.18181818181818182,0.353129282777524
0.2696276357110812,0.20771646478241365,0.17990130103185284,0.3427545984746523
0.2681614349775785,0.20179372197309417,0.17533632286995515,0.3547085201793722
0.2631103074141049,0.20614828209764918,0.17450271247739602,0.3562386980108499
0.2656894182317911,0.2038479157123225,0.1836921667430142,0.3467704993128722
0.2647058823529412,0.20909926470588236,0.18933823529411764,0.3368566176470588
0.2641165755919854,0.2103825136612022,0.1935336976320583,0.3319672131147541
0.2658802177858439,0.20508166969147004,0.19373865698729584,0.3352994555353902
0.2692656391659112,0.20217588395285585,0.19628286491387126,0.3322756119673617
0.271532184950136,0.21441523118767,0.18812330009066183,0.3259292837715322
0.27264409881061297,0.21363220494053065,0.1889295516925892,0.32479414455626715
0.2736363636363636,0.21227272727272728,0.1890909090909091,0.325
0.2773988176443838,0.21236925875397908,0.19190541155070487,0.31832651205093226
0.2743322770484382,0.20552286102308737,0.20280669986419195,0.3173381620642825
0.2757837346660609,0.20899591094956838,0.20263516583371194,0.3125851885506588
0.27056672760511885,0.20658135283363802,0.21115173674588666,0.3117001828153565
0.27994555353901995,0.2073502722323049,0.2014519056261343,0.31125226860254085
0.28370403994552884,0.2047208352246936,0.2029051293690422,0.30866999546073537
0.2791762013729977,0.20183066361556065,0.20411899313501145,0.3148741418764302
0.2899543378995434,0.20639269406392693,0.20410958904109588,0.29954337899543376
0.29322964318389755,0.19945105215004574,0.19945105215004574,0.30786825251601097
0.2786660575605299,0.19917770671539517,0.20511649154865236,0.3170397441754226
0.2786506469500924,0.19963031423290203,0.19362292051756008,0.32809611829944546
0.2720519962859796,0.19498607242339833,0.19127205199628597,0.34168987929433614
0.27450980392156865,0.191062471500228,0.19607843137254902,0.3383492932056544
0.28207503473830475,0.19407132931912924,0.18341824918943955,0.34043538675312646
0.28538175046554937,0.20018621973929238,0.18482309124767227,0.329608938547486
0.2905747126436782,0.1967816091954023,0.18528735632183907,0.3273563218390805
0.2889595638346206,0.19718309859154928,0.18173557473875512,0.33212176283507494
0.2800365463682047,0.20511649154865236,0.19415258108725444,0.32069438099588854
0.279111916628908,0.20661531490711374,0.19664703217036703,0.31762573629361124
0.27404718693284935,0.205535390199637,0.20372050816696916,0.31669691470054445
0.2653618570778334,0.21028675466545288,0.20345926263086025,0.32089212562585345
0.25664115263394865,0.2089149031967582,0.21026564610535795,0.32417829806393517
0.24580498866213152,0.20272108843537415,0.2199546485260771,0.33151927437641726
0.24271402550091076,0.20947176684881602,0.2167577413479053,0.33105646630236796
0.2408011178388449,0.20260829063809968,0.2128551467163484,0.34373544480670704
0.23728813559322035,0.1983508932661475,0.20934493815849747,0.3550160329821347
0.24175824175824176,0.19688644688644688,0.20924908424908426,0.35210622710622713
0.2519397535371976,0.19260611592879964,0.2026471930625285,0.35280693747147424
0.2663018695850433,0.19151846785225718,0.19744642042863658,0.3447332421340629
0.2703804347826087,0.19519927536231885,0.18704710144927536,0.3473731884057971
0.2643312101910828,0.1897179253867152,0.18653321201091902,0.359417652411283
0.269019248395967,0.18973418881759854,0.1837763519706691,0.35747021081576535
0.25842178126442084,0.19381633594831565,0.18320258421781263,0.36455929856945085
0.26263086026399635,0.19208010923987257,0.18798361401911698,0.35730541647701414
0.262964662689307,0.19045433685176685,0.18815970628728776,0.35842129417163837
0.2600182149362477,0.19398907103825136,0.18442622950819673,0.36156648451730417
0.2557718424626528,0.19375282933454052,0.18696242643730196,0.36351290176550477
0.2656743346865133,0.19440685611186287,0.18267929634641408,0.3572395128552097
0.2595802919708029,0.1957116788321168,0.18567518248175183,0.3590328467153285
0.2640218878248974,0.18741450068399454,0.18878248974008208,0.359781121751026
0.2628467485220555,0.18963165075034105,0.18644838562983174,0.36107321509777174
0.2713248638838475,0.17831215970961886,0.1896551724137931,0.3607078039927405
0.27039413382218147,0.17231897341888175,0.1924839596700275,0.36480293308890926
0.2641509433962264,0.1767142199723884,0.19926369075011505,0.3598711458812701
0.26198083067092653,0.17845732542218165,0.19625741670470104,0.3633044272021908
0.2649066909421939,0.18252162039144287,0.1943559399180701,0.35821574874829315
0.26627218934911245,0.18252162039144287,0.19071461083295402,0.3604915794264907
0.26738934056007224,0.18066847335140018,0.19647696476964768,0.35546522131887986
0.2728106373223292,0.1746905089408528,0.1953232462173315,0.35717560751948646
0.2664548343168407,0.16749886518384022,0.20063549704947797,0.3654108034498411
0.268370607028754,0.16887266088544045,0.1994523048836148,0.3633044272021908
0.25679347826086957,0.1838768115942029,0.20018115942028986,0.3591485507246377
0.2627080521817364,0.1902834008097166,0.18893387314439947,0.35807467386414754
0.2573496155585708,0.1931252826775215,0.18588873812754408,0.36363636363636365
0.2554347826086957,0.20516304347826086,0.18070652173913043,0.358695652173913
0.26614750343563903,0.19468621163536418,0.18552450755840585,0.35364177737059094
0.25806451612903225,0.1940027260336211,0.18355293048614266,0.364379827351204
0.2635197066911091,0.1915673693858845,0.1851512373968836,0.35976168652612284
0.26184997699033596,0.19926369075011505,0.18315692590888172,0.3557294063506673
0.262551819438047,0.2017503454629203,0.18424689083371718,0.35145094426531553
0.26498855835240276,0.19908466819221968,0.18810068649885583,0.34782608695652173
0.2666969559291231,0.19945479327578375,0.18945933666515222,0.34438891412994094
0.26690876078075354,0.20063549704947797,0.1929187471629596,0.3395369950068089
0.2791647753064004,0.19155696777122105,0.18293236495687698,0.3463458919655016
0.27625056331680936,0.19242902208201892,0.17710680486705724,0.3542136097341145
0.2731818181818182,0.195,0.18636363636363637,0.34545454545454546
0.27355484751934456,0.19845243513882568,0.18752844788347747,0.3404642694583523
0.27338782924613986,0.1930063578564941,0.19028156221616713,0.34332425068119893
0.27564102564102566,0.19734432234432234,0.18406593406593408,0.34294871794871795
0.27338782924613986,0.1980018165304269,0.1821071752951862,0.34650317892824706
0.27463503649635035,0.19525547445255476,0.18339416058394162,0.3467153284671533
0.27110091743119263,0.19587155963302752,0.1834862385321101,0.3495412844036697
0.2697759487882945,0.1929583904892547,0.18975765889346136,0.3475080018289895
0.2750689972401104,0.18813247470101196,0.18951241950321987,0.3472861085556578
0.2768181818181818,0.19227272727272726,0.185,0.3459090909090909
0.2781038374717833,0.19187358916478556,0.19232505643340858,0.3376975169300226
0.2777777777777778,0.1953551912568306,0.18442622950819673,0.3424408014571949
0.2790909090909091,0.19545454545454546,0.18045454545454545,0.345
0.2767494356659142,0.19322799097065463,0.17426636568848758,0.3557562076749436
0.2716499544211486,0.195077484047402,0.18778486782133091,0.3454876937101185
0.2775735294117647,0.19439338235294118,0.19025735294117646,0.33777573529411764
0.27864344637946836,0.20210815765352888,0.18973418881759854,0.3295142071494042
0.28454545454545455,0.19818181818181818,0.19090909090909092,0.32636363636363636
0.2870159453302961,0.19407744874715263,0.18724373576309794,0.3316628701594533
0.2937443336355394,0.19401631912964643,0.18766999093381687,0.32456935630099726
0.2842248413417951,0.19764279238440616,0.1944696282864914,0.3236627379873073
0.2872628726287263,0.1942186088527552,0.2050587172538392,0.3134598012646793
0.2864963503649635,0.18886861313868614,0.19981751824817517,0.3248175182481752
0.29403732362312246,0.18206645425580337,0.19572143832498862,0.32817478379608556
0.304168575355016,0.18460833715071004,0.1896472743930371,0.32157581310123684
0.2981029810298103,0.1910569105691057,0.19241192411924118,0.31842818428184283
0.306177260519248,0.18442256042972247,0.19471799462846912,0.3146821844225604
0.304485727231536,0.18441323062981424,0.19030357951971003,0.3207974626189397
0.30491655390166894,0.18673883626522328,0.1880920162381597,0.3202525935949481
0.31160071942446044,0.18390287769784172,0.17805755395683454,0.32643884892086333
0.3192552225249773,0.1807447774750227,0.17892824704813806,0.32107175295186197
0.32232920678587806,0.18019257221458046,0.18477762494268685,0.31270059605685463
0.3142464498396702,0.1868987631699496,0.1864406779661017,0.3124141090242785
0.3089171974522293,0.18607825295723385,0.1869881710646042,0.3180163785259327
0.3053919347530584,0.18577254191209788,0.1893973719981876,0.3194381513366561
0.304168575355016,0.18873110398534126,0.18460833715071004,0.32249198350893266
0.30248306997742663,0.1855530474040632,0.18645598194130925,0.3255079006772009
0.3018181818181818,0.17909090909090908,0.1831818181818182,0.33590909090909093
0.2988138686131387,0.18065693430656934,0.1865875912408759,0.33394160583941607
0.29379310344827586,0.18666666666666668,0.18666666666666668,0.3328735632183908
0.2907834101382488,0.19078341013824884,0.19170506912442398,0.32672811059907836
0.2995877233165369,0.18506642235455795,0.16994961062757674,0.34539624370132843
0.29784304726938965,0.17576870123910052,0.1776044056906838,0.34878384580082605
0.3019554342883129,0.16780354706684858,0.1823556161891769,0.3478854024556617
0.3140646335912608,0.17023213472917614,0.18070095584888485,0.3350022758306782
0.3148148148148148,0.16666666666666666,0.1838301716350497,0.3346883468834688
0.3083560399636694,0.17665758401453224,0.1807447774750227,0.33424159854677565
0.3087703435804702,0.18264014466546113,0.18083182640144665,0.32775768535262206
0.30199818346957313,0.1893732970027248,0.18346957311534967,0.32515894641235243
0.296043656207367,0.18917689859026832,0.18963165075034105,0.32514779445202363
0.29441163107678325,0.19173103134938665,0.18446160835983644,0.3293957292139936
0.2922727272727273,0.19045454545454546,0.1831818181818182,0.3340909090909091
0.28796755295178006,0.19333032897701669,0.18386660657954032,0.3348355114916629
0.2930800542740841,0.1917684305744007,0.18000904568068749,0.33514246947082765
0.28377767736104836,0.19159511974694984,0.18391323994577496,0.34071396294622686
0.2845379688929552,0.19441903019213175,0.18298261665141813,0.338060384263495
0.2777017783857729,0.20063839489284085,0.17647058823529413,0.3451892384860921
0.2756880733944954,0.19862385321100917,0.18256880733944955,0.3431192660550459
0.27185354691075514,0.19359267734553776,0.17894736842105263,0.35560640732265447
0.2781065088757396,0.19708693673190714,0.17660446062812926,0.34820209376422395
0.279418446160836,0.19809177646524306,0.17810086324398,0.34438891412994094
0.2797107998192499,0.192950745594216,0.18300948938093087,0.34432896520560324
0.272686230248307,0.19413092550790068,0.18239277652370203,0.3507900677200903
0.28916211293260474,0.19398907103825136,0.17941712204007285,0.337431693989071
0.28994082840236685,0.1952662721893491,0.17705962676376877,0.33773327264451525
0.28940217391304346,0.18795289855072464,0.1766304347826087,0.34601449275362317
0.2809954751131222,0.18461538461538463,0.17828054298642534,0.3561085972850679
0.2814344076259646,0.19473445301861098,0.17839310031774852,0.3454380390376759
0.2819926873857404,0.19149908592321754,0.17824497257769653,0.3482632541133455
0.2786811201445348,0.1951219512195122,0.17660343270099368,0.34959349593495936
0.28928247048138056,0.1930063578564941,0.1721162579473206,0.3455949137148047
0.2831215970961887,0.19918330308529947,0.17558983666061706,0.34210526315789475
0.2811791383219955,0.19682539682539682,0.1764172335600907,0.345578231292517
0.2781818181818182,0.19636363636363635,0.17772727272727273,0.3477272727272727
0.26855600539811064,0.1970310391363023,0.17768780926675665,0.3567251461988304
0.2638451148131472,0.19540747411076093,0.1769473210265646,0.36380009004952724
0.26590389016018307,0.1954233409610984,0.1826086956521739,0.3560640732265446
0.2669395179627103,0.1914506593906321,0.1846293769895407,0.3569804456571169
0.26399635867091487,0.19708693673190714,0.18570778334091945,0.3532089212562585
0.26469248291571756,0.1958997722095672,0.18041002277904328,0.358997722095672
0.25956284153005466,0.19444444444444445,0.1871584699453552,0.3588342440801457
0.25610859728506785,0.20135746606334842,0.18416289592760182,0.3583710407239819
0.2533029612756264,0.20182232346241458,0.18906605922551253,0.35580865603644646
0.25125858123569794,0.20091533180778032,0.19359267734553776,0.354233409610984
0.2567878508973769,0.19926369075011505,0.18959963184537507,0.354348826507133
0.2650713299585826,0.19880349746893694,0.18775885872066267,0.34836631385181777
0.26975476839237056,0.1989100817438692,0.17983651226158037,0.35149863760217986
0.27144160583941607,0.19616788321167883,0.17746350364963503,0.35492700729927007
0.267420814479638,0.19457013574660634,0.17737556561085974,0.3606334841628959
0.2797327394209354,0.19198218262806235,0.18396436525612472,0.3443207126948775
0.2745545911375057,0.187756966651439,0.18410232983097305,0.35358611238008225
0.28240109140518416,0.18326512050932242,0.19008640291041382,0.3442473851750796
0.28377153218495016,0.1872166817769719,0.18948322756119673,0.33952855847688124
0.27856167501137913,0.1902594446973145,0.1847974510696404,0.3463814292216659
0.2702947845804989,0.1891156462585034,0.1891156462585034,0.35147392290249435
0.27570722945666815,0.184553210597216,0.17826672653794343,0.36147283340817243
0.2727682596934175,0.18394950405770966,0.18394950405770966,0.3593327321911632
0.27380410022779045,0.17995444191343962,0.19453302961275626,0.35170842824601367
0.2795797167656464,0.17724988579259937,0.19323892188213795,0.3499314755596163
0.284674852205548,0.17689859026830376,0.18872214643019555,0.3497044110959527
0.27264409881061297,0.1848124428179323,0.187099725526075,0.35544373284537967
0.2810516772438803,0.18041704442429737,0.19038984587488667,0.34814143245693563
0.2867579908675799,0.1863013698630137,0.18995433789954339,0.336986301369863
0.28382687927107064,0.1958997722095672,0.18496583143507972,0.33530751708428247
0.28365601080594327,0.20216118865375957,0.18190004502476362,0.33228275551553355
0.28507596067917784,0.20017873100983022,0.18856121537086684,0.3261840929401251
0.28005402971634397,0.19720846465556055,0.1940567312021612,0.32868077442593424
0.27003642987249543,0.20355191256830601,0.19080145719489983,0.3356102003642987
0.2708618331053352,0.19699042407660738,0.19015047879616964,0.34199726402188785
0.2714091526959674,0.20027186225645674,0.19030357951971003,0.3380154055278659
0.2742230347349177,0.19926873857404023,0.18921389396709323,0.3372943327239488
0.2734375,0.1948529411764706,0.19255514705882354,0.3391544117647059
0.27214611872146116,0.19771689497716896,0.19223744292237444,0.3378995433789954
0.2690031861629495,0.20254893035958124,0.1893491124260355,0.33909877105143377
0.27701465201465203,0.20375457875457875,0.1813186813186813,0.33791208791208793
0.2742596810933941,0.2072892938496583,0.17995444191343962,0.33849658314350795
0.2774223034734918,0.21115173674588666,0.1860146252285192,0.32541133455210236
0.27921782628467484,0.20645748067303318,0.1823556161891769,0.33196907685311505
0.272768463978251,0.20299048482102403,0.1830539193475306,0.3411871318531944
0.26678848789401555,0.20100502512562815,0.1886706258565555,0.3435358611238008
0.2811080835603996,0.19482288828337874,0.1916439600363306,0.33242506811989103
0.26972477064220185,0.20045871559633027,0.18990825688073396,0.33990825688073395
0.2755333635950976,0.1979119382660009,0.18883340898774398,0.3377212891511575
0.2804933759707629,0.2055733211512106,0.1836455002284148,0.3302878026496117
0.2783318223028105,0.20534904805077062,0.1840435176790571,0.3322756119673617
0.2822836429542365,0.19845944721341188,0.1862256456728591,0.3330312641594925
0.28603910868576626,0.19463392451114142,0.17871759890859482,0.3406093678944975
0.2867513611615245,0.19237749546279492,0.18284936479128858,0.33802177858439203
0.2890625,0.19393382352941177,0.1879595588235294,0.3290441176470588
0.28081264108352144,0.1986455981941309,0.17923250564334087,0.3413092550790068
0.28046594982078854,0.18996415770609318,0.1868279569892473,0.34274193548387094
0.28324225865209474,0.1848816029143898,0.1885245901639344,0.34335154826958103
0.2857142857142857,0.18543956043956045,0.18543956043956045,0.3434065934065934
0.2921604375569736,0.1804922515952598,0.18505013673655424,0.3422971741112124
0.2932364956876986,0.1861098502042669,0.1852019972764412,0.3354516568315933
0.28978840846366144,0.18537258509659613,0.18629254829806807,0.33854645814167433
0.29201101928374656,0.1859504132231405,0.17998163452708907,0.34205693296602385
0.28667563930013457,0.1888739344997757,0.1816958277254374,0.3427545984746523
0.2830188679245283,0.192722371967655,0.17565139263252472,0.34860736747529203
0.28962730130220027,0.18275707229456667,0.17916479568926807,0.348450830713965
0.2848731884057971,0.1816123188405797,0.18704710144927536,0.34646739130434784
0.29172320217096337,0.18000904568068749,0.18453188602442333,0.3437358661239258
0.29093369418132614,0.17997293640054127,0.18042399639152007,0.34866937302661255
0.2870662460567823,0.17890941865705273,0.18206399278954483,0.3519603424966201
0.2902338376891334,0.17239798257679964,0.1733149931224209,0.36405318661164604
0.28669410150891633,0.1755829903978052,0.17695473251028807,0.3607681755829904
0.2861706983112734,0.17298037425832952,0.1816522136010954,0.3591967138293017
0.28721461187214614,0.17671232876712328,0.18356164383561643,0.35251141552511417
0.2967535436671239,0.18061271147690902,0.17832647462277093,0.3443072702331962
0.3100597152044097,0.178226917776757,0.18190169958658706,0.3298116674322462
0.3005015959872321,0.17555859553123576,0.1906064751481988,0.3333333333333333
0.29639762881896947,0.1851345189238486,0.1878704970360237,0.33059735522115824
0.2982216142270862,0.18695850433196534,0.19288645690834474,0.32193342453260376
0.29438822447102114,0.19089236430542778,0.18859245630174792,0.3261269549218031
0.2889194139194139,0.19917582417582416,0.190018315018315,0.3218864468864469
0.28525345622119813,0.19953917050691244,0.1880184331797235,0.3271889400921659
0.2827681026581118,0.20394133822181484,0.18835930339138404,0.32493125572868925
0.2801998183469573,0.19754768392370572,0.19118982742960944,0.3310626702997275
0.27932450935645825,0.19762665449566408,0.1953445915107257,0.327704244637152
0.2780289330922242,0.195750452079566,0.19258589511754068,0.3336347197106691
0.27813357731015553,0.18755718206770358,0.19990850869167429,0.3344007319304666
0.2817932296431839,0.18618481244281793,0.1989935956084172,0.33302836230558097
0.2840752638825149,0.1913721890775585,0.1964203763194126,0.328132170720514
0.2834249084249084,0.19230769230769232,0.19505494505494506,0.3292124542124542
0.295568752855185,0.19141160347190497,0.18821379625399726,0.3248058474189127
0.28847926267281104,0.18986175115207374,0.19170506912442398,0.32995391705069127
0.2871559633027523,0.1830275229357798,0.1963302752293578,0.33348623853211007
0.28924485125858124,0.18306636155606407,0.19130434782608696,0.33638443935926776
0.2914027149321267,0.1832579185520362,0.19049773755656108,0.334841628959276
0.28792710706150343,0.18132118451025056,0.1958997722095672,0.3348519362186788
0.29176149294492487,0.17523896222121074,0.1998179335457442,0.3331816112881202
0.2842778793418647,0.17413162705667276,0.2006398537477148,0.34095063985374774
0.2849364791288566,0.17286751361161526,0.1969147005444646,0.3452813067150635
0.2855855855855856,0.17432432432432432,0.20135135135135135,0.3387387387387387
0.2883657763693979,0.16930737890448166,0.20461747397012223,0.33770937075599816
0.29045454545454547,0.17136363636363636,0.2081818181818182,0.33
0.2959889349930844,0.1710465652374366,0.21484555094513602,0.318118948824343
0.29797047970479706,0.1757380073800738,0.21263837638376384,0.31365313653136534
0.2990867579908676,0.1780821917808219,0.21598173515981736,0.30684931506849317
0.29532967032967034,0.1749084249084249,0.21520146520146521,0.31456043956043955
0.2877466727856815,0.18311151904543368,0.21340064249655805,0.31574116567232674
0.2970749542961609,0.19012797074954296,0.19972577696526508,0.3130712979890311
0.3010704727921499,0.19625334522747548,0.19223907225691347,0.31043710972346117
0.297554347826087,0.2028985507246377,0.1956521739130435,0.3038949275362319
0.2891674127126231,0.21083258728737692,0.19874664279319607,0.30125335720680396
0.2973708068902992,0.20217588395285585,0.19401631912964643,0.30643699002719854
0.2968892955169259,0.2031107044830741,0.1948764867337603,0.3051235132662397
0.3,0.2055299539170507,0.19400921658986175,0.30046082949308756
0.2972107910379515,0.2011888431641518,0.1957018747142204,0.3058984910836763
0.29516423357664234,0.1947992700729927,0.19936131386861314,0.3106751824817518
0.291970802919708,0.19936131386861314,0.19297445255474452,0.3156934306569343
0.29218106995884774,0.2007315957933242,0.19478737997256515,0.3122999542752629
0.2982695810564663,0.19672131147540983,0.1953551912568306,0.30965391621129323
0.29454545454545455,0.20045454545454544,0.1990909090909091,0.3059090909090909
0.3005038937242327,0.2038479157123225,0.19422812643151627,0.3014200641319285
0.29305555555555557,0.19768518518518519,0.1962962962962963,0.31296296296296294
0.28789279112754157,0.19685767097966728,0.19916820702402957,0.31608133086876156
0.2972107910379515,0.19250114311842706,0.19661636945587563,0.3136716963877458
0.29065588499550765,0.1931716082659479,0.20035938903863432,0.31581311769991016
0.2938260477692654,0.18882379450202794,0.1928796755295178,0.32447048219918884
0.29451438848920863,0.18839928057553956,0.1928956834532374,0.32419064748201437
0.295,0.19,0.20045454545454544,0.3145454545454546
0.29876089949518125,0.19963285910968334,0.19596145020651676,0.30564479118861865
0.2883742052679382,0.203905540417802,0.1930063578564941,0.31471389645776565
0.29204339963833637,0.19394213381555153,0.19529837251356238,0.31871609403254975
0.2892711634223631,0.18650973291081938,0.20416478044363964,0.3200543232231779
0.2959416324669403,0.19334245326037391,0.19015047879616964,0.32056543547651617
0.29473684210526313,0.18901601830663617,0.19679633867276888,0.3194508009153318
0.28396739130434784,0.19202898550724637,0.20833333333333334,0.31567028985507245
0.2885936784241869,0.19651855245075583,0.21026110856619332,0.30462666055886395
0.28682882055988984,0.1964203763194126,0.2101881597062873,0.3065626434144103
0.29580674567000914,0.190975387420237,0.21923427529626252,0.29398359161349136
0.29631336405529957,0.18940092165898617,0.21474654377880184,0.2995391705069124
0.2874033651659845,0.19918144611186903,0.2100954979536153,0.30331969076853116
0.2924613987284287,0.19845594913714804,0.2025431425976385,0.3065395095367847
0.2830699774266366,0.20045146726862303,0.2,0.3164785553047404
0.2736363636363636,0.1918181818181818,0.20954545454545453,0.325
0.2742960944595822,0.19255222524977295,0.2161671207992734,0.3169845594913715
0.2753755120619026,0.1939007737824306,0.20573509330905781,0.324988620846609
0.27608200455580867,0.19863325740318907,0.19681093394077448,0.3284738041002278
0.2661179698216735,0.19753086419753085,0.2007315957933242,0.3356195701874714
0.26289592760180996,0.19592760180995475,0.2072398190045249,0.3339366515837104
0.25815217391304346,0.19972826086956522,0.20606884057971014,0.33605072463768115
0.25586642599277976,0.20487364620938628,0.20803249097472923,0.3312274368231047
0.2572595281306715,0.20190562613430127,0.21460980036297642,0.3262250453720508
0.2617871576111361,0.2020655590480467,0.20341266277503367,0.33273462056578357
0.26627218934911245,0.20391442876649976,0.20118343195266272,0.32862994993172506
0.26428898033836307,0.19981710105166894,0.205761316872428,0.33013260173754
0.26793151318833874,0.2086996760758908,0.1980564553447478,0.32531235539102266
0.26282051282051283,0.2078754578754579,0.19826007326007325,0.33104395604395603
0.2677919708029197,0.20757299270072993,0.1875,0.33713503649635035
0.268003646308113,0.20829535095715587,0.19051959890610756,0.33318140382862355
0.2679708826205642,0.20746132848043677,0.18562329390354868,0.33894449499545043
0.27334542157751585,0.1958295557570263,0.19265639165911153,0.3381686310063463
0.2747152619589977,0.19544419134396354,0.1845102505694761,0.34533029612756266
0.2789115646258503,0.19863945578231293,0.18321995464852608,0.33922902494331064
0.27873303167420815,0.19276018099547512,0.18552036199095023,0.3429864253393665
0.27983539094650206,0.19753086419753085,0.17695473251028807,0.345679012345679
0.27285191956124316,0.1983546617915905,0.17778793418647165,0.3510054844606947
0.26766304347826086,0.18931159420289856,0.1875,0.3555253623188406
0.26660600545950863,0.18016378525932666,0.18835304822565968,0.364877161055505
0.26496116948378257,0.19643672910004567,0.1795340338053906,0.3590680676107812
0.26025524156791247,0.190975387420237,0.18094804010938925,0.3678213309024613
0.2593607305936073,0.19908675799086759,0.17945205479452056,0.36210045662100454
0.25862068965517243,0.1999068033550792,0.18080149114631874,0.36067101584342964
0.24840474020054695,0.19690063810391978,0.18778486782133091,0.3669097538742024
