C,D,Oc,Od
0.0,0.0,1.0,0.0
0.0,0.0,1.0,0.0
0.0,0.0,0.7777777777777778,0.2222222222222222
0.11764705882352941,0.0,0.6470588235294118,0.23529411764705882
0.1,0.06666666666666667,0.6,0.23333333333333334
0.12,0.08,0.56,0.24
0.13414634146341464,0.08536585365853659,0.5121951219512195,0.2682926829268293
0.15079365079365079,0.10317460317460317,0.47619047619047616,0.2698412698412698
0.16756756756756758,0.10810810810810811,0.4702702702702703,0.25405405405405407
0.1693548387096774,0.14919354838709678,0.4274193548387097,0.2540322580645161
0.17337461300309598,0.17647058823529413,0.3931888544891641,0.25696594427244585
0.18944844124700239,0.18705035971223022,0.36930455635491605,0.2541966426858513
0.2029520295202952,0.1992619926199262,0.35608856088560886,0.24169741697416974
0.1902654867256637,0.21976401179941002,0.3407079646017699,0.24926253687315633
0.1777509068923821,0.22974607013301088,0.33252720677146314,0.2599758162031439
0.1780264496439471,0.23906408952187183,0.31637843336724314,0.26653102746693796
0.17446808510638298,0.2527659574468085,0.30553191489361703,0.2672340425531915
0.17655897821187078,0.24868519909842224,0.3012772351615327,0.2734785875281743
0.17745163442294865,0.2621747831887925,0.28619079386257507,0.2741827885256838
0.17716049382716048,0.25617283950617287,0.27839506172839507,0.2882716049382716
0.1803561171740379,0.2584721424468696,0.2745548535324526,0.2866168868466399
0.18544474393530996,0.2522911051212938,0.27870619946091646,0.2835579514824798
0.19753719856336582,0.2514109799897383,0.27090815802975887,0.280143663417137
0.19912790697674418,0.250484496124031,0.27761627906976744,0.27277131782945735
0.19345794392523363,0.25373831775700934,0.27710280373831775,0.2757009345794392
0.1889655172413793,0.2574712643678161,0.28,0.2735632183908046
0.18888888888888888,0.25733333333333336,0.2831111111111111,0.27066666666666667
0.18928414580588493,0.25911286780852,0.2828282828282828,0.26877470355731226
0.19053876478318002,0.2566798072711345,0.2812089356110381,0.2715724923346474
0.19404292597459483,0.2544897065265002,0.28690319754708715,0.2645641699518178
0.19302120141342757,0.25574204946996465,0.2848939929328622,0.2663427561837456
0.1882404563405002,0.2606406318560772,0.282141290039491,0.26897762176393153
0.19402985074626866,0.25636523266022826,0.2835820895522388,0.2660228270412643
0.1905602117335686,0.25275694750771943,0.2814292015880018,0.27525363917071016
0.19496021220159152,0.253315649867374,0.27718832891246686,0.27453580901856767
0.20201577563540754,0.2502191060473269,0.2782646801051709,0.26950043821209463
0.19404292597459483,0.2544897065265002,0.27989487516425754,0.2715724923346474
0.1903914590747331,0.2606761565836299,0.2780249110320285,0.2709074733096085
0.19544846050870146,0.2597054886211513,0.2829094154395359,0.26193663543061135
0.19449378330373002,0.26465364120781526,0.28285968028419184,0.2579928952042629
0.19685726756874727,0.2693147097337407,0.27324312527280664,0.26058489742470536
0.2013979903888161,0.2634338138925295,0.272608125819135,0.26256006989951947
0.19806763285024154,0.26877470355731226,0.2722880983750549,0.2608695652173913
0.20601237842617154,0.2656940760389036,0.2661361626878868,0.26215738284703805
0.20367132867132867,0.2631118881118881,0.26704545454545453,0.26617132867132864
0.20455540954883925,0.2636881296539641,0.2671922908453789,0.2645641699518178
0.20783795684720388,0.2628797886393659,0.2633201232937032,0.265962131219727
0.20604997807978956,0.2626041209995616,0.263042525208242,0.26830337571240687
0.20844327176781002,0.2647317502198769,0.2678100263852243,0.2590149516270888
0.20490367775831875,0.2683887915936953,0.2679509632224168,0.2587565674255692
0.20824199912319158,0.2656729504603244,0.27093380096448927,0.25515124945199474
0.20656455142231947,0.2577680525164114,0.2774617067833698,0.25820568927789933
0.20893561103810776,0.26412614980289095,0.2768287341217696,0.2501095050372317
0.21202809482001755,0.2647058823529412,0.2704126426690079,0.2528533801580334
0.20743034055727555,0.26448474126492705,0.26846528084918175,0.25961963732861565
0.21281263712154452,0.26239578762615184,0.26590609916630104,0.25888547608600265
0.21381434227892654,0.2635283765948086,0.26176858776946765,0.2608886933567972
0.21840598855129897,0.2716864817261119,0.25803610744165567,0.2518714222809335
0.22178477690288714,0.2694663167104112,0.25284339457567806,0.2559055118110236
0.2303943287549845,0.2711564023039433,0.2467877713779353,0.2516614975631369
0.2247926669576604,0.2789175032736796,0.2426887821911829,0.2536010475774771
0.21925601750547047,0.28533916849015317,0.24157549234135667,0.2538293216630197
0.22241758241758242,0.2742857142857143,0.24351648351648353,0.25978021978021976
0.223841059602649,0.27991169977924946,0.23841059602649006,0.2578366445916115
0.22153846153846155,0.2795604395604396,0.2421978021978022,0.2567032967032967
0.22236900044033464,0.2862175253192426,0.23734037868780272,0.25407309555262
0.22236900044033464,0.28753852928225454,0.23734037868780272,0.2527520915896081
0.22497824194952132,0.2845953002610966,0.23411662315056572,0.25630983463881635
0.2213875386654883,0.2898806893504198,0.23243482103402563,0.25629695095006627
0.2178304787000439,0.287659200702679,0.23715415019762845,0.25735617039964864
0.2225623087013555,0.28771316134674246,0.23130738959335373,0.2584171403585483
0.22665497588776853,0.28452433143358175,0.22840859272249014,0.2604120999561596
0.22139084507042253,0.28257042253521125,0.23371478873239437,0.2623239436619718
0.22393312802463705,0.2745270567531896,0.23493180818301804,0.2666080070391553
0.21862527716186253,0.2842572062084257,0.23636363636363636,0.2607538802660754
0.21604938271604937,0.2830687830687831,0.23500881834215168,0.26587301587301587
0.222663139329806,0.2848324514991182,0.23544973544973544,0.2570546737213404
0.22508741258741258,0.28496503496503495,0.23076923076923078,0.25917832167832167
0.2275711159737418,0.27964989059080964,0.2350109409190372,0.2577680525164114
0.22723253757736517,0.27984084880636606,0.23651635720601238,0.2564102564102564
0.22419140451927339,0.281346920691183,0.24280017722640673,0.2516614975631369
0.2237017310252996,0.28406569019085665,0.2396804260985353,0.25255215268530845
0.22781456953642384,0.28300220750551874,0.23752759381898456,0.25165562913907286
0.2326710816777042,0.280794701986755,0.23487858719646798,0.25165562913907286
0.23516483516483516,0.28,0.23604395604395603,0.24879120879120878
0.2304635761589404,0.2785871964679912,0.23885209713024283,0.2520971302428256
0.23744493392070484,0.2748898678414097,0.2365638766519824,0.2511013215859031
0.24100087796312555,0.262071992976295,0.24539069359086918,0.2515364354697103
0.24615384615384617,0.25758241758241757,0.24571428571428572,0.25054945054945055
0.25189141076991545,0.260347129506008,0.24121050289274587,0.24655095683133066
0.24889282550930025,0.258193091231178,0.24933569530558017,0.24357838795394154
0.24715660542432197,0.26027996500437445,0.2410323709536308,0.2515310586176728
0.23956043956043957,0.26373626373626374,0.24351648351648353,0.2531868131868132
0.24666666666666667,0.2608888888888889,0.23955555555555555,0.2528888888888889
0.24911660777385158,0.25662544169611307,0.24425795053003532,0.25
0.24405286343612334,0.25859030837004404,0.2515418502202643,0.24581497797356827
0.24437582708425232,0.25849139832377593,0.24525805028672254,0.2518747243052492
0.2483574244415243,0.2619360490582567,0.2352168199737188,0.2544897065265002
0.24834874504623514,0.2655217965653897,0.23029502421840597,0.25583443416996915
0.2480349344978166,0.26026200873362443,0.23449781659388647,0.2572052401746725
0.24900486510393632,0.254312251216276,0.23662096417514375,0.26006191950464397
0.24479858344400177,0.26206285967242143,0.2337317397078353,0.2594068171757415
0.23883237505528526,0.25696594427244585,0.23706324635117204,0.26713843432109685
0.23938053097345133,0.2597345132743363,0.23495575221238937,0.265929203539823
0.23279714030384271,0.26005361930294907,0.23905272564789992,0.2680965147453083
0.2291304347826087,0.2643478260869565,0.23652173913043478,0.27
0.22761358623731803,0.2611380679311866,0.24481693868548743,0.26643140714600794
0.2261747913921827,0.26745718050065875,0.24462011418533158,0.26174791392182695
0.226431718061674,0.27048458149779736,0.24140969162995596,0.2616740088105727
0.22657281126264847,0.2701275846898372,0.23713154421469423,0.26616805983282005
0.23114035087719298,0.25877192982456143,0.24078947368421053,0.2692982456140351
0.22749445676274946,0.2647450110864745,0.2407982261640798,0.26696230598669624
0.22743362831858407,0.2650442477876106,0.24336283185840707,0.26415929203539823
0.2249119718309859,0.261443661971831,0.2442781690140845,0.26936619718309857
0.22992056487202117,0.263901147396293,0.24271844660194175,0.263459841129744
0.22419140451927339,0.2658396101019052,0.24944616747895437,0.2605228178998671
0.23083700440528634,0.2621145374449339,0.24933920704845816,0.2577092511013216
0.23009623797025372,0.26202974628171477,0.2489063867016623,0.2589676290463692
0.22470433639947437,0.2597459483136224,0.24967148488830487,0.2658782303985983
0.22815533980582525,0.2533097969991174,0.25419240953221534,0.26434245366284204
0.22594880847308033,0.2594880847308032,0.24889673433362755,0.265666372462489
0.22487826471890218,0.2594068171757415,0.249667994687915,0.26604692341744135
0.2235861464270057,0.2639193336256028,0.24857518632178868,0.2639193336256028
0.22723292469352013,0.266199649737303,0.239492119089317,0.2670753064798599
0.22765301629238222,0.2619991193306913,0.23866138265081463,0.2716864817261119
0.22749445676274946,0.26430155210643014,0.2385809312638581,0.26962305986696233
0.22683566433566432,0.26005244755244755,0.23776223776223776,0.27534965034965037
0.22088353413654618,0.26238286479250333,0.23962516733601072,0.27710843373493976
0.22261640798226165,0.25587583148558757,0.24124168514412417,0.2802660753880266
0.22012302284710017,0.257908611599297,0.24428822495606328,0.27768014059753954
0.22173339199296085,0.25824901011878576,0.2424109106907171,0.2776066871975363
0.22340425531914893,0.25842198581560283,0.2398049645390071,0.2783687943262411
0.22236842105263158,0.25833333333333336,0.24035087719298245,0.2789473684210526
0.22579225352112675,0.2522007042253521,0.24295774647887325,0.2790492957746479
0.22553751645458534,0.24703817463799913,0.24879333040807372,0.2786309784993418
0.2269315673289183,0.25121412803532006,0.24635761589403973,0.27549668874172184
0.2252894033837934,0.25066785396260016,0.2471059661620659,0.2769367764915405
0.22632281013783903,0.25033348154735435,0.24544241885282347,0.2779012894619831
0.22291296625222023,0.2477797513321492,0.24866785079928952,0.28063943161634103
0.22000885347498894,0.2558654271801682,0.24258521469676847,0.2815405046480744
0.219886114761279,0.2566798072711345,0.240473061760841,0.2829610162067455
0.2204724409448819,0.2567804024496938,0.2379702537182852,0.2847769028871391
0.22217314487632508,0.25618374558303886,0.23807420494699646,0.2835689045936396
0.22076788830715532,0.256108202443281,0.2281849912739965,0.2949389179755672
0.2218804920913884,0.26142355008787344,0.22803163444639718,0.28866432337434095
0.22507753655294638,0.2556490917146655,0.23172352680549402,0.2875498449268941
0.22315882874889087,0.2595385980479148,0.23070097604259096,0.28660159716060335
0.2243447356730342,0.26166148378498444,0.22789871168369613,0.28609506885828523
0.2227093380096449,0.2661113546690048,0.2253397632617273,0.285839544059623
0.22256365232660227,0.26733977172958734,0.22651448639157157,0.2835820895522388
0.22899434044405748,0.2655637788419678,0.2220287331301698,0.283413147583805
0.23498233215547704,0.2579505300353357,0.22393992932862192,0.2831272084805654
0.23897707231040563,0.25749559082892415,0.222663139329806,0.2808641975308642
0.24119718309859156,0.25704225352112675,0.2244718309859155,0.2772887323943662
0.23646850044365572,0.26308784383318545,0.22759538598047915,0.27284826974267967
0.24658740642888596,0.25891677675033026,0.22589167767503301,0.26860413914575076
0.2439877568867512,0.25623087013554874,0.23174464363795366,0.26803672933974637
0.24304021210782148,0.2554131683605833,0.23199292973928415,0.2695536897923111
0.24406332453825857,0.25725593667546176,0.22955145118733508,0.2691292875989446
0.24607329842931938,0.2587260034904014,0.22469458987783594,0.2705061082024433
0.24735449735449735,0.25793650793650796,0.22178130511463845,0.27292768959435626
0.24456280514869064,0.26187305814469597,0.22148246782068354,0.2720816688859299
0.24780701754385964,0.26096491228070173,0.21929824561403508,0.2719298245614035
0.2444933920704846,0.25594713656387663,0.22070484581497798,0.2788546255506608
0.24295774647887325,0.24955985915492956,0.22799295774647887,0.2794894366197183
0.2427055702917772,0.2480106100795756,0.23474801061007958,0.27453580901856767
0.24559859154929578,0.25308098591549294,0.22535211267605634,0.27596830985915494
0.24283825473776993,0.25429704715733803,0.2260907888937858,0.27677390921110623
0.24558303886925795,0.25530035335689044,0.22393992932862192,0.2751766784452297
0.24636403702071397,0.2617893345085941,0.22300572939620977,0.26884089907448216
0.24529128339903636,0.2597459483136224,0.22558037669732808,0.26938239159001315
0.25,0.2591943957968476,0.2202276707530648,0.27057793345008757
0.2523076923076923,0.2663736263736264,0.21846153846153846,0.26285714285714284
0.25466666666666665,0.268,0.21688888888888888,0.2604444444444444
0.2540587977182975,0.26810004387889425,0.21939447125932426,0.258446687143484
0.2548932384341637,0.2682384341637011,0.21263345195729538,0.26423487544483987
0.2632281013783904,0.2663405958203646,0.20497999110715873,0.26545131169408626
0.26415929203539823,0.2738938053097345,0.20575221238938052,0.25619469026548675
0.2623674911660777,0.2787102473498233,0.2058303886925795,0.25309187279151946
0.2633908809207614,0.2793271359008411,0.20318725099601595,0.2540947321823816
0.25796595373199477,0.27848101265822783,0.2020951549541685,0.2614578786556089
0.25843188786684185,0.2833990363556724,0.19579500657030224,0.26237406920718354
0.25762262483429077,0.28590366769774633,0.1931064958020327,0.2633672116659302
0.26541320507214694,0.2829033668561434,0.19064276344556186,0.2610406646261478
0.27300884955752214,0.27876106194690264,0.18805309734513273,0.26017699115044246
0.26891123742894624,0.28377787494534323,0.18627022299956275,0.2610406646261478
0.26918018412976763,0.28452433143358175,0.183691363437089,0.2626041209995616
0.269010989010989,0.2826373626373626,0.18373626373626373,0.26461538461538464
0.26840017628911417,0.28338475099162624,0.1864257382106655,0.2617893345085941
0.273568281938326,0.28325991189427313,0.1907488986784141,0.25242290748898677
0.26816380449141347,0.28225451343020697,0.18626155878467635,0.2633201232937032
0.26884531590413946,0.281917211328976,0.18387799564270152,0.265359477124183
0.2701275846898372,0.27804663440387156,0.18521777386713595,0.2666080070391553
0.27575488454706926,0.27708703374777977,0.1771758436944938,0.2699822380106572
0.28027984258854394,0.2772190642763446,0.17665063401836467,0.2658504591167468
0.28286852589641437,0.27534307215582116,0.17397078353253653,0.267817618415228
0.28080357142857143,0.27901785714285715,0.17455357142857142,0.265625
0.2937554969217238,0.2770448548812665,0.17326297273526825,0.2559366754617414
0.2904929577464789,0.28389084507042256,0.1637323943661972,0.26188380281690143
0.29352137505509035,0.2855883649184663,0.16483032172763332,0.2560599382988101
0.2968197879858657,0.28136042402826855,0.1612190812720848,0.26060070671378094
0.29312638580931266,0.28292682926829266,0.15964523281596452,0.26430155210643014
0.2951833848873177,0.28501988510826337,0.15996464869642069,0.25983208130799823
0.29524640209332753,0.28259921500218055,0.16179677278674226,0.26035761011774966
0.2928540113985094,0.283647523016221,0.16440157825515125,0.2590968873301184
0.2919805050952592,0.28666371289322107,0.16127603012848915,0.26007975188303056
0.28970718722271516,0.2852706299911269,0.1668145519077196,0.25820763087843834
0.2916848062690466,0.2781889420983892,0.16499782324771442,0.2651284283848498
0.2940663176265271,0.27356020942408377,0.16666666666666666,0.26570680628272253
0.29084537888742884,0.2759526938239159,0.16951379763469118,0.2636881296539641
0.28839441535776617,0.2705061082024433,0.16928446771378708,0.2718150087260035
0.2858403176003529,0.2681958535509484,0.17776797529775032,0.2681958535509484
0.28370044052863436,0.26343612334801764,0.17885462555066078,0.2740088105726872
0.27893569844789357,0.27405764966740576,0.17516629711751663,0.27184035476718404
0.2745183887915937,0.26970227670753066,0.17994746059544658,0.27583187390542907
0.2795085563843791,0.2738043001316367,0.17770952172005267,0.26897762176393153
0.2702108963093146,0.27855887521968364,0.18233743409490333,0.2688927943760984
0.2760600706713781,0.2773851590106007,0.18286219081272084,0.26369257950530034
0.27264653641207814,0.28063943161634103,0.18339253996447602,0.2633214920071048
0.27636203866432335,0.27855887521968364,0.18453427065026362,0.26054481546572933
0.27421494913754973,0.27156125608137993,0.19150818222025653,0.26271561256081377
0.275,0.2657894736842105,0.1912280701754386,0.2679824561403509
0.27526132404181186,0.2682926829268293,0.19599303135888502,0.2604529616724739
0.2786526684164479,0.2672790901137358,0.19116360454943132,0.26290463692038496
0.28363475959417733,0.26378473753859727,0.1905602117335686,0.2620202911336568
0.28464912280701754,0.26973684210526316,0.18771929824561404,0.2578947368421053
0.27994734532689775,0.2702939885914875,0.18429135585783238,0.26546731022378234
0.2809038546743465,0.2764731945059814,0.18387239698715108,0.25875055383252105
0.28829225352112675,0.2706866197183099,0.1817781690140845,0.2592429577464789
0.2855263157894737,0.2692982456140351,0.17763157894736842,0.2675438596491228
0.28646748681898065,0.2702108963093146,0.17926186291739896,0.2640597539543058
0.2858411007545495,0.26897470039946736,0.18153573013759433,0.2636484687083888
0.2884275618374558,0.27385159010600707,0.18021201413427562,0.2575088339222615
0.29721362229102166,0.26581158779301195,0.1826625386996904,0.254312251216276
0.29563318777292574,0.2698689956331878,0.18384279475982532,0.25065502183406113
0.29341581970835173,0.2664604507291206,0.18250110472823686,0.25762262483429077
0.2907644719399028,0.26601855943437913,0.18471056120194432,0.25850640742377373
0.2907334211682038,0.27053140096618356,0.18093983311374615,0.2577953447518665
0.29365079365079366,0.26499118165784835,0.18738977072310406,0.25396825396825395
0.2896825396825397,0.263668430335097,0.19444444444444445,0.25220458553791886
0.2909728308501315,0.2572304995617879,0.19588080631025417,0.25591586327782645
0.29042179261862916,0.2526362038664323,0.19815465729349738,0.2587873462214411
0.28969482529854046,0.25254312251216277,0.19858469703670942,0.25917735515258733
0.2804395604395604,0.25758241758241757,0.1978021978021978,0.2641758241758242
0.27602799650043747,0.2537182852143482,0.20034995625546806,0.2699037620297463
0.27586206896551724,0.24967263203841117,0.2047140986468791,0.2697512003491925
0.27660510114335973,0.24758135444151275,0.21108179419525067,0.2647317502198769
0.27516483516483514,0.2553846153846154,0.21054945054945054,0.2589010989010989
0.2737210319195453,0.2606034105815479,0.20507214691735898,0.2606034105815479
0.2699602999558888,0.25584472871636527,0.2121746801940891,0.2620202911336568
0.27681352914997776,0.25723186470850024,0.20160213618157544,0.2643524699599466
0.27931488801054016,0.24769433465085638,0.2028985507246377,0.27009222661396576
0.2746478873239437,0.25088028169014087,0.20158450704225353,0.272887323943662
0.27300884955752214,0.25088495575221237,0.2004424778761062,0.2756637168141593
0.26961858833844804,0.2617273125822008,0.1972818939061815,0.2713722051731697
0.26763031099430573,0.2628120893561104,0.2014892685063513,0.2680683311432326
0.2669603524229075,0.26255506607929513,0.20572687224669603,0.2647577092511013
0.2703180212014134,0.26325088339222613,0.20053003533568906,0.2659010600706714
0.2709705753184014,0.26130873956960915,0.20070267896354854,0.26701800614844096
0.2692476902771667,0.2578090629124505,0.19665640123185218,0.27628684557853056
0.2708150744960561,0.2598597721297108,0.1971954425942156,0.2721297107800175
0.27353071144498453,0.25320371188687585,0.19443216968625718,0.27883340698188247
0.26479750778816197,0.2634623943035158,0.19314641744548286,0.27859368046283933
0.26512455516014233,0.25934163701067614,0.19261565836298933,0.28291814946619215
0.26831421006178285,0.2586054721977052,0.19726390114739628,0.2758164165931156
0.26763031099430573,0.26237406920718354,0.1927288655278143,0.27726675427069647
0.27028218694885364,0.2605820105820106,0.19091710758377425,0.27821869488536155
0.2706401766004415,0.2596026490066225,0.18896247240618103,0.280794701986755
0.2726069695632995,0.2523158359064843,0.18835465372739302,0.2867225408028231
0.2671688081524147,0.256978289765175,0.18697385910500663,0.28887904297740363
0.27028218694885364,0.25,0.18915343915343916,0.29056437389770723
0.2730465320456541,0.2510974539069359,0.1900790166812994,0.2857769973661106
0.26849800620292424,0.25387682764731945,0.1896322552060257,0.28799291094373064
0.2692476902771667,0.25296964364276286,0.1922569291684998,0.2855257369115706
0.27007943512797883,0.25684024713150927,0.19196822594880847,0.28111209179170343
0.2719720157411456,0.2505465675557499,0.19326628771316134,0.28421512898994317
0.2680140597539543,0.2513181019332162,0.1968365553602812,0.28383128295254834
0.26988382484361034,0.24441465594280606,0.19571045576407506,0.2899910634495085
0.27224669603524226,0.24625550660792953,0.19515418502202644,0.28634361233480177
0.26973684210526316,0.24868421052631579,0.1912280701754386,0.29035087719298247
0.27209403569873747,0.2525032651284284,0.1911188506747932,0.28428384849804095
0.27336551118911806,0.25362000877577884,0.18780166739798157,0.28521281263712156
0.2675496688741722,0.25518763796909494,0.18984547461368653,0.28741721854304636
0.2657497781721384,0.25377107364685003,0.19787045252883761,0.2826086956521739
0.26666666666666666,0.2507726269315673,0.19381898454746138,0.28874172185430463
0.25766871165644173,0.25547765118317267,0.20639789658194566,0.28045574057843997
0.26225165562913905,0.2556291390728477,0.20176600441501102,0.2803532008830022
0.25736911570611526,0.2578090629124505,0.20413550373955125,0.28068631764188295
0.25363917071018965,0.2571680635200706,0.2046757829730922,0.28451698279664756
0.2563989408649603,0.25772285966460723,0.20344218887908208,0.2824360105913504
0.2570796460176991,0.25486725663716814,0.2097345132743363,0.27831858407079646
0.25584472871636527,0.250992501102779,0.21305690339655933,0.28010586678429644
0.2541998231653404,0.2471264367816092,0.21839080459770116,0.28028293545534927
0.25763612217795484,0.24524125719344844,0.2182381584772023,0.2788844621513944
0.2490118577075099,0.2481335090030742,0.22002635046113306,0.2828282828282828
0.24549846288976723,0.2547211242863417,0.22090469916556874,0.27887571365832237
0.24867724867724866,0.24559082892416226,0.2275132275132275,0.27821869488536155
0.24812030075187969,0.24281291463954002,0.22821760283060594,0.28084918177797435
0.2423043095866315,0.24582233948988566,0.22999120492524186,0.28188214599824096
0.24768620537681799,0.24019391802556192,0.23358307624504188,0.2785368003525782
0.2483429076447194,0.23862129916040653,0.23773751657092354,0.2752982766239505
0.24978089395267308,0.23751095530236635,0.24189307624890447,0.2708150744960561
0.2512098548174219,0.2380114386273647,0.24285085789705235,0.267927848658161
0.25165271044513,0.24239753195240193,0.24592331423534597,0.2600264433671221
0.25736911570611526,0.2424109106907171,0.23933128024637043,0.2608886933567972
0.25195143104943624,0.2432784041630529,0.2432784041630529,0.26149176062445795
0.24900662251655628,0.2503311258278146,0.2335540838852097,0.2671081677704194
0.24923346473937802,0.24310118265440211,0.24091108190976784,0.266754270696452
0.25252969643642764,0.24153101627804663,0.2402111746590409,0.2657281126264848
0.24912280701754386,0.2425438596491228,0.24649122807017543,0.2618421052631579
0.25220458553791886,0.24250440917107582,0.2464726631393298,0.2588183421516755
0.2561511423550088,0.24648506151142355,0.2451669595782074,0.2521968365553603
0.2560706401766004,0.24724061810154527,0.24503311258278146,0.25165562913907286
0.2605820105820106,0.2495590828924162,0.23677248677248677,0.25308641975308643
0.2669287898645697,0.24989078200087375,0.23416339012669288,0.2490170380078637
0.26997366110623355,0.2497805092186128,0.23222124670763827,0.24802458296751537
0.2736056214317084,0.2507685551163812,0.2318840579710145,0.2437417654808959
0.2648221343873518,0.2551602986385595,0.23407992973210365,0.24593763724198506
0.26290251433612705,0.25275694750771943,0.23775915306572562,0.24658138509042787
0.2580078982009653,0.25537516454585346,0.24221149627029398,0.24440544098288722
0.25519681556833257,0.26581158779301195,0.23750552852720036,0.24148606811145512
0.2557522123893805,0.26017699115044246,0.24026548672566372,0.24380530973451328
0.25428194993412384,0.26130873956960915,0.2450592885375494,0.2393500219587176
0.25187803800265135,0.26734423331860363,0.24304021210782148,0.23773751657092354
0.24792666957660411,0.26582278481012656,0.24705368834570057,0.23919685726756876
0.24901875272568688,0.26341037941561274,0.24901875272568688,0.23855211513301353
0.2456217162872154,0.2618213660245184,0.2565674255691769,0.23598949211908932
0.247585601404741,0.2589991220368745,0.2550482879719052,0.23836698858647937
0.25132275132275134,0.2601410934744268,0.25396825396825395,0.2345679012345679
0.25143868968570166,0.2625055334218681,0.2527667109340416,0.23328906595838866
0.25850640742377373,0.2554131683605833,0.25143614670790987,0.2346442775077331
0.25863596102745795,0.2555358724534987,0.25642161204605846,0.22940655447298494
0.2590149516270888,0.2537379067722076,0.25021987686895336,0.23702726473175023
0.2567269519188355,0.2576091751213057,0.250992501102779,0.23467137185707984
0.25132275132275134,0.2583774250440917,0.25617283950617287,0.23412698412698413
0.24526640246587406,0.25979744605900484,0.2562747688243065,0.23866138265081463
0.24549846288976723,0.25823451910408435,0.2577953447518665,0.23847167325428195
0.24702774108322326,0.25847644209599296,0.2536327608982827,0.2408630559225011
0.24550635686102587,0.25558965366067515,0.25822007891275756,0.24068391056554142
0.24769027716674,0.2556093268807743,0.2547294324681038,0.24197096348438188
0.24673629242819844,0.2615317667536989,0.2550043516100957,0.23672758920800696
0.25695364238410595,0.25474613686534214,0.24988962472406182,0.23841059602649006
0.2518714222809335,0.2562747688243065,0.2509907529722589,0.2408630559225011
0.25519681556833257,0.2574082264484741,0.248562582927908,0.23883237505528526
0.257404181184669,0.25653310104529614,0.25217770034843207,0.23388501742160278
0.25277161862527714,0.258980044345898,0.25365853658536586,0.23458980044345898
0.25859030837004404,0.2581497797356828,0.2511013215859031,0.23215859030837005
0.25533807829181493,0.2629003558718861,0.24822064056939502,0.23354092526690393
0.2514310876265962,0.26816380449141347,0.25055041831792163,0.22985468956406868
0.2533976326172731,0.2639193336256028,0.24813678211310827,0.2345462516440158
0.25877192982456143,0.2596491228070175,0.2469298245614035,0.23464912280701755
0.2597459483136224,0.2645641699518178,0.24704336399474375,0.22864651773981604
0.2597345132743363,0.26017699115044246,0.24955752212389382,0.23053097345132742
0.256477821695213,0.25559947299077734,0.2490118577075099,0.23891084760649978
0.2537643932683791,0.25907883082373784,0.2475642161204606,0.2395925597874225
0.25735617039964864,0.25867369345630215,0.2437417654808959,0.24022837066315328
0.2589010989010989,0.25758241758241757,0.24307692307692308,0.24043956043956044
0.2497789566755084,0.2581786030061892,0.24314765694076038,0.248894783377542
0.25198587819947044,0.25507502206531335,0.2440423654015887,0.24889673433362755
0.249008373732922,0.25341560158660204,0.2384310268840899,0.25914499779638606
0.2440318302387268,0.2595048629531388,0.23916887709991158,0.2572944297082228
0.24467140319715808,0.2571047957371226,0.24200710479573712,0.2562166962699822
0.24428822495606328,0.2570298769771529,0.24121265377855888,0.25746924428822493
0.24426807760141092,0.2588183421516755,0.23677248677248677,0.2601410934744268
0.24235711120957024,0.25786442179884805,0.23969871510855117,0.26007975188303056
0.24546660769570985,0.25254312251216277,0.24413976116762495,0.25785050862450243
0.24361233480176211,0.24581497797356827,0.24801762114537446,0.26255506607929513
0.2434589800443459,0.2376940133037694,0.2523281596452328,0.2665188470066519
0.24934383202099739,0.23709536307961504,0.24540682414698162,0.26815398075240593
0.25143614670790987,0.23950508174988952,0.2487847989394609,0.2602739726027397
0.25109170305676853,0.2366812227074236,0.2441048034934498,0.26812227074235806
0.252863436123348,0.24008810572687225,0.24008810572687225,0.2669603524229075
0.25054466230936817,0.23965141612200436,0.2383442265795207,0.27145969498910677
0.25241864555848725,0.24010554089709762,0.2418645558487247,0.26561125769569044
0.2542894852617686,0.24197096348438188,0.2424109106907171,0.26132864056313243
0.25902808738296923,0.23406152474364691,0.24788230049041463,0.25902808738296923
0.25891677675033026,0.23469837076177896,0.24658740642888596,0.25979744605900484
0.2525120139799039,0.2346002621231979,0.2472695500218436,0.2656181738750546
0.2514310876265962,0.23469837076177896,0.24922941435490972,0.2646411272567151
0.25252969643642764,0.2358117025956885,0.24285085789705235,0.2688077430708315
0.25308641975308643,0.2257495590828924,0.2482363315696649,0.27292768959435626
0.2518813634351483,0.23151837096060204,0.24391323594510844,0.2726870296591412
0.24955985915492956,0.2319542253521127,0.24471830985915494,0.2737676056338028
0.24714661984196665,0.233099209833187,0.24802458296751537,0.271729587357331
0.24615384615384617,0.22989010989010988,0.2479120879120879,0.27604395604395604
0.24151785714285715,0.23392857142857143,0.2513392857142857,0.2732142857142857
0.2460801393728223,0.23301393728222997,0.2508710801393728,0.2700348432055749
0.24868421052631579,0.2337719298245614,0.24956140350877193,0.2679824561403509
0.24527472527472527,0.2347252747252747,0.24835164835164836,0.27164835164835166
0.24274406332453827,0.24582233948988566,0.2423043095866315,0.2691292875989446
0.23996431757359502,0.23996431757359502,0.2488849241748439,0.2711864406779661
0.2444836716681377,0.23477493380406,0.2444836716681377,0.2762577228596646
0.2555358724534987,0.22984942426926483,0.2409211691762622,0.2736935341009743
0.25539409951563186,0.22765301629238222,0.2294143549097314,0.28753852928225454
0.2566915313734094,0.23387450636243967,0.2242211496270294,0.28521281263712156
0.2637604579480405,0.23205636283575518,0.22016732716864817,0.28401585204755614
0.258688957325121,0.2402111746590409,0.21953365596128466,0.28156621205455346
0.25859030837004404,0.23876651982378855,0.2198237885462555,0.2828193832599119
0.25961538461538464,0.23907342657342656,0.21984265734265734,0.28146853146853146
0.26251097453906935,0.2414398595258999,0.2221246707638279,0.2739244951712028
0.2629955947136564,0.23788546255506607,0.22202643171806166,0.27709251101321586
0.26246140273489194,0.23820026466696073,0.21835024261138067,0.28098808998676666
0.26416778224007137,0.23248549754573852,0.22043730477465417,0.2829094154395359
0.26407682234831953,0.23221300742034046,0.21824530772588388,0.2854648625054561
0.2750653879686138,0.22885789014821273,0.2175239755884917,0.2785527462946818
0.28044444444444444,0.22755555555555557,0.21422222222222223,0.2777777777777778
0.2818703131892369,0.22761358623731803,0.21393912659902956,0.27657697397441555
0.28174603174603174,0.2257495590828924,0.21604938271604937,0.27645502645502645
0.2833478639930253,0.2244986922406277,0.20967741935483872,0.28247602441150826
0.2864721485411141,0.22236958443854996,0.20645446507515472,0.28470380194518125
0.2843224092116918,0.22143489813994685,0.20903454384410983,0.28520814880425155
0.28232189973614774,0.22427440633245382,0.21372031662269128,0.2796833773087071
0.2824561403508772,0.22807017543859648,0.20921052631578949,0.2802631578947368
0.28194993412384717,0.22573561703996486,0.21387790953008345,0.2784365393061045
0.2829119442022668,0.21970357454228423,0.21621621621621623,0.28116826503923276
0.2862694300518135,0.22279792746113988,0.2158894645941278,0.2750431778929188
0.29164825452938575,0.21785240830755634,0.2205037560760053,0.26999558108705257
0.2950174825174825,0.2145979020979021,0.21984265734265734,0.270541958041958
0.290083005679336,0.21756225425950196,0.22236784622105724,0.2699868938401048
0.29440282062582634,0.22036139268400176,0.2150727192595857,0.27016306743058616
0.29679964927663305,0.2235861464270057,0.2099956159579132,0.26961858833844804
0.29796448679081855,0.21827631009094847,0.21091381550454744,0.2728453876136856
0.29636124506795264,0.21788689171416045,0.21394125383603682,0.2718106093818501
0.29846153846153844,0.21846153846153846,0.21010989010989012,0.27296703296703295
0.30176211453744495,0.2185022026431718,0.2066079295154185,0.27312775330396477
0.30299032541776605,0.218117854001759,0.20844327176781002,0.2704485488126649
0.3016220955721175,0.21788689171416045,0.210872424375274,0.26961858833844804
0.2974628171478565,0.22397200349956256,0.20778652668416447,0.27077865266841644
0.29699084169210643,0.2250327082424771,0.21151330135194069,0.2664631487134758
0.2945326278659612,0.2244268077601411,0.20987654320987653,0.27116402116402116
0.2879120879120879,0.22813186813186814,0.20747252747252748,0.2764835164835165
0.2860915492957746,0.22535211267605634,0.2130281690140845,0.2755281690140845
0.28609506885828523,0.2305641936916926,0.20568636161705908,0.27765437583296315
0.28696796840719613,0.23475208424747696,0.20447564721369021,0.2738043001316367
0.28307692307692306,0.2347252747252747,0.2043956043956044,0.2778021978021978
0.2819614711033275,0.23598949211908932,0.20140105078809106,0.28064798598949214
0.28270412642669007,0.2370500438981563,0.20237050043898155,0.2778753292361721
0.28310104529616725,0.23301393728222997,0.20470383275261325,0.27918118466898956
0.28145550197281893,0.2341078474353354,0.20561157387110915,0.27882507672073653
0.280794701986755,0.23532008830022075,0.2052980132450331,0.2785871964679912
0.28071709663314387,0.23261915172715347,0.20463489287275907,0.2820288587669436
0.2783687943262411,0.2247340425531915,0.2047872340425532,0.2921099290780142
0.27913159060700043,0.2259636685866194,0.2051395657953035,0.2897651750110766
0.28031634446397186,0.22847100175746923,0.20298769771529,0.28822495606326887
0.2826373626373626,0.22681318681318682,0.2021978021978022,0.28835164835164834
0.28533568904593637,0.22659010600706714,0.20141342756183744,0.286660777385159
0.29121119370354176,0.22387407083515523,0.20376038478355923,0.28115435067774375
0.28293545534924847,0.22855879752431477,0.20557029177718833,0.28293545534924847
0.2838964458095656,0.22553751645458534,0.20842474769635805,0.282141290039491
0.28596491228070176,0.22587719298245615,0.20964912280701756,0.27850877192982454
0.2819266460450729,0.22492266902342023,0.20813079982324348,0.28501988510826337
0.28445618670189343,0.22545134302069572,0.2038749449581682,0.2862175253192426
0.2864099158919876,0.23107569721115537,0.19698981850376274,0.2855245683930943
0.2918492550394391,0.23400525854513585,0.2042068361086766,0.26993865030674846
0.29091706888986396,0.22992540587977184,0.20272049144361562,0.27643703378674855
0.2860927152317881,0.23399558498896247,0.2022075055187638,0.27770419426048565
0.2925764192139738,0.22707423580786026,0.20480349344978166,0.2755458515283843
0.29331574318381703,0.22867194371152155,0.20184696569920843,0.27616534740545295
0.3008888888888889,0.22977777777777778,0.19377777777777777,0.27555555555555555
0.29911894273127754,0.23039647577092512,0.19955947136563876,0.2709251101321586
0.29494505494505496,0.229010989010989,0.19824175824175824,0.2778021978021978
0.3037037037037037,0.22657952069716775,0.20043572984749455,0.269281045751634
0.2995126273814798,0.2259636685866194,0.19805050952591935,0.2764731945059814
0.30657894736842106,0.22412280701754386,0.19342105263157894,0.27587719298245617
0.31112091791703445,0.21800529567519858,0.18711385701676964,0.28375992939099737
0.3101791175185671,0.21930974224552205,0.19178680646570556,0.27872433377020533
0.3077597544936431,0.21525646646207802,0.19202104340201667,0.28496273564226215
0.3137946231820185,0.21727633318642575,0.1881886293521375,0.28074041427941826
0.31037527593818987,0.22207505518763798,0.18896247240618103,0.2785871964679912
0.316622691292876,0.21767810026385223,0.18997361477572558,0.2757255936675462
0.3188470066518847,0.21906873614190686,0.18580931263858094,0.27627494456762747
0.31514622435617634,0.21693583587952858,0.18638149279790484,0.28153644696639024
0.31497797356828194,0.2105726872246696,0.18546255506607928,0.2889867841409692
0.31718061674008813,0.213215859030837,0.18898678414096917,0.2806167400881057
0.3206881340979268,0.21261579179532422,0.18923687692986327,0.2774591971768858
0.3143989431968296,0.20871862615587847,0.19462791721708497,0.28225451343020697
0.31141714793425146,0.2123500666370502,0.19946690359840072,0.27676588183029766
0.3025210084033613,0.20964175143741706,0.2034498009730208,0.2843874391862008
0.30341506129597196,0.2053415061295972,0.20577933450087565,0.28546409807355516
0.30532336119665643,0.20325560932688078,0.20281566212054553,0.2886053673559173
0.2992988606485539,0.20683610867659946,0.2037686240140228,0.2900964066608238
0.30255057167985927,0.20448548812664907,0.20580474934036938,0.28715919085312225
0.30017452006980805,0.20986038394415357,0.21029668411867364,0.27966841186736474
0.30039525691699603,0.21212121212121213,0.204655248133509,0.2828282828282828
0.29571303587051617,0.2121609798775153,0.20122484689413822,0.2909011373578303
0.29261862917398945,0.21441124780316345,0.20430579964850615,0.28866432337434095
0.28809837505489677,0.2134387351778656,0.20685111989459815,0.2916117698726394
0.2884699693117054,0.21437965804471723,0.20473476545374836,0.292415607189829
0.29349736379613356,0.210896309314587,0.20342706502636204,0.29217926186291737
0.2896341463414634,0.21341463414634146,0.203397212543554,0.2935540069686411
0.2991111111111111,0.20933333333333334,0.20622222222222222,0.2853333333333333
0.29225352112676056,0.22139084507042253,0.20158450704225353,0.2847711267605634
0.28583916083916083,0.2172202797202797,0.20279720279720279,0.29414335664335667
0.2837719298245614,0.22236842105263158,0.2013157894736842,0.29254385964912283
0.28590192644483364,0.2171628721541156,0.20359019264448336,0.29334500875656744
0.2833186231244484,0.21359223300970873,0.2082965578111209,0.294792586054722
0.2800177226406735,0.21754541426672575,0.21488701816570668,0.2875498449268941
0.2810137839039573,0.2169853268119164,0.2120942641173855,0.28990662516674076
0.27441449403446755,0.2129916040653999,0.21652673442333187,0.29606716747680073
0.2776553547818422,0.21375055090348172,0.21771705597179375,0.2908770383428823
0.27244444444444443,0.21422222222222223,0.2248888888888889,0.28844444444444445
0.27801911381407474,0.21155516941789748,0.22328410078192876,0.28714161598609905
0.2734891927657697,0.211733568592854,0.2267313630348478,0.28804587560652845
0.2752982766239505,0.21829429960229785,0.2275740167918692,0.27883340698188247
0.2762114537444934,0.2198237885462555,0.21762114537444935,0.28634361233480177
0.27296703296703295,0.22285714285714286,0.21934065934065933,0.28483516483516486
0.2682926829268293,0.22822299651567945,0.22081881533101044,0.2826655052264808
0.27493380406001766,0.2263901147396293,0.22065313327449249,0.2780229479258605
0.277851166886834,0.22457067371202113,0.22192866578599735,0.2756494936151475
0.273568281938326,0.2251101321585903,0.22422907488986785,0.27709251101321586
0.26848591549295775,0.22139084507042253,0.230193661971831,0.27992957746478875
0.2665788317962231,0.2231005709266579,0.230566534914361,0.279754062362758
0.26887417218543047,0.22472406181015453,0.23178807947019867,0.27461368653421636
0.27340989399293286,0.21731448763250882,0.2332155477031802,0.2760600706713781
0.2815107597716293,0.21651295564339043,0.2231005709266579,0.27887571365832237
0.28307692307692306,0.22065934065934065,0.21714285714285714,0.27912087912087913
