C,D,Oc,Od
0.0,0.0,1.0,0.0
0.0,0.0,0.5,0.5
0.0,0.14285714285714285,0.42857142857142855,0.42857142857142855
0.0,0.08333333333333333,0.5,0.4166666666666667
0.047619047619047616,0.09523809523809523,0.42857142857142855,0.42857142857142855
0.05263157894736842,0.10526315789473684,0.39473684210526316,0.4473684210526316
0.08928571428571429,0.03571428571428571,0.4107142857142857,0.4642857142857143
0.09302325581395349,0.05813953488372093,0.4418604651162791,0.4069767441860465
0.08064516129032258,0.06451612903225806,0.4112903225806452,0.4435483870967742
0.09883720930232558,0.06395348837209303,0.37790697674418605,0.45930232558139533
0.11555555555555555,0.08,0.36444444444444446,0.44
0.14046822742474915,0.09364548494983277,0.3745819397993311,0.391304347826087
0.17402597402597403,0.09090909090909091,0.34805194805194806,0.38701298701298703
0.17067833698030635,0.1137855579868709,0.3522975929978118,0.36323851203501095
0.18683274021352314,0.11565836298932385,0.3416370106761566,0.35587188612099646
0.18594436310395315,0.11273792093704246,0.34699853587115664,0.35431918008784774
0.20125,0.12125,0.34875,0.32875
0.2111111111111111,0.12777777777777777,0.3433333333333333,0.31777777777777777
0.22687439143135346,0.13047711781888996,0.33982473222979553,0.3028237585199611
0.23037100949094047,0.12942191544434858,0.3382226056945643,0.30198446937014667
0.2353846153846154,0.13538461538461538,0.3330769230769231,0.29615384615384616
0.24386825508058865,0.1373510861948143,0.32725998598458306,0.29152067274001403
0.25338491295938104,0.13733075435203096,0.3262411347517731,0.283043197936815
0.2629080118694362,0.1400593471810089,0.32166172106824925,0.27537091988130563
0.2631578947368421,0.1422172452407615,0.32082866741321386,0.27379619260918253
0.2661678246926777,0.1453768038482095,0.31587386424371994,0.2725815072153928
0.2703117015840572,0.14716402657128258,0.3117015840572305,0.27082268778742974
0.26529613313754286,0.15418502202643172,0.3088595203132648,0.27165932452276065
0.2605832549388523,0.15804327375352775,0.3104421448730009,0.270931326434619
0.26000920386562354,0.16566958122411413,0.2986654394845835,0.27565577542567876
0.26648599819331525,0.16666666666666666,0.2886178861788618,0.27822944896115626
0.2631578947368421,0.1659919028340081,0.29329734592892487,0.27755285650022493
0.26085050416483996,0.1696624287593161,0.2932924156071898,0.2761946514686541
0.26162018592297476,0.17042939353696326,0.29305002213368747,0.2749003984063745
0.26067811536767943,0.17173051519154559,0.2919418758256275,0.2756494936151475
0.2575088339222615,0.17446996466431094,0.2968197879858657,0.2712014134275618
0.2567804024496938,0.17585301837270342,0.2847769028871391,0.28258967629046366
0.25873507297655907,0.17204776647501105,0.28659885006634234,0.2826183104820876
0.2653421633554084,0.17262693156732892,0.2847682119205298,0.2772626931567329
0.2579646017699115,0.16946902654867257,0.28761061946902655,0.2849557522123894
0.2595385980479148,0.16858917480035493,0.29103815439219166,0.2808340727595386
0.2615182097411145,0.17332163229486616,0.2882843352347521,0.2768758227292672
0.262532981530343,0.16578715919085313,0.29155672823219,0.2801231310466139
0.2694663167104112,0.163167104111986,0.28302712160979876,0.28433945756780404
0.27151730257320317,0.16282165039929014,0.27994676131322094,0.2857142857142857
0.2684117125110914,0.16370896184560782,0.2803904170363798,0.28748890860692106
0.2643524699599466,0.16243880729862037,0.2879394748553627,0.28526924788607033
0.269687637483502,0.15970083589969203,0.28156621205455346,0.2890453145622525
0.2695883134130146,0.16290393979637008,0.28419654714475434,0.283311199645861
0.2631812140008861,0.16703588834736377,0.27957465662383696,0.29020824102791315
0.2661431064572426,0.16143106457242584,0.2774869109947644,0.2949389179755672
0.25891677675033026,0.16292382210479964,0.28225451343020697,0.29590488771466317
0.2629253203711887,0.16305788775961114,0.275740167918692,0.2982766239505082
0.26251097453906935,0.1611062335381914,0.28182616330114135,0.29455662862159787
0.25920994229915667,0.15978695073235685,0.2818464269862406,0.2991566799822459
0.25934163701067614,0.1619217081850534,0.2793594306049822,0.29937722419928825
0.2618310482087572,0.16541353383458646,0.27598407784166296,0.29677134011499334
0.2580787959274015,0.1691013722886233,0.2718016821602479,0.3010181496237273
0.256140350877193,0.16710526315789473,0.27280701754385966,0.30394736842105263
0.25342163355408387,0.16688741721854305,0.2728476821192053,0.3068432671081678
0.2545931758530184,0.16710411198600175,0.2699037620297463,0.3083989501312336
0.2608888888888889,0.16444444444444445,0.2737777777777778,0.3008888888888889
0.2564892212934448,0.16454025516937967,0.27144742630884294,0.3075230972283326
0.25878168074699864,0.16007114273010226,0.27078701645175635,0.31036016007114275
0.2609271523178808,0.16247240618101547,0.27328918322295803,0.3033112582781457
0.270222999562746,0.1609094884127678,0.2675994752951465,0.30126803672933977
0.28077091546211125,0.1590013140604468,0.25843188786684185,0.3017958826106001
0.2790492957746479,0.16329225352112675,0.2574823943661972,0.3001760563380282
0.27985896870868227,0.16086381665932128,0.255619215513442,0.30365799911855446
0.27804663440387156,0.16190057193136823,0.2595688517377915,0.30048394192696876
0.28144239226033424,0.1644678979771328,0.2510993843447669,0.30299032541776605
0.2774336283185841,0.16769911504424778,0.2504424778761062,0.30442477876106194
0.27541998231653403,0.16666666666666666,0.2524314765694076,0.30548187444739167
0.2780487804878049,0.16496674057649668,0.25144124168514415,0.3055432372505543
0.2779735682819383,0.166079295154185,0.25198237885462554,0.3039647577092511
0.2842058952925649,0.16014078310602728,0.24725032996040475,0.3084029916410031
0.2777288732394366,0.16329225352112675,0.24295774647887325,0.3160211267605634
0.2782118055555556,0.16493055555555555,0.2404513888888889,0.31640625
0.2810170977641385,0.15738711091626478,0.24331433581762385,0.31828145550197284
0.2743207712532866,0.16213847502191062,0.24452234881682736,0.31901840490797545
0.26945054945054947,0.1635164835164835,0.2443956043956044,0.32263736263736265
0.2701401050788091,0.1628721541155867,0.24824868651488616,0.318739054290718
0.26452464788732394,0.16505281690140844,0.25264084507042256,0.31778169014084506
0.26123348017621145,0.1696035242290749,0.24801762114537446,0.3211453744493392
0.2550839964633068,0.16710875331564987,0.2506631299734748,0.3271441202475685
0.2535149384885764,0.17486818980667837,0.24956063268892795,0.3220562390158172
0.2510974539069359,0.17515364354697102,0.2515364354697103,0.3222124670763828
0.25377107364685003,0.17968056787932565,0.24889086069210292,0.31765749778172137
0.2550660792951542,0.17709251101321585,0.24273127753303964,0.3251101321585903
0.2555853440571939,0.18096514745308312,0.24307417336907952,0.3203753351206434
0.2610619469026549,0.18008849557522125,0.2411504424778761,0.3176991150442478
0.2686300758589915,0.17626059794734494,0.23427041499330656,0.32083891120035696
0.26991150442477874,0.17212389380530974,0.2336283185840708,0.32433628318584073
0.27236492471213464,0.17316209034543845,0.23117803365810452,0.3232949512843224
0.2655838454784899,0.17603160667251974,0.228270412642669,0.3301141352063213
0.2636443661971831,0.18265845070422534,0.22535211267605634,0.3283450704225352
0.2662565905096661,0.18145869947275922,0.22319859402460457,0.3290861159929701
0.2610619469026549,0.1836283185840708,0.22654867256637168,0.32876106194690263
0.2609271523178808,0.18763796909492272,0.2269315673289183,0.32450331125827814
0.266489597166888,0.18902169101372288,0.22266489597166889,0.32182381584772024
0.26480990274093724,0.1900972590627763,0.22015915119363394,0.3249336870026525
0.26350752878653677,0.1899911426040744,0.2240921169176262,0.3224092116917626
0.26233881725211206,0.18986216096042685,0.22054246331702979,0.3272565584704313
0.2514463729417,0.18736092567868268,0.23275478415665332,0.32843791722296395
0.2541776605101143,0.1838170624450308,0.23175021987686895,0.3302550571679859
0.24890446976336547,0.18536371603856266,0.23137598597721298,0.3343558282208589
0.249670908293111,0.18648530057042562,0.22904782799473453,0.3347959631417288
0.24977817213842057,0.1898846495119787,0.22892635314995563,0.3314108251996451
0.25010969723562965,0.19131197893813076,0.22465993856954805,0.33391838525669154
0.2423043095866315,0.19569041336851364,0.23306948109058928,0.3289357959542656
0.23744493392070484,0.19823788546255505,0.23259911894273128,0.3317180616740088
0.23971693940734187,0.19504643962848298,0.23042901371074745,0.3348076072534277
0.23962516733601072,0.1958946898705935,0.22713074520303436,0.3373493975903614
0.2440737489025461,0.19666374012291485,0.22344161545215102,0.3358208955223881
0.24259832081307997,0.19752540874944763,0.22889969067609367,0.3309765797613787
0.24789356984478936,0.19246119733924613,0.22527716186252772,0.3343680709534368
0.25,0.19166666666666668,0.22456140350877193,0.3337719298245614
0.2513134851138354,0.19089316987740806,0.22810858143607707,0.3296847635726795
0.249889819303658,0.19303657999118554,0.22873512560599382,0.32833847509916264
0.2539543057996485,0.19815465729349738,0.21924428822495606,0.3286467486818981
0.25384953805543337,0.1922569291684998,0.22393312802463705,0.32996040475142985
0.2471315092674316,0.19726390114739628,0.22153574580759047,0.3340688437775816
0.25466666666666665,0.19111111111111112,0.22666666666666666,0.32755555555555554
0.256978289765175,0.19317678334071778,0.2206468763845813,0.32919805050952594
0.2545616377392078,0.19848687138406765,0.22118380062305296,0.3257676902536716
0.25768217734855137,0.18788410886742757,0.22607550482879718,0.3283582089552239
0.25907883082373784,0.18954827280779452,0.22187776793622674,0.32949512843224094
0.25917735515258733,0.19062361786819992,0.22069880583812473,0.329500221141088
0.26202974628171477,0.19028871391076116,0.21391076115485563,0.3337707786526684
0.2644880174291939,0.19433551198257082,0.20915032679738563,0.33202614379084966
0.25843188786684185,0.1962330267192291,0.2146298729741568,0.33070521243977224
0.2594880847308032,0.1994704324801412,0.2118270079435128,0.3292144748455428
0.2623022847100176,0.19947275922671354,0.20826010544815465,0.3299648506151142
0.26625111308993765,0.20213713268032057,0.20035618878005343,0.3312555654496883
0.2668428005284016,0.20035226772346984,0.20167327168648172,0.33113166006164685
0.2654945054945055,0.20395604395604397,0.19692307692307692,0.33362637362637365
0.26950043821209463,0.20552147239263804,0.1936897458369851,0.3312883435582822
0.27472527472527475,0.2,0.19428571428571428,0.330989010989011
0.28375992939099737,0.19593998234774934,0.19285083848190646,0.32744924977934686
0.27802101576182137,0.19220665499124343,0.19483362521891417,0.334938704028021
0.2794894366197183,0.19278169014084506,0.1954225352112676,0.332306338028169
0.28250330542089025,0.19876597620096959,0.1873071837814015,0.3314235345967387
0.2820623916811092,0.1962738301559792,0.18847487001733101,0.3331889081455806
0.2815533980582524,0.1968225948808473,0.1853486319505737,0.33627537511032657
0.28444838280903856,0.19760744350908285,0.18697385910500663,0.3309703145768719
0.2877254729432468,0.19181698196216454,0.18785745710514737,0.33260008798944124
0.28325991189427313,0.19427312775330396,0.18898678414096917,0.33348017621145376
0.2852706299911269,0.1898846495119787,0.19165927240461403,0.3331854480922804
0.28269484808454426,0.18890356671070013,0.18978423601937472,0.3386173491853809
0.28615115771079075,0.19178680646570556,0.19178680646570556,0.3302752293577982
0.28445618670189343,0.1924262439453985,0.1950682518714223,0.3280493174812858
0.28326745718050067,0.18840579710144928,0.1932367149758454,0.33509003074220467
0.2845849802371542,0.1919191919191919,0.1919191919191919,0.331576635924462
0.2783687943262411,0.19414893617021275,0.19592198581560283,0.33156028368794327
0.2775330396475771,0.1986784140969163,0.19515418502202644,0.32863436123348017
0.27292672224659936,0.20184291355857834,0.19218955682316805,0.33304080737165426
0.2744924977934687,0.20211827007943514,0.18667255075022066,0.33671668137687555
0.2750110180696342,0.1978845306302336,0.19083296606434552,0.3362714852357867
0.27486678507992895,0.19671403197158083,0.1936056838365897,0.33481349911190056
0.27537511032656664,0.19373345101500442,0.1941747572815534,0.33671668137687555
0.2664604507291206,0.1948740609809987,0.19840919133893062,0.34025629695095005
0.27087033747779754,0.18960923623445827,0.20381882770870338,0.33570159857904086
0.2639437856829161,0.1945542380324989,0.20070267896354854,0.3407992973210365
0.27132125497127707,0.1935483870967742,0.20150243040212107,0.3336279275298277
0.2737306843267108,0.19072847682119207,0.19823399558498897,0.3373068432671082
0.27465723131357805,0.189296771340115,0.19902697921273774,0.3370190181335692
0.28286852589641437,0.1828242585214697,0.19743249225320939,0.3368747233289066
0.2789982425307557,0.18189806678383127,0.19947275922671354,0.3396309314586995
0.2821978021978022,0.17758241758241758,0.20307692307692307,0.33714285714285713
0.2835689045936396,0.18153710247349825,0.20229681978798586,0.3325971731448763
0.27890556045895853,0.1879964695498676,0.2030008826125331,0.3300970873786408
0.277284826974268,0.18766637089618457,0.19964507542147295,0.33540372670807456
0.27883340698188247,0.17852408307556342,0.20194432169686258,0.34069818824569154
0.2755905511811024,0.1762904636920385,0.20559930008748906,0.3425196850393701
0.278125,0.17723214285714287,0.1982142857142857,0.3464285714285714
0.2736888497135302,0.17232260907888938,0.20229175848391362,0.35169678272366683
0.27344782034346105,0.16996917657419638,0.2051959489211801,0.3513870541611625
0.27420774647887325,0.1698943661971831,0.2051056338028169,0.35079225352112675
0.27994734532689775,0.16630100921456778,0.19833260201842914,0.35541904344010533
0.27824175824175823,0.16967032967032966,0.20175824175824175,0.35032967032967033
0.2768959435626102,0.1746031746031746,0.20282186948853614,0.345679012345679
0.28074041427941826,0.17188188629352139,0.20537681798148966,0.3420008814455707
0.2725274725274725,0.1767032967032967,0.19956043956043956,0.3512087912087912
0.27472527472527475,0.17758241758241758,0.19648351648351647,0.3512087912087912
0.27432848965213563,0.17084984588287097,0.1955085865257596,0.35931307793923384
0.28289473684210525,0.16973684210526316,0.19517543859649122,0.35219298245614034
0.2827616534740545,0.17458223394898856,0.19700967458223395,0.34564643799472294
0.2732919254658385,0.17524401064773737,0.1929902395740905,0.35847382431233366
0.2741652021089631,0.17223198594024605,0.19463971880492092,0.35896309314586994
0.27116402116402116,0.1715167548500882,0.19400352733686066,0.36331569664902996
0.2710074791025077,0.18081830180378355,0.18961724593048834,0.35855697316322044
0.2687224669603524,0.17444933920704847,0.1920704845814978,0.36475770925110135
0.2677475898334794,0.1722173531989483,0.19412795793163892,0.3659070990359334
0.2678100263852243,0.17502198768689534,0.19129287598944592,0.3658751099384345
0.26943462897526504,0.17446996466431094,0.18639575971731448,0.36969964664310956
0.26840017628911417,0.1745262230057294,0.1855442926399295,0.371529308065227
0.264783759929391,0.176522506619594,0.1853486319505737,0.3733451015004413
0.26704795424549055,0.17509898812142544,0.18345798504179497,0.37439507259128907
0.2660228270412643,0.17734855136084285,0.18305531167690958,0.3735733099209833
0.26687251874724305,0.17644464049404499,0.18262020291133657,0.37406263784737537
0.27080581241743723,0.17217084984588288,0.1831792162043153,0.37384412153236457
0.2708150744960561,0.175284837861525,0.18580192813321647,0.36809815950920244
0.2747349823321555,0.17579505300353357,0.18374558303886926,0.3657243816254417
0.27296587926509186,0.17979002624671916,0.17979002624671916,0.3674540682414698
0.26941641070645017,0.17858709960508995,0.1834137779727951,0.36858271171566476
0.267927848658161,0.18345798504179497,0.1825780906291245,0.3660360756709195
0.26436781609195403,0.1878868258178603,0.1825817860300619,0.3651635720601238
0.26239578762615184,0.19218955682316805,0.1755155770074594,0.36989907854322074
0.25958572058175405,0.19347730277655356,0.17232260907888938,0.374614367562803
0.262532981530343,0.18733509234828497,0.17458223394898856,0.3755496921723835
0.2628120893561104,0.19010074463425317,0.1800262812089356,0.3670608848007008
0.25793650793650796,0.1865079365079365,0.18209876543209877,0.3734567901234568
0.26514486391571557,0.18788410886742757,0.1804214223002634,0.3665496049165935
0.2651080723423026,0.18967798853109838,0.1773268636965152,0.3678870754300838
0.26006191950464397,0.18752764263600177,0.1751437417072092,0.3772666961521451
0.26547884187082404,0.1955456570155902,0.16971046770601336,0.3692650334075724
0.2682280159080866,0.19708351745470615,0.16747680070702606,0.3672116659301812
0.27016306743058616,0.19391802556192156,0.1736447774349934,0.3622741295724989
0.272608125819135,0.19571865443425077,0.16863259065093927,0.36304062909567497
0.2730836236933798,0.19773519163763068,0.16942508710801393,0.3597560975609756
0.27016306743058616,0.1974438078448656,0.16615249008373734,0.3662406346408109
0.2699468085106383,0.19237588652482268,0.16622340425531915,0.37145390070921985
0.26845342706502634,0.1968365553602812,0.1625659050966608,0.37214411247803164
0.26599912929908576,0.19198955158902917,0.17109272964736613,0.37091858946451894
0.2738825591586328,0.18799298860648553,0.16520595968448729,0.3729184925503944
0.2696035242290749,0.18898678414096917,0.16740088105726872,0.3740088105726872
0.2652613087395696,0.19148001756697408,0.17215634606938954,0.37110232762406675
0.26818580192813324,0.18711656441717792,0.1757230499561788,0.3689745836985101
0.2695729537366548,0.18193950177935944,0.17704626334519574,0.37144128113879005
0.2722838137472284,0.1827050997782705,0.17028824833702882,0.37472283813747226
0.2716864817261119,0.18934390136503743,0.16776750330250992,0.3712021136063408
0.2761820592134335,0.1939902783915157,0.1643835616438356,0.3654441007512152
0.2744410346339325,0.18895221394125383,0.16703200350723366,0.36957474791758
0.2785651018600531,0.1886625332152347,0.16341895482728078,0.36935341009743133
0.27775320654577623,0.19062361786819992,0.16054842989827509,0.3710747456877488
0.28438331854480925,0.18633540372670807,0.16149068322981366,0.367790594498669
0.28,0.19076923076923077,0.15428571428571428,0.3749450549450549
0.27622841965471445,0.1943337760070828,0.15360779105799027,0.3758300132802125
0.26563876651982377,0.19162995594713655,0.1616740088105727,0.381057268722467
0.2646675358539765,0.19078661451542808,0.1634072142546719,0.3811386353759235
0.26435773783428324,0.18851380973257342,0.16659359929855327,0.38053485313459007
0.2574823943661972,0.1932218309859155,0.16461267605633803,0.3846830985915493
0.2546174142480211,0.1948109058927001,0.16886543535620052,0.3817062445030783
0.2596537949400799,0.1939636040834443,0.1708832667554372,0.3754993342210386
0.25935711140466755,0.19638925583443417,0.16512549537648613,0.37912813738441214
0.25911286780852,0.19938515590689504,0.16820377689942909,0.3732981993851559
0.25682819383259914,0.19691629955947137,0.17136563876651983,0.3748898678414097
0.25177619893428066,0.19404973357015987,0.17673179396092362,0.3774422735346359
0.2564214192424902,0.1976491075315629,0.17892903787548978,0.3670004353504571
0.25542275343072157,0.19698981850376274,0.17751217352810977,0.3700752545374059
0.24755989352262645,0.20275066548358472,0.18589174800354924,0.36379769299023956
0.251528384279476,0.19694323144104803,0.1851528384279476,0.3663755458515284
0.2501108647450111,0.19157427937915744,0.1893569844789357,0.3689578713968958
0.25308098591549294,0.18838028169014084,0.18705985915492956,0.3714788732394366
0.26005244755244755,0.1840034965034965,0.18575174825174826,0.3701923076923077
0.2583074878156845,0.18697385910500663,0.18121400088613204,0.3735046521931768
0.261443661971831,0.18838028169014084,0.1857394366197183,0.3644366197183099
0.26716222125054656,0.1880192391779624,0.184958460865763,0.359860078705728
0.26722987994664293,0.18497109826589594,0.1845264562027568,0.36327256558470433
0.2669287898645697,0.18567059851463522,0.18654434250764526,0.36085626911314983
0.2707597173144876,0.18462897526501768,0.18639575971731448,0.3582155477031802
0.2706401766004415,0.1827814569536424,0.19293598233995585,0.3536423841059603
0.2760600706713781,0.18418727915194347,0.18904593639575973,0.3507067137809187
0.26784140969162995,0.18325991189427313,0.1920704845814978,0.3568281938325991
0.2747688243064729,0.17965653896961692,0.1924262439453985,0.3531483927785117
0.27356422621657167,0.17930732135028496,0.19245944761069705,0.3546690048224463
0.2762455516014235,0.17793594306049823,0.1943950177935943,0.351423487544484
0.2721631205673759,0.1804078014184397,0.1945921985815603,0.3528368794326241
0.2734065934065934,0.18021978021978022,0.19692307692307692,0.34945054945054943
0.2645133129637713,0.184199039720646,0.1990397206460061,0.3522479266695766
0.27340332458442695,0.178915135608049,0.20034995625546806,0.347331583552056
0.27486678507992895,0.1736234458259325,0.20071047957371227,0.35079928952042627
0.2773403324584427,0.17497812773403323,0.19903762029746283,0.34864391951006124
0.2791922739244952,0.17647058823529413,0.19490781387181738,0.3494293239683933
0.2744410346339325,0.17448487505480054,0.19421306444541866,0.35686102586584834
0.26891123742894624,0.17752514210756448,0.1915172715347617,0.3620463489287276
0.2799646174259177,0.17293233082706766,0.18620079610791684,0.3609022556390977
0.2748794388426129,0.17711530030688294,0.18281455501972818,0.36519070583077595
0.27770360480640854,0.17578994214508234,0.18157543391188252,0.3649310191366266
0.2805786935554581,0.17667689609820253,0.1819377466023674,0.36080666374397197
0.28094820017559263,0.18129938542581212,0.17954345917471468,0.3582089552238806
0.28418708240534524,0.17951002227171492,0.1755011135857461,0.36080178173719374
0.28565121412803535,0.1805739514348786,0.176158940397351,0.3576158940397351
0.2838196286472148,0.1847922192749779,0.17904509283819628,0.35234305923961096
0.27908005307386113,0.18885448916408668,0.17912428129146396,0.35294117647058826
0.28309305373525556,0.1874180865006553,0.17737003058103976,0.3521188291830494
0.28427065026362036,0.18848857644991213,0.17882249560632688,0.3484182776801406
0.2865342163355408,0.18675496688741722,0.17880794701986755,0.3479028697571744
0.2847797645006542,0.1853467073702573,0.1814217182730048,0.34845180985608376
0.28420123565754635,0.18711385701676964,0.17740511915269197,0.35127978817299205
0.28296943231441046,0.18951965065502183,0.17903930131004367,0.34847161572052404
0.27957931638913236,0.19281332164767748,0.17703768624014024,0.35056967572305
0.28,0.19296703296703296,0.17494505494505494,0.35208791208791207
0.2802631578947368,0.1881578947368421,0.17105263157894737,0.3605263157894737
0.2781954887218045,0.19195046439628483,0.17116320212295444,0.35869084475895624
0.27384615384615385,0.19472527472527473,0.1687912087912088,0.3626373626373626
0.27880386983289357,0.19788918205804748,0.1693051890941073,0.3540017590149516
0.27701808557565066,0.1940891045434495,0.16850463167181298,0.3603881782090869
0.2803904170363798,0.19210292812777285,0.17169476486246674,0.35581188997338065
0.27714033539276256,0.19240953221535745,0.17166813768755515,0.3587819947043248
0.284452296819788,0.1894876325088339,0.17402826855123674,0.35203180212014135
0.28233231039017975,0.19026742656729503,0.1731696624287593,0.3542306006137659
0.2861552028218695,0.18562610229276896,0.1693121693121693,0.35890652557319225
0.2878521126760563,0.1817781690140845,0.1681338028169014,0.36223591549295775
0.28292046936114734,0.17905258583224684,0.16775315080399827,0.37027379400260757
0.2832523199292974,0.1802916482545294,0.1665930181175431,0.3698630136986301
0.2879858657243816,0.18109540636042404,0.16431095406360424,0.3666077738515901
0.2800875273522976,0.17592997811816194,0.17286652078774617,0.37111597374179434
0.2824053452115813,0.1714922048997773,0.17238307349665924,0.37371937639198216
0.28484054172127565,0.17038007863695936,0.17693315858453473,0.36784622105723025
0.2853982300884956,0.16991150442477876,0.17123893805309734,0.3734513274336283
0.2832369942196532,0.16718541574032902,0.17785682525566918,0.3717207647843486
0.28375387339530767,0.17175741478530324,0.1783975210270031,0.366091190792386
0.27645502645502645,0.1626984126984127,0.18342151675485008,0.37742504409171074
0.28646748681898065,0.16300527240773285,0.1766256590509666,0.37390158172231985
0.28452433143358175,0.16133274879438841,0.17799210872424376,0.3761508110477861
0.2832369942196532,0.16051578479324144,0.1809693196976434,0.375277901289462
0.2830687830687831,0.1609347442680776,0.17989417989417988,0.37610229276895946
0.2875498449268941,0.16038989809481613,0.179441736818786,0.37261852015950375
0.2889083735203858,0.1600175361683472,0.18062253397632616,0.3704515563349408
0.28773168578993824,0.15975286849073256,0.1787290379523389,0.3737864077669903
0.28660159716060335,0.1601597160603372,0.17923691215616683,0.37400177462289264
0.2874331550802139,0.1586452762923351,0.17780748663101603,0.3761140819964349
0.287598944591029,0.16051011433597184,0.17941952506596306,0.37247141600703604
0.28965819456617004,0.16082383873794917,0.18098159509202455,0.36853637160385627
0.2896368467670505,0.15943312666076173,0.1762621789193977,0.3746678476527901
0.28521281263712156,0.15971917507678807,0.1790258885476086,0.3760421237384818
0.289925208974923,0.15530136383633963,0.1737791465024197,0.38099428068631763
0.29183049366535607,0.15552643075578856,0.1782437745740498,0.3743993010048056
0.2952210808396606,0.1540866458240286,0.17552478785171952,0.37516748548459133
0.2976190476190476,0.15255731922398588,0.17592592592592593,0.37389770723104054
0.29307282415630553,0.1549733570159858,0.1811722912966252,0.37078152753108345
0.2954248366013072,0.1559912854030501,0.1786492374727669,0.36993464052287583
0.2941431670281996,0.1648590021691974,0.17136659436008678,0.3696312364425163
0.2938847338319402,0.16981962164540254,0.17201935767707874,0.36427628684557856
0.2988962472406181,0.1695364238410596,0.1704194260485651,0.3611479028697572
0.2963780918727915,0.17314487632508835,0.1709363957597173,0.35954063604240283
0.3003935286401399,0.17402710975076519,0.16484477481416704,0.36073458679492787
0.30070546737213405,0.17504409171075838,0.1662257495590829,0.35802469135802467
0.29654255319148937,0.1773049645390071,0.16533687943262412,0.3608156028368794
0.2998236331569665,0.1746031746031746,0.16666666666666666,0.35890652557319225
0.2996040475142983,0.17993840739111305,0.16630004399472062,0.354157501099868
0.2958241758241758,0.1832967032967033,0.16483516483516483,0.35604395604395606
0.3003918154114062,0.18371789290378754,0.16673922507618633,0.34915106660861994
0.29973474801061006,0.1839080459770115,0.16710875331564987,0.34924845269672855
0.30168589174800353,0.1867790594498669,0.1650399290150843,0.3464951197870453
0.30176211453744495,0.17929515418502204,0.1696035242290749,0.34933920704845817
0.2910943730615862,0.1745680106335844,0.17811253876827648,0.35622507753655297
0.2924901185770751,0.17479139218269654,0.1769872639437857,0.3557312252964427
0.29474149359257623,0.17852408307556342,0.1665930181175431,0.36014140521431726
0.2951251646903821,0.1769872639437857,0.16820377689942909,0.35968379446640314
0.29600351339481773,0.16996047430830039,0.17610891523935002,0.35792709705753184
0.29677134011499334,0.1751437417072092,0.16983635559486954,0.3582485625829279
0.2907079646017699,0.1831858407079646,0.16902654867256636,0.3570796460176991
0.2970950704225352,0.17737676056338028,0.16725352112676056,0.35827464788732394
0.2929824561403509,0.17719298245614035,0.17412280701754385,0.3557017543859649
0.29313380281690143,0.17165492957746478,0.17165492957746478,0.363556338028169
0.295364238410596,0.17439293598233996,0.1717439293598234,0.35849889624724063
0.29401408450704225,0.1742957746478873,0.16681338028169015,0.3648767605633803
0.2985803016858917,0.16947648624667258,0.16415261756876665,0.367790594498669
0.2970340858787074,0.1646746347941567,0.16600265604249667,0.37228862328463924
0.2980981866430783,0.16408668730650156,0.16718266253869968,0.37063246351172047
0.2975824175824176,0.16527472527472528,0.1635164835164835,0.37362637362637363
0.3011463844797178,0.16005291005291006,0.1662257495590829,0.37257495590828926
0.30671347082053535,0.1601579640193067,0.1671785870996051,0.36594997806055285
0.3142100617828773,0.15754633715798763,0.16725507502206532,0.3609885260370697
0.3226232394366197,0.15933098591549297,0.16549295774647887,0.35255281690140844
0.3170297910182303,0.16229435304579815,0.16896398399288573,0.35171187194308584
0.31870567375886527,0.16134751773049646,0.16799645390070922,0.3519503546099291
0.32188463232056364,0.15852047556142668,0.17084984588287097,0.3487450462351387
0.32287985865724383,0.1612190812720848,0.1704946996466431,0.3454063604240283
0.32195121951219513,0.1605321507760532,0.17117516629711751,0.3463414634146341
0.3246466431095406,0.15901060070671377,0.1687279151943463,0.3476148409893993
0.3293911519929917,0.16119141480508103,0.16031537450722733,0.34910205869469996
0.3375936535918907,0.16086381665932128,0.15954164830321726,0.3420008814455707
0.33986928104575165,0.16209150326797386,0.15816993464052287,0.33986928104575165
0.3406884377758164,0.16637246248896734,0.15754633715798763,0.3353927625772286
0.33581762384918895,0.16615519508987286,0.15738711091626478,0.3406400701446734
0.3346473937801139,0.17433201927288655,0.1590013140604468,0.3320192728865528
0.3387521968365554,0.1726713532513181,0.15685413005272408,0.3317223198594025
0.33716305788775963,0.16924436588599204,0.16217410517012815,0.3314184710561202
0.33643617021276595,0.1671099290780142,0.16312056737588654,0.3333333333333333
0.3364156759136944,0.1686481726111845,0.16160281814178776,0.3333333333333333
0.338306274681878,0.16761737604212373,0.16147433084686266,0.33260201842913556
0.3431718061674009,0.1682819383259912,0.1616740088105727,0.32687224669603526
0.34508594094314676,0.16923754958131335,0.1635081533715293,0.32216835610401057
0.34216335540838855,0.1704194260485651,0.16821192052980133,0.31920529801324504
0.3396392432908051,0.16849978002639684,0.16893972723273207,0.322921249450066
0.33863134657836647,0.16600441501103752,0.16821192052980133,0.3271523178807947
0.3383458646616541,0.16497125165855817,0.16806722689075632,0.32861565678903143
0.3422436459246275,0.16301489921121823,0.16608238387379493,0.32865907099035935
0.3401420959147424,0.16651865008880995,0.163854351687389,0.32948490230905864
0.34216335540838855,0.16335540838852097,0.16423841059602648,0.33024282560706403
0.3426818580192813,0.16695880806310254,0.16213847502191062,0.3282208588957055
0.3399036355672361,0.173017958826106,0.16206745510293474,0.3250109505037232
0.3333333333333333,0.17445482866043613,0.16154873164218958,0.33066310636404095
0.332306338028169,0.17165492957746478,0.16065140845070422,0.335387323943662
0.328042328042328,0.1763668430335097,0.1609347442680776,0.33465608465608465
0.32581344902386117,0.182646420824295,0.1579175704989154,0.3336225596529284
0.3275862068965517,0.1887709991158267,0.15340406719717065,0.3302387267904509
0.3208296557811121,0.18623124448367168,0.15754633715798763,0.3353927625772286
0.3185217773867136,0.18389793224813022,0.161460624725033,0.3361196656401232
0.31343283582089554,0.18832309043020193,0.16022827041264268,0.33801580333625986
0.30977777777777776,0.18755555555555556,0.16311111111111112,0.33955555555555555
0.3032714412024757,0.19363395225464192,0.16578249336870027,0.33731211317418214
0.31128747795414463,0.18959435626102292,0.16005291005291006,0.3390652557319224
0.30826737027264733,0.18601583113456466,0.16358839050131926,0.34212840809146877
0.30572687224669604,0.18590308370044054,0.166079295154185,0.3422907488986784
0.3073555166374781,0.18126094570928197,0.165061295971979,0.34632224168126097
0.3100398053958425,0.18000884564352057,0.16408668730650156,0.3458646616541353
0.31369924141008476,0.17983043284248104,0.16153502900490851,0.34493529674252565
0.31150442477876106,0.17787610619469027,0.1579646017699115,0.3526548672566372
0.31551038444542645,0.18382677861246133,0.15510384445426426,0.345558992487848
0.310636404094348,0.1833555852247441,0.1584334668446818,0.3475745438362261
0.3093239063190455,0.1873619089703933,0.15466195315952275,0.34865223155103847
0.30749014454664914,0.18528252299605782,0.15111695137976347,0.35611038107752957
0.3058978873239437,0.18529929577464788,0.15140845070422534,0.3573943661971831
0.30565371024734983,0.17491166077738515,0.15856890459363956,0.36086572438162545
0.30404217926186294,0.17311072056239016,0.1625659050966608,0.3602811950790861
0.30809859154929575,0.17253521126760563,0.16329225352112675,0.3560739436619718
0.31263664188893747,0.1674682990817665,0.16878006121556624,0.3511149978137298
0.31793960923623443,0.1660746003552398,0.16341030195381884,0.35257548845470693
0.31355181576616475,0.1682905225863596,0.16430469441984058,0.3538529672276351
0.31285903667697745,0.16836058329650905,0.16791869200176757,0.35086168802474593
0.3055193394176445,0.16427640156453716,0.17296827466318992,0.35723598435462844
0.3139484040227372,0.1609094884127678,0.17621337997376477,0.34892872759073024
0.3137946231820185,0.15821947994711327,0.16791538122520935,0.3600705156456589
0.31355565179731487,0.1563447379818103,0.16717193590298832,0.36292767431788653
0.31462660185594343,0.15687140963323024,0.16703490941228458,0.36146707909854175
0.32229580573951433,0.152317880794702,0.1629139072847682,0.36247240618101545
0.32711111111111113,0.1537777777777778,0.16044444444444445,0.3586666666666667
0.32702464788732394,0.15360915492957747,0.16109154929577466,0.35827464788732394
0.32978723404255317,0.1573581560283688,0.1551418439716312,0.35771276595744683
0.3371529308065227,0.16130453944468928,0.15337152930806522,0.3481710004407228
0.33230904302019315,0.15978928884986832,0.1584723441615452,0.3494293239683933
0.3342140026420079,0.16336415675913693,0.1571994715984148,0.34522236900044034
0.329246935201401,0.1668126094570928,0.1584938704028021,0.345446584938704
0.3309703145768719,0.1643774922463447,0.16127603012848915,0.3433761630482942
0.3288888888888889,0.16311111111111112,0.15955555555555556,0.34844444444444445
0.32852143482064744,0.16404199475065617,0.16710411198600175,0.34033245844269466
0.32524271844660196,0.1646072374227714,0.15975286849073256,0.3503971756398941
0.3286467486818981,0.1656414762741652,0.15992970123022848,0.34578207381370824
0.32166592822330525,0.16747895436420027,0.1643774922463447,0.34647762516614977
0.32074633496223903,0.16836961350510884,0.15904042647712127,0.35184362505553085
0.3230225364560318,0.1657092355280601,0.15510384445426426,0.3561643835616438
0.33054208902600263,0.16791538122520935,0.14764213309828117,0.3539003966505068
0.33245266402465873,0.1668868339938353,0.14971378247468076,0.3509467195068252
0.3347845015237266,0.17065737919024815,0.14845450587723116,0.3461036134087941
0.33465259454705365,0.16886543535620052,0.14995602462620933,0.3465259454705365
0.33902012248468943,0.1710411198600175,0.14391951006124235,0.3460192475940507
0.33597534125935713,0.1690885072655218,0.1453104359313078,0.3496257155438133
0.3384750991626267,0.17144116350815336,0.14147201410312912,0.3486117232260908
0.34209373631187034,0.17345597897503284,0.1384143670608848,0.346035917652212
0.33481349911190056,0.17273534635879217,0.14076376554174067,0.35168738898756663
0.33627537511032657,0.17255075022065314,0.13724624889673434,0.353927625772286
0.3331858407079646,0.16858407079646018,0.1407079646017699,0.35752212389380533
0.3443562610229277,0.15873015873015872,0.1424162257495591,0.3544973544973545
0.35249889429455994,0.15391419725785052,0.14418398938522778,0.34940291906236176
0.34684883208461875,0.16130453944468928,0.14499779638607316,0.34684883208461875
0.3537985865724382,0.15061837455830387,0.13825088339222616,0.3573321554770318
0.35658238884045335,0.14777680906713164,0.14385353095030515,0.35178727114210984
0.3595456531236348,0.14678899082568808,0.14460463084316294,0.3490607252075142
0.3562610229276896,0.14462081128747795,0.1490299823633157,0.35008818342151676
0.3507297655904467,0.14772224679345422,0.15170278637770898,0.3498452012383901
0.34784520668425684,0.14995602462620933,0.14995602462620933,0.35224274406332456
0.34965034965034963,0.1464160839160839,0.15078671328671328,0.3531468531468531
0.34377758164165934,0.15092674315975288,0.1553398058252427,0.3499558693733451
0.34210526315789475,0.14605263157894738,0.156140350877193,0.3557017543859649
0.34692069118298624,0.14621178555604786,0.153300841825432,0.3535666814355339
0.33712286838653255,0.14560559685177088,0.1595977262789681,0.35767380848272845
0.34084880636604775,0.14809902740937222,0.15030946065428824,0.36074270557029176
0.34593406593406595,0.14505494505494507,0.15076923076923077,0.35824175824175825
0.34402460456942,0.1515817223198594,0.15289982425307558,0.351493848857645
0.3401060070671378,0.15415194346289754,0.15106007067137808,0.3546819787985866
0.3381770145310436,0.15323645970937913,0.14707177454865697,0.3615147512109203
0.3386034255599473,0.15327184892402285,0.15063680281071584,0.357487922705314
0.33846830985915494,0.15625,0.14788732394366197,0.3573943661971831
0.3409290096406661,0.1546888694127958,0.15030674846625766,0.3540753724802805
0.333480370533745,0.15438906043228937,0.14953683281870314,0.3625937362152625
0.3403880070546737,0.15388007054673722,0.1472663139329806,0.3584656084656085
0.34272930648769573,0.1476510067114094,0.15078299776286352,0.35883668903803134
0.33567971843378797,0.14562252529696437,0.1592608886933568,0.3594368675758909
0.3315673289183223,0.15011037527593818,0.15938189845474612,0.35894039735099337
0.3306808134394341,0.14588859416445624,0.16180371352785147,0.3616268788682582
0.3292361720807726,0.14354697102721686,0.16330114135206322,0.36391571553994734
0.32717678100263853,0.1442392260334213,0.1644678979771328,0.3641160949868074
0.3279049295774648,0.13996478873239437,0.16461267605633803,0.3675176056338028
0.3257042253521127,0.13952464788732394,0.16065140845070422,0.37411971830985913
0.3246466431095406,0.1413427561837456,0.16342756183745583,0.370583038869258
0.3300536672629696,0.13729874776386405,0.16279069767441862,0.36985688729874777
0.33495145631067963,0.13106796116504854,0.1624007060900265,0.3715798764342454
0.3392382639503986,0.13817537643932684,0.1563330380868025,0.3662533215234721
0.3356735410267661,0.14436156208863538,0.15225976305397104,0.3677051338306275
0.34201235657546336,0.14518976169461606,0.1526919682259488,0.36010591350397175
0.3355321020228672,0.14819700967458224,0.15259454705364994,0.36367634124890064
0.3375992939099735,0.146954986760812,0.14827890556045895,0.36716681376875554
0.3330423395896988,0.14753382802269752,0.14971628109995636,0.3697075512876473
0.33728070175438596,0.14692982456140352,0.14956140350877192,0.36622807017543857
0.33598233995584986,0.14922737306843267,0.14966887417218544,0.365121412803532
0.3414310954063604,0.1435512367491166,0.14796819787985865,0.3670494699646643
0.3409490333919156,0.14543057996485062,0.15026362038664323,0.3633567662565905
0.34137779727950857,0.1474330846862659,0.14787187362878457,0.363317244405441
0.3370190181335692,0.15126050420168066,0.14639540026536932,0.3653250773993808
0.3438053097345133,0.1495575221238938,0.14380530973451328,0.36283185840707965
0.3471915081822203,0.14772224679345422,0.14551083591331268,0.3595754091110128
0.3479020979020979,0.14991258741258742,0.14466783216783216,0.3575174825174825
0.34390136503742846,0.15235579040070454,0.14883311316600617,0.35490973139586085
0.3464254192409532,0.14474845542806708,0.14916151809355693,0.3596646072374228
0.34644277507733096,0.14803358373840036,0.14847547503314185,0.35704816615112683
0.3437225636523266,0.1431079894644425,0.15364354697102722,0.3595258999122037
0.34912280701754383,0.14298245614035088,0.14868421052631578,0.3592105263157895
0.33902759526938236,0.1410424879544459,0.14936487078405605,0.37056504599211565
0.33938053097345133,0.14203539823008848,0.15309734513274337,0.3654867256637168
0.3461024498886414,0.13853006681514476,0.15768374164810692,0.3576837416481069
0.3494931687968268,0.13530189510797708,0.15821947994711327,0.35698545614808286
0.3435148295706065,0.13678618857901725,0.1571491810535635,0.36254980079681276
