C,D,Oc,Od
1.0,0.0,0.0,0.0
0.2,0.0,0.0,0.8
0.5,0.0,0.0,0.5
0.38461538461538464,0.07692307692307693,0.0,0.5384615384615384
0.5,0.0625,0.0625,0.375
0.45454545454545453,0.09090909090909091,0.09090909090909091,0.36363636363636365
0.48484848484848486,0.030303030303030304,0.12121212121212122,0.36363636363636365
0.5581395348837209,0.023255813953488372,0.16279069767441862,0.2558139534883721
0.5178571428571429,0.017857142857142856,0.19642857142857142,0.26785714285714285
0.44776119402985076,0.04477611940298507,0.19402985074626866,0.31343283582089554
0.45348837209302323,0.03488372093023256,0.16279069767441862,0.3488372093023256
0.4368932038834951,0.05825242718446602,0.17475728155339806,0.3300970873786408
0.4296875,0.046875,0.171875,0.3515625
0.4166666666666667,0.05555555555555555,0.1736111111111111,0.3541666666666667
0.37142857142857144,0.05714285714285714,0.19428571428571428,0.37714285714285717
0.3888888888888889,0.06060606060606061,0.19696969696969696,0.35353535353535354
0.40772532188841204,0.08583690987124463,0.15021459227467812,0.3562231759656652
0.39416058394160586,0.10583941605839416,0.16058394160583941,0.33941605839416056
0.38095238095238093,0.10158730158730159,0.1492063492063492,0.3682539682539683
0.37158469945355194,0.09562841530054644,0.15846994535519127,0.3743169398907104
0.3875598086124402,0.08373205741626795,0.145933014354067,0.3827751196172249
0.36538461538461536,0.0876068376068376,0.14316239316239315,0.40384615384615385
0.37573385518590996,0.09784735812133072,0.12720156555772993,0.39921722113502933
0.36347517730496454,0.10283687943262411,0.12056737588652482,0.41312056737588654
0.3552,0.1184,0.1376,0.3888
0.34820143884892085,0.12661870503597122,0.1366906474820144,0.38848920863309355
0.3386243386243386,0.12433862433862433,0.14153439153439154,0.3955026455026455
0.3329466357308585,0.11832946635730858,0.14849187935034802,0.40023201856148494
0.3065049614112459,0.12017640573318633,0.15766262403528114,0.41565600882028664
0.30173292558613657,0.12232415902140673,0.15392456676860347,0.42201834862385323
0.27798861480075904,0.12903225806451613,0.15749525616698293,0.43548387096774194
0.28926353149955636,0.11801242236024845,0.16770186335403728,0.42502218278615794
0.27996781979082863,0.12791633145615447,0.16411906677393404,0.42799678197908286
0.2877752467729689,0.1313591495823842,0.16552771450265755,0.4153378891419894
0.28737300435413643,0.12917271407837447,0.16037735849056603,0.4230769230769231
0.27104722792607805,0.14099931553730322,0.16700889801505817,0.4209445585215606
0.27431906614785995,0.13488975356679636,0.16277561608300908,0.4280155642023346
0.28668310727496915,0.1374845869297164,0.15474722564734894,0.4210850801479655
0.2782352941176471,0.13823529411764707,0.15,0.4335294117647059
0.2727784026996625,0.13498312710911137,0.14679415073115862,0.4454443194600675
0.2712707182320442,0.15138121546961325,0.1464088397790055,0.430939226519337
0.2657417289220918,0.1552828175026681,0.1424759871931697,0.43649946638207043
0.2632964718272775,0.16113744075829384,0.1474460242232754,0.42812006319115326
0.2673469387755102,0.16020408163265307,0.1520408163265306,0.4204081632653061
0.273224043715847,0.15548931942374566,0.15449577744659712,0.4167908594138102
0.2707826932425863,0.1545940690325717,0.15605250364608653,0.41857073407875545
0.2634874759152216,0.15606936416184972,0.1613680154142582,0.4190751445086705
0.25757575757575757,0.15861742424242425,0.16003787878787878,0.4237689393939394
0.2570356472795497,0.1651031894934334,0.16088180112570358,0.4169793621013133
0.2601102941176471,0.171875,0.16727941176470587,0.4007352941176471
0.26301369863013696,0.17488584474885846,0.16712328767123288,0.3949771689497717
0.2652873563218391,0.1724137931034483,0.1728735632183908,0.3894252873563218
0.2656391659111514,0.17724388032638258,0.1767905711695376,0.3803263825929284
0.2686363636363636,0.1781818181818182,0.17909090909090908,0.3740909090909091
0.2660300136425648,0.1696225557071396,0.1855388813096862,0.37880854934060937
0.27979751495628163,0.16152784169351128,0.18269673262770364,0.37597791072250347
0.27683873915029694,0.16628597533120146,0.18136135221562358,0.375513933302878
0.2748404740200547,0.1722880583409298,0.182771194165907,0.3701002734731085
0.2731795567616463,0.17729534147444595,0.1791044776119403,0.3704206241519674
0.28364295423652014,0.16991391028545538,0.1835070231082918,0.36293611236973267
0.28102189781021897,0.16423357664233576,0.19297445255474452,0.36177007299270075
0.2826775214834916,0.16417910447761194,0.19357756671189508,0.35956580732700133
0.285972850678733,0.16199095022624435,0.19502262443438914,0.3570135746606335
0.27575348627980206,0.16464237516869096,0.19883040935672514,0.36077372919478184
0.2756119673617407,0.16908431550317315,0.19673617407071622,0.3585675430643699
0.26420198376916143,0.16501352569882777,0.2042380522993688,0.36654643823264205
0.2699055330634278,0.1632928475033738,0.21187584345479082,0.3549257759784076
0.26137899954934657,0.1694456962595764,0.2095538530869761,0.35962145110410093
0.2622201918684331,0.16857012334399268,0.21242576518958428,0.35678391959798994
0.26170798898071623,0.17079889807162535,0.21395775941230485,0.35353535353535354
0.2688919796012981,0.1664348632359759,0.21047751506722298,0.354195642095503
0.28188833408987746,0.15115751248297776,0.2115297321833863,0.3554244212437585
0.2751131221719457,0.1502262443438914,0.21085972850678733,0.36380090497737555
0.27251943301326015,0.16643804298125287,0.20484682213077274,0.3561957018747142
0.2775996335318369,0.16262024736601008,0.20659642693541,0.353183692166743
0.2918002748511223,0.16216216216216217,0.20888685295464957,0.337150710032066
0.2796187017703132,0.16613708579210168,0.21016795279164777,0.34407625964593735
0.2791970802919708,0.16970802919708028,0.19525547445255476,0.35583941605839414
0.28001833180568286,0.17048579285059579,0.20073327222731438,0.34876260311640694
0.28253968253968254,0.17913832199546487,0.20090702947845804,0.33741496598639453
0.2783171521035599,0.17891816920943135,0.20527045769764216,0.3374942209893666
0.28525787311729806,0.17800091282519398,0.20492925604746692,0.3318119580100411
0.2868324125230203,0.179097605893186,0.20441988950276244,0.3296500920810313
0.28551660516605165,0.18588560885608857,0.20525830258302583,0.3233394833948339
0.2787712058688675,0.19899128839981658,0.20861989912884,0.31361760660247595
0.283609576427256,0.2104051565377532,0.20349907918968693,0.30248618784530384
0.2882758620689655,0.20275862068965517,0.19770114942528735,0.31126436781609196
0.28741418764302057,0.19496567505720824,0.1931350114416476,0.32448512585812356
0.2814093648585999,0.1942512749188688,0.19100602688919796,0.3333333333333333
0.28125,0.19806985294117646,0.18887867647058823,0.3318014705882353
0.28617216117216115,0.19826007326007325,0.1891025641025641,0.32646520146520147
0.28145087235996324,0.1928374655647383,0.20018365472910926,0.32552800734618914
0.2772457820337437,0.19425444596443228,0.2056543547651619,0.3228454172366621
0.2863554757630162,0.18806104129263915,0.2078096947935368,0.3177737881508079
0.2881818181818182,0.18045454545454545,0.20863636363636365,0.32272727272727275
0.2788808664259928,0.19088447653429602,0.20216606498194944,0.32806859205776173
0.28428701180744775,0.184377838328792,0.20118074477747502,0.3301544050862852
0.2869995501574449,0.18353576248313092,0.19343229869545658,0.3360323886639676
0.28440786465477824,0.19433013260173754,0.18884316415180613,0.3324188385916781
0.2940125111706881,0.19079535299374442,0.19258266309204647,0.322609472743521
0.2921146953405018,0.1935483870967742,0.19086021505376344,0.3234767025089606
0.2970882620564149,0.1851683348498635,0.1897179253867152,0.32802547770700635
0.2926497277676951,0.18874773139745918,0.1869328493647913,0.33166969147005443
0.2932537861404314,0.1932078935291418,0.1890775585130794,0.3244607618173474
0.2876649977241693,0.18843878015475649,0.188893946290396,0.3350022758306782
0.2855203619909502,0.18461538461538463,0.18914027149321266,0.3407239819004525
0.2881125226860254,0.191016333938294,0.191016333938294,0.32985480943738654
0.2861649391617846,0.19378098242451555,0.18476791347453808,0.3352861649391618
0.27886809675947055,0.1994523048836148,0.1912368781378366,0.33044272021907806
0.27514928801102434,0.19935691318327975,0.19797887000459347,0.32751492880110245
0.27414187643020593,0.19816933638443937,0.1945080091533181,0.3331807780320366
0.2724358974358974,0.19826007326007325,0.19230769230769232,0.336996336996337
0.2787630741246021,0.197362437471578,0.1846293769895407,0.3392451114142792
0.2685143116765107,0.19491140390731485,0.18718764198091775,0.3493866424352567
0.25802016498625113,0.193858845096242,0.19019248395967003,0.3579285059578369
0.2471237919926369,0.19742291762540268,0.1932811780947998,0.3621721122871606
0.24521422060164083,0.19644484958979033,0.19553327256153144,0.3628076572470374
0.23753399818676338,0.19174977334542156,0.1971894832275612,0.37352674524025387
0.24761904761904763,0.18231292517006803,0.20090702947845804,0.3691609977324263
0.2539610683567225,0.18696242643730196,0.19782707107288366,0.3612494341330919
0.25158946412352406,0.1880108991825613,0.20708446866485014,0.3533151680290645
0.2476319350473613,0.18989625620207487,0.2133513757329725,0.3491204330175913
0.24550359712230216,0.1875,0.2189748201438849,0.34802158273381295
0.25146198830409355,0.18488529014844804,0.21997300944669365,0.34367971210076476
0.2505705157462346,0.1953445915107257,0.21177544500228207,0.34230944774075767
0.25033890646181656,0.1956619972887483,0.21012200632625394,0.3438770899231812
0.2523787947439964,0.19528772088808338,0.20480289986406888,0.3475305845038514
0.257479601087942,0.1944696282864914,0.20444242973708068,0.34360834088848596
0.26373626373626374,0.19184981684981686,0.20512820512820512,0.3392857142857143
0.253690036900369,0.1992619926199262,0.21356088560885608,0.3334870848708487
0.25343092406221407,0.20173833485818848,0.20951509606587373,0.3353156450137237
0.24965831435079727,0.19316628701594532,0.21275626423690205,0.34441913439635535
0.2503419972640219,0.20063839489284085,0.19699042407660738,0.35202918376652986
0.2526124488868696,0.2008178100863244,0.19536574284416175,0.35120399818264425
0.25386012715712986,0.1907356948228883,0.203905540417802,0.35149863760217986
0.25583524027459953,0.18672768878718535,0.20137299771167047,0.3560640732265446
0.24896836313617607,0.18844566712517194,0.21045392022008252,0.35213204951856947
0.24527431996311663,0.19271553711387737,0.21161825726141079,0.3503918856615952
0.2530949105914718,0.18661164603392938,0.20311783585511234,0.35717560751948646
0.25655172413793104,0.1917241379310345,0.19954022988505746,0.352183908045977
0.2516069788797062,0.18640955004591367,0.20202020202020202,0.35996326905417814
0.25847846012832265,0.1773602199816682,0.2076076993583868,0.3565536205316224
0.26963711529627926,0.17041800643086816,0.21038125861276988,0.3495636196600827
0.27445652173913043,0.16893115942028986,0.20969202898550723,0.34692028985507245
0.2757685352622061,0.17585895117540687,0.20207956600361662,0.3462929475587703
0.27757520510483136,0.17456700091157704,0.1927985414767548,0.35505925250683684
0.26879271070615035,0.1785876993166287,0.19681093394077448,0.35580865603644646
0.26790571169537625,0.17951042611060744,0.19764279238440616,0.35494106980961015
0.263681592039801,0.18000904568068749,0.20352781546811397,0.35278154681139756
0.26358695652173914,0.1852355072463768,0.1983695652173913,0.35280797101449274
0.2602365787079163,0.19608735213830755,0.1942675159235669,0.3494085532302093
0.26045454545454544,0.20636363636363636,0.19272727272727272,0.34045454545454545
0.2638064810588772,0.20173436786855317,0.19580100410771337,0.33865814696485624
0.27041742286751363,0.20190562613430127,0.19419237749546278,0.3334845735027223
0.2724373576309795,0.1990888382687927,0.20136674259681092,0.32710706150341684
0.27442922374429224,0.1963470319634703,0.2045662100456621,0.32465753424657534
0.2736746714997734,0.1989125509741731,0.20389669234254645,0.323516085183507
0.26502242152466365,0.19910313901345292,0.20896860986547086,0.32690582959641257
0.2634190347316193,0.20523229589535408,0.20974289580514208,0.32160577356788456
0.26823742637063885,0.20797462618939738,0.20389669234254645,0.3198912550974173
0.26660558863948697,0.21255153458543288,0.20247366010077875,0.3183692166743014
0.268348623853211,0.20871559633027523,0.19908256880733946,0.3238532110091743
0.2693526482571299,0.2037120869171571,0.2068809416025351,0.3200543232231779
0.2671264367816092,0.19540229885057472,0.2096551724137931,0.327816091954023
0.2663594470046083,0.195852534562212,0.20829493087557605,0.3294930875576037
0.27222731439046743,0.19844179651695693,0.20073327222731438,0.32859761686526123
0.27790432801822323,0.19726651480637813,0.19863325740318907,0.3261958997722096
0.2864963503649635,0.1947992700729927,0.19343065693430658,0.32527372262773724
0.29168559745570194,0.1940027260336211,0.1890049977283053,0.3253066787823716
0.29409090909090907,0.19272727272727272,0.18636363636363637,0.32681818181818184
0.29157175398633256,0.19134396355353075,0.1785876993166287,0.33849658314350795
0.3048614266242617,0.18718764198091775,0.17355747387551113,0.3343934575193094
0.3058984910836763,0.18381344307270234,0.17649748513946045,0.33379058070416096
0.2976891708201178,0.17897598550067967,0.18803806071590395,0.3352967829632986
0.3020928116469518,0.17788898999090083,0.1942675159235669,0.3257506824385805
0.30953456845910526,0.17939448712155445,0.18662449164030728,0.324446452779033
0.30212573496155587,0.18453188602442333,0.1863410221619177,0.32700135685210313
0.3065029558890405,0.18326512050932242,0.18417462482946795,0.32605729877216916
0.3131768953068592,0.18050541516245489,0.17193140794223827,0.33438628158844763
0.3034013605442177,0.17913832199546487,0.17868480725623584,0.33877551020408164
0.2976136875281405,0.17784781629896443,0.17829806393516434,0.34624043223773077
0.29904415111515703,0.17523896222121074,0.18252162039144287,0.3431952662721893
0.3010948905109489,0.16925182481751824,0.18111313868613138,0.34854014598540145
0.2939572921399364,0.1640163562017265,0.17946388005452069,0.36256247160381644
0.2954236520163117,0.1653828726778432,0.1798821930222021,0.35931128228364295
0.29310344827586204,0.1705989110707804,0.17967332123411978,0.3566243194192377
0.2872050816696915,0.1692377495462795,0.1896551724137931,0.35390199637023595
0.28973660308810173,0.17574931880108993,0.18483197093551318,0.3496821071752952
0.2855197458011802,0.17884702678166137,0.17748524738992283,0.3581479800272356
0.2852650494159928,0.1761006289308176,0.17699910152740342,0.36163522012578614
0.28230088495575223,0.181858407079646,0.16946902654867257,0.3663716814159292
0.28603705377315863,0.18933574333483957,0.16900135562584725,0.35562584726615454
0.27862939585211904,0.19431920649233544,0.17673579801623085,0.3503155996393147
0.27647058823529413,0.18733031674208145,0.18868778280542986,0.34751131221719456
0.2824601366742597,0.19043280182232347,0.19225512528473804,0.3348519362186788
0.28313796212804326,0.18034265103697025,0.19972948602344454,0.3367899008115419
0.2933151432469304,0.1823556161891769,0.2073669849931787,0.31696225557071395
0.2943310657596372,0.18321995464852608,0.2058956916099773,0.3165532879818594
0.2907930720145852,0.1845943482224248,0.20738377392889698,0.31722880583409296
0.2832183908045977,0.18482758620689654,0.20689655172413793,0.3250574712643678
0.2810760667903525,0.18738404452690166,0.20732838589981448,0.32421150278293137
0.28741418764302057,0.18718535469107553,0.19862700228832952,0.32677345537757435
0.29221665908056443,0.18024578971324534,0.20300409649522075,0.3245334547109695
0.2988980716253444,0.17860422405876952,0.20018365472910926,0.32231404958677684
0.29347329986307624,0.18439068918302146,0.19443176631675035,0.327704244637152
0.2848101265822785,0.1853526220614828,0.19981916817359854,0.33001808318264014
0.29409111411817773,0.18177717636445648,0.18764095624718088,0.33649075327018496
0.29411764705882354,0.17783857729138167,0.18878248974008208,0.3392612859097127
0.29097605893186,0.179097605893186,0.19705340699815838,0.3328729281767956
0.29395604395604397,0.17765567765567766,0.19734432234432234,0.33104395604395603
0.28792007266121705,0.1721162579473206,0.19709355131698456,0.34287011807447776
0.2855178735105408,0.1686526122823098,0.2016498625114574,0.34417965169569203
0.28953330312641595,0.17308563661078388,0.19528772088808338,0.3420933393747168
0.2842201000454752,0.17735334242837653,0.19554342883128695,0.3428831286948613
0.2830103650292925,0.18521856692203695,0.1879224876070302,0.3438485804416404
0.28577919127669243,0.18037255792821444,0.19036801453884597,0.3434802362562472
0.29459827507943714,0.17975487970948706,0.18338629142078983,0.34226055379028597
0.2963464140730717,0.18628777627424448,0.17365809652683806,0.34370771312584575
0.2972727272727273,0.1809090909090909,0.17772727272727273,0.3440909090909091
0.2988245931283906,0.17811934900542495,0.17857142857142858,0.3444846292947559
0.28669410150891633,0.18609967992684043,0.19021490626428897,0.33699131229995427
0.28311333636777425,0.18798361401911698,0.19253527537551207,0.33636777423759673
0.2844709115895557,0.1859825927622538,0.19147961520842877,0.3380668804397618
0.2841579664094417,0.18384021788470267,0.18974126191556967,0.34226055379028597
0.2885662431941924,0.18557168784029038,0.18330308529945555,0.3425589836660617
0.28933092224231466,0.18942133815551537,0.18037974683544303,0.34086799276672697
0.28954545454545455,0.18954545454545454,0.1831818181818182,0.3377272727272727
0.2940100594421582,0.18061271147690902,0.19021490626428897,0.3351623228166438
0.29683257918552036,0.18054298642533936,0.19049773755656108,0.33212669683257917
0.29193109700815956,0.18449682683590207,0.19356300997280146,0.3300090661831369
0.28410117434507676,0.17931345980126467,0.1978319783197832,0.33875338753387535
0.2917625402669121,0.19236079153244362,0.18361711919005982,0.33225954901058447
0.2868181818181818,0.19045454545454546,0.18727272727272729,0.33545454545454545
0.28428246013667424,0.18542141230068337,0.19043280182232347,0.3398633257403189
0.2705775352432924,0.1959981809913597,0.19236016371077763,0.34106412005457026
0.27072835547411817,0.19468621163536418,0.19422812643151627,0.34035730645900136
0.27127172918572734,0.19350411710887466,0.1889295516925892,0.34629460201280876
0.2795311091073039,0.19026149684400362,0.18755635707844906,0.34265103697024346
0.26986301369863014,0.182648401826484,0.19223744292237444,0.3552511415525114
0.27214902317128575,0.1899136756019991,0.19582008178100863,0.3421172194457065
0.271532184950136,0.18948322756119673,0.20308250226654578,0.3359020852221215
0.2724388032638259,0.1872166817769719,0.19945602901178605,0.34088848594741616
0.2750455373406193,0.18351548269581056,0.20719489981785064,0.3342440801457195
0.2756086357372531,0.18971061093247588,0.20119430408819478,0.33348644924207627
0.2802926383173297,0.1984453589391861,0.19661636945587563,0.3246456332876086
0.28964252978918426,0.18881759853345553,0.19798350137488543,0.3235563703024748
0.29534147444595205,0.18860244233378562,0.20352781546811397,0.31252826775214837
0.2886783942264321,0.19485791610284167,0.20433017591339647,0.31213351375732973
0.2870705244122966,0.19529837251356238,0.20343580470162748,0.3141952983725136
0.29232150875617424,0.19263583295913786,0.20610687022900764,0.3089357880556803
0.28884826325411334,0.19469835466179158,0.19926873857404023,0.3171846435100548
0.2918002748511223,0.19010535959688502,0.19651855245075583,0.32157581310123684
0.304168575355016,0.18231791113147044,0.19972514887769124,0.31378836463582227
0.3030852994555354,0.17876588021778583,0.19918330308529947,0.31896551724137934
0.29624542124542125,0.18772893772893773,0.20100732600732601,0.315018315018315
0.2955484167049105,0.19183111519045434,0.20192748967416246,0.3106929784304727
0.30140717203812983,0.19836586472991374,0.1979119382660009,0.3023150249659555
0.3030579643998174,0.1953445915107257,0.20356001825650388,0.298037425832953
0.3066123188405797,0.19610507246376813,0.20380434782608695,0.29347826086956524
0.3007346189164371,0.20385674931129477,0.2024793388429752,0.29292929292929293
0.29511192325262675,0.20511649154865236,0.20877112836911832,0.29100045682960257
0.2866909753874202,0.20282588878760255,0.21285323609845033,0.29762989972652687
0.29854147675478576,0.20647219690063812,0.21011850501367366,0.28486782133090244
0.3130434782608696,0.19816933638443937,0.20137299771167047,0.28741418764302057
0.3155718879191548,0.19430408819476344,0.19614147909967847,0.2939825447864033
0.323956442831216,0.18466424682395643,0.1996370235934664,0.29174228675136116
0.3295557570262919,0.18223028105167724,0.19764279238440616,0.2905711695376247
0.3284870513402999,0.1890049977283053,0.18809631985461153,0.29441163107678325
0.32476319350473615,0.18177717636445648,0.19576003608479928,0.2976995940460081
0.3238482384823848,0.1802168021680217,0.1951219512195122,0.3008130081300813
0.31699640287769787,0.18345323741007194,0.19334532374100719,0.306205035971223
0.3175182481751825,0.18613138686131386,0.19616788321167883,0.3001824817518248
0.30815018315018317,0.18177655677655677,0.19688644688644688,0.3131868131868132
0.3140118667275217,0.17800091282519398,0.18667275216795984,0.3213144682793245
0.308890925756187,0.1851512373968836,0.19019248395967003,0.3157653528872594
0.3055681303757356,0.18334087822544137,0.19103666817564507,0.3200543232231779
0.29632985953783414,0.1835070231082918,0.19483461712732217,0.32532850022655185
0.2904527117884357,0.18108471537427162,0.2025997310623039,0.3258628417749888
0.2949705482555505,0.17852288173991845,0.2025373810602628,0.32396918894426824
0.2935076645626691,0.18440036068530208,0.20108205590622183,0.32100991884580704
0.28441617446615175,0.18718764198091775,0.20490686051794638,0.3234893230349841
0.2769089236430543,0.1936522539098436,0.20791168353265868,0.3215271389144434
0.28492392807745504,0.18856615952051636,0.206546795758414,0.31996311664361454
0.2837528604118993,0.19130434782608696,0.20823798627002288,0.31670480549199087
0.28564940962761126,0.19209809264305178,0.2075386012715713,0.31471389645776565
0.2895576835385317,0.1828545371637027,0.21842225262197904,0.3091655266757866
0.2795549374130737,0.1835883171070932,0.2257765414928141,0.311080203987019
0.28434504792332266,0.18439068918302146,0.22364217252396165,0.3076220903696942
0.27883742052679383,0.1807447774750227,0.22343324250681199,0.3169845594913715
0.27383642114776324,0.18300948938093087,0.21644826028016267,0.32670582919114327
0.2814645308924485,0.18672768878718535,0.2137299771167048,0.3180778032036613
0.281437125748503,0.18562874251497005,0.2164900967296177,0.31644403500690926
0.27943840579710144,0.1852355072463768,0.22010869565217392,0.31521739130434784
0.27339449541284405,0.1871559633027523,0.2261467889908257,0.31330275229357796
0.2781546811397558,0.18407960199004975,0.22523744911804613,0.31252826775214837
0.27902707664066084,0.18999541073887105,0.22074346030289124,0.3102340523175769
0.27622537792029317,0.19010535959688502,0.21621621621621623,0.3174530462666056
0.2705775352432924,0.1882673942701228,0.21737153251477945,0.32378353797180537
0.27157129881925524,0.18119891008174388,0.21662125340599456,0.33060853769300635
0.28076572470373745,0.18869644484958978,0.20920692798541476,0.32133090246125795
0.2835004557885141,0.18505013673655424,0.21695533272561532,0.31449407474931634
0.28765880217785844,0.19010889292196007,0.21551724137931033,0.30671506352087113
0.29106498194945846,0.18998194945848376,0.21164259927797835,0.3073104693140794
0.2884527612962118,0.1811958010041077,0.21588315837517116,0.3144682793245094
0.28364295423652014,0.1830539193475306,0.2147711826008156,0.31853194381513367
0.2791327913279133,0.18473351400180668,0.22086720867208673,0.3152664859981933
0.2798727850976829,0.17991821899136756,0.2230804179918219,0.3171285779191277
0.2752376641014033,0.18515165233137165,0.21910366681756452,0.3205070167496605
0.27206880941602535,0.18741511996378452,0.22000905387052966,0.3205070167496605
0.2716105550500455,0.18562329390354868,0.21337579617834396,0.3293903548680619
0.27623807360290775,0.186278964107224,0.20536119945479328,0.33212176283507494
0.28334825425246196,0.18889883616830797,0.19247985675917637,0.3352730528200537
0.27025803531009507,0.1842462652784065,0.19601629696695339,0.34947940244454506
0.26438356164383564,0.18949771689497716,0.19269406392694063,0.35342465753424657
0.26910755148741416,0.188558352402746,0.19359267734553776,0.34874141876430204
0.26144688644688646,0.2000915750915751,0.18864468864468864,0.3498168498168498
0.26636363636363636,0.20636363636363636,0.17772727272727273,0.34954545454545455
0.2660592255125285,0.20455580865603645,0.17813211845102506,0.35125284738041
0.26721763085399447,0.2024793388429752,0.18089990817263543,0.34940312213039487
0.27089072543618,0.20202020202020202,0.174931129476584,0.35215794306703396
0.26706096451319383,0.2097361237488626,0.17151956323930848,0.35168334849863514
0.27018493459630133,0.2124492557510149,0.17230491655390168,0.34506089309878213
0.2755474452554745,0.21304744525547445,0.17974452554744524,0.33166058394160586
0.2806215722120658,0.20018281535648993,0.17595978062157222,0.34323583180987205
0.2698993595608417,0.2012808783165599,0.1838975297346752,0.34492223238792313
0.28032712403452975,0.20218082689686506,0.18718764198091775,0.33030440708768743
0.2666969559291231,0.20308950477055884,0.18945933666515222,0.3407542026351658
0.2727272727272727,0.20045454545454544,0.19090909090909092,0.33590909090909093
0.27459016393442626,0.20947176684881602,0.18579234972677597,0.3301457194899818
0.27661510464058237,0.21019108280254778,0.18926296633303002,0.32393084622383983
0.2800726282342261,0.20699046754425782,0.1861098502042669,0.3268270540172492
0.28532608695652173,0.20380434782608695,0.17889492753623187,0.3319746376811594
0.27694406548431105,0.2100954979536153,0.1800818553888131,0.3328785811732606
0.26596233348644926,0.21497473587505742,0.18465778594395957,0.33440514469453375
0.2694938440492476,0.2220702234382125,0.1801185590515276,0.3283173734610123
0.26815897670169025,0.21882137962539971,0.1804476930105071,0.3325719506624029
0.2718043377941855,0.21458237194277804,0.1873557914167051,0.3262574988463313
0.2754353803849679,0.20898258478460127,0.1846929422548121,0.3308890925756187
0.26877289377289376,0.2032967032967033,0.19413919413919414,0.33379120879120877
0.26706367384333485,0.20522217132386625,0.19377004122766833,0.33394411360513054
0.2684139177586986,0.19430637144148216,0.18752824220515138,0.3497514685946679
0.2684042066758116,0.19661636945587563,0.18427069044352995,0.3507087334247828
0.25701357466063346,0.19864253393665157,0.19411764705882353,0.3502262443438914
0.2600451467268623,0.20090293453724606,0.18826185101580137,0.3507900677200903
0.2533394748963611,0.20681713496084753,0.18701059419622293,0.3528327959465684
0.26165205353022614,0.20027688047992617,0.19058606368251038,0.3474850023073373
0.2629151291512915,0.20018450184501846,0.1775830258302583,0.3593173431734317
0.26184997699033596,0.2024850437183617,0.1771744132535665,0.3584905660377358
0.26442085832948775,0.20166128287955698,0.17443470235348407,0.35948315643747114
0.27148080438756855,0.1969835466179159,0.17595978062157222,0.3555758683729433
0.27351203998182644,0.19582008178100863,0.18309859154929578,0.34756928668786913
0.2708803611738149,0.1945823927765237,0.1909706546275395,0.34356659142212187
0.2829758101323597,0.19032405294386126,0.18804198995892288,0.33865814696485624
0.28377767736104836,0.1852688657930411,0.1965657478535924,0.3343877089923181
0.2922936616507068,0.18148654810761514,0.19927040583675332,0.32694938440492477
0.28815122176118024,0.1876440756108806,0.19225449515905949,0.33195020746887965
0.2867513611615245,0.18647912885662432,0.19782214156079855,0.32894736842105265
0.2808529945553539,0.19010889292196007,0.20916515426497279,0.3198729582577132
0.28408572731418147,0.18604651162790697,0.208390332877337,0.32147742818057456
0.2822141560798548,0.18874773139745918,0.20326678765880218,0.3257713248638838
0.28551850159890363,0.18912745545911375,0.19643672910004567,0.32891731384193695
0.2889990982867448,0.19026149684400362,0.19702434625789,0.3237150586113616
0.28441617446615175,0.1935483870967742,0.19718309859154928,0.32485233984552475
0.28519692168401994,0.19375282933454052,0.2019013128112268,0.3191489361702128
0.2895948434622468,0.1919889502762431,0.2136279926335175,0.30478821362799263
0.28413793103448276,0.1917241379310345,0.21471264367816092,0.30942528735632185
0.28193430656934304,0.19297445255474452,0.2166970802919708,0.3083941605839416
0.28230980751604035,0.19477543538038497,0.21081576535288726,0.31209899175068745
0.2822836429542365,0.20480289986406888,0.21341187131853195,0.29950158586316267
0.27631578947368424,0.21415607985480944,0.20871143375680581,0.30081669691470053
0.27906976744186046,0.20611035111719106,0.2111263109895121,0.3036935704514364
0.27954545454545454,0.19590909090909092,0.21136363636363636,0.3131818181818182
0.2818057455540356,0.19516643866849065,0.20656634746922026,0.31646146830825356
0.28009049773755657,0.19049773755656108,0.20090497737556562,0.32850678733031674
0.2742230347349177,0.193327239488117,0.20018281535648993,0.33226691042047535
0.2755289788408464,0.18951241950321987,0.19641214351425942,0.33854645814167433
0.27711941659070194,0.18550592525068368,0.19781221513217867,0.33956244302643573
0.27351598173515984,0.1863013698630137,0.2095890410958904,0.33059360730593607
0.27696526508226693,0.18692870201096892,0.20292504570383912,0.33318098720292505
0.2748299319727891,0.19183673469387755,0.19954648526077098,0.33378684807256237
0.27787851314596557,0.19265639165911153,0.19673617407071622,0.3327289211242067
0.2677521483491633,0.20578923563998192,0.1931252826775215,0.3333333333333333
0.26902173913043476,0.19519927536231885,0.1933876811594203,0.3423913043478261
0.2611036339165545,0.19066846119336026,0.2027815163750561,0.3454463885150292
0.2503407542026352,0.19945479327578375,0.19945479327578375,0.3507496592457974
0.25158946412352406,0.2016348773841962,0.2016348773841962,0.34514078110808355
0.254337899543379,0.2045662100456621,0.19406392694063926,0.3470319634703196
0.26303854875283444,0.18775510204081633,0.2036281179138322,0.345578231292517
0.2819244604316547,0.1875,0.18974820143884893,0.3408273381294964
0.28091397849462363,0.18951612903225806,0.18996415770609318,0.3396057347670251
0.289426523297491,0.19041218637992832,0.19130824372759855,0.3288530465949821
0.2989179440937782,0.18935978358881875,0.19026149684400362,0.32146077547339946
0.2853881278538813,0.19726027397260273,0.19680365296803654,0.32054794520547947
0.27932450935645825,0.19032405294386126,0.20492925604746692,0.3254221816522136
0.2849954254345837,0.1889295516925892,0.20768526989935956,0.3183897529734675
0.2864367816091954,0.18160919540229886,0.20689655172413793,0.3250574712643678
0.29489516864175025,0.17866909753874202,0.19690063810391978,0.329535095715588
0.29886621315192746,0.18321995464852608,0.19410430839002268,0.3238095238095238
0.2893284268629255,0.18491260349586017,0.20331186752529898,0.3224471021159154
0.28978840846366144,0.1844526218951242,0.19641214351425942,0.32934682612695493
0.2897959183673469,0.17913832199546487,0.2018140589569161,0.3292517006802721
0.28832951945080093,0.18123569794050343,0.20778032036613273,0.32265446224256294
0.2923709456372773,0.18547281863864779,0.2064869803563271,0.3156692553677478
0.2912885662431942,0.1955535390199637,0.20825771324863884,0.30490018148820325
0.2910174152153987,0.19660861594867093,0.20394133822181484,0.30843263061411547
0.2965142598460842,0.20235400633770936,0.19782707107288366,0.3033046627433228
0.29352319706017455,0.19843821773082224,0.20349104271933854,0.3045475424896647
0.29191411603471906,0.1936957514846962,0.20328917313841938,0.31110095934216536
0.28427326914259515,0.19440623567171023,0.19990829894543788,0.32141219624025674
0.2895212285456188,0.1838301716350497,0.1978319783197832,0.3288166214995483
0.27209944751381215,0.18554327808471455,0.20534069981583794,0.3370165745856354
0.26611418047882135,0.18922651933701656,0.2154696132596685,0.3291896869244936
0.2612653618570778,0.19162494310423306,0.21574874829312699,0.33136094674556216
0.25283189850475757,0.20027186225645674,0.22247394653375624,0.3244222927050294
0.2466185752930568,0.20153291253381425,0.2272317403065825,0.3246167718665464
0.2532790592492085,0.20398009950248755,0.21800090456806875,0.3247399366802352
0.255387436955525,0.20724438331040806,0.2164144887666208,0.32095369096744614
0.25206611570247933,0.20844811753902662,0.21487603305785125,0.3246097337006428
0.24782010096374485,0.20789352914180817,0.21110601193207892,0.33318035796236806
0.2613480055020633,0.19761577258138469,0.21412196240256762,0.3269142595139844
0.2613065326633166,0.19186843307446322,0.21516674280493375,0.3316582914572864
0.26893070215695275,0.18953648462597522,0.21753097751262046,0.32400183570445157
0.272105742935278,0.18505013673655424,0.22470373746581587,0.31814038286235186
0.28110599078341014,0.1792626728110599,0.2294930875576037,0.3101382488479263
0.2810637322329207,0.18110958276020175,0.21962402567629527,0.3182026593305823
0.2846648301193756,0.1781450872359963,0.21533516988062443,0.3218549127640037
0.28630514705882354,0.17417279411764705,0.21645220588235295,0.32306985294117646
0.2844709115895557,0.16536875858909758,0.2217132386623912,0.32844709115895554
0.2762735199632859,0.17439192290041303,0.21156493804497475,0.3377696190913263
0.27535566773749426,0.18586507572280864,0.20605782469022488,0.3327214318494722
0.2731034482758621,0.19080459770114944,0.2096551724137931,0.3264367816091954
0.282708142726441,0.19121683440073192,0.20631290027447394,0.3197621225983532
0.2810368349249659,0.1855388813096862,0.21055025011368805,0.32287403365165984
0.27663465935070874,0.18244170096021947,0.21490626428898033,0.32601737540009146
0.2773722627737226,0.1865875912408759,0.2103102189781022,0.32572992700729925
0.2802021129995407,0.1823610473128158,0.2048690858980248,0.3325677537896187
0.27911275415896486,0.18484288354898337,0.21025878003696857,0.3257855822550832
0.2789400278940028,0.18503021850302184,0.20781032078103207,0.32821943282194327
0.2830361225422954,0.18884316415180613,0.2030178326474623,0.32510288065843623
0.28195829555757024,0.18902991840435177,0.21350861287398004,0.3155031731640979
0.2810368349249659,0.18963165075034105,0.20463847203274216,0.3246930422919509
0.2730173199635369,0.19006381039197812,0.20191431175934366,0.3350045578851413
0.26910755148741416,0.1977116704805492,0.20137299771167047,0.3318077803203661
0.26422018348623855,0.19678899082568807,0.20137614678899082,0.3376146788990826
0.27663465935070874,0.18930041152263374,0.20210333790580703,0.3319615912208505
0.2732637312755334,0.1852019972764412,0.20245120290512936,0.33908306854289605
0.2702702702702703,0.18460833715071004,0.20293174530462665,0.34218964727439305
0.27219468228931953,0.17800811176205497,0.20459666516448852,0.345200540784137
0.26784902228285584,0.16916780354706684,0.21282401091405184,0.3501591632560255
0.26835902085222124,0.16817769718948322,0.21169537624660018,0.35176790571169536
0.2831215970961887,0.16379310344827586,0.20689655172413793,0.34618874773139746
0.2917795844625113,0.16847335140018066,0.2009936766034327,0.33875338753387535
0.29144144144144146,0.16801801801801802,0.2,0.34054054054054056
0.2776513427401001,0.17114246700045516,0.20983158852981337,0.3413746017296313
0.28291571753986333,0.1785876993166287,0.20956719817767655,0.32892938496583146
0.27401646843549865,0.18664226898444647,0.21637694419030193,0.322964318389753
0.27787934186471663,0.180073126142596,0.20886654478976233,0.33318098720292505
0.2669683257918552,0.18280542986425338,0.2076923076923077,0.3425339366515837
0.2579473206176203,0.19028156221616713,0.2134423251589464,0.3383287920072661
0.2613430127041742,0.1996370235934664,0.20689655172413793,0.33212341197822143
0.26766304347826086,0.2006340579710145,0.20425724637681159,0.327445652173913
0.2658802177858439,0.19918330308529947,0.2046279491833031,0.33030852994555354
0.27119416590701917,0.1959890610756609,0.20282588878760255,0.3299908842297174
0.28136363636363637,0.19454545454545455,0.20136363636363636,0.32272727272727275
0.2802547770700637,0.2010919017288444,0.2010919017288444,0.3175614194722475
0.2807971014492754,0.20153985507246377,0.20244565217391305,0.31521739130434784
0.2833562585969739,0.20357634112792297,0.19899128839981658,0.31407611187528656
0.29563218390804596,0.1967816091954023,0.1871264367816092,0.32045977011494253
0.2872194228126432,0.19651855245075583,0.19010535959688502,0.326156665139716
0.286493860845839,0.2041837198726694,0.1982719417917235,0.31105047748976805
0.2951341518872215,0.20100045475216008,0.19054115507048658,0.3133242382901319
0.29369042215161145,0.19745801180208805,0.19518837948252382,0.3136631865637767
0.28468142792589246,0.20153637596023496,0.18662449164030728,0.3271577044735653
0.2851333032083145,0.20515137821961138,0.19069136918210575,0.31902394938996836
0.29772727272727273,0.19363636363636363,0.19090909090909092,0.31772727272727275
0.29918032786885246,0.19899817850637522,0.19444444444444445,0.3073770491803279
0.2973826714801444,0.20442238267148014,0.18682310469314078,0.31137184115523464
0.30349840981372106,0.1976374375283962,0.1858246251703771,0.3130395274875057
0.29508196721311475,0.19489981785063754,0.19262295081967212,0.3173952641165756
0.28558394160583944,0.18886861313868614,0.19844890510948904,0.3270985401459854
0.28385899814471244,0.19294990723562153,0.19202226345083487,0.33116883116883117
0.29256047466910085,0.19762665449566408,0.18667275216795984,0.3231401186672752
0.29503676470588236,0.19761029411764705,0.1870404411764706,0.3203125
0.29678899082568805,0.1926605504587156,0.18807339449541285,0.32247706422018346
0.30140717203812983,0.19564230594643667,0.1852019972764412,0.3177485247389923
0.30945821854912764,0.1928374655647383,0.1859504132231405,0.3117539026629936
0.30772748056698673,0.19433013260173754,0.18152720621856425,0.31641518061271146
0.3108356290174472,0.1919191919191919,0.182277318640955,0.3149678604224059
0.31269769543605963,0.19385449615906009,0.18255761409850882,0.31089019430637144
0.3150684931506849,0.18904109589041096,0.18904109589041096,0.30684931506849317
0.32,0.1825287356321839,0.19402298850574712,0.30344827586206896
0.31085450346420324,0.1907621247113164,0.19584295612009237,0.302540415704388
0.3010555300596604,0.19091326296466268,0.1950435979807251,0.3129876089949518
0.30276895142986837,0.1960962324103495,0.1911030413073082,0.3100317748524739
0.29940666362391605,0.19990871748060246,0.19580100410771337,0.30488361478776815
0.29366515837104074,0.19547511312217195,0.2,0.31085972850678734
0.29579375848032563,0.19448213478064225,0.19674355495251017,0.31298055178652195
0.2866847826086957,0.19610507246376813,0.19882246376811594,0.3183876811594203
0.2883657763693979,0.18832050701674966,0.1955636034404708,0.3277501131733816
0.28792007266121705,0.19346049046321526,0.19346049046321526,0.32515894641235243
0.27697189483227563,0.19990933816863102,0.1931097008159565,0.3300090661831369
0.28059836808703537,0.21214868540344514,0.18495013599274707,0.32230281051677245
0.2866271109082611,0.21725239616613418,0.18621633957097217,0.30990415335463256
0.2776255707762557,0.21187214611872146,0.19223744292237444,0.3182648401826484
0.2827681026581118,0.21402383134738773,0.19019248395967003,0.31301558203483043
0.27820922795797165,0.2224760164458657,0.1886706258565555,0.31064412973960714
0.28132170720514,0.216154199173933,0.18678292794860027,0.31574116567232674
0.27998176014591886,0.21295029639762883,0.19243046055631555,0.3146374829001368
0.2741861531407611,0.21182943603851445,0.20220082530949107,0.31178358551123336
0.27502295684113864,0.2199265381083563,0.20018365472910926,0.30486685032139577
0.27624309392265195,0.21178637200736647,0.20119705340699817,0.31077348066298344
0.27103228740336516,0.21418826739427013,0.20054570259208732,0.3142337426102774
0.2707860063607451,0.20581553839164016,0.20308950477055884,0.3203089504770559
0.27514659449706813,0.20433017591339647,0.21109607577807848,0.3094271538114569
0.2779291553133515,0.20027247956403268,0.21525885558583105,0.3065395095367847
0.2703074804956402,0.19274896741624598,0.21340064249655805,0.32354290959155574
