C,D,Oc,Od
0.0,0.0,0.0,1.0
0.0,0.0,0.2,0.8
0.125,0.0,0.0,0.875
0.07142857142857142,0.07142857142857142,0.0,0.8571428571428571
0.08695652173913043,0.08695652173913043,0.0,0.8260869565217391
0.08823529411764706,0.14705882352941177,0.0,0.7647058823529411
0.10909090909090909,0.14545454545454545,0.0,0.7454545454545455
0.13924050632911392,0.12658227848101267,0.02531645569620253,0.7088607594936709
0.18421052631578946,0.14912280701754385,0.02631578947368421,0.6403508771929824
0.22012578616352202,0.1509433962264151,0.031446540880503145,0.5974842767295597
0.22566371681415928,0.16371681415929204,0.030973451327433628,0.5796460176991151
0.23648648648648649,0.17905405405405406,0.04054054054054054,0.543918918918919
0.23684210526315788,0.19736842105263158,0.05,0.5157894736842106
0.25260960334029225,0.1941544885177453,0.06680584551148225,0.48643006263048016
0.2568493150684932,0.20376712328767124,0.07876712328767123,0.4606164383561644
0.2630853994490358,0.19559228650137742,0.08264462809917356,0.45867768595041325
0.272196261682243,0.19158878504672897,0.08761682242990654,0.4485981308411215
0.26224489795918365,0.19489795918367347,0.09693877551020408,0.4459183673469388
0.2783318223028105,0.1931097008159565,0.1115140525838622,0.4170444242973708
0.2727993655828707,0.19825535289452814,0.10547184773988898,0.4234734337827121
0.2719424460431655,0.21510791366906476,0.11870503597122302,0.3942446043165468
0.25268817204301075,0.21169354838709678,0.13440860215053763,0.4012096774193548
0.24546023794614902,0.21916092673763307,0.13650594865372573,0.39887288666249215
0.24511545293072823,0.2137359384251036,0.1492007104795737,0.3919478981645944
0.23943661971830985,0.21183098591549296,0.16,0.38873239436619716
0.23155080213903742,0.2229946524064171,0.16310160427807488,0.38235294117647056
0.2307299642674834,0.22103113833588567,0.16845329249617153,0.37978560490045943
0.22621981271562347,0.22276983735830458,0.17742730409068508,0.3735830458353869
0.22116301239275502,0.2221163012392755,0.17492850333651097,0.3817921830314585
0.22411347517730495,0.2260047281323877,0.183451536643026,0.3664302600472813
0.23000473260766682,0.22621864647420728,0.1845716990061524,0.3592049219119735
0.21368715083798884,0.24068901303538176,0.19134078212290503,0.3542830540037244
0.21915285451197053,0.24447513812154695,0.1919889502762431,0.3443830570902394
0.21336405529953917,0.2400921658986175,0.195852534562212,0.35069124423963133
0.2141209044762344,0.23673281033687124,0.19889247808029534,0.350253807106599
0.20462046204620463,0.23903818953323905,0.20084865629420084,0.3554926921263555
0.21241379310344827,0.2413793103448276,0.19908045977011493,0.3471264367816092
0.20842982862436313,0.24363131079203335,0.20565076424270495,0.3422880963408986
0.2111572153065929,0.24435223605348086,0.1991701244813278,0.3453204241585984
0.20502092050209206,0.24593212459321245,0.20269642026964202,0.34635053463505344
0.20018752930145337,0.25269573370839193,0.19784341303328645,0.3492733239568683
0.20166512488436633,0.25023126734505086,0.19148936170212766,0.35661424606845515
0.21047751506722298,0.24895688456189152,0.18683356513676402,0.35373203523412144
0.2095890410958904,0.25753424657534246,0.1867579908675799,0.3461187214611872
0.20111472364143057,0.2563864375290293,0.19507663725034835,0.34742220157919185
0.19944979367262725,0.2563044475011463,0.19486474094452086,0.3493810178817056
0.20330426801284993,0.2565396971087655,0.19458467186782927,0.3455713630105553
0.20157189089227925,0.2487286176606565,0.19186315302820156,0.3578363384188627
0.20137614678899082,0.2545871559633027,0.1944954128440367,0.3495412844036697
0.20045871559633027,0.2527522935779816,0.19541284403669726,0.3513761467889908
0.19471488178025034,0.25498377375985165,0.20213259156235514,0.3481687528975429
0.19100091827364554,0.2566574839302112,0.20293847566574838,0.34940312213039487
0.19052001840773125,0.25310630464795214,0.2024850437183617,0.3538886332259549
0.19777674849467347,0.254284390921723,0.20101899027327466,0.34691987031032884
0.19310344827586207,0.2542528735632184,0.20551724137931035,0.3471264367816092
0.19113573407202217,0.2548476454293629,0.2146814404432133,0.33933518005540164
0.19386331938633194,0.2515109251510925,0.20595072059507205,0.3486750348675035
0.18518518518518517,0.25560128029263834,0.211705532693187,0.3475080018289895
0.19209558823529413,0.25137867647058826,0.21599264705882354,0.3405330882352941
0.18772893772893773,0.24862637362637363,0.2078754578754579,0.3557692307692308
0.18427069044352995,0.2528577960676726,0.21033379058070417,0.35253772290809327
0.18022988505747126,0.2524137931034483,0.2142528735632184,0.35310344827586204
0.17901518637827887,0.2508053382420617,0.21445006902899216,0.3557294063506673
0.17954650624710783,0.25312355391022673,0.22026839426191577,0.34706154558074964
0.1846435100548446,0.24954296160877515,0.21846435100548445,0.3473491773308958
0.18729717199814558,0.24942049142327308,0.2114047287899861,0.3518776077885953
0.19095940959409594,0.2518450184501845,0.20756457564575645,0.3496309963099631
0.19666048237476808,0.25092764378478666,0.21289424860853431,0.3395176252319109
0.19076492537313433,0.2490671641791045,0.21315298507462688,0.34701492537313433
0.19303071985327833,0.2407152682255846,0.2173314993122421,0.348922512608895
0.19416590701914313,0.2406563354603464,0.2187784867821331,0.3463992707383774
0.19863325740318907,0.23325740318906607,0.220501138952164,0.3476082004555809
0.18680297397769516,0.2337360594795539,0.2225836431226766,0.35687732342007433
0.18773062730627307,0.2320110701107011,0.2246309963099631,0.3556273062730627
0.18726937269372693,0.22970479704797048,0.22647601476014761,0.35654981549815495
0.1910420475319927,0.22257769652650822,0.22714808043875687,0.3592321755027422
0.1906955320128973,0.2220175034546292,0.2284661446338093,0.3588208198986642
0.18904109589041096,0.2182648401826484,0.22968036529680366,0.363013698630137
0.18227964928472543,0.22658052607291185,0.233502538071066,0.35763728657129673
0.1834862385321101,0.22018348623853212,0.24036697247706423,0.3559633027522936
0.1881371640407785,0.22335495829471733,0.23725671918443003,0.35125115848007415
0.19005576208178437,0.22815985130111524,0.23141263940520446,0.3503717472118959
0.19563239308462238,0.22929936305732485,0.22611464968152867,0.3489535941765241
0.18971061093247588,0.22691777675700506,0.22553973357831877,0.3578318787322003
0.19195612431444242,0.2216636197440585,0.22760511882998172,0.3587751371115174
0.1939007737824306,0.2271279016841147,0.22348657259899862,0.35548475193445606
0.1979881115683585,0.22633744855967078,0.22267946959304985,0.3529949702789209
0.19236079153244362,0.21583064887252645,0.22687528762080073,0.3649332719742292
0.19631336405529953,0.21751152073732719,0.22442396313364055,0.3617511520737327
0.1961236732810337,0.21135209967697277,0.23211813567143516,0.3604060913705584
0.1960423377818684,0.21951219512195122,0.22503451449608836,0.35941095260009204
0.19595216191352346,0.22217111315547378,0.22585096596136153,0.3560257589696412
0.19584295612009237,0.21755196304849886,0.22448036951501155,0.36212471131639723
0.18604651162790697,0.22024623803009577,0.22298221614227087,0.3707250341997264
0.1874138723013321,0.22002756086357372,0.2223242994947175,0.3702342673403767
0.18256503879507074,0.2268370607028754,0.22181652213601094,0.3687813783660429
0.18820861678004536,0.22448979591836735,0.21768707482993196,0.36961451247165533
0.18680297397769516,0.21468401486988847,0.22676579925650558,0.37174721189591076
0.19304666056724612,0.21225983531564502,0.21683440073193047,0.3778591033851784
0.1926605504587156,0.20458715596330276,0.21834862385321102,0.38440366972477064
0.18814192343604108,0.20168067226890757,0.22969187675070027,0.38048552754435105
0.1895668374476013,0.2072659524918491,0.22589659990684677,0.37727061015370283
0.18997240110395583,0.2125114995400184,0.22447102115915363,0.3730450781968721
0.18844566712517194,0.20861989912884,0.2260430994956442,0.3768913342503439
0.18528735632183907,0.2128735632183908,0.22344827586206897,0.37839080459770114
0.1817351598173516,0.21643835616438356,0.21780821917808219,0.38401826484018264
0.1834319526627219,0.21847974510696405,0.2221210741920801,0.37596722803823396
0.1797804208600183,0.21134492223238793,0.21683440073193047,0.3920402561756633
0.18115942028985507,0.21693840579710144,0.2151268115942029,0.3867753623188406
0.18085106382978725,0.21554116558741906,0.21646623496762257,0.3871415356151711
0.1779000458505273,0.2209995414947272,0.21549747822099954,0.385602934433746
0.1827364554637282,0.22176308539944903,0.2125803489439853,0.38292011019283745
0.17536630036630035,0.22756410256410256,0.21932234432234432,0.37774725274725274
0.18410232983097305,0.22201918684330746,0.215623572407492,0.3782549109182275
0.17985280588776448,0.22171113155473782,0.21527138914443422,0.3831646734130635
0.17819514429683922,0.22262940907008705,0.2180485570316079,0.38112688960146585
0.1799259944495837,0.22340425531914893,0.2150786308973173,0.38159111933395007
0.1773308957952468,0.21983546617915906,0.21389396709323583,0.3889396709323583
0.1781450872359963,0.22038567493112948,0.2125803489439853,0.3888888888888889
0.18077803203661327,0.22608695652173913,0.20549199084668193,0.3876430205949657
0.18560434585785424,0.2177455862381168,0.20733363512901765,0.3893164327750113
0.1845591594335313,0.215623572407492,0.20831429876656007,0.39150296939241663
0.18499769903359412,0.2126092959042798,0.21445006902899216,0.3879429360331339
0.18835930339138404,0.21081576535288726,0.21402383134738773,0.386801099908341
0.1879595588235294,0.2035845588235294,0.2192095588235294,0.38924632352941174
0.18954545454545454,0.20863636363636365,0.21272727272727274,0.3890909090909091
0.1875,0.20909926470588236,0.21415441176470587,0.38924632352941174
0.19019248395967003,0.20623281393217233,0.20852428964252978,0.3950504124656279
0.1920407218880148,0.2045349375289218,0.2086996760758908,0.3947246645071726
0.19672131147540983,0.20127504553734063,0.20309653916211293,0.3989071038251366
0.1978021978021978,0.19826007326007325,0.20467032967032966,0.3992673992673993
0.19276556776556777,0.20238095238095238,0.2032967032967033,0.4015567765567766
0.19652650822669104,0.20246800731261427,0.2093235831809872,0.3916819012797075
0.19430637144148216,0.20063262539539087,0.20921825576140984,0.3958427474017171
0.19854611540208997,0.20127214902317128,0.2044525215810995,0.39572921399363925
0.19617660446062812,0.2052799271734183,0.20300409649522075,0.3955393718707328
0.19705340699815838,0.20441988950276244,0.19843462246777163,0.40009208103130756
0.19766355140186917,0.20700934579439254,0.202803738317757,0.3925233644859813
0.1953445915107257,0.20173436786855317,0.20082154267457783,0.4020994979461433
0.19990808823529413,0.20588235294117646,0.20036764705882354,0.3938419117647059
0.20137299771167047,0.2091533180778032,0.2022883295194508,0.3871853546910755
0.2062185642432556,0.20941929583904892,0.19661636945587563,0.38774577046181985
0.20559889857732905,0.21707205139972466,0.19779715465810005,0.3795318953648463
0.20637813211845102,0.21184510250569477,0.19453302961275626,0.38724373576309795
0.19817351598173516,0.21598173515981736,0.19360730593607306,0.39223744292237445
0.19817767653758542,0.21548974943052393,0.19362186788154898,0.3927107061503417
0.19881710646041856,0.21792538671519562,0.1942675159235669,0.3889899909008189
0.20202020202020202,0.2125803489439853,0.19559228650137742,0.38980716253443526
0.20484682213077274,0.2089620484682213,0.19112940100594422,0.3950617283950617
0.20561177552897883,0.20377184912603497,0.19089236430542778,0.3997240110395584
0.199179580674567,0.20282588878760255,0.190975387420237,0.40701914311759346
0.20036182722749887,0.19674355495251017,0.1926729986431479,0.4102216191768431
0.19580100410771337,0.20492925604746692,0.1894112277498859,0.40985851209493385
0.19880624426078972,0.20293847566574838,0.18732782369146006,0.41092745638200184
0.19845243513882568,0.20254893035958124,0.18752844788347747,0.41147018661811563
0.19789762340036562,0.20978062157221206,0.18647166361974407,0.40585009140767825
0.1992619926199262,0.2080258302583026,0.18773062730627307,0.40498154981549817
0.19826007326007325,0.2032967032967033,0.18818681318681318,0.41025641025641024
0.20182648401826483,0.19726027397260273,0.19041095890410958,0.41050228310502285
0.19735642661804922,0.19963536918869645,0.19690063810391978,0.40610756608933457
0.19588100686498855,0.19633867276887873,0.19954233409610983,0.4082379862700229
0.19326966803092316,0.19463392451114142,0.2019099590723056,0.41018644838562984
0.19360730593607306,0.20136986301369864,0.20273972602739726,0.40228310502283104
0.19288645690834474,0.19653442772457821,0.19835841313269495,0.4122207022343821
0.19221967963386727,0.19862700228832952,0.2045766590389016,0.4045766590389016
0.19041157847127996,0.195838986883763,0.20036182722749887,0.41338760741745817
0.19197046608214122,0.19520073834794646,0.1970466082141209,0.4157821873557914
0.1939007737824306,0.1948111060537096,0.19162494310423306,0.41966317705962675
0.19110907424381302,0.193858845096242,0.19431714023831348,0.42071494042163154
0.18827872634979234,0.19796954314720813,0.19012459621596678,0.42362713428703275
0.18804198995892288,0.19762665449566408,0.19580100410771337,0.4185303514376997
0.19398148148148148,0.19537037037037036,0.2037037037037037,0.40694444444444444
0.1948111060537096,0.18798361401911698,0.20072826581702322,0.4164770141101502
0.19881710646041856,0.1824385805277525,0.20018198362147407,0.41856232939035487
0.19693555655700767,0.18026137899954936,0.20009013068949977,0.4227129337539432
0.19724770642201836,0.17155963302752295,0.20229357798165137,0.4288990825688073
0.1942675159235669,0.16742493175614195,0.20655141037306643,0.4317561419472247
0.20136054421768707,0.16281179138321997,0.20770975056689342,0.42811791383219955
0.19954545454545455,0.16272727272727272,0.20772727272727273,0.43
0.20605512878445548,0.157704473565296,0.20831450519656575,0.4279258924536828
0.20730593607305936,0.16118721461187216,0.20319634703196346,0.428310502283105
0.2012779552715655,0.16704701049748974,0.20356001825650388,0.4281150159744409
0.20276497695852536,0.1672811059907834,0.20368663594470046,0.42626728110599077
0.200734956361966,0.16123105190629305,0.20670647680293983,0.4313275149288011
0.19899817850637522,0.16029143897996356,0.20673952641165755,0.43397085610200364
0.192025664527956,0.15582034830430797,0.21127406049495875,0.44087992667277726
0.19715726730857405,0.15772581384685924,0.21091242549289316,0.43420449335167355
0.19204389574759945,0.15592135345221764,0.2139917695473251,0.4380429812528578
0.19086386250565354,0.1524197195838987,0.2234283129805518,0.433288104929896
0.19276556776556777,0.14835164835164835,0.22023809523809523,0.43864468864468864
0.19453302961275626,0.14669703872437356,0.22779043280182232,0.43097949886104786
0.19553327256153144,0.15223336371923427,0.2219690063810392,0.43026435733819507
0.1897018970189702,0.14905149051490515,0.22312556458897922,0.43812104787714545
0.19398907103825136,0.15391621129326047,0.22632058287795992,0.4257741347905282
0.19319727891156463,0.16054421768707483,0.21768707482993196,0.42857142857142855
0.19439338235294118,0.16268382352941177,0.21369485294117646,0.42922794117647056
0.19569202566452795,0.1622364802933089,0.21402383134738773,0.42804766269477545
0.18886861313868614,0.16423357664233576,0.2166970802919708,0.4302007299270073
0.1930222020842773,0.16402356139555957,0.20661531490711374,0.4363389216130494
0.19280442804428044,0.16190036900369004,0.21079335793357934,0.4345018450184502
0.18960802187784867,0.1640838650865998,0.20464904284412033,0.4416590701914312
0.18696242643730196,0.16659121774558625,0.20144861928474422,0.44499773653236757
0.18540344514959203,0.17361740707162285,0.19900271985494106,0.44197642792384406
0.19082235347569287,0.1676510676965016,0.20127214902317128,0.44025442980463425
0.19088447653429602,0.1651624548736462,0.2026173285198556,0.44133574007220217
0.19120978704123245,0.1671952877208881,0.1993656547349343,0.4422292705029452
0.1911030413073082,0.16613708579210168,0.20426690876078074,0.43849296413980937
0.19119669876203577,0.171939477303989,0.20220082530949107,0.4346629986244842
0.1927820922795797,0.16948378254910917,0.20009136592051166,0.43764275925079943
0.19457221711131556,0.1655933762649494,0.19779208831646733,0.4420423183072677
0.19438151336656095,0.1617580425917535,0.19981875849569553,0.44404168554599005
0.1938305709023941,0.16068139963167588,0.2007366482504604,0.4447513812154696
0.1980018165304269,0.15803814713896458,0.20072661217075385,0.44323342415985467
0.20036429872495445,0.16666666666666666,0.19763205828779598,0.4353369763205829
0.19651855245075583,0.15803939532753092,0.19789280806229959,0.44754924415941366
0.1945578231292517,0.16870748299319727,0.19501133786848074,0.4417233560090703
0.19077757685352623,0.168625678119349,0.19168173598553345,0.4489150090415913
0.2,0.16203703703703703,0.19212962962962962,0.44583333333333336
0.19359267734553776,0.16201372997711672,0.19038901601830663,0.4540045766590389
0.19438046982957163,0.1630584983878397,0.1828650391524643,0.45969599263012434
0.20316027088036118,0.1548532731376975,0.1855530474040632,0.4564334085778781
0.19742883379247014,0.16345270890725436,0.1854912764003673,0.45362718089990817
0.19158460161145927,0.16338406445837064,0.18666069829901522,0.4583706356311549
0.19378098242451555,0.16178458765209555,0.18882379450202794,0.455610635421361
0.1889908256880734,0.17110091743119266,0.18807339449541285,0.4518348623853211
0.188893946290396,0.16477014110150204,0.18525261720527994,0.46108329540282206
0.18330308529945555,0.16969147005444646,0.1851179673321234,0.4618874773139746
0.1935483870967742,0.16583371194911403,0.17900954111767378,0.461608359836438
0.19927040583675332,0.15823073415412678,0.1769265845873233,0.46557227542179663
0.19216921692169217,0.15706570657065708,0.18271827182718273,0.46804680468046805
0.19394213381555153,0.15822784810126583,0.18399638336347196,0.4638336347197107
0.19382660009078528,0.1634135270086246,0.18747162959600544,0.45528824330458467
0.18833256775378962,0.16949931097841064,0.18557648139641708,0.4565916398713826
0.1890049977283053,0.16946842344388915,0.18673330304407088,0.4547932757837347
0.18484710178000913,0.16795983569146508,0.19169329073482427,0.4554997717937015
0.19511090991398822,0.16523313716613852,0.1878678134902671,0.45178813942960616
0.19260611592879964,0.163852122318576,0.18986764034687356,0.4536741214057508
0.1940909090909091,0.16272727272727272,0.1890909090909091,0.4540909090909091
0.1940027260336211,0.16946842344388915,0.18355293048614266,0.4529759200363471
0.20091954022988506,0.1632183908045977,0.18344827586206897,0.45241379310344826
0.1928149158708504,0.16598453842655753,0.1823556161891769,0.4588449295134152
0.195077484047402,0.15998176845943482,0.18413855970829535,0.4608021877848678
0.1967509025270758,0.1601985559566787,0.18140794223826714,0.46164259927797835
0.19645293315143247,0.1582537517053206,0.1800818553888131,0.46521145975443384
0.18932481751824817,0.15693430656934307,0.18248175182481752,0.47125912408759124
0.19334245326037391,0.16096671226630188,0.17829457364341086,0.46739626082991337
0.18164967562557924,0.16311399443929564,0.18396663577386468,0.4712696941612604
0.18406593406593408,0.1543040293040293,0.18543956043956045,0.47619047619047616
0.18577981651376146,0.1518348623853211,0.1834862385321101,0.47889908256880737
0.19041095890410958,0.15753424657534246,0.17534246575342466,0.4767123287671233
0.18966312874942318,0.1596677434240886,0.1808952468850946,0.4697738809413936
0.1813543599257885,0.15584415584415584,0.18460111317254174,0.4782003710575139
0.18501598903608954,0.15395157606212884,0.1804476930105071,0.48058474189127454
0.1879595588235294,0.14659926470588236,0.17738970588235295,0.4880514705882353
0.19350473612990526,0.14794767704104647,0.17636445647271087,0.4821831303563374
0.18738656987295826,0.14745916515426497,0.1751361161524501,0.4900181488203267
0.1844484629294756,0.14556962025316456,0.17540687160940324,0.4945750452079566
0.18140589569160998,0.14784580498866212,0.17052154195011338,0.5002267573696145
0.18148820326678766,0.14156079854809436,0.17196007259528132,0.5049909255898367
0.18169273229070837,0.13937442502299907,0.17249310027598896,0.5064397424103035
0.18362731795567616,0.13930348258706468,0.17503392130257803,0.5020352781546812
0.18206399278954483,0.1406038756196485,0.1712483100495719,0.5060838215412348
0.1797088262056415,0.14194722474977253,0.17197452229299362,0.5063694267515924
0.1811926605504587,0.14174311926605504,0.1738532110091743,0.5032110091743119
0.1837471783295711,0.14492099322799096,0.16794582392776525,0.5033860045146726
0.18190169958658706,0.14607257694074413,0.17455213596692695,0.49747358750574183
0.18190086402910413,0.14733969986357434,0.17507958162801274,0.4956798544793088
0.18157058556513844,0.1525192918747163,0.17113027689514299,0.49477984566500227
0.17633622658748288,0.15029693924166285,0.17039744175422566,0.5029693924166286
0.1846989588048891,0.15210502489814395,0.17292892711634222,0.4902670891806247
0.18214936247723132,0.16120218579234974,0.17076502732240437,0.4858834244080146
0.18413855970829535,0.1526891522333637,0.1731996353691887,0.48997265268915224
0.18772727272727271,0.16227272727272726,0.16590909090909092,0.48409090909090907
0.1853526220614828,0.16636528028933092,0.16455696202531644,0.4837251356238698
0.17815049864007254,0.16817769718948322,0.16500453309156846,0.4886672710788758
0.18181818181818182,0.17412935323383086,0.16101311623699682,0.4830393487109905
0.18070095584888485,0.17478379608557124,0.1561219845243514,0.48839326354119256
0.18586858685868587,0.16696669666966696,0.15391539153915393,0.49324932493249324
0.18856885688568856,0.16651665166516652,0.15256525652565256,0.49234923492349236
0.18339416058394162,0.16742700729927007,0.15465328467153286,0.49452554744525545
0.17743403093721566,0.16787989080982713,0.1537761601455869,0.5009099181073703
0.18194192377495463,0.16243194192377494,0.1483666061705989,0.5072595281306715
0.18815970628728776,0.15970628728774666,0.14823313446535108,0.5039008719596145
0.1853526220614828,0.15370705244122965,0.15144665461121157,0.509493670886076
0.18181818181818182,0.15454545454545454,0.14681818181818182,0.5168181818181818
0.18718989625620208,0.14930085701398285,0.14794767704104647,0.5155615696887687
0.18384021788470267,0.15388107126645484,0.14979573309123922,0.5124829777576033
0.18596171376481313,0.14813126709206928,0.15223336371923427,0.5136736554238833
0.18501598903608954,0.1516674280493376,0.15029693924166285,0.51301964367291
0.1946094106898127,0.14709913202375513,0.1448149840109639,0.5134764732754683
0.19324324324324324,0.14144144144144144,0.15225225225225225,0.513063063063063
0.19382660009078528,0.14298683613254654,0.15206536541080345,0.5111211983658648
0.1958997722095672,0.14350797266514806,0.15079726651480638,0.5097949886104783
0.19225574065736156,0.14272850067537146,0.15488518685276903,0.510130571814498
0.20101195952161913,0.14259429622815087,0.14397424103035877,0.5124195032198712
0.19708029197080293,0.13412408759124086,0.14872262773722628,0.5200729927007299
0.19635535307517085,0.13895216400911162,0.14851936218678816,0.5161731207289294
0.19429097605893186,0.13535911602209943,0.15331491712707182,0.5170349907918969
0.1872418540614961,0.135383203304268,0.15419917393299679,0.523175768701239
0.18692870201096892,0.13117001828153566,0.1526508226691042,0.5292504570383912
0.192481884057971,0.12907608695652173,0.15081521739130435,0.5276268115942029
0.192025664527956,0.1301558203483043,0.15307057745187902,0.5247479376718607
0.19401631912964643,0.1273798730734361,0.15457842248413417,0.5240253853127833
0.19417917235106866,0.12187357889949978,0.15461573442473853,0.529331514324693
0.19304666056724612,0.1262580054894785,0.1587374199451052,0.5219579139981702
0.1908675799086758,0.12694063926940638,0.15388127853881278,0.528310502283105
0.18949771689497716,0.13013698630136986,0.154337899543379,0.5260273972602739
0.18632400183570444,0.12849931161083067,0.15557595227168425,0.5296007342817807
0.18496849684968497,0.12466246624662466,0.15796579657965795,0.5324032403240324
0.18086080586080586,0.13003663003663005,0.15476190476190477,0.5343406593406593
0.1838975297346752,0.1344922232387923,0.14867337602927722,0.5329368709972553
0.1779505946935041,0.13266239707227814,0.1454711802378774,0.5439158279963403
0.1845591594335313,0.13339424394700777,0.14435815440840566,0.5376884422110553
0.18326512050932242,0.1318781264211005,0.15006821282401092,0.5347885402455662
0.18866213151927438,0.13378684807256236,0.14829931972789115,0.5292517006802722
0.18809631985461153,0.12812358019082234,0.14357110404361653,0.5402089959109496
0.1832579185520362,0.132579185520362,0.1434389140271493,0.5407239819004525
0.18861047835990888,0.1316628701594533,0.14214123006833712,0.5375854214123007
0.1912568306010929,0.13570127504553733,0.14253187613843352,0.5305100182149363
0.1911432444645278,0.1360144600090375,0.140533212833258,0.5323090826931767
0.1900900900900901,0.12792792792792793,0.13783783783783785,0.5441441441441441
0.18951241950321987,0.1297148114075437,0.1375344986200552,0.5432382704691813
0.19854280510018216,0.1284153005464481,0.1302367941712204,0.5428051001821493
0.19771689497716896,0.13333333333333333,0.13333333333333333,0.5356164383561643
0.19467401285583102,0.12304866850321396,0.13544536271809,0.546831955922865
0.19067405355494,0.12465373961218837,0.13619575253924285,0.5484764542936288
0.1892258940697148,0.1213218650973291,0.13354459031235855,0.5559076505205975
0.19023722627737227,0.12043795620437957,0.1281934306569343,0.5611313868613139
0.18806509945750452,0.11528028933092224,0.13245931283905968,0.5641952983725136
0.18390287769784172,0.11600719424460432,0.13399280575539568,0.5660971223021583
0.18741450068399454,0.11673506611947104,0.13178294573643412,0.5640674874601003
0.18907942238267147,0.1213898916967509,0.13267148014440433,0.5568592057761733
0.19202898550724637,0.12182971014492754,0.13179347826086957,0.5543478260869565
0.18880800727934485,0.1205641492265696,0.13603275705186532,0.5545950864422202
0.1911231884057971,0.125,0.1331521739130435,0.5507246376811594
0.19325432999088424,0.12579762989972654,0.13354603463992706,0.5474020054694622
0.19454545454545455,0.12136363636363637,0.13272727272727272,0.5513636363636364
0.19103666817564507,0.11951109099139882,0.1371661385242191,0.552286102308737
0.193858845096242,0.11915673693858846,0.1384051329055912,0.5485792850595783
0.19483461712732217,0.1169007702763933,0.14046216583597643,0.5478024467603081
0.18592964824120603,0.11786203746002741,0.14024668798538145,0.5559616263133851
0.19086386250565354,0.11668928086838534,0.14066033469018543,0.5517865219357757
0.19508867667121418,0.11596180081855388,0.13960891314233742,0.5493406093678945
0.19103666817564507,0.1136260751471254,0.13942960615663197,0.5559076505205975
0.18899413622011726,0.10825439783491204,0.14569237708615246,0.5570590888588183
0.19043321299638988,0.1078519855595668,0.14169675090252706,0.5600180505415162
0.19269406392694063,0.10593607305936073,0.145662100456621,0.5557077625570777
0.1897644927536232,0.10461956521739131,0.14583333333333334,0.5597826086956522
0.19013452914798207,0.11121076233183856,0.1412556053811659,0.5573991031390134
0.1909706546275395,0.10744920993227991,0.14040632054176072,0.5611738148984199
0.18893387314439947,0.10841205578047683,0.14394961763382816,0.5587044534412956
0.18738656987295826,0.11252268602540835,0.14609800362976408,0.5539927404718693
0.18298261665141813,0.11344922232387923,0.14089661482159194,0.5626715462031107
0.18260081558676938,0.1169007702763933,0.14680561848663343,0.5536927956502039
0.18024578971324534,0.10969503868912153,0.14519799726900318,0.5648611743286299
0.17808836789900812,0.11000901713255185,0.1492335437330929,0.5626690712353472
0.17697516930022572,0.10609480812641084,0.15349887133182843,0.563431151241535
0.1806953339432754,0.10475754803293687,0.14821591948764867,0.5663311985361391
0.18181818181818182,0.10221619176843058,0.1483491632745364,0.5676164631388512
0.18619436875567666,0.10172570390554042,0.14759309718437782,0.564486830154405
0.1898444647758463,0.10933211344922232,0.1395242451967063,0.561299176578225
0.18542435424354242,0.10977859778597786,0.14022140221402213,0.5645756457564576
0.18297101449275363,0.10960144927536232,0.14402173913043478,0.5634057971014492
0.18543956043956045,0.10989010989010989,0.1391941391941392,0.5654761904761905
0.18877320054323224,0.10457220461747398,0.13671344499773652,0.5699411498415573
0.19258589511754068,0.1003616636528029,0.13698010849909584,0.5700723327305606
0.19346049046321526,0.10535876475930972,0.13033605812897367,0.5708446866485014
0.18947368421052632,0.105720823798627,0.13638443935926772,0.5684210526315789
0.19066846119336026,0.1063257065948856,0.14087034544638852,0.5621354867653656
0.19060523938572718,0.10659439927732611,0.13911472448057813,0.5636856368563685
0.187756966651439,0.11009593421653723,0.13248058474189128,0.5696665143901325
0.193327239488117,0.10968921389396709,0.13574040219378428,0.5612431444241316
0.19709355131698456,0.11217075386012716,0.13851044504995458,0.5522252497729337
0.20217588395285585,0.11060743427017226,0.13191296464188576,0.5553037171350861
0.20226757369614512,0.10748299319727891,0.13242630385487528,0.5578231292517006
0.20343580470162748,0.11347197106690778,0.12658227848101267,0.5565099457504521
0.19789280806229959,0.1108566193311956,0.13009619789280807,0.5611543747136968
0.19529837251356238,0.11075949367088607,0.12839059674502712,0.5655515370705244
0.19171220400728597,0.11293260473588343,0.12431693989071038,0.5710382513661202
0.1953551912568306,0.1092896174863388,0.11520947176684881,0.5801457194899818
0.19945848375451264,0.11055956678700361,0.11507220216606498,0.5749097472924187
0.19391462306993643,0.11126248864668484,0.11625794732061762,0.5785649409627611
0.19670631290027446,0.10750228728270814,0.12031107044830741,0.57548032936871
0.2015294646873594,0.10976158344579397,0.11920827710301395,0.5695006747638327
0.20173833485818848,0.1070448307410796,0.12076852698993595,0.570448307410796
0.19550252409362093,0.10555300596603946,0.11610830656264341,0.5828361633776962
0.19707361682670324,0.10242341106538637,0.11476909007773205,0.5857338820301783
0.19806985294117646,0.09880514705882353,0.11948529411764706,0.5836397058823529
0.20245120290512936,0.09895596913300045,0.12029051293690422,0.578302315024966
0.1996370235934664,0.10208711433756806,0.11796733212341198,0.5803085299455535
0.2082758620689655,0.09425287356321839,0.11770114942528735,0.5797701149425287
0.2026173285198556,0.09341155234657039,0.1263537906137184,0.5776173285198556
0.19774774774774775,0.09864864864864865,0.12072072072072072,0.5828828828828829
0.1971894832275612,0.10244786944696282,0.11786038077969176,0.5825022665457842
0.1930536761389265,0.10419485791610285,0.11502029769959404,0.5877311682453766
0.20009053870529653,0.1086464463558171,0.11679492983250339,0.574468085106383
0.20108942351339082,0.11166591012256015,0.11847480708125284,0.5687698592827962
0.20190562613430127,0.11161524500907441,0.11932849364791288,0.5671506352087115
0.20469950293718933,0.11070944419340262,0.1192950745594216,0.5652959783099865
0.20301094890510948,0.11085766423357664,0.11177007299270073,0.5743613138686131
0.21177544500228207,0.10862619808306709,0.11273391145595618,0.5668644454586946
0.2112482853223594,0.1111111111111111,0.11248285322359397,0.5651577503429356
0.20663033605812897,0.10899182561307902,0.12216167120799273,0.5622161671207992
0.20291173794358508,0.11146496815286625,0.12238398544131028,0.5632393084622384
0.21477742083524554,0.1101422670949977,0.11886186324001835,0.5562184488297384
0.21733212341197822,0.11252268602540835,0.12159709618874773,0.5485480943738656
0.22333637192342753,0.1048313582497721,0.12078395624430265,0.5510483135824977
0.21610555050045496,0.1091901728844404,0.1205641492265696,0.554140127388535
0.2179429089261441,0.1105573176257363,0.1137290439510648,0.5577707294970549
0.21553308823529413,0.10845588235294118,0.11488970588235294,0.5611213235294118
0.21591417076441663,0.10639248994188645,0.11130978989718372,0.5663835493965131
0.21166892808683854,0.11080958842152872,0.10719131614654002,0.5703301673450927
0.21016483516483517,0.10989010989010989,0.10622710622710622,0.5737179487179487
0.21311475409836064,0.10792349726775956,0.10792349726775956,0.5710382513661202
0.20498866213151928,0.1111111111111111,0.11065759637188209,0.5732426303854875
0.20163117353874038,0.11463525147258723,0.11735387403715451,0.5663797009515179
0.21194431971261787,0.1122586439155815,0.1104625056129322,0.5653345307588684
0.2152650822669104,0.10923217550274222,0.11014625228519195,0.5653564899451554
0.22146118721461186,0.10273972602739725,0.1091324200913242,0.5666666666666667
0.22413014008133755,0.1061906913691821,0.1070944419340262,0.5625847266154541
0.22857142857142856,0.10929705215419501,0.10748299319727891,0.5546485260770975
0.23330324909747294,0.1069494584837545,0.1069494584837545,0.552797833935018
0.23848609211126312,0.10579115367077063,0.11080711354309165,0.5449156406748746
0.23976342129208372,0.10828025477707007,0.10555050045495905,0.5464058234758872
0.23856948845631507,0.11090991398822997,0.1009506564056134,0.5495699411498416
0.24356077722548578,0.11703569814731134,0.09444193402620876,0.5449615906009941
0.24920850293984623,0.11940298507462686,0.09226594301221167,0.5391225689733152
0.24784775713638424,0.1169007702763933,0.09288627095604894,0.5423652016311735
0.24423337856173677,0.11759384893713253,0.09633649932157395,0.5418362731795567
0.24681238615664844,0.11612021857923498,0.09881602914389799,0.5382513661202186
0.24773139745916514,0.11025408348457351,0.0984573502722323,0.543557168784029
0.24254742547425473,0.11653116531165311,0.0948509485094851,0.5460704607046071
0.24259005927952576,0.11947104423164615,0.0925672594619243,0.5453716370269038
0.24342701722574797,0.12058023572076156,0.09020852221214869,0.5457842248413418
0.239981990094552,0.12426834759117515,0.09140027014858172,0.5443493921656911
0.22780797101449277,0.125,0.09510869565217392,0.5520833333333334
0.22627737226277372,0.12043795620437957,0.09717153284671533,0.5561131386861314
0.22729347329986307,0.11912368781378366,0.09447740757644911,0.5591054313099042
0.22929936305732485,0.12283894449499545,0.09463148316651501,0.5532302092811647
0.23149819494584836,0.12409747292418773,0.09386281588447654,0.5505415162454874
0.23115349682107175,0.12534059945504086,0.09355131698455948,0.5499545867393278
0.23322827555155334,0.11886537595677622,0.095002251238181,0.5529040972534894
0.23010459299681674,0.11596180081855388,0.10050022737608004,0.5534333788085494
0.23427529626253418,0.11850501367365543,0.09480401093892434,0.5524156791248861
0.23879231473010065,0.11070448307410796,0.09743824336688015,0.5530649588289113
0.24353741496598638,0.11473922902494331,0.09659863945578231,0.545124716553288
0.2384227418615314,0.12012838147638698,0.09445208619899129,0.5469967904630904
0.23870378822455499,0.11273391145595618,0.09447740757644911,0.5540848927430397
0.2474040632054176,0.11557562076749435,0.09571106094808127,0.5413092550790067
0.2468065693430657,0.11177007299270073,0.09534671532846715,0.5460766423357665
0.2484134179510426,0.11196736174070716,0.09247506799637353,0.5471441523118767
0.24425416854438936,0.106804867057233,0.09193330328977016,0.5570076611086074
0.24442421483841603,0.10969503868912153,0.09604005461993628,0.5498406918525262
0.24909255898366606,0.11524500907441017,0.09618874773139746,0.5394736842105263
0.25548098434004474,0.1145413870246085,0.09306487695749441,0.5369127516778524
0.2553579571363429,0.10579115367077063,0.09484724122207022,0.5440036479708162
0.2514942528735632,0.10574712643678161,0.09195402298850575,0.5508045977011494
0.24388032638259294,0.10108794197642793,0.09700815956482321,0.5580235720761559
0.25022542831379624,0.1018935978358882,0.09422903516681695,0.5536519386834986
0.25201432408236346,0.10295434198746643,0.09265890778871978,0.5523724261414503
0.254981884057971,0.10280797101449275,0.09103260869565218,0.551177536231884
0.2561144439317028,0.10290724503922473,0.08860175357637287,0.5523765574526995
0.25979945305378305,0.09981768459434823,0.0870556061987238,0.5533272561531449
0.26102610261026105,0.10261026102610261,0.08775877587758776,0.5486048604860486
0.2560756075607561,0.10171017101710171,0.08415841584158416,0.558055805580558
0.24594594594594596,0.10720720720720721,0.0918918918918919,0.554954954954955
0.24705882352941178,0.10361990950226245,0.09185520361990951,0.5574660633484163
0.2505633168093736,0.09959441189725102,0.09418657052726453,0.5556557007661108
0.24798206278026905,0.09910313901345291,0.08834080717488789,0.5645739910313902
0.24818840579710144,0.09782608695652174,0.08605072463768115,0.5679347826086957
0.24592391304347827,0.09465579710144928,0.08695652173913043,0.572463768115942
0.2482758620689655,0.09563218390804598,0.08229885057471265,0.5737931034482758
0.24321880650994576,0.09674502712477397,0.07911392405063292,0.5809222423146474
0.245317496573778,0.09821836455002284,0.07948835084513477,0.5769757880310644
0.2453514739229025,0.09795918367346938,0.08117913832199547,0.5755102040816327
0.24695259593679458,0.09932279909706546,0.08126410835214447,0.5724604966139955
0.24089253187613843,0.09927140255009108,0.0860655737704918,0.5737704918032787
0.242973708068903,0.09927470534904805,0.08703535811423391,0.570716228467815
0.2414568345323741,0.10161870503597123,0.08857913669064749,0.5683453237410072
0.24337674000898069,0.09878760664571172,0.0862146385271666,0.571621014818141
0.24195740824648845,0.10330765745355687,0.08427729950158587,0.5704576347983689
0.23902218198279765,0.10230873698506111,0.07876867360796741,0.5799004074241738
0.2366377341251713,0.10187300137048881,0.07994518044769301,0.5815440840566469
0.23234624145785876,0.10250569476082004,0.07699316628701594,0.5881548974943053
0.22844243792325056,0.10112866817155756,0.0799097065462754,0.5905191873589165
0.23757904245709124,0.0980126467931346,0.08175248419150859,0.5826558265582655
0.23604757548032937,0.09789569990850869,0.08142726440988106,0.5846294602012809
0.23018360949395433,0.10210479175996418,0.0864308105687416,0.5812807881773399
0.22675736961451248,0.10385487528344671,0.08888888888888889,0.5804988662131519
0.22332282755515534,0.1044574515983791,0.08779828905898245,0.5844214317874831
0.21845318860244234,0.10221619176843058,0.08638625056535504,0.592944369063772
0.2208029197080292,0.10447080291970803,0.0948905109489051,0.5798357664233577
0.22784810126582278,0.09538878842676311,0.09312839059674503,0.583634719710669
0.21927820922795796,0.09593421653723161,0.09776153494746459,0.5870260392873459
0.22277227722772278,0.09675967596759676,0.09495949594959496,0.5855085508550855
0.22388059701492538,0.10085933966530981,0.09317051108095885,0.582089552238806
0.22141888838680523,0.1043831902394939,0.09670131043831902,0.5774966109353818
0.2216704288939052,0.10428893905191873,0.0997742663656885,0.5742663656884875
0.21764974851394606,0.10379515317786922,0.09647919524462735,0.5820759030635574
0.2136986301369863,0.10273972602739725,0.10319634703196347,0.580365296803653
0.2225705329153605,0.10568741603224362,0.10210479175996418,0.5696372592924317
0.21855203619909502,0.10995475113122172,0.10090497737556561,0.5705882352941176
0.22747952684258416,0.1091901728844404,0.10009099181073704,0.5632393084622384
0.22772727272727272,0.11090909090909092,0.10136363636363636,0.56
0.22431192660550459,0.11972477064220184,0.0963302752293578,0.5596330275229358
0.22863636363636364,0.12,0.1009090909090909,0.5504545454545454
0.2292616226071103,0.12579762989972654,0.097538742023701,0.5474020054694622
0.23566591422121896,0.12821670428893905,0.09074492099322799,0.545372460496614
0.2376192639709223,0.13539300318037256,0.08814175374829623,0.5388459791004089
0.2311191992720655,0.1451319381255687,0.08598726114649681,0.5377616014558689
0.23599088838268792,0.14259681093394078,0.08382687927107062,0.5375854214123007
0.23751135331516804,0.14305177111716622,0.08446866485013624,0.5349682107175295
0.23675725472132658,0.14048825426070935,0.0856748042376785,0.5370796867802856
0.2329700272479564,0.14168937329700274,0.09037238873751136,0.5349682107175295
0.2363719651855245,0.1369674759505268,0.08703618873110398,0.5396243701328447
