C,D,Oc,Od
0.0,1.0,0.0,0.0
0.0,1.0,0.0,0.0
0.0,0.7777777777777778,0.0,0.2222222222222222
0.0,0.7058823529411765,0.0,0.29411764705882354
0.06060606060606061,0.6363636363636364,0.0,0.30303030303030304
0.10714285714285714,0.6071428571428571,0.0,0.2857142857142857
0.10869565217391304,0.5869565217391305,0.0,0.30434782608695654
0.12408759124087591,0.5474452554744526,0.0,0.3284671532846715
0.1326530612244898,0.5255102040816326,0.01020408163265306,0.33163265306122447
0.1760299625468165,0.4794007490636704,0.00749063670411985,0.33707865168539325
0.2112676056338028,0.447887323943662,0.011267605633802818,0.3295774647887324
0.23492723492723494,0.4303534303534304,0.014553014553014554,0.3201663201663202
0.24752475247524752,0.4075907590759076,0.026402640264026403,0.3184818481848185
0.27163781624500666,0.37017310252996005,0.037283621837549935,0.3209054593874834
0.2970620239390642,0.3482045701849837,0.04461371055495103,0.3101196953210011
0.3085867620751342,0.3354203935599284,0.052772808586762074,0.3032200357781753
0.3227307990690458,0.32660977501939487,0.05430566330488751,0.29635376260667184
0.31418685121107265,0.32664359861591696,0.05951557093425606,0.2996539792387543
0.30754716981132074,0.3270440251572327,0.07169811320754717,0.29371069182389936
0.3,0.330635838150289,0.07456647398843931,0.2947976878612717
0.30361966504592114,0.32468935710426794,0.08103727714748785,0.29065370070232305
0.2953156822810591,0.32790224032586557,0.0840122199592668,0.29276985743380857
0.29331381161542214,0.33186920448999513,0.08247925817471938,0.29233772571986333
0.2893996247654784,0.3339587242026266,0.0825515947467167,0.29409005628517826
0.29607390300230946,0.32979214780600463,0.08129330254041571,0.2928406466512702
0.2916666666666667,0.32437275985663083,0.08960573476702509,0.29435483870967744
0.2873769024171889,0.3299015219337511,0.09176365264100268,0.2909579230080573
0.2914818101153505,0.32919254658385094,0.09228039041703638,0.2870452528837622
0.2914260328742781,0.334517992003554,0.09418036428254109,0.2798756108396268
0.2895313184406483,0.32895313184406483,0.10162067455102934,0.27989487516425754
0.29666958808063104,0.32515337423312884,0.10297984224364592,0.2751971954425942
0.2962147887323944,0.3265845070422535,0.10255281690140845,0.2746478873239437
0.29310344827586204,0.32316534040671974,0.10875331564986737,0.2749778956675508
0.2970950704225352,0.3279049295774648,0.11047535211267606,0.26452464788732394
0.29401485364788116,0.3285277413717781,0.109217999126256,0.26823940585408473
0.2924028268551237,0.3290636042402827,0.10644876325088339,0.27208480565371024
0.29571303587051617,0.3289588801399825,0.1062992125984252,0.2690288713910761
0.2934637616718542,0.33437083148065805,0.10804802134281903,0.26411738550466873
0.29096545615589015,0.3308237378210806,0.10584588131089459,0.27236492471213464
0.29406593406593406,0.33186813186813185,0.10813186813186813,0.26593406593406593
0.2930131004366812,0.3353711790393013,0.10960698689956332,0.26200873362445415
0.29289810322011467,0.33392148213498013,0.10763123070136744,0.2655491839435377
0.2969858156028369,0.32978723404255317,0.10726950354609929,0.26595744680851063
0.2962313759859772,0.33610867659947413,0.1021034180543383,0.26555652936021035
0.2896911700739452,0.3379730317529361,0.10526315789473684,0.2670726402783819
0.2865961199294533,0.33994708994708994,0.10582010582010581,0.26763668430335097
0.28470380194518125,0.3297966401414677,0.10742705570291777,0.2780725022104332
0.2933974639265413,0.33012680367293396,0.10712724092697858,0.2693484914735461
0.28829225352112675,0.3336267605633803,0.10519366197183098,0.272887323943662
0.28789864569681084,0.3285277413717781,0.10572302315421582,0.2778505897771953
0.2847740236946029,0.3273365511189118,0.10267661254936375,0.28521281263712156
0.2778264680105171,0.3273444347063979,0.10429447852760736,0.29053461875547765
0.28278867102396515,0.32461873638344224,0.10326797385620914,0.28932461873638343
0.283647523016221,0.32091188075405525,0.1052170100832968,0.290223586146427
0.2884191985909291,0.3157199471598415,0.10127697049757815,0.29458388375165123
0.2858403176003529,0.3180414644905161,0.1027790030877812,0.2933392148213498
0.2790393013100437,0.3222707423580786,0.10349344978165939,0.29519650655021834
0.2772887323943662,0.32438380281690143,0.10783450704225352,0.2904929577464789
0.28070953436807095,0.3237250554323725,0.10953436807095343,0.2860310421286031
0.2823529411764706,0.32941176470588235,0.10718954248366012,0.28104575163398693
0.28935795954265614,0.32717678100263853,0.10510114335971855,0.2783641160949868
0.28874172185430463,0.3227373068432671,0.106401766004415,0.28211920529801326
0.2884955752212389,0.32035398230088497,0.10973451327433628,0.2814159292035398
0.2885202968136185,0.319511130510694,0.10868616324749018,0.28328240942819727
0.28230088495575223,0.3305309734513274,0.10530973451327434,0.28185840707964605
0.2838680926916221,0.3333333333333333,0.10828877005347594,0.27450980392156865
0.2847769028871391,0.3232720909886264,0.11242344706911636,0.2795275590551181
0.28508578970523535,0.32336119665640123,0.11130664320281566,0.28024637043554773
0.2827525363917071,0.3162770180855756,0.11777679752977503,0.2831936479929422
0.28401585204755614,0.313518273888155,0.1206516952884192,0.2818141787758697
0.27672679278486584,0.3128024637043555,0.12802463704355477,0.28244610646722396
0.2833333333333333,0.3078947368421053,0.12543859649122807,0.2833333333333333
0.27980427046263345,0.3087188612099644,0.13122775800711745,0.2802491103202847
0.28445618670189343,0.3055922501100837,0.12945838837516513,0.2804931748128578
0.28876055086628166,0.29853398489560196,0.13238560639715682,0.2803198578409596
0.28741721854304636,0.29845474613686535,0.13200883002207506,0.28211920529801326
0.2835820895522388,0.2967515364354697,0.13520632133450394,0.2844600526777875
0.2834960070984916,0.30168589174800353,0.13087843833185447,0.2839396628216504
0.2785368003525782,0.30409872190392245,0.13309828118113706,0.2842661965623623
0.27753496503496505,0.30725524475524474,0.13767482517482518,0.27753496503496505
0.2774108322324967,0.30735358872743285,0.13694407749889917,0.27829150154117127
0.277851166886834,0.3051519154557464,0.13782474680757376,0.27917217084984586
0.27794962439239945,0.3057887759611136,0.13212549712770658,0.28413610251878035
0.27417218543046357,0.29668874172185433,0.14083885209713023,0.2883002207505519
0.2719683655536028,0.30140597539543057,0.13840070298769772,0.28822495606326887
0.26940035273368607,0.2945326278659612,0.14329805996472664,0.2927689594356261
0.27135900841080124,0.29880478087649404,0.1394422310756972,0.2903939796370075
0.26946902654867255,0.29867256637168144,0.13761061946902656,0.2942477876106195
0.26810004387889425,0.3049583150504607,0.13602457218078104,0.29091706888986396
0.26570048309178745,0.3025911286780852,0.13965744400527008,0.2920509442248573
0.26325010950503724,0.30486202365308807,0.1384143670608848,0.2934734997809899
0.2647577092511013,0.3114537444933921,0.13964757709251102,0.2841409691629956
0.26455026455026454,0.3134920634920635,0.140652557319224,0.281305114638448
0.2689956331877729,0.3131004366812227,0.14192139737991266,0.2759825327510917
0.2619257950530035,0.3127208480565371,0.14531802120141343,0.28003533568904593
0.2643171806167401,0.3079295154185022,0.14977973568281938,0.2779735682819383
0.2722880983750549,0.30478700043917434,0.14800175669740886,0.27492314448836186
0.2648482182138143,0.3079630444346678,0.150461944566652,0.27672679278486584
0.265929203539823,0.3110619469026549,0.15221238938053097,0.27079646017699116
0.26570680628272253,0.3093368237347295,0.14921465968586387,0.2757417102966841
0.256816182937555,0.31266490765171506,0.15391380826737028,0.27660510114335973
0.2571053782247486,0.31438565806733715,0.14954088325317008,0.2789680804547442
0.25874125874125875,0.3142482517482518,0.1520979020979021,0.2749125874125874
0.2577092511013216,0.3158590308370044,0.15330396475770924,0.27312775330396477
0.25428194993412384,0.30917874396135264,0.15458937198067632,0.28194993412384717
0.24945006599208094,0.31368235811702594,0.1548614166300044,0.2820061592608887
0.24967032967032968,0.32175824175824175,0.15164835164835164,0.27692307692307694
0.24613345117101193,0.32213875386654883,0.1520106053910738,0.27971718957136543
0.24845814977973568,0.3185022026431718,0.15286343612334802,0.2801762114537445
0.24702249669166298,0.3180414644905161,0.1561535068372298,0.2787825319805911
0.25617283950617287,0.3201058201058201,0.15255731922398588,0.27116402116402116
0.25378450578806766,0.3232413178984862,0.15939447907390916,0.26357969723953695
0.25694138386954607,0.3115910092551785,0.15557514323490523,0.27589246364037023
0.2521045635799734,0.31501993797075767,0.15418697385910501,0.2786885245901639
0.2582515611061552,0.3135593220338983,0.15566458519179305,0.27252453166815344
0.2631812140008861,0.3070447496677005,0.1590607000443066,0.27071333628710675
0.255619215513442,0.30630233583076244,0.15733803437637725,0.28074041427941826
0.2608695652173913,0.30303030303030304,0.15942028985507245,0.2766798418972332
0.25978021978021976,0.2989010989010989,0.15868131868131868,0.2826373626373626
0.25673884224480775,0.3013698630136986,0.15554573574900574,0.28634555899248787
0.2626707800793301,0.29925077126487437,0.15557514323490523,0.28250330542089025
0.2612533097969991,0.29170344218887906,0.1553398058252427,0.29170344218887906
0.26675485008818345,0.28835978835978837,0.16049382716049382,0.2843915343915344
0.25849139832377593,0.2937803264225849,0.1658579620644023,0.2818703131892369
0.25943600867678956,0.29197396963123645,0.16355748373101953,0.28503253796095446
0.2641509433962264,0.2891619131197894,0.16235190873189995,0.2843352347520842
0.2623169107856192,0.29027962716378164,0.16333777185974258,0.28406569019085665
0.2624555160142349,0.29137010676156583,0.16725978647686832,0.27891459074733094
0.2612372051624388,0.2923898531375167,0.16466399643969737,0.2817089452603471
0.2523076923076923,0.30065934065934063,0.16703296703296702,0.28
0.2550218340611354,0.29737991266375546,0.1703056768558952,0.27729257641921395
0.2569048662867163,0.29636124506795264,0.17580008768084174,0.27093380096448927
0.25617283950617287,0.30246913580246915,0.1715167548500882,0.2698412698412698
0.2640845070422535,0.2913732394366197,0.1756161971830986,0.2689260563380282
0.2646276595744681,0.28900709219858156,0.1799645390070922,0.26640070921985815
0.26546731022378234,0.28960070206230804,0.18253620008775778,0.26239578762615184
0.27128363475959416,0.2906925452139391,0.17644464049404499,0.2615791795324217
0.27208480565371024,0.2919611307420495,0.17667844522968199,0.2592756183745583
0.27073277753400615,0.29354980254497587,0.17946467749012726,0.25625274243089075
0.272887323943662,0.2984154929577465,0.17649647887323944,0.2522007042253521
0.26985519964896887,0.3036419482229048,0.17595436594997807,0.2505484861781483
0.2736842105263158,0.29605263157894735,0.17675438596491228,0.2535087719298246
0.2648482182138143,0.29564452265728114,0.17553893532776066,0.2639683238011439
0.26399294843543414,0.2974878801234024,0.17849272807404143,0.2600264433671221
0.26202974628171477,0.29702537182852146,0.18110236220472442,0.25984251968503935
0.26434245366284204,0.29346866725507503,0.176081200353045,0.26610767872903796
0.27224901359053044,0.2928540113985094,0.17974572555896537,0.25515124945199474
0.2741228070175439,0.2868421052631579,0.181140350877193,0.2578947368421053
0.26846528084918175,0.2901371074745688,0.189296771340115,0.25210084033613445
0.2719683655536028,0.28778558875219684,0.18848857644991213,0.2517574692442882
0.2706401766004415,0.2883002207505519,0.18675496688741722,0.2543046357615894
0.27755819060166886,0.27887571365832237,0.19411506368028106,0.2494510320597277
0.27472527472527475,0.2742857142857143,0.19384615384615383,0.2571428571428571
0.26698606271777003,0.2739547038327526,0.1999128919860627,0.25914634146341464
0.27337488869100623,0.26892252894033836,0.19723953695458593,0.26046304541406945
0.2791922739244952,0.26733977172958734,0.19051799824407376,0.26294995610184374
0.2781889420983892,0.2655637788419678,0.19242490204614715,0.26382237701349587
0.2817824377457405,0.26430755788553956,0.18960244648318042,0.26430755788553956
0.28182616330114135,0.26514486391571557,0.1826163301141352,0.2704126426690079
0.2774846086191733,0.26605101143359716,0.18293755496921724,0.27352682497801234
0.2761820592134335,0.26513477684489617,0.18692001767565178,0.27176314626601855
0.2739606126914661,0.26258205689277897,0.1899343544857768,0.2735229759299781
0.27881205673758863,0.26152482269503546,0.18572695035460993,0.27393617021276595
0.2796312554872695,0.2642669007901668,0.18920105355575065,0.266900790166813
0.2806634657354867,0.2610213880401571,0.1911828895678743,0.2671322566564819
0.2846458424989001,0.258688957325121,0.1922569291684998,0.2644082710074791
0.28269484808454426,0.2646411272567151,0.1919859092910612,0.26067811536767943
0.28157894736842104,0.2574561403508772,0.19780701754385965,0.2631578947368421
0.2774798927613941,0.25424486148346737,0.2037533512064343,0.2645218945487042
0.28080985915492956,0.2579225352112676,0.198943661971831,0.2623239436619718
0.2784865816102068,0.2578090629124505,0.20325560932688078,0.26044874615046193
0.28634167764602547,0.2551602986385595,0.1985068072024594,0.25999121651295565
0.2853992059991178,0.24525805028672254,0.20379355977062197,0.2655491839435377
0.28527336860670194,0.2447089947089947,0.20414462081128748,0.26587301587301587
0.28389084507042256,0.2460387323943662,0.20994718309859156,0.2601232394366197
0.27994676131322094,0.24755989352262645,0.2111801242236025,0.26131322094055015
0.28259921500218055,0.24640209332751853,0.2136938508504143,0.25730484081988664
0.2838254737769943,0.24724548259145,0.21419127368884971,0.254737769942706
0.2800349497597204,0.2503276539973788,0.2166885102664919,0.2529488859764089
0.281794425087108,0.24912891986062718,0.2147212543554007,0.25435540069686413
0.2848888888888889,0.24933333333333332,0.21733333333333332,0.24844444444444444
0.27393030436700483,0.25275694750771943,0.22099691221879136,0.2523158359064843
0.2764263600176913,0.2565236620964175,0.21539141972578504,0.2516585581601061
0.2794894366197183,0.25704225352112675,0.20642605633802816,0.25704225352112675
0.2801590808661069,0.2554131683605833,0.206805125939019,0.25762262483429077
0.282233052724856,0.25476295968099244,0.20646876384581303,0.2565352237483385
0.2785527462946818,0.25326939843068874,0.2109851787271142,0.25719267654751526
0.27699736611062337,0.25548726953467954,0.20851624231782265,0.2589991220368745
0.2731643356643357,0.2465034965034965,0.2194055944055944,0.26092657342657344
0.2655838454784899,0.25197541703248466,0.21817383669885865,0.2642669007901668
0.2688077430708315,0.25736911570611526,0.21821381434227893,0.2556093268807743
0.2654945054945055,0.2518681318681319,0.21978021978021978,0.26285714285714284
0.2640597539543058,0.2517574692442882,0.22100175746924428,0.2631810193321617
0.2621657167908812,0.2533976326172731,0.22051731696624288,0.2639193336256028
0.26448474126492705,0.25210084033613445,0.21760283060592658,0.26581158779301195
0.2589676290463692,0.2550306211723535,0.21609798775153105,0.2699037620297463
0.26465364120781526,0.24733570159857904,0.2202486678507993,0.2677619893428064
0.2628091872791519,0.24734982332155478,0.22217314487632508,0.2676678445229682
0.2631810193321617,0.24648506151142355,0.22583479789103691,0.26449912126537783
0.26052631578947366,0.24736842105263157,0.2206140350877193,0.27149122807017545
0.2640845070422535,0.2438380281690141,0.22887323943661972,0.2632042253521127
0.2603160667251975,0.24231782265144863,0.22651448639157157,0.2708516242317823
0.25743006993006995,0.24694055944055945,0.22814685314685315,0.2674825174825175
0.2559446606139213,0.24816255944660615,0.22481625594466062,0.2710765239948119
0.252863436123348,0.24537444933920705,0.22731277533039648,0.27444933920704845
0.25524319500223114,0.23694779116465864,0.22936189201249443,0.2784471218206158
0.24857017157941047,0.24769027716674,0.23185217773867137,0.27188737351517817
0.24743646901471245,0.24431564868479716,0.23539901917075345,0.27284886312973694
0.24855491329479767,0.23566029346376166,0.2352156514006225,0.28056914184081816
0.2509907529722589,0.22589167767503301,0.23954205195948922,0.28357551739321885
0.2535149384885764,0.22451669595782073,0.23857644991212654,0.28339191564147626
0.25098554533508544,0.22251423565484013,0.23696890056942618,0.2895313184406483
0.2460387323943662,0.2262323943661972,0.2381161971830986,0.289612676056338
0.24704336399474375,0.22470433639947437,0.240473061760841,0.28777923784494086
0.25217391304347825,0.22652173913043477,0.2408695652173913,0.28043478260869564
0.2502206531332745,0.22241835834068843,0.24051191526919682,0.2868490732568402
0.25807860262008736,0.21921397379912663,0.23930131004366811,0.2834061135371179
0.25491051942383236,0.21824530772588388,0.23788738542121343,0.28895678742907027
0.2557633753806003,0.21966072205306655,0.2379295345802523,0.2866463679860809
0.2556818181818182,0.21416083916083917,0.23863636363636365,0.291520979020979
0.26107942079859586,0.209741114523914,0.2378236068451075,0.2913558578323826
0.25556040122110774,0.2119494112516354,0.23855211513301353,0.29393807239424335
0.2553657468243539,0.2076215505913272,0.24310118265440211,0.29391151992991676
0.2602739726027397,0.21034025629695094,0.24083075563411402,0.28855501546619533
0.26756874727193364,0.2073330423395897,0.2409428197293758,0.28415539065910084
0.2661965623622741,0.2146319964742177,0.23975319524019392,0.2794182459233142
0.26666666666666666,0.21437908496732025,0.24618736383442266,0.2727668845315904
0.26054481546572933,0.2139718804920914,0.2517574692442882,0.27372583479789103
0.2662280701754386,0.21710526315789475,0.24298245614035088,0.2736842105263158
0.2607158638974812,0.21343349536014142,0.24701723376049492,0.27883340698188247
0.25738210665491407,0.22036139268400176,0.24195680916703394,0.28029969149405026
0.2520971302428256,0.223841059602649,0.24194260485651214,0.28211920529801326
0.25,0.21689895470383275,0.25217770034843207,0.2809233449477352
0.24856512141280354,0.21810154525386313,0.2525386313465784,0.280794701986755
0.24922805469783854,0.21305690339655933,0.25584472871636527,0.2818703131892369
0.24956063268892795,0.21221441124780316,0.2552724077328647,0.28295254833040423
0.2558550596553248,0.208572691117985,0.25231992929739283,0.2832523199292974
0.25569176882662,0.21234676007005254,0.24956217162872155,0.28239929947460596
0.25874125874125875,0.21241258741258742,0.2504370629370629,0.2784090909090909
0.2616534740545295,0.21152154793315744,0.24934036939313983,0.2774846086191733
0.26517150395778366,0.21108179419525067,0.24494283201407213,0.27880386983289357
0.2635283765948086,0.21645402551693796,0.2410910690717114,0.278926528816542
0.25935711140466755,0.21400264200792601,0.2408630559225011,0.2857771906649053
0.25746924428822493,0.21221441124780316,0.24165202108963094,0.28866432337434095
0.2602197802197802,0.21142857142857144,0.24,0.28835164835164834
0.25733333333333336,0.21466666666666667,0.236,0.292
0.2608695652173913,0.20816864295125165,0.24242424242424243,0.2885375494071146
0.25785340314136124,0.21204188481675393,0.23778359511343805,0.29232111692844676
0.2559262510974539,0.21466198419666374,0.2392449517120281,0.2901668129938543
0.2545213939126599,0.21261579179532422,0.2434936038817821,0.2893692104102338
0.2523117569352708,0.21796565389696168,0.2413033905768384,0.2884191985909291
0.2478972996901284,0.2151394422310757,0.24701195219123506,0.28995130588756085
0.24911816578483245,0.21516754850088182,0.24514991181657847,0.29056437389770723
0.25198237885462554,0.21101321585903085,0.2475770925110132,0.2894273127753304
0.25132275132275134,0.21208112874779542,0.25044091710758376,0.2861552028218695
0.24571428571428572,0.21494505494505495,0.2571428571428571,0.2821978021978022
0.2469298245614035,0.20877192982456141,0.26052631578947366,0.2837719298245614
0.23975319524019392,0.21551344204495373,0.2622300572939621,0.28250330542089025
0.2424778761061947,0.21150442477876105,0.25619469026548675,0.28982300884955753
0.23876036665211697,0.2195547795722392,0.25403753819292885,0.28764731558271495
0.23557692307692307,0.22115384615384615,0.2534965034965035,0.2897727272727273
0.23725834797891038,0.22231985940246046,0.2583479789103691,0.2820738137082601
0.23654015887025595,0.2237422771403354,0.2616946160635481,0.2780229479258605
0.23845138583369996,0.2212934447866256,0.2600087989441267,0.28024637043554773
0.24337244676227726,0.21686223381138636,0.258148631029987,0.2816166883963494
0.24649122807017543,0.21754385964912282,0.2535087719298246,0.2824561403508772
0.2519929140832595,0.21656333038086803,0.24800708591674048,0.283436669619132
0.252414398595259,0.21817383669885865,0.2467076382791923,0.28270412642669007
0.2530755711775044,0.2148506151142355,0.2491212653778559,0.28295254833040423
0.26119402985074625,0.21641791044776118,0.2528533801580334,0.26953467954345917
0.263042525208242,0.2099956159579132,0.25471284524331433,0.27224901359053044
0.26264848218213815,0.21293444786625604,0.24945006599208094,0.27496700395952484
0.26256006989951947,0.21013543031891654,0.25382262996941896,0.27348186981214506
0.2644082710074791,0.21205455345358556,0.25296964364276286,0.27056753189617244
0.2618520159503766,0.21222862206468765,0.2512184315463004,0.27470093043863536
0.25695364238410595,0.21324503311258278,0.2543046357615894,0.27549668874172184
0.25165562913907286,0.21721854304635763,0.25386313465783666,0.2772626931567329
0.24835454146555508,0.21281263712154452,0.25625274243089075,0.28258007898200965
0.2497816593886463,0.21441048034934498,0.24934497816593887,0.28646288209606985
0.250987275120667,0.21105748135146996,0.24572180781044317,0.29223343571741994
0.24811696942844483,0.21178555604785113,0.24944616747895437,0.2906513070447497
0.2457293035479632,0.21813403416557162,0.24529128339903636,0.29084537888742884
0.24767390341160833,0.21754541426672575,0.24856003544528135,0.2862206468763846
0.2516585581601061,0.21760283060592658,0.24502432551968156,0.2857142857142857
0.25231992929739283,0.21785240830755634,0.24348210340256296,0.28634555899248787
0.2487847989394609,0.2200618647812638,0.241714538223597,0.2894387980556783
0.2454905411350638,0.22745270567531897,0.2380114386273647,0.2890453145622525
0.24537444933920705,0.22599118942731278,0.2409691629955947,0.28766519823788544
0.24810690423162585,0.22583518930957683,0.24142538975501113,0.2846325167037862
0.24750758560901603,0.22756827048114434,0.24577373211963588,0.2791504117902037
0.2464726631393298,0.22178130511463845,0.25220458553791886,0.2795414462081129
0.25120772946859904,0.21387790953008345,0.2520860781730347,0.2828282828282828
0.25143868968570166,0.21868083222664897,0.249667994687915,0.28021248339973437
0.2487847989394609,0.22492266902342023,0.2479010163499779,0.278391515687141
0.24669603524229075,0.22687224669603523,0.2497797356828194,0.27665198237885463
0.24489795918367346,0.23143725575336518,0.24663482414242294,0.27702996092053844
0.2461605967529618,0.23168056164984643,0.23738481790258886,0.2847740236946029
0.24582233948988566,0.23043095866314864,0.23658751099384345,0.28715919085312225
0.24944909651829,0.23226090788893786,0.2384310268840899,0.27985896870868227
0.2504432624113475,0.23359929078014185,0.23670212765957446,0.27925531914893614
0.24900486510393632,0.22998673153471916,0.23794781070322865,0.2830605926581159
0.25597874224977857,0.22763507528786536,0.2395925597874225,0.27679362267493357
0.25198587819947044,0.23080317740511916,0.23918799646954986,0.2780229479258605
0.250987275120667,0.2360684510750329,0.23562966213251427,0.2773146116717859
0.25895196506550217,0.2292576419213974,0.23406113537117904,0.2777292576419214
0.25764966740576495,0.22572062084257205,0.2434589800443459,0.2731707317073171
0.2568523430592396,0.22458001768346597,0.2471264367816092,0.27144120247568526
0.25763612217795484,0.22576361221779548,0.2434705621956618,0.2731297034085879
0.2655293088363955,0.21959755030621173,0.2436570428696413,0.27121609798775154
0.2712461470717745,0.2162043152796125,0.24350506384852488,0.26904447380008806
0.27224901359053044,0.21832529592284086,0.2503288031565103,0.2590968873301184
0.27758164165931154,0.21579876434245365,0.24669020300088262,0.2599293909973522
0.27516483516483514,0.21714285714285714,0.2518681318681319,0.2558241758241758
0.27705061082024435,0.2212041884816754,0.24912739965095987,0.2526178010471204
0.27256792287467135,0.22436459246275198,0.24846625766871167,0.254601226993865
0.2828282828282828,0.22397891963109354,0.24286341677646026,0.2503293807641634
0.2820288587669436,0.22343681679055533,0.24573677306515085,0.24879755137735024
0.28060097216084845,0.2209456473707468,0.24922669023420238,0.24922669023420238
0.2824561403508772,0.2149122807017544,0.2513157894736842,0.2513157894736842
0.27947019867549666,0.22207505518763798,0.24282560706401765,0.2556291390728477
0.2816041848299913,0.21447253705318223,0.24498692240627726,0.25893635571054924
0.27994734532689775,0.21456779289161912,0.249670908293111,0.2558139534883721
0.2855263157894737,0.2131578947368421,0.23640350877192984,0.2649122807017544
0.27775340061430454,0.21632294866169371,0.24001755155770074,0.26590609916630104
0.2869796279893711,0.21656333038086803,0.2329495128432241,0.26350752878653677
0.2859025032938076,0.21080368906455862,0.233201581027668,0.27009222661396576
0.2868352223190933,0.2140366172624237,0.22842197035745423,0.27070619006102875
0.28233231039017975,0.2235861464270057,0.23191582639193337,0.2621657167908812
0.28339191564147626,0.22056239015817222,0.23110720562390158,0.2649384885764499
0.28033658104517273,0.22143489813994685,0.23427812223206376,0.26395039858281666
0.2752982766239505,0.2266902342023862,0.23331860362350862,0.2646928855501547
0.2719720157411456,0.22780935723655443,0.23305640577175338,0.26716222125054656
0.27880386983289357,0.2247141600703606,0.23043095866314864,0.26605101143359716
0.2889767237593325,0.22661396574440051,0.2274923144488362,0.25691699604743085
0.2874015748031496,0.22965879265091863,0.21828521434820647,0.2646544181977253
0.2914083259521701,0.22586359610274578,0.22364924712134632,0.25907883082373784
0.28824049513704686,0.22413793103448276,0.22413793103448276,0.2634836427939876
0.2867225408028231,0.22540802823114248,0.22143802382002647,0.26643140714600794
0.29318681318681317,0.2189010989010989,0.2189010989010989,0.269010989010989
0.28797886393659183,0.22060766182298547,0.22148833113166005,0.26992514310876264
0.2882764654418198,0.22178477690288714,0.2178477690288714,0.27209098862642167
0.2904636920384952,0.21959755030621173,0.22178477690288714,0.26815398075240593
0.29424681598594643,0.22090469916556874,0.21958717610891523,0.2652613087395696
0.2904363155575143,0.22168356104010578,0.2260907888937858,0.2617893345085941
0.28808380619816676,0.22522915757311218,0.22435617634220864,0.26233085988651245
0.28634361233480177,0.22202643171806166,0.22246696035242292,0.2691629955947137
0.2869179600886918,0.21818181818181817,0.22305986696230598,0.27184035476718404
0.2886142983230362,0.21668137687555164,0.2237422771403354,0.2709620476610768
0.28470380194518125,0.21706454465075153,0.22679045092838196,0.27144120247568526
0.28596568411790585,0.21249450065992082,0.22745270567531897,0.2740871095468544
0.2821978021978022,0.21010989010989012,0.229010989010989,0.2786813186813187
0.27716673999120106,0.214694236691597,0.22481302243730752,0.2833260008798944
0.2742857142857143,0.21670329670329672,0.22197802197802197,0.28703296703296705
0.2780229479258605,0.22197705207413945,0.21712268314210062,0.2828773168578994
0.2783641160949868,0.22119613016710643,0.2247141600703606,0.2757255936675462
0.28134556574923547,0.218435998252512,0.22455220620358235,0.27566622979467015
0.28010586678429644,0.22099691221879136,0.21790913101014556,0.28098808998676666
0.2788546255506608,0.21938325991189428,0.21938325991189428,0.2823788546255507
0.27873945849977805,0.22192632046160674,0.21926320461606746,0.2800710164225477
0.2741652021089631,0.22451669595782073,0.22144112478031636,0.27987697715289983
0.277119016249451,0.2261747913921827,0.2160737812911726,0.28063241106719367
0.2738825591586328,0.22567922874671342,0.21647677475898336,0.2839614373356705
0.28465562336530076,0.22057541412380122,0.2175239755884917,0.2772449869224063
0.29143105698129623,0.21792083514571553,0.2183558068725533,0.27229230100043494
0.28217602830605926,0.22202565236620964,0.21760283060592658,0.2781954887218045
0.2860310421286031,0.21995565410199558,0.21951219512195122,0.2745011086474501
0.2898936170212766,0.21453900709219859,0.2198581560283688,0.27570921985815605
0.28995130588756085,0.21779548472775564,0.2213368747233289,0.27091633466135456
0.2906772207563764,0.2167985927880387,0.21943711521547934,0.27308707124010556
0.2923617208077261,0.21202809482001755,0.22563652326602282,0.26997366110623355
0.2923076923076923,0.21934065934065933,0.2175824175824176,0.27076923076923076
0.29301911960871496,0.21831925300133392,0.2187638950644731,0.269897732325478
0.2919611307420495,0.21554770318021202,0.22393992932862192,0.26855123674911663
0.2941952506596306,0.21328056288478453,0.2264731750219877,0.26605101143359716
0.29317980513728964,0.21567759078830823,0.22763507528786536,0.26350752878653677
0.29375,0.21339285714285713,0.22232142857142856,0.27053571428571427
0.29528426619656234,0.21639488761568973,0.21947994711326577,0.26884089907448216
0.29666958808063104,0.21253286590709902,0.22085889570552147,0.26993865030674846
0.29487750556792874,0.21202672605790646,0.22538975501113587,0.26770601336302896
0.29110039456378783,0.20955721174923278,0.22928540113985094,0.27005699254712845
0.29442970822281167,0.21220159151193635,0.22590627763041557,0.26746242263483644
0.29080510338759347,0.2133743950725913,0.22481302243730752,0.2710074791025077
0.2864745011086475,0.2146341463414634,0.22749445676274946,0.2713968957871397
0.291958041958042,0.21241258741258742,0.22508741258741258,0.270541958041958
0.29404031551270815,0.20946538124452235,0.22567922874671342,0.2708150744960561
0.2919418758256275,0.20959929546455305,0.22457067371202113,0.27388815499779834
0.2878521126760563,0.21434859154929578,0.22403169014084506,0.2737676056338028
0.29199648197009676,0.21284080914687775,0.22119613016710643,0.27396657871591906
0.2914639540026537,0.21406457319770014,0.22467934542237947,0.2697921273772667
0.2891939769707706,0.22276350752878654,0.22276350752878654,0.2652790079716563
0.28659070990359337,0.22348816827344434,0.2252410166520596,0.26468010517090274
0.2873512560599383,0.22124283825473778,0.2260907888937858,0.26531511679153813
0.28444444444444444,0.22311111111111112,0.22933333333333333,0.26311111111111113
0.2887139107611549,0.21916010498687663,0.2327209098862642,0.2594050743657043
0.2895667550839965,0.22281167108753316,0.23563218390804597,0.2519893899204244
0.2918681318681319,0.21802197802197804,0.2312087912087912,0.2589010989010989
0.2937777777777778,0.216,0.22711111111111112,0.26311111111111113
0.2944542253521127,0.21214788732394366,0.22711267605633803,0.2662852112676056
0.29556433904259993,0.21431708388230128,0.22924901185770752,0.2608695652173913
0.2967515364354697,0.21027216856892011,0.23046532045654083,0.26251097453906935
0.2905793896505971,0.20964175143741706,0.23308270676691728,0.26669615214506853
0.2992988606485539,0.2112182296231376,0.22787028921998248,0.261612620508326
0.2988962472406181,0.20927152317880796,0.22781456953642384,0.2640176600441501
0.3013698630136986,0.20194432169686258,0.22889969067609367,0.2677861246133451
0.3028972783143108,0.20456540825285338,0.22388059701492538,0.26865671641791045
0.30158730158730157,0.20238095238095238,0.2244268077601411,0.2716049382716049
0.29708222811671087,0.20778072502210435,0.22546419098143236,0.2696728558797524
0.2902942468159859,0.21299956082564778,0.23012736056214317,0.2665788317962231
0.28994340444057465,0.20896821941663038,0.22986504135829341,0.2712233347845015
0.2884191985909291,0.21268163804491413,0.2263320123293703,0.27256715103478646
0.2868421052631579,0.21359649122807017,0.22236842105263158,0.2771929824561403
0.28996933858957513,0.20937363118703461,0.22514235654840123,0.27551467367498905
0.29010989010989013,0.2087912087912088,0.22857142857142856,0.2725274725274725
0.2900763358778626,0.2105972159856309,0.22406825325550067,0.27525819488100584
0.2891832229580574,0.2097130242825607,0.21898454746136867,0.28211920529801326
0.2900394910048267,0.2062308029837648,0.21939447125932426,0.2843352347520842
0.2948943661971831,0.2051056338028169,0.21742957746478872,0.28257042253521125
0.2888987962550156,0.20909496210432457,0.22113241194828354,0.2808738296923763
0.29544449358690844,0.2034498009730208,0.22246793454223796,0.2786377708978328
0.2908695652173913,0.20608695652173914,0.2252173913043478,0.2778260869565217
0.2982456140350877,0.20921052631578949,0.2206140350877193,0.2719298245614035
0.29568697198755,0.21076033792796797,0.223654957759004,0.269897732325478
0.30440587449933243,0.210057854917668,0.21851357365376056,0.26702269692923897
0.3011463844797178,0.21119929453262787,0.21869488536155202,0.2689594356261023
0.30196253345227475,0.20785013380909903,0.21855486173059768,0.27163247100802856
0.30004342162396874,0.21189752496743378,0.21406860616587062,0.27399044724272686
0.29678555702333775,0.2192866578599736,0.21092029942756496,0.27300748568912375
0.30127922364358184,0.21835024261138067,0.20996912218791355,0.27040141155712394
0.2951833848873177,0.22359699513919576,0.21122403888643393,0.26999558108705257
0.302683677958645,0.22173339199296085,0.2133743950725913,0.2622085349758029
0.29805137289636846,0.21257750221434898,0.21922054915854738,0.27015057573073514
0.2954844366505918,0.21701008329679966,0.21964050854888206,0.26786497150372646
0.3053602811950791,0.2157293497363796,0.21616871704745166,0.2627416520210896
0.30533333333333335,0.22133333333333333,0.21288888888888888,0.2604444444444444
0.3067190226876091,0.21291448516579406,0.21553228621291448,0.2648342059336824
0.2982456140350877,0.2131578947368421,0.21578947368421053,0.27280701754385966
0.29476462824461064,0.20765508139023317,0.22041355037395513,0.27716673999120106
0.2957060646303674,0.20805666223992916,0.22089420097388224,0.27534307215582116
0.2968056787932564,0.20763087843833186,0.2160603371783496,0.2795031055900621
0.2992125984251969,0.2073490813648294,0.21478565179352582,0.2786526684164479
0.29836210712704736,0.20230190349712263,0.21027003098716246,0.28906595838866755
0.2906057945566286,0.1984196663740123,0.22080772607550483,0.2901668129938543
0.2894273127753304,0.20352422907488987,0.2145374449339207,0.29251101321585904
0.2848432055749129,0.19729965156794424,0.21994773519163763,0.2979094076655052
0.2810170977641385,0.19903551074090312,0.2235861464270057,0.29636124506795264
0.2848990342405619,0.19534679543459174,0.21992976294995611,0.29982440737489024
0.28666371289322107,0.1949490474080638,0.21754541426672575,0.30084182543198934
0.2903368794326241,0.19547872340425532,0.21631205673758866,0.2978723404255319
0.2884191985909291,0.19726992514310876,0.21840598855129897,0.29590488771466317
0.28495102404274264,0.19367764915405164,0.21772039180765806,0.30365093499554763
0.29130052724077327,0.19903339191564148,0.21704745166959577,0.29261862917398945
0.28408592722490134,0.20648838228846997,0.2099956159579132,0.29943007452871545
0.28527336860670194,0.21031746031746032,0.20590828924162258,0.2985008818342152
0.28979771328056286,0.20536499560246263,0.2106420404573439,0.2941952506596306
0.28696796840719613,0.20315928038613426,0.20930232558139536,0.30057042562527425
0.29245699161887956,0.19982355535950597,0.2055580061755624,0.30216144684605206
0.29092488059053406,0.20017368649587494,0.20581849761181067,0.30308293530178027
0.291393621668851,0.1983398864132809,0.20227173438182613,0.30799475753604194
0.2917771883289125,0.1940760389036251,0.20468611847922194,0.3094606542882405
0.2900662251655629,0.19735099337748344,0.2044150110375276,0.30816777041942606
0.2878390201224847,0.2020997375328084,0.205161854768154,0.30489938757655294
0.2885964912280702,0.20701754385964913,0.20175438596491227,0.3026315789473684
0.2926613616268789,0.20645446507515472,0.20203359858532272,0.2988505747126437
0.285336856010568,0.20783795684720388,0.2025539409951563,0.3042712461470718
0.2854020979020979,0.20585664335664336,0.20716783216783216,0.30157342657342656
0.2865934065934066,0.2087912087912088,0.20527472527472526,0.29934065934065934
0.28558875219683655,0.20738137082601055,0.2016695957820738,0.3053602811950791
0.2912405513561583,0.2023121387283237,0.2058692752334371,0.30057803468208094
0.29263992948435436,0.1996474217717056,0.2128691053327457,0.29484354341119434
0.29393673110720564,0.19332161687170474,0.20738137082601055,0.3053602811950791
0.2950242184059885,0.1955085865257596,0.20871862615587847,0.3007485689123734
0.2932098765432099,0.1931216931216931,0.20811287477954143,0.3055555555555556
0.29925077126487437,0.19568091670339358,0.20273248126928162,0.3023358307624504
0.29671772428884025,0.1938730853391685,0.2100656455142232,0.29934354485776804
0.28908296943231443,0.1965065502183406,0.2091703056768559,0.3052401746724891
0.29146608315098466,0.19912472647702406,0.20656455142231947,0.3028446389496718
0.28313518273888155,0.19815059445178335,0.20871862615587847,0.3099955966534566
0.28024637043554773,0.1957765068191817,0.20545534535855697,0.3185217773867136
0.29089301503094606,0.1931918656056587,0.20601237842617154,0.3099027409372237
0.2826278659611993,0.20238095238095238,0.20590828924162258,0.3090828924162258
0.2806167400881057,0.19955947136563876,0.20704845814977973,0.31277533039647576
0.27973568281938327,0.2013215859030837,0.20969162995594715,0.3092511013215859
0.2781921895568232,0.20579201404124617,0.21237384817902588,0.3036419482229048
0.27300884955752214,0.20929203539823008,0.2097345132743363,0.30796460176991153
0.26972234464521816,0.20758043190832967,0.21419127368884971,0.3085059497576025
0.2688077430708315,0.20853497580290364,0.21601407831060274,0.3066432028156621
0.2667257421355782,0.20292423571112095,0.2193176783340718,0.31103234381922906
0.2630405706642889,0.20909496210432457,0.21533660276415514,0.3125278644672314
0.2647317502198769,0.2040457343887423,0.21372031662269128,0.3175021987686895
0.26663747810858146,0.20796847635726795,0.21147110332749564,0.313922942206655
0.2633672116659302,0.20813079982324348,0.21431727794962438,0.31418471056120195
0.2661965623622741,0.20846187747906567,0.21110621419127368,0.3142353459673865
0.27034120734908135,0.20822397200349957,0.2125984251968504,0.3088363954505687
0.267927848658161,0.20545534535855697,0.21425428948526176,0.3123625164980202
0.2664604507291206,0.20371188687582856,0.21520106053910737,0.31462660185594343
0.26044874615046193,0.20941487021557414,0.21557413110426749,0.31456225252969644
0.2658396101019052,0.20646876384581303,0.21311475409836064,0.31457687195392114
0.26387665198237886,0.19559471365638767,0.22158590308370044,0.31894273127753303
0.2614035087719298,0.19824561403508772,0.225,0.31535087719298244
0.2697512003491925,0.19292885202968135,0.2234831951113051,0.313836752509821
0.27128363475959416,0.18967798853109838,0.22849580943978826,0.3105425672695192
0.274681878016674,0.1882404563405002,0.22729267222465993,0.30978499341816584
0.27824175824175823,0.18769230769230769,0.2246153846153846,0.30945054945054945
0.27628684557853056,0.1869775626924769,0.2322921249450066,0.3044434667839859
0.26763668430335097,0.1865079365079365,0.23589065255731922,0.3099647266313933
0.27348551360842843,0.1826163301141352,0.2344161545215101,0.3094820017559263
0.2736888497135302,0.1873071837814015,0.23490524460114587,0.30409872190392245
0.27526132404181186,0.18728222996515678,0.2304006968641115,0.30705574912891986
0.2706766917293233,0.18796992481203006,0.23750552852720036,0.3038478549314463
0.27229230100043494,0.1848629839060461,0.24097433666811657,0.3018703784254024
0.2737306843267108,0.18631346578366445,0.2379690949227373,0.3019867549668874
0.2764084507042254,0.18882042253521128,0.23459507042253522,0.3001760563380282
0.2763731473408893,0.1952920662598082,0.22711421098517873,0.3012205754141238
0.2778753292361721,0.19402985074626866,0.22783143107989465,0.30026338893766463
0.27952233524988945,0.19150818222025653,0.23087129588677577,0.2980981866430783
0.28320911880754057,0.19114423498465585,0.23191582639193337,0.29373081981587024
