C,D,Oc,Od
0.0,0.0,0.0,1.0
0.0,0.0,0.0,1.0
0.0,0.0,0.0,1.0
0.0,0.0,0.0,1.0
0.0,0.0,0.0,1.0
0.0,0.0,0.0,1.0
0.0,0.0,0.0,1.0
0.0,0.0,0.0,1.0
0.2857142857142857,0.0,0.0,0.7142857142857143
0.0,0.0,0.0,1.0
0.0,0.0,0.125,0.875
0.1111111111111111,0.0,0.1111111111111111,0.7777777777777778
0.2,0.2,0.0,0.6
0.3,0.2,0.0,0.5
0.2727272727272727,0.2727272727272727,0.0,0.45454545454545453
0.18181818181818182,0.09090909090909091,0.0,0.7272727272727273
0.08333333333333333,0.25,0.0,0.6666666666666666
0.07692307692307693,0.3076923076923077,0.0,0.6153846153846154
0.14285714285714285,0.2857142857142857,0.0,0.5714285714285714
0.14285714285714285,0.21428571428571427,0.0,0.6428571428571429
0.07142857142857142,0.35714285714285715,0.0,0.5714285714285714
0.06666666666666667,0.3333333333333333,0.0,0.6
0.06666666666666667,0.4,0.0,0.5333333333333333
0.0625,0.375,0.0625,0.5
0.058823529411764705,0.29411764705882354,0.058823529411764705,0.5882352941176471
0.1111111111111111,0.1111111111111111,0.1111111111111111,0.6666666666666666
0.10526315789473684,0.15789473684210525,0.10526315789473684,0.631578947368421
0.10526315789473684,0.10526315789473684,0.10526315789473684,0.6842105263157895
0.15,0.2,0.2,0.45
0.14285714285714285,0.3333333333333333,0.14285714285714285,0.38095238095238093
0.1111111111111111,0.3888888888888889,0.16666666666666666,0.3333333333333333
0.1,0.35,0.2,0.35
0.0,0.4090909090909091,0.2727272727272727,0.3181818181818182
0.0,0.36363636363636365,0.36363636363636365,0.2727272727272727
0.08695652173913043,0.21739130434782608,0.34782608695652173,0.34782608695652173
0.16666666666666666,0.2916666666666667,0.3333333333333333,0.20833333333333334
0.2,0.28,0.24,0.28
0.14285714285714285,0.17857142857142858,0.39285714285714285,0.2857142857142857
0.14814814814814814,0.1111111111111111,0.5555555555555556,0.18518518518518517
0.18518518518518517,0.07407407407407407,0.5555555555555556,0.18518518518518517
0.23076923076923078,0.23076923076923078,0.38461538461538464,0.15384615384615385
0.14814814814814814,0.2222222222222222,0.2962962962962963,0.3333333333333333
0.18518518518518517,0.2222222222222222,0.37037037037037035,0.2222222222222222
0.11538461538461539,0.23076923076923078,0.34615384615384615,0.3076923076923077
0.1111111111111111,0.2222222222222222,0.4074074074074074,0.25925925925925924
0.1111111111111111,0.2222222222222222,0.5185185185185185,0.14814814814814814
0.11538461538461539,0.2692307692307692,0.4230769230769231,0.19230769230769232
0.11538461538461539,0.23076923076923078,0.38461538461538464,0.2692307692307692
0.14285714285714285,0.2857142857142857,0.35714285714285715,0.21428571428571427
0.14814814814814814,0.2962962962962963,0.37037037037037035,0.18518518518518517
0.14814814814814814,0.3333333333333333,0.3333333333333333,0.18518518518518517
0.21428571428571427,0.21428571428571427,0.32142857142857145,0.25
0.21428571428571427,0.21428571428571427,0.32142857142857145,0.25
0.10714285714285714,0.2857142857142857,0.35714285714285715,0.25
0.14814814814814814,0.14814814814814814,0.48148148148148145,0.2222222222222222
0.18518518518518517,0.14814814814814814,0.48148148148148145,0.18518518518518517
0.07142857142857142,0.21428571428571427,0.5,0.21428571428571427
0.06896551724137931,0.13793103448275862,0.5517241379310345,0.2413793103448276
0.07142857142857142,0.10714285714285714,0.6071428571428571,0.21428571428571427
0.10714285714285714,0.14285714285714285,0.5357142857142857,0.21428571428571427
0.10714285714285714,0.14285714285714285,0.5,0.25
0.07142857142857142,0.21428571428571427,0.39285714285714285,0.32142857142857145
0.06896551724137931,0.20689655172413793,0.5172413793103449,0.20689655172413793
0.03571428571428571,0.14285714285714285,0.5714285714285714,0.25
0.034482758620689655,0.13793103448275862,0.6896551724137931,0.13793103448275862
0.06451612903225806,0.06451612903225806,0.6774193548387096,0.1935483870967742
0.030303030303030304,0.09090909090909091,0.696969696969697,0.18181818181818182
0.0,0.058823529411764705,0.7647058823529411,0.17647058823529413
0.0,0.05714285714285714,0.8285714285714286,0.11428571428571428
0.0,0.05714285714285714,0.8571428571428571,0.08571428571428572
0.05555555555555555,0.05555555555555555,0.7777777777777778,0.1111111111111111
0.07894736842105263,0.07894736842105263,0.6842105263157895,0.15789473684210525
0.05128205128205128,0.07692307692307693,0.6666666666666666,0.20512820512820512
0.14285714285714285,0.11904761904761904,0.5238095238095238,0.21428571428571427
0.19047619047619047,0.16666666666666666,0.42857142857142855,0.21428571428571427
0.18604651162790697,0.20930232558139536,0.3953488372093023,0.20930232558139536
0.20454545454545456,0.2727272727272727,0.3409090909090909,0.18181818181818182
0.19047619047619047,0.30952380952380953,0.3333333333333333,0.16666666666666666
0.1951219512195122,0.2682926829268293,0.36585365853658536,0.17073170731707318
0.275,0.3,0.25,0.175
0.225,0.275,0.25,0.25
0.23076923076923078,0.38461538461538464,0.1794871794871795,0.20512820512820512
0.20512820512820512,0.4358974358974359,0.1794871794871795,0.1794871794871795
0.2631578947368421,0.39473684210526316,0.13157894736842105,0.21052631578947367
0.25,0.45,0.05,0.25
0.27906976744186046,0.4418604651162791,0.09302325581395349,0.18604651162790697
0.3181818181818182,0.4318181818181818,0.045454545454545456,0.20454545454545456
0.38636363636363635,0.4318181818181818,0.045454545454545456,0.13636363636363635
0.28888888888888886,0.4666666666666667,0.06666666666666667,0.17777777777777778
0.37209302325581395,0.3488372093023256,0.11627906976744186,0.16279069767441862
0.36363636363636365,0.3181818181818182,0.11363636363636363,0.20454545454545456
0.47619047619047616,0.23809523809523808,0.07142857142857142,0.21428571428571427
0.4318181818181818,0.29545454545454547,0.0,0.2727272727272727
0.43478260869565216,0.2391304347826087,0.0,0.32608695652173914
0.391304347826087,0.2391304347826087,0.0,0.3695652173913043
0.3829787234042553,0.19148936170212766,0.0,0.425531914893617
0.3958333333333333,0.14583333333333334,0.0,0.4583333333333333
0.43478260869565216,0.06521739130434782,0.0,0.5
0.2391304347826087,0.13043478260869565,0.0,0.6304347826086957
0.19148936170212766,0.2127659574468085,0.0,0.5957446808510638
0.125,0.25,0.0,0.625
0.1276595744680851,0.2765957446808511,0.0,0.5957446808510638
0.2127659574468085,0.3191489361702128,0.0425531914893617,0.425531914893617
0.18181818181818182,0.38636363636363635,0.0,0.4318181818181818
0.24444444444444444,0.3333333333333333,0.0,0.4222222222222222
0.2826086956521739,0.2826086956521739,0.0,0.43478260869565216
0.22916666666666666,0.3333333333333333,0.0,0.4375
0.20833333333333334,0.3958333333333333,0.020833333333333332,0.375
0.16666666666666666,0.5,0.020833333333333332,0.3125
0.12,0.48,0.06,0.34
0.15384615384615385,0.4807692307692308,0.07692307692307693,0.28846153846153844
0.17307692307692307,0.46153846153846156,0.057692307692307696,0.3076923076923077
0.11320754716981132,0.4716981132075472,0.11320754716981132,0.3018867924528302
0.14814814814814814,0.46296296296296297,0.09259259259259259,0.2962962962962963
0.1320754716981132,0.41509433962264153,0.1320754716981132,0.32075471698113206
0.12727272727272726,0.43636363636363634,0.10909090909090909,0.32727272727272727
0.21428571428571427,0.25,0.08928571428571429,0.44642857142857145
0.17857142857142858,0.23214285714285715,0.05357142857142857,0.5357142857142857
0.19642857142857142,0.23214285714285715,0.05357142857142857,0.5178571428571429
0.2222222222222222,0.18518518518518517,0.05555555555555555,0.5370370370370371
0.21818181818181817,0.2,0.07272727272727272,0.509090909090909
0.2222222222222222,0.16666666666666666,0.07407407407407407,0.5370370370370371
0.2641509433962264,0.16981132075471697,0.05660377358490566,0.5094339622641509
0.2692307692307692,0.19230769230769232,0.038461538461538464,0.5
0.29411764705882354,0.23529411764705882,0.0392156862745098,0.43137254901960786
0.2549019607843137,0.2549019607843137,0.0196078431372549,0.47058823529411764
0.21153846153846154,0.28846153846153844,0.019230769230769232,0.4807692307692308
0.23076923076923078,0.28846153846153844,0.038461538461538464,0.4423076923076923
0.22448979591836735,0.30612244897959184,0.08163265306122448,0.3877551020408163
0.1875,0.25,0.125,0.4375
0.2,0.22,0.12,0.46
0.22448979591836735,0.2653061224489796,0.12244897959183673,0.3877551020408163
0.20833333333333334,0.22916666666666666,0.20833333333333334,0.3541666666666667
0.22448979591836735,0.24489795918367346,0.20408163265306123,0.32653061224489793
0.22,0.24,0.18,0.36
0.20833333333333334,0.1875,0.25,0.3541666666666667
0.21568627450980393,0.17647058823529413,0.27450980392156865,0.3333333333333333
0.23076923076923078,0.15384615384615385,0.2692307692307692,0.34615384615384615
0.21153846153846154,0.15384615384615385,0.23076923076923078,0.40384615384615385
0.20754716981132076,0.1509433962264151,0.22641509433962265,0.41509433962264153
0.21818181818181817,0.14545454545454545,0.23636363636363636,0.4
0.21428571428571427,0.14285714285714285,0.25,0.39285714285714285
0.2413793103448276,0.13793103448275862,0.2413793103448276,0.3793103448275862
0.25,0.11666666666666667,0.23333333333333334,0.4
0.26666666666666666,0.15,0.21666666666666667,0.36666666666666664
0.288135593220339,0.15254237288135594,0.23728813559322035,0.3220338983050847
0.23333333333333334,0.15,0.25,0.36666666666666664
0.23333333333333334,0.13333333333333333,0.21666666666666667,0.4166666666666667
0.26229508196721313,0.14754098360655737,0.16393442622950818,0.4262295081967213
0.2222222222222222,0.20634920634920634,0.1746031746031746,0.3968253968253968
0.16393442622950818,0.26229508196721313,0.21311475409836064,0.36065573770491804
0.16666666666666666,0.21666666666666667,0.21666666666666667,0.4
0.21052631578947367,0.22807017543859648,0.14035087719298245,0.42105263157894735
0.25,0.21428571428571427,0.10714285714285714,0.42857142857142855
0.23636363636363636,0.2,0.07272727272727272,0.4909090909090909
0.2830188679245283,0.16981132075471697,0.07547169811320754,0.4716981132075472
0.3076923076923077,0.11538461538461539,0.17307692307692307,0.40384615384615385
0.24528301886792453,0.1320754716981132,0.1509433962264151,0.4716981132075472
0.23636363636363636,0.14545454545454545,0.14545454545454545,0.4727272727272727
0.22413793103448276,0.1896551724137931,0.08620689655172414,0.5
0.16981132075471697,0.24528301886792453,0.09433962264150944,0.49056603773584906
0.1320754716981132,0.20754716981132076,0.22641509433962265,0.4339622641509434
0.15384615384615385,0.21153846153846154,0.21153846153846154,0.4230769230769231
0.17307692307692307,0.17307692307692307,0.21153846153846154,0.4423076923076923
0.2,0.12,0.2,0.48
0.14,0.1,0.24,0.52
0.14285714285714285,0.20408163265306123,0.1836734693877551,0.46938775510204084
0.16,0.26,0.18,0.4
0.16,0.22,0.18,0.44
0.14,0.32,0.14,0.4
0.125,0.3125,0.14583333333333334,0.4166666666666667
0.08695652173913043,0.34782608695652173,0.15217391304347827,0.41304347826086957
0.0,0.3111111111111111,0.24444444444444444,0.4444444444444444
0.0,0.4166666666666667,0.20833333333333334,0.375
0.0,0.36,0.18,0.46
0.0,0.32653061224489793,0.20408163265306123,0.46938775510204084
0.02,0.4,0.22,0.36
0.04081632653061224,0.40816326530612246,0.1836734693877551,0.3673469387755102
0.04,0.42,0.24,0.3
0.0,0.52,0.22,0.26
0.0,0.5098039215686274,0.23529411764705882,0.2549019607843137
0.0,0.5094339622641509,0.2830188679245283,0.20754716981132076
0.0,0.4339622641509434,0.3018867924528302,0.2641509433962264
0.0,0.45454545454545453,0.2909090909090909,0.2545454545454545
0.0,0.47368421052631576,0.24561403508771928,0.2807017543859649
0.0,0.5357142857142857,0.16071428571428573,0.30357142857142855
0.0,0.5535714285714286,0.21428571428571427,0.23214285714285715
0.03508771929824561,0.543859649122807,0.19298245614035087,0.22807017543859648
0.03508771929824561,0.543859649122807,0.24561403508771928,0.17543859649122806
0.03333333333333333,0.6666666666666666,0.21666666666666667,0.08333333333333333
0.09836065573770492,0.6229508196721312,0.19672131147540983,0.08196721311475409
0.08333333333333333,0.6,0.21666666666666667,0.1
0.08620689655172414,0.6206896551724138,0.20689655172413793,0.08620689655172414
0.07017543859649122,0.6666666666666666,0.17543859649122806,0.08771929824561403
0.10714285714285714,0.6607142857142857,0.14285714285714285,0.08928571428571429
0.1206896551724138,0.7068965517241379,0.1206896551724138,0.05172413793103448
0.11666666666666667,0.7166666666666667,0.11666666666666667,0.05
0.13559322033898305,0.7457627118644068,0.05084745762711865,0.06779661016949153
0.13793103448275862,0.7413793103448276,0.05172413793103448,0.06896551724137931
0.15254237288135594,0.6610169491525424,0.1016949152542373,0.0847457627118644
0.15789473684210525,0.5964912280701754,0.14035087719298245,0.10526315789473684
0.15517241379310345,0.5689655172413793,0.1724137931034483,0.10344827586206896
0.15517241379310345,0.603448275862069,0.10344827586206896,0.13793103448275862
0.15517241379310345,0.5517241379310345,0.1206896551724138,0.1724137931034483
0.14285714285714285,0.48214285714285715,0.14285714285714285,0.23214285714285715
0.20689655172413793,0.43103448275862066,0.15517241379310345,0.20689655172413793
0.22413793103448276,0.4827586206896552,0.1206896551724138,0.1724137931034483
0.21428571428571427,0.42857142857142855,0.19642857142857142,0.16071428571428573
0.18181818181818182,0.38181818181818183,0.21818181818181817,0.21818181818181817
0.2222222222222222,0.24074074074074073,0.24074074074074073,0.2962962962962963
0.18867924528301888,0.24528301886792453,0.20754716981132076,0.3584905660377358
0.2909090909090909,0.2,0.21818181818181817,0.2909090909090909
0.34545454545454546,0.16363636363636364,0.23636363636363636,0.2545454545454545
0.3148148148148148,0.2037037037037037,0.24074074074074073,0.24074074074074073
0.25925925925925924,0.2777777777777778,0.14814814814814814,0.3148148148148148
0.3148148148148148,0.2777777777777778,0.1111111111111111,0.2962962962962963
0.3888888888888889,0.3333333333333333,0.05555555555555555,0.2222222222222222
0.4423076923076923,0.23076923076923078,0.038461538461538464,0.28846153846153844
0.5471698113207547,0.1509433962264151,0.03773584905660377,0.2641509433962264
0.5,0.1346153846153846,0.038461538461538464,0.3269230769230769
0.5576923076923077,0.11538461538461539,0.038461538461538464,0.28846153846153844
0.5471698113207547,0.1320754716981132,0.05660377358490566,0.2641509433962264
0.5882352941176471,0.11764705882352941,0.0392156862745098,0.2549019607843137
0.54,0.14,0.08,0.24
0.4807692307692308,0.09615384615384616,0.1346153846153846,0.28846153846153844
0.49056603773584906,0.09433962264150944,0.1320754716981132,0.2830188679245283
0.5818181818181818,0.09090909090909091,0.07272727272727272,0.2545454545454545
0.603448275862069,0.06896551724137931,0.06896551724137931,0.25862068965517243
0.5423728813559322,0.0847457627118644,0.03389830508474576,0.3389830508474576
0.532258064516129,0.08064516129032258,0.03225806451612903,0.3548387096774194
0.5076923076923077,0.046153846153846156,0.015384615384615385,0.4307692307692308
0.546875,0.015625,0.0,0.4375
0.53125,0.015625,0.0,0.453125
0.5606060606060606,0.030303030303030304,0.0,0.4090909090909091
0.6212121212121212,0.015151515151515152,0.015151515151515152,0.3484848484848485
0.5846153846153846,0.03076923076923077,0.015384615384615385,0.36923076923076925
0.5373134328358209,0.029850746268656716,0.04477611940298507,0.3880597014925373
0.5428571428571428,0.04285714285714286,0.0,0.4142857142857143
0.5,0.08823529411764706,0.0,0.4117647058823529
0.4393939393939394,0.18181818181818182,0.0,0.3787878787878788
0.42028985507246375,0.18840579710144928,0.0,0.391304347826087
0.4852941176470588,0.19117647058823528,0.0,0.3235294117647059
0.47058823529411764,0.20588235294117646,0.0,0.3235294117647059
0.4927536231884058,0.2028985507246377,0.0,0.30434782608695654
0.47761194029850745,0.16417910447761194,0.0,0.3582089552238806
0.42424242424242425,0.19696969696969696,0.030303030303030304,0.3484848484848485
0.35384615384615387,0.2,0.046153846153846156,0.4
0.19117647058823528,0.27941176470588236,0.10294117647058823,0.4264705882352941
0.19402985074626866,0.26865671641791045,0.05970149253731343,0.47761194029850745
0.14925373134328357,0.34328358208955223,0.029850746268656716,0.47761194029850745
0.1791044776119403,0.31343283582089554,0.029850746268656716,0.47761194029850745
0.15151515151515152,0.2727272727272727,0.06060606060606061,0.5151515151515151
0.18181818181818182,0.24242424242424243,0.015151515151515152,0.5606060606060606
0.18181818181818182,0.21212121212121213,0.015151515151515152,0.5909090909090909
0.25,0.14705882352941177,0.029411764705882353,0.5735294117647058
0.20588235294117646,0.14705882352941177,0.029411764705882353,0.6176470588235294
0.15942028985507245,0.14492753623188406,0.028985507246376812,0.6666666666666666
0.13432835820895522,0.11940298507462686,0.014925373134328358,0.7313432835820896
0.14925373134328357,0.13432835820895522,0.014925373134328358,0.7014925373134329
0.16923076923076924,0.13846153846153847,0.06153846153846154,0.6307692307692307
0.15625,0.140625,0.046875,0.65625
0.12698412698412698,0.07936507936507936,0.047619047619047616,0.746031746031746
0.0967741935483871,0.11290322580645161,0.016129032258064516,0.7741935483870968
0.109375,0.125,0.046875,0.71875
0.15625,0.109375,0.078125,0.65625
0.1774193548387097,0.12903225806451613,0.08064516129032258,0.6129032258064516
0.12903225806451613,0.12903225806451613,0.06451612903225806,0.6774193548387096
0.13114754098360656,0.08196721311475409,0.08196721311475409,0.7049180327868853
0.16666666666666666,0.11666666666666667,0.03333333333333333,0.6833333333333333
0.12280701754385964,0.10526315789473684,0.0,0.7719298245614035
0.12727272727272726,0.09090909090909091,0.0,0.7818181818181819
0.15517241379310345,0.13793103448275862,0.0,0.7068965517241379
0.15254237288135594,0.1694915254237288,0.0,0.6779661016949152
0.15,0.16666666666666666,0.0,0.6833333333333333
0.15,0.18333333333333332,0.0,0.6666666666666666
0.1864406779661017,0.15254237288135594,0.0,0.6610169491525424
0.1724137931034483,0.1896551724137931,0.0,0.6379310344827587
0.22807017543859648,0.2631578947368421,0.0,0.5087719298245614
0.19642857142857142,0.2857142857142857,0.0,0.5178571428571429
0.17543859649122806,0.21052631578947367,0.017543859649122806,0.5964912280701754
0.1896551724137931,0.2413793103448276,0.017241379310344827,0.5517241379310345
0.20689655172413793,0.13793103448275862,0.034482758620689655,0.6206896551724138
0.21052631578947367,0.14035087719298245,0.07017543859649122,0.5789473684210527
0.24561403508771928,0.12280701754385964,0.10526315789473684,0.5263157894736842
0.15517241379310345,0.1206896551724138,0.1206896551724138,0.603448275862069
0.1896551724137931,0.06896551724137931,0.15517241379310345,0.5862068965517241
0.16071428571428573,0.07142857142857142,0.19642857142857142,0.5714285714285714
0.14285714285714285,0.10714285714285714,0.21428571428571427,0.5357142857142857
0.2,0.12727272727272726,0.12727272727272726,0.5454545454545454
0.2,0.10909090909090909,0.16363636363636364,0.5272727272727272
0.17857142857142858,0.14285714285714285,0.14285714285714285,0.5357142857142857
0.16071428571428573,0.14285714285714285,0.125,0.5714285714285714
0.12962962962962962,0.14814814814814814,0.2222222222222222,0.5
0.16363636363636364,0.21818181818181817,0.21818181818181817,0.4
0.1509433962264151,0.22641509433962265,0.24528301886792453,0.37735849056603776
0.17857142857142858,0.17857142857142858,0.25,0.39285714285714285
0.21428571428571427,0.23214285714285715,0.21428571428571427,0.3392857142857143
0.12962962962962962,0.2962962962962963,0.3333333333333333,0.24074074074074073
0.14814814814814814,0.3148148148148148,0.2962962962962963,0.24074074074074073
0.16981132075471697,0.3584905660377358,0.2641509433962264,0.20754716981132076
0.2,0.32,0.28,0.2
0.19607843137254902,0.35294117647058826,0.29411764705882354,0.1568627450980392
0.21153846153846154,0.34615384615384615,0.2692307692307692,0.17307692307692307
0.1836734693877551,0.32653061224489793,0.2653061224489796,0.22448979591836735
0.20833333333333334,0.3125,0.20833333333333334,0.2708333333333333
0.20408163265306123,0.3673469387755102,0.20408163265306123,0.22448979591836735
0.2,0.32,0.16,0.32
0.18867924528301888,0.33962264150943394,0.1320754716981132,0.33962264150943394
0.11538461538461539,0.38461538461538464,0.1346153846153846,0.36538461538461536
0.1320754716981132,0.5094339622641509,0.09433962264150944,0.2641509433962264
0.17307692307692307,0.4230769230769231,0.09615384615384616,0.3076923076923077
0.20754716981132076,0.4716981132075472,0.09433962264150944,0.22641509433962265
0.22641509433962265,0.4528301886792453,0.1509433962264151,0.16981132075471697
0.2641509433962264,0.4716981132075472,0.1320754716981132,0.1320754716981132
0.35294117647058826,0.4117647058823529,0.1568627450980392,0.0784313725490196
0.4166666666666667,0.3333333333333333,0.14583333333333334,0.10416666666666667
0.375,0.3541666666666667,0.1875,0.08333333333333333
0.2978723404255319,0.3404255319148936,0.2553191489361702,0.10638297872340426
0.25,0.4166666666666667,0.2916666666666667,0.041666666666666664
0.34782608695652173,0.391304347826087,0.2391304347826087,0.021739130434782608
0.34782608695652173,0.41304347826086957,0.2391304347826087,0.0
0.34782608695652173,0.41304347826086957,0.2391304347826087,0.0
0.391304347826087,0.3695652173913043,0.2391304347826087,0.0
0.37777777777777777,0.35555555555555557,0.24444444444444444,0.022222222222222223
0.45454545454545453,0.2727272727272727,0.25,0.022727272727272728
0.46511627906976744,0.3023255813953488,0.20930232558139536,0.023255813953488372
0.4318181818181818,0.29545454545454547,0.25,0.022727272727272728
0.4318181818181818,0.2727272727272727,0.2727272727272727,0.022727272727272728
0.3488372093023256,0.2558139534883721,0.3488372093023256,0.046511627906976744
0.34146341463414637,0.21951219512195122,0.4146341463414634,0.024390243902439025
0.3333333333333333,0.16666666666666666,0.4523809523809524,0.047619047619047616
0.3333333333333333,0.19047619047619047,0.4523809523809524,0.023809523809523808
0.28888888888888886,0.2,0.4888888888888889,0.022222222222222223
0.22727272727272727,0.1590909090909091,0.6136363636363636,0.0
0.23255813953488372,0.23255813953488372,0.5348837209302325,0.0
0.2,0.26666666666666666,0.5333333333333333,0.0
0.16279069767441862,0.32558139534883723,0.5116279069767442,0.0
0.11363636363636363,0.29545454545454547,0.5909090909090909,0.0
0.06521739130434782,0.34782608695652173,0.5869565217391305,0.0
0.10869565217391304,0.2826086956521739,0.6086956521739131,0.0
0.09090909090909091,0.22727272727272727,0.6590909090909091,0.022727272727272728
0.13636363636363635,0.18181818181818182,0.6363636363636364,0.045454545454545456
0.11363636363636363,0.18181818181818182,0.6590909090909091,0.045454545454545456
0.13636363636363635,0.13636363636363635,0.6818181818181818,0.045454545454545456
0.11627906976744186,0.23255813953488372,0.627906976744186,0.023255813953488372
0.0975609756097561,0.1951219512195122,0.7073170731707317,0.0
0.07317073170731707,0.14634146341463414,0.7804878048780488,0.0
0.02564102564102564,0.15384615384615385,0.8205128205128205,0.0
0.025,0.2,0.725,0.05
0.025,0.225,0.7,0.05
0.0,0.21621621621621623,0.7027027027027027,0.08108108108108109
0.0,0.24324324324324326,0.6486486486486487,0.10810810810810811
0.0,0.3076923076923077,0.5897435897435898,0.10256410256410256
0.0,0.358974358974359,0.48717948717948717,0.15384615384615385
0.0,0.3,0.5,0.2
0.0,0.325,0.375,0.3
0.0,0.35,0.375,0.275
0.0,0.24390243902439024,0.43902439024390244,0.3170731707317073
0.0,0.2926829268292683,0.43902439024390244,0.2682926829268293
0.0,0.3,0.4,0.3
0.025,0.2,0.55,0.225
0.04878048780487805,0.24390243902439024,0.5121951219512195,0.1951219512195122
0.07142857142857142,0.2857142857142857,0.38095238095238093,0.2619047619047619
0.1,0.25,0.35,0.3
0.14634146341463414,0.2682926829268293,0.34146341463414637,0.24390243902439024
0.14285714285714285,0.2857142857142857,0.35714285714285715,0.21428571428571427
0.15,0.175,0.4,0.275
0.2,0.25,0.275,0.275
0.12195121951219512,0.2926829268292683,0.24390243902439024,0.34146341463414637
0.19047619047619047,0.2857142857142857,0.19047619047619047,0.3333333333333333
0.1951219512195122,0.21951219512195122,0.24390243902439024,0.34146341463414637
0.14285714285714285,0.21428571428571427,0.2857142857142857,0.35714285714285715
0.17073170731707318,0.24390243902439024,0.2926829268292683,0.2926829268292683
0.19047619047619047,0.11904761904761904,0.2857142857142857,0.40476190476190477
0.18604651162790697,0.11627906976744186,0.27906976744186046,0.4186046511627907
0.09302325581395349,0.16279069767441862,0.23255813953488372,0.5116279069767442
0.09523809523809523,0.19047619047619047,0.23809523809523808,0.47619047619047616
0.09302325581395349,0.23255813953488372,0.20930232558139536,0.46511627906976744
0.09302325581395349,0.23255813953488372,0.13953488372093023,0.5348837209302325
0.06976744186046512,0.2558139534883721,0.11627906976744186,0.5581395348837209
0.06818181818181818,0.20454545454545456,0.06818181818181818,0.6590909090909091
0.09523809523809523,0.16666666666666666,0.09523809523809523,0.6428571428571429
0.09302325581395349,0.20930232558139536,0.11627906976744186,0.5813953488372093
0.09090909090909091,0.18181818181818182,0.13636363636363635,0.5909090909090909
0.09302325581395349,0.20930232558139536,0.16279069767441862,0.5348837209302325
0.12195121951219512,0.24390243902439024,0.1951219512195122,0.43902439024390244
0.11363636363636363,0.22727272727272727,0.20454545454545456,0.45454545454545453
0.16279069767441862,0.23255813953488372,0.13953488372093023,0.46511627906976744
0.23809523809523808,0.14285714285714285,0.16666666666666666,0.4523809523809524
0.14285714285714285,0.11904761904761904,0.16666666666666666,0.5714285714285714
0.11904761904761904,0.11904761904761904,0.14285714285714285,0.6190476190476191
0.11904761904761904,0.14285714285714285,0.14285714285714285,0.5952380952380952
0.11904761904761904,0.14285714285714285,0.11904761904761904,0.6190476190476191
0.125,0.1,0.125,0.65
0.12195121951219512,0.07317073170731707,0.17073170731707318,0.6341463414634146
0.14285714285714285,0.09523809523809523,0.19047619047619047,0.5714285714285714
0.16279069767441862,0.06976744186046512,0.20930232558139536,0.5581395348837209
0.13953488372093023,0.06976744186046512,0.20930232558139536,0.5813953488372093
0.13953488372093023,0.023255813953488372,0.23255813953488372,0.6046511627906976
0.15555555555555556,0.022222222222222223,0.2,0.6222222222222222
0.16666666666666666,0.041666666666666664,0.125,0.6666666666666666
0.19148936170212766,0.10638297872340426,0.10638297872340426,0.5957446808510638
0.22916666666666666,0.10416666666666667,0.14583333333333334,0.5208333333333334
0.20408163265306123,0.061224489795918366,0.20408163265306123,0.5306122448979592
0.1836734693877551,0.061224489795918366,0.1836734693877551,0.5714285714285714
0.19607843137254902,0.0784313725490196,0.17647058823529413,0.5490196078431373
0.11538461538461539,0.07692307692307693,0.19230769230769232,0.6153846153846154
0.07547169811320754,0.07547169811320754,0.22641509433962265,0.6226415094339622
0.05555555555555555,0.07407407407407407,0.2037037037037037,0.6666666666666666
0.01818181818181818,0.10909090909090909,0.2545454545454545,0.6181818181818182
0.018867924528301886,0.1320754716981132,0.24528301886792453,0.6037735849056604
0.05660377358490566,0.1320754716981132,0.22641509433962265,0.5849056603773585
0.11320754716981132,0.11320754716981132,0.2641509433962264,0.5094339622641509
0.1509433962264151,0.1320754716981132,0.16981132075471697,0.5471698113207547
0.18181818181818182,0.09090909090909091,0.2,0.5272727272727272
0.2777777777777778,0.07407407407407407,0.18518518518518517,0.46296296296296297
0.18181818181818182,0.05454545454545454,0.23636363636363636,0.5272727272727272
0.21818181818181817,0.07272727272727272,0.23636363636363636,0.4727272727272727
0.21818181818181817,0.07272727272727272,0.2545454545454545,0.45454545454545453
0.21153846153846154,0.07692307692307693,0.23076923076923078,0.4807692307692308
0.19607843137254902,0.058823529411764705,0.3137254901960784,0.43137254901960786
0.20754716981132076,0.05660377358490566,0.2830188679245283,0.4528301886792453
0.24074074074074073,0.07407407407407407,0.2777777777777778,0.4074074074074074
0.35185185185185186,0.037037037037037035,0.25925925925925924,0.35185185185185186
0.33962264150943394,0.07547169811320754,0.2641509433962264,0.32075471698113206
0.2830188679245283,0.11320754716981132,0.24528301886792453,0.3584905660377358
0.2909090909090909,0.09090909090909091,0.2909090909090909,0.32727272727272727
0.23214285714285715,0.08928571428571429,0.30357142857142855,0.375
0.21428571428571427,0.03571428571428571,0.2857142857142857,0.4642857142857143
0.23214285714285715,0.017857142857142856,0.3392857142857143,0.4107142857142857
0.24561403508771928,0.03508771929824561,0.3333333333333333,0.38596491228070173
0.21052631578947367,0.08771929824561403,0.3157894736842105,0.38596491228070173
0.1864406779661017,0.0847457627118644,0.3728813559322034,0.3559322033898305
0.21311475409836064,0.06557377049180328,0.3442622950819672,0.3770491803278688
0.15,0.016666666666666666,0.4666666666666667,0.36666666666666664
0.1864406779661017,0.0,0.423728813559322,0.3898305084745763
0.16666666666666666,0.0,0.4166666666666667,0.4166666666666667
0.1896551724137931,0.0,0.41379310344827586,0.39655172413793105
0.1896551724137931,0.0,0.43103448275862066,0.3793103448275862
0.2,0.03333333333333333,0.36666666666666664,0.4
0.2033898305084746,0.05084745762711865,0.3728813559322034,0.3728813559322034
0.27586206896551724,0.05172413793103448,0.3620689655172414,0.3103448275862069
0.2631578947368421,0.017543859649122806,0.40350877192982454,0.3157894736842105
0.2786885245901639,0.03278688524590164,0.4262295081967213,0.26229508196721313
0.26666666666666666,0.05,0.4,0.2833333333333333
0.23333333333333334,0.08333333333333333,0.4,0.2833333333333333
0.20689655172413793,0.08620689655172414,0.43103448275862066,0.27586206896551724
0.22807017543859648,0.08771929824561403,0.42105263157894735,0.2631578947368421
0.2727272727272727,0.09090909090909091,0.34545454545454546,0.2909090909090909
0.3148148148148148,0.07407407407407407,0.2962962962962963,0.3148148148148148
0.34545454545454546,0.09090909090909091,0.2727272727272727,0.2909090909090909
0.24074074074074073,0.09259259259259259,0.3148148148148148,0.35185185185185186
0.19230769230769232,0.07692307692307693,0.36538461538461536,0.36538461538461536
0.2,0.05454545454545454,0.2545454545454545,0.4909090909090909
0.2222222222222222,0.07407407407407407,0.2222222222222222,0.48148148148148145
0.2,0.10909090909090909,0.21818181818181817,0.4727272727272727
0.2037037037037037,0.037037037037037035,0.2962962962962963,0.46296296296296297
0.2962962962962963,0.07407407407407407,0.16666666666666666,0.46296296296296297
0.28846153846153844,0.11538461538461539,0.17307692307692307,0.4230769230769231
0.2692307692307692,0.17307692307692307,0.21153846153846154,0.34615384615384615
0.2727272727272727,0.23636363636363636,0.23636363636363636,0.2545454545454545
0.24074074074074073,0.24074074074074073,0.2962962962962963,0.2222222222222222
0.26785714285714285,0.21428571428571427,0.2857142857142857,0.23214285714285715
0.14035087719298245,0.24561403508771928,0.2807017543859649,0.3333333333333333
0.14035087719298245,0.24561403508771928,0.2982456140350877,0.3157894736842105
0.16071428571428573,0.21428571428571427,0.30357142857142855,0.32142857142857145
0.19298245614035087,0.17543859649122806,0.3684210526315789,0.2631578947368421
0.14285714285714285,0.17857142857142858,0.375,0.30357142857142855
0.16071428571428573,0.14285714285714285,0.39285714285714285,0.30357142857142855
0.14285714285714285,0.14285714285714285,0.35714285714285715,0.35714285714285715
0.1206896551724138,0.13793103448275862,0.3448275862068966,0.39655172413793105
0.11864406779661017,0.1864406779661017,0.288135593220339,0.4067796610169492
0.13793103448275862,0.15517241379310345,0.27586206896551724,0.43103448275862066
0.10526315789473684,0.15789473684210525,0.3333333333333333,0.40350877192982454
0.14035087719298245,0.15789473684210525,0.40350877192982454,0.2982456140350877
0.15254237288135594,0.15254237288135594,0.423728813559322,0.2711864406779661
0.15517241379310345,0.13793103448275862,0.3793103448275862,0.3275862068965517
0.15517241379310345,0.1724137931034483,0.3620689655172414,0.3103448275862069
0.13793103448275862,0.1724137931034483,0.3793103448275862,0.3103448275862069
0.15517241379310345,0.20689655172413793,0.3275862068965517,0.3103448275862069
0.13333333333333333,0.18333333333333332,0.35,0.3333333333333333
0.09523809523809523,0.15873015873015872,0.4126984126984127,0.3333333333333333
0.06451612903225806,0.0967741935483871,0.4838709677419355,0.3548387096774194
0.09836065573770492,0.09836065573770492,0.47540983606557374,0.32786885245901637
0.09523809523809523,0.15873015873015872,0.4603174603174603,0.2857142857142857
0.05,0.2,0.43333333333333335,0.31666666666666665
0.03333333333333333,0.16666666666666666,0.4166666666666667,0.38333333333333336
0.01639344262295082,0.16393442622950818,0.45901639344262296,0.36065573770491804
0.015873015873015872,0.2222222222222222,0.42857142857142855,0.3333333333333333
0.0,0.25,0.421875,0.328125
0.030303030303030304,0.30303030303030304,0.36363636363636365,0.30303030303030304
0.045454545454545456,0.21212121212121213,0.42424242424242425,0.3181818181818182
0.06060606060606061,0.15151515151515152,0.45454545454545453,0.3333333333333333
0.06060606060606061,0.18181818181818182,0.4393939393939394,0.3181818181818182
0.06153846153846154,0.2,0.35384615384615387,0.38461538461538464
0.031746031746031744,0.2698412698412698,0.30158730158730157,0.3968253968253968
0.03278688524590164,0.18032786885245902,0.32786885245901637,0.45901639344262296
0.015873015873015872,0.20634920634920634,0.2857142857142857,0.49206349206349204
0.015625,0.21875,0.234375,0.53125
0.015384615384615385,0.2,0.26153846153846155,0.5230769230769231
0.047619047619047616,0.23809523809523808,0.2222222222222222,0.49206349206349204
0.03125,0.25,0.25,0.46875
0.06557377049180328,0.2786885245901639,0.26229508196721313,0.39344262295081966
0.06666666666666667,0.3,0.2833333333333333,0.35
0.05084745762711865,0.288135593220339,0.2711864406779661,0.3898305084745763
0.04918032786885246,0.32786885245901637,0.29508196721311475,0.32786885245901637
0.03125,0.359375,0.265625,0.34375
0.0,0.36923076923076925,0.2,0.4307692307692308
0.014925373134328358,0.3582089552238806,0.16417910447761194,0.4626865671641791
0.015625,0.328125,0.171875,0.484375
0.015384615384615385,0.38461538461538464,0.26153846153846155,0.3384615384615385
0.031746031746031744,0.3492063492063492,0.2698412698412698,0.3492063492063492
0.04918032786885246,0.3442622950819672,0.26229508196721313,0.3442622950819672
0.01694915254237288,0.3220338983050847,0.3220338983050847,0.3389830508474576
0.06666666666666667,0.35,0.3,0.2833333333333333
0.047619047619047616,0.31746031746031744,0.3333333333333333,0.30158730158730157
0.017241379310344827,0.3103448275862069,0.3620689655172414,0.3103448275862069
0.0,0.3103448275862069,0.3275862068965517,0.3620689655172414
0.0,0.29310344827586204,0.3620689655172414,0.3448275862068966
0.0,0.3389830508474576,0.3389830508474576,0.3220338983050847
0.0,0.25,0.30357142857142855,0.44642857142857145
0.0,0.24561403508771928,0.3157894736842105,0.43859649122807015
0.0,0.22807017543859648,0.40350877192982454,0.3684210526315789
0.0,0.2631578947368421,0.3508771929824561,0.38596491228070173
0.0,0.24561403508771928,0.3333333333333333,0.42105263157894735
0.0,0.3157894736842105,0.3333333333333333,0.3508771929824561
0.0,0.3050847457627119,0.3559322033898305,0.3389830508474576
0.0,0.3064516129032258,0.3387096774193548,0.3548387096774194
0.0,0.3064516129032258,0.4032258064516129,0.2903225806451613
0.0,0.2857142857142857,0.3968253968253968,0.31746031746031744
0.015625,0.390625,0.296875,0.296875
0.015151515151515152,0.42424242424242425,0.2727272727272727,0.2878787878787879
0.046153846153846156,0.38461538461538464,0.27692307692307694,0.2923076923076923
0.014705882352941176,0.35294117647058826,0.3382352941176471,0.29411764705882354
0.029411764705882353,0.4117647058823529,0.3088235294117647,0.25
0.045454545454545456,0.42424242424242425,0.30303030303030304,0.22727272727272727
0.030303030303030304,0.45454545454545453,0.2878787878787879,0.22727272727272727
0.06153846153846154,0.4461538461538462,0.26153846153846155,0.23076923076923078
0.078125,0.40625,0.28125,0.234375
0.078125,0.484375,0.25,0.1875
0.0625,0.46875,0.265625,0.203125
0.06451612903225806,0.5,0.22580645161290322,0.20967741935483872
0.01694915254237288,0.4915254237288136,0.2711864406779661,0.22033898305084745
0.017241379310344827,0.5,0.22413793103448276,0.25862068965517243
0.034482758620689655,0.5172413793103449,0.22413793103448276,0.22413793103448276
0.06779661016949153,0.559322033898305,0.1694915254237288,0.2033898305084746
0.10344827586206896,0.5,0.1724137931034483,0.22413793103448276
0.11864406779661017,0.4067796610169492,0.22033898305084745,0.2542372881355932
0.1,0.35,0.23333333333333334,0.31666666666666665
0.1,0.3,0.25,0.35
0.08333333333333333,0.36666666666666664,0.25,0.3
0.06451612903225806,0.3064516129032258,0.25806451612903225,0.3709677419354839
0.08333333333333333,0.3333333333333333,0.2,0.38333333333333336
0.11666666666666667,0.3333333333333333,0.15,0.4
0.08333333333333333,0.2833333333333333,0.23333333333333334,0.4
0.1,0.2,0.3,0.4
0.1864406779661017,0.2033898305084746,0.2542372881355932,0.3559322033898305
0.2631578947368421,0.14035087719298245,0.17543859649122806,0.42105263157894735
0.22033898305084745,0.1864406779661017,0.22033898305084745,0.3728813559322034
0.18032786885245902,0.21311475409836064,0.26229508196721313,0.3442622950819672
0.2698412698412698,0.2222222222222222,0.2222222222222222,0.2857142857142857
0.25,0.203125,0.234375,0.3125
0.23880597014925373,0.1791044776119403,0.2537313432835821,0.3283582089552239
0.2537313432835821,0.16417910447761194,0.22388059701492538,0.3582089552238806
0.208955223880597,0.1791044776119403,0.19402985074626866,0.417910447761194
0.10606060606060606,0.19696969696969696,0.25757575757575757,0.4393939393939394
0.13432835820895522,0.19402985074626866,0.23880597014925373,0.43283582089552236
0.2028985507246377,0.2028985507246377,0.2318840579710145,0.36231884057971014
0.18309859154929578,0.18309859154929578,0.2676056338028169,0.36619718309859156
0.2191780821917808,0.1917808219178082,0.2876712328767123,0.3013698630136986
0.17567567567567569,0.21621621621621623,0.28378378378378377,0.32432432432432434
0.13513513513513514,0.21621621621621623,0.28378378378378377,0.36486486486486486
0.14084507042253522,0.23943661971830985,0.2676056338028169,0.352112676056338
0.15492957746478872,0.19718309859154928,0.2535211267605634,0.39436619718309857
0.15942028985507245,0.2028985507246377,0.2753623188405797,0.36231884057971014
0.16176470588235295,0.17647058823529413,0.23529411764705882,0.4264705882352941
0.13043478260869565,0.2028985507246377,0.2608695652173913,0.4057971014492754
0.1111111111111111,0.19444444444444445,0.2916666666666667,0.4027777777777778
0.15942028985507245,0.17391304347826086,0.2318840579710145,0.43478260869565216
0.18571428571428572,0.17142857142857143,0.18571428571428572,0.45714285714285713
0.23880597014925373,0.16417910447761194,0.1791044776119403,0.417910447761194
0.21212121212121213,0.13636363636363635,0.18181818181818182,0.4696969696969697
0.23076923076923078,0.1076923076923077,0.2153846153846154,0.4461538461538462
0.24615384615384617,0.046153846153846156,0.2,0.5076923076923077
0.2459016393442623,0.06557377049180328,0.14754098360655737,0.5409836065573771
0.26666666666666666,0.05,0.13333333333333333,0.55
0.23333333333333334,0.016666666666666666,0.18333333333333332,0.5666666666666667
0.25,0.0,0.21666666666666667,0.5333333333333333
0.3333333333333333,0.016666666666666666,0.15,0.5
0.4067796610169492,0.0,0.22033898305084745,0.3728813559322034
0.3508771929824561,0.0,0.21052631578947367,0.43859649122807015
0.3620689655172414,0.017241379310344827,0.20689655172413793,0.41379310344827586
0.4,0.016666666666666666,0.2833333333333333,0.3
0.3559322033898305,0.01694915254237288,0.3050847457627119,0.3220338983050847
