C,D,Oc,Od
1.0,0.0,0.0,0.0
0.6666666666666666,0.0,0.0,0.3333333333333333
0.5714285714285714,0.0,0.0,0.42857142857142855
0.5,0.0,0.1,0.4
0.47058823529411764,0.11764705882352941,0.058823529411764705,0.35294117647058826
0.3333333333333333,0.18518518518518517,0.07407407407407407,0.4074074074074074
0.325,0.15,0.15,0.375
0.38461538461538464,0.1346153846153846,0.09615384615384616,0.38461538461538464
0.4246575342465753,0.136986301369863,0.0958904109589041,0.3424657534246575
0.34375,0.16666666666666666,0.13541666666666666,0.3541666666666667
0.32592592592592595,0.2,0.13333333333333333,0.34074074074074073
0.32571428571428573,0.18857142857142858,0.15428571428571428,0.3314285714285714
0.3218884120171674,0.1888412017167382,0.16738197424892703,0.3218884120171674
0.3344370860927152,0.19536423841059603,0.18211920529801323,0.28807947019867547
0.32989690721649484,0.2036082474226804,0.18298969072164947,0.28350515463917525
0.3271604938271605,0.2037037037037037,0.1934156378600823,0.2757201646090535
0.336734693877551,0.20748299319727892,0.18877551020408162,0.26700680272108845
0.3333333333333333,0.2184873949579832,0.19047619047619047,0.25770308123249297
0.3321256038647343,0.22584541062801933,0.19685990338164253,0.24516908212560387
0.322884012539185,0.2277951933124347,0.2027168234064786,0.24660397074190177
0.3280373831775701,0.23177570093457944,0.202803738317757,0.23738317757009345
0.3249370277078086,0.24685138539042822,0.1897565071368598,0.23845507976490343
0.32355212355212354,0.2494208494208494,0.18532818532818532,0.2416988416988417
0.32725998598458306,0.24737210932025228,0.18990889978976874,0.23545900490539592
0.33009079118028534,0.23670557717250323,0.191958495460441,0.24124513618677043
0.3349282296650718,0.2374401913875598,0.1901913875598086,0.2374401913875598
0.3425042111173498,0.227400336889388,0.1897810218978102,0.240314430095452
0.3358011634056055,0.23268112109994712,0.19460602855631942,0.23691168693812797
0.3417008196721312,0.22745901639344263,0.18596311475409835,0.24487704918032788
0.3351620947630923,0.228428927680798,0.19052369077306733,0.2458852867830424
0.3435260391782131,0.22408026755852842,0.18872431915910176,0.2436693741041567
0.3436474449132677,0.2203469292076887,0.18846694796061886,0.24753867791842477
0.34294871794871795,0.2216117216117216,0.1987179487179487,0.2367216117216117
0.33754512635379064,0.22518050541516246,0.19359205776173286,0.24368231046931407
0.33588473660513285,0.22827555155335436,0.19585772174696084,0.239981990094552
0.33497096918267083,0.21974095578383207,0.2041089772219741,0.241179097811523
0.32819383259911894,0.22070484581497798,0.20792951541850221,0.2431718061674009
0.3273207215134184,0.21733391992960846,0.20941487021557414,0.24593048834139902
0.3286405631324241,0.21425428948526176,0.20765508139023317,0.24945006599208094
0.3274336283185841,0.21415929203539824,0.20221238938053096,0.25619469026548675
0.32625994694960214,0.21220159151193635,0.20733863837312114,0.2541998231653404
0.33008849557522124,0.21194690265486726,0.20575221238938052,0.252212389380531
0.3283052351375333,0.20940550133096716,0.20496894409937888,0.2573203194321207
0.327768014059754,0.2069420035149385,0.2100175746924429,0.2552724077328647
0.31616341030195383,0.21092362344582594,0.21092362344582594,0.2619893428063943
0.3185840707964602,0.21017699115044247,0.2097345132743363,0.26150442477876107
0.318769505127062,0.20686580472581365,0.2139991083370486,0.2603655818100758
0.32144429766622634,0.20783795684720388,0.21356230735358872,0.2571554381329811
0.31800088456435205,0.20566121185316233,0.22025652366209642,0.2560813799203892
0.3148804251550044,0.2108060230292294,0.22276350752878654,0.25155004428697963
0.3236203090507726,0.20264900662251656,0.22251655629139072,0.25121412803532006
0.31724440544098287,0.20140412461605967,0.2242211496270294,0.25713032031592803
0.31654034774855105,0.2050824788230049,0.2171199286669639,0.26125724476148016
0.31092436974789917,0.20831490490933216,0.21760283060592658,0.2631578947368421
0.3142100617828773,0.20653133274492497,0.22065313327449249,0.2586054721977052
0.3147818343722173,0.21104185218165628,0.2163846838824577,0.25779162956366874
0.3162770180855756,0.2055580061755624,0.2161446846052051,0.2620202911336568
0.31785714285714284,0.20625,0.21607142857142858,0.2598214285714286
0.31422222222222224,0.20577777777777778,0.21422222222222223,0.2657777777777778
0.31620903454384414,0.20372010628875112,0.20947741364038971,0.27059344552701503
0.31457687195392114,0.20558263181214,0.21400088613203366,0.2658396101019052
0.30782839451570104,0.20477664750110572,0.21804511278195488,0.2693498452012384
0.30952380952380953,0.20767195767195767,0.21252204585537918,0.27028218694885364
0.3072847682119205,0.2097130242825607,0.2097130242825607,0.27328918322295803
0.3101933216168717,0.2056239015817223,0.21441124780316345,0.2697715289982425
0.3123625164980202,0.20545534535855697,0.21249450065992082,0.269687637483502
0.31876379690949225,0.20662251655629138,0.21147902869757174,0.2631346578366446
0.3131403118040089,0.2026726057906459,0.21469933184855233,0.26948775055679286
0.31784305129329243,0.20385795703638754,0.2099956159579132,0.26830337571240687
0.314410480349345,0.2074235807860262,0.20873362445414848,0.2694323144104803
0.31346578366445915,0.21368653421633554,0.20176600441501102,0.2710816777041943
0.31432360742705573,0.21087533156498675,0.1989389920424403,0.27586206896551724
0.3054945054945055,0.21362637362637363,0.20615384615384616,0.27472527472527475
0.30803177405119153,0.20962047661076788,0.20741394527802295,0.27493380406001766
0.304137323943662,0.2112676056338028,0.20994718309859156,0.2746478873239437
0.3017699115044248,0.21283185840707963,0.20929203539823008,0.2761061946902655
0.29973591549295775,0.20994718309859156,0.21038732394366197,0.27992957746478875
0.3043863535666814,0.20691182986264953,0.20381036774479397,0.2848914488258751
0.30040053404539385,0.20516243880729862,0.2096128170894526,0.2848242100578549
0.300132802124834,0.20805666223992916,0.20097388224878265,0.2908366533864542
0.2949512843224092,0.20947741364038971,0.20504871567759078,0.29052258635961026
0.28886925795053003,0.21024734982332155,0.20097173144876326,0.2999116607773852
0.29305002213368747,0.2067286409915892,0.1983178397521027,0.3019034971226206
0.2911169744942832,0.20580474934036938,0.20316622691292877,0.29991204925241866
0.29395973154362415,0.20894854586129755,0.2004474272930649,0.2966442953020134
0.29846153846153844,0.20131868131868133,0.19956043956043956,0.30065934065934063
0.29390840373499333,0.2054246331702979,0.20364606491774123,0.29702089817696753
0.2914083259521701,0.20814880425155005,0.20283436669619131,0.2976085031000886
0.2860927152317881,0.20750551876379691,0.20927152317880796,0.29713024282560707
0.2921099290780142,0.20611702127659576,0.20567375886524822,0.29609929078014185
0.2857768052516411,0.2087527352297593,0.20525164113785557,0.300218818380744
0.2897155361050328,0.20437636761487965,0.2074398249452954,0.29846827133479215
0.28136042402826855,0.20936395759717313,0.20892226148409895,0.3003533568904594
0.2789775231379462,0.2150727192595857,0.20625826355222565,0.2996914940502424
0.2778761061946903,0.2163716814159292,0.21106194690265487,0.29469026548672567
0.27750773309765797,0.21873619089703933,0.21034025629695094,0.29341581970835173
0.27898711683696137,0.22301199466903598,0.20835184362505554,0.28964904486894716
0.2719336534264513,0.2234831951113051,0.21082496726320385,0.2937581841990397
0.28061002178649236,0.22745098039215686,0.20915032679738563,0.28278867102396515
0.2765864332603939,0.23282275711159736,0.20612691466083152,0.2844638949671772
0.28205128205128205,0.23209549071618038,0.20468611847922194,0.28116710875331563
0.27408056042031526,0.23774080560420316,0.2105954465849387,0.2775831873905429
0.2722859664607237,0.23609885260370697,0.2118270079435128,0.2797881729920565
0.2760763426542388,0.23302263648468707,0.20772303595206393,0.2831779849090102
0.2720524017467249,0.23799126637554585,0.20262008733624454,0.2873362445414847
0.26919682259488087,0.24139452780229478,0.20079435127978817,0.2886142983230362
0.27168141592920353,0.2345132743362832,0.20398230088495575,0.28982300884955753
0.2711189739053516,0.23573639982308714,0.20566121185316233,0.2874834144183989
0.26948480845442535,0.23866138265081463,0.20651695288419197,0.285336856010568
0.2657777777777778,0.24133333333333334,0.2048888888888889,0.288
0.26546731022378234,0.24045634050021938,0.20491443615620886,0.2891619131197894
0.266900790166813,0.23880597014925373,0.20368744512730466,0.2906057945566286
0.2737355811889973,0.23380656610470274,0.20275066548358472,0.28970718722271516
0.27099911582670205,0.2338638373121132,0.20733863837312114,0.28779840848806365
0.2748460861917326,0.23878627968337732,0.21152154793315744,0.2748460861917326
0.27506654835847383,0.23691215616681455,0.21517302573203195,0.27284826974267967
0.27723214285714287,0.22678571428571428,0.22098214285714285,0.275
0.27684859154929575,0.2323943661971831,0.21390845070422534,0.27684859154929575
0.2808249232119351,0.22553751645458534,0.21281263712154452,0.2808249232119351
0.28024637043554773,0.22657281126264847,0.214694236691597,0.2784865816102068
0.2833775419982317,0.22944297082228116,0.21308576480990274,0.27409372236958446
0.2886142983230362,0.22859664607237423,0.21094439541041482,0.27184466019417475
0.28526924788607033,0.22830440587449932,0.2131731197151758,0.27325322652425454
0.28163444639718804,0.23066783831282953,0.2069420035149385,0.28075571177504394
0.27816901408450706,0.23415492957746478,0.2108274647887324,0.27684859154929575
0.2768758227292672,0.23036419482229048,0.21456779289161912,0.2781921895568232
0.27895667550839964,0.23342175066312998,0.20954907161803712,0.2780725022104332
0.27833698030634574,0.23413566739606126,0.20393873085339168,0.2835886214442013
0.2855268911237429,0.2264975951027547,0.20113686051595978,0.28683865325754265
0.2805628847845207,0.22823218997361477,0.1996481970096746,0.29155672823219
0.2801590808661069,0.2284577993813522,0.20282810428634557,0.28855501546619533
0.2850877192982456,0.22587719298245615,0.1969298245614035,0.29210526315789476
0.2780725022104332,0.23121131741821396,0.20114942528735633,0.2895667550839965
0.27516483516483514,0.2347252747252747,0.20527472527472526,0.28483516483516486
0.2734548688305914,0.23921742996887504,0.2040907069808804,0.2832369942196532
0.2756637168141593,0.23407079646017698,0.20575221238938052,0.2845132743362832
0.2754700480979449,0.23436816790555312,0.20463489287275907,0.2855268911237429
0.27340332458442695,0.2384076990376203,0.2047244094488189,0.28346456692913385
0.270509977827051,0.23592017738359203,0.20709534368070953,0.2864745011086475
0.26649076517150394,0.23306948109058928,0.21284080914687775,0.287598944591029
0.26669634906500445,0.24176313446126446,0.21326803205699021,0.27827248441674085
0.26430755788553956,0.23547400611620795,0.21494102228047182,0.2852774137177807
0.2708150744960561,0.2291849255039439,0.2182296231375986,0.2817703768624014
0.27611940298507465,0.23397717295873574,0.20939420544337137,0.28050921861281825
0.27945084145261295,0.22940655447298494,0.21036315323294952,0.2807794508414526
0.27971718957136543,0.2284577993813522,0.20989836500220946,0.2819266460450729
0.278341420379356,0.23555359505955006,0.2051168945743273,0.28098808998676666
0.28779197884530633,0.23490524460114587,0.20317320405464961,0.2741295724988982
0.2845814977973568,0.23259911894273128,0.20440528634361232,0.27841409691629954
0.2865291794646775,0.2343132953049583,0.20272049144361562,0.27643703378674855
0.28502415458937197,0.23012736056214317,0.20421607378129117,0.28063241106719367
0.28824049513704686,0.22502210433244915,0.20203359858532272,0.28470380194518125
0.2800528401585205,0.22413033905768384,0.20959929546455305,0.2862175253192426
0.2785428698356286,0.2243447356730342,0.20524211461572633,0.2918702798756108
0.2796833773087071,0.2198768689533861,0.20668425681618294,0.2937554969217238
0.28070953436807095,0.21951219512195122,0.2039911308203991,0.2957871396895787
0.28888888888888886,0.21688888888888888,0.20266666666666666,0.29155555555555557
0.2932330827067669,0.210968597965502,0.20831490490933216,0.2874834144183989
0.2862190812720848,0.21819787985865724,0.20715547703180212,0.2884275618374558
0.28590366769774633,0.21210782147591692,0.2054794520547945,0.2965090587715422
0.2850262697022767,0.2136602451838879,0.2000875656742557,0.30122591943957966
0.2862175253192426,0.22060766182298547,0.2043152796125055,0.2888595332452664
0.28615794143744455,0.2209405501330967,0.20496894409937888,0.28793256433007985
0.2913177611282503,0.21859850154252974,0.20537681798148966,0.2847069193477303
0.2914285714285714,0.21626373626373627,0.20659340659340658,0.2857142857142857
0.286215978928885,0.218612818261633,0.20939420544337137,0.2857769973661106
0.28346456692913385,0.21828521434820647,0.2047244094488189,0.29352580927384075
0.27701200533570475,0.2169853268119164,0.20675855935971543,0.2992441084926634
0.2780008924587238,0.2182061579651941,0.20526550647032574,0.29852744310575635
0.27328918322295803,0.223841059602649,0.20618101545253864,0.29668874172185433
0.2782492184010719,0.2268870031263957,0.1978561857972309,0.29700759267530147
0.28818827708703376,0.22424511545293072,0.1936056838365897,0.29396092362344584
0.284452296819788,0.2226148409893993,0.19699646643109542,0.2959363957597173
0.29036515618125824,0.2212934447866256,0.19533655961284646,0.2930048394192697
0.2891832229580574,0.2185430463576159,0.19911699779249448,0.29315673289183225
0.3086092715231788,0.211037527593819,0.1986754966887417,0.28167770419426047
0.30358705161854765,0.21391076115485563,0.19728783902012248,0.2852143482064742
0.3062583222370173,0.21748779405237462,0.1939636040834443,0.2822902796271638
0.3003935286401399,0.21687800612155664,0.19763882815916048,0.285089637079143
0.30230496453900707,0.21852836879432624,0.1945921985815603,0.2845744680851064
0.2935168738898757,0.22246891651865008,0.19760213143872113,0.2864120781527531
0.2903795233892321,0.22418358340688438,0.19593998234774934,0.28949691085613416
0.2970471573380344,0.2269722344645218,0.19171441163508154,0.2842661965623623
0.29451137884872824,0.22757697456492637,0.19098616688978134,0.286925479696564
0.2963620230700976,0.22271517302573204,0.19032830523513752,0.2905944986690328
0.29916410030796303,0.21249450065992082,0.19401671799384074,0.2943246810382754
0.2972027972027972,0.22115384615384615,0.1883741258741259,0.2932692307692308
0.29973591549295775,0.21566901408450703,0.18705985915492956,0.2975352112676056
0.3069828722002635,0.21256038647342995,0.1844532279314888,0.29600351339481773
0.30623066725585507,0.21564295183384888,0.18780380026513477,0.2903225806451613
0.3052959501557632,0.21717846016911438,0.1829105473965287,0.2946150422785937
0.3075230972283326,0.2133743950725913,0.1825780906291245,0.2965244170699516
0.3045977011494253,0.21220159151193635,0.1816976127320955,0.3015030946065429
0.30408073716542344,0.21105748135146996,0.1790258885476086,0.305835892935498
0.3062665489849956,0.21094439541041482,0.176081200353045,0.3067078552515446
0.3024390243902439,0.21286031042128603,0.18226164079822615,0.3024390243902439
0.3046944198405669,0.20947741364038971,0.17847652790079716,0.3073516386182462
0.3067781690140845,0.20774647887323944,0.1800176056338028,0.30545774647887325
0.30558015943312666,0.20992028343666963,0.17847652790079716,0.30602302922940655
0.31399468556244464,0.21036315323294952,0.17493356953055803,0.30070859167404784
0.3084730803177405,0.21270962047661077,0.17475728155339806,0.30406001765225066
0.3073878627968338,0.2167985927880387,0.17326297273526825,0.30255057167985927
0.30616740088105726,0.21938325991189428,0.16916299559471365,0.3052863436123348
0.3050397877984085,0.22634836427939875,0.17418213969938107,0.29442970822281167
0.30219298245614035,0.22236842105263158,0.17412280701754385,0.3013157894736842
0.2998678996036988,0.22236900044033464,0.17261118450022017,0.3051519154557464
0.29894179894179895,0.2244268077601411,0.1728395061728395,0.3037918871252205
0.29772329246935203,0.23073555166374782,0.17425569176882663,0.29728546409807355
0.3011135857461025,0.2267260579064588,0.17282850779510023,0.2993318485523385
0.29982440737489024,0.23134328358208955,0.1707638279192274,0.2980684811237928
0.2979467016164264,0.23503713411970292,0.17300131061598953,0.29401485364788116
0.2979194333776007,0.23107569721115537,0.17706949977866313,0.29393536963258077
0.29986847873739586,0.2341078474353354,0.17536168347216133,0.2906619903551074
0.2966252220248668,0.2357904085257549,0.1705150976909414,0.29706927175843695
0.2941952506596306,0.2264731750219877,0.1706244503078276,0.3087071240105541
0.29960229783473263,0.23110914714980116,0.1665930181175431,0.3026955368979231
0.30378619153674835,0.22628062360801782,0.1706013363028953,0.2993318485523385
0.30346947738252084,0.21958717610891523,0.17479139218269654,0.3021519543258674
0.303245887060916,0.22143174744330812,0.17341040462427745,0.30191196087149846
0.3022437307523097,0.21865376154861416,0.16893972723273207,0.31016278046634405
0.29982285208148807,0.2187776793622675,0.17271922054915856,0.30868024800708593
0.3058252427184466,0.2113857016769638,0.17255075022065314,0.31023830538393643
0.3063102541630149,0.2107800175284838,0.17747589833479405,0.30543382997370727
0.3038309114927345,0.2073976221928666,0.1814178775869661,0.30735358872743285
0.3075230972283326,0.21073471183457984,0.17333919929608446,0.3084029916410031
0.30725274725274726,0.21362637362637363,0.17054945054945056,0.30857142857142855
0.30772626931567326,0.20838852097130242,0.16821192052980133,0.31567328918322296
0.30857648099027407,0.21264367816091953,0.16755083996463307,0.3112290008841733
0.3054704595185996,0.21137855579868708,0.16148796498905907,0.32166301969365424
0.306948109058927,0.21108179419525067,0.16051011433597184,0.32145998240985046
0.3048245614035088,0.20921052631578949,0.16622807017543859,0.31973684210526315
0.3024800708591674,0.20150575730735165,0.17094774136403898,0.325066430469442
0.29863855950812473,0.20421607378129117,0.1725955204216074,0.3245498462889767
0.304986642920748,0.20347284060552093,0.17275155832591274,0.3187889581478183
0.30718667835232255,0.20157756354075373,0.1761612620508326,0.31507449605609117
0.3128565160157964,0.20140412461605967,0.17332163229486616,0.31241772707327775
0.31404593639575973,0.20008833922261485,0.17491166077738515,0.31095406360424027
0.31583552055993,0.2020997375328084,0.17279090113735784,0.3092738407699038
0.31105169340463457,0.196524064171123,0.17201426024955438,0.3204099821746881
0.3126094570928196,0.19614711033274956,0.16987740805604204,0.3213660245183888
0.31521262604121,0.19333625602805787,0.17229285401139852,0.3191582639193336
0.32420494699646646,0.196113074204947,0.16696113074204946,0.3127208480565371
0.31882145998240985,0.1917326297273527,0.1693051890941073,0.3201407211961302
0.3154867256637168,0.18982300884955752,0.17300884955752213,0.3216814159292035
0.31961471103327493,0.19527145359019266,0.16943957968476359,0.3156742556917688
0.32894736842105265,0.1868421052631579,0.16447368421052633,0.31973684210526315
0.3289299867899604,0.18670189343901364,0.1686481726111845,0.3157199471598415
0.3317159241288046,0.1835024261138068,0.1693868548742832,0.3153947948831054
0.3375824175824176,0.18461538461538463,0.16923076923076924,0.30857142857142855
0.3384064458370636,0.18128916741271262,0.1683079677708147,0.3119964189794091
0.3436669619131975,0.183348095659876,0.16430469441984058,0.30868024800708593
0.3516386182462356,0.18157661647475642,0.15766164747564215,0.3091231178033658
0.34839842035980695,0.18253620008775778,0.15269855199648968,0.3163668275559456
0.3511248345831495,0.18703131892368768,0.15306572562858403,0.30877812086457873
0.35600706713780916,0.18330388692579505,0.14840989399293286,0.3122791519434629
0.35309503051438534,0.18047079337401917,0.15170008718395817,0.3147340889276373
0.34656084656084657,0.17768959435626103,0.15079365079365079,0.32495590828924165
0.35083848190644307,0.17917034421888792,0.1526919682259488,0.3172992056487202
0.34697431432303005,0.1845885938180235,0.15280801044841097,0.3156290814105355
0.3499338915821948,0.1859850154252975,0.1507271925958572,0.3133539003966505
0.353927625772286,0.17917034421888792,0.1496028243601059,0.3172992056487202
0.36420302760463047,0.1745325022261799,0.14514692787177205,0.3161175422974176
0.36089238845144356,0.17016622922134733,0.15091863517060367,0.31802274715660545
0.3598585322723254,0.17506631299734748,0.14323607427055704,0.3218390804597701
0.36015831134564646,0.16886543535620052,0.148636763412489,0.322339489885664
0.35667107001321,0.17084984588287097,0.15191545574636725,0.32056362835755176
0.35949145111793074,0.1709776413853573,0.14905743095133714,0.32047347654537484
0.3643883326077492,0.16673922507618633,0.14801915542011318,0.3208532868959512
0.3590989399293286,0.16784452296819788,0.14885159010600707,0.32420494699646646
0.35938189845474616,0.1664459161147903,0.1576158940397351,0.3165562913907285
0.3595059550066167,0.16453462726069695,0.1513012792236436,0.3246581385090428
0.3618881118881119,0.16433566433566432,0.15166083916083917,0.32211538461538464
0.361074416556583,0.16996917657419638,0.14971378247468076,0.3192426243945399
0.35978835978835977,0.1675485008818342,0.15255731922398588,0.3201058201058201
0.3594800537875392,0.16763783056925147,0.15329448677722995,0.31958762886597936
0.35593971631205673,0.16533687943262412,0.1595744680851064,0.3191489361702128
0.35867620751341683,0.167262969588551,0.15608228980322003,0.31797853309481217
0.3513274336283186,0.1747787610619469,0.15353982300884955,0.32035398230088497
0.35260621988611474,0.17564607971966711,0.15155497152869032,0.3201927288655278
0.35222319093286836,0.17262423714036618,0.15562336530078466,0.31952920662598083
0.3539473684210526,0.17412280701754385,0.1530701754385965,0.318859649122807
0.35156594618438464,0.17071018967798854,0.15968239964711073,0.3180414644905161
0.35600706713780916,0.17491166077738515,0.16166077738515902,0.30742049469964666
0.35216819973718794,0.17433201927288655,0.1651335961454227,0.30836618484450284
0.3519895059029296,0.17971141233056406,0.1674682990817665,0.30083078268473984
0.35410267661254935,0.17946467749012726,0.16235190873189995,0.30408073716542344
0.3570792520035619,0.1745325022261799,0.16562778272484416,0.3027604630454141
0.36140350877192984,0.16885964912280702,0.16228070175438597,0.3074561403508772
0.36351590106007065,0.16696113074204946,0.1607773851590106,0.30874558303886923
0.3661660777385159,0.16651943462897525,0.1607773851590106,0.30653710247349825
0.372410753635963,0.16615249008373734,0.1599823710885853,0.3014543851917144
0.37236842105263157,0.16096491228070176,0.16052631578947368,0.306140350877193
0.36846728151075975,0.1541501976284585,0.16644707949055776,0.310935441370224
0.3643581826202029,0.15350683722981914,0.1693868548742832,0.31274812527569473
0.36371642448260677,0.15411712901805372,0.17084984588287097,0.31131660061646854
0.36056214317083884,0.15634606938954765,0.16996047430830039,0.31313131313131315
0.3626086956521739,0.15608695652173912,0.1691304347826087,0.31217391304347825
0.36464826357969726,0.15983971504897596,0.1647373107747106,0.3107747105966162
0.3723404255319149,0.15469858156028368,0.16356382978723405,0.30939716312056736
0.37283621837549935,0.15534842432312473,0.1646693297825122,0.3071460275188637
0.37190812720848054,0.15636042402826855,0.16651943462897525,0.3052120141342756
0.36605952909817857,0.15415370946246112,0.16570413149711238,0.3140826299422479
0.3655536028119508,0.15729349736379614,0.1687170474516696,0.3084358523725835
0.3685373398144057,0.15996464869642069,0.16349977905435262,0.30799823243482105
0.3757736516357206,0.15296198054818744,0.15694076038903626,0.31432360742705573
0.37168141592920356,0.15353982300884955,0.15575221238938053,0.31902654867256636
0.3700131521262604,0.16133274879438841,0.1595791319596668,0.30907496711968435
0.36948853615520283,0.15564373897707232,0.16225749559082892,0.31261022927689597
0.36916299559471366,0.15859030837004406,0.1616740088105727,0.31057268722466963
0.3751111111111111,0.15333333333333332,0.15955555555555556,0.312
0.3687002652519894,0.16489832007073385,0.16180371352785147,0.3045977011494253
0.3690215006581834,0.16103554190434402,0.16279069767441862,0.307152259763054
0.3686534216335541,0.1629139072847682,0.16335540838852097,0.3050772626931567
0.37020713970912295,0.1599823710885853,0.16086381665932128,0.3089466725429705
0.3649122807017544,0.1618421052631579,0.15745614035087718,0.3157894736842105
0.36331569664902996,0.15828924162257496,0.15432098765432098,0.32407407407407407
0.36779586449626045,0.16014078310602728,0.150461944566652,0.3216014078310603
0.3664760228772547,0.1561812582490101,0.1517817861856577,0.32556093268807745
0.36423841059602646,0.15584988962472407,0.14966887417218544,0.33024282560706403
0.36989342806394315,0.15896980461811722,0.14742451154529307,0.32371225577264656
0.36762749445676274,0.15920177383592019,0.1547671840354767,0.31840354767184037
0.36977777777777776,0.15244444444444444,0.14933333333333335,0.32844444444444443
0.3769129864451246,0.15041539134236992,0.15522518583296896,0.3174464363795365
0.37350993377483444,0.15673289183222958,0.15187637969094922,0.31788079470198677
0.37121544537077666,0.153576129881527,0.15664765247915752,0.31856077226853885
0.37587719298245614,0.14868421052631578,0.15833333333333333,0.3171052631578947
0.37760070827799913,0.15582115980522354,0.16113324479858343,0.3054448871181939
0.36726634488810883,0.153576129881527,0.1654234313295305,0.3137340939008337
0.36279275298276625,0.14980114891736632,0.17145382235969953,0.31595227574016793
0.37261004891062693,0.15206758559359715,0.16674077367718987,0.308581591818586
0.3659816353301268,0.15085264538696982,0.16834280717096634,0.314822912111937
0.36391571553994734,0.15232660228270412,0.1707638279192274,0.31299385425812115
0.3624280017722641,0.15418697385910501,0.1683650863978733,0.31501993797075767
0.35898576512455516,0.1561387900355872,0.17215302491103202,0.3127224199288256
0.360122968818621,0.15327184892402285,0.17479139218269654,0.31181379007465965
0.3597027972027972,0.14903846153846154,0.1770104895104895,0.3142482517482518
0.3625444839857651,0.14323843416370108,0.1797153024911032,0.3145017793594306
0.35929978118161926,0.1461706783369803,0.18030634573304158,0.31422319474835886
0.36455584872471414,0.14599824098504838,0.1759014951627089,0.31354441512752856
0.3620920876173447,0.1430487259722843,0.1823871256146625,0.31247206079570855
0.35536105032822757,0.1487964989059081,0.18555798687089717,0.31028446389496717
0.352787456445993,0.1441637630662021,0.18423344947735193,0.31881533101045295
0.350109409190372,0.1435448577680525,0.187746170678337,0.3185995623632385
0.35083114610673666,0.14129483814523183,0.18678915135608049,0.321084864391951
0.3544857768052516,0.1409190371991247,0.19168490153172865,0.31291028446389496
0.34940291906236176,0.14108801415302963,0.19062361786819992,0.3188854489164087
0.35,0.13815789473684212,0.18903508771929825,0.32280701754385965
0.3470562195661797,0.14121292607348385,0.1899070385126162,0.32182381584772024
0.3529668411867365,0.14223385689354276,0.19066317626527052,0.31413612565445026
0.3487858719646799,0.1381898454746137,0.18984547461368653,0.32317880794701986
0.3546819787985866,0.1413427561837456,0.18639575971731448,0.31757950530035334
0.35874834728955485,0.13353900396650506,0.18466284706919348,0.32304980167474656
0.35296722763507526,0.13640389725420726,0.183348095659876,0.32728077945084144
0.3531499556344277,0.1326530612244898,0.18766637089618457,0.32653061224489793
0.349647266313933,0.1384479717813051,0.18430335097001763,0.32760141093474426
0.34449339207048457,0.14052863436123347,0.18458149779735683,0.3303964757709251
0.3495400788436268,0.14060446780551905,0.17696014016644765,0.33289531318440646
0.3442188879082083,0.146954986760812,0.17475728155339806,0.3340688437775816
0.3450266429840142,0.14298401420959148,0.17584369449378331,0.336145648312611
0.3569230769230769,0.13758241758241757,0.17186813186813188,0.33362637362637365
0.3546971027216857,0.14223002633889376,0.16549604916593502,0.3375768217734855
0.34882691456396636,0.1394422310756972,0.16423196104471005,0.3474988933156264
0.3546099290780142,0.13829787234042554,0.16666666666666666,0.3404255319148936
0.3589293549802545,0.14260640631856078,0.1601579640193067,0.338306274681878
0.35711120957022596,0.14133805937084626,0.16216216216216217,0.3393885688967656
0.3556723609286027,0.14323258869908015,0.15987735435830047,0.34121769601401664
0.354541465555068,0.14523913997367266,0.16235190873189995,0.3378674857393594
0.35462555066079293,0.14493392070484581,0.16740088105726872,0.33303964757709253
0.3541850220264317,0.14317180616740088,0.166079295154185,0.3365638766519824
0.3588943379402586,0.1422202407489969,0.16406598305840392,0.3348194382523406
0.3632326820603908,0.14120781527531084,0.163854351687389,0.3317051509769094
0.35781041388518026,0.14241210502892745,0.16866933689363595,0.3311081441922563
0.35849889624724063,0.1403973509933775,0.1695364238410596,0.3315673289183223
0.35185185185185186,0.1424162257495591,0.16534391534391535,0.3403880070546737
0.3511149978137298,0.14035854831657193,0.1644075207695671,0.3441189331001312
0.3581497797356828,0.13876651982378854,0.1656387665198238,0.33744493392070485
0.3554964539007092,0.13386524822695037,0.16622340425531915,0.34441489361702127
0.3544857768052516,0.13566739606126915,0.16280087527352297,0.34704595185995624
0.3506379234491861,0.13550373955125386,0.16102067751869775,0.3528376594808623
0.347136563876652,0.13480176211453745,0.1616740088105727,0.3563876651982379
0.34625550660792953,0.13524229074889868,0.15947136563876652,0.3590308370044053
0.3479020979020979,0.13286713286713286,0.16346153846153846,0.3557692307692308
0.3531499556344277,0.13220940550133098,0.16237799467613132,0.35226264418811004
0.35528060097216085,0.1316836058329651,0.15731330092797172,0.35572249226690233
0.35623073535887273,0.1312197269925143,0.1576398062527521,0.35490973139586085
0.35834068843777583,0.1297440423654016,0.16107678729037953,0.35083848190644307
0.3569553805774278,0.13035870516185477,0.163167104111986,0.34951881014873143
0.35623073535887273,0.12725671510347863,0.17040951122853368,0.34610303830911493
0.3530701754385965,0.12938596491228072,0.16578947368421051,0.35175438596491226
0.3513870541611625,0.13033905768383972,0.16776750330250992,0.3505063848524879
0.3464110566205974,0.12839946500222915,0.17030762371823452,0.3548818546589389
0.3458980044345898,0.12505543237250555,0.17161862527716187,0.3574279379157428
0.3514109347442681,0.12610229276895943,0.1728395061728395,0.349647266313933
0.3558201058201058,0.12037037037037036,0.17063492063492064,0.3531746031746032
0.3500439753737907,0.12576956904133685,0.1706244503078276,0.35356200527704484
0.34439109559144476,0.12396333478830206,0.17852466171977302,0.3531209079004801
0.3454063604240283,0.127208480565371,0.17491166077738515,0.35247349823321555
0.3413566739606127,0.12647702407002187,0.17680525164113786,0.35536105032822757
0.3468667255075022,0.12533097969991175,0.17475728155339806,0.353045013239188
0.34323725055432375,0.12638580931263857,0.17915742793791575,0.35121951219512193
0.34116083296411165,0.12627381479840497,0.17899867080194948,0.3535666814355339
0.3386034255599473,0.13087395696091347,0.17303469477382522,0.357487922705314
0.33553500660501984,0.12945838837516513,0.1787758696609423,0.35623073535887273
0.34121769601401664,0.12746386333771353,0.1747700394218134,0.3565484012264564
0.3368513632365875,0.13060686015831136,0.1741424802110818,0.35839929639401935
0.34265734265734266,0.13111888111888112,0.17657342657342656,0.34965034965034963
0.35125605993829884,0.13177611282503304,0.1736447774349934,0.3433230498016748
0.3518599562363239,0.13216630196936544,0.17199124726477025,0.3439824945295405
0.3519823788546256,0.13744493392070484,0.166079295154185,0.34449339207048457
0.35208791208791207,0.1389010989010989,0.17362637362637362,0.3353846153846154
0.35169678272366683,0.13794623182018512,0.16835610401057735,0.3420008814455707
0.3535130357931949,0.13212549712770658,0.17410517012814847,0.34025629695095005
0.3519751442521083,0.1287172658677319,0.17976031957390146,0.3395472703062583
0.35185185185185186,0.1247795414462081,0.17768959435626103,0.345679012345679
0.35135135135135137,0.13203367301727958,0.17766947275143996,0.3389455028799291
0.35589421783953384,0.12550425818018826,0.17570596145226355,0.34289556252801434
0.36215978928884984,0.12247585601404741,0.17251975417032483,0.3428446005267779
0.3631929046563193,0.11751662971175167,0.17161862527716187,0.34767184035476717
0.36283185840707965,0.11548672566371682,0.1756637168141593,0.34601769911504426
0.3478070175438597,0.11403508771929824,0.1824561403508772,0.3557017543859649
0.34726545131169406,0.11382836816362828,0.18319253001333927,0.35571365051133835
0.3499558693733451,0.11562224183583407,0.18137687555163284,0.353045013239188
0.35445281346920693,0.11564023039432876,0.18077093486929552,0.3491360212671688
0.35502434705621955,0.11465250110668437,0.17795484727755645,0.3523683045595396
0.3555458132398071,0.11179307321350285,0.17974572555896537,0.3529153879877247
0.35606731620903453,0.11647475642161205,0.17847652790079716,0.3489813994685562
0.3543411194358748,0.11370647862494491,0.1767298369325694,0.35522256500661087
0.357773851590106,0.11174911660777385,0.17358657243816256,0.3568904593639576
0.35573985159319077,0.10824967263203841,0.17939764295067656,0.3566128328240943
0.3576803895528995,0.10668437361664453,0.17574147853032315,0.3598937583001328
0.36026490066225164,0.10684326710816777,0.17571743929359823,0.35717439293598235
0.3537841468875952,0.10434393193013883,0.17778772951186744,0.36408419167039857
0.352603706972639,0.10061782877316858,0.1857899382171227,0.3609885260370697
0.35276073619631904,0.10385626643295355,0.1866783523225241,0.3567046450482033
0.3528109783089863,0.10624169986719788,0.1876936697653829,0.35325365205843295
0.3556723609286027,0.10468681559351731,0.18572054314498468,0.3539202803328953
0.35043859649122805,0.10789473684210527,0.1881578947368421,0.35350877192982455
0.34596738651388276,0.10885852798589687,0.19127368884971352,0.3539003966505068
0.34801762114537443,0.1066079295154185,0.19030837004405288,0.35506607929515416
0.34844444444444445,0.10044444444444445,0.19155555555555556,0.3595555555555556
0.3500221533008418,0.10057598582188747,0.19273371732388125,0.35666814355338944
0.35622507753655297,0.10146211785556047,0.18830305715551618,0.3540097474523704
0.34986945169712796,0.09965187119234116,0.1888598781549173,0.36161879895561355
0.35428571428571426,0.09978021978021978,0.18593406593406595,0.36
0.3522677234698371,0.10039630118890357,0.1831792162043153,0.36415675913694406
0.3549382716049383,0.10229276895943562,0.17901234567901234,0.3637566137566138
0.3563876651982379,0.10352422907488987,0.1762114537444934,0.36387665198237884
0.35190873189995614,0.104870557261957,0.17244405440982888,0.370776656428258
0.35076252723311546,0.10631808278867103,0.16993464052287582,0.3729847494553377
0.3546099290780142,0.1077127659574468,0.1675531914893617,0.3701241134751773
0.35617039964866054,0.10891523935002195,0.16512955643390426,0.36978480456741325
0.3563523683045595,0.1049136786188579,0.1691013722886233,0.3696325807879593
0.3510778706555213,0.10558732952045755,0.172459304883414,0.3708754949406071
0.35296722763507526,0.11027457927369354,0.16474756421612047,0.3720106288751107
0.3511248345831495,0.11204234671371857,0.1583590648434054,0.37847375385972654
0.3407992973210365,0.11506368028107158,0.1673254281949934,0.37681159420289856
0.3419182948490231,0.11545293072824156,0.1669626998223801,0.3756660746003552
0.3407796758650898,0.11738939991239597,0.16294349540078842,0.3788874288217258
0.3451910408432148,0.11418533157663592,0.16117698726394378,0.3794466403162055
0.34359876814782225,0.1205455345358557,0.1583809942806863,0.37747470303563574
0.34214002642007924,0.12329370321444298,0.1549977983267283,0.37956847203874944
0.3346508563899868,0.11857707509881422,0.15634606938954765,0.39042599912165127
0.3389010989010989,0.11868131868131868,0.1534065934065934,0.389010989010989
0.33552055993000873,0.11592300962379702,0.15616797900262466,0.39238845144356954
0.3372859025032938,0.12033377250768555,0.15195432586736934,0.39042599912165127
0.34312007011393514,0.1196319018404908,0.1511831726555653,0.3860648553900088
0.34212840809146877,0.11565523306948108,0.15259454705364994,0.3896218117854002
0.3454868830591374,0.11783014673188083,0.151622943530458,0.3850600266785238
0.34725274725274724,0.11692307692307692,0.15208791208791209,0.38373626373626374
0.35177865612648224,0.11286780851998243,0.15634606938954765,0.3790074659639877
0.3471978984238179,0.11646234676007006,0.16330998248686515,0.37302977232924694
0.34368167905553126,0.11587232181897683,0.1565369479667687,0.3839090511587232
0.3433362753751103,0.11650485436893204,0.1553398058252427,0.3848190644307149
0.3405286343612335,0.11629955947136564,0.1590308370044053,0.3841409691629956
0.3371529308065227,0.11987659762009696,0.15557514323490523,0.3873953283384751
0.33524481693868546,0.12174680194089105,0.16056462284958095,0.38244375827084254
0.3424175824175824,0.1265934065934066,0.15472527472527473,0.37626373626373627
0.33613445378151263,0.13003095975232198,0.16187527642636002,0.37195931003980537
0.34406704896338774,0.12483458314953683,0.1583590648434054,0.37273930304367003
0.34513274336283184,0.1261061946902655,0.15663716814159293,0.37212389380530975
0.34072759538598046,0.13220940550133098,0.1557231588287489,0.3713398402839397
0.340630472854641,0.13747810858143608,0.1532399299474606,0.36865148861646235
0.3371478873239437,0.13556338028169015,0.1580105633802817,0.3692781690140845
0.33585746102449887,0.13273942093541202,0.16258351893095768,0.3688195991091314
0.3417665335108744,0.13049267643142476,0.1677762982689747,0.35996449178872614
0.33792796798577146,0.12805691418408183,0.16896398399288573,0.365051133837261
0.3349282296650718,0.12962157459765114,0.17181383210091344,0.36363636363636365
0.338562091503268,0.1289760348583878,0.17124183006535948,0.36122004357298476
0.3437221727515583,0.13000890471950133,0.1678539626001781,0.35841495992876227
0.34279379157427936,0.1246119733924612,0.16940133037694013,0.3631929046563193
0.347246891651865,0.12566607460035523,0.16341030195381884,0.36367673179396093
0.34839842035980695,0.12900394910048266,0.16103554190434402,0.3615620886353664
0.3435717419921018,0.12812637121544537,0.16498464238701185,0.363317244405441
0.3409691629955947,0.12202643171806167,0.1669603524229075,0.3700440528634361
0.34310722100656454,0.1212253829321663,0.16673960612691466,0.3689277899343545
0.34171075837742504,0.11904761904761904,0.1662257495590829,0.373015873015873
0.3448123620309051,0.12008830022075055,0.16335540838852097,0.3717439293598234
0.3449043168669337,0.12461059190031153,0.1588785046728972,0.37160658655985757
0.3426048565121413,0.12450331125827814,0.1598233995584989,0.3730684326710817
0.3493603881782091,0.12615791795324216,0.1561535068372298,0.3683281870313189
0.34763379035824854,0.13356921716054843,0.15126050420168066,0.36753648827952234
0.3480735551663748,0.1317863397548161,0.1532399299474606,0.36690017513134854
0.34137779727950857,0.13075910487055725,0.153576129881527,0.3742869679684072
0.3458844133099825,0.1309106830122592,0.15061295971978983,0.37259194395796846
0.35008818342151676,0.13227513227513227,0.14638447971781304,0.3712522045855379
0.34572819831783974,0.13280212483399734,0.1509517485613103,0.3705179282868526
0.34417582417582415,0.1345054945054945,0.14813186813186813,0.3731868131868132
0.3425803610744166,0.1312197269925143,0.15103478643769264,0.3751651254953765
0.3429844097995546,0.13140311804008908,0.155902004454343,0.36971046770601335
0.34380610412926393,0.12746858168761221,0.15305206463195692,0.375673249551167
0.3479028697571744,0.1280353200883002,0.14746136865342163,0.3766004415011038
0.35443037974683544,0.12483631601920558,0.140986468790921,0.379746835443038
0.35516483516483516,0.12703296703296704,0.1468131868131868,0.370989010989011
0.355857832382624,0.12724879333040806,0.14787187362878457,0.3690215006581834
0.3530201342281879,0.12572706935123043,0.1458612975391499,0.37539149888143175
0.3497340425531915,0.12322695035460993,0.14583333333333334,0.38120567375886527
