C,D,Oc,Od
0.0,1.0,0.0,0.0
0.0,0.6666666666666666,0.0,0.3333333333333333
0.0,0.6,0.0,0.4
0.4,0.4,0.0,0.2
0.5,0.375,0.0,0.125
0.6,0.3,0.0,0.1
0.7142857142857143,0.14285714285714285,0.07142857142857142,0.07142857142857142
0.8125,0.0625,0.0625,0.0625
0.8260869565217391,0.08695652173913043,0.043478260869565216,0.043478260869565216
0.8125,0.09375,0.03125,0.0625
0.775,0.125,0.05,0.05
0.8070175438596491,0.10526315789473684,0.03508771929824561,0.05263157894736842
0.7721518987341772,0.11392405063291139,0.05063291139240506,0.06329113924050633
0.7676767676767676,0.12121212121212122,0.050505050505050504,0.06060606060606061
0.7521367521367521,0.1452991452991453,0.042735042735042736,0.05982905982905983
0.7449664429530202,0.15436241610738255,0.06040268456375839,0.040268456375838924
0.745945945945946,0.14054054054054055,0.07027027027027027,0.043243243243243246
0.7205240174672489,0.15283842794759825,0.06986899563318777,0.056768558951965066
0.6982456140350877,0.1649122807017544,0.06666666666666667,0.07017543859649122
0.6876790830945558,0.16332378223495703,0.07163323782234957,0.07736389684813753
0.6778846153846154,0.17067307692307693,0.07692307692307693,0.07451923076923077
0.6795131845841785,0.1663286004056795,0.07910750507099391,0.07505070993914807
0.6614035087719298,0.16842105263157894,0.0824561403508772,0.08771929824561403
0.6616314199395771,0.1782477341389728,0.0755287009063444,0.08459214501510574
0.6592105263157895,0.16842105263157894,0.08552631578947369,0.0868421052631579
0.6566985645933014,0.16626794258373206,0.08253588516746412,0.09449760765550239
0.6469957081545065,0.16952789699570817,0.08690987124463519,0.09656652360515021
0.6401551891367604,0.17070805043646944,0.0921435499515034,0.09699321047526673
0.6467439785905441,0.1632471008028546,0.0927743086529884,0.09723461195361284
0.6407528641571195,0.16775777414075285,0.09656301145662848,0.09492635024549918
0.6353846153846154,0.16153846153846155,0.09846153846153846,0.10461538461538461
0.628755364806867,0.1630901287553648,0.0994277539341917,0.10872675250357654
0.6234817813765182,0.1612685560053981,0.10256410256410256,0.1126855600539811
0.6196202531645569,0.15253164556962026,0.11075949367088607,0.11708860759493671
0.6233611442193087,0.1501787842669845,0.11203814064362336,0.11442193087008343
0.6153846153846154,0.15384615384615385,0.11225071225071225,0.11851851851851852
0.6158833063209076,0.14748784440842788,0.11183144246353323,0.12479740680713128
0.6054905948144382,0.15099135739705136,0.11794611082867311,0.12557193695983732
0.6077844311377245,0.14271457085828343,0.11976047904191617,0.12974051896207583
0.6108949416342413,0.14688715953307394,0.11429961089494163,0.12791828793774318
0.6055477197931358,0.1476257639868359,0.11847672778561354,0.12834978843441466
0.6155627605372858,0.14312181565539603,0.11949976841130153,0.12181565539601667
0.6093892433910666,0.1440291704649043,0.12215132178669097,0.1244302643573382
0.6076642335766423,0.14233576642335766,0.12226277372262774,0.12773722627737227
0.6070620190131281,0.13942960615663197,0.1263014938886374,0.12720688094160254
0.6065500224315836,0.13907581875280395,0.12606550022431584,0.12830865859129656
0.6122814881219184,0.1407440609592111,0.12326311071268489,0.12371134020618557
0.6056527590847914,0.14042171377299237,0.1247196052041274,0.12920592193808883
0.6035024696901662,0.13605747642568478,0.1261787157611136,0.13426133812303548
0.6034559149313248,0.1386796632698272,0.12405848471422241,0.1338059370846256
0.5992860330209728,0.14547077197679606,0.1213743864346274,0.13386880856760375
0.6009941256213285,0.14279258924536828,0.1211025756891098,0.1351107094441934
0.6021798365122616,0.14032697547683923,0.12125340599455041,0.1362397820163488
0.5981224854716137,0.13723737147966025,0.12337952615109522,0.14126061689763075
0.6063829787234043,0.13652482269503546,0.11923758865248227,0.13785460992907803
0.6040358744394618,0.13632286995515694,0.11928251121076233,0.14035874439461885
0.6004524886877828,0.134841628959276,0.12398190045248869,0.1407239819004525
0.5987376014427412,0.13525698827772767,0.1248872858431019,0.1411181244364292
0.6006317689530686,0.12815884476534295,0.12093862815884476,0.15027075812274368
0.6066815144766147,0.12605790645879733,0.12071269487750556,0.1465478841870824
0.601541251133273,0.12647325475974613,0.12194016319129647,0.1500453309156845
0.596745027124774,0.12793851717902352,0.12477396021699819,0.15054249547920434
0.5930232558139535,0.1274597495527728,0.12567084078711985,0.15384615384615385
0.5940992400536432,0.12382655341975861,0.12695574430040232,0.1551184622261958
0.5872378402498885,0.12717536813922356,0.1253904506916555,0.1601963409192325
0.5919540229885057,0.1268788682581786,0.12024756852343059,0.16091954022988506
0.5990143369175627,0.12813620071684587,0.11738351254480286,0.15546594982078854
0.5969683459652252,0.12617030762371823,0.11636201515827017,0.16049933125278645
0.5934263845114813,0.12561909049977488,0.11931562359297614,0.16163890139576767
0.5965302491103203,0.12322064056939502,0.11832740213523131,0.1619217081850534
0.5986696230598669,0.11529933481152993,0.12239467849223946,0.16363636363636364
0.601148409893993,0.11616607773851591,0.12014134275618374,0.1625441696113074
0.602921646746348,0.11420982735723771,0.11509517485613104,0.16777335104028332
0.5973909131803868,0.11830859199280253,0.11830859199280253,0.1659919028340081
0.5966010733452594,0.11806797853309481,0.11806797853309481,0.167262969588551
0.5973333333333334,0.11377777777777778,0.12088888888888889,0.168
0.5959056519804183,0.11392968402314196,0.12060525144637294,0.16955941255006676
0.5888888888888889,0.11333333333333333,0.12355555555555556,0.17422222222222222
0.5903240124278739,0.1114070128717266,0.12117177097203728,0.17709720372836218
0.5939447907390917,0.10952804986642921,0.12065894924309885,0.17586821015138024
0.6024150268336315,0.10867620751341682,0.11404293381037567,0.17486583184257604
0.6006219458018658,0.10839626832518881,0.11372723234118169,0.17725455353176367
0.5910913140311804,0.1091314031180401,0.11314031180400891,0.1866369710467706
0.5974256546826454,0.10652463382157124,0.1083000443852641,0.1877496671105193
0.589237668161435,0.10403587443946188,0.11121076233183856,0.19551569506726457
0.5894689870593485,0.09906291834002677,0.11378848728246319,0.19767960731816153
0.5904634581105169,0.09714795008912656,0.11497326203208556,0.19741532976827095
0.5951850200624164,0.0896121266161391,0.11145786892554614,0.20374498439589836
0.5946902654867257,0.08716814159292036,0.11106194690265486,0.20707964601769913
0.5940417963539351,0.09026233881725211,0.11027123165851489,0.2054246331702979
0.591710758377425,0.09082892416225749,0.11331569664902998,0.20414462081128748
0.5857015985790408,0.09280639431616342,0.10968028419182949,0.21181172291296627
0.584136722173532,0.09465381244522349,0.11481156879929887,0.20639789658194566
0.5897435897435898,0.08861898335582546,0.11830859199280253,0.20332883490778228
0.592808988764045,0.08674157303370786,0.12,0.2004494382022472
0.5895953757225434,0.08759448643841708,0.11605157847932414,0.20675855935971543
0.5915808329601433,0.08508732646663682,0.1141961486789073,0.20913569189431258
0.5962732919254659,0.08118899733806566,0.1126885536823425,0.209849157054126
0.5929243170622481,0.08060904612628751,0.11643528884908196,0.21003134796238246
0.5917553191489362,0.07845744680851063,0.11524822695035461,0.21453900709219859
0.5927743086529884,0.07805530776092774,0.11373773416592328,0.21543264942016058
0.5954164830321728,0.07668576465403261,0.1128250330542089,0.2150727192595857
0.6067465601420329,0.07367953839325345,0.11051930758988016,0.20905459387483355
0.6052166224580018,0.07869142351900972,0.10831122900088418,0.20778072502210435
0.6015171798304328,0.07719767960731816,0.10843373493975904,0.21285140562248997
0.6054150022192633,0.07678650687971593,0.10563692853972481,0.21216156236129605
0.6032243618450515,0.077474249888043,0.10837438423645321,0.2109270040304523
0.5997334517992003,0.08040870724122612,0.10439804531319413,0.21545979564637938
0.6033494931687968,0.07888937858087264,0.10136624063464081,0.21639488761568973
0.6030262572318648,0.07610146862483311,0.102803738317757,0.21806853582554517
0.603739982190561,0.07836153161175423,0.10329474621549421,0.21460373998219057
0.6000891662951404,0.07980383415069103,0.10075791350869372,0.21934908604547482
0.6009678838539375,0.0818301803783546,0.097228332600088,0.21997360316761988
0.6094727435210009,0.08266309204647006,0.0902591599642538,0.21760500446827524
0.6093541202672605,0.08418708240534521,0.08685968819599109,0.21959910913140313
0.6078431372549019,0.08778966131907308,0.09001782531194295,0.214349376114082
0.6109367996414165,0.08381891528462573,0.08785298072613178,0.21739130434782608
0.6178148310662571,0.08600263273365512,0.08731899956121106,0.2088635366388767
0.6220646876384581,0.08329641116526362,0.08373947718210013,0.2108994240141781
0.6174259177355153,0.08226448474126492,0.08359133126934984,0.21671826625386997
0.6202809482001755,0.08296751536435469,0.08472344161545214,0.21202809482001755
0.615622241835834,0.08473080317740513,0.08384819064430715,0.21579876434245365
0.6116031886625333,0.08104517271922054,0.0775022143489814,0.22984942426926483
0.6114285714285714,0.08263736263736264,0.07472527472527472,0.2312087912087912
0.6141522029372497,0.08233199821984868,0.07432131731197152,0.22919448153093014
0.6157549234135667,0.08183807439824946,0.07352297592997811,0.2288840262582057
0.6170212765957447,0.08156028368794327,0.06914893617021277,0.2322695035460993
0.6199821587867975,0.08117752007136485,0.06913470115967886,0.2297056199821588
0.623841059602649,0.07902869757174392,0.07196467991169977,0.2251655629139073
0.6215015548645046,0.07774322523322967,0.07552199022656597,0.2252332296756997
0.6162687886825818,0.07736516357206012,0.07515473032714412,0.23121131741821396
0.6157635467980296,0.07568293775190327,0.07568293775190327,0.2328705776981639
0.6195797943674564,0.07465355386678588,0.0733124720607957,0.23245417970496202
0.6215975011155734,0.07541276215975011,0.07050423917893797,0.23248549754573852
0.6268195853550949,0.0741067490074989,0.07190119100132333,0.22717247463608292
0.6234979973297731,0.0774365821094793,0.06942590120160214,0.22963951935914553
0.6174911660777385,0.07773851590106007,0.07332155477031801,0.2314487632508834
0.6219458018658374,0.07863171923589515,0.06752554420257663,0.2318969346956908
0.6212860310421287,0.0802660753880266,0.06607538802660753,0.23237250554323724
0.6225993747208576,0.07682000893255918,0.06922733363108531,0.231353282715498
0.6234347048300537,0.07513416815742398,0.06663685152057246,0.23479427549194992
0.6247230837394772,0.07487815684536996,0.06867523260965884,0.23172352680549402
0.6161705908485118,0.07996446023989338,0.0670812972012439,0.23678365171035096
0.6216814159292036,0.07610619469026549,0.06725663716814159,0.23495575221238937
0.6237362637362638,0.0734065934065934,0.0654945054945055,0.23736263736263735
0.6245006657789614,0.07057256990679095,0.0692410119840213,0.23568575233022637
0.6155545735749006,0.07070260715863898,0.06981882456915599,0.24392399469730447
0.6118421052631579,0.07105263157894737,0.07149122807017544,0.24561403508771928
0.608965823346649,0.07412339103417666,0.06702174877940524,0.2498890368397692
0.6207203201422855,0.0675855935971543,0.06491774121831925,0.246776345042241
0.6184327693677649,0.06945681211041853,0.06634016028495103,0.24577025823686555
0.6173491853808895,0.07309555261999119,0.06737120211360634,0.242184059885513
0.6118681318681318,0.07604395604395604,0.0654945054945055,0.2465934065934066
0.6078083407275954,0.07586512866015972,0.06699201419698314,0.24933451641526175
0.6030128489144883,0.07753655294638902,0.06335844040762073,0.256092157731502
0.5967242142540947,0.07746790615316512,0.06861443116423196,0.25719344842850816
0.6,0.07787610619469026,0.06637168141592921,0.2557522123893805
0.5994683207797962,0.07886575099689853,0.06291537439078422,0.25875055383252105
0.6030769230769231,0.08087912087912089,0.06461538461538462,0.25142857142857145
0.6024955436720143,0.08155080213903744,0.06550802139037433,0.25044563279857396
0.5917079765660207,0.08697611536728256,0.0644434429923389,0.2568724650743578
0.5994671403197158,0.08836589698046181,0.05994671403197158,0.2522202486678508
0.6007130124777184,0.08600713012477719,0.06105169340463458,0.2522281639928699
0.5904421616793212,0.08932559178204555,0.06565430995980348,0.2545779365788298
0.5949310804802135,0.08803912850155625,0.06313917296576256,0.25389061805246776
0.5909901873327387,0.08385370205173952,0.06601248884924175,0.2591436217662801
0.5900841080123949,0.08277999114652501,0.06772908366533864,0.2594068171757415
0.5901565995525727,0.08635346756152125,0.06666666666666667,0.2568232662192394
0.5797682709447415,0.09180035650623886,0.0659536541889483,0.2624777183600713
0.5755555555555556,0.09066666666666667,0.06844444444444445,0.2653333333333333
0.5759185480301018,0.09251881363435148,0.0681717574147853,0.2633908809207614
0.5703506435863294,0.09454061251664447,0.06746560142032845,0.26764314247669774
0.5699643493761141,0.09090909090909091,0.06907308377896614,0.2700534759358289
0.5775089605734767,0.08736559139784947,0.06854838709677419,0.26657706093189965
0.5738585496866607,0.0863921217547001,0.0684870188003581,0.2712623097582811
0.5811541929666366,0.0811541929666366,0.06762849413886383,0.2700631199278629
0.578806767586821,0.0823686553873553,0.06589492430988424,0.27292965271593944
0.5858676207513417,0.07737030411449015,0.0648479427549195,0.27191413237924866
0.5811775200713648,0.07850133809099019,0.06824264049955397,0.272078501338091
0.5789239662072032,0.07781236104935527,0.07247665629168519,0.27078701645175635
0.5824175824175825,0.07604395604395604,0.07076923076923076,0.27076923076923076
0.5869275233437083,0.0773677189862161,0.06936416184971098,0.2663405958203646
0.5878949710725412,0.07699154428126391,0.06809078771695594,0.26702269692923897
0.5825932504440497,0.07770870337477798,0.07149200710479574,0.2682060390763766
0.5800176834659593,0.07824933687002653,0.07206012378426171,0.2696728558797524
0.5755968169761273,0.07913351016799293,0.07029177718832891,0.2749778956675508
0.5699734278122232,0.08370239149689991,0.06997342781222321,0.2763507528786537
0.57174688057041,0.08511586452762923,0.07040998217468805,0.2727272727272727
0.5657721073471184,0.08358996920369556,0.07215134183897932,0.2784865816102068
0.5633554083885209,0.0869757174392936,0.07019867549668875,0.27947019867549666
0.5633303808680248,0.08901682905225863,0.06554472984942426,0.2821080602302923
0.5623893805309734,0.08628318584070796,0.0668141592920354,0.2845132743362832
0.5695691202872532,0.08707360861759425,0.06687612208258528,0.2764811490125673
0.5623603039785426,0.08985248100134108,0.0657130084935181,0.28207420652659815
0.5606060606060606,0.09402852049910873,0.062388591800356503,0.28297682709447414
0.5564373897707231,0.09567901234567901,0.057760141093474424,0.29012345679012347
0.5525846702317291,0.09893048128342247,0.06016042780748663,0.28832442067736186
0.5514640638864241,0.1002661934338953,0.05634427684117125,0.2919254658385093
0.5472283813747228,0.09933481152993348,0.05543237250554324,0.29800443458980047
0.54986642920748,0.0943900267141585,0.054764024933214604,0.3009795191451469
0.5443094916779128,0.09806567701304543,0.05623031938821413,0.3013945119208277
0.553020134228188,0.09664429530201342,0.052348993288590606,0.2979865771812081
0.5601604278074866,0.09135472370766488,0.049019607843137254,0.2994652406417112
0.5564516129032258,0.08960573476702509,0.05510752688172043,0.29883512544802865
0.555506018724922,0.08827463218903255,0.05617476593847526,0.3000445831475702
0.5578383206788745,0.08798570790531487,0.05448861098704779,0.2996873604287628
0.5600527936647602,0.08490981082270127,0.05499340079190497,0.30004399472063353
0.5575892857142857,0.08125,0.054910714285714285,0.30625
0.5590308370044053,0.07753303964757709,0.05638766519823789,0.3070484581497797
0.559254327563249,0.07944962272525521,0.052374611628939194,0.30892143808255657
0.5620598591549296,0.07702464788732394,0.05457746478873239,0.30633802816901406
0.5565953654188949,0.07709447415329768,0.058823529411764705,0.3074866310160428
0.5617173524150268,0.07602862254025045,0.05813953488372093,0.3041144901610018
0.5585903083700441,0.07533039647577093,0.05638766519823789,0.3096916299559471
0.5524104378593543,0.07518796992481203,0.054400707651481646,0.31800088456435205
0.556045895851721,0.07105030891438659,0.05648720211827008,0.31641659311562226
0.5523385300668151,0.07082405345211581,0.05790645879732739,0.31893095768374163
0.5543766578249337,0.07117595048629531,0.058355437665782495,0.3160919540229885
0.5504220346512662,0.07285650821856952,0.056419369169258105,0.32030208796090626
0.5492021276595744,0.07225177304964539,0.05851063829787234,0.3200354609929078
0.5494895694629383,0.07678650687971593,0.05193075898801598,0.3217931646693298
0.5501330967169477,0.07453416149068323,0.05323868677905945,0.3220940550133097
0.5555555555555556,0.0749665327978581,0.052655064703257475,0.31682284694332885
0.5503355704697986,0.07293064876957495,0.05145413870246085,0.32527964205816556
0.552666965486329,0.07306140744060959,0.05244285073957866,0.3218287763334827
0.5526083112290009,0.07427055702917772,0.05526083112290009,0.3178603006189213
0.5519681556833259,0.07828394515701018,0.05572755417956656,0.3140203449800973
0.552,0.07511111111111111,0.05733333333333333,0.31555555555555553
0.5463045414069457,0.07435440783615316,0.05520926090828139,0.3241317898486198
0.543921916592724,0.07763975155279502,0.055900621118012424,0.3225377107364685
0.5406719717064544,0.07824933687002653,0.05526083112290009,0.32581786030061893
0.5497567448031845,0.0729765590446705,0.05749668288367979,0.31977001326846527
0.5498462889767237,0.07246376811594203,0.05533596837944664,0.32235397452788755
0.5463087248322148,0.06890380313199106,0.053243847874720356,0.3315436241610738
0.5466252220248667,0.06838365896980461,0.0541740674955595,0.3308170515097691
0.5481283422459893,0.06506238859180036,0.05570409982174688,0.33110516934046347
0.5488289880689351,0.06363234644277507,0.05391073795846222,0.3336279275298277
0.5484436650591845,0.06313020604997809,0.05129329241560719,0.3371328364752302
0.5450490633363069,0.06199821587867975,0.05129348795718109,0.3416592328278323
0.5341670388566324,0.06386779812416257,0.052702099151406875,0.34926306386779815
0.5326231691078562,0.06391478029294274,0.052818464269862406,0.3506435863293387
0.534945054945055,0.06197802197802198,0.054945054945054944,0.34813186813186814
0.5336581045172719,0.0633303808680248,0.05270150575730735,0.35031000885739594
0.536813922356091,0.06113342257920571,0.052655064703257475,0.3493975903614458
0.528,0.06088888888888889,0.052444444444444446,0.3586666666666667
0.5353309481216458,0.055008944543828264,0.053220035778175315,0.3564400715563506
0.5271044513001322,0.05773468488320846,0.052886734244160426,0.3622741295724989
0.5341805433829974,0.05565293602103418,0.047765118317265556,0.3624014022787029
0.5446153846153846,0.056263736263736264,0.046153846153846156,0.35296703296703297
0.5478299379982285,0.058015943312666074,0.048715677590788306,0.3454384410983171
0.5402197802197802,0.056703296703296706,0.04659340659340659,0.3564835164835165
0.538325210456358,0.057155516171909615,0.04652193176783341,0.35799734160389896
0.5406824146981627,0.050306211723534555,0.05074365704286964,0.35826771653543305
0.5382235969951392,0.052585064074237735,0.04993371630578878,0.3592576226248343
0.5339848956019547,0.0519768991559307,0.054642381163927146,0.3593958240781875
0.5344904316866934,0.054294615042278595,0.05562972852692479,0.35558522474410326
0.5346578366445917,0.05121412803532009,0.05739514348785872,0.35673289183222956
0.5385296722763507,0.05447298494242692,0.05845881310894597,0.34853852967227633
0.5349867139061116,0.05270150575730735,0.05890168290522586,0.3534100974313552
0.537293434569004,0.052702099151406875,0.056721750781598926,0.3532827154979902
0.5325077399380805,0.05042016806722689,0.05616983635559487,0.3609022556390977
0.5370453524921419,0.051189941625505164,0.05478221823080377,0.35698248765154916
0.5291499777481086,0.054294615042278595,0.05473965287049399,0.36181575433911883
0.522566371681416,0.05929203539823009,0.05575221238938053,0.36238938053097347
0.5209713024282561,0.05739514348785872,0.06181015452538632,0.3598233995584989
0.5118040089086859,0.053452115812917596,0.06325167037861916,0.3714922048997773
0.5141445891333633,0.05029187247418051,0.0673551863493489,0.3682083520431073
0.515673289183223,0.04944812362030905,0.06666666666666667,0.36821192052980134
0.5212812637121544,0.051777095217200524,0.06494076349275998,0.362000877577885
0.5245535714285714,0.05178571428571429,0.06517857142857143,0.35848214285714286
0.5165562913907285,0.05474613686534217,0.06357615894039735,0.365121412803532
0.5199822380106572,0.056838365896980464,0.06616341030195382,0.35701598579040855
0.5115555555555555,0.05511111111111111,0.07066666666666667,0.3626666666666667
0.5177398160315374,0.05431449846692948,0.0718353044240035,0.35611038107752957
0.5170603674540682,0.0542432195975503,0.06911636045494313,0.35958005249343833
0.5190941385435168,0.051953818827708706,0.06838365896980461,0.3605683836589698
0.5205298013245033,0.052097130242825605,0.06357615894039735,0.3637969094922737
0.519205298013245,0.052097130242825605,0.06181015452538632,0.36688741721854307
0.5180080035571365,0.05202312138728324,0.06136060471320587,0.36860827034237437
0.5241228070175439,0.05175438596491228,0.056140350877192984,0.36798245614035086
0.531924262439454,0.05019815059445178,0.055041831792162044,0.3628357551739322
0.5333923042901371,0.04688191065900044,0.05395842547545334,0.3657673595754091
0.5279612505504183,0.04579480405107882,0.055041831792162044,0.3712021136063408
0.5245901639344263,0.046964997784669914,0.05804164820558263,0.37040319007532124
0.5304039059032402,0.041278295605858856,0.05415002219263205,0.374167776298269
0.5262230057293962,0.04363155575143235,0.055531070956368445,0.374614367562803
0.5309026233881725,0.04757670075589151,0.05602489995553579,0.36549577590040017
0.5314995563442768,0.048802129547471165,0.05323868677905945,0.36645962732919257
0.5388046387154326,0.04861730597680642,0.05129348795718109,0.36128456735057984
0.5396544085068675,0.04918032786885246,0.05006645990252548,0.36109880372175457
0.534780682321666,0.05050952591936198,0.04962339388568897,0.3650863978732831
0.5324217026907808,0.05116894574327305,0.050727834142037936,0.36568151742390825
0.535366931918656,0.05349248452696728,0.04951370468611848,0.3616268788682582
0.5314562252529696,0.05675318961724593,0.051473823141223056,0.3603167619885614
0.5215077605321508,0.0598669623059867,0.05188470066518847,0.3667405764966741
0.5177087888062964,0.06165282028858767,0.05203323130738959,0.3686051595977263
0.5116071428571428,0.06339285714285714,0.054464285714285715,0.3705357142857143
0.5104490884837706,0.06491774121831925,0.05469097376611828,0.3699421965317919
0.5064530485091233,0.06631063640409435,0.05651980418335559,0.3707165109034268
0.506233303650935,0.06767586821015138,0.05609973285841496,0.36999109528049867
0.49531876950512704,0.0664288898796255,0.05840392331698618,0.37984841729826124
0.49423247559893524,0.06521739130434782,0.05767524401064774,0.3828748890860692
0.4861416630004399,0.06511218653761548,0.061152661680598325,0.38759348878134625
0.4875886524822695,0.06338652482269504,0.06028368794326241,0.3887411347517731
0.49487750556792875,0.061915367483296214,0.060579064587973276,0.38262806236080177
0.49471830985915494,0.05985915492957746,0.061619718309859156,0.38380281690140844
0.4902654867256637,0.05707964601769912,0.06283185840707965,0.3898230088495575
0.4929203539823009,0.05796460176991151,0.062389380530973454,0.38672566371681416
0.4898767605633803,0.05897887323943662,0.0664612676056338,0.3846830985915493
0.4847682119205298,0.059602649006622516,0.06578366445916115,0.3898454746136865
0.4858281665190434,0.05845881310894597,0.06465899025686449,0.39105403011514617
0.48580301685891747,0.061224489795918366,0.064773735581189,0.38819875776397517
0.4745011086474501,0.06031042128603104,0.0647450110864745,0.40044345898004435
0.4688191065900044,0.06368863334807608,0.06457319770013269,0.4029190623617868
0.47568523430592397,0.0610079575596817,0.0636604774535809,0.39964633068081346
0.4704585537918871,0.06393298059964726,0.06128747795414462,0.404320987654321
0.4682468694096601,0.0626118067978533,0.0626118067978533,0.4065295169946333
0.4663716814159292,0.06017699115044248,0.06415929203539823,0.4092920353982301
0.4592427616926503,0.060579064587973276,0.061915367483296214,0.4182628062360802
0.4619110523998239,0.05856450902686042,0.06120651695288419,0.4183179216204315
0.45357618836072855,0.05952909817858729,0.061750333185251,0.42514438027543316
0.4523172905525847,0.05748663101604278,0.06283422459893048,0.4273618538324421
0.4521158129175947,0.05746102449888642,0.06369710467706013,0.4267260579064588
0.4544241885282348,0.05824811027123166,0.0609159626500667,0.4264117385504669
0.4589010989010989,0.05714285714285714,0.0589010989010989,0.42505494505494507
0.4561093956771063,0.054697838553153945,0.06263784737538597,0.4265549183943538
0.45195729537366547,0.0547153024911032,0.06094306049822064,0.43238434163701067
0.4559608540925267,0.051601423487544484,0.056494661921708184,0.4359430604982206
0.4542614904060687,0.05042391789379741,0.0571173583221776,0.4381972333779563
0.46288976723759334,0.048748353096179184,0.05577514273166447,0.432586736934563
0.46675531914893614,0.04831560283687943,0.05673758865248227,0.42819148936170215
0.47004405286343615,0.04889867841409692,0.05726872246696035,0.4237885462555066
0.4671950682518714,0.04667547335975341,0.059445178335535004,0.42668428005284015
0.4622182942996023,0.04728236853733982,0.058329650905877155,0.4321696862571807
0.4608619173262973,0.04661389621811785,0.0584872471416007,0.4340369393139842
0.4607190412782956,0.05015534842432313,0.056813138038171326,0.43231247225920993
0.458994708994709,0.04585537918871252,0.057760141093474424,0.43738977072310403
0.46021220159151194,0.04376657824933687,0.058355437665782495,0.4376657824933687
0.46595932802829354,0.04420866489832007,0.05702917771883289,0.4328028293545535
0.4687224669603524,0.04669603524229075,0.057709251101321586,0.42687224669603524
0.4718653079308817,0.047851129818342934,0.05405405405405406,0.4262295081967213
0.4646690518783542,0.04561717352415027,0.055456171735241505,0.434257602862254
0.4588550983899821,0.048747763864042934,0.0518783542039356,0.4405187835420394
0.4628469113697404,0.046553267681289166,0.05326768128916741,0.43733213965980305
0.46445916114790287,0.04900662251655629,0.053421633554083886,0.433112582781457
0.4665787159190853,0.04617414248021108,0.05716798592788039,0.43007915567282323
0.46093064091308167,0.0456540825285338,0.0553116769095698,0.43810359964881473
0.4669873196327066,0.047660690861390465,0.05640577175338872,0.42894621775251424
0.46616541353383456,0.04820875718708536,0.05926581158779301,0.42636001769128706
0.4640810929925077,0.04847950639048039,0.059497576024680476,0.42794182459233143
0.45948313622426634,0.04774419623302672,0.058694699956197985,0.43407796758650896
0.45186813186813185,0.04659340659340659,0.058021978021978025,0.44351648351648354
0.4410862899693386,0.04467805519053877,0.058694699956197985,0.45554095488392465
0.4418502202643172,0.04669603524229075,0.05859030837004405,0.452863436123348
0.4451812555260831,0.04907161803713528,0.05791335101679929,0.4478337754199823
0.4464763603925067,0.04683318465655665,0.056645851917930416,0.45004460303300625
0.44547053649956025,0.04661389621811785,0.05760773966578716,0.45030782761653476
0.4462081128747795,0.04938271604938271,0.059082892416225746,0.445326278659612
0.4367311072056239,0.05008787346221441,0.06063268892794376,0.45254833040421794
0.44631020768890856,0.05170128148475475,0.06053910737958462,0.4414494034467521
0.4493138556883577,0.05267817618415228,0.059318282425852145,0.4386896857016379
0.4493198771390961,0.05440982887231242,0.05704256252742431,0.43922773146116717
0.45006657789613846,0.052374611628939194,0.05725699067909454,0.4403018197958278
0.44967032967032966,0.04923076923076923,0.056263736263736264,0.44483516483516483
0.4463576158940397,0.04988962472406181,0.05474613686534217,0.44900662251655626
0.4477211796246649,0.04691689008042895,0.05183199285075961,0.45352993744414655
0.43975100044464205,0.04979991107158737,0.05246776345042241,0.45798132503334815
0.44809228039041704,0.048802129547471165,0.05013309671694765,0.45297249334516415
0.44710048694112436,0.05223550243470562,0.05223550243470562,0.4484285081894644
0.44498886414253896,0.053452115812917596,0.05746102449888642,0.44409799554565704
0.43872113676731794,0.05106571936056838,0.05461811722912966,0.455595026642984
0.4351279788172992,0.0498676081200353,0.05383936451897617,0.46116504854368934
0.43655049151027703,0.04870420017873101,0.05451295799821269,0.46023235031277926
0.4384170742552245,0.048910626945309024,0.05157847932414406,0.46109381947532235
0.4417150513622153,0.04778919160339437,0.05046895935685574,0.4600267976775346
0.43302180685358255,0.04984423676012461,0.047619047619047616,0.4695149087672452
0.44879786286731965,0.047640249332146035,0.04719501335707925,0.45636687444345503
0.4478009773434029,0.04886717014660151,0.04886717014660151,0.45446468236339405
0.4482758620689655,0.04862953138815208,0.04774535809018567,0.45534924845269675
0.4401766004415011,0.04944812362030905,0.05033112582781457,0.46004415011037525
0.44355555555555554,0.04844444444444444,0.04888888888888889,0.45911111111111114
0.4410729991204925,0.044854881266490766,0.051011433597185574,0.4630606860158311
0.4357048166151127,0.047724259832081305,0.05037560760053027,0.46619531595227576
0.4258521469676848,0.046923417441345726,0.05267817618415228,0.47454625940681716
0.4286979627989371,0.04650132860938884,0.05181576616474756,0.47298494242692646
0.4257602862254025,0.05232558139534884,0.05008944543828265,0.471824686940966
0.4289520426287744,0.05284191829484902,0.047957371225577264,0.4702486678507993
0.43520566121185317,0.04953560371517028,0.044228217602830605,0.47103051747014596
0.43245653143111906,0.04681230494872938,0.04413731609451627,0.47659384752563533
0.43340659340659343,0.04791208791208791,0.045714285714285714,0.47296703296703296
0.42825509300265724,0.05270150575730735,0.04295837023914969,0.47608503100088573
0.4194407456724368,0.05326231691078562,0.041278295605858856,0.48601864181091875
0.4230088495575221,0.05530973451327434,0.04292035398230089,0.47876106194690266
0.41932662877131616,0.05640577175338872,0.038478355924792304,0.48578924355050285
0.417910447761194,0.058823529411764705,0.036435469710272166,0.4868305531167691
0.41651865008880995,0.058170515097690945,0.03641207815275311,0.488898756660746
0.41488413547237074,0.05748663101604278,0.036541889483065956,0.4910873440285205
0.4145583666222814,0.05814469596094097,0.03861517976031957,0.48868175765645805
0.41264927023440956,0.057938965059708095,0.04024767801857585,0.4891640866873065
0.4145374449339207,0.05418502202643172,0.039207048458149776,0.4920704845814978
0.40967598757212603,0.05459387483355526,0.03861517976031957,0.4971149578339991
0.41063449508489724,0.05227882037533512,0.04155495978552279,0.49553172475424484
0.4210292812777285,0.05235137533274179,0.041259982253771074,0.48535936113575867
0.41998231653404067,0.05083996463306808,0.04155614500442087,0.4876215738284704
0.41732979664014147,0.04730327144120248,0.04111405835543767,0.4942528735632184
0.408,0.04666666666666667,0.04133333333333333,0.504
0.4105494505494505,0.04967032967032967,0.04043956043956044,0.49934065934065935
0.41379310344827586,0.050397877984084884,0.041998231653404064,0.4938107869142352
0.4166666666666667,0.051418439716312055,0.04210992907801418,0.48980496453900707
0.4184521206821163,0.04940970703979012,0.04197638828159161,0.49016178399650195
0.41460176991150444,0.05265486725663717,0.04336283185840708,0.4893805309734513
0.41438658428949693,0.04677846425419241,0.04810238305383936,0.4907325684024713
0.4142409314823108,0.050604567845947156,0.047021943573667714,0.48813255709807435
0.4227892652881654,0.05191377034755829,0.04575450945886494,0.47954245490541136
0.41905187835420393,0.05456171735241502,0.04830053667262969,0.47808586762075134
0.4195121951219512,0.05277161862527716,0.04611973392461197,0.4815964523281596
0.42131074453856443,0.049041462327240305,0.043691484618814086,0.4859563085153812
0.42750110180696343,0.048038783605112385,0.040546496253856326,0.4839136183340679
0.42321270962047663,0.050750220653133275,0.04060017652250662,0.4854368932038835
0.421957671957672,0.046296296296296294,0.04188712522045855,0.4898589065255732
0.41914335664335667,0.04589160839160839,0.043706293706293704,0.49125874125874125
0.41545893719806765,0.04479578392621871,0.04435660957400088,0.49538866930171277
0.4109042553191489,0.04609929078014184,0.04565602836879433,0.4973404255319149
0.40913081650570676,0.04521510096575944,0.04170324846356453,0.5039508340649693
0.40425531914893614,0.04476950354609929,0.04521276595744681,0.5057624113475178
0.40373499333036905,0.044464206313917294,0.044464206313917294,0.5073365940417963
0.40008841732979666,0.041998231653404064,0.04553492484526967,0.5123784261715296
0.39840989399293286,0.037985865724381625,0.046819787985865724,0.5167844522968198
0.3961010190518387,0.0412051395657953,0.048294195835179445,0.5143996455471865
0.3981399468556244,0.043401240035429584,0.04827280779450841,0.5101860053144376
0.3915156871409633,0.04551480335837384,0.04728236853733982,0.515687140963323
0.3946089262041538,0.04242156429518339,0.05037560760053027,0.5125939019001325
0.3930304367004852,0.04190560211733568,0.048963387737097484,0.5161005734450816
0.3891843971631206,0.04299645390070922,0.05230496453900709,0.5155141843971631
0.39054837271511367,0.04057066428889879,0.05260811413285778,0.5162728488631297
0.38400353513035795,0.04242156429518339,0.05125939019001326,0.5223155103844455
0.37775816416593117,0.0441306266548985,0.050750220653133275,0.5273609885260371
0.3783903957314362,0.04579813250333482,0.04490884837705647,0.5309026233881725
0.3752220248667851,0.044849023090586145,0.0452930728241563,0.5346358792184724
0.384,0.04533333333333334,0.042666666666666665,0.528
0.3830734966592428,0.04721603563474387,0.0400890868596882,0.5296213808463252
0.3841059602649007,0.046357615894039736,0.038852097130242826,0.5306843267108168
0.38898678414096916,0.048458149779735685,0.039207048458149776,0.5233480176211454
0.38376709307454787,0.04719894133215704,0.03970004411116013,0.529333921482135
0.3848202396804261,0.045272969374167776,0.040834442964935644,0.5290723479804705
0.39528679413072476,0.044464206313917294,0.037349933303690526,0.5228990662516674
0.39111111111111113,0.04088888888888889,0.036444444444444446,0.5315555555555556
0.3852967227635075,0.04074402125775022,0.04030115146147033,0.5336581045172719
0.38290449193196685,0.04012211077191452,0.041866550370693416,0.5351068469254252
0.378580872631115,0.04451300132216836,0.04275011018069634,0.5341560158660202
0.38353148392778513,0.04271246147071774,0.04491413474240423,0.5288419198590929
0.38576449912126537,0.04437609841827768,0.04569420035149385,0.5241652021089631
0.38642413487133986,0.04081632653061224,0.04569653948535936,0.5270629991126885
0.3830734966592428,0.042761692650334075,0.048106904231625836,0.5260579064587974
0.3796172674677348,0.04450378282153983,0.04672897196261682,0.5291499777481086
0.38232682060390766,0.04396092362344583,0.04573712255772647,0.5279751332149201
0.38043001316366826,0.045634050021939446,0.04870557261956999,0.5252303641948223
0.3824561403508772,0.04692982456140351,0.04868421052631579,0.5219298245614035
0.3777679362267493,0.047829937998228524,0.046058458813108945,0.5283436669619131
0.37694704049844235,0.04850912327547842,0.04672897196261682,0.5278148642634624
0.37664618086040386,0.05223880597014925,0.046093064091308165,0.5250219490781387
0.377817057003977,0.05170128148475475,0.04728236853733982,0.5231992929739284
0.3772163120567376,0.05452127659574468,0.047429078014184396,0.5208333333333334
0.3798932384341637,0.050711743772241996,0.04893238434163701,0.5204626334519573
0.37918871252204583,0.05026455026455026,0.04982363315696649,0.5207231040564374
0.3765432098765432,0.050705467372134036,0.048500881834215165,0.5242504409171076
0.38458149779735684,0.04933920704845815,0.04581497797356828,0.5202643171806167
0.38026315789473686,0.04649122807017544,0.04649122807017544,0.5267543859649123
0.37964601769911505,0.046902654867256637,0.04469026548672567,0.5287610619469026
0.383053839364519,0.047219770520741396,0.041924095322153576,0.527802294792586
0.38369517058041647,0.046964997784669914,0.04031900753212229,0.5290208241027913
0.3898305084745763,0.048239895697522815,0.04041720990873533,0.5215123859191656
0.3897932248130224,0.04927408710954685,0.04223493180818302,0.5186977562692477
0.3879272081668886,0.04837993786063027,0.04349755881047492,0.5201952951620062
0.38141592920353984,0.04513274336283186,0.047787610619469026,0.5256637168141592
0.38370044052863433,0.04405286343612335,0.048458149779735685,0.5237885462555066
0.3801220575414124,0.044463818657367045,0.046643417611159546,0.5287707061900611
0.3861824623560673,0.042515500442869794,0.047829937998228524,0.5234720992028343
0.38,0.04666666666666667,0.051111111111111114,0.5222222222222223
0.38657305835892936,0.0451952610794208,0.051777095217200524,0.5164545853444493
0.38972542072630645,0.04428697962798937,0.053144375553587246,0.5128432240921169
0.38648409893992935,0.044169611307420496,0.0534452296819788,0.5159010600706714
0.3789567543468569,0.043691484618814086,0.05572893446277307,0.5216228265715559
0.378580872631115,0.04451300132216836,0.05729396209784046,0.5196121639488761
0.37377341659232827,0.04460303300624442,0.05575379125780553,0.5258697591436218
0.37367957746478875,0.043133802816901406,0.05545774647887324,0.5277288732394366
0.375609756097561,0.04478935698447894,0.05454545454545454,0.5250554323725055
0.38099467140319715,0.047513321492007106,0.0541740674955595,0.5173179396092362
0.38389679715302494,0.04581850533807829,0.054270462633451956,0.5160142348754448
0.38313144908030505,0.04351727231942575,0.052489905787348586,0.5208613728129206
0.37829525483304044,0.043936731107205626,0.05360281195079086,0.5241652021089631
0.3806395094174332,0.045116075339465614,0.04993429697766097,0.5243101182654402
0.37296345222369,0.04579480405107882,0.04975781594011449,0.5314839277851167
0.3698630136986301,0.04728236853733982,0.047724259832081305,0.5351303579319487
0.38434321096859797,0.045112781954887216,0.04732419283502875,0.5232198142414861
0.3788350377945754,0.04579813250333482,0.048465984882169855,0.52690084481992
0.37791465024197096,0.04839419269687637,0.045314562252529694,0.528376594808623
0.37533039647577093,0.04933920704845815,0.04537444933920705,0.5299559471365639
0.37028824833702884,0.04567627494456763,0.048337028824833705,0.5356984478935698
0.36657801418439717,0.04609929078014184,0.04609929078014184,0.5412234042553191
0.3686779059449867,0.04214729370008873,0.046583850931677016,0.5425909494232476
0.37367957746478875,0.04665492957746479,0.04533450704225352,0.534330985915493
0.3749440715883669,0.046085011185682326,0.04384787472035794,0.5351230425055928
0.37617135207496655,0.04462293618920125,0.04239178937974119,0.536813922356091
0.37153088630259623,0.04207699194270367,0.045210384959713516,0.5411817367949866
0.3643652561247216,0.04365256124721604,0.04365256124721604,0.5483296213808463
0.3607791057990261,0.0451527224435591,0.043824701195219126,0.5502434705621957
0.36484098939929327,0.04240282685512368,0.045053003533568906,0.5477031802120141
0.36186252771618627,0.04212860310421286,0.04611973392461197,0.549889135254989
0.3589855706165282,0.04197638828159161,0.04678618277219064,0.5522518583296896
0.36108637577916297,0.0427426536064114,0.04630454140694568,0.54986642920748
0.3623124448367167,0.0410414827890556,0.04236540158870256,0.5542806707855251
0.36140350877192984,0.04298245614035088,0.04298245614035088,0.5526315789473685
0.36323464427750773,0.04242156429518339,0.04595669465311533,0.5483870967741935
0.36082928981032203,0.04455227172474636,0.04543449492721659,0.549183943537715
0.3578345070422535,0.04533450704225352,0.04973591549295775,0.5470950704225352
