C,D,Oc,Od
0.0,1.0,0.0,0.0
0.2,0.8,0.0,0.0
0.16666666666666666,0.6666666666666666,0.16666666666666666,0.0
0.15,0.7,0.15,0.0
0.1111111111111111,0.6666666666666666,0.16666666666666666,0.05555555555555555
0.15873015873015872,0.6031746031746031,0.15873015873015872,0.07936507936507936
0.18,0.55,0.18,0.09
0.20915032679738563,0.5163398692810458,0.16993464052287582,0.10457516339869281
0.22325581395348837,0.4604651162790698,0.20465116279069767,0.11162790697674418
0.23208191126279865,0.46075085324232085,0.1945392491467577,0.11262798634812286
0.24494949494949494,0.45454545454545453,0.18434343434343434,0.11616161616161616
0.2528957528957529,0.44594594594594594,0.1776061776061776,0.12355212355212356
0.2572741194486983,0.442572741194487,0.16998468606431852,0.13016845329249618
0.2503192848020434,0.44061302681992337,0.17369093231162197,0.13537675606641125
0.2489539748953975,0.42887029288702927,0.17573221757322174,0.14644351464435146
0.23885918003565063,0.43493761140819964,0.17825311942959002,0.14795008912655971
0.22032583397982933,0.4352211016291699,0.186966640806827,0.15748642358417378
0.2095687331536388,0.4393530997304582,0.18935309973045822,0.16172506738544473
0.1982089552238806,0.44238805970149253,0.191044776119403,0.16835820895522388
0.18338727076591155,0.43905070118662354,0.19201725997842503,0.1855447680690399
0.18806419257773319,0.43931795386158473,0.18655967903711135,0.1860581745235707
0.18621349928195308,0.443752991862135,0.18094782192436573,0.1890856869315462
0.18943955534969895,0.44187123668364986,0.1824918943955535,0.18619731357109773
0.18538565629228687,0.44339197113216056,0.17816869643662608,0.1930536761389265
0.18594306049822065,0.4430604982206406,0.17660142348754448,0.1943950177935943
0.18301803783545975,0.4456665200175979,0.17685877694676638,0.194456665200176
0.18769230769230769,0.4408791208791209,0.17450549450549452,0.19692307692307692
0.18854625550660792,0.43215859030837006,0.17753303964757708,0.20176211453744494
0.18340611353711792,0.4310043668122271,0.18340611353711792,0.2021834061135371
0.1839080459770115,0.4328028293545535,0.1816976127320955,0.20159151193633953
0.19003115264797507,0.42990654205607476,0.17979528259902092,0.20026702269692923
0.1920879120879121,0.4206593406593407,0.18461538461538463,0.20263736263736265
0.18903508771929825,0.42850877192982456,0.18640350877192982,0.19605263157894737
0.1913770347558293,0.42410910690717113,0.18433787945446548,0.2001759788825341
0.19525065963060687,0.41952506596306066,0.18293755496921724,0.2022867194371152
0.19690265486725664,0.41238938053097346,0.18230088495575222,0.2084070796460177
0.19587176108915239,0.41721563460693895,0.18225735617039965,0.204655248133509
0.1978984238178634,0.4133099824868651,0.18563922942206654,0.2031523642732049
0.205218929677134,0.4024767801857585,0.18796992481203006,0.2043343653250774
0.20599911777679752,0.3970004411116012,0.19673577415086016,0.20026466696074108
0.20436331255565449,0.39982190560997327,0.1892252894033838,0.20658949243098843
0.2067137809187279,0.4010600706713781,0.19169611307420495,0.20053003533568906
0.20985481742190937,0.3959524857017158,0.1970963484381874,0.1970963484381874
0.20707964601769913,0.4004424778761062,0.19424778761061948,0.19823008849557522
0.2066079295154185,0.3960352422907489,0.1960352422907489,0.2013215859030837
0.20185922974767595,0.3975210270030987,0.1983178397521027,0.20230190349712263
0.1975199291408326,0.40744021257750224,0.19574844995571303,0.19929140832595216
0.1985068072024594,0.40799297321036454,0.19367588932806323,0.19982433025911286
0.19490781387181738,0.4043020193151888,0.19754170324846357,0.2032484635645303
0.1986754966887417,0.39823399558498895,0.1955849889624724,0.20750551876379691
0.20492524186455585,0.38786279683377306,0.19876868953386104,0.20844327176781002
0.20220264317180617,0.3964757709251101,0.19515418502202644,0.20616740088105726
0.2060632688927944,0.38884007029876977,0.20123022847100175,0.2038664323374341
0.20778072502210435,0.3801945181255526,0.20335985853227231,0.20866489832007074
0.2088635366388767,0.38525669153137343,0.19877139096094779,0.2071083808688021
0.20950704225352113,0.3882042253521127,0.19762323943661972,0.20466549295774647
0.20515058926233087,0.39109559144478395,0.19773024879965082,0.2060235704932344
0.2008869179600887,0.3875831485587583,0.20133037694013303,0.21019955654101996
0.20644022937803264,0.38332598147331276,0.1985002205558006,0.211733568592854
0.19823008849557522,0.3902654867256637,0.19823008849557522,0.21327433628318584
0.20954907161803712,0.38417329796640143,0.19805481874447392,0.20822281167108753
0.20814880425155005,0.3848538529672276,0.20062001771479185,0.20637732506643047
0.20480349344978166,0.3812227074235808,0.20480349344978166,0.2091703056768559
0.20290492957746478,0.3767605633802817,0.2055457746478873,0.2147887323943662
0.19462791721708497,0.3817701453104359,0.2047556142668428,0.2188463232056363
0.19773024879965082,0.3749454386730685,0.2112614578786556,0.21606285464862504
0.19486271036315322,0.3848538529672276,0.20726306465899025,0.21302037201062887
0.19187062937062938,0.3833041958041958,0.2089160839160839,0.2159090909090909
0.18637362637362637,0.3863736263736264,0.210989010989011,0.21626373626373627
0.18402471315092675,0.3901147396293027,0.20741394527802295,0.21844660194174756
0.1855442926399295,0.3904803878360511,0.20581754076685765,0.21815777875716175
0.18461538461538463,0.38857142857142857,0.20747252747252748,0.21934065934065933
0.18588025022341376,0.38516532618409294,0.2064343163538874,0.2225201072386059
0.18905908096280089,0.3859956236323851,0.20962800875273524,0.21531728665207878
0.18541033434650456,0.3803734259661311,0.21016066000868433,0.22405557967867998
0.1798497569597879,0.3800265134776845,0.21652673442333187,0.22359699513919576
0.17719298245614035,0.38552631578947366,0.21228070175438596,0.225
0.18360226777147842,0.3868294810292194,0.20540776275621456,0.22416048844308767
0.18538088947600176,0.38221047996477325,0.20783795684720388,0.22457067371202113
0.18638790035587188,0.38389679715302494,0.2090747330960854,0.2206405693950178
0.189010989010989,0.3758241758241758,0.20967032967032967,0.2254945054945055
0.19014084507042253,0.3807218309859155,0.20334507042253522,0.22579225352112675
0.19876051350154936,0.38202744577246567,0.19743249225320939,0.22177954847277556
0.19022687609075042,0.3800174520069808,0.20506108202443282,0.22469458987783594
0.19964973730297722,0.37959719789842383,0.202276707530648,0.21847635726795098
0.19606967396159,0.37427422956677087,0.20187583742742296,0.22778025904421617
0.20642605633802816,0.36795774647887325,0.2007042253521127,0.2249119718309859
0.20341955282770716,0.3665059184568172,0.20561157387110915,0.2244629548443665
0.2056644880174292,0.36427015250544664,0.20522875816993463,0.22483660130718955
0.20783795684720388,0.36459709379128136,0.2025539409951563,0.22501100836635843
0.21052631578947367,0.3631578947368421,0.2013157894736842,0.225
0.20940550133096716,0.36069210292812776,0.20718722271517304,0.22271517302573204
0.2080745341614907,0.36024844720496896,0.20763087843833186,0.22404614019520852
0.2137809187279152,0.35954063604240283,0.20318021201413428,0.2234982332155477
0.21636917718763604,0.3643883326077492,0.20113191118850673,0.21811057901610797
0.21142109851787272,0.3644289450741064,0.2022667829119442,0.22188317349607672
0.21122403888643393,0.3623508616880248,0.20326999558108705,0.22315510384445428
0.21658579620644022,0.3603881782090869,0.2086457873842082,0.21438023820026467
0.21262604120999562,0.3638754932047348,0.208680403331872,0.21481806225339764
0.21579876434245365,0.36187113857016767,0.2091791703442189,0.21315092674315975
0.210872424375274,0.36869793950021923,0.20955721174923278,0.210872424375274
0.2170611880303707,0.3698079499776686,0.205895489057615,0.20723537293434569
0.22009569377990432,0.36537625054371464,0.20704654197477165,0.2074815137016094
0.22124283825473778,0.36844424856765096,0.20493609519612163,0.20537681798148966
0.21831925300133392,0.3659404179635394,0.20987105380168963,0.2058692752334371
0.2235861464270057,0.36606751424813677,0.20648838228846997,0.20385795703638754
0.22514235654840123,0.36530880420499345,0.2049934296977661,0.20455540954883925
0.21719858156028368,0.37101063829787234,0.2074468085106383,0.20434397163120568
0.22868561278863234,0.3627886323268206,0.20870337477797513,0.19982238010657194
0.224945295404814,0.3601750547045952,0.21050328227571116,0.20437636761487965
0.22854640980735552,0.35288966725043786,0.21147110332749564,0.20709281961471104
0.2319542253521127,0.34991197183098594,0.2108274647887324,0.207306338028169
0.23503521126760563,0.35079225352112675,0.20906690140845072,0.2051056338028169
0.23586572438162545,0.3392226148409894,0.2151060070671378,0.20980565371024734
0.2387011847301448,0.3466432645897323,0.2088635366388767,0.20579201404124617
0.23748902546093065,0.3358208955223881,0.21334503950834066,0.21334503950834066
0.2336980306345733,0.33172866520787747,0.2188183807439825,0.21575492341356675
0.2388913330400352,0.32996040475142985,0.2168939727232732,0.21425428948526176
0.24047829937998227,0.3246235606731621,0.21567759078830823,0.21922054915854738
0.23511248345831495,0.3286281429201588,0.22143802382002647,0.21482134980149978
0.23896898208824816,0.3285277413717781,0.2166885102664919,0.21581476627348187
0.23211935059236508,0.3317244405440983,0.22027204914436158,0.21588415971917507
0.24211908931698775,0.329246935201401,0.21935201401050788,0.20928196147110334
0.2482608695652174,0.32304347826086954,0.21565217391304348,0.21304347826086956
0.24889673433362755,0.3159752868490733,0.21800529567519858,0.21712268314210062
0.24525805028672254,0.31848257609175123,0.21658579620644022,0.21967357741508603
0.2403888643393725,0.3212549712770658,0.21961997348652232,0.21873619089703933
0.23957409050576753,0.321206743566992,0.22138420585625554,0.2178349600709849
0.23537293434569004,0.32112550245645377,0.2206342117016525,0.22286735149620365
0.24098504837291118,0.3175021987686895,0.22075637642919965,0.22075637642919965
0.24049513704686118,0.3156498673740053,0.21794871794871795,0.22590627763041557
0.24060150375939848,0.31048208757187085,0.22202565236620964,0.226890756302521
0.23876651982378855,0.31233480176211453,0.22466960352422907,0.22422907488986785
0.23748902546093065,0.30597014925373134,0.22651448639157157,0.23002633889376647
0.24078947368421053,0.2982456140350877,0.23157894736842105,0.2293859649122807
0.2415329768270945,0.28921568627450983,0.23663101604278075,0.232620320855615
0.24113785557986872,0.29584245076586435,0.23457330415754923,0.22844638949671772
0.24119718309859156,0.3032570422535211,0.2266725352112676,0.22887323943661972
0.2398753894080997,0.30351579884290164,0.22118380062305296,0.23542501112594572
0.23908248786943095,0.3026025584472872,0.2258491398323776,0.23246581385090428
0.24382716049382716,0.29541446208112876,0.22663139329805995,0.23412698412698413
0.24624226348364278,0.3006189213085765,0.21794871794871795,0.23519009725906279
0.24923747276688454,0.29673202614379085,0.21437908496732025,0.23965141612200436
0.24913194444444445,0.2994791666666667,0.21614583333333334,0.23524305555555555
0.24515845070422534,0.2988556338028169,0.21742957746478872,0.238556338028169
0.24491600353669318,0.2922192749778957,0.21794871794871795,0.24491600353669318
0.24481693868548743,0.28848698720776356,0.2262902514336127,0.24040582267313632
0.24463894967177244,0.2862144420131291,0.22538293216630198,0.2437636761487965
0.24734982332155478,0.29019434628975266,0.21731448763250882,0.24514134275618374
0.24778761061946902,0.2849557522123894,0.22300884955752212,0.24424778761061947
0.24763135228251507,0.27906976744186046,0.2243755383290267,0.24892334194659776
0.24823321554770317,0.2831272084805654,0.22570671378091872,0.24293286219081273
0.2504378283712785,0.2797723292469352,0.22416812609457093,0.2456217162872154
0.2496685815289439,0.27971718957136543,0.22801590808661068,0.24259832081307997
0.2469244288224956,0.27768014059753954,0.23198594024604569,0.24340949033391915
0.2447089947089947,0.27645502645502645,0.23236331569664903,0.2464726631393298
0.24879544459045116,0.2724485326325011,0.23215067893123084,0.24660534384581692
0.24526640246587406,0.277851166886834,0.23161602818141788,0.24526640246587406
0.2530755711775044,0.2640597539543058,0.23286467486818982,0.25
0.25407309555262,0.2611184500220167,0.23910171730515192,0.24570673712021135
0.2507699076110867,0.2591289045314562,0.2454905411350638,0.2446106467223933
0.25540361711513015,0.2615791795324217,0.24614027348919276,0.2368769298632554
0.25197195442594217,0.26555652936021035,0.2427695004382121,0.2397020157756354
0.2558037669732808,0.26412614980289095,0.24353920280332894,0.23653088042049936
0.2533039647577093,0.2643171806167401,0.2409691629955947,0.24140969162995596
0.2510974539069359,0.2655838454784899,0.24582967515364354,0.23748902546093065
0.24857518632178868,0.26742656729504605,0.24506795265234546,0.2389302937308198
0.2456217162872154,0.2626970227670753,0.2478108581436077,0.24387040280210157
0.2462356067316209,0.2683790965456156,0.24844995571302037,0.23693534100974314
0.24163732394366197,0.2649647887323944,0.25308098591549294,0.24031690140845072
0.24911971830985916,0.26276408450704225,0.24779929577464788,0.24031690140845072
0.2440944881889764,0.2668416447944007,0.2532808398950131,0.2357830271216098
0.2523076923076923,0.26681318681318683,0.24395604395604395,0.23692307692307693
0.25417032484635643,0.26382791922739246,0.25197541703248466,0.23002633889376647
0.25578350065473593,0.26320384111741596,0.24967263203841117,0.23134002618943691
0.25930851063829785,0.2632978723404255,0.2522163120567376,0.225177304964539
0.2615182097411145,0.2580078982009653,0.249670908293111,0.23080298376480912
0.25043478260869567,0.26130434782608697,0.2539130434782609,0.23434782608695653
0.253315649867374,0.2595048629531388,0.25862068965517243,0.22855879752431477
0.25365853658536586,0.2607538802660754,0.2541019955654102,0.23148558758314855
0.2626441881100266,0.2573203194321207,0.24889086069210292,0.2311446317657498
0.256466462078036,0.2599736957474792,0.2503288031565103,0.23323103901797457
0.2619877942458588,0.25937227550130776,0.24324324324324326,0.23539668700959024
0.2643171806167401,0.2682819383259912,0.24052863436123348,0.22687224669603523
0.2610619469026549,0.27123893805309734,0.2407079646017699,0.22699115044247786
0.26605101143359716,0.2717678100263852,0.24098504837291118,0.22119613016710643
0.2621527777777778,0.2660590277777778,0.24088541666666666,0.2309027777777778
0.2656729504603244,0.26698816308636564,0.23936869793950022,0.22797018851380974
0.2640597539543058,0.2609841827768014,0.24121265377855888,0.23374340949033393
0.26092657342657344,0.26617132867132864,0.23776223776223776,0.23513986013986013
0.26845342706502634,0.2631810193321617,0.23418277680140598,0.23418277680140598
0.2639193336256028,0.265234546251644,0.22928540113985094,0.24156071898290224
0.2622085349758029,0.2666080070391553,0.22701275846898372,0.24417069951605808
0.25925925925925924,0.2689594356261023,0.22178130511463845,0.25
0.25976909413854354,0.26598579040852577,0.22868561278863234,0.2455595026642984
0.2604074402125775,0.26217891939769705,0.23427812223206376,0.24313551815766166
0.2590335219851981,0.25772747061384416,0.2350892468437092,0.24814976055724858
0.25486725663716814,0.26017699115044246,0.22964601769911505,0.2553097345132743
0.2576285963382738,0.25675675675675674,0.23147340889276374,0.25414123801220573
0.25813544415127526,0.2510993843447669,0.2357080035180299,0.25505716798592787
0.26054150022192635,0.24766977363515313,0.23435419440745672,0.2574345317354638
0.25766871165644173,0.24452234881682736,0.2427695004382121,0.25503943908851884
0.2619047619047619,0.24118165784832452,0.24603174603174602,0.2508818342151676
0.25886524822695034,0.24645390070921985,0.24601063829787234,0.24867021276595744
0.2611353711790393,0.24672489082969432,0.23755458515283842,0.254585152838428
0.2604671661524901,0.249889819303658,0.23975319524019392,0.249889819303658
0.25817706061927603,0.2516354121238552,0.23288268643698212,0.25730484081988664
0.250771264874394,0.24283825473776993,0.24504186866460997,0.2613486117232261
0.2557522123893805,0.24336283185840707,0.2420353982300885,0.2588495575221239
0.2518714222809335,0.24174372523117568,0.24790841039189784,0.25847644209599296
0.2575957727873184,0.2404227212681638,0.23910171730515192,0.2628797886393659
0.26285714285714284,0.23692307692307693,0.24351648351648353,0.2567032967032967
0.2628345765686705,0.23738481790258886,0.2430890741553313,0.2566915313734094
0.2659902955447728,0.2368769298632554,0.23908248786943095,0.2580502867225408
0.26693227091633465,0.23550243470562196,0.23860115095174855,0.2589641434262948
0.2701275846898372,0.2388913330400352,0.2344918609766828,0.2564892212934448
0.2693321616871705,0.23462214411247803,0.23418277680140598,0.2618629173989455
0.26637744034707156,0.23947939262472884,0.23817787418655098,0.2559652928416486
0.2626707800793301,0.24371970030850595,0.2384310268840899,0.255178492728074
0.25877192982456143,0.24342105263157895,0.24078947368421053,0.25701754385964914
0.2497789566755084,0.246684350132626,0.24314765694076038,0.2603890362511052
0.24734982332155478,0.24249116607773852,0.24911660777385158,0.26104240282685515
0.24702774108322326,0.24174372523117568,0.24526640246587406,0.265962131219727
0.25911286780852,0.2419850680720246,0.23978919631093545,0.25911286780852
0.2614180078294911,0.24010439321444105,0.23618964767290127,0.2622879512831666
0.26142355008787344,0.2398945518453427,0.23506151142355008,0.26362038664323373
0.26437806509139544,0.23762817654926438,0.23272403031654035,0.2652697280427998
0.2595688517377915,0.2353717553893533,0.23405191377034756,0.2710074791025077
0.26162018592297476,0.23860115095174855,0.23019034971226207,0.2695883134130146
0.2601130926489778,0.23183993040452372,0.23053501522401043,0.27751196172248804
0.263901147396293,0.23300970873786409,0.23698146513680493,0.26610767872903796
0.26152482269503546,0.23315602836879432,0.2322695035460993,0.2730496453900709
0.26128890837352037,0.23805348531345902,0.23147742218325296,0.26918018412976763
0.2578090629124505,0.2358117025956885,0.23757149142102948,0.2688077430708315
0.24977856510186006,0.24136403897254208,0.24402125775022143,0.26483613817537643
0.2511013215859031,0.23920704845814977,0.2497797356828194,0.2599118942731278
0.25570175438596493,0.23771929824561402,0.24956140350877193,0.25701754385964914
0.25394736842105264,0.2307017543859649,0.25263157894736843,0.262719298245614
0.2575558475689882,0.2290845378887429,0.2566798072711345,0.2566798072711345
0.25622775800711745,0.23087188612099643,0.2606761565836299,0.25222419928825623
0.25424486148346737,0.22832886505808758,0.2546916890080429,0.26273458445040215
0.25867369345630215,0.22397891963109354,0.2507685551163812,0.2665788317962231
0.2530013339261894,0.2249888839484215,0.2521120497999111,0.269897732325478
0.25429704715733803,0.22829440282062582,0.25429704715733803,0.2631115028646981
0.2559366754617414,0.22383465259454705,0.25285839929639403,0.2673702726473175
0.2548758865248227,0.22606382978723405,0.2526595744680851,0.26640070921985815
0.2550930026572188,0.22187776793622674,0.2608503100088574,0.26217891939769705
0.25590726705305394,0.21756576014266607,0.25769059295586266,0.2688363798484173
0.2608125819134993,0.22236784622105724,0.25557011795543905,0.26124945391000437
0.26377440347071585,0.220824295010846,0.2598698481561822,0.25553145336225597
0.2611353711790393,0.21965065502183406,0.2593886462882096,0.259825327510917
0.25386996904024767,0.22423706324635118,0.26094648385670055,0.26094648385670055
0.2467134092900964,0.22699386503067484,0.2677475898334794,0.25854513584574934
0.25220848056537104,0.2314487632508834,0.2575088339222615,0.2588339222614841
0.25296964364276286,0.2336119665640123,0.2600087989441267,0.2534095908490981
0.2551693796744391,0.2309722833260009,0.2600087989441267,0.25384953805543337
0.256477821695213,0.23978919631093545,0.2551602986385595,0.24857268335529206
0.2599388379204893,0.24071647007426825,0.2529488859764089,0.24639580602883354
0.2660270388137811,0.23855211513301353,0.24901875272568688,0.24640209332751853
0.2645620275678079,0.23788350377945755,0.2512227656736327,0.2463317029791018
0.26399294843543414,0.2371088585279859,0.25341560158660204,0.24548259144997797
0.26877470355731226,0.23539745278875715,0.25384277558190604,0.2419850680720246
0.2652881654201496,0.23977122745270568,0.25252969643642764,0.2424109106907171
0.26505494505494503,0.23912087912087912,0.2558241758241758,0.24
0.2646669607410675,0.23775915306572562,0.2562858403176004,0.24128804587560654
0.2699468085106383,0.23803191489361702,0.25620567375886527,0.23581560283687944
0.2786458333333333,0.234375,0.2543402777777778,0.2326388888888889
0.2799650043744532,0.23709536307961504,0.2537182852143482,0.22922134733158356
0.2831588132635253,0.23821989528795812,0.25523560209424084,0.22338568935427575
0.28854625550660795,0.23700440528634362,0.25198237885462554,0.22246696035242292
0.28440366972477066,0.24071647007426825,0.2525120139799039,0.22236784622105724
0.2849015317286652,0.23413566739606126,0.2485776805251641,0.23238512035010941
0.28716814159292037,0.23672566371681417,0.24646017699115044,0.22964601769911505
0.28602620087336245,0.23275109170305677,0.24541484716157205,0.23580786026200873
0.2915387987724682,0.23366944322665498,0.23980710214818063,0.23498465585269618
0.2927472527472528,0.2334065934065934,0.2408791208791209,0.23296703296703297
0.29349736379613356,0.23286467486818982,0.23857644991212654,0.23506151142355008
0.287467134092901,0.23137598597721298,0.24057843996494302,0.24057843996494302
0.29567519858781993,0.23080317740511916,0.23300970873786409,0.24051191526919682
0.28886925795053003,0.22747349823321555,0.23542402826855124,0.24823321554770317
0.2885964912280702,0.22631578947368422,0.23026315789473684,0.2548245614035088
0.2846425419240953,0.23742277140335394,0.22727272727272727,0.2506619593998235
0.28108581436077057,0.24124343257443082,0.22416812609457093,0.2535026269702277
0.2753303964757709,0.23524229074889869,0.22819383259911893,0.26123348017621145
0.27992957746478875,0.2367957746478873,0.2249119718309859,0.258362676056338
0.28169014084507044,0.23723591549295775,0.22755281690140844,0.2535211267605634
0.2826086956521739,0.23336291038154391,0.2222715173025732,0.26175687666370895
0.27765437583296315,0.23811639271434917,0.2252332296756997,0.258996001776988
0.2857142857142857,0.24,0.21714285714285714,0.2571428571428571
0.28172138420585624,0.23425022182786157,0.225377107364685,0.25865128660159714
0.2785368003525782,0.2375495813133539,0.2256500661084178,0.25826355222565006
0.28070953436807095,0.23680709534368072,0.22926829268292684,0.2532150776053215
0.27883340698188247,0.24259832081307997,0.22271321254971277,0.2558550596553248
0.27651183172655563,0.24057843996494302,0.2283085013146363,0.254601226993865
0.2766884531590414,0.24226579520697167,0.2318082788671024,0.24923747276688454
0.2718531468531469,0.24125874125874125,0.2368881118881119,0.25
0.27985896870868227,0.2379903040987219,0.22785368003525783,0.25429704715733803
0.27448397013614406,0.23847167325428195,0.2318840579710145,0.2551602986385595
0.27593818984547464,0.2392935982339956,0.2304635761589404,0.2543046357615894
0.27714033539276256,0.2444836716681377,0.22859664607237423,0.2497793468667255
0.276558384547849,0.24451273046532046,0.23002633889376647,0.2489025460930641
0.283436669619132,0.23870682019486272,0.23427812223206376,0.24357838795394154
0.28232189973614774,0.23614775725593667,0.23614775725593667,0.24538258575197888
0.2787102473498233,0.23895759717314488,0.23409893992932862,0.24823321554770317
0.27333038478549315,0.23927465723131358,0.23485183547103053,0.25254312251216277
0.2781195079086116,0.242091388400703,0.23110720562390158,0.24868189806678384
0.27884615384615385,0.24519230769230768,0.22814685314685315,0.2478146853146853
0.28370663153271847,0.24462011418533158,0.2235397452788757,0.2481335090030742
0.2810170977641385,0.24725997369574748,0.2209557211749233,0.2507672073651907
0.28185840707964605,0.2424778761061947,0.22168141592920354,0.25398230088495577
0.28167174575533305,0.24205485415759687,0.22289943404440574,0.2533739660426643
0.28060097216084845,0.24083075563411402,0.22448077772867875,0.2540874944763588
0.27699115044247785,0.24424778761061947,0.22035398230088496,0.2584070796460177
0.27763041556145,0.24624226348364278,0.21883289124668434,0.2572944297082228
0.2777777777777778,0.24162257495590828,0.22001763668430335,0.2605820105820106
0.2826373626373626,0.2413186813186813,0.21670329670329672,0.25934065934065936
0.27758164165931154,0.2444836716681377,0.2202118270079435,0.25772285966460723
0.282389108476065,0.2349582784365393,0.2191480017566974,0.2635046113306983
0.27436347673397715,0.23968393327480245,0.2247585601404741,0.26119402985074625
0.27340008707009145,0.23813670004353504,0.22507618632999565,0.26338702655637786
0.27296703296703295,0.24571428571428572,0.21670329670329672,0.26461538461538464
0.2706866197183099,0.24163732394366197,0.21875,0.2689260563380282
0.272202486678508,0.23845470692717585,0.22202486678507993,0.2673179396092362
0.27481252756947505,0.24217026907807676,0.21570357300397,0.26731363034847816
0.27688289072703526,0.24031345232912493,0.21332172398781019,0.2694819329560296
0.27518863737239235,0.23568575233022637,0.21216156236129605,0.2769640479360852
0.2754069511658601,0.2331720193576771,0.21161460624725034,0.2798064232292125
0.27184466019417475,0.23654015887025595,0.2118270079435128,0.2797881729920565
0.271729587357331,0.23397717295873574,0.21378402107111502,0.28050921861281825
0.27372583479789103,0.2359402460456942,0.21441124780316345,0.2759226713532513
0.27816901408450706,0.2323943661971831,0.20950704225352113,0.27992957746478875
0.274622892635315,0.23558118899733807,0.21472937000887313,0.27506654835847383
0.2779991146525011,0.23151837096060204,0.21115537848605578,0.2793271359008411
0.2743207712532866,0.2401402278702892,0.2151621384750219,0.2703768624014023
0.2773851590106007,0.23807420494699646,0.2146643109540636,0.2698763250883392
0.279754062362758,0.24022837066315328,0.21124286341677645,0.26877470355731226
0.2780678851174935,0.2432550043516101,0.21366405570060923,0.2650130548302872
0.27276707530647987,0.24387040280210157,0.21628721541155868,0.2670753064798599
0.2727272727272727,0.243006993006993,0.21197552447552448,0.2722902097902098
0.2721631205673759,0.23847517730496454,0.21409574468085107,0.2752659574468085
0.26964828484585324,0.24012158054711247,0.21016066000868433,0.28006947459834997
0.2734891927657697,0.23511248345831495,0.2112924569916189,0.28010586678429644
0.27153476169654567,0.23087013554875382,0.21031919545255795,0.28727590730214253
0.2781427945685502,0.23039859833552342,0.20017520805957073,0.2912833990363557
0.27196467991169976,0.2282560706401766,0.2088300220750552,0.29094922737306844
0.27353071144498453,0.21785240830755634,0.20901458241272647,0.29960229783473263
0.2750439367311072,0.21748681898066785,0.21309314586994726,0.29437609841827767
0.27672679278486584,0.20985481742190937,0.21161460624725034,0.3018037835459745
0.2780960775672102,0.2124283825473777,0.21639488761568973,0.29308065226972235
0.2830687830687831,0.21031746031746032,0.21472663139329806,0.29188712522045857
0.2852158744003489,0.21151330135194069,0.21849105974705627,0.2847797645006542
0.2844677137870855,0.2081151832460733,0.22207678883071552,0.28534031413612565
0.2864698104892023,0.21375055090348172,0.22036139268400176,0.2794182459233142
0.29071803852889666,0.2105954465849387,0.22154115586690018,0.27714535901926446
0.2918133802816901,0.207306338028169,0.2249119718309859,0.27596830985915494
0.28476232785428696,0.2079075966237228,0.22301199466903598,0.28431808085295424
0.2853992059991178,0.21482134980149978,0.22364358182620203,0.27613586237318044
0.28273413226808697,0.21260541500221927,0.22858411007545495,0.2760763426542388
0.28258007898200965,0.21193505923650724,0.22948661693725317,0.2759982448442299
0.2848939929328622,0.21201413427561838,0.22835689045936397,0.2747349823321555
0.2853333333333333,0.2137777777777778,0.22977777777777778,0.27111111111111114
0.2860915492957746,0.21610915492957747,0.22799295774647887,0.269806338028169
0.2837659480862297,0.2212934447866256,0.22833260008798945,0.2666080070391553
0.28608809419973835,0.21151330135194069,0.23026602703881377,0.2721325774095072
0.282985339848956,0.2176810306530431,0.2318969346956908,0.2674366948023101
0.28024369016536116,0.22410791993037424,0.2267188859878155,0.2689295039164491
0.272212543554007,0.2229965156794425,0.23519163763066203,0.2695993031358885
0.2808641975308642,0.2204585537918871,0.23015873015873015,0.26851851851851855
0.2799825556040122,0.22416048844308767,0.23201046663759267,0.26384648931530746
0.27256715103478646,0.22677234698370763,0.22721268163804492,0.27344782034346105
0.2757255936675462,0.218117854001759,0.2326297273526825,0.27352682497801234
0.28160919540229884,0.21352785145888595,0.23607427055702918,0.268788682581786
0.2761324041811847,0.21646341463414634,0.24085365853658536,0.2665505226480836
0.2786885245901639,0.21754541426672575,0.23969871510855117,0.26406734603455917
0.28395604395604396,0.20835164835164835,0.23868131868131867,0.269010989010989
0.27643703378674855,0.21676173760421238,0.24089512944273805,0.26590609916630104
0.28105726872246695,0.21762114537444935,0.24185022026431718,0.2594713656387665
0.2764835164835165,0.21846153846153846,0.24043956043956044,0.26461538461538464
0.282039911308204,0.21729490022172948,0.23680709534368072,0.2638580931263858
0.2831272084805654,0.21996466431095407,0.2332155477031802,0.26369257950530034
0.2843224092116918,0.21612046058458814,0.23604960141718334,0.26350752878653677
0.2894387980556783,0.2191780821917808,0.23022536456031817,0.26115775519222273
0.2890453145622525,0.2168939727232732,0.23669159700835898,0.25736911570611526
0.2897727272727273,0.2202797202797203,0.229020979020979,0.26092657342657344
0.29183049366535607,0.218435998252512,0.22411533420707733,0.2656181738750546
0.2898357745228584,0.21615623612960497,0.22769640479360853,0.2663115845539281
0.2890148212728858,0.2136006974716652,0.23365300784655624,0.26373147340889275
0.28927789934354486,0.21706783369803062,0.23063457330415754,0.263019693654267
0.27911033580462274,0.21979938944614041,0.2363715656345399,0.2647187091146969
0.2803861342694164,0.21895568231680562,0.23124177270732776,0.26941641070645017
0.2841918294849023,0.21714031971580816,0.2313499111900533,0.2673179396092362
0.2825311942959002,0.22014260249554368,0.23618538324420676,0.2611408199643494
0.29023746701846964,0.21943711521547934,0.23526824978012312,0.25505716798592787
0.2923280423280423,0.21693121693121692,0.22971781305114639,0.26102292768959434
0.28753292361720806,0.21466198419666374,0.23529411764705882,0.26251097453906935
0.29046563192904656,0.21596452328159646,0.23148558758314855,0.2620842572062084
0.2897851819377466,0.22183252959228408,0.23060061376589217,0.25778167470407715
0.28995130588756085,0.22532093846834883,0.23063302346170872,0.2540947321823816
0.2928759894459103,0.22691292875989447,0.23043095866314864,0.2497801231310466
0.28735632183908044,0.22679045092838196,0.23032714412024757,0.25552608311229
0.289760348583878,0.22962962962962963,0.22570806100217866,0.2549019607843137
0.28728070175438597,0.22456140350877193,0.2293859649122807,0.25877192982456143
0.2920747996438112,0.21905609973285842,0.2252894033837934,0.26357969723953695
0.29452954048140045,0.2175054704595186,0.2301969365426696,0.2577680525164114
0.28855501546619533,0.2213875386654883,0.2337604949182501,0.25629695095006627
0.28891820580474936,0.218117854001759,0.23306948109058928,0.2598944591029024
0.2887723896898209,0.21363040629095675,0.2346002621231979,0.26299694189602446
0.28715919085312225,0.21459982409850484,0.23746701846965698,0.26077396657871593
0.2860310421286031,0.21773835920177384,0.23636363636363636,0.2598669623059867
0.291906236178682,0.21052631578947367,0.23042901371074745,0.26713843432109685
0.29183049366535607,0.21756225425950196,0.22324159021406728,0.2673656618610747
0.2942982456140351,0.21096491228070174,0.22324561403508772,0.27149122807017545
0.29640980735551664,0.2149737302977233,0.21891418563922943,0.26970227670753066
0.299469964664311,0.2151060070671378,0.21554770318021202,0.2698763250883392
0.29695885509839,0.21779964221824688,0.21511627906976744,0.2701252236135957
0.29916776171703896,0.2172579938677179,0.21769601401664476,0.2658782303985983
0.3052261747913922,0.2147562582345191,0.20948616600790515,0.27053140096618356
0.2987751531058618,0.2178477690288714,0.21609798775153105,0.2672790901137358
0.2992021276595745,0.21631205673758866,0.21365248226950354,0.2708333333333333
0.2904929577464789,0.2169894366197183,0.2112676056338028,0.28125
0.29318681318681317,0.21274725274725276,0.21274725274725276,0.2813186813186813
0.29354553492484525,0.21264367816091953,0.21662245800176835,0.27718832891246686
0.29780564263322884,0.2122704881325571,0.21450962830273176,0.2754142409314823
0.29326287978863935,0.21400264200792601,0.21003963011889035,0.28269484808454426
0.30505494505494507,0.21362637362637363,0.2079120879120879,0.2734065934065934
0.2966064345526664,0.2150727192595857,0.20361392684001764,0.2847069193477303
0.2920122217372326,0.214316892186818,0.20296813618507203,0.29070274989087735
0.2881504153913424,0.2225623087013555,0.20244862264975952,0.28683865325754265
0.28125,0.2244718309859155,0.20246478873239437,0.2918133802816901
0.2753303964757709,0.22995594713656387,0.2066079295154185,0.28810572687224667
0.2666959578207381,0.22978910369068542,0.210896309314587,0.29261862917398945
0.2683355292050944,0.22968818620992534,0.20070267896354854,0.3012736056214317
0.27024647887323944,0.23327464788732394,0.1954225352112676,0.301056338028169
0.2732072151341839,0.22613286405631325,0.20061592608886933,0.30004399472063353
0.27276765881830295,0.22745446468236338,0.20079964460239894,0.2989782318969347
0.2809734513274336,0.22920353982300884,0.19778761061946903,0.2920353982300885
0.2830605926581159,0.22335249889429457,0.2043343653250774,0.28925254312251214
0.2774869109947644,0.23036649214659685,0.20331588132635253,0.28883071553228623
0.2787532923617208,0.22695346795434593,0.1984196663740123,0.295873573309921
0.28182616330114135,0.22870939420544337,0.19754170324846357,0.2919227392449517
0.28383705650459923,0.22601839684625494,0.20192728865527815,0.2882172579938677
0.28502837189000435,0.22261021388040156,0.20296813618507203,0.28939327804452203
0.2868490732568402,0.21932921447484555,0.20388349514563106,0.28993821712268314
0.27604395604395604,0.2276923076923077,0.20307692307692307,0.29318681318681317
0.2832523199292974,0.2222713212549713,0.20238621299160406,0.2920901458241273
0.2891619131197894,0.2233435717419921,0.19833260201842914,0.2891619131197894
0.28508578970523535,0.22921249450065992,0.19621645402551693,0.28948526176858774
0.2819947043248014,0.23036187113857018,0.19814651368049427,0.28949691085613416
0.2824053452115813,0.22583518930957683,0.19643652561247216,0.2953229398663697
0.2890453145622525,0.21997360316761988,0.19665640123185218,0.2943246810382754
0.2884699693117054,0.21920210434020165,0.19465146865409907,0.29767645769399387
0.2893692104102338,0.2218791354212616,0.18835465372739302,0.3003970004411116
0.29460762823323106,0.2222709338009645,0.1845681718544498,0.2985532661113547
0.2984478935698448,0.22261640798226165,0.18802660753880265,0.2909090909090909
0.3053839364518976,0.2210944395410415,0.1849073256840247,0.2886142983230362
0.3077593722755013,0.2227550130775937,0.18657367044463818,0.2829119442022668
0.3089395267309378,0.22304995617879053,0.18448729184925505,0.28352322524101664
0.309010989010989,0.21582417582417582,0.18813186813186814,0.28703296703296705
0.3123070136744596,0.21482134980149978,0.19144243493603882,0.2814292015880018
0.31828242585214694,0.20761398849048252,0.19566179725542276,0.2784417884019478
0.3156498673740053,0.20866489832007074,0.1976127320954907,0.2780725022104332
0.3119715175789942,0.205607476635514,0.20204717400979083,0.2803738317757009
0.3093994778067885,0.20322019147084422,0.1988685813751088,0.2885117493472585
0.3075230972283326,0.20061592608886933,0.1992960844698636,0.29256489221293447
0.30844012372956253,0.2010605391073796,0.19443216968625718,0.29606716747680073
0.3084029916410031,0.1922569291684998,0.20105587329520458,0.2982842058952926
0.3017699115044248,0.1995575221238938,0.20309734513274336,0.29557522123893804
0.2997792494481236,0.20353200883002207,0.20353200883002207,0.29315673289183225
0.29816112084063046,0.2044658493870403,0.2075306479859895,0.28984238178633975
0.29876434245366285,0.2087378640776699,0.20476610767872905,0.28773168578993824
0.296118621892717,0.2102049716528565,0.21107719145224596,0.28259921500218055
0.30048823790501555,0.21304926764314247,0.20772303595206393,0.27873945849977805
0.2900394910048267,0.20930232558139536,0.21632294866169371,0.2843352347520842
0.2926509186351706,0.21084864391951005,0.2169728783902012,0.2795275590551181
0.28932210899424016,0.2144439521488702,0.21488701816570668,0.281346920691183
0.29050772626931565,0.21324503311258278,0.21545253863134659,0.280794701986755
0.29312638580931266,0.21286031042128603,0.21729490022172948,0.27671840354767185
0.2995575221238938,0.21106194690265487,0.2172566371681416,0.2721238938053097
0.2962798937112489,0.20814880425155005,0.21656333038086803,0.27900797165633306
0.28520814880425155,0.20726306465899025,0.22320637732506643,0.2843224092116918
0.29245699161887956,0.21261579179532422,0.21658579620644022,0.278341420379356
0.28868258178603007,0.21220159151193635,0.22413793103448276,0.2749778956675508
0.2942222222222222,0.20622222222222222,0.22933333333333333,0.2702222222222222
0.2881654201495821,0.21205455345358556,0.2278926528816542,0.27188737351517817
0.2887139107611549,0.21828521434820647,0.22484689413823272,0.26815398075240593
0.2865291794646775,0.21632294866169371,0.2242211496270294,0.27292672224659936
0.2904929577464789,0.2108274647887324,0.22579225352112675,0.272887323943662
0.2927807486631016,0.20677361853832443,0.22727272727272727,0.2731729055258467
0.2897727272727273,0.21241258741258742,0.22421328671328672,0.2736013986013986
0.28112626484821823,0.21777386713594368,0.225692916849978,0.2754069511658601
0.28043478260869564,0.21478260869565216,0.22869565217391305,0.27608695652173915
0.2809086937527305,0.21363040629095675,0.2306684141546527,0.2747924858016601
0.28558989986939487,0.21767522855899,0.22681758815846756,0.2699172834131476
0.2882843352347521,0.21544537077665643,0.2233435717419921,0.27292672224659936
0.29,0.21391304347826087,0.22565217391304349,0.27043478260869563
0.28167770419426047,0.21677704194260486,0.2269315673289183,0.27461368653421636
0.2766990291262136,0.2175639894086496,0.22859664607237423,0.27714033539276256
0.27534965034965037,0.21896853146853146,0.22945804195804195,0.2762237762237762
0.2771137671536078,0.22841965471447542,0.22620628596724215,0.2682602921646746
0.2716864817261119,0.22985468956406868,0.2294143549097314,0.26904447380008806
0.2698412698412698,0.2279541446208113,0.2292768959435626,0.27292768959435626
0.2746478873239437,0.2262323943661972,0.2266725352112676,0.27244718309859156
0.277119016249451,0.2235397452788757,0.22793148880105402,0.27140974967061926
0.27802101576182137,0.22154115586690018,0.22985989492119088,0.27057793345008757
0.27931488801054016,0.21958717610891523,0.23232323232323232,0.26877470355731226
0.28407079646017697,0.2172566371681416,0.2331858407079646,0.26548672566371684
0.28829225352112675,0.22007042253521128,0.23327464788732394,0.258362676056338
0.2808249232119351,0.21939447125932426,0.24089512944273805,0.25888547608600265
0.2777047744196233,0.21813403416557162,0.2483574244415243,0.2558037669732808
0.27344434706397897,0.22042068361086767,0.25109553023663456,0.25503943908851884
0.27176314626601855,0.22271321254971277,0.2496685815289439,0.2558550596553248
0.2688077430708315,0.22173339199296085,0.2547294324681038,0.2547294324681038
0.27534965034965037,0.22465034965034966,0.2491258741258741,0.2508741258741259
0.2734513274336283,0.22123893805309736,0.24778761061946902,0.2575221238938053
0.27043747238179405,0.2191780821917808,0.25187803800265135,0.25850640742377373
0.2773403324584427,0.21916010498687663,0.25065616797900264,0.25284339457567806
