C,D,Oc,Od
1.0,0.0,0.0,0.0
0.5,0.0,0.5,0.0
0.375,0.0,0.375,0.25
0.5714285714285714,0.0,0.14285714285714285,0.2857142857142857
0.47368421052631576,0.0,0.15789473684210525,0.3684210526315789
0.4444444444444444,0.0,0.14814814814814814,0.4074074074074074
0.5121951219512195,0.024390243902439025,0.0975609756097561,0.36585365853658536
0.4576271186440678,0.06779661016949153,0.11864406779661017,0.3559322033898305
0.5125,0.05,0.1,0.3375
0.4897959183673469,0.07142857142857142,0.09183673469387756,0.3469387755102041
0.512,0.088,0.08,0.32
0.5192307692307693,0.09615384615384616,0.07051282051282051,0.3141025641025641
0.5124378109452736,0.09950248756218906,0.06965174129353234,0.31840796019900497
0.49572649572649574,0.09401709401709402,0.07264957264957266,0.33760683760683763
0.49310344827586206,0.10344827586206896,0.07931034482758621,0.32413793103448274
0.48753462603878117,0.11634349030470914,0.07479224376731301,0.32132963988919666
0.48699763593380613,0.12056737588652482,0.07092198581560284,0.3215130023640662
0.49224806201550386,0.1298449612403101,0.060077519379844964,0.3178294573643411
0.4991364421416235,0.12780656303972365,0.05699481865284974,0.3160621761658031
0.5158371040723982,0.12518853695324283,0.05429864253393665,0.3046757164404223
0.49800796812749004,0.12616201859229748,0.05976095617529881,0.3160690571049137
0.48984468339307047,0.13261648745519714,0.06451612903225806,0.3130227001194743
0.5,0.1255364806866953,0.06330472103004292,0.3111587982832618
0.4956772334293948,0.12968299711815562,0.06243996157540826,0.3121998078770413
0.4879310344827586,0.13706896551724138,0.06293103448275862,0.3120689655172414
0.4795275590551181,0.14488188976377953,0.06377952755905512,0.31181102362204727
0.46208869814020026,0.14949928469241774,0.06938483547925609,0.3190271816881259
0.46264744429882043,0.15203145478374835,0.06880733944954129,0.3165137614678899
0.4566929133858268,0.15626892792247124,0.07086614173228346,0.31617201695941854
0.45894263217097864,0.16029246344206974,0.06805399325084364,0.312710911136108
0.4522058823529412,0.16964285714285715,0.06880252100840337,0.30934873949579833
0.44646464646464645,0.17222222222222222,0.06717171717171717,0.31414141414141417
0.4458874458874459,0.16883116883116883,0.06974506974506975,0.31553631553631556
0.4503996238834039,0.17160319699106724,0.06817113305124589,0.30982604607428305
0.45491990846681923,0.17528604118993135,0.07139588100686499,0.29839816933638447
0.45426008968609866,0.17937219730941703,0.07130044843049327,0.295067264573991
0.45223214285714286,0.17767857142857144,0.06651785714285714,0.30357142857142855
0.44803184431667403,0.17647058823529413,0.06722689075630252,0.3082706766917293
0.4543046357615894,0.17350993377483442,0.06975717439293598,0.30242825607064017
0.4544241885282348,0.17207647843485993,0.07114273010226767,0.3023566029346376
0.45276292335115864,0.17335115864527628,0.07130124777183601,0.3025846702317291
0.46001757469244287,0.15641476274165203,0.07293497363796134,0.31063268892794377
0.4593513993780542,0.1572634384717903,0.07152376721457131,0.3118613949355842
0.4609960334949317,0.15954164830321726,0.06654914059056853,0.3129131776112825
0.46502419709634846,0.15970083589969203,0.06599208095028597,0.30928288605367354
0.463339222614841,0.15724381625441697,0.06669611307420495,0.3127208480565371
0.4587765957446808,0.16046099290780141,0.06914893617021277,0.311613475177305
0.45686619718309857,0.15845070422535212,0.07086267605633803,0.31382042253521125
0.4570035460992908,0.16356382978723405,0.0700354609929078,0.30939716312056736
0.4505347593582888,0.15775401069518716,0.06996434937611408,0.32174688057041
0.44380275433140826,0.15948467347845402,0.07241226121723679,0.3243003109729009
0.44591029023746703,0.15699208443271767,0.07343887423043095,0.32365875109938436
0.445124617402711,0.16222125054656755,0.07739396589418453,0.31526016615653696
0.44724061810154525,0.152317880794702,0.07637969094922738,0.3240618101545254
0.4417150513622153,0.15855292541313087,0.07458686913800804,0.32514515408664585
0.4347048300536673,0.15742397137745975,0.0778175313059034,0.3300536672629696
0.43503325942350335,0.15964523281596452,0.07804878048780488,0.32727272727272727
0.44008810572687224,0.15859030837004406,0.07973568281938326,0.32158590308370044
0.4370044052863436,0.15550660792951543,0.07841409691629955,0.3290748898678414
0.4422992540587977,0.15138218516893373,0.08117595436594997,0.32514260640631854
0.4375,0.1522887323943662,0.0818661971830986,0.3283450704225352
0.4393805309734513,0.15132743362831858,0.08451327433628318,0.3247787610619469
0.4342105263157895,0.1530701754385965,0.08289473684210526,0.3298245614035088
0.44454225352112675,0.15580985915492956,0.0818661971830986,0.31778169014084506
0.4420449537241075,0.1516086381665932,0.08373732921992066,0.32260907888937856
0.4383501535761299,0.1553312856516016,0.08249232119350593,0.3238262395787626
0.4461606354810238,0.15092674315975288,0.08120035304501325,0.32171226831421007
0.44346289752650175,0.15282685512367492,0.08303886925795052,0.3206713780918728
0.4383318544809228,0.15084294587400177,0.08606921029281278,0.32475598935226263
0.44533333333333336,0.15066666666666667,0.084,0.32
0.4406854130052724,0.14938488576449913,0.0843585237258348,0.3255711775043937
0.44054409828872315,0.1456779289161913,0.08380868802106187,0.3299692847740237
0.4348206474190726,0.14654418197725283,0.08792650918635171,0.33070866141732286
0.43766696349065004,0.14692787177203917,0.08949243098842387,0.3259127337488869
0.44701691896705253,0.14158504007123776,0.08993766696349065,0.32146037399821903
0.44601769911504424,0.14292035398230088,0.08982300884955752,0.32123893805309733
0.4400177069499779,0.14475431606905712,0.0880920761398849,0.32713590084108013
0.44224857268335527,0.13965744400527008,0.08651734738691261,0.331576635924462
0.4431111111111111,0.1391111111111111,0.08488888888888889,0.3328888888888889
0.4334075723830735,0.1398663697104677,0.08730512249443208,0.3394209354120267
0.440958605664488,0.13899782135076252,0.08366013071895424,0.3363834422657952
0.43758270842523156,0.14336127040141156,0.08072342302602559,0.3383325981473313
0.44038715354157504,0.13814342278926528,0.08095028596568411,0.3405191377034756
0.43932683790965454,0.13640389725420726,0.08237378210806023,0.34189548272807796
0.4349933891582195,0.13838695460555311,0.08197443807844866,0.34464521815777877
0.43797243219208537,0.1378390395731436,0.08092485549132948,0.34326367274344155
0.43617021276595747,0.1325354609929078,0.08333333333333333,0.3479609929078014
0.4293935369632581,0.13058875608676407,0.0849933598937583,0.35502434705621955
0.42863416776460256,0.1326306543697848,0.07905138339920949,0.35968379446640314
0.43013578624616733,0.12921594393342092,0.07709154621112571,0.36355672360928604
0.4339788732394366,0.12720070422535212,0.07966549295774648,0.3591549295774648
0.4423580786026201,0.12358078602620087,0.08296943231441048,0.35109170305676857
0.44399821508255244,0.11691209281570727,0.08433734939759036,0.35475234270414996
0.4447403462050599,0.11895250776742122,0.08477585441633377,0.35153129161118507
0.44211446046308434,0.11708169506334644,0.08387942332896461,0.35692442114460465
0.45486569793042714,0.11756935270805813,0.083223249669749,0.34434169969176576
0.45280498664292074,0.11843276936776491,0.0819234194122885,0.3468388245770258
0.4460590048436812,0.12197269925143109,0.08014090708938794,0.3518273888154998
0.4489885664028144,0.12005277044854881,0.08179419525065963,0.3491644678979771
0.45161290322580644,0.12240388864339373,0.07909854175872735,0.3468846663720725
0.4448818897637795,0.1194225721784777,0.08136482939632546,0.3543307086614173
0.44395214887018164,0.11696942844483828,0.08639787328311918,0.3526805494018609
0.44008810572687224,0.1198237885462555,0.08370044052863436,0.3563876651982379
0.43849557522123894,0.11504424778761062,0.08141592920353982,0.36504424778761063
0.43744454303460517,0.11401952085181899,0.08163265306122448,0.36690328305235137
0.4391111111111111,0.116,0.08044444444444444,0.36444444444444446
0.43222958057395144,0.11655629139072848,0.0869757174392936,0.36423841059602646
0.4309586631486368,0.11609498680738786,0.0919085312225154,0.36103781882145997
0.42738043001316367,0.11627906976744186,0.0903905221588416,0.36594997806055285
0.4261213720316623,0.11653474054529464,0.08970976253298153,0.3676341248900616
0.42668428005284015,0.11536767943637165,0.08762659621312198,0.3703214442976662
0.4233480176211454,0.11409691629955947,0.08898678414096917,0.373568281938326
0.42572944297082227,0.11361626878868258,0.08930150309460655,0.3713527851458886
0.41721854304635764,0.1152317880794702,0.09050772626931568,0.3770419426048565
0.41736447774349933,0.11370647862494491,0.09167033935654473,0.377258704275011
0.4151111111111111,0.11555555555555555,0.09111111111111111,0.37822222222222224
0.41292012221737234,0.11567001309471846,0.08991706678306416,0.381492797904845
0.41126885536823427,0.11446317657497782,0.09361135758651287,0.38065661047027505
0.40895129442738043,0.11232996928477403,0.09653356735410268,0.3821851689337429
0.41088014153029634,0.11322423706324636,0.0950906678460858,0.38080495356037153
0.41181657848324515,0.11904761904761904,0.09303350970017636,0.37610229276895946
0.41571050308914387,0.11341571050308914,0.09267431597528684,0.37819947043248014
0.4098939929328622,0.11263250883392226,0.0896643109540636,0.3878091872791519
0.4083700440528634,0.11277533039647578,0.08854625550660793,0.3903083700440529
0.41080123948649844,0.10845506861443116,0.08897742363877822,0.39176626826029215
0.40993788819875776,0.10780834072759539,0.09228039041703638,0.38997338065661047
0.405452946350044,0.1059806508355321,0.09542656112576957,0.39313984168865435
0.41306266548984993,0.10194174757281553,0.09488084730803177,0.3901147396293027
0.4096119929453263,0.1027336860670194,0.09259259259259259,0.3950617283950617
0.41301460823373176,0.10447100486941124,0.09163346613545817,0.39088092076139885
0.41010989010989013,0.10197802197802198,0.09186813186813186,0.39604395604395604
0.4086496028243601,0.10503089143865843,0.09311562224183584,0.3932038834951456
0.4088691796008869,0.10598669623059867,0.09445676274944567,0.39068736141906873
0.4015922158337019,0.10614772224679346,0.09597523219814241,0.39628482972136225
0.4028998242530756,0.1063268892794376,0.09929701230228472,0.3914762741652021
0.4039473684210526,0.10570175438596491,0.1,0.39035087719298245
0.401242787394585,0.10474922325787839,0.10119840213049268,0.39280958721704395
0.39964711071901193,0.10101455668284076,0.10498456109395678,0.39435377150419054
0.3965669014084507,0.10167253521126761,0.10871478873239436,0.3930457746478873
0.3956191327670988,0.09789897183728208,0.1050514081358963,0.40143048725972286
0.39317375886524825,0.09884751773049645,0.1077127659574468,0.4002659574468085
0.3930457746478873,0.09507042253521127,0.1073943661971831,0.4044894366197183
0.3909410729991205,0.09366754617414248,0.11081794195250659,0.4045734388742304
0.3936311366651924,0.09243697478991597,0.11101282618310482,0.4029190623617868
0.38967343336275373,0.09090909090909091,0.11076787290379524,0.4086496028243601
0.3925399644760213,0.09369449378330373,0.11589698046181172,0.3978685612788632
0.39118825100133514,0.09746328437917223,0.11748998664886515,0.3938584779706275
0.3912850155624722,0.09293019119608716,0.11694086260560249,0.3988439306358382
0.3941926968763748,0.09546854377474703,0.11570611526616806,0.3946326440827101
0.39764295067656047,0.09384548232213008,0.11305106940200786,0.39546049759930163
0.395541958041958,0.09396853146853147,0.11407342657342658,0.3964160839160839
0.3968957871396896,0.09223946784922395,0.11574279379157427,0.3951219512195122
0.4020979020979021,0.09178321678321678,0.11363636363636363,0.3924825174825175
0.40044052863436125,0.09383259911894273,0.11277533039647578,0.39295154185022024
0.4019391802556192,0.09078889378580873,0.11106214191273689,0.3962097840458352
0.39929793769197014,0.0903905221588416,0.11145239139973673,0.3988591487494515
0.3992963940193492,0.09146877748460862,0.10993843447669305,0.3992963940193492
0.40043763676148797,0.09277899343544858,0.10590809628008753,0.4008752735229759
0.40858787073926517,0.09163346613545817,0.10225763612217796,0.3975210270030987
0.4143549097313959,0.095112285336856,0.10259797446059005,0.38793483047115807
0.4082710074791025,0.09546854377474703,0.10030796304443466,0.3959524857017158
0.4060579455662862,0.09745390693590869,0.10316066725197541,0.3933274802458297
0.4039473684210526,0.09649122807017543,0.10482456140350878,0.39473684210526316
0.40053167922020383,0.09525919361984936,0.10146211785556047,0.40274700930438634
0.4060980998674326,0.09544851966416261,0.10030932390631904,0.39814405656208574
0.39321884632320564,0.10347864376926465,0.10171730515191546,0.40158520475561427
0.39780701754385966,0.10394736842105264,0.10263157894736842,0.3956140350877193
0.39816031537450725,0.10424879544459045,0.10862899693385895,0.38896189224704336
0.39598214285714284,0.10401785714285715,0.10714285714285714,0.39285714285714285
0.38488576449912126,0.0984182776801406,0.11028119507908611,0.406414762741652
0.38600352112676056,0.1034330985915493,0.10607394366197183,0.4044894366197183
0.3853572994300745,0.10302498903989478,0.10477860587461639,0.4068391056554143
0.39301700984780663,0.10653536257833482,0.10161145926589078,0.39883616830796775
0.3957690612604672,0.10401057734684883,0.10489202291758484,0.3953283384750992
0.39965095986038396,0.10602094240837696,0.10296684118673648,0.3913612565445026
0.4007936507936508,0.10714285714285714,0.10670194003527336,0.3853615520282187
0.40405822673136305,0.10454344949272165,0.105866784296427,0.3855315394794883
0.4084257206208426,0.10554323725055433,0.10554323725055433,0.3804878048780488
0.40315512708150747,0.10122699386503067,0.10341805433829973,0.3921998247151621
0.4071460079400088,0.1027790030877812,0.10366122629025143,0.38641376268195854
0.40931263858093125,0.09933481152993348,0.09977827050997783,0.39157427937915745
0.41414141414141414,0.10013175230566534,0.09881422924901186,0.38691260430390867
0.4119964973730298,0.10070052539404553,0.09588441330998249,0.3914185639229422
0.4065544729849424,0.10451727192205491,0.09610274579273693,0.3928255093002657
0.4058484714222419,0.10146211785556047,0.10190518387239698,0.39078422684980063
0.3949468085106383,0.10017730496453901,0.10150709219858156,0.4033687943262411
0.401330376940133,0.0975609756097561,0.10110864745011086,0.4
0.4014084507042254,0.09903169014084508,0.09991197183098592,0.3996478873239437
0.40026536930561696,0.09685979655019902,0.10128261831048209,0.4015922158337019
0.4022271714922049,0.09977728285077951,0.09933184855233854,0.3986636971046771
0.40406719717064543,0.09681697612732096,0.09770114942528736,0.40141467727674623
0.40184859154929575,0.0977112676056338,0.09859154929577464,0.40184859154929575
0.39823788546255506,0.09427312775330396,0.0973568281938326,0.4101321585903084
0.39585172109443956,0.09929390997352162,0.09929390997352162,0.4055604589585172
0.3912850155624722,0.10226767452200979,0.09693196976433971,0.4095153401511783
0.3913808267370273,0.10026385224274406,0.09410729991204925,0.41424802110817943
0.39063190455148034,0.10119310649580203,0.0963323022536456,0.41184268669907204
0.3932926829268293,0.09799651567944251,0.09277003484320558,0.41594076655052264
0.39365918097754293,0.09731395860854249,0.09555261999119331,0.4134742404227213
0.3981562774363477,0.0961369622475856,0.09218612818261633,0.4135206321334504
0.398506151142355,0.09358523725834798,0.09710017574692442,0.4108084358523726
0.4029451137884873,0.09058456046407853,0.09192324854975457,0.4145470771976796
0.4029916410030796,0.08974923009238892,0.08974923009238892,0.41750989881214257
0.400352733686067,0.09391534391534391,0.08862433862433862,0.41710758377425045
0.40167179938407394,0.09018917729872415,0.09194896612406511,0.41619005719313684
0.39788266431407143,0.09219232465813851,0.09042787825319806,0.419497132774592
0.3937527496700396,0.09810822701275847,0.09150901891772988,0.41663000439947206
0.3969026548672566,0.09469026548672567,0.08893805309734513,0.4194690265486726
0.4061269146608315,0.08796498905908097,0.08490153172866521,0.4210065645514223
0.40693025322079074,0.0844069302532208,0.08796090626388271,0.42070191026210574
0.4088888888888889,0.08177777777777778,0.08222222222222222,0.4271111111111111
0.4016791869200177,0.08528501988510827,0.0826336721166593,0.43040212107821474
0.40923076923076923,0.08527472527472528,0.07824175824175825,0.42725274725274726
0.40274093722369586,0.08885941644562334,0.08001768346595933,0.42838196286472147
0.3967052537845058,0.08637577916295637,0.08414959928762245,0.4327693677649154
0.39405854084753167,0.08868501529051988,0.08387942332896461,0.4333770205329838
0.3979859894921191,0.08756567425569177,0.08800350262697022,0.4264448336252189
0.3979637007525454,0.08720672864099159,0.08942009738822487,0.42540947321823813
0.3937527496700396,0.08710954685437748,0.0963484381874175,0.4227892652881654
0.390597539543058,0.08787346221441125,0.09710017574692442,0.4244288224956063
0.3901147396293027,0.08958517210944396,0.09488084730803177,0.42541924095322153
0.3925729442970822,0.08930150309460655,0.09416445623342175,0.4239610963748895
0.3940995156318802,0.08938793483047115,0.09202994275649494,0.4244826067811537
0.38828159160472236,0.08788806296458242,0.09357236554438128,0.4302579798863139
0.38147984049623396,0.08684093929995569,0.09836065573770492,0.43331856446610545
0.3768755516328332,0.08737864077669903,0.09841129744042365,0.43733451015004415
0.3739551253849538,0.0950285965684118,0.09370875494940607,0.4373075230972283
0.3730615861763403,0.09525919361984936,0.09481612760301285,0.43686309260079753
0.372236958443855,0.09328028293545534,0.09416445623342175,0.4403183023872679
0.37610619469026546,0.09690265486725663,0.09336283185840707,0.4336283185840708
0.3805543334799824,0.09766827980642323,0.09370875494940607,0.4280686317641883
0.38065934065934065,0.09230769230769231,0.09186813186813186,0.4351648351648352
0.3859956236323851,0.09059080962800875,0.08971553610503283,0.4336980306345733
0.3742249778565102,0.09477413640389726,0.08680248007085917,0.44419840566873336
0.3850904278782532,0.09042787825319806,0.09307454786060873,0.43140714600794
0.387987724682157,0.0911880754055239,0.0911880754055239,0.4296361245067953
0.38304347826086954,0.08782608695652173,0.09434782608695652,0.43478260869565216
0.38597265108072343,0.08734009704455227,0.09483899426554919,0.4318482576091751
0.3814116615519509,0.08592722490135905,0.09425690486628671,0.4384042086804033
0.3816021126760563,0.08538732394366197,0.09419014084507042,0.43882042253521125
0.3829225352112676,0.08450704225352113,0.09903169014084508,0.4335387323943662
0.38495575221238937,0.07876106194690266,0.09955752212389381,0.43672566371681415
0.38471615720524016,0.08253275109170306,0.09344978165938865,0.4393013100436681
0.38261253309797,0.08384819064430715,0.09841129744042365,0.4351279788172992
0.37790442788250767,0.08329679964927664,0.09557211749232793,0.44322665497588776
0.3750548967940272,0.08036890645586298,0.09442248572683355,0.4501537110232762
0.3760421237384818,0.0776656428258008,0.09477841158402808,0.4515138218516893
0.3664760228772547,0.07875054993400792,0.09986801583809943,0.45490541135063794
0.36644591611479027,0.07902869757174392,0.0988962472406181,0.4556291390728477
0.3628357551739322,0.08190224570673713,0.10303830911492734,0.4522236900044033
0.36561528209684585,0.0844069302532208,0.0986228342958685,0.45135495335406484
0.37242888402625823,0.08358862144420132,0.09671772428884026,0.4472647702407002
0.36930561698363557,0.07607253427686864,0.09907120743034056,0.45555064130915524
0.3700088731144632,0.07897071872227152,0.09228039041703638,0.4587400177462289
0.37282850779510024,0.07839643652561247,0.09265033407572383,0.4561247216035635
0.37455516014234874,0.0809608540925267,0.09252669039145907,0.45195729537366547
0.37212389380530975,0.08141592920353982,0.08849557522123894,0.4579646017699115
0.3773168578993822,0.07899382171226832,0.09002647837599294,0.45366284201235657
0.3703374777975133,0.07815275310834814,0.08969804618117229,0.46181172291296624
0.3743339253996448,0.07948490230905861,0.08880994671403197,0.4573712255772647
0.3688195991091314,0.0775055679287305,0.08908685968819599,0.4645879732739421
0.36856010568031705,0.07573756054601496,0.08674592690444738,0.46895640686922063
0.36989907854322074,0.0776656428258008,0.08468626590609916,0.46774901272487934
0.36619718309859156,0.07746478873239436,0.08758802816901408,0.46875
0.36835222319093286,0.08108108108108109,0.08979947689625109,0.46076721883173494
0.37411971830985913,0.08230633802816902,0.08758802816901408,0.45598591549295775
0.371326803205699,0.08370436331255565,0.08682101513802315,0.45814781834372215
0.3647214854111406,0.08620689655172414,0.08797524314765694,0.46109637488947836
0.36965152183502425,0.08689898544331716,0.08292898103220114,0.46052051168945746
0.37126537785588754,0.08743409490333919,0.08260105448154657,0.45869947275922673
0.3712121212121212,0.08288770053475936,0.0855614973262032,0.4603386809269162
0.37394397510004446,0.08181413961760782,0.08492663405958203,0.4593152512227657
0.3706631532718489,0.08168642951251646,0.08124725516029864,0.466403162055336
0.3655961284645842,0.08358996920369556,0.08271007479102507,0.4681038275406951
0.3670212765957447,0.08200354609929078,0.08554964539007093,0.4654255319148936
0.3708462560921577,0.0815241470979176,0.08373947718210013,0.46389011962782456
0.367419212040726,0.08410801239486498,0.08145196989818504,0.467020805666224
0.3683045595396193,0.07923860115095174,0.0818946436476317,0.47056219566179724
0.3749450549450549,0.07648351648351648,0.08527472527472528,0.4632967032967033
0.37736679876706297,0.07661822985468957,0.08542492294143549,0.46059004843681195
0.3786063027075011,0.07678650687971593,0.08743897026187306,0.4571682201509099
0.37983118613949357,0.0759662372278987,0.09107063527321191,0.45313194135939583
0.38263525305410123,0.07635253054101222,0.0868237347294939,0.45418848167539266
0.3805774278215223,0.07830271216097988,0.0857392825896763,0.4553805774278215
0.38147984049623396,0.08108108108108109,0.08551174124944617,0.4519273371732388
0.375,0.08188153310104529,0.08928571428571429,0.4538327526132404
0.3706631532718489,0.08476064997804128,0.09003074220465525,0.45454545454545453
0.37056737588652483,0.08599290780141844,0.08909574468085106,0.45434397163120566
0.3763157894736842,0.08596491228070176,0.0912280701754386,0.44649122807017544
0.3696724988784208,0.08613728129205922,0.09152086137281291,0.452669358456707
0.376158940397351,0.08962472406181016,0.08830022075055188,0.445916114790287
0.375,0.09198943661971831,0.08934859154929578,0.44366197183098594
0.3738779174147217,0.09380610412926392,0.08617594254937164,0.44614003590664275
0.37277580071174377,0.0898576512455516,0.08540925266903915,0.45195729537366547
0.38219663418954825,0.08945969884853854,0.08325952170062002,0.4450841452612932
0.3834288232701631,0.08241516086381666,0.07844865579550463,0.45570736007051565
0.3808473080317741,0.08473080317740513,0.08031774051191527,0.45410414827890555
0.37906772207563766,0.08311345646437995,0.0773966578715919,0.4604221635883905
0.38633377135348224,0.08628996933858958,0.07928164695575997,0.4480946123521682
0.3855633802816901,0.08582746478873239,0.08274647887323944,0.445862676056338
0.3821350762527233,0.08540305010893247,0.0840958605664488,0.44836601307189544
0.3764241893076249,0.08194566170026293,0.08413672217353199,0.4574934268185802
0.37943262411347517,0.08421985815602837,0.08067375886524823,0.45567375886524825
0.375,0.08216783216783216,0.08173076923076923,0.4611013986013986
0.3753280839895013,0.08661417322834646,0.0831146106736658,0.4549431321084864
0.37588028169014087,0.08846830985915492,0.08274647887323944,0.4529049295774648
0.3747779751332149,0.08747779751332149,0.08481349911190053,0.45293072824156305
0.3784261715296198,0.08576480990274093,0.07869142351900972,0.45711759504862953
0.37007168458781364,0.09050179211469533,0.0846774193548387,0.45474910394265233
0.36797877045555066,0.09376382131800089,0.08536045997346307,0.45289694825298543
0.3654688869412796,0.08939526730937773,0.08895705521472393,0.45617879053461874
0.3626325088339223,0.0887809187279152,0.0887809187279152,0.45980565371024734
0.36613475177304966,0.09264184397163121,0.08643617021276596,0.45478723404255317
0.36315557514323493,0.09211106214191274,0.08505949757602468,0.4596738651388277
0.3668161434977579,0.09013452914798206,0.09058295964125561,0.45246636771300447
0.36503067484662577,0.08895705521472393,0.0876424189307625,0.4583698510078878
0.3644366197183099,0.08670774647887323,0.09022887323943662,0.4586267605633803
0.365376056964842,0.08767245215843347,0.08856252781486426,0.4583889630618603
0.36306868867082964,0.08563782337198929,0.08742194469223907,0.463871543264942
0.36045997346306946,0.08491817779743477,0.08447589562140646,0.4701459531180893
0.3579595426561126,0.0870712401055409,0.08003518029903255,0.47493403693931396
0.35485287659200704,0.08607817303469477,0.07509881422924901,0.4839701361440492
0.35417577612592915,0.0835155225185833,0.07826847398338435,0.48404022737210317
0.35853227232537577,0.07824933687002653,0.07692307692307693,0.48629531388152075
0.3546819787985866,0.07729681978798586,0.07773851590106007,0.4902826855123675
0.3480565371024735,0.07641342756183746,0.08083038869257951,0.49469964664310956
0.34502411223147744,0.07715914072775099,0.0784743533537922,0.4993423936869794
0.34449339207048457,0.0722466960352423,0.08149779735682819,0.5017621145374449
0.3496877787689563,0.07091882247992863,0.08117752007136485,0.4982158786797502
0.34460052677787534,0.07067603160667252,0.07857769973661106,0.5061457418788411
0.3501103752759382,0.06754966887417219,0.08167770419426049,0.5006622516556292
0.3525274725274725,0.06725274725274726,0.08219780219780219,0.498021978021978
0.35129215943933423,0.06701708278580815,0.08015768725361366,0.501533070521244
0.34809565987599644,0.06598759964570416,0.07883082373782108,0.5070859167404783
0.34700176366843033,0.068342151675485,0.07671957671957672,0.5079365079365079
0.3501979762428509,0.06555213374395072,0.07831060272767268,0.5059392872855257
0.343791427308882,0.06716747680070703,0.07909854175872735,0.5099425541316837
0.3535839160839161,0.06512237762237762,0.07736013986013986,0.5039335664335665
0.3500439753737907,0.0681618293755497,0.07871591908531222,0.5030782761653474
0.3484646194926569,0.06720071206052515,0.07699154428126391,0.507343124165554
0.34885764499121263,0.06546572934973638,0.07688927943760984,0.5087873462214412
0.35384615384615387,0.06593406593406594,0.07560439560439561,0.5046153846153846
0.3541114058355438,0.06675508399646331,0.07250221043324491,0.506631299734748
0.3534596738651388,0.06566769501983252,0.07315998237108859,0.5077126487439401
0.35066079295154184,0.06607929515418502,0.07533039647577093,0.5079295154185022
0.35257822829440283,0.06610841780520053,0.0744821507271926,0.5068312031732041
0.35462555066079293,0.06607929515418502,0.07312775330396476,0.5061674008810573
0.3545694200351494,0.06282952548330405,0.07293497363796134,0.5096660808435852
0.3537444933920705,0.061233480176211455,0.07180616740088105,0.513215859030837
0.3501535761298815,0.060991663010092144,0.0732777534006143,0.515577007459412
0.34214002642007924,0.062087186261558784,0.071334214002642,0.52443857331572
0.3425438596491228,0.05964912280701754,0.07192982456140351,0.5258771929824562
0.3395225464190981,0.0605658709106985,0.07250221043324491,0.5274093722369585
0.3472895548699868,0.05729396209784046,0.07360070515645659,0.5218157778757162
0.3465433729634522,0.05812417437252312,0.06957287538529282,0.5257595772787318
0.35032967032967033,0.054945054945054944,0.07032967032967033,0.5243956043956044
0.3412026726057906,0.055233853006681516,0.07126948775055679,0.532293986636971
0.34402460456942,0.05579964850615114,0.070298769771529,0.5298769771528998
0.3403880070546737,0.053791887125220456,0.07054673721340388,0.5352733686067019
0.3439824945295405,0.054266958424507655,0.06652078774617068,0.5352297592997812
0.34639084507042256,0.05765845070422535,0.06338028169014084,0.5325704225352113
0.3524518388791594,0.05472854640980736,0.06654991243432574,0.5262697022767076
0.34281903068030234,0.05646954201867497,0.0675855935971543,0.5331258337038683
0.3433230498016748,0.05509034817100044,0.06522697223446453,0.5363596297928603
0.3457777777777778,0.05555555555555555,0.06177777777777778,0.5368888888888889
0.34864391951006124,0.05511811023622047,0.06124234470691164,0.5349956255468067
0.33377896613190733,0.05748663101604278,0.06327985739750445,0.5454545454545454
0.33643204957945994,0.05976095617529881,0.0650730411686587,0.5387339530765826
0.33245958934032327,0.061598951507208385,0.062035823503713415,0.5439056356487549
0.33362560280578696,0.06313020604997809,0.05918456817185445,0.5440596229723805
0.33054208902600263,0.06170118995152049,0.05993829881004848,0.5478184222124284
0.3279334500875657,0.06523642732049037,0.06085814360770578,0.5459719789842382
0.328,0.06622222222222222,0.058666666666666666,0.5471111111111111
0.3328964613368283,0.06422018348623854,0.0563564875491481,0.546526867627785
0.32494481236203093,0.06622516556291391,0.059602649006622516,0.5492273730684327
0.32520679146713105,0.06530256856769699,0.05920766216804527,0.5502829777971266
0.3323049801674747,0.06434552666372852,0.05729396209784046,0.5460555310709564
0.3286467486818981,0.0641476274165202,0.059314586994727594,0.5478910369068541
0.3227792436235708,0.06596306068601583,0.0584872471416007,0.5527704485488126
0.32398071021481806,0.06926786497150372,0.05962297238053485,0.5471284524331433
0.3210479573712256,0.06616341030195382,0.06261101243339254,0.5501776198934281
0.3252319929297393,0.06539991162174105,0.06363234644277507,0.5457357490057446
0.325540361711513,0.06440229378032643,0.0599911777679753,0.5500661667401853
0.3231247225920994,0.06835330670217488,0.05814469596094097,0.5503772747447847
0.32098765432098764,0.06966490299823633,0.05952380952380952,0.5498236331569665
0.3257978723404255,0.07225177304964539,0.060726950354609927,0.5412234042553191
0.3224813022437307,0.06907171139463264,0.05939287285525737,0.5490541135063792
0.314298362107127,0.06994245241257194,0.057104913678618856,0.5586542718016821
0.3184014053579271,0.06982872200263504,0.05884936319718929,0.5529205094422486
0.31922398589065254,0.06701940035273368,0.06349206349206349,0.5502645502645502
0.3186861961828673,0.06657789613848203,0.06391478029294274,0.550821127385708
0.3168056164984642,0.06494076349275998,0.06230802983764809,0.5559455901711277
0.3201948627103631,0.06687333923826395,0.061558901682905225,0.5513728963684676
0.3290293855743544,0.06544968833481746,0.0609973285841496,0.5445235975066786
0.3314360770577933,0.06742556917688267,0.06260945709281962,0.5385288966725044
0.33288948069241014,0.06790945406125166,0.05947625388371061,0.5397248113626276
0.3290748898678414,0.06519823788546256,0.05991189427312775,0.5458149779735683
0.33422103861517977,0.06391478029294274,0.06258322237017311,0.5392809587217043
0.33726003490401396,0.062390924956369984,0.062390924956369984,0.5379581151832461
0.33318700614574187,0.06277436347673397,0.06409130816505706,0.5399473222124671
0.3289357959542656,0.06200527704485488,0.06200527704485488,0.5470536499560247
0.3305160142348754,0.06272241992882563,0.061832740213523134,0.5449288256227758
0.3358540925266904,0.06494661921708185,0.06272241992882563,0.5364768683274022
0.3257243195785777,0.06233538191395961,0.06628621597892889,0.5456540825285338
0.32473776223776224,0.06424825174825174,0.06512237762237762,0.5458916083916084
0.32981065609863497,0.06516952884191986,0.06781153676794363,0.5372082782915015
0.33157431838170626,0.06596306068601583,0.06684256816182937,0.5356200527704486
0.3318623124448367,0.06619593998234775,0.06928508384819064,0.5326566637246248
0.3314260563380282,0.0625,0.07174295774647887,0.534330985915493
0.33597534125935713,0.06384852487890796,0.0722148833113166,0.5279612505504183
0.3434704830053667,0.061717352415026835,0.07513416815742398,0.5196779964221825
0.3477112676056338,0.06426056338028169,0.06998239436619719,0.5180457746478874
0.3530711444984534,0.06053910737958462,0.07114449845338047,0.5152452496685815
0.35190873189995614,0.060114085125054846,0.07152259763053971,0.5164545853444493
0.354796320630749,0.05825667980727114,0.07095926412614981,0.5159877354358301
0.3602103418054338,0.05565293602103418,0.07230499561787905,0.5118317265556529
0.3536423841059603,0.05518763796909492,0.0728476821192053,0.5183222958057395
0.3581623550401427,0.057091882247992866,0.07404103479036575,0.5107047279214987
0.353927625772286,0.05339805825242718,0.0736981465136805,0.5189761694616064
0.3501103752759382,0.053863134657836646,0.07593818984547461,0.5200883002207506
0.3497558810474922,0.05193075898801598,0.0754549489569463,0.5228584110075455
0.35384615384615387,0.047472527472527476,0.0734065934065934,0.5252747252747253
0.357773851590106,0.04770318021201413,0.07243816254416961,0.5220848056537103
0.35358872743284897,0.05063848524878908,0.07353588727432848,0.5222369000440334
0.3556043956043956,0.04835164835164835,0.0734065934065934,0.5226373626373626
0.3535936113575865,0.049689440993788817,0.07054125998225377,0.5261756876663709
0.3495827843653931,0.04962670180061485,0.06587615283267458,0.5349143610013175
0.3509303331890956,0.05062743401125054,0.06750324534833406,0.5309389874513197
0.3509384548232213,0.05106940200785683,0.07027498908773461,0.5277171540811872
0.34384717903154155,0.053753887161261664,0.07152376721457131,0.5308751665926255
0.34647762516614977,0.051395657953035,0.07399202481169695,0.5281346920691183
0.34815473543797243,0.05380168963983993,0.07292129835482436,0.5251222765673633
0.35079928952042627,0.051953818827708706,0.07149200710479574,0.5257548845470693
0.34865223155103847,0.0552364118426867,0.06937693327441449,0.5267344233318604
0.35083848190644307,0.05736981465136805,0.06884377758164166,0.5229479258605472
0.3487654320987654,0.059964726631393295,0.06878306878306878,0.5224867724867724
0.35244816938685486,0.055580061755624174,0.06881340979267754,0.5231583590648434
0.3518763796909492,0.05695364238410596,0.06754966887417219,0.5236203090507726
0.358860195903829,0.05832591273374889,0.06856634016028496,0.5142475512021372
0.3624836029733275,0.05684302579798863,0.07039790118058592,0.5102754700480979
0.36726634488810883,0.054848617814831066,0.06976744186046512,0.508117595436595
0.3678870754300838,0.05690339655932951,0.06837229819144243,0.5068372298191443
0.3664292074799644,0.058771148708815675,0.06723063223508459,0.5075690115761353
0.37156775907883083,0.05890168290522586,0.06598759964570416,0.5035429583702391
0.3805937084625609,0.05892778023925565,0.06468763845813026,0.4957908728400532
0.373568281938326,0.05991189427312775,0.06475770925110132,0.5017621145374449
0.37741652021089633,0.05975395430579965,0.0632688927943761,0.4995606326889279
0.371529308065227,0.059497576024680476,0.06478624944909651,0.5041868664609961
0.37422771403353927,0.05692850838481906,0.06266548984995587,0.5061782877316858
0.3748894783377542,0.05791335101679929,0.0610079575596817,0.5061892130857648
0.3710467706013363,0.060133630289532294,0.058797327394209356,0.5100222717149221
0.3762071992976295,0.058384547848990345,0.05706760316066725,0.5083406496927129
0.3798245614035088,0.05745614035087719,0.06140350877192982,0.5013157894736842
0.38039568345323743,0.05800359712230216,0.06025179856115108,0.5013489208633094
0.3747247908410392,0.05812417437252312,0.06252752091589608,0.5046235138705416
0.3758184199039721,0.06285464862505456,0.06416412047140986,0.4971628109995635
0.37372843874391865,0.06191950464396285,0.06457319770013269,0.49977885891198587
0.37771859742565467,0.05858854860186418,0.06569019085663559,0.4980026631158455
0.3745019920318725,0.06064630367419212,0.06330234617087206,0.5015493581230633
0.37775816416593117,0.06222418358340689,0.061341571050308914,0.49867608120035306
0.38152077807250223,0.0627763041556145,0.060123784261715295,0.49557913351016797
0.382699868938401,0.061598951507208385,0.059414591524683265,0.4962865880297073
0.373732921992067,0.06434552666372852,0.06170118995152049,0.500220361392684
0.3836644591611479,0.06445916114790287,0.06357615894039735,0.48830022075055185
0.37935597706219676,0.06263784737538597,0.06660785178650198,0.4913983237759153
0.38366988586479367,0.06277436347673397,0.06540825285338016,0.4881474978050922
0.38374125874125875,0.0673076923076923,0.06468531468531469,0.48426573426573427
0.38603425559947296,0.07158541941150637,0.06455862977602109,0.47782169521299955
0.385024368630926,0.07399202481169695,0.06335844040762073,0.4776251661497563
0.3805937084625609,0.07443509082853345,0.06291537439078422,0.4820558263181214
0.37964601769911505,0.07300884955752213,0.06371681415929203,0.4836283185840708
0.37466902030008825,0.07413945278022947,0.06222418358340689,0.4889673433362754
0.37736679876706297,0.07353588727432848,0.0603258476442096,0.48877146631439894
0.3764861294583884,0.07661822985468957,0.05900484368119771,0.48789079700572435
0.38124452234881684,0.07493426818580193,0.05828220858895705,0.4855390008764242
0.3862129916040654,0.07423773751657092,0.06098099867432612,0.47856827220503756
0.3865546218487395,0.07209199469261389,0.06059265811587793,0.4807607253427687
0.3806970509383378,0.07238605898123325,0.05585344057193923,0.49106344950848974
0.38309982486865146,0.07355516637478109,0.05647985989492119,0.4868651488616462
0.3835676625659051,0.06898066783831283,0.05536028119507909,0.492091388400703
0.38671359436867575,0.06995160580730313,0.05279366476022877,0.4905411350637923
0.3888888888888889,0.07231040564373897,0.05114638447971781,0.4876543209876543
0.39274657231313576,0.06943830163644406,0.0508624502432552,0.48695267580716495
0.3903296703296703,0.06725274725274726,0.055384615384615386,0.48703296703296706
0.38807298620382735,0.06720071206052515,0.059190031152647975,0.48553627058299953
0.3834717971141233,0.0695233930913861,0.05859204197638828,0.48841276781810233
0.39193336256028055,0.06839105655414292,0.058746163963174045,0.48092941692240243
0.3891582194799471,0.07007492287351257,0.05773468488320846,0.4830321727633319
0.38605064415815193,0.06885828520657486,0.05952909817858729,0.4855619724566859
0.3828193832599119,0.06651982378854626,0.06343612334801763,0.48722466960352423
0.38407699037620296,0.0647419072615923,0.06124234470691164,0.4899387576552931
0.3894316163410302,0.06483126110124333,0.06172291296625222,0.48401420959147423
0.3858792184724689,0.06660746003552398,0.06127886323268206,0.48623445825932504
0.3843777581641659,0.06663724624889673,0.0617828773168579,0.4872021182700794
0.38505494505494503,0.0654945054945055,0.05934065934065934,0.4901098901098901
0.38093145869947276,0.06370826010544815,0.06195079086115993,0.4934094903339192
0.3820026466696074,0.06352007057785619,0.06307895897662108,0.4913983237759153
0.37928007023705007,0.06453028972783142,0.06233538191395961,0.4938542581211589
0.3804920913884007,0.06590509666080843,0.05975395430579965,0.4938488576449912
0.37943107221006567,0.06520787746170678,0.062144420131291025,0.49321663019693657
0.3800786369593709,0.06596767147225863,0.06290956749672345,0.491044124071647
0.3823008849557522,0.0668141592920354,0.06415929203539823,0.48672566371681414
0.38380281690140844,0.06514084507042253,0.06470070422535211,0.4863556338028169
0.384138236597253,0.0669029685423128,0.06734603455914931,0.4816127603012849
0.3816081741448245,0.06308307418924922,0.06885828520657486,0.4864504664593514
0.3808473080317741,0.061341571050308914,0.06663724624889673,0.4911738746690203
0.38348868175765644,0.06302707501109632,0.07057256990679095,0.4829116733244563
0.3873114463176575,0.06388642413487133,0.07275953859804792,0.47604259094942325
0.38913427561837455,0.06316254416961131,0.07508833922261485,0.4726148409893993
0.3807624113475177,0.06338652482269504,0.07845744680851063,0.4773936170212766
0.39136183340678715,0.06170118995152049,0.07756721022476862,0.46936976641692374
0.3826395039858282,0.06023029229406555,0.07528786536758193,0.4818423383525244
0.3865546218487395,0.06280406899601947,0.07474568774878372,0.4758956214064573
0.38370565045992117,0.06132282084975909,0.07621550591327202,0.47875602277704776
0.3800786369593709,0.06378331148973351,0.07863695937090433,0.47750109217999126
0.37708516242317824,0.06409130816505706,0.08165057067603161,0.4771729587357331
