C,D,Oc,Od
0.0,0.0,1.0,0.0
0.0,0.0,1.0,0.0
0.6666666666666666,0.0,0.3333333333333333,0.0
0.75,0.0,0.25,0.0
0.5,0.25,0.25,0.0
0.0,0.25,0.75,0.0
0.2,0.2,0.6,0.0
0.3333333333333333,0.16666666666666666,0.5,0.0
0.2857142857142857,0.2857142857142857,0.42857142857142855,0.0
0.375,0.25,0.375,0.0
0.25,0.25,0.375,0.125
0.2222222222222222,0.2222222222222222,0.3333333333333333,0.2222222222222222
0.2727272727272727,0.18181818181818182,0.2727272727272727,0.2727272727272727
0.36363636363636365,0.09090909090909091,0.2727272727272727,0.2727272727272727
0.38461538461538464,0.07692307692307693,0.23076923076923078,0.3076923076923077
0.5,0.08333333333333333,0.08333333333333333,0.3333333333333333
0.5384615384615384,0.15384615384615385,0.07692307692307693,0.23076923076923078
0.625,0.125,0.0625,0.1875
0.631578947368421,0.10526315789473684,0.10526315789473684,0.15789473684210525
0.7142857142857143,0.09523809523809523,0.047619047619047616,0.14285714285714285
0.6666666666666666,0.19047619047619047,0.0,0.14285714285714285
0.7083333333333334,0.16666666666666666,0.0,0.125
0.75,0.14285714285714285,0.0,0.10714285714285714
0.7575757575757576,0.15151515151515152,0.0,0.09090909090909091
0.8372093023255814,0.11627906976744186,0.0,0.046511627906976744
0.8367346938775511,0.10204081632653061,0.0,0.061224489795918366
0.8448275862068966,0.08620689655172414,0.0,0.06896551724137931
0.8125,0.078125,0.0,0.109375
0.8375,0.075,0.0,0.0875
0.8444444444444444,0.06666666666666667,0.0,0.08888888888888889
0.8571428571428571,0.05102040816326531,0.01020408163265306,0.08163265306122448
0.8455284552845529,0.04065040650406504,0.016260162601626018,0.0975609756097561
0.8402777777777778,0.034722222222222224,0.020833333333333332,0.10416666666666667
0.8511904761904762,0.023809523809523808,0.023809523809523808,0.10119047619047619
0.8636363636363636,0.030303030303030304,0.020202020202020204,0.08585858585858586
0.8526785714285714,0.03125,0.022321428571428572,0.09375
0.8479087452471483,0.034220532319391636,0.015209125475285171,0.10266159695817491
0.8389261744966443,0.03355704697986577,0.016778523489932886,0.11073825503355705
0.8525073746312685,0.029498525073746312,0.014749262536873156,0.10324483775811209
0.8293963254593176,0.03412073490813648,0.02099737532808399,0.11548556430446194
0.8421052631578947,0.029748283752860413,0.016018306636155607,0.11212814645308924
0.8376753507014028,0.03406813627254509,0.01603206412825651,0.11222444889779559
0.8299065420560747,0.03364485981308411,0.018691588785046728,0.11775700934579439
0.8250825082508251,0.028052805280528052,0.018151815181518153,0.12871287128712872
0.7949479940564635,0.03566121842496285,0.020802377414561663,0.1485884101040119
0.791268758526603,0.034106412005457026,0.019099590723055934,0.15552523874488403
0.7861635220125787,0.03018867924528302,0.016352201257861635,0.16729559748427672
0.7813578826237054,0.02531645569620253,0.01726121979286536,0.1760644418872267
0.7684210526315789,0.022105263157894735,0.015789473684210527,0.1936842105263158
0.7623666343355965,0.02133850630455868,0.01842870999030068,0.19786614936954414
0.7522603978300181,0.0189873417721519,0.019891500904159132,0.2088607594936709
0.7522935779816514,0.020016680567139282,0.019182652210175146,0.2085070892410342
0.7507788161993769,0.022585669781931463,0.017133956386292833,0.20950155763239875
0.7496350364963503,0.021897810218978103,0.01824817518248175,0.21021897810218979
0.7496542185338866,0.022130013831258646,0.020055325034578148,0.20816044260027664
0.7498371335504886,0.02214983713355049,0.020846905537459284,0.20716612377850163
0.7431192660550459,0.02507645259938838,0.019571865443425075,0.21223241590214068
0.7488317757009346,0.02570093457943925,0.019275700934579438,0.20619158878504673
0.7490283176013326,0.027207107162687396,0.01943364797334814,0.20433092726263188
0.75,0.027243589743589744,0.019230769230769232,0.20352564102564102
0.7522170057381325,0.025039123630672927,0.020865936358894107,0.20187793427230047
0.7549467275494672,0.023845763571790968,0.022323693556570268,0.19888381532217148
0.7492610837438424,0.025123152709359605,0.024630541871921183,0.20098522167487684
0.7498783454987834,0.025304136253041364,0.024817518248175182,0.2
0.7504734848484849,0.023674242424242424,0.026515151515151516,0.19933712121212122
0.7498833411105926,0.02379841343910406,0.027064862342510498,0.1992533831077928
0.748729792147806,0.023094688221709007,0.025866050808314087,0.2023094688221709
0.752183908045977,0.022068965517241378,0.02620689655172414,0.19954022988505746
0.7518248175182481,0.023266423357664233,0.02874087591240876,0.19616788321167883
0.7540687160940326,0.02305605786618445,0.029837251356238697,0.1930379746835443
0.7520325203252033,0.023938572719060525,0.03026196928635953,0.1937669376693767
0.7421944692239072,0.0231935771632471,0.0352363960749331,0.19937555753791258
0.7352549889135255,0.025277161862527715,0.03592017738359202,0.20354767184035477
0.7338420107719928,0.025583482944344704,0.03770197486535009,0.20287253141831238
0.7316209034543845,0.023029229406554472,0.03985828166519043,0.20549158547387067
0.726179875333927,0.023597506678539625,0.04096170970614425,0.20926090828138913
0.7236492471213464,0.023472099202834367,0.042515500442869794,0.21036315323294952
0.7196801421590404,0.023989338071968014,0.043980453131941356,0.2123500666370502
0.7193990278391516,0.025187803800265134,0.04242156429518339,0.2129916040653999
0.7155675190668461,0.024226110363391656,0.04127411395244504,0.2189322566173172
0.7123042505592841,0.026398210290827742,0.03982102908277405,0.2214765100671141
0.7082593250444049,0.02708703374777975,0.040408525754884544,0.22424511545293072
0.7039502885042166,0.02796271637816245,0.04216600088770528,0.22592099422991566
0.7021748779405238,0.028406569019085663,0.041278295605858856,0.22814025743453173
0.7043633125556545,0.030721282279608193,0.041852181656277826,0.22306322350845947
0.7005371530886303,0.03178155774395703,0.04162936436884512,0.2260519247985676
0.69698314108252,0.0354924578527063,0.040372670807453416,0.22715173025732033
0.693025322079076,0.0346512661039538,0.0422034651266104,0.23011994669035984
0.6899293286219081,0.03666077738515901,0.04107773851590106,0.23233215547703182
0.682653518601524,0.03675481846705513,0.045271178843567905,0.23532048408785297
0.6783964365256124,0.03830734966592428,0.046325167037861915,0.23697104677060132
0.6711529834006281,0.038582323912068194,0.04486316733961418,0.24540152534768955
0.670561797752809,0.03775280898876404,0.04943820224719101,0.24224719101123596
0.6696230598669624,0.03592017738359202,0.048337028824833705,0.24611973392461198
0.6629563668744435,0.03695458593054319,0.04986642920747997,0.25022261798753337
0.6605298607992816,0.03771890435563539,0.05029187247418051,0.25145936237090255
0.6635346756152125,0.03534675615212528,0.04742729306487696,0.2536912751677852
0.6580241394725078,0.03173893607510058,0.050514081358962896,0.2597228430934287
0.6543429844097995,0.030734966592427616,0.04855233853006682,0.266369710467706
0.6575033799008563,0.029743127534925643,0.0473186119873817,0.2654348805768364
0.6618898343036274,0.026869682042095836,0.04209583519928348,0.2691446484549933
0.6564610535794687,0.031067086897793788,0.04322377307519135,0.26924808644754616
0.6513513513513514,0.031081081081081083,0.041891891891891894,0.2756756756756757
0.6537943421643466,0.03188145487202514,0.039964077233947015,0.27436012572968116
0.6531165311653117,0.03116531165311653,0.03929539295392954,0.2764227642276423
0.6510158013544018,0.03250564334085779,0.03927765237020316,0.27720090293453725
0.6522911051212938,0.03189577717879605,0.038185085354896675,0.2776280323450135
0.6456938866577421,0.03302097278000892,0.040160642570281124,0.28112449799196787
0.6438541197658713,0.03241782980639352,0.03782080144079244,0.2859072489869428
0.6495263870094723,0.03608479927830401,0.036535859269282815,0.2778529544429409
0.6413333333333333,0.03777777777777778,0.034666666666666665,0.2862222222222222
0.6410484229231452,0.0368725011106175,0.037316748111950244,0.28476232785428696
0.6388520971302428,0.03664459161147903,0.039293598233995586,0.28520971302428255
0.6395400265369305,0.0362671384343211,0.038920831490490936,0.28527200353825743
0.6396276595744681,0.03856382978723404,0.037677304964539006,0.2841312056737589
0.632398753894081,0.03960836671117045,0.036048064085447265,0.2919448153093013
0.6296464188576609,0.038984587488667274,0.03762466001813237,0.2937443336355394
0.6338724168912848,0.03728661275831087,0.038185085354896675,0.29065588499550765
0.6288888888888889,0.03955555555555555,0.036,0.29555555555555557
0.6288248337028824,0.03813747228381375,0.03680709534368071,0.29623059866962304
0.6268456375838927,0.039373601789709174,0.03400447427293065,0.29977628635346754
0.6172120125504258,0.039444195428059166,0.03496190049305244,0.30838189152846257
0.6195555555555555,0.03866666666666667,0.03333333333333333,0.30844444444444447
0.6211649622054246,0.03912850155624722,0.032458870609159626,0.3072476656291685
0.6178033658104517,0.03985828166519043,0.033215234720992026,0.3091231178033658
0.6151433691756273,0.038978494623655914,0.03494623655913978,0.3109318996415771
0.6091030789825971,0.04060687193217314,0.03302097278000892,0.3172690763052209
0.6032171581769437,0.04244861483467382,0.03306523681858802,0.32126899016979443
0.6027641551493536,0.03923316986179224,0.032545697726259475,0.32545697726259476
0.5923453493546952,0.039163328882955054,0.037383177570093455,0.3311081441922563
0.5927401505090748,0.035856573705179286,0.03762726870296591,0.33377600708278
0.5954706927175843,0.038632326820603906,0.03774422735346359,0.3281527531083481
0.5873938310236925,0.038891372373714796,0.03755029056772463,0.33616450603486814
0.5894454382826476,0.03980322003577817,0.0353309481216458,0.3354203935599284
0.5926090828138914,0.0396260017809439,0.032056990204808546,0.3357079252003562
0.5936804628393414,0.037828215398308856,0.03337783711615487,0.33511348464619495
0.5931525122276567,0.044019564250778125,0.032458870609159626,0.33036905291240554
0.5828900709219859,0.04521276595744681,0.03324468085106383,0.33865248226950356
0.5748314606741574,0.041797752808988765,0.036853932584269666,0.34651685393258425
0.5824765310683951,0.041573535985695124,0.033974072418417524,0.3419758605274922
0.5741563055062167,0.04218472468916518,0.03241563055062167,0.3512433392539964
0.5746102449888641,0.040979955456570155,0.032071269487750555,0.35233853006681515
0.5694750771945302,0.04014115571239524,0.03484781649757389,0.35553595059550064
0.5664739884393064,0.041796353935082256,0.03156958648288128,0.3601600711427301
0.5624167036872502,0.041314971123944916,0.03198578409595735,0.36428254109284763
0.5637406263784738,0.03970004411116013,0.030436700485222762,0.36612262902514336
0.5610839626832519,0.03953798311861395,0.03243003109729009,0.36694802310084407
0.5565449688334817,0.039180765805877114,0.031611754229741766,0.3726625111308994
0.554610564010743,0.04162936436884512,0.03222918531781558,0.37153088630259623
0.5617673579801623,0.04283137962128043,0.032912533814247066,0.3624887285843102
0.5449664429530201,0.04116331096196868,0.03534675615212528,0.3785234899328859
0.5375055481580115,0.0426098535286285,0.03817132711939636,0.3817132711939636
0.5416110369381397,0.04227859368046284,0.03827325322652426,0.37783711615487314
0.5434012400354296,0.04030115146147033,0.038529672276350756,0.3777679362267493
0.5482573726541555,0.040214477211796246,0.03932082216264522,0.37220732797140305
0.5585505965532479,0.038886433937251434,0.038886433937251434,0.3636765355722492
0.5532859680284192,0.03818827708703375,0.03641207815275311,0.37211367673179396
0.5562584726615454,0.041120650700406686,0.034794396746497966,0.36782647989154993
0.5465221318879856,0.04200542005420054,0.036585365853658534,0.3748870822041554
0.5427158273381295,0.03642086330935252,0.03776978417266187,0.3830935251798561
0.5395555555555556,0.036,0.04088888888888889,0.38355555555555554
0.5461401952085182,0.0354924578527063,0.03904170363797693,0.3793256433007986
0.5397321428571429,0.03482142857142857,0.039732142857142855,0.38571428571428573
0.5296213808463252,0.035634743875278395,0.040979955456570155,0.3937639198218263
0.5269672855879752,0.03404067197170645,0.042440318302387266,0.39655172413793105
0.5260811413285778,0.03031654034774855,0.04413731609451627,0.3994650022291574
0.5169340463458111,0.03074866310160428,0.04500891265597148,0.40730837789661317
0.5197841726618705,0.029676258992805755,0.044064748201438846,0.4064748201438849
0.5195555555555555,0.027555555555555555,0.044,0.4088888888888889
0.5143361270401412,0.026025584472871635,0.04543449492721659,0.4142037935597706
0.5139195757843571,0.024304021210782147,0.047724259832081305,0.4140521431727795
0.5154916928603502,0.025145936237090254,0.049842837898518184,0.4095195330040413
0.5220125786163522,0.024707996406109614,0.04806828391734052,0.4052111410601977
0.5180561747659385,0.024966562639322336,0.04458314757021846,0.4123941150245207
0.5186015239802779,0.023756163155535633,0.041237113402061855,0.4164051994621246
0.5103324348607368,0.02425876010781671,0.039532794249775384,0.42587601078167114
0.5074024226110363,0.024674742036787798,0.038582323912068194,0.42934051144010765
0.49889331562638334,0.023019034971226208,0.03762726870296591,0.4404603806994245
0.4917668001780151,0.02091677792612372,0.040943480195816645,0.4463729417000445
0.49258426966292135,0.02202247191011236,0.04,0.4453932584269663
0.49,0.021363636363636362,0.03727272727272727,0.45136363636363636
0.48733896046201686,0.02132385606397157,0.03909373611728121,0.45224344735673033
0.486123545210385,0.022381378692927483,0.03625783348254252,0.45523724261414505
0.4888093106535363,0.02685765443151298,0.03401969561324977,0.450313339301701
0.48037466547725244,0.027653880463871544,0.034344335414808205,0.4576271186440678
0.47003577817531306,0.026386404293381037,0.03354203935599284,0.47003577817531306
0.4760626398210291,0.029082774049217,0.03355704697986577,0.46129753914988814
0.47077338129496404,0.030575539568345324,0.03462230215827338,0.46402877697841727
0.4666666666666667,0.03155555555555556,0.033777777777777775,0.468
0.47235736399823086,0.030959752321981424,0.03361344537815126,0.46306943830163644
0.4619856887298748,0.03354203935599284,0.03667262969588551,0.4677996422182469
0.4536082474226804,0.033168982519049754,0.035410129986553115,0.4778126400717167
0.45583666222814023,0.03195739014647137,0.03506435863293387,0.4771415889924545
0.4448414470745869,0.030370701205895488,0.034836980794997766,0.4899508709245199
0.44489428699955014,0.032388663967611336,0.03418803418803419,0.4885290148448043
0.4457347029924073,0.0321572130415364,0.03394372487717731,0.48816435908887895
0.4441477525589675,0.03115264797507788,0.035603026257231864,0.48909657320872274
0.44563758389261743,0.031767337807606266,0.032662192393736016,0.4899328859060403
0.44307149161518095,0.03089143865842895,0.03177405119152692,0.4942630185348632
0.4469496021220159,0.03138815207780725,0.033156498673740056,0.4885057471264368
0.4416704493871993,0.03041307308216069,0.032682705401724924,0.4952337721289151
0.43437077131258456,0.028416779431664412,0.03382949932341001,0.503382949932341
0.4385171790235081,0.02667269439421338,0.033905967450271246,0.5009041591320073
0.43722172751558325,0.02894033837934105,0.030721282279608193,0.5031166518254675
0.4356347438752784,0.028953229398663696,0.029398663697104678,0.5060133630289533
0.438871473354232,0.027317510076130765,0.03045230631437528,0.503358710255262
0.4433541480820696,0.030330062444246207,0.030776092774308653,0.49553969669937553
0.4520971302428256,0.029580573951434878,0.032229580573951436,0.4860927152317881
0.4414132379248658,0.03041144901610018,0.03488372093023256,0.4932915921288014
0.4427106553722693,0.02808738296923763,0.03522068658047258,0.49398127507802053
0.4389261744966443,0.025503355704697986,0.03355704697986577,0.5020134228187919
0.4348214285714286,0.024553571428571428,0.030357142857142857,0.5102678571428572
0.43992853952657435,0.02456453774006253,0.030370701205895488,0.5051362215274676
0.43499554764024934,0.02315227070347284,0.02894033837934105,0.5129118432769367
0.43672014260249553,0.024955436720142603,0.031194295900178252,0.5071301247771836
0.4299732381801962,0.024531668153434435,0.03166815343443354,0.5138269402319358
0.4300265721877768,0.024800708591674048,0.03188662533215235,0.5132860938883969
0.4244031830238727,0.021662245800176835,0.03183023872679045,0.52210433244916
0.4274193548387097,0.022401433691756272,0.033154121863799284,0.5170250896057348
0.4274193548387097,0.024193548387096774,0.034050179211469536,0.514336917562724
0.4253798033958892,0.02680965147453083,0.03306523681858802,0.514745308310992
0.4235555555555556,0.02711111111111111,0.035555555555555556,0.5137777777777778
0.4273580688421994,0.028162717925793473,0.03442109968708091,0.5100581135449263
0.4242021276595745,0.02969858156028369,0.03634751773049645,0.5097517730496454
0.42206342117016526,0.029477445288075034,0.038856632425189816,0.5096025011165699
0.4165927240461402,0.02883762200532387,0.03771073646850044,0.5168589174800355
0.4168141592920354,0.03274336283185841,0.03716814159292035,0.5132743362831859
0.4172566371681416,0.03274336283185841,0.035398230088495575,0.5146017699115044
0.4193404634581105,0.031194295900178252,0.0338680926916221,0.5155971479500892
0.41707644166294144,0.03352704514975414,0.03218596334376397,0.5172105498435404
0.41548042704626337,0.03336298932384341,0.03113879003558719,0.520017793594306
0.41941228851291185,0.03294746215494212,0.031166518254674976,0.5164737310774711
0.4142857142857143,0.029910714285714287,0.03526785714285714,0.5205357142857143
0.41758727353071146,0.03093239063190455,0.031816173221387536,0.5196641626159965
0.42224191404519273,0.027913159060700046,0.031014621178555603,0.5188303057155517
0.4187192118226601,0.03045230631437528,0.03000447828034035,0.5208240035826243
0.42742653606411396,0.030276046304541407,0.02983081032947462,0.51246660730187
0.422271714922049,0.031180400890868598,0.030289532293986638,0.5162583518930958
0.4236453201970443,0.028660994178235557,0.029556650246305417,0.5181370353784147
0.4242957746478873,0.026848591549295774,0.02948943661971831,0.5193661971830986
0.4204696499778467,0.0256978289765175,0.03234381922906513,0.5214887018165707
0.4210760337927968,0.023121387283236993,0.032458870609159626,0.5233437083148066
0.42359249329758714,0.025915996425379804,0.03306523681858802,0.517426273458445
0.4295272078501338,0.028099910793933987,0.03389830508474576,0.5084745762711864
0.4256546826453617,0.028406569019085663,0.03151353750554816,0.5144252108300045
0.4255793226381462,0.029857397504456328,0.0285204991087344,0.516042780748663
0.42178395338413266,0.03272075302554908,0.02868668758404303,0.5168086060062752
0.42211280214861235,0.03088630259623993,0.03043867502238138,0.5165622202327663
0.42201426024955435,0.029411764705882353,0.031194295900178252,0.517379679144385
0.4185733512786003,0.031852848811126065,0.031852848811126065,0.5177209510991476
0.4212405176260598,0.02989736724676484,0.03480589022757698,0.5140562248995983
0.42114615726343846,0.03109729009329187,0.0346512661039538,0.5131052865393159
0.4211701652523448,0.030817329164805715,0.03171058508262617,0.5163019205002233
0.41831238779174146,0.03231597845601436,0.031867145421903054,0.5175044883303411
0.41350022351363436,0.03218596334376397,0.03263299061242736,0.5216808225301743
0.4146451033243486,0.03234501347708895,0.03189577717879605,0.5211141060197664
0.4179236912156167,0.030612244897959183,0.032830523513753325,0.5186335403726708
0.4155024785939612,0.031545741324921134,0.03515096890491212,0.5178008111762055
0.40636200716845877,0.03225806451612903,0.03539426523297491,0.5259856630824373
0.4032042723631509,0.03204272363150868,0.03649310191366266,0.5282599020916778
0.40656901908566356,0.02885042166000888,0.037283621837549935,0.5272969374167776
0.40026536930561696,0.0291906236178682,0.03582485625829279,0.5347191508182221
0.3964523281596452,0.030598669623059866,0.03503325942350333,0.5379157427937916
0.3990299823633157,0.030864197530864196,0.036155202821869487,0.5339506172839507
0.38916037316748114,0.029320302087960905,0.03598400710795202,0.5455353176366059
0.3928255093002657,0.03100088573959256,0.03675819309123118,0.5394154118689105
0.38918677390527256,0.031724754244861486,0.03663985701519214,0.5424486148346738
0.3950066874721355,0.029424877396344182,0.03700401248328132,0.538564422648239
0.38963963963963966,0.02927927927927928,0.036936936936936934,0.5441441441441441
0.3946308724832215,0.029082774049217,0.03534675615212528,0.5409395973154363
0.391789379741187,0.030789825970548863,0.03302097278000892,0.5443998215082553
0.38719785138764545,0.02820053715308863,0.03267681289167413,0.5519247985675918
0.3925859758820902,0.030817329164805715,0.02992407324698526,0.5466726217061189
0.38930957683741646,0.030289532293986638,0.029844097995545656,0.5505567928730513
0.3836283185840708,0.028761061946902654,0.02920353982300885,0.5584070796460177
0.3890129522108084,0.028584189370254576,0.029477445288075034,0.552925413130862
0.38807298620382735,0.027147307521139297,0.027147307521139297,0.557632398753894
0.3886149708650829,0.025997310623038995,0.02868668758404303,0.5567010309278351
0.39136242208370436,0.02804986642920748,0.030276046304541407,0.5503116651825467
0.3939393939393939,0.026292335115864526,0.029411764705882353,0.5503565062388592
0.39669051878354206,0.02728085867620751,0.028622540250447227,0.5474060822898033
0.402493321460374,0.02715939447907391,0.027604630454140695,0.5427426536064114
0.3922008068130883,0.02868668758404303,0.029134917077543704,0.549977588525325
0.3923145665773012,0.028596961572832886,0.028596961572832886,0.550491510277033
0.3903863432165319,0.02830188679245283,0.028751123090745734,0.5525606469002695
0.38659565024411896,0.030181979582778518,0.030181979582778518,0.5530403905903241
0.3867673179396092,0.03152753108348135,0.02886323268206039,0.5528419182948491
0.38827187916481565,0.029764549089293647,0.02798756108396268,0.553976010661928
0.3831902394938997,0.028920018075011298,0.026208766380478987,0.5616809760506101
0.376,0.032,0.025333333333333333,0.5666666666666667
0.3807400802496656,0.03165403477485511,0.02139991083370486,0.5662059741417744
0.37890974084003576,0.028596961572832886,0.021894548704200177,0.5705987488829312
0.38366988586479367,0.029411764705882353,0.0228270412642669,0.564091308165057
0.3846495119787045,0.029724933451641525,0.022626441881100266,0.5629991126885537
0.38601959038290296,0.025823686553873553,0.024487978628673197,0.5636687444345503
0.38701067615658363,0.02402135231316726,0.026245551601423486,0.5627224199288257
0.3847179031541537,0.023545091070635273,0.023989338071968014,0.567747667703243
0.3782687105500451,0.02569882777276826,0.022993688007213707,0.5730387736699729
0.37787610619469025,0.023893805309734513,0.021238938053097345,0.5769911504424778
0.38285457809694795,0.02378815080789946,0.02244165170556553,0.5709156193895871
0.3831111111111111,0.02266666666666667,0.021777777777777778,0.5724444444444444
0.3780650913954525,0.02139991083370486,0.021845742309407043,0.5786892554614356
0.3717090584560464,0.02186523873270861,0.022757697456492636,0.5836680053547524
0.3735632183908046,0.023430592396109638,0.022104332449160036,0.5809018567639257
0.3727232341181697,0.02310084406930253,0.020435362061306087,0.5837405597512216
0.3631111111111111,0.02266666666666667,0.020888888888888887,0.5933333333333334
0.3651359786000892,0.024074899687917966,0.023629068212215783,0.5871600534997771
0.3626226583407672,0.027207850133809098,0.021855486173059768,0.588314005352364
0.3696135051088405,0.02665482007996446,0.02265659706796979,0.5810750777432252
0.367953839325344,0.02574345317354638,0.024411895250776743,0.5818908122503329
0.3638801966919982,0.02637460885113992,0.024139472507822977,0.5856057219490389
0.3594242015294647,0.024741340530814216,0.026090868196131354,0.5897435897435898
0.35890652557319225,0.02513227513227513,0.024691358024691357,0.5912698412698413
0.3630348478164976,0.02690780767534186,0.024261138067931187,0.5857962064402293
0.35241502683363146,0.022361359570661897,0.024597495527728087,0.6006261180679785
0.35822898032200357,0.024597495527728087,0.025044722719141325,0.592128801431127
0.36101243339253997,0.02664298401420959,0.027531083481349913,0.5848134991119005
0.3594449418084154,0.026410026857654433,0.024619516562220233,0.5895255147717099
0.3561458802341288,0.026114362899594776,0.024763619990995047,0.5929761368752814
0.35280898876404493,0.029213483146067417,0.02651685393258427,0.5914606741573034
0.34946236559139787,0.03136200716845878,0.026881720430107527,0.5922939068100358
0.348,0.03288888888888889,0.025777777777777778,0.5933333333333334
0.3403973509933775,0.03532008830022075,0.024724061810154525,0.5995584988962472
0.33613074204946997,0.03489399293286219,0.027385159010600707,0.6015901060070671
0.3412449619346171,0.036274070756829375,0.03045230631437528,0.5920286609941783
0.336153161175423,0.0365093499554764,0.02804986642920748,0.5992876224398932
0.33915770609318996,0.03449820788530466,0.025985663082437275,0.600358422939068
0.3386952636282395,0.030831099195710455,0.026362823949955316,0.6041108132260947
0.3348174532502226,0.030721282279608193,0.027604630454140695,0.6068566340160285
0.34249003101462117,0.02924235711120957,0.02525476295968099,0.6030128489144883
0.33744493392070485,0.027312775330396475,0.028193832599118944,0.6070484581497797
0.3379402585822559,0.02808738296923763,0.029424877396344182,0.6045474810521623
0.34281903068030234,0.029346376167185415,0.028012449977767896,0.5998221431747444
0.3416776460254721,0.027228809837505488,0.028985507246376812,0.6021080368906456
0.33846830985915494,0.028609154929577465,0.027288732394366196,0.6056338028169014
0.3363108530594015,0.0321572130415364,0.028584189370254576,0.6029477445288075
0.33993696533093204,0.033318325078793336,0.02656461053579469,0.60018009905448
0.33603969327920613,0.03563373928732522,0.02435723951285521,0.6039693279206134
0.3345356176735798,0.03787195671776375,0.023444544634806132,0.6041478809738503
0.336,0.03777777777777778,0.023555555555555555,0.6026666666666667
0.3352626892252894,0.039180765805877114,0.02315227070347284,0.6024042742653607
0.334675615212528,0.032214765100671144,0.02505592841163311,0.6080536912751678
0.33183250787933366,0.03376857271499325,0.028365601080594327,0.6060333183250788
0.32486631016042783,0.034759358288770054,0.026292335115864526,0.6140819964349377
0.3259325044404973,0.03463587921847247,0.02886323268206039,0.6105683836589698
0.32112550245645377,0.034836980794997766,0.029477445288075034,0.6145600714604734
0.323036187113857,0.03618711385701677,0.028684907325684024,0.6120917917034422
0.3257372654155496,0.03395889186773905,0.028150134048257374,0.612153708668454
0.32017738359201775,0.03547671840354767,0.0270509977827051,0.6172949002217295
0.32693166592228673,0.03439035283608754,0.026351049575703438,0.6123269316659223
0.32376325088339225,0.03268551236749117,0.026943462897526502,0.6166077738515902
0.3227394807520143,0.03088630259623993,0.026410026857654433,0.6199641897940913
0.3241317898486198,0.026714158504007122,0.025378450578806767,0.6237756010685663
0.32295895354082094,0.02706359945872801,0.026612539467749212,0.6233649075327018
0.31910112359550563,0.02606741573033708,0.027415730337078652,0.6274157303370786
0.31820224719101126,0.02651685393258427,0.028314606741573035,0.6269662921348315
0.32077164647824136,0.026469268730372364,0.031852848811126065,0.6209062359802602
0.3182423435419441,0.02663115845539281,0.031069684864624945,0.6240568131380382
0.3174744330813695,0.029346376167185415,0.030680302356602934,0.6224988883948421
0.31072695035460995,0.02969858156028369,0.030585106382978722,0.6289893617021277
0.3135062611806798,0.03041144901610018,0.02996422182468694,0.6261180679785331
0.30707610146862485,0.03159768580329328,0.0262572318647085,0.6350689808633734
0.3092046470062556,0.025915996425379804,0.02770330652368186,0.6371760500446828
0.3102987070887205,0.025858225590726706,0.02719572001783326,0.6366473473027195
0.31399468556244464,0.027900797165633304,0.0283436669619132,0.6297608503100088
0.30921923246581384,0.02867225408028231,0.02999558888398765,0.6321129245699162
0.31052865393158596,0.03154153709462461,0.029320302087960905,0.6286095068858285
0.30670217487794055,0.03462050599201065,0.030181979582778518,0.6284953395472703
0.3016014234875445,0.03469750889679715,0.03069395017793594,0.6330071174377224
0.30048823790501555,0.033732800710164226,0.030181979582778518,0.6355969818020417
0.30004438526409233,0.031069684864624945,0.02929427430093209,0.6395916555703507
0.30049261083743845,0.03134796238244514,0.02910882221227049,0.6390506045678459
0.2969374167776298,0.031069684864624945,0.02663115845539281,0.6453617399023525
0.30199556541019956,0.02926829268292683,0.028824833702882482,0.6399113082039911
0.3002692998204668,0.03052064631956912,0.0296229802513465,0.6395870736086176
0.29805137289636846,0.02878653675819309,0.030115146147032774,0.6430469441984057
0.29732142857142857,0.029017857142857144,0.03125,0.6424107142857143
0.2910547396528705,0.030707610146862484,0.029817534490431688,0.6484201157098354
0.29212983548243665,0.029791018230324588,0.028901734104046242,0.6491774121831926
0.2941700044503783,0.029372496662216287,0.0262572318647085,0.650200267022697
0.2986547085201794,0.02780269058295964,0.025112107623318385,0.6484304932735426
0.3011463844797178,0.027336860670194002,0.023809523809523808,0.6477072310405644
0.3034207019102621,0.027543314082629944,0.023989338071968014,0.6450466459351399
0.3008057296329454,0.02820053715308863,0.023724261414503133,0.6472694717994628
0.2996438112199466,0.026714158504007122,0.022707034728406055,0.6509349955476402
0.3010318528488111,0.02602063705697622,0.021085688649618663,0.651861821444594
0.30575221238938055,0.026106194690265486,0.019469026548672566,0.6486725663716815
0.3045595396193006,0.027003098716246128,0.02390438247011952,0.6445329791943337
0.31008440693025324,0.030208796090626388,0.024877832074633496,0.6348289649044869
0.305183199285076,0.03127792672028597,0.028150134048257374,0.6353887399463807
0.30502445531347266,0.031124944419742107,0.026233881725211204,0.637616718541574
0.31233362910381546,0.030612244897959183,0.023070097604259095,0.6339840283939663
0.3041168658698539,0.029216467463479414,0.02478972996901284,0.6418769366976538
0.2998667258996002,0.030208796090626388,0.027099067081297203,0.6428254109284762
0.2925531914893617,0.03235815602836879,0.026152482269503546,0.648936170212766
0.2894736842105263,0.03166815343443354,0.027207850133809098,0.651650312221231
0.29409151488227453,0.030208796090626388,0.027543314082629944,0.6481563749444691
0.29073909171861084,0.03294746215494212,0.025378450578806767,0.6509349955476402
0.2917974002689377,0.03272075302554908,0.02734199910354101,0.6481398476019722
0.2956795679567957,0.0306030603060306,0.025652565256525654,0.648064806480648
0.29598214285714286,0.03169642857142857,0.025892857142857145,0.6464285714285715
0.2960497114957834,0.031069684864624945,0.02529960053262317,0.6475810031069685
0.2945357618836073,0.03243003109729009,0.027543314082629944,0.6454908929364727
0.2975133214920071,0.03063943161634103,0.02486678507992895,0.6469804618117229
0.2991491267353336,0.03000447828034035,0.025974025974025976,0.6448723690103001
0.2978628673196794,0.02715939447907391,0.025378450578806767,0.6495992876224399
0.2944093778178539,0.025247971145175834,0.02479711451758341,0.6555455365193869
0.294912201710941,0.026114362899594776,0.025664115263394866,0.6533093201260693
0.3023360287511231,0.025606469002695417,0.025606469002695417,0.6464510332434861
0.29767233661593556,0.026410026857654433,0.024171888988361683,0.6517457475380484
0.29162956366874443,0.02894033837934105,0.022707034728406055,0.6567230632235085
0.2977602108036891,0.030742204655248132,0.022837066315327184,0.6486605182257357
0.2911504424778761,0.031415929203539826,0.024336283185840708,0.6530973451327433
0.29157278053177105,0.03064443442992339,0.02298332582244254,0.654799459215863
0.2879394748553627,0.02848242100578549,0.023141967067200713,0.660436137071651
0.287677304964539,0.02969858156028369,0.022606382978723406,0.6600177304964538
0.2871726586773191,0.02885042166000888,0.023524189968930315,0.6604527296937417
0.284694332887104,0.027666220437304774,0.024096385542168676,0.6635430611334225
0.2836624775583483,0.0296229802513465,0.02423698384201077,0.6624775583482945
0.2797513321492007,0.02930728241563055,0.024422735346358793,0.66651865008881
0.2828507795100223,0.030734966592427616,0.024944320712694878,0.6614699331848553
0.28324468085106386,0.027925531914893616,0.025709219858156027,0.6631205673758865
0.283303730017762,0.02886323268206039,0.023090586145648313,0.6647424511545293
0.28,0.029777777777777778,0.021777777777777778,0.6684444444444444
0.28125,0.030809859154929578,0.022007042253521125,0.6659330985915493
0.28046594982078854,0.029121863799283155,0.023297491039426525,0.6671146953405018
0.2743441529568697,0.025344597598932858,0.023566029346376166,0.6767452200978212
0.2810834813499112,0.02575488454706927,0.02486678507992895,0.6682948490230906
0.28156621205455346,0.02331720193576771,0.025516937967443906,0.6695996480422349
0.2839506172839506,0.024691358024691357,0.023368606701940034,0.667989417989418
0.2840605520926091,0.023597506678539625,0.02315227070347284,0.6691896705253785
0.278125,0.023660714285714285,0.021875,0.6763392857142857
0.27518863737239235,0.024411895250776743,0.022636484687083888,0.677762982689747
0.26722987994664293,0.024455313472654512,0.026678523788350377,0.6816362827923521
0.2688363798484173,0.02630405706642889,0.025858225590726706,0.6790013374944271
0.2759078830823738,0.025686448184233834,0.02612931798051373,0.6722763507528786
0.27557319223985893,0.026455026455026454,0.026895943562610228,0.6710758377425045
0.2751439964554719,0.028356225077536552,0.0256978289765175,0.6708019494904741
0.2713074520303436,0.027666220437304774,0.02677376171352075,0.6742525658188309
0.2749110320284697,0.02802491103202847,0.025800711743772242,0.6712633451957295
0.27639751552795033,0.027506654835847383,0.026619343389529725,0.6694764862466726
0.2724458204334365,0.02830605926581159,0.026094648385670056,0.6731534719150818
0.26936776491540515,0.02715939447907391,0.02715939447907391,0.6763134461264471
0.27056753189617244,0.026836779586449627,0.027276726792784867,0.675318961724593
0.2678890876565295,0.026833631484794274,0.02817531305903399,0.6771019677996423
0.2621923937360179,0.02774049217002237,0.026398210290827742,0.6836689038031319
0.2604074402125775,0.025243578387953942,0.024800708591674048,0.6895482728077945
0.2592429577464789,0.02640845070422535,0.022887323943661973,0.6914612676056338
0.25888547608600265,0.025449758666081616,0.02457218078104432,0.6910925844668714
0.2599645704162976,0.026572187776793623,0.02612931798051373,0.687333923826395
0.2586439155814998,0.027391109115401886,0.025145936237090254,0.688819039066008
0.25955555555555554,0.025777777777777778,0.022222222222222223,0.6924444444444444
0.25961963732861565,0.026536930561698365,0.022998673153471916,0.6908447589562141
0.2603890362511052,0.028735632183908046,0.02431476569407604,0.6865605658709107
0.2624272279444693,0.03090013434841021,0.02239140170174653,0.6842812360053739
0.2683035714285714,0.026785714285714284,0.020982142857142855,0.6839285714285714
0.2600441501103753,0.02869757174392936,0.02119205298013245,0.6900662251655629
0.25809312638580933,0.02926829268292683,0.019955654101995565,0.6926829268292682
0.25919361984935757,0.02658396101019052,0.021267168808152416,0.6929552503322995
0.2535650623885918,0.02807486631016043,0.022727272727272728,0.6956327985739751
0.2592924317062248,0.029556650246305417,0.0219435736677116,0.6892073443797582
0.25730735163861823,0.02878653675819309,0.022586359610274578,0.6913197519929141
0.2586975914362177,0.028099910793933987,0.024531668153434435,0.6886708296164139
0.2513274336283186,0.026991150442477876,0.023451327433628318,0.6982300884955752
0.2474546259406817,0.03054448871181939,0.02390438247011952,0.6980965028773793
0.2522281639928699,0.031194295900178252,0.02406417112299465,0.6925133689839572
0.2516674077367719,0.03023566029346376,0.024455313472654512,0.6936416184971098
0.24921418949259094,0.029636281993713515,0.02694207453973956,0.694207453973956
0.2556792873051225,0.028953229398663696,0.026280623608017816,0.6890868596881959
0.2595217006200177,0.026572187776793623,0.024800708591674048,0.6891054030115146
0.2620415377817057,0.02562969509500663,0.026513477684489615,0.6858152894387981
0.25919361984935757,0.0256978289765175,0.02525476295968099,0.689853788214444
0.25829596412556055,0.02466367713004484,0.025560538116591928,0.6914798206278027
0.26369710467706015,0.025389755011135856,0.023162583518930958,0.687750556792873
0.26104240282685515,0.023851590106007067,0.024734982332155476,0.6903710247349824
0.2580789946140036,0.02244165170556553,0.02378815080789946,0.6956912028725314
0.2588339222614841,0.023851590106007067,0.022526501766784453,0.6947879858657244
0.25721901377165707,0.023545091070635273,0.02265659706796979,0.6965792980897378
0.2567747667703243,0.02310084406930253,0.02132385606397157,0.6988005330964016
0.256478999106345,0.025022341376228777,0.01742627345844504,0.7010723860589813
0.25299069561364645,0.0256978289765175,0.01905183872396987,0.7022596366858662
0.25067144136078784,0.025962399283795883,0.019247985675917637,0.7041181736794987
0.25177304964539005,0.025709219858156027,0.0199468085106383,0.7025709219858156
0.2586439155814998,0.025594970812752582,0.01706331387516839,0.6986977997305792
0.2585669781931464,0.025367156208277702,0.01602136181575434,0.7000445037828216
0.25539409951563186,0.024218405988551298,0.017173051519154558,0.7032144429766622
0.2595248767368893,0.02510085163603765,0.020170327207530255,0.6952039444195428
0.25290957923008056,0.025514771709937333,0.020590868397493287,0.7009847806624888
0.2531868131868132,0.025494505494505496,0.0210989010989011,0.7002197802197803
0.2545454545454545,0.02483370288248337,0.021286031042128603,0.6993348115299335
0.25353356890459366,0.027385159010600707,0.023409893992932862,0.6956713780918727
0.25122713074520303,0.026327532351628737,0.022311468094600623,0.7001338688085676
0.26081141328577795,0.029870708872046365,0.022737405260811413,0.6865804725813642
0.2531083481349911,0.02930728241563055,0.02264653641207815,0.6949378330373002
0.26404245908889873,0.02830605926581159,0.022114108801415303,0.6855373728438744
0.2650976909413854,0.02664298401420959,0.021314387211367674,0.6869449378330373
0.2676496872207328,0.028596961572832886,0.020554066130473638,0.6831992850759607
0.26938413823659724,0.027470093043863535,0.0203810367744794,0.6827647319450598
0.267825311942959,0.02807486631016043,0.019162210338680926,0.6849376114081996
0.25820763087843834,0.030168589174800354,0.01818988464951198,0.6934338952972493
0.26290251433612705,0.031760035288928096,0.019850022055580063,0.6854874283193648
0.26378473753859727,0.031760035288928096,0.021614468460520512,0.6828407587119542
0.26648721399730824,0.031852848811126065,0.023777478689995513,0.6778824585015703
0.2672955974842767,0.03234501347708895,0.024707996406109614,0.6756513926325247
0.2711487088156723,0.032056990204808546,0.025378450578806767,0.6714158504007124
0.2742369838420108,0.03141831238779174,0.026481149012567325,0.6678635547576302
0.27301161751563896,0.031724754244861486,0.025915996425379804,0.6693476318141197
0.27537511032656664,0.03398058252427184,0.02559576345984113,0.6650485436893204
0.2738147984049623,0.031014621178555603,0.027470093043863535,0.6677004873726186
0.27352682497801234,0.030782761653474055,0.0316622691292876,0.6640281442392261
0.2785428698356286,0.03065304309195913,0.03287427809862283,0.6579298089737894
0.28438331854480925,0.030168589174800354,0.0323868677905945,0.6530612244897959
0.2845132743362832,0.026991150442477876,0.034070796460176994,0.654424778761062
0.2781516375056079,0.02781516375056079,0.03454463885150292,0.6594885598923284
0.2780008924587238,0.028112449799196786,0.037037037037037035,0.6568496207050424
0.27623318385650225,0.026457399103139014,0.036771300448430494,0.6605381165919283
0.2754870865428183,0.024467603081105575,0.034435885817852285,0.6656094245582238
0.2781785392245266,0.023444544634806132,0.031559963931469794,0.6668169522091975
