C,D,Oc,Od
0.0,1.0,0.0,0.0
0.0,0.5,0.5,0.0
0.0,0.5,0.5,0.0
0.0,0.42857142857142855,0.2857142857142857,0.2857142857142857
0.0,0.4444444444444444,0.2222222222222222,0.3333333333333333
0.0,0.5833333333333334,0.0,0.4166666666666667
0.0,0.5555555555555556,0.05555555555555555,0.3888888888888889
0.038461538461538464,0.5384615384615384,0.038461538461538464,0.38461538461538464
0.02857142857142857,0.5714285714285714,0.05714285714285714,0.34285714285714286
0.06666666666666667,0.5333333333333333,0.06666666666666667,0.3333333333333333
0.07142857142857142,0.5357142857142857,0.07142857142857142,0.32142857142857145
0.11538461538461539,0.5128205128205128,0.0641025641025641,0.3076923076923077
0.15841584158415842,0.45544554455445546,0.04950495049504951,0.33663366336633666
0.19402985074626866,0.43283582089552236,0.06716417910447761,0.30597014925373134
0.22151898734177214,0.4177215189873418,0.08227848101265822,0.27848101265822783
0.23383084577114427,0.39303482587064675,0.08955223880597014,0.2835820895522388
0.2815126050420168,0.3739495798319328,0.08403361344537816,0.2605042016806723
0.32441471571906355,0.3377926421404682,0.07023411371237458,0.26755852842809363
0.3698630136986301,0.3287671232876712,0.07123287671232877,0.23013698630136986
0.38513513513513514,0.3153153153153153,0.08108108108108109,0.21846846846846846
0.40630797773654914,0.313543599257885,0.07235621521335807,0.2077922077922078
0.40765391014975044,0.30449251247920134,0.07487520798668885,0.2129783693843594
0.4108187134502924,0.2997076023391813,0.07748538011695906,0.21198830409356725
0.41229193341869397,0.29833546734955185,0.07042253521126761,0.21895006402048656
0.4298850574712644,0.27586206896551724,0.07586206896551724,0.21839080459770116
0.43568464730290457,0.279045643153527,0.07780082987551867,0.2074688796680498
0.4380242311276794,0.2712022367194781,0.08014911463187326,0.21062441752096925
0.43728813559322033,0.2677966101694915,0.08728813559322034,0.2076271186440678
0.43687064291247096,0.2587141750580945,0.08985282726568551,0.21456235476374902
0.44917087238644554,0.247296322999279,0.09084354722422494,0.21268925739005046
0.4571619812583668,0.24096385542168675,0.08902275769745649,0.21285140562248997
0.464,0.24,0.08615384615384615,0.20984615384615385
0.4598163030998852,0.24052812858783007,0.08897818599311137,0.21067738231917335
0.4676454594888526,0.23871669385535618,0.08972267536704731,0.2039151712887439
0.4660397074190178,0.2335423197492163,0.09770114942528736,0.2027168234064786
0.4643391521197007,0.2344139650872818,0.09925187032418953,0.20199501246882792
0.46588693957115007,0.23148148148148148,0.09990253411306042,0.20272904483430798
0.4656954887218045,0.23355263157894737,0.09351503759398497,0.20723684210526316
0.46570898980537534,0.22798887859128822,0.09777571825764597,0.20852641334569044
0.4654696132596685,0.22974217311233885,0.09990791896869244,0.2048802946593002
0.45878136200716846,0.23342293906810035,0.10483870967741936,0.20295698924731181
0.46170970614425644,0.23285841495992876,0.09884238646482636,0.20658949243098843
0.4645075421472937,0.22937000887311446,0.10070984915705412,0.2054125998225377
0.45379250217959893,0.23757628596338273,0.1020052310374891,0.2066259808195292
0.4539444689290436,0.24151608638166594,0.10092551784927281,0.20361392684001764
0.455026455026455,0.23589065255731922,0.1027336860670194,0.20634920634920634
0.45622525296964367,0.2358117025956885,0.10382754069511659,0.20413550373955125
0.45894363071460276,0.23124722592099423,0.1051930758988016,0.20461606746560143
0.4672566371681416,0.22300884955752212,0.10353982300884956,0.20619469026548673
0.4650022291573785,0.2224699063753901,0.10164957646009808,0.2108782880071333
0.46433318564466103,0.22153300841825432,0.10190518387239698,0.21222862206468765
0.45968819599109134,0.2155902004454343,0.10467706013363029,0.22004454342984409
0.46038069942452414,0.21956617972554227,0.09694555112881806,0.22310756972111553
0.46455306032584764,0.2170849845882871,0.10039630118890357,0.21796565389696168
0.4630367419212041,0.21691013722886232,0.10048694112439133,0.21956617972554227
0.4584805653710247,0.21289752650176677,0.10379858657243816,0.2248233215547703
0.46096491228070174,0.20833333333333334,0.1,0.2307017543859649
0.4656387665198238,0.2092511013215859,0.09911894273127753,0.22599118942731278
0.46287238772787903,0.2058692752334371,0.10004446420631392,0.23121387283236994
0.4594835262689225,0.21059661620658948,0.10151380231522707,0.2284060552092609
0.45918367346938777,0.2054125998225377,0.10292812777284827,0.23247559893522626
0.46786971830985913,0.19718309859154928,0.10387323943661972,0.23107394366197184
0.46515756768752775,0.1979582778517532,0.09942299156679982,0.23746116289391922
0.46595932802829354,0.1892130857648099,0.10167992926613616,0.24314765694076038
0.4602197802197802,0.19648351648351647,0.10285714285714286,0.24043956043956044
0.452212389380531,0.19557522123893806,0.10486725663716814,0.24734513274336284
0.45032822757111596,0.19649890590809627,0.10722100656455143,0.24595185995623634
0.4457777777777778,0.18977777777777777,0.11066666666666666,0.25377777777777777
0.44991212653778556,0.18673110720562391,0.11555360281195079,0.2478031634446397
0.44345503116651824,0.19100623330365094,0.11175422974176313,0.25378450578806766
0.44714727996461745,0.18443166740380362,0.10791685095090668,0.2605042016806723
0.451067615658363,0.18193950177935944,0.10676156583629894,0.26023131672597866
0.4558758314855876,0.1787139689578714,0.10598669623059867,0.25942350332594233
0.45556552962298025,0.17953321364452424,0.10098743267504488,0.2639138240574506
0.45555555555555555,0.17777777777777778,0.10044444444444445,0.26622222222222225
0.4584805653710247,0.17977031802120141,0.09982332155477032,0.2619257950530035
0.45905267817618417,0.18105356352368304,0.09517485613103142,0.2647189021691014
0.45330995177553707,0.17886891714160455,0.10214818062253397,0.2656729504603244
0.45224344735673033,0.17592181252776543,0.10306530430919592,0.2687694358063083
0.4600709849157054,0.16770186335403728,0.10559006211180125,0.26663708961845606
0.462726069695633,0.1662990736656374,0.10366122629025143,0.26731363034847816
0.46030330062444247,0.16815343443354147,0.10258697591436218,0.2689562890276539
0.4564260563380282,0.15977112676056338,0.10607394366197183,0.2777288732394366
0.45614808285588365,0.15910092551784927,0.10533274570295284,0.2794182459233142
0.45624167036872504,0.16081741448245224,0.1008440693025322,0.2820968458462905
0.4594112399643176,0.15566458519179305,0.10303300624442462,0.2818911685994648
0.4568505338078292,0.16236654804270462,0.09875444839857651,0.2820284697508897
0.4509542831779849,0.16200621393697293,0.10119840213049268,0.2858411007545495
0.4465631929046563,0.15609756097560976,0.10066518847006652,0.2966740576496674
0.4493783303730018,0.15008880994671403,0.10213143872113677,0.2984014209591474
0.447002606429192,0.1476976542137272,0.0999131190269331,0.3053866203301477
0.4477152899824253,0.14411247803163443,0.10369068541300527,0.30448154657293497
0.44308231173380036,0.14010507880910683,0.10726795096322242,0.3095446584938704
0.44702276707530647,0.13922942206654992,0.10376532399299475,0.30998248686514884
0.44483516483516483,0.1410989010989011,0.10241758241758242,0.31164835164835164
0.44669603524229073,0.14405286343612334,0.10572687224669604,0.30352422907488985
0.4440017706949978,0.14342629482071714,0.10447100486941124,0.30810092961487384
0.43819229065130705,0.1382365972529907,0.10456357997341603,0.3190075321222862
0.44601145879241955,0.14235345967386515,0.10577346848832085,0.30586161304539444
0.4454664914586071,0.14848883048620237,0.105562855891371,0.3004818221638195
0.4403914590747331,0.1472419928825623,0.10587188612099645,0.3064946619217082
0.4450816056462285,0.14953683281870314,0.10807234230260256,0.29730921923246584
0.44019349164467897,0.14731750219876869,0.10817941952506596,0.3043095866314864
0.43998215082552433,0.1468094600624721,0.10977242302543508,0.3034359660865685
0.4434046345811052,0.14661319073083778,0.10873440285204991,0.30124777183600715
0.44716897012929113,0.14846188140882746,0.10789121711992866,0.2964779313419527
0.4451871657754011,0.15196078431372548,0.10249554367201426,0.3003565062388592
0.4440993788819876,0.1543921916592724,0.09893522626441881,0.3025732031943212
0.45502879929109435,0.14665485157288435,0.0979175897208684,0.30039875941515287
0.44838280903854677,0.14931324767390342,0.0979175897208684,0.3043863535666814
0.4519400352733686,0.14770723104056438,0.0992063492063492,0.3011463844797178
0.4500222123500666,0.14837849844513548,0.09551310528653932,0.30608618391825854
0.4488986784140969,0.14625550660792952,0.0947136563876652,0.31013215859030835
0.4482911673324456,0.14647137150466044,0.09675987572126055,0.3084775854416334
0.4495985727029438,0.1480820695807315,0.09857270294380018,0.30374665477252455
0.4506034868126956,0.14841305319624498,0.09789897183728208,0.30308448815377736
0.4653333333333333,0.14355555555555555,0.09777777777777778,0.29333333333333333
0.4612628750559785,0.14464845499328258,0.09449171518137035,0.29959695476936854
0.4621886120996441,0.13656583629893237,0.09564056939501779,0.3056049822064057
0.4626271561256081,0.13799203892083148,0.09066784608580274,0.3087129588677576
0.45353982300884954,0.1415929203539823,0.09247787610619469,0.3123893805309734
0.4522009782125389,0.13606047132058693,0.09604268563806136,0.3156958648288128
0.4599734630694383,0.13401149933657674,0.09332153914197258,0.3126934984520124
0.46116289391921883,0.1349312028406569,0.0923213493120284,0.31158455392809586
0.4683882457702582,0.1340160284951024,0.0854853072128228,0.3121104185218166
0.46320921985815605,0.12898936170212766,0.0899822695035461,0.3178191489361702
0.4581673306772908,0.12749003984063745,0.09119079238601151,0.3231518370960602
0.4579646017699115,0.1261061946902655,0.09026548672566372,0.3256637168141593
0.4520971302428256,0.1271523178807947,0.0913907284768212,0.3293598233995585
0.4563787812362999,0.12187637001315213,0.08811924594476107,0.33362560280578696
0.44727435210008937,0.12421805183199285,0.0933869526362824,0.3351206434316354
0.4518257809062912,0.12362516498020237,0.09018917729872415,0.33435987681478224
0.4548245614035088,0.12017543859649123,0.09078947368421053,0.33421052631578946
0.4529616724738676,0.12412891986062717,0.09364111498257839,0.32926829268292684
0.45490541135063794,0.12010558732952045,0.09810822701275847,0.3268807743070832
0.45534924845269675,0.11582670203359859,0.09549071618037135,0.3333333333333333
0.44956140350877194,0.12017543859649123,0.09736842105263158,0.33289473684210524
0.44780701754385965,0.11666666666666667,0.09956140350877193,0.33596491228070174
0.4477743499338916,0.11855442926399296,0.10092551784927281,0.33274570295284267
0.4445430346051464,0.11712511091393078,0.1002661934338953,0.3380656610470275
0.443652561247216,0.11670378619153675,0.09933184855233854,0.3403118040089087
0.45172878311629994,0.11495285136955545,0.09654243376740008,0.3367759317467445
0.45503116651825465,0.11487088156723063,0.09305431878895815,0.3370436331255565
0.44969378827646544,0.11548556430446194,0.09273840769903761,0.342082239720035
0.451486013986014,0.11145104895104894,0.0944055944055944,0.34265734265734266
0.45430579964850615,0.11115992970123023,0.09182776801405976,0.3427065026362039
0.4522236900044033,0.11184500220167327,0.09335094671950682,0.3425803610744166
0.46409807355516636,0.10989492119089317,0.09238178633975482,0.3336252189141856
0.46194690265486726,0.10442477876106195,0.09513274336283185,0.33849557522123896
0.4645075421472937,0.10470275066548358,0.09849157054125998,0.33229813664596275
0.4677276746242264,0.10389036251105217,0.10123784261715296,0.3271441202475685
0.46536412078152756,0.10657193605683836,0.09680284191829484,0.33126110124333924
0.4686660698299015,0.09803043867502238,0.09758281110116383,0.3357206803939123
0.46716615249008375,0.09695901278096078,0.10092551784927281,0.33494931687968266
0.47414935925762264,0.09898365002209457,0.09986743261157756,0.32699955810870523
0.4724689165186501,0.09724689165186501,0.1016873889875666,0.3285968028419183
0.4697304463102077,0.10251878038002651,0.10075121520106053,0.32699955810870523
0.46949602122015915,0.10300618921308577,0.10035366931918656,0.3271441202475685
0.47400881057268723,0.1,0.09823788546255506,0.3277533039647577
0.4685408299866131,0.10084783578759482,0.09817045961624275,0.3324408746095493
0.4708222811671088,0.09991158267020336,0.09770114942528736,0.33156498673740054
0.4763796909492274,0.10066225165562914,0.09624724061810154,0.32671081677704195
0.47414935925762264,0.0958904109589041,0.10119310649580203,0.3287671232876712
0.4776647501105705,0.09066784608580274,0.10128261831048209,0.33038478549314465
0.4803010181496237,0.09074811863656485,0.10048694112439133,0.3284639220894201
0.48148148148148145,0.08509700176366843,0.10537918871252204,0.328042328042328
0.4735915492957746,0.08538732394366197,0.10959507042253522,0.3314260563380282
0.4742177170559718,0.08461877479065667,0.10665491405905686,0.33450859409431466
0.47808764940239046,0.08587870739265162,0.10756972111553785,0.3284639220894201
0.4755120213713268,0.091273374888691,0.10908281389136243,0.3241317898486198
0.48429898275099514,0.08845643520566121,0.1096859796550199,0.31755860238832373
0.48236331569664903,0.09347442680776014,0.10670194003527336,0.31746031746031744
0.47865853658536583,0.09364111498257839,0.1093205574912892,0.31837979094076657
0.4745912505523641,0.09412284577993814,0.1095890410958904,0.32169686257180735
0.4731088762571054,0.09488412767818102,0.10625273283777875,0.32575426322693485
0.4673060156931125,0.09415867480383609,0.10723626852659111,0.33129904097646035
0.4665500655881067,0.09794490599038042,0.11062527328377787,0.32487975513773504
0.4596522514489523,0.0954079358002675,0.11413285777975925,0.330806954971021
0.4581690757774858,0.10030661410424879,0.10906701708278581,0.3324572930354796
0.4573913043478261,0.10173913043478261,0.1108695652173913,0.33
0.45936395759717313,0.09761484098939929,0.11174911660777385,0.33127208480565373
0.4567032967032967,0.09802197802197803,0.10901098901098902,0.3362637362637363
0.4537037037037037,0.09391534391534391,0.11067019400352733,0.34171075837742504
0.45381882770870335,0.09502664298401421,0.11234458259325045,0.338809946714032
0.4552597119161938,0.09471846355303361,0.11261457878655609,0.3374072457442165
0.45057369814651366,0.09576345984112974,0.11297440423654016,0.3406884377758164
0.4541019955654102,0.09711751662971176,0.10864745011086474,0.3401330376940133
0.45720620842572063,0.1024390243902439,0.10776053215077605,0.3325942350332594
0.451067615658363,0.09875444839857651,0.10987544483985764,0.3403024911032028
0.4529128339903636,0.09811651335961455,0.11081909767849321,0.3381515549715287
0.45314562252529694,0.09546854377474703,0.11086669599648043,0.3405191377034756
0.45081605646228495,0.09263343625937362,0.11160123511248346,0.34494927216585797
0.4555066079295154,0.08986784140969163,0.113215859030837,0.34140969162995594
0.4585514834205934,0.09075043630017451,0.11387434554973822,0.3368237347294939
0.46130167106420406,0.09410729991204925,0.10949868073878628,0.33509234828496043
0.45994718309859156,0.09859154929577464,0.10475352112676056,0.33670774647887325
0.46657754010695185,0.09848484848484848,0.10472370766488413,0.3302139037433155
0.4541019955654102,0.10376940133037695,0.10909090909090909,0.33303769401330374
0.451952610794208,0.10530934620447564,0.11276875822729267,0.3299692847740237
0.4577025823686554,0.10819234194122886,0.10284951024042743,0.3312555654496883
0.4595669465311533,0.1034025629695095,0.10782147591692444,0.32920901458241275
0.463425317564608,0.10468681559351731,0.10819097678493211,0.32369689005694263
0.46420631391729655,0.10137839039573143,0.11116051578479325,0.32325477990217877
0.45663716814159294,0.09823008849557523,0.1168141592920354,0.32831858407079645
0.4625334522747547,0.09723461195361284,0.1159678858162355,0.324264049955397
0.4564537740062528,0.10093791871371148,0.11523001339883877,0.32737829388119694
0.45374449339207046,0.1013215859030837,0.11189427312775331,0.33303964757709253
0.4555457746478873,0.1056338028169014,0.11047535211267606,0.3283450704225352
0.4525805028672254,0.10498456109395678,0.11071901191001324,0.3317159241288046
0.45727986050566694,0.1037489102005231,0.11551874455100261,0.3234524847428073
0.4650856389986825,0.10101010101010101,0.11506368028107158,0.3188405797101449
0.4623182018510357,0.09828118113706479,0.11546936976641692,0.3239312472454826
0.46017699115044247,0.09823008849557523,0.11460176991150442,0.3269911504424779
0.4610303830911493,0.09731395860854249,0.11580801409070894,0.3258476442095993
0.45325022261798753,0.09795191451469279,0.11665182546749778,0.3321460373998219
0.4486725663716814,0.10132743362831859,0.11814159292035398,0.33185840707964603
0.46160674656014206,0.09720372836218376,0.11806480248557479,0.3231247225920994
0.45085940943146763,0.0987219039224328,0.11767298369325695,0.33274570295284267
0.4456186701893439,0.0977542932628798,0.1206516952884192,0.33597534125935713
0.4412024756852343,0.10035366931918656,0.12245800176834659,0.3359858532272325
0.44649122807017544,0.09824561403508772,0.12149122807017544,0.3337719298245614
0.44980271810609385,0.09995615957913195,0.12143796580447172,0.3288031565103025
0.4461606354810238,0.1001765225066196,0.12135922330097088,0.3323036187113857
0.43948763250883394,0.0989399293286219,0.12234982332155477,0.3392226148409894
0.4418912947414936,0.0963323022536456,0.11842686699072029,0.34334953601414053
0.4368421052631579,0.09780701754385965,0.11754385964912281,0.3478070175438597
0.42971175166297115,0.09534368070953436,0.1246119733924612,0.35033259423503327
0.4297047157338034,0.09431467606875275,0.12692816218598502,0.3490524460114588
0.43978826643140717,0.09660344067048963,0.11821790913101014,0.3453903837670931
0.4355909694555113,0.09783089862771138,0.11819389110225764,0.3483842408145197
0.434070796460177,0.09469026548672567,0.1172566371681416,0.35398230088495575
0.43653250773993807,0.09862892525431226,0.11410880141530297,0.3507297655904467
0.4400532859680284,0.09680284191829484,0.10968028419182949,0.35346358792184723
0.4407603890362511,0.09770114942528736,0.10610079575596817,0.35543766578249336
0.44152431011826543,0.09855453350854139,0.10512483574244415,0.354796320630749
0.44832155477031804,0.09849823321554771,0.09628975265017668,0.3568904593639576
0.44380784486557956,0.1004847950639048,0.09387395328338476,0.3618334067871309
0.4478203434610304,0.10127697049757815,0.09819462791721709,0.3527080581241744
0.4455227172474636,0.10057344508160565,0.09969122187913543,0.3542126157917953
0.4465631929046563,0.0975609756097561,0.0975609756097561,0.3583148558758315
0.444493198771391,0.09784993418165862,0.09741114523913998,0.36024572180781045
0.45057369814651366,0.09620476610767872,0.09841129744042365,0.35481023830538394
0.442146942366916,0.09898812142542895,0.10426748790145182,0.35459744830620327
0.4445916114790287,0.10022075055187638,0.106401766004415,0.3487858719646799
0.4454303460514641,0.10204081632653061,0.10736468500443656,0.3451641526175688
0.4457619675010979,0.10188844971453667,0.1067193675889328,0.3456302151954326
0.44434667839859215,0.10118785745710515,0.10646722393312802,0.34799824021117465
0.4386353566681436,0.10589277802392556,0.10412051395657954,0.35135135135135137
0.43842364532019706,0.10165696372592924,0.10210479175996418,0.35781459919390957
0.4438619484491044,0.10222804718217562,0.10222804718217562,0.3516819571865443
0.44390243902439025,0.10465631929046564,0.1015521064301552,0.34988913525498894
0.44537077665642827,0.1031154014918824,0.1031154014918824,0.34839842035980695
0.4473336271485236,0.10180696342000882,0.10268840899074483,0.3481710004407228
0.44642063139172966,0.10004446420631392,0.10404624277456648,0.34948866162738995
0.4476232394366197,0.09507042253521127,0.10431338028169014,0.3529929577464789
0.445916114790287,0.09492273730684327,0.0988962472406181,0.36026490066225164
0.43976712942230184,0.0980743394536498,0.09852216748768473,0.36363636363636365
0.4416445623342175,0.09770114942528736,0.10035366931918656,0.3603006189213086
0.4455270150575731,0.09565987599645705,0.10407440212577503,0.35473870682019487
0.450530035335689,0.09231448763250884,0.10379858657243816,0.35335689045936397
0.4517857142857143,0.09285714285714286,0.10535714285714286,0.35
0.45409982174688057,0.08467023172905526,0.10606060606060606,0.3551693404634581
0.45454545454545453,0.08824833702882483,0.10687361419068736,0.35033259423503327
0.45719329214474846,0.08958517210944396,0.10238305383936452,0.35083848190644307
0.46035917652212,0.08804204993429698,0.09724047306176084,0.35435830048182215
0.45656028368794327,0.08732269503546099,0.0975177304964539,0.35859929078014185
0.4582043343653251,0.08934099955771782,0.0946483856700575,0.3578062804068996
0.449868073878628,0.09366754617414248,0.09498680738786279,0.36147757255936674
0.4600877192982456,0.08991228070175439,0.0925438596491228,0.3574561403508772
0.45875606528451696,0.08822232024702249,0.09042787825319806,0.3625937362152625
0.4564537740062528,0.08664582402858419,0.08798570790531487,0.36891469405984817
0.45357618836072855,0.08796090626388271,0.09107063527321191,0.3673922701021768
0.45314562252529694,0.08798944126704795,0.08930928288605368,0.3695556533216014
0.4518257809062912,0.08930928288605368,0.09326880774307084,0.3655961284645842
0.45563976816763263,0.08426214890771289,0.09629959875167186,0.3637984841729826
0.44517833553500663,0.09070893879348305,0.09379128137384413,0.3703214442976662
0.44815465729349735,0.09007029876977153,0.09358523725834798,0.36818980667838314
0.44330813694975546,0.09070698088039128,0.0920409070698088,0.37394397510004446
0.4396818382677861,0.09235528060097216,0.09368095448519664,0.3742819266460451
0.4410075121520106,0.09323906319045515,0.09368095448519664,0.37207247017233763
0.4386503067484663,0.0950920245398773,0.09246275197195443,0.373794916739702
0.43796909492273733,0.09536423841059603,0.08918322295805739,0.37748344370860926
0.43700787401574803,0.09755030621172353,0.08748906386701662,0.3779527559055118
0.43998234774933803,0.09664607237422772,0.08649602824360106,0.3768755516328332
0.43462739848282017,0.10084783578759482,0.08790718429272647,0.37661758143685853
0.4328754984492689,0.10013291980505096,0.08595480726628267,0.38103677447939743
0.43752759381898454,0.1011037527593819,0.08785871964679912,0.37350993377483444
0.43725055432372506,0.10110864745011086,0.08736141906873614,0.3742793791574279
0.43497558810474923,0.0989791389258766,0.08566355969818021,0.38038171327119397
0.43243243243243246,0.10101905183872396,0.08949933540097474,0.3770491803278688
0.434878587196468,0.1011037527593819,0.09050772626931568,0.37350993377483444
0.4345711759504863,0.10123784261715296,0.09151193633952255,0.3726790450928382
0.43401240035429584,0.10407440212577503,0.08768821966341896,0.3742249778565102
0.43491781430475346,0.10484229231452688,0.08573967125721901,0.37450022212350065
0.4361888111888112,0.10314685314685315,0.08522727272727272,0.3754370629370629
0.43380406001765226,0.10194174757281553,0.08737864077669903,0.3768755516328332
0.43243243243243246,0.10412051395657954,0.09171466548515729,0.37173238812583076
0.42102947646282446,0.10470743510778707,0.09062912450505939,0.3836339639243291
0.4230260255844729,0.1023378914865461,0.08822232024702249,0.38641376268195854
0.4208664898320071,0.10123784261715296,0.09018567639257294,0.38770999115826704
0.42636001769128706,0.09907120743034056,0.08889871738168952,0.38567005749668287
0.4238556338028169,0.10431338028169014,0.08934859154929578,0.3824823943661972
0.42463958060288337,0.11009174311926606,0.08693752730449979,0.3783311489733508
0.42977777777777776,0.112,0.08755555555555555,0.37066666666666664
0.4184303350970018,0.11022927689594356,0.09259259259259259,0.3787477954144621
0.42172949002217297,0.1139689578713969,0.08913525498891353,0.37516629711751664
0.4234154929577465,0.11355633802816902,0.0880281690140845,0.375
0.4155959237926451,0.11829862649534781,0.09082853345148427,0.37527691626052284
0.41276215975011155,0.11825078090138331,0.09236947791164658,0.37661758143685853
0.4146449051610057,0.11557123952359948,0.09086898985443317,0.37891486546096165
0.41158267020335987,0.11671087533156499,0.09283819628647215,0.378868258178603
0.40955329500221144,0.11499336576735958,0.09730207872622733,0.37815126050420167
0.4119205298013245,0.11037527593818984,0.09845474613686535,0.3792494481236203
0.41732979664014147,0.11229000884173299,0.09504862953138815,0.3753315649867374
0.4194690265486726,0.1168141592920354,0.09690265486725663,0.3668141592920354
0.4110429447852761,0.11831726555652936,0.09815950920245399,0.37248028045574055
0.40962800875273525,0.11991247264770241,0.10021881838074398,0.3702407002188184
0.41065140845070425,0.12323943661971831,0.0994718309859155,0.366637323943662
0.4128521126760563,0.125,0.09551056338028169,0.366637323943662
0.41604230938739534,0.12384310268840899,0.09431467606875275,0.3657999118554429
0.4225721784776903,0.11767279090113736,0.09098862642169729,0.36876640419947504
0.4183583406884378,0.11518093556928509,0.09223300970873786,0.37422771403353927
0.4154867256637168,0.1163716814159292,0.09336283185840707,0.3747787610619469
0.40421792618629176,0.11643233743409491,0.09973637961335677,0.37961335676625657
0.4061116031886625,0.11868910540301152,0.09787422497785651,0.3773250664304694
0.40080071174377224,0.12099644128113879,0.09786476868327403,0.38033807829181493
0.39946973044631023,0.11975254087494476,0.0958904109589041,0.3848873177198409
0.40071237756010686,0.11843276936776491,0.09617097061442564,0.3846838824577026
0.4019349164467898,0.11741424802110818,0.0932277924362357,0.38742304309586634
0.3938856889676562,0.12140008861320337,0.08684093929995569,0.39787328311918474
0.4004385964912281,0.11359649122807018,0.0912280701754386,0.39473684210526316
0.3979859894921191,0.11690017513134851,0.08844133099824869,0.3966725043782837
0.40150842945874,0.11712511091393078,0.08606921029281278,0.39529724933451643
0.40106951871657753,0.12121212121212122,0.08511586452762923,0.392602495543672
0.3948763250883392,0.1166077738515901,0.09231448763250884,0.3962014134275618
0.40008822232024704,0.11821790913101014,0.09042787825319806,0.39126599029554476
0.39849290780141844,0.11702127659574468,0.08820921985815602,0.3962765957446808
0.4019564250778124,0.11827478879502001,0.0853712761227212,0.3943975100044464
0.3991150442477876,0.11991150442477876,0.08761061946902655,0.3933628318584071
0.3985796715490457,0.11895250776742122,0.0821127385707945,0.40035508211273857
0.39628482972136225,0.12030075187969924,0.08845643520566121,0.3949579831932773
0.40707964601769914,0.11902654867256637,0.09070796460176991,0.3831858407079646
0.40582959641255606,0.11748878923766816,0.08789237668161436,0.3887892376681614
0.40115761353517365,0.11531611754229741,0.0881567230632235,0.39536954585930545
0.4042365401588703,0.11120917917034422,0.08649602824360106,0.39805825242718446
0.40425531914893614,0.11391843971631206,0.08687943262411348,0.3949468085106383
0.40176991150442476,0.1168141592920354,0.08628318584070796,0.3951327433628319
0.40166812993854256,0.12159789288849868,0.08516242317822652,0.3915715539947322
0.40008764241893074,0.12094653812445223,0.08895705521472393,0.39000876424189307
0.3997355663287792,0.11811370647862494,0.0877038342882327,0.39444689290436313
0.3920105355575066,0.11633011413520632,0.08735733099209833,0.4043020193151888
0.3962097840458352,0.1132657558395769,0.08417805200528868,0.40634640810929923
0.39601769911504425,0.11150442477876106,0.084070796460177,0.4084070796460177
0.39426048565121413,0.10860927152317881,0.08918322295805739,0.40794701986754967
0.3891120035698349,0.10843373493975904,0.08969210174029452,0.41276215975011155
0.38805309734513277,0.1088495575221239,0.08982300884955752,0.41327433628318583
0.3890860692102928,0.10559006211180125,0.09006211180124224,0.4152617568766637
0.38998682476943347,0.10496267018006149,0.09266578831796222,0.41238471673254284
0.3912852112676056,0.10387323943661972,0.09507042253521127,0.4097711267605634
0.3851559068950373,0.10101010101010101,0.09793588054457619,0.41589811155028544
0.38410301953818826,0.09769094138543517,0.10079928952042629,0.41740674955595025
0.37560333479596314,0.10004387889425187,0.10004387889425187,0.4243089074155331
0.3848190644307149,0.10194174757281553,0.09752868490732568,0.41571050308914387
0.38778220451527223,0.10314298362107127,0.09694555112881806,0.4121292607348384
0.3914762741652021,0.10456942003514938,0.09753954305799649,0.406414762741652
0.3913808267370273,0.10070360598065084,0.09762532981530343,0.4102902374670185
0.3942908117752007,0.09991079393398751,0.09768064228367529,0.40811775200713646
0.39136183340678715,0.10092551784927281,0.1000440722785368,0.4076685764654033
0.390597539543058,0.09885764499121265,0.10413005272407733,0.406414762741652
0.39444689290436313,0.1004847950639048,0.10445130013221683,0.4006170118995152
0.3869257950530035,0.10335689045936396,0.10159010600706714,0.4081272084805654
0.38884007029876977,0.101493848857645,0.10456942003514938,0.40509666080843587
0.3869257950530035,0.10070671378091872,0.10644876325088339,0.40591872791519434
0.39280958721704395,0.10164225477141589,0.1051930758988016,0.40035508211273857
0.38651388276773907,0.10268840899074483,0.10709563684442486,0.40370207139709124
0.3844444444444444,0.10044444444444445,0.10666666666666667,0.40844444444444444
0.3852017937219731,0.09775784753363229,0.10358744394618834,0.4134529147982063
0.3996447602131439,0.09458259325044405,0.10079928952042629,0.4049733570159858
0.39466666666666667,0.09422222222222222,0.09955555555555555,0.41155555555555556
0.394341290893015,0.09372236958443855,0.09770114942528736,0.41423519009725907
0.39103690685413006,0.09226713532513181,0.09226713532513181,0.4244288224956063
0.39035087719298245,0.09473684210526316,0.0925438596491228,0.42236842105263156
0.38716814159292035,0.0920353982300885,0.10044247787610619,0.42035398230088494
0.3849538055433348,0.09766827980642323,0.10294764628244611,0.41443026836779584
0.3942054433713784,0.09438103599648814,0.10491659350307288,0.4064969271290606
0.3920177383592018,0.09711751662971176,0.10509977827050998,0.4057649667405765
0.3954205195948921,0.09731395860854249,0.10700132100396301,0.4002642007926024
0.39565795303500223,0.09703145768719539,0.10279131590607,0.4045192733717324
0.3952569169960474,0.09705753184014053,0.10276679841897234,0.4049187527448397
0.38501971090670173,0.09548839246605344,0.10337275514673674,0.4161191414805081
0.3834355828220859,0.09815950920245399,0.1016652059596845,0.41673970201577565
0.3869100623330365,0.097506678539626,0.1006233303650935,0.41495992876224397
0.39120781527531084,0.09813499111900532,0.09680284191829484,0.413854351687389
0.3949322848405417,0.1017911751856706,0.09523809523809523,0.40803844473569245
0.39459698848538527,0.10097431355181577,0.09433126660761736,0.41009743135518156
0.3937112488928255,0.09787422497785651,0.09388839681133747,0.4145261293179805
0.39211342490031015,0.09880372175454143,0.09127159946832078,0.41781125387682766
0.3895015438906043,0.10013233348037054,0.09307454786060873,0.4172915747684164
0.3884733831940167,0.097228332600088,0.09282886053673559,0.4214694236691597
0.3937112488928255,0.09433126660761736,0.09300265721877768,0.41895482728077943
0.3921654929577465,0.09242957746478873,0.09242957746478873,0.42297535211267606
0.3881578947368421,0.08991228070175439,0.09342105263157895,0.42850877192982456
0.3866138265081462,0.08982826948480846,0.09423161602818142,0.42932628797886396
0.3858093126385809,0.09090909090909091,0.09356984478935698,0.42971175166297115
0.37853356890459366,0.09452296819787986,0.09319787985865724,0.43374558303886923
0.3838339222614841,0.09098939929328621,0.09231448763250884,0.43286219081272087
0.3805309734513274,0.0920353982300885,0.08672566371681416,0.4407079646017699
0.37873462214411246,0.09446397188049209,0.09007029876977153,0.4367311072056239
0.37664618086040386,0.09657594381035997,0.08516242317822652,0.44161545215100967
0.3701067615658363,0.09786476868327403,0.09030249110320285,0.4417259786476868
0.36978480456741325,0.09617918313570488,0.09178743961352658,0.44224857268335527
0.36846767050487156,0.0983170947741364,0.09255978742249779,0.44065544729849426
0.3700088731144632,0.10070984915705412,0.09006211180124224,0.4392191659272405
0.3770999115826702,0.10565870910698497,0.08885941644562334,0.42838196286472147
0.3757199822773593,0.1076650420912716,0.09038546743464776,0.4262295081967213
0.371529308065227,0.10753635962979285,0.08990744821507272,0.43102688408990747
0.3723404255319149,0.10859929078014184,0.08776595744680851,0.43129432624113473
0.3711886875828546,0.10649580203269995,0.08661069376933274,0.4357048166151127
0.3769911504424779,0.1088495575221239,0.0831858407079646,0.43097345132743364
0.36856010568031705,0.11096433289299867,0.07970057243505063,0.44077498899163364
0.3734458259325044,0.10879218472468917,0.08037300177619894,0.43738898756660743
0.38161925601750546,0.10547045951859957,0.07964989059080962,0.43326039387308535
0.38562664329535495,0.10473269062226118,0.0775635407537248,0.43207712532865905
0.3829505300353357,0.10600706713780919,0.07906360424028269,0.43197879858657245
0.3896445809565599,0.10355419043440105,0.07942079859587538,0.42738043001316367
0.39451570101724903,0.10614772224679346,0.07739938080495357,0.421937195931004
0.3845138583369996,0.10514738231412231,0.08007039155301364,0.43026836779586447
0.38202744577246567,0.10270030987162461,0.08676405489154493,0.42850818946436475
0.37653778558875217,0.101493848857645,0.0852372583479789,0.4367311072056239
0.38097345132743365,0.1,0.07964601769911504,0.4393805309734513
0.3863837312113174,0.10079575596816977,0.08001768346595933,0.4328028293545535
0.38331854480922806,0.09716060337178349,0.08251996450754215,0.4370008873114463
0.38793483047115807,0.09202994275649494,0.08102157639806253,0.43901365037428447
0.39118825100133514,0.09301290609701825,0.0778816199376947,0.4379172229639519
0.37785588752196836,0.09534270650263621,0.08260105448154657,0.44420035149384884
0.3789426921368281,0.09418036428254109,0.08218569524655708,0.44469124833407375
0.36937334510150044,0.09488084730803177,0.07766990291262135,0.4580759046778464
0.3713398402839397,0.0940550133096717,0.07630878438331855,0.4582963620230701
0.3698447893569845,0.09445676274944567,0.07361419068736141,0.46208425720620844
0.3617021276595745,0.09131205673758866,0.07801418439716312,0.46897163120567376
0.36542669584245074,0.09277899343544858,0.07396061269146609,0.46783369803063457
0.36797877045555066,0.09287925696594428,0.07474568774878372,0.46439628482972134
0.36295644522657283,0.09282886053673559,0.07655081390233172,0.46766388033435985
0.3647214854111406,0.08620689655172414,0.08134394341290893,0.4677276746242264
0.3644366197183099,0.08230633802816902,0.08098591549295775,0.4722711267605634
0.36786188579017265,0.08145196989818504,0.07791057990261177,0.47277556440903057
0.37144128113879005,0.08407473309608542,0.07829181494661921,0.46619217081850534
0.37784588441330996,0.08581436077057793,0.07880910683012259,0.45753064798598947
0.3716696269982238,0.08570159857904085,0.08126110124333925,0.4613676731793961
0.37898936170212766,0.08333333333333333,0.07801418439716312,0.4596631205673759
0.37037037037037035,0.08156966490299823,0.07319223985890652,0.4748677248677249
0.3733567046450482,0.08413672217353199,0.07712532865907099,0.4653812445223488
0.3717553893532776,0.08446986361636603,0.07347118345798505,0.4703035635723713
0.377817057003977,0.07821475916924436,0.07733097657976137,0.46663720724701724
0.37755102040816324,0.08118899733806566,0.07763975155279502,0.463620230700976
0.3738359201773836,0.08159645232815965,0.082039911308204,0.46252771618625277
0.3644777434993389,0.08241516086381666,0.08241516086381666,0.4706919347730278
0.3682819383259912,0.08458149779735682,0.08325991189427313,0.4638766519823789
0.3687912087912088,0.0843956043956044,0.08263736263736264,0.4641758241758242
0.3763724198506807,0.0821256038647343,0.08168642951251646,0.4598155467720685
0.368859649122807,0.07982456140350877,0.07982456140350877,0.47149122807017546
0.36929824561403507,0.07587719298245614,0.08070175438596491,0.47412280701754383
0.36731107205623903,0.07644991212653779,0.07996485061511424,0.47627416520210897
0.36869793950021923,0.07452871547566857,0.0789127575624726,0.4778605874616396
0.36881296539640823,0.07971966710468681,0.07840560665790626,0.4730617608409987
0.37819947043248014,0.07590467784642542,0.07546337157987644,0.470432480141218
0.38030634573304156,0.0800875273522976,0.07614879649890591,0.46345733041575493
0.3799912242211496,0.0776656428258008,0.07898200965335674,0.46336112329969287
0.3811219946571683,0.07658058771148708,0.08014247551202137,0.46215494211932323
0.3808888888888889,0.07244444444444445,0.07644444444444444,0.4702222222222222
0.38763796909492276,0.06975717439293598,0.07505518763796909,0.4675496688741722
0.38213180008845643,0.07209199469261389,0.0729765590446705,0.4727996461742592
0.379416961130742,0.07243816254416961,0.07508833922261485,0.4730565371024735
0.3843777581641659,0.0763459841129744,0.0763459841129744,0.46293027360988526
0.3905693950177936,0.08140569395017794,0.07517793594306049,0.452846975088968
0.3905429071803853,0.07837127845884413,0.07267950963222417,0.45840630472854643
0.38913624220837045,0.0792520035618878,0.07257346393588603,0.45903829029385573
0.39145750770585647,0.07397622192866579,0.07309555261999119,0.4614707177454866
0.39050131926121373,0.07387862796833773,0.07255936675461741,0.4630606860158311
0.38543516873889877,0.0719360568383659,0.07060390763765542,0.47202486678507993
0.3804251550044287,0.07351638618246235,0.06775907883082374,0.4782993799822852
0.37996469549867606,0.0736981465136805,0.0648720211827008,0.48146513680494263
0.3853615520282187,0.07098765432098765,0.06393298059964726,0.47971781305114636
0.38580246913580246,0.07098765432098765,0.06261022927689594,0.48059964726631393
0.3862433862433862,0.07275132275132275,0.06569664902998236,0.47530864197530864
0.38958147818343725,0.06945681211041853,0.06455921638468388,0.4764024933214604
0.38879082082965577,0.06707855251544571,0.06222418358340689,0.4819064430714916
0.3901025412394115,0.06732055283102988,0.061970575122603656,0.480606330806955
0.3902439024390244,0.06297117516629712,0.06563192904656319,0.4811529933481153
0.38622222222222224,0.06177777777777778,0.06488888888888888,0.4871111111111111
0.3895582329317269,0.06157965194109773,0.06381079875055778,0.4850513163766176
0.392148213498015,0.061755624172915746,0.06484340538156154,0.48125275694750774
0.3941798941798942,0.06172839506172839,0.06393298059964726,0.4801587301587302
0.39348591549295775,0.061179577464788734,0.0625,0.4828345070422535
0.38512911843276937,0.0609973285841496,0.06277827248441674,0.4910952804986643
0.39342806394316165,0.058170515097690945,0.06261101243339254,0.4857904085257549
0.38925583443416995,0.057243505063848524,0.06428885953324527,0.48921180096873623
0.3868258178603006,0.05526083112290009,0.0649867374005305,0.49292661361626877
0.3864035087719298,0.056140350877192984,0.06271929824561404,0.49473684210526314
0.38876603272888105,0.05572755417956656,0.059708093763821316,0.4957983193277311
0.389326334208224,0.05336832895888014,0.05993000874890639,0.4973753280839895
0.388913330400352,0.05587329520457545,0.06071271447426309,0.4945006599208095
0.39299955693398314,0.056269384138236594,0.056712450155073105,0.49401860877270715
0.38753866548828986,0.0552364118426867,0.0552364118426867,0.5019885108263368
0.38557435440783616,0.05520926090828139,0.057435440783615316,0.5017809439002672
0.3885435168738899,0.0563943161634103,0.0563943161634103,0.49866785079928955
0.38265081461911055,0.062087186261558784,0.05636283575517393,0.49889916336415674
0.38177777777777777,0.057777777777777775,0.058666666666666666,0.5017777777777778
0.3781770376862401,0.05652936021034181,0.058720420683610865,0.5065731814198072
0.37808098591549294,0.05677816901408451,0.061619718309859156,0.5035211267605634
0.37209302325581395,0.05835892935498026,0.060991663010092144,0.5085563843791137
0.37955555555555553,0.059111111111111114,0.060444444444444446,0.5008888888888889
0.3815789473684211,0.05570175438596491,0.06096491228070176,0.5017543859649123
0.38400353513035795,0.05612019443216969,0.06407423773751657,0.4958020326999558
