C,D,Oc,Od
0.0,0.0,0.0,1.0
0.0,0.0,0.5,0.5
0.0,0.0,0.3333333333333333,0.6666666666666666
0.0,0.25,0.25,0.5
0.0,0.2,0.2,0.6
0.0,0.14285714285714285,0.14285714285714285,0.7142857142857143
0.09090909090909091,0.09090909090909091,0.09090909090909091,0.7272727272727273
0.125,0.0625,0.0625,0.75
0.09523809523809523,0.047619047619047616,0.047619047619047616,0.8095238095238095
0.041666666666666664,0.08333333333333333,0.041666666666666664,0.8333333333333334
0.030303030303030304,0.06060606060606061,0.06060606060606061,0.8484848484848485
0.023255813953488372,0.046511627906976744,0.06976744186046512,0.8604651162790697
0.019230769230769232,0.038461538461538464,0.07692307692307693,0.8653846153846154
0.0,0.05,0.06666666666666667,0.8833333333333333
0.030303030303030304,0.015151515151515152,0.045454545454545456,0.9090909090909091
0.02857142857142857,0.014285714285714285,0.04285714285714286,0.9142857142857143
0.04,0.013333333333333334,0.04,0.9066666666666666
0.03260869565217391,0.010869565217391304,0.043478260869565216,0.9130434782608695
0.037383177570093455,0.009345794392523364,0.04672897196261682,0.9065420560747663
0.02586206896551724,0.008620689655172414,0.034482758620689655,0.9310344827586207
0.03875968992248062,0.015503875968992248,0.015503875968992248,0.9302325581395349
0.04285714285714286,0.014285714285714285,0.014285714285714285,0.9285714285714286
0.03184713375796178,0.0,0.01910828025477707,0.9490445859872612
0.027777777777777776,0.0,0.016666666666666666,0.9555555555555556
0.024271844660194174,0.0048543689320388345,0.009708737864077669,0.9611650485436893
0.02252252252252252,0.0045045045045045045,0.009009009009009009,0.963963963963964
0.02066115702479339,0.012396694214876033,0.008264462809917356,0.9586776859504132
0.01090909090909091,0.01090909090909091,0.014545454545454545,0.9636363636363636
0.010238907849829351,0.006825938566552901,0.013651877133105802,0.9692832764505119
0.008823529411764706,0.0058823529411764705,0.01764705882352941,0.9676470588235294
0.00821917808219178,0.005479452054794521,0.019178082191780823,0.9671232876712329
0.007281553398058253,0.009708737864077669,0.019417475728155338,0.9635922330097088
0.004576659038901602,0.009153318077803204,0.018306636155606407,0.9679633867276888
0.00819672131147541,0.00819672131147541,0.01639344262295082,0.9672131147540983
0.0071301247771836,0.012477718360071301,0.0142602495543672,0.966131907308378
0.006666666666666667,0.016666666666666666,0.013333333333333334,0.9633333333333334
0.010670731707317074,0.01524390243902439,0.01524390243902439,0.9588414634146342
0.011299435028248588,0.015536723163841809,0.012711864406779662,0.96045197740113
0.01445466491458607,0.013140604467805518,0.011826544021024968,0.9605781865965834
0.01715686274509804,0.012254901960784314,0.013480392156862746,0.9571078431372549
0.015063731170336037,0.011587485515643106,0.012746234067207415,0.9606025492468134
0.015135135135135135,0.010810810810810811,0.010810810810810811,0.9632432432432433
0.01794616151545364,0.010967098703888335,0.011964107676969093,0.959122632103689
0.017357762777242044,0.010607521697203472,0.01253616200578592,0.9594985535197685
0.018066847335140017,0.00993676603432701,0.014453477868112014,0.957542908762421
0.022146507666098807,0.010221465076660987,0.014480408858603067,0.9531516183986372
0.024174053182917002,0.010475423045930701,0.014504431909750202,0.9508460918614021
0.019984627209838585,0.010760953112990008,0.015372790161414296,0.9538816295157571
0.0188953488372093,0.011627906976744186,0.019622093023255814,0.9498546511627907
0.022837370242214532,0.01384083044982699,0.019377162629757784,0.9439446366782007
0.024771838331160364,0.01564537157757497,0.017601043024771838,0.9419817470664928
0.02322661644695543,0.016321406151914627,0.01820464532328939,0.9422473320778405
0.022809123649459785,0.01680672268907563,0.016206482593037214,0.9441776710684273
0.020348837209302327,0.020348837209302327,0.01686046511627907,0.9424418604651162
0.019875070982396367,0.018739352640545145,0.017035775127768313,0.9443498012492901
0.018338727076591153,0.018878101402373247,0.01564185544768069,0.9471413160733549
0.022376132125732553,0.018114011720831113,0.017048481619605753,0.9424613745338306
0.023869984763839513,0.017775520568816656,0.01574403250380904,0.9426104621635348
0.025025025025025027,0.017517517517517518,0.014514514514514515,0.9429429429429429
0.027092404450895016,0.016932752781809387,0.01644895984518626,0.9395258829221094
0.028005794302269436,0.01545147271849348,0.016417189763399325,0.9401255432158377
0.03138373751783167,0.015691868758915834,0.017118402282453638,0.9358059914407989
0.03054141601110597,0.018047200370198982,0.018047200370198982,0.933364183248496
0.03354779411764706,0.017922794117647058,0.01838235294117647,0.9301470588235294
0.03632286995515695,0.017937219730941704,0.019282511210762333,0.9264573991031391
0.03760071620411817,0.021486123545210387,0.020143240823634737,0.9207699194270367
0.041816546762589925,0.019784172661870502,0.02068345323741007,0.9177158273381295
0.04287003610108303,0.016696750902527077,0.021209386281588447,0.9192238267148014
0.0444247001332741,0.016881386050644157,0.019102621057307864,0.9195912927587738
0.047240618101545256,0.020309050772626933,0.020309050772626933,0.9121412803532009
0.050266903914590745,0.01912811387900356,0.02090747330960854,0.9096975088967971
0.05223550243470562,0.02036299247454626,0.0199203187250996,0.9074811863656486
0.05454545454545454,0.01951219512195122,0.01951219512195122,0.906430155210643
0.05447298494242692,0.019929140832595216,0.01948627103631532,0.9061116031886626
0.0563943161634103,0.020870337477797513,0.018650088809946713,0.9040852575488455
0.05454545454545454,0.021286031042128603,0.017738359201773836,0.906430155210643
0.05491585473870682,0.023914968999114262,0.018600531443755536,0.9025686448184234
0.05634427684117125,0.023957409050576754,0.019077196095829637,0.9006211180124224
0.05685323931247246,0.02379903040987219,0.01895107977082415,0.9003966505068312
0.05716798592788039,0.025065963060686015,0.018909410729991204,0.8988566402814424
0.05647691618108472,0.02734199910354101,0.01927386822052891,0.8969072164948454
0.06034868126955744,0.02682163611980331,0.02011622708985248,0.8927134555207867
0.05869275233437083,0.023121387283236993,0.02267674522009782,0.8955091151622944
0.05829995549621718,0.025367156208277702,0.022251891410769914,0.8940809968847352
0.05659536541889483,0.026292335115864526,0.023618538324420676,0.89349376114082
0.05562972852692479,0.027147307521139297,0.023141967067200713,0.8940809968847352
0.054284432480933155,0.02736653207716465,0.024674742036787798,0.8936742934051144
0.055062166962699825,0.02975133214920071,0.024422735346358793,0.8907637655417406
0.05493523894595802,0.027690933452434122,0.025011165698972757,0.8923626619026351
0.05622489959839357,0.029451137884872823,0.0249888442659527,0.8893351182507809
0.057054400707651484,0.030959752321981424,0.024325519681556832,0.8876603272888103
0.05890168290522586,0.03100088573959256,0.023472099202834367,0.8866253321523472
0.05843293492695883,0.03098716246126605,0.021691013722886232,0.8888888888888888
0.057180851063829786,0.031914893617021274,0.022606382978723406,0.8882978723404256
0.05714285714285714,0.033035714285714286,0.020535714285714286,0.8892857142857142
0.05720620842572062,0.029711751662971176,0.01951219512195122,0.893569844789357
0.05778561976179974,0.025584472871636524,0.017203352448169385,0.8994265549183944
0.06125166444740346,0.028406569019085663,0.015534842432312472,0.8948069241011984
0.05992010652463382,0.028406569019085663,0.016866400355082113,0.8948069241011984
0.06142288996906761,0.029606716747680072,0.019001325673884226,0.8899690676093681
0.061619718309859156,0.02992957746478873,0.018045774647887324,0.8904049295774648
0.06451612903225806,0.03046594982078853,0.017025089605734768,0.8879928315412187
0.0666066606660666,0.027452745274527453,0.016201620162016202,0.8897389738973898
0.06338652482269504,0.028368794326241134,0.018173758865248225,0.8900709219858156
0.06102449888641425,0.026726057906458798,0.01737193763919822,0.8948775055679288
0.0633303808680248,0.023914968999114262,0.016386182462356066,0.8963684676705048
0.06702412868632708,0.02323503127792672,0.01742627345844504,0.8923145665773011
0.06517857142857143,0.023660714285714285,0.019642857142857142,0.8915178571428571
0.06509139545251895,0.021845742309407043,0.018724921979491754,0.8943379402585823
0.06678460858027421,0.022114108801415303,0.01813356921716055,0.8929677134011499
0.06885964912280702,0.02149122807017544,0.016666666666666666,0.8929824561403509
0.07162041181736795,0.022381378692927483,0.01611459265890779,0.8898836168307968
0.07338195077484047,0.02506836827711942,0.01731996353691887,0.8842297174111212
0.07149240393208221,0.025022341376228777,0.01831992850759607,0.8851653261840929
0.06977777777777777,0.024,0.01911111111111111,0.8871111111111111
0.07247665629168519,0.02578923966207203,0.020898176967541128,0.8808359270787016
0.06928508384819064,0.02559576345984113,0.02294792586054722,0.882171226831421
0.07466666666666667,0.024888888888888887,0.024444444444444446,0.876
0.07538802660753881,0.02350332594235033,0.025720620842572064,0.8753880266075388
0.07630522088353414,0.024096385542168676,0.0249888442659527,0.8746095493083444
0.07726663689146941,0.025011165698972757,0.023671281822242072,0.8740509155873157
0.07898259705488621,0.025435073627844713,0.02320392681838465,0.8723784024988844
0.07568293775190327,0.02418271383788625,0.02104791759964174,0.8790864308105687
0.0755813953488372,0.023255813953488372,0.020125223613595707,0.8810375670840788
0.07733333333333334,0.02311111111111111,0.018666666666666668,0.8808888888888889
0.07983942908117753,0.02230151650312221,0.01650312221231044,0.8813559322033898
0.08281665190434012,0.023029229406554472,0.01771479185119575,0.8764393268379097
0.08274021352313167,0.021352313167259787,0.016903914590747332,0.8790035587188612
0.08518189884649512,0.023513753327417924,0.015084294587400177,0.8762200532386868
0.08337028824833703,0.021729490022172948,0.01862527716186253,0.8762749445676274
0.08467023172905526,0.023172905525846704,0.0196078431372549,0.8725490196078431
0.0841452612931798,0.023472099202834367,0.020814880425155006,0.8715677590788308
0.08389112003569835,0.0214190093708166,0.020080321285140562,0.8746095493083444
0.08850726552179657,0.018494055482166448,0.020695728753852928,0.8723029502421841
0.08488063660477453,0.01856763925729443,0.021662245800176835,0.8748894783377542
0.08693713776192599,0.020062416406598307,0.022737405260811413,0.8702630405706643
0.08547008547008547,0.022042285200179937,0.024291497975708502,0.8681961313540261
0.08612226684515842,0.02320392681838465,0.024096385542168676,0.8665774207942882
0.08766519823788546,0.023348017621145373,0.02290748898678414,0.866079295154185
0.08848377056469542,0.023121387283236993,0.02401067140951534,0.8643841707425522
0.09050772626931568,0.02384105960264901,0.025607064017660046,0.8600441501103753
0.09168925022583559,0.026648599819331528,0.024841915085817526,0.8568202348690154
0.08906882591093117,0.02564102564102564,0.02384165542060279,0.8614484930274404
0.08848377056469542,0.02401067140951534,0.024455313472654512,0.8630502445531347
0.08545861297539149,0.023266219239373602,0.027293064876957495,0.8639821029082774
0.08758802816901408,0.02464788732394366,0.026848591549295774,0.8609154929577465
0.09106984969053934,0.025198938992042442,0.025198938992042442,0.8585322723253758
0.08818263205013428,0.025962399283795883,0.02685765443151298,0.8589973142345568
0.08620689655172414,0.026967285587975242,0.026083112290008842,0.8607427055702918
0.08691796008869179,0.027937915742793792,0.02616407982261641,0.858980044345898
0.08462560921577315,0.03145768719539211,0.024368630926007974,0.8595480726628267
0.0821127385707945,0.03195739014647137,0.023524189968930315,0.8624056813138038
0.08539823008849558,0.03274336283185841,0.024778761061946902,0.8570796460176991
0.08707241226121723,0.03287427809862283,0.02576632607729898,0.8542869835628609
0.08711111111111111,0.03422222222222222,0.024444444444444446,0.8542222222222222
0.08741721854304636,0.032229580573951436,0.026490066225165563,0.8538631346578367
0.08870255957634599,0.02912621359223301,0.02559576345984113,0.8565754633715799
0.09349955476402494,0.02715939447907391,0.02315227070347284,0.8561887800534284
0.0929816718819848,0.029503799731783638,0.0232454179704962,0.8542691104157354
0.09355416293643688,0.02820053715308863,0.023724261414503133,0.8545210384959714
0.09175531914893617,0.028368794326241134,0.026595744680851064,0.8532801418439716
0.09005795809184128,0.025858225590726706,0.02630405706642889,0.8577797592510031
0.09054054054054055,0.026576576576576576,0.025675675675675677,0.8572072072072072
0.09005376344086022,0.027777777777777776,0.026881720430107527,0.8552867383512545
0.09094962104324565,0.024966562639322336,0.027641551493535442,0.8564422648238965
0.09239610963748895,0.023430592396109638,0.028735632183908046,0.8554376657824934
0.09392999556933983,0.021710234824988923,0.02924235711120957,0.8551174124944617
0.09710467706013363,0.02271714922048998,0.028507795100222718,0.8516703786191536
0.10093374833259226,0.023566029346376166,0.027567807914628723,0.8479324144064029
0.09737661182747888,0.024899955535793685,0.027567807914628723,0.8501556247220987
0.09560143626570916,0.026032315978456014,0.026481149012567325,0.8518850987432675
0.09038800705467372,0.023809523809523808,0.02601410934744268,0.8597883597883598
0.090625,0.022767857142857142,0.024107142857142858,0.8625
0.09604268563806136,0.0213428190306803,0.02578923966207203,0.8568252556691863
0.09251101321585903,0.020704845814977973,0.02555066079295154,0.8612334801762115
0.09328028293545534,0.020778072502210435,0.027409372236958444,0.8585322723253758
0.09058456046407853,0.0214190093708166,0.02677376171352075,0.8612226684515841
0.09119079238601151,0.02036299247454626,0.02656042496679947,0.8618857901726428
0.09412284577993814,0.021210782147591693,0.02695536897923111,0.8577110030932391
0.09098939929328621,0.020318021201413426,0.024734982332155476,0.8639575971731449
0.09147701918786257,0.020972780008924587,0.024096385542168676,0.8634538152610441
0.09477413640389726,0.021257750221434897,0.024357838795394153,0.8596102745792737
0.096730855351545,0.02104791759964174,0.025526197939991044,0.8566950291088222
0.09460062472110665,0.020080321285140562,0.02320392681838465,0.8621151271753681
0.0986228342958685,0.019991115059973346,0.02310084406930253,0.8582852065748556
0.09412284577993814,0.022978347326557666,0.022978347326557666,0.8599204595669465
0.10044843049327354,0.022869955156950672,0.02062780269058296,0.8560538116591928
0.09803921568627451,0.023618538324420676,0.020053475935828877,0.8582887700534759
0.09880372175454143,0.023482498892334957,0.01905183872396987,0.8586619406291538
0.09942554131683606,0.022536456031816175,0.018117543084401236,0.8599204595669465
0.10224768620537682,0.023358307624504186,0.01762891141472014,0.8567650947553989
0.10114840989399293,0.023409893992932862,0.01678445229681979,0.8586572438162544
0.10071620411817368,0.022381378692927483,0.01566696508504924,0.8612354521038496
0.10314298362107127,0.023019034971226208,0.01593625498007968,0.8579017264276229
0.09955357142857142,0.022767857142857142,0.01607142857142857,0.8616071428571429
0.10275800711743772,0.023131672597864767,0.01601423487544484,0.8580960854092526
0.10343290236290682,0.0231832367365136,0.016049933125278644,0.8573339277753009
0.1023936170212766,0.026152482269503546,0.015957446808510637,0.8554964539007093
0.10500664599025254,0.027470093043863535,0.014178112538768276,0.8533451484271156
0.10651408450704225,0.029049295774647887,0.012764084507042254,0.8516725352112676
0.10370697263901148,0.02824360105913504,0.011032656663724626,0.8570167696381289
0.1023482498892335,0.02702702702702703,0.012405848471422242,0.8582188746123173
0.10170977641385358,0.025427444103463395,0.01578255151249452,0.8570802279701886
0.09771402958314657,0.023756163155535633,0.017929179740026894,0.8606006275212909
0.10004466279589103,0.025011165698972757,0.01786511835640911,0.8570790531487271
0.10200445434298441,0.024498886414253896,0.0200445434298441,0.8534521158129176
0.10218652387327086,0.022311468094600623,0.020526550647032574,0.854975457385096
0.09869310500225327,0.02253267237494367,0.020279405137449302,0.8584948174853537
0.10111358574610245,0.02182628062360802,0.020489977728285078,0.8565701559020045
0.09928762243989314,0.0213713268032057,0.020480854853072127,0.858860195903829
0.09954954954954955,0.02072072072072072,0.01981981981981982,0.8599099099099099
0.09565987599645705,0.021700620017714792,0.01948627103631532,0.8631532329495128
0.09500446030330062,0.024531668153434435,0.020517395182872437,0.8599464763603925
0.09256786826880285,0.02358700489541611,0.019581664441477527,0.8642634623943035
0.09419642857142857,0.023214285714285715,0.020089285714285716,0.8625
0.092,0.024444444444444446,0.01911111111111111,0.8644444444444445
0.09305431878895815,0.024933214603739984,0.01914514692787177,0.8628673196794301
0.09111012826183104,0.022114108801415303,0.020344980097302078,0.8664307828394515
0.09034817100044072,0.022036139268400177,0.02379903040987219,0.8638166593212869
0.08953229398663697,0.023608017817371936,0.02271714922048998,0.8641425389755011
0.09260079751883031,0.023482498892334957,0.02259636685866194,0.8613203367301728
0.09547069271758436,0.023090586145648313,0.020426287744227355,0.86101243339254
0.09928443649373882,0.02370304114490161,0.02191413237924866,0.855098389982111
0.10039456378781236,0.03024989039894783,0.022797018851380975,0.8465585269618588
0.10328014184397163,0.02969858156028369,0.020833333333333332,0.8461879432624113
0.10231316725978648,0.03158362989323844,0.021352313167259787,0.8447508896797153
0.10561797752808989,0.031011235955056178,0.02202247191011236,0.8413483146067415
0.1020776874435411,0.03116531165311653,0.02168021680216802,0.8450767841011744
0.10559284116331097,0.02774049217002237,0.01923937360178971,0.847427293064877
0.09776785714285714,0.027678571428571427,0.02142857142857143,0.853125
0.0987599645704163,0.027015057573073518,0.020814880425155006,0.8534100974313552
0.10361768646717284,0.025011165698972757,0.0241179097811523,0.8472532380527021
0.10493552690084482,0.0213428190306803,0.02401067140951534,0.8497109826589595
0.10509977827050998,0.020399113082039913,0.023059866962305987,0.8514412416851441
0.10363153232949512,0.023914968999114262,0.023029229406554472,0.8494242692648362
0.0995091477019188,0.02320392681838465,0.022757697456492636,0.854529228023204
0.09929078014184398,0.02171985815602837,0.02526595744680851,0.8537234042553191
0.09855453350854139,0.022777047744196234,0.024967148488830485,0.8537012702584319
0.10435168738898756,0.022202486678507993,0.023090586145648313,0.8503552397868561
0.10301953818827708,0.023534635879218474,0.022202486678507993,0.8512433392539964
0.1006233303650935,0.025823686553873553,0.022707034728406055,0.850845948352627
0.09626373626373626,0.027252747252747254,0.02197802197802198,0.8545054945054945
0.09707446808510638,0.027039007092198582,0.022606382978723406,0.8532801418439716
0.10393631136665192,0.02565236620964175,0.022998673153471916,0.8474126492702344
0.1039537983118614,0.02576632607729898,0.024877832074633496,0.8454020435362062
0.10092551784927281,0.02864698104892023,0.025561921551344204,0.8448655795504627
0.10622222222222222,0.02711111111111111,0.02711111111111111,0.8395555555555556
0.10540419830281375,0.027690933452434122,0.029030817329164807,0.8378740509155873
0.1083000443852641,0.02663115845539281,0.02796271637816245,0.8371060807811807
0.10749330954504906,0.027207850133809098,0.029438001784121322,0.8358608385370205
0.1087248322147651,0.02774049217002237,0.026845637583892617,0.8366890380313199
0.10838537020517396,0.025423728813559324,0.024531668153434435,0.8416592328278323
0.10815602836879433,0.02349290780141844,0.026152482269503546,0.8421985815602837
0.11140466754733598,0.02289740202553941,0.02774108322324967,0.837956847203875
0.11405835543766578,0.023430592396109638,0.026083112290008842,0.8364279398762158
0.11925795053003534,0.024734982332155476,0.023409893992932862,0.8325971731448764
0.1202113606340819,0.026420079260237782,0.022457067371202115,0.8309114927344782
0.12599118942731277,0.02555066079295154,0.021145374449339206,0.8273127753303965
0.12719101123595505,0.02606741573033708,0.019775280898876403,0.8269662921348314
0.12817089452603472,0.02358700489541611,0.016911437472185136,0.831330663106364
0.13228699551569506,0.0242152466367713,0.019730941704035873,0.8237668161434978
0.13080357142857144,0.02142857142857143,0.020982142857142855,0.8267857142857142
0.13169642857142858,0.020982142857142855,0.020982142857142855,0.8263392857142857
0.13684676705048715,0.01948627103631532,0.021700620017714792,0.8219663418954827
0.13480176211453745,0.019823788546255508,0.022026431718061675,0.8233480176211454
0.13252470799640612,0.020664869721473494,0.02425876010781671,0.8225516621743036
0.1310220621341738,0.020261143628995948,0.024313372354795137,0.8244034218820351
0.1258396775638155,0.019704433497536946,0.021495745633676667,0.8329601433049709
0.13237280504277352,0.01846015308419631,0.01936064835659613,0.829806393516434
0.13205869275233437,0.020008892841262782,0.01956425077812361,0.8283681636282793
0.133184855233853,0.02182628062360802,0.020489977728285078,0.824498886414254
0.1338967971530249,0.02090747330960854,0.020462633451957295,0.8247330960854092
0.1323918799646955,0.021624007060900265,0.02118270079435128,0.824801412180053
0.13590084108012396,0.02257636122177955,0.02213368747233289,0.8193891102257637
0.13642443156486847,0.022737405260811413,0.022737405260811413,0.8181007579135087
0.13893805309734514,0.02566371681415929,0.02168141592920354,0.8137168141592921
0.1434878587196468,0.026048565121412803,0.02207505518763797,0.8083885209713024
0.147396293027361,0.026037069726390114,0.02030008826125331,0.8062665489849956
0.14419642857142856,0.026785714285714284,0.019642857142857142,0.809375
0.14398943196829592,0.03038309114927345,0.019815059445178335,0.8058124174372523
0.14560071460473425,0.03171058508262617,0.019205002233139794,0.8034836980794998
0.14056939501779359,0.030249110320284697,0.02001779359430605,0.8091637010676157
0.14222222222222222,0.032,0.021333333333333333,0.8044444444444444
0.14049217002237135,0.03087248322147651,0.020134228187919462,0.8085011185682327
0.14569237708615246,0.02931889941362201,0.019395579612088407,0.8055931438881371
0.1459170013386881,0.0285586791610888,0.020080321285140562,0.8054439982150825
0.14743875278396437,0.028507795100222718,0.02093541202672606,0.8031180400890868
0.14487632508833923,0.029151943462897525,0.022968197879858657,0.8030035335689046
0.14545454545454545,0.027494456762749447,0.022172949002217297,0.8048780487804879
0.14836396234872254,0.029134917077543704,0.020618556701030927,0.8018825638727028
0.15102770330652368,0.02770330652368186,0.02100089365504915,0.8002680965147453
0.14514692787177205,0.027604630454140695,0.020926090828138913,0.8063223508459484
0.14405656208572692,0.025187803800265134,0.02209456473707468,0.8086610693769333
0.1442741208295762,0.02569882777276826,0.02569882777276826,0.8043282236248873
0.13907581875280395,0.028712427097353072,0.02332884701659937,0.8088829071332436
0.13973214285714286,0.026785714285714284,0.023214285714285715,0.8102678571428571
0.14342806394316163,0.02575488454706927,0.023090586145648313,0.8077264653641207
0.14197257850508624,0.026094648385670056,0.02344095532950022,0.8084918177797434
0.13739439751000446,0.02712316585148955,0.022232103156958647,0.8132503334815474
0.14191564147627417,0.026362038664323375,0.024165202108963092,0.8075571177504394
0.1402116402116402,0.025573192239858905,0.02292768959435626,0.8112874779541446
0.1397091229616571,0.027324812692816218,0.021595416483032173,0.8113706478624945
0.13757791629563668,0.029385574354407838,0.020926090828138913,0.8121104185218165
0.14134742404227213,0.028181417877586965,0.019374724790841038,0.8110964332892999
0.14342984409799556,0.028953229398663696,0.020489977728285078,0.8071269487750556
0.1478999106344951,0.02993744414655943,0.021894548704200177,0.8002680965147453
0.1468500443655723,0.030168589174800354,0.022182786157941437,0.8007985803016859
0.14895509115162295,0.02845709204090707,0.022232103156958647,0.8003557136505114
0.14406028368794327,0.0274822695035461,0.02526595744680851,0.8031914893617021
0.14692787177203917,0.028495102404274265,0.025823686553873553,0.798753339269813
0.14803358373840036,0.028722934158197082,0.026513477684489615,0.796730004418913
0.15042278593680464,0.027147307521139297,0.027592345349354695,0.7948375611927013
0.15186500888099466,0.02664298401420959,0.027531083481349913,0.7939609236234458
0.1492007104795737,0.02708703374777975,0.026198934280639432,0.7975133214920072
0.14793425144380276,0.028876055086628164,0.02576632607729898,0.7974233673922702
0.14897413024085637,0.028991971454058876,0.026761819803746655,0.7952720785013381
0.153300841825432,0.027470093043863535,0.024811696942844484,0.79441736818786
0.15388026607538802,0.026607538802660754,0.025277161862527715,0.7942350332594235
0.15517241379310345,0.02431476569407604,0.02431476569407604,0.7961980548187445
0.15360779105799027,0.02478972996901284,0.02611775121735281,0.795484727755644
0.1598939929328622,0.022968197879858657,0.026943462897526502,0.7901943462897526
0.16041108132260948,0.021447721179624665,0.02546916890080429,0.7926720285969616
0.16237799467613132,0.02129547471162378,0.024844720496894408,0.7914818101153505
0.16049933125278645,0.01961658493089612,0.02630405706642889,0.7935800267498886
0.1563330380868025,0.02037201062887511,0.027015057573073518,0.7962798937112489
0.15546594982078854,0.02060931899641577,0.025537634408602152,0.7983870967741935
0.15803571428571428,0.020089285714285716,0.024107142857142858,0.7977678571428571
0.1558614564831261,0.020870337477797513,0.02486678507992895,0.7984014209591475
0.1532912533814247,0.023444544634806132,0.022993688007213707,0.8002705139765555
0.14928698752228164,0.023172905525846704,0.0213903743315508,0.8061497326203209
0.14899328859060404,0.021029082774049218,0.02192393736017897,0.8080536912751678
0.1502864698104892,0.02379903040987219,0.022917584839136182,0.8029969149405024
0.15081822202565237,0.02476780185758514,0.023883237505528527,0.8005307386112339
0.14692787177203917,0.025378450578806767,0.025823686553873553,0.8018699910952805
0.14755555555555555,0.024,0.025333333333333333,0.8031111111111111
0.14828048235819563,0.022331397945511387,0.028584189370254576,0.8008039303260384
0.14759169244365886,0.021652673442333185,0.0273972602739726,0.8033583738400354
0.1511111111111111,0.022222222222222223,0.02666666666666667,0.8
0.15104398045313194,0.02265659706796979,0.024433585073300755,0.8018658374055975
0.15086782376502003,0.02358700489541611,0.022251891410769914,0.803293279928794
0.14655942806076855,0.024575513851653262,0.021447721179624665,0.8074173369079535
0.1480820695807315,0.0231935771632471,0.021855486173059768,0.8068688670829617
0.15394853593611357,0.022626441881100266,0.024401064773735583,0.7990239574090505
0.15606936416184972,0.020898176967541128,0.024455313472654512,0.7985771453979547
0.1549107142857143,0.022321428571428572,0.02544642857142857,0.7973214285714286
0.15524104378593542,0.022556390977443608,0.02565236620964175,0.7965501990269792
0.1513392857142857,0.024107142857142858,0.022767857142857142,0.8017857142857143
0.15575221238938053,0.023451327433628318,0.02256637168141593,0.7982300884955752
0.1549421193232413,0.02315227070347284,0.02315227070347284,0.798753339269813
0.15466195315952275,0.022978347326557666,0.022536456031816175,0.7998232434821034
0.15384615384615385,0.024899955535793685,0.02401067140951534,0.7972432192085371
0.15011135857461025,0.023608017817371936,0.024498886414253896,0.8017817371937639
0.1526479750778816,0.021806853582554516,0.023141967067200713,0.8024032042723631
0.1543564794338788,0.019902697921273773,0.022114108801415303,0.8036267138434321
0.15053285968028418,0.020870337477797513,0.023090586145648313,0.80550621669627
0.15216421240517625,0.02186523873270861,0.026327532351628737,0.7996430165104864
0.15131286159323543,0.020026702269692925,0.025367156208277702,0.803293279928794
0.15309301290609703,0.020026702269692925,0.024477080551846907,0.8024032042723631
0.1514209591474245,0.020426287744227355,0.02575488454706927,0.8023978685612788
0.14647137150466044,0.020861074123391034,0.026187305814469597,0.8064802485574789
0.14741035856573706,0.02080566622399292,0.0283311199645861,0.8034528552456839
0.15452930728241562,0.020426287744227355,0.02930728241563055,0.7957371225577264
0.1545253863134658,0.020309050772626933,0.026931567328918323,0.798233995584989
0.1537777777777778,0.020888888888888887,0.026222222222222223,0.7991111111111111
0.1556053811659193,0.02242152466367713,0.025112107623318385,0.7968609865470851
0.1547354379724322,0.024455313472654512,0.02578923966207203,0.7950200088928413
0.15240641711229946,0.026292335115864526,0.02807486631016043,0.7932263814616756
0.15364001786511836,0.025011165698972757,0.029477445288075034,0.7918713711478339
0.1537439078422685,0.023482498892334957,0.02924235711120957,0.793531236154187
0.15470352206865803,0.023629068212215783,0.026749888542131076,0.7949175211769951
0.1558731576596695,0.023224653863331845,0.026351049575703438,0.7945511389012953
0.16238938053097346,0.023451327433628318,0.025221238938053097,0.7889380530973451
0.16614560071460474,0.023224653863331845,0.025011165698972757,0.7856185797230907
0.1625615763546798,0.0219435736677116,0.025974025974025976,0.7895208240035826
0.15911111111111112,0.023555555555555555,0.025333333333333333,0.792
0.15579227696404793,0.024411895250776743,0.024411895250776743,0.7953839325343985
0.15074024226110364,0.02332884701659937,0.02288021534320323,0.8030506953790938
0.15426008968609867,0.021076233183856503,0.02197309417040359,0.8026905829596412
0.1601597160603372,0.02085181898846495,0.02040816326530612,0.7985803016858918
0.16149068322981366,0.02040816326530612,0.021739130434782608,0.7963620230700976
0.16104363472784525,0.01979307242465137,0.020242914979757085,0.7989203778677463
0.15907059874888294,0.021894548704200177,0.019213583556747096,0.7998212689901698
0.155318202047174,0.020471740097908322,0.018691588785046728,0.8055184690698709
0.16049933125278645,0.018279090503789567,0.019170753455193937,0.8020508247882301
0.16294642857142858,0.01830357142857143,0.020089285714285716,0.7986607142857143
0.16555703506435862,0.019529516200621395,0.020417221482467822,0.7944962272525522
0.16852928028609745,0.018328118015198926,0.019669199821189094,0.7934734018775146
0.16309204647006256,0.016979445933869526,0.020554066130473638,0.7993744414655943
0.15996464869642069,0.01723376049491825,0.017675651789659744,0.8051259390190013
0.16275984077841663,0.016364440513047324,0.017691287041132243,0.8031844316674038
0.16166077738515902,0.016342756183745585,0.018992932862190812,0.8030035335689046
0.16585581601061478,0.018575851393188854,0.019902697921273773,0.7956656346749226
0.16844919786096257,0.017825311942959002,0.018270944741532978,0.7954545454545454
0.16733422340898976,0.017356475300400534,0.017356475300400534,0.7979528259902091
0.167337807606264,0.01879194630872483,0.020134228187919462,0.7937360178970917
0.1694915254237288,0.018287243532560213,0.02007136485280999,0.792149866190901
0.16718266253869968,0.01901813356921716,0.022556390977443608,0.7912428129146395
0.1646693297825122,0.019529516200621395,0.023968042609853527,0.7918331114070128
0.16911437472185137,0.018691588785046728,0.021361815754339118,0.7908322207387628
0.16592724046140195,0.019077196095829637,0.023513753327417924,0.7914818101153505
0.17728285077951003,0.018708240534521157,0.024053452115812918,0.7799554565701559
0.17652289906625165,0.017341040462427744,0.02578923966207203,0.7803468208092486
0.17506750675067506,0.016201620162016202,0.026102610261026102,0.7826282628262826
0.17348314606741572,0.017977528089887642,0.024719101123595506,0.7838202247191012
0.17610619469026548,0.016814159292035398,0.023893805309734513,0.7831858407079646
0.17879325643300797,0.016415261756876662,0.025288376220053237,0.7795031055900621
0.1755965781179649,0.01530841963079694,0.026114362899594776,0.7829806393516434
0.18064228367528992,0.015611061552185548,0.02631578947368421,0.7774308652988403
0.17605004468275245,0.01653261840929401,0.025022341376228777,0.7823949955317248
0.1793286219081272,0.0176678445229682,0.021643109540636044,0.7813604240282686
0.18322981366459629,0.01774622892635315,0.02129547471162378,0.7777284826974268
0.17915742793791575,0.01818181818181818,0.021286031042128603,0.7813747228381375
0.17612612612612613,0.01981981981981982,0.022972972972972974,0.7810810810810811
0.17873100983020554,0.020107238605898123,0.024128686327077747,0.7770330652368186
0.17464539007092197,0.018617021276595744,0.02349290780141844,0.7832446808510638
0.17665335108743896,0.020417221482467822,0.0230803373280071,0.7798490901020861
0.18128916741271262,0.020143240823634737,0.024619516562220233,0.7739480752014324
0.18133569217160547,0.020787262273330383,0.023883237505528527,0.7739938080495357
0.17628774422735347,0.02575488454706927,0.02575488454706927,0.772202486678508
0.1747787610619469,0.026106194690265486,0.024336283185840708,0.7747787610619469
0.17898486197684774,0.025378450578806767,0.02626892252894034,0.7693677649154052
0.1750886524822695,0.025709219858156027,0.0274822695035461,0.7717198581560284
0.1761006289308176,0.026504941599281222,0.025157232704402517,0.7722371967654986
0.18084153983885407,0.02820053715308863,0.02685765443151298,0.7641002685765443
0.1847585290208241,0.02968542312804608,0.0256978289765175,0.7598582188746124
0.18048780487804877,0.029711751662971176,0.024390243902439025,0.765410199556541
0.17748344370860927,0.030463576158940398,0.02384105960264901,0.7682119205298014
0.17959001782531195,0.03208556149732621,0.02406417112299465,0.7642602495543672
0.18744434550311664,0.031611754229741766,0.02315227070347284,0.7577916295636687
0.19343389529724933,0.027950310559006212,0.022182786157941437,0.756433007985803
0.1914798206278027,0.026457399103139014,0.022869955156950672,0.7591928251121076
0.19577907498877414,0.027391109115401886,0.02020655590480467,0.7566232599910193
0.1972972972972973,0.023423423423423424,0.02027027027027027,0.759009009009009
0.19614003590664272,0.02154398563734291,0.019748653500897665,0.7625673249551167
0.19143239625167335,0.020526550647032574,0.018295403837572513,0.7697456492637216
0.19485130936529071,0.022192632046160676,0.018641810918774968,0.7643142476697736
0.19361984935755427,0.022153300841825433,0.020824102791315906,0.7634027470093044
0.18904355635383924,0.02155365963179165,0.02155365963179165,0.7678491243825775
0.18964747880410532,0.020972780008924587,0.023650156180276664,0.7657295850066934
0.1871943085815918,0.022232103156958647,0.02267674522009782,0.7678968430413518
0.190815871600535,0.022737405260811413,0.022737405260811413,0.7637093178778421
0.18641810918774968,0.024411895250776743,0.0230803373280071,0.7660896582334665
0.1900352733686067,0.024691358024691357,0.021604938271604937,0.763668430335097
0.1960958296362023,0.025732031943212066,0.02129547471162378,0.7568766637089619
0.19141323792486584,0.022808586762075134,0.02146690518783542,0.7643112701252236
0.19119608714984437,0.023566029346376166,0.02267674522009782,0.7625611382836817
0.19020044543429845,0.02182628062360802,0.024053452115812918,0.7639198218262806
0.1911699779249448,0.022516556291390728,0.025607064017660046,0.7607064017660045
0.19113697403760072,0.022829006266786033,0.02685765443151298,0.7591763652641003
0.19051838723969872,0.02303943287549845,0.024368630926007974,0.7620735489587949
0.1922735346358792,0.023090586145648313,0.023534635879218474,0.761101243339254
0.19182948490230906,0.02264653641207815,0.025310834813499113,0.7602131438721137
0.19334811529933482,0.02483370288248337,0.02483370288248337,0.7569844789356984
0.1982142857142857,0.026339285714285714,0.022321428571428572,0.753125
0.19230769230769232,0.026525198938992044,0.023430592396109638,0.757736516357206
0.19047619047619047,0.025367156208277702,0.025367156208277702,0.7587894971072541
0.18847699866011614,0.023671281822242072,0.023671281822242072,0.7641804376953998
0.19344842850818947,0.02390438247011952,0.025675077467906152,0.7569721115537849
0.19232465813850905,0.023820026466696075,0.026025584472871635,0.7578297309219233
0.19637328615656788,0.02344095532950022,0.026536930561698365,0.7536488279522335
0.19186046511627908,0.023255813953488372,0.026833631484794274,0.7580500894454383
0.18800358102059087,0.024619516562220233,0.02775290957923008,0.7596239928379588
0.18173797970886635,0.024702249669166298,0.02646669607410675,0.7670930745478606
0.1809693196976434,0.023121387283236993,0.02578923966207203,0.7701200533570476
0.1772039180765806,0.021816562778272486,0.025823686553873553,0.7751558325912734
0.17931646693297826,0.0230803373280071,0.02574345317354638,0.7718597425654683
0.18072824156305506,0.02486678507992895,0.028419182948490232,0.7659857904085258
0.18097345132743362,0.023893805309734513,0.02566371681415929,0.7694690265486726
0.17788675880517166,0.02541239411502452,0.026749888542131076,0.7699509585376728
0.17136563876651983,0.027753303964757708,0.02555066079295154,0.775330396475771
0.17079646017699116,0.030530973451327433,0.026106194690265486,0.772566371681416
0.17348754448398576,0.02891459074733096,0.026245551601423486,0.7713523131672598
0.17170818505338079,0.02891459074733096,0.026245551601423486,0.7731316725978647
0.17293233082706766,0.03140203449800973,0.02344095532950022,0.7722246793454224
0.17346938775510204,0.032830523513753325,0.023070097604259095,0.7706299911268856
0.1731967943009795,0.029385574354407838,0.02404274265360641,0.7733748886910062
0.17535335689045936,0.02871024734982332,0.023409893992932862,0.7725265017667845
0.17224453369031684,0.02677376171352075,0.023650156180276664,0.7773315484158858
0.17560321715817695,0.026362823949955316,0.025022341376228777,0.773011617515639
0.1761034329023629,0.025858225590726706,0.0231832367365136,0.7748551047703968
0.1766024204392649,0.025997310623038995,0.021515015688032272,0.7758852532496638
0.17404921700223713,0.026845637583892617,0.02192393736017897,0.7771812080536913
0.17305976806422838,0.028991971454058876,0.024531668153434435,0.7734165923282783
0.17385504668741664,0.029791018230324588,0.02267674522009782,0.7736771898621609
0.175,0.027232142857142858,0.025,0.7727678571428571
0.1729490022172949,0.025277161862527715,0.02261640798226164,0.7791574279379158
0.17457475380483437,0.02775290957923008,0.021038495971351837,0.7766338406445837
0.17707404103479035,0.022747546833184657,0.02096342551293488,0.77921498661909
0.177390527256479,0.02100089365504915,0.022341376228775692,0.7792672028596962
0.17704626334519574,0.02001779359430605,0.02179715302491103,0.7811387900355872
0.17979528259902092,0.021806853582554516,0.021806853582554516,0.7765910102358701
0.17789520035226772,0.02289740202553941,0.024218405988551298,0.7749889916336415
0.1776375112714157,0.025247971145175834,0.02569882777276826,0.7714156898106402
0.1763382816014395,0.026090868196131354,0.026090868196131354,0.7714799820062977
0.17456021650879566,0.02480829950383401,0.028416779431664412,0.772214704555706
0.17726051924798567,0.024171888988361683,0.02864816472694718,0.7699194270367055
0.1803205699020481,0.022707034728406055,0.030721282279608193,0.7662511130899377
0.17780748663101603,0.022727272727272728,0.027183600713012478,0.7722816399286988
0.18129432624113476,0.02304964539007092,0.025709219858156027,0.7699468085106383
0.18262411347517732,0.02526595744680851,0.02304964539007092,0.7690602836879432
0.18863737239236572,0.024855747891699954,0.023968042609853527,0.7625388371060808
0.18777679362267494,0.024357838795394153,0.022143489813994686,0.7657218777679362
0.1904549509366637,0.02408563782337199,0.02230151650312221,0.7631578947368421
0.19073083778966132,0.022727272727272728,0.020053475935828877,0.7664884135472371
0.1825892857142857,0.023214285714285715,0.020089285714285716,0.7741071428571429
0.182546749777382,0.022707034728406055,0.020035618878005344,0.7747105966162066
0.18511957484499558,0.020814880425155006,0.01948627103631532,0.7745792736935341
