C,D,Oc,Od
0.0,0.0,1.0,0.0
0.0,0.0,0.6,0.4
0.18181818181818182,0.0,0.45454545454545453,0.36363636363636365
0.2222222222222222,0.0,0.3888888888888889,0.3888888888888889
0.2222222222222222,0.05555555555555555,0.3333333333333333,0.3888888888888889
0.2459016393442623,0.04918032786885246,0.29508196721311475,0.4098360655737705
0.25842696629213485,0.0898876404494382,0.30337078651685395,0.34831460674157305
0.23255813953488372,0.12403100775193798,0.2868217054263566,0.35658914728682173
0.24444444444444444,0.1388888888888889,0.2777777777777778,0.3388888888888889
0.2345679012345679,0.16049382716049382,0.2757201646090535,0.3292181069958848
0.22727272727272727,0.17207792207792208,0.2727272727272727,0.32792207792207795
0.23076923076923078,0.16666666666666666,0.27692307692307694,0.32564102564102565
0.23529411764705882,0.18067226890756302,0.26260504201680673,0.32142857142857145
0.23920265780730898,0.1760797342192691,0.25249169435215946,0.33222591362126247
0.2517482517482518,0.1888111888111888,0.23216783216783216,0.32727272727272727
0.2517985611510791,0.19184652278177458,0.22541966426858512,0.33093525179856115
0.25851063829787235,0.19574468085106383,0.22021276595744682,0.32553191489361705
0.2605893186003683,0.19429097605893186,0.21178637200736647,0.3333333333333333
0.26398026315789475,0.21217105263157895,0.21628289473684212,0.30756578947368424
0.2588757396449704,0.22263313609467456,0.21745562130177515,0.3010355029585799
0.26026490066225166,0.22649006622516557,0.2271523178807947,0.2860927152317881
0.24831391784181484,0.23359901900674432,0.22624156958920907,0.2918454935622318
0.2530329289428076,0.2391681109185442,0.2322357019064125,0.2755632582322357
0.24905251759610178,0.2517596101786681,0.23118570655116405,0.26800216567406604
0.24765380604796663,0.2518248175182482,0.23149113660062565,0.26903023983315955
0.24432104997476023,0.2579505300353357,0.23220595658758203,0.26552246340232205
0.2458455522971652,0.2644183773216031,0.22825024437927663,0.261485826001955
0.24475190839694658,0.26383587786259544,0.23043893129770993,0.2609732824427481
0.23973880597014927,0.269589552238806,0.22667910447761194,0.26399253731343286
0.2422051513782196,0.27519204699502936,0.2236782647989155,0.2589245368278355
0.2400890868596882,0.28017817371937637,0.22360801781737194,0.2561247216035635
0.23474387527839644,0.28106904231625834,0.23073496659242762,0.2534521158129176
0.23851203501094093,0.27439824945295405,0.22932166301969364,0.2577680525164114
0.23198594024604569,0.27680140597539543,0.23374340949033393,0.25746924428822493
0.2290379523389232,0.2802294792586055,0.23389232127096204,0.25684024713150927
0.22948661693725317,0.2768758227292672,0.23475208424747696,0.25888547608600265
0.22656597067969791,0.2785428698356286,0.23278542869835628,0.2621057307863172
0.23345101500441306,0.2824360105913504,0.21977052074139453,0.26434245366284204
0.2329495128432241,0.2838795394154119,0.2201062887511072,0.2630646589902569
0.23178807947019867,0.2763796909492274,0.22030905077262694,0.271523178807947
0.23529411764705882,0.27288810260946483,0.2251216275984078,0.26669615214506853
0.23438192290651308,0.27824545857332744,0.21843154630039877,0.26894107221976077
0.2373180414644905,0.2717247463608293,0.2227613586237318,0.2681958535509484
0.22765301629238222,0.27256715103478646,0.2289740202553941,0.27080581241743723
0.2290379523389232,0.2674315975286849,0.23036187113857018,0.2731685789938217
0.22403169014084506,0.26936619718309857,0.2323943661971831,0.27420774647887325
0.22231985940246046,0.26757469244288223,0.23198594024604569,0.2781195079086116
0.2234982332155477,0.26413427561837455,0.22968197879858657,0.2826855123674912
0.23087188612099643,0.2597864768683274,0.22909252669039146,0.2802491103202847
0.2329192546583851,0.25687666370896184,0.23070097604259096,0.2795031055900621
0.22848405417212755,0.25513324595893405,0.23416339012669288,0.2822193097422455
0.22526041666666666,0.2612847222222222,0.2339409722222222,0.2795138888888889
0.22346119536128456,0.2546833184656557,0.24219446922390722,0.2796610169491525
0.2230971128608924,0.2550306211723535,0.23753280839895013,0.28433945756780404
0.22124283825473778,0.249889819303658,0.23931247245482593,0.2895548699867783
0.22916666666666666,0.250886524822695,0.2296099290780142,0.2903368794326241
0.2284577993813522,0.24524966858152894,0.23729562527618206,0.2889969067609368
0.23470279720279721,0.23907342657342656,0.2312062937062937,0.2950174825174825
0.23822222222222222,0.24266666666666667,0.22844444444444445,0.2906666666666667
0.23900488671701467,0.24522434473567303,0.2199022656597068,0.2958685028876055
0.24282560706401765,0.24415011037527592,0.22075055187637968,0.2922737306843267
0.2413491020586947,0.24003504161191414,0.219886114761279,0.2987297415681121
0.2553097345132743,0.2327433628318584,0.21991150442477875,0.2920353982300885
0.25055432372505543,0.23015521064301553,0.22971175166297117,0.28957871396895785
0.252212389380531,0.23141592920353982,0.22876106194690266,0.28761061946902655
0.2543429844097996,0.2329621380846325,0.22004454342984409,0.29265033407572383
0.2535149384885764,0.23286467486818982,0.21924428822495606,0.29437609841827767
0.25272331154684097,0.2261437908496732,0.22440087145969498,0.29673202614379085
0.2506527415143603,0.23411662315056572,0.22410791993037424,0.29112271540469975
0.24989097252507633,0.23593545573484517,0.22023549934583514,0.29393807239424335
0.25254762959680993,0.23305272485600353,0.22419140451927339,0.29020824102791315
0.24154589371980675,0.2349582784365393,0.22880983750548967,0.2946859903381642
0.247992863514719,0.2297056199821588,0.23148974130240857,0.29081177520071366
0.2474636082928981,0.22893692104102337,0.23378914865460962,0.2898103220114689
0.24168514412416853,0.22527716186252772,0.23104212860310422,0.30199556541019956
0.24259832081307997,0.23155103844454264,0.23817940786566505,0.2876712328767123
0.2329192546583851,0.23469387755102042,0.23824312333629105,0.29414374445430347
0.24074074074074073,0.23148148148148148,0.23633156966490299,0.2914462081128748
0.2388717496694579,0.23446452181577787,0.2384310268840899,0.2882327016306743
0.23725055432372505,0.23059866962305986,0.2407982261640798,0.2913525498891353
0.235216240070609,0.2325684024713151,0.24051191526919682,0.29170344218887906
0.23324514991181658,0.23677248677248677,0.23941798941798942,0.29056437389770723
0.24001774622892635,0.23203194321206744,0.23824312333629105,0.28970718722271516
0.23529411764705882,0.23131357806280406,0.24237063246351173,0.29102167182662536
0.23500881834215168,0.2345679012345679,0.23589065255731922,0.2945326278659612
0.2418645558487247,0.24098504837291118,0.22427440633245382,0.2928759894459103
0.23591549295774647,0.23987676056338028,0.2244718309859155,0.29973591549295775
0.2394736842105263,0.23464912280701755,0.2219298245614035,0.30394736842105263
0.23672566371681417,0.23495575221238937,0.2261061946902655,0.30221238938053097
0.2381161971830986,0.2266725352112676,0.22755281690140844,0.3076584507042254
0.2362998684787374,0.23191582639193337,0.22577816747040771,0.30600613765892154
0.23537234042553193,0.23315602836879432,0.22916666666666666,0.30230496453900707
0.23490230905861456,0.23357015985790408,0.2246891651865009,0.30683836589698044
0.23380035026269702,0.2329246935201401,0.22679509632224168,0.3064798598949212
0.2379690949227373,0.2370860927152318,0.2260485651214128,0.2988962472406181
0.23761061946902653,0.24026548672566372,0.22256637168141594,0.2995575221238938
0.23946110386788352,0.2325076053889613,0.22511951325510648,0.30291177748804865
0.2362758014931928,0.2274923144488362,0.22573561703996486,0.31049626701800614
0.2365734576120728,0.2272525521526853,0.2268086995117621,0.3093652907234798
0.23596491228070177,0.22719298245614036,0.22456140350877193,0.312280701754386
0.23218997361477572,0.23087071240105542,0.22251539138082674,0.3144239226033421
0.23803249890206413,0.22968818620992534,0.2191480017566974,0.31313131313131315
0.23700440528634362,0.23039647577092512,0.2211453744493392,0.3114537444933921
0.23775915306572562,0.23158359064843406,0.21790913101014556,0.31274812527569473
0.2353717553893533,0.2331720193576771,0.21997360316761988,0.31148262208534977
0.23617208077260754,0.22914837576821773,0.22036874451273047,0.31431079894644426
0.2335249889429456,0.23175586023883238,0.2193719593100398,0.31534719150818225
0.23562966213251427,0.23124177270732776,0.21237384817902588,0.32075471698113206
0.23707274320771254,0.22962313759859773,0.2077125328659071,0.3255915863277826
0.2412571934484285,0.2288623284639221,0.20938468348826914,0.32049579459938027
0.23459507042253522,0.23459507042253522,0.20950704225352113,0.32130281690140844
0.23158359064843406,0.24040582267313632,0.20644022937803264,0.321570357300397
0.23147742218325296,0.2341078474353354,0.210872424375274,0.32354230600613765
0.2346002621231979,0.2346002621231979,0.2127566622979467,0.3180428134556575
0.23500881834215168,0.23192239858906524,0.21164021164021163,0.32142857142857145
0.2354230600613766,0.2341078474353354,0.2117492327926348,0.3187198597106532
0.2396109637488948,0.23165340406719717,0.21043324491600354,0.3183023872679045
0.23788546255506607,0.2277533039647577,0.21233480176211453,0.32202643171806167
0.23722149410222804,0.2276103101791175,0.21231979030144169,0.32284840541721277
0.23847517730496454,0.22118794326241134,0.21453900709219859,0.3257978723404255
0.23368606701940034,0.2279541446208113,0.2138447971781305,0.32451499118165783
0.23165340406719717,0.23121131741821396,0.21396993810786913,0.32316534040671974
0.23008455718736093,0.23319982198486872,0.21762349799732977,0.3190921228304406
0.23612334801762114,0.2277533039647577,0.2211453744493392,0.31497797356828194
0.22985468956406868,0.2285336856010568,0.2192866578599736,0.32232496697490093
0.2285336856010568,0.22280933509467196,0.21796565389696168,0.33069132540730956
0.22968197879858657,0.22791519434628976,0.2230565371024735,0.31934628975265017
0.22982991713911904,0.226777147841256,0.21631051024858264,0.3270824247710423
0.22735268249780125,0.2260334212840809,0.22295514511873352,0.32365875109938436
0.22847100175746923,0.22671353251318102,0.22056239015817222,0.3242530755711775
0.23043095866314864,0.22295514511873352,0.22251539138082674,0.32409850483729113
0.22945054945054946,0.21494505494505495,0.22417582417582418,0.3314285714285714
0.23666813574261789,0.2115469369766417,0.2260907888937858,0.3256941383869546
0.24139433551198258,0.20958605664488017,0.22440087145969498,0.32461873638344224
0.2392935982339956,0.21280353200883,0.21986754966887417,0.3280353200883002
0.2400890868596882,0.2089086859688196,0.22628062360801782,0.3247216035634744
0.24438573315719947,0.20299427564949363,0.22677234698370763,0.3258476442095993
0.24647887323943662,0.20290492957746478,0.2205105633802817,0.3301056338028169
0.24889086069210292,0.20186335403726707,0.22493345164152617,0.32431233362910383
0.24721603563474387,0.20489977728285078,0.22494432071269488,0.32293986636971045
0.24967205946655008,0.20288587669435942,0.22780935723655443,0.31963270660253607
0.2533215234720992,0.1979627989371125,0.22453498671390612,0.32418069087688217
0.2482394366197183,0.19850352112676056,0.2249119718309859,0.3283450704225352
0.2505456132693147,0.20384111741597555,0.22610213880401572,0.319511130510694
0.250771264874394,0.20141031291317762,0.2234464521815778,0.3243719700308506
0.25198237885462554,0.2,0.22378854625550662,0.32422907488986785
0.24557522123893805,0.20309734513274336,0.22389380530973452,0.3274336283185841
0.25032651284283847,0.20069656073138878,0.21898127993034391,0.32999564649542884
0.249670908293111,0.20447564721369021,0.21763931548924967,0.3282141290039491
0.24075704225352113,0.20290492957746478,0.22579225352112675,0.3305457746478873
0.24770642201834864,0.2075141983398864,0.22105723023154217,0.3237221494102228
0.24377224199288255,0.20596085409252668,0.2277580071174377,0.322508896797153
0.2509942554131684,0.19973486522315512,0.2222713212549713,0.32699955810870523
0.24790841039189784,0.202113606340819,0.22148833113166005,0.3284896521356231
0.2487847989394609,0.19708351745470615,0.21652673442333187,0.3376049491825011
0.24779929577464788,0.20026408450704225,0.21346830985915494,0.33846830985915494
0.24769433465085638,0.19894598155467721,0.2160737812911726,0.3372859025032938
0.24911816578483245,0.19576719576719576,0.21472663139329806,0.3403880070546737
0.250330542089026,0.19259585720581754,0.2115469369766417,0.34552666372851476
0.2535087719298246,0.1969298245614035,0.2118421052631579,0.33771929824561403
0.25132042253521125,0.1954225352112676,0.21610915492957747,0.3371478873239437
0.25,0.19395017793594305,0.2197508896797153,0.33629893238434166
0.2547294324681038,0.1922569291684998,0.2111746590409151,0.3418389793224813
0.2484689413823272,0.18985126859142606,0.21391076115485563,0.34776902887139105
0.24900662251655628,0.18852097130242826,0.21280353200883,0.34966887417218545
0.24867256637168142,0.18982300884955752,0.2163716814159292,0.34513274336283184
0.2534036012296882,0.19148001756697408,0.2116820377689943,0.3434343434343434
0.25471284524331433,0.19377466023673828,0.20254274441034634,0.3489697501096011
0.25477990217874613,0.19430858159181857,0.20809248554913296,0.34281903068030234
0.25539409951563186,0.19859092910612064,0.2043152796125055,0.34169969176574194
0.2577092511013216,0.1986784140969163,0.20176211453744494,0.34185022026431716
0.2643171806167401,0.19691629955947137,0.20176211453744494,0.3370044052863436
0.25650066108417807,0.19524019391802555,0.1983252534156016,0.3499338915821948
0.2553097345132743,0.1986725663716814,0.1986725663716814,0.3473451327433628
0.2600264433671221,0.20185103569854562,0.19127368884971352,0.34684883208461875
0.2644230769230769,0.19187062937062938,0.1909965034965035,0.3527097902097902
0.2552724077328647,0.2007908611599297,0.18717047451669597,0.35676625659050965
0.25867369345630215,0.20333772507685552,0.18972332015810275,0.3482652613087396
0.256140350877193,0.20526315789473684,0.19298245614035087,0.3456140350877193
0.2498903989478299,0.21481806225339764,0.1854449802718106,0.34984655852696184
0.2516440157825515,0.21657167908811925,0.1850065760631302,0.346777729066199
0.2533039647577093,0.22026431718061673,0.18546255506607928,0.3409691629955947
0.25360734586794925,0.20769567118495846,0.18933100131176214,0.3493659816353301
0.24733096085409254,0.2130782918149466,0.18816725978647686,0.351423487544484
0.2508896797153025,0.20862989323843417,0.1895017793594306,0.35097864768683273
0.24559859154929578,0.20334507042253522,0.19278169014084506,0.35827464788732394
0.2554420257663261,0.20568636161705908,0.1919147045757441,0.3469569080408707
0.25542275343072157,0.20230190349712263,0.19256308100929614,0.34971226206285966
0.2552724077328647,0.1999121265377856,0.19200351493848858,0.35281195079086114
0.254585152838428,0.2017467248908297,0.1873362445414847,0.3563318777292576
0.25032822757111595,0.20393873085339168,0.187308533916849,0.3584245076586433
0.25785050862450243,0.20123839009287925,0.18133569217160547,0.3595754091110128
0.2530594405594406,0.20148601398601398,0.18793706293706294,0.3575174825174825
0.25384277558190604,0.2015810276679842,0.18840579710144928,0.35617039964866054
0.2557624113475177,0.2025709219858156,0.1879432624113475,0.3537234042553192
0.25362000877577884,0.20403685827117157,0.18692408951294429,0.35541904344010533
0.2496685815289439,0.20326999558108705,0.18603623508616882,0.3610251878038003
0.24332740213523132,0.21129893238434164,0.18193950177935944,0.3634341637010676
0.24713656387665198,0.2,0.186784140969163,0.366079295154185
0.24324324324324326,0.20691182986264953,0.1847585290208241,0.3650863978732831
0.24723573639982308,0.21052631578947367,0.1826625386996904,0.3595754091110128
0.24649737302977234,0.21015761821366025,0.18388791593695272,0.3594570928196147
0.24015748031496062,0.21172353455818022,0.18066491688538933,0.3674540682414698
0.23599470666078518,0.2152624614027349,0.18173797970886635,0.3670048522276136
0.23179396092362345,0.2144760213143872,0.18428063943161635,0.369449378330373
0.2265315116791538,0.22080211546936976,0.1749669457910974,0.377699427060379
0.2338638373121132,0.21485411140583555,0.17595048629531387,0.3753315649867374
0.23563218390804597,0.22104332449160036,0.17064544650751548,0.3726790450928382
0.23350923482849603,0.2167985927880387,0.17502198768689534,0.37467018469656993
0.23366944322665498,0.21964050854888206,0.16615519508987286,0.38053485313459007
0.23296703296703297,0.2189010989010989,0.16791208791208792,0.3802197802197802
0.23164835164835165,0.22285714285714286,0.1665934065934066,0.3789010989010989
0.2334664891256103,0.21748779405237462,0.16555703506435862,0.38348868175765644
0.23415492957746478,0.2227112676056338,0.15933098591549297,0.38380281690140844
0.23049645390070922,0.23315602836879432,0.149822695035461,0.38652482269503546
0.2360684510750329,0.22202720491443614,0.1491882404563405,0.39271610355419045
0.2363556338028169,0.22359154929577466,0.1522887323943662,0.38776408450704225
0.22937803264225848,0.22805469783855314,0.15703573003970003,0.3855315394794883
0.2244986922406277,0.22842197035745423,0.15736704446381866,0.3897122929380994
0.22966934763181412,0.2292225201072386,0.15236818588025022,0.38873994638069703
0.22870939420544337,0.21992976294995611,0.15671641791044777,0.39464442493415275
0.2309043020193152,0.22607550482879718,0.15803336259877085,0.3849868305531168
0.22962313759859773,0.22655565293602103,0.15425065731814197,0.3895705521472393
0.22545134302069572,0.2263320123293703,0.15367679436371642,0.3945398502862175
0.22937803264225848,0.21790913101014556,0.15703573003970003,0.3956771063078959
0.23677248677248677,0.2138447971781305,0.15520282186948853,0.3941798941798942
0.23741319444444445,0.21614583333333334,0.1584201388888889,0.3880208333333333
0.23251748251748253,0.21547202797202797,0.16127622377622378,0.39073426573426573
0.23398576512455516,0.2148576512455516,0.16236654804270462,0.3887900355871886
0.23249669749009247,0.21356230735358872,0.16336415675913693,0.3905768383971819
0.23611718408395277,0.21119370354175776,0.1665937909925667,0.38609532138172276
0.23444347063978965,0.21428571428571427,0.1687116564417178,0.3825591586327783
0.23107221006564552,0.212253829321663,0.17024070021881837,0.3864332603938731
0.2393500219587176,0.20992534036012298,0.16469038208168643,0.38603425559947296
0.24192139737991267,0.20698689956331878,0.16986899563318777,0.3812227074235808
0.2465753424657534,0.21564295183384888,0.1665930181175431,0.3711886875828546
0.24154379878577623,0.21509106678230702,0.16869037294015612,0.3746747614917606
0.2450892857142857,0.21607142857142858,0.16651785714285713,0.3723214285714286
0.23915900131406045,0.21681997371879105,0.16644765659220323,0.37757336837494526
0.23630742049469966,0.21908127208480566,0.1687279151943463,0.3758833922261484
0.23345101500441306,0.22241835834068843,0.16681376875551632,0.3773168578993822
0.2310405643738977,0.21825396825396826,0.16710758377425045,0.3835978835978836
0.2331583552055993,0.2204724409448819,0.17279090113735784,0.37357830271216097
0.2364358182620203,0.21746801940891045,0.1729157476841641,0.37318041464490515
0.23750552852720036,0.2193719593100398,0.17027863777089783,0.372843874391862
0.2370500438981563,0.2221246707638279,0.17383669885864794,0.3669885864793679
0.24670184696569922,0.21284080914687775,0.17282321899736147,0.3676341248900616
0.24110671936758893,0.21256038647342995,0.17083882301273606,0.37549407114624506
0.23817940786566505,0.2129916040653999,0.17675651789659744,0.37207247017233763
0.23828647925033467,0.21552878179384202,0.17402945113788487,0.37215528781793844
0.24001774622892635,0.20718722271517304,0.17480035492457852,0.3779946761313221
0.24689716312056736,0.20567375886524822,0.17065602836879432,0.37677304964539005
0.2408630559225011,0.20651695288419197,0.16996917657419638,0.38265081461911055
0.24246395806028834,0.2075141983398864,0.17474879860200962,0.37527304499781566
0.24637043554773427,0.2089749230092389,0.172459304883414,0.37219533655961284
0.2563876651982379,0.20881057268722467,0.1669603524229075,0.36784140969163
0.2522163120567376,0.2074468085106383,0.16799645390070922,0.3723404255319149
0.2557218309859155,0.20334507042253522,0.16681338028169015,0.37411971830985913
0.2565905096660808,0.2047451669595782,0.1625659050966608,0.37609841827768015
0.26375545851528387,0.20698689956331878,0.1572052401746725,0.3720524017467249
0.2566607460035524,0.2091474245115453,0.16163410301953818,0.3725577264653641
0.254416961130742,0.20803886925795054,0.16431095406360424,0.37323321554770317
0.2553657468243539,0.20455540954883925,0.17170389837932545,0.3683749452474814
0.2560386473429952,0.20509442248572685,0.16952129995608256,0.36934563021519545
0.25474613686534214,0.20618101545253864,0.16821192052980133,0.3708609271523179
0.2570298769771529,0.20298769771529,0.1647627416520211,0.37521968365553604
0.25657015590200444,0.1977728285077951,0.16614699331848554,0.37951002227171493
0.2565121412803532,0.19249448123620308,0.16821192052980133,0.3827814569536424
0.25815096025011164,0.18892362661902634,0.16435908887896383,0.3885663242518982
0.25196850393700787,0.1942257217847769,0.1609798775153106,0.39282589676290464
0.250992501102779,0.1910013233348037,0.16012351124834584,0.39788266431407143
0.2472695500218436,0.1944080384447357,0.15945827872433377,0.39886413280908695
0.2481335090030742,0.19060166886253843,0.16117698726394378,0.4000878348704436
0.2431132487975514,0.19239177962396153,0.16834280717096634,0.39615216440752077
0.24649122807017543,0.18552631578947368,0.1692982456140351,0.3986842105263158
0.24546660769570985,0.1901813356921716,0.16452896948252985,0.3998230871295887
0.24649122807017543,0.193859649122807,0.16140350877192983,0.39824561403508774
0.24350506384852488,0.1950682518714223,0.1690885072655218,0.39233817701453105
0.24681038275406952,0.19533655961284646,0.1702595688517378,0.38759348878134625
0.24285085789705235,0.1948966124065112,0.17201935767707874,0.3902331720193577
0.22959406372762986,0.20122217372326495,0.1719773024879965,0.3972064600611087
0.2388646288209607,0.19213973799126638,0.17292576419213973,0.3960698689956332
0.23975044563279857,0.19385026737967914,0.17736185383244207,0.3890374331550802
0.24098504837291118,0.20052770448548812,0.17106420404573439,0.38742304309586634
0.23904382470119523,0.2036299247454626,0.16733067729083664,0.38999557326250556
0.23601937472479084,0.2051959489211801,0.16776750330250992,0.3910171730515192
0.23933128024637043,0.1957765068191817,0.16849978002639684,0.39639243290805104
0.24078091106290672,0.19696312364425161,0.17093275488069415,0.3913232104121475
0.2425176056338028,0.19982394366197184,0.167693661971831,0.3899647887323944
0.24582967515364354,0.1935908691834943,0.16637401229148377,0.3942054433713784
0.249008373732922,0.1881886293521375,0.16394887615689732,0.3988541207580432
0.25542275343072157,0.1921204072598495,0.16024789729969013,0.3922089420097388
0.25570175438596493,0.18640350877192982,0.16271929824561404,0.39517543859649124
0.2570796460176991,0.18938053097345134,0.16283185840707964,0.39070796460176993
0.25692916849978004,0.18609766827980642,0.16322041355037395,0.3937527496700396
0.2563764291996482,0.19085312225153914,0.16710642040457344,0.3856640281442392
0.25650066108417807,0.18510356985456147,0.16967827236668137,0.3887174966945791
0.2544818539571491,0.18320944468736336,0.17490161783996502,0.3874070835155225
0.25327510917030566,0.18253275109170305,0.17292576419213973,0.39126637554585153
0.2466725820763088,0.19077196095829635,0.17036379769299023,0.3921916592724046
0.24590888987173817,0.18796992481203006,0.17116320212295444,0.3949579831932773
0.2395104895104895,0.19274475524475523,0.17657342657342656,0.39117132867132864
0.2467076382791923,0.18920105355575065,0.17383669885864794,0.39025460930640915
0.24053452115812918,0.19242761692650334,0.17461024498886416,0.39242761692650335
0.2380114386273647,0.1900571931368236,0.17641882974043116,0.39551253849538054
0.24136423261915171,0.1884564932225623,0.1670310450371666,0.40314822912111936
0.24440544098288722,0.18648530057042562,0.16849495392716105,0.4006143045195261
0.24537444933920705,0.19162995594713655,0.16079295154185022,0.40220264317180615
0.24153101627804663,0.18785745710514737,0.16542014958205015,0.40519137703475583
0.2422360248447205,0.1898846495119787,0.16415261756876665,0.40372670807453415
0.24507658643326038,0.19212253829321663,0.1649890590809628,0.3978118161925602
0.24625550660792953,0.18898678414096917,0.16519823788546256,0.39955947136563874
0.2413186813186813,0.18725274725274726,0.1687912087912088,0.40263736263736266
0.24513274336283186,0.18053097345132743,0.17035398230088494,0.40398230088495574
0.24451273046532046,0.18349429323968394,0.17251975417032483,0.3994732221246708
0.24513274336283186,0.17920353982300885,0.17079646017699116,0.40486725663716816
0.2535273368606702,0.17592592592592593,0.1715167548500882,0.3990299823633157
0.25624178712220763,0.17257993867717916,0.16951379763469118,0.401664476565922
0.25526315789473686,0.1692982456140351,0.1649122807017544,0.4105263157894737
0.2571428571428571,0.1705357142857143,0.16428571428571428,0.4080357142857143
0.2620932277924362,0.16842568161829374,0.16754617414248021,0.4019349164467898
0.2609271523178808,0.1673289183222958,0.16909492273730684,0.40264900662251657
0.2637604579480405,0.1690885072655218,0.1668868339938353,0.4002642007926024
0.255896751223854,0.16955941255006676,0.17489986648865152,0.39964396973742766
0.2560069899519441,0.1712538226299694,0.1760594145915247,0.3966797728265618
0.2632978723404255,0.17065602836879432,0.1773049645390071,0.3887411347517731
0.25862068965517243,0.17462422634836428,0.1799292661361627,0.3868258178603006
0.2537117903930131,0.1759825327510917,0.1799126637554585,0.39039301310043667
0.25620567375886527,0.18129432624113476,0.1804078014184397,0.3820921985815603
0.2489025460930641,0.18349429323968394,0.1861281826163301,0.38147497805092184
0.2436235708003518,0.1838170624450308,0.18865435356200527,0.3839050131926121
0.24194260485651214,0.18498896247240618,0.18675496688741722,0.38631346578366443
0.24467140319715808,0.18561278863232683,0.19049733570159857,0.37921847246891655
0.24145583666222814,0.1873058144695961,0.1904127829560586,0.3808255659121172
0.24051191526919682,0.18137687555163284,0.19373345101500442,0.3843777581641659
0.24293286219081273,0.18065371024734983,0.19522968197879859,0.38118374558303886
0.24174372523117568,0.17349185380889476,0.19771025979744605,0.3870541611624835
0.24688612099644128,0.17215302491103202,0.19083629893238435,0.39012455516014233
0.24702249669166298,0.17247463608292898,0.19144243493603882,0.3890604322893692
0.2523036419482229,0.17112768758227292,0.18867924528301888,0.3878894251864853
0.25231992929739283,0.173663278833407,0.18957136544410075,0.38444542642509943
0.2566137566137566,0.17195767195767195,0.18871252204585537,0.38271604938271603
0.2495583038869258,0.16519434628975266,0.18904593639575973,0.3962014134275618
0.2496685815289439,0.16791869200176757,0.19222271321254972,0.39019001325673885
0.23978685612788633,0.17406749555950266,0.19182948490230906,0.39431616341030196
0.2431718061674009,0.173568281938326,0.19162995594713655,0.39162995594713657
0.23950508174988952,0.17410517012814847,0.19001325673884226,0.39637649138311976
0.2388451443569554,0.1714785651793526,0.1889763779527559,0.4006999125109361
0.22937803264225848,0.17600352889280987,0.18570798411998235,0.40891045434494927
0.23542402826855124,0.17535335689045936,0.17977031802120141,0.409452296819788
0.23767605633802816,0.17253521126760563,0.1813380281690141,0.4084507042253521
0.2420353982300885,0.1752212389380531,0.17920353982300885,0.40353982300884955
0.23469837076177896,0.1800968736239542,0.17569352708058125,0.4095112285336856
0.22813186813186814,0.1753846153846154,0.17758241758241758,0.4189010989010989
0.21676173760421238,0.1816586222027205,0.1799034664326459,0.4216761737604212
0.2234931808183018,0.17773867135943686,0.17729872415310163,0.4214694236691597
0.21674008810572687,0.1801762114537445,0.17797356828193833,0.4251101321585903
0.21603856266432953,0.18580192813321647,0.17484662576687116,0.4233128834355828
0.2123500666370502,0.18791648156374943,0.17147934251443803,0.4282541092847623
0.20758928571428573,0.184375,0.18035714285714285,0.4276785714285714
0.21578947368421053,0.18201754385964913,0.1736842105263158,0.42850877192982456
0.2174490699734278,0.17316209034543845,0.17271922054915856,0.4366696191319752
0.21716054842989826,0.17204776647501105,0.1742591773551526,0.43653250773993807
0.22085349758029035,0.16849978002639684,0.1803783545974483,0.43026836779586447
0.22178304787000439,0.1673254281949934,0.17830478700043917,0.432586736934563
0.22280933509467196,0.16776750330250992,0.1787758696609423,0.43064729194187584
0.23137946231820186,0.16791538122520935,0.1754076685764654,0.4252974878801234
0.22451669595782073,0.1656414762741652,0.179701230228471,0.43014059753954303
0.2236024844720497,0.1601597160603372,0.18145519077196096,0.43478260869565216
0.2163355408388521,0.1620309050772627,0.17924944812362031,0.4423841059602649
0.21598939929328623,0.16651943462897525,0.18065371024734983,0.4368374558303887
0.21147110332749564,0.1646234676007005,0.17819614711033274,0.4457092819614711
0.21164021164021163,0.1657848324514991,0.17857142857142858,0.44400352733686066
0.21164710995219468,0.16123424598000868,0.17905258583224684,0.44806605823554974
0.21101321585903085,0.160352422907489,0.18193832599118942,0.44669603524229073
0.2073976221928666,0.16072214883311317,0.17965653896961692,0.4522236900044033
0.20568927789934355,0.15929978118161925,0.17943107221006566,0.45557986870897155
0.21234676007005254,0.15674255691768826,0.18213660245183888,0.44877408056042034
0.21080368906455862,0.1598594642072903,0.18533157663592445,0.4440052700922266
0.2140366172624237,0.16521360069747165,0.1809067131647777,0.4398430688753269
0.20767888307155322,0.16797556719022688,0.17801047120418848,0.4463350785340314
0.2098273572377158,0.16600265604249667,0.18193891102257637,0.44223107569721115
0.2104563579973416,0.17102348249889235,0.17722640673460346,0.4412937527691626
0.20650263620386644,0.1726713532513181,0.17706502636203866,0.4437609841827768
0.2097560975609756,0.16762749445676275,0.17827050997782706,0.4443458980044346
0.20822281167108753,0.17462422634836428,0.1830238726790451,0.43412908930150307
0.20659340659340658,0.17450549450549452,0.1753846153846154,0.44351648351648354
0.20765508139023317,0.1702595688517378,0.172459304883414,0.44962604487461505
0.2150727192595857,0.17320405464962538,0.17144116350815336,0.4402820625826355
0.21557413110426749,0.1737791465024197,0.16849978002639684,0.442146942366916
0.2130281690140845,0.17209507042253522,0.16593309859154928,0.448943661971831
0.2079859587538394,0.16322948661693726,0.17112768758227292,0.4576568670469504
0.2087378640776699,0.16593115622241836,0.1707855251544572,0.45454545454545453
0.20950704225352113,0.1637323943661972,0.1738556338028169,0.4529049295774648
0.2040104620749782,0.16739319965126417,0.16652136006974716,0.46207497820401044
0.20381036774479397,0.17368187859991138,0.1648205582631812,0.45768719539211344
0.2052863436123348,0.16784140969162994,0.16431718061674008,0.46255506607929514
0.20685111989459815,0.1673254281949934,0.16161616161616163,0.4642072902942468
0.20881057268722467,0.16519823788546256,0.1647577092511013,0.46123348017621146
0.20527472527472526,0.16923076923076924,0.16527472527472528,0.4602197802197802
0.2074235807860262,0.16812227074235808,0.16681222707423582,0.4576419213973799
0.20818661971830985,0.16681338028169015,0.16329225352112675,0.46170774647887325
0.21419068736141908,0.16274944567627495,0.16851441241685144,0.45454545454545453
0.2145374449339207,0.15991189427312774,0.17312775330396477,0.4524229074889868
0.20907900480139677,0.16848537756438237,0.17285028371890004,0.4495853339153208
0.205218929677134,0.16452896948252985,0.17204776647501105,0.4582043343653251
0.20691182986264953,0.17190961453256534,0.17323881258307489,0.44793974302171025
0.21283185840707963,0.16460176991150444,0.17079646017699116,0.4517699115044248
0.2091188075405524,0.16659359929855327,0.16615519508987286,0.45813239807102146
0.21010638297872342,0.16888297872340424,0.15824468085106383,0.4627659574468085
0.2112614578786556,0.16586643387167177,0.1610650371017023,0.4618070711479703
0.21003963011889035,0.16248348745046234,0.16996917657419638,0.4575077058564509
0.21371681415929203,0.15663716814159293,0.16415929203539822,0.4654867256637168
0.20598591549295775,0.15889084507042253,0.1619718309859155,0.47315140845070425
0.206090026478376,0.15754633715798763,0.16328331862312445,0.4730803177405119
0.20664045434687636,0.16076889471384884,0.16295325469637395,0.46963739624290085
0.2082965578111209,0.1562224183583407,0.1641659311562224,0.471315092674316
0.21059602649006623,0.1554083885209713,0.16909492273730684,0.4649006622516556
0.21071115013169447,0.15057067603160668,0.1707638279192274,0.4679543459174715
0.21319353429445173,0.15246832678025338,0.16950633464394932,0.4648318042813456
0.211037527593819,0.1532008830022075,0.16688741721854305,0.4688741721854305
0.21297107800175286,0.15644171779141106,0.15819456617002628,0.4723926380368098
0.2169894366197183,0.15404929577464788,0.15713028169014084,0.47183098591549294
0.21894273127753303,0.15550660792951543,0.160352422907489,0.46519823788546255
0.21868083222664897,0.15803452855245684,0.1593625498007968,0.4639220894200974
0.21887287024901703,0.1511577107907383,0.16382699868938402,0.4661424202708606
0.21400437636761488,0.1514223194748359,0.16717724288840263,0.4673960612691466
0.20941487021557414,0.150461944566652,0.1680598328200616,0.4720633523977123
0.20967032967032967,0.14945054945054945,0.1665934065934066,0.4742857142857143
0.2092616863259065,0.14635211882918306,0.16688510266491918,0.47750109217999126
0.20492524186455585,0.14599824098504838,0.16534740545294635,0.4837291116974494
0.20646006110868617,0.14185945002182454,0.16630292448712353,0.4853775643823658
0.2051959489211801,0.14178775869660942,0.1682078379568472,0.4848084544253633
0.20709281961471104,0.14141856392294222,0.16637478108581435,0.4851138353765324
0.20697167755991286,0.1411764705882353,0.16339869281045752,0.48845315904139436
0.2091703056768559,0.14148471615720523,0.16419213973799127,0.4851528384279476
0.20781527531083482,0.14520426287744229,0.15630550621669628,0.49067495559502666
0.20748898678414096,0.14713656387665197,0.15462555066079295,0.4907488986784141
0.20763827919227393,0.14442493415276558,0.15320456540825286,0.4947322212467076
0.20703296703296703,0.1498901098901099,0.1476923076923077,0.49538461538461537
0.20860781730346947,0.14185331576635923,0.1484409310496267,0.5010979358805446
0.21131741821396993,0.14058355437665782,0.15251989389920426,0.49557913351016797
0.2079859587538394,0.14348398420359806,0.15138218516893373,0.4971478718736288
0.21137855579868708,0.1448577680525164,0.14967177242888402,0.49409190371991246
0.2139679715302491,0.14546263345195729,0.15391459074733096,0.48665480427046265
0.21190581963571745,0.14260328742780987,0.15948467347845402,0.48600621945801864
0.21434859154929578,0.14700704225352113,0.1544894366197183,0.4841549295774648
0.21579876434245365,0.14518976169461606,0.15931156222418358,0.4796999117387467
0.21650399290150843,0.14152617568766637,0.16548358473824312,0.4764862466725821
0.22096563723357981,0.14267072640278383,0.1605045672031318,0.4758590691605046
0.22296395193591456,0.14196706720071206,0.16644414775255897,0.46862483311081443
0.22843309859154928,0.1386443661971831,0.16285211267605634,0.47007042253521125
0.22566371681415928,0.14380530973451328,0.168141592920354,0.46238938053097345
0.2222222222222222,0.14317083882301274,0.16908212560386474,0.4655248133509003
0.22143802382002647,0.14600794000882222,0.17071018967798854,0.4618438464931628
0.22168141592920354,0.15353982300884955,0.17168141592920355,0.45309734513274336
0.22124283825473778,0.1494050242397532,0.16967827236668137,0.4596738651388277
0.22080211546936976,0.14764213309828117,0.1749669457910974,0.45658880564125165
0.22300884955752212,0.14734513274336283,0.17699115044247787,0.4526548672566372
0.22843309859154928,0.1483274647887324,0.1756161971830986,0.4476232394366197
0.22182942996022978,0.15024304021210783,0.18250110472823686,0.44542642509942554
0.2250987275120667,0.1500658183413778,0.1781483106625713,0.4466871434839842
0.21971706454465076,0.14809902740937222,0.1852343059239611,0.4469496021220159
0.22301199466903598,0.14793425144380276,0.18169702354509107,0.4473567303420702
0.2274715660542432,0.14873140857392825,0.1837270341207349,0.44006999125109364
0.2200873362445415,0.14890829694323143,0.18602620087336244,0.44497816593886463
0.22644847412649272,0.14551083591331268,0.18531623175586023,0.44272445820433437
0.22315510384445428,0.14626601855943439,0.18073353954927088,0.44984533804684046
0.22602131438721138,0.1447602131438721,0.1825044404973357,0.4467140319715808
0.22611744084136723,0.14592462751971955,0.17747589833479405,0.4504820333041192
0.2316209034543844,0.14570416297608504,0.1753764393268379,0.44729849424269263
0.23415492957746478,0.14348591549295775,0.17077464788732394,0.4515845070422535
0.2367382726874178,0.14160455940377029,0.16922402455063568,0.45243314335817625
0.23940585408475318,0.13892529488859764,0.16950633464394932,0.4521625163826999
0.24072438162544169,0.14840989399293286,0.16519434628975266,0.4456713780918728
0.24293286219081273,0.15061837455830387,0.16519434628975266,0.44125441696113077
0.23834652594547054,0.1442392260334213,0.17018469656992086,0.4472295514511873
0.23918799646954986,0.1354810238305384,0.16725507502206532,0.4580759046778464
0.24121265377855888,0.13224956063268892,0.16608084358523725,0.46045694200351495
0.24283825473776993,0.13574261789334507,0.1630674305861613,0.4583516967827237
0.23725834797891038,0.13488576449912126,0.16608084358523725,0.46177504393673113
0.23773751657092354,0.13875386654882899,0.16747680070702606,0.45603181617322136
0.23377777777777778,0.14266666666666666,0.16844444444444445,0.45511111111111113
0.23978919631093545,0.14053579270970576,0.16600790513833993,0.4536671058410189
0.23684210526315788,0.13421052631578947,0.1675438596491228,0.4614035087719298
0.230193661971831,0.13380281690140844,0.17209507042253522,0.4639084507042254
0.23215859030837005,0.12819383259911896,0.17136563876651983,0.4682819383259912
0.23701440419030992,0.13094718463553034,0.16761239633347882,0.4644260148406809
0.2345349354695149,0.1303960836671117,0.17089452603471295,0.46417445482866043
0.23508771929824562,0.1337719298245614,0.1649122807017544,0.4662280701754386
0.24566859173700578,0.12661039537983118,0.16481563749444691,0.4629053753887161
0.24720607957085383,0.13053196244970944,0.16048278945015645,0.4617791685292803
0.24867724867724866,0.12610229276895943,0.16181657848324515,0.4634038800705467
0.24833110814419226,0.1321762349799733,0.16510903426791276,0.4543836226079217
0.2502218278615794,0.13220940550133098,0.16548358473824312,0.4520851818988465
0.24659938569548048,0.13075910487055725,0.16322948661693726,0.45941202281702503
0.24701195219123506,0.13280212483399734,0.1615759185480301,0.4586100044267375
0.24480777728678746,0.13212549712770658,0.15996464869642069,0.4631020768890853
0.24417069951605808,0.13418389793224814,0.1636603607567092,0.4579850417949846
0.2493368700265252,0.12643678160919541,0.16445623342175067,0.45977011494252873
0.2523281596452328,0.1303769401330377,0.1605321507760532,0.4567627494456763
0.25032822757111595,0.12603938730853392,0.16323851203501094,0.4603938730853392
0.2546093064091308,0.1334503950834065,0.1575943810359965,0.4543459174714662
0.25,0.13414634146341464,0.15810104529616725,0.4577526132404181
0.25462555066079295,0.1290748898678414,0.15947136563876652,0.4568281938325991
0.25874125874125875,0.12980769230769232,0.15646853146853146,0.4549825174825175
0.2583074878156845,0.13159060700044306,0.15684536996012405,0.4532565352237483
0.26731363034847816,0.12218791354212616,0.16056462284958095,0.44993383325981473
0.2719336534264513,0.1178524661719773,0.16542994325621999,0.44478393714535136
0.26593886462882094,0.11965065502183406,0.16724890829694322,0.44716157205240176
0.27004405286343613,0.11541850220264317,0.16387665198237886,0.4506607929515419
0.2737355811889973,0.11357586512866016,0.1574977817213842,0.4551907719609583
0.26327336551118913,0.11759543659499781,0.15752523036419483,0.46160596752961824
