C,D,Oc,Od
0.0,0.0,1.0,0.0
0.0,0.0,1.0,0.0
0.0,0.2,0.8,0.0
0.0,0.125,0.875,0.0
0.0,0.09090909090909091,0.9090909090909091,0.0
0.0,0.058823529411764705,0.8823529411764706,0.058823529411764705
0.0,0.08333333333333333,0.875,0.041666666666666664
0.0,0.0967741935483871,0.8709677419354839,0.03225806451612903
0.0,0.1282051282051282,0.8717948717948718,0.0
0.0,0.14035087719298245,0.8245614035087719,0.03508771929824561
0.024691358024691357,0.13580246913580246,0.8148148148148148,0.024691358024691357
0.03669724770642202,0.13761467889908258,0.7706422018348624,0.05504587155963303
0.04827586206896552,0.14482758620689656,0.7448275862068966,0.06206896551724138
0.041884816753926704,0.14659685863874344,0.7277486910994765,0.08376963350785341
0.054901960784313725,0.13725490196078433,0.7058823529411765,0.10196078431372549
0.06748466257668712,0.13496932515337423,0.6840490797546013,0.11349693251533742
0.07407407407407407,0.1382716049382716,0.6592592592592592,0.12839506172839507
0.09090909090909091,0.1384297520661157,0.6342975206611571,0.13636363636363635
0.0944741532976827,0.13725490196078433,0.6078431372549019,0.16042780748663102
0.1111111111111111,0.1274074074074074,0.5866666666666667,0.1748148148148148
0.11862244897959184,0.12372448979591837,0.5701530612244898,0.1875
0.13519553072625698,0.12513966480446928,0.5441340782122905,0.19553072625698323
0.13733075435203096,0.1344294003868472,0.5183752417794971,0.20986460348162475
0.13981244671781756,0.13810741687979539,0.5029838022165388,0.21909633418584826
0.14397496087636932,0.14632237871674492,0.4843505477308294,0.22535211267605634
0.14447592067988668,0.15509915014164305,0.46175637393767704,0.2386685552407932
0.15315315315315314,0.1537966537966538,0.4446589446589447,0.2483912483912484
0.1490498812351544,0.15201900237529692,0.44299287410926363,0.25593824228028506
0.1475501113585746,0.1492204899777283,0.43207126948775054,0.27115812917594656
0.14757591901971231,0.15130527437400107,0.4160895045285029,0.2850293020777837
0.15212981744421908,0.15010141987829614,0.39807302231237324,0.29969574036511154
0.1528846153846154,0.1466346153846154,0.3975961538461538,0.30288461538461536
0.157502329916123,0.1402609506057782,0.39422180801491147,0.3080149114631873
0.16347905282331512,0.13752276867030966,0.3861566484517304,0.3128415300546448
0.15829941203075532,0.14066033469018543,0.37403889642695615,0.32700135685210313
0.15484158857652833,0.14056224899598393,0.3708165997322624,0.33377956269522535
0.15674955595026643,0.13854351687388988,0.3756660746003552,0.32904085257548843
0.15644444444444444,0.14444444444444443,0.37066666666666664,0.32844444444444443
0.1575892857142857,0.14464285714285716,0.3723214285714286,0.3254464285714286
0.1537777777777778,0.14266666666666666,0.368,0.33555555555555555
0.15350877192982457,0.1456140350877193,0.3675438596491228,0.3333333333333333
0.15558510638297873,0.1453900709219858,0.3696808510638298,0.32934397163120566
0.15695067264573992,0.14080717488789238,0.3668161434977579,0.33542600896860986
0.1589492430988424,0.13980409617097062,0.3628673196794301,0.3383793410507569
0.16069057104913678,0.13811420982735723,0.36254980079681276,0.3386454183266932
0.1620309050772627,0.14083885209713023,0.35805739514348783,0.3390728476821192
0.16940133037694013,0.13924611973392462,0.34811529933481156,0.34323725055432375
0.1724137931034483,0.1419098143236074,0.3364279398762157,0.34924845269672855
0.17819614711033274,0.14010507880910683,0.3314360770577933,0.3502626970227671
0.18185821224130339,0.14090708938793484,0.3249669749009247,0.3522677234698371
0.1789797713280563,0.1437994722955145,0.32629727352682497,0.35092348284960423
0.17533887188456493,0.14210756449497158,0.3314385658067337,0.3511149978137298
0.17271922054915856,0.1421612046058459,0.3432240921169176,0.34189548272807796
0.16556873078612208,0.14448836187966624,0.3421168203776899,0.34782608695652173
0.168141592920354,0.14601769911504425,0.3398230088495575,0.34601769911504426
0.16630100921456778,0.14611671785870997,0.338306274681878,0.34927599824484423
0.16275984077841663,0.14551083591331268,0.3370190181335692,0.3547103051747015
0.16113324479858343,0.15139442231075698,0.33554670208056664,0.351925630810093
0.1599823710885853,0.1498457470251212,0.3428823270163067,0.3472895548699868
0.16371681415929204,0.14823008849557523,0.33716814159292036,0.3508849557522124
0.1663716814159292,0.1504424778761062,0.3309734513274336,0.35221238938053095
0.1682862190812721,0.14575971731448764,0.32773851590106007,0.3582155477031802
0.17033450704225353,0.14392605633802816,0.3204225352112676,0.3653169014084507
0.17207647843485993,0.14450867052023122,0.31969764339706536,0.3637172076478435
0.17649647887323944,0.14788732394366197,0.31866197183098594,0.3569542253521127
0.17804551539491298,0.1494868362338242,0.31682284694332885,0.355644801427934
0.18209876543209877,0.15167548500881833,0.31040564373897706,0.3558201058201058
0.1824264049955397,0.1543264942016057,0.3046387154326494,0.3586083853702052
0.1815329448677723,0.15194979829672792,0.3079336620349619,0.35858359480053786
0.18059901654000893,0.15377738042020564,0.3066607063030845,0.35896289673670095
0.1874447391688771,0.15473032714412024,0.3001768346595933,0.35764809902740935
0.17972554227534307,0.15272244355909695,0.3041168658698539,0.36343514829570606
0.18556244464127547,0.15057573073516387,0.29273693534100975,0.37112488928255094
0.19104609929078015,0.149822695035461,0.30141843971631205,0.35771276595744683
0.18736287845546293,0.15050460728389645,0.29925405879771827,0.36287845546292236
0.18766637089618457,0.15394853593611357,0.2937000887311446,0.3646850044365572
0.1869449378330373,0.1514209591474245,0.29307282415630553,0.3685612788632327
0.1896853146853147,0.15253496503496503,0.29414335664335667,0.36363636363636365
0.1881886293521375,0.14676068752754517,0.2957249889819304,0.36932569413838695
0.1866369710467706,0.1492204899777283,0.29175946547884185,0.3723830734966592
0.18922470433639949,0.15243101182654403,0.2851511169513798,0.3731931668856767
0.19184758529020823,0.15064244572441293,0.2800177226406735,0.37749224634470535
0.19064587973273942,0.15055679287305124,0.2739420935412027,0.3848552338530067
0.19602649006622516,0.15364238410596026,0.27770419426048565,0.3726269315673289
0.19805050952591935,0.1537439078422685,0.2702702702702703,0.3779353123615419
0.19964973730297722,0.15148861646234676,0.266199649737303,0.38266199649737304
0.2099519860323003,0.14840680925360106,0.2570929725010912,0.38454823221300743
0.2074978204010462,0.15170008718395817,0.25675675675675674,0.3840453356582389
0.2018716577540107,0.15151515151515152,0.25133689839572193,0.39527629233511585
0.20372836218375498,0.15046604527296936,0.24766977363515313,0.3981358189081225
0.20106761565836298,0.14590747330960854,0.24243772241992884,0.41058718861209964
0.20244862264975952,0.14779186707477043,0.2409269785745518,0.4088325317009182
0.20071047957371227,0.14786856127886322,0.24600355239786856,0.40541740674955595
0.19803308001788109,0.15020116227089853,0.24497094322753687,0.4067948144836835
0.20361392684001764,0.1480828558836492,0.24460114587924195,0.40370207139709124
0.2001759788825341,0.14782226132864057,0.2402111746590409,0.41179058512978445
0.20892226148409895,0.1515017667844523,0.23719081272084805,0.4023851590106007
0.21140350877192982,0.14736842105263157,0.2307017543859649,0.4105263157894737
0.21284080914687775,0.148636763412489,0.22823218997361477,0.4102902374670185
0.2108300044385264,0.1509098979138926,0.2237017310252996,0.4145583666222814
0.21390611160318868,0.15013286093888398,0.22453498671390612,0.4114260407440213
0.21798848028356224,0.1435533894550288,0.230837394771821,0.40762073548958794
0.21554770318021202,0.1439929328621908,0.22217314487632508,0.41828621908127206
0.2090074333187582,0.14910362920857018,0.22518583296895497,0.41670310450371667
0.21371681415929203,0.14823008849557523,0.2234513274336283,0.41460176991150444
0.21349801499779444,0.14600794000882222,0.2262902514336127,0.4142037935597706
0.21779964221824688,0.1462432915921288,0.2169051878354204,0.41905187835420393
0.21939447125932426,0.14699429574374726,0.21061869240895129,0.4229925405879772
0.22081329252295584,0.14997813729777001,0.19763882815916048,0.43156974202011367
0.22296099290780141,0.14627659574468085,0.20390070921985815,0.42686170212765956
0.21976074435090828,0.1448825875055383,0.20292423571112095,0.43243243243243246
0.21777386713594368,0.14518257809062912,0.1948966124065112,0.442146942366916
0.21665928223305272,0.14665485157288435,0.19539211342490032,0.4412937527691626
0.21415850400712377,0.14203027604630455,0.19545859305431879,0.4483526268922529
0.2222222222222222,0.13685113685113684,0.19262119262119262,0.44830544830544833
0.2198237885462555,0.13964757709251102,0.1947136563876652,0.4458149779735683
0.2194260485651214,0.1403973509933775,0.18852097130242826,0.45165562913907287
0.22408469342743714,0.1340979267754742,0.18659020732245257,0.45522717247463607
0.2149737302977233,0.13266199649737304,0.18870402802101577,0.46366024518388793
0.22134387351778656,0.1339481774264383,0.1844532279314888,0.46025472112428634
0.22320637732506643,0.1355181576616475,0.1820194862710363,0.45925597874224977
0.2198768689533861,0.1345646437994723,0.18601583113456466,0.45954265611257694
0.22651448639157157,0.1382791922739245,0.18217734855136083,0.45302897278314314
0.22627416520210897,0.1344463971880492,0.18057996485061512,0.45869947275922673
0.22017543859649122,0.1324561403508772,0.1780701754385965,0.4692982456140351
0.2215884159719175,0.1355857832382624,0.17332163229486616,0.4695041684949539
0.22251539138082674,0.13324538258575197,0.1759014951627089,0.4683377308707124
0.2209557211749233,0.13590530469092504,0.17536168347216133,0.46777729066199036
0.22821760283060594,0.1384343210968598,0.16983635559486954,0.46351172047766476
0.22737306843267108,0.13554083885209714,0.17350993377483442,0.46357615894039733
0.22413033905768384,0.13650374284456188,0.1712901805372083,0.468075737560546
0.22060766182298547,0.13694407749889917,0.17437252311756934,0.468075737560546
0.2153300841825432,0.13735046521931768,0.17013735046521933,0.4771821001329198
0.22069271758436945,0.13676731793960922,0.17184724689165187,0.4706927175843694
0.2078900709219858,0.1356382978723404,0.16932624113475178,0.487145390070922
0.20921052631578949,0.14210526315789473,0.1618421052631579,0.4868421052631579
0.21302037201062887,0.13950398582816653,0.15854738706820196,0.48892825509300264
0.20859167404782994,0.14437555358724535,0.15854738706820196,0.48848538529672275
0.21186813186813186,0.1410989010989011,0.1578021978021978,0.48923076923076925
0.21723834652594548,0.1363236587510994,0.15567282321899736,0.49076517150395776
0.2202118270079435,0.13459841129744043,0.15401588702559577,0.4911738746690203
0.22071678321678323,0.131993006993007,0.15603146853146854,0.49125874125874125
0.21629955947136564,0.13127753303964756,0.1581497797356828,0.49427312775330395
0.22546419098143236,0.1312997347480106,0.15738284703801944,0.4858532272325376
0.21903922432789774,0.13177611282503304,0.15777875716174528,0.49140590568532394
0.21972699251431088,0.1325407309555262,0.15059445178335534,0.49713782474680757
0.22703180212014135,0.1351590106007067,0.15106007067137808,0.48674911660777387
0.22577777777777777,0.13333333333333333,0.15022222222222223,0.49066666666666664
0.22651448639157157,0.13301141352063214,0.14749780509218613,0.4929762949956102
0.219794917521177,0.13464110566205975,0.14355773517610343,0.5020062416406599
0.22787610619469026,0.13097345132743363,0.13849557522123893,0.5026548672566372
0.22026431718061673,0.13083700440528634,0.14140969162995595,0.507488986784141
0.22787610619469026,0.1314159292035398,0.14424778761061946,0.4964601769911504
0.22948661693725317,0.12768758227292673,0.14480035103115402,0.4980254497586661
0.23121131741821396,0.1251105216622458,0.14235190097259062,0.5013262599469496
0.23620309050772628,0.12273730684326711,0.1381898454746137,0.502869757174393
0.23148148148148148,0.12433862433862433,0.1388888888888889,0.5052910052910053
0.22654867256637168,0.12654867256637167,0.13761061946902656,0.5092920353982301
0.22540802823114248,0.12174680194089105,0.1345390383767093,0.5183061314512571
0.22543859649122808,0.125,0.1368421052631579,0.512719298245614
0.22350332594235034,0.12106430155210643,0.1361419068736142,0.519290465631929
0.2289740202553941,0.12417437252311757,0.1329810656098635,0.5138705416116248
0.22339955849889626,0.1293598233995585,0.13200883002207506,0.5152317880794702
0.21733391992960846,0.12890453145622524,0.13242410910690716,0.5213374395072591
0.2210989010989011,0.12571428571428572,0.12967032967032968,0.5235164835164835
0.2112676056338028,0.12984154929577466,0.125,0.5338908450704225
0.21651295564339043,0.13175230566534915,0.12999560825647782,0.5217391304347826
0.21777777777777776,0.13422222222222221,0.12355555555555556,0.5244444444444445
0.21110621419127368,0.12913177611282503,0.12296165711767298,0.5368003525782283
0.22271517302573204,0.13043478260869565,0.12067435669920142,0.5261756876663709
0.2234513274336283,0.1336283185840708,0.12345132743362831,0.5194690265486726
0.21927497789566755,0.1330680813439434,0.12245800176834659,0.5251989389920424
0.22104332449160036,0.1312997347480106,0.125552608311229,0.52210433244916
0.22697512003491924,0.1300742034046268,0.12439982540375381,0.5185508511567001
0.2251655629139073,0.1315673289183223,0.12273730684326711,0.5205298013245033
0.23388501742160278,0.12630662020905922,0.1210801393728223,0.5187282229965157
0.23255813953488372,0.1254936375603335,0.12154453707766565,0.5204036858271172
0.22593406593406593,0.12527472527472527,0.12263736263736263,0.5261538461538462
0.22857142857142856,0.12395604395604395,0.12175824175824176,0.5257142857142857
0.2334370831480658,0.12094264117385504,0.1200533570475767,0.5255669186305024
0.23012736056214317,0.12384716732542819,0.11857707509881422,0.5274483970136145
0.2328767123287671,0.11577551922227132,0.12240388864339373,0.5289438798055678
0.2288840262582057,0.12297592997811817,0.1212253829321663,0.5269146608315098
0.22565217391304349,0.12130434782608696,0.12,0.5330434782608696
0.23002633889376647,0.11676909569798069,0.12115891132572432,0.5320456540825286
0.2300531914893617,0.12145390070921985,0.1174645390070922,0.5310283687943262
0.236,0.12177777777777778,0.11555555555555555,0.5266666666666666
0.23147742218325296,0.1188075405523893,0.11573871109162648,0.5339763261727313
0.2295873573309921,0.1189640035118525,0.11369622475856014,0.5377524143985952
0.23015873015873015,0.11860670194003527,0.11507936507936507,0.5361552028218695
0.22495606326889278,0.1225834797891037,0.11643233743409491,0.5360281195079086
0.2284577993813522,0.12505523641184269,0.11444984533804684,0.5320371188687583
0.2291296625222025,0.12078152753108348,0.1127886323268206,0.5373001776198935
0.23247559893522626,0.1157941437444543,0.11845607808340727,0.5332741792369121
0.225,0.11785714285714285,0.11875,0.5383928571428571
0.2309043020193152,0.11764705882352941,0.1189640035118525,0.5324846356453029
0.2336119665640123,0.11834579850417949,0.12318521777386714,0.5248570171579411
0.2319610447100487,0.11819389110225764,0.12084993359893759,0.5289951305887561
0.2297476759628154,0.11952191235059761,0.11775121735281098,0.532979194333776
0.22507753655294638,0.1129818342933097,0.11608329641116526,0.5458573327425786
0.22528433945756782,0.11329833770778652,0.1141732283464567,0.547244094488189
0.22988505747126436,0.11361626878868258,0.11096374889478337,0.5455349248452697
0.2353463587921847,0.11012433392539965,0.10968028419182949,0.5448490230905861
0.22828014184397163,0.1077127659574468,0.1148049645390071,0.5492021276595744
0.23339160839160839,0.1097027972027972,0.11101398601398602,0.5458916083916084
0.2336980306345733,0.10722100656455143,0.11466083150984682,0.5444201312910284
0.23650724001755155,0.11145239139973673,0.11013602457218079,0.5419043440105309
0.24337455830388693,0.10821554770318022,0.10556537102473498,0.5428445229681979
0.24363476733977174,0.10974539069359086,0.10886742756804214,0.5377524143985952
0.2379903040987219,0.10753635962979285,0.11062141912736889,0.5438519171441164
0.23909249563699825,0.10732984293193717,0.10907504363001745,0.5445026178010471
0.24172915747684165,0.10366122629025143,0.10807234230260256,0.5465372739303044
0.24206349206349206,0.09700176366843033,0.10802469135802469,0.5529100529100529
0.2482300884955752,0.09734513274336283,0.10398230088495575,0.5504424778761062
0.24524966858152894,0.0963323022536456,0.10472823685373397,0.5536897923110915
0.2423841059602649,0.09801324503311258,0.10596026490066225,0.5536423841059602
0.24639580602883354,0.09960681520314547,0.10747051114023591,0.546526867627785
0.2419850680720246,0.09793588054457619,0.11023276240667546,0.5498462889767237
0.23908248786943095,0.09660344067048963,0.11071901191001324,0.5535950595500662
0.2405618964003512,0.09262510974539069,0.11018437225636524,0.5566286215978928
0.2412726469288555,0.09456473707467963,0.10693769332744145,0.5572249226690235
0.23588621444201313,0.09540481400437636,0.10678336980306345,0.5619256017505471
0.23878627968337732,0.09938434476693052,0.1059806508355321,0.55584872471416
0.24040139616055847,0.10253054101221641,0.10602094240837696,0.5510471204188482
0.2413793103448276,0.1003928415539066,0.10082933216935835,0.5573985159319075
0.24097995545657017,0.10378619153674833,0.10244988864142539,0.5527839643652561
0.24151608638166594,0.10665491405905686,0.09563684442485676,0.5561921551344204
0.2420494699646643,0.10777385159010601,0.09496466431095406,0.5552120141342756
0.2424507658643326,0.10897155361050329,0.09715536105032822,0.5514223194748359
0.24832514515408666,0.10808396605627513,0.10004466279589103,0.5435462259937472
0.2484608619173263,0.1090589270008795,0.10158311345646438,0.5408970976253298
0.2549450549450549,0.10725274725274725,0.10153846153846154,0.5362637362637362
0.25369886858137514,0.11314186248912098,0.10182767624020887,0.5313315926892951
0.252212389380531,0.11238938053097346,0.09955752212389381,0.5358407079646018
0.2553846153846154,0.11296703296703296,0.09846153846153846,0.5331868131868132
0.25636523266022826,0.11106233538191396,0.09833187006145742,0.5342405618964003
0.2575088339222615,0.11086572438162544,0.09849823321554771,0.5331272084805654
0.2525386313465784,0.11788079470198676,0.10066225165562914,0.5289183222958057
0.2513250883392226,0.11793286219081273,0.10247349823321555,0.5282685512367491
0.25451343020695727,0.1202113606340819,0.10171730515191546,0.5235579040070454
0.2557522123893805,0.11902654867256637,0.10530973451327434,0.5199115044247787
0.250992501102779,0.11821790913101014,0.1023378914865461,0.5284516982796648
0.24855747891699956,0.11762094984465157,0.10297381269418553,0.5308477585441633
0.2467134092900964,0.11524978089395267,0.10429447852760736,0.5337423312883436
0.2474546259406817,0.11420982735723771,0.10402833111996458,0.534307215582116
0.2479010163499779,0.1104728236853734,0.10296067167476801,0.5386654882898807
0.24357298474945535,0.11241830065359477,0.10806100217864924,0.5359477124183006
0.2381786339754816,0.11120840630472854,0.10901926444833625,0.5415936952714536
0.24015748031496062,0.10979877515310586,0.10936132983377078,0.5406824146981627
0.23253757736516356,0.11096374889478337,0.11140583554376658,0.5450928381962865
0.23847517730496454,0.1125886524822695,0.11170212765957446,0.5372340425531915
0.23233215547703182,0.11130742049469965,0.11042402826855123,0.5459363957597173
0.24035087719298245,0.10964912280701754,0.10921052631578948,0.5407894736842105
0.2371823450735622,0.11056620597414177,0.1127953633526527,0.5394560855996433
0.2412571934484285,0.1102257636122178,0.1102257636122178,0.5382912793271359
0.24567627494456762,0.10864745011086474,0.11707317073170732,0.5286031042128603
0.2471264367816092,0.10521662245800177,0.11405835543766578,0.5335985853227233
0.24737302977232925,0.10726795096322242,0.11164623467600701,0.5337127845884413
0.2455220620358235,0.11140235910878113,0.11446046308431629,0.5286151157710791
0.2410596026490066,0.11125827814569536,0.12141280353200883,0.5262693156732892
0.23742277140335394,0.11341571050308914,0.11915269196822595,0.530008826125331
0.2430191972076789,0.11823734729493891,0.1169284467713787,0.5218150087260035
0.2446106467223933,0.11702595688517378,0.10998680158380994,0.528376594808623
0.24539877300613497,0.1196319018404908,0.10604732690622261,0.5289219982471516
0.2502218278615794,0.11668145519077196,0.11135758651286602,0.5217391304347826
0.25185832968954963,0.11980760822037603,0.11193703541757762,0.5163970266724968
0.24514134275618374,0.12102473498233215,0.11042402826855123,0.5234098939929329
0.24387040280210157,0.12259194395796848,0.11120840630472854,0.5223292469352014
0.24339788732394366,0.12235915492957747,0.10827464788732394,0.5259683098591549
0.24634470536109881,0.11874169251218432,0.11120957022596367,0.5237040319007532
0.2471315092674316,0.11209179170344219,0.10856134157105031,0.5322153574580759
0.24481693868548743,0.11821790913101014,0.11557123952359948,0.521393912659903
0.2409372236958444,0.11936339522546419,0.11405835543766578,0.5256410256410257
0.24483516483516485,0.12571428571428572,0.11032967032967032,0.5191208791208791
0.2402111746590409,0.12582490101187857,0.11042674879014518,0.5235371755389353
0.2387011847301448,0.12286090390522159,0.11276875822729267,0.525669153137341
0.2469244288224956,0.12609841827768015,0.10852372583479789,0.5184534270650264
0.2444836716681377,0.12753751103265668,0.10458958517210945,0.5233892321270962
0.2525164113785558,0.12735229759299782,0.10459518599562363,0.5155361050328228
0.25065963060686014,0.12313104661389622,0.10642040457343888,0.5197889182058048
0.24901011878574572,0.11966564012318522,0.1073471183457985,0.5239771227452705
0.2503293807641634,0.11857707509881422,0.10276679841897234,0.52832674571805
0.24747252747252746,0.11868131868131868,0.10593406593406593,0.5279120879120879
0.24340949033391915,0.11862917398945519,0.10852372583479789,0.5294376098418277
0.24351648351648353,0.11912087912087913,0.10637362637362638,0.530989010989011
0.24299474605954466,0.11646234676007006,0.10507880910683012,0.5354640980735552
0.24901531728665208,0.1150984682713348,0.10984682713347921,0.526039387308534
0.25232403718459495,0.11642319610447101,0.1111111111111111,0.520141655599823
0.25505716798592787,0.11961301671064203,0.10642040457343888,0.5189094107299912
0.25355239786856126,0.12300177619893428,0.10701598579040852,0.5164298401420959
0.2533039647577093,0.11806167400881057,0.10792951541850221,0.520704845814978
0.25495376486129456,0.1202113606340819,0.10259797446059005,0.5222369000440334
0.2568888888888889,0.12,0.10977777777777778,0.5133333333333333
0.2526595744680851,0.11657801418439716,0.10593971631205673,0.524822695035461
0.2493368700265252,0.1198054818744474,0.10389036251105217,0.5269672855879752
0.24281291463954002,0.11764705882352941,0.10393631136665192,0.5356037151702786
0.24923211935059236,0.11759543659499781,0.10530934620447564,0.5278630978499341
0.24650959860383945,0.1156195462478185,0.10209424083769633,0.5357766143106457
0.23977122745270568,0.11218653761548614,0.10030796304443466,0.5477342718873736
0.24133333333333334,0.11288888888888889,0.1,0.5457777777777778
0.23918799646954986,0.11165048543689321,0.10458958517210945,0.5445719329214475
0.23771929824561402,0.1074561403508772,0.10263157894736842,0.5521929824561403
0.23480176211453743,0.10440528634361233,0.09911894273127753,0.5616740088105727
0.2300923889133304,0.10602727672679278,0.10426748790145182,0.559612846458425
0.2274715660542432,0.10586176727909011,0.1062992125984252,0.5603674540682415
0.2262902514336127,0.10498456109395678,0.105866784296427,0.5628584031760036
0.23097345132743363,0.11017699115044248,0.1,0.5588495575221238
0.23151408450704225,0.10871478873239436,0.09727112676056338,0.5625
0.22659010600706714,0.11174911660777385,0.09982332155477032,0.5618374558303887
0.22580645161290322,0.11135660627485638,0.09809986743261158,0.5647370746796289
0.21881935197514424,0.11096316023080337,0.0985352862849534,0.571682201509099
0.22021978021978023,0.11120879120879121,0.09802197802197803,0.5705494505494505
0.226423487544484,0.10898576512455516,0.09830960854092527,0.5662811387900356
0.22555066079295155,0.1092511013215859,0.1,0.5651982378854625
0.2267080745341615,0.10869565217391304,0.09760425909494233,0.5669920141969832
0.2243447356730342,0.10573078631719236,0.10039982230119947,0.5695246557085739
0.22295514511873352,0.10510114335971855,0.09542656112576957,0.5765171503957783
0.22380106571936056,0.10568383658969804,0.09547069271758436,0.5750444049733571
0.2233948988566403,0.10246262093227793,0.09674582233948989,0.5773966578715919
0.22601839684625494,0.10249671484888305,0.09329829172141918,0.5781865965834428
0.2276707530647986,0.10814360770577934,0.08669001751313485,0.5774956217162872
0.2263986013986014,0.11013986013986014,0.08653846153846154,0.5769230769230769
0.22359699513919576,0.10782147591692444,0.08572691117984976,0.58285461776403
0.2237017310252996,0.11007545494895694,0.08300044385264092,0.5832223701731025
0.2202118270079435,0.11341571050308914,0.08340688437775816,0.5829655781112092
0.22192632046160674,0.11273857079449623,0.08122503328894808,0.584110075454949
0.22636484687083888,0.11407012871726586,0.08122503328894808,0.5783399911229472
0.22090469916556874,0.12077294685990338,0.07905138339920949,0.5792709705753184
0.22188317349607672,0.11290322580645161,0.08151700087183958,0.583696599825632
0.22144725370531823,0.11551874455100261,0.07890148212728858,0.5841325196163906
0.22701275846898372,0.10910690717113947,0.08710954685437748,0.5767707875054994
0.2222222222222222,0.11330698287220026,0.08695652173913043,0.5775142731664471
0.22891036906854131,0.11028119507908611,0.07908611599297012,0.5817223198594025
0.23279263480929416,0.1060938185006576,0.079351161771153,0.5817623849188952
0.2370403190075321,0.10633584404076207,0.07709348692955251,0.5795303500221533
0.23306948109058928,0.1059806508355321,0.07255936675461741,0.5883905013192612
0.23521739130434782,0.10217391304347827,0.07478260869565218,0.5878260869565217
0.23443708609271524,0.1011037527593819,0.07196467991169977,0.5924944812362031
0.23832599118942732,0.09779735682819383,0.0722466960352423,0.5916299559471365
0.24008810572687225,0.0973568281938326,0.07444933920704846,0.5881057268722467
0.23912087912087912,0.10065934065934067,0.07472527472527472,0.5854945054945055
0.242184059885513,0.10127697049757815,0.071334214002642,0.5852047556142669
0.24559859154929578,0.10387323943661972,0.07174295774647887,0.5787852112676056
0.2444250109313511,0.10231744643637954,0.07170966331438566,0.5815478793178837
0.24211461572634385,0.10350955131052865,0.06885828520657486,0.5855175477565526
0.23740053050397877,0.10389036251105217,0.07161803713527852,0.5870910698496905
0.24492497793468668,0.1059135039717564,0.06840247131509268,0.5807590467784642
0.24680475980608196,0.10356985456148082,0.06566769501983252,0.5839576906126047
0.2461605967529618,0.09828872312417727,0.07371654234313295,0.5818341377797279
0.24295774647887325,0.09595070422535211,0.07702464788732394,0.5840669014084507
0.24166666666666667,0.09473684210526316,0.07192982456140351,0.5916666666666667
0.24504186866460997,0.09255178492728074,0.06963420008814455,0.5927721463199648
0.24713656387665198,0.09383259911894273,0.07180616740088105,0.5872246696035243
0.2420353982300885,0.0915929203539823,0.0743362831858407,0.5920353982300885
0.24562937062937062,0.08916083916083917,0.07124125874125874,0.5939685314685315
0.24515845070422534,0.08670774647887323,0.07174295774647887,0.5963908450704225
0.2504378283712785,0.08537653239929947,0.07355516637478109,0.590630472854641
0.2482363315696649,0.09038800705467372,0.07583774250440917,0.5855379188712522
0.24458204334365324,0.09111012826183104,0.07651481645289694,0.5877930119416187
0.25,0.09010600706713781,0.07376325088339222,0.5861307420494699
0.24391323594510844,0.08897742363877822,0.07791057990261177,0.5891987605135015
0.24733570159857904,0.08703374777975133,0.0763765541740675,0.5892539964476021
0.24790841039189784,0.08850726552179657,0.07793923381770146,0.5856450902686041
0.24113785557986872,0.09059080962800875,0.0787746170678337,0.5894967177242888
0.2461605967529618,0.08731899956121106,0.0785432207108381,0.587977182974989
0.24724548259145,0.0872631115028647,0.0749228735125606,0.5905685323931247
0.2511013215859031,0.08590308370044053,0.0762114537444934,0.586784140969163
0.24701195219123506,0.08853474988933156,0.07525453740593183,0.5891987605135015
0.2410279131590607,0.09171466548515729,0.07487815684536996,0.592379264510412
0.2413793103448276,0.09372236958443855,0.07692307692307693,0.5879752431476569
0.24197096348438188,0.0963484381874175,0.07919049714034315,0.5824901011878575
0.23885209713024283,0.09845474613686535,0.0781456953642384,0.5845474613686534
0.23975319524019392,0.09695901278096078,0.07977082415160863,0.5835169678272367
0.2439347154830172,0.09880899867666519,0.07895897662108513,0.5782973092192325
0.2369460289600702,0.09960508995173321,0.08556384379113646,0.5778850372970601
0.2456839309428951,0.09384683488269145,0.08764940239043825,0.5728198317839752
0.24160488443087658,0.09463584823375491,0.08634976013955517,0.5774095071958133
0.24370860927152319,0.09448123620309051,0.08741721854304636,0.57439293598234
0.24724548259145,0.09563684442485676,0.08373732921992066,0.5733803437637726
0.25055629728526924,0.09479305740987984,0.08411214953271028,0.5705384957721407
0.2508756567425569,0.09325744308231174,0.08143607705779335,0.574430823117338
0.249670908293111,0.0903905221588416,0.08029837648091268,0.5796401930671347
0.2581211589113257,0.09043020193151888,0.07989464442493416,0.5715539947322212
0.25551632833186233,0.0939982347749338,0.0763459841129744,0.5741394527802295
0.25934065934065936,0.08923076923076922,0.07516483516483516,0.5762637362637363
0.26649191786806464,0.0891218872870249,0.07295762341633902,0.5714285714285714
0.2681958535509484,0.08778120864578738,0.07101896779885311,0.5730039700044112
0.2664041994750656,0.08661417322834646,0.07305336832895888,0.573928258967629
0.26845342706502634,0.08743409490333919,0.07557117750439367,0.5685413005272407
0.2681514476614699,0.08908685968819599,0.07616926503340757,0.5665924276169265
0.27467248908296943,0.08471615720524017,0.07510917030567686,0.5655021834061136
0.27030625832223704,0.08743897026187306,0.07678650687971593,0.5654682645361739
0.2671922908453789,0.08979413053000437,0.07533946561541831,0.5676741130091985
0.26445916114790285,0.08785871964679912,0.07770419426048565,0.5699779249448124
0.2667554371948513,0.08921438082556592,0.07767421216156237,0.5663559698180204
0.26550218340611353,0.09213973799126637,0.07991266375545851,0.5624454148471616
0.2672831351827389,0.08850726552179657,0.08278291501541171,0.5614266842800528
0.26974267968056787,0.0878438331854481,0.07897071872227152,0.5634427684117125
0.2652970075926753,0.08485931219294328,0.07637338097364894,0.5734702992407325
0.2688077430708315,0.0818301803783546,0.0774307083150022,0.5719313682358117
0.2657281126264848,0.07919049714034315,0.0730312362516498,0.5820501539815223
0.26660761736049604,0.08370239149689991,0.07307351638618247,0.5766164747564216
0.2692476902771667,0.07919049714034315,0.07215134183897932,0.5794104707435108
0.2694530902623388,0.08092485549132948,0.07292129835482436,0.5767007558915074
0.2708333333333333,0.08200354609929078,0.06959219858156028,0.5775709219858156
0.26669615214506853,0.08270676691729323,0.07120743034055728,0.5793896505970809
0.27025843188786686,0.08234778799824792,0.07095926412614981,0.5764345159877354
0.2720070422535211,0.08362676056338028,0.06954225352112677,0.5748239436619719
0.27397868561278865,0.08081705150976909,0.07060390763765542,0.5746003552397868
0.2782152230971129,0.07961504811898512,0.0726159230096238,0.5695538057742782
0.27209098862642167,0.0804899387576553,0.06867891513560805,0.5787401574803149
0.27929515418502204,0.08193832599118943,0.07004405286343612,0.5687224669603524
0.27928321678321677,0.08129370629370629,0.07080419580419581,0.5686188811188811
0.2736056214317084,0.08432147562582346,0.07378129117259552,0.5682916117698726
0.27240618101545255,0.08565121412803532,0.07152317880794702,0.5704194260485651
0.2689625108979948,0.08500435919790758,0.07018308631211857,0.5758500435919791
0.27144120247568526,0.08355437665782493,0.0680813439434129,0.5769230769230769
0.26716222125054656,0.08132925229558373,0.06777437691298645,0.5837341495408832
0.26570048309178745,0.08124725516029864,0.06587615283267458,0.5871761089152393
0.26604692341744135,0.08100929614873838,0.06285967242142541,0.5900841080123949
0.27164310954063603,0.07906360424028269,0.06492932862190813,0.5843639575971732
0.2671688081524147,0.0815241470979176,0.06601683650863979,0.585290208241028
0.2684772929652716,0.07969723953695458,0.06990204808548531,0.5819234194122885
0.2692982456140351,0.08070175438596491,0.0706140350877193,0.5793859649122807
0.26595744680851063,0.07890070921985816,0.06826241134751773,0.5868794326241135
0.2648221343873518,0.08168642951251646,0.0733421168203777,0.5801493192797541
0.2610213880401571,0.08336970755128764,0.07638585770405937,0.5792230467044959
0.26060070671378094,0.08613074204946997,0.07597173144876325,0.5772968197879859
0.263459841129744,0.08296557811120918,0.07502206531332745,0.5785525154457193
0.2701401050788091,0.08099824868651488,0.07311733800350263,0.5757443082311734
0.2692136828076411,0.0844069302532208,0.07685473123056419,0.5695246557085739
0.26917960088691795,0.08514412416851441,0.07804878048780488,0.5676274944567627
0.26730937773882557,0.08369851007887817,0.08063102541630149,0.5683610867659947
0.26972234464521816,0.08461877479065667,0.07668576465403261,0.5689731159100926
0.26803672933974637,0.08264101442938347,0.07520769567118496,0.5741145605596851
0.2770448548812665,0.08575197889182058,0.07211961301671065,0.5650835532102023
0.27469135802469136,0.08289241622574955,0.07760141093474426,0.5648148148148148
0.2783143107989464,0.08033362598770852,0.07726075504828797,0.564091308165057
0.282233052724856,0.07797961896322551,0.07842268498006202,0.5613646433318564
0.2798756108396268,0.07463349622390049,0.07552199022656597,0.5699689027099067
0.27486910994764396,0.0737347294938918,0.07722513089005235,0.5741710296684118
0.27180616740088104,0.07488986784140969,0.07709251101321586,0.5762114537444933
0.2663736263736264,0.0734065934065934,0.08175824175824176,0.5784615384615385
0.26882661996497376,0.07180385288966724,0.0840630472854641,0.5753064798598949
0.26733977172958734,0.07374890254609306,0.08428446005267778,0.5746268656716418
0.2661965623622741,0.07183781401498457,0.08638166593212869,0.5755839576906127
0.2682926829268293,0.07273519163763066,0.08710801393728224,0.5718641114982579
0.26926483613817537,0.07440212577502214,0.08503100088573959,0.5713020372010629
0.27767936226749335,0.07617360496014172,0.08724534986713905,0.5589016829052259
0.2722859664607237,0.0763459841129744,0.08914386584289496,0.5622241835834069
0.2778021978021978,0.07384615384615385,0.08923076923076922,0.5591208791208792
0.2747105966162066,0.07257346393588603,0.0881567230632235,0.5645592163846839
0.272887323943662,0.0721830985915493,0.09022887323943662,0.5647007042253521
0.2773146116717859,0.07152259763053971,0.08995173321632295,0.5612110574813515
0.2770330652368186,0.07238605898123325,0.08757819481680071,0.5630026809651475
0.2782685512367491,0.07243816254416961,0.08613074204946997,0.5631625441696113
0.27587719298245617,0.07412280701754385,0.08508771929824561,0.5649122807017544
0.2700087950747581,0.0743183817062445,0.08355321020228672,0.5721196130167107
0.2716864817261119,0.07793923381770146,0.08102157639806253,0.5693527080581242
0.27485638532920903,0.07379584622182943,0.07821475916924436,0.5731330092797172
0.2678963548528766,0.07422046552481334,0.07861220904699165,0.5792709705753184
0.26505494505494503,0.07604395604395604,0.07824175824175825,0.5806593406593407
0.2661965623622741,0.07712648743940062,0.08109299250771265,0.5755839576906127
0.2636443661971831,0.07790492957746478,0.07922535211267606,0.579225352112676
0.26498002663115844,0.08166888592987129,0.0754549489569463,0.5778961384820239
0.262532981530343,0.07783641160949868,0.07783641160949868,0.5817941952506597
0.2654320987654321,0.07892416225749559,0.07583774250440917,0.5798059964726632
0.2589676290463692,0.08267716535433071,0.07174103237095363,0.5866141732283464
0.25613565372601516,0.0821062025881303,0.07541276215975011,0.5863453815261044
0.2549450549450549,0.07912087912087912,0.07076923076923076,0.5951648351648352
0.24900310146211785,0.08063801506424458,0.06956136464333186,0.6007975188303057
0.2578947368421053,0.07894736842105263,0.06929824561403508,0.593859649122807
0.25528169014084506,0.08318661971830986,0.0682218309859155,0.5933098591549296
0.2559262510974539,0.08340649692712906,0.06892010535557506,0.591747146619842
0.2618213660245184,0.08537653239929947,0.0691768826619965,0.5836252189141856
0.25735950044603034,0.08652988403211419,0.0704727921498662,0.5856378233719893
0.2583479789103691,0.08567662565905097,0.07161687170474516,0.5843585237258347
0.25873507297655907,0.08624502432551968,0.07209199469261389,0.5829279080053074
0.2588339222614841,0.08789752650176678,0.0715547703180212,0.5817137809187279
0.26500219010074466,0.08672798948751642,0.06876916338151555,0.5795006570302234
0.26233881725211206,0.08759448643841708,0.06803023566029347,0.5820364606491775
0.2682819383259912,0.08898678414096917,0.06960352422907488,0.5731277533039647
0.2631346578366446,0.08785871964679912,0.0728476821192053,0.5761589403973509
0.26985519964896887,0.0877577885037297,0.07196138657305835,0.5704256252742431
0.2693156732891832,0.08785871964679912,0.07019867549668875,0.5726269315673289
0.26842105263157895,0.08640350877192983,0.06885964912280702,0.5763157894736842
0.26581158779301195,0.08491817779743477,0.06722689075630252,0.5820433436532507
0.263019693654267,0.08140043763676148,0.06914660831509847,0.5864332603938731
0.2615996464869642,0.07954043305346885,0.07070260715863898,0.588157313300928
0.2550839964633068,0.08001768346595933,0.07029177718832891,0.594606542882405
0.2578194816800715,0.08534405719392314,0.0679177837354781,0.5889186773905273
0.2528786536758193,0.08857395925597875,0.06421612046058459,0.5943312666076174
0.2537313432835821,0.08296751536435469,0.06409130816505706,0.5992098331870062
0.2426243945398503,0.08630559225011009,0.06825187142228094,0.6028181417877587
0.24801762114537446,0.07929515418502203,0.06828193832599119,0.6044052863436123
0.25032651284283847,0.08010448410970832,0.06922072268175881,0.6003482803656944
0.2511013215859031,0.07753303964757709,0.06960352422907488,0.6017621145374449
0.2581786030061892,0.07869142351900972,0.07029177718832891,0.5928381962864722
0.25132275132275134,0.07716049382716049,0.0736331569664903,0.5978835978835979
0.25011165698972754,0.07815989280928987,0.06744082179544439,0.6042876284055382
0.24934036939313983,0.07783641160949868,0.06640281442392261,0.6064204045734388
0.24879333040807372,0.08117595436594997,0.06581834137779728,0.604212373848179
0.25143614670790987,0.07998232434821034,0.06716747680070703,0.6014140521431728
0.25155832591273375,0.0819234194122885,0.06767586821015138,0.5988423864648263
0.25684024713150927,0.0794351279788173,0.06840247131509268,0.5953221535745807
0.2609841827768014,0.07864674868189807,0.06546572934973638,0.5949033391915641
0.260347129506008,0.0801068090787717,0.06497552291944815,0.5945705384957721
0.26369257950530034,0.08171378091872791,0.062279151943462896,0.5923144876325088
0.2586975914362177,0.08296164139161463,0.06333630686886708,0.5950044603033007
0.2599645704162976,0.08015943312666077,0.0637732506643047,0.5961027457927369
0.2595217006200177,0.0841452612931798,0.06598759964570416,0.5903454384410983
0.25942350332594233,0.082039911308204,0.06607538802660753,0.5924611973392461
0.25377777777777777,0.08044444444444444,0.06577777777777778,0.6
0.25806451612903225,0.08572691117984976,0.06805125939019001,0.588157313300928
0.250996015936255,0.08277999114652501,0.06595838866755202,0.600265604249668
0.2510993843447669,0.0853122251539138,0.06948109058927,0.5941072999120492
0.26071741032370954,0.08442694663167104,0.06824146981627296,0.5866141732283464
0.2616279069767442,0.0836314847942755,0.07155635062611806,0.5831842576028623
0.261443661971831,0.08582746478873239,0.07394366197183098,0.5787852112676056
