C,D,Oc,Od
1.0,0.0,0.0,0.0
0.8,0.2,0.0,0.0
0.7,0.2,0.0,0.1
0.7894736842105263,0.10526315789473684,0.0,0.10526315789473684
0.7647058823529411,0.11764705882352941,0.0,0.11764705882352941
0.7457627118644068,0.1016949152542373,0.0,0.15254237288135594
0.7032967032967034,0.13186813186813187,0.0,0.16483516483516483
0.6762589928057554,0.14388489208633093,0.0,0.17985611510791366
0.6442307692307693,0.14903846153846154,0.0,0.20673076923076922
0.6202090592334495,0.14634146341463414,0.0,0.23344947735191637
0.58,0.1625,0.005,0.2525
0.564,0.166,0.006,0.264
0.5360983102918587,0.16897081413210446,0.01228878648233487,0.282642089093702
0.5105853051058531,0.16687422166874222,0.017434620174346202,0.30510585305105853
0.4788004136504654,0.17166494312306102,0.02481902792140641,0.3247156153050672
0.4539823008849557,0.1752212389380531,0.035398230088495575,0.33539823008849556
0.43687064291247096,0.17660728117738186,0.043377226955848176,0.343144848954299
0.42767732962447846,0.17037552155771907,0.05285118219749652,0.34909596662030595
0.40914948453608246,0.17010309278350516,0.06443298969072164,0.35631443298969073
0.3937575030012005,0.1674669867947179,0.06722689075630252,0.3715486194477791
0.3827859569648924,0.1625141562853907,0.07644394110985278,0.3782559456398641
0.3714591127739177,0.16034206306787813,0.0871191876002138,0.3810796365579904
0.358908341915551,0.16014418125643667,0.10144181256436663,0.37950566426364574
0.3490332176499752,0.16063460585027267,0.10411502231036192,0.3862171541893902
0.33747609942638623,0.15726577437858508,0.1147227533460803,0.39053537284894835
0.3399814471243043,0.1567717996289425,0.11734693877551021,0.38589981447124305
0.3381686310063463,0.157298277425204,0.12466001813236627,0.3798730734360834
0.3375224416517056,0.1557450628366248,0.1270197486535009,0.37971274685816875
0.3396727111897391,0.15479876160990713,0.1251658558160106,0.3803626713843432
0.33731211317418214,0.15694076038903626,0.1273209549071618,0.3784261715296198
0.3266375545851528,0.16244541484716157,0.13056768558951964,0.3803493449781659
0.32592263228101376,0.16051578479324144,0.13606047132058693,0.37750111160515787
0.3339222614840989,0.15459363957597172,0.13118374558303886,0.38030035335689044
0.3326010544815466,0.15905096660808435,0.1344463971880492,0.37390158172231985
0.3280493174812858,0.1554381329810656,0.13958608542492293,0.3769264641127257
0.3333333333333333,0.1582222222222222,0.1368888888888889,0.37155555555555553
0.33215391419725787,0.15922158337019018,0.13799203892083148,0.37063246351172047
0.3330400351957765,0.1592608886933568,0.13770347558293006,0.3699956005279367
0.3285904846598488,0.16096042685638062,0.1347265451311694,0.37572254335260113
0.3307121013543032,0.1598951507208388,0.13586719091306249,0.3735255570117955
0.3352322524101665,0.16170026292725678,0.13891323400525854,0.36415425065731816
0.33362598770851626,0.15935030728709393,0.13871817383669885,0.36830553116769094
0.3328906595838867,0.16423196104471005,0.1341301460823373,0.36874723328906595
0.3301098901098901,0.16835164835164834,0.13494505494505493,0.3665934065934066
0.3279546445704318,0.16746620148277366,0.13519406890536415,0.3693850850414304
0.3287671232876712,0.16791869200176757,0.13654441007512153,0.3667697746354397
0.32380114386273645,0.16893972723273207,0.13814342278926528,0.3691157061152662
0.32672831351827386,0.1668868339938353,0.13782474680757376,0.36856010568031705
0.31866197183098594,0.16549295774647887,0.1443661971830986,0.3714788732394366
0.316043956043956,0.1635164835164835,0.1468131868131868,0.37362637362637363
0.3170305676855895,0.1663755458515284,0.14847161572052403,0.3681222707423581
0.3156043956043956,0.16747252747252747,0.14725274725274726,0.36967032967032964
0.3163941670349094,0.16217410517012815,0.1528943879805568,0.3685373398144057
0.3139586085424923,0.166446499339498,0.14707177454865697,0.3725231175693527
0.3172566371681416,0.1588495575221239,0.1570796460176991,0.3668141592920354
0.3157199471598415,0.15808014090708938,0.15367679436371642,0.3725231175693527
0.3145869947275923,0.15817223198594024,0.15685413005272408,0.37038664323374343
0.31019522776572667,0.16052060737527116,0.16095444685466379,0.3683297180043384
0.31313131313131315,0.1598594642072903,0.16337285902503293,0.36363636363636365
0.3131046613896218,0.15963060686015831,0.1613896218117854,0.3658751099384345
0.31277533039647576,0.15726872246696036,0.160352422907489,0.3696035242290749
0.3175376439326838,0.1488042515500443,0.16563330380868024,0.36802480070859167
0.31875819851333625,0.14735461303017053,0.1644075207695671,0.3694796676869261
0.31524099001302647,0.15240990013026487,0.16630481980026052,0.3660442900564481
0.3176831943835015,0.15445370776656428,0.16586222027204914,0.362000877577885
0.31646693297825124,0.14957833999112294,0.17354638260097646,0.36040834442964936
0.3129131776112825,0.15689731159100925,0.17100044072278536,0.3591890700749229
0.3227792436235708,0.15083553210202286,0.16534740545294635,0.36103781882145997
0.32328527741371776,0.1529051987767584,0.16775884665792923,0.3560506771515946
0.32436010591350395,0.15489849955869373,0.16857899382171226,0.35216240070609
0.33129904097646035,0.15082824760244115,0.16739319965126417,0.35047951176983433
0.32788334069818825,0.1528943879805568,0.173663278833407,0.345558992487848
0.3289588801399825,0.15179352580927383,0.17410323709536307,0.3451443569553806
0.3311432325886991,0.15593517301795884,0.17433201927288655,0.33858957512045557
0.3264680105170903,0.15381244522348816,0.17440841367221735,0.3453111305872042
0.33098591549295775,0.1522887323943662,0.17473591549295775,0.3419894366197183
0.3327518534670737,0.15351068469254253,0.17313563017880507,0.3406018316615787
0.3318719859710653,0.15300306882946077,0.17711530030688294,0.33800964489259094
0.33157894736842103,0.15394736842105264,0.17719298245614035,0.33728070175438596
0.32772364924712133,0.1536758193091231,0.17847652790079716,0.34012400354295835
0.32753371030882994,0.15702479338842976,0.17137886037407568,0.34406263592866465
0.32704953967558087,0.1582639193336256,0.16922402455063568,0.34546251644015785
0.3200883002207506,0.1576158940397351,0.17439293598233996,0.3479028697571744
0.3256941383869546,0.15733803437637725,0.17188188629352139,0.34508594094314676
0.32895313184406483,0.15418309242225142,0.17871222076215507,0.3381515549715287
0.3265666372462489,0.15931156222418358,0.17387466902030008,0.34024713150926744
0.3235679930039353,0.1609094884127678,0.1709663314385658,0.3445561871447311
0.31882145998240985,0.1600703605980651,0.17326297273526825,0.34784520668425684
0.31956043956043956,0.16,0.17494505494505494,0.3454945054945055
0.328207381370826,0.1625659050966608,0.17311072056239016,0.336115992970123
0.3131004366812227,0.16506550218340613,0.18384279475982532,0.33799126637554583
0.3111597374179431,0.16455142231947484,0.1824945295404814,0.34179431072210065
0.3124722592099423,0.1615623612960497,0.18020417221482468,0.3457612072791833
0.31099430573806397,0.15987735435830047,0.17915024091108192,0.34997809899255367
0.3084070796460177,0.1579646017699115,0.18495575221238938,0.3486725663716814
0.30786219081272087,0.1598939929328622,0.1877208480565371,0.34452296819787986
0.30346947738252084,0.16029863855950813,0.1844532279314888,0.35177865612648224
0.3035398230088496,0.1592920353982301,0.1836283185840708,0.35353982300884956
0.3019867549668874,0.15894039735099338,0.18498896247240618,0.354083885209713
0.3045774647887324,0.1580105633802817,0.18529929577464788,0.352112676056338
0.302683677958645,0.15574131104267488,0.1869775626924769,0.35459744830620327
0.29803063457330414,0.16148796498905907,0.18336980306345732,0.3571115973741794
0.29833040421792617,0.16124780316344464,0.18936731107205623,0.3510544815465729
0.296909986565159,0.16300940438871472,0.19077474249888043,0.3493058665472459
0.29964850615114236,0.16827768014059755,0.18673110720562391,0.3453427065026362
0.30155210643015523,0.164079822616408,0.18891352549889134,0.34545454545454546
0.3010136624063464,0.16835610401057735,0.19391802556192156,0.3367122080211547
0.29973474801061006,0.16622458001768348,0.1962864721485411,0.33775419982316535
0.29696436427628686,0.16454025516937967,0.19665640123185218,0.3418389793224813
0.30742049469964666,0.16298586572438162,0.19037102473498232,0.3392226148409894
0.31746031746031744,0.16225749559082892,0.18606701940035272,0.3342151675485009
0.31674008810572685,0.16255506607929515,0.18458149779735683,0.33612334801762117
0.31222707423580787,0.16375545851528384,0.18471615720524018,0.33930131004366815
0.31327433628318585,0.16238938053097346,0.18584070796460178,0.33849557522123896
0.31957857769973663,0.16022827041264268,0.1839332748024583,0.3362598770851624
0.31046613896218117,0.16754617414248021,0.1864555848724714,0.3355321020228672
0.30874558303886923,0.16342756183745583,0.1872791519434629,0.340547703180212
0.3064798598949212,0.1628721541155867,0.18782837127845883,0.3428196147110333
0.30253940455341505,0.16330998248686515,0.19133099824868652,0.3428196147110333
0.30446194225721784,0.16010498687664043,0.18766404199475065,0.34776902887139105
0.3013274336283186,0.16238938053097346,0.19070796460176992,0.3455752212389381
0.29863855950812473,0.16600790513833993,0.18928414580588493,0.34606938954765043
0.3042525208241999,0.16527838667251205,0.19158263919333626,0.33888645330995176
0.2999116607773852,0.1625441696113074,0.196113074204947,0.3414310954063604
0.301460823373174,0.1615759185480301,0.19743249225320939,0.33953076582558656
0.30079505300353354,0.16298586572438162,0.19346289752650175,0.34275618374558303
0.2997335701598579,0.16474245115452932,0.19449378330373002,0.3410301953818828
0.3063302346170872,0.1637892872952634,0.1983178397521027,0.3315626383355467
0.30092797171895713,0.16880247459125056,0.20503756076005303,0.3252319929297393
0.30071174377224197,0.16681494661921709,0.20596085409252668,0.3265124555160142
0.2993854258121159,0.1694468832309043,0.20061457418788411,0.3305531167690957
0.291866028708134,0.17485863418877773,0.19791213571117877,0.3353632013919095
0.29814487632508835,0.17579505300353357,0.19478798586572438,0.33127208480565373
0.2947136563876652,0.17973568281938326,0.19383259911894274,0.3317180616740088
0.29842931937172773,0.1806282722513089,0.19546247818499127,0.3254799301919721
0.292693661971831,0.1835387323943662,0.19850352112676056,0.32526408450704225
0.2966740576496674,0.18004434589800444,0.19689578713968958,0.3263858093126386
0.3005729396209784,0.18201851035698546,0.19435874834728956,0.32304980167474656
0.2928852029681362,0.18681798341335662,0.19336534264513314,0.32693147097337405
0.2961487383798141,0.18902169101372288,0.1921204072598495,0.32270916334661354
0.2947875602277705,0.19097678493210687,0.19579500657030224,0.31844064826982044
0.2974404236540159,0.19461606354810237,0.19638128861429832,0.3115622241835834
0.29117259552042163,0.1932367149758454,0.19938515590689504,0.31620553359683795
0.29481546572934975,0.19068541300527242,0.2007908611599297,0.31370826010544817
0.2923898531375167,0.19314641744548286,0.19848687138406765,0.3159768580329328
0.2952255803766973,0.18834866403854578,0.2014892685063513,0.3149364870784056
0.29499561018437226,0.1839332748024583,0.20368744512730466,0.3173836698858648
0.28153644696639024,0.18900043649061546,0.20820602357049323,0.3212570929725011
0.2824661128115435,0.19326628771316134,0.20113686051595978,0.32313073895933536
0.2816525988449578,0.1950244335850733,0.20346512661039537,0.31985784095957354
0.28683865325754265,0.19676432006996064,0.20244862264975952,0.3139484040227372
0.28239929947460596,0.1987740805604203,0.20884413309982486,0.30998248686514884
0.2820061592608887,0.1935767707875055,0.21029476462824462,0.3141223053233612
0.284326710816777,0.18543046357615894,0.21147902869757174,0.31876379690949225
0.28628318584070794,0.18805309734513273,0.2150442477876106,0.3106194690265487
0.2831936479929422,0.1905602117335686,0.2152624614027349,0.3109836788707543
0.28472821397756687,0.1911130284728214,0.21182053494391717,0.31233822260569455
0.28690685413005274,0.1977152899824253,0.2095782073813708,0.30579964850615116
0.2870855148342059,0.1980802792321117,0.20680628272251309,0.3080279232111693
0.2803532008830022,0.19911699779249448,0.21501103752759382,0.3055187637969095
0.2843224092116918,0.1979627989371125,0.21656333038086803,0.30115146147032773
0.28033658104517273,0.20194862710363154,0.22054915854738708,0.2971656333038087
0.2771618625277162,0.20443458980044346,0.2270509977827051,0.2913525498891353
0.2765673632725656,0.20186749666518453,0.22810137839039574,0.2934637616718542
0.2759526938239159,0.1927288655278143,0.240473061760841,0.29084537888742884
0.27729257641921395,0.1943231441048035,0.2366812227074236,0.29170305676855895
0.2826086956521739,0.18722271517302574,0.23380656610470274,0.2963620230700976
0.2774617067833698,0.19212253829321663,0.2336980306345733,0.29671772428884025
0.27849223946784923,0.19866962305986696,0.2279379157427938,0.29490022172949004
0.26763031099430573,0.20280332895313186,0.23434077967586509,0.2952255803766973
0.2742857142857143,0.19824175824175824,0.23604395604395603,0.2914285714285714
0.26593406593406593,0.20483516483516484,0.23692307692307693,0.2923076923076923
0.26628771316134675,0.20507214691735898,0.2435505028421513,0.285089637079143
0.2695690413368514,0.20844327176781002,0.23614775725593667,0.2858399296394019
0.27007943512797883,0.20520741394527803,0.23654015887025595,0.2881729920564872
0.27611940298507465,0.21334503950834066,0.2309043020193152,0.2796312554872695
0.2751766784452297,0.21113074204946997,0.23409893992932862,0.2795936395759717
0.281305114638448,0.20855379188712522,0.2279541446208113,0.2821869488536155
0.28111209179170343,0.20167696381288613,0.23345101500441306,0.28375992939099737
0.27408056042031526,0.2044658493870403,0.23161120840630472,0.28984238178633975
0.27906976744186046,0.2071083808688021,0.22948661693725317,0.2843352347520842
0.28327495621716287,0.20928196147110334,0.22329246935201402,0.2841506129597198
0.27534965034965037,0.2145979020979021,0.22333916083916083,0.2867132867132867
0.28169014084507044,0.21434859154929578,0.21963028169014084,0.28433098591549294
0.2772887323943662,0.21566901408450703,0.22359154929577466,0.2834507042253521
0.281983178397521,0.2129260734838424,0.2204515272244356,0.28463922089420096
0.2776066871975363,0.21249450065992082,0.22305323361196655,0.28684557853057635
0.28209606986899566,0.20655021834061135,0.22489082969432314,0.28646288209606985
0.2787825319805911,0.20996912218791355,0.22099691221879136,0.290251433612704
0.275022143489814,0.2121346324180691,0.21700620017714792,0.295837023914969
0.2752212389380531,0.21814159292035398,0.21946902654867256,0.28716814159292037
0.2700218818380744,0.2188183807439825,0.22319474835886213,0.28796498905908097
0.2766798418972332,0.2178304787000439,0.2222222222222222,0.28326745718050067
0.2790286975717439,0.21280353200883,0.2194260485651214,0.28874172185430463
0.27966475518306133,0.21261579179532422,0.21967357741508603,0.28804587560652845
0.2772146319964742,0.21992066989863376,0.21683561040105773,0.2860290877038343
0.2795936395759717,0.21731448763250882,0.2142226148409894,0.28886925795053003
0.274263431542461,0.2188041594454073,0.21447140381282495,0.29246100519930673
0.2777292576419214,0.2165938864628821,0.21528384279475982,0.2903930131004367
0.2741295724988982,0.21066549140590568,0.22212428382547378,0.29308065226972235
0.27525363917071016,0.21261579179532422,0.22099691221879136,0.2911336568151742
0.26834659593280286,0.21441202475685234,0.21971706454465076,0.2975243147656941
0.2605633802816901,0.21875,0.22579225352112675,0.2948943661971831
0.25888547608600265,0.21544537077665643,0.2242211496270294,0.30144800351031154
0.2624890446976337,0.21866783523225242,0.21998247151621383,0.2988606485539001
0.26607929515418505,0.21762114537444935,0.21894273127753303,0.2973568281938326
0.2680683311432326,0.22558037669732808,0.21769601401664476,0.28865527814279457
0.2673179396092362,0.21714031971580816,0.21314387211367672,0.30239786856127887
0.2567922874671341,0.22743207712532865,0.2147239263803681,0.30105170902716916
0.2621145374449339,0.22158590308370044,0.21409691629955946,0.3022026431718062
0.2604303908651735,0.22178304787000439,0.2134387351778656,0.30434782608695654
0.26257722859664606,0.22153574580759047,0.21535745807590467,0.30052956751985876
0.25630810092961487,0.22487826471890218,0.21469676848162905,0.3041168658698539
0.25875055383252105,0.2202038103677448,0.21621621621621623,0.30482941958351795
0.25555071832825427,0.2220287331301698,0.2111449717022203,0.3112755768393557
0.2592756183745583,0.22084805653710246,0.21333922261484098,0.30653710247349825
0.26136363636363635,0.2180944055944056,0.21284965034965034,0.3076923076923077
0.2583774250440917,0.21957671957671956,0.21604938271604937,0.30599647266313934
0.25297487880123404,0.22212428382547378,0.2150727192595857,0.3098281181137065
0.2484526967285588,0.22325375773651635,0.21352785145888595,0.3147656940760389
0.2516469038208169,0.22529644268774704,0.20553359683794467,0.31752305665349145
0.2544975866608161,0.22729267222465993,0.20140412461605967,0.3168056164984642
0.25177619893428066,0.23090586145648312,0.20159857904085257,0.3157193605683837
0.25174216027874563,0.22909407665505227,0.20601045296167247,0.3131533101045296
0.25232403718459495,0.2350597609561753,0.20407259849490925,0.3085436033643205
0.25497127706584183,0.23729562527618206,0.19840919133893062,0.3093239063190455
0.2534337616304829,0.23438192290651308,0.20248116969428445,0.30970314576871955
0.25916114790286976,0.2335540838852097,0.19955849889624724,0.30772626931567326
0.26065934065934065,0.229010989010989,0.20307692307692307,0.30725274725274726
0.2551693796744391,0.22833260008798945,0.19973603167619886,0.3167619885613726
0.2525658188308791,0.22623828647925034,0.20481927710843373,0.31637661758143687
0.24988942945599293,0.22556390977443608,0.20168067226890757,0.32286598850066345
0.2566798072711345,0.2290845378887429,0.19973718791064388,0.31449846692947875
0.2601130926489778,0.23183993040452372,0.19138755980861244,0.31665941713788603
0.25874125874125875,0.229020979020979,0.19667832167832167,0.3155594405594406
0.24836316019205587,0.23526844172850284,0.19816673941510257,0.3182016586643387
0.24355555555555555,0.2391111111111111,0.2008888888888889,0.3164444444444444
0.24779929577464788,0.23371478873239437,0.2051056338028169,0.31338028169014087
0.24792666957660411,0.2317765168048887,0.2034046268005238,0.3168921868179834
0.2537643932683791,0.23604960141718334,0.2046058458813109,0.30558015943312666
0.2484689413823272,0.23928258967629046,0.205161854768154,0.30708661417322836
0.24727431312690798,0.23506323593545572,0.21107719145224596,0.30658525948539034
0.24243752740026303,0.24243752740026303,0.2099956159579132,0.3051293292415607
0.24757281553398058,0.2418358340688438,0.20741394527802295,0.3031774051191527
0.2411504424778761,0.24026548672566372,0.21194690265486726,0.3066371681415929
0.24272687798523665,0.2496743378202345,0.20364741641337386,0.303951367781155
0.24224977856510185,0.24357838795394154,0.20549158547387067,0.30868024800708593
0.247585601404741,0.2414398595258999,0.2032484635645303,0.3077260755048288
0.24611973392461198,0.23725055432372505,0.20443458980044346,0.3121951219512195
0.24911816578483245,0.23324514991181658,0.20238095238095238,0.3152557319223986
0.25165562913907286,0.2335540838852097,0.20176600441501102,0.3130242825607064
0.24901531728665208,0.22713347921225382,0.20350109409190373,0.3203501094091904
0.24691358024691357,0.22663139329805995,0.20811287477954143,0.318342151675485
0.2491212653778559,0.2218804920913884,0.2117750439367311,0.3172231985940246
0.24934268185801928,0.22042068361086767,0.2107800175284838,0.3194566170026293
0.24615384615384617,0.2276923076923077,0.2087912087912088,0.31736263736263737
0.2447089947089947,0.2244268077601411,0.20943562610229277,0.32142857142857145
0.2521853146853147,0.2229020979020979,0.20804195804195805,0.3168706293706294
0.25547765118317267,0.22611744084136723,0.20508326029798424,0.3133216476774759
0.2551111111111111,0.22844444444444445,0.20444444444444446,0.312
0.25743006993006995,0.22596153846153846,0.20367132867132867,0.3129370629370629
0.2639437856829161,0.22397891963109354,0.19938515590689504,0.3126921387790953
0.2647058823529412,0.22783143107989465,0.20105355575065847,0.3064091308165057
0.26582278481012656,0.22304670449585334,0.19947621126145787,0.3116542994325622
0.2674825174825175,0.22465034965034966,0.19318181818181818,0.3146853146853147
0.2689260563380282,0.22139084507042253,0.1936619718309859,0.3160211267605634
0.27161572052401745,0.2187772925764192,0.1925764192139738,0.3170305676855895
0.2678100263852243,0.22119613016710643,0.19041336851363236,0.32058047493403696
0.26812227074235806,0.2205240174672489,0.18995633187772926,0.32139737991266376
0.2736471623405191,0.21645402551693796,0.18961724593048834,0.32028156621205456
0.2749003984063745,0.22177954847277556,0.18592297476759628,0.31739707835325365
0.2754650132860939,0.2201062887511072,0.18733392382639505,0.3170947741364039
0.2751971954425942,0.21998247151621383,0.18711656441717792,0.317703768624014
0.2797723292469352,0.21322241681260945,0.18914185639229422,0.3178633975481611
0.2771137671536078,0.21558211598052235,0.1828242585214697,0.3244798583444002
0.27991169977924946,0.211037527593819,0.1880794701986755,0.32097130242825606
0.27472527472527475,0.210989010989011,0.18769230769230769,0.3265934065934066
0.2736098852603707,0.21932921447484555,0.18446601941747573,0.32259488084730803
0.2724498692240628,0.2153443766346992,0.18482999128160418,0.3273757628596338
0.2683246073298429,0.2164048865619546,0.18891797556719023,0.3263525305410122
0.2757867132867133,0.21284965034965034,0.18487762237762237,0.326486013986014
0.27256715103478646,0.2144429766622633,0.18670189343901364,0.32628797886393657
0.2675496688741722,0.2185430463576159,0.18543046357615894,0.32847682119205296
0.25829279080053075,0.21716054842989826,0.19283502874834144,0.33171163202122955
0.2617067833698031,0.21794310722100657,0.19080962800875273,0.3295404814004376
0.25548726953467954,0.2247585601404741,0.1922739244951712,0.32748024582967517
0.25197541703248466,0.22256365232660227,0.19095697980684812,0.334503950834065
0.25820568927789933,0.22056892778993437,0.18293216630196937,0.33829321663019696
0.2575088339222615,0.21554770318021202,0.1855123674911661,0.3414310954063604
0.26325010950503724,0.21550591327201052,0.18572054314498468,0.3355234340779676
0.26672535211267606,0.21830985915492956,0.1835387323943662,0.3314260563380282
0.2708150744960561,0.21735319894829097,0.18229623137598597,0.32953549517966696
0.2691117984975696,0.21829429960229785,0.18161732213875387,0.3309765797613787
0.27602799650043747,0.21609798775153105,0.17935258092738407,0.32852143482064744
0.27312201476335213,0.2166739036039948,0.18106817194963093,0.32913590968302214
0.2702702702702703,0.21710234824988922,0.18165706690296854,0.3309703145768719
0.2673749446657813,0.22310756972111553,0.183709606020363,0.32580787959274016
0.2698763250883392,0.22703180212014135,0.18153710247349825,0.3215547703180212
0.26399294843543414,0.23358307624504188,0.18201851035698546,0.3204054649625386
0.26173604960141716,0.2329495128432241,0.17404782993799822,0.3312666076173605
0.2606219886114761,0.23696890056942618,0.1765221200175208,0.32588699080157685
0.26073483842408146,0.23151837096060204,0.17220008853474988,0.33554670208056664
0.25424486148346737,0.2354781054512958,0.17113494191242182,0.339142091152815
0.25629695095006627,0.23331860362350862,0.17675651789659744,0.3336279275298277
0.25854513584574934,0.2353198948290973,0.17747589833479405,0.32865907099035935
0.26415929203539823,0.23495575221238937,0.1743362831858407,0.32654867256637166
0.255659121171771,0.23746116289391922,0.1775410563692854,0.3293386595650244
0.26132864056313243,0.2358117025956885,0.17509898812142544,0.3277606687197536
0.2655217965653897,0.23381770145310435,0.17745486569793043,0.3232056362835755
0.26536930561698363,0.23794781070322865,0.17558602388323752,0.32109685979655017
0.2639193336256028,0.2341078474353354,0.17930732135028496,0.32266549758877683
0.25900216919739694,0.23731019522776572,0.17960954446854663,0.32407809110629066
0.2614980289093298,0.2325886990801577,0.18046430135786246,0.32544897065265005
0.2549019607843137,0.23529411764705882,0.18082788671023964,0.3289760348583878
0.25261324041811845,0.23562717770034844,0.18292682926829268,0.3288327526132404
0.25766871165644173,0.2318141980718668,0.18404907975460122,0.3264680105170903
0.25631929046563195,0.2270509977827051,0.18004434589800444,0.33658536585365856
0.24737302977232925,0.22854640980735552,0.17994746059544658,0.34413309982486867
0.25186485300570427,0.22992540587977184,0.1763931548924967,0.3418165862220272
0.24669603524229075,0.23083700440528634,0.17709251101321585,0.345374449339207
0.25,0.23498233215547704,0.17579505300353357,0.3392226148409894
0.24715162138475022,0.2326906222611744,0.1831726555652936,0.33698510078878174
0.24724548259145,0.23314235345967388,0.17981489643014545,0.33979726751873074
0.24241071428571428,0.23392857142857143,0.18169642857142856,0.3419642857142857
0.24614027348919276,0.22761358623731803,0.18217909131010146,0.34406704896338774
0.24690265486725663,0.22831858407079647,0.1827433628318584,0.3420353982300885
0.23844812554489975,0.22755013077593722,0.18308631211857018,0.35091543156059285
0.23388501742160278,0.22517421602787457,0.18249128919860627,0.3584494773519164
0.23475208424747696,0.22071083808688022,0.18736287845546293,0.3571741992101799
0.23633156966490299,0.2239858906525573,0.19135802469135801,0.34832451499118167
0.23735581188997337,0.22182786157941436,0.19920141969831412,0.3416149068322981
0.24532405393649412,0.22009569377990432,0.1966072205306655,0.3379730317529361
0.24035087719298245,0.21929824561403508,0.1986842105263158,0.3416666666666667
0.24528301886792453,0.2132514260640632,0.20052654673102238,0.3409390083369899
0.2437745740498034,0.21319353429445173,0.2018348623853211,0.3411970292704238
0.23987810187200698,0.21680452764475402,0.2046147148454506,0.3387026556377884
0.23844812554489975,0.20967741935483872,0.2083696599825632,0.3435047951176983
0.23775915306572562,0.21967357741508603,0.20688134097926775,0.3356859285399206
0.23894967177242887,0.21969365426695842,0.20612691466083152,0.33522975929978116
0.23222958057395143,0.22737306843267108,0.20838852097130242,0.33200883002207504
0.23345101500441306,0.22330097087378642,0.2118270079435128,0.33142100617828774
0.23323103901797457,0.22797018851380974,0.21306444541867603,0.3257343270495397
0.23103901797457255,0.23323103901797457,0.210872424375274,0.3248575186321789
0.23257878384376388,0.23834886817576564,0.2103861517976032,0.3186861961828673
0.23604960141718334,0.23472099202834368,0.21036315323294952,0.31886625332152346
0.23219814241486067,0.23617868199911543,0.2118531623175586,0.31977001326846527
0.23110720562390158,0.24165202108963094,0.2148506151142355,0.312390158172232
0.23822104799647734,0.2408630559225011,0.20783795684720388,0.3130779392338177
0.2420494699646643,0.23719081272084805,0.2053886925795053,0.31537102473498235
0.24280017722640673,0.24324324324324326,0.2060256978289765,0.3079308817013735
0.24703817463799913,0.24001755155770074,0.20315928038613426,0.30978499341816584
0.24978241949521324,0.2362924281984334,0.19756309834638816,0.3163620539599652
0.2518847006651885,0.2394678492239468,0.1973392461197339,0.3113082039911308
0.24714661984196665,0.2392449517120281,0.20105355575065847,0.3125548726953468
0.24901531728665208,0.2363238512035011,0.19737417943107222,0.3172866520787746
0.24755989352262645,0.2391304347826087,0.19875776397515527,0.31455190771960956
0.25285839929639403,0.22999120492524186,0.202726473175022,0.3144239226033421
0.24288840262582057,0.2363238512035011,0.20306345733041575,0.3177242888402626
0.24382716049382716,0.22971781305114639,0.20502645502645503,0.32142857142857145
0.24834874504623514,0.2285336856010568,0.20035226772346984,0.3227653016292382
0.24276169265033407,0.22984409799554567,0.20935412026726058,0.3180400890868597
0.2375886524822695,0.2322695035460993,0.20921985815602837,0.32092198581560283
0.23836951705804166,0.230837394771821,0.21267168808152415,0.3181214000886132
0.23900488671701467,0.23234118169702356,0.2070191026210573,0.3216348289649045
0.2394303515798843,0.2340898976412995,0.20516243880729862,0.3213173119715176
0.23637961335676624,0.23462214411247803,0.2047451669595782,0.3242530755711775
0.23684210526315788,0.2381578947368421,0.2026315789473684,0.3223684210526316
0.2369109947643979,0.24650959860383945,0.2006980802792321,0.3158813263525305
0.23145268769435806,0.247001332741004,0.20079964460239894,0.32074633496223903
0.23093873953283384,0.24724548259145,0.2093433230498017,0.3124724548259145
0.23104212860310422,0.24611973392461198,0.21108647450110865,0.3117516629711752
0.23314235345967388,0.24856765094755398,0.2128691053327457,0.30542089026002645
0.22787028921998248,0.2462751971954426,0.2147239263803681,0.31113058720420683
0.22525296964364278,0.2512098548174219,0.21029476462824462,0.3132424109106907
0.2245965983427824,0.24989097252507633,0.2080244221543829,0.3174880069777584
0.22074468085106383,0.24202127659574468,0.21453900709219859,0.32269503546099293
0.22393992932862192,0.2420494699646643,0.21201413427561838,0.3219964664310954
0.2230565371024735,0.24558303886925795,0.2146643109540636,0.3166961130742049
0.22430313588850173,0.24303135888501742,0.21951219512195122,0.3131533101045296
0.2226179875333927,0.23953695458593055,0.21994657168299198,0.3178984861976848
0.2260061919504644,0.2344095532950022,0.22423706324635118,0.31534719150818225
0.21777386713594368,0.2380114386273647,0.22261328640563133,0.3216014078310603
0.22104799647732276,0.23337736679876706,0.22148833113166005,0.3240863055922501
0.22158337019018134,0.23617868199911543,0.22821760283060594,0.3140203449800973
0.22172949002217296,0.23414634146341465,0.22439024390243903,0.3197339246119734
0.22162883845126835,0.23542501112594572,0.22563417890520696,0.317311971517579
0.22296099290780141,0.2322695035460993,0.22562056737588654,0.3191489361702128
0.21771705597179375,0.22961657117672984,0.23402379903040987,0.31864257382106653
0.21318681318681318,0.2347252747252747,0.2347252747252747,0.31736263736263737
0.2118942731277533,0.23480176211453743,0.2343612334801762,0.31894273127753303
0.2068661971830986,0.23899647887323944,0.23107394366197184,0.3230633802816901
0.2148506151142355,0.23637961335676624,0.22627416520210897,0.3224956063268893
0.2157731501993797,0.23836951705804166,0.22773593265396544,0.3181214000886132
0.21157243816254417,0.23763250883392226,0.22879858657243815,0.3219964664310954
0.21179624664879357,0.23413762287756926,0.225201072386059,0.3288650580875782
0.21880570409982175,0.2339572192513369,0.21836007130124777,0.32887700534759357
0.2198237885462555,0.22687224669603523,0.22422907488986785,0.3290748898678414
0.2175639894086496,0.23080317740511916,0.21932921447484555,0.3323036187113857
0.2185430463576159,0.2335540838852097,0.22163355408388521,0.3262693156732892
0.21746801940891045,0.2258491398323776,0.22408469342743714,0.3325981473312748
0.2222222222222222,0.2261904761904762,0.22486772486772486,0.32671957671957674
0.21961997348652232,0.23243482103402563,0.2222713212549713,0.3256738842244808
0.22501100836635843,0.23205636283575518,0.22324966974900926,0.31968295904887717
0.227792436235708,0.23482849604221637,0.22251539138082674,0.3148636763412489
0.22873512560599382,0.23975319524019392,0.2150727192595857,0.31643895989422655
0.22810858143607707,0.23467600700525393,0.2136602451838879,0.3235551663747811
0.22934158197083518,0.2328767123287671,0.2129916040653999,0.3247901016349978
0.23083700440528634,0.23744493392070484,0.21101321585903085,0.320704845814978
0.2349582784365393,0.23364075537988582,0.20992534036012298,0.3214756258234519
0.24128804587560654,0.22805469783855314,0.2112924569916189,0.31936479929422146
0.24197096348438188,0.22877254729432467,0.21073471183457984,0.3185217773867136
0.2518486298390605,0.22966507177033493,0.2066115702479339,0.31187472814267075
0.2474813841436706,0.23083661848445028,0.20893561103810776,0.31274638633377133
0.24224977856510185,0.23427812223206376,0.20903454384410983,0.31443755535872453
0.23747763864042934,0.23166368515205724,0.21511627906976744,0.315742397137746
0.23979148566463945,0.23457862728062553,0.21372719374456994,0.31190269331016507
0.24239753195240193,0.23226090788893786,0.2128691053327457,0.3124724548259145
0.2474857892435505,0.22999562745955401,0.2120682116309576,0.3104503716659379
0.24812362030905077,0.22737306843267108,0.20838852097130242,0.3161147902869757
0.25109553023663456,0.2331288343558282,0.20595968448729185,0.3098159509202454
0.2532923617208077,0.22344161545215102,0.21290605794556627,0.310359964881475
0.24845814977973568,0.226431718061674,0.21629955947136564,0.30881057268722467
0.25010893246187366,0.23137254901960785,0.20827886710239651,0.31023965141612203
0.2504416961130742,0.22924028268551236,0.21113074204946997,0.30918727915194344
0.24688612099644128,0.22998220640569395,0.2099644128113879,0.31316725978647686
0.24339788732394366,0.2381161971830986,0.20994718309859156,0.3085387323943662
0.24736379613356765,0.23374340949033393,0.21353251318101935,0.3053602811950791
0.2457293035479632,0.23302671922908455,0.20937363118703461,0.3118703460359177
0.2487847989394609,0.23155103844454264,0.21210782147591692,0.3075563411400795
0.24364592462751972,0.2427695004382121,0.2042068361086766,0.3093777388255916
0.25021987686895336,0.23878627968337732,0.20448548812664907,0.3065083553210202
0.25320938468348825,0.24479858344400177,0.2036299247454626,0.29836210712704736
0.2507753655294639,0.2459016393442623,0.20735489587948605,0.2959680992467878
0.2555358724534987,0.24534986713906112,0.2112488928255093,0.28786536758193093
0.25701754385964914,0.24035087719298245,0.21228070175438596,0.29035087719298247
0.25088028169014087,0.24779929577464788,0.20642605633802816,0.2948943661971831
0.2505465675557499,0.2466112811543507,0.20813292522955837,0.29470922606034106
0.2516703786191537,0.24632516703786192,0.20623608017817371,0.29576837416481067
0.25166444740346205,0.24145583666222814,0.21304926764314247,0.29383044829116733
0.24706904038211028,0.24055579678679984,0.21406860616587062,0.29830655666521927
0.2481335090030742,0.2450592885375494,0.21563460693895475,0.29117259552042163
0.2525386313465784,0.24282560706401765,0.21059602649006623,0.29403973509933773
0.2493368700265252,0.2480106100795756,0.21043324491600354,0.2922192749778957
0.24700665188470067,0.25055432372505543,0.20620842572062084,0.29623059866962304
0.25155004428697963,0.24933569530558017,0.2032772364924712,0.295837023914969
0.24571428571428572,0.2479120879120879,0.20615384615384616,0.30021978021978024
0.2409532215357458,0.2506619593998235,0.20520741394527803,0.3031774051191527
0.24601769911504426,0.24867256637168142,0.19911504424778761,0.30619469026548674
0.24382716049382716,0.25,0.19973544973544974,0.3064373897707231
0.24867724867724866,0.24911816578483245,0.1970899470899471,0.30511463844797176
0.2486865148861646,0.2513134851138354,0.19746059544658495,0.30253940455341505
0.2543046357615894,0.25298013245033113,0.19646799116997793,0.29624724061810154
0.2583041958041958,0.2543706293706294,0.1971153846153846,0.2902097902097902
0.2566798072711345,0.2544897065265002,0.19316688567674112,0.2956636005256242
0.2635046113306983,0.25428194993412384,0.19148001756697408,0.2907334211682038
0.2636001769128704,0.2529854046881911,0.189296771340115,0.29411764705882354
0.2608886933567972,0.25164980202375714,0.192696876374835,0.29476462824461064
0.25820568927789933,0.249890590809628,0.19562363238512034,0.2962800875273523
0.2594068171757415,0.24612660469234174,0.19698981850376274,0.29747675962815406
0.25507502206531335,0.25198587819947044,0.1968225948808473,0.2961165048543689
0.2606194690265487,0.24778761061946902,0.19646017699115045,0.29513274336283185
0.2611184500220167,0.24526640246587406,0.19859092910612064,0.2950242184059885
0.2637707120465741,0.24272279444693237,0.20017913121361397,0.29332736229287953
0.26415929203539823,0.2331858407079646,0.20309734513274336,0.2995575221238938
0.2612691466083151,0.23719912472647703,0.20568927789934355,0.29584245076586435
0.26371215445370777,0.23299692847740236,0.2053532250987275,0.29793769197016234
0.26457597173144876,0.23012367491166077,0.20053003533568906,0.3047703180212014
0.26570048309178745,0.23100570926657882,0.19982433025911286,0.30346947738252084
0.2697921273772667,0.22335249889429457,0.20212295444493586,0.30473241928350286
0.26445916114790285,0.23134657836644593,0.19955849889624724,0.304635761589404
0.2615182097411145,0.22817025010969724,0.20447564721369021,0.305835892935498
0.26985519964896887,0.22378236068451074,0.20008775778850374,0.30627468187801665
0.26690234202386215,0.2284577993813522,0.19796730004418914,0.30667255855059655
0.27639071397284276,0.23302671922908455,0.19404292597459483,0.2965396408234779
0.28111401218450827,0.2288946910356832,0.19843342036553524,0.2915578764142733
0.2783866725120561,0.23060061376589217,0.19772029811486191,0.2932924156071898
0.2796312554872695,0.2309043020193152,0.19754170324846357,0.2919227392449517
0.27970188513809735,0.2341078474353354,0.19640508548882069,0.2897851819377466
0.27636203866432335,0.2359402460456942,0.20254833040421794,0.2851493848857645
0.2786377708978328,0.23396727111897392,0.20477664750110572,0.2826183104820876
0.28105726872246695,0.23215859030837005,0.20440528634361232,0.2823788546255507
0.2853380158033363,0.228270412642669,0.21071115013169447,0.27568042142230026
0.28779197884530633,0.23005729396209784,0.20625826355222565,0.27589246364037023
0.28818827708703376,0.2313499111900533,0.20648312611012434,0.27397868561278865
0.28634555899248787,0.23022536456031817,0.20813079982324348,0.2752982766239505
0.2806167400881057,0.23348017621145375,0.2026431718061674,0.28325991189427313
0.27555945590171127,0.23562966213251427,0.2088635366388767,0.27994734532689775
0.27140974967061926,0.23407992973210365,0.2103645147123408,0.2841458058849363
0.2721685689201054,0.23573309920983318,0.21115013169446883,0.28094820017559263
0.26928162185985016,0.2362274129572499,0.21903922432789774,0.2754517408550022
0.26982720425343376,0.23305272485600353,0.21887461231723526,0.27824545857332744
0.273286467486819,0.23110720562390158,0.22100175746924428,0.27460456942003514
0.27320954907161804,0.22502210433244915,0.22855879752431477,0.27320954907161804
0.2712461470717745,0.2280933509467195,0.22457067371202113,0.2760898282694848
0.2734132268086995,0.22902796271637815,0.2210386151797603,0.27652019529516203
0.2728074041427942,0.23358307624504188,0.2146319964742177,0.2789775231379462
0.2753623188405797,0.230566534914361,0.2116820377689943,0.282389108476065
0.2689625108979948,0.2262423714036617,0.2157802964254577,0.2890148212728858
0.27417218543046357,0.2304635761589404,0.2088300220750552,0.2865342163355408
0.2673702726473175,0.22735268249780125,0.20448548812664907,0.3007915567282322
0.2759538598047915,0.22626441881100265,0.20186335403726707,0.29591836734693877
0.27220503756076003,0.23022536456031817,0.20459566946531155,0.29297392841361025
0.26985519964896887,0.23211935059236508,0.2079859587538394,0.2900394910048267
0.27055702917771884,0.23297966401414677,0.21175950486295314,0.28470380194518125
0.27140335392762577,0.22594880847308033,0.21006178287731686,0.2925860547219771
0.26631625054752517,0.22733245729303547,0.2084975908891809,0.29785370127025845
0.27018769096464423,0.22653862941946748,0.20951549541684852,0.2937581841990397
0.2743362831858407,0.22123893805309736,0.21327433628318584,0.2911504424778761
0.27043747238179405,0.22403888643393724,0.21210782147591692,0.29341581970835173
0.2654482158398607,0.22758920800696258,0.21061792863359444,0.2963446475195822
0.26419213973799127,0.2262008733624454,0.2091703056768559,0.30043668122270745
0.2648221343873518,0.22837066315327184,0.20860781730346947,0.2981993851559069
0.27149716281099956,0.2247926669576604,0.20515058926233087,0.29855958096900914
0.27099911582670205,0.22811671087533156,0.20512820512820512,0.2957559681697613
0.2721325774095072,0.22982991713911904,0.19973833406018315,0.29829917139119055
0.27477876106194693,0.22699115044247786,0.20221238938053096,0.2960176991150443
0.2755281690140845,0.2323943661971831,0.1949823943661972,0.2970950704225352
