C,D,Oc,Od
0.0,0.0,1.0,0.0
0.2,0.0,0.8,0.0
0.1111111111111111,0.0,0.7777777777777778,0.1111111111111111
0.08333333333333333,0.0,0.6666666666666666,0.25
0.10526315789473684,0.0,0.631578947368421,0.2631578947368421
0.06451612903225806,0.03225806451612903,0.6129032258064516,0.2903225806451613
0.04878048780487805,0.024390243902439025,0.6097560975609756,0.3170731707317073
0.07547169811320754,0.018867924528301886,0.5283018867924528,0.37735849056603776
0.05714285714285714,0.02857142857142857,0.5142857142857142,0.4
0.0425531914893617,0.031914893617021274,0.5106382978723404,0.4148936170212766
0.05084745762711865,0.0423728813559322,0.4576271186440678,0.4491525423728814
0.04827586206896552,0.041379310344827586,0.42758620689655175,0.4827586206896552
0.058823529411764705,0.041176470588235294,0.4176470588235294,0.4823529411764706
0.07142857142857142,0.04591836734693878,0.3979591836734694,0.4846938775510204
0.06140350877192982,0.04824561403508772,0.37719298245614036,0.5131578947368421
0.05970149253731343,0.05970149253731343,0.34328358208955223,0.5373134328358209
0.06451612903225806,0.06451612903225806,0.3161290322580645,0.5548387096774193
0.06876790830945559,0.07736389684813753,0.30659025787965616,0.5472779369627507
0.06716417910447761,0.08208955223880597,0.2960199004975124,0.554726368159204
0.07036247334754797,0.09381663113006397,0.2622601279317697,0.5735607675906184
0.07485604606525911,0.1017274472168906,0.2571976967370441,0.5662188099808061
0.07407407407407407,0.1026936026936027,0.26430976430976433,0.5589225589225589
0.07598784194528875,0.10790273556231003,0.24468085106382978,0.5714285714285714
0.07988980716253444,0.10606060606060606,0.26170798898071623,0.5523415977961432
0.08489388264669163,0.10611735330836454,0.25593008739076156,0.5530586766541823
0.096,0.11314285714285714,0.2422857142857143,0.5485714285714286
0.10939112487100103,0.11661506707946337,0.22394220846233232,0.5500515995872033
0.11505273250239693,0.12080536912751678,0.21764141898370087,0.5465004793863855
0.12035398230088495,0.11504424778761062,0.2097345132743363,0.5548672566371682
0.1301482701812191,0.11202635914332784,0.20345963756177923,0.5543657331136738
0.14329501915708812,0.10421455938697317,0.20306513409961685,0.5494252873563218
0.15214285714285714,0.10071428571428571,0.19071428571428573,0.5564285714285714
0.15521978021978022,0.10370879120879122,0.18337912087912087,0.5576923076923077
0.1555697823303457,0.10307298335467349,0.18309859154929578,0.558258642765685
0.17118226600985223,0.09544334975369458,0.17426108374384236,0.5591133004926109
0.18080748976009361,0.09420713867758923,0.1708601521357519,0.5541252194265652
0.18815716657443277,0.0896513558384062,0.1770890979524073,0.5451023796347537
0.19501854795972443,0.08426073131955485,0.17011128775834658,0.5506094329623742
0.19844961240310077,0.08682170542635659,0.1648578811369509,0.5498708010335918
0.2073778664007976,0.08873379860418744,0.1580259222333001,0.5458624127617149
0.21101819970486965,0.08657156910969012,0.14756517461878996,0.5548450565666503
0.2074569789674952,0.08843212237093691,0.14435946462715105,0.5597514340344169
0.2079021636876764,0.08795860771401694,0.14675446848541862,0.5573847601128881
0.21245932124593211,0.08879590887959089,0.14411901441190145,0.5546257554625755
0.21037998146431883,0.09314179796107507,0.13577386468952735,0.5607043558850788
0.20934493815849747,0.09482363719651855,0.12918002748511223,0.5666513971598718
0.21033379058070417,0.09647919524462735,0.13168724279835392,0.5614997713763146
0.2056578356533453,0.1001347103726987,0.1293219577907499,0.5648854961832062
0.2016092981671882,0.09924005364327224,0.12919088064371928,0.5699597675458203
0.20097604259094942,0.09716060337178349,0.12289263531499556,0.5789707187222716
0.19619973486522316,0.0958904109589041,0.11975254087494476,0.588157313300928
0.1986725663716814,0.08849557522123894,0.12300884955752213,0.5898230088495575
0.1986062717770035,0.08623693379790941,0.1210801393728223,0.5940766550522648
0.19956140350877194,0.08640350877192983,0.1206140350877193,0.593421052631579
0.20273248126928162,0.08417805200528868,0.12031732040546496,0.5927721463199648
0.2031042128603104,0.08558758314855876,0.11751662971175167,0.5937915742793791
0.20202464788732394,0.08538732394366197,0.11619718309859155,0.5963908450704225
0.20308370044052865,0.08370044052863436,0.1171806167400881,0.5960352422907489
0.20185922974767595,0.07835325365205843,0.11907923860115095,0.6007082779991146
0.2052401746724891,0.07816593886462882,0.11353711790393013,0.603056768558952
0.20405464962538564,0.07756721022476862,0.10973997355663288,0.6086381665932129
0.20980565371024734,0.07950530035335689,0.10909893992932862,0.6015901060070671
0.20765508139023317,0.07875054993400792,0.10470743510778707,0.6088869335679719
0.20784313725490197,0.0766884531590414,0.10588235294117647,0.6095860566448802
0.20500438981562774,0.07550482879719052,0.1044776119402985,0.6150131694468832
0.20940550133096716,0.07364685004436557,0.10470275066548358,0.6122448979591837
0.21221441124780316,0.07293497363796134,0.10017574692442882,0.6146748681898067
0.21535745807590467,0.07237422771403354,0.09443954104148279,0.617828773168579
0.21478565179352582,0.07217847769028872,0.09536307961504811,0.6176727909011374
0.22119205298013245,0.0684326710816777,0.09315673289183223,0.6172185430463576
0.21612046058458814,0.07218777679362268,0.09388839681133747,0.6178033658104517
0.21610915492957747,0.07174295774647887,0.0977112676056338,0.6144366197183099
0.21677704194260486,0.06931567328918323,0.09668874172185431,0.6172185430463576
0.21654929577464788,0.06514084507042253,0.09727112676056338,0.6210387323943662
0.21767810026385223,0.06948109058927,0.09586631486367635,0.6169744942832014
0.21378402107111502,0.0697980684811238,0.09525899912203688,0.6211589113257243
0.2098273572377158,0.07481186365648516,0.0934041611332448,0.6219566179725542
0.21589403973509932,0.07373068432671082,0.09271523178807947,0.6176600441501103
0.21992066989863376,0.07624504186866461,0.08946672542970471,0.6143675628029969
0.21954425942156003,0.07668711656441718,0.08851884312007012,0.6152497808939527
0.21558211598052235,0.0765825586542718,0.09119079238601151,0.6166445329791943
0.21403038427167115,0.08132260947274352,0.08757819481680071,0.6170688114387847
0.21635883905013192,0.08179419525065963,0.08927000879507475,0.6125769569041337
0.22348816827344434,0.08019281332164768,0.09070990359333918,0.6056091148115688
0.22540802823114248,0.07366563740626378,0.08910454344949272,0.611821790913101
0.22002635046113306,0.07553798858146685,0.08300395256916997,0.6214317083882301
0.22359699513919576,0.07821475916924436,0.07998232434821034,0.6182059213433495
0.22119613016710643,0.07519788918205805,0.0743183817062445,0.6292875989445911
0.2146643109540636,0.07906360424028269,0.07243816254416961,0.633833922261484
0.2085889570552147,0.08194566170026293,0.0736196319018405,0.6358457493426819
0.2133037694013304,0.0762749445676275,0.07184035476718403,0.6385809312638581
0.21040925266903915,0.076067615658363,0.07384341637010676,0.6396797153024911
0.21312197269925143,0.0726552179656539,0.0726552179656539,0.6415675913694407
0.21714031971580816,0.07371225577264653,0.0719360568383659,0.6372113676731794
0.22178130511463845,0.07539682539682539,0.07098765432098765,0.6318342151675485
0.21865376154861416,0.07347118345798505,0.07215134183897932,0.6357237131544214
0.22384751773049646,0.0797872340425532,0.0700354609929078,0.6263297872340425
0.21576398062527521,0.08102157639806253,0.07089387934830471,0.6323205636283575
0.21662245800176835,0.07515473032714412,0.07161803713527852,0.636604774535809
0.22202565236620964,0.0800530738611234,0.06766917293233082,0.6302521008403361
0.22251655629139072,0.08520971302428255,0.06666666666666667,0.6256070640176601
0.22452580502867225,0.08778120864578738,0.0670489633877371,0.6206440229378033
0.22227112676056338,0.08626760563380281,0.06426056338028169,0.6272007042253521
0.22634103794156127,0.08416921064108156,0.06541648495420846,0.6240732664631488
0.2327433628318584,0.08141592920353982,0.061504424778761065,0.6243362831858407
0.23087129588677577,0.07961079168509509,0.06280406899601947,0.6267138434321097
0.22916666666666666,0.0797872340425532,0.06028368794326241,0.6307624113475178
0.23056768558951965,0.07554585152838428,0.05851528384279476,0.6353711790393013
0.23243482103402563,0.0760053026955369,0.058329650905877155,0.6332302253645603
0.23692307692307693,0.07472527472527472,0.056263736263736264,0.632087912087912
0.23938730853391685,0.07702407002188184,0.05689277899343545,0.6266958424507658
0.23598435462842243,0.07822685788787484,0.05649717514124294,0.6292916123424598
0.23459507042253522,0.07878521126760564,0.05413732394366197,0.6324823943661971
0.23786407766990292,0.0794351279788173,0.056045895851721095,0.6266548984995587
0.23087013554875382,0.07826847398338435,0.05684302579798863,0.6340183646698732
0.22944297082228116,0.07824933687002653,0.05702917771883289,0.6352785145888594
0.22873512560599382,0.07933010136624064,0.05685323931247246,0.6350815337152931
0.23457330415754923,0.07352297592997811,0.05689277899343545,0.6350109409190372
0.23500666370502,0.07152376721457131,0.054198134162594405,0.6392714349178144
0.2405618964003512,0.0697980684811238,0.05223880597014925,0.6374012291483757
0.23716275021758051,0.07006092254134029,0.04960835509138381,0.6431679721496953
0.2375933245498463,0.06982872200263504,0.051822573561704,0.6407553798858147
0.23563218390804597,0.07294429708222812,0.050397877984084884,0.6410256410256411
0.2360248447204969,0.07364685004436557,0.048802129547471165,0.6415261756876663
0.23259911894273128,0.07400881057268723,0.04889867841409692,0.6444933920704846
0.23700440528634362,0.0722466960352423,0.05066079295154185,0.6400881057268722
0.23393091386095322,0.07127240926978574,0.052470485351989504,0.6423261915172715
0.24136423261915171,0.07214691735898557,0.05334499344118933,0.6331438565806734
0.23617208077260754,0.07550482879719052,0.05311676909569798,0.6352063213345039
0.23765432098765432,0.07495590828924162,0.05202821869488536,0.6353615520282186
0.2301969365426696,0.07264770240700219,0.054266958424507655,0.6428884026258206
0.2306338028169014,0.06866197183098592,0.05677816901408451,0.6439260563380281
0.23161602818141788,0.071334214002642,0.057243505063848524,0.6398062527520916
0.23763250883392226,0.07376325088339222,0.05697879858657244,0.6316254416961131
0.2369460289600702,0.0741553312856516,0.05660377358490566,0.6322948661693726
0.24441524310118265,0.067455102934735,0.05519053876478318,0.6329391151992991
0.24368630926007975,0.06778910057598582,0.05582631812140009,0.6326982720425344
0.24867724867724866,0.06657848324514991,0.05555555555555555,0.6291887125220459
0.2498888394842152,0.06625166740773678,0.05602489995553579,0.6278345931525122
0.2545374059318282,0.07127047366091191,0.055776892430278883,0.618415227976981
0.25332741792369123,0.07142857142857142,0.05412599822537711,0.6211180124223602
0.2541019955654102,0.07450110864745012,0.05055432372505543,0.6208425720620843
0.25689277899343543,0.07045951859956236,0.04726477024070022,0.6253829321663019
0.2554300608166811,0.0677671589921807,0.04691572545612511,0.629887054735013
0.25654682645361737,0.0692410119840213,0.04704837993786063,0.6271637816245007
0.25342163355408387,0.06975717439293598,0.04768211920529802,0.6291390728476821
0.2604259094942325,0.06921029281277728,0.04702750665483585,0.6233362910381544
0.26846528084918175,0.06766917293233082,0.0508624502432552,0.6130030959752322
0.2618421052631579,0.06710526315789474,0.05307017543859649,0.6179824561403509
0.2606969563299515,0.0674900749889722,0.05161005734450816,0.6202029113365681
0.2652881654201496,0.0664320281566212,0.05191377034755829,0.6163660360756709
0.2571680635200706,0.06793118659020732,0.049404499338332596,0.6254962505513895
0.25865848312143797,0.0661990355107409,0.044278825076720735,0.6308636562911004
0.2598597721297108,0.06836108676599474,0.04820333041191937,0.6235758106923751
0.2548245614035088,0.06973684210526315,0.04736842105263158,0.6280701754385964
0.25186485300570427,0.06888986397542782,0.050021939447125935,0.629223343571742
0.24721603563474387,0.06592427616926504,0.054788418708240534,0.6320712694877506
0.2505513895015439,0.06396118217909132,0.05337450374944861,0.6321129245699162
0.2506527415143603,0.0639686684073107,0.054395126196692775,0.6309834638816362
0.24428822495606328,0.06195079086115993,0.054042179261862916,0.6397188049209139
0.24113475177304963,0.05939716312056738,0.05585106382978723,0.6436170212765957
0.2357581069237511,0.05740578439964943,0.05390008764241893,0.6529360210341806
0.24490699734278124,0.05845881310894597,0.053144375553587246,0.6434898139946855
0.23462214411247803,0.059314586994727594,0.054042179261862916,0.6520210896309314
0.23742277140335394,0.05516328331862312,0.056045895851721095,0.6513680494263019
0.23640350877192984,0.05570175438596491,0.05745614035087719,0.650438596491228
0.22965879265091863,0.05336832895888014,0.06342957130358705,0.6535433070866141
0.2295873573309921,0.05267778753292362,0.0601404741000878,0.6575943810359964
0.23305272485600353,0.052281789986708016,0.05804164820558263,0.6566238369517058
0.23232323232323232,0.05314009661835749,0.057971014492753624,0.6565656565656566
0.23268206039076378,0.051953818827708706,0.05950266429840142,0.6558614564831261
0.23446452181577787,0.04759806081974438,0.06081974438078449,0.6571176729836933
0.22717247463608292,0.049404499338332596,0.060873400970445524,0.6625496250551389
0.23124448367166814,0.047219770520741396,0.06266548984995587,0.6588702559576346
0.23557904007045355,0.046235138705416116,0.06296785557023338,0.655217965653897
0.2342857142857143,0.04835164835164835,0.0632967032967033,0.654065934065934
0.2332155477031802,0.04902826855123675,0.062279151943462896,0.6554770318021201
0.23405191377034756,0.047074351077870655,0.062032556093268805,0.656841179058513
0.23330404217926187,0.04701230228471002,0.0641476274165202,0.655536028119508
0.2264731750219877,0.04573438874230431,0.06596306068601583,0.6618293755496921
0.22549019607843138,0.04411764705882353,0.06327985739750445,0.6671122994652406
0.2237422771403354,0.043689320388349516,0.06310679611650485,0.6694616063548102
0.22474857892435504,0.04459991254919108,0.06077831219938785,0.669873196327066
0.22418358340688438,0.04457193292144748,0.06310679611650485,0.6681376875551632
0.2279379157427938,0.04478935698447894,0.06031042128603104,0.6669623059866963
0.2222222222222222,0.04426737494466578,0.06020362992474546,0.6733067729083665
0.22719298245614036,0.04517543859649123,0.05745614035087719,0.6701754385964912
0.22577777777777777,0.04577777777777778,0.05733333333333333,0.6711111111111111
0.22202797202797203,0.050699300699300696,0.05506993006993007,0.6722027972027972
0.21794871794871795,0.05526083112290009,0.05614500442086649,0.6706454465075155
0.2178919397697077,0.053144375553587246,0.05358724534986714,0.6753764393268379
0.22385402759234535,0.05562972852692479,0.05028927458834001,0.6702269692923899
0.23296703296703297,0.056263736263736264,0.05406593406593407,0.6567032967032967
0.23059964726631393,0.056878306878306875,0.05114638447971781,0.6613756613756614
0.23100570926657882,0.05489679402722881,0.05138339920948617,0.6627140974967062
0.2306338028169014,0.0528169014084507,0.05017605633802817,0.6663732394366197
0.23658751099384345,0.052770448548812667,0.052330694810905895,0.658311345646438
0.2390158172231986,0.05184534270650264,0.05184534270650264,0.6572934973637962
0.23156012516763522,0.05364327223960662,0.05274921770227984,0.6620473848904783
0.23750552852720036,0.05174701459531181,0.05042016806722689,0.6603272888102609
0.2336490753270185,0.053225078935498424,0.05277401894451962,0.6603518267929634
0.22944297082228116,0.05570291777188329,0.04907161803713528,0.6657824933687002
0.22844444444444445,0.05644444444444444,0.04711111111111111,0.668
0.23008849557522124,0.05530973451327434,0.047345132743362835,0.6672566371681415
0.22849580943978826,0.0564622849580944,0.04719894133215704,0.6678429642699603
0.22679509632224168,0.06042031523642732,0.04816112084063047,0.6646234676007006
0.2247141600703606,0.059366754617414245,0.04925241864555849,0.6666666666666666
0.22629969418960244,0.05679335954565312,0.04630843162953255,0.6705985146352119
0.22304670449585334,0.05456132693147097,0.046268005237887384,0.6761239633347883
0.22981366459627328,0.05678793256433008,0.046583850931677016,0.6668145519077197
0.23529411764705882,0.05311676909569798,0.04477611940298507,0.6668129938542581
0.2381584772023019,0.05179282868525897,0.045595396193005754,0.6644532979194334
0.23127463863337713,0.05300043802014893,0.04555409548839247,0.6701708278580815
0.23100983020554067,0.050491510277033066,0.04334226988382484,0.6751563896336015
0.23403324584426946,0.048118985126859144,0.04505686789151356,0.6727909011373578
0.23516483516483516,0.04967032967032967,0.04923076923076923,0.6659340659340659
0.2371088585279859,0.05156456588805641,0.04759806081974438,0.6637285147642134
0.24314919530230536,0.049586776859504134,0.048281861678990866,0.6589821661591997
0.24112231477422183,0.04734765453748356,0.04778605874616396,0.6637439719421306
0.2479047198941332,0.04543449492721659,0.04631671812968681,0.6603440670489634
0.24813678211310827,0.04296361245067953,0.04559403770276195,0.6633055677334503
0.2495567375886525,0.040780141843971635,0.044326241134751775,0.6653368794326241
0.24900662251655628,0.040176600441501106,0.04326710816777042,0.6675496688741722
0.24489795918367346,0.04303460514640639,0.040372670807453416,0.6716947648624667
0.24395604395604395,0.044395604395604395,0.04263736263736264,0.669010989010989
0.24552987352812908,0.04404709986916703,0.041866550370693416,0.6685564762320104
0.24722098710538018,0.046242774566473986,0.041351711871943087,0.6651845264562027
0.23991228070175438,0.04649122807017544,0.04429824561403509,0.6692982456140351
0.24529128339903636,0.04730617608409987,0.04161191414805081,0.6657906263688129
0.24045634050021938,0.04914436156208864,0.04168494953927161,0.6687143483984204
0.24538258575197888,0.052330694810905895,0.03913808267370272,0.6631486367634125
0.24504186866460997,0.05156456588805641,0.0379021595416483,0.6654914059056853
0.24813678211310827,0.049539675580885574,0.0398947829899167,0.6624287593160895
0.24922118380062305,0.046283934134401426,0.03871829105473965,0.6657765910102359
0.249889819303658,0.04098721903922433,0.041427941824592335,0.6676950198325253
0.24922941435490972,0.04271246147071774,0.04007045354469397,0.6679876706296786
0.2521045635799734,0.043420469649977846,0.04164820558263181,0.6628267611874169
0.24702249669166298,0.044111160123511246,0.0388178209086899,0.6700485222761359
0.2480349344978166,0.0462882096069869,0.04148471615720524,0.6641921397379913
0.24770240700218818,0.045076586433260395,0.04288840262582057,0.6643326039387308
0.25076586433260395,0.04245076586433261,0.038074398249452954,0.6687089715536105
0.2491243432574431,0.04246935201401051,0.03852889667250438,0.669877408056042
0.24428822495606328,0.04173989455184534,0.040421792618629174,0.6735500878734623
0.24847428073234526,0.041848299912816043,0.037489102005231034,0.6721883173496077
0.2476780185758514,0.04290137107474569,0.04024767801857585,0.6691729323308271
0.25011027790030876,0.043228936921041024,0.0423467137185708,0.6643140714600794
0.25,0.04292035398230089,0.04601769911504425,0.6610619469026549
0.2478146853146853,0.042395104895104896,0.04501748251748252,0.6647727272727273
0.2459964412811388,0.04181494661921708,0.04715302491103203,0.6650355871886121
0.24911816578483245,0.042328042328042326,0.04673721340388007,0.6618165784832452
0.24956063268892795,0.043497363796133566,0.048330404217926184,0.6586115992970123
0.24410849266340595,0.04668741662961316,0.048465984882169855,0.6607381058248111
0.24237063246351173,0.045112781954887216,0.05042016806722689,0.6620964175143742
0.2412726469288555,0.04904993371630579,0.048608042421564294,0.6610693769332744
0.2399650959860384,0.05017452006980803,0.04712041884816754,0.662739965095986
0.24534986713906112,0.0491585473870682,0.046058458813108945,0.6594331266607617
0.24145583666222814,0.04704837993786063,0.04704837993786063,0.6644474034620506
0.23907225691347012,0.04906333630686887,0.045495093666369314,0.6663693131132917
0.24326710816777042,0.04944812362030905,0.046799116997792496,0.6604856512141281
0.23880597014925373,0.04916593503072871,0.04697102721685689,0.6650570676031606
0.23654015887025595,0.05119152691968226,0.048984995586937335,0.6632833186231244
0.23466666666666666,0.05688888888888889,0.052444444444444446,0.656
0.23880597014925373,0.05662862159789289,0.051360842844600525,0.6532045654082529
0.2332155477031802,0.05697879858657244,0.05167844522968198,0.6581272084805654
0.2337719298245614,0.05789473684210526,0.04912280701754386,0.6592105263157895
0.23418277680140598,0.059314586994727594,0.05052724077328647,0.6559753954305799
0.23364075537988582,0.05753184014053579,0.049187527448397016,0.6596398770311814
0.2379690949227373,0.0565121412803532,0.04856512141280353,0.6569536423841059
0.24083075563411402,0.05391073795846222,0.04551480335837384,0.65974370304905
0.24031690140845072,0.05149647887323944,0.04841549295774648,0.6597711267605634
0.24130434782608695,0.05478260869565217,0.04782608695652174,0.6560869565217391
0.23674911660777384,0.05874558303886926,0.046819787985865724,0.6576855123674912
0.23137598597721298,0.05828220858895705,0.047765118317265556,0.6625766871165644
0.22969432314410482,0.05720524017467249,0.04978165938864629,0.6633187772925764
0.22896368467670505,0.05713020372010629,0.05137289636846767,0.662533215234721
0.2283085013146363,0.056091148115687994,0.053023663453111304,0.6625766871165644
0.22815533980582525,0.05560458958517211,0.05163283318623124,0.6646072374227714
0.22931338028169015,0.05413732394366197,0.047975352112676055,0.6685739436619719
0.2311446317657498,0.05146406388642413,0.05013309671694765,0.6672582076308784
0.23328906595838866,0.051350154935812305,0.05046480743691899,0.66489597166888
0.22900088417329797,0.053934571175950484,0.04995579133510168,0.6671087533156499
0.23371478873239437,0.04709507042253521,0.0528169014084507,0.6663732394366197
0.22884699693117053,0.04559403770276195,0.05129329241560719,0.6742656729504604
0.23650724001755155,0.046072838964458095,0.05309346204475647,0.6643264589732338
0.23503521126760563,0.04533450704225352,0.047975352112676055,0.6716549295774648
0.23348017621145375,0.04801762114537445,0.04669603524229075,0.6718061674008811
0.23684210526315788,0.052192982456140354,0.04429824561403509,0.6666666666666666
0.2362906821221578,0.05171645118145341,0.04502897904592064,0.6669638876504681
0.233392382639504,0.04827280779450841,0.046944198405668734,0.6713906111603188
0.23526844172850284,0.05194238323876037,0.04757747708424269,0.6652116979484941
0.2405452946350044,0.04925241864555849,0.047053649956024624,0.6631486367634125
0.23868677905944988,0.050576752440106475,0.046583850931677016,0.6641526175687666
0.24396665204036858,0.04826678367705134,0.050460728389644584,0.6573058358929355
0.2376150811047786,0.04910127137220517,0.048224462954844366,0.6650591845681718
0.24194260485651214,0.052097130242825605,0.04415011037527594,0.6618101545253863
0.24402125775022143,0.053144375553587246,0.043401240035429584,0.6594331266607617
0.2371088585279859,0.05112384310268841,0.04275011018069634,0.6690171881886293
0.23767605633802816,0.051056338028169015,0.043133802816901406,0.6681338028169014
0.23975319524019392,0.052886734244160426,0.04098721903922433,0.6663728514764213
0.23777777777777778,0.05422222222222222,0.04044444444444444,0.6675555555555556
0.23987676056338028,0.05501760563380282,0.042693661971830985,0.6624119718309859
0.2418645558487247,0.05716798592788039,0.040897097625329816,0.6600703605980651
0.23994755244755245,0.05201048951048951,0.044580419580419584,0.6634615384615384
0.23423026025584473,0.054256726951918834,0.04675782973092192,0.6647551830613145
0.23389232127096204,0.054280670785525155,0.04633715798764342,0.6654898499558694
0.23148558758314855,0.054988913525498895,0.04656319290465632,0.6669623059866963
0.23236331569664903,0.054673721340388004,0.04673721340388007,0.6662257495590829
0.23503325942350334,0.05365853658536585,0.04523281596452328,0.6660753880266075
0.24043956043956044,0.04835164835164835,0.04527472527472527,0.6659340659340659
0.24405286343612334,0.04713656387665198,0.04581497797356828,0.6629955947136564
0.24593763724198506,0.046991655687307864,0.04655248133509003,0.660518225735617
0.24116877453118185,0.04622764936764064,0.0453554295682512,0.6672481465329263
0.2423841059602649,0.045033112582781455,0.045033112582781455,0.6675496688741722
0.2465631929046563,0.043458980044345896,0.04611973392461197,0.6638580931263858
0.24416042309387395,0.04495372410753636,0.03966505068312032,0.6712208021154694
0.24010554089709762,0.047493403693931395,0.03913808267370272,0.6732629727352683
0.242756804214223,0.0456540825285338,0.03775241439859526,0.6738366988586479
0.24091108190976784,0.04643013578624617,0.039859833552343404,0.6727989487516426
0.23616071428571428,0.05,0.04196428571428571,0.671875
0.23573309920983318,0.048287971905179985,0.041264266900790166,0.6747146619841967
0.23462214411247803,0.050966608084358524,0.043936731107205626,0.6704745166959578
0.23308270676691728,0.04953560371517028,0.044228217602830605,0.6731534719150818
0.23257878384376388,0.05193075898801598,0.04571682201509099,0.6697736351531292
0.2330357142857143,0.05044642857142857,0.04375,0.6727678571428571
0.2329246935201401,0.04816112084063047,0.0446584938704028,0.6742556917688266
0.23401420959147423,0.046181172291296625,0.04440497335701599,0.6753996447602132
0.23403324584426946,0.045931758530183726,0.04505686789151356,0.6749781277340332
0.23147340889276374,0.04795117698343505,0.044463818657367045,0.6761115954664342
0.2297650130548303,0.047432550043516104,0.048302872062663184,0.6744995648389904
0.23822104799647734,0.04447380008806693,0.0479964773227653,0.6693086745926905
0.23866138265081463,0.046235138705416116,0.04667547335975341,0.6684280052840158
0.2310084406930253,0.04797867614393603,0.04620168813860506,0.6748111950244335
0.22845953002610966,0.047867711053089644,0.047867711053089644,0.675805047867711
0.22695346795434593,0.04916593503072871,0.05223880597014925,0.6716417910447762
0.2290748898678414,0.04801762114537445,0.05462555066079295,0.6682819383259911
0.2352168199737188,0.04424003504161191,0.052562417871222074,0.6679807271134472
0.23087013554875382,0.047660690861390465,0.05421950153038916,0.6672496720594665
0.2324561403508772,0.04473684210526316,0.05482456140350877,0.6679824561403509
0.23179396092362345,0.041740674955595025,0.05550621669626998,0.6709591474245116
0.2303943287549845,0.043420469649977846,0.05582631812140009,0.6703588834736376
0.23286467486818982,0.04305799648506151,0.054481546572934976,0.6695957820738138
0.23684210526315788,0.04342105263157895,0.05307017543859649,0.6666666666666666
0.23769771528998243,0.043936731107205626,0.05492091388400703,0.663444639718805
0.2373180414644905,0.0423467137185708,0.054256726951918834,0.6660785178650198
0.23910171730515192,0.04667547335975341,0.05372082782915016,0.6605019815059445
0.2353198948290973,0.04732690622261174,0.053023663453111304,0.6643295354951797
0.23719081272084805,0.045053003533568906,0.053003533568904596,0.6647526501766784
0.23847517730496454,0.04654255319148936,0.053634751773049646,0.6613475177304965
0.23955555555555555,0.04622222222222222,0.05333333333333334,0.6608888888888889
0.24361233480176211,0.046255506607929514,0.05638766519823789,0.6537444933920705
0.24319578577699735,0.04697102721685689,0.06057945566286216,0.6492537313432836
0.23803191489361702,0.04698581560283688,0.06205673758865248,0.6529255319148937
0.23746116289391922,0.04971149578339991,0.05903240124278739,0.6537949400798935
0.23975319524019392,0.048038783605112385,0.059497576024680476,0.6527104451300132
0.2418645558487247,0.04793315743183817,0.06068601583113457,0.6495162708883025
0.242263483642794,0.053934571175950484,0.0610079575596817,0.6427939876215738
0.2376940133037694,0.05365853658536585,0.06119733924611973,0.647450110864745
0.23685373398144058,0.05391073795846222,0.06142288996906761,0.6478126380910296
0.23971693940734187,0.05174701459531181,0.058823529411764705,0.6497125165855816
0.2391304347826087,0.050576752440106475,0.061224489795918366,0.6490683229813664
0.23896898208824816,0.05111402359108781,0.05679335954565312,0.6531236347750109
0.2423162583518931,0.05211581291759466,0.05612472160356347,0.6494432071269488
0.23915900131406045,0.05168637757336837,0.05562855891371003,0.6535260621988611
0.24292035398230089,0.05398230088495575,0.05486725663716814,0.6482300884955752
0.2474857892435505,0.05203323130738959,0.055094009619588984,0.645386969829471
0.24200710479573712,0.047513321492007106,0.05728241563055062,0.6531971580817052
0.24813678211310827,0.04866286716352477,0.05655414291977203,0.6466462078035949
0.2406675450153711,0.04787000439174352,0.06060606060606061,0.6508563899868248
0.24035087719298245,0.04736842105263158,0.058333333333333334,0.6539473684210526
0.24150110375275938,0.04768211920529802,0.058719646799116995,0.6520971302428256
0.24426807760141092,0.047619047619047616,0.05202821869488536,0.656084656084656
0.24724548259145,0.045394446892904367,0.04847950639048039,0.6588805641251653
0.25142606406318563,0.046511627906976744,0.05353225098727512,0.6485300570425625
0.25,0.04497354497354497,0.05335097001763668,0.6516754850088183
0.2517574692442882,0.04569420035149385,0.056678383128295255,0.6458699472759226
0.25087719298245614,0.043859649122807015,0.05307017543859649,0.6521929824561403
0.24396665204036858,0.04782799473453269,0.05616498464238701,0.6520403685827117
0.24278215223097113,0.047244094488188976,0.05511811023622047,0.6548556430446194
0.24237063246351173,0.04732419283502875,0.057054400707651484,0.653250773993808
0.23279263480929416,0.04515563349408154,0.06049978079789566,0.6615519508987286
0.23457330415754923,0.04463894967177243,0.059956236323851206,0.6608315098468271
0.23138297872340424,0.04698581560283688,0.05851063829787234,0.6631205673758865
0.23168578993821712,0.048984995586937335,0.059576345984112974,0.6597528684907326
0.22996515679442509,0.04660278745644599,0.0627177700348432,0.6607142857142857
0.23097345132743363,0.05,0.060619469026548675,0.6584070796460177
0.2309043020193152,0.04697102721685689,0.056189640035118525,0.6659350307287094
0.22832886505808758,0.05093833780160858,0.05451295799821269,0.6662198391420912
0.22621657167908812,0.04515563349408154,0.05655414291977203,0.6720736519070583
0.22741295724988983,0.042309387395328336,0.05773468488320846,0.6725429704715734
0.23684210526315788,0.04192685102586976,0.05530776092774309,0.6659232827832292
0.23748902546093065,0.040825285338015806,0.053555750658472345,0.6681299385425812
0.2399647110719012,0.03705337450374945,0.0529333921482135,0.6700485222761359
0.23721340388007053,0.04056437389770723,0.05511463844797178,0.6671075837742504
0.2370403190075321,0.03721754541426672,0.05582631812140009,0.6699158174568011
0.24101665205959685,0.03593339176161262,0.05652936021034181,0.6665205959684487
0.23700440528634362,0.03612334801762115,0.05859030837004405,0.6682819383259911
0.24119718309859156,0.037411971830985914,0.05897887323943662,0.6624119718309859
0.2378236068451075,0.03817463799912242,0.05748135146994296,0.6665204036858271
0.24083075563411402,0.04021210782147592,0.05612019443216969,0.6628369421122404
0.23813708260105448,0.03954305799648506,0.05492091388400703,0.6673989455184535
0.23938053097345133,0.04026548672566372,0.05353982300884956,0.6668141592920354
0.23987676056338028,0.04357394366197183,0.05457746478873239,0.6619718309859155
0.2325886990801577,0.04336399474375821,0.05781865965834428,0.6662286465177398
0.23434077967586509,0.045116075339465614,0.053438458169075775,0.6671046868155935
0.233099209833187,0.04521510096575944,0.05706760316066725,0.6646180860403863
0.23503521126760563,0.040492957746478875,0.058098591549295774,0.6663732394366197
0.2369584438549956,0.038461538461538464,0.05658709106984969,0.6679929266136163
0.23630742049469966,0.03931095406360424,0.05565371024734982,0.6687279151943463
0.23409893992932862,0.03975265017667844,0.05653710247349823,0.6696113074204947
0.23283450704225353,0.037852112676056336,0.05677816901408451,0.6725352112676056
0.2350597609561753,0.036741921204072596,0.05223550243470562,0.6759628154050464
0.23414634146341465,0.03503325942350333,0.049223946784922396,0.6815964523281597
0.22999120492524186,0.034740545294635,0.04925241864555849,0.6860158311345647
0.23495575221238937,0.03672566371681416,0.048672566371681415,0.679646017699115
0.2357904085257549,0.034191829484902306,0.04840142095914742,0.6816163410301954
0.2349582784365393,0.036012296881862096,0.05138339920948617,0.6776460254721124
0.2325886990801577,0.03591765221200175,0.05168637757336837,0.6798072711344721
0.23562966213251427,0.036419482229047825,0.05265467310223782,0.6752961825362
0.22747349823321555,0.04063604240282685,0.05035335689045936,0.6815371024734982
0.23025435073627845,0.04239178937974119,0.05533244087460955,0.6720214190093708
0.22399291722000886,0.04072598494909252,0.0566622399291722,0.6786188579017264
0.23090507726269316,0.04061810154525387,0.05518763796909492,0.673289183222958
0.23323103901797457,0.04208680403331872,0.05436212187637001,0.6703200350723367
0.23443708609271524,0.04105960264900662,0.052097130242825605,0.6724061810154526
0.23374340949033393,0.040421792618629174,0.05140597539543058,0.6744288224956063
0.22878390201224846,0.04243219597550306,0.0542432195975503,0.6745406824146981
0.23147742218325296,0.04208680403331872,0.056992547128452434,0.6694432266549759
0.2266725352112676,0.04533450704225352,0.05721830985915493,0.670774647887324
0.22683142100617829,0.04810238305383936,0.05692850838481906,0.6681376875551632
0.22314774221832528,0.046470846120122755,0.06006137658921526,0.6703200350723367
0.2263901147396293,0.0441306266548985,0.06222418358340689,0.6672550750220653
0.231239092495637,0.0462478184991274,0.061518324607329845,0.6609947643979057
0.2287467134092901,0.04864154250657318,0.06441717791411043,0.6581945661700263
0.23036419482229048,0.046072838964458095,0.06581834137779728,0.6577446248354542
0.23721340388007053,0.046296296296296294,0.06481481481481481,0.6516754850088183
0.244880174291939,0.0457516339869281,0.06710239651416122,0.6422657952069717
0.2378021978021978,0.04835164835164835,0.06461538461538462,0.6492307692307693
0.242263483642794,0.04774535809018567,0.0605658709106985,0.6494252873563219
0.23756660746003552,0.0497335701598579,0.056838365896980464,0.6558614564831261
0.23677248677248677,0.04982363315696649,0.0582010582010582,0.6552028218694885
0.23168578993821712,0.050750220653133275,0.057811120917917035,0.6597528684907326
0.2336119665640123,0.04927408710954685,0.055433347998240214,0.6616805983282006
0.22898423817863398,0.04859894921190893,0.05735551663747811,0.6650612959719789
0.22916666666666666,0.04698581560283688,0.06028368794326241,0.663563829787234
0.23353819139596138,0.048287971905179985,0.058823529411764705,0.659350307287094
0.23565484012264565,0.04555409548839247,0.059570740254051686,0.6592203241349102
0.23157894736842105,0.043859649122807015,0.058771929824561406,0.6657894736842105
0.23557904007045355,0.043593130779392336,0.05856450902686042,0.6622633201232937
0.23358307624504188,0.04098721903922433,0.06170118995152049,0.6637285147642134
0.23418277680140598,0.04130052724077329,0.06678383128295255,0.6577328646748682
0.2336572438162544,0.04240282685512368,0.06669611307420495,0.657243816254417
0.23647469458987783,0.041884816753926704,0.06762652705061083,0.6540139616055847
0.2360928602715725,0.04204993429697766,0.06526500219010074,0.6565922032413491
0.23330365093499555,0.044968833481745324,0.06455921638468388,0.6571682991985752
0.23771580345285526,0.04426737494466578,0.05976095617529881,0.6582558654271802
0.2416077738515901,0.04196113074204947,0.06051236749116608,0.6559187279151943
0.23734037868780272,0.04227212681638045,0.06164685160722149,0.6587406428885954
0.2357581069237511,0.03987730061349693,0.05915863277826468,0.6652059596844873
0.23406113537117904,0.0388646288209607,0.05982532751091703,0.6672489082969433
0.23601398601398602,0.03802447552447553,0.05812937062937063,0.6678321678321678
0.23107221006564552,0.038074398249452954,0.060831509846827135,0.6700218818380744
0.2375886524822695,0.038120567375886524,0.05673758865248227,0.6675531914893617
0.23647469458987783,0.04057591623036649,0.053228621291448515,0.6697207678883071
0.23778359511343805,0.04057591623036649,0.054537521815008726,0.6671029668411868
0.2433392539964476,0.04218472468916518,0.05461811722912966,0.6598579040852576
0.23969871510855117,0.046964997784669914,0.05316792202038104,0.6601683650863979
0.23820026466696073,0.04455227172474636,0.05249228054697839,0.6647551830613145
0.23843416370106763,0.04359430604982206,0.05604982206405694,0.6619217081850534
0.23709536307961504,0.044181977252843396,0.0594925634295713,0.6592300962379702
0.24022837066315328,0.045234958278436536,0.057971014492753624,0.6565656565656566
0.24075704225352113,0.04841549295774648,0.05765845070422535,0.653169014084507
0.24081451969898185,0.054891544931385566,0.05799026117751217,0.6463036741921204
0.24867724867724866,0.05335097001763668,0.0582010582010582,0.6397707231040565
0.2436570428696413,0.05468066491688539,0.05730533683289589,0.6443569553805775
0.24779541446208111,0.05291005291005291,0.0564373897707231,0.6428571428571429
0.2466230936819172,0.050544662309368195,0.058387799564270156,0.6444444444444445
0.24492497793468668,0.048984995586937335,0.057811120917917035,0.648278905560459
0.24362986142154672,0.04604380867232901,0.05945462673223067,0.6508717031738936
0.2503276539973788,0.04456094364351245,0.059414591524683265,0.6456968108344255
0.24955985915492956,0.04533450704225352,0.06073943661971831,0.6443661971830986
0.24736379613356765,0.04701230228471002,0.058875219683655534,0.6467486818980668
0.24923747276688454,0.04967320261437908,0.05533769063180828,0.6457516339869281
0.24758983347940403,0.04688869412795793,0.05828220858895705,0.647239263803681
0.2456217162872154,0.046847635726795095,0.05823117338003503,0.6492994746059545
0.24944812362030905,0.047240618101545256,0.054304635761589407,0.6490066225165563
0.2451067615658363,0.045373665480427046,0.055604982206405695,0.6539145907473309
0.24527472527472527,0.04263736263736264,0.055384615384615386,0.6567032967032967
0.240052470485352,0.04503716659379099,0.05378224748578924,0.6611281154350678
0.24779929577464788,0.043133802816901406,0.05193661971830986,0.6571302816901409
0.24769027716674,0.047074351077870655,0.05191377034755829,0.653321601407831
0.24364592462751972,0.04688869412795793,0.05127081507449606,0.6581945661700263
0.24867957746478872,0.04533450704225352,0.05677816901408451,0.6492077464788732
0.25198237885462554,0.04537444933920705,0.05726872246696035,0.6453744493392071
0.252212389380531,0.04424778761061947,0.058849557522123896,0.6446902654867257
0.24747252747252746,0.04879120879120879,0.05846153846153846,0.6452747252747253
0.2467991169977925,0.04812362030905077,0.05739514348785872,0.6476821192052981
0.24473684210526317,0.04649122807017544,0.05701754385964912,0.6517543859649123
0.24301552106430155,0.04745011086474501,0.054988913525498895,0.6545454545454545
0.24890061565523308,0.047493403693931395,0.056288478452066845,0.6473175021987687
0.24721603563474387,0.049888641425389756,0.058797327394209356,0.644097995545657
0.2474636082928981,0.04719894133215704,0.054256726951918834,0.651080723423026
0.24281291463954002,0.04599734630694383,0.054400707651481646,0.6567890314020345
0.24626209322779244,0.04309586631486367,0.05321020228671944,0.6574318381706244
0.24502432551968156,0.040689960194604156,0.057054400707651484,0.6572313135780629
0.25055432372505543,0.03813747228381375,0.055875831485587585,0.6554323725055432
0.25543237250554324,0.038580931263858094,0.05365853658536585,0.6523281596452328
0.25961538461538464,0.0388986013986014,0.052884615384615384,0.6486013986013986
0.24857017157941047,0.039595248570171576,0.05279366476022877,0.6590409150901891
0.2574610244988864,0.04053452115812917,0.04899777282850779,0.6530066815144766
0.25725593667546176,0.04353562005277045,0.04969217238346526,0.6495162708883025
0.25874125874125875,0.04632867132867133,0.048513986013986016,0.646416083916084
