C,D,Oc,Od
0.0,0.0,0.0,1.0
0.0,0.0,0.0,1.0
0.0,0.0,0.0,1.0
0.0,0.0,0.0,1.0
0.0,0.0,0.0,1.0
0.0,0.0,0.0,1.0
0.0,0.07692307692307693,0.0,0.9230769230769231
0.0,0.05,0.0,0.95
0.0,0.034482758620689655,0.034482758620689655,0.9310344827586207
0.0,0.02702702702702703,0.05405405405405406,0.918918918918919
0.0,0.022222222222222223,0.044444444444444446,0.9333333333333333
0.037037037037037035,0.018518518518518517,0.037037037037037035,0.9074074074074074
0.058823529411764705,0.014705882352941176,0.029411764705882353,0.8970588235294118
0.02702702702702703,0.02702702702702703,0.02702702702702703,0.918918918918919
0.03488372093023256,0.03488372093023256,0.023255813953488372,0.9069767441860465
0.044444444444444446,0.03333333333333333,0.011111111111111112,0.9111111111111111
0.05,0.04,0.01,0.9
0.056910569105691054,0.032520325203252036,0.016260162601626018,0.8943089430894309
0.06060606060606061,0.022727272727272728,0.022727272727272728,0.8939393939393939
0.05228758169934641,0.026143790849673203,0.0196078431372549,0.9019607843137255
0.05747126436781609,0.022988505747126436,0.022988505747126436,0.896551724137931
0.061855670103092786,0.015463917525773196,0.020618556701030927,0.9020618556701031
0.07476635514018691,0.014018691588785047,0.02336448598130841,0.8878504672897196
0.0641025641025641,0.021367521367521368,0.021367521367521368,0.8931623931623932
0.06792452830188679,0.022641509433962263,0.018867924528301886,0.8905660377358491
0.08934707903780069,0.01718213058419244,0.020618556701030927,0.872852233676976
0.08722741433021806,0.012461059190031152,0.021806853582554516,0.8785046728971962
0.09166666666666666,0.008333333333333333,0.019444444444444445,0.8805555555555555
0.0916030534351145,0.010178117048346057,0.020356234096692113,0.8778625954198473
0.09927360774818401,0.009685230024213076,0.031476997578692496,0.8595641646489104
0.11279826464208242,0.010845986984815618,0.03036876355748373,0.8459869848156182
0.10465116279069768,0.005813953488372093,0.025193798449612403,0.8643410852713178
0.11900532859680284,0.008880994671403197,0.023090586145648313,0.8490230905861457
0.1330128205128205,0.008012820512820512,0.020833333333333332,0.8381410256410257
0.1287988422575977,0.010130246020260492,0.020260492040520984,0.8408104196816208
0.1310344827586207,0.011034482758620689,0.019310344827586208,0.8386206896551724
0.1564102564102564,0.011538461538461539,0.019230769230769232,0.8128205128205128
0.17105263157894737,0.01555023923444976,0.019138755980861243,0.7942583732057417
0.1857451403887689,0.012958963282937365,0.0183585313174946,0.7829373650107991
0.18781725888324874,0.016243654822335026,0.019289340101522844,0.7766497461928934
0.20751173708920187,0.015023474178403756,0.018779342723004695,0.7586854460093897
0.2126537785588752,0.015817223198594025,0.020210896309314587,0.7513181019332161
0.21901528013582344,0.015280135823429542,0.019524617996604415,0.7461799660441426
0.23677979479084452,0.014206787687450671,0.016574585635359115,0.7324388318863457
0.24008810572687225,0.015418502202643172,0.015418502202643172,0.7290748898678414
0.25315568022440393,0.01332398316970547,0.016830294530154277,0.7166900420757363
0.25379037574159524,0.013183915622940013,0.01911667765326302,0.7139090309822017
0.25837018319646243,0.010739102969046115,0.020846493998736577,0.7100442198357549
0.26123427201917315,0.012582384661473937,0.020970641102456562,0.7052127022168964
0.2684757505773672,0.013856812933025405,0.020785219399538105,0.6968822170900693
0.28387458006718924,0.013437849944008958,0.01791713325867861,0.6847704367301232
0.2909189777052746,0.012506797172376292,0.016856987493202826,0.6797172376291463
0.30057501306847884,0.012545739675901725,0.01986408782017773,0.6670151594354418
0.3019928461931528,0.013285641287685232,0.019417475728155338,0.6653040367910067
0.3037593984962406,0.014035087719298246,0.02456140350877193,0.6576441102756893
0.3142857142857143,0.016748768472906402,0.024630541871921183,0.6443349753694582
0.3207456978967495,0.016252390057361378,0.02198852772466539,0.6410133843212237
0.3189163498098859,0.01568441064638783,0.022813688212927757,0.6425855513307985
0.3342683496961197,0.015427769985974754,0.021505376344086023,0.6287985039738195
0.32827586206896553,0.01885057471264368,0.022068965517241378,0.6308045977011494
0.3310626702997275,0.01952770208900999,0.02134423251589464,0.6280653950953679
0.3312130849613812,0.02044525215810995,0.0222626079054975,0.6260790549750114
0.3291139240506329,0.018083182640144666,0.0216998191681736,0.6311030741410488
0.3279785809906292,0.018741633199464525,0.0214190093708166,0.6318607764390897
0.3334827431645002,0.0210667861945316,0.020170327207530255,0.625280143433438
0.33647798742138363,0.019766397124887692,0.01931716082659479,0.6244384546271339
0.336,0.022222222222222223,0.02,0.6217777777777778
0.3358507330075522,0.02265659706796979,0.019546868058640605,0.6219458018658374
0.3330380868024801,0.024800708591674048,0.021700620017714792,0.6204605845881311
0.33303451367099957,0.024204392649036306,0.02285970416853429,0.6199013895114298
0.3294642857142857,0.027232142857142858,0.022767857142857142,0.6205357142857143
0.33273622928795343,0.028660994178235557,0.02239140170174653,0.6162113748320645
0.33168982519049756,0.02734199910354101,0.02330793366203496,0.6176602420439264
0.3408273381294964,0.02922661870503597,0.025629496402877698,0.60431654676259
0.33914988814317676,0.028187919463087248,0.024608501118568233,0.6080536912751678
0.33407473309608543,0.027580071174377226,0.027580071174377226,0.6107651245551602
0.3321616871704745,0.027240773286467488,0.031195079086115993,0.609402460456942
0.3355408388520971,0.0282560706401766,0.030022075055187638,0.6061810154525387
0.32350352112676056,0.02948943661971831,0.03125,0.6157570422535211
0.3210151380231523,0.031611754229741766,0.033392698130008905,0.6139804096170971
0.3215391419725785,0.03272888102609465,0.030959752321981424,0.6147722246793454
0.3209655789003129,0.03173893607510058,0.03263299061242736,0.6146624944121591
0.3257978723404255,0.030141843971631204,0.034131205673758866,0.6099290780141844
0.32443257676902537,0.032487761459724075,0.032487761459724075,0.6105919003115264
0.3201948627103631,0.032329495128432244,0.030115146147032774,0.6173604960141719
0.32919805050952594,0.030128489144882586,0.03190075321222862,0.6087727071333628
0.32313829787234044,0.03235815602836879,0.030585106382978722,0.6139184397163121
0.32021466905187834,0.03398926654740608,0.03041144901610018,0.6153846153846154
0.33184656556645853,0.03256021409455843,0.030330062444246207,0.6052631578947368
0.32269662921348313,0.03146067415730337,0.031011235955056178,0.6148314606741573
0.3236477425122932,0.030844881537773806,0.03218596334376397,0.613321412606169
0.325354609929078,0.031471631205673756,0.031471631205673756,0.6117021276595744
0.3294642857142857,0.033035714285714286,0.033482142857142856,0.6040178571428572
0.322177599286033,0.03480589022757698,0.0321285140562249,0.6108879964301651
0.3267857142857143,0.03526785714285714,0.034375,0.6035714285714285
0.3261455525606469,0.03459119496855346,0.03504043126684636,0.6042228212039533
0.3195921985815603,0.0350177304964539,0.03235815602836879,0.613031914893617
0.3201948627103631,0.033215234720992026,0.033215234720992026,0.6133746678476528
0.31932773109243695,0.03582485625829279,0.03361344537815126,0.611233967271119
0.316,0.03688888888888889,0.03288888888888889,0.6142222222222222
0.3104982206405694,0.03558718861209965,0.03425266903914591,0.619661921708185
0.3137342908438061,0.035457809694793535,0.033662477558348294,0.6171454219030521
0.31820224719101126,0.032359550561797755,0.0301123595505618,0.6193258426966292
0.3105145413870246,0.03400447427293065,0.029082774049217,0.6263982102908278
0.31746031746031744,0.03218694885361552,0.0291005291005291,0.6212522045855379
0.3170947741364039,0.03188662533215235,0.0283436669619132,0.6226749335695305
0.30789707187222715,0.032830523513753325,0.029281277728482696,0.6299911268855368
0.3057040998217469,0.035204991087344026,0.030303030303030304,0.6287878787878788
0.3134461264470169,0.034728406055209264,0.02983081032947462,0.6219946571682992
0.3187830687830688,0.03350970017636684,0.029541446208112873,0.6181657848324515
0.31555555555555553,0.036,0.030666666666666665,0.6177777777777778
0.31438721136767317,0.03330373001776199,0.03019538188277087,0.622113676731794
0.316607460035524,0.03197158081705151,0.03241563055062167,0.6190053285968028
0.317960088691796,0.03148558758314856,0.03503325942350333,0.6155210643015521
0.3202470224966917,0.030436700485222762,0.031318923687692984,0.6179973533303926
0.3202846975088968,0.029359430604982206,0.027580071174377226,0.6227758007117438
0.31869116987897805,0.03047960555804572,0.024204392649036306,0.6266248319139399
0.3131991051454139,0.029977628635346757,0.024608501118568233,0.6322147651006711
0.31836371720764783,0.026678523788350377,0.02578923966207203,0.6291685193419297
0.3198218262806236,0.024498886414253896,0.024498886414253896,0.6311804008908686
0.3148065807025345,0.024455313472654512,0.02578923966207203,0.634948866162739
0.3118856121537087,0.023681858802502235,0.025915996425379804,0.6385165326184093
0.31503150315031503,0.023402340234023402,0.0279027902790279,0.6336633663366337
0.3181615350290049,0.024542614904060688,0.02989736724676484,0.6273984828201695
0.3212228622064688,0.024811696942844484,0.030128489144882586,0.6238369517058041
0.32142857142857145,0.02513227513227513,0.02821869488536155,0.6252204585537919
0.31893095768374163,0.026280623608017816,0.027171492204899776,0.6276169265033408
0.32443257676902537,0.022696929238985315,0.02848242100578549,0.6243880729862038
0.32515611061552185,0.02230151650312221,0.029438001784121322,0.6231043710972346
0.32930648769574944,0.02192393736017897,0.029082774049217,0.6196868008948546
0.324801412180053,0.02294792586054722,0.028684907325684024,0.6235657546337158
0.32428825622775803,0.023131672597864767,0.03069395017793594,0.6218861209964412
0.3193950177935943,0.023576512455516015,0.03113879003558719,0.6258896797153025
0.32270916334661354,0.025232403718459494,0.03010181496237273,0.6219566179725542
0.32455357142857144,0.029017857142857144,0.03169642857142857,0.6147321428571428
0.32114183764495985,0.029884032114183764,0.03166815343443354,0.6173059768064229
0.31722595078299776,0.02774049217002237,0.02953020134228188,0.625503355704698
0.33111407012871724,0.027518863737239236,0.02796271637816245,0.6134043497558811
0.3236607142857143,0.028125,0.028125,0.6200892857142857
0.3358340688437776,0.025154457193292144,0.027802294792586054,0.6112091791703442
0.3305309734513274,0.02566371681415929,0.029646017699115044,0.6141592920353982
0.3306595365418895,0.02540106951871658,0.0285204991087344,0.6154188948306596
0.32260907888937856,0.026443367122080213,0.028206258263552227,0.6227412957249889
0.32981065609863497,0.02774108322324967,0.02686041391457508,0.6155878467635403
0.33109619686800895,0.028635346756152126,0.025950782997762864,0.6143176733780761
0.3220035778175313,0.029516994633273702,0.02728085867620751,0.6211985688729875
0.3203230148048452,0.029161058770749215,0.026469268730372364,0.6240466576940332
0.31799910674408216,0.028584189370254576,0.02456453774006253,0.6288521661456007
0.31377777777777777,0.028,0.023555555555555555,0.6346666666666667
0.3181214000886132,0.024811696942844484,0.024811696942844484,0.6322552060256978
0.3165240882485367,0.024763619990995047,0.02296262944619541,0.6357496623142729
0.3162811387900356,0.023131672597864767,0.022686832740213523,0.6379003558718861
0.31451612903225806,0.025985663082437275,0.023297491039426525,0.6362007168458781
0.3169107856191744,0.02663115845539281,0.02663115845539281,0.62982689747004
0.3163038649489116,0.027099067081297203,0.02798756108396268,0.6286095068858285
0.31112091791703445,0.025154457193292144,0.03265666372462489,0.6310679611650486
0.30375874125874125,0.02666083916083916,0.03365384615384615,0.6359265734265734
0.2992863514719001,0.027207850133809098,0.03568242640499554,0.6378233719892953
0.30177777777777776,0.027555555555555555,0.033777777777777775,0.6368888888888888
0.29794826048171275,0.027207850133809098,0.03479036574487065,0.6400535236396075
0.29388119696292986,0.025457793657882984,0.03260384100044663,0.6480571683787405
0.28909740840035747,0.02546916890080429,0.0290437890974084,0.6563896336014299
0.2892266428252123,0.023692445239159587,0.029056772463120252,0.6580241394725078
0.29383044829116733,0.02574345317354638,0.029738126941855306,0.650687971593431
0.2938053097345133,0.027876106194690265,0.030973451327433628,0.6473451327433628
0.2920747996438112,0.024933214603739984,0.030276046304541407,0.6527159394479074
0.28865979381443296,0.026445540116539667,0.025997310623038995,0.6588973554459884
0.290625,0.026785714285714284,0.027678571428571427,0.6549107142857142
0.29445933869526364,0.025022341376228777,0.028150134048257374,0.6523681858802503
0.2935412026726058,0.023162583518930958,0.026726057906458798,0.6565701559020044
0.29046563192904656,0.02350332594235033,0.025720620842572064,0.660310421286031
0.28991971454058874,0.02096342551293488,0.02631578947368421,0.6628010704727921
0.2943278249218401,0.02054488610987048,0.026351049575703438,0.658776239392586
0.29973474801061006,0.021662245800176835,0.026083112290008842,0.6525198938992043
0.3018783542039356,0.01967799642218247,0.026386404293381037,0.6520572450805009
0.3025618374558304,0.021643109540636044,0.023409893992932862,0.6523851590106007
0.2976827094474153,0.02094474153297683,0.023618538324420676,0.6577540106951871
0.29029345372460497,0.022121896162528215,0.026636568848758466,0.6609480812641083
0.2937000887311446,0.022182786157941437,0.025288376220053237,0.6588287488908607
0.2925744775455758,0.02267674522009782,0.026678523788350377,0.658070253445976
0.2803198578409596,0.023545091070635273,0.02665482007996446,0.6694802310084407
0.2926829268292683,0.02350332594235033,0.025277161862527715,0.6585365853658537
0.29829290206648695,0.025157232704402517,0.02605570530098832,0.6504941599281222
0.2931494661921708,0.02402135231316726,0.025355871886120998,0.6574733096085409
0.2850089766606822,0.02154398563734291,0.026032315978456014,0.6674147217235189
0.29092526690391457,0.02090747330960854,0.025800711743772242,0.6623665480427047
0.2850155624722099,0.021787461093819474,0.027567807914628723,0.665629168519342
0.280794701986755,0.02119205298013245,0.02869757174392936,0.6693156732891832
0.2809587217043941,0.022636484687083888,0.02885042166000888,0.6675543719485131
0.28021248339973437,0.02257636122177955,0.03010181496237273,0.6671093404161134
0.2860938883968113,0.024357838795394153,0.030115146147032774,0.6594331266607617
0.28058510638297873,0.02526595744680851,0.03102836879432624,0.6631205673758865
0.2768259693417493,0.02750225428313796,0.029305680793507663,0.6663660955816051
0.27523343708314807,0.02712316585148955,0.029346376167185415,0.668297020898177
0.27580071174377224,0.025355871886120998,0.026690391459074734,0.672153024911032
0.28140257434531735,0.02529960053262317,0.027518863737239236,0.6657789613848203
0.2823581560283688,0.026152482269503546,0.028368794326241134,0.6631205673758865
0.28329621380846326,0.026726057906458798,0.028507795100222718,0.6614699331848553
0.2767857142857143,0.02857142857142857,0.02857142857142857,0.6660714285714285
0.278175313059034,0.03041144901610018,0.027728085867620753,0.6636851520572451
0.2785204991087344,0.029411764705882353,0.029857397504456328,0.6622103386809269
0.27473021582733814,0.03237410071942446,0.030575539568345324,0.6623201438848921
0.2833408172429277,0.02694207453973956,0.02828917826672654,0.6614279299506062
0.28526785714285713,0.025892857142857145,0.02857142857142857,0.6602678571428572
0.28099910793933985,0.027207850133809098,0.028545941123996433,0.6632471008028545
0.2880361173814898,0.02347629796839729,0.028442437923250564,0.6600451467268623
0.2845132743362832,0.023893805309734513,0.027876106194690265,0.6637168141592921
0.28502202643171803,0.022466960352422908,0.02643171806167401,0.6660792951541851
0.29125780553077607,0.023639607493309546,0.02631578947368421,0.6587867975022301
0.2893446277307178,0.026749888542131076,0.025858225590726706,0.6580472581364244
0.2834890965732087,0.0267022696929239,0.029817534490431688,0.6599910992434357
0.28957871396895785,0.02616407982261641,0.027937915742793792,0.656319290465632
0.28787205686361617,0.02576632607729898,0.02665482007996446,0.6597067969791204
0.28660994178235555,0.027765338110165697,0.025974025974025976,0.6596506941334528
0.28851291184327693,0.024487978628673197,0.023597506678539625,0.6634016028495102
0.28936742934051146,0.026469268730372364,0.02243158366980709,0.6617317182593091
0.29280286097451946,0.02548055431381314,0.022351363433169423,0.659365221278498
0.2895204262877442,0.028419182948490232,0.02264653641207815,0.6594138543516874
0.2869105332745703,0.026443367122080213,0.021595416483032173,0.6650506831203173
0.29280070237050043,0.028533801580333626,0.021949078138718173,0.6567164179104478
0.28835164835164834,0.027252747252747254,0.0210989010989011,0.6632967032967033
0.2895667550839965,0.026967285587975242,0.023430592396109638,0.6600353669319187
0.2953941541186891,0.02612931798051373,0.021257750221434897,0.6572187776793623
0.2915015411712902,0.028181417877586965,0.024218405988551298,0.6560986349625716
0.2900763358778626,0.026044005388414906,0.026044005388414906,0.6578356533453076
0.28763440860215056,0.025537634408602152,0.025537634408602152,0.6612903225806451
0.28380782918149466,0.02891459074733096,0.02491103202846975,0.6623665480427047
0.28667262969588553,0.02728085867620751,0.022808586762075134,0.6632379248658319
0.27933450087565675,0.02583187390542907,0.024956217162872153,0.669877408056042
0.27684117125110913,0.027062999112688554,0.022626441881100266,0.673469387755102
0.27486678507992895,0.026198934280639432,0.023090586145648313,0.6758436944937833
0.2819030680302357,0.02578923966207203,0.023121387283236993,0.6691863050244553
0.2776053215077605,0.02394678492239468,0.024390243902439025,0.6740576496674058
0.27859368046283933,0.02358700489541611,0.024922118380062305,0.6728971962616822
0.27765237020316025,0.022573363431151242,0.02618510158013544,0.6735891647855531
0.2781954887218045,0.020787262273330383,0.026536930561698365,0.6744803184431667
0.28053691275167786,0.021029082774049218,0.024608501118568233,0.6738255033557047
0.28245299910474486,0.020143240823634737,0.026410026857654433,0.6709937332139659
0.27740492170022374,0.020134228187919462,0.027293064876957495,0.6751677852348993
0.27425786442179884,0.021710234824988923,0.027470093043863535,0.6765618077093487
0.2734165923282783,0.024531668153434435,0.028545941123996433,0.6735057983942908
0.2750447227191413,0.02146690518783542,0.02728085867620751,0.6762075134168157
0.2777288732394366,0.023327464788732395,0.026848591549295774,0.6720950704225352
0.2830605926581159,0.022556390977443608,0.026094648385670056,0.6682883679787704
0.28471309680245294,0.02146298729741568,0.026281208935611037,0.6675427069645203
0.28893805309734516,0.023008849557522124,0.02831858407079646,0.6597345132743363
0.28311918475852904,0.024368630926007974,0.0256978289765175,0.6668143553389455
0.28131966116807844,0.02541239411502452,0.02541239411502452,0.6678555506018725
0.28067826863007583,0.023650156180276664,0.0249888442659527,0.6706827309236948
0.28476527900797166,0.019929140832595216,0.024800708591674048,0.6705048715677591
0.2936263736263736,0.0210989010989011,0.025054945054945054,0.6602197802197802
0.29451137884872824,0.02320392681838465,0.0249888442659527,0.6572958500669344
0.28936742934051146,0.02332884701659937,0.024674742036787798,0.6626289816061014
0.2878179384203481,0.023650156180276664,0.024096385542168676,0.6644355198572066
0.2942222222222222,0.024,0.021333333333333333,0.6604444444444444
0.29498657117278426,0.022381378692927483,0.023276633840644583,0.6593554162936437
0.2946708463949843,0.02328705776981639,0.02104791759964174,0.6609941782355575
0.2911336568151742,0.02337891486546096,0.022055580061755623,0.6634318482576091
0.28742249778565104,0.023914968999114262,0.023914968999114262,0.6647475642161205
0.28900709219858156,0.025709219858156027,0.02127659574468085,0.6640070921985816
0.29609929078014185,0.02526595744680851,0.024379432624113476,0.6542553191489362
0.29116733244562804,0.02529960053262317,0.0230803373280071,0.6604527296937417
0.2890556045895852,0.02736098852603707,0.023389232127096204,0.6601941747572816
0.2948717948717949,0.025198938992042442,0.022546419098143235,0.6573828470380194
0.30177777777777776,0.02711111111111111,0.022222222222222223,0.6488888888888888
0.2965762561138284,0.027567807914628723,0.0213428190306803,0.6545131169408626
0.28921568627450983,0.026292335115864526,0.021836007130124777,0.6626559714795008
0.28679078014184395,0.026595744680851064,0.02349290780141844,0.6631205673758865
0.28941491737382763,0.029477445288075034,0.023671281822242072,0.6574363555158553
0.2854586129753915,0.030425055928411632,0.024608501118568233,0.6595078299776287
0.28456735057983945,0.029438001784121322,0.024977698483496878,0.6610169491525424
0.28355555555555556,0.03155555555555556,0.02311111111111111,0.6617777777777778
0.28804587560652845,0.031318923687692984,0.022055580061755623,0.658579620644023
0.28520814880425155,0.030558015943312665,0.021700620017714792,0.662533215234721
0.28737170905845605,0.031236055332440876,0.022311468094600623,0.6590807675145025
0.28272484416740873,0.031166518254674976,0.02226179875333927,0.6638468388245771
0.2848324514991182,0.029541446208112873,0.02292768959435626,0.6626984126984127
0.2800710164225477,0.03062583222370173,0.023968042609853527,0.665335108743897
0.2825794894760412,0.029556650246305417,0.021495745633676667,0.6663681146439767
0.2869995501574449,0.027890238416554206,0.01799370220422852,0.6671165092217723
0.28846153846153844,0.02728085867620751,0.015652951699463326,0.6686046511627907
0.28896828941491737,0.02590442161679321,0.0160786065207682,0.6690486824475212
0.2859048465984882,0.02578923966207203,0.0164517563361494,0.6718541574032904
0.28215398308856254,0.02403204272363151,0.01824655095683133,0.6755674232309746
0.2829094154395359,0.025435073627844713,0.020080321285140562,0.6715751896474788
0.2875498449268941,0.023925564909171467,0.01949490474080638,0.669029685423128
0.285136955545577,0.023798832510103278,0.02020655590480467,0.6708576560395151
0.28647925033467203,0.023650156180276664,0.01963409192324855,0.6702365015618028
0.2854586129753915,0.024161073825503355,0.0174496644295302,0.672930648769575
0.28748890860692106,0.024401064773735583,0.01730257320319432,0.6708074534161491
0.2870493991989319,0.02358700489541611,0.016466399643969738,0.6728971962616822
0.28924876293297347,0.02384165542060279,0.017094017094017096,0.6698155645524067
0.28520499108734404,0.023618538324420676,0.017379679144385027,0.6737967914438503
0.2815405046480744,0.02434705621956618,0.02036299247454626,0.6737494466578132
0.28659885006634234,0.026536930561698365,0.017249004865103935,0.6696152145068553
0.28584189370254576,0.026797677534613668,0.018758374274229567,0.668602054488611
0.28596881959910914,0.025835189309576838,0.020489977728285078,0.6677060133630289
0.2808888888888889,0.024444444444444446,0.020888888888888887,0.6737777777777778
0.28488111260655,0.02602063705697622,0.021534320323014805,0.6675639300134589
0.2820968458462905,0.027099067081297203,0.02087960906263883,0.6699244780097734
0.28375387339530767,0.025675077467906152,0.019477644975652943,0.6710934041611333
0.2825311942959002,0.023172905525846704,0.020499108734402853,0.6737967914438503
0.28131966116807844,0.024074899687917966,0.020954079358002677,0.6736513597860009
0.2807794508414526,0.025686448184233834,0.020814880425155006,0.6727192205491586
0.2779510022271715,0.028507795100222718,0.019599109131403118,0.6739420935412027
0.277205553067622,0.02910882221227049,0.020152261531571878,0.6735333631885356
0.27147307521139297,0.028037383177570093,0.022251891410769914,0.678237650200267
0.27615248226950356,0.024822695035460994,0.02171985815602837,0.6773049645390071
0.2803234501347709,0.025606469002695417,0.0220125786163522,0.6720575022461814
0.2795031055900621,0.025732031943212066,0.02129547471162378,0.673469387755102
0.2807250221043324,0.026967285587975242,0.019451812555260833,0.6728558797524314
0.2836153161175423,0.025823686553873553,0.01914514692787177,0.6714158504007124
0.28269662921348315,0.02606741573033708,0.019775280898876403,0.6714606741573034
0.2730544309491678,0.025191183085919926,0.022042285200179937,0.6797121007647323
0.27549668874172184,0.024724061810154525,0.019867549668874173,0.6799116997792495
0.27607361963190186,0.024539877300613498,0.021910604732690624,0.677475898334794
0.2720425343376163,0.024811696942844484,0.022153300841825433,0.6809924678777137
0.2683251888049756,0.02665482007996446,0.024433585073300755,0.6805864060417592
0.27191011235955054,0.027415730337078652,0.023370786516853932,0.6773033707865168
0.2673749446657813,0.02611775121735281,0.02213368747233289,0.684373616644533
0.2727272727272727,0.02616407982261641,0.021286031042128603,0.6798226164079822
0.26441881100266196,0.023957409050576754,0.022182786157941437,0.6894409937888198
0.2646928855501547,0.02209456473707468,0.02209456473707468,0.691117984975696
0.26601423487544484,0.021352313167259787,0.02179715302491103,0.6908362989323843
0.25787838437638705,0.022192632046160676,0.0230803373280071,0.6968486462494452
0.25556544968833483,0.020480854853072127,0.02226179875333927,0.7016918967052538
0.2549194991055456,0.022808586762075134,0.022361359570661897,0.6999105545617174
0.24943820224719102,0.021123595505617977,0.02292134831460674,0.7065168539325842
0.2516703786191537,0.02093541202672606,0.02271714922048998,0.7046770601336303
0.2503311258278146,0.02163355408388521,0.02075055187637969,0.7072847682119205
0.24442462087421946,0.021409455842997322,0.021855486173059768,0.7123104371097234
0.2425588627276766,0.018658374055975122,0.021768103065304308,0.717014660151044
0.24029982363315697,0.02072310405643739,0.02072310405643739,0.7182539682539683
0.2370860927152318,0.022516556291390728,0.019867549668874173,0.7205298013245033
0.23729562527618206,0.0207688908528502,0.019443216968625717,0.722492266902342
0.2475642161204606,0.021257750221434897,0.01948627103631532,0.7116917626217892
0.24922532093846836,0.021691013722886232,0.017264276228419653,0.7118193891102258
0.2545213939126599,0.020291133656815175,0.017203352448169385,0.7079841199823556
0.2564674397859054,0.02007136485280999,0.0191793041926851,0.7042818911685995
0.2518813634351483,0.0199203187250996,0.02080566622399292,0.7073926516157591
0.25220848056537104,0.018992932862190812,0.022084805653710248,0.7067137809187279
0.2491023339317774,0.019748653500897665,0.02423698384201077,0.7069120287253142
0.25,0.018109540636042403,0.023409893992932862,0.7084805653710248
0.2487847989394609,0.018117543084401236,0.023862129916040652,0.7092355280600973
0.2521083000443853,0.018641810918774968,0.0230803373280071,0.7061695517088327
0.24743646901471245,0.01961658493089612,0.021845742309407043,0.7111012037449844
0.24,0.01911111111111111,0.023555555555555555,0.7173333333333334
0.23592017738359203,0.019955654101995565,0.022172949002217297,0.7219512195121951
0.23735581188997337,0.01818988464951198,0.023070097604259095,0.7213842058562555
0.2394491337183474,0.018658374055975122,0.023989338071968014,0.7179031541537094
0.2400890868596882,0.01648106904231626,0.025389755011135856,0.7180400890868597
0.2403376277210129,0.018658374055975122,0.024877832074633496,0.7161261661483785
0.23447344734473446,0.018901890189018902,0.027452745274527453,0.7191719171917191
0.23007654209815398,0.021161638901395767,0.021611886537595677,0.7271499324628545
0.22915737851092288,0.0231832367365136,0.020062416406598307,0.7275969683459652
0.2310405643738977,0.021604938271604937,0.019400352733686066,0.7279541446208113
0.22910216718266255,0.022556390977443608,0.019460415745245468,0.7288810260946483
0.2272120942641174,0.022232103156958647,0.01956425077812361,0.7309915518008003
0.23187108325872874,0.025962399283795883,0.019247985675917637,0.7229185317815577
0.22741573033707865,0.025617977528089888,0.019775280898876403,0.7271910112359551
0.2215218370103557,0.024763619990995047,0.01891040072039622,0.7348041422782531
0.22969941677882458,0.02602063705697622,0.01704800358905339,0.7272319425751458
0.2301123595505618,0.025617977528089888,0.019775280898876403,0.724494382022472
0.23327386262265834,0.02408563782337199,0.02096342551293488,0.7216770740410348
0.23179396092362345,0.022202486678507993,0.020870337477797513,0.7251332149200711
0.2323008849557522,0.02256637168141593,0.018584070796460177,0.7265486725663717
0.22857142857142856,0.024553571428571428,0.017410714285714286,0.7294642857142857
0.23485183547103053,0.023883237505528527,0.018575851393188854,0.7226890756302521
0.23843416370106763,0.023576512455516015,0.017793594306049824,0.7201957295373665
0.23873270861222667,0.022757697456492636,0.019187862561356538,0.7193217313699242
0.2319542253521127,0.023327464788732395,0.023767605633802816,0.7209507042253521
0.23156012516763522,0.025033527045149755,0.024586499776486366,0.7188198480107286
0.23991130820399112,0.02483370288248337,0.02261640798226164,0.7126385809312639
0.24412937527691625,0.02303943287549845,0.020824102791315906,0.7120070890562694
0.24261414503133394,0.022829006266786033,0.020143240823634737,0.7144136078782453
0.23921742996887504,0.024455313472654512,0.01956425077812361,0.7167630057803468
0.2352156514006225,0.02401067140951534,0.019119608714984436,0.7216540684748777
0.23474801061007958,0.02564102564102564,0.021662245800176835,0.717948717948718
0.23053097345132742,0.02654867256637168,0.02079646017699115,0.7221238938053097
0.22439024390243903,0.02350332594235033,0.020399113082039913,0.7317073170731707
0.22855879752431477,0.025198938992042442,0.020335985853227233,0.7259062776304156
0.23063223508459482,0.025823686553873553,0.020480854853072127,0.7230632235084595
0.23018360949395433,0.02373488580385132,0.020600089565606806,0.7254814151365876
0.2322695035460993,0.02526595744680851,0.020390070921985817,0.7220744680851063
0.23145665773011617,0.02770330652368186,0.02100089365504915,0.7198391420911529
0.22978347326557666,0.025187803800265134,0.021652673442333185,0.723376049491825
0.2327127659574468,0.022606382978723406,0.022606382978723406,0.7220744680851063
0.2294792586054722,0.02294792586054722,0.026037069726390114,0.7215357458075905
0.23610493552690084,0.023566029346376166,0.028901734104046242,0.7114273010226767
0.23513634331694233,0.022351363433169423,0.02637460885113992,0.7161376843987484
0.2328278322925959,0.0231935771632471,0.027653880463871544,0.7163247100802854
0.23256860098965362,0.022941970310391364,0.026540710751237068,0.717948717948718
0.22855879752431477,0.022104332449160036,0.026967285587975242,0.7223695844385499
0.23425803610744167,0.02025539409951563,0.025979744605900485,0.7195068251871423
0.22910216718266255,0.020787262273330383,0.026094648385670056,0.724015922158337
0.22896368467670505,0.019929140832595216,0.027900797165633304,0.7232063773250664
0.23248549754573852,0.022311468094600623,0.027666220437304774,0.7175368139223561
0.2296756996890271,0.02265659706796979,0.02798756108396268,0.7196801421590404
0.23324514991181658,0.021164021164021163,0.0291005291005291,0.7164902998236331
0.22900088417329797,0.020778072502210435,0.02961980548187445,0.7206012378426172
0.23203194321206744,0.019520851818988466,0.027950310559006212,0.7204968944099379
0.22943530457981326,0.021787461093819474,0.026678523788350377,0.7220987105380169
0.22707034728406056,0.020926090828138913,0.02804986642920748,0.723953695458593
0.227921498661909,0.02230151650312221,0.027207850133809098,0.7225691347011597
0.22583479789103691,0.02328646748681898,0.028119507908611598,0.7227592267135325
0.22351363433169424,0.024586499776486366,0.027715690657130084,0.7241841752346894
0.22036953582694907,0.023884632717440287,0.028391167192429023,0.7273546642631816
0.21816562778272486,0.020926090828138913,0.031166518254674976,0.7297417631344613
0.2210944395410415,0.02030008826125331,0.027802294792586054,0.7308031774051191
0.22027027027027027,0.01981981981981982,0.02702702702702703,0.7328828828828828
0.21554770318021202,0.020318021201413426,0.028268551236749116,0.7358657243816255
0.21912350597609562,0.021248339973439574,0.02877379371403276,0.730854360336432
0.22311827956989247,0.023297491039426525,0.027777777777777776,0.7258064516129032
0.2243362831858407,0.024336283185840708,0.02743362831858407,0.7238938053097345
0.21980461811722912,0.02664298401420959,0.02575488454706927,0.727797513321492
0.2185430463576159,0.026048565121412803,0.024282560706401765,0.7311258278145696
0.22670250896057348,0.025537634408602152,0.0246415770609319,0.7231182795698925
0.22168356104010578,0.0251211987659762,0.0246804759806082,0.7285147642133099
0.22246891651865008,0.025310834813499113,0.02486678507992895,0.7273534635879219
0.2196969696969697,0.024955436720142603,0.024509803921568627,0.7308377896613191
0.22448979591836735,0.022626441881100266,0.027062999112688554,0.7258207630878438
0.22850877192982455,0.02324561403508772,0.02631578947368421,0.7219298245614035
0.22315510384445428,0.024304021210782147,0.024745912505523642,0.7277949624392399
0.22606382978723405,0.02171985815602837,0.024822695035460994,0.7273936170212766
0.23149394347240915,0.02602063705697622,0.02332884701659937,0.7191565724540152
0.22753687974966472,0.02592758158247653,0.024586499776486366,0.7219490388913724
0.22838137472283815,0.02616407982261641,0.025277161862527715,0.7201773835920178
0.226890756302521,0.02565236620964175,0.023883237505528527,0.7235736399823087
0.23063302346170872,0.027445772465692783,0.02434705621956618,0.7175741478530323
0.22953736654804271,0.02891459074733096,0.023131672597864767,0.7184163701067615
0.22549019607843138,0.03208556149732621,0.022727272727272728,0.7196969696969697
0.2222222222222222,0.03155555555555556,0.020444444444444446,0.7257777777777777
0.22536456031816174,0.03049049933716306,0.020326999558108707,0.7238179407865665
0.22508896797153025,0.02891459074733096,0.019572953736654804,0.7264234875444839
0.2355575459023735,0.026869682042095836,0.019256605463502014,0.7183161665920287
0.2287756925826631,0.027256478999106343,0.02100089365504915,0.7229669347631814
0.22290748898678414,0.023348017621145373,0.022026431718061675,0.7317180616740088
0.22493345164152617,0.023513753327417924,0.021739130434782608,0.7298136645962733
0.22257336343115125,0.02347629796839729,0.023927765237020317,0.7300225733634311
0.22977777777777778,0.02266666666666667,0.024444444444444446,0.7231111111111111
0.22626441881100265,0.022626441881100266,0.022182786157941437,0.7289263531499557
0.22266489597166889,0.02257636122177955,0.021691013722886232,0.7330677290836654
0.2291296625222025,0.02486678507992895,0.022202486678507993,0.7238010657193605
0.22995126273814798,0.024368630926007974,0.021267168808152416,0.7244129375276916
0.22931338028169015,0.02464788732394366,0.018045774647887324,0.7279929577464789
0.2329192546583851,0.025288376220053237,0.01818988464951198,0.7236024844720497
0.23557904007045355,0.02686041391457508,0.01805372082782915,0.7195068251871423
0.23435419440745672,0.02929427430093209,0.018197958277851752,0.7181535730137595
0.23756660746003552,0.02975133214920071,0.017317939609236235,0.7153641207815276
0.23247559893522626,0.030168589174800354,0.018633540372670808,0.7187222715173026
0.23151837096060204,0.029659141212926073,0.02036299247454626,0.7184594953519257
0.23056537102473498,0.029151943462897525,0.024734982332155476,0.715547703180212
0.2303595206391478,0.02885042166000888,0.024411895250776743,0.7163781624500666
0.22778025904421617,0.03171058508262617,0.02188476998660116,0.7186243858865565
0.2250559284116331,0.030425055928411632,0.02058165548098434,0.7239373601789709
0.2204968944099379,0.030612244897959183,0.019077196095829637,0.7298136645962733
0.22376060741402412,0.0321572130415364,0.02009825815096025,0.7239839213934792
0.22781456953642384,0.03090507726269316,0.02119205298013245,0.7200883002207505
0.22570671378091872,0.03180212014134275,0.021643109540636044,0.7208480565371025
0.2233570159857904,0.03019538188277087,0.023534635879218474,0.7229129662522202
0.2276605298607993,0.030534351145038167,0.02334979793444095,0.7184553210597217
0.22711111111111112,0.029777777777777778,0.024444444444444446,0.7186666666666667
0.22579205711735834,0.028112449799196786,0.022757697456492636,0.7233377956269522
0.2233661593554163,0.02685765443151298,0.024171888988361683,0.7256042972247091
0.22931654676258992,0.025629496402877698,0.025179856115107913,0.7198741007194245
0.22582076308784382,0.025288376220053237,0.026175687666370896,0.7227151730257321
0.2322380106571936,0.023978685612788632,0.023090586145648313,0.7206927175843695
0.23249669749009247,0.024658740642888595,0.022016732716864818,0.7208278291501541
0.23012367491166077,0.022526501766784453,0.021643109540636044,0.7257067137809188
0.22725274725274724,0.02241758241758242,0.02197802197802198,0.7283516483516483
0.23073516386182463,0.021257750221434897,0.02037201062887511,0.7276350752878654
0.2344095532950022,0.022998673153471916,0.019902697921273773,0.7226890756302521
0.2329136690647482,0.022482014388489208,0.01843525179856115,0.7261690647482014
0.236983842010772,0.02199281867145422,0.017055655296229804,0.723967684021544
0.2415806017063314,0.022900763358778626,0.01661427929950606,0.7189043556353839
0.24234354194407456,0.02130492676431425,0.017310252996005325,0.7190412782956058
0.24153101627804663,0.02067751869775627,0.01891772987241531,0.7188737351517818
0.24422735346358793,0.02264653641207815,0.019982238010657193,0.7131438721136767
0.24788230049041463,0.02229157378510923,0.020954079358002677,0.7088720463664735
0.24457244129375277,0.021710234824988923,0.021267168808152416,0.7124501550731059
0.24272279444693237,0.019704433497536946,0.02283922973578146,0.7147335423197492
0.2528014343343792,0.01927386822052891,0.023756163155535633,0.7041685342895563
0.24525805028672254,0.018967798853109837,0.0211733568592854,0.7146007940008823
0.24699599465954605,0.01913662661326213,0.021806853582554516,0.7120605251446372
0.24478935698447893,0.01862527716186253,0.023059866962305987,0.7135254988913525
0.2514567458538772,0.021515015688032272,0.019722097714029583,0.707306140744061
0.24955357142857143,0.019642857142857142,0.01830357142857143,0.7125
0.24956063268892795,0.020650263620386643,0.01757469244288225,0.7122144112478032
0.25201432408236346,0.019695613249776187,0.017905102954341987,0.7103849597135183
0.24597495527728086,0.01967799642218247,0.018336314847942754,0.7160107334525939
0.24854194706146254,0.01973979362943024,0.02063705697622252,0.7110812023328847
0.23862622658340768,0.01873327386262266,0.020517395182872437,0.7221231043710973
0.24049513704686118,0.020335985853227233,0.020778072502210435,0.7183908045977011
0.24074899687917967,0.021845742309407043,0.020954079358002677,0.7164511814534106
0.23484848484848486,0.023618538324420676,0.021836007130124777,0.7196969696969697
0.23222958057395143,0.02384105960264901,0.022958057395143488,0.720971302428256
0.2320637732506643,0.023914968999114262,0.022586359610274578,0.7214348981399469
0.23992917220008853,0.02434705621956618,0.023461708720672863,0.7122620628596724
0.23763250883392226,0.02429328621908127,0.023409893992932862,0.7146643109540636
0.24463327370304114,0.02370304114490161,0.02101967799642218,0.710644007155635
0.24425795053003532,0.022526501766784453,0.021643109540636044,0.7115724381625441
0.24635117204776646,0.023883237505528527,0.021229544449358692,0.7085360459973463
0.24697445091887046,0.02330793366203496,0.021963245181532944,0.7077543702375616
0.2399647110719012,0.02293780326422585,0.020291133656815175,0.7168063520070578
0.24044444444444443,0.024,0.021333333333333333,0.7142222222222222
0.24128804587560654,0.024261138067931187,0.020291133656815175,0.7141596823996471
0.2430647291941876,0.02509907529722589,0.02025539409951563,0.7115808014090709
0.2453580901856764,0.02475685234305924,0.020778072502210435,0.7091069849690539
0.2575088339222615,0.023851590106007067,0.02120141342756184,0.6974381625441696
0.25275694750771943,0.024261138067931187,0.021614468460520512,0.7013674459638288
0.2559576345984113,0.02294792586054722,0.02206531332744925,0.6990291262135923
