C,D,Oc,Od
0.0,0.0,0.0,1.0
0.0,0.0,0.6666666666666666,0.3333333333333333
0.0,0.0,0.5,0.5
0.0,0.0,0.4166666666666667,0.5833333333333334
0.0,0.0,0.5,0.5
0.0625,0.0,0.46875,0.46875
0.11904761904761904,0.0,0.35714285714285715,0.5238095238095238
0.125,0.0,0.328125,0.546875
0.15555555555555556,0.0,0.32222222222222224,0.5222222222222223
0.16666666666666666,0.0,0.3,0.5333333333333333
0.18674698795180722,0.012048192771084338,0.29518072289156627,0.5060240963855421
0.22119815668202766,0.013824884792626729,0.2672811059907834,0.4976958525345622
0.2537313432835821,0.011194029850746268,0.25,0.48507462686567165
0.2826747720364742,0.0060790273556231,0.23404255319148937,0.47720364741641336
0.3106060606060606,0.0025252525252525255,0.23232323232323232,0.45454545454545453
0.3333333333333333,0.010101010101010102,0.2404040404040404,0.4161616161616162
0.35213675213675216,0.011965811965811967,0.22735042735042735,0.40854700854700854
0.3511988716502116,0.019746121297602257,0.22143864598025387,0.4076163610719323
0.34987593052109184,0.028535980148883373,0.22580645161290322,0.3957816377171216
0.35356762513312034,0.03727369542066028,0.22257720979765708,0.3865814696485623
0.3550185873605948,0.039962825278810406,0.2211895910780669,0.38382899628252787
0.3540630182421227,0.04643449419568822,0.2230514096185738,0.37645107794361526
0.35822021116138764,0.049019607843137254,0.2239819004524887,0.36877828054298645
0.35807560137457045,0.056357388316151204,0.2261168384879725,0.35945017182130584
0.34714375392341495,0.0583804143126177,0.23163841807909605,0.3628374136848713
0.3434049970947124,0.06159209761766415,0.22545031958163858,0.36955258570598487
0.34390377255330784,0.06998359759431383,0.2241662110442865,0.36194641880809186
0.34787123572170303,0.06905503634475597,0.22533748701973,0.357736240913811
0.3400301356102461,0.07533902561526871,0.23154193872425916,0.35308890005022603
0.34341048653755313,0.07605101558809636,0.22862541332073688,0.3519130845536136
0.3392193308550186,0.08224907063197026,0.23605947955390336,0.3424721189591078
0.3340971585701192,0.08340971585701192,0.22868927589367552,0.3538038496791934
0.33708370837083707,0.08280828082808281,0.22637263726372636,0.35373537353735374
0.3389604620168814,0.08573967125721901,0.22878720568636163,0.346512661039538
0.3331860362350862,0.08926204153778171,0.22801590808661068,0.34953601414052143
0.33169861792242533,0.09407044137316095,0.21934908604547482,0.3548818546589389
0.3371732388125831,0.09304386353566682,0.22330527248560036,0.34647762516614977
0.33495790872840053,0.08994240141781125,0.22463447053610988,0.3504652193176783
0.34017467248908295,0.0925764192139738,0.2187772925764192,0.34847161572052404
0.3354064860062195,0.09462461128387384,0.2252332296756997,0.34473567303420705
0.33509003074220467,0.09705753184014053,0.22397891963109354,0.3438735177865613
0.33994708994708994,0.09523809523809523,0.2208994708994709,0.3439153439153439
0.34057649667405765,0.10022172949002217,0.22305986696230598,0.33614190687361417
0.33245498462889767,0.103645147123408,0.21958717610891523,0.3443126921387791
0.3333333333333333,0.10493827160493827,0.21472663139329806,0.34700176366843033
0.33758802816901406,0.1113556338028169,0.21038732394366197,0.34066901408450706
0.3299469964664311,0.11793286219081273,0.2053886925795053,0.3467314487632509
0.3287488908606921,0.1188997338065661,0.21029281277728482,0.34205856255545697
0.32760141093474426,0.12037037037037036,0.21296296296296297,0.3390652557319224
0.32722396066160037,0.124273580688422,0.2096557890031292,0.33884666964684845
0.3232189973614776,0.12708883025505716,0.21591908531222515,0.3337730870712401
0.3208955223880597,0.1286215978928885,0.21597892888498682,0.334503950834065
0.32038834951456313,0.13150926743159752,0.2087378640776699,0.3393645189761695
0.31800088456435205,0.12870411322423705,0.21141088014153028,0.34188412206988056
0.32043956043956046,0.13494505494505493,0.2087912087912088,0.33582417582417584
0.31757950530035334,0.13869257950530034,0.20892226148409895,0.33480565371024734
0.3147007042253521,0.1386443661971831,0.20862676056338028,0.3380281690140845
0.31844316674038037,0.13710747456877487,0.205218929677134,0.33923042901371075
0.3157894736842105,0.13666519239274658,0.20831490490933216,0.33923042901371075
0.31330092797171893,0.13742819266460451,0.20592134334953602,0.34334953601414053
0.31732040546496254,0.14059056853239313,0.20317320405464961,0.3389158219479947
0.31623175586023883,0.1384343210968598,0.20610349402919062,0.33923042901371075
0.31906443071491614,0.14607237422771405,0.20344218887908208,0.33142100617828774
0.3170194003527337,0.14506172839506173,0.2037037037037037,0.3342151675485009
0.32033673017279574,0.15108551174124946,0.20159503766061143,0.3269827204253434
0.3219964664310954,0.1515017667844523,0.2045053003533569,0.3219964664310954
0.3222811671087533,0.14809902740937222,0.20822281167108753,0.3213969938107869
0.3134394341290893,0.14942528735632185,0.21043324491600354,0.3267020335985853
0.3145268769435806,0.1514882274544647,0.2070191026210573,0.3269657929808974
0.31313131313131315,0.14448836187966624,0.21212121212121213,0.3302591128678085
0.30933333333333335,0.15066666666666667,0.2111111111111111,0.3288888888888889
0.3087719298245614,0.15087719298245614,0.21096491228070174,0.3293859649122807
0.30524922805469784,0.15041905602117336,0.21658579620644022,0.32774591971768857
0.3058771148708816,0.1527159394479074,0.20970614425645592,0.3317008014247551
0.3059239610963749,0.15517241379310345,0.21087533156498675,0.3280282935455349
0.31070956368444247,0.15954164830321726,0.2093433230498017,0.3204054649625386
0.31025299600532624,0.15889924545051043,0.20994229915667997,0.3209054593874834
0.3115264797507788,0.15398308856252782,0.207832665776591,0.32665776591010237
0.3123885918003565,0.15062388591800357,0.20989304812834225,0.3270944741532977
0.31010145566828407,0.15350683722981914,0.2086457873842082,0.32774591971768857
0.31114070128717264,0.1513537505548158,0.20594762538837105,0.33155792276964047
0.30407801418439717,0.15469858156028368,0.2047872340425532,0.33643617021276595
0.30971479500891264,0.15597147950089127,0.20098039215686275,0.3333333333333333
0.30613145125716806,0.15791795324217026,0.20291133656815175,0.3330392589325099
0.3063811188811189,0.15996503496503497,0.20148601398601398,0.3321678321678322
0.31046770601336304,0.16080178173719376,0.2,0.3287305122494432
0.30417582417582417,0.16263736263736264,0.2,0.3331868131868132
0.29973238180196254,0.16101694915254236,0.20695807314897413,0.33229259589652094
0.3,0.1631578947368421,0.2026315789473684,0.33421052631578946
0.2978817299205649,0.1646072374227714,0.205648720211827,0.3318623124448367
0.29934065934065934,0.16703296703296702,0.2043956043956044,0.3292307692307692
0.2997792494481236,0.16335540838852097,0.20927152317880796,0.3275938189845475
0.2950530035335689,0.16651943462897525,0.2058303886925795,0.3325971731448763
0.2910777385159011,0.17402826855123674,0.20759717314487633,0.32729681978798586
0.2914462081128748,0.17680776014109348,0.20987654320987653,0.3218694885361552
0.2914462081128748,0.167989417989418,0.21164021164021163,0.3289241622574956
0.29736959429335713,0.1645118145341061,0.20731163620151583,0.330806954971021
0.2996887505558026,0.16229435304579815,0.20364606491774123,0.33437083148065805
0.3053097345132743,0.17345132743362832,0.19690265486725664,0.32433628318584073
0.30643015521064304,0.17605321507760532,0.19379157427937915,0.3237250554323725
0.30533333333333335,0.17377777777777778,0.19466666666666665,0.32622222222222225
0.295146480104941,0.17971141233056406,0.1985133362483603,0.32662877131613466
0.29346866725507503,0.18932038834951456,0.19593998234774934,0.3212709620476611
0.2889867841409692,0.18502202643171806,0.19779735682819383,0.32819383259911894
0.28741197183098594,0.18705985915492956,0.19762323943661972,0.3279049295774648
0.28634167764602547,0.1932367149758454,0.1971892841458059,0.32323232323232326
0.28292682926829266,0.19379157427937915,0.19955654101995565,0.3237250554323725
0.28502202643171803,0.19515418502202644,0.1960352422907489,0.3237885462555066
0.2884699693117054,0.19421306444541866,0.19421306444541866,0.32310390179745724
0.28314310798946446,0.19754170324846357,0.20105355575065847,0.3182616330114135
0.2866578599735799,0.19903126376045796,0.1955085865257596,0.3188022897402025
0.2812083518436251,0.2025766326077299,0.19235895157707686,0.3238560639715682
0.27723649247121346,0.20372010628875112,0.19264836138175376,0.32639503985828167
0.2798226164079823,0.19556541019955653,0.19556541019955653,0.32904656319290465
0.27568042142230026,0.20061457418788411,0.19271290605794555,0.33099209833187004
0.2785428698356286,0.20346512661039537,0.1874722345624167,0.3305197689915593
0.2803532008830022,0.20264900662251656,0.1902869757174393,0.32671081677704195
0.28408091468777485,0.20008795074758134,0.1868953386103782,0.3289357959542656
0.28010586678429644,0.20026466696074108,0.18835465372739302,0.33127481252756946
0.27994676131322094,0.19831410825199644,0.19032830523513752,0.3314108251996451
0.27177242888402625,0.19693654266958424,0.1899343544857768,0.3413566739606127
0.2688927943760984,0.1999121265377856,0.19024604569420034,0.3409490333919156
0.27881205673758863,0.20345744680851063,0.1848404255319149,0.3328900709219858
0.2803904170363798,0.20896184560780834,0.18322981366459629,0.32741792369121564
0.27268722466960355,0.20176211453744494,0.18898678414096917,0.3365638766519824
0.27477876106194693,0.20486725663716815,0.18716814159292036,0.3331858407079646
0.2695883134130146,0.199203187250996,0.19389110225763612,0.33731739707835323
0.27041499330655955,0.2039268183846497,0.19053993752788934,0.3351182507809014
0.26746242263483644,0.20512820512820512,0.1927497789566755,0.33465959328028294
0.2674107142857143,0.2,0.19330357142857144,0.3392857142857143
0.2717247463608293,0.1980591089545655,0.19276576973974416,0.3374503749448611
0.2703768624014023,0.2002629272567923,0.1971954425942156,0.33216476774758985
0.26713843432109685,0.2043343653250774,0.19814241486068113,0.33038478549314465
0.26720285969615726,0.20509383378016086,0.20107238605898123,0.3266309204647006
0.26325088339222613,0.21024734982332155,0.20759717314487633,0.31890459363957596
0.2671654929577465,0.20818661971830985,0.20862676056338028,0.3160211267605634
0.2619257950530035,0.2067137809187279,0.21068904593639576,0.3206713780918728
0.2592756183745583,0.21333922261484098,0.21333922261484098,0.31404593639575973
0.2582781456953642,0.21280353200883,0.21280353200883,0.3161147902869757
0.2623456790123457,0.21075837742504408,0.21340388007054673,0.3134920634920635
0.262071992976295,0.21466198419666374,0.21466198419666374,0.3086040386303775
0.26663747810858146,0.2158493870402802,0.21541155866900175,0.3021015761821366
0.26593406593406593,0.2145054945054945,0.21802197802197804,0.30153846153846153
0.27091633466135456,0.21204072598494908,0.21691013722886232,0.300132802124834
0.27236492471213464,0.21257750221434898,0.21479185119574845,0.30026572187776795
0.2790492957746479,0.20950704225352113,0.21390845070422534,0.2975352112676056
0.2809335094671951,0.21400264200792601,0.21224130339057684,0.29282254513430206
0.28138913624220835,0.20658949243098843,0.2163846838824577,0.2956366874443455
0.2884955752212389,0.20353982300884957,0.21327433628318584,0.29469026548672567
0.28350287483414416,0.20566121185316233,0.210968597965502,0.2998673153471915
0.2905494505494505,0.20747252747252748,0.20747252747252748,0.2945054945054945
0.29313380281690143,0.20950704225352113,0.21170774647887325,0.28565140845070425
0.2943530457981325,0.20987105380168963,0.21164962205424634,0.2841262783459315
0.30128489144882586,0.20824102791315907,0.2108994240141781,0.27957465662383696
0.2932799287939475,0.20427236315086783,0.2113929684023142,0.2910547396528705
0.2929203539823009,0.20707964601769913,0.21194690265486726,0.28805309734513274
0.2984014209591474,0.19982238010657194,0.2100355239786856,0.291740674955595
0.3045798132503335,0.2009782125389062,0.2058692752334371,0.28857269897732324
0.3037300177619893,0.20781527531083482,0.20648312611012434,0.28197158081705154
0.29417040358744395,0.2085201793721973,0.21210762331838565,0.2852017937219731
0.2972122302158273,0.20818345323741008,0.20908273381294964,0.28552158273381295
0.30608618391825854,0.21101732563305198,0.20657485561972458,0.2763216348289649
0.3067484662576687,0.21340929009640666,0.2085889570552147,0.2712532865907099
0.30837004405286345,0.20969162995594715,0.20616740088105726,0.2757709251101322
0.31013215859030835,0.21013215859030837,0.20881057268722467,0.2709251101321586
0.31299385425812115,0.208955223880597,0.21290605794556627,0.26514486391571557
0.3136645962732919,0.21029281277728482,0.21694764862466726,0.259094942324756
0.30823737821080605,0.21434898139946856,0.2174490699734278,0.2599645704162976
0.3113456464379947,0.2119613016710642,0.2119613016710642,0.2647317502198769
0.3056169836355595,0.2184873949579832,0.210968597965502,0.2649270234409553
0.3042142230026339,0.21422300263388938,0.2177348551360843,0.26382791922739246
0.3021015761821366,0.22110332749562173,0.21409807355516638,0.2626970227670753
0.30667255855059655,0.22448077772867875,0.21034025629695094,0.25850640742377373
0.30543382997370727,0.22348816827344434,0.21340929009640666,0.25766871165644173
0.2979842243645925,0.2283085013146363,0.21297107800175286,0.2607361963190184
0.2976929902395741,0.22892635314995563,0.21694764862466726,0.25643300798580304
0.29390840373499333,0.22987994664295242,0.21431747443308136,0.2618941751889729
0.29590488771466317,0.22280933509467196,0.2170849845882871,0.26420079260237783
0.29225978647686834,0.22998220640569395,0.2166370106761566,0.2611209964412811
0.29528426619656234,0.22741295724988983,0.21815777875716175,0.25914499779638606
0.30279232111692844,0.22731239092495636,0.21291448516579406,0.2569808027923211
0.30887521968365556,0.218804920913884,0.21045694200351495,0.2618629173989455
0.31007067137809186,0.21554770318021202,0.21643109540636044,0.2579505300353357
0.31438721136767317,0.21047957371225579,0.21536412078152753,0.25976909413854354
0.3140096618357488,0.20948616600790515,0.21519543258673693,0.26130873956960915
0.30962897526501765,0.2137809187279152,0.2151060070671378,0.26148409893992935
0.31398416886543534,0.20932277924362358,0.22031662269129287,0.2563764291996482
0.3133599644917887,0.21793164669329781,0.20994229915667997,0.25876608965823344
0.31613756613756616,0.21869488536155202,0.20238095238095238,0.26278659611992944
0.32207907596623725,0.21279431363838294,0.20613060861839183,0.258996001776988
0.32082060235704934,0.20907900480139677,0.20646006110868617,0.2636403317328677
0.3199470432480141,0.20653133274492497,0.2118270079435128,0.2616946160635481
0.3076580587711487,0.21326803205699021,0.21015138023152272,0.26892252894033836
0.3090909090909091,0.21286031042128603,0.2075388026607539,0.270509977827051
0.30922803904170365,0.21073646850044367,0.2111801242236025,0.2688553682342502
0.31235955056179776,0.21483146067415732,0.21123595505617979,0.26157303370786517
0.3120284065690191,0.21748779405237462,0.20639147802929428,0.26409232134931204
0.3088170137350465,0.21488701816570668,0.20779796189632255,0.26849800620292424
0.3060133630289532,0.21247216035634744,0.20801781737193764,0.2734966592427617
0.30630233583076244,0.2150727192595857,0.20625826355222565,0.2723666813574262
0.30600613765892154,0.21832529592284086,0.21131082858395442,0.26435773783428324
0.30216144684605206,0.21967357741508603,0.2192324658138509,0.25893250992501105
0.3027360988526037,0.21977052074139453,0.21888790820829657,0.2586054721977052
0.29732103645147123,0.21870882740447958,0.21826965305226176,0.26570048309178745
0.29080510338759347,0.225692916849978,0.22261328640563133,0.2608886933567972
0.29390840373499333,0.2223210315695865,0.22054246331702979,0.2632281013783904
0.2946150422785937,0.21940364931019138,0.22162883845126835,0.2643524699599466
0.2917960088691796,0.22926829268292684,0.21685144124168515,0.2620842572062084
0.30071174377224197,0.22464412811387902,0.21752669039145908,0.2571174377224199
0.29484354341119434,0.22168356104010578,0.21727633318642575,0.2661965623622741
0.2927689594356261,0.2275132275132275,0.21516754850088182,0.26455026455026454
0.291740674955595,0.23179396092362345,0.21314387211367672,0.2633214920071048
0.29391151992991676,0.22470433639947437,0.21419185282522996,0.2671922908453789
0.29810656098634963,0.21972699251431088,0.21488331131660063,0.2672831351827389
0.2955665024630542,0.21898790864308107,0.22033139274518584,0.2651141961486789
0.2920353982300885,0.22168141592920354,0.22389380530973452,0.26238938053097344
0.2960497114957834,0.2272525521526853,0.21926320461606746,0.2574345317354638
0.297273526824978,0.22207563764291996,0.22251539138082674,0.25813544415127526
0.2906772207563764,0.2264731750219877,0.227792436235708,0.25505716798592787
0.2921099290780142,0.22606382978723405,0.2322695035460993,0.2495567375886525
0.2983400628084343,0.23059668012561688,0.22296994167788245,0.2480933153880664
0.2971677559912854,0.2357298474945534,0.22135076252723312,0.2457516339869281
0.2934105075690116,0.2288512911843277,0.2319679430097952,0.24577025823686555
0.29516200621393696,0.23612960497114957,0.22592099422991566,0.2427873945849978
0.29365079365079366,0.23633156966490299,0.22486772486772486,0.24514991181657847
0.29553415061295973,0.23642732049036777,0.22723292469352013,0.24080560420315236
0.2920704845814978,0.23744493392070484,0.22555066079295155,0.24493392070484582
0.2912234042553192,0.2393617021276596,0.22296099290780141,0.24645390070921985
0.2871024734982332,0.23719081272084805,0.22614840989399293,0.2495583038869258
0.2881578947368421,0.23771929824561402,0.2267543859649123,0.24736842105263157
0.2860938883968113,0.23472099202834368,0.22807794508414525,0.25110717449069975
0.2875441696113074,0.23895759717314488,0.2310070671378092,0.24249116607773852
0.29576837416481067,0.23474387527839644,0.22806236080178174,0.24142538975501113
0.29103815439219166,0.2284826974267968,0.23247559893522626,0.24800354924578527
0.2906057945566286,0.23529411764705882,0.22783143107989465,0.2462686567164179
0.29365079365079366,0.23412698412698413,0.22663139329805995,0.24559082892416226
0.2908770383428823,0.24063464081092992,0.22080211546936976,0.24768620537681799
0.2953436807095344,0.2319290465631929,0.21951219512195122,0.2532150776053215
0.293569844789357,0.23148558758314855,0.22084257206208427,0.2541019955654102
0.28646060078363084,0.23639529821506314,0.22464083587287767,0.2525032651284284
0.28558797524314766,0.23872679045092837,0.22192749778956675,0.2537577365163572
0.28257042253521125,0.24119718309859156,0.22711267605633803,0.24911971830985916
0.28609625668449196,0.23172905525846701,0.22727272727272727,0.2549019607843137
0.29162956366874443,0.22707034728406056,0.2252894033837934,0.2560106856634016
0.29513274336283185,0.2261061946902655,0.22920353982300884,0.24955752212389382
0.29012345679012347,0.2279541446208113,0.2275132275132275,0.25440917107583777
0.29342105263157897,0.22543859649122808,0.22456140350877193,0.2565789473684211
0.29814487632508835,0.22924028268551236,0.22570671378091872,0.24690812720848057
0.29768659973810563,0.22566564818856394,0.22391968572675688,0.2527280663465735
0.3074547860608734,0.22717247463608292,0.22011468901632114,0.24525805028672254
0.30030959752321984,0.2251216275984078,0.21804511278195488,0.2565236620964175
0.29853398489560196,0.22745446468236338,0.22256774766770324,0.2514438027543314
0.3010136624063464,0.22520934332304982,0.2260907888937858,0.24768620537681799
0.3034934497816594,0.2240174672489083,0.22358078602620088,0.24890829694323144
0.2998236331569665,0.2239858906525573,0.22178130511463845,0.25440917107583777
0.30144800351031154,0.2250987275120667,0.21763931548924967,0.2558139534883721
0.29316389132340054,0.22655565293602103,0.22436459246275198,0.25591586327782645
0.2903795233892321,0.22462488967343336,0.22859664607237423,0.2563989408649603
0.294351279788173,0.2321270962047661,0.21624007060900266,0.25728155339805825
0.2957060646303674,0.22709163346613545,0.21691013722886232,0.2602921646746348
0.28742780986228345,0.2363394047090182,0.21679253665037762,0.2594402487783207
0.28634555899248787,0.23729562527618206,0.2209456473707468,0.2554131683605833
0.2859025032938076,0.23847167325428195,0.2235397452788757,0.2520860781730347
0.29201588001764445,0.23026025584472873,0.2227613586237318,0.254962505513895
0.29367866549604915,0.23046532045654083,0.22695346795434593,0.2489025460930641
0.29036515618125824,0.22525296964364278,0.2300923889133304,0.2542894852617686
0.29196428571428573,0.23169642857142858,0.22142857142857142,0.25491071428571427
0.29615048118985127,0.2327209098862642,0.2226596675415573,0.2484689413823272
0.2961487383798141,0.2288623284639221,0.22487826471890218,0.2501106684373617
0.29164825452938575,0.23066725585505965,0.22492266902342023,0.2527618205921343
0.2960176991150443,0.2234513274336283,0.22212389380530972,0.2584070796460177
0.2946666666666667,0.2248888888888889,0.22444444444444445,0.256
0.2850155624722099,0.2334370831480658,0.22054246331702979,0.26100489106269453
0.2813186813186813,0.23604395604395603,0.21626373626373627,0.2663736263736264
0.27994676131322094,0.23691215616681455,0.2204968944099379,0.2626441881100266
0.2724485326325011,0.24003504161191414,0.21681997371879105,0.2706964520367937
0.2722880983750549,0.23451910408432147,0.21870882740447958,0.27448397013614406
0.27169646750981247,0.23593545573484517,0.22023549934583514,0.2721325774095072
0.27636849132176233,0.2385402759234535,0.22162883845126835,0.2634623943035158
0.2767543859649123,0.2381578947368421,0.22236842105263158,0.262719298245614
0.2807017543859649,0.23421052631578948,0.225,0.2600877192982456
0.27669039145907476,0.23443060498220641,0.2206405693950178,0.2682384341637011
0.2732119058196357,0.2310084406930253,0.2243447356730342,0.27143491781430473
0.27657697397441555,0.23555359505955006,0.22761358623731803,0.2602558447287164
0.27184035476718404,0.2434589800443459,0.22084257206208427,0.2638580931263858
0.27580071174377224,0.24288256227758007,0.21752669039145908,0.2637900355871886
0.2732481269281622,0.24283825473776993,0.21419127368884971,0.26972234464521816
0.27578574590526783,0.23992917220008853,0.21602478972996902,0.2682602921646746
0.27676588183029766,0.24566859173700578,0.20879609062638826,0.2687694358063083
0.27530541012216403,0.24040139616055847,0.20898778359511344,0.27530541012216403
0.2756076388888889,0.24348958333333334,0.20789930555555555,0.2730034722222222
0.27453580901856767,0.24447391688771,0.20822281167108753,0.27276746242263483
0.28180212014134276,0.23454063604240283,0.2124558303886926,0.2712014134275618
0.2812914639540027,0.23750552852720036,0.20831490490933216,0.27288810260946483
0.27912087912087913,0.23956043956043957,0.20527472527472526,0.27604395604395604
0.2769367764915405,0.23909171861086376,0.20658949243098843,0.2773820124666073
0.28021248339973437,0.23550243470562196,0.20274457724656927,0.2815405046480744
0.27589246364037023,0.23402379903040987,0.20802115469369767,0.28206258263552225
0.27015057573073514,0.23782108060230292,0.21169176262178918,0.28033658104517273
0.2710074791025077,0.24417069951605808,0.20369555653321603,0.28112626484821823
0.2689260563380282,0.24515845070422534,0.20642605633802816,0.2794894366197183
0.2730102267674522,0.23921742996887504,0.2072032014228546,0.28056914184081816
0.27308533916849015,0.24113785557986872,0.20218818380743983,0.2835886214442013
0.26972234464521816,0.24019391802556192,0.20141031291317762,0.2886734244160423
0.2699868938401048,0.24421144604630843,0.2053298383573613,0.2804718217562254
0.28205128205128205,0.23740053050397877,0.20645446507515472,0.27409372236958446
0.28019323671497587,0.23276240667545015,0.20685111989459815,0.28019323671497587
0.28660159716060335,0.2311446317657498,0.2080745341614907,0.2741792369121562
0.2883002207505519,0.22913907284768212,0.20573951434878587,0.2768211920529801
0.28116710875331563,0.23121131741821396,0.21264367816091953,0.2749778956675508
0.2833408172429277,0.23394701392007183,0.20969914683430624,0.27301302200269423
0.27684859154929575,0.22843309859154928,0.21346830985915494,0.28125
0.2736888497135302,0.2260907888937858,0.21595416483032173,0.2842661965623623
0.2760141093474427,0.22707231040564374,0.21472663139329806,0.2821869488536155
0.27679362267493357,0.22320637732506643,0.21346324180690876,0.2865367581930912
0.27512066695919263,0.2250987275120667,0.21456779289161912,0.28521281263712156
0.2662565905096661,0.22847100175746923,0.2157293497363796,0.28954305799648505
0.2661647475642161,0.21700620017714792,0.22719220549158547,0.2896368467670505
0.2709251101321586,0.21762114537444935,0.22334801762114537,0.28810572687224667
0.2705464238116393,0.2199022656597068,0.22034651266103955,0.2892047978676144
0.2749445676274945,0.21862527716186253,0.21286031042128603,0.293569844789357
0.2752414398595259,0.21553994732221246,0.21422300263388938,0.29499561018437226
0.27268663388466696,0.21859633437639697,0.21189092534644613,0.29682610639248996
0.2739606126914661,0.21663019693654267,0.2074398249452954,0.30196936542669583
0.2680457746478873,0.21786971830985916,0.20818661971830985,0.3058978873239437
0.25978021978021976,0.22021978021978023,0.2123076923076923,0.3076923076923077
0.26436781609195403,0.22281167108753316,0.21220159151193635,0.3006189213085765
0.26675485008818345,0.21604938271604937,0.21208112874779542,0.30511463844797176
0.27147918511957486,0.21390611160318868,0.2121346324180691,0.3024800708591674
0.2763507528786537,0.2178919397697077,0.20903454384410983,0.2967227635075288
0.2742222222222222,0.21911111111111112,0.21155555555555555,0.2951111111111111
0.27849223946784923,0.2133037694013304,0.21241685144124167,0.2957871396895787
0.2774566473988439,0.21431747443308136,0.2085371276122721,0.2996887505558026
0.2763445561871447,0.21425448185395715,0.20813292522955837,0.30126803672933977
0.2769704975781594,0.21400264200792601,0.2073976221928666,0.301629238221048
0.27831010452961674,0.21689895470383275,0.20818815331010454,0.29660278745644597
0.2759226713532513,0.21441124780316345,0.2100175746924429,0.29964850615114236
0.28112626484821823,0.20765508139023317,0.21249450065992082,0.2987241531016278
0.2783641160949868,0.20360598065083554,0.20976253298153033,0.30826737027264733
0.2797327394209354,0.20935412026726058,0.20133630289532295,0.30957683741648107
0.27839643652561247,0.20846325167037863,0.19643652561247216,0.3167037861915368
0.27925531914893614,0.20966312056737588,0.1950354609929078,0.31604609929078015
0.2778264680105171,0.2037686240140228,0.2007011393514461,0.317703768624014
0.28270412642669007,0.20368744512730466,0.1984196663740123,0.315188762071993
0.2848297213622291,0.19637328615656788,0.19902697921273774,0.31977001326846527
0.28170250109697237,0.20754716981132076,0.19921017990346643,0.31154014918824047
0.282311424790472,0.20335244816938686,0.2015880017644464,0.31274812527569473
0.2828418230563003,0.20822162645218945,0.1961572832886506,0.3127792672028597
0.28185840707964605,0.21061946902654868,0.19424778761061948,0.31327433628318585
0.27859368046283933,0.2140631953716066,0.19581664441477525,0.3115264797507788
0.27534307215582116,0.21159805223550243,0.1921204072598495,0.3209384683488269
0.2722859664607237,0.2113857016769638,0.19991173874669022,0.31641659311562226
0.27006651884700666,0.2039911308203991,0.2031042128603104,0.3228381374722838
0.2602018429135586,0.20579201404124617,0.20930232558139536,0.3247038174637999
0.26722987994664293,0.19964428634948866,0.21031569586482882,0.32281013783903956
0.2693333333333333,0.2,0.208,0.32266666666666666
0.27372583479789103,0.1937609841827768,0.2078207381370826,0.3246924428822496
0.2760141093474427,0.1984126984126984,0.2037037037037037,0.3218694885361552
0.2768287341217696,0.1979851073149365,0.20455540954883925,0.32063074901445465
0.2816651904340124,0.1966341895482728,0.2121346324180691,0.3095659875996457
0.2773820124666073,0.201246660730187,0.21059661620658948,0.3107747105966162
0.27188737351517817,0.2001759788825341,0.214694236691597,0.3132424109106907
0.27292768959435626,0.20502645502645503,0.21340388007054673,0.30864197530864196
0.2714223575467595,0.2074815137016094,0.21052631578947367,0.31056981296215747
0.26742656729504605,0.20254274441034634,0.2121876370013152,0.31784305129329243
0.26991150442477874,0.1995575221238938,0.21194690265486726,0.3185840707964602
0.2698412698412698,0.20326278659611993,0.21604938271604937,0.31084656084656087
0.2717678100263852,0.2022867194371152,0.21591908531222515,0.3100263852242744
0.2665198237885463,0.20837004405286344,0.2118942731277533,0.313215859030837
0.2660228270412643,0.20719929762949957,0.208955223880597,0.31782265144863914
0.26525198938992045,0.21529619805481875,0.21175950486295314,0.3076923076923077
0.26758071649712517,0.21450685537372843,0.21318000884564353,0.30473241928350286
0.27440633245382584,0.2102022867194371,0.21328056288478453,0.3021108179419525
0.2730905861456483,0.20648312611012434,0.2180284191829485,0.30239786856127887
0.27485638532920903,0.20503756076005303,0.21961997348652232,0.30048608042421565
0.27016306743058616,0.20802115469369767,0.21727633318642575,0.30453944468929045
0.27211796246648795,0.2059874888293119,0.21805183199285075,0.30384271671134944
0.26724890829694326,0.21397379912663755,0.21615720524017468,0.3026200873362445
0.2698763250883392,0.20936395759717313,0.2124558303886926,0.3083038869257951
0.27587738782763216,0.20524211461572633,0.2079075966237228,0.3109729009329187
0.2668711656441718,0.2042068361086766,0.2182296231375986,0.310692375109553
0.26531511679153813,0.20890260026443366,0.21727633318642575,0.3085059497576025
0.26341248900615655,0.20668425681618294,0.21503957783641162,0.3148636763412489
0.26132864056313243,0.20985481742190937,0.21381434227892654,0.31500219973603166
0.26102292768959434,0.20458553791887124,0.2191358024691358,0.3152557319223986
0.2618943692710607,0.20646006110868617,0.21213443910955915,0.319511130510694
0.2641509433962264,0.20447564721369021,0.2114962702939886,0.3198771390960948
0.267927848658161,0.20501539815222172,0.20721513418389792,0.31984161900571934
0.2657218777679362,0.19884853852967227,0.21257750221434898,0.3228520814880425
0.2667560321715818,0.19481680071492405,0.2193923145665773,0.3190348525469169
0.2642762284196547,0.1961044710048694,0.2182381584772023,0.32138114209827356
0.2607538802660754,0.1951219512195122,0.2212860310421286,0.3228381374722838
0.26325088339222613,0.19964664310954064,0.22217314487632508,0.31492932862190814
0.2620842572062084,0.2017738359201774,0.22394678492239467,0.3121951219512195
0.2642602495543672,0.20365418894830659,0.2250445632798574,0.30704099821746883
0.2676991150442478,0.21460176991150443,0.215929203539823,0.3017699115044248
0.2720491443615621,0.20491443615620886,0.21720052654673103,0.305835892935498
0.27508802816901406,0.20246478873239437,0.21786971830985916,0.3045774647887324
0.2706766917293233,0.20300751879699247,0.21981424148606812,0.3065015479876161
0.2725274725274725,0.20175824175824175,0.2189010989010989,0.3068131868131868
0.274822695035461,0.20124113475177305,0.22074468085106383,0.30319148936170215
0.27807017543859647,0.20614035087719298,0.2179824561403509,0.29780701754385963
0.27587738782763216,0.20346512661039537,0.22478898267436695,0.2958685028876055
0.2791005291005291,0.2054673721340388,0.2275132275132275,0.2879188712522046
0.27762923351158647,0.20499108734402852,0.22727272727272727,0.29010695187165775
0.272202486678508,0.2091474245115453,0.22646536412078153,0.2921847246891652
0.27807486631016043,0.20320855614973263,0.2286096256684492,0.29010695187165775
0.276623950508175,0.20945647370746795,0.2205037560760053,0.29341581970835173
0.2776553547818422,0.20802115469369767,0.22036139268400176,0.29396209784045835
0.2781195079086116,0.2069420035149385,0.21045694200351495,0.30448154657293497
0.27701808557565066,0.20599911777679752,0.21482134980149978,0.30216144684605206
0.2843874391862008,0.20079610791685096,0.20964175143741706,0.3051747014595312
0.2891832229580574,0.20264900662251656,0.2097130242825607,0.29845474613686535
0.28995130588756085,0.20407259849490925,0.20805666223992916,0.2979194333776007
0.2895548699867783,0.20317320405464961,0.20141031291317762,0.30586161304539444
0.2977602108036891,0.19806763285024154,0.207290294246816,0.2968818620992534
0.2967515364354697,0.19622475856014046,0.21202809482001755,0.29499561018437226
0.3024800708591674,0.1899911426040744,0.21169176262178918,0.295837023914969
0.3041351711871943,0.19164072921298356,0.2187638950644731,0.28546020453534904
0.304635761589404,0.18763796909492272,0.2185430463576159,0.2891832229580574
0.29906124273580686,0.1890925346446133,0.21502011622708986,0.29682610639248996
0.3065015479876161,0.18398938522777533,0.2118531623175586,0.29765590446705
0.30030959752321984,0.18796992481203006,0.21406457319770014,0.29765590446705
0.303595206391478,0.18686196182867287,0.2139369729249889,0.2956058588548602
0.30120481927710846,0.18473895582329317,0.21329763498438198,0.3007585899152164
0.3012963790791238,0.186410371032633,0.2168082253017434,0.2954850245864998
0.30123674911660775,0.18462897526501768,0.21643109540636044,0.29770318021201414
0.2936753648827952,0.18133569217160547,0.22158337019018134,0.30340557275541796
0.296118621892717,0.17880505887483647,0.22590492804186654,0.29917139119058
0.295146480104941,0.17927415828596416,0.22562308701355488,0.29995627459554003
0.2963940193491645,0.18117854001759015,0.22999120492524186,0.29243623570800353
0.2919611307420495,0.18860424028268552,0.23454063604240283,0.2848939929328622
0.2920353982300885,0.19380530973451326,0.23053097345132742,0.2836283185840708
0.2885042166000888,0.1877496671105193,0.2365734576120728,0.2871726586773191
0.28660159716060335,0.1850044365572316,0.24046140195208518,0.28793256433007985
0.2878521126760563,0.18309859154929578,0.24031690140845072,0.2887323943661972
0.2896825396825397,0.1763668430335097,0.24382716049382716,0.29012345679012347
0.28749443702714733,0.1811303960836671,0.24521584334668448,0.2861593235425011
0.28338475099162624,0.17981489643014545,0.24944909651829,0.2873512560599383
0.2892199824715162,0.18404907975460122,0.23838737949167396,0.2883435582822086
0.2944812362030905,0.18675496688741722,0.24061810154525387,0.2781456953642384
0.2965762561138284,0.18674966651845265,0.23743886171631837,0.27923521565140064
0.2897196261682243,0.19225634178905207,0.2367601246105919,0.28126390743213175
0.28811312417145385,0.19045514803358374,0.23729562527618206,0.28413610251878035
0.28420123565754635,0.19196822594880847,0.24051191526919682,0.2833186231244484
0.29019434628975266,0.19037102473498232,0.24337455830388693,0.2760600706713781
0.2908366533864542,0.19167773351040282,0.23992917220008853,0.2775564409030544
0.3018037835459745,0.1922569291684998,0.2336119665640123,0.27232732072151344
0.2933097031457687,0.1949490474080638,0.23792645104120513,0.2738147984049623
0.29525483304042177,0.19112478031634447,0.23813708260105448,0.27548330404217924
0.29365079365079366,0.1917989417989418,0.24029982363315697,0.2742504409171076
0.2920550377274745,0.18819351975144252,0.243231247225921,0.27652019529516203
0.2999564649542882,0.1850239442751415,0.23726599912929908,0.2777535916412712
0.3032570422535211,0.18617957746478872,0.23107394366197184,0.2794894366197183
0.3028045574057844,0.18974583698510078,0.22962313759859773,0.2778264680105171
0.29742695159180116,0.19145224596598343,0.22982991713911904,0.28129088530309637
0.2976085031000886,0.19176262178919398,0.22763507528786536,0.28299379982285205
0.29429960229783475,0.19575784357048165,0.22624834290764473,0.2836942112240389
0.29236912156166817,0.19387755102040816,0.22182786157941436,0.2919254658385093
0.2908366533864542,0.20008853474988933,0.22266489597166889,0.2864099158919876
0.28848698720776356,0.20335244816938686,0.22496691662990737,0.2831936479929422
0.2879858657243816,0.2049469964664311,0.2226148409893993,0.284452296819788
0.2916666666666667,0.20219298245614034,0.22324561403508772,0.28289473684210525
0.29702537182852146,0.19641294838145232,0.22134733158355205,0.2852143482064742
0.2912014292094685,0.20008932559178205,0.2188476998660116,0.28986154533273784
0.28302712160979876,0.20909886264216973,0.21959755030621173,0.2882764654418198
0.2772190642763446,0.2155662439877569,0.22168780061215565,0.2855268911237429
0.27628684557853056,0.2190937087549494,0.2168939727232732,0.2877254729432468
0.2754517408550022,0.21419127368884971,0.21992066989863376,0.2904363155575143
0.2713722051731697,0.21569487067075843,0.21788689171416045,0.29504603244191147
0.2691117984975696,0.2205037560760053,0.21961997348652232,0.2907644719399028
0.263459841129744,0.21977052074139453,0.2237422771403354,0.29302736098852605
0.2607550482879719,0.22080772607550483,0.2273924495171203,0.291044776119403
0.2621272808188696,0.22429906542056074,0.22385402759234535,0.2897196261682243
0.2611380679311866,0.22717247463608292,0.22055580061755625,0.2911336568151742
0.2611973392461197,0.22572062084257205,0.2203991130820399,0.2926829268292683
0.25785050862450243,0.23042901371074745,0.22379478107032286,0.28792569659442724
0.25378450578806766,0.2315227070347284,0.22796081923419412,0.2867319679430098
0.25407309555262,0.23381770145310435,0.2280933509467195,0.28401585204755614
0.2523158359064843,0.2262902514336127,0.23423026025584473,0.2871636524040582
0.25,0.22787610619469026,0.2323008849557522,0.28982300884955753
0.2607937200174444,0.22023549934583514,0.22939380723942435,0.2895769733972961
0.25863596102745795,0.21434898139946856,0.2329495128432241,0.2940655447298494
0.2581628210709621,0.21593382673051806,0.22942969090117546,0.29647366129734437
0.2607158638974812,0.20989836500220946,0.23110914714980116,0.2982766239505082
0.2584024443474465,0.21475338280226974,0.22304670449585334,0.3037974683544304
0.25859030837004404,0.2105726872246696,0.22202643171806166,0.30881057268722467
0.2535398230088496,0.21106194690265487,0.21858407079646017,0.3168141592920354
0.25222419928825623,0.21530249110320285,0.2157473309608541,0.3167259786476868
0.2524271844660194,0.20653133274492497,0.21624007060900266,0.324801412180053
0.24800354924578527,0.21073646850044367,0.2209405501330967,0.3203194321206744
0.2467076382791923,0.20632133450395082,0.22651448639157157,0.32045654082528535
0.25132042253521125,0.20202464788732394,0.230193661971831,0.3164612676056338
0.2512249443207127,0.2,0.22628062360801782,0.3224944320712695
0.25355239786856126,0.1922735346358792,0.22957371225577264,0.32460035523978686
0.2540106951871658,0.19786096256684493,0.23039215686274508,0.3177361853832442
0.24789356984478936,0.2039911308203991,0.23902439024390243,0.3090909090909091
0.24437582708425232,0.20644022937803264,0.23864137626819584,0.3105425672695192
0.24615384615384617,0.20043956043956043,0.24,0.3134065934065934
0.24977777777777777,0.2048888888888889,0.2408888888888889,0.30444444444444446
0.2574345317354638,0.19840213049267644,0.24101198402130491,0.3031513537505548
0.25980392156862747,0.19741532976827095,0.232620320855615,0.31016042780748665
0.24755989352262645,0.19387755102040816,0.23691215616681455,0.3216503992901508
0.2408630559225011,0.20343461030383092,0.23161602818141788,0.3240863055922501
0.24331550802139038,0.2090017825311943,0.22638146167557932,0.321301247771836
0.24944419742107604,0.20275678079146287,0.22943530457981326,0.31836371720764783
0.25121412803532006,0.20485651214128037,0.22781456953642384,0.3161147902869757
0.24877832074633496,0.20346512661039537,0.22878720568636163,0.31896934695690804
0.2523281596452328,0.20266075388026608,0.22572062084257205,0.31929046563192903
0.25360734586794925,0.20725841714035856,0.22037603847835593,0.31875819851333625
0.25174520069808026,0.20855148342059338,0.225130890052356,0.3145724258289703
0.25155004428697963,0.2046058458813109,0.22364924712134632,0.3201948627103631
0.25067024128686327,0.2064343163538874,0.22028596961572833,0.322609472743521
0.2524271844660194,0.19991173874669022,0.2237422771403354,0.32391879964695497
0.25682819383259914,0.20352422907488987,0.2251101321585903,0.3145374449339207
0.25209343323049804,0.19876597620096959,0.22520934332304982,0.3239312472454826
0.2543859649122807,0.19956140350877194,0.2219298245614035,0.32412280701754387
0.2545535317636606,0.19902265659706797,0.22256774766770324,0.3238560639715682
0.258362676056338,0.19850352112676056,0.21875,0.32438380281690143
