C,D,Oc,Od
0.0,0.0,1.0,0.0
0.3333333333333333,0.0,0.6666666666666666,0.0
0.3333333333333333,0.16666666666666666,0.5,0.0
0.45454545454545453,0.18181818181818182,0.36363636363636365,0.0
0.4,0.26666666666666666,0.3333333333333333,0.0
0.4166666666666667,0.2916666666666667,0.25,0.041666666666666664
0.47058823529411764,0.2647058823529412,0.23529411764705882,0.029411764705882353
0.46,0.22,0.2,0.12
0.48148148148148145,0.16049382716049382,0.2345679012345679,0.12345679012345678
0.47368421052631576,0.14912280701754385,0.23684210526315788,0.14035087719298245
0.5126582278481012,0.13291139240506328,0.189873417721519,0.16455696202531644
0.5185185185185185,0.09523809523809523,0.21164021164021163,0.1746031746031746
0.5019607843137255,0.09411764705882353,0.2196078431372549,0.1843137254901961
0.5,0.08588957055214724,0.22085889570552147,0.19325153374233128
0.49874686716791977,0.09022556390977443,0.22305764411027568,0.18796992481203006
0.4699792960662526,0.09316770186335403,0.2277432712215321,0.20910973084886128
0.4702886247877759,0.10696095076400679,0.22920203735144312,0.1935483870967742
0.4580265095729013,0.1134020618556701,0.22238586156111928,0.20618556701030927
0.44430217669654287,0.1203585147247119,0.2176696542893726,0.2176696542893726
0.42777777777777776,0.11888888888888889,0.21333333333333335,0.24
0.41951710261569414,0.1227364185110664,0.21026156941649898,0.24748490945674045
0.40827338129496404,0.125,0.2068345323741007,0.25989208633093525
0.40271132376395535,0.11961722488038277,0.20334928229665072,0.2743221690590112
0.39349112426035504,0.1257396449704142,0.20562130177514792,0.27514792899408286
0.3897364771151179,0.12135922330097088,0.2059639389736477,0.2829403606102635
0.372485399091499,0.13043478260869565,0.20506164828033743,0.2920181700194679
0.37032640949554896,0.13412462908011868,0.20118694362017805,0.29436201780415433
0.3583098591549296,0.13464788732394367,0.20732394366197182,0.29971830985915493
0.3515709642470206,0.13705308775731312,0.20314192849404117,0.30823401950162516
0.3464285714285714,0.1392857142857143,0.20561224489795918,0.3086734693877551
0.33789731051344746,0.14083129584352078,0.2019559902200489,0.31931540342298287
0.32045779685264664,0.14449213161659513,0.20982355746304243,0.3252265140677158
0.32308420056764425,0.1466414380321665,0.2043519394512772,0.325922421948912
0.3162199000454339,0.14766015447523853,0.20626987732848706,0.3298500681508405
0.3082129963898917,0.14620938628158844,0.20532490974729242,0.34025270758122744
0.3038821954484605,0.1468094600624721,0.2066041945560018,0.3427041499330656
0.30367419212040725,0.14254094732182382,0.20274457724656927,0.35104028331119963
0.3062862238074008,0.14311190370040125,0.19884083816317433,0.3517610343290236
0.31779849090102086,0.1384820239680426,0.1970705725699068,0.34664891256102975
0.31060272767267927,0.1438627364716234,0.1970963484381874,0.3484381874175099
0.316235504014273,0.14986619090098127,0.18911685994647637,0.3447814451382694
0.3146417445482866,0.14374721851357367,0.19003115264797507,0.3515798842901647
0.3149049093321539,0.145953118089341,0.18708536045997345,0.3520566121185316
0.3113746157224418,0.1466842336407554,0.1901624945103206,0.35177865612648224
0.316,0.14755555555555555,0.18933333333333333,0.3471111111111111
0.31382978723404253,0.14760638297872342,0.19237588652482268,0.34618794326241137
0.31553610503282276,0.15098468271334792,0.19474835886214442,0.3387308533916849
0.316001792917974,0.1474675033617212,0.19408337068579112,0.3424473330345137
0.32381370826010547,0.14499121265377857,0.18848857644991213,0.3427065026362039
0.31623175586023883,0.14639540026536932,0.18885448916408668,0.3485183547103052
0.3148727110317106,0.14247431889236267,0.1849039749888343,0.35774899508709246
0.3168888888888889,0.14,0.18222222222222223,0.36088888888888887
0.32666666666666666,0.13777777777777778,0.1791111111111111,0.35644444444444445
0.31820224719101126,0.1393258426966292,0.18202247191011237,0.3604494382022472
0.3199285075960679,0.14075067024128687,0.1742627345844504,0.3650580875781948
0.3235685752330226,0.1384820239680426,0.1677762982689747,0.37017310252996005
0.3261253309796999,0.13636363636363635,0.1624007060900265,0.37511032656663723
0.32058047493403696,0.13368513632365875,0.16490765171503957,0.3808267370272647
0.32596196373286157,0.13224237063246352,0.16585581601061478,0.37593984962406013
0.323345259391771,0.13864042933810375,0.16323792486583183,0.3747763864042934
0.31966116807846634,0.14088274632189032,0.1587160053499777,0.3807400802496656
0.32655766681396375,0.1391957578435705,0.15598762704374725,0.37825894829871853
0.3231518370960602,0.13767153607791058,0.1575918548030102,0.38158477202301905
0.32637655417406747,0.13765541740674955,0.15852575488454707,0.3774422735346359
0.3210315695864829,0.14228546020453534,0.15606936416184972,0.38061360604713207
0.31945059813912274,0.13735046521931768,0.1630482941958352,0.38015064244572444
0.31667403803626715,0.14329942503317117,0.15833701901813357,0.3816895179124281
0.30742049469964666,0.1431095406360424,0.16386925795053003,0.38560070671378094
0.3108876257105378,0.1386095321381723,0.16134674245736774,0.3891560996939222
0.31241830065359477,0.1450980392156863,0.1568627450980392,0.38562091503267976
0.3128046078865751,0.1488701816570669,0.15728843597696057,0.38103677447939743
0.318141592920354,0.13849557522123893,0.15663716814159293,0.38672566371681416
0.3141223053233612,0.1469423669159701,0.1517817861856577,0.387153541575011
0.30964912280701756,0.14210526315789473,0.15350877192982457,0.39473684210526316
0.3167037861915368,0.1403118040089087,0.15367483296213807,0.38930957683741646
0.31463628396143734,0.1406660823838738,0.15425065731814197,0.3904469763365469
0.31901565995525727,0.138255033557047,0.1534675615212528,0.38926174496644295
0.3194566170026293,0.13628396143733568,0.15381244522348816,0.3904469763365469
0.32242370632463513,0.1309155241043786,0.15302963290579388,0.3936311366651924
0.32433628318584073,0.1336283185840708,0.1495575221238938,0.39247787610619467
0.32169686257180735,0.12726469288555015,0.14980114891736632,0.40123729562527616
0.32298136645962733,0.13043478260869565,0.1526175687666371,0.3939662821650399
0.31893095768374163,0.13229398663697103,0.15189309576837418,0.39688195991091313
0.3264408271007479,0.13418389793224814,0.15002199736031677,0.3893532776066872
0.3196467991169978,0.13554083885209714,0.1479028697571744,0.3969094922737307
0.32035398230088497,0.1336283185840708,0.15265486725663716,0.3933628318584071
0.3173033707865169,0.1348314606741573,0.14876404494382023,0.3991011235955056
0.3181617322138754,0.13477684489615555,0.14891736632788333,0.39814405656208574
0.32351628737170907,0.13342257920571174,0.1503792949576082,0.392681838464971
0.32287985865724383,0.1329505300353357,0.14487632508833923,0.3992932862190813
0.3238812583074878,0.13247673903411608,0.1448825875055383,0.3987594151528578
0.318342151675485,0.1335978835978836,0.15079365079365079,0.3972663139329806
0.3186188811188811,0.1354895104895105,0.14772727272727273,0.3981643356643357
0.321570357300397,0.13806793118659022,0.15086016762240848,0.3895015438906043
0.3184233835252436,0.13994685562444642,0.14924712134632417,0.39238263950398583
0.31551038444542645,0.137870083959346,0.1506849315068493,0.3959346000883783
0.3117516629711752,0.1361419068736142,0.15698447893569845,0.3951219512195122
0.31318923687692984,0.13762681958535508,0.15438906043228937,0.39479488310542565
0.30803177405119153,0.13503971756398941,0.15754633715798763,0.3993821712268314
0.3093106535362578,0.13831692032229184,0.1548791405550582,0.39749328558639213
0.3119389587073609,0.1310592459605027,0.16023339317773788,0.39676840215439857
0.3130242825607064,0.12847682119205298,0.16114790286975716,0.3973509933774834
0.3097463284379172,0.12105028927458834,0.16555407209612816,0.40364931019136624
0.3138392857142857,0.11964285714285715,0.16160714285714287,0.4049107142857143
0.30985915492957744,0.11971830985915492,0.1641725352112676,0.40625
0.3124452234881683,0.12050832602979843,0.16213847502191062,0.4049079754601227
0.3124722592099423,0.11495783399911229,0.16245006657789615,0.41011984021304926
0.3099647266313933,0.1164021164021164,0.164021164021164,0.4096119929453263
0.31032967032967035,0.11516483516483517,0.16527472527472528,0.40923076923076923
0.3076923076923077,0.11296703296703296,0.1657142857142857,0.4136263736263736
0.3111111111111111,0.11422222222222222,0.16311111111111112,0.41155555555555556
0.31422222222222224,0.11422222222222222,0.1688888888888889,0.4026666666666667
0.3106796116504854,0.1147396293027361,0.16637246248896734,0.4082082965578111
0.30816777041942606,0.11611479028697572,0.16600441501103752,0.40971302428256073
0.3029229406554473,0.12223206377325066,0.1629760850310009,0.41186891054030117
0.2920353982300885,0.1252212389380531,0.1663716814159292,0.41637168141592923
0.29783473265576665,0.1241714538223597,0.16349977905435262,0.414494034467521
0.2937000887311446,0.12244897959183673,0.15794143744454303,0.4259094942324756
0.290251433612704,0.1274812527569475,0.15483017203352448,0.427437141596824
0.29393398751115074,0.1239964317573595,0.14986619090098127,0.4322033898305085
0.2941700044503783,0.1272808188696039,0.15131286159323543,0.4272363150867824
0.2914462081128748,0.12962962962962962,0.14770723104056438,0.4312169312169312
0.29326287978863935,0.12637604579480405,0.14663143989431968,0.4337296345222369
0.29375276916260523,0.12317235268054941,0.14709791758972088,0.4359769605671245
0.2935739436619718,0.125,0.1500880281690141,0.43133802816901406
0.2937554969217238,0.11961301671064203,0.1517150395778364,0.43491644678979774
0.29475982532751094,0.11921397379912664,0.14934497816593886,0.4366812227074236
0.29354980254497587,0.11978938130759105,0.14962702939885913,0.43703378674857396
0.28903508771929826,0.12105263157894737,0.15394736842105264,0.4359649122807018
0.2855902777777778,0.1232638888888889,0.15321180555555555,0.4379340277777778
0.28272484416740873,0.12021371326803205,0.15672306322350846,0.44033837934105075
0.284,0.11955555555555555,0.15333333333333332,0.4431111111111111
0.2854633289415898,0.11769872639437857,0.15151515151515152,0.4453227931488801
0.28647925033467203,0.11958946898705936,0.15216421240517625,0.44176706827309237
0.2826761187416925,0.12228622064687639,0.1497563136907399,0.44528134692069116
0.28295254833040423,0.12126537785588752,0.15289982425307558,0.4428822495606327
0.27987697715289983,0.12521968365553604,0.15202108963093147,0.4428822495606327
0.2801402893467777,0.1297676457693994,0.15344147303814118,0.4366505918456817
0.27947019867549666,0.12671081677704193,0.14966887417218544,0.44415011037527596
0.28430934286991505,0.1274027715690657,0.14528386231560125,0.443004023245418
0.28126390743213175,0.12194036493101913,0.14908767245215843,0.4477080551846907
0.2849604221635884,0.11917326297273527,0.15259454705364994,0.44327176781002636
0.2918702798756108,0.11772545535317637,0.14882274544646823,0.44158151932474454
0.28931095406360424,0.11528268551236749,0.1501766784452297,0.4452296819787986
0.2883002207505519,0.11434878587196468,0.1487858719646799,0.4485651214128035
0.28870106761565834,0.11254448398576512,0.148576512455516,0.4501779359430605
0.2860320284697509,0.1103202846975089,0.14768683274021352,0.4559608540925267
0.2940125111706881,0.11170688114387846,0.14387846291331546,0.450402144772118
0.29301911960871496,0.11293908403734994,0.141396176078257,0.45264562027567806
0.2841409691629956,0.12202643171806167,0.13656387665198239,0.4572687224669604
0.2874834144183989,0.12251216275984078,0.13533834586466165,0.45466607695709865
0.28565101860053144,0.1195748449955713,0.13507528786536757,0.45969884853852966
0.28748890860692106,0.12067435669920142,0.13309671694764863,0.4587400177462289
0.2906097018246551,0.11615487316421896,0.1299510458388963,0.46328437917222964
0.28835164835164834,0.11648351648351649,0.12307692307692308,0.47208791208791206
0.29380294248773964,0.11636201515827017,0.12260365581810076,0.4672313865358894
0.2837719298245614,0.11754385964912281,0.1206140350877193,0.4780701754385965
0.2843708016121809,0.11867442901925661,0.12180922525750112,0.47514554411106136
0.2837416481069042,0.11893095768374165,0.11848552338530066,0.47884187082405344
0.27628684557853056,0.11966564012318522,0.11922569291684998,0.4848218213814342
0.28413610251878035,0.11489173663278833,0.1175430844012373,0.483429076447194
0.29280070237050043,0.11633011413520632,0.1154521510096576,0.4754170324846356
0.28628318584070794,0.11106194690265486,0.11371681415929204,0.4889380530973451
0.28646748681898065,0.10676625659050967,0.109402460456942,0.4973637961335677
0.28029969149405026,0.10929925077126487,0.1123843102688409,0.498016747465844
0.2766798418972332,0.11067193675889328,0.11155028546332894,0.5010979358805446
0.2798064232292125,0.10822701275846898,0.11086669599648043,0.5010998680158381
0.28407587119541244,0.105866784296427,0.10807234230260256,0.501985002205558
0.28311918475852904,0.10677891005759858,0.10943730615861763,0.5006645990252547
0.2836942112240389,0.10075121520106053,0.10693769332744145,0.5086168802474591
0.28874172185430463,0.10242825607064018,0.10596026490066225,0.502869757174393
0.28997772828507795,0.1064587973273942,0.10601336302895323,0.49755011135857463
0.29030837004405285,0.10616740088105726,0.10484581497797357,0.4986784140969163
0.2884026258205689,0.10765864332603939,0.10547045951859957,0.4984682713347921
0.27680140597539543,0.109402460456942,0.10984182776801406,0.5039543057996485
0.276,0.10711111111111112,0.10888888888888888,0.508
0.2776053215077605,0.1073170731707317,0.10598669623059867,0.509090909090909
0.27602799650043747,0.10761154855643044,0.1111111111111111,0.505249343832021
0.27717154081187256,0.1069402007856831,0.11567001309471846,0.5002182453077259
0.27516483516483514,0.11164835164835164,0.11340659340659341,0.4997802197802198
0.28033658104517273,0.10673162090345438,0.10938883968113375,0.5035429583702391
0.2661647475642161,0.10806023029229407,0.11027457927369354,0.5155004428697962
0.2692982456140351,0.10614035087719298,0.11096491228070175,0.5135964912280702
0.2697512003491925,0.10737669140113487,0.10912265386294194,0.5137494543867307
0.27144120247568526,0.11096374889478337,0.10963748894783377,0.5079575596816976
0.27903871829105475,0.11036938139741878,0.1081441922563418,0.5024477080551847
0.2756152125279642,0.11140939597315436,0.1087248322147651,0.5042505592841163
0.2731336611533304,0.11443898077782745,0.10996870809119356,0.5024586499776487
0.27636849132176233,0.11259457053849577,0.10992434356920339,0.5011125945705385
0.2766798418972332,0.11023276240667546,0.11242863416776461,0.5006587615283268
0.2750333778371162,0.11170449488206498,0.10992434356920339,0.5033377837116155
0.2764835164835165,0.11516483516483517,0.11076923076923077,0.49758241758241756
0.2781456953642384,0.11699779249448124,0.10860927152317881,0.49624724061810155
0.26906028368794327,0.12056737588652482,0.1125886524822695,0.4977836879432624
0.26625111308993765,0.11531611754229741,0.1126447016918967,0.5057880676758683
0.27128363475959416,0.11513012792236436,0.11601235112483459,0.49757388619320686
0.2760141093474427,0.1111111111111111,0.11728395061728394,0.49559082892416223
0.2769162605228179,0.10677891005759858,0.11918475852902083,0.4971200708905627
0.27917217084984586,0.10612065169528842,0.11845002201673271,0.496257155438133
0.27684117125110913,0.10913930789707187,0.11490683229813664,0.49911268855368235
0.27775340061430454,0.11189118034225537,0.11715664765247916,0.49319877139096097
0.2831858407079646,0.1088495575221239,0.1168141592920354,0.4911504424778761
0.28374777975133214,0.10879218472468917,0.11367673179396093,0.4937833037300178
0.2774308652988403,0.10972346119536129,0.11195361284567351,0.5008920606601249
0.2716864817261119,0.11008366358432409,0.11404667547335975,0.5041831792162044
0.27445772465692786,0.10889774236387782,0.10579902611775122,0.5108455068614431
0.2736098852603707,0.10812003530450133,0.1028243601059135,0.5154457193292145
0.2744227353463588,0.10568383658969804,0.10346358792184725,0.5164298401420959
0.2673179396092362,0.1105683836589698,0.10435168738898756,0.5177619893428064
0.27399103139013453,0.10538116591928251,0.10672645739910314,0.5139013452914798
0.27587738782763216,0.1061750333185251,0.10839626832518881,0.5095513105286539
0.2818616789908656,0.10526315789473684,0.11048281861678991,0.5023923444976076
0.2872246696035242,0.10396475770925111,0.11497797356828193,0.49383259911894273
0.2864698104892023,0.09651828999559277,0.11106214191273689,0.5059497576024681
0.29091706888986396,0.10048266783677051,0.1066257130320316,0.501974550241334
0.28836797877045556,0.10128261831048209,0.10570544007076514,0.5046439628482973
0.29005281690140844,0.10387323943661972,0.10431338028169014,0.5017605633802817
0.2936226749335695,0.10008857395925598,0.10407440212577503,0.5022143489813995
0.288641425389755,0.09443207126948774,0.10111358574610245,0.5158129175946548
0.2928759894459103,0.09894459102902374,0.10466138962181179,0.5035180299032542
0.28975265017667845,0.09540636042402827,0.10909893992932862,0.5057420494699647
0.28753292361720806,0.09262510974539069,0.11150131694468832,0.5083406496927129
0.28339191564147626,0.09666080843585237,0.11203866432337434,0.507908611599297
0.28702892199824714,0.09465381244522349,0.10780017528483786,0.5105170902716915
0.2814292015880018,0.09616232906925452,0.10498456109395678,0.5174239082487869
0.28761061946902655,0.09424778761061947,0.10132743362831859,0.5168141592920354
0.28590366769774633,0.09323906319045515,0.10030932390631904,0.5205479452054794
0.28596881959910914,0.09443207126948774,0.09443207126948774,0.5251670378619153
0.2834507042253521,0.09419014084507042,0.09419014084507042,0.528169014084507
0.2883163038649489,0.09195912927587739,0.09551310528653932,0.5242114615726344
0.28488111260655,0.09690444145356662,0.0955585464333782,0.5226558995065052
0.2843352347520842,0.09872751206669592,0.09082931110136025,0.5261079420798596
0.2734584450402145,0.10142984807864164,0.0902591599642538,0.5348525469168901
0.2742857142857143,0.10065934065934067,0.08835164835164835,0.5367032967032968
0.2682926829268293,0.10409407665505227,0.08667247386759581,0.5409407665505227
0.26973684210526316,0.10789473684210527,0.08859649122807017,0.5337719298245615
0.2787825319805911,0.10763123070136744,0.08557565063961182,0.5280105866784296
0.2728465238303454,0.10975076519457805,0.08395277656318322,0.5334499344118933
0.2777777777777778,0.108,0.08222222222222222,0.532
0.2804931748128578,0.11228533685601057,0.08190224570673713,0.5253192426243946
0.2832369942196532,0.11471765228990663,0.082258781680747,0.5197865718096932
0.28527472527472525,0.11912087912087913,0.08087912087912089,0.5147252747252747
0.28596568411790585,0.1161460624725033,0.0796304443466784,0.5182578090629124
0.28596646072374227,0.117828773168579,0.08031774051191527,0.5158870255957635
0.29036515618125824,0.11526616805983282,0.07699076110866696,0.517377914650242
0.28892809880899867,0.11689457432730481,0.0811645346272607,0.5130127922364358
0.2833775419982317,0.11759504862953139,0.08841732979664015,0.5106100795755968
0.2847740236946029,0.11276875822729267,0.08995173321632295,0.5125054848617815
0.2857142857142857,0.11145510835913312,0.09287925696594428,0.5099513489606369
0.27336551118911806,0.11013602457218079,0.09872751206669592,0.5177709521720053
0.267927848658161,0.1095468543774747,0.09810822701275847,0.5244170699516058
0.26712922810060713,0.11058109280138768,0.09887250650477017,0.5234171725932351
0.26547884187082404,0.1091314031180401,0.09532293986636971,0.5300668151447662
0.26643140714600794,0.10983678870754301,0.09660344067048963,0.5271283634759594
0.2655217965653897,0.1087626596213122,0.10039630118890357,0.5253192426243946
0.2693333333333333,0.10666666666666667,0.09733333333333333,0.5266666666666666
0.2657558395769061,0.10973997355663288,0.09431467606875275,0.5301895107977083
0.26505494505494503,0.10813186813186813,0.09274725274725275,0.5340659340659341
0.26311111111111113,0.10444444444444445,0.09155555555555556,0.5408888888888889
0.26548672566371684,0.10309734513274336,0.09424778761061947,0.5371681415929204
0.2595352915387988,0.10740903112669882,0.09732573432704954,0.5357299430074529
0.26362428001772265,0.1076650420912716,0.10101905183872396,0.5276916260522818
0.2615996464869642,0.1034025629695095,0.10075121520106053,0.5342465753424658
0.26276408450704225,0.09991197183098592,0.09859154929577464,0.5387323943661971
0.2606951871657754,0.10071301247771836,0.09714795008912656,0.5414438502673797
0.2632978723404255,0.10106382978723404,0.09707446808510638,0.538563829787234
0.262572318647085,0.09879839786381843,0.09657320872274143,0.5420560747663551
0.2631348511383538,0.09676007005253941,0.09719789842381786,0.542907180385289
0.26031042128603105,0.0975609756097561,0.09711751662971176,0.5450110864745011
0.2574082264484741,0.09995577178239717,0.09818664307828394,0.5444493586908448
0.2579928952042629,0.09991119005328597,0.10213143872113677,0.5399644760213144
0.2567269519188355,0.1027790030877812,0.09969122187913543,0.5408028231142479
0.2552910052910053,0.10008818342151675,0.09876543209876543,0.5458553791887125
0.2495583038869258,0.10247349823321555,0.0980565371024735,0.5499116607773852
0.25477990217874613,0.10137839039573143,0.09559804357492219,0.5482436638506003
0.2542894852617686,0.1007479102507699,0.09546854377474703,0.5494940607127144
0.2572062084257206,0.09135254988913526,0.09800443458980045,0.5534368070953437
0.25719344842850816,0.09251881363435148,0.09783089862771138,0.5524568393094289
0.2514310876265962,0.09291061206516953,0.09819462791721709,0.5574636723910171
0.24758135444151275,0.09278803869832894,0.10290237467018469,0.5567282321899736
0.24736842105263157,0.09166666666666666,0.09956140350877193,0.5614035087719298
0.24570673712021135,0.09467195068251871,0.09687362395420519,0.5627476882430648
0.24944616747895437,0.0974745237040319,0.09836065573770492,0.5547186530793088
0.2403718459495352,0.10137228862328464,0.10092961487383798,0.5573262505533422
0.2399823866138265,0.0964332892998679,0.10127697049757815,0.5623073535887274
0.24033391915641475,0.09973637961335677,0.09753954305799649,0.562390158172232
0.24351648351648353,0.09494505494505495,0.09274725274725275,0.5687912087912088
0.24856512141280354,0.09757174392935983,0.09094922737306843,0.5629139072847682
0.24518388791593695,0.09719789842381786,0.0915061295971979,0.5661120840630472
0.24187884108867427,0.1009657594381036,0.09174714661984197,0.5654082528533801
0.2381786339754816,0.10070052539404553,0.08669001751313485,0.574430823117338
0.2407982261640798,0.10022172949002217,0.08691796008869179,0.5720620842572062
0.2462751971954426,0.09903593339176162,0.08545135845749342,0.5692375109553024
0.24057843996494302,0.09947414548641542,0.08019281332164768,0.5797546012269938
0.2471264367816092,0.09814323607427056,0.07824933687002653,0.5764809902740937
0.24451273046532046,0.10140474100087796,0.07682177348551361,0.577260755048288
0.2454585733274258,0.10057598582188747,0.08108108108108109,0.5728843597696057
0.2437636761487965,0.10109409190371992,0.07614879649890591,0.5789934354485777
0.2357397504456328,0.10338680926916222,0.08199643493761141,0.5788770053475936
0.23367392270102177,0.10839626832518881,0.07774322523322967,0.5801865837405598
0.2319290465631929,0.10509977827050998,0.07982261640798226,0.5831485587583148
0.23190932868352224,0.1068003487358326,0.07977332170880558,0.5815170008718396
0.23721340388007053,0.11022927689594356,0.07804232804232804,0.5745149911816578
0.2394491337183474,0.10884051532652154,0.0790759662372279,0.5726343847179032
0.24525805028672254,0.1027790030877812,0.07984119982355536,0.572121746801941
0.24526640246587406,0.10215763980625275,0.07529722589167767,0.5772787318361955
0.2440106477373558,0.10248447204968944,0.07630878438331855,0.5771960958296362
0.24304021210782148,0.10163499779054352,0.07998232434821034,0.5753424657534246
0.23839285714285716,0.10491071428571429,0.08348214285714285,0.5732142857142857
0.23860115095174855,0.10137228862328464,0.08322266489597167,0.5768038955289951
0.23813747228381374,0.09889135254988914,0.0811529933481153,0.5818181818181818
0.2343887423043096,0.09894459102902374,0.08267370272647317,0.5839929639401935
0.23049801674746584,0.10092551784927281,0.08461877479065667,0.5839576906126047
0.23251670378619155,0.09977728285077951,0.08374164810690424,0.5839643652561247
0.22995126273814798,0.10190518387239698,0.08639787328311918,0.5817456801063359
0.22949389179755672,0.09904013961605584,0.08202443280977312,0.5894415357766143
0.22950819672131148,0.10323438192290652,0.08285334514842711,0.5844040762073549
0.23056537102473498,0.10556537102473498,0.08348056537102473,0.5803886925795053
0.22839506172839505,0.10890652557319223,0.08950617283950617,0.5731922398589065
0.22527716186252772,0.10776053215077605,0.09002217294900222,0.576940133037694
0.22731277533039648,0.10792951541850221,0.0920704845814978,0.5726872246696035
0.2210899424014178,0.11431103234381923,0.08817013735046522,0.5764288879042977
0.2164079822616408,0.11042128603104213,0.09046563192904657,0.5827050997782706
0.22054915854738708,0.11426040744021258,0.09300265721877768,0.5721877767936226
0.2157473309608541,0.11120996441281139,0.09519572953736655,0.577846975088968
0.21434859154929578,0.11047535211267606,0.0977112676056338,0.5774647887323944
0.22217333919929608,0.10558732952045755,0.09898812142542895,0.5732512098548174
0.21862527716186253,0.10687361419068736,0.09312638580931264,0.5813747228381375
0.22300884955752212,0.10530973451327434,0.09734513274336283,0.5743362831858407
0.22417582417582418,0.10417582417582417,0.0989010989010989,0.5727472527472528
0.22436184505150022,0.09986565158978952,0.10613524406627856,0.5696372592924317
0.22232063773250665,0.10318866253321524,0.10717449069973428,0.5673162090345438
0.21968365553602812,0.10017574692442882,0.11028119507908611,0.569859402460457
0.21648106904231626,0.10111358574610245,0.11002227171492204,0.5723830734966593
0.21733391992960846,0.10426748790145182,0.1073471183457985,0.5710514738231413
0.22192749778956675,0.10344827586206896,0.10654288240495137,0.5680813439434129
0.22012302284710017,0.1054481546572935,0.10984182776801406,0.5645869947275922
0.22691292875989447,0.09938434476693052,0.1077396657871592,0.5659630606860159
0.22952255803766974,0.1020586946999562,0.10643889618922471,0.5619798510731494
0.227068345323741,0.10566546762589928,0.10476618705035971,0.5625
0.22412280701754386,0.10350877192982456,0.10219298245614035,0.5701754385964912
0.22981914424349362,0.10763123070136744,0.0952801058667843,0.5672695191883547
0.23144488361879667,0.10320597277119016,0.09574000878348704,0.5696091348265261
0.23392070484581498,0.10176211453744494,0.0973568281938326,0.5669603524229075
0.23976868327402134,0.10142348754448399,0.09697508896797152,0.5618327402135231
0.2398753894080997,0.09879839786381843,0.09523809523809523,0.5660881174899867
0.2398230088495575,0.09424778761061947,0.09601769911504425,0.5699115044247788
0.247585601404741,0.09174714661984197,0.09657594381035997,0.564091308165057
0.24440544098288722,0.08995173321632295,0.09521720052654672,0.5704256252742431
0.2482456140350877,0.0868421052631579,0.09473684210526316,0.5701754385964912
0.24988962472406182,0.08918322295805739,0.09094922737306843,0.5699779249448124
0.24305249228054698,0.0917512130569034,0.08822232024702249,0.5769739744155271
0.24261414503133394,0.09176365264100268,0.08773500447627573,0.5778871978513876
0.24435590969455512,0.08587870739265162,0.08942009738822487,0.5803452855245684
0.25319805910895454,0.0846934274371416,0.08778120864578738,0.5743273048081164
0.2579064587973274,0.08374164810690424,0.08864142538975502,0.5697104677060134
0.2653421633554084,0.07770419426048565,0.08962472406181016,0.5673289183222958
0.26378473753859727,0.07984119982355536,0.09131010145566829,0.565063961182179
0.25876608965823344,0.079005770084332,0.08743897026187306,0.5747891699955615
0.25547765118317267,0.07975460122699386,0.08063102541630149,0.584136722173532
0.254737769942706,0.07668576465403261,0.07977082415160863,0.5888056412516527
0.25176678445229683,0.07464664310954064,0.07818021201413428,0.5954063604240283
0.25558965366067515,0.07452871547566857,0.07672073651907059,0.5931608943445857
0.2537313432835821,0.07638279192273925,0.07857769973661106,0.5913081650570676
0.2506619593998235,0.07766990291262135,0.07766990291262135,0.5939982347749339
0.2492225677476677,0.07818747223456242,0.0759662372278987,0.5966237227898712
0.2584070796460177,0.07920353982300884,0.07743362831858407,0.5849557522123894
0.25691699604743085,0.07861220904699165,0.07905138339920949,0.585419411506368
0.2577502214348981,0.07927369353410098,0.08060230292294066,0.5823737821080602
0.25547765118317267,0.07887817703768624,0.08194566170026293,0.5836985100788782
0.2579787234042553,0.08244680851063829,0.08200354609929078,0.5775709219858156
0.24900662251655628,0.07858719646799117,0.08167770419426049,0.590728476821192
0.2595217006200177,0.07971656333038087,0.0845881310894597,0.5761736049601417
0.2516614975631369,0.08329641116526362,0.0872840053167922,0.5777580859548073
0.2529960053262317,0.08166888592987129,0.08255659121171771,0.5827785175321794
0.25396825396825395,0.08024691358024691,0.08245149911816578,0.5833333333333334
0.2577680525164114,0.08183807439824946,0.07833698030634573,0.5820568927789934
0.25342768686421935,0.08182220256523662,0.08093763821318001,0.583812472357364
0.25551632833186233,0.08605472197705208,0.08296557811120918,0.5754633715798765
0.25338575797291396,0.08999563128003495,0.08300567933595457,0.5736129314110966
0.2581641659311562,0.09046778464254192,0.08340688437775816,0.5679611650485437
0.2613486117232261,0.09034817100044072,0.08021154693697664,0.5680916703393566
0.2632978723404255,0.09530141843971632,0.07712765957446809,0.56427304964539
0.2700892857142857,0.096875,0.07321428571428572,0.5598214285714286
0.275740167918692,0.09809986743261158,0.07026071586389748,0.5558992487847989
0.271960958296362,0.10292812777284827,0.07009760425909495,0.5550133096716947
0.2714223575467595,0.10352327098738583,0.07177033492822966,0.553284036537625
0.2766330556773345,0.09951775537045156,0.07452871547566857,0.5493204734765453
0.2760160786065208,0.09959803483698079,0.07458686913800804,0.5497990174184904
0.2636727434415296,0.10271231658514896,0.07203201422854602,0.5615829257447754
0.27260579064587975,0.10378619153674833,0.0645879732739421,0.5590200445434298
0.276,0.10444444444444445,0.068,0.5515555555555556
0.2722838137472284,0.10465631929046564,0.06740576496674058,0.5556541019955654
0.271523178807947,0.10286975717439294,0.06622516556291391,0.5593818984547462
0.26904447380008806,0.10523998238661382,0.07089387934830471,0.5548216644649934
0.2678809418036428,0.10706352732119058,0.06974677920924034,0.5553087516659263
0.2646017699115044,0.1079646017699115,0.07300884955752213,0.554424778761062
0.2620932277924362,0.10729991204925242,0.07255936675461741,0.558047493403694
0.267927848658161,0.10822701275846898,0.07611086669599648,0.5477342718873736
0.2623674911660777,0.10777385159010601,0.07508833922261485,0.5547703180212014
0.2680457746478873,0.1073943661971831,0.07306338028169014,0.5514964788732394
0.26453617399023527,0.10741233910341766,0.07323568575233022,0.5548158011540169
0.2617893345085941,0.10356985456148082,0.0749228735125606,0.5597179374173645
0.25903083700440527,0.0986784140969163,0.07533039647577093,0.5669603524229075
0.2560706401766004,0.10331125827814569,0.07505518763796909,0.5655629139072847
0.25650066108417807,0.10621419127368885,0.0744821507271926,0.5628029969149405
0.25620567375886527,0.10505319148936171,0.07446808510638298,0.56427304964539
0.25704225352112675,0.10475352112676056,0.07306338028169014,0.5651408450704225
0.2621870882740448,0.10013175230566534,0.07378129117259552,0.5638998682476943
0.2631578947368421,0.10614772224679346,0.07695709862892526,0.5537372843874392
0.2580502867225408,0.10630789589766211,0.07895897662108513,0.556682840758712
0.25210084033613445,0.10703228659885007,0.08359133126934984,0.5572755417956656
0.25,0.10631672597864769,0.08185053380782918,0.5618327402135231
0.2518947837717343,0.103878733838609,0.08158716005349978,0.5626393223361569
0.24977817213842057,0.10292812777284827,0.08606921029281278,0.5612244897959183
0.24551422319474836,0.10065645514223195,0.08927789934354485,0.5645514223194749
0.24877832074633496,0.10039982230119947,0.08396268325188805,0.5668591737005775
0.2546501328609389,0.10053144375553587,0.0845881310894597,0.5602302922940655
0.24844995571302037,0.0983170947741364,0.0845881310894597,0.5686448184233835
0.2457777777777778,0.09911111111111111,0.08844444444444445,0.5666666666666667
0.24788982674366947,0.10262105730786317,0.08707241226121723,0.5624167036872502
0.24722098710538018,0.09737661182747888,0.08892841262783459,0.5664739884393064
0.2522007042253521,0.09903169014084508,0.08758802816901408,0.5611795774647887
0.2527376259307928,0.09899255365746824,0.08716600963644328,0.5611038107752957
0.25451343020695727,0.09819462791721709,0.08630559225011009,0.5609863496257156
0.25425207152202356,0.09812472743131269,0.08416921064108156,0.5634539904055822
0.2587260034904014,0.09860383944153578,0.08551483420593368,0.5571553228621291
0.25756910925844667,0.09916630100921457,0.08424747696358052,0.5590171127687582
0.25842198581560283,0.09574468085106383,0.08421985815602837,0.561613475177305
0.25809312638580933,0.09667405764966741,0.08425720620842572,0.5609756097560976
0.25624178712220763,0.09461235216819974,0.08278580814717477,0.5663600525624178
0.2603160667251975,0.09306409130816505,0.08472344161545214,0.5618964003511853
0.26687251874724305,0.09042787825319806,0.0811645346272607,0.5615350683722982
0.2643269657929809,0.08840515326521546,0.08218569524655708,0.5650821856952466
0.26468010517090274,0.0876424189307625,0.08194566170026293,0.5657318141980718
0.2624394539850286,0.08718626155878467,0.07926023778071334,0.5711140466754734
0.2692822113241195,0.08782880071333037,0.0780205082478823,0.5648684797146678
0.271960958296362,0.08740017746228926,0.07453416149068323,0.5661047027506655
0.2712765957446808,0.08865248226950355,0.07358156028368794,0.5664893617021277
0.2704485488126649,0.0870712401055409,0.07080035180299032,0.5716798592788038
0.2737676056338028,0.08714788732394366,0.07306338028169014,0.5660211267605634
0.2762114537444934,0.08193832599118943,0.07488986784140969,0.5669603524229075
0.26693227091633465,0.08410801239486498,0.07215582115980522,0.5768038955289951
0.27208480565371024,0.08083038869257951,0.06978798586572438,0.5772968197879859
0.27750773309765797,0.07821475916924436,0.07070260715863898,0.5735749005744587
0.2760141093474427,0.08289241622574955,0.06966490299823633,0.5714285714285714
0.2778021978021978,0.08131868131868132,0.07296703296703297,0.5679120879120879
0.2759226713532513,0.07688927943760984,0.07381370826010544,0.5733743409490334
0.27276726792784867,0.07611086669599648,0.07479102507699076,0.5763308402991641
0.27071333628710675,0.07797961896322551,0.07266282676118742,0.5786442179884803
0.2727272727272727,0.08129370629370629,0.07342657342657342,0.5725524475524476
0.27268683274021355,0.07962633451957295,0.0711743772241993,0.5765124555160143
0.2789775231379462,0.07888937858087264,0.07360070515645659,0.5685323931247246
0.2803904170363798,0.08074534161490683,0.07187222715173026,0.5669920141969832
0.28377787494534323,0.07958023611718408,0.07302142544818539,0.5636204634892873
0.2806941431670282,0.0772234273318872,0.06984815618221259,0.572234273318872
0.2864056313242411,0.0774307083150022,0.06951165860096789,0.5666520017597888
0.2881280569141841,0.07603379279679857,0.0706980880391285,0.5651400622498889
0.28690685413005274,0.07601054481546574,0.06942003514938488,0.5676625659050967
0.28408091468777485,0.07827616534740545,0.06904133685136324,0.5686015831134564
0.27541998231653403,0.07603890362511052,0.06984969053934571,0.5786914235190097
0.28102836879432624,0.07579787234042554,0.06914893617021277,0.5740248226950354
0.2812223206377325,0.07484499557130203,0.07218777679362268,0.5717449069973428
0.28265618173875057,0.07295762341633902,0.07121013543031891,0.5731760594145915
0.2835689045936396,0.07508833922261485,0.06890459363957598,0.5724381625441696
0.28370663153271847,0.0764163372859025,0.06851119894598155,0.5713658322353975
0.28339191564147626,0.07557117750439367,0.070298769771529,0.570738137082601
0.28433098591549294,0.07350352112676056,0.06866197183098592,0.5735035211267606
0.28533568904593637,0.0715547703180212,0.06625441696113074,0.5768551236749117
0.28870106761565834,0.07028469750889679,0.06761565836298933,0.5733985765124555
0.2851476421330983,0.07227853680035258,0.06875275451740855,0.5738210665491406
0.292693661971831,0.0721830985915493,0.06998239436619719,0.5651408450704225
0.2906208718626156,0.0717745486569793,0.07397622192866579,0.5636283575517393
0.290989010989011,0.07164835164835165,0.07120879120879121,0.5661538461538461
0.2826278659611993,0.07319223985890652,0.06922398589065255,0.5749559082892416
0.28546020453534904,0.07203201422854602,0.06847487772343264,0.5740329035126723
0.282311424790472,0.070577856197618,0.06881340979267754,0.5782973092192325
0.2839451570101725,0.07651481645289694,0.06811145510835913,0.5714285714285714
0.2870493991989319,0.07521139296840232,0.06586559857587895,0.5718736092567869
0.28,0.08043956043956044,0.06681318681318682,0.5727472527472528
0.2770714598860149,0.08505041648399825,0.06707584392810172,0.5708022797018851
0.2784191829484902,0.08348134991119005,0.06793960923623446,0.5701598579040853
0.278391515687141,0.08705258506407423,0.06672558550596554,0.5678303137428192
0.27480245829675154,0.0913081650570676,0.06760316066725197,0.5662862159789289
0.2698763250883392,0.09540636042402827,0.06934628975265017,0.5653710247349824
0.26973684210526316,0.09078947368421053,0.07149122807017544,0.5679824561403509
0.2656319290465632,0.0860310421286031,0.06917960088691796,0.5791574279379157
0.2646928855501547,0.08705258506407423,0.06539991162174105,0.58285461776403
0.26369257950530034,0.08701413427561837,0.06757950530035335,0.5817137809187279
0.258688957325121,0.08578970523537176,0.06599208095028597,0.5895292564892213
0.26117751217352814,0.08764940239043825,0.06463036741921203,0.5865427180168216
0.25692916849978004,0.08710954685437748,0.06555213374395072,0.5904091509018917
0.2577409507195813,0.08416921064108156,0.06105538595726123,0.5970344526820759
0.2572447614801605,0.08470798038341507,0.06107891217119929,0.5969683459652252
0.2580502867225408,0.08645787384208205,0.06396118217909132,0.5915306572562858
0.265666372462489,0.08870255957634599,0.06354810238305383,0.5820829655781112
0.2623674911660777,0.0896643109540636,0.06316254416961131,0.5848056537102474
0.25852146967684814,0.09074811863656485,0.06374501992031872,0.5869853917662683
0.2560813799203892,0.09111012826183104,0.062361786819991154,0.5904467049977886
0.2550218340611354,0.09039301310043668,0.06157205240174673,0.5930131004366812
0.25492831541218636,0.08154121863799284,0.059587813620071685,0.6039426523297491
0.25341560158660204,0.08373732921992066,0.0625826355222565,0.6002644336712208
0.2575221238938053,0.08539823008849558,0.05929203539823009,0.5977876106194691
0.25680421422300265,0.08560140474100088,0.0601404741000878,0.5974539069359087
0.2597173144876325,0.0887809187279152,0.05874558303886926,0.592756183745583
0.2587108013937282,0.08797909407665505,0.06184668989547038,0.5914634146341463
0.25877192982456143,0.09078947368421053,0.06403508771929825,0.5864035087719298
0.2543936731107206,0.08963093145869948,0.06458699472759227,0.5913884007029877
0.2548330404217926,0.08787346221441125,0.0672231985940246,0.5900702987697716
0.25377107364685003,0.08740017746228926,0.06521739130434782,0.5936113575865128
0.25396825396825395,0.08774250440917107,0.068342151675485,0.58994708994709
0.25365853658536586,0.08514412416851441,0.06829268292682927,0.5929046563192905
0.25513851653261843,0.08534405719392314,0.06836461126005362,0.5911528150134048
0.25721901377165707,0.08840515326521546,0.06974677920924034,0.5846290537538872
0.2612172367836517,0.0866281652598845,0.07196801421590404,0.5801865837405598
0.26564551422319477,0.08796498905908097,0.07133479212253829,0.575054704595186
0.2622733303847855,0.08359133126934984,0.07607253427686864,0.578062804068996
0.26201067615658363,0.08140569395017794,0.07517793594306049,0.5814056939501779
