C,D,Oc,Od
0.0,1.0,0.0,0.0
0.0,0.6666666666666666,0.3333333333333333,0.0
0.0,0.8333333333333334,0.16666666666666666,0.0
0.0,0.6923076923076923,0.3076923076923077,0.0
0.0,0.6363636363636364,0.36363636363636365,0.0
0.0,0.6216216216216216,0.3783783783783784,0.0
0.0,0.6031746031746031,0.3968253968253968,0.0
0.0,0.5625,0.4375,0.0
0.0,0.5801526717557252,0.4198473282442748,0.0
0.0,0.547486033519553,0.44692737430167595,0.00558659217877095
0.0037593984962406013,0.5413533834586466,0.45112781954887216,0.0037593984962406013
0.0060790273556231,0.5167173252279635,0.46504559270516715,0.0121580547112462
0.0091324200913242,0.502283105022831,0.4726027397260274,0.01598173515981735
0.014705882352941176,0.47610294117647056,0.4852941176470588,0.02389705882352941
0.02064896755162242,0.4690265486725664,0.47345132743362833,0.03687315634218289
0.023086269744835967,0.44957472660996356,0.47144592952612396,0.05589307411907655
0.03059071729957806,0.4293248945147679,0.4757383966244726,0.06434599156118144
0.030881017257039057,0.4114441416893733,0.4904632152588556,0.06721162579473206
0.03225806451612903,0.3973249409913454,0.4948859166011015,0.07553107789142408
0.03295932678821879,0.38920056100981765,0.4964936886395512,0.08134642356241234
0.03516624040920716,0.37404092071611256,0.5115089514066496,0.0792838874680307
0.03458382180539273,0.358147713950762,0.5205158264947245,0.08675263774912075
0.03150912106135987,0.35268103924820343,0.5229408512990602,0.09286898839137644
0.035468501852832186,0.3446267866596083,0.5203811540497618,0.09952355743779778
0.03632694248234107,0.33905146316851664,0.5181634712411706,0.10645812310797174
0.0311587147030185,0.3373904576436222,0.5204479065238559,0.11100292112950341
0.036173250832936696,0.3298429319371728,0.5202284626368396,0.11375535459305093
0.03811764705882353,0.3336470588235294,0.5167058823529411,0.11152941176470588
0.037425832952989506,0.32724783204016433,0.5216795983569147,0.11364673664993154
0.04099099099099099,0.3247747747747748,0.5207207207207207,0.11351351351351352
0.0427426536064114,0.3272484416740873,0.5200356188780053,0.10997328584149599
0.046250561293219576,0.33228558599012126,0.5186349348899866,0.10282891782667265
0.04726148409893993,0.32773851590106007,0.5185512367491166,0.10644876325088339
0.05098901098901099,0.3230769230769231,0.5191208791208791,0.10681318681318681
0.050110864745011086,0.32682926829268294,0.5117516629711751,0.11130820399113082
0.052444444444444446,0.32133333333333336,0.5115555555555555,0.11466666666666667
0.053730017761989345,0.32326820603907636,0.5071047957371225,0.11589698046181172
0.05367355917289925,0.3224813022437307,0.5085789705235372,0.11526616805983282
0.05473965287049399,0.3235425011125946,0.5104583889630618,0.11125945705384958
0.05570175438596491,0.32149122807017544,0.5074561403508772,0.11535087719298245
0.058823529411764705,0.3233082706766917,0.5050862450243255,0.11278195488721804
0.059213433495360145,0.3239063190455148,0.4975695978789218,0.11931064958020327
0.058771929824561406,0.31842105263157894,0.5021929824561403,0.1206140350877193
0.05884936319718929,0.3170838823012736,0.5028546332894159,0.12121212121212122
0.06588132635253054,0.3150087260034904,0.5,0.11910994764397906
0.06551571491810536,0.3063302346170872,0.5086321381142098,0.11952191235059761
0.06678383128295255,0.3110720562390158,0.5017574692442882,0.12038664323374342
0.0684326710816777,0.3161147902869757,0.4949227373068433,0.1205298013245033
0.0700354609929078,0.3102836879432624,0.49822695035460995,0.12145390070921985
0.07494456762749446,0.3055432372505543,0.5002217294900222,0.11929046563192905
0.07709348692955251,0.307487815684537,0.49534780682321666,0.12007089056269384
0.07736263736263736,0.3010989010989011,0.4940659340659341,0.12747252747252746
0.07685589519650655,0.3078602620087336,0.48951965065502184,0.125764192139738
0.07949055775142731,0.31357048748353095,0.4830917874396135,0.12384716732542819
0.08167770419426049,0.3125827814569536,0.47991169977924947,0.12582781456953643
0.07808340727595386,0.31765749778172137,0.4764862466725821,0.12777284826974267
0.08672566371681416,0.3088495575221239,0.4721238938053097,0.1323008849557522
0.08600263273365512,0.3106625713032032,0.46994295743747255,0.13339183852566916
0.0880281690140845,0.31161971830985913,0.46786971830985913,0.1324823943661972
0.08875219683655536,0.312390158172232,0.46221441124780316,0.1366432337434095
0.08714788732394366,0.31514084507042256,0.45686619718309857,0.14084507042253522
0.0913907284768212,0.31037527593818987,0.4565121412803532,0.14172185430463577
0.09527972027972027,0.30725524475524474,0.4562937062937063,0.14117132867132867
0.09098862642169729,0.3022747156605424,0.46237970253718286,0.14435695538057744
0.09390083369899078,0.3018867924528302,0.4646774901272488,0.13953488372093023
0.09293193717277487,0.30279232111692844,0.4607329842931937,0.14354275741710296
0.0939982347749338,0.30406001765225066,0.4558693733451015,0.14607237422771405
0.09412284577993814,0.30225364560318163,0.45603181617322136,0.14759169244365886
0.09607756721022477,0.2966064345526664,0.4605553107095637,0.14676068752754517
0.10008779631255488,0.30201931518876207,0.45215100965759436,0.14574187884108866
0.1082039911308204,0.2940133037694013,0.44789356984478934,0.14988913525498893
0.1062992125984252,0.29133858267716534,0.4483814523184602,0.15398075240594924
0.10693769332744145,0.2894387980556783,0.4432169686257181,0.16040653999116217
0.11125827814569536,0.2988962472406181,0.4335540838852097,0.1562913907284768
0.11536767943637165,0.2915015411712902,0.4319682959048877,0.16116248348745046
0.11914148050810337,0.2943495400788436,0.42093736311870344,0.16557161629434955
0.12026431718061674,0.29251101321585904,0.42026431718061674,0.1669603524229075
0.11894273127753303,0.2872246696035242,0.4251101321585903,0.16872246696035242
0.1209179170344219,0.2965578111209179,0.41394527802294795,0.16857899382171226
0.11651785714285715,0.29375,0.4160714285714286,0.17366071428571428
0.1175430844012373,0.2907644719399028,0.41051701281484754,0.1811754308440124
0.12121212121212122,0.29188948306595364,0.4090909090909091,0.17780748663101603
0.12736056214317085,0.2894158981115503,0.40974967061923584,0.17347386912604304
0.1270815074496056,0.28264680105170903,0.4049079754601227,0.18536371603856266
0.12256637168141593,0.28185840707964605,0.4066371681415929,0.18893805309734513
0.12926073483842407,0.2788844621513944,0.40150509074811863,0.19034971226206285
0.1266432953549518,0.27651183172655563,0.4057843996494303,0.19106047326906223
0.12686567164179105,0.2739244951712028,0.4113257243195786,0.18788410886742757
0.12593571114046676,0.27829150154117127,0.40378687802730073,0.1919859092910612
0.12105263157894737,0.27631578947368424,0.40789473684210525,0.19473684210526315
0.12816041848299914,0.27114210985178727,0.4084568439407149,0.19224062772449868
0.12815964523281598,0.270509977827051,0.41197339246119735,0.1893569844789357
0.13544415127528583,0.2612137203166227,0.41072999120492526,0.19261213720316622
0.1419642857142857,0.2598214285714286,0.40669642857142857,0.19151785714285716
0.14215904042647712,0.2598844957796535,0.4060417592181253,0.1919147045757441
0.14741907261592302,0.2567804024496938,0.4020122484689414,0.19378827646544183
0.14643799472295516,0.25857519788918204,0.3935795954265611,0.20140721196130168
0.15418697385910501,0.25963668586619404,0.385024368630926,0.20115197164377493
0.15574131104267488,0.2542894852617686,0.3849538055433348,0.20501539815222172
0.15580985915492956,0.25704225352112675,0.3846830985915493,0.20246478873239437
0.15835520559930008,0.2554680664916885,0.38407699037620296,0.2020997375328084
0.15828924162257496,0.2583774250440917,0.3853615520282187,0.19797178130511464
0.16371681415929204,0.25309734513274335,0.39070796460176993,0.19247787610619468
0.16542669584245076,0.25689277899343543,0.387308533916849,0.19037199124726478
0.16394167034909413,0.25673884224480775,0.39019001325673885,0.18912947414935927
0.16666666666666666,0.2530701754385965,0.39517543859649124,0.1850877192982456
0.16463414634146342,0.2460801393728223,0.39590592334494773,0.19337979094076654
0.1687170474516696,0.2561511423550088,0.3954305799648506,0.179701230228471
0.16892186817983412,0.2501091226538629,0.3902226102138804,0.1907463989524225
0.17039964866051824,0.2503293807641634,0.391304347826087,0.18796662274923145
0.17106420404573439,0.24494283201407213,0.3865435356200528,0.19744942832014073
0.1703835860838537,0.2448706512042819,0.3893844781445138,0.19536128456735058
0.1718544498027181,0.24682156948706707,0.38974134151687856,0.19158263919333626
0.1794759825327511,0.24716157205240175,0.37903930131004365,0.1943231441048035
0.17822222222222223,0.25244444444444447,0.37066666666666664,0.19866666666666666
0.17975567190226877,0.25523560209424084,0.36910994764397903,0.19589877835951133
0.18446601941747573,0.2524271844660194,0.36584289496910855,0.19726390114739628
0.18446601941747573,0.2546337157987643,0.3667255075022065,0.1941747572815534
0.18481123792800702,0.25548726953467954,0.3656716417910448,0.19402985074626866
0.1884377758164166,0.25728155339805825,0.3592233009708738,0.19505736981465135
0.19166666666666668,0.25877192982456143,0.3574561403508772,0.19210526315789472
0.19125441696113074,0.2579505300353357,0.3568904593639576,0.19390459363957596
0.18769230769230769,0.2676923076923077,0.3512087912087912,0.1934065934065934
0.1866258741258741,0.2652972027972028,0.3527097902097902,0.19536713286713286
0.18617957746478872,0.25880281690140844,0.3617957746478873,0.1932218309859155
0.18681318681318682,0.2567032967032967,0.36527472527472526,0.1912087912087912
0.19164072921298356,0.25566918630502444,0.35615829257447756,0.19653179190751446
0.19617437722419928,0.2491103202846975,0.3536476868327402,0.20106761565836298
0.1924923614142296,0.25229157573112176,0.3539938891313837,0.20122217372326495
0.1966855647623201,0.2494548626253816,0.35237679895333623,0.20148277365896206
0.19188835586567815,0.2511993022241605,0.3497601395551679,0.20715220235499346
0.19760744350908285,0.24634470536109881,0.3438192290651307,0.21222862206468765
0.20476610767872905,0.2528684907325684,0.33362753751103263,0.2087378640776699
0.20616740088105726,0.2511013215859031,0.32555066079295153,0.2171806167400881
0.2125054656755575,0.24573677306515085,0.3296895496283341,0.2120682116309576
0.21212121212121213,0.2503293807641634,0.32806324110671936,0.20948616600790515
0.2167985927880387,0.24890061565523308,0.32189973614775724,0.21240105540897097
0.22315510384445428,0.2421564295183385,0.3230225364560318,0.21166593018117544
0.2227550130775937,0.23626852659110723,0.32432432432432434,0.21665213600697472
0.22380106571936056,0.23712255772646537,0.31793960923623443,0.2211367673179396
0.2234931808183018,0.23405191377034756,0.3224813022437307,0.21997360316761988
0.22952961672473868,0.2347560975609756,0.3205574912891986,0.21515679442508712
0.22741161065037102,0.23395896988214754,0.32736796158882586,0.2112614578786556
0.22563652326602282,0.2344161545215101,0.32748024582967517,0.21246707638279191
0.22080211546936976,0.23446452181577787,0.32966064345526663,0.2150727192595857
0.2260334212840809,0.2260334212840809,0.322339489885664,0.22559366754617413
0.22649006622516557,0.223841059602649,0.32229580573951433,0.22737306843267108
0.22310405643738976,0.22486772486772486,0.32098765432098764,0.2310405643738977
0.2239858906525573,0.22354497354497355,0.32936507936507936,0.22310405643738976
0.22481302243730752,0.21953365596128466,0.3286405631324241,0.22701275846898372
0.2224659938569548,0.22817025010969724,0.3203159280386134,0.22904782799473453
0.22139084507042253,0.22535211267605634,0.3221830985915493,0.23107394366197184
0.22877254729432467,0.22393312802463705,0.3224813022437307,0.22481302243730752
0.22815533980582525,0.2210944395410415,0.32215357458075905,0.22859664607237423
0.2300923889133304,0.21645402551693796,0.32468103827540695,0.22877254729432467
0.2223202470224967,0.22143802382002647,0.3281870313189237,0.22805469783855314
0.2266725352112676,0.21742957746478872,0.3279049295774648,0.22799295774647887
0.22761358623731803,0.21790913101014556,0.32289369210410235,0.23158359064843406
0.224945295404814,0.2175054704595186,0.32341356673960614,0.23413566739606126
0.22805469783855314,0.21702690780767533,0.32642258491398324,0.22849580943978826
0.22626441881100265,0.21694764862466726,0.3283052351375333,0.2284826974267968
0.21837549933422104,0.22325787838437638,0.33022636484687085,0.22814025743453173
0.22472406181015453,0.2185430463576159,0.3293598233995585,0.22737306843267108
0.22306322350845947,0.21549421193232413,0.3348174532502226,0.22662511130899377
0.22781456953642384,0.22207505518763798,0.3271523178807947,0.2229580573951435
0.2212860310421286,0.22261640798226165,0.3325942350332594,0.22350332594235034
0.2222709338009645,0.22051731696624288,0.3305567733450241,0.22665497588776853
0.22066549912434325,0.22197898423817863,0.3266199649737303,0.23073555166374782
0.22529644268774704,0.21651295564339043,0.32938076416337286,0.22880983750548967
0.2240174672489083,0.2170305676855895,0.33013100436681225,0.22882096069868996
0.22922134733158356,0.2125984251968504,0.3324584426946632,0.22572178477690288
0.22550750220653135,0.2087378640776699,0.33671668137687555,0.2290379523389232
0.22906513070447496,0.2157731501993797,0.3296411165263624,0.2255206025697829
0.2221729490022173,0.21773835920177384,0.3325942350332594,0.22749445676274946
0.2189010989010989,0.22593406593406593,0.3261538461538461,0.229010989010989
0.22543859649122808,0.2267543859649123,0.3254385964912281,0.22236842105263158
0.2213875386654883,0.22580645161290322,0.31904551480335835,0.2337604949182501
0.22040636042402828,0.22173144876325088,0.3224381625441696,0.23542402826855124
0.22067160924552987,0.2245965983427824,0.3214129960750109,0.23331879633667685
0.22119613016710643,0.22163588390501318,0.3245382585751979,0.2326297273526825
0.22382829610162067,0.21638195356986423,0.32544897065265005,0.23434077967586509
0.22657281126264847,0.22305323361196655,0.322921249450066,0.22745270567531897
0.2272525521526853,0.23169107856191745,0.31380381713271194,0.2272525521526853
0.22659010600706714,0.2248233215547703,0.3224381625441696,0.22614840989399293
0.2287467134092901,0.23137598597721298,0.31551270815074495,0.22436459246275198
0.22785368003525783,0.23093873953283384,0.31776112825033054,0.2234464521815778
0.22953736654804271,0.23398576512455516,0.3162811387900356,0.22019572953736655
0.23421052631578948,0.23114035087719298,0.3131578947368421,0.22149122807017543
0.23524189968930315,0.23080337328007103,0.3124722592099423,0.22148246782068354
0.2395970214629873,0.22864651773981604,0.30836618484450284,0.2233902759526938
0.24163732394366197,0.2323943661971831,0.3019366197183099,0.22403169014084506
0.23388172521120498,0.22632281013783903,0.31036016007114275,0.22943530457981326
0.23248686514886166,0.23161120840630472,0.30253940455341505,0.23336252189141857
0.23066725585505965,0.23155103844454264,0.3013698630136986,0.23641184268669907
0.23005729396209784,0.22829440282062582,0.30498016747465845,0.23666813574261789
0.22727272727272727,0.2312062937062937,0.30463286713286714,0.2368881118881119
0.22735268249780125,0.23131046613896217,0.3043095866314864,0.23702726473175023
0.22824661128115434,0.2334936598163533,0.3038915609969392,0.23436816790555312
0.22981914424349362,0.23114247904719895,0.3043670048522276,0.23467137185707984
0.23276240667545015,0.22837066315327184,0.29863855950812473,0.24022837066315328
0.23155103844454264,0.2275740167918692,0.3013698630136986,0.23950508174988952
0.2337719298245614,0.225,0.3048245614035088,0.23640350877192984
0.23380035026269702,0.2276707530647986,0.29772329246935203,0.24080560420315236
0.23474387527839644,0.22628062360801782,0.2984409799554566,0.24053452115812918
0.23015521064301553,0.22394678492239467,0.29933481152993346,0.2465631929046563
0.23127753303964757,0.22026431718061673,0.3004405286343612,0.24801762114537446
0.23824175824175825,0.22021978021978023,0.2997802197802198,0.24175824175824176
0.23588621444201313,0.21794310722100657,0.30328227571115973,0.24288840262582057
0.24010554089709762,0.21591908531222515,0.30914687774846084,0.23482849604221637
0.23012367491166077,0.2230565371024735,0.30874558303886923,0.23807420494699646
0.23433362753751102,0.21977052074139453,0.3106796116504854,0.235216240070609
0.2375379280450802,0.22193324664065886,0.3073255309926311,0.2332032943216298
0.23134002618943691,0.21868179834133566,0.30990833697075515,0.24006983849847227
0.23461708720672864,0.22753430721558213,0.29969012837538733,0.2381584772023019
0.238898756660746,0.22291296625222023,0.30017761989342806,0.23801065719360567
0.2397020157756354,0.22392638036809817,0.2971078001752848,0.2392638036809816
0.23702726473175023,0.22383465259454705,0.2994722955145119,0.23966578715919085
0.2410910690717114,0.22261328640563133,0.29520457545094586,0.2410910690717114
0.235861464270057,0.22840859272249014,0.2893467777290662,0.24638316527838666
0.23891084760649978,0.2231005709266579,0.2902942468159859,0.24769433465085638
0.23722149410222804,0.22848405417212755,0.2857142857142857,0.24858016601135868
0.2362924281984334,0.2258485639686684,0.2819843342036554,0.2558746736292428
0.23784261715296198,0.22634836427939875,0.28514588859416445,0.2506631299734748
0.23209549071618038,0.22546419098143236,0.2891246684350133,0.253315649867374
0.22880983750548967,0.22397891963109354,0.2898550724637681,0.25735617039964864
0.22978347326557666,0.23066725585505965,0.28413610251878035,0.2554131683605833
0.2269722344645218,0.22829440282062582,0.2869105332745703,0.25782282944028206
0.2237544483985765,0.22508896797153025,0.2918149466192171,0.25934163701067614
0.23049956178790534,0.22436459246275198,0.2883435582822086,0.2567922874671341
0.23043288150415392,0.219938784433756,0.28771316134674246,0.26191517271534764
0.2262323943661972,0.22535211267605634,0.28257042253521125,0.2658450704225352
0.22999120492524186,0.22119613016710643,0.2805628847845207,0.26824978012313105
0.23279263480929416,0.22139412538360367,0.28540113985094256,0.2604120999561596
0.23226090788893786,0.2124283825473777,0.2882327016306743,0.2670780079330101
0.23880597014925373,0.21378402107111502,0.28138718173836696,0.2660228270412643
0.24019180470793375,0.21272885789014823,0.28596338273757627,0.2611159546643418
0.24689716312056736,0.2149822695035461,0.2823581560283688,0.2557624113475177
0.2479010163499779,0.2063632346442775,0.28413610251878035,0.2615996464869642
0.24856512141280354,0.20176600441501102,0.28565121412803535,0.2640176600441501
0.25197541703248466,0.19666374012291485,0.2840210711150132,0.26733977172958734
0.2552539404553415,0.19746059544658495,0.276707530647986,0.27057793345008757
0.2547714158899245,0.19573901464713714,0.2822902796271638,0.2671992898357745
0.25691699604743085,0.19587176108915239,0.282389108476065,0.2648221343873518
0.25587583148558757,0.19911308203991132,0.2776053215077605,0.26740576496674057
0.25186485300570427,0.1943835015357613,0.2803861342694164,0.27336551118911806
0.2518747243052492,0.19629466254962505,0.2774591971768858,0.27437141596823994
0.250992501102779,0.19761799735333038,0.278341420379356,0.2730480811645346
0.24834583149536832,0.19541243934715483,0.2818703131892369,0.27437141596823994
0.24369016536118362,0.19234116623150566,0.28720626631853785,0.27676240208877284
0.2441048034934498,0.1978165938864629,0.28296943231441046,0.27510917030567683
0.23640350877192984,0.2057017543859649,0.2899122807017544,0.2679824561403509
0.23771580345285526,0.20717131474103587,0.2903939796370075,0.2647189021691014
0.23182624113475178,0.2078900709219858,0.29343971631205673,0.26684397163120566
0.22921249450065992,0.21029476462824462,0.2930048394192697,0.26748790145182577
0.23490524460114587,0.21022476862053768,0.2891141472014103,0.2657558395769061
0.23253757736516356,0.20954907161803712,0.28470380194518125,0.27320954907161804
0.23331860362350862,0.2129916040653999,0.28060097216084845,0.27308882015024305
0.2322695035460993,0.22074468085106383,0.2801418439716312,0.26684397163120566
0.22829440282062582,0.22080211546936976,0.28206258263552225,0.26884089907448216
0.22791519434628976,0.2230565371024735,0.28224381625441697,0.2667844522968198
0.23073516386182463,0.22852081488042517,0.28299379982285205,0.2577502214348981
0.23029502421840597,0.23381770145310435,0.2774108322324967,0.25847644209599296
0.23080298376480912,0.23562966213251427,0.27643703378674855,0.25713032031592803
0.2274923144488362,0.23539745278875715,0.2784365393061045,0.25867369345630215
0.23232323232323232,0.23232323232323232,0.28019323671497587,0.2551602986385595
0.22896368467670505,0.233392382639504,0.283436669619132,0.254207263064659
0.23365300784655624,0.22667829119442023,0.27898866608544026,0.26068003487358327
0.23555359505955006,0.22540802823114248,0.2792236435818262,0.25981473312748127
0.2401766004415011,0.22207505518763798,0.28741721854304636,0.2503311258278146
0.24110671936758893,0.2231005709266579,0.28326745718050067,0.25252525252525254
0.23903508771929824,0.22149122807017543,0.2776315789473684,0.2618421052631579
0.24098504837291118,0.21899736147757257,0.27924362357080035,0.26077396657871593
0.23714036617262424,0.21970357454228423,0.27680906713164777,0.26634699215344376
0.2379903040987219,0.21683561040105773,0.2780960775672102,0.2670780079330101
0.23686514886164622,0.2180385288966725,0.28327495621716287,0.2618213660245184
0.22560706401766004,0.2194260485651214,0.2860927152317881,0.26887417218543047
0.22878720568636163,0.2190137716570413,0.2785428698356286,0.27365615282096845
0.23357015985790408,0.2135879218472469,0.2797513321492007,0.2730905861456483
0.23039647577092512,0.21365638766519823,0.28149779735682817,0.27444933920704845
0.23387450636243967,0.20447564721369021,0.282141290039491,0.2795085563843791
0.23750552852720036,0.205218929677134,0.27598407784166296,0.2812914639540027
0.23885209713024283,0.20264900662251656,0.2790286975717439,0.27947019867549666
0.2370500438981563,0.2032484635645303,0.28270412642669007,0.27699736611062337
0.2436570428696413,0.20297462817147857,0.2751531058617673,0.2782152230971129
0.24438573315719947,0.20123293703214443,0.2747688243064729,0.2796125055041832
0.24648506151142355,0.2069420035149385,0.26362038664323373,0.28295254833040423
0.24224977856510185,0.20593445527015058,0.2679362267493357,0.2838795394154119
0.24649122807017543,0.2013157894736842,0.27324561403508774,0.2789473684210526
0.24377224199288255,0.20106761565836298,0.2749110320284697,0.2802491103202847
0.24031690140845072,0.198943661971831,0.2772887323943662,0.2834507042253521
0.24074074074074073,0.2001763668430335,0.2707231040564374,0.28835978835978837
0.24497816593886462,0.19912663755458515,0.262882096069869,0.2930131004366812
0.2378236068451075,0.19789381307591047,0.2663448881088197,0.29793769197016234
0.23761061946902653,0.20442477876106194,0.2650442477876106,0.2929203539823009
0.24052863436123348,0.19823788546255505,0.2687224669603524,0.29251101321585904
0.2422907488986784,0.19383259911894274,0.2665198237885463,0.2973568281938326
0.240958605664488,0.1991285403050109,0.26753812636165575,0.2923747276688453
0.24175824175824176,0.20263736263736265,0.26593406593406593,0.2896703296703297
0.23938053097345133,0.20353982300884957,0.2734513274336283,0.2836283185840708
0.2447089947089947,0.19973544973544974,0.2698412698412698,0.2857142857142857
0.2440423654015887,0.20344218887908208,0.2687555163283319,0.28375992939099737
0.23991228070175438,0.20087719298245615,0.2741228070175439,0.2850877192982456
0.24010439321444105,0.20313179643323184,0.2662026968247064,0.2905611135276207
0.24618736383442266,0.19651416122004356,0.26710239651416123,0.2901960784313726
0.24593048834139902,0.19665640123185218,0.269687637483502,0.2877254729432468
0.24141008478357875,0.19812583668005354,0.2713074520303436,0.2891566265060241
0.24084693427437143,0.1980591089545655,0.27128363475959416,0.2898103220114689
0.24405286343612334,0.1894273127753304,0.2709251101321586,0.2955947136563877
0.24112231477422183,0.1955282770714599,0.27312582200789126,0.290223586146427
0.2384076990376203,0.19378827646544183,0.2769028871391076,0.2909011373578303
0.2478031634446397,0.18980667838312829,0.27372583479789103,0.28866432337434095
0.24640209332751853,0.18447448757086785,0.275621456607065,0.29350196249454863
0.23794781070322865,0.189296771340115,0.2689075630252101,0.3038478549314463
0.2424511545293073,0.18383658969804617,0.27042628774422733,0.3032859680284192
0.23592017738359203,0.1844789356984479,0.26962305986696233,0.3099778270509978
0.23713154421469423,0.1825780906291245,0.27144742630884294,0.3088429388473383
0.24187884108867427,0.1804214223002634,0.26953467954345917,0.30816505706760317
0.2423043095866315,0.1802990325417766,0.27088830255057167,0.3065083553210202
0.2437636761487965,0.1763676148796499,0.27177242888402625,0.3080962800875274
0.24902046147148454,0.17544623421854594,0.26861123204179366,0.30692207226817586
0.24868421052631579,0.1780701754385965,0.2679824561403509,0.30526315789473685
0.2423043095866315,0.1772207563764292,0.2669305189094107,0.31354441512752856
0.24620060790273557,0.17194963091619628,0.26617455492835435,0.31567520625271384
0.24834874504623514,0.17437252311756934,0.2628797886393659,0.3143989431968296
0.246776345042241,0.1694086260560249,0.2658959537572254,0.3179190751445087
0.2527280663465735,0.16630292448712353,0.26320384111741596,0.31776516804888694
0.25011008366358434,0.16776750330250992,0.2650814619110524,0.31704095112285335
0.24601769911504426,0.1747787610619469,0.2597345132743363,0.31946902654867254
0.24396665204036858,0.1755155770074594,0.25976305397103994,0.32075471698113206
0.24582967515364354,0.17866549604916593,0.25417032484635643,0.32133450395083407
0.23767605633802816,0.17913732394366197,0.2539612676056338,0.32922535211267606
0.24065112186537616,0.18433787945446548,0.2564892212934448,0.3185217773867136
0.23820026466696073,0.18482576091751213,0.25849139832377593,0.31848257609175123
0.23351158645276293,0.19028520499108734,0.25445632798573975,0.32174688057041
0.2320879120879121,0.19076923076923077,0.2549450549450549,0.3221978021978022
0.22829440282062582,0.19303657999118554,0.2600264433671221,0.31864257382106653
0.23803249890206413,0.18357487922705315,0.2621870882740448,0.31620553359683795
0.23805348531345902,0.19333625602805787,0.2647961420429636,0.3038141166155195
0.2426887821911829,0.18769096464426016,0.2653862941946748,0.30423395896988215
0.24177777777777779,0.18844444444444444,0.27111111111111114,0.2986666666666667
0.24346689895470383,0.18771777003484322,0.2643728222996516,0.3044425087108014
0.24588706091596266,0.1871943085815918,0.26900844819919967,0.2979101823032459
0.24758983347940403,0.18755477651183172,0.26730937773882557,0.29754601226993865
0.24922669023420238,0.18426866990720284,0.2620415377817057,0.3044631020768891
0.24699599465954605,0.1811303960836671,0.2656875834445928,0.30618602581219406
0.24542284219703575,0.18047079337401917,0.2680906713164778,0.3060156931124673
0.2381578947368421,0.18552631578947368,0.2644736842105263,0.3118421052631579
0.2367382726874178,0.18807540552389304,0.2626041209995616,0.3125822007891276
0.2410437859354268,0.19239274657231314,0.2560813799203892,0.31048208757187085
0.24387040280210157,0.19395796847635727,0.2574430823117338,0.30472854640980734
0.23722149410222804,0.19528178243774574,0.25731760594145914,0.3101791175185671
0.24076488483268144,0.18904823989569752,0.2616253802694481,0.30856149500217295
0.24440544098288722,0.18648530057042562,0.2606406318560772,0.3084686265906099
0.2430890741553313,0.18560772268538833,0.2606406318560772,0.3106625713032032
0.24139433551198258,0.1895424836601307,0.2623093681917211,0.3067538126361656
0.23962930273609886,0.18755516328331862,0.26037069726390116,0.3124448367166814
0.24570673712021135,0.19110523998238663,0.2562747688243065,0.30691325407309555
0.24310118265440211,0.19229084537888744,0.25711782742006134,0.30749014454664914
0.2407079646017699,0.1986725663716814,0.25442477876106195,0.30619469026548674
0.24361233480176211,0.2,0.252863436123348,0.30352422907488985
0.24227714033539277,0.19902912621359223,0.2524271844660194,0.3062665489849956
0.24163732394366197,0.20642605633802816,0.25,0.3019366197183099
0.24084693427437143,0.2046757829730922,0.24702249669166298,0.3074547860608734
0.23740053050397877,0.20424403183023873,0.2475685234305924,0.3107869142351901
0.23657791357485813,0.20427760803142733,0.2501091226538629,0.3090353557398516
0.23740053050397877,0.20424403183023873,0.2484526967285588,0.3099027409372237
0.2315882874889086,0.20097604259094942,0.25332741792369123,0.31410825199645076
0.2330357142857143,0.19866071428571427,0.2486607142857143,0.3196428571428571
0.22913907284768212,0.2,0.247682119205298,0.32317880794701986
0.23137946231820186,0.2009695901278096,0.24416042309387395,0.3234905244601146
0.23433362753751102,0.19726390114739628,0.24227714033539277,0.3261253309796999
0.24073266463148713,0.1927605756650676,0.23506323593545572,0.3314435237679895
0.23945518453427064,0.1937609841827768,0.23550087873462214,0.3312829525483304
0.2387011847301448,0.19043440105309345,0.2378236068451075,0.33304080737165426
0.24172915747684165,0.1901191001323335,0.2399647110719012,0.3281870313189237
0.24611973392461198,0.1844789356984479,0.24168514412416853,0.3277161862527716
0.24647887323943662,0.18617957746478872,0.23591549295774647,0.3314260563380282
0.24989078200087375,0.19397116644823068,0.22979467016164265,0.32634338138925295
0.25338575797291396,0.19353429445172565,0.23023154215814767,0.32284840541721277
0.2565905096660808,0.19112478031634447,0.23110720562390158,0.3211775043936731
0.2535211267605634,0.18970070422535212,0.23283450704225353,0.323943661971831
0.25393356643356646,0.19143356643356643,0.2312062937062937,0.32342657342657344
0.26704545454545453,0.19361888111888112,0.22465034965034966,0.3146853146853147
0.26191517271534764,0.19720157411456055,0.22737210319195453,0.3135111499781373
0.26477121279431365,0.19902265659706797,0.22745446468236338,0.30875166592625497
0.2763507528786537,0.1913197519929141,0.2254207263064659,0.3069087688219663
0.27543314082629944,0.19324744557974233,0.2243447356730342,0.30697467792092403
0.2715669014084507,0.19806338028169015,0.2227112676056338,0.3076584507042254
0.2720425343376163,0.19627824545857334,0.2255206025697829,0.30615861763402746
0.27480245829675154,0.199297629499561,0.2221246707638279,0.3037752414398595
0.27785175321793165,0.19529516200621394,0.22547714158899246,0.30137594318686195
0.28527200353825743,0.19637328615656788,0.21627598407784165,0.30207872622733306
0.2819947043248014,0.19593998234774934,0.21403353927625773,0.30803177405119153
0.28365384615384615,0.19624125874125875,0.2111013986013986,0.3090034965034965
0.28253275109170306,0.19956331877729258,0.21222707423580786,0.3056768558951965
0.28131966116807844,0.19750334373606776,0.21578243423985732,0.3053945608559964
0.2813738441215324,0.2051959489211801,0.20827829150154117,0.3051519154557464
0.2753178430512933,0.20517316966242877,0.2121876370013152,0.3073213502849627
0.2752212389380531,0.2075221238938053,0.21238938053097345,0.3048672566371681
0.27824175824175823,0.21142857142857144,0.21406593406593408,0.29626373626373625
0.2712087912087912,0.21142857142857144,0.21978021978021978,0.2975824175824176
0.26970227670753066,0.21103327495621715,0.21847635726795098,0.30078809106830123
0.2641509433962264,0.21851689337428698,0.2180781044317683,0.29925405879771827
0.2581786030061892,0.21264367816091953,0.22369584438549955,0.30548187444739167
0.2515391380826737,0.21503957783641162,0.22383465259454705,0.3095866314863676
0.25497127706584183,0.21785240830755634,0.22448077772867875,0.3026955368979231
0.25320371188687585,0.21873619089703933,0.2200618647812638,0.30799823243482105
0.25833333333333336,0.21710526315789475,0.2131578947368421,0.31140350877192985
0.2608886933567972,0.21205455345358556,0.21029476462824462,0.3167619885613726
0.26334362593736216,0.21349801499779444,0.20732245258050286,0.3158359064843405
0.2633889376646181,0.22168568920105355,0.20500438981562774,0.3099209833187006
0.26065934065934065,0.22285714285714286,0.2021978021978022,0.3142857142857143
0.2603938730853392,0.22319474835886213,0.20612691466083152,0.31028446389496717
0.26763031099430573,0.22558037669732808,0.1962330267192291,0.3105562855891371
0.2677861246133451,0.2209456473707468,0.19133893062306673,0.31992929739284137
0.2699172834131476,0.22028733130169786,0.19634305616020897,0.3134523291249456
0.2728471001757469,0.2179261862917399,0.1999121265377856,0.3093145869947276
0.2710074791025077,0.2278926528816542,0.1992960844698636,0.3018037835459745
0.26834659593280286,0.22458001768346597,0.20468611847922194,0.30238726790450926
0.2711937716262976,0.22145328719723184,0.20588235294117646,0.3014705882352941
0.26652078774617066,0.22844638949671772,0.20262582056892778,0.3024070021881838
0.26239578762615184,0.22817025010969724,0.20403685827117157,0.30539710399297937
0.2600700525394046,0.2373029772329247,0.202276707530648,0.30035026269702275
0.26334362593736216,0.23511248345831495,0.20335244816938686,0.29819144243493606
0.25793650793650796,0.23412698412698413,0.20414462081128748,0.3037918871252205
0.2618213660245184,0.22591943957968477,0.2031523642732049,0.30910683012259194
0.2614578786556089,0.23264949803579224,0.2047140986468791,0.3011785246617198
0.260035682426405,0.231935771632471,0.19937555753791258,0.3086529884032114
0.2621657167908812,0.23805348531345902,0.19508987286277948,0.3046909250328803
0.2601054481546573,0.23198594024604569,0.20123022847100175,0.30667838312829526
0.2629955947136564,0.23039647577092512,0.20044052863436124,0.30616740088105726
0.2629516760992599,0.23552459730082717,0.19460165433173704,0.30692207226817586
0.26237406920718354,0.23390275952693823,0.19185282522996058,0.3118703460359177
0.26285714285714284,0.23252747252747252,0.19956043956043956,0.30505494505494507
0.2606986899563319,0.2388646288209607,0.19825327510917032,0.3021834061135371
0.26306543697848045,0.2349582784365393,0.19894598155467721,0.30303030303030304
0.2629955947136564,0.23788546255506607,0.19911894273127753,0.3
0.2638522427440633,0.23526824978012312,0.20316622691292877,0.29771328056288476
0.2623590633130963,0.23156981786643538,0.20121422376409367,0.3048568950563747
0.2671654929577465,0.22799295774647887,0.198943661971831,0.3058978873239437
0.2582608695652174,0.23043478260869565,0.20217391304347826,0.3091304347826087
0.2596830985915493,0.22711267605633803,0.2051056338028169,0.30809859154929575
0.26598579040852577,0.22424511545293072,0.20426287744227353,0.30550621669627
0.26734423331860363,0.22315510384445428,0.2054794520547945,0.3040212107821476
0.2699602999558888,0.21393912659902956,0.20644022937803264,0.30966034406704895
0.27336551118911806,0.21456779289161912,0.2053532250987275,0.30671347082053535
0.26564551422319477,0.21706783369803062,0.21050328227571116,0.3067833698030635
0.26865671641791045,0.21597892888498682,0.20763827919227393,0.3077260755048288
0.2662251655629139,0.2163355408388521,0.20838852097130242,0.3090507726269316
0.2639683238011439,0.21777386713594368,0.21425428948526176,0.3040035195776507
0.2590149516270888,0.21943711521547934,0.20932277924362358,0.3122251539138083
0.2578809106830123,0.22066549912434325,0.21015761821366025,0.31129597197898423
0.2562858403176004,0.2227613586237318,0.2121746801940891,0.30877812086457873
0.26195699868363315,0.22071083808688022,0.21281263712154452,0.3045195261079421
0.26252771618625276,0.21906873614190686,0.21197339246119734,0.30643015521064304
0.25820568927789933,0.2210065645514223,0.21575492341356675,0.3050328227571116
0.25824901011878576,0.21997360316761988,0.21821381434227893,0.3035635723713154
0.26026200873362443,0.2200873362445415,0.2131004366812227,0.30655021834061136
0.2580502867225408,0.22452580502867225,0.20996912218791355,0.3074547860608734
0.25557986870897154,0.224945295404814,0.21137855579868708,0.3080962800875274
0.24857268335529206,0.2235397452788757,0.2160737812911726,0.31181379007465965
0.24759405074365703,0.2274715660542432,0.21609798775153105,0.3088363954505687
0.2503317116320212,0.22821760283060594,0.2127377266696152,0.3087129588677576
0.2512013979903888,0.22935779816513763,0.21100917431192662,0.308431629532547
0.24956140350877193,0.22807017543859648,0.21052631578947367,0.3118421052631579
0.250771264874394,0.22300572939620977,0.21595416483032173,0.31026884089907447
0.24868421052631579,0.22543859649122808,0.21666666666666667,0.3092105263157895
0.24559859154929578,0.22931338028169015,0.21214788732394366,0.31294014084507044
0.24325519681556834,0.22865988500663423,0.21450685537372843,0.31357806280406897
0.24624226348364278,0.23253757736516356,0.20910698496905394,0.3121131741821397
0.2424109106907171,0.22921249450065992,0.21601407831060274,0.3123625164980202
0.243231247225921,0.2334664891256103,0.21793164669329781,0.30537061695517087
0.2482456140350877,0.2324561403508772,0.21578947368421053,0.30350877192982456
0.24441524310118265,0.231712658782304,0.21550591327201052,0.30836618484450284
0.24534986713906112,0.22984942426926483,0.2183348095659876,0.30646589902568644
0.24790841039189784,0.22589167767503301,0.21488331131660063,0.31131660061646854
0.25044091710758376,0.22001763668430335,0.21825396825396826,0.31128747795414463
0.2469244288224956,0.22056239015817222,0.2218804920913884,0.31063268892794377
0.249889819303658,0.21947994711326577,0.21859850154252974,0.3120317320405465
0.249667994687915,0.22000885347498894,0.2244355909694555,0.3058875608676406
0.25320938468348825,0.21912350597609562,0.2266489597166888,0.3010181496237273
0.25022222222222223,0.22266666666666668,0.22533333333333333,0.30177777777777776
0.2517636684303351,0.21649029982363316,0.2275132275132275,0.30423280423280424
0.25917735515258733,0.21671826625386997,0.22069880583812473,0.30340557275541796
0.2564102564102564,0.21396993810786913,0.22325375773651635,0.3063660477453581
0.263019693654267,0.21663019693654267,0.21794310722100657,0.3024070021881838
0.25342163355408387,0.2119205298013245,0.22339955849889626,0.31125827814569534
0.2505465675557499,0.21512898994315696,0.22081329252295584,0.3135111499781373
0.25375110326566636,0.20962047661076788,0.22153574580759047,0.31509267431597526
0.2505484861781483,0.20754716981132076,0.22465993856954805,0.31724440544098287
0.25873507297655907,0.20831490490933216,0.22202565236620964,0.31092436974789917
0.254962505513895,0.20820467578297308,0.22099691221879136,0.3158359064843405
0.2575088339222615,0.20715547703180212,0.2226148409893993,0.3127208480565371
0.2536010475774771,0.20820602357049323,0.22042776080314272,0.31776516804888694
0.2572062084257206,0.2057649667405765,0.2203991130820399,0.316629711751663
0.2572304995617879,0.2116564417177914,0.21603856266432953,0.31507449605609117
0.2512035010940919,0.21838074398249452,0.21137855579868708,0.3190371991247265
0.25197541703248466,0.21817383669885865,0.21729587357330993,0.3125548726953468
0.24956063268892795,0.2218804920913884,0.2157293497363796,0.31282952548330406
0.24491600353669318,0.22502210433244915,0.21618037135278514,0.3138815207780725
0.24520069808027922,0.21902268760907503,0.22294938917975568,0.31282722513089006
0.24649122807017543,0.21973684210526315,0.2219298245614035,0.3118421052631579
0.24549846288976723,0.22397891963109354,0.23100570926657882,0.2995169082125604
0.248562582927908,0.22158337019018134,0.2251216275984078,0.30473241928350286
0.24603174603174602,0.2222222222222222,0.2261904761904762,0.3055555555555556
0.24812030075187969,0.22246793454223796,0.22644847412649272,0.30296329057938964
0.25011027790030876,0.22408469342743714,0.22540802823114248,0.3003970004411116
0.25264084507042256,0.22403169014084506,0.22139084507042253,0.3019366197183099
0.24780701754385964,0.22587719298245615,0.22324561403508772,0.3030701754385965
0.24265028521281265,0.23124177270732776,0.22465993856954805,0.30144800351031154
0.24613345117101193,0.23331860362350862,0.21961997348652232,0.30092797171895713
0.24266316250547526,0.23915900131406045,0.21681997371879105,0.30135786246167323
0.24154589371980675,0.23583662714097497,0.22002635046113306,0.3025911286780852
0.23748338502436864,0.23393885688967656,0.22197607443509082,0.306601683650864
0.24235711120957024,0.23393885688967656,0.21754541426672575,0.30615861763402746
0.24101665205959685,0.2357581069237511,0.21866783523225242,0.30455740578439966
