C,D,Oc,Od
0.0,0.0,1.0,0.0
0.6666666666666666,0.0,0.3333333333333333,0.0
0.42857142857142855,0.0,0.2857142857142857,0.2857142857142857
0.3333333333333333,0.0,0.25,0.4166666666666667
0.35,0.0,0.2,0.45
0.3055555555555556,0.0,0.25,0.4444444444444444
0.3103448275862069,0.0,0.22413793103448276,0.46551724137931033
0.2808988764044944,0.0,0.24719101123595505,0.47191011235955055
0.28125,0.0,0.2265625,0.4921875
0.2849462365591398,0.005376344086021506,0.23655913978494625,0.4731182795698925
0.28286852589641437,0.01593625498007968,0.22310756972111553,0.47808764940239046
0.2682926829268293,0.024390243902439025,0.21036585365853658,0.4969512195121951
0.26520681265206814,0.024330900243309004,0.21654501216545013,0.49391727493917276
0.26356589147286824,0.029069767441860465,0.22674418604651161,0.4806201550387597
0.2568659127625202,0.03715670436187399,0.22778675282714056,0.4781906300484653
0.252361673414305,0.03913630229419703,0.2213225371120108,0.48717948717948717
0.24508670520231213,0.04508670520231214,0.2300578034682081,0.4797687861271676
0.24373119358074222,0.04914744232698094,0.22367101303911735,0.4834503510531595
0.24177777777777779,0.05333333333333334,0.2311111111111111,0.4737777777777778
0.234192037470726,0.05152224824355972,0.23263075722092116,0.4816549570647931
0.23674911660777384,0.05724381625441696,0.2254416961130742,0.48056537102473496
0.23363874345549737,0.06086387434554974,0.2244764397905759,0.48102094240837695
0.23044269254093389,0.06367495451788963,0.2268041237113402,0.4790782292298363
0.2334455667789001,0.06397306397306397,0.21885521885521886,0.4837261503928171
0.23442449841605068,0.0617740232312566,0.22650475184794086,0.47729672650475186
0.24567474048442905,0.0652496292634701,0.2184873949579832,0.47058823529411764
0.24129821260583256,0.06538099717779869,0.21401693320790216,0.4793038570084666
0.2450392247346562,0.06875865251499769,0.21504383940932165,0.47115828334102444
0.24794144556267156,0.07044830741079597,0.21043000914913082,0.47118023787740165
0.24795268425841674,0.07233848953594177,0.20473157415832574,0.4749772520473157
0.25272727272727274,0.07545454545454545,0.20136363636363636,0.47045454545454546
0.2545943523083819,0.07082025997310623,0.20573733751680862,0.4688480502017033
0.25287356321839083,0.07780725022104333,0.20247568523430592,0.46684350132625996
0.24878048780487805,0.07937915742793791,0.2048780487804878,0.46696230598669625
0.2533039647577093,0.07929515418502203,0.1973568281938326,0.47004405286343615
0.25691699604743085,0.08432147562582346,0.19499341238471674,0.463768115942029
0.2576632607729898,0.08262994224788983,0.1919147045757441,0.46779209240337627
0.25853658536585367,0.082039911308204,0.19379157427937915,0.4656319290465632
0.2606986899563319,0.08296943231441048,0.19868995633187772,0.4576419213973799
0.2656940760389036,0.08134394341290893,0.1914235190097259,0.46153846153846156
0.2633908809207614,0.08455068614431165,0.19256308100929614,0.4594953519256308
0.2703881378107283,0.08111644134321849,0.19363279546445705,0.45486262538159616
0.2737676056338028,0.08450704225352113,0.19102112676056338,0.4507042253521127
0.27775340061430454,0.09126810004387889,0.18297498903027642,0.4480035103115402
0.2787532923617208,0.09350307287093942,0.1777875329236172,0.4499561018437226
0.27586206896551724,0.09814323607427056,0.17462422634836428,0.45137046861184793
0.2761487964989059,0.10328227571115974,0.17417943107221007,0.44638949671772427
0.2775368603642671,0.1049436253252385,0.1712922810060711,0.44622723330442327
0.28145842596709647,0.11071587372165406,0.17341040462427745,0.434415295686972
0.2834507042253521,0.10915492957746478,0.16725352112676056,0.44014084507042256
0.2807323452484743,0.1068003487358326,0.17000871839581516,0.44245858761987794
0.27570921985815605,0.11436170212765957,0.1671099290780142,0.4428191489361702
0.2667836770513383,0.11715664765247916,0.17025010969723564,0.4458095655989469
0.2728074041427942,0.11723226090788894,0.17100044072278536,0.43895989422653153
0.2755417956656347,0.12206988058381248,0.17381689517912427,0.42857142857142855
0.2794894366197183,0.12279929577464789,0.17209507042253522,0.42561619718309857
0.2771137671536078,0.11952191235059761,0.1708720672864099,0.43249225320938467
0.27569475077194533,0.12615791795324216,0.16850463167181298,0.42964269960299956
0.2698763250883392,0.12632508833922262,0.1682862190812721,0.43551236749116606
0.2661361626878868,0.12245800176834659,0.15959328028293546,0.45181255526083114
0.2644736842105263,0.125,0.16578947368421051,0.44473684210526315
0.2577680525164114,0.13172866520787746,0.17155361050328227,0.4389496717724289
0.2595688517377915,0.1293444786625605,0.17421909370875496,0.4368675758908931
0.2661965623622741,0.12208021154693698,0.17144116350815336,0.4402820625826355
0.25754884547069273,0.12877442273534637,0.17317939609236235,0.4404973357015986
0.25917832167832167,0.13505244755244755,0.17220279720279721,0.43356643356643354
0.2574561403508772,0.13728070175438598,0.17456140350877192,0.4307017543859649
0.25518763796909494,0.13951434878587196,0.17262693156732892,0.4326710816777042
0.2606034105815479,0.13686051595977264,0.17227809357236554,0.4302579798863139
0.26217891939769705,0.1328609388839681,0.17316209034543845,0.43179805137289634
0.2638580931263858,0.13791574279379157,0.16674057649667406,0.43148558758314853
0.26225165562913905,0.13951434878587196,0.16688741721854305,0.4313465783664459
0.2572304995617879,0.13978965819456618,0.17046450482033304,0.4325153374233129
0.2545213939126599,0.13762681958535508,0.17512130569033965,0.43273048081164533
0.2635046113306983,0.13790074659639878,0.1712779973649539,0.42731664470794906
0.25934065934065936,0.13846153846153847,0.1701098901098901,0.4320879120879121
0.261060008760403,0.1384143670608848,0.173017958826106,0.4275076653526062
0.26104240282685515,0.13780918727915195,0.17314487632508835,0.4280035335689046
0.25666812418014867,0.14035854831657193,0.17708788806296458,0.4258854394403148
0.25935711140466755,0.1435490973139586,0.17305151915455746,0.4240422721268164
0.2578809106830123,0.14185639229422067,0.17600700525394045,0.4242556917688266
0.2575426322693485,0.14123305640577175,0.17621337997376477,0.425010931351115
0.25396825396825395,0.14462081128747795,0.17680776014109348,0.4246031746031746
0.25285839929639403,0.14819700967458224,0.17634124890061564,0.4226033421284081
0.2568523430592396,0.138815207780725,0.1799292661361627,0.4244031830238727
0.26005244755244755,0.14291958041958042,0.18225524475524477,0.4147727272727273
0.2580502867225408,0.1415968239964711,0.18438464931627702,0.41596823996471105
0.25662544169611307,0.1435512367491166,0.18109540636042404,0.41872791519434627
0.2534095908490981,0.14870215574131104,0.17773867135943686,0.42014958205015396
0.25914499779638606,0.1507271925958572,0.1754076685764654,0.41472014103129134
0.25629695095006627,0.14980114891736632,0.17410517012814847,0.4197967300044189
0.26191517271534764,0.15522518583296896,0.16921731526016615,0.41364232619151725
0.26542387927208166,0.14558366622281402,0.17265867731913004,0.41633377718597425
0.26371681415929205,0.14734513274336283,0.16902654867256636,0.41991150442477876
0.2623239436619718,0.144806338028169,0.17473591549295775,0.41813380281690143
0.2652790079716563,0.1470327723649247,0.18024800708591673,0.40744021257750224
0.25662544169611307,0.1435512367491166,0.17977031802120141,0.4200530035335689
0.25142606406318563,0.14436156208863538,0.18604651162790697,0.418165862220272
0.2527618205921343,0.14803358373840036,0.1798497569597879,0.41935483870967744
0.24625550660792953,0.14801762114537445,0.18502202643171806,0.42070484581497797
0.2450592885375494,0.15678524374176547,0.18533157663592445,0.41282389108476064
0.2522202486678508,0.15364120781527532,0.19049733570159857,0.4036412078152753
0.24538258575197888,0.1547933157431838,0.19041336851363236,0.4094107299912049
0.2514235654840123,0.15286903197547086,0.18659658344283836,0.4091108190976785
0.2503317116320212,0.15524104378593542,0.19062361786819992,0.40380362671384346
0.2527667109340416,0.15405046480743692,0.19389110225763612,0.39929172200088536
0.24691901408450703,0.14920774647887325,0.19102112676056338,0.4128521126760563
0.24879544459045116,0.15374507227332457,0.19097678493210687,0.40648269820411737
0.24966916629907365,0.1552712836347596,0.18614909572121746,0.40891045434494927
0.2385809312638581,0.15787139689578714,0.1942350332594235,0.40931263858093125
0.24571428571428572,0.15956043956043955,0.18813186813186814,0.4065934065934066
0.23966578715919085,0.16094986807387862,0.18733509234828497,0.41204925241864554
0.24428822495606328,0.16212653778558875,0.19024604569420034,0.4033391915641476
0.2394736842105263,0.16403508771929826,0.18728070175438596,0.40921052631578947
0.24405286343612334,0.16431718061674008,0.1828193832599119,0.40881057268722465
0.23828296101620675,0.1660096364432764,0.18572054314498468,0.4099868593955322
0.23891084760649978,0.16776460254721123,0.1831357048748353,0.4101888449714537
0.24110671936758893,0.1686429512516469,0.178743961352657,0.41150636802810714
0.23529411764705882,0.17208077260755048,0.18349429323968394,0.40913081650570676
0.24098504837291118,0.17150395778364116,0.18733509234828497,0.4001759014951627
0.24110671936758893,0.1686429512516469,0.1901624945103206,0.4000878348704436
0.24128804587560654,0.1689457432730481,0.1879135421261579,0.4018526687251875
0.24162257495590828,0.17063492063492064,0.18562610229276896,0.4021164021164021
0.2399823866138265,0.17525319242624396,0.18934390136503743,0.3954205195948921
0.2358117025956885,0.17641882974043116,0.18785745710514737,0.39991201055873293
0.2368306486721811,0.17979973878972572,0.18720069656073138,0.39616891597736176
0.23251748251748253,0.18094405594405594,0.19361888111888112,0.3929195804195804
0.23980710214818063,0.1845681718544498,0.1850065760631302,0.3906181499342394
0.2370500438981563,0.18086040386303776,0.18217734855136083,0.3999122036874451
0.23790677220756376,0.18249780123131046,0.1851363236587511,0.3944591029023747
0.23493180818301804,0.17905851297844258,0.1869775626924769,0.3990321161460625
0.23550087873462214,0.179701230228471,0.18892794376098418,0.3958699472759227
0.2319290465631929,0.18004434589800444,0.18802660753880265,0.4
0.23168578993821712,0.18270079435127978,0.18976169461606354,0.39585172109443956
0.23568575233022637,0.18553040390590325,0.18641810918774968,0.39236573457612073
0.23805309734513275,0.19070796460176992,0.18451327433628317,0.38672566371681416
0.24286341677646026,0.1901624945103206,0.18225735617039965,0.3847167325428195
0.23516579406631763,0.19415357766143107,0.1806282722513089,0.3900523560209424
0.23550087873462214,0.19068541300527242,0.1827768014059754,0.39103690685413006
0.2304670449585334,0.19205587079877784,0.18681798341335662,0.3906591008293322
0.23260965883916704,0.1909614532565352,0.18254319893664156,0.3938856889676562
0.24312333629103816,0.18633540372670807,0.18322981366459629,0.3873114463176575
0.2421978021978022,0.18285714285714286,0.18065934065934067,0.3942857142857143
0.23862622658340768,0.18421052631578946,0.18198037466547726,0.3951828724353256
0.23550087873462214,0.18673110720562391,0.18365553602811951,0.39411247803163446
0.23661106233538193,0.1826163301141352,0.18349429323968394,0.39727831431079896
0.23286467486818982,0.18189806678383127,0.19024604569420034,0.39499121265377857
0.23836698858647937,0.18568920105355574,0.1861281826163301,0.38981562774363476
0.23828296101620675,0.18265440210249673,0.18572054314498468,0.39334209373631185
0.23714539007092197,0.18838652482269502,0.18882978723404256,0.38563829787234044
0.23539745278875715,0.19367588932806323,0.1901624945103206,0.380764163372859
0.23583662714097497,0.20070267896354854,0.1800614844093105,0.383399209486166
0.2358700489541611,0.19670672007120604,0.1846906987093903,0.38273253226524256
0.24249116607773852,0.19125441696113074,0.18286219081272084,0.3833922261484099
0.2409269785745518,0.19763882815916048,0.184958460865763,0.37647573240052473
0.23524229074889869,0.1920704845814978,0.18722466960352424,0.3854625550660793
0.24239753195240193,0.19479947113265755,0.18289995592772146,0.37990304098721905
0.2430890741553313,0.19306713470820536,0.18560772268538833,0.37823606845107505
0.2398604448320977,0.19363279546445705,0.1831661578717837,0.3833406018316616
0.23790677220756376,0.19085312225153914,0.18865435356200527,0.38258575197889183
0.23719081272084805,0.19037102473498232,0.19346289752650175,0.3789752650176678
0.23407079646017698,0.18849557522123894,0.18893805309734513,0.38849557522123895
0.23790677220756376,0.1868953386103782,0.18161829375549693,0.3935795954265611
0.2342857142857143,0.19032967032967033,0.1789010989010989,0.3964835164835165
0.2376150811047786,0.19508987286277948,0.17404647084612013,0.3932485751863218
0.2404227212681638,0.18890356671070013,0.17613386173491855,0.3945398502862175
0.23686553873552982,0.1923419412288513,0.1772039180765806,0.3935886019590383
0.23407992973210365,0.19411506368028106,0.17523056653491437,0.3965744400527009
0.2338638373121132,0.1900972590627763,0.17108753315649866,0.40495137046861185
0.23771929824561402,0.19078947368421054,0.1736842105263158,0.39780701754385966
0.2373180414644905,0.18923687692986327,0.17556241729157476,0.39788266431407143
0.23841059602649006,0.18896247240618103,0.17836644591611478,0.39426048565121413
0.2384310268840899,0.19435874834728956,0.16967827236668137,0.39753195240193917
0.23828296101620675,0.19185282522996058,0.1703898379325449,0.39947437582128775
0.23891843971631205,0.1950354609929078,0.17464539007092197,0.39140070921985815
0.2303943287549845,0.1998227735932654,0.17722640673460346,0.39255649091714667
0.23171806167400882,0.19647577092511012,0.1762114537444934,0.39559471365638765
0.2294143549097314,0.20035226772346984,0.17481285777190664,0.3954205195948921
0.23176733780760628,0.19642058165548099,0.17181208053691274,0.4
0.2291296625222025,0.2033747779751332,0.1771758436944938,0.39031971580817054
0.22725274725274724,0.19956043956043956,0.1767032967032967,0.3964835164835165
0.22937803264225848,0.19982355535950597,0.1799735333039259,0.39082487869430965
0.23015521064301553,0.20709534368070953,0.17694013303769401,0.3858093126385809
0.23299692847740236,0.20842474769635805,0.1763931548924967,0.3821851689337429
0.22849580943978826,0.2051168945743273,0.1835024261138068,0.38288486987207765
0.23495575221238937,0.2079646017699115,0.184070796460177,0.3730088495575221
0.23184601924759404,0.20866141732283464,0.18547681539807523,0.37401574803149606
0.23289473684210527,0.2118421052631579,0.1837719298245614,0.3714912280701754
0.2307017543859649,0.21140350877192982,0.17719298245614035,0.38070175438596493
0.23198594024604569,0.2100175746924429,0.1757469244288225,0.38224956063268895
0.240905057675244,0.2054125998225377,0.17923691215616683,0.3744454303460515
0.23853211009174313,0.20707732634338138,0.17474879860200962,0.3796417649628659
0.24408413672217352,0.20639789658194566,0.16652059596844873,0.38299737072743206
0.24187884108867427,0.20763827919227393,0.16505706760316066,0.3854258121158911
0.24658138509042787,0.20776356418173797,0.1627701808557565,0.38288486987207765
0.24967032967032968,0.20395604395604397,0.16307692307692306,0.3832967032967033
0.24911971830985916,0.20290492957746478,0.1641725352112676,0.38380281690140844
0.24637043554773427,0.20545534535855697,0.16542014958205015,0.3827540695116586
0.24649122807017543,0.20877192982456141,0.16359649122807018,0.381140350877193
0.2479230432881504,0.20507214691735898,0.16571928290336685,0.3812855268911237
0.25207514198339886,0.2092616863259065,0.16120576671035386,0.37745740498034075
0.2522007042253521,0.20202464788732394,0.16461267605633803,0.38116197183098594
0.25142857142857145,0.20527472527472526,0.16747252747252747,0.3758241758241758
0.24387040280210157,0.20577933450087565,0.159369527145359,0.39098073555166374
0.24479858344400177,0.20495794599380257,0.15626383355467022,0.3939796370075255
0.24813022437307522,0.1992960844698636,0.1592608886933568,0.39331280246370437
0.24767390341160833,0.19849357554275587,0.16083296411165263,0.39299955693398314
0.24691358024691357,0.195326278659612,0.16358024691358025,0.3941798941798942
0.24210526315789474,0.2026315789473684,0.16228070175438597,0.3929824561403509
0.23475208424747696,0.20315928038613426,0.1636682755594559,0.39842035980693286
0.23519163763066203,0.20209059233449478,0.16898954703832753,0.39372822299651566
0.23672566371681417,0.20309734513274336,0.16681415929203539,0.3933628318584071
0.237117903930131,0.19737991266375546,0.1703056768558952,0.3951965065502183
0.22709163346613545,0.2014165559982293,0.1637892872952634,0.4077025232403719
0.23161120840630472,0.19483362521891417,0.1681260945709282,0.4054290718038529
0.23411662315056572,0.1875543951261967,0.17188859878154916,0.40644038294168844
0.2353717553893533,0.18389793224813022,0.17157941047074352,0.409150901891773
0.24481693868548743,0.1768857520952801,0.17159241288045876,0.4067048963387737
0.24573677306515085,0.17927415828596416,0.16921731526016615,0.40577175338871885
0.24483516483516485,0.1767032967032967,0.17362637362637362,0.40483516483516485
0.24822695035460993,0.17287234042553193,0.1750886524822695,0.40381205673758863
0.24154804270462635,0.17793594306049823,0.17170818505338079,0.40880782918149466
0.24735915492957747,0.18397887323943662,0.17517605633802816,0.39348591549295775
0.24734513274336284,0.18495575221238938,0.17610619469026548,0.3915929203539823
0.2467820683533067,0.1908566355969818,0.17709720372836218,0.38526409232134934
0.2410323709536308,0.18678915135608049,0.18328958880139984,0.3888888888888889
0.24168514412416853,0.19068736141906872,0.18580931263858094,0.38181818181818183
0.24539877300613497,0.18711656441717792,0.18624014022787028,0.38124452234881684
0.24755989352262645,0.18145519077196096,0.1912156166814552,0.3797692990239574
0.2597459483136224,0.17871222076215507,0.19010074463425317,0.37144108628996936
0.2602921646746348,0.17928286852589642,0.1921204072598495,0.3683045595396193
0.2515473032714412,0.1830238726790451,0.1918656056587091,0.3735632183908046
0.2588699080157687,0.1738939991239597,0.19491896627244854,0.37231712658782307
0.25320371188687585,0.172779496243924,0.19840919133893062,0.37560760053026954
0.2513089005235602,0.18106457242582896,0.19633507853403143,0.3712914485165794
0.25570175438596493,0.1793859649122807,0.19298245614035087,0.3719298245614035
0.25734327049539674,0.1823761508110478,0.19202104340201667,0.3682595352915388
0.2548330404217926,0.179701230228471,0.18980667838312829,0.37565905096660807
0.24911971830985916,0.18529929577464788,0.1914612676056338,0.37411971830985913
0.255659121171771,0.1775410563692854,0.19174434087882822,0.3750554815801154
0.26264848218213815,0.17905851297844258,0.18345798504179497,0.3748350197976243
0.2636403317328677,0.17983413356612832,0.1789611523352248,0.37756438236577916
0.2696678321678322,0.1743881118881119,0.17875874125874125,0.3771853146853147
0.2684739833843463,0.17446436379536512,0.18233493659816352,0.37472671622212506
0.26906222611744085,0.1761612620508326,0.18054338299737072,0.37423312883435583
0.27028218694885364,0.17239858906525574,0.17857142857142858,0.3787477954144621
0.2739547038327526,0.1672473867595819,0.18205574912891986,0.37674216027874563
0.27498889382496666,0.16437139049311417,0.1808085295424256,0.37983118613949357
0.2765399737876802,0.16557448667540411,0.18130187854958496,0.3765836609873307
0.2717247463608293,0.17379797088663432,0.18262020291133657,0.3718570798411998
0.27344090710859137,0.16703009158307894,0.18229393807239425,0.3772350632359355
0.269806338028169,0.17341549295774647,0.18397887323943662,0.3727992957746479
0.27698309492847856,0.16861725184221935,0.18725617685305593,0.3671434763762462
0.26666666666666666,0.16885964912280702,0.1912280701754386,0.3732456140350877
0.2699868938401048,0.16557448667540411,0.19397116644823068,0.3704674530362604
0.27208480565371024,0.16740282685512367,0.19434628975265017,0.3661660777385159
0.2648221343873518,0.17083882301273606,0.18840579710144928,0.3759332454984629
0.25978021978021976,0.17714285714285713,0.18813186813186814,0.3749450549450549
0.2660831509846827,0.17199124726477025,0.18687089715536104,0.375054704595186
0.26591107236268524,0.17654751525719267,0.18308631211857018,0.3744551002615519
0.2652972027972028,0.17744755244755245,0.18181818181818182,0.3754370629370629
0.26465364120781526,0.1771758436944938,0.1847246891651865,0.3734458259325044
0.26548672566371684,0.1743362831858407,0.18053097345132743,0.37964601769911505
0.2647702407002188,0.17155361050328227,0.175054704595186,0.3886214442013129
0.26257722859664606,0.17166813768755515,0.1796116504854369,0.3861429832303619
0.2635522256500661,0.16703393565447333,0.17981489643014545,0.3895989422653151
0.2595352915387988,0.16922402455063568,0.183691363437089,0.38754932047347657
0.262974269515918,0.16746620148277366,0.18491059747056257,0.38464893153074575
0.26458973233874505,0.17025010969723564,0.18429135585783238,0.3808688021061869
0.2678963548528766,0.1717171717171717,0.18533157663592445,0.3750548967940272
0.26512455516014233,0.17704626334519574,0.18905693950177935,0.36877224199288255
0.2623456790123457,0.1715167548500882,0.1882716049382716,0.37786596119929455
0.2621870882740448,0.16996047430830039,0.18708827404479578,0.380764163372859
0.26077396657871593,0.1662269129287599,0.1917326297273527,0.3812664907651715
0.2649384885764499,0.1647627416520211,0.19156414762741653,0.37873462214411246
0.25569176882662,0.17206654991243434,0.18782837127845883,0.38441330998248685
0.2648221343873518,0.17347386912604304,0.18181818181818182,0.37988581466842336
0.2564892212934448,0.1759788825340959,0.18213814342278928,0.38539375274967
0.25431989366415597,0.17279574656623836,0.1843154630039876,0.38856889676561807
0.26237406920718354,0.1712658782303986,0.18878668418747263,0.37757336837494526
0.2676612549363756,0.1755155770074594,0.1851689337428697,0.3716542343132953
0.26301853486319504,0.17563989408649602,0.1849073256840247,0.3764342453662842
0.2612137203166227,0.1785400175901495,0.1882145998240985,0.3720316622691293
0.2621359223300971,0.17299205648720212,0.1915269196822595,0.3733451015004413
0.2709705753184014,0.16776460254721123,0.19279754062362758,0.36846728151075975
0.26238938053097344,0.16769911504424778,0.1929203539823009,0.3769911504424779
0.2659667541557305,0.17410323709536307,0.189413823272091,0.3705161854768154
0.26742656729504605,0.17360806663743972,0.1854449802718106,0.3735203857957036
0.26742656729504605,0.18106093818500657,0.1841297676457694,0.367382726874178
0.26480990274093724,0.17506631299734748,0.1870026525198939,0.3731211317418214
0.2610619469026549,0.17345132743362832,0.19513274336283185,0.37035398230088495
0.2652881654201496,0.17157941047074352,0.18785745710514737,0.3752749670039595
0.2712765957446808,0.17065602836879432,0.1870567375886525,0.37101063829787234
0.2726075504828797,0.1694468832309043,0.17998244073748904,0.37796312554872696
0.27113447218572057,0.1721419185282523,0.1835304424003504,0.3731931668856767
0.26756874727193364,0.17285028371890004,0.18594500218245308,0.37363596682671324
0.27011494252873564,0.17329796640141468,0.1865605658709107,0.37002652519893897
0.27365615282096845,0.1692581075077743,0.1874722345624167,0.3696135051088405
0.27685589519650655,0.17248908296943233,0.18820960698689956,0.3624454148471616
0.2741364038972542,0.17493356953055803,0.18290522586359612,0.36802480070859167
0.28345765686704694,0.17288284335234752,0.17595436594997807,0.3677051338306275
0.27831858407079646,0.17079646017699116,0.17300884955752213,0.37787610619469025
0.2812637121544537,0.1671785870996051,0.17463799912242212,0.37691970162351907
0.2802294792586055,0.17299205648720212,0.17563989408649602,0.37113857016769636
0.28158362989323843,0.17304270462633453,0.17927046263345195,0.36610320284697506
0.2805628847845207,0.17810026385224276,0.18469656992084432,0.35664028144239224
0.2774822695035461,0.18173758865248227,0.18528368794326242,0.3554964539007092
0.2682926829268293,0.18314855875831484,0.18314855875831484,0.365410199556541
0.2745702952842662,0.1767298369325694,0.18245923314235346,0.3662406346408109
0.2718832891246684,0.17462422634836428,0.1878868258178603,0.365605658709107
0.2758164165931156,0.18181818181818182,0.18667255075022066,0.3556928508384819
0.2816525988449578,0.17681030653043092,0.18880497556641493,0.35273211905819635
0.28105726872246695,0.17841409691629956,0.19118942731277533,0.34933920704845817
0.2792236435818262,0.17820908689898543,0.18923687692986327,0.3533303925893251
0.2765957446808511,0.18173758865248227,0.1879432624113475,0.3537234042553192
0.27280701754385966,0.1868421052631579,0.18552631578947368,0.35482456140350876
0.2754700480979449,0.18058592041976387,0.1919545255793616,0.3519895059029296
0.2771618625277162,0.18580931263858094,0.18713968957871396,0.34988913525498894
0.2760141093474427,0.18298059964726632,0.18738977072310406,0.35361552028218696
0.27516483516483514,0.18769230769230769,0.18417582417582418,0.35296703296703297
0.2759526938239159,0.18309242225142355,0.18615856329391153,0.354796320630749
0.27586206896551724,0.17771883289124668,0.1887709991158267,0.35764809902740935
0.27586206896551724,0.1828895678742907,0.18812745525971192,0.3531209079004801
0.2694530902623388,0.18319253001333927,0.19519786571809694,0.352156514006225
0.27184035476718404,0.18314855875831484,0.18625277161862527,0.35875831485587584
0.2751414888985633,0.17979973878972572,0.18632999564649544,0.3587287766652155
0.2773109243697479,0.1817779743476338,0.18885448916408668,0.3520566121185316
0.27493380406001766,0.18402471315092675,0.18270079435127978,0.35834068843777583
0.27643703378674855,0.1807810443176832,0.18253620008775778,0.36024572180781045
0.2721631205673759,0.18085106382978725,0.18439716312056736,0.3625886524822695
0.2754069511658601,0.18609766827980642,0.1803783545974483,0.35811702595688516
0.27912087912087913,0.18417582417582418,0.17714285714285713,0.35956043956043954
0.2752659574468085,0.18306737588652483,0.1799645390070922,0.3617021276595745
0.2766798418972332,0.18093983311374615,0.1756697408871322,0.36671058410188845
0.28224381625441697,0.178886925795053,0.17358657243816256,0.3652826855123675
0.2819614711033275,0.1777583187390543,0.17381786339754815,0.36646234676007006
0.28146853146853146,0.1778846153846154,0.17263986013986013,0.368006993006993
0.2850838481906443,0.18137687555163284,0.16946160635481025,0.3640776699029126
0.28389084507042256,0.18529929577464788,0.167693661971831,0.36311619718309857
0.28753292361720806,0.1865671641791045,0.16286215978928886,0.3630377524143986
0.28159645232815966,0.18403547671840353,0.16674057649667406,0.36762749445676274
0.27421494913754973,0.18752764263600177,0.16497125165855817,0.3732861565678903
0.2751439964554719,0.18520159503766062,0.16614975631369075,0.3735046521931768
0.27657697397441555,0.19144243493603882,0.16365240405822673,0.3683281870313189
0.27256715103478646,0.19594892118009688,0.16556583003082342,0.36591809775429324
0.2753371030882993,0.19573727707698999,0.1605045672031318,0.3684210526315789
0.28046078865750995,0.1896322552060257,0.16038989809481613,0.3695170580416482
0.2747688243064729,0.18890356671070013,0.1682078379568472,0.36811977102597976
0.27872433377020533,0.19003931847968544,0.16339012669287897,0.36784622105723025
0.27264808362369336,0.19033101045296166,0.16550522648083624,0.3715156794425087
0.2766330556773345,0.18939061814993424,0.16045594037702762,0.3735203857957036
0.2853982300884956,0.1902654867256637,0.16017699115044248,0.3641592920353982
0.29318681318681317,0.18725274725274726,0.1665934065934066,0.35296703296703297
0.2944839857651246,0.19172597864768684,0.1561387900355872,0.35765124555160144
0.2957060646303674,0.19256308100929614,0.15449313855688357,0.35723771580345287
0.28829225352112675,0.1954225352112676,0.15536971830985916,0.3609154929577465
0.2918681318681319,0.19384615384615383,0.15604395604395604,0.35824175824175825
0.29217926186291737,0.18936731107205623,0.15421792618629174,0.36423550087873463
0.29730921923246584,0.19188354653727394,0.1513012792236436,0.3595059550066167
0.3004797208896642,0.19319668556476233,0.1552551242913214,0.35106846925425206
0.2972027972027972,0.19012237762237763,0.1547202797202797,0.35795454545454547
0.29892761394101874,0.19302949061662197,0.15236818588025022,0.355674709562109
0.30083811204234673,0.19629466254962505,0.1521835024261138,0.3506837229819144
0.29925405879771827,0.19306713470820536,0.15138218516893373,0.3562966213251426
0.2987128273413227,0.1935197514425211,0.151797603195739,0.3559698180204172
0.30874558303886923,0.19832155477031801,0.14443462897526502,0.3484982332155477
0.30030959752321984,0.20168067226890757,0.1468376824413976,0.35117204776647504
0.30352422907488985,0.19691629955947137,0.14801762114537445,0.3515418502202643
0.29912663755458513,0.19956331877729258,0.14454148471615721,0.3567685589519651
0.29569420035149385,0.19815465729349738,0.14762741652021089,0.3585237258347979
0.2919227392449517,0.1971027216856892,0.14837576821773485,0.36259877085162423
0.2966213251426064,0.1943835015357613,0.1456779289161913,0.363317244405441
0.29881526985519963,0.19657744624835455,0.1474330846862659,0.3571741992101799
0.29717813051146386,0.1984126984126984,0.14285714285714285,0.36155202821869487
0.3024800708591674,0.1966341895482728,0.14526129317980513,0.35562444641275465
0.2965396408234779,0.1953569864213754,0.14673674989049496,0.36136662286465177
0.29876434245366285,0.19285083848190646,0.14916151809355693,0.3592233009708738
0.2970383275261324,0.19425087108013936,0.1485191637630662,0.36019163763066203
0.29568251199302226,0.19319668556476233,0.1513301351940689,0.3597906672481465
0.3042142230026339,0.20280948200175591,0.14091308165057068,0.3520632133450395
0.3052120141342756,0.19522968197879859,0.14266784452296818,0.3568904593639576
0.29863255403617117,0.19761799735333038,0.14600794000882222,0.35774150860167625
0.30689964157706096,0.19399641577060933,0.14112903225806453,0.3579749103942652
0.31195462478184993,0.18455497382198952,0.14048865619546247,0.36300174520069806
0.3065015479876161,0.18885448916408668,0.14329942503317117,0.36134453781512604
0.3087071240105541,0.18733509234828497,0.13940193491644678,0.36455584872471414
0.303886925795053,0.18286219081272084,0.14045936395759717,0.37279151943462896
0.29880478087649404,0.1845949535192563,0.14298362107127047,0.3736166445329792
0.3078958976621085,0.1835024261138068,0.1415968239964711,0.3670048522276136
0.31219726992514313,0.1787758696609423,0.13914575077058564,0.36988110964332893
0.3112178088171104,0.1828895678742907,0.14011348756001746,0.3657791357485814
0.31154014918824047,0.1790258885476086,0.13953488372093023,0.36989907854322074
0.30782918149466193,0.18104982206405695,0.1423487544483986,0.36877224199288255
0.31117957746478875,0.1800176056338028,0.13996478873239437,0.36883802816901406
0.307928164695576,0.17871222076215507,0.1445466491458607,0.36881296539640823
0.31304728546409805,0.17819614711033274,0.13966725043782838,0.3690893169877408
0.30826737027264733,0.18161829375549693,0.13676341248900617,0.3733509234828496
0.30930537352555704,0.1874180865006553,0.13586719091306249,0.3674093490607252
0.30833333333333335,0.18771929824561404,0.13991228070175438,0.36403508771929827
0.31037527593818987,0.1827814569536424,0.1421633554083885,0.36467991169977926
0.3122251539138083,0.1802990325417766,0.1468777484608619,0.3605980650835532
0.30782684739833843,0.1875819851333625,0.15216440752076957,0.35242675994752953
0.3050772626931567,0.1836644591611479,0.1532008830022075,0.35805739514348783
0.30276437033786746,0.1851689337428697,0.15269855199648968,0.35936814392277316
0.2997792494481236,0.1845474613686534,0.1545253863134658,0.3611479028697572
0.3019034971226206,0.18902169101372288,0.15183709606020362,0.35723771580345287
0.3053839364518976,0.18711385701676964,0.15048543689320387,0.35701676963812884
0.3064867218110579,0.18328254244666956,0.14801915542011318,0.36221158032215933
0.3126921387790953,0.178743961352657,0.15371102327624067,0.35485287659200704
0.31310894596988487,0.18423383525243578,0.15057573073516387,0.3520814880425155
0.30995177553704517,0.18719859710653222,0.14818062253397632,0.3546690048224463
0.30941901408450706,0.18794014084507044,0.14568661971830985,0.3569542253521127
0.30725771403737506,0.1864406779661017,0.14950021729682747,0.3568013906996958
0.30742204655248134,0.18796662274923145,0.15239350021958717,0.35221783047870003
0.30605926581158777,0.18487394957983194,0.15037593984962405,0.35869084475895624
0.3094405594405594,0.18181818181818182,0.14947552447552448,0.35926573426573427
0.3143487858719647,0.17748344370860927,0.14966887417218544,0.35849889624724063
0.3160894344585708,0.17711530030688294,0.15037264357737834,0.3564226216571679
0.3144599303135889,0.17857142857142858,0.14982578397212543,0.35714285714285715
0.31643356643356646,0.1743881118881119,0.15515734265734266,0.354020979020979
0.3098716246126605,0.17352810978308986,0.150066401062417,0.3665338645418327
0.31679220203810365,0.1692512184315463,0.15197164377492248,0.36198493575542756
0.3126626192541197,0.16608846487424112,0.1487424111014744,0.3725065047701648
0.31535450195737275,0.1661591996520226,0.14528055676381035,0.37320574162679426
0.30223390275952694,0.16951379763469118,0.15111695137976347,0.3771353482260184
0.3043095866314864,0.17194371152154794,0.14995602462620933,0.3737906772207564
0.3110236220472441,0.1710411198600175,0.14829396325459318,0.36964129483814523
0.3110426748790145,0.16761988561372634,0.15002199736031677,0.37131544214694234
0.3144124168514412,0.1671840354767184,0.14323725055432374,0.37516629711751664
0.306401766004415,0.1717439293598234,0.14834437086092717,0.37350993377483444
0.3066432028156621,0.1759788825340959,0.14738231412230532,0.3699956005279367
0.30488341399032115,0.17465904091509019,0.150461944566652,0.3699956005279367
0.3070484581497797,0.17577092511013215,0.14801762114537445,0.36916299559471366
0.3000882612533098,0.1734333627537511,0.1416593115622242,0.3848190644307149
0.29846827133479215,0.17461706783369804,0.1448577680525164,0.38205689277899346
0.29445676274944566,0.17161862527716187,0.14634146341463414,0.3875831485587583
0.29474149359257623,0.17498895271763146,0.1449403446752099,0.3853292090145824
0.30043859649122806,0.17543859649122806,0.13903508771929823,0.3850877192982456
0.2954844366505918,0.17404647084612013,0.13985094256904868,0.3906181499342394
0.2964269960299956,0.16762240846934273,0.141155712395236,0.39479488310542565
0.29934065934065934,0.1657142857142857,0.1410989010989011,0.39384615384615385
0.29429960229783475,0.17101193106495802,0.1444984533804684,0.39019001325673885
0.29701230228471004,0.1678383128295255,0.14323374340949033,0.39191564147627417
0.2928445229681979,0.1691696113074205,0.14664310954063603,0.3913427561837456
0.2992091388400703,0.16608084358523725,0.14762741652021089,0.38708260105448156
0.3015943312666076,0.16341895482728078,0.14393268379096547,0.39105403011514617
0.2958685028876055,0.16392714349178142,0.1452687694358063,0.39493558418480673
0.2944839857651246,0.17259786476868327,0.14635231316725977,0.3865658362989324
0.2910284463894967,0.1772428884026258,0.14442013129102846,0.387308533916849
0.2848939929328622,0.17446996466431094,0.15061837455830387,0.39001766784452296
0.28162185985015425,0.17144116350815336,0.15337152930806522,0.39356544733362714
0.29754601226993865,0.16520595968448729,0.1516213847502191,0.38562664329535495
0.2977602108036891,0.1629336846728151,0.1541501976284585,0.3851559068950373
0.2953953084274544,0.16594265855777585,0.157254561251086,0.3814074717636838
0.29280070237050043,0.1646180860403863,0.15671641791044777,0.3858647936786655
0.29846153846153844,0.16395604395604396,0.15824175824175823,0.37934065934065936
0.29526339088092074,0.16865869853917662,0.16024789729969013,0.3758300132802125
0.29721362229102166,0.17293233082706766,0.15391419725785052,0.37593984962406013
0.2923747276688453,0.1681917211328976,0.16427015250544663,0.37516339869281046
0.29568251199302226,0.16833842128216311,0.1609245529873528,0.37505451373746185
0.29484354341119434,0.17232260907888938,0.15645658880564126,0.376377258704275
0.2992125984251969,0.16710411198600175,0.157917760279965,0.3757655293088364
0.29797535211267606,0.1694542253521127,0.15492957746478872,0.37764084507042256
0.2985008818342152,0.17019400352733685,0.15652557319223986,0.3747795414462081
0.3001316366827556,0.1755155770074594,0.15620886353663888,0.3681439227731461
0.29815303430079154,0.1693051890941073,0.16314863676341249,0.36939313984168864
0.29775033083370095,0.17026907807675343,0.16365240405822673,0.3683281870313189
0.2969991173874669,0.16990291262135923,0.16019417475728157,0.37290379523389233
0.2910839160839161,0.17132867132867133,0.1638986013986014,0.3736888111888112
0.29820725841714035,0.16834280717096634,0.1604722343681679,0.3729777000437254
0.2886917960088692,0.17028824833702882,0.1662971175166297,0.37472283813747226
0.2873512560599383,0.17232260907888938,0.16835610401057735,0.371970030850595
0.28300220750551874,0.17527593818984546,0.1673289183222958,0.37439293598233997
0.28779840848806365,0.1812555260831123,0.16401414677276746,0.36693191865605657
0.2888102609464839,0.18973905351614329,0.16320212295444494,0.3582485625829279
0.2820288587669436,0.18976825535636205,0.16790555312636643,0.36029733275032794
0.2785368003525782,0.19083296606434552,0.16615249008373734,0.3644777434993389
0.2783687943262411,0.19414893617021275,0.16843971631205673,0.35904255319148937
0.2761820592134335,0.18824569155987628,0.17145382235969953,0.3641184268669907
0.27723649247121346,0.18556244464127547,0.1758193091231178,0.36138175376439324
0.27173438182612497,0.182175622542595,0.17780690257754478,0.36828309305373524
0.27477876106194693,0.184070796460177,0.17920353982300885,0.36194690265486723
0.2773109243697479,0.19239274657231314,0.1742591773551526,0.3560371517027864
0.2773146116717859,0.1952610794207986,0.16849495392716105,0.3589293549802545
0.2789680804547442,0.18714473108876256,0.16790555312636643,0.3659816353301268
0.28634751773049644,0.18439716312056736,0.16888297872340424,0.3603723404255319
0.2832214765100671,0.17583892617449665,0.17718120805369128,0.363758389261745
0.28325991189427313,0.17444933920704847,0.17665198237885463,0.3656387665198238
0.28408091468777485,0.17546174142480211,0.17678100263852242,0.36367634124890064
0.2818703131892369,0.1768857520952801,0.18041464490516101,0.36082928981032203
0.2782956058588549,0.18064802485574788,0.17709720372836218,0.36395916555703506
0.28205128205128205,0.1808134394341291,0.1799292661361627,0.3572060123784262
0.28397212543554007,0.18074912891986064,0.17770034843205576,0.35757839721254353
0.2843874391862008,0.183547103051747,0.17558602388323752,0.3564794338788147
0.2872952633908809,0.1828242585214697,0.17928286852589642,0.350597609561753
0.28138718173836696,0.18305531167690958,0.17822651448639157,0.35733099209833186
0.2875498449268941,0.18077093486929552,0.17589720868409392,0.35578201151971645
0.291393621668851,0.1852337265181302,0.17387505460899957,0.34949759720401924
0.29198387819077476,0.18092252575011195,0.1728616211374832,0.3542319749216301
0.29803063457330414,0.18030634573304158,0.17155361050328227,0.350109409190372
0.297273526824978,0.17941952506596306,0.17018469656992086,0.35312225153913807
0.2979842243645925,0.17353198948290974,0.17353198948290974,0.3549517966695881
0.2933740191804708,0.17698343504795117,0.17262423714036618,0.35701830863121187
0.29005281690140844,0.17341549295774647,0.1738556338028169,0.3626760563380282
0.2927472527472528,0.17274725274725275,0.16527472527472528,0.36923076923076925
0.29458740017746227,0.17036379769299023,0.16637089618456077,0.3686779059449867
0.28965819456617004,0.16520595968448729,0.17046450482033304,0.37467134092900967
0.28722934158197083,0.16040653999116217,0.171895713654441,0.380468404772426
0.2873512560599383,0.15821947994711327,0.1745262230057294,0.37990304098721905
0.2864056313242411,0.1548614166300044,0.17333919929608446,0.38539375274967
0.2820738137082601,0.1555360281195079,0.1656414762741652,0.3967486818980668
0.2896028558679161,0.15261044176706828,0.1606425702811245,0.3971441320838911
0.2955947136563877,0.14933920704845816,0.1581497797356828,0.3969162995594714
0.28835164835164834,0.15120879120879122,0.1578021978021978,0.40263736263736266
0.2844600526777875,0.15364354697102722,0.15583845478489902,0.4060579455662862
