C,D,Oc,Od
0.0,0.0,0.0,1.0
0.0,0.0,0.0,1.0
0.0,0.0,0.5,0.5
0.0,0.3333333333333333,0.3333333333333333,0.3333333333333333
0.0,0.5,0.25,0.25
0.0,0.4,0.2,0.4
0.14285714285714285,0.2857142857142857,0.14285714285714285,0.42857142857142855
0.125,0.25,0.125,0.5
0.18181818181818182,0.18181818181818182,0.0,0.6363636363636364
0.125,0.1875,0.0,0.6875
0.15,0.1,0.0,0.75
0.14285714285714285,0.07142857142857142,0.0,0.7857142857142857
0.09523809523809523,0.047619047619047616,0.0,0.8571428571428571
0.10526315789473684,0.07017543859649122,0.0,0.8245614035087719
0.12658227848101267,0.06329113924050633,0.0,0.810126582278481
0.16666666666666666,0.06862745098039216,0.0,0.7647058823529411
0.1889763779527559,0.06299212598425197,0.0,0.7480314960629921
0.21518987341772153,0.056962025316455694,0.006329113924050633,0.7215189873417721
0.25257731958762886,0.05154639175257732,0.005154639175257732,0.6907216494845361
0.2543859649122807,0.043859649122807015,0.0043859649122807015,0.6973684210526315
0.2909090909090909,0.04727272727272727,0.01090909090909091,0.6509090909090909
0.2932098765432099,0.05246913580246913,0.018518518518518517,0.6358024691358025
0.3036649214659686,0.049738219895287955,0.015706806282722512,0.6308900523560209
0.3310344827586207,0.04597701149425287,0.013793103448275862,0.6091954022988506
0.348,0.034,0.01,0.608
0.37823834196891193,0.03454231433506045,0.008635578583765112,0.5785837651122625
0.3894899536321484,0.03400309119010819,0.01854714064914992,0.5579598145285936
0.3967828418230563,0.036193029490616625,0.01876675603217158,0.5482573726541555
0.40866510538641687,0.03395784543325527,0.0234192037470726,0.5339578454332553
0.4146079484425349,0.034371643394199784,0.031149301825993556,0.5198711063372717
0.4287118977384464,0.03146509341199607,0.02753195673549656,0.512291052114061
0.42988929889298894,0.033210332103321034,0.03413284132841329,0.5027675276752768
0.42136752136752137,0.03333333333333333,0.037606837606837605,0.5076923076923077
0.43084260731319557,0.03656597774244833,0.03656597774244833,0.4960254372019078
0.42342342342342343,0.03753753753753754,0.03753753753753754,0.5015015015015015
0.4343220338983051,0.03884180790960452,0.03954802259887006,0.4872881355932203
0.4314516129032258,0.0396505376344086,0.0396505376344086,0.489247311827957
0.43148502230720204,0.039515615041427664,0.040152963671128104,0.4888463989802422
0.4388888888888889,0.040740740740740744,0.043209876543209874,0.47716049382716047
0.43496174220129485,0.04473219540906415,0.04355503237198352,0.47675103001765745
0.4303724928366762,0.0498567335243553,0.044126074498567334,0.47564469914040114
0.44077134986225897,0.05234159779614325,0.04352617079889807,0.4633608815426997
0.4394184168012924,0.05331179321486268,0.044695745826602046,0.46257404415724285
0.4531330916623511,0.05696530295183842,0.041429311237700675,0.4484722941481098
0.44643772424397743,0.057919015889287544,0.04664274730907227,0.4490005125576627
0.45287698412698413,0.061507936507936505,0.051587301587301584,0.4340277777777778
0.44779018941233606,0.06605148130160272,0.055366682855755224,0.430791646430306
0.45579847908745247,0.06416349809885931,0.05370722433460076,0.42633079847908745
0.4548035967818268,0.06814955040227165,0.05395172740179839,0.42309512541410316
0.46236559139784944,0.06685366993922394,0.05423094904160823,0.4165497896213184
0.4582000913659205,0.06624029237094564,0.05756052992233897,0.41799908634079486
0.4581437670609645,0.07097361237488627,0.05959963603275705,0.41128298453139217
0.4608926204153778,0.07335395492708793,0.06363234644277507,0.4021210782147592
0.4574327304808116,0.07498897220996913,0.06352007057785619,0.40405822673136305
0.45860709592641263,0.07752956636005257,0.06657906263688129,0.39728427507665354
0.45660881174899864,0.0787716955941255,0.06542056074766354,0.3991989319092123
0.45692717584369447,0.07682060390763766,0.06793960923623446,0.39831261101243337
0.45030782761653476,0.07827616534740545,0.06904133685136324,0.4023746701846966
0.447450110864745,0.08470066518847007,0.06563192904656319,0.40221729490022173
0.4425438596491228,0.08421052631578947,0.06798245614035088,0.4052631578947368
0.43851917144116354,0.08329660643455267,0.07183781401498457,0.40634640810929923
0.4376657824933687,0.08532272325375774,0.07250221043324491,0.40450928381962864
0.4348206474190726,0.0857392825896763,0.07174103237095363,0.40769903762029747
0.4361562088635366,0.08293111013602457,0.07064501974550241,0.41026766125493636
0.43966282165039927,0.0834072759538598,0.07275953859804792,0.404170363797693
0.4349736379613357,0.07864674868189807,0.07557117750439367,0.4108084358523726
0.4345342706502636,0.0812829525483304,0.07293497363796134,0.4112478031634446
0.4273730684326711,0.08653421633554084,0.07549668874172186,0.4105960264900662
0.43147656940760387,0.08885941644562334,0.07382847038019452,0.40583554376657827
0.4218680832226649,0.08942009738822487,0.07791057990261177,0.41080123948649844
0.42718446601941745,0.08649602824360106,0.07766990291262135,0.4086496028243601
0.42575558475689884,0.09023215067893123,0.08059570740254052,0.40341655716162944
0.4267487901451826,0.09238891333040035,0.08139023317201936,0.3994720633523977
0.43020695728753855,0.08850726552179657,0.08366358432408631,0.39762219286657857
0.4251523063533507,0.08877284595300261,0.08616187989556136,0.3999129677980853
0.4258521469676848,0.0903054448871182,0.08853474988933156,0.39530765825586545
0.4175143741707209,0.09287925696594428,0.09199469261388767,0.39761167624944715
0.4215859030837004,0.08986784140969163,0.09030837004405286,0.39823788546255506
0.41935483870967744,0.08882015024304021,0.09235528060097216,0.39946973044631023
0.43034055727554177,0.0875718708536046,0.0946483856700575,0.3874391862007961
0.4238556338028169,0.0897887323943662,0.0897887323943662,0.3965669014084507
0.4299474605954466,0.08756567425569177,0.08887915936952714,0.3936077057793345
0.42782152230971127,0.09011373578302712,0.09186351706036745,0.3902012248468941
0.43164835164835164,0.09230769230769231,0.09054945054945054,0.3854945054945055
0.4266666666666667,0.09644444444444444,0.09111111111111111,0.3857777777777778
0.4213780918727915,0.09849823321554771,0.09319787985865724,0.3869257950530035
0.4224788982674367,0.10262105730786317,0.09284762327854287,0.3820524211461573
0.41932662877131616,0.10231744643637954,0.09269785745518146,0.3856580673371229
0.41444201312910284,0.1037199124726477,0.0949671772428884,0.38687089715536105
0.40923076923076923,0.1054945054945055,0.0945054945054945,0.39076923076923076
0.40026362038664326,0.10764499121265378,0.09578207381370826,0.39630931458699475
0.40008764241893074,0.1091148115687993,0.09947414548641542,0.3913234005258545
0.40492957746478875,0.10915492957746478,0.10299295774647887,0.3829225352112676
0.39964633068081346,0.10786914235190097,0.09858532272325375,0.39389920424403185
0.39459698848538527,0.10717449069973428,0.10141718334809566,0.39681133746678476
0.3913427561837456,0.10909893992932862,0.10070671378091872,0.39885159010600707
0.3906111603188663,0.10628875110717449,0.10097431355181577,0.4021257750221435
0.39610963748894784,0.10344827586206896,0.10079575596816977,0.39964633068081346
0.3925438596491228,0.10438596491228071,0.09956140350877193,0.40350877192982454
0.3956866197183099,0.11003521126760564,0.09507042253521127,0.39920774647887325
0.39536915683704676,0.1109654871122761,0.10048055919615553,0.3931847968545216
0.38498896247240616,0.11125827814569536,0.09933774834437085,0.4044150110375276
0.38237885462555066,0.11277533039647578,0.1052863436123348,0.39955947136563874
0.3864524533217542,0.10985670864090318,0.10551454624402953,0.3981762917933131
0.3903083700440529,0.10748898678414097,0.10616740088105726,0.3960352422907489
0.3876478318002628,0.11257117827420061,0.1038107752956636,0.395970214629873
0.3783303730017762,0.11545293072824156,0.11145648312611012,0.3947602131438721
0.3773913043478261,0.11739130434782609,0.11130434782608696,0.3939130434782609
0.3796744390673119,0.11702595688517378,0.10866695996480423,0.3946326440827101
0.3815672306322351,0.11932324131789848,0.11041852181656278,0.38869100623330366
0.37384412153236457,0.1202113606340819,0.11272567151034786,0.39321884632320564
0.3687912087912088,0.11956043956043956,0.11736263736263736,0.3942857142857143
0.3646384479717813,0.12037037037037036,0.1146384479717813,0.400352733686067
0.36777041942604854,0.12229580573951435,0.1152317880794702,0.39470198675496687
0.3618881118881119,0.12368881118881118,0.11057692307692307,0.40384615384615385
0.3618246235606732,0.12311780336581045,0.11027457927369354,0.40478299379982285
0.3603006189213086,0.1237842617152962,0.11317418213969938,0.40274093722369586
0.3577981651376147,0.12931411096548712,0.11183923110528615,0.40104849279161203
0.36070640176600444,0.1262693156732892,0.10949227373068433,0.40353200883002205
0.35984182776801404,0.12873462214411246,0.109402460456942,0.40202108963093147
0.35798687089715536,0.12910284463894967,0.10897155361050329,0.40393873085339166
0.36082928981032203,0.1301279223643582,0.105866784296427,0.4031760035288928
0.3592233009708738,0.1297440423654016,0.10812003530450133,0.4029126213592233
0.3606340819022457,0.12813738441215325,0.11008366358432409,0.401144870101277
0.3536963258078796,0.133244798583444,0.11066843736166446,0.40239043824701193
0.3588957055214724,0.12927256792287467,0.11393514460999124,0.3978965819456617
0.3583260680034874,0.12859633827375763,0.11333914559721012,0.3997384481255449
0.3627148523578669,0.13221683561040107,0.11899515204936095,0.3860731599823711
0.37249782419495214,0.12924281984334204,0.11314186248912098,0.38511749347258484
0.3742819266460451,0.12859036676977464,0.11886875828546177,0.37825894829871853
0.3708609271523179,0.13112582781456952,0.11567328918322296,0.3823399558498896
0.37339246119733926,0.12771618625277162,0.11175166297117517,0.387139689578714
0.3689745836985101,0.12839614373356706,0.11831726555652936,0.3843120070113935
0.36379536510712723,0.1285526891123743,0.11674682990817666,0.3909051158723218
0.3701754385964912,0.1267543859649123,0.11315789473684211,0.3899122807017544
0.36399647887323944,0.12984154929577466,0.12015845070422536,0.38600352112676056
0.368141592920354,0.12831858407079647,0.12168141592920353,0.381858407079646
0.3630742049469965,0.13162544169611307,0.12058303886925795,0.3847173144876325
0.356,0.132,0.12711111111111112,0.3848888888888889
0.359402460456942,0.1313708260105448,0.12390158172231985,0.38532513181019334
0.358883473637572,0.1338059370846256,0.12538768276473194,0.3819229065130704
0.3605832965090588,0.1307998232434821,0.12593901900132567,0.38267786124613345
0.36363636363636365,0.13062665489849956,0.1235657546337158,0.382171226831421
0.36552946389011964,0.1333628710677891,0.12051395657953035,0.3805937084625609
0.3598768147822261,0.13902331720193578,0.11834579850417949,0.3827540695116586
0.3568920105355575,0.14003511852502196,0.11984196663740122,0.38323090430201934
0.35752212389380533,0.14203539823008848,0.12035398230088495,0.38008849557522123
0.3510022271714922,0.14075723830734965,0.12516703786191538,0.3830734966592428
0.35426802299867316,0.1393188854489164,0.1251658558160106,0.38124723573639985
0.35566328779197887,0.14147201410312912,0.12296165711767298,0.37990304098721905
0.3504424778761062,0.14646017699115044,0.11814159292035398,0.38495575221238937
0.35526315789473684,0.14342105263157895,0.11929824561403508,0.38201754385964914
0.3497777777777778,0.14755555555555555,0.12266666666666666,0.38
0.34984789222077356,0.15167318557149065,0.12299000434593654,0.3754889178617992
0.3494293239683933,0.15057067603160668,0.12071992976294996,0.37928007023705007
0.35770925110132157,0.1524229074889868,0.11850220264317181,0.37136563876651985
0.3582089552238806,0.15188762071992976,0.11457418788410886,0.37532923617208075
0.3568935427574171,0.1544502617801047,0.11649214659685864,0.37216404886561955
0.36685866194062916,0.1546300398759415,0.11209570225963669,0.36641559592379264
0.3663278833406982,0.15687140963323024,0.1175430844012373,0.3592576226248343
0.3558362369337979,0.16071428571428573,0.11628919860627178,0.3671602787456446
0.3563572371315442,0.15970083589969203,0.11042674879014518,0.37351517817861857
0.36012433392539966,0.15452930728241562,0.11323268206039076,0.37211367673179396
0.3587952859013531,0.15539065910082933,0.11348756001745962,0.3723264949803579
0.3640389725420726,0.15234720992028344,0.11160318866253321,0.3720106288751107
0.37389380530973454,0.14778761061946902,0.11283185840707964,0.3654867256637168
0.372851476421331,0.14587924195680918,0.11546936976641692,0.3657999118554429
0.3746184038377671,0.14609681639773223,0.11077191452245966,0.368512865242041
0.3765836609873307,0.14635211882918306,0.1052861511577108,0.3717780690257754
0.3786407766990291,0.14210061782877317,0.10723742277140336,0.3720211827007944
0.37372843874391865,0.14462627156125607,0.1092436974789916,0.3724015922158337
0.36872501110617506,0.14571301643713905,0.10884051532652154,0.37672145713016436
0.3760532150776053,0.13968957871396895,0.10776053215077605,0.3764966740576497
0.373568281938326,0.13612334801762113,0.11409691629955947,0.3762114537444934
0.37117903930131,0.13449781659388646,0.11484716157205241,0.3794759825327511
0.3732394366197183,0.1386443661971831,0.11223591549295775,0.37588028169014087
0.37182345073562195,0.14043691484618814,0.11234953187695051,0.3753901025412394
0.37861524978089395,0.1375985977212971,0.10823838737949168,0.3755477651183173
0.3726599912929909,0.14061819764910752,0.10840226382237701,0.3783195472355246
0.3681878599911387,0.1431103234381923,0.10943730615861763,0.3792645104120514
0.37128932210899424,0.1386796632698272,0.10899424014178112,0.38103677447939743
0.36893203883495146,0.13724624889673434,0.11606354810238305,0.37775816416593117
0.36331569664902996,0.140652557319224,0.11684303350970017,0.37918871252204583
0.35856573705179284,0.13899955732625055,0.12129260734838423,0.38114209827357237
0.36471103327495624,0.13528896672504379,0.11996497373029773,0.38003502626970226
0.36359668267132256,0.13531209079004802,0.12265386294194675,0.3784373635966827
0.35764499121265375,0.13620386643233742,0.11862917398945519,0.3875219683655536
0.3592841163310962,0.13870246085011187,0.11767337807606264,0.3843400447427293
0.3522927689594356,0.14109347442680775,0.1146384479717813,0.39197530864197533
0.35200705778561975,0.13895015438906044,0.11865902073224525,0.39038376709307454
0.3460192475940507,0.14216972878390202,0.11723534558180228,0.39457567804024496
0.34818698121450414,0.14416775884665792,0.11882918304936653,0.3888160768894714
0.34458570802279703,0.1442349846558527,0.11530030688294608,0.3958790004384042
0.34275618374558303,0.14708480565371024,0.11793286219081273,0.392226148409894
0.3370635631154879,0.1450313339301701,0.11906893464637422,0.39883616830796775
0.3334807607253428,0.1384343210968598,0.12118531623175587,0.4068996019460416
0.3315696649029982,0.13800705467372135,0.11992945326278659,0.4104938271604938
0.33274570295284267,0.1366240634640811,0.11723226090788894,0.4133979726751873
0.3415276558384548,0.13652326602282705,0.11633011413520632,0.40561896400351183
0.3474011550422035,0.13727232341181697,0.11239449133718347,0.4029320302087961
0.345413870246085,0.14004474272930648,0.10917225950782998,0.4053691275167785
0.3487858719646799,0.1368653421633554,0.10860927152317881,0.40573951434878586
0.34606841403820526,0.13505108840515326,0.11106175033318526,0.40781874722345623
0.34189548272807796,0.1341895482728078,0.11293179805137289,0.41098317094774134
0.3435148295706065,0.13501549358123063,0.11199645861000443,0.40947321823815847
0.33893805309734515,0.13451327433628318,0.11106194690265486,0.4154867256637168
0.3346473937801139,0.13009198423127463,0.11344721857205431,0.42181340341655715
0.33568904593639576,0.12809187279151943,0.11439929328621908,0.4218197879858657
0.33941281138790036,0.12944839857651247,0.11298932384341637,0.4181494661921708
0.3347940403155127,0.13102541630148992,0.11218229623137599,0.4219982471516214
0.3349429323968393,0.1286215978928885,0.11633011413520632,0.42010535557506584
0.3389010989010989,0.12571428571428572,0.11736263736263736,0.41802197802197805
0.34114007954043307,0.12593901900132567,0.11931064958020327,0.413610251878038
0.3374125874125874,0.12412587412587413,0.11844405594405595,0.4200174825174825
0.33863134657836647,0.12450331125827814,0.11920529801324503,0.4176600441501104
0.33436259373621524,0.12659902955447727,0.11865902073224525,0.4203793559770622
0.3260201842913559,0.12900394910048266,0.1193505923650724,0.42562527424308905
0.325530035335689,0.12809187279151943,0.11484098939929328,0.43153710247349825
0.32,0.12977777777777777,0.11866666666666667,0.4315555555555556
0.3180428134556575,0.13062472695500219,0.12232415902140673,0.4290083005679336
0.3163444639718805,0.12434094903339192,0.12434094903339192,0.4349736379613357
0.3238262395787626,0.12110574813514699,0.12593242650285214,0.42913558578323824
0.316622691292876,0.1218117854001759,0.12620932277924363,0.43535620052770446
0.3208532868959512,0.11797997387897258,0.12755768393556813,0.43360905528950805
0.3261443661971831,0.11091549295774648,0.12632042253521128,0.43661971830985913
0.3173286774334352,0.11479703186381493,0.13094718463553034,0.4369271060672196
0.32502187226596674,0.11286089238845144,0.13123359580052493,0.4308836395450569
0.3251996450754215,0.11712511091393078,0.1264418811002662,0.43123336291038156
0.3246466431095406,0.12014134275618374,0.12897526501766785,0.42623674911660775
0.3259814733127481,0.11601235112483459,0.1345390383767093,0.423467137185708
0.32788334069818825,0.11533362792752982,0.1316836058329651,0.42509942554131686
0.32350352112676056,0.11487676056338028,0.1329225352112676,0.42869718309859156
0.31882145998240985,0.11829375549692173,0.1363236587510994,0.42656112576956906
0.3197339246119734,0.11751662971175167,0.13348115299334812,0.4292682926829268
0.31922398589065254,0.12213403880070546,0.12786596119929453,0.43077601410934746
0.32521045635799734,0.11918475852902083,0.12583074878156844,0.42977403633141337
0.32751091703056767,0.11528384279475982,0.12489082969432315,0.43231441048034935
0.33114897335080823,0.12057667103538663,0.12450851900393185,0.4237658366098733
0.3367301727957466,0.12051395657953035,0.12450155073105892,0.41825431989366413
0.3394415357766143,0.1156195462478185,0.12172774869109948,0.4232111692844677
0.3416776460254721,0.11198945981554677,0.12340799297321037,0.42292490118577075
0.3434029320302088,0.11505997334517992,0.12039093736117282,0.42114615726343846
0.3448735019973369,0.11362627607634265,0.12028406569019086,0.4212161562361296
0.347326557666814,0.11444984533804684,0.12152010605391074,0.41670349094122844
0.3424657534246575,0.1175430844012373,0.12240388864339373,0.41758727353071146
0.35190097259062775,0.1184792219274978,0.1206896551724138,0.40893015030946067
0.35870516185476814,0.11286089238845144,0.12248468941382328,0.40594925634295714
0.34799824021117465,0.11042674879014518,0.12890453145622524,0.4126704795424549
0.3556043956043956,0.11428571428571428,0.12439560439560439,0.4057142857142857
0.35278514588859416,0.11892130857648099,0.123342175066313,0.40495137046861185
0.3524229074889868,0.11762114537444934,0.11629955947136564,0.41365638766519824
0.3533274956217163,0.12302977232924693,0.12040280210157618,0.4032399299474606
0.3540925266903915,0.12722419928825623,0.11654804270462633,0.40213523131672596
0.35529205094422484,0.12692138779095302,0.11725955204216074,0.4005270092226614
0.34523809523809523,0.12522045855379188,0.12522045855379188,0.404320987654321
0.34391304347826085,0.1208695652173913,0.12173913043478261,0.41347826086956524
0.3390804597701149,0.121131741821397,0.12245800176834659,0.41732979664014147
0.34488810881965776,0.11891180342255375,0.12417727073277754,0.412022817025011
0.33802197802197803,0.11912087912087913,0.12571428571428572,0.41714285714285715
0.3411816970235451,0.12083518436250555,0.12927587738782764,0.40870724122612173
0.34738691260430393,0.1137461572244181,0.13306982872200263,0.4057971014492754
0.3440955329500221,0.1167624944714728,0.13047324192835028,0.4086687306501548
0.3418614909572122,0.11468901632112924,0.13189236876929863,0.41155712395235994
0.33347998240211174,0.1161460624725033,0.13330400351957766,0.4170699516058073
0.33421052631578946,0.11754385964912281,0.13157894736842105,0.4166666666666667
0.33244444444444443,0.11377777777777778,0.13377777777777777,0.42
0.34523809523809523,0.11022927689594356,0.1349206349206349,0.4096119929453263
0.3390652557319224,0.10890652557319223,0.1353615520282187,0.4166666666666667
0.3393169877408056,0.10945709281961472,0.13222416812609458,0.4190017513134851
0.3373068432671082,0.11214128035320088,0.13289183222958056,0.4176600441501104
0.3364156759136944,0.11624834874504623,0.1312197269925143,0.41611624834874505
0.3362637362637363,0.11208791208791209,0.13274725274725274,0.4189010989010989
0.3253012048192771,0.11378848728246319,0.13788487282463185,0.42302543507362783
0.32949512843224094,0.11691762621789194,0.13728963684676704,0.4162976085031001
0.3258278145695364,0.11655629139072848,0.13730684326710818,0.4203090507726269
0.3251101321585903,0.11409691629955947,0.1356828193832599,0.4251101321585903
0.3211292456991619,0.11954124393471548,0.13674459638288486,0.4225849139832378
0.31551270815074495,0.12226117440841368,0.13190184049079753,0.4303242769500438
0.3147656940760389,0.12157382847038019,0.13395225464190982,0.4297082228116711
0.3224543080939948,0.12010443864229765,0.134029590948651,0.42341166231505656
0.3237095363079615,0.1216097987751531,0.13079615048118984,0.4238845144356955
0.32798573975044565,0.12121212121212122,0.1359180035650624,0.41488413547237074
0.3278249218401072,0.11790978115230014,0.135328271549799,0.41893702545779365
0.33421868083222667,0.11996458610004426,0.13147410358565736,0.41434262948207173
0.3363954505686789,0.11986001749781278,0.12992125984251968,0.4138232720909886
0.34008810572687226,0.11938325991189427,0.13171806167400882,0.40881057268722465
0.33289241622574955,0.12213403880070546,0.13095238095238096,0.414021164021164
0.3395061728395062,0.12081128747795414,0.12742504409171077,0.4122574955908289
0.33880266075388027,0.11840354767184036,0.13170731707317074,0.41108647450110863
0.3318719859710653,0.12099956159579132,0.13371328364752302,0.41341516878562035
0.3321476211649622,0.1200533570475767,0.1365051133837261,0.411293908403735
0.32737030411449014,0.12298747763864043,0.1319320214669052,0.41771019677996424
0.3279928793947485,0.12594570538495772,0.1312861593235425,0.41477525589675124
0.3273942093541203,0.12249443207126949,0.12962138084632516,0.42048997772828506
0.32427695004382123,0.12401402278702892,0.12839614373356706,0.4233128834355828
0.3272010512483574,0.12176960140166447,0.12308366184844503,0.42794568550153306
0.3292415607189829,0.12757562472599737,0.1179307321350285,0.42525208241999124
0.3237885462555066,0.12951541850220263,0.12202643171806167,0.42466960352422906
0.3194566170026293,0.13102541630148992,0.12532865907099036,0.42418930762489043
0.3160690571049137,0.13280212483399734,0.1301460823373174,0.4209827357237716
0.3097228332600088,0.13550373955125386,0.13330400351957766,0.4214694236691597
0.3127734033245844,0.13867016622922135,0.13167104111986003,0.41688538932633423
0.3022636484687084,0.13981358189081225,0.13404349755881048,0.42387927208166887
0.3050397877984085,0.14588859416445624,0.13085764809902742,0.4182139699381079
0.3005729396209784,0.1489643014543852,0.12957249889819303,0.42089026002644336
0.30052956751985876,0.15401588702559577,0.12753751103265668,0.41791703442188877
0.29675699689027096,0.15459795646379387,0.1279431363838294,0.42070191026210574
0.3029100529100529,0.15343915343915343,0.13095238095238096,0.4126984126984127
0.29590017825311943,0.1573083778966132,0.13368983957219252,0.41310160427807485
0.3082010582010582,0.1574074074074074,0.1300705467372134,0.404320987654321
0.3143358176238492,0.15387987724682156,0.12713722051731696,0.40464708461201226
0.3156043956043956,0.15076923076923077,0.12615384615384614,0.4074725274725275
0.316043956043956,0.15164835164835164,0.12835164835164836,0.40395604395604395
0.313386524822695,0.15115248226950354,0.12854609929078015,0.40691489361702127
0.31616028181417877,0.1448701012769705,0.130779392338177,0.4081902245706737
0.30952380952380953,0.14506172839506173,0.13227513227513227,0.4131393298059965
0.31164835164835164,0.14065934065934066,0.12923076923076923,0.41846153846153844
0.313943161634103,0.1380994671403197,0.12522202486678508,0.4227353463587922
0.3215547703180212,0.14045936395759717,0.12411660777385158,0.41386925795053003
0.3195921985815603,0.14406028368794327,0.12189716312056738,0.4144503546099291
0.32166301969365424,0.1413566739606127,0.12603938730853392,0.41094091903719915
0.32342657342657344,0.1437937062937063,0.13243006993006992,0.40034965034965037
0.32150678931230836,0.1384143670608848,0.13184406482698205,0.4082347787998248
0.3222124670763828,0.1356453028972783,0.13169446883230904,0.41044776119402987
0.31648351648351647,0.13802197802197802,0.12835164835164836,0.41714285714285715
0.3166961130742049,0.1356007067137809,0.13074204946996468,0.4169611307420495
0.3141476274165202,0.13708260105448156,0.13093145869947276,0.4178383128295255
0.3127446715963462,0.13832100913440626,0.13658112222705523,0.41235319704219225
0.3201948627103631,0.13596102745792737,0.13773250664304695,0.4061116031886625
0.3099027409372237,0.14014146772767463,0.13660477453580902,0.41335101679929265
0.30933333333333335,0.13866666666666666,0.13866666666666666,0.41333333333333333
0.3089395267309378,0.14329535495179668,0.13102541630148992,0.41673970201577565
0.3040035195776507,0.15090189177298724,0.1293444786625605,0.41575010998680156
0.30136383633963926,0.15310162780466344,0.12846458424989002,0.4170699516058073
0.2981834293309703,0.15418697385910501,0.12937527691626052,0.41825431989366413
0.29657293497363796,0.15114235500878734,0.13488576449912126,0.4173989455184534
0.29590488771466317,0.15191545574636725,0.13518273888154997,0.41699691765741964
0.2988100484795064,0.1502864698104892,0.1375055090348171,0.4133979726751873
0.2944812362030905,0.14701986754966886,0.14172185430463577,0.41677704194260484
0.28835978835978837,0.1455026455026455,0.14153439153439154,0.4246031746031746
0.28765323992994746,0.14711033274956217,0.14273204903677758,0.4225043782837128
0.28900709219858156,0.149822695035461,0.14184397163120568,0.41932624113475175
0.28818061088977426,0.15449313855688357,0.13811420982735723,0.41921204072598495
0.28342958685028874,0.1625944024877832,0.1386050644158152,0.4153709462461128
0.2842572062084257,0.1583148558758315,0.14235033259423505,0.4150776053215078
0.28205128205128205,0.16268788682581786,0.138815207780725,0.41644562334217505
0.28426171529619804,0.16268788682581786,0.14412024756852343,0.40893015030946067
0.27621597501115575,0.1682284694332887,0.14190093708165996,0.41365461847389556
0.2814814814814815,0.16732026143790849,0.1437908496732026,0.4074074074074074
0.2775800711743772,0.1650355871886121,0.1445729537366548,0.4128113879003559
0.27525363917071016,0.1667401852668725,0.14292015880017644,0.41508601676224083
0.2770769899956503,0.1635493692909961,0.14310569812962157,0.41626794258373206
0.28054697838553155,0.16497573886193206,0.145125716806352,0.4093515659461844
0.27667109340416113,0.16644532979194335,0.1456396635679504,0.4112439132359451
0.2786596119929453,0.17063492063492064,0.1419753086419753,0.4087301587301587
0.2825990209167779,0.17222963951935916,0.14107699154428127,0.40409434801958166
0.2794182459233142,0.16747465843984133,0.14279418245923314,0.41031291317761126
0.2790286975717439,0.1664459161147903,0.14172185430463577,0.41280353200883
0.28227571115973743,0.16542669584245076,0.1400437636761488,0.41225382932166305
0.2857142857142857,0.16747252747252747,0.13758241758241757,0.40923076923076923
0.28180212014134276,0.1704946996466431,0.1413427561837456,0.40636042402826855
0.2765017667844523,0.1709363957597173,0.14752650176678445,0.40503533568904593
0.2781921895568232,0.16761737604212373,0.14480035103115402,0.40939008336989907
0.27991169977924946,0.17218543046357615,0.141280353200883,0.4066225165562914
0.27709251101321586,0.17224669603524229,0.14317180616740088,0.40748898678414097
0.2766429840142096,0.16651865008880995,0.1438721136767318,0.4129662522202487
0.28273413226808697,0.15889924545051043,0.14824678206835332,0.41011984021304926
0.2798605056669573,0.15562336530078466,0.15170008718395817,0.4128160418482999
0.27906976744186046,0.15489249670908292,0.15489249670908292,0.4111452391399737
0.2801402893467777,0.1464270056992547,0.1595791319596668,0.41385357299430076
0.2709620476610768,0.14872021182700795,0.15710503089143865,0.42321270962047663
0.2697715289982425,0.14938488576449913,0.15817223198594024,0.4226713532513181
0.26906222611744085,0.15030674846625766,0.16126205083260298,0.4193689745836985
0.26687251874724305,0.1583590648434054,0.15968239964711073,0.41508601676224083
0.26320384111741596,0.16062854648625055,0.16193801833260585,0.4142295940637276
0.2588183421516755,0.16049382716049382,0.164021164021164,0.4166666666666667
0.25342163355408387,0.16821192052980133,0.1598233995584989,0.4185430463576159
0.25786442179884805,0.1683650863978733,0.15773150199379707,0.4160389898094816
0.2594050743657043,0.163167104111986,0.16141732283464566,0.41601049868766404
0.25981473312748127,0.16144684605205117,0.1623290692545214,0.41640935156594616
0.25263157894736843,0.15921052631578947,0.1692982456140351,0.41885964912280704
0.2479010163499779,0.16261599646486966,0.16129032258064516,0.4281926646045073
0.25,0.16199649737302976,0.1615586690017513,0.4264448336252189
0.25133214920071045,0.15630550621669628,0.15808170515097691,0.4342806394316163
0.25275694750771943,0.1561535068372298,0.16056462284958095,0.4305249228054698
0.2548932384341637,0.16058718861209964,0.1592526690391459,0.42526690391459077
0.2549800796812749,0.1593625498007968,0.16511730854360337,0.4205400619743249
0.25462555066079295,0.16255506607929515,0.16211453744493393,0.42070484581497797
0.25274725274725274,0.16,0.1621978021978022,0.42505494505494507
0.25065616797900264,0.16010498687664043,0.15966754155730534,0.42957130358705164
0.24978127734033245,0.16360454943132108,0.16010498687664043,0.42650918635170604
0.2553470100392842,0.16062854648625055,0.15931907463989525,0.42470536883457005
0.2555066079295154,0.16079295154185022,0.1581497797356828,0.42555066079295156
0.25451343020695727,0.16248348745046234,0.15411712901805372,0.4288859533245266
0.2610989010989011,0.16263736263736264,0.15164835164835164,0.4246153846153846
0.2647317502198769,0.1644678979771328,0.1517150395778364,0.41908531222515394
0.27144120247568526,0.16312997347480107,0.14721485411140584,0.4182139699381079
0.27156125608137993,0.16320212295444494,0.14816452896948254,0.41707209199469264
0.27333038478549315,0.1609907120743034,0.14816452896948254,0.4175143741707209
0.2768361581920904,0.15167318557149065,0.15167318557149065,0.4198174706649283
0.2774869109947644,0.15357766143106458,0.15139616055846422,0.4175392670157068
0.27887571365832237,0.15634606938954765,0.14756258234519104,0.41721563460693895
0.27926348092941694,0.15607189829022358,0.14993423936869793,0.4147303814116616
0.2783143107989464,0.15408252853380158,0.1527655838454785,0.41483757682177347
0.286156567890314,0.1525873507297656,0.1534719150818222,0.40778416629809816
0.28609506885828523,0.1568191914704576,0.14660151043980454,0.41048422923145267
0.28357551739321885,0.15896081021576397,0.14927344782034346,0.4081902245706737
0.2827133479212254,0.1549234135667396,0.15185995623632384,0.41050328227571115
0.28308501314636286,0.1586327782646801,0.15381244522348816,0.40446976336546886
0.2838852097130243,0.15275938189845475,0.1532008830022075,0.4101545253863135
0.2862849533954727,0.15268530847758544,0.15268530847758544,0.4083444296493564
0.2859013531209079,0.14797031863814927,0.15277171540811874,0.4133566128328241
0.27989371124889284,0.14968999114260406,0.1536758193091231,0.41674047829938
0.27692307692307694,0.1432967032967033,0.15912087912087913,0.4206593406593407
0.27673505019642075,0.14447839371453514,0.16542994325621999,0.4133566128328241
0.27580149319279756,0.14404918752744839,0.16644707949055776,0.4137022397891963
0.27441449403446755,0.14582412726469288,0.16173221387538667,0.41802916482545294
0.2647058823529412,0.15196078431372548,0.16711229946524064,0.41622103386809267
0.2667844522968198,0.15282685512367492,0.16696113074204946,0.4134275618374558
0.2728471001757469,0.15114235500878734,0.163884007029877,0.4121265377855888
0.2672527472527473,0.15384615384615385,0.16527472527472528,0.4136263736263736
0.26492374727668844,0.15729847494553376,0.16470588235294117,0.4130718954248366
0.2607561929595828,0.15949587136027815,0.16079965232507606,0.418948283355063
0.26518847006651886,0.15964523281596452,0.15920177383592019,0.41596452328159644
0.2621657167908812,0.1551950898728628,0.16089434458570803,0.421744848750548
0.26702269692923897,0.15398308856252782,0.1606586559857588,0.4183355585224744
0.26148409893992935,0.15591872791519434,0.15768551236749118,0.4249116607773852
0.25701754385964914,0.15789473684210525,0.1587719298245614,0.4263157894736842
0.26077492381367,0.14801915542011318,0.16499782324771442,0.4262080975185024
0.2581211589113257,0.15408252853380158,0.1611062335381914,0.4266900790166813
0.2514310876265962,0.1549977983267283,0.16776750330250992,0.42580361074416556
0.26077396657871593,0.15127528583992964,0.16754617414248021,0.4204045734388742
0.25726872246696036,0.15418502202643172,0.17004405286343613,0.4185022026431718
0.2558862727676588,0.1519324744557974,0.1701466015104398,0.42203465126610396
0.25886524822695034,0.1502659574468085,0.16312056737588654,0.42774822695035464
0.260347129506008,0.14419225634178906,0.17089452603471295,0.42456608811748997
0.2621359223300971,0.14254192409532215,0.16813768755516328,0.42718446601941745
0.257529463116543,0.14535137494543868,0.16892186817983412,0.4281972937581842
0.2574430823117338,0.14448336252189142,0.17425569176882663,0.4238178633975482
0.2562637362637363,0.1432967032967033,0.1767032967032967,0.4237362637362637
0.2639437856829161,0.14492753623188406,0.17347386912604304,0.4176548089591568
0.26435773783428324,0.1451117930732135,0.16790881192459448,0.42262165716790884
0.2644082710074791,0.14430268367795865,0.16893972723273207,0.4223493180818302
0.26757469244288223,0.13971880492091387,0.1687170474516696,0.4239894551845343
0.27240773286467485,0.1375219683655536,0.16300527240773285,0.4270650263620387
0.2719259585720582,0.12913177611282503,0.16130453944468928,0.4376377258704275
0.26521545979564637,0.1257219013771657,0.1634828964904487,0.44557974233673925
0.2683790965456156,0.12533215234720993,0.15899025686448184,0.44729849424269263
0.2662565905096661,0.12917398945518455,0.15729349736379614,0.44727592267135324
0.2641758241758242,0.13230769230769232,0.1564835164835165,0.447032967032967
0.27224669603524226,0.1299559471365639,0.1568281938325991,0.4409691629955947
0.2727272727272727,0.12886142983230361,0.15754633715798763,0.440864960282436
0.268141592920354,0.13097345132743363,0.16194690265486725,0.4389380530973451
0.26587301587301587,0.13271604938271606,0.1609347442680776,0.44047619047619047
0.2629253203711887,0.13610251878038002,0.16173221387538667,0.43923994697304464
0.2542446669569003,0.14235959947757945,0.1610796691336526,0.44231606443186766
0.25308641975308643,0.14153439153439154,0.16534391534391535,0.4400352733686067
0.24867256637168142,0.14203539823008848,0.168141592920354,0.4411504424778761
0.24737762237762237,0.14772727272727273,0.166520979020979,0.4383741258741259
0.25265017667844525,0.14885159010600707,0.16298586572438162,0.43551236749116606
0.25407309555262,0.14839277851166888,0.16248348745046234,0.4350506384852488
0.24682713347921226,0.14792122538293218,0.16148796498905907,0.4437636761487965
0.24600355239786856,0.1460923623445826,0.16119005328596803,0.4467140319715808
0.24879544459045116,0.1498028909329829,0.16206745510293474,0.4393342093736312
0.24923211935059236,0.14962702939885913,0.15928038613426942,0.4418604651162791
0.24933095450490633,0.14986619090098127,0.16280107047279216,0.43800178412132024
0.24777183600713013,0.14750445632798573,0.16755793226381463,0.43716577540106955
0.24791940429259746,0.1498028909329829,0.1616294349540079,0.4406482698204117
0.24545051043053706,0.1509098979138926,0.16200621393697293,0.44163337771859745
0.24370860927152319,0.152317880794702,0.1576158940397351,0.4463576158940397
0.24319578577699735,0.1527655838454785,0.15803336259877085,0.44600526777875327
0.24473684210526317,0.14912280701754385,0.15964912280701754,0.44649122807017544
0.24342105263157895,0.1530701754385965,0.156140350877193,0.4473684210526316
0.24492497793468668,0.15136804942630186,0.15798764342453664,0.4457193292144748
0.25164980202375714,0.14870215574131104,0.1583809942806863,0.4412670479542455
0.2514161220043573,0.15468409586056645,0.1599128540305011,0.4339869281045752
0.2513157894736842,0.156140350877193,0.16271929824561404,0.4298245614035088
0.25155832591273375,0.15716829919857525,0.1642920747996438,0.4269813000890472
0.25803610744165567,0.1563188022897402,0.16160281814178776,0.4240422721268164
0.25803610744165567,0.1563188022897402,0.15808014090708938,0.42756494936151473
0.2570796460176991,0.15353982300884955,0.15398230088495576,0.4353982300884956
0.2555066079295154,0.15638766519823788,0.1524229074889868,0.4356828193832599
0.25384277558190604,0.15678524374176547,0.15371102327624067,0.4356609574000878
0.25242290748898677,0.15066079295154186,0.15638766519823788,0.44052863436123346
0.2491103202846975,0.152135231316726,0.16058718861209964,0.43816725978647686
0.25,0.1519434628975265,0.16210247349823323,0.43595406360424027
0.2488986784140969,0.15550660792951543,0.16255506607929515,0.4330396475770925
0.2479047198941332,0.1583590648434054,0.1627701808557565,0.4309660344067049
0.24221149627029398,0.16103554190434402,0.16103554190434402,0.435717419921018
0.24479858344400177,0.1615759185480301,0.1571491810535635,0.4364763169544046
0.24487123526844173,0.16062854648625055,0.1532082060235705,0.44129201222173725
0.2389937106918239,0.16217430368373764,0.15633423180592992,0.44249775381850853
0.24669020300088262,0.16328331862312445,0.1553398058252427,0.4346866725507502
0.24214659685863874,0.16230366492146597,0.1531413612565445,0.4424083769633508
0.25296964364276286,0.1570611526616806,0.1482622085349758,0.4417069951605807
0.24911660777385158,0.15812720848056538,0.1519434628975265,0.44081272084805656
0.2534965034965035,0.1577797202797203,0.15166083916083917,0.4370629370629371
0.2557117750439367,0.15817223198594024,0.14982425307557118,0.43629173989455183
0.2560386473429952,0.16029863855950813,0.15063680281071584,0.43302591128678086
0.2546337157987643,0.16328331862312445,0.14474845542806708,0.43733451015004415
0.25916114790286976,0.15894039735099338,0.1479028697571744,0.43399558498896246
0.26246140273489194,0.15747684164093514,0.15041905602117336,0.42964269960299956
0.2596660808435852,0.15377855887521968,0.15026362038664323,0.43629173989455183
0.2561029738126942,0.1549045716822015,0.15312916111850866,0.43586329338659563
0.2570929725010912,0.16062854648625055,0.14927979048450457,0.43299869052815365
0.25903083700440527,0.15638766519823788,0.15462555066079295,0.4299559471365639
0.26563876651982377,0.15506607929515417,0.15198237885462554,0.42731277533039647
0.2636727434415296,0.15384615384615385,0.15562472209871053,0.42685638061360603
0.26094648385670055,0.15479876160990713,0.15656789031402035,0.42768686421937196
0.2639257294429708,0.15649867374005305,0.15473032714412024,0.4248452696728559
0.26483613817537643,0.15234720992028344,0.1616474756421612,0.4211691762621789
0.2675438596491228,0.15,0.15964912280701754,0.42280701754385963
0.2669603524229075,0.14889867841409693,0.15506607929515417,0.4290748898678414
0.26380368098159507,0.147239263803681,0.15425065731814197,0.43470639789658194
0.2692136828076411,0.1386050644158152,0.1581519324744558,0.43402932030208796
0.27252650176678445,0.1413427561837456,0.15856890459363956,0.4275618374558304
0.2708150744960561,0.14592462751971955,0.16213847502191062,0.42112182296231376
0.2706140350877193,0.1442982456140351,0.16535087719298244,0.41973684210526313
0.2724879333040807,0.14172882843352347,0.16059675296182535,0.4251864853005704
0.2740447957839262,0.1422924901185771,0.16381203337725078,0.41985068072024595
