C,D,Oc,Od
0.0,0.0,0.0,1.0
0.0,0.5,0.0,0.5
0.6666666666666666,0.3333333333333333,0.0,0.0
0.4,0.6,0.0,0.0
0.25,0.75,0.0,0.0
0.23076923076923078,0.7692307692307693,0.0,0.0
0.16666666666666666,0.7777777777777778,0.05555555555555555,0.0
0.13636363636363635,0.7727272727272727,0.09090909090909091,0.0
0.17391304347826086,0.782608695652174,0.043478260869565216,0.0
0.14285714285714285,0.7857142857142857,0.03571428571428571,0.03571428571428571
0.14285714285714285,0.7142857142857143,0.11428571428571428,0.02857142857142857
0.20512820512820512,0.5897435897435898,0.1794871794871795,0.02564102564102564
0.2619047619047619,0.5,0.19047619047619047,0.047619047619047616
0.2641509433962264,0.4339622641509434,0.24528301886792453,0.05660377358490566
0.3230769230769231,0.36923076923076925,0.26153846153846155,0.046153846153846156
0.38823529411764707,0.29411764705882354,0.27058823529411763,0.047058823529411764
0.41836734693877553,0.29591836734693877,0.24489795918367346,0.04081632653061224
0.4380165289256198,0.2892561983471074,0.2396694214876033,0.03305785123966942
0.477124183006536,0.2875816993464052,0.2222222222222222,0.013071895424836602
0.4973544973544973,0.25925925925925924,0.21693121693121692,0.026455026455026454
0.5231481481481481,0.24537037037037038,0.18981481481481483,0.041666666666666664
0.5230769230769231,0.22692307692307692,0.18846153846153846,0.06153846153846154
0.5160256410256411,0.21153846153846154,0.1987179487179487,0.07371794871794872
0.5163043478260869,0.20923913043478262,0.20652173913043478,0.06793478260869565
0.5333333333333333,0.20714285714285716,0.18571428571428572,0.07380952380952381
0.538135593220339,0.20127118644067796,0.17372881355932204,0.08686440677966102
0.5150943396226415,0.21132075471698114,0.17735849056603772,0.09622641509433963
0.5357142857142857,0.1989795918367347,0.1649659863945578,0.10034013605442177
0.5278637770897833,0.2043343653250774,0.16563467492260062,0.1021671826625387
0.5299026425591099,0.20027816411682892,0.16550764951321278,0.1043115438108484
0.5216284987277354,0.19720101781170485,0.16412213740458015,0.11704834605597965
0.5296167247386759,0.18118466898954705,0.1672473867595819,0.12195121951219512
0.5218783351120597,0.18569903948772679,0.16435432230522945,0.128068303094984
0.5176817288801572,0.17976424361493124,0.1650294695481336,0.137524557956778
0.5092250922509225,0.17712177121771217,0.16512915129151293,0.14852398523985239
0.5117845117845118,0.18013468013468015,0.15488215488215487,0.1531986531986532
0.5157232704402516,0.17531446540880502,0.15566037735849056,0.15330188679245282
0.5088105726872246,0.17841409691629956,0.14757709251101322,0.16519823788546256
0.5027624309392266,0.17265193370165746,0.15400552486187846,0.17058011049723756
0.5009861932938856,0.17094017094017094,0.1564760026298488,0.17159763313609466
0.4990642545227698,0.17280099812850905,0.1503431066749844,0.17779164067373673
0.4904534606205251,0.17482100238663484,0.15274463007159905,0.18198090692124105
0.486039886039886,0.17207977207977207,0.15327635327635328,0.1886039886039886
0.48653106102253985,0.16492578339747113,0.1440351841671248,0.2045079714128642
0.4842436974789916,0.16649159663865545,0.14390756302521007,0.20535714285714285
0.4780388151174668,0.16700715015321757,0.1394279877425945,0.21552604698672115
0.4658203125,0.17138671875,0.1435546875,0.21923828125
0.4684085510688836,0.1672209026128266,0.14251781472684086,0.22185273159144894
0.4754948162111216,0.16352497643732328,0.13760603204524033,0.2233741753063148
0.4724664507172605,0.16473854696899584,0.13975011568718185,0.22304488662656177
0.46918123275068996,0.16697332106715732,0.140754369825207,0.22309107635694572
0.4643343934575193,0.16855974557019537,0.1412994093593821,0.22580645161290322
0.4638336347197107,0.16817359855334538,0.13969258589511754,0.2283001808318264
0.4613646633529146,0.17035698147311343,0.14505196565747855,0.22322638951649346
0.4608812949640288,0.1731115107913669,0.14388489208633093,0.2221223021582734
0.45638489208633093,0.16996402877697842,0.1447841726618705,0.22886690647482014
0.44924897587619483,0.17068730086481565,0.14474283113336367,0.23532089212562585
0.455,0.16590909090909092,0.14454545454545453,0.23454545454545456
0.4579982126899017,0.16353887399463807,0.1447721179624665,0.23369079535299375
0.45392646391284613,0.15978211529732184,0.1407172038129823,0.24557421697684975
0.4525416104363473,0.16194331983805668,0.14125056230319388,0.24426450742240216
0.4557421697684975,0.159328188833409,0.13753971856559238,0.24738992283250114
0.4505840071877808,0.16397124887690925,0.13432165318957773,0.25112309074573225
0.444543429844098,0.16837416481069042,0.133184855233853,0.25389755011135856
0.45246636771300447,0.1663677130044843,0.13004484304932734,0.25112107623318386
0.45820295037997316,0.1658471166741171,0.12203844434510505,0.25391148860080465
0.4647824136384029,0.16689098250336473,0.12427097353073127,0.24405563032750113
0.46102150537634407,0.1581541218637993,0.13127240143369176,0.24955197132616488
0.46340368208352045,0.15626403233048944,0.1297709923664122,0.25056129321957793
0.46961572832886506,0.15683646112600536,0.1255585344057194,0.2479892761394102
0.47548358074673863,0.15789473684210525,0.1250562303193882,0.24156545209176788
0.471511888739345,0.15612382234185734,0.12606550022431584,0.24629878869448182
0.47424511545293074,0.15319715808170514,0.12522202486678508,0.24733570159857904
0.47040358744394617,0.15426008968609867,0.12286995515695068,0.25246636771300446
0.4647824136384029,0.15388066397487662,0.12202781516375057,0.25930910722296996
0.46836595357305416,0.1579426490669094,0.11743286299499317,0.25625853436504326
0.4789426523297491,0.150089605734767,0.11827956989247312,0.25268817204301075
0.48114901256732495,0.1481149012567325,0.11490125673249552,0.25583482944344704
0.47648902821316613,0.14733542319749215,0.1141961486789073,0.2619793999104344
0.47029924073246987,0.14426083072800358,0.11478338543992854,0.270656543099598
0.4737777777777778,0.1431111111111111,0.11333333333333333,0.2697777777777778
0.47920353982300884,0.13982300884955753,0.11327433628318584,0.2676991150442478
0.4788607031597686,0.1352914997774811,0.11081441922563418,0.2750333778371162
0.4808206958073149,0.12979482604817127,0.10838537020517396,0.28099910793933985
0.48070953436807096,0.12727272727272726,0.10598669623059867,0.2860310421286031
0.47712127943136384,0.1257219013771657,0.11017325633051978,0.28698356286095067
0.476513098464318,0.12240289069557363,0.1111111111111111,0.2899728997289973
0.48071748878923765,0.12152466367713005,0.10627802690582959,0.2914798206278027
0.47847314691522413,0.12117177097203728,0.10297381269418553,0.29738126941855303
0.47771836007130125,0.1270053475935829,0.10561497326203209,0.2896613190730838
0.4848621780388613,0.1192950745594216,0.10528694080433801,0.2905558065973791
0.48237394020526553,0.11958946898705936,0.10441767068273092,0.2936189201249442
0.4772117962466488,0.11572832886505809,0.10366398570151922,0.3033958891867739
0.4744394618834081,0.11524663677130045,0.11121076233183856,0.2991031390134529
0.4743188923626619,0.1174631531933899,0.10808396605627513,0.3001339883876731
0.47438752783964366,0.11536748329621381,0.10556792873051225,0.3046770601336303
0.47712127943136384,0.11328298533984896,0.10439804531319413,0.3051976899155931
0.4811996418979409,0.11324977618621307,0.09803043867502238,0.30752014324082366
0.4807607253427687,0.11145510835913312,0.09907120743034056,0.3087129588677576
0.4823896567097637,0.1069995541685243,0.10031208203299152,0.3102987070887205
0.4790365744870651,0.10838537020517396,0.10035682426404996,0.31222123104371097
0.4755933721450963,0.10658307210031348,0.10031347962382445,0.31751007613076576
0.47736441057821605,0.10936799641416405,0.10085163603765128,0.3124159569699686
0.47719141323792486,0.10957066189624329,0.09794275491949911,0.3152951699463327
0.4860234445446348,0.1073038773669973,0.09738503155996393,0.30928764652840396
0.48350197976242854,0.10558732952045755,0.0950285965684118,0.31588209414870216
0.4904571682201509,0.10252996005326231,0.0954283177984909,0.31158455392809586
0.48910626945309027,0.10315695864828812,0.0987105380168964,0.30902623388172523
0.48846675712347354,0.10673903211216644,0.09814563545906829,0.3066485753052917
0.4881537773804202,0.10683951721054985,0.09611086276262852,0.3088958426464014
0.4917447568049978,0.10843373493975904,0.09549308344489067,0.3043284248103525
0.48816435908887895,0.10763733809736489,0.09557838320678874,0.3086199196069674
0.48776145972407653,0.10858923008455719,0.09256786826880285,0.31108144192256343
0.5026809651474531,0.1063449508489723,0.09115281501340483,0.2998212689901698
0.5064358632933866,0.10341766533510874,0.09143364403018198,0.2987128273413227
0.49933005806163466,0.1045109423849933,0.09200535953550693,0.3041536400178651
0.5031333930170099,0.10295434198746643,0.09042076991942703,0.3034914950760967
0.5093582887700535,0.09714795008912656,0.09001782531194295,0.303475935828877
0.5194456861868574,0.09387572641931158,0.08314707197139025,0.3035315154224408
0.519751442521083,0.09454061251664447,0.07989347536617843,0.3058144695960941
0.5185020062416407,0.0922871154703522,0.08114132857779759,0.30806954971020956
0.5192733717323881,0.09171466548515729,0.07797961896322551,0.31103234381922906
0.5215651400622499,0.08848377056469542,0.0773677189862161,0.3125833703868386
0.5248447204968945,0.0865128660159716,0.0771960958296362,0.3114463176574978
0.5335392762577229,0.0825242718446602,0.07722859664607237,0.3067078552515446
0.5367256637168142,0.07964601769911504,0.07787610619469026,0.30575221238938055
0.5329209014582412,0.08395934600088378,0.07688908528501988,0.30623066725585507
0.5317919075144508,0.082258781680747,0.08136949755446865,0.3045798132503335
0.52998667258996,0.08174144824522435,0.0812972012438916,0.30697467792092403
0.5239159588734913,0.08046490835940992,0.0813589628967367,0.3142601698703621
0.5309139784946236,0.08064516129032258,0.08198924731182795,0.3064516129032258
0.5289108023307934,0.07709547288211564,0.08157776781712237,0.3124159569699686
0.5202132385606397,0.07685473123056419,0.08040870724122612,0.32252332296756997
0.5241071428571429,0.07410714285714286,0.08303571428571428,0.31875
0.5260141093474426,0.0736331569664903,0.07980599647266313,0.3205467372134039
0.5305580159433126,0.07395925597874226,0.07927369353410098,0.31620903454384414
0.5278514588859416,0.07250221043324491,0.08355437665782493,0.3160919540229885
0.530782761653474,0.07080035180299032,0.08487247141600704,0.31354441512752856
0.5363352652697281,0.06776638430673206,0.08292465448060633,0.31297369594293356
0.5289183222958057,0.07019867549668875,0.08035320088300221,0.3205298013245033
0.521970705725699,0.07057256990679095,0.08033732800710164,0.3271193963604083
0.5213333333333333,0.06755555555555555,0.08177777777777778,0.3293333333333333
0.5166592625499777,0.06796979120390938,0.08085295424255887,0.334517992003554
0.518338488731772,0.06628369421122404,0.07998232434821034,0.33539549270879365
0.5267580716497126,0.06413091552410438,0.08270676691729323,0.3264042459088899
0.5270567531896172,0.06511218653761548,0.08051033875934888,0.3273207215134184
0.5235137533274179,0.06699201419698314,0.08473824312333629,0.32475598935226263
0.5217777777777778,0.06444444444444444,0.08311111111111111,0.33066666666666666
0.516829052258636,0.06687333923826395,0.08015943312666077,0.3361381753764393
0.5233480176211454,0.06343612334801763,0.07885462555066079,0.3343612334801762
0.5260831122900088,0.0605658709106985,0.08001768346595933,0.3333333333333333
0.5282935455349248,0.05968169761273209,0.07957559681697612,0.33244916003536695
0.5205843293492696,0.06020362992474546,0.0796812749003984,0.33953076582558656
0.523851203501094,0.061706783369803064,0.07527352297592997,0.33916849015317285
0.5215459795646379,0.06263882718791648,0.07152376721457131,0.34429142603287427
0.5249554367201426,0.059714795008912656,0.07620320855614973,0.339126559714795
0.5216622458001768,0.05968169761273209,0.07648099027409372,0.3421750663129973
0.5207126948775056,0.05968819599109131,0.07706013363028953,0.34253897550111356
0.5213713268032057,0.05699020480854853,0.07702582368655388,0.3446126447016919
0.5216035634743875,0.05924276169265033,0.07527839643652562,0.3438752783964365
0.5282935455349248,0.05614500442086649,0.07250221043324491,0.34305923961096374
0.5255442025766326,0.05730786317192359,0.07063527321190582,0.346512661039538
0.5310406431442608,0.060741402411790976,0.07146047342563644,0.33675748101831177
0.52666965486329,0.06051098162259077,0.06947557149260421,0.343343792021515
0.5306032584764421,0.06120651695288419,0.06913254073095552,0.3390576838397182
0.5371863799283154,0.059587813620071685,0.06586021505376344,0.33736559139784944
0.5371352785145889,0.058797524314765696,0.06631299734748011,0.33775419982316535
0.5301895107977083,0.05993829881004848,0.06610841780520053,0.34376377258704277
0.5325077399380805,0.06015037593984962,0.06413091552410438,0.3432109685979655
0.5319805910895457,0.05778561976179974,0.060873400970445524,0.3493603881782091
0.5279642058165548,0.058165548098434,0.05906040268456376,0.3548098434004474
0.5258964143426295,0.06108897742363878,0.057104913678618856,0.3559096945551129
0.5242718446601942,0.06310679611650485,0.05913503971756399,0.353486319505737
0.5273211905819636,0.06441581519324745,0.05775211017325633,0.35051088405153263
0.5221978021978022,0.06285714285714286,0.05758241758241758,0.35736263736263735
0.5216049382716049,0.05952380952380952,0.056878306878306875,0.3619929453262787
0.5205959684487291,0.057843996494303246,0.05696757230499562,0.36459246275197194
0.5243956043956044,0.056703296703296706,0.056263736263736264,0.3626373626373626
0.5222565006610842,0.05905685323931247,0.05685323931247246,0.3618334067871309
0.5146276595744681,0.05939716312056738,0.06028368794326241,0.36569148936170215
0.5109034267912772,0.06052514463729417,0.056074766355140186,0.3724966622162884
0.5088967971530249,0.05693950177935943,0.05782918149466192,0.3763345195729537
0.5071301247771836,0.057932263814616754,0.05748663101604278,0.37745098039215685
0.505997334517992,0.06086183918258552,0.05597512216792536,0.37716570413149714
0.5097690941385435,0.06483126110124333,0.0563943161634103,0.36900532859680285
0.5072463768115942,0.06236275801493193,0.05753184014053579,0.37285902503293805
0.5092756183745583,0.062279151943462896,0.05742049469964664,0.3710247349823322
0.5130127922364358,0.05866784296426996,0.0564622849580944,0.3718570798411998
0.5109938434476693,0.060246262093227795,0.058927000879507474,0.3698328935795954
0.5097431355181576,0.061558901682905225,0.05845881310894597,0.37023914968999116
0.5106571936056838,0.06261101243339254,0.0608348134991119,0.36589698046181174
0.5079155672823219,0.06244503078276165,0.05980650835532102,0.3698328935795954
0.5052447552447552,0.06381118881118882,0.06031468531468531,0.3706293706293706
0.5103936311366651,0.0654577620521893,0.058823529411764705,0.3653250773993808
0.5148427115640231,0.06335844040762073,0.052724856003544526,0.36907399202481167
0.5205479452054794,0.06760936809544851,0.049491825011047284,0.3623508616880248
0.5140311804008909,0.06726057906458797,0.048106904231625836,0.3706013363028953
0.5169642857142858,0.06517857142857143,0.046875,0.37098214285714287
0.5079858030168589,0.06521739130434782,0.05013309671694765,0.3766637089618456
0.5051500223914017,0.06448723690103,0.054187192118226604,0.3761755485893417
0.505338078291815,0.0693950177935943,0.055604982206405695,0.36966192170818507
0.5015521064301552,0.06829268292682927,0.05454545454545454,0.375609756097561
0.5073041168658698,0.0650730411686587,0.05533421868083223,0.37228862328463924
0.5131520285332144,0.06107891217119929,0.04993312527864467,0.3758359340169416
0.5171187194308582,0.05869275233437083,0.05380168963983993,0.3703868385949311
0.5159151193633952,0.05614500442086649,0.053934571175950484,0.3740053050397878
0.5172872340425532,0.05806737588652482,0.05629432624113475,0.3683510638297872
0.5112881806108898,0.05799026117751217,0.057104913678618856,0.3736166445329792
0.5079858030168589,0.05767524401064774,0.05767524401064774,0.3766637089618456
0.508130081300813,0.057362240289069555,0.05871725383920506,0.3757904245709124
0.49756313690739923,0.05538325210456358,0.06070004430660168,0.38635356668143556
0.4936095196121639,0.05685323931247246,0.061260467166152494,0.3882767739092111
0.5008936550491511,0.0612153708668454,0.05630026809651475,0.38159070598748884
0.5051731893837157,0.057579847053531266,0.05443094916779127,0.38281601439496177
0.5059813912272929,0.057598582188746125,0.05494018608772707,0.38147984049623396
0.5055285272003538,0.05661211853162318,0.05263157894736842,0.38522777532065455
0.507774322523323,0.054642381163927146,0.051088405153265216,0.38649489115948465
0.49295774647887325,0.05501760563380282,0.0528169014084507,0.39920774647887325
0.49556737588652483,0.057180851063829786,0.054078014184397165,0.39317375886524825
0.49735915492957744,0.05941901408450704,0.05237676056338028,0.3908450704225352
0.49557130203720107,0.06200177147918512,0.05358724534986714,0.3888396811337467
0.48891843971631205,0.06294326241134751,0.053634751773049646,0.3945035460992908
0.4924712134632418,0.061558901682905225,0.05137289636846767,0.39459698848538527
0.49175946547884186,0.060579064587973276,0.051670378619153676,0.3959910913140312
0.4944763588157313,0.06142288996906761,0.04639858594785683,0.39770216526734425
0.4909090909090909,0.06119733924611973,0.04434589800443459,0.4035476718403548
0.4942170818505338,0.06316725978647687,0.045373665480427046,0.3972419928825623
0.48183807439824944,0.06258205689277899,0.045076586433260395,0.41050328227571115
0.47912087912087914,0.06505494505494505,0.04527472527472527,0.4105494505494505
0.47741364038972545,0.06598759964570416,0.04561558901682905,0.41098317094774134
0.47536617842876167,0.06435863293386596,0.04704837993786063,0.4132268086995118
0.47671840354767187,0.06430155210643015,0.04478935698447894,0.41419068736141906
0.4755120213713268,0.06990204808548531,0.04630454140694568,0.40828138913624223
0.4743135518157662,0.06864481842338352,0.04472984942426927,0.41231178033658106
0.4755120213713268,0.06945681211041853,0.04630454140694568,0.40872662511130897
0.47058823529411764,0.06804214223002635,0.0504828797190518,0.4108867427568042
0.47277556440903057,0.06861443116423196,0.051350154935812305,0.4072598494909252
0.4801958166444148,0.06542056074766354,0.0520694259012016,0.4023141967067201
0.47985834440017705,0.06595838866755202,0.05312084993359894,0.40106241699867196
0.47731316725978645,0.06672597864768683,0.055604982206405695,0.400355871886121
0.4806236080178174,0.06547884187082405,0.057015590200445436,0.39688195991091313
0.4764628244610647,0.06423229212494501,0.05499340079190497,0.4043114826220853
0.4757067137809187,0.06802120141342756,0.054770318021201414,0.4015017667844523
0.48361381753764393,0.06864481842338352,0.05491585473870682,0.3928255093002657
0.486331569664903,0.06172839506172839,0.05423280423280423,0.3977072310405644
0.4867890729959696,0.06314375279892522,0.05150022391401702,0.39856695029108824
0.4793678665496049,0.0636523266022827,0.053994732221246705,0.40298507462686567
0.46975717439293596,0.06136865342163356,0.052980132450331126,0.41589403973509936
0.4692341744134573,0.06418769366976539,0.053563523683045594,0.41301460823373176
0.4704585537918871,0.06481481481481481,0.05202821869488536,0.4126984126984127
0.46628470691934776,0.06302335830762451,0.05200528867342442,0.4186866460996034
0.46079295154185024,0.061233480176211455,0.051982378854625554,0.4259911894273128
0.46613896218117856,0.060246262093227795,0.051011433597185574,0.4226033421284081
0.46761947297900847,0.0611880303707012,0.05180884323358642,0.41938365341670386
0.4636403702071397,0.060379021595416485,0.05332745702952843,0.4226531511679154
0.4673721340388007,0.05952380952380952,0.05246913580246913,0.42063492063492064
0.46743464776251664,0.056712450155073105,0.052724856003544526,0.4231280460788657
0.46910856134157103,0.058693733451015,0.052515445719329215,0.41968225948808474
0.470873786407767,0.056045895851721095,0.05163283318623124,0.42144748455428066
0.4701195219123506,0.05533421868083223,0.05090748118636565,0.42363877822045154
0.47001332741004,0.05597512216792536,0.0519768991559307,0.42203465126610396
0.4659848821698533,0.0542463317029791,0.05558025789239662,0.424188528234771
0.4632418069087688,0.05270150575730735,0.05580159433126661,0.42825509300265724
0.46740088105726874,0.05110132158590308,0.053744493392070485,0.4277533039647577
0.46993810786914236,0.05083996463306808,0.05481874447391689,0.4244031830238727
0.46112600536193027,0.04736371760500447,0.05138516532618409,0.4401251117068811
0.45827814569536424,0.04812362030905077,0.05077262693156733,0.44282560706401763
0.4618438464931628,0.05116894574327305,0.04808116453462726,0.43890604322893695
0.45991189427312773,0.051541850220264314,0.048458149779735685,0.44008810572687224
0.4594594594594595,0.05050952591936198,0.04652193176783341,0.44350908285334517
0.4551083591331269,0.04909332153914197,0.04599734630694383,0.44980097302078725
0.45711759504862953,0.04995579133510168,0.04597701149425287,0.4469496021220159
0.4602824360105914,0.04677846425419241,0.04633715798764342,0.44660194174757284
0.4623992837958818,0.045658012533572066,0.044762757385854966,0.44717994628469115
0.46411272567151035,0.04315279612505504,0.04711580801409071,0.4456186701893439
0.4635211882918305,0.04456094364351245,0.04412407164700743,0.4477937964176496
0.45754509458864934,0.046194456665200175,0.044434667839859214,0.4518257809062912
0.4584070796460177,0.04601769911504425,0.0415929203539823,0.4539823008849557
0.4643017512348451,0.04445442299057027,0.040862146385271664,0.45038167938931295
0.45628902765388046,0.04014272970561998,0.03969669937555754,0.463871543264942
0.4594953519256308,0.03939796370075255,0.04028331119964586,0.46082337317397076
0.45951957295373663,0.03825622775800712,0.037811387900355875,0.46441281138790036
0.4629383044829117,0.040834442964935644,0.03417665335108744,0.4620505992010652
0.45267857142857143,0.044196428571428574,0.032589285714285716,0.4705357142857143
0.4577246569278442,0.045595396193005754,0.03408587870739265,0.4625940681717574
0.4540229885057471,0.044650751547303275,0.03404067197170645,0.46728558797524317
0.45719329214474846,0.04501323918799647,0.03398058252427184,0.4638128861429832
0.45394154118689106,0.046058458813108945,0.032329495128432244,0.46767050487156775
0.4469496021220159,0.04774535809018567,0.032714412024756855,0.47259062776304156
0.44166666666666665,0.04956140350877193,0.035526315789473684,0.4732456140350877
0.4426595269968764,0.0499776885319054,0.03792949576082106,0.46943328871039713
0.43851203501094094,0.05164113785557987,0.04201312910284464,0.46783369803063457
0.4334215167548501,0.05202821869488536,0.03880070546737213,0.4757495590828924
0.43373493975903615,0.049531459170013385,0.03792949576082106,0.4788041053101294
0.4278739458499778,0.04704837993786063,0.0426098535286285,0.48246782068353306
0.4318686196182867,0.048823790501553485,0.04438526409232135,0.47492232578783844
0.43007915567282323,0.044854881266490766,0.044415127528583995,0.480650835532102
0.4303460514640639,0.04702750665483585,0.04614019520851819,0.4764862466725821
0.4273088820150243,0.04507291206363235,0.04595669465311533,0.48166151126822804
0.431858407079646,0.04424778761061947,0.04247787610619469,0.4814159292035398
0.42628774422735344,0.044849023090586145,0.040408525754884544,0.48845470692717585
0.42425588627276767,0.047090182141270545,0.043536206130608615,0.4851177254553532
0.42292314526876945,0.04486894713460684,0.047090182141270545,0.4851177254553532
0.4182139699381079,0.04288240495137047,0.048187444739168875,0.4907161803713528
0.42251655629139073,0.047240618101545256,0.04856512141280353,0.4816777041942605
0.42515500442869797,0.05093002657218778,0.04738706820194863,0.4765279007971656
0.42065265981224853,0.04783191774698257,0.04693786320965579,0.4845775592311131
0.42149491375497566,0.04953560371517028,0.04732419283502875,0.4816452896948253
0.415929203539823,0.04911504424778761,0.049557522123893805,0.4853982300884956
0.41080123948649844,0.048251438689685705,0.04957945993802568,0.4913678618857902
0.40707964601769914,0.04424778761061947,0.05132743362831858,0.49734513274336284
0.41431095406360424,0.04196113074204947,0.05123674911660778,0.4924911660777385
0.4062915374390784,0.043863535666814356,0.051395657953035,0.4984492689410722
0.40214477211796246,0.0451295799821269,0.050044682752457555,0.5026809651474531
0.40450928381962864,0.046861184792219276,0.046419098143236075,0.502210433244916
0.4058797718297499,0.04782799473453269,0.046072838964458095,0.5002193944712593
0.4022887323943662,0.04665492957746479,0.04709507042253521,0.5039612676056338
0.4072119613016711,0.05013192612137203,0.047053649956024624,0.49560246262093227
0.4058484714222419,0.052281789986708016,0.047851129818342934,0.49401860877270715
0.3995575221238938,0.046460176991150445,0.048672566371681415,0.5053097345132743
0.3944099378881988,0.04835847382431233,0.050576752440106475,0.5066548358473825
0.40505226480836237,0.04442508710801394,0.04660278745644599,0.5039198606271778
0.40071237756010686,0.0458593054318789,0.04541406945681211,0.5080142475512022
0.3949691085613416,0.045454545454545456,0.04501323918799647,0.5145631067961165
0.3987594151528578,0.042977403633141335,0.04474966770048737,0.5135135135135135
0.3940071556350626,0.04561717352415027,0.044722719141323794,0.5156529516994633
0.38376709307454787,0.044993383325981476,0.04631671812968681,0.5249228054697839
0.3869100623330365,0.04452359750667854,0.04808548530721282,0.5204808548530722
0.38177777777777777,0.043111111111111114,0.049777777777777775,0.5253333333333333
0.3853615520282187,0.042328042328042326,0.048500881834215165,0.5238095238095238
0.38213180008845643,0.0437859354268023,0.04997788589119859,0.5241043785935426
0.3839050131926121,0.04793315743183817,0.04925241864555849,0.5189094107299912
0.38122520934332305,0.04847950639048039,0.04847950639048039,0.5218157778757162
0.3851917144116351,0.04451300132216836,0.04627589246364037,0.5240193918025562
0.38876504681230495,0.04057066428889879,0.04681230494872938,0.5238519839500668
0.37868780273007485,0.039189784236019376,0.0488771466314399,0.5332452664024658
0.37738359201773836,0.038580931263858094,0.04878048780487805,0.5352549889135255
0.38516215015548644,0.03909373611728121,0.04931141714793425,0.5264326965792981
0.3802197802197802,0.04131868131868132,0.04967032967032967,0.5287912087912088
0.37815126050420167,0.043343653250773995,0.04732419283502875,0.5311808934099955
0.3735632183908046,0.04553492484526967,0.050397877984084884,0.5305039787798409
0.37905015534842434,0.04704837993786063,0.0492676431424767,0.5246338215712384
0.37312775330396475,0.04713656387665198,0.04889867841409692,0.5308370044052864
0.3711751662971175,0.04966740576496674,0.04745011086474501,0.5317073170731708
0.3671497584541063,0.05006587615283267,0.049187527448397016,0.5335968379446641
0.3666369313113292,0.049955396966993755,0.05263157894736842,0.5307760927743087
0.36327256558470433,0.0493552690084482,0.048465984882169855,0.5389061805246776
0.36003560302625726,0.05028927458834001,0.047619047619047616,0.5420560747663551
0.36403508771929827,0.05,0.04824561403508772,0.537719298245614
0.36688741721854307,0.04812362030905077,0.04856512141280353,0.5364238410596026
0.3662533215234721,0.04561558901682905,0.047829937998228524,0.5403011514614703
0.36198493575542756,0.047408063801506424,0.048294195835179445,0.5423128046078866
0.36585365853658536,0.048337028824833705,0.04700665188470066,0.5388026607538803
0.3691157061152662,0.04663440387153542,0.0475142982842059,0.5367355917289925
0.37101063829787234,0.04565602836879433,0.0425531914893617,0.5407801418439716
0.371970030850595,0.045835169678272364,0.04098721903922433,0.5412075804319083
0.3657673595754091,0.0437859354268023,0.040689960194604156,0.5497567448031845
0.36507240017551557,0.04168494953927161,0.04300131636682756,0.5502413339183853
0.3697962798937112,0.04384410983170948,0.04162976085031001,0.5447298494242693
0.36541889483065954,0.044563279857397504,0.039661319073083776,0.5503565062388592
0.36610320284697506,0.042704626334519574,0.04314946619217082,0.5480427046263345
0.35742444152431013,0.04424003504161191,0.045116075339465614,0.5532194480946123
0.3591707976566021,0.041910770617395225,0.047769265434880574,0.5511491662911221
0.36033643204957944,0.041168658698539175,0.05002213368747233,0.548472775564409
0.3650580875781948,0.04155495978552279,0.049151027703306524,0.5442359249329759
0.3623508616880248,0.04242156429518339,0.04684047724259832,0.5483870967741935
0.35580357142857144,0.04285714285714286,0.044196428571428574,0.5571428571428572
0.34953601414052143,0.040653999116217414,0.047724259832081305,0.5620857269111799
0.35190097259062775,0.040229885057471264,0.048187444739168875,0.5596816976127321
0.35275938189845474,0.040176600441501106,0.044591611479028695,0.5624724061810155
0.35129215943933423,0.03942181340341656,0.045116075339465614,0.5641699518177836
0.3537234042553192,0.03945035460992908,0.04343971631205674,0.563386524822695
0.34664891256102975,0.039502885042166,0.041278295605858856,0.5725699067909454
0.3426418439716312,0.03723404255319149,0.041666666666666664,0.5784574468085106
0.3380343763772587,0.0374614367562803,0.043190832966064345,0.5813133539003966
0.3429458740017746,0.0385980479148181,0.041259982253771074,0.5771960958296362
0.3415384615384615,0.036923076923076927,0.04131868131868132,0.5802197802197803
0.3409490333919156,0.038224956063268895,0.04130052724077329,0.5795254833040422
0.3439035283608754,0.036176864671728454,0.04510942384993301,0.5748101831174631
0.33451015004413065,0.038393645189761696,0.040158870255957636,0.5869373345101501
0.3347959631417288,0.040807371654234315,0.03773584905660377,0.586660816147433
0.33348017621145376,0.04185022026431718,0.04229074889867841,0.5823788546255506
0.3368560105680317,0.04051078819903126,0.041831792162043156,0.5808014090708938
0.33362831858407077,0.04292035398230089,0.04115044247787611,0.5823008849557522
0.3348115299334812,0.04390243902439024,0.03991130820399113,0.5813747228381375
0.33140826299422477,0.043980453131941356,0.03864948911594847,0.5859617947578853
0.33716814159292036,0.04336283185840708,0.03761061946902655,0.581858407079646
0.34330985915492956,0.04137323943661972,0.03917253521126761,0.5761443661971831
0.34507042253521125,0.04401408450704225,0.03873239436619718,0.5721830985915493
0.3423264042459089,0.04290137107474569,0.039805395842547546,0.5749668288367978
0.34285714285714286,0.04107142857142857,0.04017857142857143,0.5758928571428571
0.3489722966934763,0.03842716711349419,0.039767649687220734,0.5728328865058088
0.3394047090182141,0.0346512661039538,0.041314971123944916,0.5846290537538872
0.3352322524101665,0.03768624014022787,0.044697633654688866,0.5823838737949167
0.334503950834065,0.03775241439859526,0.043459174714661986,0.5842844600526778
0.3371886120996441,0.037811387900355875,0.04225978647686833,0.5827402135231317
0.34235033259423503,0.03547671840354767,0.04523281596452328,0.576940133037694
0.3386595650244119,0.03905903240124279,0.04704837993786063,0.5752330226364847
0.33552055993000873,0.03674540682414698,0.047244094488188976,0.5804899387576553
0.33494931687968266,0.04363155575143235,0.05112384310268841,0.5702952842661966
0.3340669014084507,0.040492957746478875,0.05545774647887324,0.5699823943661971
0.3299289520426288,0.040408525754884544,0.052397868561278864,0.5772646536412078
0.32952045754509457,0.04179498460184778,0.052353717553893536,0.5763308402991641
0.3283318623124448,0.040158870255957636,0.05163283318623124,0.5798764342453663
0.3323036187113857,0.0410414827890556,0.0529567519858782,0.5736981465136805
0.3308270676691729,0.04643962848297214,0.0508624502432552,0.5718708536045998
0.32001775410563693,0.04837993786063027,0.04837993786063027,0.5832223701731025
0.3254281949934124,0.04830917874396135,0.05006587615283267,0.5761967501097935
0.31927175843694494,0.046181172291296625,0.050621669626998225,0.5839253996447602
0.3219448094612352,0.04686815593517302,0.052562417871222074,0.5786246167323696
0.3243719700308506,0.045835169678272364,0.05420890260026443,0.5755839576906127
0.321301247771836,0.04679144385026738,0.05570409982174688,0.5762032085561497
0.3234513274336283,0.04513274336283186,0.06017699115044248,0.5712389380530973
0.325044404973357,0.0452930728241563,0.0586145648312611,0.5710479573712256
0.3275709219858156,0.0398936170212766,0.05806737588652482,0.574468085106383
0.32819383259911894,0.037444933920704845,0.05726872246696035,0.5770925110132159
0.3253757736516357,0.036251105216622455,0.05747126436781609,0.5809018567639257
0.3293172690763052,0.03480589022757698,0.0571173583221776,0.5787594823739403
0.3301141352063213,0.033362598770851626,0.05794556628621598,0.5785776997366111
0.3271604938271605,0.031746031746031744,0.0582010582010582,0.5828924162257496
0.32450331125827814,0.031788079470198675,0.05783664459161148,0.5858719646799116
0.31327433628318585,0.034955752212389384,0.05796460176991151,0.5938053097345133
0.3065304309195913,0.03553976010661928,0.05952909817858729,0.5984007107952022
0.3011994669035984,0.03509551310528654,0.061750333185251,0.6019546868058641
0.30482941958351795,0.03190075321222862,0.06291537439078422,0.6003544528134692
0.29955947136563876,0.03039647577092511,0.06784140969162995,0.6022026431718062
0.2949512843224092,0.034100974313551816,0.07218777679362268,0.5987599645704162
0.3,0.03274336283185841,0.06858407079646017,0.5986725663716814
0.29848078641644327,0.030831099195710455,0.0679177837354781,0.6027703306523682
0.304,0.028444444444444446,0.06266666666666666,0.6048888888888889
0.3011941618752764,0.03007518796992481,0.0583812472357364,0.6103494029190624
0.3024989039894783,0.026742656729504603,0.05655414291977203,0.6142042963612451
0.3111111111111111,0.024888888888888887,0.05733333333333333,0.6066666666666667
0.308296943231441,0.024017467248908297,0.05851528384279476,0.6091703056768559
0.3046387154326494,0.024977698483496878,0.057091882247992866,0.6132917038358608
0.3003970004411116,0.0282311424790472,0.05513895015438906,0.6162329069254522
0.30762371823450735,0.02630405706642889,0.057066428889879624,0.6090057958091841
0.29916040653999115,0.02562969509500663,0.05788775961113566,0.6173221387538665
0.3,0.02743362831858407,0.05663716814159292,0.6159292035398231
0.290625,0.02857142857142857,0.054464285714285715,0.6263392857142858
0.29573712255772644,0.02930728241563055,0.05328596802841918,0.6216696269982238
0.29396092362344584,0.03019538188277087,0.047957371225577264,0.627886323268206
0.2914818101153505,0.029724933451641525,0.048802129547471165,0.6299911268855368
0.29370321444297665,0.032144429766622636,0.04667547335975341,0.6274768824306473
0.29359430604982206,0.03158362989323844,0.0449288256227758,0.6298932384341637
0.2891352549889135,0.02926829268292683,0.04656319290465632,0.6350332594235033
0.2894736842105263,0.02894736842105263,0.04342105263157895,0.6381578947368421
0.2855883649184663,0.031732040546496254,0.04495372410753636,0.6377258704275011
0.283647523016221,0.03156510302498904,0.04384042086804033,0.6409469530907497
0.2814847547503314,0.03093239063190455,0.04418912947414936,0.6433937251436147
0.2775800711743772,0.029359430604982206,0.046708185053380785,0.6463523131672598
0.27420774647887325,0.032130281690140844,0.04753521126760563,0.6461267605633803
0.27518863737239235,0.032401242787394584,0.05015534842432313,0.6422547714158899
0.273576512455516,0.033807829181494664,0.05115658362989324,0.641459074733096
0.27615248226950356,0.03368794326241135,0.04964539007092199,0.6405141843971631
0.2774336283185841,0.033628318584070796,0.05132743362831858,0.6376106194690265
0.2819266460450729,0.0344675209898365,0.05081749889527176,0.6327883340698188
0.2802294792586055,0.03618711385701677,0.05207413945278023,0.6315092674315975
0.28596646072374227,0.037069726390114736,0.05207413945278023,0.6248896734333628
0.2838565022421525,0.03811659192825112,0.05022421524663677,0.6278026905829597
0.2842661965623623,0.03966505068312032,0.049801674746584396,0.626267078007933
0.28299379982285205,0.03808680248007086,0.05004428697962799,0.6288751107174491
0.28211920529801326,0.03664459161147903,0.04900662251655629,0.6322295805739514
0.2793859649122807,0.03289473684210526,0.04649122807017544,0.6412280701754386
0.2734891927657697,0.03705337450374945,0.0458756065284517,0.6435818262020291
0.2715994683207798,0.03677447939743022,0.0460788657509969,0.6455471865307931
0.2710896309314587,0.0351493848857645,0.0492091388400703,0.6445518453427065
0.26292725679228746,0.03593339176161262,0.04820333041191937,0.6529360210341806
0.26531511679153813,0.03481710004407228,0.04759806081974438,0.6522697223446452
0.262621789193977,0.03897254207263064,0.043401240035429584,0.6550044286979628
0.2630173564753004,0.04005340453938585,0.044058744993324434,0.6528704939919893
0.2634146341463415,0.03813747228381375,0.04523281596452328,0.6532150776053215
0.26275738585496866,0.04028648164726947,0.049686660698299016,0.6472694717994628
0.25813642443156487,0.043245653143111906,0.049487293802942485,0.6491306286223807
0.2622005323868678,0.04081632653061224,0.050576752440106475,0.6464063886424135
0.26513477684489617,0.04021210782147592,0.0481661511268228,0.6464869642068052
0.2684234033050469,0.04108977221974096,0.04332291201429209,0.6471639124609201
0.270367054610564,0.04118173679498657,0.03894359892569382,0.6495076096687556
0.26794471689701294,0.043245653143111906,0.04190815871600535,0.6469014712438698
0.26906222611744085,0.044697633654688866,0.044697633654688866,0.6415425065731815
0.27658623771224305,0.044682752457551385,0.04602323503127793,0.6327077747989276
0.2808888888888889,0.042666666666666665,0.042222222222222223,0.6342222222222222
0.27580071174377224,0.04092526690391459,0.04403914590747331,0.6392348754448398
0.2883762200532387,0.03904170363797693,0.0417036379769299,0.6308784383318545
0.28221132411948285,0.041462327240303166,0.04057066428889879,0.6357556843513152
0.2797140303842717,0.03932082216264522,0.041108132260947276,0.6398570151921358
0.27890556045895853,0.041924095322153576,0.04148278905560459,0.6376875551632833
0.27933958054439983,0.0428380187416332,0.043284248103525214,0.6345381526104418
0.2857777777777778,0.04088888888888889,0.04488888888888889,0.6284444444444445
0.2774822695035461,0.04299645390070922,0.047872340425531915,0.6316489361702128
0.27432848965213563,0.04447380008806693,0.05063848524878908,0.6305592250110084
0.28084918177797435,0.047766475011057054,0.05218929677134011,0.6191950464396285
0.2745011086474501,0.04656319290465632,0.0541019955654102,0.6248337028824834
0.27389951089373055,0.04579813250333482,0.05157847932414406,0.6287238772787905
0.2773109243697479,0.04732419283502875,0.05218929677134011,0.6231755860238832
0.27391109115401885,0.0466995958688819,0.048944768747193536,0.6304445442299057
0.27425786442179884,0.04519273371732388,0.04918032786885246,0.6313690739920248
0.2723701440419031,0.04539502400698385,0.04757747708424269,0.6346573548668704
0.26963812886142985,0.04589585172109444,0.048984995586937335,0.6354810238305384
0.2635761589403974,0.04768211920529802,0.046799116997792496,0.6419426048565121
0.2583518930957684,0.046325167037861915,0.0467706013363029,0.6485523385300668
0.25398936170212766,0.04565602836879433,0.04964539007092199,0.650709219858156
0.25301204819277107,0.04819277108433735,0.04819277108433735,0.6506024096385542
0.2546093064091308,0.048287971905179985,0.048287971905179985,0.6488147497805092
0.2484526967285588,0.04597701149425287,0.04995579133510168,0.6556145004420867
0.247450110864745,0.04567627494456763,0.04878048780487805,0.6580931263858093
0.24923076923076923,0.04395604395604396,0.04659340659340659,0.6602197802197802
0.24777580071174377,0.041370106761565835,0.0449288256227758,0.6659252669039146
0.2487847989394609,0.039770216526734424,0.04507291206363235,0.6663720724701724
0.250771264874394,0.041427941824592335,0.04847950639048039,0.6593212869105333
0.24725997369574748,0.042525208241999124,0.04997807978956598,0.6602367382726874
0.24502432551968156,0.0437859354268023,0.04820875718708536,0.6629809818664307
0.2376502002670227,0.04361370716510903,0.049399198931909215,0.669336893635959
0.2337719298245614,0.04473684210526316,0.04912280701754386,0.6723684210526316
