C,D,Oc,Od
1.0,0.0,0.0,0.0
1.0,0.0,0.0,0.0
0.75,0.0,0.25,0.0
0.6875,0.0,0.1875,0.125
0.6206896551724138,0.0,0.20689655172413793,0.1724137931034483
0.5686274509803921,0.0,0.2549019607843137,0.17647058823529413
0.5064935064935064,0.0,0.2727272727272727,0.22077922077922077
0.4444444444444444,0.0,0.27350427350427353,0.28205128205128205
0.423841059602649,0.006622516556291391,0.25165562913907286,0.31788079470198677
0.3523809523809524,0.0,0.26666666666666666,0.38095238095238093
0.3473684210526316,0.007017543859649123,0.23859649122807017,0.4070175438596491
0.3161953727506427,0.017994858611825194,0.23393316195372751,0.4318766066838046
0.27054108216432865,0.03807615230460922,0.23046092184368738,0.46092184368737477
0.2453125,0.0453125,0.225,0.484375
0.23875,0.05375,0.21375,0.49375
0.23659305993690852,0.05783385909568875,0.2082018927444795,0.49737118822292326
0.2428694900605013,0.06741573033707865,0.20397579948141745,0.4857389801210026
0.2518463810930576,0.07163958641063516,0.20310192023633677,0.4734121122599705
0.2471190781049936,0.07810499359795134,0.19910371318822023,0.47567221510883484
0.2437070938215103,0.08638443935926773,0.2030892448512586,0.4668192219679634
0.2408268733850129,0.08733850129198967,0.2124031007751938,0.4594315245478036
0.2459814905017048,0.0881636629322942,0.2109108621529469,0.45494398441305406
0.24359571495109456,0.09455053563111318,0.21611551001397297,0.4457382394038193
0.24180327868852458,0.09380692167577413,0.22176684881602915,0.4426229508196721
0.24566859173700578,0.0986228342958685,0.22123500666370502,0.4344735673034207
0.2436235708003518,0.09894459102902374,0.22251539138082674,0.43491644678979774
0.2440087145969499,0.1037037037037037,0.22178649237472767,0.4305010893246187
0.24118165784832452,0.10802469135802469,0.22310405643738976,0.427689594356261
0.2432195975503062,0.10717410323709536,0.22703412073490814,0.4225721784776903
0.24214659685863874,0.11082024432809773,0.22164048865619546,0.42539267015706805
0.2444933920704846,0.11585903083700441,0.22422907488986785,0.41541850220264315
0.24162257495590828,0.11904761904761904,0.2239858906525573,0.41534391534391535
0.2373029772329247,0.12521891418563924,0.2202276707530648,0.4172504378283713
0.2327433628318584,0.12477876106194691,0.21814159292035398,0.4243362831858407
0.23555166374781086,0.12521891418563924,0.21628721541155868,0.42294220665499127
0.23786407766990292,0.13062665489849956,0.22065313327449249,0.41085613415710504
0.2384076990376203,0.13167104111986003,0.2174103237095363,0.4125109361329834
0.24045634050021938,0.1303203159280386,0.21632294866169371,0.41290039491004826
0.24154589371980675,0.1282389108476065,0.22002635046113306,0.4101888449714537
0.24734982332155478,0.127208480565371,0.2146643109540636,0.4107773851590106
0.2460387323943662,0.12852112676056338,0.22139084507042253,0.4040492957746479
0.24519230769230768,0.1354895104895105,0.22246503496503497,0.3968531468531469
0.250989010989011,0.13626373626373625,0.2189010989010989,0.39384615384615385
0.2504393673110721,0.13708260105448156,0.22231985940246046,0.39015817223198596
0.25339168490153174,0.1387308533916849,0.2210065645514223,0.38687089715536105
0.25507502206531335,0.13945278022947927,0.21800529567519858,0.38746690203000883
0.258362676056338,0.13336267605633803,0.22315140845070422,0.3851232394366197
0.26237406920718354,0.13315812527376258,0.22295225580376699,0.3815155497152869
0.2577409507195813,0.13257740950719582,0.2285215874400349,0.38116005233318795
0.2660228270412643,0.1356453028972783,0.22783143107989465,0.37050043898156276
0.2623456790123457,0.13051146384479717,0.22663139329805995,0.38051146384479717
0.2637411347517731,0.1325354609929078,0.22118794326241134,0.3825354609929078
0.26666666666666666,0.13068432671081678,0.22339955849889626,0.3792494481236203
0.26783369803063456,0.12778993435448577,0.22538293216630198,0.37899343544857766
0.26699244780097736,0.12705464238116393,0.22345624167036873,0.38249666814749
0.2657218777679362,0.12311780336581045,0.224977856510186,0.3861824623560673
0.26751313485113837,0.1234676007005254,0.22197898423817863,0.38704028021015763
0.2725274725274725,0.11912087912087913,0.22417582417582418,0.3841758241758242
0.2692307692307692,0.12281468531468531,0.21853146853146854,0.3894230769230769
0.2656729504603244,0.12582200789127576,0.2235861464270057,0.3849188952213941
0.2643171806167401,0.13127753303964756,0.22555066079295155,0.3788546255506608
0.26897762176393153,0.13339183852566916,0.2233435717419921,0.3742869679684072
0.26713843432109685,0.1309155241043786,0.21892967713401149,0.38301636444051307
0.2628091872791519,0.13162544169611307,0.2142226148409894,0.3913427561837456
0.2747349823321555,0.12941696113074205,0.20980565371024734,0.38604240282685515
0.26865671641791045,0.12774363476733977,0.21290605794556627,0.3906935908691835
0.2740088105726872,0.12555066079295155,0.21101321585903085,0.3894273127753304
0.27384615384615385,0.13142857142857142,0.2087912087912088,0.38593406593406593
0.27851458885941643,0.13572060123784263,0.20203359858532272,0.3837312113174182
0.2848939929328622,0.13030035335689047,0.20803886925795054,0.37676678445229683
0.2853982300884956,0.13451327433628318,0.20619469026548673,0.37389380530973454
0.2830188679245283,0.13646336112329968,0.20228170250109698,0.37823606845107505
0.2893446277307178,0.1301827909050379,0.20329915292019615,0.37717342844404816
0.28464912280701754,0.13201754385964912,0.2043859649122807,0.37894736842105264
0.2909330985915493,0.13336267605633803,0.1954225352112676,0.38028169014084506
0.29318681318681317,0.13406593406593406,0.19516483516483515,0.37758241758241756
0.2907739396589418,0.13817227809357235,0.19588981198076083,0.375163970266725
0.2997792494481236,0.1421633554083885,0.19514348785871966,0.3629139072847682
0.29978118161925604,0.14529540481400438,0.1938730853391685,0.3610503282275711
0.2959858844287605,0.1455668284075871,0.19276576973974416,0.36568151742390825
0.29728546409807355,0.14667250437828372,0.18826619964973731,0.36777583187390545
0.30610452349582784,0.14624505928853754,0.1875274483970136,0.360122968818621
0.30499561787905344,0.1481156879929886,0.18755477651183172,0.3593339176161262
0.308340727595386,0.14640638864241348,0.18589174800354924,0.3593611357586513
0.3102836879432624,0.1529255319148936,0.18262411347517732,0.3541666666666667
0.303125,0.14955357142857142,0.18303571428571427,0.36428571428571427
0.3094618055555556,0.1488715277777778,0.17838541666666666,0.36328125
0.3129973474801061,0.15915119363395225,0.1768346595932803,0.3510167992926614
0.3025210084033613,0.15745245466607696,0.17823971693940735,0.36178681999115436
0.2988454706927176,0.1594138543516874,0.17495559502664298,0.36678507992895204
0.30048394192696876,0.15574131104267488,0.18433787945446548,0.3594368675758909
0.3026315789473684,0.156140350877193,0.18157894736842106,0.35964912280701755
0.2996005326231691,0.158011540168664,0.18286728806036395,0.3595206391478029
0.2944812362030905,0.15894039735099338,0.18498896247240618,0.3615894039735099
0.2980132450331126,0.15717439293598234,0.1827814569536424,0.3620309050772627
0.29370321444297665,0.16248348745046234,0.18273888154997797,0.361074416556583
0.2922737306843267,0.1554083885209713,0.1845474613686534,0.36777041942604854
0.29168499780026397,0.15574131104267488,0.18873735151781787,0.3638363396392433
0.29558373414954087,0.15609969392216877,0.19414079580236118,0.35417577612592915
0.2976294995610184,0.15803336259877085,0.19095697980684812,0.3533801580333626
0.3010092145677929,0.15971917507678807,0.19394471259324264,0.3453268977621764
0.29715536105032825,0.16236323851203502,0.19168490153172865,0.3487964989059081
0.29634522236900046,0.16072214883311317,0.1933069132540731,0.3496257155438133
0.2988556338028169,0.15933098591549297,0.19058098591549297,0.3512323943661972
0.291832229580574,0.15894039735099338,0.19602649006622516,0.35320088300220753
0.29130052724077327,0.16212653778558875,0.19815465729349738,0.3484182776801406
0.2888595332452664,0.16292382210479964,0.2047556142668428,0.34346103038309117
0.287215411558669,0.1668126094570928,0.20359019264448336,0.3423817863397548
0.2826855123674912,0.1709363957597173,0.20848056537102475,0.3378975265017668
0.28357551739321885,0.1686481726111845,0.2144429766622633,0.3333333333333333
0.281983178397521,0.16954404603806994,0.20938468348826914,0.3390880920761399
0.2808249232119351,0.16981132075471697,0.21456779289161912,0.3347959631417288
0.28339191564147626,0.16915641476274165,0.2148506151142355,0.3326010544815466
0.28145550197281893,0.17404647084612013,0.21131082858395442,0.33318719859710655
0.27880386983289357,0.17370272647317503,0.2198768689533861,0.3276165347405453
0.2835689045936396,0.17270318021201414,0.21819787985865724,0.325530035335689
0.2865291794646775,0.17025010969723564,0.22071083808688022,0.3225098727512067
0.28848698720776356,0.17071018967798854,0.22055580061755625,0.3202470224966917
0.2889867841409692,0.16387665198237886,0.2251101321585903,0.32202643171806167
0.287073065283182,0.1690445309122352,0.22481625594466062,0.31906614785992216
0.2821522309711286,0.1732283464566929,0.22528433945756782,0.3193350831146107
0.29103815439219166,0.1725820763087844,0.21827861579414373,0.3181011535048802
0.2902654867256637,0.17212389380530974,0.22212389380530972,0.3154867256637168
0.2857779759251003,0.1792242532322782,0.22648238965670978,0.3085153811859117
0.2926287744227353,0.17761989342806395,0.21936056838365897,0.31039076376554176
0.29668411867364747,0.1736474694589878,0.22294938917975568,0.3067190226876091
0.29991204925241866,0.17458223394898856,0.21591908531222515,0.3095866314863676
0.2995614035087719,0.16842105263157894,0.21359649122807017,0.31842105263157894
0.2965244170699516,0.172459304883414,0.21161460624725034,0.31940167179938406
0.293569844789357,0.17339246119733925,0.21906873614190686,0.3139689578713969
0.2943246810382754,0.17773867135943686,0.22173339199296085,0.3062032556093269
0.29297392841361025,0.1794078656650464,0.21343349536014142,0.31418471056120195
0.29277899343544855,0.17768052516411378,0.21444201312910285,0.3150984682713348
0.28975265017667845,0.18153710247349825,0.21687279151943462,0.3118374558303887
0.2873001776198934,0.18428063943161635,0.21758436944937834,0.3108348134991119
0.2860290877038343,0.18289995592772146,0.21815777875716175,0.3129131776112825
0.2854625550660793,0.18237885462555067,0.21233480176211453,0.3198237885462555
0.2775564409030544,0.183709606020363,0.21646746347941567,0.32226648959716686
0.2793791574279379,0.18403547671840353,0.21862527716186253,0.317960088691796
0.2855257369115706,0.17905851297844258,0.21645402551693796,0.31896172459304883
0.2792122538293217,0.17592997811816194,0.2188183807439825,0.32603938730853393
0.28021248339973437,0.17662682602921648,0.21779548472775564,0.3253652058432935
0.28533451484271155,0.17766947275143996,0.2206468763845813,0.3163491360212672
0.2950022114108801,0.17868199911543564,0.21539141972578504,0.31092436974789917
0.28765323992994746,0.17688266199649738,0.22110332749562173,0.31436077057793343
0.29317980513728964,0.17847652790079716,0.21434898139946856,0.31399468556244464
0.284326710816777,0.18013245033112582,0.21280353200883,0.3227373068432671
0.28225451343020697,0.17789520035226772,0.21268163804491413,0.3271686481726112
0.27758164165931154,0.17784642541924095,0.21535745807590467,0.3292144748455428
0.2889767237593325,0.17918313570487485,0.21080368906455862,0.32103645147123405
0.28125,0.1857394366197183,0.20994718309859156,0.3230633802816901
0.28170250109697237,0.19087318999561212,0.20403685827117157,0.32338745063624397
0.28307692307692306,0.1854945054945055,0.20703296703296703,0.3243956043956044
0.28224381625441697,0.1872791519434629,0.20980565371024734,0.3206713780918728
0.2765301629238221,0.18538088947600176,0.21312197269925143,0.3249669749009247
0.2804024496937883,0.18285214348206474,0.2069116360454943,0.32983377077865267
0.28488631297369593,0.18591172536781098,0.2104324565314311,0.318769505127062
0.28130590339892664,0.18694096601073346,0.20706618962432916,0.32468694096601075
0.28024637043554773,0.1922569291684998,0.21161460624725034,0.31588209414870216
0.2804232804232804,0.18606701940035272,0.21516754850088182,0.318342151675485
0.2807641048422923,0.19147045757441136,0.21545979564637938,0.3123056419369169
0.2862222222222222,0.19111111111111112,0.21422222222222223,0.30844444444444447
0.2826278659611993,0.195326278659612,0.21604938271604937,0.30599647266313934
0.2803129074315515,0.19600173837461973,0.21642764015645372,0.30725771403737506
0.27627494456762747,0.20354767184035477,0.21374722838137472,0.30643015521064304
0.27596830985915494,0.19982394366197184,0.2227112676056338,0.30149647887323944
0.2812914639540027,0.20168067226890757,0.22114108801415303,0.29588677576293676
0.2791922739244952,0.2054433713784021,0.21641791044776118,0.2989464442493415
0.2744924977934687,0.20741394527802295,0.2144748455428067,0.3036187113857017
0.2730905861456483,0.20648312611012434,0.21492007104795738,0.30550621669627
0.27397868561278865,0.2033747779751332,0.2202486678507993,0.30239786856127887
0.2738147984049623,0.1993797075764289,0.2157731501993797,0.31103234381922906
0.2691117984975696,0.2063632346442775,0.21608484312859036,0.30844012372956253
0.2674315975286849,0.20653133274492497,0.2175639894086496,0.3084730803177405
0.27232732072151344,0.2014958205015398,0.21557413110426749,0.31060272767267927
0.2633672116659302,0.21166593018117544,0.21652673442333187,0.30844012372956253
0.2622300572939621,0.2124283825473777,0.21727633318642575,0.3080652269722345
0.26773049645390073,0.21320921985815602,0.21453900709219859,0.3045212765957447
0.2736098852603707,0.21050308914386584,0.21403353927625773,0.30185348631950576
0.2691637630662021,0.21689895470383275,0.20949477351916376,0.3044425087108014
0.2751971954425942,0.21297107800175286,0.21034180543382996,0.30148992112182293
0.2685589519650655,0.21615720524017468,0.2131004366812227,0.3021834061135371
0.2665482007996446,0.21634828964904487,0.21812527765437584,0.2989782318969347
0.26325010950503724,0.2172579938677179,0.21331581252737625,0.3061760840998686
0.27188737351517817,0.2133743950725913,0.20765508139023317,0.3070831500219974
0.27312582200789126,0.2091188075405524,0.21657167908811925,0.3011836913634371
0.275032794053345,0.2129427197201574,0.2129427197201574,0.29908176650634016
0.2760763426542388,0.20594762538837105,0.2166000887705282,0.30137594318686195
0.28051486906347095,0.20861074123391035,0.20949844651575678,0.30137594318686195
0.2783866725120561,0.20648838228846997,0.2121876370013152,0.30293730819815873
0.27613586237318044,0.21702690780767533,0.2152624614027349,0.29157476841640934
0.2765301629238221,0.21840598855129897,0.21312197269925143,0.2919418758256275
0.2834507042253521,0.21522887323943662,0.21390845070422534,0.28741197183098594
0.2740088105726872,0.2171806167400881,0.21541850220264316,0.2933920704845815
0.27558706247230835,0.2206468763845813,0.21710234824988922,0.28666371289322107
0.2698412698412698,0.21693121693121692,0.2204585537918871,0.2927689594356261
0.25865848312143797,0.2235861464270057,0.21701008329679966,0.3007452871547567
0.2649122807017544,0.22587719298245615,0.2162280701754386,0.2929824561403509
0.26938239159001315,0.22952255803766974,0.21419185282522996,0.28690319754708715
0.2719683655536028,0.22451669595782073,0.21616871704745166,0.28734622144112476
0.2680683311432326,0.22032413491020586,0.21769601401664476,0.29391151992991676
0.2701021768103065,0.22079075966237227,0.22079075966237227,0.2883163038649489
0.2660228270412643,0.22607550482879718,0.21817383669885865,0.2897278314310799
0.27028218694885364,0.21825396825396826,0.22178130511463845,0.2896825396825397
0.26902654867256637,0.21814159292035398,0.21991150442477875,0.2929203539823009
0.26748790145182577,0.22217333919929608,0.21249450065992082,0.2978442586889573
0.27055702917771884,0.22015915119363394,0.21485411140583555,0.29442970822281167
0.2729286663712893,0.22330527248560036,0.21843154630039877,0.28533451484271155
0.27296703296703295,0.2254945054945055,0.22197802197802197,0.2795604395604396
0.27639071397284276,0.22207621550591328,0.21638195356986423,0.2851511169513798
0.2857777777777778,0.22,0.2137777777777778,0.28044444444444444
0.28634361233480177,0.21101321585903085,0.21806167400881057,0.2845814977973568
0.2891352549889135,0.20931263858093127,0.2133037694013304,0.28824833702882485
0.29033668561434195,0.20638390905115872,0.21469173589855706,0.2885876694359423
0.29183049366535607,0.20882481432940148,0.20707732634338138,0.29226736566186107
0.29067245119305857,0.20911062906724512,0.2052060737527115,0.2950108459869848
0.29556433904259993,0.20553359683794467,0.20202020202020202,0.2968818620992534
0.2994722955145119,0.1996481970096746,0.20800351802990324,0.2928759894459103
0.29960750109027473,0.19930222416048846,0.20976886175316178,0.291321412996075
0.30230496453900707,0.19636524822695037,0.2074468085106383,0.29388297872340424
0.29995569339831635,0.1993797075764289,0.20381036774479397,0.2968542312804608
0.29365079365079366,0.19929453262786595,0.20855379188712522,0.2985008818342152
0.2996941896024465,0.20096111839231107,0.20096111839231107,0.2983835736129314
0.3023457862728063,0.20417028670721113,0.1998262380538662,0.29365768896611644
0.29393536963258077,0.20849933598937584,0.20097388224878265,0.2965914121292607
0.2911336568151742,0.211733568592854,0.19629466254962505,0.30083811204234673
0.2933097031457687,0.20735489587948605,0.19805050952591935,0.30128489144882586
0.28771929824561404,0.21271929824561403,0.19473684210526315,0.3048245614035088
0.28822495606326887,0.21441124780316345,0.19156414762741653,0.30579964850615116
0.2906619903551074,0.20824199912319158,0.19377466023673828,0.3073213502849627
0.29094922737306844,0.2097130242825607,0.19426048565121412,0.3050772626931567
0.28880070546737213,0.20458553791887124,0.19753086419753085,0.3090828924162258
0.2879188712522046,0.20458553791887124,0.19753086419753085,0.3099647266313933
0.292693661971831,0.2011443661971831,0.19586267605633803,0.3102992957746479
0.2923485183547103,0.20300751879699247,0.1901813356921716,0.3144626271561256
0.29463500439753737,0.20316622691292877,0.1882145998240985,0.31398416886543534
0.2946625496250551,0.2015880017644464,0.18306131451257168,0.3206881340979268
0.2898486197684773,0.20080142475512022,0.18744434550311664,0.3219056099732858
0.28950863213811423,0.20274457724656927,0.19079238601150952,0.31695440460380697
0.29483814523184604,0.20034995625546806,0.18110236220472442,0.3237095363079615
0.29094922737306844,0.19955849889624724,0.1827814569536424,0.32671081677704195
0.2920901458241273,0.20150243040212107,0.18426866990720284,0.32213875386654883
0.2887323943661972,0.19762323943661972,0.18661971830985916,0.32702464788732394
0.29282254513430206,0.19154557463672392,0.1924262439453985,0.3232056362835755
0.28970331588132636,0.19240837696335078,0.19589877835951133,0.3219895287958115
0.28602715724923344,0.19448094612352168,0.1927288655278143,0.32676303109943056
0.2868525896414343,0.20008853474988933,0.19300575475874282,0.3200531208499336
0.2907488986784141,0.1973568281938326,0.1960352422907489,0.3158590308370044
0.29411764705882354,0.20368744512730466,0.19446883230904302,0.3077260755048288
0.2924028268551237,0.20759717314487633,0.19964664310954064,0.3003533568904594
0.29293809938971227,0.20444638186573671,0.1974716652136007,0.3051438535309503
0.29401408450704225,0.2068661971830986,0.19454225352112675,0.3045774647887324
0.28728070175438597,0.20921052631578949,0.1969298245614035,0.30657894736842106
0.29354553492484525,0.20645446507515472,0.1976127320954907,0.30238726790450926
0.2897727272727273,0.20192307692307693,0.20323426573426573,0.30506993006993005
0.2812089356110381,0.2084975908891809,0.2058694699956198,0.3044240035041612
0.28357551739321885,0.2069572875385293,0.20343461030383092,0.30603258476442097
0.28647686832740216,0.20685053380782917,0.20373665480427047,0.3029359430604982
0.28067078552515445,0.20697263901147397,0.20388349514563106,0.3084730803177405
0.2730496453900709,0.21054964539007093,0.2052304964539007,0.31117021276595747
0.27580149319279756,0.207290294246816,0.20772946859903382,0.30917874396135264
0.27444933920704845,0.21365638766519823,0.2052863436123348,0.3066079295154185
0.28028293545534927,0.21131741821396993,0.20512820512820512,0.3032714412024757
0.27525363917071016,0.211733568592854,0.211733568592854,0.30127922364358184
0.27971718957136543,0.2072470172337605,0.21520106053910737,0.29783473265576665
0.27733686067019403,0.20943562610229277,0.21781305114638447,0.29541446208112876
0.2781456953642384,0.20794701986754968,0.2185430463576159,0.295364238410596
0.2821978021978022,0.20659340659340658,0.2175824175824176,0.2936263736263736
0.28163444639718804,0.2069420035149385,0.21616871704745166,0.29525483304042177
0.2771137671536078,0.20938468348826914,0.21381142098273573,0.29969012837538733
0.2801402893467777,0.20648838228846997,0.21701008329679966,0.29636124506795264
0.2768758227292672,0.20359806932865293,0.2198332602018429,0.29969284774023697
0.27256637168141595,0.1995575221238938,0.22389380530973452,0.30398230088495576
0.27088830255057167,0.20140721196130168,0.22383465259454705,0.3038698328935796
0.26973684210526316,0.19912280701754387,0.22412280701754386,0.30701754385964913
0.27184892402283706,0.20114185331576637,0.22134387351778656,0.30566534914361
0.265929203539823,0.1986725663716814,0.22389380530973452,0.31150442477876106
0.2627381479840496,0.20248116969428445,0.22330527248560036,0.3114754098360656
0.26948480845442535,0.1928665785997358,0.22369000440334655,0.3139586085424923
0.27056753189617244,0.1935767707875055,0.2190937087549494,0.3167619885613726
0.2645386969829471,0.19020550940096195,0.2186270222999563,0.32662877131613466
0.2648888888888889,0.1928888888888889,0.21244444444444444,0.3297777777777778
0.2644082710074791,0.20281566212054553,0.21381434227892654,0.31896172459304883
0.26215738284703805,0.20424403183023873,0.20822281167108753,0.3253757736516357
0.2578809106830123,0.2053415061295972,0.2119089316987741,0.3248686514886165
0.25440917107583777,0.20590828924162258,0.21296296296296297,0.32671957671957674
0.2553846153846154,0.20703296703296703,0.21802197802197804,0.31956043956043956
0.258021978021978,0.19956043956043956,0.21714285714285714,0.3252747252747253
0.25807860262008736,0.19956331877729258,0.2183406113537118,0.3240174672489083
0.26171529619805484,0.20114942528735633,0.21396993810786913,0.32316534040671974
0.2644959857270294,0.2033898305084746,0.211864406779661,0.320249776984835
0.26255506607929513,0.2066079295154185,0.2145374449339207,0.3162995594713656
0.2564551422319475,0.2135667396061269,0.2148796498905908,0.3150984682713348
0.2588389349628983,0.20689655172413793,0.2125709297250109,0.32169358358795286
0.26163301141352063,0.20588235294117646,0.21597892888498682,0.3165057067603161
0.2599118942731278,0.2052863436123348,0.21938325991189428,0.31541850220264317
0.2617893345085941,0.20229175848391362,0.22300572939620977,0.3129131776112825
0.2615923009623797,0.19860017497812774,0.22440944881889763,0.31539807524059493
0.25870427501101806,0.19920669898633758,0.22961657117672984,0.3124724548259145
0.25388371060807813,0.1970705725699068,0.22991566799822458,0.3191300488237905
0.25537516454585346,0.19569986836331724,0.22948661693725317,0.31943835015357613
0.25569176882662,0.202276707530648,0.22591943957968477,0.3161120840630473
0.25418502202643173,0.2039647577092511,0.21541850220264316,0.326431718061674
0.2513250883392226,0.2058303886925795,0.21598939929328623,0.32685512367491165
0.25252082419991234,0.20429636124506795,0.21306444541867603,0.3301183691363437
0.2523076923076923,0.20483516483516484,0.21802197802197804,0.32483516483516484
0.24812362030905077,0.20485651214128037,0.21721854304635763,0.32980132450331123
0.2524271844660194,0.20211827007943514,0.2149161518093557,0.3305383936451898
0.25738210665491407,0.20317320405464961,0.2119876597620097,0.32745702952842665
0.25232403718459495,0.20849933598937584,0.21381142098273573,0.3253652058432935
0.25384277558190604,0.20860781730346947,0.21563460693895475,0.32191480017566976
0.25357142857142856,0.20401785714285714,0.21651785714285715,0.32589285714285715
0.25252969643642764,0.2023757149142103,0.21513418389793224,0.32996040475142985
0.26228070175438595,0.2013157894736842,0.21271929824561403,0.3236842105263158
0.2620842572062084,0.2075388026607539,0.2066518847006652,0.3237250554323725
0.25902808738296923,0.2139991083370486,0.20686580472581365,0.32010699955416855
0.26675485008818345,0.20767195767195767,0.2072310405643739,0.318342151675485
0.26857142857142857,0.20923076923076922,0.20967032967032967,0.31252747252747254
0.26430155210643014,0.2155210643015521,0.20842572062084258,0.3117516629711752
0.2736427320490368,0.21147110332749564,0.21103327495621715,0.30385288966725044
0.26991150442477874,0.2150442477876106,0.21371681415929203,0.3013274336283186
0.26831421006178285,0.21888790820829657,0.21403353927625773,0.29876434245366285
0.2668141592920354,0.2150442477876106,0.21371681415929203,0.30442477876106194
0.27224669603524226,0.213215859030837,0.21277533039647578,0.30176211453744495
0.2681318681318681,0.2175824175824176,0.21142857142857144,0.3028571428571429
0.2676612549363756,0.21763931548924967,0.20842474769635805,0.30627468187801665
0.27461368653421636,0.21501103752759382,0.20618101545253864,0.30419426048565124
0.27292576419213976,0.22183406113537119,0.20087336244541484,0.30436681222707423
0.27232732072151344,0.21953365596128466,0.20061592608886933,0.3075230972283326
0.27173438182612497,0.2214941022280472,0.19921363040629095,0.3075578855395369
0.26945054945054947,0.22021978021978023,0.20131868131868133,0.309010989010989
0.270509977827051,0.21685144124168515,0.20443458980044346,0.3082039911308204
0.277119016249451,0.21299956082564778,0.20509442248572685,0.30478700043917434
0.27927529827662395,0.20945647370746795,0.2054794520547945,0.3057887759611136
0.2819947043248014,0.20432480141218004,0.21050308914386584,0.3031774051191527
0.2764084507042254,0.2112676056338028,0.20950704225352113,0.3028169014084507
0.2788844621513944,0.21425409473218238,0.20451527224435592,0.3023461708720673
0.28015734265734266,0.22071678321678323,0.1979895104895105,0.30113636363636365
0.27906976744186046,0.21895568231680562,0.20008775778850374,0.3018867924528302
0.2786813186813187,0.21802197802197804,0.20131868131868133,0.301978021978022
0.27184466019417475,0.22462488967343336,0.19902912621359223,0.30450132391879964
0.2696035242290749,0.22158590308370044,0.20616740088105726,0.3026431718061674
0.26821773485513606,0.21992976294995611,0.20237050043898155,0.3094820017559263
0.2750333778371162,0.22607921673342235,0.19626168224299065,0.30262572318647085
0.27376259307928164,0.2233902759526938,0.20192728865527815,0.3009198423127464
0.27807017543859647,0.2179824561403509,0.20614035087719298,0.29780701754385963
0.27276726792784867,0.22393312802463705,0.20413550373955125,0.29916410030796303
0.27628684557853056,0.2190937087549494,0.2089749230092389,0.29564452265728114
0.2784313725490196,0.2196078431372549,0.21176470588235294,0.2901960784313726
0.2809335094671951,0.22677234698370763,0.2073976221928666,0.2848965213562307
0.2841409691629956,0.21894273127753303,0.20704845814977973,0.28986784140969163
0.28839441535776617,0.2212041884816754,0.2081151832460733,0.2822862129144852
0.2864056313242411,0.21645402551693796,0.20545534535855697,0.29168499780026397
0.2864698104892023,0.22124283825473778,0.20713970912296165,0.2851476421330983
0.28603006189213087,0.21839080459770116,0.21175950486295314,0.2838196286472148
0.2847740236946029,0.22027204914436158,0.209741114523914,0.28521281263712156
0.28496273564226215,0.22007891275756247,0.2073651907058308,0.2875931608943446
0.28407587119541244,0.21658579620644022,0.2112924569916189,0.28804587560652845
0.28277071459886016,0.2240245506356861,0.20385795703638754,0.2893467777290662
0.2850155624722099,0.22454424188528235,0.2072032014228546,0.2832369942196532
0.28777923784494086,0.22733245729303547,0.20061322820849758,0.2842750766535261
0.2875498449268941,0.22950819672131148,0.20203810367744793,0.2809038546743465
0.288272157564906,0.2332139659803044,0.20277529095792302,0.2757385854968666
0.27729257641921395,0.23449781659388647,0.20786026200873362,0.28034934497816594
0.27540106951871657,0.232620320855615,0.20677361853832443,0.28520499108734404
0.2786377708978328,0.22777532065457762,0.20875718708536045,0.2848297213622291
0.2790492957746479,0.23107394366197184,0.20642605633802816,0.2834507042253521
0.2757255936675462,0.23087071240105542,0.20492524186455585,0.2884784520668426
0.27674624226348365,0.22458001768346597,0.20822281167108753,0.29045092838196285
0.2754650132860939,0.23117803365810452,0.2046058458813109,0.2887511071744907
0.2709251101321586,0.23832599118942732,0.2013215859030837,0.2894273127753304
0.2698481561822126,0.2334056399132321,0.20433839479392624,0.2924078091106291
0.2699822380106572,0.2344582593250444,0.20648312611012434,0.28907637655417406
0.2697715289982425,0.2398945518453427,0.20430579964850615,0.28602811950790863
0.2740088105726872,0.24140969162995596,0.2,0.2845814977973568
0.27365163572060125,0.2413793103448276,0.1900972590627763,0.2948717948717949
0.27469135802469136,0.24206349206349206,0.19400352733686066,0.2892416225749559
0.2686436982119494,0.2363715656345399,0.19755778456170955,0.29742695159180116
0.270509977827051,0.24124168514412417,0.19334811529933482,0.29490022172949004
0.26205083260297984,0.24539877300613497,0.19325153374233128,0.2992988606485539
0.2683355292050944,0.24725516029863856,0.1919191919191919,0.2924901185770751
0.26150442477876107,0.2491150442477876,0.18893805309734513,0.3004424778761062
0.2537248028045574,0.24452234881682736,0.18799298860648553,0.3137598597721297
0.2530755711775044,0.24560632688927944,0.1937609841827768,0.30755711775043937
0.25021758050478676,0.2454308093994778,0.19451697127937337,0.30983463881636203
0.2579505300353357,0.24425795053003532,0.19081272084805653,0.30697879858657245
0.2560386473429952,0.24725516029863856,0.19104084321475626,0.30566534914361
0.25033348154735435,0.24811027123165852,0.187638950644731,0.3139172965762561
0.25252969643642764,0.24813022437307522,0.1825780906291245,0.3167619885613726
0.25265017667844525,0.24514134275618374,0.18330388692579505,0.31890459363957596
0.2426243945398503,0.2523117569352708,0.18846323205636284,0.31660061646851606
0.23696890056942618,0.2518615856329391,0.19229084537888744,0.31887866841874724
0.23931996512641673,0.24847428073234526,0.1935483870967742,0.31865736704446385
0.24505059392872855,0.24813022437307522,0.1891772987241531,0.3176418829740431
0.24494283201407213,0.25065963060686014,0.1882145998240985,0.31618293755496923
0.23849557522123893,0.25486725663716814,0.18495575221238938,0.3216814159292035
0.23415492957746478,0.25264084507042256,0.19014084507042253,0.3230633802816901
0.23325942350332593,0.25365853658536586,0.1835920177383592,0.329490022172949
0.23323103901797457,0.2516440157825515,0.18982902235861465,0.3252959228408593
0.23490524460114587,0.24944909651829,0.1868664609960335,0.32877919788453064
0.23550243470562196,0.24612660469234174,0.18592297476759628,0.33244798583444
0.24029982363315697,0.24162257495590828,0.1865079365079365,0.3315696649029982
0.24319578577699735,0.2440737489025461,0.18217734855136083,0.3305531167690957
0.24344405594405594,0.24475524475524477,0.1875,0.3243006993006993
0.23719912472647703,0.25164113785557984,0.1886214442013129,0.3225382932166302
0.23794781070322865,0.2516585581601061,0.19062361786819992,0.31977001326846527
0.23469837076177896,0.2523117569352708,0.19154557463672392,0.32144429766622634
0.23127753303964757,0.2555066079295154,0.1960352422907489,0.31718061674008813
0.23487858719646798,0.25386313465783666,0.19381898454746138,0.317439293598234
0.23753280839895013,0.2594050743657043,0.18722659667541558,0.31583552055993
0.2334065934065934,0.26065934065934065,0.19472527472527473,0.3112087912087912
0.22589167767503301,0.2712461470717745,0.18890356671070013,0.3139586085424923
0.21775618374558303,0.26899293286219084,0.19478798586572438,0.31846289752650175
0.2221246707638279,0.26865671641791045,0.19446883230904302,0.3147497805092186
0.2294143549097314,0.2716864817261119,0.18934390136503743,0.3095552619991193
0.23016564952048824,0.26721883173496075,0.1931124673060157,0.3095030514385353
0.23006134969325154,0.26818580192813324,0.19193689745836984,0.3098159509202454
0.22898423817863398,0.26225919439579687,0.19133099824868652,0.31742556917688264
0.2297476759628154,0.26516157591854805,0.19123505976095617,0.3138556883576804
0.23063457330415754,0.2708971553610503,0.19168490153172865,0.3067833698030635
0.23268206039076378,0.2690941385435169,0.19094138543516873,0.30728241563055064
0.23423817863397547,0.2745183887915937,0.18782837127845883,0.30341506129597196
0.24277456647398843,0.2734548688305914,0.18674966651845265,0.29702089817696753
0.23987676056338028,0.2711267605633803,0.1835387323943662,0.30545774647887325
0.2421978021978022,0.2654945054945055,0.18637362637362637,0.3059340659340659
0.25363917071018965,0.2620202911336568,0.18438464931627702,0.2999558888398765
0.2538293216630197,0.2700218818380744,0.17811816192560176,0.29803063457330414
0.257908611599297,0.2623022847100176,0.17750439367311072,0.3022847100175747
0.2549363756033348,0.26195699868363315,0.1790258885476086,0.30408073716542344
0.2495567375886525,0.26063829787234044,0.17597517730496454,0.31382978723404253
0.25298013245033113,0.26048565121412803,0.1739514348785872,0.3125827814569536
0.25492772667542707,0.2606219886114761,0.1800262812089356,0.3044240035041612
0.2564102564102564,0.26436781609195403,0.17285587975243147,0.3063660477453581
0.25377107364685003,0.26131322094055015,0.17790594498669032,0.3070097604259095
0.24624889673433362,0.2616946160635481,0.18181818181818182,0.31023830538393643
0.2479010163499779,0.26115775519222273,0.18161732213875387,0.3093239063190455
0.2440423654015887,0.26081200353045014,0.1884377758164166,0.3067078552515446
0.24298245614035088,0.2618421052631579,0.18947368421052632,0.3057017543859649
0.23900488671701467,0.26477121279431365,0.1919147045757441,0.3043091959129276
0.23912087912087912,0.2562637362637363,0.1934065934065934,0.3112087912087912
0.24119718309859156,0.25704225352112675,0.1892605633802817,0.3125
0.24714661984196665,0.25417032484635643,0.19051799824407376,0.30816505706760317
0.24136403897254208,0.25155004428697963,0.19530558015943314,0.31178033658104515
0.2429701230228471,0.2508787346221441,0.19639718804920914,0.30975395430579966
0.24136423261915171,0.2470485351989506,0.19676432006996064,0.314822912111937
0.24425795053003532,0.24028268551236748,0.1974381625441696,0.31802120141342755
0.2464476021314387,0.24289520426287745,0.19182948490230906,0.3188277087033748
0.24462954844366505,0.24419114423498467,0.19202104340201667,0.3191582639193336
0.2495583038869258,0.23851590106007067,0.19213780918727916,0.3197879858657244
0.25010969723562965,0.24177270732777534,0.19218955682316805,0.31592803861342694
0.24639580602883354,0.24290083005679336,0.1961555264307558,0.3145478374836173
0.248,0.24444444444444444,0.19555555555555557,0.312
0.24305249228054698,0.24569916188795765,0.19629466254962505,0.3149536832818703
0.24676483712628292,0.24185631414547076,0.19321731369924142,0.3181615350290049
0.23705959112657676,0.24619399739016964,0.197477163984341,0.31926924749891256
0.23011994669035984,0.24522434473567303,0.2016881386050644,0.3229675699689027
0.2307017543859649,0.2412280701754386,0.20307017543859648,0.325
0.2325076053889613,0.23468057366362452,0.20556279878313777,0.3272490221642764
0.2260907888937858,0.2353459673865139,0.21066549140590568,0.32789775231379464
0.23384615384615384,0.23736263736263735,0.1986813186813187,0.3301098901098901
0.23299244108492664,0.2463317029791018,0.2023121387283237,0.31836371720764783
0.23178807947019867,0.2445916114790287,0.1986754966887417,0.32494481236203093
0.23056537102473498,0.24646643109540636,0.19876325088339222,0.32420494699646646
0.2311756935270806,0.24614707177454867,0.2025539409951563,0.32012329370321446
0.23103748910200522,0.24411508282476024,0.2083696599825632,0.3164777680906713
0.23459507042253522,0.23899647887323944,0.2125880281690141,0.31382042253521125
0.2318141980718668,0.24233128834355827,0.21647677475898336,0.3093777388255916
0.23393885688967656,0.2405848471422242,0.21665928223305272,0.3088170137350465
0.23255813953488372,0.2413339183852567,0.21456779289161912,0.31154014918824047
0.23235423060061378,0.2367382726874178,0.21481806225339764,0.3160894344585708
0.23920704845814977,0.2330396475770925,0.2105726872246696,0.31718061674008813
0.23485183547103053,0.23396727111897392,0.21406457319770014,0.31711632021229547
0.23734037868780272,0.23645970937912814,0.21400264200792601,0.31219726992514313
0.24426807760141092,0.23589065255731922,0.20899470899470898,0.31084656084656087
0.24812030075187969,0.23706324635117204,0.20698805838124723,0.30782839451570104
0.24593763724198506,0.2375933245498463,0.20816864295125165,0.308300395256917
0.2529854046881911,0.23485183547103053,0.20610349402919062,0.30605926581158777
0.2598669623059867,0.22749445676274946,0.20709534368070953,0.3055432372505543
0.255178492728074,0.23093873953283384,0.20713970912296165,0.30674305861613044
0.2554680664916885,0.2335958005249344,0.2047244094488189,0.30621172353455817
0.2525120139799039,0.23896898208824816,0.20795107033639143,0.3005679335954565
0.2543936731107206,0.23945518453427064,0.2047451669595782,0.30140597539543057
0.2502210433244916,0.2427055702917772,0.20159151193633953,0.30548187444739167
0.25198237885462554,0.23920704845814977,0.2013215859030837,0.307488986784141
0.25,0.23519163763066203,0.20470383275261325,0.31010452961672474
0.25142857142857145,0.22945054945054946,0.20263736263736265,0.31648351648351647
0.24945295404814005,0.2363238512035011,0.20262582056892778,0.31159737417943106
0.24559082892416226,0.23721340388007053,0.20414462081128748,0.31305114638447973
0.24408413672217352,0.23838737949167396,0.2046450482033304,0.3128834355828221
0.2514235654840123,0.24353920280332894,0.202365308804205,0.3026719229084538
0.2613240418118467,0.23780487804878048,0.19729965156794424,0.30357142857142855
0.2596322241681261,0.24168126094570927,0.19264448336252188,0.30604203152364273
0.2540035587188612,0.2442170818505338,0.19750889679715303,0.304270462633452
0.24877832074633496,0.24611283873833853,0.2025766326077299,0.3025322079075966
0.25417032484635643,0.24451273046532046,0.19622475856014046,0.3050921861281826
0.25229157573112176,0.24618070711479703,0.19685726756874727,0.3046704495853339
0.2563876651982379,0.2409691629955947,0.19030837004405288,0.31233480176211453
0.26023778071334214,0.24966974900924702,0.18361955085865259,0.30647291941875826
0.2598770851624232,0.24846356453028973,0.19490781387181738,0.2967515364354697
0.258719646799117,0.24856512141280354,0.19381898454746138,0.2988962472406181
0.2595019659239843,0.24115334207077327,0.19047619047619047,0.308868501529052
0.25657015590200444,0.24053452115812918,0.19064587973273942,0.31224944320712694
0.25653310104529614,0.23780487804878048,0.18858885017421603,0.3170731707317073
0.2566021126760563,0.23943661971830985,0.18705985915492956,0.31690140845070425
0.2602018429135586,0.24001755155770074,0.18297498903027642,0.3168056164984642
0.26605101143359716,0.23526824978012312,0.17941952506596306,0.31926121372031663
0.26150442477876107,0.23849557522123893,0.18141592920353983,0.3185840707964602
0.2636881296539641,0.23740692071835304,0.1773981603153745,0.32150678931230836
0.261443661971831,0.23327464788732394,0.17781690140845072,0.3274647887323944
0.25530035335689044,0.23807420494699646,0.1771201413427562,0.3295053003533569
0.2576632607729898,0.2363394047090182,0.1745890715237672,0.33140826299422477
0.25642161204605846,0.2320637732506643,0.18689105403011513,0.3246235606731621
0.2583518930957684,0.2374164810690423,0.18262806236080179,0.3216035634743875
0.26369257950530034,0.2310070671378092,0.18639575971731448,0.31890459363957596
0.26704795424549055,0.23053233611966564,0.1825780906291245,0.31984161900571934
0.27396657871591906,0.22735268249780125,0.18469656992084432,0.31398416886543534
0.27817213842058564,0.2222715173025732,0.1850044365572316,0.31455190771960956
0.27340989399293286,0.2230565371024735,0.1855123674911661,0.31802120141342755
