C,D,Oc,Od
0.0,0.0,1.0,0.0
0.0,0.25,0.75,0.0
0.0,0.375,0.625,0.0
0.0,0.5333333333333333,0.4666666666666667,0.0
0.0,0.5185185185185185,0.48148148148148145,0.0
0.045454545454545456,0.4772727272727273,0.4772727272727273,0.0
0.057971014492753624,0.391304347826087,0.463768115942029,0.08695652173913043
0.058823529411764705,0.4411764705882353,0.4215686274509804,0.0784313725490196
0.06711409395973154,0.46308724832214765,0.3959731543624161,0.0738255033557047
0.06796116504854369,0.4563106796116505,0.38349514563106796,0.09223300970873786
0.06785714285714285,0.45714285714285713,0.36428571428571427,0.11071428571428571
0.06571428571428571,0.48,0.32857142857142857,0.12571428571428572
0.06651376146788991,0.5068807339449541,0.30504587155963303,0.12155963302752294
0.07238095238095238,0.49523809523809526,0.3047619047619048,0.12761904761904763
0.0752,0.4976,0.2992,0.128
0.07792207792207792,0.5238095238095238,0.2698412698412698,0.12842712842712842
0.07818411097099622,0.5145018915510718,0.27364438839848676,0.13366960907944514
0.08342361863488625,0.5102925243770314,0.26652221018418204,0.13976164680390032
0.08857142857142856,0.5076190476190476,0.26095238095238094,0.14285714285714285
0.08648194794290512,0.5088161209068011,0.2586062132661629,0.14609571788413098
0.09415337889141989,0.5148063781321185,0.24449506454062261,0.14654517843583903
0.09159261790840738,0.507177033492823,0.24060150375939848,0.16062884483937115
0.1001914486279515,0.5175494575622208,0.21761327377153797,0.16464582003828973
0.09650680876258141,0.5150976909413855,0.2202486678507993,0.16814683244523387
0.10570469798657718,0.5106263982102909,0.21196868008948547,0.17170022371364654
0.10442194992008524,0.5167820990942994,0.20458177943526903,0.1742141715503463
0.1044319918492104,0.5063678043810494,0.20835455934793684,0.18084564442180337
0.10591133004926108,0.5044334975369458,0.20837438423645321,0.1812807881773399
0.10852713178294573,0.4941860465116279,0.21656976744186046,0.18071705426356588
0.1167296786389414,0.4919659735349716,0.21266540642722118,0.1786389413988658
0.12181565539601667,0.4854099119962946,0.2093561834182492,0.18341824918943955
0.12333179935572941,0.47998159226875287,0.20800736309249884,0.18867924528301888
0.131390134529148,0.4744394618834081,0.20762331838565024,0.18654708520179372
0.1316262353998203,0.4784366576819407,0.20350404312668463,0.18643306379155436
0.14127546501328608,0.47298494242692646,0.20239149689991143,0.183348095659876
0.14656690140845072,0.4810739436619718,0.1892605633802817,0.18309859154929578
0.15220235499345836,0.47535979066724815,0.19450501526384648,0.17793283907544702
0.15314533622559653,0.4711496746203905,0.19783080260303687,0.17787418655097614
0.16355748373101953,0.4698481561822126,0.1891540130151844,0.17744034707158352
0.16516129032258065,0.4670967741935484,0.18838709677419355,0.17935483870967742
0.1703225806451613,0.4649462365591398,0.18451612903225806,0.18021505376344085
0.17863247863247864,0.4636752136752137,0.17606837606837608,0.18162393162393162
0.18352539479300042,0.4566794707639778,0.17541613316261204,0.18437900128040974
0.18870346598202825,0.45656824989302525,0.17115960633290545,0.18356867779204109
0.1935483870967742,0.449490662139219,0.17232597623089982,0.18463497453310695
0.20202874049027894,0.43871513102282333,0.1754015215553677,0.18385460693153
0.20412457912457913,0.4351851851851852,0.1717171717171717,0.18897306397306396
0.21026282853566958,0.4326241134751773,0.1677096370463079,0.18940342094284524
0.2174277335567658,0.4281524926686217,0.16422287390029325,0.19019689987431923
0.22226855713094246,0.4249374478732277,0.16263552960800667,0.1901584653878232
0.22650103519668738,0.42318840579710143,0.16231884057971013,0.18799171842650103
0.22987551867219916,0.4170124481327801,0.16099585062240665,0.19211618257261412
0.23636363636363636,0.4132231404958678,0.15495867768595042,0.19545454545454546
0.23844884488448845,0.40387788778877887,0.1617161716171617,0.19595709570957096
0.24452705493597687,0.4047914085088806,0.157786038826931,0.1928954977282115
0.2441237113402062,0.40164948453608246,0.1575257731958763,0.19670103092783506
0.25165016501650167,0.39603960396039606,0.15387788778877887,0.19843234323432343
0.25668449197860965,0.3928424516659811,0.15466886055121348,0.1958041958041958
0.2584728460596162,0.3924050632911392,0.15516537362188648,0.19395671702735812
0.2618464052287582,0.3880718954248366,0.15522875816993464,0.1948529411764706
0.2618657937806874,0.3874795417348609,0.15425531914893617,0.19639934533551553
0.26326530612244897,0.3853061224489796,0.15755102040816327,0.19387755102040816
0.26508972267536707,0.383768352365416,0.15497553017944535,0.1961663947797716
0.26726604004903964,0.3780138945647732,0.15774417654270537,0.19697588884348183
0.27202283849918435,0.3727569331158238,0.15579119086460033,0.1994290375203915
0.2724684831232208,0.3725091500610004,0.156567710451403,0.19845465636437576
0.2755969243221368,0.3702954269526508,0.15783083771752326,0.1962768110076892
0.2745735174654752,0.3728675873273761,0.15800162469536963,0.19455727051177904
0.27730410069021516,0.3706861550954121,0.1559074299634592,0.1961023142509135
0.2795131845841785,0.3691683569979716,0.15578093306288032,0.19553752535496957
0.2776203966005666,0.36827195467422097,0.15904492108458115,0.19506272764063132
0.27822908204711616,0.36799350121852153,0.16084484159220147,0.19293257514216083
0.28085795224605425,0.36584378794010525,0.15985430999595304,0.19344394981788748
0.2791075050709939,0.3675456389452333,0.15983772819472616,0.19350912778904666
0.2809079854073774,0.36238346169436564,0.16254560194568302,0.19416295095257396
0.28150242326332797,0.36268174474959614,0.16235864297253635,0.1934571890145396
0.28133817009270456,0.3607416364369206,0.1652559451833938,0.19266424828698106
0.28038897893030795,0.3585899513776337,0.16774716369529985,0.1932739059967585
0.2847870182555781,0.35294117647058826,0.1667342799188641,0.19553752535496957
0.28832116788321166,0.35117599351175993,0.1678832116788321,0.19261962692619627
0.2924260834345889,0.3471040907249899,0.16808424463345484,0.1923855812069664
0.28951612903225804,0.3495967741935484,0.16693548387096774,0.1939516129032258
0.2917171717171717,0.3478787878787879,0.16686868686868686,0.19353535353535353
0.29020556227327693,0.3482466747279323,0.16848045143087464,0.19306731156791615
0.29114435907804287,0.35099069955519613,0.1678123736352608,0.1900525677315002
0.2925639983746445,0.34823242584315317,0.1670052824055262,0.19219829337667615
0.2956204379562044,0.34793187347931875,0.16423357664233576,0.1922141119221411
0.29383116883116883,0.3465909090909091,0.16517857142857142,0.19439935064935066
0.29017857142857145,0.3465909090909091,0.16842532467532467,0.19480519480519481
0.29015334947538335,0.3454398708635997,0.16747376916868442,0.19693301049233253
0.29159935379644586,0.3465266558966074,0.16760904684975766,0.194264943457189
0.29571197411003236,0.3466828478964401,0.16464401294498382,0.1929611650485437
0.29580306698950765,0.344229217110573,0.16585956416464892,0.19410815173527038
0.29782082324455206,0.34221146085552867,0.16585956416464892,0.19410815173527038
0.2961165048543689,0.340210355987055,0.16788025889967637,0.19579288025889968
0.2945705024311183,0.3395461912479741,0.16977309562398704,0.19611021069692058
0.294758064516129,0.33911290322580645,0.17096774193548386,0.19516129032258064
0.29554655870445345,0.33643724696356275,0.1708502024291498,0.19716599190283401
0.2963865205034511,0.33536337799431587,0.170117742590337,0.19813235891189607
0.29818181818181816,0.3325252525252525,0.1705050505050505,0.1987878787878788
0.2994327390599676,0.3326580226904376,0.1693679092382496,0.19854132901134522
0.299717628075837,0.33198870512303347,0.17144009681323114,0.19685356998789835
0.29951495553759094,0.33468067906224735,0.17016976556184316,0.19563459983831852
0.29995962858296327,0.3358901897456601,0.1687525232135648,0.19539765845781187
0.3016579053780833,0.33805095026283866,0.16740800646987464,0.1928831378892034
0.3037872683319903,0.33601933924254634,0.16680096696212732,0.19339242546333602
0.3093788063337393,0.3313032886723508,0.16808769792935443,0.19123020706455543
0.30828282828282827,0.3305050505050505,0.1688888888888889,0.1923232323232323
0.3072264836495761,0.33023819136051674,0.1687525232135648,0.19378280177634236
0.3089068825910931,0.33076923076923076,0.1680161943319838,0.19230769230769232
0.3087818696883853,0.3314447592067989,0.16632942128692838,0.19344394981788748
0.309245054501413,0.3322567622123537,0.16552280985062576,0.19297537343560758
0.3112636253532499,0.3274121921679451,0.16713766653209527,0.19418651594670974
0.3174089068825911,0.3263157894736842,0.16234817813765182,0.19392712550607288
0.3191575536654516,0.32563791008505466,0.16038882138517618,0.19481571486431754
0.32308936514355036,0.322280630812778,0.16295996765062676,0.1916700363930449
0.324706833805095,0.322280630812778,0.1625556004852406,0.19045693489688637
0.3226330759853718,0.32222673709874033,0.16416091019910606,0.1909792767167818
0.3242805026347791,0.32346980137819215,0.16335630320226996,0.1888933927847588
0.32577903682719545,0.3237555645487657,0.1594496155402671,0.19101578308377176
0.32458619297537344,0.3229713362939039,0.1610819539765846,0.19136051675413807
0.3232200647249191,0.32362459546925565,0.1610032362459547,0.19215210355987056
0.32859463850528026,0.3233143785540211,0.16003249390739235,0.18805848903330624
0.3323909531502423,0.32067851373182554,0.1591276252019386,0.18780290791599355
0.3318494536624848,0.31768514771347633,0.16025900445163901,0.19020639417239985
0.3337383556095585,0.31672742000810045,0.1595787768327258,0.18995544754961524
0.33387227162489896,0.3164915117219078,0.16006467259498788,0.18957154405820534
0.3323875152006486,0.31698419132549654,0.16214025131738954,0.18848804215646534
0.33292880258899676,0.31472491909385114,0.1638349514563107,0.18851132686084143
0.3334679047234558,0.3128784820347194,0.16390795316915624,0.18974566007266855
0.3322554567502021,0.3128536782538399,0.16289409862570736,0.1919967663702506
0.3356192012908431,0.3126260588947156,0.16216216216216217,0.18959257765227913
0.337897704389851,0.3101087394281112,0.16310914216673378,0.18888441401530406
0.3406414941128705,0.3093788063337393,0.16240357287860333,0.18757612667478685
0.3407347597900686,0.3076301978199435,0.16390795316915624,0.18772708922083164
0.34157212317666125,0.30510534846029175,0.16410048622366288,0.18922204213938412
0.34506472491909385,0.3017799352750809,0.16181229773462782,0.1913430420711974
0.3446601941747573,0.3029935275080906,0.1622168284789644,0.1901294498381877
0.3450221684804514,0.3006852075775897,0.16404675534058846,0.1902458686013704
0.345703912868092,0.30133118192819686,0.16337232755143202,0.18959257765227913
0.3453441295546559,0.30080971659919026,0.1631578947368421,0.19068825910931175
0.346897663174859,0.2989524576954069,0.16277195809830783,0.19137792103142626
0.3467741935483871,0.30120967741935484,0.16370967741935483,0.18830645161290321
0.34949494949494947,0.29818181818181816,0.16484848484848486,0.1874747474747475
0.3509479628882614,0.2944735780556676,0.1661960467930617,0.18838241226300928
0.3512313282196205,0.2939039160274526,0.16754138070246266,0.18732337505046426
0.35087009307972483,0.29461756373937675,0.1671388101983003,0.18737353298259815
0.3535598705501618,0.2924757281553398,0.16949838187702265,0.18446601941747573
0.35367825383993534,0.2926434923201294,0.17016976556184316,0.18350848827809216
0.3567110036275695,0.2910116888351471,0.16888351471180976,0.1833937928254736
0.35846774193548386,0.2870967741935484,0.16975806451612904,0.18467741935483872
0.3588401127668143,0.28755537656061214,0.171163914619412,0.18244059605316149
0.35604838709677417,0.28911290322580646,0.17056451612903226,0.1842741935483871
0.3552684699232943,0.2894630601534114,0.1703673798950343,0.18490109002826
0.35498184751916095,0.2880193626462283,0.17144009681323114,0.1855586930213796
0.35351089588377727,0.2885391444713479,0.17312348668280872,0.1848264729620662
0.3542256368782855,0.28993125758188437,0.17226041245450868,0.18358269308532146
0.3567676767676768,0.2896969696969697,0.1696969696969697,0.18383838383838383
0.358148893360161,0.29014084507042254,0.1682092555331992,0.1835010060362173
0.3571717171717172,0.2884848484848485,0.1717171717171717,0.18262626262626264
0.35881877022653724,0.2872168284789644,0.16949838187702265,0.18446601941747573
0.361470113085622,0.2867528271405493,0.16680129240710823,0.18497576736672053
0.36385737439222043,0.28565640194489467,0.16896272285251215,0.18152350081037277
0.3644067796610169,0.2853107344632768,0.1694915254237288,0.1807909604519774
0.3659919028340081,0.2854251012145749,0.16923076923076924,0.17935222672064777
0.3696797730036482,0.28455614106201865,0.1674098094852047,0.1783542764491285
0.36795131845841783,0.2827586206896552,0.1663286004056795,0.18296146044624748
0.36827195467422097,0.28328611898017,0.16673411574261432,0.18170781060299473
0.37146321746160066,0.28334680679062246,0.16693613581244948,0.1782538399353274
0.37414141414141416,0.2804040404040404,0.16727272727272727,0.1781818181818182
0.3723188992310805,0.28328611898017,0.16673411574261432,0.17766086604613518
0.37252525252525254,0.282020202020202,0.16767676767676767,0.17777777777777778
0.37646583097452485,0.2814395471087748,0.16417306914678528,0.1779215527699151
0.37919870497774183,0.27964386887899634,0.16268717118575476,0.17847025495750707
0.37849898580121705,0.28113590263691685,0.1643002028397566,0.17606490872210953
0.37479806138933763,0.28109854604200324,0.1680129240710824,0.17609046849757673
0.3765707336846372,0.2813133360356709,0.16700445885691123,0.17511147142278072
0.3782908059943297,0.2814904819765087,0.1648440664236533,0.1753746456055083
0.3799919322307382,0.2827753126260589,0.16337232755143202,0.17386042759177087
0.38291011688835147,0.28012898024989924,0.16203143893591293,0.17492946392583636
0.38377281947261666,0.2799188640973631,0.1614604462474645,0.1748478701825558
0.3848337388483374,0.27696674776966745,0.16139497161394972,0.17680454176804541
0.3873438129786376,0.2760983474405482,0.16122531237404272,0.17533252720677148
0.3877221324717286,0.27584814216478193,0.1591276252019386,0.1773021001615509
0.39144471347861176,0.2711864406779661,0.15819209039548024,0.1791767554479419
0.3887767460637868,0.2757367783609205,0.15987081146548243,0.17561566410981025
0.3882828282828283,0.2735353535353535,0.1604040404040404,0.17777777777777778
0.38794498381877024,0.27305825242718446,0.16059870550161812,0.1783980582524272
0.3890909090909091,0.2731313131313131,0.16121212121212122,0.17656565656565656
0.39149797570850203,0.2704453441295547,0.16072874493927125,0.17732793522267207
0.3945139169019766,0.26744655102864057,0.16014521984671237,0.17789431222267044
0.39749798224374494,0.2675544794188862,0.15940274414850686,0.17554479418886199
0.3988673139158576,0.26658576051779936,0.15898058252427186,0.1755663430420712
0.3996770286637061,0.265643924101736,0.16027452563584982,0.17440452159870812
0.4043583535108959,0.2627118644067797,0.1606133979015335,0.17231638418079095
0.4025764895330113,0.2632850241545894,0.16022544283413848,0.17391304347826086
0.40233118971061094,0.262459807073955,0.16036977491961416,0.17483922829581994
0.4042037186742118,0.2611156022635408,0.1612772837510105,0.17340339531123686
0.4045986284792255,0.2601855586930214,0.1617587736990722,0.1734570391286809
0.4028169014084507,0.2603621730382294,0.16257545271629778,0.17424547283702213
0.4036363636363636,0.2597979797979798,0.162020202020202,0.17454545454545456
0.40346634421604194,0.25957275292220877,0.16283756549778317,0.17412333736396615
0.4044354838709677,0.25887096774193546,0.16451612903225807,0.1721774193548387
0.4065533980582524,0.2552588996763754,0.16545307443365695,0.1727346278317152
0.40607287449392715,0.25303643724696356,0.1672064777327935,0.1736842105263158
0.40969696969696967,0.2492929292929293,0.16565656565656567,0.17535353535353534
0.4067933683784877,0.2503032753740396,0.16740800646987464,0.17549534977759806
0.40962393853619083,0.24747270521633644,0.16862110796603316,0.17428224828143954
0.4091276252019386,0.25040387722132473,0.16599353796445881,0.17447495961227788
0.40864995957962813,0.2514147130153597,0.16612772837510106,0.17380759902991108
0.4110976103685703,0.2515188335358445,0.16403402187120292,0.17334953422438235
0.4143088116410671,0.24777687954729183,0.16289409862570736,0.17502021018593372
0.41390460792239286,0.24898949070331447,0.16208569118835894,0.17502021018593372
0.41238365034399027,0.25131525698097934,0.16268717118575476,0.1736139214892756
0.4108370400323494,0.24909017387788113,0.16538617064294378,0.1746866154468257
0.4109090909090909,0.2492929292929293,0.16646464646464645,0.17333333333333334
0.4135702746365105,0.24596122778675283,0.1680129240710824,0.17245557350565427
0.41423948220064727,0.247168284789644,0.16788025889967637,0.17071197411003236
0.4125958821154623,0.2466693580944691,0.16713766653209527,0.17359709325797335
0.41231267719724585,0.24827865532604293,0.16767922235722965,0.17172944511948157
0.4114562323517547,0.24606696248487292,0.1690197660346914,0.1734570391286809
0.4079159935379645,0.24717285945072698,0.16962843295638125,0.1752827140549273
0.4061996779388084,0.24919484702093397,0.16908212560386474,0.17552334943639292
0.4084848484848485,0.2476767676767677,0.1696969696969697,0.17414141414141415
0.4074373484236055,0.246160064672595,0.17219078415521422,0.17421180274858528
0.4059725585149314,0.24778046811945117,0.17231638418079095,0.17393058918482648
0.4078415521422797,0.2465642683912692,0.17259498787388844,0.17299919159256266
0.4106925880923451,0.24584852166869178,0.17213446739570676,0.17132442284325639
0.4092929292929293,0.24646464646464647,0.1709090909090909,0.17333333333333334
0.4124293785310734,0.24656981436642453,0.16908797417271992,0.17191283292978207
0.4134731746672045,0.24768051633723276,0.1674062121823316,0.17144009681323114
0.4148807116862111,0.24747270521633644,0.16700363930448847,0.17064294379296402
0.4168352893565358,0.24524484014569,0.1679481991096722,0.16997167138810199
0.4171036708350141,0.24526018555869303,0.16821298910851148,0.16942315449778136
0.41854838709677417,0.24435483870967742,0.16733870967741934,0.16975806451612904
0.4190938511326861,0.24555016181229775,0.1634304207119741,0.17192556634304207
0.4181156490093004,0.24585523655479175,0.16457743631217145,0.17145167812373635
0.41717294451194814,0.2454434993924666,0.1648440664236533,0.17253948967193194
0.41504854368932037,0.247168284789644,0.1638349514563107,0.1739482200647249
0.414418042690294,0.24768425291985502,0.16310914216673378,0.1747885622231172
0.41427995159338443,0.2472771278741428,0.16216216216216217,0.1762807583703106
0.4135702746365105,0.24676898222940227,0.16397415185783523,0.17568659127625202
0.4111695669769324,0.24969647915823553,0.1643059490084986,0.17482800485633346
0.4120501415285079,0.2507076425394258,0.16457743631217145,0.17266477961989488
0.4109311740890688,0.25182186234817816,0.16356275303643725,0.1736842105263158
0.4117884537747275,0.2515139281388777,0.16390795316915624,0.1727896649172386
0.4120745542949757,0.25121555915721233,0.16491085899513777,0.17179902755267423
0.41461445296729915,0.2511102139685103,0.16350423899878885,0.1707710940654017
0.41693679092382496,0.2520259319286872,0.16369529983792544,0.1673419773095624
0.4190283400809717,0.25101214574898784,0.16194331983805668,0.1680161943319838
0.4201374848362313,0.24909017387788113,0.16053376465830974,0.17023857662757785
0.41838801134062376,0.2511138112596193,0.16119886593762656,0.16929931146213043
0.4203074433656958,0.25161812297734626,0.15898058252427186,0.16909385113268607
0.4215210355987055,0.24919093851132687,0.1581715210355987,0.17111650485436894
0.4231697506033789,0.24537409493161705,0.1580852775543041,0.1733708769106999
0.42400970088924816,0.24494745351657235,0.15844785772029102,0.17259498787388844
0.42338709677419356,0.24475806451612903,0.16048387096774194,0.17137096774193547
0.4248181083265966,0.2465642683912692,0.15683104284559418,0.17178658043654002
0.4261501210653753,0.24495560936238903,0.15738498789346247,0.17150928167877322
0.4259184497375858,0.24384335890189746,0.1590633831247477,0.17117480823576908
0.4267849939491731,0.24041952400161357,0.16054860830980233,0.17224687373941105
0.4265002013693113,0.2400322190898107,0.16069271043093034,0.17277486910994763
0.4289176090468498,0.2386914378029079,0.16235864297253635,0.17003231017770598
0.42758899676375406,0.23624595469255663,0.16423948220064724,0.17192556634304207
0.42926434923201295,0.23565076798706547,0.16370250606305578,0.1713823767178658
0.4292053247277128,0.23517547398144414,0.16256555062525213,0.17305365066559097
0.42995951417004047,0.2340080971659919,0.16275303643724695,0.17327935222672064
0.43162565550625254,0.23114158935054457,0.16417910447761194,0.17305365066559097
0.4330230675839741,0.23148522865236745,0.1643059490084986,0.17118575475515985
0.4343598055105348,0.2313614262560778,0.16369529983792544,0.1705834683954619
0.4319286871961102,0.22974068071312803,0.16491085899513777,0.17341977309562398
0.4327509142624949,0.23161316537992685,0.16172287687931736,0.17391304347826086
0.4339242546333602,0.23045930701047543,0.16156325543916197,0.17405318291700242
0.4333602584814216,0.2310177705977383,0.16195476575121162,0.17366720516962844
0.43138832997987925,0.23219315895372233,0.16338028169014085,0.17303822937625754
0.43190975020145045,0.23005640612409348,0.1651893634165995,0.17284448025785656
0.43348160129397495,0.23008491710473108,0.16336433481601295,0.17306914678528104
0.4366935483870968,0.2306451612903226,0.16048387096774194,0.1721774193548387
0.4350282485875706,0.23083131557707828,0.1606133979015335,0.1735270379338176
0.4341680129240711,0.2294022617124394,0.16074313408723748,0.17568659127625202
0.4351515151515152,0.2286868686868687,0.16121212121212122,0.17494949494949494
0.4349052801289803,0.22732769044740025,0.16122531237404272,0.17654171704957677
0.43828409550789155,0.22501011736139215,0.1594496155402671,0.1772561715904492
0.4410339256865913,0.22617124394184168,0.1567043618739903,0.17609046849757673
0.4399028733306354,0.22703358963982193,0.15823553217320924,0.17482800485633346
0.43851132686084143,0.22896440129449838,0.15898058252427186,0.17354368932038836
0.43893591293833134,0.22813381700927046,0.1592099959693672,0.17372027408303103
0.4396447315300767,0.2289059345983044,0.15987081146548243,0.17157852240613647
0.44421988682295876,0.22797089733225545,0.1576394502829426,0.17016976556184316
0.4470064724919094,0.22694174757281554,0.15898058252427186,0.16707119741100324
0.44798387096774195,0.22782258064516128,0.15766129032258064,0.16653225806451613
0.45167812373635263,0.2272543469470279,0.15527699150828952,0.16579053780832997
0.4515605999189299,0.23064450749898663,0.15241183623834617,0.16538305634373734
0.451417004048583,0.22955465587044535,0.1522267206477733,0.16680161943319838
0.45417680454176806,0.22952149229521493,0.1516626115166261,0.16463909164639093
0.4544718737353298,0.22986645082962365,0.15216511533791988,0.16349656009712668
0.45814799838253134,0.22806308127780026,0.1500202183582693,0.16376870198139912
0.45883777239709445,0.22760290556900725,0.1493139628732849,0.1642453591606134
0.4561261625556005,0.22846744844318642,0.15082895268904165,0.16457743631217145
0.45340863251311014,0.22710770471964503,0.15490116982654295,0.1645824929407019
0.45476575121163165,0.22576736672051698,0.15347334410339256,0.16599353796445881
0.45725806451612905,0.22379032258064516,0.15443548387096775,0.16451612903225807
0.4568548387096774,0.2245967741935484,0.15403225806451612,0.16451612903225807
0.4572355087150385,0.2217267936765302,0.15443858937981353,0.16659910822861776
0.4548780487804878,0.22073170731707317,0.1548780487804878,0.16951219512195123
0.45366248482395793,0.2225819506272764,0.1558073654390935,0.1679481991096722
0.4497375857892612,0.22446507872426322,0.15704481227291078,0.1687525232135648
0.45402997164844067,0.22114216281895505,0.15633859862292426,0.16848926690968002
0.45616161616161616,0.2193939393939394,0.15676767676767678,0.16767676767676767
0.45671521035598706,0.21723300970873785,0.15614886731391586,0.16990291262135923
0.45616161616161616,0.21818181818181817,0.15676767676767678,0.1688888888888889
0.45641646489104115,0.2158999192897498,0.15738498789346247,0.17029862792574657
0.45484001620089104,0.2179019846091535,0.15633859862292426,0.1709194005670312
0.45616161616161616,0.21575757575757576,0.15717171717171718,0.1709090909090909
0.4560550830295666,0.21385176184690158,0.15755366545159985,0.17253948967193194
0.4572701498582422,0.2134467395706764,0.15755366545159985,0.17172944511948157
0.4589567327133037,0.21391023048928426,0.15729882733522038,0.16983420946219166
0.4590230117077109,0.2131610819539766,0.15946709729511505,0.1683488090431974
0.46057420137484834,0.21269712899312576,0.15932066316215124,0.16740800646987464
0.46097856854023456,0.21391023048928426,0.15932066316215124,0.16579053780832997
0.4597979797979798,0.21414141414141413,0.1591919191919192,0.16686868686868686
0.4619433198380567,0.21093117408906883,0.16275303643724695,0.16437246963562754
0.45936109987868984,0.21027092600080874,0.16457743631217145,0.16579053780832997
0.4619124797406807,0.2098865478119935,0.16612641815235007,0.1620745542949757
0.46318770226537215,0.2087378640776699,0.1650485436893204,0.16302588996763753
0.4629704573047349,0.20882233913395387,0.1643059490084986,0.16390125455281263
0.4606969205834684,0.2086709886547812,0.16612641815235007,0.16450567260940033
0.4613829357056207,0.20865345733926405,0.16498180347755761,0.16498180347755761
0.46160064672594986,0.2085691188358933,0.16410670978173,0.16572352465642684
0.4630004043671654,0.20703598867771936,0.16376870198139912,0.16619490497371614
0.46430012101653895,0.20613150463896732,0.16256555062525213,0.16700282371924163
0.4622222222222222,0.20686868686868687,0.16404040404040404,0.16686868686868686
0.46469155844155846,0.2086038961038961,0.16112012987012986,0.16558441558441558
0.46561488673139156,0.2099514563106796,0.16019417475728157,0.16423948220064724
0.4642712959224869,0.20952765442067017,0.16229309648768672,0.16390795316915624
0.46618063993519643,0.20818144997974888,0.16362899959497773,0.16200891049007696
0.46448748991121874,0.20863599677159,0.1626311541565779,0.1642453591606134
0.4670707070707071,0.2080808080808081,0.1604040404040404,0.16444444444444445
0.4658309745248686,0.20986655883542257,0.1625556004852406,0.16174686615446826
0.4640549273021002,0.2104200323101777,0.16276252019386106,0.16276252019386106
0.4661016949152542,0.20863599677159,0.16343825665859565,0.16182405165456012
0.4672064777327935,0.20647773279352227,0.16437246963562754,0.16194331983805668
0.46744844318641326,0.2054185200161747,0.16619490497371614,0.16093813182369593
0.4692805173807599,0.20331447049312854,0.16734033953112368,0.16006467259498788
0.4699232943076302,0.20266451352442472,0.1667339523617279,0.1606782398062172
0.46871215179652803,0.20306822769479208,0.16794509487283005,0.16027452563584982
0.4682571775171856,0.20420541852001617,0.168216740800647,0.15932066316215124
0.46359223300970875,0.2034789644012945,0.16949838187702265,0.1634304207119741
0.4664781906300485,0.20153473344103393,0.17003231017770598,0.16195476575121162
0.4672330097087379,0.20307443365695793,0.16949838187702265,0.16019417475728157
0.46880064829821716,0.20097244732576985,0.17220421393841168,0.1580226904376013
0.4705645161290323,0.20120967741935483,0.17137096774193547,0.15685483870967742
0.4693548387096774,0.20201612903225807,0.17056451612903226,0.15806451612903225
0.46774193548387094,0.20161290322580644,0.17137096774193547,0.1592741935483871
0.46682847896440127,0.19983818770226539,0.17233009708737865,0.1610032362459547
0.46944556859571024,0.19708619991906112,0.17199514366653176,0.16147308781869688
0.4727052163364335,0.19773554387383743,0.17064294379296402,0.15891629599676507
0.4752435064935065,0.19805194805194806,0.1700487012987013,0.15665584415584416
0.4785425101214575,0.19757085020242915,0.16761133603238867,0.1562753036437247
0.478770723817226,0.1953093408815204,0.16862110796603316,0.15729882733522038
0.47850770478507704,0.19505271695052717,0.16991078669910786,0.15652879156528793
0.4799676244435451,0.19263456090651557,0.1707810602994739,0.1566167543504654
0.48024193548387095,0.1907258064516129,0.17137096774193547,0.15766129032258064
0.48199109672197493,0.18737353298259815,0.169566976932416,0.16106839336301093
0.4817813765182186,0.1874493927125506,0.17044534412955464,0.16032388663967612
0.4791413527744026,0.18833535844471447,0.17132442284325639,0.16119886593762656
0.47940226171243944,0.18982229402261713,0.17164781906300486,0.1591276252019386
0.4803723188992311,0.18939700526102793,0.17118575475515985,0.15904492108458115
0.4816161616161616,0.1919191919191919,0.16727272727272727,0.1591919191919192
0.47713476325374343,0.1942533387292594,0.169566976932416,0.15904492108458115
0.4797898140662894,0.19442198868229588,0.16814874696847212,0.1576394502829426
0.4795794581479984,0.1940962393853619,0.168216740800647,0.1581075616659927
0.47896440129449835,0.1925566343042071,0.16828478964401294,0.16019417475728157
0.47678643520387565,0.19216794509487284,0.16915623738393218,0.16188938231731934
0.4790491539081386,0.1917808219178082,0.16800966962127317,0.16116035455278002
0.4789983844911147,0.19466882067851374,0.16720516962843296,0.1591276252019386
0.4813463098134631,0.19505271695052717,0.1654501216545012,0.15815085158150852
0.4840145690004047,0.19222986645082962,0.1643059490084986,0.1594496155402671
0.4814366424535916,0.19047619047619047,0.16707021791767554,0.16101694915254236
0.476904376012966,0.1920583468395462,0.16815235008103727,0.16288492706645058
0.4789473684210526,0.18947368421052632,0.1680161943319838,0.16356275303643725
0.4803723188992311,0.18696883852691218,0.17118575475515985,0.16147308781869688
0.48012976480129765,0.1873479318734793,0.17193836171938362,0.16058394160583941
0.48094079480940793,0.1897810218978102,0.16950527169505272,0.1597729115977291
0.48222940226171246,0.19063004846526657,0.1684168012924071,0.1587237479806139
0.4838709677419355,0.1870967741935484,0.1689516129032258,0.16008064516129034
0.48526443278159065,0.1844973758578926,0.16915623738393218,0.1610819539765846
0.4844066423653301,0.18509518023491292,0.16848926690968002,0.16200891049007696
0.48544866612772836,0.18189167340339532,0.17057396928051738,0.16208569118835894
0.481181707810603,0.18170781060299473,0.17199514366653176,0.1651153379198705
0.48076144187930336,0.17942486836776023,0.17375455650060753,0.16605913325232888
0.4840816326530612,0.17673469387755103,0.17510204081632652,0.16408163265306122
0.4878246753246753,0.17694805194805194,0.1728896103896104,0.16233766233766234
0.48764682057513165,0.17618469015795868,0.17172944511948157,0.1644390441474281
0.4913131313131313,0.17616161616161616,0.1684848484848485,0.16404040404040404
0.49230769230769234,0.17732793522267207,0.16882591093117408,0.16153846153846155
0.4937323089365144,0.1779215527699151,0.16862110796603316,0.1597250303275374
0.4924827305973182,0.17838277123120683,0.16903697683868346,0.16009752133279154
0.4911075181891673,0.17906224737267584,0.1709781729991916,0.15885206143896524
0.491876523151909,0.1783103168155971,0.17059301380991065,0.15922014622258326
0.4907183212267958,0.1771589991928975,0.17150928167877322,0.1606133979015335
0.4925192074403558,0.17751718560452892,0.17185604528912252,0.1581075616659927
0.4913131313131313,0.17737373737373738,0.17252525252525253,0.15878787878787878
0.4872932634126664,0.18071803146430013,0.17224687373941105,0.15974183138362244
0.48848484848484847,0.1785858585858586,0.1713131313131313,0.16161616161616163
0.4898538961038961,0.17816558441558442,0.1708603896103896,0.16112012987012986
0.4888618874038072,0.17780477926285945,0.1697043337383556,0.16362899959497773
0.4903303787268332,0.17647058823529413,0.1708299758259468,0.16236905721192588
0.49091643116673395,0.17763423496164715,0.16955995155429957,0.16188938231731934
0.49351701782820095,0.1746353322528363,0.16896272285251215,0.16288492706645058
0.4973609419407227,0.17336581404790904,0.16768168899715793,0.16159155501421033
0.4957403651115619,0.17322515212981746,0.16835699797160245,0.16267748478701827
0.49737797498991526,0.17103670835014118,0.16780960064542155,0.16377571601452198
0.49818034775576225,0.1694298422968055,0.168216740800647,0.16417306914678528
0.497165991902834,0.16963562753036437,0.16680161943319838,0.16639676113360324
0.5,0.17137096774193547,0.16572580645161292,0.1629032258064516
0.5006080259424402,0.16781516011349817,0.16578840697203082,0.16578840697203082
0.5010133765707336,0.16700445885691123,0.1674098094852047,0.16457235508715037
0.5010133765707336,0.16822051074179165,0.16700445885691123,0.16376165383056343
0.5004058441558441,0.1672077922077922,0.1672077922077922,0.16517857142857142
0.5014129995962858,0.16511909568025837,0.1683488090431974,0.16511909568025837
0.5040322580645161,0.16411290322580646,0.16733870967741934,0.16451612903225807
0.5026305139619587,0.1671388101983003,0.1671388101983003,0.1630918656414407
0.5012145748987854,0.16842105263157894,0.16882591093117408,0.16153846153846155
0.502836304700162,0.16815235008103727,0.16774716369529985,0.1612641815235008
0.5022204279370206,0.16996366572466692,0.16431166733952363,0.16350423899878885
0.501012555690563,0.17132442284325639,0.16362899959497773,0.16403402187120292
0.5034371209057824,0.16983420946219166,0.1625556004852406,0.16417306914678528
0.5036407766990292,0.17071197411003236,0.1634304207119741,0.1622168284789644
0.5040355125100888,0.17271993543179984,0.162227602905569,0.16101694915254236
0.5058728230052653,0.17132442284325639,0.16038882138517618,0.16241393276630214
0.5064672594987873,0.17016976556184316,0.1612772837510105,0.16208569118835894
0.5064935064935064,0.1708603896103896,0.16193181818181818,0.16071428571428573
0.5068714632174616,0.17259498787388844,0.16168148746968472,0.15885206143896524
0.5054589567327133,0.17428224828143954,0.16417306914678528,0.15608572583906186
0.5060876623376623,0.17329545454545456,0.16517857142857142,0.15543831168831168
0.506288032454361,0.17160243407707912,0.16511156186612577,0.1569979716024341
0.5091130012150669,0.1697043337383556,0.1644390441474281,0.15674362089914945
0.5080840743734842,0.1709781729991916,0.1645109135004042,0.15642683912691996
0.5078851597250303,0.17104731095835018,0.16457743631217145,0.15649009300444805
0.5092966855295069,0.16936135812449474,0.16410670978173,0.1572352465642684
0.5115151515151515,0.16767676767676767,0.16363636363636364,0.15717171717171718
0.5107157298827335,0.168216740800647,0.16336433481601295,0.15770319450060655
0.5099472188388144,0.1697117336581405,0.16321559074299635,0.15712545676004872
0.511552492906364,0.1706526145115525,0.16173490068909607,0.15605999189298744
0.5110931827349737,0.17063331988705124,0.16135538523598225,0.15691811214199275
0.5105008077544426,0.16882067851373184,0.1631663974151858,0.15751211631663975
0.5076860841423948,0.16868932038834952,0.16545307443365695,0.1581715210355987
0.5086938940558027,0.16902547513141933,0.16457743631217145,0.15770319450060655
0.5099310903931901,0.17024726388325903,0.16376165383056343,0.15605999189298744
0.5109135004042037,0.16855295068714632,0.16491511721907842,0.15561843168957154
0.5074687121517966,0.16915623738393218,0.1667339523617279,0.1566410981025434
0.5087009307972481,0.169566976932416,0.16632942128692838,0.15540267098340751
0.5127478753541076,0.1679481991096722,0.1651153379198705,0.15418858761634965
0.5145278450363197,0.1682808716707022,0.16464891041162227,0.15254237288135594
0.518354175070593,0.16780960064542155,0.16256555062525213,0.15127067365873337
0.519627681100769,0.1671388101983003,0.1622824767300688,0.150951031970862
0.5135792460478313,0.16984191325496553,0.16457235508715037,0.1520064856100527
0.5127478753541076,0.17159044921084582,0.16268717118575476,0.1529745042492918
0.5161812297734628,0.16990291262135923,0.16262135922330098,0.15129449838187703
0.5179943388596846,0.17145167812373635,0.16174686615446826,0.1488071168621108
0.5161812297734628,0.16990291262135923,0.16262135922330098,0.15129449838187703
0.5200323755564549,0.16875758802104412,0.1630918656414407,0.1481181707810603
0.5196595054722335,0.16700445885691123,0.16538305634373734,0.14795297932711796
0.5176184690157959,0.16848926690968002,0.16605913325232888,0.1478331308221952
0.5184434535873531,0.16984191325496553,0.1629509525739765,0.1487636805837049
0.5184285135682463,0.16889428918590524,0.16403402187120292,0.1486431753746456
0.5239642567018684,0.1669374492282697,0.16084484159220147,0.14825345247766045
0.5263798701298701,0.16558441558441558,0.1599025974025974,0.1481331168831169
0.5256980979360583,0.16673411574261432,0.15985430999595304,0.14771347632537435
0.5245038477116242,0.16605913325232888,0.16200891049007696,0.14742810854597002
0.5240793201133145,0.16632942128692838,0.16268717118575476,0.14690408741400243
0.5240404040404041,0.16727272727272727,0.16323232323232323,0.14545454545454545
0.5236938031591738,0.16686917780477925,0.16038882138517618,0.1490481976508708
0.5239837398373983,0.16747967479674797,0.15853658536585366,0.15
0.5294117647058824,0.1663286004056795,0.15618661257606492,0.14807302231237324
0.5300081103000811,0.16423357664233576,0.15774533657745338,0.14801297648012976
0.5299595141700405,0.16275303643724695,0.16032388663967612,0.14696356275303643
0.5315278900565885,0.16208569118835894,0.16006467259498788,0.1463217461600647
0.5319320937752627,0.16208569118835894,0.15966046887631366,0.1463217461600647
0.5328496573962112,0.1608222490931076,0.16041918581217252,0.14590890769850867
0.535931790499391,0.1611855460820138,0.15753146569224524,0.14535119772634997
0.5345528455284553,0.16504065040650406,0.15772357723577235,0.14268292682926828
0.5344408427876823,0.16491085899513777,0.15680713128038898,0.14384116693679092
0.5368421052631579,0.1631578947368421,0.1562753036437247,0.1437246963562753
0.5366545159983799,0.1644390441474281,0.15552855407047386,0.1433778857837181
0.536961819658814,0.1645004061738424,0.15678310316815597,0.14175467099918765
0.5370967741935484,0.16330645161290322,0.1588709677419355,0.1407258064516129
0.5355411954765751,0.16558966074313408,0.1587237479806139,0.1401453957996769
0.5347896440129449,0.16707119741100324,0.156957928802589,0.14118122977346279
0.5362673186634067,0.1625916870415648,0.1593317033414833,0.14180929095354522
0.5379002837454399,0.16254560194568302,0.1597081475476287,0.13984596676124847
0.5388978930307942,0.1612641815235008,0.1612641815235008,0.1385737439222042
0.5395216862586137,0.16214025131738954,0.1601134981759222,0.13822456424807458
0.5386483205180089,0.1643059490084986,0.15904492108458115,0.13800080938891138
0.5376518218623482,0.16396761133603238,0.16072874493927125,0.13765182186234817
0.5390214314597654,0.16215123331985443,0.15891629599676507,0.13991103922361503
0.5423248278655326,0.16038882138517618,0.1591737545565006,0.1381125961927906
0.5434343434343434,0.16,0.15797979797979797,0.1385858585858586
0.5420032310177706,0.15993537964458804,0.15791599353796446,0.1401453957996769
0.5443858937981354,0.16092419943250913,0.15646534252128091,0.13822456424807458
0.5486475575292693,0.156237383932176,0.15704481227291078,0.13807024626564393
0.5464126469396028,0.1580867450344548,0.15605999189298744,0.139440616132955
0.5471087747674889,0.15770319450060655,0.1556813586736757,0.13950667205822886
0.5482171799027553,0.1612641815235008,0.15235008103727715,0.13816855753646679
0.5479562929987859,0.16187778227438285,0.1517604208822339,0.13840550384459732
0.5502431118314425,0.16247974068071314,0.14870340356564019,0.1385737439222042
0.5508064516129032,0.16088709677419355,0.15,0.13830645161290323
0.5525464834276476,0.16168148746968472,0.14955537590945836,0.13621665319320939
0.5538897893030794,0.16085899513776336,0.14991896272285252,0.1353322528363047
0.5533036076205918,0.1613295500608026,0.14997973246858531,0.13538710985002025
0.5552835577315381,0.16034271725826194,0.14932680538555693,0.135046919624643
0.5566801619433198,0.15910931174089069,0.1493927125506073,0.13481781376518218
0.5556900726392252,0.15778853914447136,0.15254237288135594,0.13397901533494755
0.5553311793214862,0.1591276252019386,0.1522617124394184,0.1332794830371567
0.5586206896551724,0.15537525354969575,0.15050709939148074,0.1354969574036511
