C,D,Oc,Od
0.0,1.0,0.0,0.0
0.0,0.5,0.5,0.0
0.3333333333333333,0.3333333333333333,0.3333333333333333,0.0
0.4,0.4,0.2,0.0
0.2857142857142857,0.5714285714285714,0.14285714285714285,0.0
0.25,0.625,0.125,0.0
0.3,0.5,0.2,0.0
0.5,0.3,0.2,0.0
0.5384615384615384,0.3076923076923077,0.15384615384615385,0.0
0.5882352941176471,0.29411764705882354,0.11764705882352941,0.0
0.7272727272727273,0.18181818181818182,0.09090909090909091,0.0
0.7586206896551724,0.1724137931034483,0.034482758620689655,0.034482758620689655
0.7777777777777778,0.16666666666666666,0.027777777777777776,0.027777777777777776
0.803921568627451,0.13725490196078433,0.0392156862745098,0.0196078431372549
0.7704918032786885,0.16393442622950818,0.04918032786885246,0.01639344262295082
0.7951807228915663,0.14457831325301204,0.04819277108433735,0.012048192771084338
0.8055555555555556,0.12037037037037036,0.046296296296296294,0.027777777777777776
0.8225806451612904,0.0967741935483871,0.056451612903225805,0.024193548387096774
0.8175675675675675,0.10135135135135136,0.060810810810810814,0.02027027027027027
0.8402366863905325,0.08875739644970414,0.05325443786982249,0.01775147928994083
0.8527918781725888,0.08121827411167512,0.050761421319796954,0.015228426395939087
0.868421052631579,0.07017543859649122,0.043859649122807015,0.017543859649122806
0.8740157480314961,0.06299212598425197,0.051181102362204724,0.011811023622047244
0.8698630136986302,0.06164383561643835,0.04794520547945205,0.02054794520547945
0.8658536585365854,0.054878048780487805,0.04878048780487805,0.03048780487804878
0.8706199460916442,0.05660377358490566,0.0431266846361186,0.029649595687331536
0.8671497584541062,0.057971014492753624,0.043478260869565216,0.03140096618357488
0.8682505399568035,0.05399568034557235,0.04103671706263499,0.0367170626349892
0.870722433460076,0.053231939163498096,0.039923954372623575,0.03612167300380228
0.8789473684210526,0.05263157894736842,0.03508771929824561,0.03333333333333333
0.8780096308186196,0.048154093097913325,0.03691813804173355,0.03691813804173355
0.8766716196136701,0.04606240713224369,0.03417533432392273,0.04309063893016345
0.8786610878661087,0.040446304044630406,0.03486750348675035,0.04602510460251046
0.8730569948186528,0.04145077720207254,0.03626943005181347,0.04922279792746114
0.8806146572104019,0.04018912529550828,0.03309692671394799,0.04609929078014184
0.8766233766233766,0.03787878787878788,0.032467532467532464,0.05303030303030303
0.8803680981595092,0.03680981595092025,0.02965235173824131,0.053169734151329244
0.8758553274682307,0.03519061583577713,0.03128054740957967,0.05767350928641251
0.8702702702702703,0.03333333333333333,0.032432432432432434,0.06396396396396396
0.8679727427597955,0.030664395229982964,0.03236797274275979,0.06899488926746167
0.8532035685320357,0.0340632603406326,0.038118410381184104,0.0746147607461476
0.8526477359938603,0.029930928626247123,0.039907904834996163,0.07751343054489639
0.849925705794948,0.02897473997028232,0.03937592867756315,0.08172362555720654
0.8474820143884892,0.02877697841726619,0.04100719424460432,0.08273381294964029
0.8426888426888427,0.030492030492030493,0.04504504504504504,0.08177408177408177
0.8489932885906041,0.028187919463087248,0.038926174496644296,0.08389261744966443
0.8541801685029164,0.027219701879455604,0.03629293583927414,0.08230719377835385
0.8483322844556325,0.02957835116425425,0.03901825047199497,0.08307111390811832
0.8450789793438639,0.03219927095990279,0.03402187120291616,0.08869987849331713
0.8452030606238964,0.034137728075338436,0.031194820482636845,0.0894643908181283
0.8391845979614949,0.031710079275198186,0.033408833522083806,0.0956964892412231
0.8272425249169435,0.033776301218161685,0.035437430786267994,0.1035437430786268
0.8226759806555616,0.03600214938205266,0.03653949489521763,0.10478237506716818
0.815279958137101,0.0423861852433281,0.038199895342752484,0.10413396127681843
0.8135064935064935,0.04363636363636364,0.03428571428571429,0.10857142857142857
0.8067269076305221,0.04819277108433735,0.036646586345381524,0.10843373493975904
0.8059113300492611,0.04729064039408867,0.034975369458128076,0.11182266009852217
0.8019277108433734,0.04674698795180723,0.03855421686746988,0.11277108433734939
0.7944814462416746,0.04804947668886775,0.035204567078972404,0.12226450999048526
0.788785046728972,0.05093457943925234,0.03457943925233645,0.12570093457943926
0.7777262180974478,0.05243619489559165,0.03619489559164733,0.13364269141531324
0.7732664233576643,0.0552007299270073,0.035583941605839414,0.13594890510948904
0.7720888083371092,0.057091073855913006,0.03579519710013593,0.13502492070684186
0.7666068222621185,0.058797127468581685,0.03411131059245961,0.14048473967684022
0.7621184919210053,0.06014362657091562,0.03500897666068223,0.14272890484739678
0.7553667262969589,0.05992844364937388,0.038461538461538464,0.1462432915921288
0.7597665020206555,0.0570273911091154,0.03771890435563539,0.14548720251459363
0.75592311130979,0.057219490388913725,0.03442109968708091,0.15243629861421545
0.7543391188251002,0.05785491766800178,0.03649310191366266,0.15131286159323543
0.7441241685144124,0.06252771618625277,0.03813747228381375,0.15521064301552107
0.7474478473146915,0.05947625388371061,0.04216600088770528,0.1509098979138926
0.7358744394618834,0.06322869955156951,0.042152466367713005,0.15874439461883408
0.7319910514541387,0.06532438478747203,0.04116331096196868,0.16152125279642057
0.7338960462016881,0.06263882718791648,0.040870724122612175,0.1625944024877832
0.7307519135524538,0.06393516434038721,0.04322377307519135,0.16208914903196758
0.727151136870263,0.06107891217119929,0.04235399019170753,0.16941596076683013
0.7273534635879219,0.05950266429840142,0.0452930728241563,0.16785079928952043
0.7158034528552457,0.05754758742806552,0.04780876494023904,0.17884019477644975
0.7143485915492958,0.058538732394366196,0.04973591549295775,0.17737676056338028
0.7063492063492064,0.062169312169312166,0.051587301587301584,0.17989417989417988
0.7031111111111111,0.060444444444444446,0.051555555555555556,0.18488888888888888
0.7040636042402827,0.06316254416961131,0.046819787985865724,0.18595406360424027
0.7027629233511586,0.06327985739750445,0.044563279857397504,0.1893939393939394
0.697986577181208,0.06129753914988814,0.04563758389261745,0.19507829977628635
0.6999105545617174,0.059033989266547404,0.04516994633273703,0.19588550983899822
0.6974564926372155,0.05979473449352968,0.04506916555109326,0.19767960731816153
0.6978704525288376,0.05856255545696539,0.04392191659272405,0.19964507542147295
0.6910714285714286,0.06160714285714286,0.04375,0.20357142857142857
0.6932270916334662,0.05754758742806552,0.04249667994687915,0.2067286409915892
0.6909009812667262,0.058429973238180194,0.0423728813559322,0.20829616413916147
0.6847246891651865,0.058170515097690945,0.044849023090586145,0.21225577264653642
0.6795332136445242,0.06193895870736086,0.04622980251346499,0.2122980251346499
0.6797327394209354,0.060133630289532294,0.049443207126948774,0.21069042316258352
0.6787771377935312,0.06070004430660168,0.04563579973416039,0.21488701816570668
0.6831330663106364,0.059190031152647975,0.04494882064975523,0.21272808188696038
0.6826320501342883,0.06356311548791406,0.044315129811996416,0.20948970456580127
0.6739910313901345,0.06053811659192825,0.04753363228699552,0.2179372197309417
0.6675579322638147,0.059269162210338684,0.04768270944741533,0.22549019607843138
0.6727515583259127,0.05654496883348174,0.04674977738201247,0.22395369545859306
0.6734423331860362,0.05214317277949625,0.0481661511268228,0.22624834290764473
0.6748003549245786,0.050576752440106475,0.044365572315882874,0.2302573203194321
0.6695029108822212,0.05150022391401702,0.047021943573667714,0.23197492163009403
0.6663701067615658,0.054270462633451956,0.04804270462633452,0.2313167259786477
0.6618229854689565,0.05107881990312638,0.0479964773227653,0.23910171730515192
0.6614768683274022,0.05249110320284697,0.04715302491103203,0.23887900355871886
0.66622399291722,0.05267817618415228,0.0451527224435591,0.2359451084550686
0.6553097345132743,0.05707964601769912,0.045575221238938056,0.2420353982300885
0.6570284697508897,0.05782918149466192,0.04581850533807829,0.2393238434163701
0.647656940760389,0.0610079575596817,0.05128205128205128,0.24005305039787797
0.6483613817537643,0.061558901682905225,0.05181576616474756,0.2382639503985828
0.6413237924865832,0.06082289803220036,0.053220035778175315,0.24463327370304114
0.6276169265033408,0.062360801781737196,0.05612472160356347,0.25389755011135856
0.6244952893674294,0.059668012561686856,0.05697622252131,0.2588604755495738
0.6290537538871612,0.05597512216792536,0.05553087516659263,0.2594402487783207
0.6352624495289367,0.0547330641543293,0.05652759084791386,0.2534768954688201
0.6235929761368753,0.058982440342188205,0.055830706888788835,0.26159387663214767
0.623272403031654,0.06018724921979492,0.05260811413285778,0.2639322336156933
0.620415377817057,0.05788775961113566,0.05170128148475475,0.26999558108705257
0.6222910216718266,0.06015037593984962,0.05042016806722689,0.26713843432109685
0.6211649622054246,0.06047132058692752,0.053357047576700754,0.2650066696309471
0.6230529595015576,0.06141522029372497,0.04984423676012461,0.2656875834445928
0.6170970614425646,0.06233303650934995,0.04942119323241318,0.2711487088156723
0.6169372531812198,0.060114085125054846,0.04782799473453269,0.27512066695919263
0.6083072800357302,0.05895489057615007,0.05046895935685574,0.28226887003126394
0.6085011185682326,0.06129753914988814,0.049664429530201344,0.28053691275167786
0.6032947462154942,0.06144256455921639,0.047640249332146035,0.28762243989314334
0.6038989809481613,0.061586176340274704,0.047851129818342934,0.28666371289322107
0.6028431808085295,0.06086183918258552,0.047090182141270545,0.2892047978676144
0.5957638575935106,0.06128886885984678,0.0473186119873817,0.29562866155926093
0.5960766830138208,0.06107891217119929,0.04502897904592064,0.2978154257690593
0.6066964285714286,0.06205357142857143,0.04285714285714286,0.2883928571428571
0.5963506898086337,0.06186025812194036,0.044058744993324434,0.2977303070761015
0.5974313551815766,0.060673162090345435,0.04295837023914969,0.29893711248892824
0.5984949092518813,0.061531651173085435,0.04648074369189907,0.29349269588313415
0.5977678571428572,0.065625,0.046875,0.2897321428571429
0.6041852181656278,0.06277827248441674,0.0458593054318789,0.2871772039180766
0.598757212605415,0.06213936972924989,0.044829116733244564,0.29427430093209056
0.5993802567507747,0.06241699867197875,0.045595396193005754,0.2926073483842408
0.5923344947735192,0.0627177700348432,0.047038327526132406,0.2979094076655052
0.5921985815602837,0.060726950354609927,0.04609929078014184,0.30097517730496454
0.5857392825896763,0.06255468066491689,0.04461942257217848,0.30708661417322836
0.5774522858411008,0.06480248557478917,0.04749223257878384,0.31025299600532624
0.5801424755120214,0.06634016028495103,0.044968833481745324,0.3085485307212823
0.5792520035618878,0.06544968833481746,0.04452359750667854,0.3107747105966162
0.5721260541500222,0.06258322237017311,0.04704837993786063,0.3182423435419441
0.5778761061946903,0.05752212389380531,0.048230088495575224,0.3163716814159292
0.5806733712286839,0.057280279842588544,0.05203323130738959,0.310013117621338
0.5832963127498889,0.05242114615726344,0.05242114615726344,0.3118613949355842
0.5800981704596162,0.05220883534136546,0.05310129406514949,0.31459170013386883
0.58325952170062,0.049601417183348095,0.05225863596102746,0.3148804251550044
0.5786935554581324,0.04997807978956598,0.0526085050416484,0.3187198597106532
0.5768383971818583,0.04667547335975341,0.055041831792162044,0.32144429766622634
0.5748344370860927,0.045033112582781455,0.05562913907284768,0.32450331125827814
0.5756227758007118,0.046708185053380785,0.05382562277580071,0.3238434163701068
0.572508896797153,0.04581850533807829,0.05516014234875445,0.3265124555160142
0.5672645739910314,0.045291479820627804,0.05560538116591928,0.33183856502242154
0.566340160284951,0.04808548530721282,0.05654496883348174,0.3290293855743544
0.5681211041852182,0.04407836153161175,0.05654496883348174,0.3312555654496883
0.5644007155635062,0.044722719141323794,0.05813953488372093,0.33273703041144903
0.5668141592920354,0.04513274336283186,0.060619469026548675,0.3274336283185841
0.5687056737588653,0.0398936170212766,0.06161347517730496,0.32978723404255317
0.5629228687415426,0.041046459179070814,0.06585475868290483,0.3301759133964817
0.5584299732381802,0.03791257805530776,0.060660124888492414,0.3429973238180196
0.5690804087072412,0.037760995113282986,0.05819635717458907,0.3349622390048867
0.5666965085049239,0.03804834377797672,0.05595344673231871,0.3393017009847807
0.5641251652710445,0.03922432789775231,0.05597179374173645,0.34067871308946673
0.5575459023734886,0.0380653828929691,0.05553067622033139,0.3488580385132109
0.5622261174408414,0.04163014899211218,0.054776511831726556,0.3413672217353199
0.5572755417956656,0.0437859354268023,0.05661211853162318,0.3423264042459089
0.5613018279090504,0.04279982166740972,0.05572893446277307,0.34016941596076683
0.5671441360787824,0.04073410922112802,0.05461056401074306,0.3375111906893465
0.5661634103019538,0.041740674955595025,0.05284191829484902,0.3392539964476021
0.5688277087033747,0.041740674955595025,0.050621669626998225,0.338809946714032
0.5692717584369449,0.03685612788632327,0.052397868561278864,0.34147424511545293
0.5664893617021277,0.03634751773049645,0.047429078014184396,0.3497340425531915
0.57174688057041,0.03698752228163993,0.04768270944741533,0.34358288770053474
0.5686448184233835,0.03720106288751107,0.048715677590788306,0.3454384410983171
0.5636604774535809,0.03801945181255526,0.04862953138815208,0.34969053934571176
0.553475935828877,0.039661319073083776,0.05080213903743316,0.3560606060606061
0.5449288256227758,0.03959074733096085,0.04848754448398576,0.3669928825622776
0.5367483296213809,0.04053452115812917,0.05033407572383074,0.3723830734966592
0.5376391982182628,0.040979955456570155,0.049888641425389756,0.3714922048997773
0.5342895562528014,0.043478260869565216,0.047064096817570594,0.37516808606006274
0.5387700534759359,0.04144385026737968,0.04723707664884135,0.37254901960784315
0.535650623885918,0.040998217468805706,0.045454545454545456,0.3778966131907308
0.5314183123877917,0.043536804308797125,0.04757630161579892,0.3774685816876122
0.5257963212202782,0.043965903992821895,0.04800358905338717,0.3822341857335128
0.5201072386058981,0.04334226988382484,0.04736371760500447,0.38918677390527256
0.5157427937915743,0.04523281596452328,0.04700665188470066,0.3920177383592018
0.5136343316942333,0.047384890478319175,0.05006705409029951,0.38891372373714794
0.5107238605898123,0.043789097408400354,0.049597855227882036,0.3958891867739053
0.5115761353517364,0.04363312555654497,0.04853072128227961,0.396260017809439
0.5064703257474342,0.04194556001784917,0.05220883534136546,0.39937527889335117
0.5040358744394619,0.04125560538116592,0.04977578475336323,0.404932735426009
0.49823321554770317,0.04328621908127209,0.04858657243816254,0.4098939929328622
0.48853615520282184,0.04365079365079365,0.04894179894179894,0.41887125220458554
0.4856131031429836,0.04249667994687915,0.04648074369189907,0.42540947321823813
0.4811195024433585,0.041314971123944916,0.04886717014660151,0.4286983562860951
0.48323036187113855,0.040158870255957636,0.04766107678729038,0.4289496910856134
0.48313622426631625,0.037669732807709154,0.04730617608409987,0.43188786684187475
0.48738379814077026,0.03408587870739265,0.049136786188579015,0.4293935369632581
0.4866666666666667,0.03333333333333333,0.04755555555555555,0.43244444444444446
0.4817615658362989,0.03069395017793594,0.04715302491103203,0.4403914590747331
0.47987616099071206,0.03361344537815126,0.04820875718708536,0.4383016364440513
0.4766355140186916,0.03204272363150868,0.049399198931909215,0.44192256341789055
0.4764835164835165,0.03296703296703297,0.04923076923076923,0.4413186813186813
0.4725274725274725,0.03164835164835165,0.04923076923076923,0.44659340659340657
0.4726788094180364,0.03154153709462461,0.04975566414926699,0.44602398933807197
0.46734784540204355,0.03154153709462461,0.04797867614393603,0.45313194135939583
0.46502242152466366,0.03273542600896861,0.04484304932735426,0.45739910313901344
0.46269315673289185,0.030463576158940398,0.045916114790286976,0.4609271523178808
0.4632418069087688,0.030115146147032774,0.046058458813108945,0.46058458813108943
0.4600262123197903,0.02927042376583661,0.04456094364351245,0.4661424202708606
0.46164021164021163,0.03262786596119929,0.0427689594356261,0.46296296296296297
0.4568010633584404,0.03145768719539211,0.0460788657509969,0.4656623836951706
0.45466666666666666,0.032,0.04533333333333334,0.468
0.4478662560492741,0.032116146062472505,0.047074351077870655,0.47294324681038274
0.44661921708185054,0.03291814946619217,0.04804270462633452,0.4724199288256228
0.44757709251101324,0.033480176211453744,0.046255506607929514,0.4726872246696035
0.445868316394167,0.034025629695095004,0.04551480335837384,0.4745912505523641
0.4455270150575731,0.03587245349867139,0.04472984942426927,0.4738706820194863
0.45353490440195643,0.03201422854602046,0.04535349044019564,0.4690973766118275
0.44532979194333777,0.03408587870739265,0.04648074369189907,0.47410358565737054
0.44,0.035111111111111114,0.04844444444444444,0.47644444444444445
0.4318686196182867,0.03772747447847315,0.04837993786063027,0.48202396804260983
0.4388261851015801,0.03837471783295711,0.05011286681715576,0.47268623024830697
0.43820224719101125,0.037303370786516854,0.0498876404494382,0.47460674157303373
0.4369747899159664,0.03449800973020787,0.04909332153914197,0.47943387881468374
0.44095532950022115,0.0362671384343211,0.047766475011057054,0.4750110570544007
0.43788819875776397,0.0385980479148181,0.049689440993788817,0.4738243123336291
0.43805309734513276,0.0415929203539823,0.050442477876106194,0.46991150442477875
0.43681197710259795,0.041391457507705856,0.05195948921180097,0.4698370761778952
0.43663850600266785,0.03912850155624722,0.05202312138728324,0.4722098710538017
0.43300359712230213,0.03866906474820144,0.052158273381294966,0.4761690647482014
0.4297153024911032,0.04092526690391459,0.050266903914590745,0.4790925266903915
0.42704149933065594,0.036590807675145026,0.05176260597947345,0.48460508701472554
0.41881100266193433,0.0385980479148181,0.049689440993788817,0.49290150842945873
0.42521083000443854,0.03595206391478029,0.048823790501553485,0.49001331557922767
0.41932624113475175,0.03856382978723404,0.05053191489361702,0.49157801418439717
0.4148510449088484,0.0377945753668297,0.05380168963983993,0.493552690084482
0.41026766125493636,0.040368582711715666,0.05265467310223782,0.49670908293111016
0.4134871339840284,0.0385980479148181,0.05723158828748891,0.4906832298136646
0.4035008976660682,0.03904847396768402,0.05745062836624776,0.5
0.4010791366906475,0.03821942446043165,0.05620503597122302,0.5044964028776978
0.3936311366651924,0.04113224237063246,0.057938965059708095,0.5072976559044671
0.4029583146571044,0.041237113402061855,0.05737337516808606,0.49843119677274766
0.40452930728241565,0.03952042628774423,0.056838365896980464,0.4991119005328597
0.3951327433628319,0.03761061946902655,0.05398230088495575,0.5132743362831859
0.39077887197851385,0.03625783348254252,0.051924798567591766,0.5210384959713519
0.3866487455197133,0.035842293906810034,0.053763440860215055,0.5237455197132617
0.3890119627824546,0.035002215330084185,0.052281789986708016,0.5237040319007532
0.3886404293381038,0.03175313059033989,0.04964221824686941,0.5299642218246869
0.3915156871409633,0.028722934158197082,0.047724259832081305,0.5320371188687583
0.38334817453250225,0.030721282279608193,0.04452359750667854,0.5414069456812111
0.3814116615519509,0.029811486190267425,0.04734765453748356,0.5414291977202981
0.37962962962962965,0.031746031746031744,0.04585537918871252,0.5427689594356261
0.3713527851458886,0.03359858532272325,0.04376657824933687,0.5512820512820513
0.3746654772524532,0.034344335414808205,0.04192685102586976,0.5490633363068689
0.3735046521931768,0.03544528134692069,0.0407620735489588,0.5502879929109438
0.36460649177412185,0.03379279679857715,0.04357492218763895,0.5580257892396621
0.3617021276595745,0.034131205673758866,0.04299645390070922,0.5611702127659575
0.3619386393952868,0.03601600711427301,0.04357492218763895,0.5584704313028013
0.35869084475895624,0.038920831490490936,0.040689960194604156,0.5616983635559487
0.35714285714285715,0.03616071428571429,0.04017857142857143,0.5665178571428572
0.3594654788418708,0.03429844097995546,0.040979955456570155,0.5652561247216036
0.3544973544973545,0.03218694885361552,0.04144620811287478,0.5718694885361552
0.3506837229819144,0.032201146890163214,0.04455227172474636,0.572562858403176
0.34452296819787986,0.03445229681978799,0.04637809187279152,0.5746466431095406
0.34576568670469504,0.03334795963141729,0.046511627906976744,0.574374725756911
0.3450892857142857,0.033928571428571426,0.046875,0.5741071428571428
0.3433895297249335,0.03371783496007098,0.04480922803904171,0.5780834072759539
0.3452434122376061,0.03305046895935686,0.04198302813756141,0.5797230906654757
0.34073745002221234,0.033762772101288314,0.0422034651266104,0.5832963127498889
0.334675615212528,0.032662192393736016,0.04429530201342282,0.5883668903803132
0.3324432576769025,0.03337783711615487,0.04361370716510903,0.5905651980418336
0.33123312331233123,0.03285328532853286,0.045004500450045004,0.5909090909090909
0.3361569326794472,0.03299152920196166,0.04235399019170753,0.5884975479268837
0.32855221873599283,0.0340654415060511,0.043030031376064544,0.5943523083818916
0.3266309204647006,0.03798033958891868,0.0388739946380697,0.596514745308311
0.3311081441922563,0.03960836671117045,0.03649310191366266,0.5927903871829105
0.32358156028368795,0.041223404255319146,0.038120567375886524,0.5970744680851063
0.32360742705570295,0.04155614500442087,0.03669319186560566,0.5981432360742706
0.3190075321222862,0.04164820558263181,0.034116083296411165,0.6052281789986708
0.3177737881508079,0.0421903052064632,0.031867145421903054,0.6081687612208259
0.3184257602862254,0.042486583184257604,0.03041144901610018,0.6086762075134168
0.31609451627284885,0.041462327240303166,0.032545697726259475,0.6098974587605885
0.31466666666666665,0.043555555555555556,0.03422222222222222,0.6075555555555555
0.30575221238938055,0.04513274336283186,0.033185840707964605,0.6159292035398231
0.3077956989247312,0.044802867383512544,0.03494623655913978,0.6124551971326165
0.3122775800711744,0.045373665480427046,0.03469750889679715,0.6076512455516014
0.3139172965762561,0.04713205869275233,0.03423743886171632,0.6047132058692752
0.30516014234875444,0.04715302491103203,0.03558718861209965,0.6120996441281139
0.3011669658886894,0.047127468581687613,0.036355475763016155,0.6153500897666068
0.29708222811671087,0.046419098143236075,0.03359858532272325,0.6229000884173298
0.2943800178412132,0.04727921498661909,0.03300624442462088,0.6253345227475469
0.29403973509933773,0.04768211920529802,0.032229580573951436,0.6260485651214128
0.2958057395143488,0.04812362030905077,0.030022075055187638,0.6260485651214128
0.29267202859696156,0.04647006255585344,0.02993744414655943,0.6309204647006256
0.28857269897732324,0.04490884837705647,0.028012449977767896,0.6385060026678524
0.28354881854658937,0.045474810521622826,0.026749888542131076,0.6442264823896567
0.282792352156514,0.04357492218763895,0.026678523788350377,0.6469542018674966
0.2845779938135219,0.04639858594785683,0.02828104286345559,0.6407423773751657
0.28615794143744455,0.04480922803904171,0.026619343389529725,0.642413487133984
0.2878855610192222,0.044702726866338846,0.02682163611980331,0.6405900759946357
0.28793256433007985,0.0417036379769299,0.027950310559006212,0.642413487133984
0.2876712328767123,0.0410958904109589,0.028722934158197082,0.6425099425541316
0.2791005291005291,0.04365079365079365,0.029541446208112873,0.6477072310405644
0.28851291184327693,0.043187889581478185,0.031611754229741766,0.6366874443455031
0.29101475189986586,0.041573535985695124,0.031291908806437195,0.6361198033080018
0.2934637616718542,0.0426856380613606,0.030680302356602934,0.6331702979101823
0.2942497753818509,0.042228212039532795,0.03189577717879605,0.6316262353998203
0.28897849462365593,0.04032258064516129,0.03181003584229391,0.6388888888888888
0.2889581478183437,0.0396260017809439,0.03428317008014248,0.6371326803205699
0.292094685127289,0.0401965163019205,0.03573023671281822,0.6319785618579723
0.28859060402684567,0.03713646532438479,0.03534675615212528,0.6389261744966444
0.2905793896505971,0.03715170278637771,0.0362671384343211,0.6360017691287041
0.2940125111706881,0.03663985701519214,0.034405719392314564,0.6349419124218052
0.28698752228163993,0.03832442067736185,0.03431372549019608,0.6403743315508021
0.28738212842388866,0.04041311180960934,0.032330489447687474,0.6398742703188145
0.2905405405405405,0.04009009009009009,0.03198198198198198,0.6373873873873874
0.2954442940911141,0.037889039242219216,0.02931889941362201,0.6373477672530447
0.28742780986228345,0.03642825410928476,0.030208796090626388,0.6459351399378054
0.29317980513728964,0.034100974313551816,0.02878653675819309,0.6439326837909655
0.2885042166000888,0.03595206391478029,0.029738126941855306,0.6458055925432756
0.28755555555555556,0.03422222222222222,0.032,0.6462222222222223
0.28138913624220835,0.033392698130008905,0.032056990204808546,0.6531611754229741
0.2852033974072418,0.033974072418417524,0.029950827000447027,0.6508717031738936
0.2903368794326241,0.03280141843971631,0.02969858156028369,0.6471631205673759
0.2881280569141841,0.03334815473543797,0.029346376167185415,0.6491774121831926
0.2823581560283688,0.03590425531914894,0.026152482269503546,0.6555851063829787
0.2919448153093013,0.036048064085447265,0.0258121940364931,0.6461949265687583
0.28906595838866755,0.03497122620628597,0.02390438247011952,0.6520584329349269
0.27827248441674085,0.034728406055209264,0.024933214603739984,0.6620658949243099
0.2701021768103065,0.034207019102621056,0.023989338071968014,0.6717014660151044
0.27036547776309994,0.03258476442095993,0.023337736679876705,0.6737120211360634
0.27087033747779754,0.03330373001776199,0.02486678507992895,0.6709591474245116
0.2675301473872264,0.033497096918267084,0.023224653863331845,0.6757481018311746
0.26900844819919967,0.03201422854602046,0.024899955535793685,0.6740773677189862
0.2670807453416149,0.030612244897959183,0.025732031943212066,0.6765749778172139
0.27099911582670205,0.029177718832891247,0.026083112290008842,0.6737400530503979
0.26436781609195403,0.02961980548187445,0.02475685234305924,0.6812555260831122
0.26040268456375837,0.028187919463087248,0.02774049217002237,0.6836689038031319
0.2583074878156845,0.02924235711120957,0.02702702702702703,0.6854231280460789
0.2556995976754582,0.029056772463120252,0.028609745194456863,0.6866338846669647
0.24876293297345928,0.031938821412505626,0.0310391363022942,0.6882591093117408
0.2511170688114388,0.031724754244861486,0.03306523681858802,0.6840929401251117
0.2475770925110132,0.029515418502202642,0.03259911894273128,0.6903083700440529
0.2481335090030742,0.030303030303030304,0.03293807641633729,0.6886253842775582
0.24933569530558017,0.030558015943312665,0.0354295837023915,0.6846767050487157
0.24944909651829,0.03129131776112825,0.03349493168796827,0.6857646540326134
0.24543429844097994,0.030734966592427616,0.033853006681514475,0.689977728285078
0.242263483642794,0.03138815207780725,0.034924845269672856,0.6914235190097259
0.24669020300088262,0.03662842012356576,0.03486319505736982,0.6818181818181818
0.25132978723404253,0.03546099290780142,0.03368794326241135,0.6795212765957447
0.24533333333333332,0.035555555555555556,0.03333333333333333,0.6857777777777778
0.2445239159588735,0.031291908806437195,0.03352704514975414,0.6906571300849352
0.24168514412416853,0.02926829268292683,0.032815964523281595,0.6962305986696231
0.2447521214828048,0.02813756141134435,0.03439035283608754,0.6927199642697632
0.24157801418439717,0.0274822695035461,0.030585106382978722,0.700354609929078
0.2398945518453427,0.028558875219683654,0.0320738137082601,0.6994727592267135
0.2373180414644905,0.02999558888398765,0.033083370092633436,0.6996029995588884
0.2410279131590607,0.030571555161719097,0.033673017279574655,0.6947275143996455
0.24413976116762495,0.03228659885006634,0.033171163202122954,0.6904024767801857
0.24545051043053706,0.03462050599201065,0.032401242787394584,0.6875277407900577
0.24437582708425232,0.033083370092633436,0.03352448169386855,0.6890163211292457
0.24235711120957024,0.033673017279574655,0.03322995126273815,0.6907399202481169
0.24460114587924195,0.03261348611723226,0.03349493168796827,0.6892904363155575
0.2429781542576906,0.03611234953187695,0.029870708872046365,0.6910387873383861
0.2396109637488948,0.034924845269672856,0.029177718832891247,0.6962864721485411
0.23423026025584473,0.03440670489633877,0.030436700485222762,0.7009263343625938
0.23555166374781086,0.03415061295971979,0.0297723292469352,0.7005253940455342
0.23443060498220641,0.03202846975088968,0.03069395017793594,0.702846975088968
0.2364774251229325,0.03173893607510058,0.029056772463120252,0.7027268663388466
0.23931247245482593,0.031732040546496254,0.02996914940502424,0.6989863375936536
0.2345073562193491,0.030762371823450735,0.029424877396344182,0.705305394560856
0.2315882874889086,0.029724933451641525,0.029724933451641525,0.7089618456078084
0.22972380534853135,0.03024989039894783,0.029811486190267425,0.7102148180622534
0.23259911894273128,0.029515418502202642,0.03127753303964758,0.7066079295154185
0.23138653588943378,0.028979045920642,0.03522068658047258,0.7044137316094516
0.2303595206391478,0.027075011096316024,0.033732800710164226,0.7088326675543719
0.23445190156599552,0.027293064876957495,0.033109619686800894,0.7051454138702461
0.23312611012433393,0.02797513321492007,0.03063943161634103,0.7082593250444049
0.22936189201249443,0.029451137884872823,0.02989736724676484,0.711289602855868
0.2337317397078353,0.03275785745905268,0.03142983621071271,0.7020805666223993
0.2257346393588602,0.032056990204808546,0.030276046304541407,0.7119323241317899
0.22138084632516702,0.033853006681514475,0.030734966592427616,0.7140311804008909
0.22453498671390612,0.033215234720992026,0.03100088573959256,0.7112488928255093
0.22419928825622776,0.03336298932384341,0.03069395017793594,0.7117437722419929
0.22012302284710017,0.032952548330404216,0.030755711775043937,0.7161687170474517
0.22330527248560036,0.034559149313247675,0.03145768719539211,0.7106778910057598
0.22446236559139784,0.036738351254480286,0.03046594982078853,0.7083333333333334
0.2237017310252996,0.036395916555703504,0.033288948069241014,0.7066134043497558
0.22380106571936056,0.03463587921847247,0.03463587921847247,0.7069271758436945
0.2193176783340718,0.03145768719539211,0.0358883473637572,0.7133362871067789
0.22034651266103955,0.03065304309195913,0.03598400710795202,0.7130164371390493
0.21955555555555556,0.030222222222222223,0.03422222222222222,0.716
0.2205947625388371,0.033288948069241014,0.032401242787394584,0.7137150466045273
0.21919642857142857,0.03616071428571429,0.03214285714285714,0.7125
0.221875,0.03571428571428571,0.029017857142857144,0.7133928571428572
0.22291296625222023,0.03507992895204263,0.02797513321492007,0.7140319715808171
0.223841059602649,0.03708609271523179,0.030463576158940398,0.7086092715231788
0.22341376228775692,0.036193029490616625,0.030831099195710455,0.709562109025916
0.21914132379248658,0.03622540250447227,0.03175313059033989,0.7128801431127012
0.22801590808661068,0.0344675209898365,0.032699955810870526,0.7048166151126822
0.22560429722470904,0.03760071620411817,0.03357206803939123,0.7032229185317815
0.21912350597609562,0.03762726870296591,0.033200531208499334,0.7100486941124391
0.21735241502683364,0.03711985688729875,0.03264758497316637,0.7128801431127012
0.22439024390243903,0.03458980044345898,0.030598669623059866,0.7104212860310422
0.23171806167400882,0.03303964757709251,0.028193832599118944,0.7070484581497798
0.22833260008798945,0.032996040475142985,0.026396832380114386,0.7122745270567532
0.22519754170324846,0.03292361720807726,0.02633889376646181,0.7155399473222125
0.22436184505150022,0.03179579041648007,0.026869682042095836,0.7169726824899239
0.22418358340688438,0.02912621359223301,0.02559576345984113,0.7210944395410415
0.2267493356953056,0.027900797165633304,0.02878653675819309,0.7165633303808681
0.2256913470115968,0.027207850133809098,0.028991971454058876,0.7181088314005353
0.22093541202672606,0.030734966592427616,0.030734966592427616,0.7175946547884187
0.21508255243195,0.030789825970548863,0.03302097278000892,0.7211066488174922
0.2113929684023142,0.029372496662216287,0.03337783711615487,0.7258566978193146
0.20977140295831465,0.029583146571044376,0.033617212012550426,0.7270282384580905
0.21073646850044367,0.027062999112688554,0.030168589174800354,0.7320319432120674
0.20549158547387067,0.02612931798051373,0.03188662533215235,0.7364924712134633
0.2031111111111111,0.027555555555555555,0.033777777777777775,0.7355555555555555
0.19857840959573522,0.027099067081297203,0.03109729009329187,0.7432252332296757
0.19432120674356698,0.027506654835847383,0.030612244897959183,0.7475598935226264
0.1982261640798226,0.0270509977827051,0.029711751662971176,0.7450110864745011
0.1931918656056587,0.027851458885941646,0.03094606542882405,0.7480106100795756
0.19599109131403117,0.025389755011135856,0.029398663697104678,0.7492204899777283
0.1956425077812361,0.024455313472654512,0.03023566029346376,0.7496665184526456
0.2040636042402827,0.026943462897526502,0.028268551236749116,0.7407243816254417
0.20078740157480315,0.028871391076115485,0.02974628171478565,0.7405949256342957
0.2058692752334371,0.026678523788350377,0.030680302356602934,0.7367718986216096
0.2071111111111111,0.02711111111111111,0.030222222222222223,0.7355555555555555
0.20577777777777778,0.028444444444444446,0.029333333333333333,0.7364444444444445
0.208955223880597,0.027216856892010536,0.028533801580333626,0.7352941176470589
0.20569902048085487,0.028495102404274265,0.03294746215494212,0.7328584149599288
0.20669642857142856,0.027678571428571427,0.029910714285714287,0.7357142857142858
0.20500223313979454,0.027690933452434122,0.02992407324698526,0.7373827601607861
0.20256523662096418,0.02786377708978328,0.0291906236178682,0.7403803626713843
0.2010652463382157,0.029738126941855306,0.029738126941855306,0.7394584997780737
0.20275066548358472,0.031055900621118012,0.029724933451641525,0.7364685004436557
0.20277529095792302,0.03178155774395703,0.02864816472694718,0.7367949865711728
0.19527418635755683,0.03120820329915292,0.026749888542131076,0.7467677218011591
0.19734513274336282,0.030530973451327433,0.028761061946902654,0.7433628318584071
0.19513274336283185,0.033628318584070796,0.02920353982300885,0.7420353982300885
0.1917989417989418,0.031746031746031744,0.028659611992945325,0.7477954144620811
0.1895395619132767,0.03352704514975414,0.02682163611980331,0.7501117568171658
0.19647577092511012,0.033480176211453744,0.027753303964757708,0.7422907488986784
0.19135802469135801,0.03262786596119929,0.027336860670194002,0.7486772486772487
0.1896629213483146,0.03280898876404494,0.02606741573033708,0.7514606741573033
0.184,0.03111111111111111,0.024888888888888887,0.76
0.18655387355298308,0.030276046304541407,0.02226179875333927,0.7609082813891362
0.18938053097345134,0.030973451327433628,0.02256637168141593,0.7570796460176992
0.19618286728806036,0.028406569019085663,0.022192632046160676,0.7532179316466933
0.19623655913978494,0.027329749103942653,0.021057347670250897,0.7553763440860215
0.19448213478064225,0.027589326096788783,0.02125734961555857,0.7566711895070104
0.19795373665480426,0.027580071174377226,0.023131672597864767,0.7513345195729537
0.1974438078448656,0.027765535478184222,0.02600264433671221,0.748788012340238
0.19875776397515527,0.026619343389529725,0.026175687666370896,0.7484472049689441
0.1983065953654189,0.027183600713012478,0.026737967914438502,0.7477718360071302
0.19955555555555557,0.02666666666666667,0.026222222222222223,0.7475555555555555
0.1931216931216931,0.028659611992945325,0.02601410934744268,0.7522045855379189
0.1919463087248322,0.030425055928411632,0.026398210290827742,0.7512304250559284
0.19011576135351738,0.030276046304541407,0.025823686553873553,0.7537845057880677
0.19373601789709172,0.02953020134228188,0.02371364653243848,0.7530201342281879
0.19271290605794555,0.028094820017559263,0.0228270412642669,0.7563652326602283
0.1904549509366637,0.030330062444246207,0.0231935771632471,0.756021409455843
0.19222271321254972,0.029606716747680072,0.023862129916040652,0.7543084401237296
0.18986216096042685,0.028012449977767896,0.024899955535793685,0.7572254335260116
0.1927288655278143,0.02847130968024529,0.026719229084537888,0.7520805957074025
0.1879135421261579,0.029554477282752536,0.029113365681517425,0.7534186149095721
0.1892252894033838,0.030721282279608193,0.02894033837934105,0.751113089937667
0.18980667838312829,0.0320738137082601,0.027680140597539545,0.7504393673110721
0.1910013233348037,0.031760035288928096,0.026025584472871635,0.7512130569033966
0.19128113879003558,0.030249110320284697,0.025355871886120998,0.7531138790035588
0.1948109058927001,0.029023746701846966,0.027264731750219876,0.748900615655233
0.19734513274336282,0.02831858407079646,0.02920353982300885,0.7451327433628319
0.19796730004418914,0.03049049933716306,0.028722934158197082,0.7428192664604507
0.1955282770714599,0.029373081981587022,0.027181060938185005,0.7479175800087681
0.19353410097431356,0.031443755535872454,0.027015057573073518,0.7480070859167405
0.19390459363957596,0.03312720848056537,0.026060070671378093,0.7469081272084805
0.1896551724137931,0.034924845269672856,0.026525198938992044,0.748894783377542
0.19017857142857142,0.033482142857142856,0.026785714285714284,0.7495535714285714
0.18395390070921985,0.030141843971631204,0.027039007092198582,0.7588652482269503
0.1883289124668435,0.03183023872679045,0.026525198938992044,0.753315649867374
0.18441901408450703,0.03125,0.026848591549295774,0.7574823943661971
0.1850044365572316,0.030612244897959183,0.027506654835847383,0.7568766637089619
0.18516873889875665,0.02975133214920071,0.02708703374777975,0.7579928952042628
0.1865605658709107,0.029177718832891247,0.026967285587975242,0.7572944297082228
0.17882562277580072,0.02891459074733096,0.026690391459074734,0.7655693950177936
0.18521816562778273,0.026714158504007122,0.02804986642920748,0.7600178094390027
0.19119608714984437,0.028012449977767896,0.02712316585148955,0.7536682970208982
0.19020300088261252,0.030450132391879964,0.026919682259488084,0.7524271844660194
0.18908296943231442,0.029694323144104803,0.028384279475982533,0.7528384279475983
0.1858719646799117,0.02781456953642384,0.02913907284768212,0.7571743929359823
0.18669623059866963,0.0270509977827051,0.02926829268292683,0.7569844789356984
0.183709606020363,0.027003098716246128,0.03142983621071271,0.7578574590526782
0.18149934239368698,0.0263042525208242,0.029811486190267425,0.7623849188952214
0.18116591928251122,0.028699551569506727,0.030493273542600896,0.7596412556053812
0.17681030653043092,0.027099067081297203,0.03109729009329187,0.76499333629498
0.18093983311374615,0.026350461133069828,0.029863855950812472,0.7628458498023716
0.18133333333333335,0.025333333333333333,0.032,0.7613333333333333
0.1743978590544157,0.02408563782337199,0.03256021409455843,0.7689562890276539
0.17121144389807777,0.025033527045149755,0.03173893607510058,0.7720160929816718
0.1714158504007124,0.024487978628673197,0.032056990204808546,0.7720391807658059
0.17150513622152747,0.023224653863331845,0.030370701205895488,0.7748995087092452
0.17109929078014185,0.02526595744680851,0.03102836879432624,0.7726063829787234
0.16608238387379493,0.025854513584574933,0.031989482909728306,0.7760736196319018
0.16733422340898976,0.028037383177570093,0.032487761459724075,0.7721406319537161
0.16949910554561717,0.025044722719141325,0.03398926654740608,0.7714669051878354
0.17324561403508773,0.025,0.029385964912280703,0.7723684210526316
0.1780821917808219,0.025187803800265134,0.029606716747680072,0.7671232876712328
0.17371937639198218,0.025389755011135856,0.029398663697104678,0.7714922048997773
0.18165706690296854,0.02525476295968099,0.02702702702702703,0.7660611431103235
