R,A,S,N
0.0,0.0,1.0,0.0
0.0,0.0,1.0,0.0
0.4,0.0,0.6,0.0
0.625,0.0,0.375,0.0
0.5625,0.0,0.4375,0.0
0.6363636363636364,0.0,0.36363636363636365,0.0
0.6428571428571429,0.0,0.2857142857142857,0.07142857142857142
0.65,0.0,0.25,0.1
0.6666666666666666,0.028985507246376812,0.17391304347826086,0.13043478260869565
0.631578947368421,0.031578947368421054,0.17894736842105263,0.15789473684210525
0.5984251968503937,0.03937007874015748,0.16535433070866143,0.1968503937007874
0.5345911949685535,0.03773584905660377,0.18238993710691823,0.24528301886792453
0.5247524752475248,0.039603960396039604,0.16336633663366337,0.2722772277227723
0.4763779527559055,0.051181102362204724,0.14960629921259844,0.3228346456692913
0.4779874213836478,0.050314465408805034,0.14150943396226415,0.330188679245283
0.46825396825396826,0.05026455026455026,0.14285714285714285,0.3386243386243386
0.46255506607929514,0.05506607929515418,0.13876651982378854,0.3436123348017621
0.4462962962962963,0.07037037037037037,0.14074074074074075,0.3425925925925926
0.45354330708661417,0.07244094488188976,0.13543307086614173,0.33858267716535434
0.4325767690253672,0.08277703604806408,0.14552736982643524,0.3391188251001335
0.4179456906729634,0.09327036599763873,0.14521841794569068,0.3435655253837072
0.40943193997856375,0.10396570203644159,0.14040728831725616,0.3461950696677385
0.4037735849056604,0.1009433962264151,0.14433962264150943,0.35094339622641507
0.39815590947191953,0.10561609388097234,0.1399832355406538,0.3562447611064543
0.39770114942528734,0.11570881226053639,0.13946360153256704,0.3471264367816092
0.3969957081545064,0.11731044349070101,0.1380543633762518,0.34763948497854075
0.38517538054268696,0.12309728656518862,0.13500992720052946,0.356717405691595
0.3749235474006116,0.12293577981651377,0.1327217125382263,0.3694189602446483
0.3656462585034014,0.12585034013605442,0.13321995464852607,0.37528344671201813
0.3605847319978343,0.1261505143475907,0.12939902544667028,0.3838657282079047
0.35806953814218995,0.12558380902957966,0.12610275038920601,0.3902439024390244
0.35299950421417947,0.12989588497768964,0.12592959841348536,0.3911750123946455
0.34560906515580736,0.13031161473087818,0.12039660056657224,0.40368271954674223
0.34400731930466605,0.13083257090576395,0.11985361390667887,0.40530649588289114
0.33662034961900494,0.1344688480502017,0.11519497982967279,0.4137158225011206
0.33584070796460175,0.13849557522123893,0.11504424778761062,0.41061946902654867
0.33736559139784944,0.14695340501792115,0.11514336917562724,0.40053763440860213
0.3394980184940555,0.14046675473359754,0.11096433289299867,0.4090708938793483
0.34359876814782225,0.139463264408271,0.1117465904091509,0.40519137703475583
0.33818984547461367,0.13774834437086092,0.11479028697571744,0.40927152317880794
0.3434077967586509,0.1375383267630311,0.1073149364870784,0.4117389399912396
0.3484042553191489,0.1351950354609929,0.1077127659574468,0.40868794326241137
0.3554670208056662,0.1341301460823373,0.10402833111996458,0.4063745019920319
0.35870048954161105,0.1308411214953271,0.1041388518024032,0.40631953716065866
0.35362061306086184,0.13194135939582408,0.10173256330519768,0.4127054642381164
0.35622507753655297,0.13070447496677004,0.10456357997341603,0.408506867523261
0.35975341259357113,0.13474240422721268,0.10171730515191546,0.40378687802730073
0.3618246235606732,0.13463241806908768,0.09920283436669619,0.40434012400354297
0.35929203539823007,0.1336283185840708,0.09911504424778761,0.4079646017699115
0.3621071270473661,0.13368747233289066,0.10004426737494466,0.4041611332447986
0.35809018567639256,0.1374889478337754,0.09991158267020336,0.40450928381962864
0.3562966213251426,0.13821851689337428,0.09653356735410268,0.40895129442738043
0.3522927689594356,0.1437389770723104,0.09656084656084656,0.4074074074074074
0.35090030742204653,0.14712340799297322,0.09749670619235837,0.4044795783926219
0.3488168273444347,0.14329535495179668,0.0985977212971078,0.4092900964066608
0.3513394817742644,0.1427316644707949,0.09969257795344752,0.4062362758014932
0.34763379035824854,0.14241486068111456,0.1021671826625387,0.40778416629809816
0.3472711267605634,0.136443661971831,0.10255281690140845,0.4137323943661972
0.3480392156862745,0.1354723707664884,0.09893048128342247,0.4175579322638146
0.3476169654569305,0.1386095321381723,0.09663314385658067,0.41714035854831655
0.35320088300220753,0.1337748344370861,0.09624724061810154,0.41677704194260484
0.3565484012264564,0.13272010512483573,0.09636443276390715,0.4143670608848007
0.35717439293598235,0.13112582781456952,0.09315673289183223,0.4185430463576159
0.357773851590106,0.1338339222614841,0.09098939929328621,0.4174028268551237
0.36777041942604854,0.13200883002207506,0.08962472406181016,0.4105960264900662
0.362363238512035,0.12954048140043764,0.09321663019693655,0.4148796498905908
0.3626666666666667,0.12977777777777777,0.092,0.41555555555555557
0.3656716417910448,0.1264266900790167,0.08911325724319578,0.41878841088674273
0.3552515445719329,0.12797881729920565,0.09223300970873786,0.4245366284201236
0.3617957746478873,0.12147887323943662,0.08890845070422536,0.4278169014084507
0.3637577916295637,0.12733748886910062,0.08593054318788958,0.42297417631344614
0.3683510638297872,0.1254432624113475,0.08333333333333333,0.4228723404255319
0.3728963684676705,0.1262178919397697,0.08193091231178033,0.41895482728077943
0.37257495590828926,0.12433862433862433,0.08024691358024691,0.4228395061728395
0.37285902503293805,0.1251646903820817,0.08124725516029864,0.4207290294246816
0.36874723328906595,0.13191677733510404,0.08277999114652501,0.416555998229305
0.36697653829127935,0.12571934484285083,0.0818946436476317,0.42540947321823813
0.365093499554764,0.12733748886910062,0.085040071237756,0.42252894033837934
0.3643106457242583,0.1330715532286213,0.08333333333333333,0.4192844677137871
0.354419410745234,0.13518197573656845,0.08535528596187175,0.42504332755632585
0.3544809228039042,0.13753327417923691,0.08695652173913043,0.4210292812777285
0.35789938217122685,0.13901147396293026,0.08384819064430715,0.41924095322153576
0.361074416556583,0.13210039630118892,0.083223249669749,0.4236019374724791
0.35476718403547675,0.13348115299334812,0.08514412416851441,0.4266075388026608
0.3582089552238806,0.13257243195785778,0.08516242317822652,0.4240561896400351
0.3589515770768547,0.13460684140382054,0.08085295424255887,0.4255886272767659
0.3595059550066167,0.13542126157917952,0.08425231583590649,0.42082046757829733
0.36134453781512604,0.13533834586466165,0.07916850950906679,0.4241486068111455
0.36930561698363557,0.13445378151260504,0.07828394515701018,0.4179566563467492
0.3676081200353045,0.1354810238305384,0.07855251544571933,0.4183583406884378
0.3710467706013363,0.13942093541202671,0.07706013363028953,0.41247216035634743
0.36403508771929827,0.1412280701754386,0.07587719298245614,0.41885964912280704
0.362758014931928,0.1414141414141414,0.07378129117259552,0.4220465524813351
0.367816091954023,0.14058355437665782,0.07250221043324491,0.41909814323607425
0.36323658751099386,0.1455584872471416,0.07255936675461741,0.41864555848724716
0.3612450679526523,0.14993423936869793,0.07189829022358615,0.41692240245506357
0.35711120957022596,0.14443952148870182,0.07399202481169695,0.4244572441293753
0.35452103849597133,0.14726947179946284,0.0747538048343778,0.423455684870188
0.36103781882145997,0.14951627088830255,0.07563764291996482,0.41380826737027265
0.36112329969284773,0.15225976305397104,0.07371654234313295,0.41290039491004826
0.35991189427312775,0.14889867841409693,0.07885462555066079,0.4123348017621145
0.36131868131868133,0.1476923076923077,0.07648351648351648,0.4145054945054945
0.35954063604240283,0.15415194346289754,0.07862190812720848,0.4076855123674912
0.3648468708388815,0.151797603195739,0.07989347536617843,0.40346205059920104
0.36194690265486723,0.1579646017699115,0.08008849557522124,0.4
0.3754370629370629,0.1486013986013986,0.0826048951048951,0.39335664335664333
0.376,0.1511111111111111,0.08222222222222222,0.39066666666666666
0.37859354268023,0.15037593984962405,0.08359133126934984,0.3874391862007961
0.3790358248562583,0.15214506855373727,0.07961079168509509,0.3892083149049093
0.388646288209607,0.15065502183406113,0.07860262008733625,0.38209606986899564
0.3790820829655781,0.15489849955869373,0.07546337157987644,0.39055604589585174
0.3863736263736264,0.15604395604395604,0.07296703296703297,0.38461538461538464
0.39157427937915745,0.14900221729490024,0.07184035476718403,0.3875831485587583
0.39629302736098854,0.1500441306266549,0.06884377758164166,0.3848190644307149
0.39505081749889526,0.15112682280159082,0.06937693327441449,0.38444542642509943
0.39211342490031015,0.1537439078422685,0.0669029685423128,0.38723969871510855
0.3938189845474614,0.15408388520971303,0.06445916114790287,0.38763796909492276
0.39596136962247586,0.1549604916593503,0.061018437225636525,0.3880597014925373
0.39019001325673885,0.15554573574900574,0.0618647812638091,0.3923994697304463
0.3914590747330961,0.1619217081850534,0.059608540925266906,0.38701067615658363
0.3935226264418811,0.16104702750665484,0.05944986690328305,0.385980479148181
0.3847173144876325,0.1603356890459364,0.055212014134275615,0.3997349823321555
0.3806767586821015,0.15761353517364202,0.058771148708815675,0.40293855743544077
0.37935597706219676,0.15703573003970003,0.05955006616674018,0.40405822673136305
0.3800964489259097,0.1551950898728628,0.058746163963174045,0.4059622972380535
0.3839050131926121,0.16094986807387862,0.058927000879507474,0.39621811785400174
0.37994722955145116,0.16314863676341249,0.0584872471416007,0.39841688654353563
0.3787878787878788,0.16443850267379678,0.06194295900178253,0.3948306595365419
0.3826395039858282,0.16386182462356066,0.06465899025686449,0.3888396811337467
0.38600352112676056,0.1637323943661972,0.0625,0.38776408450704225
0.39014647137150466,0.1584553928095872,0.06169551708832668,0.38970261873058143
0.3926056338028169,0.15669014084507044,0.06382042253521127,0.38688380281690143
0.3992948435434112,0.1502864698104892,0.060379021595416485,0.3900396650506831
0.39928857269897733,0.15073365940417963,0.06625166740773678,0.38372610048910627
0.4074561403508772,0.1456140350877193,0.06447368421052632,0.3824561403508772
0.410323709536308,0.14216972878390202,0.06649168853893263,0.3810148731408574
0.413854351687389,0.1380994671403197,0.06261101243339254,0.38543516873889877
0.4133928571428571,0.13616071428571427,0.06473214285714286,0.38571428571428573
0.4206805125939019,0.13566062748563854,0.0627485638532921,0.3809102960671675
0.4191404519273372,0.13159060700044306,0.06380150642445724,0.3854674346477625
0.41096491228070176,0.13289473684210526,0.06491228070175438,0.3912280701754386
0.4172504378283713,0.13134851138353765,0.063922942206655,0.38747810858143605
0.4113257243195786,0.13081650570676032,0.06321334503950835,0.39464442493415275
0.413854351687389,0.12477797513321492,0.06394316163410302,0.39742451154529307
0.41079199303742386,0.12924281984334204,0.06744995648389904,0.39251523063533506
0.41743320192728867,0.1287779237844941,0.0657030223390276,0.38808585194918965
0.4103794156127344,0.12996075010902747,0.06628870475359791,0.3933711295246402
0.41415929203539825,0.12787610619469025,0.06902654867256637,0.38893805309734514
0.4160714285714286,0.128125,0.06607142857142857,0.38973214285714286
0.4195710455764075,0.13136729222520108,0.06523681858802502,0.3838248436103664
0.41884122069880586,0.13887660327288812,0.06501547987616099,0.3772666961521451
0.4240953221535746,0.13415710503089143,0.06310679611650485,0.3786407766990291
0.4276286845578531,0.13682358117025956,0.05807303123625165,0.37747470303563574
0.42951541850220265,0.13656387665198239,0.05506607929515418,0.3788546255506608
0.42541924095322153,0.1319505736981465,0.05383936451897617,0.38879082082965577
0.4277456647398844,0.1347265451311694,0.057803468208092484,0.3797243219208537
0.43157894736842106,0.13289473684210526,0.05701754385964912,0.3785087719298246
0.43919821826280625,0.13496659242761694,0.054788418708240534,0.3710467706013363
0.4412937527691626,0.13469206911829862,0.056712450155073105,0.3673017279574657
0.43945398502862176,0.13694407749889917,0.05636283575517393,0.36723910171730517
0.4377492246344705,0.13513513513513514,0.05804164820558263,0.36907399202481167
0.43856580673371226,0.12811543506777437,0.05596851770878881,0.37735024048972454
0.4454186760192898,0.12713722051731696,0.05611573871109163,0.37132836475230163
0.44063324538258575,0.12708883025505716,0.060246262093227795,0.3720316622691293
0.4370008873114463,0.12821650399290152,0.06033717834960071,0.3744454303460515
0.44139761167624947,0.12737726669615215,0.06015037593984962,0.3710747456877488
0.43649061545176776,0.12701876909646442,0.05892623308598865,0.37756438236577916
0.43595406360424027,0.12676678445229683,0.060954063604240286,0.3763250883392226
0.44078361531611754,0.12377560106856635,0.06233303650934995,0.37310774710596617
0.4335540838852097,0.1262693156732892,0.060485651214128036,0.37969094922737306
0.43242049469964666,0.12367491166077739,0.062279151943462896,0.38162544169611307
0.432,0.12222222222222222,0.064,0.38177777777777777
0.4289520426287744,0.12255772646536411,0.06127886323268206,0.3872113676731794
0.4281291463954003,0.12605042016806722,0.05926581158779301,0.3865546218487395
0.4287598944591029,0.12884784520668427,0.06112576956904134,0.3812664907651715
0.43242049469964666,0.12941696113074205,0.06051236749116608,0.37765017667844525
0.4343654600959442,0.13083296990841692,0.056694286960314,0.3781072830353249
0.4366505918456817,0.12450679526523455,0.05830775975449364,0.38053485313459007
0.4331574318381706,0.12620932277924363,0.05452946350043975,0.386103781882146
0.4318281455501973,0.1297676457693994,0.051731696624287594,0.38667251205611575
0.43495575221238936,0.1336283185840708,0.04911504424778761,0.3823008849557522
0.44121532364597094,0.13210039630118892,0.05328049317481286,0.3734037868780273
0.4448382809038547,0.13469206911829862,0.051395657953035,0.36907399202481167
0.4409171075837742,0.13315696649029982,0.05555555555555555,0.37037037037037035
0.4313465783664459,0.1403973509933775,0.05739514348785872,0.3708609271523179
0.43476318141197495,0.13717605004468275,0.05451295799821269,0.3735478105451296
0.4377474703035636,0.13770347558293006,0.05675318961724593,0.36779586449626045
0.4353982300884956,0.13805309734513274,0.05486725663716814,0.37168141592920356
0.43457330415754925,0.14179431072210066,0.054266958424507655,0.36936542669584244
0.4329942503317116,0.14374170720919946,0.05484298982750995,0.3684210526315789
0.43898156277436345,0.1382791922739245,0.0553116769095698,0.3674275680421422
0.44522657281126266,0.14122305323361198,0.04927408710954685,0.36427628684557856
0.44847412649270235,0.13047324192835028,0.04820875718708536,0.372843874391862
0.45354469396741526,0.12681638044914134,0.04667547335975341,0.37296345222369
0.45135845749342685,0.12839614373356706,0.04645048203330412,0.373794916739702
0.4524125719344843,0.12749003984063745,0.051350154935812305,0.36874723328906595
0.453781512605042,0.1238390092879257,0.0508624502432552,0.3715170278637771
0.4566755083996463,0.1242263483642794,0.05526083112290009,0.36383731211317416
0.4548641542506573,0.12532865907099036,0.05521472392638037,0.36459246275197194
0.4549846288976724,0.12604303908651734,0.05138339920948617,0.3675889328063241
0.463339222614841,0.12588339222614842,0.05167844522968198,0.3590989399293286
0.4642541924095322,0.1266548984995587,0.05383936451897617,0.3552515445719329
0.461369622475856,0.1237928007023705,0.0553116769095698,0.3595258999122037
0.46532045654082527,0.12598770851624233,0.053555750658472345,0.35513608428446003
0.462582056892779,0.12997811816192562,0.05032822757111598,0.3571115973741794
0.46527159394479073,0.12822796081923418,0.048975957257346395,0.3575244879786287
0.47537379067722074,0.1279683377308707,0.044415127528583995,0.35224274406332456
0.47175639894086496,0.1319505736981465,0.0441306266548985,0.35216240070609
0.46633972358448506,0.13508693713776193,0.041462327240303166,0.3571110120374498
0.46887244231606445,0.12712233347845014,0.04222899434044406,0.3617762298650414
0.46096491228070174,0.12894736842105264,0.04649122807017544,0.3635964912280702
0.4584426946631671,0.1272965879265092,0.048118985126859144,0.3661417322834646
0.4601063829787234,0.13031914893617022,0.047872340425531915,0.3617021276595745
0.46061946902654866,0.13185840707964602,0.04601769911504425,0.36150442477876105
0.46690048224462954,0.12494519947391496,0.048224462954844366,0.35992985532661115
0.46645935139937805,0.12661039537983118,0.046645935139937804,0.36028431808085293
0.46852836879432624,0.12189716312056738,0.04565602836879433,0.36391843971631205
0.4683933274802458,0.12115891132572432,0.04697102721685689,0.36347673397717295
0.4659090909090909,0.12412587412587413,0.04501748251748252,0.36494755244755245
0.46288976723759334,0.12736056214317085,0.048748353096179184,0.36100131752305664
0.4620447564721369,0.12856516015796401,0.04914436156208864,0.36024572180781045
0.45718050065876153,0.1251646903820817,0.05006587615283267,0.3675889328063241
0.4585365853658537,0.1286031042128603,0.04656319290465632,0.3662971175166297
0.47114093959731546,0.12751677852348994,0.04742729306487696,0.35391498881431765
0.47108167770419423,0.12229580573951435,0.04856512141280353,0.35805739514348783
0.46628721541155865,0.11733800350262696,0.04947460595446585,0.36690017513134854
0.4731277533039648,0.1145374449339207,0.05286343612334802,0.3594713656387665
0.4739399293286219,0.11307420494699646,0.05256183745583039,0.36042402826855124
0.4767857142857143,0.11160714285714286,0.05267857142857143,0.35892857142857143
0.4792402826855124,0.1073321554770318,0.05565371024734982,0.357773851590106
0.4817261118450022,0.10656098634962571,0.05680317040951123,0.35490973139586085
0.481810115350488,0.10692102928127772,0.05856255545696539,0.35270629991126884
0.47713280562884786,0.10949868073878628,0.058927000879507474,0.3544415127528584
0.47492232578783844,0.11007545494895694,0.06213936972924989,0.35286284953395475
0.4754601226993865,0.10604732690622261,0.06573181419807186,0.35276073619631904
0.47384615384615386,0.11120879120879121,0.06241758241758242,0.3525274725274725
0.4780701754385965,0.11359649122807018,0.06271929824561404,0.3456140350877193
0.4843405381561535,0.11248345831495368,0.06307895897662108,0.34009704455227174
0.4837434094903339,0.10896309314586995,0.06634446397188049,0.3409490333919156
0.4838709677419355,0.10854402789886661,0.06974716652136007,0.33783783783783783
0.4867957746478873,0.10299295774647887,0.07130281690140845,0.3389084507042254
0.4869986778316439,0.10401057734684883,0.06831203173204055,0.34067871308946673
0.48412698412698413,0.10802469135802469,0.06437389770723104,0.34347442680776014
0.48623445825932504,0.108348134991119,0.0608348134991119,0.34458259325044405
0.4764835164835165,0.11340659340659341,0.06373626373626373,0.3463736263736264
0.48056537102473496,0.11219081272084806,0.06581272084805653,0.3414310954063604
0.4812062937062937,0.11101398601398602,0.06337412587412587,0.34440559440559443
0.4868830591373944,0.11160515784793242,0.06536238328145842,0.3361493997332148
0.49050772626931566,0.11125827814569536,0.06534216335540839,0.3328918322295806
0.48517042939353694,0.1133244798583444,0.06640106241699867,0.33510402833111996
0.48577680525164113,0.11159737417943107,0.062144420131291025,0.34048140043763675
0.4926634059582036,0.11338372610048911,0.06136060471320587,0.33259226322810137
0.4955947136563877,0.11806167400881057,0.05638766519823789,0.3299559471365639
0.4993412384716733,0.1181379007465964,0.05357927097057532,0.328941589811155
0.5028850421660009,0.11096316023080337,0.05193075898801598,0.33422103861517977
0.5046316718129686,0.1164534627260697,0.049845610939567714,0.3290692545213939
0.4995575221238938,0.11548672566371682,0.047787610619469026,0.33716814159292036
0.5017667844522968,0.1166077738515901,0.05079505300353357,0.3308303886925795
0.4979937583593402,0.11680784663397235,0.049041462327240305,0.3361569326794472
0.5039612676056338,0.11707746478873239,0.04753521126760563,0.3314260563380282
0.5052956751985879,0.11694616063548102,0.04854368932038835,0.3292144748455428
0.4997800263968324,0.1139463264408271,0.04927408710954685,0.3369995600527937
0.4926634059582036,0.11560693641618497,0.04979991107158737,0.341929746554024
0.49114260407440213,0.11868910540301152,0.05093002657218778,0.3392382639503986
0.4861294583883752,0.11977102597974461,0.05328049317481286,0.34081902245706736
0.4915929203539823,0.12079646017699115,0.05309734513274336,0.3345132743362832
0.4883720930232558,0.12329969284774024,0.050460728389644584,0.3378674857393594
0.4853723404255319,0.12677304964539007,0.050975177304964536,0.33687943262411346
0.48871181938911024,0.12129260734838423,0.05002213368747233,0.3399734395750332
0.49113475177304966,0.1254432624113475,0.04875886524822695,0.3346631205673759
0.49538461538461537,0.12131868131868132,0.05274725274725275,0.33054945054945056
0.5066430469441984,0.11824623560673161,0.047829937998228524,0.32728077945084144
0.5171957671957672,0.11728395061728394,0.047619047619047616,0.31790123456790126
0.517636684303351,0.12037037037037036,0.04497354497354497,0.3170194003527337
0.5177147918511957,0.12267493356953056,0.04428697962798937,0.3153232949512843
0.5195948921180097,0.11580801409070894,0.044033465433729636,0.32056362835755176
0.518859649122807,0.12017543859649123,0.04429824561403509,0.31666666666666665
0.5239139973672663,0.11627906976744186,0.04256252742430891,0.31724440544098287
0.512719298245614,0.11754385964912281,0.04429824561403509,0.3254385964912281
0.5115973741794311,0.11859956236323851,0.04770240700218818,0.32210065645514224
0.52,0.11472527472527473,0.04791208791208791,0.31736263736263737
0.5134302069572876,0.11624834874504623,0.05063848524878908,0.31968295904887717
0.5150044130626655,0.11165048543689321,0.05119152691968226,0.32215357458075905
0.5163283318623124,0.11165048543689321,0.05030891438658429,0.32171226831421007
0.513668430335097,0.11596119929453262,0.04805996472663139,0.322310405643739
0.5219298245614035,0.11315789473684211,0.05175438596491228,0.3131578947368421
0.5215859030837005,0.11101321585903083,0.052422907488986786,0.31497797356828194
0.5225144895229603,0.11190370040124833,0.049487293802942485,0.31609451627284885
0.5312221231043711,0.11239964317573595,0.04594112399643176,0.31043710972346117
0.5255057167985928,0.113896218117854,0.04661389621811785,0.31398416886543534
0.531305114638448,0.11199294532627865,0.046296296296296294,0.31040564373897706
0.5338345864661654,0.10835913312693499,0.04688191065900044,0.31092436974789917
0.5338945502879929,0.10899424014178112,0.047408063801506424,0.30970314576871955
0.5311533362792753,0.10296067167476801,0.049491825011047284,0.3163941670349094
0.5311808934099955,0.10526315789473684,0.04820875718708536,0.31534719150818225
0.536723163841808,0.10299869621903521,0.04519774011299435,0.31508039982616254
0.5357458075904677,0.10061782877316858,0.04677846425419241,0.31685789938217124
0.5389725420726307,0.09698848538529672,0.04738706820194863,0.316651904340124
0.5381561535068372,0.09748566387295986,0.04852227613586237,0.3158359064843405
0.5340406719717065,0.09770114942528736,0.04774535809018567,0.32051282051282054
0.5379552435278631,0.10355419043440105,0.045634050021939446,0.3128565160157964
0.543859649122807,0.10263157894736842,0.046052631578947366,0.3074561403508772
0.54162976085031,0.10407440212577503,0.048715677590788306,0.30558015943312666
0.5464650955980436,0.09915518008003557,0.05024455313472655,0.3041351711871943
0.541409691629956,0.10308370044052863,0.053744493392070485,0.30176211453744495
0.5379552435278631,0.10443176831943835,0.051338306274681875,0.30627468187801665
0.5394045534150613,0.10507880910683012,0.05166374781085814,0.30385288966725044
0.5381225209343323,0.10356985456148082,0.054649625385632436,0.30365799911855446
0.5412075804319083,0.10885852798589687,0.05509034817100044,0.29484354341119434
0.541501976284585,0.1080368906455863,0.058410188844971456,0.2920509442248573
0.54186973859105,0.10500664599025254,0.05804164820558263,0.29508196721311475
0.5388349514563107,0.10414827890556046,0.05516328331862312,0.30185348631950576
0.5399644760213144,0.1016873889875666,0.05905861456483126,0.29928952042628776
0.5383597883597884,0.10008818342151675,0.0582010582010582,0.30335097001763667
0.5388646288209606,0.1017467248908297,0.05764192139737991,0.3017467248908297
0.5355575065847235,0.10272168568920105,0.0601404741000878,0.3015803336259877
0.5422753430721559,0.10447100486941124,0.0566622399291722,0.2965914121292607
0.5442926399294844,0.10268840899074483,0.05641251652710445,0.2966064345526664
0.5409473218238159,0.10314298362107127,0.05976095617529881,0.2961487383798141
0.534965034965035,0.10096153846153846,0.06468531468531469,0.2993881118881119
0.5349977708426215,0.10477039679001338,0.06464556397681677,0.29558626839054836
0.5399558498896248,0.1011037527593819,0.0640176600441501,0.29492273730684326
0.5329525483304042,0.10456942003514938,0.0641476274165202,0.29833040421792617
0.5318302387267905,0.10565870910698497,0.06631299734748011,0.29619805481874445
0.5335689045936396,0.10821554770318022,0.06846289752650177,0.28975265017667845
0.5424549054113507,0.10470743510778707,0.06291245050593929,0.289925208974923
0.5460961623290692,0.10674900749889722,0.06793118659020732,0.2792236435818262
0.5417036379769299,0.1126885536823425,0.06521739130434782,0.2803904170363798
0.5379188712522046,0.10934744268077601,0.06790123456790123,0.2848324514991182
0.5439895470383276,0.1093205574912892,0.06707317073170732,0.27961672473867594
0.5436807095343681,0.10776053215077605,0.06341463414634146,0.2851441241685144
0.5413929040735874,0.11300919842312747,0.06219886114761279,0.2833990363556724
0.5476610767872904,0.11209179170344219,0.0617828773168579,0.27846425419240955
0.5440391459074733,0.11743772241992882,0.06138790035587188,0.27713523131672596
0.5548753825972891,0.11456055968517709,0.06165282028858767,0.26891123742894624
0.5553595059550066,0.11071901191001324,0.06219673577415086,0.2717247463608293
0.5604785112981834,0.1129818342933097,0.061586176340274704,0.26495347806823216
0.5517849272807405,0.1132657558395769,0.0625826355222565,0.2723666813574262
0.5570676031606673,0.11589113257243196,0.058384547848990345,0.26865671641791045
0.5625276182059213,0.11312417145382236,0.05656208572691118,0.2677861246133451
0.5635799734160389,0.11564023039432876,0.057155516171909615,0.26362428001772265
0.5662222222222222,0.11288888888888889,0.05688888888888889,0.264
0.573225516621743,0.1078167115902965,0.05525606469002695,0.2637017070979335
0.5746268656716418,0.1093064091308165,0.05662862159789289,0.2594381035996488
0.5807590467784642,0.10856134157105031,0.057811120917917035,0.2528684907325684
0.5870883882149047,0.1061525129982669,0.05719237435008666,0.24956672443674177
0.5901711276875823,0.10706450197455024,0.0596752961825362,0.2430890741553313
0.5898230088495575,0.1079646017699115,0.062389380530973454,0.2398230088495575
0.5941644562334217,0.10742705570291777,0.0618921308576481,0.23651635720601238
0.5900044228217602,0.11145510835913312,0.06324635117204777,0.23529411764705882
0.5877192982456141,0.11008771929824561,0.06271929824561404,0.2394736842105263
0.5909090909090909,0.10988526037069726,0.06266548984995587,0.23654015887025595
0.5913650239860445,0.11251635412123855,0.0623637156563454,0.23375490623637157
0.593585237258348,0.11423550087873462,0.059314586994727594,0.23286467486818982
0.5918548030101815,0.11553784860557768,0.05754758742806552,0.2350597609561753
0.5904846598488217,0.11649622054246332,0.05824811027123166,0.23477100933748332
0.6011408512505485,0.11671785870996051,0.05221588415971917,0.22992540587977184
0.6008810572687224,0.11145374449339207,0.05462555066079295,0.2330396475770925
0.5967386513882768,0.11106214191273689,0.05420890260026443,0.2379903040987219
0.5932951036612263,0.11248345831495368,0.055580061755624174,0.23864137626819584
0.5995555555555555,0.11333333333333333,0.05466666666666667,0.23244444444444445
0.6022172949002217,0.10909090909090909,0.05720620842572062,0.23148558758314855
0.6080843585237259,0.11028119507908611,0.0531634446397188,0.22847100175746923
0.607583774250441,0.10890652557319223,0.053791887125220456,0.22971781305114639
0.6043039086517348,0.11242863416776461,0.05314009661835749,0.23012736056214317
0.601148409893993,0.11130742049469965,0.05786219081272085,0.22968197879858657
0.602721685689201,0.11501316944688324,0.05487269534679543,0.2273924495171203
0.6059135039717564,0.10988526037069726,0.05913503971756399,0.22506619593998234
0.6047132058692752,0.11560693641618497,0.06002667852378835,0.21965317919075145
0.6106430155210643,0.11086474501108648,0.06297117516629712,0.2155210643015521
0.611646234676007,0.11208406304728546,0.06348511383537653,0.212784588441331
0.6093126385809312,0.11352549889135255,0.06075388026607539,0.2164079822616408
0.6111111111111112,0.11022222222222222,0.059555555555555556,0.21911111111111112
0.6130742049469965,0.11130742049469965,0.05565371024734982,0.21996466431095407
0.6143936028431808,0.11106175033318526,0.05775211017325633,0.21679253665037762
0.6158940397350994,0.10993377483443709,0.060044150110375276,0.2141280353200883
0.6152482269503546,0.1148049645390071,0.05806737588652482,0.21187943262411346
0.6202643171806167,0.11497797356828193,0.06079295154185022,0.2039647577092511
0.6136865342163356,0.11611479028697572,0.060485651214128036,0.2097130242825607
0.6137961335676626,0.11687170474516696,0.05536028119507909,0.2139718804920914
0.6144473455178416,0.11662315056570931,0.05352480417754569,0.2154046997389034
0.6210526315789474,0.10921052631578948,0.05394736842105263,0.21578947368421053
0.618415227976981,0.11155378486055777,0.051350154935812305,0.21868083222664897
0.6228342958685029,0.11017325633051978,0.051088405153265216,0.21590404264771212
0.6201584507042254,0.11003521126760564,0.05369718309859155,0.21610915492957747
0.6172566371681416,0.1163716814159292,0.05176991150442478,0.21460176991150443
0.6196936542669584,0.11553610503282276,0.05076586433260394,0.21400437636761488
0.6205985915492958,0.1131161971830986,0.0488556338028169,0.21742957746478872
0.626970227670753,0.10901926444833625,0.047285464098073555,0.21672504378283713
0.6254927726675427,0.11476127901883487,0.04686815593517302,0.21287779237844942
0.623290692545214,0.11601235112483459,0.04631671812968681,0.21438023820026467
0.6273291925465838,0.11180124223602485,0.04525288376220053,0.21561668145519078
0.6259946949602122,0.11007957559681697,0.04597701149425287,0.21794871794871795
0.6242290748898679,0.11145374449339207,0.046255506607929514,0.21806167400881057
0.6184844502847131,0.11432325886990802,0.04467805519053877,0.22251423565484013
0.6192139737991267,0.11484716157205241,0.04410480349344978,0.22183406113537119
0.6158241758241758,0.11648351648351649,0.04263736263736264,0.22505494505494505
0.6137377341659233,0.11552185548617305,0.043710972346119537,0.22702943800178413
0.6106701940035273,0.1146384479717813,0.04673721340388007,0.2279541446208113
0.6164921465968587,0.11212914485165794,0.047556719022687606,0.2238219895287958
0.6131161971830986,0.11223591549295775,0.04841549295774648,0.2262323943661972
0.6102811950790861,0.11203866432337434,0.050966608084358524,0.22671353251318102
0.6097130242825607,0.11258278145695365,0.046357615894039736,0.23134657836644593
0.6152482269503546,0.11081560283687943,0.04831560283687943,0.22562056737588654
0.6165644171779141,0.10999123575810692,0.04995617879053462,0.22348816827344434
0.6155545735749006,0.11268228015908087,0.0552364118426867,0.21652673442333187
0.6048997772828508,0.111358574610245,0.05924276169265033,0.2244988864142539
0.6044973544973545,0.11155202821869488,0.059964726631393295,0.2239858906525573
0.6105449712007089,0.10988037217545414,0.06070004430660168,0.21887461231723526
0.6091348265261308,0.1080368906455863,0.06104523495827844,0.22178304787000439
0.6089238845144357,0.1084864391951006,0.05993000874890639,0.2226596675415573
0.6062748563853292,0.11135660627485638,0.05965532479010163,0.22271321254971277
0.6097453906935909,0.10798946444249341,0.058823529411764705,0.22344161545215102
0.6014171833480957,0.1133746678476528,0.06111603188662533,0.2240921169176262
0.6066871975362956,0.11130664320281566,0.05983282006159261,0.22217333919929608
0.6092157731501994,0.11829862649534781,0.05405405405405406,0.21843154630039877
0.6061538461538462,0.12043956043956044,0.055384615384615386,0.21802197802197804
0.6084128360797918,0.11621856027753687,0.058109280138768434,0.21725932350390287
0.6148082855883649,0.1132657558395769,0.061260467166152494,0.21066549140590568
0.6186701893439014,0.11580801409070894,0.05592250110083664,0.20959929546455305
0.6235190873189995,0.11232996928477403,0.05397103992979377,0.21017990346643264
0.6256637168141593,0.1079646017699115,0.05575221238938053,0.21061946902654868
0.6308165057067603,0.10228270412642669,0.05487269534679543,0.21202809482001755
0.626707800793301,0.10180696342000882,0.05376817981489643,0.21771705597179375
0.627208480565371,0.10247349823321555,0.055212014134275615,0.2151060070671378
0.6302707501109631,0.10075454948956947,0.0559254327563249,0.21304926764314247
0.6274165202108963,0.10325131810193322,0.059314586994727594,0.2100175746924429
0.6340929009640666,0.10078878177037687,0.05915863277826468,0.20595968448729185
0.6291537439078423,0.10279131590607,0.06025697828976517,0.20779796189632255
0.622113676731794,0.10657193605683836,0.06261101243339254,0.20870337477797513
0.623608017817372,0.10734966592427617,0.062360801781737196,0.2066815144766147
0.6318320944468736,0.11018801923917797,0.057280279842588544,0.20069960647135987
0.6358024691358025,0.10758377425044091,0.05423280423280423,0.20238095238095238
0.6389496717724289,0.1050328227571116,0.054266958424507655,0.20175054704595186
0.6362433862433863,0.10582010582010581,0.05335097001763668,0.20458553791887124
0.6409691629955947,0.10792951541850221,0.051541850220264314,0.19955947136563876
0.6395759717314488,0.10512367491166077,0.053886925795053005,0.20141342756183744
0.6460254721124287,0.0992534036012297,0.05314009661835749,0.2015810276679842
0.6450482033304119,0.09903593339176162,0.053023663453111304,0.20289219982471515
0.6458885941644562,0.09593280282935455,0.052608311229000886,0.20557029177718833
0.6529982363315696,0.09523809523809523,0.05114638447971781,0.2006172839506173
0.6534782608695652,0.09391304347826086,0.050869565217391305,0.20173913043478262
0.653321601407831,0.09194896612406511,0.048834139903211615,0.20589529256489222
0.6534391534391535,0.09038800705467372,0.04894179894179894,0.2072310405643739
0.6523281596452328,0.09135254988913526,0.050997782705099776,0.20532150776053215
0.6536238328145842,0.08981769675411294,0.050689195197865716,0.2058692752334371
0.6609423161602818,0.08806693086745927,0.04931748128577719,0.20167327168648172
0.6568927789934355,0.08971553610503283,0.052954048140043765,0.20043763676148796
0.6548949485918641,0.0925346446133214,0.04962002682163612,0.20295037997317836
0.6688683399383532,0.08982826948480846,0.04579480405107882,0.1955085865257596
0.6723759332454985,0.09046991655687307,0.04743083003952569,0.18972332015810275
0.6682819383259911,0.09427312775330396,0.04801762114537445,0.1894273127753304
0.6674097191261703,0.09942041908158716,0.047258136424431565,0.18591172536781098
0.6635802469135802,0.10185185185185185,0.04585537918871252,0.18871252204585537
0.6600088770528184,0.10119840213049268,0.04660452729693742,0.19218819351975144
0.6659340659340659,0.10153846153846154,0.04791208791208791,0.18461538461538463
0.6679946879150066,0.1049136786188579,0.045595396193005754,0.1814962372731297
0.6744906997342781,0.10407440212577503,0.043401240035429584,0.17803365810451727
0.673487157161515,0.10535481062255116,0.04222899434044406,0.17892903787548978
0.6787771377935312,0.10456357997341603,0.04164820558263181,0.1750110766504209
0.676326348640214,0.10209540793580027,0.04592064199732501,0.17565760142666073
0.670499778858912,0.10393631136665192,0.047766475011057054,0.17779743476337903
0.6765618077093487,0.10279131590607,0.044306601683650866,0.17634027470093044
0.6752961825362,0.10223782360684511,0.0443176831943835,0.1781483106625713
0.6792784865816102,0.10206775186977562,0.0431148262208535,0.17553893532776066
0.6785243741765481,0.10144927536231885,0.04391743522178305,0.17610891523935002
0.6766917293233082,0.10570544007076514,0.042459088898717384,0.1751437417072092
0.6807675534234627,0.10553859572612298,0.041866550370693416,0.1718273004797209
0.6795555555555556,0.10133333333333333,0.041777777777777775,0.17733333333333334
0.6840034965034965,0.10052447552447552,0.04326923076923077,0.17220279720279721
0.6805983282006159,0.10470743510778707,0.04267487901451826,0.17201935767707874
0.6824912891986062,0.1019163763066202,0.04486062717770035,0.17073170731707318
0.6853486319505737,0.09841129744042365,0.045454545454545456,0.1707855251544572
0.6885752095280105,0.09572121746801941,0.04455227172474636,0.17115130127922365
0.6958831341301461,0.09473218238158478,0.043824701195219126,0.16555998229305002
0.6921723834652594,0.09630606860158311,0.04133685136323659,0.17018469656992086
0.6909250328803157,0.0916264796142043,0.04384042086804033,0.17360806663743972
0.6898678414096916,0.09383259911894273,0.046255506607929514,0.17004405286343613
0.6855624446412755,0.09388839681133747,0.04561558901682905,0.17493356953055803
0.6906443071491615,0.09090909090909091,0.04457193292144748,0.17387466902030008
0.688546255506608,0.0933920704845815,0.04581497797356828,0.17224669603524229
0.6895628902765388,0.09054415700267618,0.04727921498661909,0.1726137377341659
0.6913634370889961,0.08987286277948268,0.04515563349408154,0.17360806663743972
0.6927497789566756,0.09106984969053934,0.04597701149425287,0.17020335985853227
0.6914563966356795,0.09251881363435148,0.044710048694112436,0.17131474103585656
0.6927789934354486,0.0949671772428884,0.045514223194748356,0.16673960612691466
0.6906443071491615,0.09532215357458076,0.04677846425419241,0.16725507502206532
0.690694626474443,0.09654871122761031,0.04849279161205767,0.16426387068588905
0.6847161572052402,0.09694323144104804,0.05283842794759825,0.16550218340611353
0.6891714160455941,0.09644892590968873,0.0530469092503288,0.16133274879438841
0.681657848324515,0.09832451499118165,0.05423280423280423,0.1657848324514991
0.6805983282006159,0.09810822701275847,0.05587329520457545,0.16542014958205015
0.6850877192982456,0.09736842105263158,0.05526315789473684,0.16228070175438597
0.6776315789473685,0.10263157894736842,0.05570175438596491,0.16403508771929826
0.6781761841522798,0.099601593625498,0.0566622399291722,0.16555998229305002
0.6801762114537445,0.09779735682819383,0.05506607929515418,0.1669603524229075
0.6843501326259946,0.09814323607427056,0.05083996463306808,0.16666666666666666
0.6840719613865731,0.09521720052654672,0.05309346204475647,0.16761737604212373
0.6866990720282811,0.09368095448519664,0.05391073795846222,0.1657092355280601
0.6879120879120879,0.09274725274725275,0.05186813186813187,0.16747252747252747
0.6904866286716352,0.09294169224024551,0.0530469092503288,0.16352476983779043
0.6897762176393155,0.09214567792891619,0.050021939447125935,0.16805616498464238
0.6914514692787177,0.08682101513802315,0.05075690115761353,0.1709706144256456
0.6880247459125055,0.08661069376933274,0.0547945205479452,0.17057003977021654
0.6891054030115146,0.08813108945969884,0.054030115146147036,0.1687333923826395
0.6821808510638298,0.09175531914893617,0.053634751773049646,0.1724290780141844
0.6897923110914715,0.08616880247459124,0.052585064074237735,0.17145382235969953
0.687029659141213,0.09119079238601151,0.04780876494023904,0.17397078353253653
0.6831203173204055,0.09211106214191274,0.0502423975319524,0.1745262230057294
0.6774617067833698,0.09234135667396061,0.053391684901531726,0.17680525164113786
0.6795774647887324,0.09110915492957747,0.055897887323943664,0.17341549295774647
0.6775043936731108,0.09226713532513181,0.05492091388400703,0.17530755711775045
0.6813725490196079,0.08823529411764706,0.05258467023172905,0.17780748663101603
0.6817582417582417,0.08923076923076922,0.04879120879120879,0.18021978021978022
0.6837229819144244,0.09131010145566829,0.04764005293339215,0.1773268636965152
0.6830022075055188,0.09403973509933775,0.04944812362030905,0.17350993377483442
