R,A,S,N
1.0,0.0,0.0,0.0
0.3333333333333333,0.0,0.6666666666666666,0.0
0.4,0.2,0.4,0.0
0.42857142857142855,0.14285714285714285,0.42857142857142855,0.0
0.4,0.3,0.3,0.0
0.3333333333333333,0.3333333333333333,0.3333333333333333,0.0
0.2,0.4,0.35,0.05
0.15384615384615385,0.38461538461538464,0.38461538461538464,0.07692307692307693
0.1724137931034483,0.41379310344827586,0.3448275862068966,0.06896551724137931
0.19047619047619047,0.35714285714285715,0.38095238095238093,0.07142857142857142
0.18867924528301888,0.33962264150943394,0.3584905660377358,0.11320754716981132
0.21333333333333335,0.3333333333333333,0.32,0.13333333333333333
0.22448979591836735,0.32653061224489793,0.29591836734693877,0.15306122448979592
0.2248062015503876,0.3488372093023256,0.2713178294573643,0.15503875968992248
0.26506024096385544,0.3253012048192771,0.2469879518072289,0.16265060240963855
0.31794871794871793,0.2717948717948718,0.22564102564102564,0.18461538461538463
0.3404255319148936,0.24680851063829787,0.2,0.2127659574468085
0.34494773519163763,0.2264808362369338,0.18118466898954705,0.24738675958188153
0.3457142857142857,0.22857142857142856,0.16857142857142857,0.2571428571428571
0.36609336609336607,0.20147420147420148,0.15724815724815724,0.2751842751842752
0.38016528925619836,0.1859504132231405,0.1487603305785124,0.28512396694214875
0.3783303730017762,0.19005328596802842,0.13143872113676733,0.30017761989342806
0.38544891640866874,0.1826625386996904,0.12074303405572756,0.3111455108359133
0.38820301783264743,0.1906721536351166,0.12208504801097393,0.299039780521262
0.37968561064087064,0.17533252720677148,0.12091898428053205,0.32406287787182586
0.40280777537796975,0.1717062634989201,0.11231101511879049,0.31317494600431967
0.41260744985673353,0.16427889207258833,0.10888252148997135,0.3142311365807068
0.4108996539792388,0.16176470588235295,0.09948096885813149,0.32785467128027684
0.4249404289118348,0.16203335980937253,0.09293089753772836,0.3200953137410643
0.429920116194626,0.15613652868554828,0.08714596949891068,0.32679738562091504
0.4344317417619368,0.15198386012104909,0.0894418291862811,0.324142568930733
0.4395674300254453,0.14694656488549618,0.089058524173028,0.3244274809160305
0.4431137724550898,0.14910179640718563,0.08383233532934131,0.32395209580838324
0.44380733944954126,0.1496559633027523,0.08428899082568807,0.32224770642201833
0.4541036717062635,0.14146868250539957,0.08423326133909287,0.3201943844492441
0.46109052408681844,0.14028586553732134,0.0799364743250397,0.31868713605082055
0.46273291925465837,0.14182194616977226,0.07971014492753623,0.31573498964803315
0.46215139442231074,0.1349601593625498,0.07918326693227092,0.3237051792828685
0.4732449680903289,0.13598429062346587,0.07265586647029947,0.3181148748159057
0.47474747474747475,0.13564213564213565,0.07311207311207311,0.3164983164983165
0.4868421052631579,0.13533834586466165,0.07330827067669173,0.30451127819548873
0.48195030473511485,0.14158462259728083,0.07313642756680731,0.303328645100797
0.4864616796695732,0.1413492427719137,0.07205139972464433,0.30013767783386874
0.48687782805429863,0.13891402714932127,0.07828054298642534,0.29592760180995475
0.48229493500672344,0.14164051994621246,0.07530255490811295,0.30076199013895116
0.48886869604725125,0.14675147660154475,0.07314856883234894,0.29123125851885506
0.4941912421805183,0.14432529043789097,0.07059874888293119,0.29088471849865954
0.4935641367066134,0.14602751886373724,0.0723479804704838,0.28806036395916557
0.4957983193277311,0.14462627156125607,0.06634232640424591,0.2932330827067669
0.4968916518650089,0.14253996447602132,0.06793960923623446,0.2926287744227353
0.4913062862238074,0.13776192599197504,0.06954971020954079,0.3013820775746768
0.4904656319290466,0.13835920177383593,0.06385809312638581,0.3073170731707317
0.49733333333333335,0.13822222222222222,0.06355555555555556,0.3008888888888889
0.49552772808586765,0.1381932021466905,0.0648479427549195,0.30143112701252234
0.4982347749338041,0.1354810238305384,0.0617828773168579,0.30450132391879964
0.49977787649933364,0.13593958240781875,0.06308307418924922,0.3011994669035984
0.5035555555555555,0.1328888888888889,0.06266666666666666,0.3008888888888889
0.5039823008849558,0.13716814159292035,0.059734513274336286,0.2991150442477876
0.5033407572383074,0.13897550111358575,0.060579064587973276,0.2971046770601336
0.4977992957746479,0.13776408450704225,0.0625,0.3019366197183099
0.503080985915493,0.13908450704225353,0.06205985915492958,0.29577464788732394
0.5024282560706401,0.1368653421633554,0.060485651214128036,0.30022075055187636
0.5111607142857143,0.13482142857142856,0.060714285714285714,0.29330357142857144
0.5099337748344371,0.13509933774834437,0.060044150110375276,0.29492273730684326
0.511504424778761,0.13539823008849558,0.062389380530973454,0.2907079646017699
0.5084294587400178,0.1344276841171251,0.06033717834960071,0.2968056787932564
0.5142348754448398,0.12811387900355872,0.06272241992882563,0.2949288256227758
0.5132391879964695,0.12842012356575463,0.0617828773168579,0.2965578111209179
0.5168439716312057,0.12632978723404256,0.061170212765957445,0.29565602836879434
0.5132942767012167,0.1270842721946823,0.06219017575484453,0.2974312753492564
0.521797153024911,0.12811387900355872,0.05827402135231317,0.2918149466192171
0.5133333333333333,0.1351111111111111,0.05644444444444444,0.2951111111111111
0.5175284837861525,0.13540753724802804,0.05828220858895705,0.2887817703768624
0.5176522506619594,0.1323918799646955,0.05648720211827008,0.29346866725507503
0.523070097604259,0.13087843833185447,0.055013309671694766,0.29103815439219166
0.5276671093404162,0.13501549358123063,0.054006197432492256,0.283311199645861
0.52210433244916,0.13704686118479223,0.054376657824933686,0.2864721485411141
0.5229603209986625,0.13419527418635754,0.05572893446277307,0.28711547035220686
0.5182899955927721,0.13574261789334507,0.05773468488320846,0.2882327016306743
0.5197715289982425,0.13181019332161686,0.058875219683655534,0.28954305799648505
0.5157567687527741,0.13626276076342655,0.05992010652463382,0.28806036395916557
0.5188101487314086,0.1342957130358705,0.05774278215223097,0.2891513560804899
0.5131694468832309,0.1360842844600527,0.05794556628621598,0.29280070237050043
0.5163716814159292,0.13185840707964602,0.05929203539823009,0.2924778761061947
0.5190097259062776,0.1312997347480106,0.0592396109637489,0.29045092838196285
0.5207413945278023,0.1319505736981465,0.058693733451015,0.2886142983230362
0.5273127753303964,0.1237885462555066,0.061233480176211455,0.28766519823788544
0.5247657295850067,0.12717536813922356,0.058902275769745646,0.2891566265060241
0.5244066278549037,0.12404836542767578,0.05821764442454098,0.29332736229287953
0.5272485600354453,0.1236154186973859,0.05804164820558263,0.2910943730615862
0.5382562277580071,0.12411032028469751,0.051601423487544484,0.2860320284697509
0.5406719717064544,0.1242263483642794,0.048187444739168875,0.28691423519009723
0.5457385095939313,0.12449799196787148,0.047746541722445336,0.2820169567157519
0.5429844097995545,0.12605790645879733,0.048106904231625836,0.2828507795100223
0.543468568880963,0.12661613909942043,0.04681230494872938,0.2831029870708872
0.5425909494232476,0.1251109139307897,0.04303460514640639,0.28926353149955636
0.5434878587196468,0.12362030905077263,0.045033112582781455,0.2878587196467991
0.5466491458607096,0.11870346035917652,0.04424003504161191,0.290407358738502
0.541243934715483,0.11777679752977503,0.044111160123511246,0.2968681076312307
0.5440070765148165,0.11897390535161433,0.04732419283502875,0.28969482529854046
0.5473359753412593,0.11977102597974461,0.04491413474240423,0.28797886393659183
0.5439928539526574,0.12639571237159447,0.04600267976775346,0.2836087539079946
0.5477763099955967,0.1215323645970938,0.04095112285336856,0.289740202553941
0.5510384445426425,0.11886875828546177,0.040653999116217414,0.2894387980556783
0.5532570422535211,0.11663732394366197,0.04225352112676056,0.2878521126760563
0.5496014171833481,0.12090345438441098,0.04118689105403012,0.2883082373782108
0.5602678571428571,0.12008928571428572,0.039732142857142855,0.2799107142857143
0.5545735749005745,0.12107821475916924,0.04197967300044189,0.28236853733981443
0.5632798573975044,0.11898395721925134,0.039661319073083776,0.27807486631016043
0.5639894086496028,0.11694616063548102,0.04236540158870256,0.2766990291262136
0.5643872113676732,0.11634103019538189,0.047513321492007106,0.27175843694493784
0.5672287073065283,0.11456982274102896,0.04798962386511025,0.27021184608733245
0.5631324241091069,0.1139463264408271,0.04663440387153542,0.27628684557853056
0.5717439293598234,0.11169977924944813,0.04900662251655629,0.2675496688741722
0.5705412599822538,0.11180124223602485,0.047471162377994675,0.2701863354037267
0.5713652482269503,0.11436170212765957,0.04565602836879433,0.26861702127659576
0.5714285714285714,0.11233967271118973,0.04643962848297214,0.2697921273772667
0.5736468500443656,0.11401952085181899,0.04791481810115351,0.26441881100266196
0.5781319167773351,0.11465250110668437,0.04736609119079239,0.2598494909251881
0.5802469135802469,0.1111111111111111,0.04365079365079365,0.26499118165784835
0.5788775961113566,0.1095890410958904,0.04595669465311533,0.26557666813963765
0.5877425044091711,0.10714285714285714,0.04717813051146384,0.25793650793650796
0.5837765957446809,0.10549645390070922,0.047872340425531915,0.262854609929078
0.5812003530450133,0.10635481023830538,0.04810238305383936,0.26434245366284204
0.5799554565701559,0.10779510022271716,0.04855233853006682,0.26369710467706015
0.5842894969108562,0.11032656663724624,0.04589585172109444,0.2594880847308032
0.5832223701731025,0.11318242343541944,0.04660452729693742,0.2569906790945406
0.5874777975133215,0.11412078152753108,0.049289520426287745,0.24911190053285967
0.5901711276875823,0.11057481351469943,0.04826678367705134,0.250987275120667
0.584110075454949,0.11407012871726586,0.048823790501553485,0.2529960053262317
0.5809146877748461,0.11433597185576078,0.04925241864555849,0.25549692172383465
0.5911699779249449,0.11434878587196468,0.04812362030905077,0.24635761589403973
0.5975341259357111,0.11316600616468515,0.04447380008806693,0.24482606781153676
0.5981432360742706,0.11317418213969938,0.04376657824933687,0.24491600353669318
0.5888143176733781,0.11543624161073826,0.046532438478747204,0.24921700223713647
0.5928223305272485,0.11253876827647319,0.04164820558263181,0.25299069561364645
0.5979921431689219,0.11567001309471846,0.04015713662156264,0.24618070711479703
0.5990338164251208,0.1137461572244181,0.041282389108476064,0.24593763724198506
0.5990209167779261,0.11659991099243436,0.04450378282153983,0.2398753894080997
0.6003513394817742,0.11242863416776461,0.045234958278436536,0.2419850680720246
0.5964757709251102,0.11629955947136564,0.04581497797356828,0.24140969162995596
0.5995575221238938,0.1168141592920354,0.04380530973451328,0.2398230088495575
0.6007036059806509,0.11565523306948108,0.04309586631486367,0.2405452946350044
0.6093613298337708,0.1137357830271216,0.04243219597550306,0.23447069116360456
0.6148378498445135,0.11106175033318526,0.041314971123944916,0.23278542869835628
0.6202197802197802,0.10681318681318681,0.04395604395604396,0.229010989010989
0.6144473455178416,0.10879025239338555,0.04134029590948651,0.23542210617928633
0.621131741821397,0.10167992926613616,0.04288240495137047,0.23430592396109637
0.6225993747208576,0.1045109423849933,0.042876284055381866,0.2300133988387673
0.6268656716417911,0.10140474100087796,0.043898156277436345,0.22783143107989465
0.6218005295675199,0.10238305383936452,0.0441306266548985,0.23168578993821712
0.6226831421006178,0.10370697263901148,0.04148278905560459,0.2321270962047661
0.620903454384411,0.10363153232949512,0.04162976085031001,0.23383525243578387
0.6200087757788504,0.104870557261957,0.04475647213690215,0.23036419482229048
0.6261022927689595,0.09832451499118165,0.046296296296296294,0.2292768959435626
0.623950508174989,0.09500662836942113,0.047724259832081305,0.23331860362350862
0.6209784045835169,0.09475539885412076,0.05200528867342442,0.23226090788893786
0.6189010989010989,0.0945054945054945,0.053626373626373625,0.23296703296703297
0.6188162544169611,0.09673144876325088,0.04902826855123675,0.23542402826855124
0.6235657546337158,0.0970873786407767,0.048984995586937335,0.23036187113857018
0.6247230837394772,0.09703145768719539,0.048294195835179445,0.22995126273814798
0.6271334792122538,0.0975929978118162,0.04463894967177243,0.23063457330415754
0.6381665932128691,0.09343323049801674,0.044072278536800354,0.2243278977523138
0.6363236587510994,0.09234828496042216,0.047493403693931395,0.22383465259454705
0.6351232394366197,0.09507042253521127,0.04181338028169014,0.22799295774647887
0.6344181899242086,0.09629959875167186,0.043245653143111906,0.22603655818100757
0.6324110671936759,0.09134826526130874,0.041721563460693896,0.23451910408432147
0.6425419240953222,0.0939982347749338,0.0410414827890556,0.22241835834068843
0.6417112299465241,0.09358288770053476,0.040998217468805706,0.22370766488413546
0.6462765957446809,0.09042553191489362,0.04210992907801418,0.22118794326241134
0.6470588235294118,0.08779631255487269,0.04521510096575944,0.21992976294995611
0.6453900709219859,0.08732269503546099,0.043882978723404256,0.22340425531914893
0.6470588235294118,0.0913081650570676,0.040825285338015806,0.22080772607550483
0.6362030905077263,0.09580573951434879,0.04150110375275938,0.22649006622516557
0.6356007067137809,0.09540636042402827,0.04107773851590106,0.22791519434628976
0.6426678445229682,0.09275618374558305,0.03842756183745583,0.22614840989399293
0.6449339207048458,0.08898678414096917,0.042731277533039645,0.22334801762114537
0.6430469441984057,0.08680248007085917,0.04118689105403012,0.22896368467670505
0.655324790101635,0.08130799823243483,0.039770216526734424,0.22359699513919576
0.6511831726555652,0.08326029798422437,0.03987730061349693,0.22567922874671342
0.6511627906976745,0.08249232119350593,0.04212373848179026,0.2242211496270294
0.6488986784140969,0.08105726872246696,0.04229074889867841,0.2277533039647577
0.6464379947229552,0.08047493403693931,0.04221635883905013,0.23087071240105542
0.6429203539823009,0.0836283185840708,0.04292035398230089,0.23053097345132742
0.6479929422143802,0.0811645346272607,0.0423467137185708,0.22849580943978826
0.6520403685827117,0.08161474330846863,0.04168494953927161,0.22465993856954805
0.6534610361340879,0.08402263822377014,0.04092294296909012,0.22159338267305181
0.6591809775429326,0.08102157639806253,0.03830911492734478,0.22148833113166005
0.6565295169946332,0.08184257602862254,0.0389087656529517,0.22271914132379247
0.6529884032114184,0.08652988403211419,0.041480820695807316,0.21900089206066012
0.6581045172719221,0.08281665190434012,0.04074402125775022,0.2183348095659876
0.6524978089395267,0.0845749342681858,0.04688869412795793,0.21603856266432953
0.6585257548845471,0.08658969804618118,0.04440497335701599,0.21047957371225579
0.6571682991985752,0.0854853072128228,0.04630454140694568,0.21104185218165628
0.6535398230088496,0.08805309734513274,0.045575221238938056,0.21283185840707963
0.6486605182257357,0.08739569609134827,0.04787000439174352,0.2160737812911726
0.6489832007073386,0.08620689655172414,0.04597701149425287,0.21883289124668434
0.644082710074791,0.08842938847338319,0.04663440387153542,0.22085349758029035
0.6486721811057902,0.087070091423596,0.046147148454505876,0.21811057901610797
0.6440677966101694,0.08996088657105607,0.04606692742285962,0.2199043893959148
0.6479614204296361,0.09074967119684349,0.04471722928540114,0.21657167908811925
0.645458534444932,0.08995173321632295,0.04870557261956999,0.21588415971917507
0.6470846120122753,0.08461201227531784,0.04997807978956598,0.21832529592284086
0.6470588235294118,0.08604038630377524,0.048726953467954345,0.21817383669885865
0.6526500219010074,0.08497590889180902,0.04818221638195357,0.21419185282522996
0.6671052631578948,0.08289473684210526,0.04429824561403509,0.2057017543859649
0.6697490092470277,0.083223249669749,0.04491413474240423,0.202113606340819
0.6699158174568011,0.08063801506424458,0.04652193176783341,0.20292423571112095
0.67455102934735,0.07621550591327202,0.04643013578624617,0.20280332895313186
0.6751648351648352,0.07472527472527472,0.04659340659340659,0.20351648351648352
0.6738746690203001,0.07766990291262135,0.04677846425419241,0.20167696381288613
0.6750440917107584,0.07539682539682539,0.04409171075837742,0.2054673721340388
0.6705253784505788,0.07702582368655388,0.04630454140694568,0.20614425645592163
0.6738842244807778,0.0764471939902784,0.04595669465311533,0.20371188687582856
0.6770879857079053,0.07637338097364894,0.04689593568557392,0.19964269763287182
0.6837909654561559,0.07484499557130203,0.05004428697962799,0.1913197519929141
0.6881100266193434,0.07142857142857142,0.04791481810115351,0.19254658385093168
0.6875,0.06949300699300699,0.05026223776223776,0.19274475524475523
0.6912156166814551,0.06965394853593611,0.048802129547471165,0.19032830523513752
0.6906854130052724,0.07205623901581722,0.04964850615114236,0.18760984182776802
0.6932166301969366,0.06652078774617068,0.044201312910284465,0.19606126914660832
0.6922054915854738,0.06864481842338352,0.04561558901682905,0.19353410097431356
0.6966192170818505,0.06717081850533808,0.04314946619217082,0.19306049822064056
0.6996890270990671,0.06663705019991115,0.040870724122612175,0.1928031985784096
0.7015915119363395,0.06542882404951371,0.040671971706454466,0.19230769230769232
0.7006200177147919,0.06687333923826395,0.042515500442869794,0.1899911426040744
0.7012248468941382,0.0647419072615923,0.04374453193350831,0.19028871391076116
0.7045053003533569,0.06316254416961131,0.04637809187279152,0.18595406360424027
0.706766917293233,0.06457319770013269,0.04555506413091552,0.18310482087571872
0.7069499778663125,0.0650730411686587,0.043824701195219126,0.18415227976980966
0.7077059344552702,0.0633303808680248,0.04650132860938884,0.1824623560673162
0.7138461538461538,0.06153846153846154,0.043076923076923075,0.18153846153846154
0.7125220458553791,0.059964726631393295,0.04365079365079365,0.18386243386243387
0.7142857142857143,0.05846153846153846,0.04395604395604396,0.1832967032967033
0.715669014084507,0.05985915492957746,0.04621478873239437,0.17825704225352113
0.7156819191470457,0.05952909817858729,0.04575744113727232,0.17903154153709464
0.7142857142857143,0.05934065934065934,0.04483516483516484,0.18153846153846154
0.7191659272404614,0.061224489795918366,0.04392191659272405,0.1756876663708962
0.7164244826067812,0.06384852487890796,0.04227212681638045,0.17745486569793043
0.7140974967061924,0.06675450153711024,0.04084321475625823,0.17830478700043917
0.7110232762406675,0.07026789635485288,0.04084321475625823,0.17786561264822134
0.7139659803043867,0.06669650850492391,0.044762757385854966,0.17457475380483437
0.7135900841080124,0.06640106241699867,0.048251438689685705,0.17175741478530324
0.7139061116031886,0.06864481842338352,0.04650132860938884,0.17094774136403898
0.7171717171717171,0.0707070707070707,0.04567413263065437,0.16644707949055776
0.7196302816901409,0.07174295774647887,0.0448943661971831,0.1637323943661972
0.7233570159857904,0.0719360568383659,0.046181172291296625,0.15852575488454707
0.7255589653660676,0.06926786497150372,0.046470846120122755,0.158702323542306
0.7241531016278047,0.06599208095028597,0.047074351077870655,0.16278046634403873
0.7199289835774523,0.06391478029294274,0.04749223257878384,0.16866400355082112
0.7218804920913884,0.06810193321616871,0.04745166959578207,0.1625659050966608
0.7188879082082965,0.0706090026478376,0.04677846425419241,0.16372462488967343
0.7223214285714286,0.071875,0.044642857142857144,0.1611607142857143
0.72472647702407,0.06739606126914661,0.044201312910284465,0.16367614879649892
0.7223446452181578,0.06654914059056853,0.04715733803437638,0.16394887615689732
0.7296345222369001,0.06693086745926904,0.04667547335975341,0.1567591369440775
0.7287985865724381,0.06404593639575971,0.04726148409893993,0.1598939929328622
0.7308198158702324,0.06181499342393687,0.04603244191144235,0.16133274879438841
0.7297178130511464,0.06437389770723104,0.04497354497354497,0.1609347442680776
0.7301448003510311,0.06406318560772269,0.0451952610794208,0.16059675296182535
0.7184337879454465,0.06995160580730313,0.04663440387153542,0.16498020237571492
0.7265590928914086,0.06890536415176625,0.043610989969472304,0.1609245529873528
0.7278314310798947,0.06628621597892889,0.04302019315188762,0.16286215978928886
0.7297060114085125,0.06494076349275998,0.03992979376919702,0.1654234313295305
0.7323568575233023,0.06125166444740346,0.040834442964935644,0.16555703506435862
0.7313630348478165,0.06043228936921041,0.04278782531980591,0.16541685046316718
0.7333916083916084,0.059877622377622376,0.04501748251748252,0.16171328671328672
0.7306666666666667,0.059555555555555556,0.048,0.16177777777777777
0.7267080745341615,0.05767524401064774,0.04569653948535936,0.1699201419698314
0.7219298245614035,0.05921052631578947,0.04736842105263158,0.17149122807017544
0.7188328912466844,0.0605658709106985,0.05083996463306808,0.16976127320954906
0.7157338034376377,0.0625826355222565,0.050683120317320404,0.17100044072278536
0.7137793531236154,0.06070004430660168,0.04962339388568897,0.17589720868409392
0.7167113494191242,0.058981233243967826,0.049597855227882036,0.1747095621090259
0.718791648156375,0.061750333185251,0.04797867614393603,0.17147934251443803
0.715108551174125,0.06335844040762073,0.046964997784669914,0.1745680106335844
0.7201230228471002,0.06107205623901582,0.048330404217926184,0.1704745166959578
0.7161687170474517,0.06370826010544815,0.05140597539543058,0.1687170474516696
0.7151060070671378,0.06404593639575971,0.053886925795053005,0.16696113074204946
0.7159841479524438,0.06384852487890796,0.05856450902686042,0.16160281814178776
0.7178697183098591,0.06205985915492958,0.05985915492957746,0.1602112676056338
0.7187085360459974,0.06280406899601947,0.06103494029190624,0.15745245466607696
0.7171806167400882,0.06299559471365639,0.06343612334801763,0.15638766519823788
0.7148523578669017,0.06302335830762451,0.0639048038783605,0.15821947994711327
0.711453744493392,0.06431718061674009,0.06299559471365639,0.16123348017621145
0.7104919460165433,0.06181976491075316,0.06486721811057902,0.1628210709621245
0.7104332449160036,0.06321839080459771,0.0658709106984969,0.16047745358090185
0.715472027972028,0.06293706293706294,0.06643356643356643,0.15515734265734266
0.710259797446059,0.06516952884191986,0.06516952884191986,0.15940114487010126
0.7171628721541156,0.06348511383537653,0.06567425569176882,0.15367775831873906
0.7170474516695958,0.06502636203866433,0.06678383128295255,0.15114235500878734
0.7179938407391113,0.06423229212494501,0.06599208095028597,0.1517817861856577
0.7165492957746479,0.06734154929577464,0.06602112676056338,0.1500880281690141
0.718791648156375,0.06752554420257663,0.06574855619724566,0.14793425144380276
0.7249004865103936,0.06501547987616099,0.06501547987616099,0.1450685537372844
0.7257067137809188,0.061837455830388695,0.06581272084805653,0.14664310954063603
0.7213690215006582,0.06669591926283458,0.06186924089512944,0.1500658183413778
0.7291941875825627,0.06737120211360634,0.059885512989872304,0.1435490973139586
0.7289554869986778,0.06434552666372852,0.05641251652710445,0.1502864698104892
0.7245930488341399,0.06731192256929168,0.05807303123625165,0.15002199736031677
0.7321507760532151,0.06607538802660753,0.05277161862527716,0.14900221729490024
0.7321190581963571,0.0639715681919147,0.05508662816525989,0.14882274544646823
0.732072151341839,0.06731192256929168,0.055433347998240214,0.14518257809062912
0.7365615282096846,0.06441581519324745,0.05597512216792536,0.14304753442914261
0.7341549295774648,0.06382042253521127,0.05721830985915493,0.144806338028169
0.7293497363796133,0.06546572934973638,0.05755711775043937,0.14762741652021089
0.7309236947791165,0.0642570281124498,0.055778670236501564,0.14904060687193219
0.7344161545215101,0.06409130816505706,0.05311676909569798,0.14837576821773485
0.7321190581963571,0.06486006219458018,0.05597512216792536,0.14704575744113726
0.7264692885550155,0.06716747680070703,0.05788775961113566,0.14847547503314185
0.724015922158337,0.06722689075630252,0.0583812472357364,0.15037593984962405
0.7187222715173026,0.06743566992014197,0.06078083407275954,0.15306122448979592
0.725699067909454,0.06746560142032845,0.060363959165557035,0.14647137150466044
0.7282321899736148,0.06552330694810905,0.05980650835532102,0.14643799472295516
0.7348754448398577,0.06494661921708185,0.05693950177935943,0.14323843416370108
0.7414330218068536,0.06631063640409435,0.05518469069870939,0.13707165109034267
0.7448123620309051,0.0631346578366446,0.053863134657836646,0.1381898454746137
0.7443408788282291,0.06569019085663559,0.05193075898801598,0.1380381713271194
0.7565294378043382,0.06241699867197875,0.05002213368747233,0.13103142983621072
0.7589246364037021,0.0639048038783605,0.048920229175848394,0.12825033054208904
0.7653016292382211,0.06296785557023338,0.05063848524878908,0.1210920299427565
0.7681858019281332,0.06310254163014899,0.050394390885188434,0.11831726555652936
0.7657777777777778,0.06488888888888888,0.051555555555555556,0.11777777777777777
0.7661647475642162,0.06643046944198405,0.04738706820194863,0.1200177147918512
0.7701808557565064,0.06484340538156154,0.04543449492721659,0.11954124393471548
0.7709074733096085,0.06227758007117438,0.042704626334519574,0.12411032028469751
0.7722419928825622,0.05871886120996441,0.045373665480427046,0.12366548042704627
0.7719840919133893,0.059213433495360145,0.04684047724259832,0.12196199734865223
0.7690277166739992,0.06159260888693357,0.04663440387153542,0.1227452705675319
0.7777284826974268,0.062111801242236024,0.04214729370008873,0.11801242236024845
0.7794962439239947,0.05965532479010163,0.04197967300044189,0.11886875828546177
0.7815384615384615,0.05714285714285714,0.041758241758241756,0.11956043956043956
0.7750439367311072,0.06107205623901582,0.04130052724077329,0.1225834797891037
0.7824156305506217,0.05728241563055062,0.04129662522202487,0.11900532859680284
0.7822261328640563,0.05983282006159261,0.04135503739551254,0.11658600967883855
0.7791978845306302,0.05993829881004848,0.03922432789775231,0.12163948876156898
0.7785087719298246,0.06140350877192982,0.03684210526315789,0.12324561403508771
0.7820284697508897,0.06138790035587188,0.033807829181494664,0.12277580071174377
0.7849889624724061,0.060044150110375276,0.032671081677704196,0.12229580573951435
0.7792321116928447,0.062390924956369984,0.03534031413612566,0.12303664921465969
0.7788461538461539,0.06337412587412587,0.03496503496503497,0.12281468531468531
0.7765437583296313,0.06441581519324745,0.03553976010661928,0.123500666370502
0.7765437583296313,0.06530430919591293,0.037760995113282986,0.12039093736117282
0.7748667850799289,0.06660746003552398,0.038632326820603906,0.11989342806394317
0.7749889916336415,0.06693086745926904,0.04051078819903126,0.11756935270805813
0.7699779249448123,0.06622516556291391,0.04061810154525387,0.12317880794701987
0.7683839718185821,0.06693086745926904,0.04447380008806693,0.1202113606340819
0.7686500888099467,0.0630550621669627,0.044849023090586145,0.12344582593250444
0.768522577816747,0.06400701446733889,0.044278825076720735,0.12319158263919333
0.7681478222613286,0.06423229212494501,0.04487461504619446,0.1227452705675319
0.7711267605633803,0.06426056338028169,0.04445422535211268,0.12015845070422536
0.7686170212765957,0.06382978723404255,0.04521276595744681,0.12234042553191489
0.7755555555555556,0.064,0.044,0.11644444444444445
0.7804557405784399,0.0600350569675723,0.042068361086765996,0.11744084136722173
0.7819548872180451,0.06059265811587793,0.04113224237063246,0.1163202122954445
0.7812227074235808,0.06026200873362445,0.04192139737991266,0.1165938864628821
0.7853356890459364,0.05918727915194346,0.04328621908127209,0.11219081272084806
0.7810283687943262,0.05895390070921986,0.04698581560283688,0.11303191489361702
0.7785116688683399,0.057683839718185824,0.048436811977102597,0.11536767943637165
0.773851590106007,0.05918727915194346,0.04814487632508834,0.11881625441696113
0.7765017667844523,0.06007067137809187,0.04858657243816254,0.11484098939929328
0.7742504409171076,0.057760141093474424,0.050705467372134036,0.11728395061728394
0.7728471001757469,0.06019332161687171,0.0492091388400703,0.11775043936731107
0.7780229479258606,0.06001765225066196,0.045454545454545456,0.11650485436893204
0.7815425769059295,0.05929558626839055,0.04681230494872938,0.11234953187695051
0.7856197617997354,0.05910895456550507,0.0423467137185708,0.1129245699161888
0.7823218997361477,0.060246262093227795,0.04177660510114336,0.11565523306948108
0.7773835920177383,0.05942350332594235,0.04390243902439024,0.11929046563192905
0.781057268722467,0.06299559471365639,0.04140969162995595,0.1145374449339207
0.7830105633802817,0.06205985915492958,0.04005281690140845,0.11487676056338028
0.7844178840194777,0.06241699867197875,0.04205400619743249,0.1111111111111111
0.7827648114901257,0.06373429084380611,0.041741472172351884,0.11175942549371634
0.7821475916924436,0.0627485638532921,0.04418912947414936,0.11091471498011489
0.7865612648221344,0.06324110671936758,0.04084321475625823,0.10935441370223979
0.7859680284191829,0.06838365896980461,0.03907637655417407,0.10657193605683836
0.7743499338915822,0.06963420008814455,0.04275011018069634,0.1132657558395769
0.7720230190349713,0.07171314741035857,0.041168658698539175,0.11509517485613104
0.772547294324681,0.07435107787065552,0.039595248570171576,0.11350637923449186
0.7775808595480727,0.0717766947275144,0.038546743464776254,0.11209570225963669
0.7803800265134777,0.07733097657976137,0.035793194874060984,0.10649580203269995
0.7794117647058824,0.07397504456327986,0.035650623885918005,0.11096256684491979
0.7785175321793165,0.0754549489569463,0.03506435863293387,0.11096316023080337
0.7782186948853616,0.07495590828924162,0.03439153439153439,0.11243386243386243
0.7874779541446209,0.0718694885361552,0.033950617283950615,0.10670194003527336
0.7832382623957876,0.07152259763053971,0.03466432645897324,0.11057481351469943
0.7903719912472648,0.06652078774617068,0.03457330415754924,0.10853391684901531
0.7928007023705005,0.06540825285338016,0.035996488147497806,0.1057945566286216
0.7920489296636085,0.062035823503713415,0.03713411970292704,0.10878112712975098
0.7899867080194949,0.06291537439078422,0.03943287549844927,0.1076650420912716
0.7874564459930313,0.06750871080139373,0.039198606271777,0.10583623693379791
0.783068783068783,0.06701940035273368,0.0427689594356261,0.10714285714285714
0.7787729511867443,0.06941334527541423,0.04209583519928348,0.109717868338558
0.7783687943262412,0.06959219858156028,0.03945035460992908,0.1125886524822695
0.7851528384279476,0.06550218340611354,0.03973799126637555,0.10960698689956332
0.7876651982378855,0.06519823788546256,0.039207048458149776,0.10792951541850221
0.783303730017762,0.06127886323268206,0.04262877442273535,0.1127886323268206
0.776060070671378,0.062279151943462896,0.044169611307420496,0.11749116607773852
0.7814864263462394,0.06319537160658656,0.04227859368046284,0.11303960836671118
0.7803571428571429,0.06383928571428571,0.04107142857142857,0.11473214285714285
0.7784115840280825,0.06406318560772269,0.04168494953927161,0.11584028082492322
0.7806707855251545,0.061341571050308914,0.04060017652250662,0.11738746690203
0.7867549668874172,0.06357615894039735,0.040176600441501106,0.10949227373068433
0.7843915343915344,0.06128747795414462,0.040123456790123455,0.11419753086419752
0.7901234567901234,0.059082892416225746,0.042328042328042326,0.10846560846560846
0.7899197145405887,0.058876003568242644,0.0423728813559322,0.10883140053523639
0.7948943661971831,0.06029929577464789,0.03873239436619718,0.10607394366197183
0.7917217084984588,0.06296785557023338,0.039189784236019376,0.10612065169528842
0.7925274725274726,0.0632967032967033,0.03560439560439561,0.10857142857142857
0.7905525846702317,0.06417112299465241,0.036541889483065956,0.10873440285204991
0.7936647602287725,0.06467223933128025,0.0365156181258249,0.10514738231412231
0.7915381225209344,0.0639048038783605,0.036579991185544294,0.10797708241516087
0.7867549668874172,0.0684326710816777,0.037969094922737305,0.10684326710816777
0.7868632707774799,0.06970509383378017,0.03842716711349419,0.10500446827524576
0.7811816192560175,0.07045951859956236,0.04157549234135667,0.10678336980306345
0.777826660800704,0.06995160580730313,0.04179498460184778,0.11042674879014518
0.7812917594654788,0.07126948775055679,0.04053452115812917,0.10690423162583519
0.7804878048780488,0.070509977827051,0.04212860310421286,0.10687361419068736
0.7823949955317248,0.07238605898123325,0.04066130473637176,0.10455764075067024
0.7829491083079599,0.06959547629404089,0.04088734232274902,0.10656807307525011
0.7788632326820604,0.07238010657193605,0.038632326820603906,0.11012433392539965
0.7753655294638901,0.07443509082853345,0.0407620735489588,0.10943730615861763
0.7797434763379035,0.07076514816452897,0.04113224237063246,0.10835913312693499
0.7830313742819266,0.07158638974812197,0.0410958904109589,0.1042863455589925
0.784070796460177,0.07256637168141593,0.03893805309734513,0.10442477876106195
0.785904255319149,0.0749113475177305,0.0398936170212766,0.09929078014184398
0.7822045152722443,0.07392651615759185,0.041168658698539175,0.10270030987162461
0.7835325365205843,0.07481186365648516,0.038955289951305885,0.10270030987162461
0.7840458351696783,0.07227853680035258,0.0379021595416483,0.10577346848832085
0.7838908450704225,0.07350352112676056,0.037411971830985914,0.10519366197183098
0.7915567282321899,0.06904133685136324,0.03605980650835532,0.10334212840809147
0.7854931446262715,0.07209199469261389,0.04201680672268908,0.10039805395842548
0.787838437638704,0.07012871726586774,0.041278295605858856,0.10075454948956947
0.7915752523036419,0.06976744186046512,0.041246160596752963,0.09741114523913998
0.7953138815207781,0.07117595048629531,0.038461538461538464,0.09504862953138815
0.7959183673469388,0.06876663708961846,0.038154392191659274,0.09716060337178349
0.7965653896961691,0.06693086745926904,0.04007045354469397,0.0964332892998679
0.8017699115044248,0.06637168141592921,0.03672566371681416,0.09513274336283185
0.8030701754385965,0.06798245614035088,0.03508771929824561,0.09385964912280702
0.8068631764188298,0.06687197536295644,0.03255609326880774,0.09370875494940607
0.8078466339723585,0.06732055283102988,0.032545697726259475,0.0922871154703522
0.8070953436807096,0.06784922394678493,0.03237250554323725,0.09268292682926829
0.8145054945054945,0.06373626373626373,0.032527472527472526,0.08923076923076922
0.8199823943661971,0.06426056338028169,0.03169014084507042,0.0840669014084507
0.8207048458149779,0.06299559471365639,0.03039647577092511,0.08590308370044053
0.8212241303390577,0.06120651695288419,0.03038309114927345,0.08718626155878467
0.8135444151275286,0.06860158311345646,0.031222515391380826,0.08663148636763413
0.8192982456140351,0.0662280701754386,0.03070175438596491,0.0837719298245614
0.8228846996931171,0.06663743971942131,0.03024989039894783,0.08022797018851381
0.8260869565217391,0.06411945542380325,0.030303030303030304,0.07949055775142731
0.825780906291245,0.06335239771227452,0.03167619885613726,0.07919049714034315
0.8210013291980505,0.06291537439078422,0.03278688524590164,0.08329641116526362
0.8238938053097346,0.05752212389380531,0.03584070796460177,0.0827433628318584
0.822153574580759,0.05736981465136805,0.03574580759046778,0.08473080317740513
0.820738137082601,0.05755711775043937,0.03602811950790861,0.08567662565905097
0.8130550621669627,0.06127886323268206,0.03774422735346359,0.08792184724689166
0.8138605064415815,0.05864060417592181,0.03598400710795202,0.09151488227454464
0.8192239858906526,0.056878306878306875,0.03262786596119929,0.09126984126984126
0.8199300699300699,0.05550699300699301,0.033216783216783216,0.09134615384615384
0.8157549234135667,0.05776805251641138,0.03282275711159737,0.0936542669584245
0.8207837956847204,0.05548216644649934,0.032144429766622636,0.09158960810215765
0.8202296819787986,0.05565371024734982,0.03224381625441696,0.09187279151943463
0.8199823943661971,0.05721830985915493,0.030369718309859156,0.09242957746478873
0.8207505518763797,0.05562913907284768,0.03090507726269316,0.09271523178807947
0.8185840707964602,0.05353982300884956,0.030973451327433628,0.09690265486725663
0.8163716814159292,0.05486725663716814,0.03185840707964602,0.09690265486725663
0.8140770252324038,0.0566622399291722,0.03275785745905268,0.09650287737937141
0.8135818908122503,0.056813138038171326,0.032845095428317796,0.09675987572126055
0.8153371529308066,0.05509034817100044,0.03305420890260027,0.09651828999559277
0.8163444639718805,0.05492091388400703,0.03427065026362039,0.09446397188049209
0.8187444739168878,0.054376657824933686,0.034924845269672856,0.09195402298850575
0.8211598052235503,0.053563523683045594,0.033200531208499334,0.09207613988490483
0.8145374449339207,0.055506607929515416,0.03700440528634361,0.09295154185022027
0.8150110375275939,0.05474613686534217,0.03620309050772627,0.09403973509933775
0.8085199824330259,0.056214317083882304,0.036012296881862096,0.0992534036012297
0.803705337450375,0.06043228936921041,0.03617115130127922,0.09969122187913543
0.8070640176600441,0.060927152317880796,0.039293598233995586,0.09271523178807947
0.8049956178790535,0.0635407537248028,0.03812445223488168,0.09333917616126206
0.8070021881838074,0.06389496717724288,0.03894967177242888,0.09015317286652079
0.800531914893617,0.06560283687943262,0.0425531914893617,0.09131205673758866
0.8043956043956044,0.06417582417582418,0.041758241758241756,0.08967032967032967
0.8032498902064119,0.06368028107158542,0.04084321475625823,0.0922266139657444
0.8053958425475454,0.06147722246793454,0.039805395842547546,0.09332153914197258
0.8010586678429643,0.06043228936921041,0.04058226731363035,0.09792677547419497
0.8004434589800443,0.06208425720620843,0.04124168514412417,0.09623059866962307
0.7978910369068541,0.061511423550087874,0.043497363796133566,0.09710017574692442
0.7927529827662395,0.06407423773751657,0.04418912947414936,0.09898365002209457
0.7941567065073041,0.06418769366976539,0.0451527224435591,0.09650287737937141
0.7950530035335689,0.06537102473498234,0.045936395759717315,0.09363957597173145
0.7994711326575584,0.06081974438078449,0.04627589246364037,0.09343323049801674
0.7984975695978789,0.0618647812638091,0.04551480335837384,0.09412284577993814
0.8021154693697664,0.060379021595416485,0.042309387395328336,0.09519612163948876
0.8035949145111793,0.060938185006576065,0.0398947829899167,0.09557211749232793
0.8078104431768319,0.054848617814831066,0.041246160596752963,0.09609477841158402
0.8047598060819744,0.05509034817100044,0.044072278536800354,0.09607756721022477
0.8129117259552042,0.05401844532279315,0.039964866051822576,0.09310496267018006
0.8084257206208426,0.057649667405764965,0.040798226164079826,0.09312638580931264
0.8108705258506408,0.05656208572691118,0.039770216526734424,0.09279717189571365
0.8098404255319149,0.054078014184397165,0.040780141843971635,0.09530141843971632
0.8124174372523117,0.052840158520475564,0.03963011889035667,0.095112285336856
0.8113039608366711,0.05874499332443257,0.03827325322652426,0.09167779261237205
0.8146341463414634,0.056762749445676275,0.03414634146341464,0.09445676274944567
0.8111550285463329,0.05928853754940711,0.03469477382520861,0.09486166007905138
0.8103827540695117,0.05411350637923449,0.03607567091948966,0.09942806863176419
0.8106560986349626,0.05548216644649934,0.03963011889035667,0.09423161602818142
0.8146017699115045,0.05486725663716814,0.03672566371681416,0.09380530973451327
0.8155426529700759,0.054041983028137563,0.03796337650736936,0.09245198749441715
0.8168951791242813,0.05661211853162318,0.038920831490490936,0.0875718708536046
0.8161829375549692,0.058927000879507474,0.03825857519788918,0.08663148636763413
0.8180616740088106,0.055947136563876655,0.03788546255506608,0.0881057268722467
0.8174182139699381,0.05747126436781609,0.03669319186560566,0.08841732979664015
0.8119205298013245,0.05695364238410596,0.039293598233995586,0.09183222958057395
0.8163533012680367,0.05334499344118933,0.038478355924792304,0.09182334936598163
0.8169075777485765,0.05387647831800263,0.04029785370127026,0.08891809023215068
