R,A,S,N
1.0,0.0,0.0,0.0
0.6666666666666666,0.0,0.0,0.3333333333333333
0.5,0.25,0.0,0.25
0.4,0.2,0.0,0.4
0.4444444444444444,0.14814814814814814,0.0,0.4074074074074074
0.4375,0.16666666666666666,0.0,0.3958333333333333
0.4125,0.1625,0.0,0.425
0.40476190476190477,0.19047619047619047,0.007936507936507936,0.3968253968253968
0.3850267379679144,0.21390374331550802,0.016042780748663103,0.3850267379679144
0.36923076923076925,0.2,0.026923076923076925,0.40384615384615385
0.3558823529411765,0.22647058823529412,0.029411764705882353,0.38823529411764707
0.3393258426966292,0.23370786516853934,0.03146067415730337,0.3955056179775281
0.33098591549295775,0.25,0.04225352112676056,0.3767605633802817
0.32571428571428573,0.2571428571428571,0.045714285714285714,0.37142857142857144
0.3197604790419162,0.26706586826347306,0.046706586826347304,0.3664670658682635
0.316,0.269,0.058,0.357
0.3118556701030928,0.2800687285223368,0.05756013745704467,0.35051546391752575
0.3068181818181818,0.2856060606060606,0.06666666666666667,0.3409090909090909
0.31126279863481227,0.28464163822525596,0.07645051194539249,0.32764505119453924
0.3093480934809348,0.28413284132841327,0.08179581795817958,0.3247232472324723
0.3102461362335432,0.28849456210646823,0.08872352604464796,0.31253577561534057
0.3108535300316122,0.28187565858798735,0.0958904109589041,0.31138040042149634
0.3129732458354367,0.2862190812720848,0.099444724886421,0.30136294800605756
0.3069212410501193,0.27971360381861576,0.10787589498806682,0.3054892601431981
0.3127610208816705,0.2825986078886311,0.10997679814385151,0.29466357308584684
0.30995475113122173,0.283710407239819,0.11402714932126697,0.2923076923076923
0.306732055283103,0.277753009362461,0.11903700401248328,0.2964779313419527
0.3058875608676406,0.2749003984063745,0.12129260734838423,0.2979194333776007
0.30207872622733306,0.2781954887218045,0.12074303405572756,0.2989827509951349
0.30450132391879964,0.2674315975286849,0.11959399823477493,0.3084730803177405
0.30714916151809357,0.2709620476610768,0.1209179170344219,0.30097087378640774
0.30604203152364273,0.2679509632224168,0.12040280210157618,0.30560420315236425
0.30966034406704895,0.2681958535509484,0.12571680635200705,0.2964269960299956
0.3065304309195913,0.2678809418036428,0.1279431363838294,0.29764549089293646
0.3055193394176445,0.2655367231638418,0.1295089091699261,0.2994350282485876
0.3073516386182462,0.2679362267493357,0.1275465013286094,0.2971656333038087
0.3049645390070922,0.2695035460992908,0.13164893617021275,0.29388297872340424
0.3031236251649802,0.2657281126264848,0.1350637923449186,0.29608446986361636
0.29520457545094586,0.2657281126264848,0.14034315882094148,0.2987241531016278
0.290407358738502,0.2689443714410863,0.13885238720981166,0.3017958826106001
0.2902662592754256,0.27062418158009605,0.14054997817546921,0.29855958096900914
0.28778558875219684,0.2728471001757469,0.13796133567662566,0.30140597539543057
0.28609039052215884,0.2650285212812637,0.14304519526107942,0.305835892935498
0.2862144420131291,0.26958424507658646,0.13960612691466084,0.30459518599562363
0.2874725274725275,0.26153846153846155,0.1410989010989011,0.3098901098901099
0.28420123565754635,0.2621359223300971,0.1407766990291262,0.31288614298323036
0.2761324041811847,0.27090592334494773,0.14329268292682926,0.3096689895470383
0.2823788546255507,0.2643171806167401,0.14273127753303966,0.31057268722466963
0.28640776699029125,0.2586054721977052,0.14386584289496912,0.31112091791703445
0.29027962716378164,0.255659121171771,0.1473590767865069,0.30670217487794055
0.2898806893504198,0.25850640742377373,0.14361467079098542,0.30799823243482105
0.28164695575996496,0.25930792816469556,0.1462987297415681,0.31274638633377133
0.28050921861281825,0.26382791922739246,0.1488147497805092,0.30684811237928006
0.2774869109947644,0.262652705061082,0.14834205933682373,0.31151832460732987
0.27926348092941694,0.25865848312143797,0.1451117930732135,0.3169662428759316
0.27802101576182137,0.2530647985989492,0.14842381786339756,0.3204903677758319
0.28226514486391574,0.25197541703248466,0.1514486391571554,0.31431079894644426
0.2789382071366406,0.25369886858137514,0.15317667536988686,0.31418624891209745
0.275621456607065,0.25556040122110774,0.15656345399040558,0.3122546881814217
0.27909050378956757,0.24877396344181898,0.15960766830138207,0.3125278644672314
0.2830188679245283,0.2531812198332602,0.15445370776656428,0.3093462044756472
0.2803738317757009,0.2554517133956386,0.15442812639074321,0.3097463284379172
0.28112626484821823,0.25208974923009236,0.161460624725033,0.30532336119665643
0.2828193832599119,0.2488986784140969,0.1616740088105727,0.3066079295154185
0.28634167764602547,0.24769433465085638,0.15898111550285463,0.3069828722002635
0.28844444444444445,0.24622222222222223,0.16355555555555557,0.30177777777777776
0.2835164835164835,0.24395604395604395,0.1657142857142857,0.3068131868131868
0.28289473684210525,0.24780701754385964,0.1675438596491228,0.3017543859649123
0.2879858657243816,0.24337455830388693,0.16696113074204946,0.30167844522968196
0.2884108867427568,0.24934152765583845,0.1611062335381914,0.30114135206321335
0.2966549295774648,0.24691901408450703,0.1637323943661972,0.292693661971831
0.3004405286343612,0.2475770925110132,0.16123348017621145,0.2907488986784141
0.29634522236900046,0.24658740642888596,0.16512549537648613,0.2919418758256275
0.29115586690017514,0.2447460595446585,0.1725043782837128,0.29159369527145357
0.2946113074204947,0.24072438162544169,0.1709363957597173,0.29372791519434627
0.30057042562527425,0.23519087318999563,0.17068889863975428,0.29354980254497587
0.2987297415681121,0.24266316250547526,0.1651335961454227,0.2934734997809899
0.29683377308707126,0.24450307827616535,0.16402814423922604,0.29463500439753737
0.29836210712704736,0.24833997343957503,0.16600265604249667,0.2872952633908809
0.30365799911855446,0.249889819303658,0.16703393565447333,0.2794182459233142
0.29850746268656714,0.25021949078138717,0.17383669885864794,0.2774363476733977
0.30017528483786154,0.24978089395267308,0.17353198948290974,0.27651183172655563
0.2966213251426064,0.25362000877577884,0.17419921017990347,0.27555945590171127
0.2952255803766973,0.24616732369689007,0.17608409986859397,0.28252299605781866
0.2955947136563877,0.24625550660792953,0.17004405286343613,0.28810572687224667
0.30295024218405986,0.2404227212681638,0.16776750330250992,0.2888595332452664
0.30434782608695654,0.24110671936758893,0.16512955643390426,0.2894158981115503
0.2979094076655052,0.2421602787456446,0.1681184668989547,0.29181184668989546
0.3038309114927345,0.23557904007045355,0.16600616468516072,0.29458388375165123
0.29960750109027473,0.23680767553423462,0.170082860880942,0.29350196249454863
0.29832303618711387,0.23036187113857018,0.16548984995586938,0.3058252427184466
0.2949891067538126,0.23050108932461874,0.16993464052287582,0.3045751633986928
0.2998236331569665,0.23412698412698413,0.167989417989418,0.2980599647266314
0.29894179894179895,0.23148148148148148,0.16710758377425045,0.30246913580246915
0.30026338893766463,0.22519754170324846,0.16900790166812993,0.305531167690957
0.2964757709251101,0.22995594713656387,0.16916299559471365,0.30440528634361236
0.304986642920748,0.23063223508459482,0.1682991985752449,0.2960819234194123
0.3051747014595312,0.22998673153471916,0.16983635559486954,0.2950022114108801
0.29934065934065934,0.23032967032967033,0.17186813186813188,0.29846153846153844
0.29714532871972316,0.23442906574394465,0.17560553633217993,0.29282006920415227
0.2988606485539001,0.2331288343558282,0.16783523225241018,0.30017528483786154
0.29297392841361025,0.23994697304463103,0.17145382235969953,0.2956252761820592
0.29289810322011467,0.24217026907807676,0.17071018967798854,0.29422143802382
0.29383471797114125,0.2374289462177525,0.17358985570616528,0.295146480104941
0.29916040653999115,0.23331860362350862,0.173663278833407,0.2938577110030932
0.2948661693725318,0.23124177270732776,0.17683194383501535,0.29706011408512506
0.2955947136563877,0.23700440528634362,0.1726872246696035,0.2947136563876652
0.2951251646903821,0.23803249890206413,0.1717171717171717,0.2951251646903821
0.3021519543258674,0.2375933245498463,0.16644707949055776,0.2938076416337286
0.2988556338028169,0.23943661971830985,0.1694542253521127,0.29225352112676056
0.3032570422535211,0.2381161971830986,0.1681338028169014,0.2904929577464789
0.2979842243645925,0.2357581069237511,0.17397020157756354,0.2922874671340929
0.30044444444444446,0.23866666666666667,0.17333333333333334,0.28755555555555556
0.30755711775043937,0.23945518453427064,0.171792618629174,0.281195079086116
0.30323151837096063,0.23727312970340858,0.16954404603806994,0.28995130588756085
0.30728709394205445,0.23266022827041263,0.17251975417032483,0.28753292361720806
0.304251550044287,0.23604960141718334,0.17183348095659876,0.28786536758193093
0.3005654632448891,0.23531970421922574,0.17094388864723792,0.29317094388864723
0.30595026642984013,0.238898756660746,0.16563055062166962,0.2895204262877442
0.30171277997364954,0.2419850680720246,0.17039964866051824,0.2859025032938076
0.29432624113475175,0.23404255319148937,0.17819148936170212,0.29343971631205673
0.29007971656333037,0.2400354295837024,0.18069087688219662,0.2891939769707706
0.2950022114108801,0.23617868199911543,0.183547103051747,0.28527200353825743
0.2939895470383275,0.23736933797909407,0.18162020905923346,0.28702090592334495
0.30130434782608695,0.23782608695652174,0.18391304347826087,0.27695652173913043
0.2997802197802198,0.2347252747252747,0.18505494505494505,0.2804395604395604
0.2968476357267951,0.2425569176882662,0.18476357267950963,0.27583187390542907
0.2987297415681121,0.23740692071835304,0.18834866403854578,0.27551467367498905
0.2975717439293598,0.23620309050772628,0.19337748344370861,0.2728476821192053
0.29645824223874073,0.2404897245299519,0.1915172715347617,0.27153476169654567
0.2886053673559173,0.2402111746590409,0.20281566212054553,0.2683677958644963
0.29223343571741994,0.24177270732777534,0.19789381307591047,0.26810004387889425
0.2872108249672632,0.24181580096027935,0.2007856831078132,0.27018769096464423
0.292894280762565,0.2404679376083189,0.19540727902946273,0.27123050259965337
0.29179464677490125,0.24177270732777534,0.19394471259324264,0.2724879333040807
0.29411764705882354,0.24148606811145512,0.19327731092436976,0.2711189739053516
0.29150326797385623,0.2374727668845316,0.19782135076252724,0.27320261437908494
0.287467134092901,0.24408413672217352,0.19807186678352323,0.2703768624014023
0.2875441696113074,0.24646643109540636,0.196113074204947,0.2698763250883392
0.2914639540026537,0.24546660769570985,0.19946926138876603,0.2636001769128704
0.28960070206230804,0.24396665204036858,0.20008775778850374,0.2663448881088197
0.28502415458937197,0.24286341677646026,0.20553359683794467,0.2665788317962231
0.2831509846827133,0.23807439824945295,0.2074398249452954,0.2713347921225383
0.28089395267309375,0.24101665205959685,0.2037686240140228,0.2743207712532866
0.27816901408450706,0.23943661971830985,0.21038732394366197,0.2720070422535211
0.2754517408550022,0.23975319524019392,0.21375055090348172,0.27104451300132215
0.2770390070921986,0.2349290780141844,0.2176418439716312,0.2703900709219858
0.276707530647986,0.2329246935201401,0.21541155866900175,0.27495621716287216
0.27408056042031526,0.23248686514886166,0.21935201401050788,0.27408056042031526
0.27537511032656664,0.22815533980582525,0.2202118270079435,0.2762577228596646
0.2746294681778553,0.22319093286835223,0.22537053182214473,0.27680906713164777
0.2807250221043324,0.22325375773651635,0.22458001768346597,0.27144120247568526
0.2779482683033757,0.22183252959228408,0.22577816747040771,0.2744410346339325
0.2699822380106572,0.2233570159857904,0.22868561278863234,0.27797513321492007
0.26929902395740907,0.21827861579414373,0.2377994676131322,0.274622892635315
0.2707231040564374,0.22001763668430335,0.23589065255731922,0.27336860670194
0.26904447380008806,0.22236900044033464,0.23161602818141788,0.2769704975781594
0.2721325774095072,0.21979938944614041,0.23026602703881377,0.27780200610553857
0.27518534670737027,0.21979938944614041,0.22939380723942435,0.275621456607065
0.27674624226348365,0.21750663129973474,0.22679045092838196,0.27895667550839964
0.2803819444444444,0.2183159722222222,0.23046875,0.2708333333333333
0.27624066754501536,0.21387790953008345,0.23364075537988582,0.27624066754501536
0.27660510114335973,0.22119613016710643,0.22911169744942833,0.27308707124010556
0.27569475077194533,0.21702690780767533,0.23158359064843406,0.27569475077194533
0.2821080602302923,0.2240921169176262,0.23029229406554472,0.26350752878653677
0.2839774207555363,0.22188449848024316,0.22839774207555363,0.265740338688667
0.28450954283177987,0.21837549933422104,0.22547714158899246,0.27163781624500666
0.28174603174603174,0.22134038800705466,0.22354497354497355,0.27336860670194
0.28923076923076924,0.21670329670329672,0.22065934065934065,0.2734065934065934
0.28383128295254834,0.22144112478031636,0.22231985940246046,0.27240773286467485
0.2859007832898172,0.21714534377719757,0.22845953002610966,0.26849434290687557
0.28596491228070176,0.22017543859649122,0.22456140350877193,0.2692982456140351
0.28227571115973743,0.2236323851203501,0.22056892778993437,0.2735229759299781
0.27444933920704845,0.23348017621145375,0.22246696035242292,0.2696035242290749
0.28464912280701754,0.23333333333333334,0.21842105263157896,0.26359649122807016
0.28307692307692306,0.23604395604395603,0.21802197802197804,0.26285714285714284
0.2799650043744532,0.23403324584426946,0.22178477690288714,0.2642169728783902
0.2835689045936396,0.2314487632508834,0.21952296819787986,0.26545936395759717
0.28520971302428255,0.2326710816777042,0.21589403973509932,0.2662251655629139
0.28211920529801326,0.23399558498896247,0.21810154525386313,0.26578366445916113
0.28295254833040423,0.22934973637961337,0.22231985940246046,0.26537785588752194
0.2841458058849363,0.22705314009661837,0.22485726833552921,0.2639437856829161
0.28045574057843997,0.22699386503067484,0.22567922874671342,0.2668711656441718
0.27149716281099956,0.23003055434308162,0.22741161065037102,0.2710606721955478
0.27156125608137993,0.22954444935869084,0.22777532065457762,0.2711189739053516
0.2723253757736516,0.22988505747126436,0.22723253757736517,0.27055702917771884
0.2678729037952339,0.23080317740511916,0.22683142100617829,0.2744924977934687
0.2689594356261023,0.2310405643738977,0.23192239858906524,0.26807760141093473
0.26982720425343376,0.22773593265396544,0.23172352680549402,0.27071333628710675
0.26887821911828896,0.233085988651244,0.22784810126582278,0.27018769096464423
0.26514486391571557,0.233099209833187,0.22607550482879718,0.27568042142230026
0.2644736842105263,0.22763157894736843,0.22631578947368422,0.28157894736842104
0.2618629173989455,0.23242530755711774,0.2218804920913884,0.28383128295254834
0.2545293857711003,0.2337604949182501,0.22801590808661068,0.2836942112240389
0.26243339253996445,0.24156305506216696,0.2246891651865009,0.2713143872113677
0.25957257346393586,0.24265360641139805,0.23285841495992876,0.2649154051647373
0.2583041958041958,0.24256993006993008,0.2312062937062937,0.2679195804195804
0.25543237250554324,0.23991130820399112,0.23592017738359203,0.2687361419068736
0.25893250992501105,0.23555359505955006,0.2364358182620203,0.2690780767534186
0.24955752212389382,0.24380530973451328,0.23761061946902653,0.26902654867256637
0.2483429076447194,0.2421564295183385,0.2342023862129916,0.2752982766239505
0.2521083000443853,0.2436750998668442,0.23612960497114957,0.26808699511762096
0.2519893899204244,0.2427055702917772,0.22767462422634838,0.27763041556145
0.2507795100222717,0.24632516703786192,0.2289532293986637,0.2739420935412027
0.24923346473937802,0.24879544459045116,0.22820849759088918,0.27376259307928164
0.2537313432835821,0.2510974539069359,0.22388059701492538,0.2712906057945566
0.25623087013554874,0.2575426322693485,0.22168780061215565,0.2645386969829471
0.2526269702276708,0.2613835376532399,0.22416812609457093,0.2618213660245184
0.25405168637757336,0.26325010950503724,0.2172579938677179,0.26544021024967146
0.2517636684303351,0.26455026455026454,0.21604938271604937,0.26763668430335097
0.25353356890459366,0.2592756183745583,0.21289752650176677,0.2742932862190813
0.25308098591549294,0.2592429577464789,0.21786971830985916,0.269806338028169
0.25675077467906154,0.26604692341744135,0.2129260734838424,0.2642762284196547
0.25384277558190604,0.26438296003513395,0.21870882740447958,0.26306543697848045
0.2494510320597277,0.26570048309178745,0.21958717610891523,0.2652613087395696
0.252212389380531,0.2663716814159292,0.21858407079646017,0.2628318584070796
0.25241016652059595,0.2624890446976337,0.22042068361086767,0.26468010517090274
0.25275694750771943,0.2620202911336568,0.21702690780767533,0.2681958535509484
0.25419240953221534,0.2599293909973522,0.21977052074139453,0.26610767872903796
0.2536136662286465,0.2619360490582567,0.21419185282522996,0.27025843188786686
0.25914499779638606,0.25738210665491407,0.21992066989863376,0.2635522256500661
0.259825327510917,0.25589519650655024,0.22227074235807862,0.26200873362445415
0.2639616055846422,0.2617801047120419,0.2194589877835951,0.2547993019197208
0.26325010950503724,0.26237406920718354,0.22032413491020586,0.25405168637757336
0.26443367122080214,0.25914499779638606,0.22124283825473778,0.255178492728074
0.2722100656455142,0.25076586433260395,0.22275711159737419,0.25426695842450764
0.2676612549363756,0.2540587977182975,0.22027204914436158,0.2580078982009653
0.26790450928381965,0.25287356321839083,0.22015915119363394,0.25906277630415564
0.2700698080279232,0.2526178010471204,0.21727748691099477,0.2600349040139616
0.2703881378107283,0.24901875272568688,0.22067160924552987,0.25992150021805493
0.2676923076923077,0.24307692307692308,0.22373626373626374,0.2654945054945055
0.2675994752951465,0.2479230432881504,0.22125054656755574,0.26322693484914733
0.27248441674087265,0.24309884238646481,0.22217275155832591,0.2622439893143366
0.2728888888888889,0.24044444444444443,0.21911111111111112,0.26755555555555555
0.26786497150372646,0.23936869793950022,0.22797018851380974,0.2647961420429636
0.27185732927359724,0.24314919530230536,0.22357546759460636,0.2614180078294911
0.2747447847314691,0.24145583666222814,0.22814025743453173,0.255659121171771
0.2778753292361721,0.24012291483757683,0.2247585601404741,0.257243195785777
0.27613586237318044,0.24217026907807676,0.22849580943978826,0.25319805910895454
0.2778021978021978,0.2443956043956044,0.22197802197802197,0.2558241758241758
0.2710655372269282,0.24877396344181898,0.21934908604547482,0.26081141328577795
0.27164310954063603,0.25220848056537104,0.21687279151943462,0.2592756183745583
0.26928162185985016,0.25385632437197003,0.21419127368884971,0.2626707800793301
0.2683251888049756,0.25410928476232786,0.21679253665037762,0.26077298978231894
0.2672831351827389,0.24966974900924702,0.2192866578599736,0.2637604579480405
0.2666959578207381,0.2513181019332162,0.22056239015817222,0.26142355008787344
0.2634623943035158,0.25634178905206945,0.22296395193591456,0.25723186470850024
0.2643171806167401,0.25198237885462554,0.22951541850220264,0.25418502202643173
0.26607142857142857,0.2513392857142857,0.23125,0.2513392857142857
0.2619047619047619,0.2517636684303351,0.2345679012345679,0.2517636684303351
0.2563989408649603,0.25728155339805825,0.23433362753751102,0.25198587819947044
0.26301853486319504,0.25772285966460723,0.23036187113857018,0.24889673433362755
0.2559366754617414,0.25769569041336854,0.23746701846965698,0.24890061565523308
0.2579787234042553,0.2624113475177305,0.23315602836879432,0.24645390070921985
0.2529488859764089,0.2616863259065094,0.23896898208824816,0.24639580602883354
0.25098554533508544,0.25624178712220763,0.2360928602715725,0.2566798072711345
0.2559366754617414,0.25021987686895336,0.23878627968337732,0.25505716798592787
0.25370531822144726,0.26068003487358327,0.23496076721883175,0.2506538796861377
0.2501095050372317,0.2597459483136224,0.2352168199737188,0.25492772667542707
0.2535211267605634,0.25528169014084506,0.23547535211267606,0.2557218309859155
0.24801762114537446,0.2550660792951542,0.23832599118942732,0.25859030837004404
0.2575558475689882,0.24879544459045116,0.23127463863337713,0.26237406920718354
0.26130873956960915,0.2494510320597277,0.233201581027668,0.2560386473429952
0.2630884293884734,0.24681038275406952,0.23185217773867137,0.25824901011878576
0.2678100263852243,0.2418645558487247,0.22955145118733508,0.26077396657871593
0.2666959578207381,0.25,0.22759226713532513,0.2557117750439367
0.27217125382262997,0.24639580602883354,0.22280471821756226,0.25862822193097423
0.2777047744196233,0.2360928602715725,0.22382829610162067,0.26237406920718354
0.27578574590526783,0.23992917220008853,0.21868083222664897,0.2656042496679947
0.2756183745583039,0.24425795053003532,0.22040636042402828,0.2597173144876325
0.27674624226348365,0.24182139699381078,0.21750663129973474,0.2639257294429708
0.27850877192982454,0.2337719298245614,0.218859649122807,0.268859649122807
0.2807641048422923,0.23234118169702356,0.22079075966237227,0.26610395379831187
0.27965367965367965,0.23722943722943723,0.21904761904761905,0.26406926406926406
0.28046078865750995,0.24856003544528135,0.21178555604785113,0.25919361984935757
0.2783143107989464,0.2462686567164179,0.21202809482001755,0.2633889376646181
0.2731707317073171,0.24700665188470067,0.21596452328159646,0.2638580931263858
0.2800349497597204,0.24464831804281345,0.2166885102664919,0.25862822193097423
0.27792436235708,0.24890061565523308,0.2154793315743184,0.25769569041336854
0.28035714285714286,0.24464285714285713,0.21294642857142856,0.26205357142857144
0.27716673999120106,0.24637043554773427,0.21381434227892654,0.26264848218213815
0.275740167918692,0.2465753424657534,0.21210782147591692,0.26557666813963765
0.2711715664765248,0.24352786309784993,0.2180781044317683,0.26722246599385696
0.2678963548528766,0.24462011418533158,0.21958717610891523,0.2678963548528766
0.2642762284196547,0.24391323594510844,0.217352810978309,0.27445772465692786
0.26894107221976077,0.25431989366415597,0.21134249003101463,0.2653965440850687
0.2757562472599737,0.24857518632178868,0.2117492327926348,0.2639193336256028
0.28407587119541244,0.250992501102779,0.2055580061755624,0.25937362152624616
0.2754069511658601,0.2503299604047514,0.20413550373955125,0.2701275846898372
0.28289473684210525,0.24868421052631579,0.20394736842105263,0.2644736842105263
0.2889867841409692,0.2515418502202643,0.20044052863436124,0.25903083700440527
0.28998242530755713,0.2469244288224956,0.20650263620386644,0.2565905096660808
0.2905944986690328,0.2515527950310559,0.20585625554569653,0.25199645075421473
0.28584070796460176,0.25486725663716814,0.21017699115044247,0.2491150442477876
0.28496273564226215,0.25778167470407715,0.20780359491451117,0.2494519947391495
0.2836218375499334,0.26409232134931204,0.20905459387483355,0.243231247225921
0.2932330827067669,0.25917735515258733,0.20389208314904908,0.24369747899159663
0.28313518273888155,0.25891677675033026,0.2073976221928666,0.25055041831792163
0.2839451570101725,0.26138876603272887,0.20875718708536045,0.24590888987173817
0.28565140845070425,0.26100352112676056,0.21214788732394366,0.24119718309859156
0.28129088530309637,0.25992150021805493,0.2136938508504143,0.24509376362843435
0.2804931748128578,0.2619991193306913,0.21136063408190225,0.24614707177454867
0.28171478565179353,0.2585301837270341,0.2121609798775153,0.24759405074365703
0.28071709663314387,0.26541320507214694,0.20769567118495846,0.24617402710975075
0.28264680105170903,0.25591586327782645,0.21560035056967572,0.24583698510078877
0.28099910793933985,0.2609277430865299,0.21944692239072258,0.23862622658340768
0.2740088105726872,0.2594713656387665,0.21894273127753303,0.2475770925110132
0.2717536813922356,0.25301204819277107,0.22445336903168228,0.250780901383311
0.2720173535791757,0.25379609544468545,0.22342733188720174,0.2507592190889371
0.2710896309314587,0.2552724077328647,0.22363796133567662,0.25
0.27152899824253074,0.24736379613356765,0.23198594024604569,0.2491212653778559
0.274681878016674,0.2544975866608161,0.22948661693725317,0.2413339183852567
0.2760763426542388,0.24811362627607633,0.23169107856191745,0.2441189525077674
0.26690234202386215,0.2540874944763588,0.2346442775077331,0.24436588599204595
0.26654975887768523,0.2529592284085927,0.2362998684787374,0.24419114423498467
0.27117903930131004,0.2537117903930131,0.2336244541484716,0.24148471615720524
0.27098214285714284,0.2486607142857143,0.23883928571428573,0.24151785714285715
0.272207563764292,0.2436235708003518,0.24582233948988566,0.23834652594547054
0.2805628847845207,0.23922603342128407,0.23922603342128407,0.24098504837291118
0.27636203866432335,0.24472759226713534,0.24340949033391915,0.23550087873462214
0.2742932862190813,0.2411660777385159,0.24469964664310953,0.2398409893992933
0.2749778956675508,0.2480106100795756,0.242263483642794,0.23474801061007958
0.27616534740545295,0.24714160070360597,0.24406332453825857,0.2326297273526825
0.2719683655536028,0.2508787346221441,0.2460456942003515,0.23110720562390158
0.2762577228596646,0.24889673433362755,0.24271844660194175,0.2321270962047661
0.2779232111692845,0.24956369982547993,0.2482547993019197,0.22425828970331588
0.2833629893238434,0.2526690391459075,0.24243772241992884,0.2215302491103203
0.2907644719399028,0.24701723376049492,0.24701723376049492,0.21520106053910737
0.29574374725756913,0.2430890741553313,0.24352786309784993,0.21763931548924967
0.29592284085927223,0.24199912319158265,0.24419114423498467,0.21788689171416045
0.29437609841827767,0.23769771528998243,0.2508787346221441,0.21704745166959577
0.29770318021201414,0.2411660777385159,0.24823321554770317,0.21289752650176677
0.29515418502202645,0.24537444933920705,0.2422907488986784,0.2171806167400881
0.2974043114826221,0.24681038275406952,0.2424109106907171,0.2133743950725913
0.2919772029811486,0.24462954844366505,0.2498903989478299,0.2135028496273564
0.3,0.24956140350877193,0.24385964912280703,0.20657894736842106
0.2992957746478873,0.24735915492957747,0.2460387323943662,0.207306338028169
0.2975717439293598,0.23973509933774834,0.2565121412803532,0.20618101545253864
0.2933097031457687,0.24501550731058927,0.2534337616304829,0.20824102791315907
0.2951251646903821,0.24725516029863856,0.2507685551163812,0.20685111989459815
0.29416922402455065,0.2533976326172731,0.2494519947391495,0.20298114861902675
0.29481546572934975,0.2526362038664323,0.2482425307557118,0.20430579964850615
0.3008849557522124,0.24955752212389382,0.24469026548672565,0.20486725663716815
0.29668411867364747,0.2530541012216405,0.2456369982547993,0.20462478184991273
0.287467134092901,0.25591586327782645,0.24583698510078877,0.2107800175284838
0.2918133802816901,0.2557218309859155,0.24559859154929578,0.2068661971830986
0.29532546963739625,0.2455220620358235,0.2472695500218436,0.21188291830493666
0.29541446208112876,0.2526455026455027,0.24074074074074073,0.21119929453262787
0.30088105726872244,0.2488986784140969,0.2422907488986784,0.20792951541850221
0.3058978873239437,0.24779929577464788,0.23723591549295775,0.20906690140845072
0.30657894736842106,0.24210526315789474,0.23991228070175438,0.21140350877192982
0.2997792494481236,0.24591611479028697,0.23973509933774834,0.21456953642384105
0.30417582417582417,0.24263736263736263,0.24,0.21318681318681318
0.30492091388400705,0.23725834797891038,0.24428822495606328,0.21353251318101935
0.3022026431718062,0.2330396475770925,0.24273127753303964,0.22202643171806166
0.30100043497172685,0.234884732492388,0.24575902566333188,0.2183558068725533
0.30376940133037694,0.22882483370288248,0.25099778270509976,0.2164079822616408
0.30186170212765956,0.23093971631205673,0.24867021276595744,0.21852836879432624
0.30698689956331876,0.22838427947598253,0.2462882096069869,0.2183406113537118
0.30511463844797176,0.22839506172839505,0.2508818342151676,0.2156084656084656
0.3041168658698539,0.22266489597166889,0.25542275343072157,0.21779548472775564
0.2980599647266314,0.22663139329805995,0.25485008818342153,0.2204585537918871
0.29590488771466317,0.2280933509467195,0.25451343020695727,0.22148833113166005
0.30123674911660775,0.22438162544169613,0.25265017667844525,0.22173144876325088
0.3014543851917144,0.2238871749669458,0.25782282944028206,0.21683561040105773
0.3102237823606845,0.2198332602018429,0.2505484861781483,0.21939447125932426
0.3057380639509417,0.22032413491020586,0.25229960578186594,0.22163819535698642
0.30671347082053535,0.22465993856954805,0.24572180781044317,0.22290478279947346
0.30837394771821003,0.22153300841825432,0.24457244129375277,0.2255206025697829
0.30806737588652483,0.22030141843971632,0.2429078014184397,0.22872340425531915
0.3022636484687084,0.21837549933422104,0.24500665778961384,0.23435419440745672
0.29991126885536823,0.21827861579414373,0.24312333629103816,0.23868677905944988
0.3028972783143108,0.218612818261633,0.23353819139596138,0.24495171202809482
0.2992988606485539,0.22042068361086767,0.2353198948290973,0.24496056091148116
0.3042525208241999,0.21788689171416045,0.2371766768960982,0.24068391056554142
0.3097228332600088,0.21601407831060274,0.23053233611966564,0.24373075230972283
0.30603258476442097,0.22016732716864817,0.23557904007045355,0.23822104799647734
0.3041191936897458,0.21954425942156003,0.23794916739702016,0.23838737949167396
0.2961487383798141,0.22576361221779548,0.23550243470562196,0.24258521469676847
0.29736842105263156,0.225,0.23201754385964912,0.24561403508771928
0.30196936542669583,0.22056892778993437,0.2350109409190372,0.2424507658643326
0.29916776171703896,0.21901007446342532,0.24266316250547526,0.23915900131406045
0.29657293497363796,0.21616871704745166,0.24121265377855888,0.2460456942003515
0.2938368055555556,0.22178819444444445,0.2361111111111111,0.2482638888888889
0.29516200621393696,0.2197070572569907,0.23834886817576564,0.2467820683533067
0.30177777777777776,0.22311111111111112,0.23333333333333334,0.24177777777777779
0.2995190205509401,0.22081329252295584,0.2374289462177525,0.24223874070835155
0.30057042562527425,0.21588415971917507,0.24045634050021938,0.2430890741553313
0.3018037835459745,0.21513418389793224,0.23713154421469423,0.24593048834139902
0.3045774647887324,0.2130281690140845,0.2363556338028169,0.2460387323943662
0.30192813321647677,0.2085889570552147,0.2361963190184049,0.2532865907099036
0.29313380281690143,0.20906690140845072,0.2381161971830986,0.2596830985915493
0.29458740017746227,0.21339840283939662,0.24046140195208518,0.2515527950310559
0.28836797877045556,0.21406457319770014,0.23971693940734187,0.25785050862450243
0.28740675734971477,0.21895568231680562,0.24089512944273805,0.25274243089074155
0.2912621359223301,0.21403353927625773,0.24315975286849073,0.25154457193292146
0.29225352112676056,0.21963028169014084,0.24515845070422534,0.24295774647887325
0.2916666666666667,0.22105263157894736,0.24385964912280703,0.24342105263157895
0.29027962716378164,0.2197070572569907,0.2441189525077674,0.2458943630714603
0.3008849557522124,0.21460176991150443,0.24026548672566372,0.24424778761061947
0.2992056487202118,0.21932921447484555,0.2418358340688438,0.23962930273609886
0.29424681598594643,0.2204655248133509,0.2419850680720246,0.24330259112867808
0.3017699115044248,0.22566371681415928,0.23761061946902653,0.23495575221238937
0.29916410030796303,0.22701275846898372,0.2344918609766828,0.23933128024637043
0.306601683650864,0.22995126273814798,0.22950819672131148,0.23393885688967656
0.3059340659340659,0.21978021978021978,0.23516483516483516,0.23912087912087912
0.30596026490066225,0.22119205298013245,0.23399558498896247,0.23885209713024283
0.3039041703637977,0.2209405501330967,0.23824312333629105,0.23691215616681455
0.30123674911660775,0.22438162544169613,0.23630742049469966,0.23807420494699646
0.29668874172185433,0.22428256070640176,0.23885209713024283,0.2401766004415011
0.29455662862159787,0.23002633889376647,0.237928007023705,0.23748902546093065
0.29331574318381703,0.23175021987686895,0.23966578715919085,0.23526824978012312
0.28926353149955636,0.23336291038154391,0.2453416149068323,0.23203194321206744
0.2883002207505519,0.23134657836644593,0.247682119205298,0.2326710816777042
0.2854648625054561,0.22828459188127456,0.24749017896115233,0.23876036665211697
0.2904363155575143,0.2247686205376818,0.249889819303658,0.23490524460114587
0.2946625496250551,0.2267313630348478,0.24217026907807676,0.2364358182620203
0.29995627459554003,0.2264975951027547,0.2365544381285527,0.2369916921731526
0.29137010676156583,0.2326512455516014,0.2353202846975089,0.24065836298932383
0.2889767237593325,0.23671497584541062,0.24022837066315328,0.23407992973210365
0.2889969067609368,0.23155103844454264,0.23994697304463103,0.23950508174988952
0.28463587921847244,0.23268206039076378,0.2433392539964476,0.23934280639431615
0.2885964912280702,0.2324561403508772,0.2442982456140351,0.23464912280701755
0.29179464677490125,0.23036419482229048,0.24440544098288722,0.23343571741992103
0.29124505059392874,0.23141223053233612,0.24197096348438188,0.2353717553893533
0.28421052631578947,0.2324561403508772,0.24166666666666667,0.24166666666666667
0.28540113985094256,0.23235423060061378,0.24024550635686104,0.24199912319158265
0.28945074106364427,0.23408892763731473,0.23496076721883175,0.24149956408020923
0.2932396839332748,0.23485513608428446,0.2370500438981563,0.23485513608428446
0.29783473265576665,0.23773751657092354,0.22934158197083518,0.2350861688024746
0.29817534490431685,0.24032042723631508,0.22830440587449932,0.23319982198486872
0.30140597539543057,0.24428822495606328,0.22803163444639718,0.22627416520210897
0.29867256637168144,0.24380530973451328,0.2252212389380531,0.2323008849557522
0.307928164695576,0.2448532632501095,0.22076215505913271,0.2264564169951818
0.3040629095674967,0.24858016601135868,0.2236784622105723,0.2236784622105723
0.30177777777777776,0.244,0.22444444444444445,0.22977777777777778
0.3050772626931567,0.24547461368653423,0.2185430463576159,0.23090507726269316
0.304635761589404,0.24635761589403973,0.2194260485651214,0.22958057395143489
0.30618466898954705,0.25043554006968644,0.21646341463414634,0.2269163763066202
0.30246646473388145,0.2518390307226309,0.21462570315880572,0.23106880138468194
0.305678793256433,0.25199645075421473,0.21694764862466726,0.225377107364685
0.3132209405501331,0.24622892635314997,0.21960958296362024,0.2209405501330967
0.30718667835232255,0.24890446976336547,0.21910604732690622,0.22480280455740578
0.30629432624113473,0.25310283687943264,0.21897163120567376,0.22163120567375885
0.3075221238938053,0.25442477876106195,0.22566371681415928,0.21238938053097345
0.3131844064826982,0.24616732369689007,0.22601839684625494,0.2146298729741568
0.30952380952380953,0.24691358024691357,0.22971781305114639,0.2138447971781305
0.31357806280406897,0.24413976116762495,0.22114108801415303,0.22114108801415303
0.30714916151809357,0.24624889673433362,0.22462488967343336,0.22197705207413945
0.3114897335080821,0.24246395806028834,0.2214941022280472,0.22455220620358235
0.3042525208241999,0.2367382726874178,0.22972380534853135,0.22928540113985094
0.2977797126686983,0.24031345232912493,0.23204179364388333,0.22986504135829341
0.30221238938053097,0.2323008849557522,0.2336283185840708,0.23185840707964603
0.30539710399297937,0.23738481790258886,0.23124177270732776,0.225976305397104
0.3057017543859649,0.2394736842105263,0.22631578947368422,0.22850877192982455
0.30207872622733306,0.23794781070322865,0.22998673153471916,0.22998673153471916
0.3042155584528466,0.23946110386788352,0.23163841807909605,0.22468491960017384
0.3063102541630149,0.2353198948290973,0.22743207712532865,0.23093777388255915
0.3033905768383972,0.2404227212681638,0.22457067371202113,0.23161602818141788
0.2986111111111111,0.2439236111111111,0.22178819444444445,0.23567708333333334
0.29712041884816753,0.24650959860383945,0.21902268760907503,0.23734729493891799
0.2932330827067669,0.2516585581601061,0.22069880583812473,0.2344095532950022
0.2915194346289753,0.247791519434629,0.22084805653710246,0.2398409893992933
0.2907079646017699,0.252212389380531,0.22212389380530972,0.23495575221238937
0.2872246696035242,0.25022026431718064,0.22026431718061673,0.2422907488986784
0.2839075447012647,0.2516354121238552,0.22067160924552987,0.2437854339293502
0.28653169014084506,0.25440140845070425,0.2227112676056338,0.2363556338028169
0.2914462081128748,0.2526455026455027,0.22530864197530864,0.23059964726631393
0.29526339088092074,0.24302788844621515,0.22000885347498894,0.24169986719787517
0.28874172185430463,0.2543046357615894,0.21766004415011037,0.2392935982339956
0.29201588001764445,0.2474636082928981,0.2192324658138509,0.24128804587560654
0.28240942819729375,0.25403753819292885,0.21475338280226974,0.24879965080750763
0.28427065026362036,0.24868189806678384,0.22012302284710017,0.2469244288224956
0.28363475959417733,0.25319805910895454,0.21967357741508603,0.2434936038817821
0.28484054172127565,0.24464831804281345,0.2214941022280472,0.2490170380078637
0.28773168578993824,0.2444836716681377,0.2202118270079435,0.24757281553398058
0.2860915492957746,0.24647887323943662,0.22007042253521128,0.24735915492957747
0.2805410122164049,0.24345549738219896,0.2268760907504363,0.24912739965095987
0.2860310421286031,0.24301552106430155,0.22527716186252772,0.24567627494456762
0.28780487804878047,0.24035476718403548,0.22172949002217296,0.2501108647450111
0.28888888888888886,0.25066666666666665,0.20933333333333334,0.2511111111111111
0.2894503546099291,0.2429078014184397,0.2154255319148936,0.2522163120567376
0.2865961199294533,0.23985890652557318,0.21649029982363316,0.2570546737213404
0.296118621892717,0.23549934583515045,0.20976886175316178,0.25861317051897076
0.2890727035263387,0.24074880278624292,0.20983892033086635,0.260339573356552
0.2914083259521701,0.2382639503985828,0.21434898139946856,0.25597874224977857
0.290407358738502,0.24266316250547526,0.21287779237844942,0.25405168637757336
0.2925764192139738,0.24541484716157205,0.2109170305676856,0.25109170305676853
0.30123674911660775,0.24381625441696114,0.21068904593639576,0.24425795053003532
0.2982917214191853,0.2474813841436706,0.2102496714848883,0.2439772229522558
0.29934065934065934,0.24747252747252746,0.21406593406593408,0.23912087912087912
0.3038309114927345,0.242184059885513,0.21488331131660063,0.23910171730515192
0.30008787346221444,0.24560632688927944,0.21133567662565905,0.2429701230228471
0.30394736842105263,0.24385964912280703,0.21140350877192982,0.24078947368421053
0.29679964927663305,0.24813678211310827,0.21306444541867603,0.24199912319158265
0.30394736842105263,0.25043859649122807,0.21271929824561403,0.23289473684210527
0.3054945054945055,0.24703296703296704,0.21318681318681318,0.2342857142857143
0.3073192239858907,0.2495590828924162,0.20855379188712522,0.2345679012345679
0.30633802816901406,0.25088028169014087,0.2112676056338028,0.23151408450704225
0.30043859649122806,0.25219298245614036,0.20964912280701756,0.23771929824561402
0.30522088353413657,0.25301204819277107,0.2039268183846497,0.23784024988844266
0.3012205754141238,0.25544899738448124,0.2109851787271142,0.23234524847428073
0.30562884784520666,0.2541776605101143,0.2102022867194371,0.22999120492524186
0.3153310104529617,0.2547909407665505,0.2038327526132404,0.2260452961672474
0.31016278046634405,0.25296964364276286,0.20325560932688078,0.2336119665640123
0.3237722729248153,0.2481529769665363,0.20078226857887874,0.22729248152976966
0.3282275711159737,0.25295404814004374,0.2,0.2188183807439825
0.327032967032967,0.24835164835164836,0.20351648351648352,0.2210989010989011
0.3258278145695364,0.24900662251655628,0.20353200883002207,0.22163355408388521
0.32587719298245615,0.2425438596491228,0.20482456140350877,0.2267543859649123
0.32833847509916264,0.24504186866460997,0.20185103569854562,0.2247686205376818
0.323477493380406,0.23962930273609886,0.20476610767872905,0.2321270962047661
0.32355555555555554,0.2328888888888889,0.204,0.23955555555555555
0.321570357300397,0.23820026466696073,0.20291133656815175,0.2373180414644905
0.31913959613696224,0.2405618964003512,0.20456540825285338,0.23573309920983318
0.3198771390960948,0.23913997367266346,0.20228170250109698,0.2387011847301448
0.3192982456140351,0.23026315789473684,0.20833333333333334,0.24210526315789474
