R,A,S,N
0.0,0.0,1.0,0.0
0.0,0.25,0.75,0.0
0.0,0.5,0.5,0.0
0.09090909090909091,0.45454545454545453,0.45454545454545453,0.0
0.2,0.4666666666666667,0.3333333333333333,0.0
0.22727272727272727,0.45454545454545453,0.3181818181818182,0.0
0.23333333333333334,0.4,0.36666666666666664,0.0
0.2619047619047619,0.35714285714285715,0.38095238095238093,0.0
0.3090909090909091,0.32727272727272727,0.36363636363636365,0.0
0.3333333333333333,0.32051282051282054,0.34615384615384615,0.0
0.3564356435643564,0.297029702970297,0.32673267326732675,0.019801980198019802
0.41911764705882354,0.25735294117647056,0.29411764705882354,0.029411764705882353
0.4888888888888889,0.21666666666666667,0.26666666666666666,0.027777777777777776
0.5565217391304348,0.18695652173913044,0.23478260869565218,0.021739130434782608
0.5973154362416108,0.1610738255033557,0.23154362416107382,0.010067114093959731
0.584,0.17333333333333334,0.224,0.018666666666666668
0.5978260869565217,0.17391304347826086,0.2,0.02826086956521739
0.6208695652173913,0.16869565217391305,0.1791304347826087,0.03130434782608696
0.6302158273381295,0.1697841726618705,0.16402877697841728,0.03597122302158273
0.6278240190249703,0.15933412604042807,0.16646848989298454,0.04637336504161712
0.6302521008403361,0.16491596638655462,0.15441176470588236,0.05042016806722689
0.6357012750455373,0.15846994535519127,0.14845173041894352,0.05737704918032787
0.6396103896103896,0.14853896103896103,0.14853896103896103,0.0633116883116883
0.6352517985611511,0.14820143884892087,0.14388489208633093,0.07266187050359713
0.6299161831076725,0.13926499032882012,0.15087040618955513,0.07994842037395229
0.6261234272019173,0.1384062312762133,0.14799281006590773,0.08747753145596165
0.6287492925863045,0.1386530843237125,0.14374646293152235,0.08885116015846067
0.6246089676746611,0.13607924921793535,0.1465067778936392,0.09280500521376434
0.618,0.1355,0.151,0.0955
0.6193236714975845,0.1318840579710145,0.14782608695652175,0.10096618357487923
0.6171401956217979,0.13414066138798322,0.14997671169073126,0.09874243129948766
0.6201726487960019,0.12903225806451613,0.15174920490686053,0.09904588823262153
0.6168307967770814,0.12981199641897942,0.153088630259624,0.10026857654431513
0.6089086859688196,0.133630289532294,0.155011135857461,0.10244988864142539
0.6045373665480427,0.13300711743772242,0.1561387900355872,0.10631672597864769
0.6042590949423248,0.1313220940550133,0.15394853593611357,0.11047027506654836
0.603731674811195,0.12972012438916036,0.1559306974677921,0.11061750333185251
0.6039647577092511,0.12819383259911896,0.15638766519823788,0.11145374449339207
0.6031042128603105,0.12904656319290467,0.15343680709534369,0.11441241685144124
0.5995575221238938,0.13451327433628318,0.15265486725663716,0.11327433628318584
0.6024572180781045,0.13163668275559456,0.1518209741114524,0.11408512505484862
0.5948086229652442,0.1328640563132424,0.15442146942366916,0.11790585129784426
0.5971542907959093,0.13205869275233437,0.14584259670964872,0.1249444197421076
0.5877154220061864,0.13389306230667256,0.1506849315068493,0.12770658418029165
0.5876379690949227,0.13200883002207506,0.152317880794702,0.1280353200883002
0.5891371003066141,0.12833990363556724,0.15243101182654403,0.13009198423127463
0.5828166519043402,0.1275465013286094,0.15810451727192207,0.13153232949512844
0.5818984547461369,0.13024282560706402,0.15584988962472407,0.13200883002207506
0.5857648099027409,0.1251105216622458,0.16091954022988506,0.1282051282051282
0.5802304964539007,0.12987588652482268,0.162677304964539,0.12721631205673758
0.5838866755201416,0.1301460823373174,0.15449313855688357,0.13147410358565736
0.5839964633068081,0.129973474801061,0.15163572060123784,0.134394341290893
0.5880281690140845,0.1267605633802817,0.14964788732394366,0.13556338028169015
0.585387323943662,0.12808098591549297,0.14788732394366197,0.1386443661971831
0.5798922800718133,0.12791741472172352,0.15080789946140036,0.14138240574506283
0.5817137809187279,0.12588339222614842,0.14840989399293286,0.1439929328621908
0.5846359982134882,0.12594908441268424,0.14738722644037516,0.14202769093345244
0.58719646799117,0.1262693156732892,0.15011037527593818,0.13642384105960265
0.5922632281013784,0.12272120942641174,0.14495331258337038,0.14006224988883947
0.5880035026269702,0.1243432574430823,0.14623467600700527,0.14141856392294222
0.5906666666666667,0.12444444444444444,0.14222222222222222,0.14266666666666666
0.5898004434589801,0.12904656319290467,0.14412416851441243,0.13702882483370288
0.5846774193548387,0.13216845878136202,0.1388888888888889,0.1442652329749104
0.5862831858407079,0.1336283185840708,0.13938053097345132,0.1407079646017699
0.5773150199379707,0.13424900310146212,0.14222419140451928,0.14621178555604786
0.5806310254163015,0.13409290096406662,0.13803680981595093,0.147239263803681
0.5750332005312085,0.1394422310756972,0.13501549358123063,0.15050907481186365
0.5788538427365615,0.14482452243447358,0.12838738338516215,0.14793425144380276
0.5824468085106383,0.1449468085106383,0.12411347517730496,0.14849290780141844
0.577433628318584,0.1433628318584071,0.1261061946902655,0.15309734513274337
0.5768383971818583,0.1444297666226332,0.12373403786878027,0.1549977983267283
0.5773966578715919,0.14204045734388743,0.12137203166226913,0.15919085312225154
0.5743362831858407,0.1433628318584071,0.11991150442477876,0.16238938053097346
0.5704225352112676,0.14744718309859156,0.12147887323943662,0.16065140845070422
0.5725806451612904,0.14516129032258066,0.12589605734767026,0.15636200716845877
0.5733803437637726,0.14543851917144116,0.12340237990304098,0.15777875716174528
0.5726306465899026,0.14526129317980513,0.12134632418069087,0.16076173604960142
0.5632939115199299,0.14805081033727552,0.12045554095488392,0.16819973718791065
0.5691021126760564,0.14700704225352113,0.11971830985915492,0.1641725352112676
0.5721260541500222,0.1473590767865069,0.11495783399911229,0.16555703506435862
0.5807314897413024,0.14183764495985726,0.11507582515611062,0.1623550401427297
0.5879982086878639,0.13927451858486342,0.11330049261083744,0.1594267801164353
0.5871111111111111,0.14266666666666666,0.112,0.1582222222222222
0.5958663148636764,0.13808267370272648,0.1077396657871592,0.158311345646438
0.5997352162400706,0.13724624889673434,0.11120917917034422,0.15180935569285084
0.5982339955849889,0.13112582781456952,0.1130242825607064,0.1576158940397351
0.6063829787234043,0.12943262411347517,0.11170212765957446,0.1524822695035461
0.607912087912088,0.12527472527472527,0.10989010989010989,0.15692307692307692
0.6080843585237259,0.12038664323374342,0.11115992970123023,0.16036906854130054
0.6088300220750552,0.1205298013245033,0.11125827814569536,0.15938189845474612
0.6062887511071745,0.11868910540301152,0.11426040744021258,0.16076173604960142
0.6033494931687968,0.12119876597620097,0.11370647862494491,0.1617452622300573
0.6007905138339921,0.12340799297321037,0.11155028546332894,0.1642512077294686
0.6061269146608315,0.12341356673960613,0.112472647702407,0.15798687089715535
0.6058201058201058,0.12433862433862433,0.11243386243386243,0.1574074074074074
0.6069086139046787,0.12636641888937472,0.1080017490161784,0.15872321818976826
0.6147396293027361,0.12224183583406885,0.10900264783759929,0.15401588702559577
0.6075221238938053,0.12433628318584071,0.10929203539823008,0.1588495575221239
0.6109880372175455,0.12405848471422241,0.1072219760744351,0.15773150199379707
0.6097453906935909,0.12510974539069358,0.10667251975417033,0.1584723441615452
0.6142983230361871,0.12842012356575463,0.10414827890556046,0.1531332744924978
0.615861763402747,0.12937527691626052,0.10323438192290652,0.15152857775808595
0.6146017699115044,0.13274336283185842,0.10398230088495575,0.1486725663716814
0.621978021978022,0.12967032967032968,0.10153846153846154,0.1468131868131868
0.6196373286156568,0.13047324192835028,0.1017249004865104,0.14816452896948254
0.6175950486295314,0.12953138815207782,0.10212201591511937,0.15075154730327145
0.6177520071364853,0.12622658340767173,0.10303300624442462,0.15298840321141838
0.6191105239982386,0.12505504183179217,0.10039630118890357,0.1554381329810656
0.6178681999115435,0.1238390092879257,0.1017249004865104,0.15656789031402035
0.6257722859664607,0.11915269196822595,0.09796999117387467,0.15710503089143865
0.6287744227353463,0.12033747779751332,0.0941385435168739,0.15674955595026643
0.6316964285714286,0.11964285714285715,0.09508928571428571,0.15357142857142858
0.6368838028169014,0.12059859154929578,0.08758802816901408,0.15492957746478872
0.6259982253771074,0.12466725820763087,0.09050576752440107,0.15882874889086068
0.6226248342907644,0.11842686699072029,0.09102960671674767,0.16791869200176757
0.6225402504472272,0.11493738819320215,0.09570661896243292,0.16681574239713776
0.6190897039328325,0.1171011931064958,0.09456473707467963,0.16924436588599204
0.6165480427046264,0.11832740213523131,0.09252669039145907,0.17259786476868327
0.6186067019400353,0.11199294532627865,0.08994708994708994,0.17945326278659612
0.6153172866520787,0.10897155361050329,0.09540481400437636,0.18030634573304158
0.6151809355692851,0.1059135039717564,0.09223300970873786,0.18667255075022066
0.6165413533834586,0.10437859354268023,0.09066784608580274,0.18841220698805838
0.6144736842105263,0.1074561403508772,0.09078947368421053,0.18728070175438596
0.6113556338028169,0.11179577464788733,0.08846830985915492,0.18838028169014084
0.6025641025641025,0.11052166224580018,0.08841732979664015,0.19849690539345713
0.6157570422535211,0.1073943661971831,0.08670774647887323,0.19014084507042253
0.6079470198675496,0.10905077262693157,0.08874172185430464,0.19426048565121412
0.6072534276868642,0.10570544007076514,0.08934099955771782,0.1977001326846528
0.6064063185607723,0.10443176831943835,0.09082931110136025,0.19833260201842914
0.6076512455516014,0.10053380782918149,0.09252669039145907,0.199288256227758
0.604,0.10177777777777777,0.0951111111111111,0.1991111111111111
0.5991992882562278,0.10186832740213524,0.09830960854092527,0.20062277580071175
0.6048245614035088,0.10307017543859649,0.09649122807017543,0.1956140350877193
0.603956043956044,0.10285714285714286,0.09494505494505495,0.19824175824175824
0.6014109347442681,0.1009700176366843,0.09435626102292768,0.20326278659611993
0.6074725274725274,0.10065934065934067,0.09010989010989011,0.20175824175824175
0.6036395916555704,0.09942299156679982,0.09409675987572126,0.20284065690190856
0.6048565121412803,0.10331125827814569,0.0913907284768212,0.20044150110375275
0.6039735099337749,0.10022075055187638,0.0922737306843267,0.20353200883002207
0.6036988110964333,0.10083663584324086,0.09247027741083223,0.20299427564949363
0.6088674275680421,0.10140474100087796,0.08999122036874452,0.1997366110623354
0.6086956521739131,0.0992534036012297,0.09003074220465525,0.20202020202020202
0.6063922942206655,0.0989492119089317,0.09106830122591944,0.20359019264448336
0.6028960070206231,0.1031154014918824,0.08995173321632295,0.20403685827117157
0.6033792796798577,0.1004891062694531,0.08892841262783459,0.2072032014228546
0.6056587091069849,0.10565870910698497,0.08664898320070734,0.20203359858532272
0.614410480349345,0.10305676855895196,0.08384279475982533,0.19868995633187772
0.6139351446099912,0.10385626643295355,0.0876424189307625,0.19456617002629273
0.6162995594713656,0.10220264317180616,0.08898678414096917,0.19251101321585903
0.6084070796460177,0.10442477876106195,0.08672566371681416,0.2004424778761062
0.6085050416483998,0.09864094695309075,0.08943445857080227,0.20341955282770716
0.6124613345117101,0.09986743261157756,0.0821917808219178,0.2054794520547945
0.6098418277680141,0.10017574692442882,0.08787346221441125,0.20210896309314588
0.618415227976981,0.09738822487826472,0.08410801239486498,0.20008853474988933
0.6120651695288419,0.09731395860854249,0.08806693086745927,0.2025539409951563
0.6193005754758742,0.09296148738379814,0.08720672864099159,0.20053120849933598
0.6137961335676626,0.09358523725834798,0.09050966608084358,0.20210896309314588
0.6199294532627866,0.09347442680776014,0.08597883597883597,0.2006172839506173
0.6130182790905038,0.09184128399465002,0.08604547481052162,0.20909496210432457
0.6108897742363878,0.09296148738379814,0.08853474988933156,0.20761398849048252
0.6154867256637168,0.09247787610619469,0.08495575221238938,0.20707964601769913
0.6116248348745046,0.09026860413914575,0.08278291501541171,0.21532364597093792
0.6068601583113457,0.08883025505716799,0.08751099384344767,0.2167985927880387
0.6043324491600354,0.09681697612732096,0.08664898320070734,0.21220159151193635
0.5924611973392461,0.09933481152993348,0.09268292682926829,0.2155210643015521
0.5942028985507246,0.10144927536231885,0.09266578831796222,0.2116820377689943
0.5958663148636764,0.09850483729111698,0.09586631486367635,0.20976253298153033
0.6044150110375276,0.09801324503311258,0.08962472406181016,0.20794701986754968
0.6031957390146472,0.09942299156679982,0.09320905459387484,0.2041722148246782
0.6020544886109871,0.09691826708351943,0.09289861545332738,0.20812862885216615
0.6125886524822695,0.09618794326241134,0.08732269503546099,0.20390070921985815
0.612832824094282,0.09515495416848538,0.08686163247490179,0.20515058926233087
0.6058035714285714,0.10133928571428572,0.08883928571428572,0.20401785714285714
0.608965823346649,0.09764758100310697,0.08788282290279627,0.20550377274744785
0.6066815144766147,0.09933184855233854,0.08953229398663697,0.2044543429844098
0.6074847693646649,0.09834638816362054,0.08572671888598782,0.20844212358572672
0.6109637488947833,0.09593280282935455,0.08532272325375774,0.20778072502210435
0.6151142355008787,0.0984182776801406,0.07776801405975395,0.2086994727592267
0.6187335092348285,0.09762532981530343,0.08047493403693931,0.20316622691292877
0.6188811188811189,0.09746503496503496,0.07823426573426573,0.20541958041958042
0.6163048294195835,0.09880372175454143,0.08019494904740807,0.204696499778467
0.6171251109139307,0.09804791481810116,0.07763975155279502,0.20718722271517304
0.6163410301953819,0.09991119005328597,0.07548845470692718,0.20825932504440497
0.6084284460052678,0.10008779631255488,0.0781387181738367,0.21334503950834066
0.6128747795414462,0.09391534391534391,0.07980599647266313,0.21340388007054673
0.618141592920354,0.09513274336283185,0.07831858407079646,0.2084070796460177
0.6245024325519681,0.09155241043785936,0.07563025210084033,0.20831490490933216
0.6273564226216571,0.08855765015344147,0.07715914072775099,0.20692678649715038
0.6313932980599647,0.08818342151675485,0.07716049382716049,0.20326278659611993
0.6347011596788582,0.08742194469223907,0.07537912578055307,0.2024977698483497
0.6287978863936592,0.095112285336856,0.0726552179656539,0.20343461030383092
0.6275375110326566,0.0970873786407767,0.07237422771403354,0.2030008826125331
0.6242774566473989,0.09515340151178302,0.07292129835482436,0.20764784348599377
0.6255506607929515,0.0960352422907489,0.07004405286343612,0.20837004405286344
0.6168141592920354,0.09557522123893805,0.06858407079646017,0.21902654867256638
0.6192579505300353,0.09363957597173145,0.06934628975265017,0.21775618374558303
0.624777183600713,0.0944741532976827,0.06684491978609626,0.21390374331550802
0.6177383592017739,0.09578713968957872,0.06917960088691796,0.21729490022172948
0.6222418358340689,0.09532215357458076,0.06840247131509268,0.21403353927625773
0.6225165562913907,0.09801324503311258,0.07196467991169977,0.20750551876379691
0.6273127753303964,0.0947136563876652,0.07312775330396476,0.20484581497797358
0.6322751322751323,0.09215167548500881,0.07451499118165784,0.20105820105820105
0.6304155614500442,0.09106984969053934,0.07648099027409372,0.20203359858532272
0.6338773709748566,0.09086898985443317,0.0780767534186149,0.19717688575209527
0.6328331862312445,0.0939982347749338,0.0736981465136805,0.1994704324801412
0.6264953478068233,0.09614532565352238,0.07576428887904298,0.20159503766061143
0.62677304964539,0.09574468085106383,0.07579787234042554,0.20168439716312056
0.6277340332458443,0.09536307961504811,0.07699037620297462,0.199912510936133
0.626970227670753,0.09588441330998249,0.08231173380035026,0.19483362521891417
0.6199911933069132,0.09819462791721709,0.08586525759577279,0.19594892118009688
0.6273046532045654,0.10052677787532924,0.08165057067603161,0.19051799824407376
0.6333765672287073,0.09987029831387809,0.07522697795071336,0.19152615650670127
0.6328779197884531,0.10180696342000882,0.0740414279418246,0.19127368884971352
0.629792860290877,0.10312913177611283,0.07800793301013663,0.1890700749228735
0.6236275801493193,0.10540184453227931,0.07422046552481334,0.19675010979358806
0.6229000884173298,0.10963748894783377,0.07250221043324491,0.19496021220159152
0.6244483671668137,0.10723742277140336,0.07590467784642542,0.19240953221535745
0.6249445184198846,0.1114070128717266,0.07412339103417666,0.18952507767421217
0.6281826163301142,0.10842844600526778,0.07418788410886742,0.18920105355575065
0.6254401408450704,0.10871478873239436,0.07526408450704225,0.19058098591549297
0.6185476815398075,0.1089238845144357,0.0778652668416448,0.194663167104112
0.6234567901234568,0.10758377425044091,0.07495590828924162,0.19400352733686066
0.6251655629139072,0.10728476821192053,0.07549668874172186,0.19205298013245034
0.621870882740448,0.10452349582784365,0.0764163372859025,0.1971892841458059
0.6183918258551755,0.10661928031985785,0.07863171923589515,0.19635717458907154
0.6126729138777331,0.10887996430165105,0.07987505577867024,0.19857206604194555
0.6233881725211204,0.10626945309026234,0.07781236104935527,0.1925300133392619
0.6256637168141593,0.10663716814159292,0.07787610619469026,0.18982300884955752
0.6199649737302977,0.10595446584938704,0.07749562171628721,0.19658493870402802
0.6147071774548657,0.11052399823866138,0.08234258036107442,0.1924262439453985
0.6289752650176679,0.10335689045936396,0.0812720848056537,0.18639575971731448
0.6247810858143608,0.10507880910683012,0.07793345008756568,0.19220665499124343
0.6200353045013239,0.10635481023830538,0.0794351279788173,0.1941747572815534
0.6266018559434379,0.10207688908528502,0.08174988952717631,0.18957136544410075
0.6286223807400803,0.09942041908158716,0.0806954971020954,0.1912617030762372
0.6282051282051282,0.09549071618037135,0.08532272325375774,0.1909814323607427
0.6251105216622458,0.09770114942528736,0.08443854995579134,0.1927497789566755
0.6198675496688741,0.09713024282560706,0.08874172185430464,0.19426048565121412
0.6264418811002662,0.09582963620230701,0.08917480035492457,0.18855368234250222
0.6168059832820062,0.09810822701275847,0.09106907171139464,0.19401671799384074
0.6262760763426543,0.09587217043941411,0.09276520195295163,0.18508655126498003
0.6275801493192797,0.0966183574879227,0.09486166007905138,0.18093983311374615
0.6212319790301442,0.1017911751856706,0.09086937527304499,0.18610747051114024
0.6177777777777778,0.09822222222222222,0.09644444444444444,0.18755555555555556
0.6214664310954063,0.09363957597173145,0.09849823321554771,0.18639575971731448
0.6302037201062888,0.08945969884853854,0.09743135518157661,0.18290522586359612
0.6319537160658656,0.08678237650200267,0.09746328437917223,0.1838006230529595
0.6315327184892402,0.08563899868247694,0.09617918313570488,0.18664909969257795
0.6304443466783985,0.08315002199736031,0.09458864936207655,0.19181698196216454
0.6334503950834065,0.08472344161545214,0.09833187006145742,0.18349429323968394
0.638074398249453,0.07921225382932166,0.09671772428884026,0.18599562363238512
0.6326352530541012,0.0824607329842932,0.10165794066317627,0.18324607329842932
0.6282837127845884,0.08274956217162872,0.10157618213660245,0.18739054290718038
0.6240140227870289,0.08106923751095531,0.10385626643295355,0.19106047326906223
0.6229148375768218,0.08384547848990342,0.1009657594381036,0.1922739244951712
0.6250559284116332,0.083668903803132,0.10111856823266219,0.19015659955257272
0.6298758865248227,0.08200354609929078,0.09840425531914894,0.18971631205673758
0.6363636363636364,0.08075904677846425,0.09443954104148279,0.1884377758164166
0.6341783216783217,0.08173076923076923,0.09222027972027973,0.19187062937062938
0.6295968099246788,0.0824102791315906,0.09437306158617634,0.19361984935755427
0.6305986696230599,0.08337028824833703,0.09090909090909091,0.1951219512195122
0.6301065719360568,0.08481349911190053,0.09191829484902309,0.19316163410301954
0.6286845578530577,0.08315002199736031,0.097228332600088,0.19093708754949407
0.628,0.084,0.09733333333333333,0.19066666666666668
0.6260560248999555,0.0871498443752779,0.09515340151178302,0.19164072921298356
0.6252761820592134,0.09235528060097216,0.09279717189571365,0.18957136544410075
0.6231375985977213,0.09202453987730061,0.08939526730937773,0.19544259421560034
0.6227436823104693,0.09025270758122744,0.09386281588447654,0.1931407942238267
0.6200177147918512,0.09034543844109831,0.09078830823737821,0.19884853852967227
0.6155890168290522,0.09344552701505757,0.08768821966341896,0.2032772364924712
0.6159929701230229,0.09226713532513181,0.0843585237258348,0.20738137082601055
0.623950508174989,0.0901458241272647,0.0826336721166593,0.20326999558108705
0.6181258249010119,0.08842938847338319,0.08315002199736031,0.21029476462824462
0.6193206881340979,0.09086898985443317,0.08072342302602559,0.2090868989854433
0.6202756780791463,0.08892841262783459,0.07959092930191196,0.21120497999110716
0.6169654569304766,0.09094884127678181,0.0765194578049847,0.2155662439877569
0.6114790286975718,0.09580573951434879,0.07902869757174392,0.21368653421633554
0.6184384649316277,0.09395677106307895,0.08072342302602559,0.20688134097926775
0.6233938856889677,0.08994240141781125,0.07753655294638902,0.20912715994683206
0.6229361892012495,0.08879964301651048,0.07809013833110219,0.2101740294511379
0.6199556541019956,0.08824833702882483,0.08292682926829269,0.2088691796008869
0.6149425287356322,0.08753315649867374,0.08930150309460655,0.20822281167108753
0.6231310466138962,0.08267370272647317,0.08355321020228672,0.2106420404573439
0.627682873412177,0.08190976784932107,0.08672798948751642,0.20367936925098554
0.6229000884173298,0.08355437665782493,0.08753315649867374,0.20601237842617154
0.6244483671668137,0.08649602824360106,0.08296557811120918,0.206090026478376
0.6265060240963856,0.08879964301651048,0.08165997322623829,0.2030343596608657
0.6261140819964349,0.08600713012477719,0.08199643493761141,0.20588235294117646
0.6264418811002662,0.08828748890860692,0.08518189884649512,0.20008873114463177
0.6253298153034301,0.08795074758135445,0.0853122251539138,0.20140721196130168
0.6325991189427312,0.08325991189427313,0.08370044052863436,0.20044052863436124
0.6311804008908686,0.08864142538975502,0.08106904231625835,0.19910913140311803
0.6376940133037694,0.08957871396895788,0.0802660753880266,0.19246119733924613
0.6379310344827587,0.09062776304155615,0.08045977011494253,0.1909814323607427
0.6391614629794826,0.08742194469223907,0.08117752007136485,0.19223907225691347
0.6395961369622476,0.08867427568042142,0.07989464442493416,0.19183494293239683
0.6384279475982533,0.09126637554585153,0.08034934497816594,0.18995633187772926
0.6365256124721603,0.09042316258351893,0.07884187082405346,0.19420935412026727
0.6374449339207049,0.08942731277533039,0.07753303964757709,0.19559471365638767
0.6425772747061385,0.087070091423596,0.07749238136700043,0.19286025250326513
0.6433289299867899,0.08806693086745927,0.07617789520035227,0.1924262439453985
0.6368863334807607,0.09155241043785936,0.0734188412206988,0.19814241486068113
0.640652557319224,0.09523809523809523,0.07231040564373897,0.1917989417989418
0.6370044052863436,0.09559471365638766,0.07444933920704846,0.19295154185022026
0.6404049295774648,0.09463028169014084,0.07174295774647887,0.1932218309859155
0.6401766004415012,0.09403973509933775,0.0728476821192053,0.19293598233995585
0.6434552666372851,0.09211106214191274,0.07668576465403261,0.1877479065667695
0.6449468085106383,0.08953900709219859,0.07712765957446809,0.18838652482269502
0.637250554323725,0.09268292682926829,0.07583148558758315,0.1942350332594235
0.638815207780725,0.09372236958443855,0.07692307692307693,0.1905393457117595
0.6368838028169014,0.09375,0.0818661971830986,0.1875
0.6367614879649891,0.0936542669584245,0.08183807439824946,0.187746170678337
0.6362819937135159,0.09250112258643915,0.08576560395150426,0.18545127974854064
0.6365256124721603,0.0935412026726058,0.08195991091314031,0.18797327394209354
0.6350689808633734,0.09790832220738763,0.07832665776591011,0.1886960391633289
0.6396708531831962,0.09527934170636639,0.07882200086617583,0.18622780424426158
0.6352422907488987,0.09911894273127753,0.07841409691629955,0.18722466960352424
0.6441501103752759,0.09315673289183223,0.0772626931567329,0.18543046357615894
0.6407423773751657,0.09191338930623066,0.07688908528501988,0.19045514803358374
0.6396993810786914,0.09460654288240496,0.07382847038019452,0.1918656056587091
0.6416261599646487,0.0901458241272647,0.07202828104286346,0.19619973486522316
0.6386292834890965,0.09345794392523364,0.07254116599910992,0.19537160658655986
0.6427304964539007,0.09308510638297872,0.07047872340425532,0.19370567375886524
0.6439628482972136,0.09243697478991597,0.06811145510835913,0.19548872180451127
0.6444444444444445,0.09377777777777778,0.06622222222222222,0.19555555555555557
0.6437994722955145,0.0901495162708883,0.0681618293755497,0.19788918205804748
0.6513560804899388,0.08486439195100612,0.0752405949256343,0.18853893263342084
0.6501316944688323,0.08472344161545214,0.07550482879719052,0.18964003511852504
0.6524417069951606,0.08446986361636603,0.07611086669599648,0.1869775626924769
0.6536585365853659,0.08558758314855876,0.07361419068736141,0.18713968957871396
0.645118145341061,0.08827463218903255,0.07267053053945609,0.1939366919304503
0.6462014134275619,0.08524734982332155,0.07464664310954064,0.19390459363957596
0.6419426048565121,0.08565121412803532,0.07417218543046358,0.19823399558498897
0.6434552666372851,0.08417805200528868,0.07933010136624064,0.19303657999118554
0.6436123348017622,0.08898678414096917,0.07929515418502203,0.1881057268722467
0.6407682234831951,0.08773461370580532,0.08075076385857705,0.1907463989524225
0.6383731211317418,0.09106984969053934,0.07736516357206012,0.1931918656056587
0.6423550087873462,0.08655536028119508,0.0804042179261863,0.19068541300527242
0.6379003558718861,0.0898576512455516,0.08051601423487545,0.19172597864768684
0.6419426048565121,0.09403973509933775,0.07770419426048565,0.18631346578366445
0.6455026455026455,0.09391534391534391,0.07583774250440917,0.18474426807760141
0.650417215634607,0.09398331137461573,0.07290294246815986,0.18269653052261747
0.6583961010190519,0.08905626938413824,0.07532122286220647,0.17722640673460346
0.6579406631762653,0.08944153577661432,0.07460732984293193,0.17801047120418848
0.64880174291939,0.09193899782135076,0.07755991285403051,0.18169934640522875
0.6471103327495622,0.09719789842381786,0.07180385288966724,0.18388791593695272
0.6466198419666374,0.09394205443371378,0.07418788410886742,0.18525021949078138
0.6476316954404604,0.0934041611332448,0.07436918990703852,0.1845949535192563
0.6492007104795737,0.09103019538188277,0.07504440497335702,0.1847246891651865
0.6505543237250554,0.09268292682926829,0.07228381374722838,0.1844789356984479
0.6529899607158446,0.09384548232213008,0.07638585770405937,0.17677869925796597
0.6528021015761821,0.09325744308231174,0.07311733800350263,0.1808231173380035
0.6492932862190812,0.09496466431095406,0.07508833922261485,0.18065371024734983
0.6431718061674009,0.09691629955947137,0.07533039647577093,0.18458149779735683
0.6469026548672566,0.09424778761061947,0.0743362831858407,0.18451327433628317
0.6495388669301713,0.09398331137461573,0.07158541941150637,0.18489240228370662
0.6457319770013269,0.09641751437417072,0.07120743034055728,0.18664307828394516
0.636,0.09822222222222222,0.076,0.18977777777777777
0.6398585947856827,0.09942554131683606,0.06937693327441449,0.19133893062306673
0.6409232134931203,0.09764758100310697,0.07279183311140701,0.18863737239236572
0.6426996029995589,0.09836788707543008,0.07101896779885311,0.1879135421261579
0.6440677966101694,0.1008028545941124,0.0704727921498662,0.18465655664585193
0.6545776205218929,0.09685979655019902,0.06634232640424591,0.18222025652366208
0.6587301587301587,0.09700176366843033,0.06701940035273368,0.17724867724867724
0.6573581560283688,0.09530141843971632,0.06560283687943262,0.18173758865248227
0.6541019955654102,0.10066518847006652,0.06651884700665188,0.1787139689578714
0.6507726269315673,0.1011037527593819,0.06357615894039735,0.1845474613686534
0.6530612244897959,0.1002661934338953,0.06921029281277728,0.1774622892635315
0.6524633821571239,0.10164225477141589,0.06790945406125166,0.1779849090102086
0.6516411378555799,0.10109409190371992,0.06564551422319474,0.18161925601750548
0.6474756421612046,0.10230292294065545,0.062444641275465014,0.18777679362267494
0.6453028972783144,0.10228270412642669,0.0636523266022827,0.1887620719929763
0.6490996925779534,0.10013175230566534,0.06543697848045674,0.18533157663592445
0.6511730854360337,0.10358565737051793,0.06108897742363878,0.18415227976980966
0.6442392260334213,0.10290237467018469,0.06596306068601583,0.1868953386103782
0.645118145341061,0.10031208203299152,0.06598305840392332,0.18858671422202408
0.6513157894736842,0.09517543859649123,0.06710526315789474,0.18640350877192982
0.6485651214128035,0.09668874172185431,0.06799116997792494,0.18675496688741722
0.6463576158940397,0.09580573951434879,0.06887417218543046,0.18896247240618103
0.6465705548274355,0.09567496723460026,0.06946264744429882,0.18829183049366535
0.6488147497805092,0.09657594381035997,0.07067603160667252,0.1839332748024583
0.6482456140350877,0.09298245614035087,0.07105263157894737,0.18771929824561404
0.6463093145869947,0.09358523725834798,0.07161687170474516,0.18848857644991213
0.6448351648351648,0.09626373626373626,0.07472527472527472,0.18417582417582418
0.6405286343612335,0.0973568281938326,0.07797356828193833,0.1841409691629956
0.6488651535380507,0.09212283044058744,0.0774365821094793,0.18157543391188252
0.6503094606542882,0.09283819628647215,0.07869142351900972,0.1781609195402299
0.6518289995592772,0.09255178492728074,0.07800793301013663,0.17761128250330543
0.646416083916084,0.0944055944055944,0.07954545454545454,0.17963286713286714
0.6513359614542269,0.09373631187034603,0.08059570740254052,0.17433201927288655
0.658859920459567,0.09235528060097216,0.08174988952717631,0.16703490941228458
0.6544733362714852,0.09167033935654473,0.08109299250771265,0.17276333186425738
0.6538631346578366,0.08785871964679912,0.08079470198675497,0.17748344370860927
0.655536028119508,0.08699472759226713,0.08260105448154657,0.17486818980667837
0.6541519434628975,0.08480565371024736,0.08303886925795052,0.17800353356890458
0.6585045911674683,0.08482728465238304,0.08395277656318322,0.17271534761696547
0.6538800705467372,0.08245149911816578,0.08509700176366843,0.17857142857142858
0.6551118911803423,0.08380868802106187,0.08468626590609916,0.1763931548924967
0.6546414430268368,0.0796304443466784,0.08754949406071272,0.1781786185657721
0.6530973451327433,0.07964601769911504,0.08849557522123894,0.17876106194690267
0.655187637969095,0.08079470198675497,0.0913907284768212,0.17262693156732892
0.6674057649667405,0.07937915742793791,0.08691796008869179,0.1662971175166297
0.6678460858027422,0.07651481645289694,0.08668730650154799,0.16895179124281293
0.6693333333333333,0.07066666666666667,0.08355555555555555,0.17644444444444443
0.6669603524229075,0.07136563876651983,0.086784140969163,0.1748898678414097
0.6768558951965066,0.06943231441048035,0.0816593886462882,0.1720524017467249
0.675198587819947,0.07237422771403354,0.08120035304501325,0.17122683142100617
0.6737494466578132,0.0703851261620186,0.08410801239486498,0.17175741478530324
0.671875,0.07142857142857142,0.08526785714285715,0.17142857142857143
0.6760316066725197,0.0684811237928007,0.08472344161545214,0.1707638279192274
0.6787746170678337,0.0687089715536105,0.08140043763676148,0.1711159737417943
0.6813963764913831,0.07379584622182943,0.07998232434821034,0.16482545293857712
0.6769095697980685,0.07374890254609306,0.07945566286215978,0.16988586479367868
0.6884444444444444,0.072,0.07866666666666666,0.1608888888888889
0.683348095659876,0.070859167404783,0.07883082373782108,0.16696191319751993
0.6917989417989417,0.06878306878306878,0.07936507936507936,0.16005291005291006
0.6877192982456141,0.07149122807017544,0.0793859649122807,0.16140350877192983
0.692071835304424,0.0700832238282961,0.07665352606219886,0.16119141480508103
0.6878587196467991,0.07373068432671082,0.07770419426048565,0.16070640176600443
0.6901098901098901,0.07516483516483516,0.07428571428571429,0.16043956043956045
0.6940133037694013,0.07184035476718403,0.070509977827051,0.16363636363636364
0.7000441111601235,0.07146007940008822,0.07013674459638289,0.1583590648434054
0.6976950354609929,0.07180851063829788,0.07180851063829788,0.15868794326241134
0.6928855501546619,0.07467962881131242,0.07291206363234644,0.15952275740167918
0.6912280701754386,0.07543859649122807,0.07368421052631578,0.15964912280701754
0.6916853932584269,0.07550561797752808,0.06876404494382023,0.16404494382022472
0.6887125220458554,0.0736331569664903,0.06966490299823633,0.167989417989418
0.7016769638128861,0.0706090026478376,0.0648720211827008,0.16284201235657547
0.6995117620949844,0.07012871726586774,0.06879715934309809,0.1615623612960497
0.7042628774422736,0.07238010657193605,0.06705150976909414,0.15630550621669628
0.6989295272078502,0.07314897413024085,0.06735057983942908,0.16057091882247992
0.7082053532250987,0.07064501974550241,0.06713470820535322,0.15401491882404564
0.7095508068033144,0.07283035324901875,0.06716092455298735,0.15045791539467945
0.7114183764495986,0.07270294380017842,0.06422836752899197,0.15165031222123104
0.7099869167030092,0.07588312254688181,0.06454426515481901,0.14958569559529
0.7040457343887423,0.0760773966578716,0.06684256816182937,0.15303430079155672
0.7016622922134733,0.07874015748031496,0.06824146981627296,0.15135608048993876
0.7006622516556291,0.08035320088300221,0.0684326710816777,0.15055187637969095
0.6957871396895787,0.07937915742793791,0.07095343680709534,0.15388026607538802
0.691659272404614,0.07586512866015972,0.0740905057675244,0.15838509316770186
0.6912218791354212,0.0780767534186149,0.07719453021614468,0.15350683722981914
0.6928508384819064,0.07811120917917035,0.07855251544571933,0.15048543689320387
0.6928855501546619,0.07688908528501988,0.08042421564295184,0.14980114891736632
0.6857142857142857,0.07868131868131868,0.08087912087912089,0.15472527472527473
0.6920035149384886,0.07381370826010544,0.08347978910369068,0.15070298769771528
0.686429512516469,0.0733421168203777,0.0821256038647343,0.15810276679841898
0.6905908096280088,0.07439824945295405,0.0787746170678337,0.1562363238512035
0.6849800620292423,0.0717766947275144,0.0824102791315906,0.16083296411165263
0.6867523260965884,0.07310589277802393,0.08019494904740807,0.1599468320779796
0.6895796847635727,0.07530647985989491,0.08099824868651488,0.15411558669001751
0.6844424856765094,0.07844865579550463,0.0740414279418246,0.1630674305861613
0.687029659141213,0.0765825586542718,0.07481186365648516,0.1615759185480301
0.6859030837004405,0.08061674008810572,0.0722466960352423,0.16123348017621145
0.6869449378330373,0.07859680284191829,0.07238010657193605,0.16207815275310836
0.6863616170590848,0.08040870724122612,0.07152376721457131,0.16170590848511773
0.6810193321616872,0.08567662565905097,0.06985940246045694,0.1634446397188049
0.6856892010535558,0.08252853380158033,0.06716417910447761,0.1646180860403863
0.6763796909492273,0.08609271523178808,0.06931567328918323,0.16821192052980133
0.6810115350488021,0.08606921029281278,0.06832298136645963,0.16459627329192547
0.6778316438959894,0.08285588364918467,0.07051564565888056,0.16879682679594535
0.6750761200521966,0.08438451500652458,0.07133536320139192,0.1692040017398869
0.6712268314210061,0.08031774051191527,0.07590467784642542,0.17255075022065314
0.6651865008880995,0.08792184724689166,0.0763765541740675,0.1705150976909414
0.6572187776793623,0.09078830823737821,0.07617360496014172,0.1758193091231178
0.6553994732221247,0.09086918349429324,0.07199297629499561,0.18173836698858647
0.6492702344095533,0.09597523219814241,0.0725342768686422,0.18222025652366208
0.6529360210341806,0.09684487291849254,0.07099035933391762,0.1792287467134093
0.6550199026979213,0.09597523219814241,0.06766917293233082,0.18133569217160547
0.6558470431302801,0.09426411738550466,0.06847487772343264,0.18141396176078256
0.6556089044085552,0.09297250109122654,0.06547359231776517,0.18594500218245308
0.657606313020605,0.09513371328364752,0.06663743971942131,0.18062253397632616
0.6641758241758242,0.08879120879120879,0.06593406593406594,0.1810989010989011
0.6675567423230975,0.08811748998664887,0.06631063640409435,0.1780151312861593
0.6675543719485131,0.09054593874833555,0.06569019085663559,0.17620949844651576
0.6679841897233202,0.09354413702239789,0.06587615283267458,0.1725955204216074
0.6623893805309734,0.09823008849557523,0.062389380530973454,0.17699115044247787
0.6647776809067132,0.1002615518744551,0.06364428945074106,0.17131647776809067
0.6708240534521158,0.09933184855233854,0.06592427616926504,0.16391982182628062
0.6693017127799736,0.0966183574879227,0.06543697848045674,0.1686429512516469
0.6700485222761359,0.0992501102779003,0.06352007057785619,0.16718129686810762
0.6719646799116997,0.10066225165562914,0.06445916114790287,0.1629139072847682
0.6712328767123288,0.10030932390631904,0.06495802032699956,0.16349977905435262
0.6712147887323944,0.09727112676056338,0.06910211267605634,0.1624119718309859
0.676929941990183,0.09415439535921463,0.06693440428380187,0.16198125836680052
0.6767184035476719,0.09490022172949002,0.06341463414634146,0.16496674057649668
0.6813725490196079,0.09536541889483066,0.06417112299465241,0.1590909090909091
0.6836961350510884,0.09506885828520657,0.06086183918258552,0.16037316748111952
0.6871192341166231,0.0918189730200174,0.0587467362924282,0.16231505657093123
0.6906126046716615,0.0872631115028647,0.05861613045394447,0.1635081533715293
0.6933920704845815,0.08898678414096917,0.05506607929515418,0.16255506607929515
0.6912218791354212,0.08734009704455227,0.0564622849580944,0.16497573886193206
0.6886833993835315,0.08850726552179657,0.05636283575517393,0.166446499339498
0.6868686868686869,0.0922266139657444,0.05577514273166447,0.16512955643390426
0.6940231935771632,0.08920606601248884,0.05530776092774309,0.16146297948260482
0.6939221687800612,0.08876257105378224,0.05684302579798863,0.1604722343681679
0.6980219780219781,0.08395604395604396,0.05582417582417582,0.1621978021978022
0.6973451327433628,0.08672566371681416,0.05530973451327434,0.16061946902654867
0.6942477876106194,0.0831858407079646,0.05221238938053097,0.17035398230088494
0.6992380098610489,0.08606006275212909,0.04975347377857463,0.16494845360824742
0.7046450482033304,0.08545135845749342,0.050394390885188434,0.15950920245398773
0.7026071586389748,0.08661069376933274,0.054352629253203714,0.15642951833848873
0.6992914083259522,0.09034543844109831,0.05181576616474756,0.15854738706820196
0.7030567685589519,0.08471615720524017,0.05152838427947598,0.16069868995633188
0.7003085059497576,0.08550022036139268,0.05244601145879242,0.1617452622300573
0.6925779534475187,0.08871321914800176,0.05533596837944664,0.16337285902503293
0.6926829268292682,0.08824833702882483,0.055875831485587585,0.1631929046563193
0.7004852227613586,0.08513453903837671,0.0529333921482135,0.16144684605205117
0.7022696929238985,0.08322207387627949,0.054294615042278595,0.1602136181575434
0.6999113475177305,0.08244680851063829,0.053634751773049646,0.16400709219858156
0.6979537366548043,0.08407473309608542,0.05382562277580071,0.16414590747330962
0.7000441111601235,0.08248786943096603,0.05205116894574327,0.16541685046316718
0.6964601769911505,0.08185840707964602,0.05619469026548673,0.1654867256637168
0.7002207505518764,0.07991169977924945,0.053863134657836646,0.16600441501103752
0.7019400352733686,0.07892416225749559,0.0564373897707231,0.1626984126984127
0.6997792494481236,0.08167770419426049,0.05518763796909492,0.16335540838852097
0.7129710780017529,0.07843996494303243,0.05214723926380368,0.15644171779141106
0.7161629434954008,0.07752956636005257,0.051248357424441525,0.15505913272010513
