R,A,S,N
0.0,1.0,0.0,0.0
0.0,0.8,0.0,0.2
0.0,0.7777777777777778,0.1111111111111111,0.1111111111111111
0.16666666666666666,0.6666666666666666,0.08333333333333333,0.08333333333333333
0.21052631578947367,0.631578947368421,0.10526315789473684,0.05263157894736842
0.25806451612903225,0.6129032258064516,0.0967741935483871,0.03225806451612903
0.2926829268292683,0.5853658536585366,0.07317073170731707,0.04878048780487805
0.3584905660377358,0.5094339622641509,0.05660377358490566,0.07547169811320754
0.4,0.4714285714285714,0.05714285714285714,0.07142857142857142
0.43617021276595747,0.4574468085106383,0.031914893617021274,0.07446808510638298
0.4830508474576271,0.423728813559322,0.01694915254237288,0.07627118644067797
0.503448275862069,0.3931034482758621,0.020689655172413793,0.08275862068965517
0.5235294117647059,0.3764705882352941,0.01764705882352941,0.08235294117647059
0.5357142857142857,0.3520408163265306,0.015306122448979591,0.09693877551020408
0.5657894736842105,0.3333333333333333,0.013157894736842105,0.08771929824561403
0.5970149253731343,0.291044776119403,0.018656716417910446,0.09328358208955224
0.6193548387096774,0.2709677419354839,0.012903225806451613,0.0967741935483871
0.6332378223495702,0.2664756446991404,0.008595988538681949,0.09169054441260745
0.6442786069651741,0.2462686567164179,0.012437810945273632,0.09701492537313433
0.6716417910447762,0.22174840085287847,0.01279317697228145,0.09381663113006397
0.6813819577735125,0.21689059500959693,0.011516314779270634,0.09021113243761997
0.67003367003367,0.21717171717171718,0.011784511784511785,0.10101010101010101
0.6930091185410334,0.19756838905775076,0.013677811550151976,0.09574468085106383
0.6749311294765841,0.20798898071625344,0.008264462809917356,0.10881542699724518
0.6691635455680399,0.19975031210986266,0.011235955056179775,0.1198501872659176
0.6777142857142857,0.17942857142857144,0.010285714285714285,0.13257142857142856
0.6831785345717234,0.17440660474716202,0.010319917440660475,0.13209494324045407
0.6816874400767018,0.16970278044103548,0.012464046021093002,0.1361457334611697
0.695575221238938,0.15221238938053097,0.012389380530973451,0.13982300884955753
0.7018121911037891,0.14497528830313014,0.01070840197693575,0.14250411861614498
0.6850574712643678,0.14636015325670498,0.01532567049808429,0.1532567049808429
0.6892857142857143,0.1442857142857143,0.014285714285714285,0.15214285714285714
0.6971153846153846,0.13942307692307693,0.01510989010989011,0.14835164835164835
0.6991037131882202,0.14212548015364918,0.014084507042253521,0.1446862996158771
0.6982758620689655,0.1373152709359606,0.013546798029556651,0.15086206896551724
0.6980690462258631,0.136337039204213,0.013458162668227034,0.1521357519016969
0.6878804648588821,0.13945766463752074,0.014941892639734366,0.15771997786386274
0.6878643349231585,0.13619501854795973,0.015368309485956544,0.16057233704292528
0.6935400516795865,0.1343669250645995,0.016020671834625324,0.15607235142118864
0.6884346959122633,0.13160518444666003,0.01744765702891326,0.1625124626121635
0.6979832759468766,0.1234628627643876,0.017707820954254796,0.16084604033448105
0.7002868068833652,0.12619502868068833,0.016730401529636712,0.15678776290630975
0.7017873941674506,0.12370649106302917,0.017873941674506115,0.15663217309501412
0.6978149697814969,0.12133891213389121,0.018596001859600187,0.16225011622501162
0.7052826691380908,0.11677479147358666,0.018072289156626505,0.15987025023169602
0.7159871736142922,0.11177278973889143,0.020613834173156206,0.1516262024736601
0.7137631458619113,0.11202560585276634,0.0205761316872428,0.15363511659807957
0.7157611136057477,0.10776829815895823,0.02155365963179165,0.15491692860350248
0.7147966025927581,0.10594546267322306,0.02101028162717926,0.15824765310683953
0.7196095829636202,0.10204081632653061,0.02085181898846495,0.1574977817213842
0.7229341581970835,0.10119310649580203,0.019443216968625717,0.15642951833848873
0.7141592920353982,0.10309734513274336,0.01902654867256637,0.16371681415929204
0.7251742160278746,0.09886759581881534,0.017857142857142856,0.15810104529616725
0.7236842105263158,0.10175438596491228,0.017105263157894738,0.15745614035087718
0.7307183781401498,0.09784045835169679,0.01762891141472014,0.15381225209343324
0.7379157427937916,0.09445676274944567,0.016851441241685146,0.15077605321507762
0.7315140845070423,0.09595070422535211,0.017605633802816902,0.15492957746478872
0.73568281938326,0.09647577092511013,0.018502202643171806,0.14933920704845816
0.7339530765825587,0.10004426737494466,0.01859229747675963,0.14741035856573706
0.7406113537117904,0.09563318777292576,0.01921397379912664,0.14454148471615721
0.742177170559718,0.09299250771264875,0.017188188629352136,0.14764213309828117
0.7429328621908127,0.0892226148409894,0.019434628975265017,0.14840989399293286
0.7496700395952486,0.08842938847338319,0.01847778266608007,0.14342278926528818
0.7459694989106754,0.08845315904139434,0.018300653594771243,0.14727668845315905
0.7519754170324846,0.08647936786654961,0.017998244073748903,0.14354697102721686
0.75377107364685,0.08296362023070097,0.01774622892635315,0.14551907719609583
0.7574692442882249,0.0804042179261863,0.018014059753954304,0.14411247803163443
0.763018534863195,0.07766990291262135,0.019858781994704325,0.13945278022947927
0.76334208223972,0.0778652668416448,0.019247594050743656,0.1395450568678915
0.766887417218543,0.0772626931567329,0.02119205298013245,0.1346578366445916
0.7697077059344553,0.07395925597874226,0.020814880425155006,0.1355181576616475
0.7733274647887324,0.07394366197183098,0.020246478873239437,0.1324823943661972
0.7677704194260485,0.07328918322295806,0.022516556291390728,0.13642384105960265
0.7654049295774648,0.07790492957746478,0.02244718309859155,0.13424295774647887
0.772207563764292,0.07343887423043095,0.02198768689533861,0.13236587510993844
0.7734855136084284,0.07550482879719052,0.02370500438981563,0.1273046532045654
0.7742363877822045,0.07613988490482515,0.023461708720672863,0.12616201859229748
0.7757174392935983,0.07593818984547461,0.022958057395143488,0.12538631346578366
0.7814014984574702,0.07139709122961657,0.02247686205376818,0.124724548259145
0.782646801051709,0.06792287467134094,0.02497808939526731,0.12445223488168274
0.7870739265161576,0.06374501992031872,0.025232403718459494,0.1239486498450642
0.7877569258266309,0.06076854334226988,0.025915996425379804,0.1255585344057194
0.7902374670184696,0.05980650835532102,0.026385224274406333,0.12357080035180298
0.7843996494303243,0.06134969325153374,0.027607361963190184,0.1266432953549518
0.7869430966034406,0.06219673577415086,0.025584472871636524,0.12527569475077194
0.800614844093105,0.061923583662714096,0.023276240667545016,0.11418533157663592
0.7971718957136544,0.059213433495360145,0.023862129916040652,0.11975254087494476
0.8034300791556728,0.056288478452066845,0.023306948109058926,0.1169744942832014
0.801678445229682,0.05697879858657244,0.022968197879858657,0.11837455830388692
0.8045574057843996,0.056091148115687994,0.024539877300613498,0.11481156879929887
0.8093126385809313,0.05321507760532151,0.02394678492239468,0.11352549889135255
0.8087188612099644,0.052935943060498224,0.023576512455516015,0.11476868327402136
0.8088947600176134,0.05239982386613826,0.022457067371202115,0.11624834874504623
0.8103907637655418,0.05150976909413854,0.02264653641207815,0.11545293072824156
0.810405643738977,0.04894179894179894,0.024250440917107582,0.1164021164021164
0.8112626484821821,0.049714034315882095,0.024197096348438186,0.11482622085349758
0.8080673758865248,0.053634751773049646,0.024379432624113476,0.11391843971631206
0.8102157639806252,0.055041831792162044,0.02553940995156319,0.10920299427564949
0.8059239610963749,0.05614500442086649,0.02961980548187445,0.10831122900088418
0.8062804068996019,0.053516143299425036,0.028748341441839895,0.11145510835913312
0.8057395143487859,0.052538631346578366,0.02869757174392936,0.1130242825607064
0.8019408910454345,0.054256726951918834,0.029554477282752536,0.11424790471989413
0.8067781690140845,0.05237676056338028,0.028609154929577465,0.11223591549295775
0.8089838639337112,0.05146096816397732,0.029219363279546447,0.11033580462276493
0.8150442477876106,0.049557522123893805,0.02831858407079646,0.10707964601769912
0.8151260504201681,0.04688191065900044,0.029632905793896505,0.10835913312693499
0.813386524822695,0.050088652482269506,0.030141843971631204,0.10638297872340426
0.8205240174672489,0.04585152838427948,0.029694323144104803,0.10393013100436681
0.8166151126822802,0.04684047724259832,0.030048608042421564,0.10649580203269995
0.8202197802197803,0.04659340659340659,0.02945054945054945,0.10373626373626374
0.8227571115973742,0.04901531728665208,0.027571115973741796,0.10065645514223195
0.8222511951325511,0.04997827031725337,0.027379400260756193,0.10039113428943937
0.8301056338028169,0.047975352112676055,0.025088028169014086,0.09683098591549295
0.8309796999117387,0.047219770520741396,0.02471315092674316,0.0970873786407767
0.8338434630520333,0.04634892872759073,0.024923480542195016,0.09488412767818102
0.8306808134394341,0.04951370468611848,0.02431476569407604,0.09549071618037135
0.8338475099162627,0.04847950639048039,0.0246804759806082,0.09299250771264875
0.8354485776805252,0.04814004376367615,0.024945295404814005,0.09146608315098469
0.8360728565082186,0.04842292314526877,0.027543314082629944,0.08796090626388271
0.8388937664618086,0.046532045654082525,0.025899912203687446,0.08867427568042142
0.8385552654482158,0.044386422976501305,0.024804177545691905,0.09225413402959094
0.8357487922705314,0.04391743522178305,0.024593763724198508,0.09574000878348704
0.8342175066312998,0.04509283819628647,0.023872679045092837,0.09681697612732096
0.8376220053238687,0.046583850931677016,0.024401064773735583,0.09139307897071872
0.8374449339207048,0.04537444933920705,0.024229074889867842,0.09295154185022027
0.8405286343612335,0.04405286343612335,0.024229074889867842,0.09118942731277534
0.8404022737210319,0.04503716659379099,0.023174464363795364,0.09138609532138173
0.8377787494534324,0.045474420638390904,0.024048972452995192,0.09269785745518146
0.8384547848990342,0.043459174714661986,0.025460930640913083,0.09262510974539069
0.8381834215167548,0.04673721340388007,0.024250440917107582,0.09082892416225749
0.8433260393873085,0.045514223194748356,0.024070021881838075,0.08708971553610503
0.8450704225352113,0.047975352112676055,0.02420774647887324,0.08274647887323944
0.8520475561426685,0.04535446939674152,0.023778071334214,0.07881990312637605
0.8515901060070671,0.045053003533568906,0.023851590106007067,0.07950530035335689
0.8512505484861781,0.045634050021939446,0.025449758666081616,0.0776656428258008
0.8488830486202366,0.04774419623302672,0.02759526938239159,0.07577748576434516
0.8480283562250776,0.048294195835179445,0.027913159060700046,0.07576428887904298
0.8500881834215167,0.04717813051146384,0.029982363315696647,0.07275132275132275
0.8581591818586038,0.0426856380613606,0.02845709204090707,0.0706980880391285
0.8552456839309429,0.044710048694112436,0.025675077467906152,0.07436918990703852
0.854924578527063,0.04392191659272405,0.025288376220053237,0.07586512866015972
0.8514412416851441,0.04611973392461197,0.02350332594235033,0.07893569844789357
0.8555798687089715,0.04245076586433261,0.024070021881838075,0.07789934354485777
0.8536055603822763,0.04474370112945265,0.023457862728062554,0.07819287576020852
0.8530847758544163,0.0426098535286285,0.024855747891699954,0.07944962272525521
0.8507726269315673,0.04282560706401766,0.02913907284768212,0.0772626931567329
0.8460514640638864,0.04702750665483585,0.029724933451641525,0.0771960958296362
0.8434321096859797,0.04953560371517028,0.0291906236178682,0.07784166298098187
0.8390350877192982,0.05043859649122807,0.02850877192982456,0.08201754385964913
0.8385531539479488,0.050286722540802825,0.02999558888398765,0.0811645346272607
0.8380994280686318,0.05015398152221733,0.029476462824461064,0.08227012758468984
0.8337009263343625,0.050727834142037936,0.031318923687692984,0.08425231583590649
0.8373520385795704,0.04997807978956598,0.032003507233669445,0.08066637439719421
0.8374233128834356,0.04995617879053462,0.031989482909728306,0.08063102541630149
0.8416666666666667,0.046052631578947366,0.03070175438596491,0.08157894736842106
0.8429135585783238,0.04826678367705134,0.031154014918824045,0.0776656428258008
0.844097995545657,0.051670378619153676,0.029844097995545656,0.07438752783964366
0.846934274371416,0.05116894574327305,0.02867225408028231,0.07322452580502867
0.8516100957354221,0.050913838120104436,0.026979982593559618,0.07049608355091384
0.8492970123022847,0.0531634446397188,0.027680140597539545,0.06985940246045694
0.8488475177304965,0.05186170212765957,0.027039007092198582,0.07225177304964539
0.8518843120070114,0.050394390885188434,0.027607361963190184,0.07011393514460999
0.8551815766164748,0.047829937998228524,0.026572187776793623,0.0704162976085031
0.8558875219683656,0.05140597539543058,0.02592267135325132,0.06678383128295255
0.8574580759046778,0.0498676081200353,0.026919682259488084,0.06575463371579876
0.8565789473684211,0.05087719298245614,0.02675438596491228,0.06578947368421052
0.8604549431321085,0.045931758530183726,0.0284339457567804,0.06517935258092739
0.8612818261633012,0.04916593503072871,0.024143985952589993,0.06540825285338016
0.8644217988480284,0.04873726185201595,0.02259636685866194,0.06424457244129375
0.8620992534036013,0.04830917874396135,0.023715415019762844,0.06587615283267458
0.8583481349911191,0.049289520426287745,0.023090586145648313,0.06927175843694494
0.8607315998237108,0.048920229175848394,0.022917584839136182,0.06743058616130454
0.8610498456109396,0.048963387737097484,0.02293780326422585,0.0670489633877371
0.8684907325684025,0.045454545454545456,0.021624007060900265,0.06443071491615181
0.8674592690444738,0.04315279612505504,0.024218405988551298,0.06516952884191986
0.8663736263736264,0.04263736263736264,0.025934065934065935,0.06505494505494505
0.8683745583038869,0.04107773851590106,0.02782685512367491,0.0627208480565371
0.8662560492740871,0.0409150901891773,0.028596568411790584,0.06423229212494501
0.8629173989455184,0.04173989455184534,0.03031634446397188,0.06502636203866433
0.864995602462621,0.04177660510114336,0.030343007915567283,0.06288478452066842
0.8738859180035651,0.04055258467023173,0.029857397504456328,0.05570409982174688
0.8768755516328332,0.0410414827890556,0.02736098852603707,0.05472197705207414
0.8745080891998251,0.041539134236991695,0.027547004809794492,0.05640577175338872
0.8737864077669902,0.04236540158870256,0.030450132391879964,0.05339805825242718
0.8780487804878049,0.03991130820399113,0.028824833702882482,0.05321507760532151
0.8720672864099159,0.04293935369632581,0.027888446215139442,0.057104913678618856
0.8736842105263158,0.0412280701754386,0.02850877192982456,0.056578947368421055
0.8751111111111111,0.03955555555555555,0.030222222222222223,0.05511111111111111
0.8736888111888111,0.043706293706293704,0.027097902097902096,0.05550699300699301
0.8717948717948718,0.04509283819628647,0.026083112290008842,0.05702917771883289
0.8759964570416298,0.04428697962798937,0.027015057573073518,0.05270150575730735
0.8780596350689809,0.044058744993324434,0.027592345349354695,0.05028927458834001
0.8716483516483516,0.046153846153846156,0.02989010989010989,0.052307692307692305
0.8690476190476191,0.04497354497354497,0.03218694885361552,0.053791887125220456
0.8713219148001756,0.04084321475625823,0.032059727711901624,0.05577514273166447
0.8745598591549296,0.04357394366197183,0.030369718309859156,0.05149647887323944
0.8693931398416886,0.044854881266490766,0.030343007915567283,0.055408970976253295
0.8769771528998243,0.0421792618629174,0.028119507908611598,0.05272407732864675
0.8743853375055879,0.04336164506034868,0.029056772463120252,0.053196244970943225
0.8748341441839894,0.044228217602830605,0.027421494913754976,0.053516143299425036
0.8737032025259359,0.04826341903473162,0.02435723951285521,0.05367613892647722
0.876657824933687,0.04862953138815208,0.025198938992042442,0.04951370468611848
0.8777777777777778,0.04711111111111111,0.025777777777777778,0.04933333333333333
0.8752212389380531,0.047345132743362835,0.026991150442477876,0.050442477876106194
0.8817820908689898,0.04808116453462726,0.024261138067931187,0.0458756065284517
0.8817863397548161,0.044220665499124345,0.027583187390542906,0.046409807355516634
0.8839050131926122,0.04133685136323659,0.026824978012313105,0.04793315743183817
0.8881607688947138,0.04062909567496723,0.027522935779816515,0.043687199650502405
0.885202968136185,0.04015713662156264,0.027935399388913137,0.046704495853339155
0.8850931677018633,0.041259982253771074,0.027506654835847383,0.04614019520851819
0.8854258121158911,0.03950834064969271,0.029850746268656716,0.04521510096575944
0.8853474988933157,0.03762726870296591,0.02877379371403276,0.048251438689685705
0.8891809023215068,0.037669732807709154,0.02715724923346474,0.045992115637319315
0.8927613941018767,0.03753351206434316,0.026362823949955316,0.04334226988382484
0.8915135608048994,0.03587051618547681,0.02712160979877515,0.045494313210848646
0.8826373626373626,0.03824175824175824,0.02989010989010989,0.04923076923076923
0.884089907448215,0.03922432789775231,0.029528426619656236,0.04715733803437638
0.8842975206611571,0.03871248368856024,0.02957807742496738,0.047411918225315354
0.8851380973257343,0.037264357737834285,0.029811486190267425,0.04778605874616396
0.8897220996912218,0.035288928098809,0.0282311424790472,0.04675782973092192
0.8873301183691363,0.03594914511179308,0.02761946514686541,0.04910127137220517
0.8905141843971631,0.03546099290780142,0.027039007092198582,0.04698581560283688
0.8944812362030905,0.03443708609271523,0.02384105960264901,0.047240618101545256
0.8984028393966282,0.03149955634427684,0.026175687666370896,0.04392191659272405
0.9006593406593406,0.02989010989010989,0.025494505494505496,0.04395604395604396
0.8988225032708242,0.02965547317924117,0.026602703881378108,0.04491931966855647
0.9026233881725211,0.02712316585148955,0.027567807914628723,0.0426856380613606
0.9035087719298246,0.02587719298245614,0.02763157894736842,0.04298245614035088
0.8966272448532633,0.029785370127025843,0.02803328953131844,0.04555409548839247
0.8938130759104871,0.030276437033786747,0.028521281263712155,0.04738920579201404
0.8940193491644679,0.030343007915567283,0.027704485488126648,0.04793315743183817
0.8999559277214632,0.02864698104892023,0.025561921551344204,0.045835169678272364
0.8987286277948269,0.02761946514686541,0.0263042525208242,0.04734765453748356
0.897196261682243,0.028037383177570093,0.028037383177570093,0.04672897196261682
0.8990744821507272,0.028206258263552227,0.027765535478184222,0.04495372410753636
0.9004843681197711,0.02774108322324967,0.02686041391457508,0.04491413474240423
0.8967656180770935,0.02968542312804608,0.027470093043863535,0.0460788657509969
0.8963387737097486,0.02867225408028231,0.02867225408028231,0.04631671812968681
0.8938864628820961,0.027074235807860263,0.03275109170305677,0.0462882096069869
0.8897155361050328,0.030196936542669583,0.03194748358862144,0.04814004376367615
0.8940919037199124,0.029321663019693654,0.02975929978118162,0.04682713347921225
0.8957968476357268,0.03021015761821366,0.02714535901926445,0.046847635726795095
0.8941124780316344,0.03163444639718805,0.02592267135325132,0.048330404217926184
0.8923278116826504,0.03356582388840453,0.025283347863993024,0.04882301656495205
0.8907563025210085,0.034055727554179564,0.02565236620964175,0.04953560371517028
0.8879576532862814,0.03396559329510366,0.02690780767534186,0.05116894574327305
0.8836283185840708,0.03584070796460177,0.029646017699115044,0.05088495575221239
0.8793706293706294,0.03583916083916084,0.031031468531468532,0.053758741258741256
0.87855871886121,0.037811387900355875,0.03202846975088968,0.051601423487544484
0.8783068783068783,0.03747795414462081,0.03130511463844797,0.05291005291005291
0.8743409490333919,0.03866432337434095,0.03471001757469244,0.05228471001757469
0.8719430858159182,0.040017785682525564,0.03423743886171632,0.05380168963983993
0.8752764263600177,0.038920831490490936,0.03272888102609465,0.05307386112339673
0.8767123287671232,0.04021210782147592,0.03137428192664605,0.05170128148475475
0.8769633507853403,0.04013961605584642,0.028795811518324606,0.05410122164048865
0.8768821966341895,0.04074402125775022,0.0283436669619132,0.054030115146147036
0.8801597869507324,0.039502885042166,0.02663115845539281,0.05370616955170883
0.8804638715432649,0.040588760035682424,0.027653880463871544,0.05129348795718109
0.8799116997792494,0.04194260485651214,0.02781456953642384,0.05033112582781457
0.8797190517998245,0.040825285338015806,0.0276558384547849,0.05179982440737489
0.8812886142983231,0.03927625772285966,0.0264783759929391,0.0529567519858782
0.8786666666666667,0.04133333333333333,0.025777777777777778,0.05422222222222222
0.8805970149253731,0.03994732221246708,0.027216856892010536,0.05223880597014925
0.8820671378091873,0.04107773851590106,0.026943462897526502,0.04991166077738516
0.8793859649122807,0.04298245614035088,0.028070175438596492,0.04956140350877193
0.8765377855887522,0.04437609841827768,0.03031634446397188,0.048769771528998244
0.873078612209047,0.04655248133509003,0.032498902064119456,0.04787000439174352
0.8759381898454747,0.045916114790286976,0.033112582781456956,0.045033112582781455
0.8789217852408308,0.04595669465311533,0.031816173221387536,0.04330534688466637
0.8820422535211268,0.04401408450704225,0.03169014084507042,0.04225352112676056
0.8791304347826087,0.044782608695652176,0.03260869565217391,0.043478260869565216
0.8794169611307421,0.04328621908127209,0.030918727915194347,0.04637809187279152
0.8821209465381245,0.04557405784399649,0.028921998247151623,0.043382997370727434
0.882532751091703,0.04410480349344978,0.026637554585152837,0.046724890829694325
0.8835252435783879,0.04561558901682905,0.023914968999114262,0.046944198405668734
0.8829973707274321,0.046012269938650305,0.02366345311130587,0.04732690622261174
0.8839364518976169,0.04633715798764342,0.023389232127096204,0.04633715798764342
0.8851232394366197,0.0448943661971831,0.02244718309859155,0.04753521126760563
0.8881987577639752,0.044365572315882874,0.021739130434782608,0.04569653948535936
0.8897742363877822,0.045595396193005754,0.021248339973439574,0.043382027445772464
0.8921308576480991,0.04376657824933687,0.022546419098143235,0.04155614500442087
0.894806338028169,0.04137323943661972,0.022007042253521125,0.04181338028169014
0.8943445857080228,0.0394563787812363,0.023235423060061378,0.04296361245067953
0.8933742869679684,0.03949100482667837,0.023255813953488372,0.04387889425186485
0.8952464788732394,0.037411971830985914,0.023327464788732395,0.04401408450704225
0.8947136563876652,0.04052863436123348,0.02026431718061674,0.04449339207048458
0.8947368421052632,0.041666666666666664,0.01929824561403509,0.04429824561403509
0.8930004458314758,0.04101649576460098,0.018724921979491754,0.047258136424431565
0.895925597874225,0.038529672276350756,0.02037201062887511,0.045172719220549155
0.8961152335224792,0.03841117415975556,0.02182453077258839,0.04364906154517678
0.8979771328056289,0.03430079155672823,0.021547933157431837,0.04617414248021108
0.8957409050576752,0.03637976929902396,0.021739130434782608,0.04614019520851819
0.8911803422553751,0.03729706011408512,0.02369460289600702,0.04782799473453269
0.8939061814993424,0.03682595352915388,0.022797018851380975,0.046470846120122755
0.8944812362030905,0.03664459161147903,0.022958057395143488,0.045916114790286976
0.8919397697077059,0.03720106288751107,0.022586359610274578,0.04827280779450841
0.8942265315116792,0.0374614367562803,0.02379903040987219,0.04451300132216836
0.8912852112676056,0.03961267605633803,0.025088028169014086,0.04401408450704225
0.8902600264433671,0.03966505068312032,0.026884089907448214,0.043190832966064345
0.8937777777777778,0.03777777777777778,0.02666666666666667,0.041777777777777775
0.891725352112676,0.03653169014084507,0.028169014084507043,0.04357394366197183
0.8869832893579596,0.03825857519788918,0.026385224274406333,0.048372911169744945
0.8876748251748252,0.036276223776223776,0.024475524475524476,0.051573426573426576
0.8870754300838112,0.035288928098809,0.024261138067931187,0.05337450374944861
0.8879082082965578,0.03398058252427184,0.02383053839364519,0.054280670785525155
0.8842572062084257,0.03636363636363636,0.024390243902439025,0.054988913525498895
0.8853615520282186,0.03571428571428571,0.026455026455026454,0.05246913580246913
0.8873614190687361,0.03725055432372506,0.02394678492239468,0.05144124168514413
0.8896703296703297,0.033846153846153845,0.024175824175824177,0.052307692307692305
0.8885462555066079,0.033920704845814977,0.027312775330396475,0.050220264317180616
0.8893280632411067,0.03293807641633729,0.02678963548528766,0.050944224857268336
0.8874836458787615,0.03488879197557784,0.02573048408198866,0.051897078063672046
0.8905077262693156,0.03620309050772627,0.024724061810154525,0.04856512141280353
0.8895787139689578,0.03503325942350333,0.025720620842572064,0.04966740576496674
0.8880564125165271,0.03613926840017629,0.02600264433671221,0.049801674746584396
0.8896218117854002,0.034740545294635,0.025065963060686015,0.0505716798592788
0.8920105355575065,0.031167690956979806,0.024582967515364356,0.05223880597014925
0.8883048620236531,0.0337275514673675,0.024967148488830485,0.05300043802014893
0.8834821428571429,0.03660714285714286,0.023660714285714285,0.05625
0.888937664618086,0.036435469710272166,0.02151009657594381,0.05311676909569798
0.8875219683655536,0.03690685413005272,0.0210896309314587,0.054481546572934976
0.8850066342326405,0.0367094206103494,0.019902697921273773,0.0583812472357364
0.8872614292055038,0.036395916555703504,0.020861074123391034,0.055481580115401684
0.8883928571428571,0.03571428571428571,0.02142857142857143,0.054464285714285715
0.887478108581436,0.03546409807355517,0.021015761821366025,0.05604203152364273
0.8872113676731794,0.035523978685612786,0.020426287744227355,0.056838365896980464
0.8867016622922135,0.03805774278215223,0.020559930008748905,0.05468066491688539
0.8836094158674804,0.037489102005231034,0.022231909328683522,0.05666957279860506
0.8842471714534378,0.037859007832898174,0.022628372497824196,0.05526544821583986
0.8850726552179656,0.036988110964332896,0.022457067371202115,0.05548216644649934
0.8872743284896522,0.035667107001321,0.02289740202553941,0.05416116248348745
0.8876055086628165,0.034207019102621056,0.02265659706796979,0.05553087516659263
0.8829416884247171,0.036118363794604,0.02175805047867711,0.05918189730200174
0.8810359964881475,0.03555750658472344,0.023266022827041263,0.0601404741000878
0.8775330396475771,0.03788546255506608,0.02378854625550661,0.06079295154185022
0.876916338151555,0.03942181340341656,0.024967148488830485,0.058694699956197985
0.8701355487538259,0.04197638828159161,0.02710975076519458,0.06077831219938785
0.8741228070175439,0.039473684210526314,0.02587719298245614,0.060526315789473685
0.8707815275310835,0.03996447602131439,0.02575488454706927,0.06349911190053285
0.8715108551174124,0.03987594151528578,0.02525476295968099,0.06335844040762073
0.8739015817223199,0.03734622144112478,0.023725834797891036,0.06502636203866433
0.8697368421052631,0.04078947368421053,0.025,0.06447368421052632
0.8677504393673111,0.04173989455184534,0.024165202108963092,0.06634446397188049
0.8672254080282311,0.043670048522276135,0.023820026466696075,0.06528451698279665
0.8705416116248349,0.04271246147071774,0.021136063408190225,0.06560986349625715
0.8672217353198949,0.040315512708150744,0.021910604732690624,0.0705521472392638
0.866166077738516,0.04240282685512368,0.023409893992932862,0.06802120141342756
0.8692375886524822,0.041666666666666664,0.02127659574468085,0.0678191489361702
0.8728888888888889,0.04,0.020444444444444446,0.06666666666666667
0.8744493392070485,0.03788546255506608,0.02158590308370044,0.06607929515418502
0.8669885864793678,0.03906935908691835,0.0228270412642669,0.07111501316944688
0.8683510638297872,0.03856382978723404,0.026152482269503546,0.06693262411347518
0.8703950288504216,0.039502885042166,0.026187305814469597,0.06391478029294274
0.871749669457911,0.04010577346848832,0.02600264433671221,0.062141912736888495
0.872471416007036,0.03869832893579595,0.026824978012313105,0.06200527704485488
0.8757736516357206,0.03757736516357206,0.025198938992042442,0.0614500442086649
0.8731707317073171,0.03991130820399113,0.02483370288248337,0.06208425720620843
0.8736190897039329,0.04021210782147592,0.026513477684489615,0.05965532479010163
0.8757187085360459,0.04157452454666077,0.025210084033613446,0.05749668288367979
0.8793256433007985,0.040372670807453416,0.024401064773735583,0.055900621118012424
0.8820445609436435,0.039755351681957186,0.023591087811271297,0.054608999563128
0.8832962138084632,0.03830734966592428,0.024498886414253896,0.05389755011135858
0.8843626806833115,0.03723171265878231,0.024091108190976786,0.05431449846692948
0.8853982300884956,0.03938053097345133,0.020353982300884955,0.05486725663716814
0.8841276781810232,0.03804110188019239,0.019239177962396152,0.05859204197638828
0.8827708703374778,0.03996447602131439,0.018206039076376555,0.05905861456483126
0.8825076720736519,0.03682595352915388,0.01797457255589654,0.06269180184129768
0.8801054018445322,0.039525691699604744,0.01756697408871322,0.06280193236714976
0.8798245614035087,0.037719298245614034,0.01929824561403509,0.06315789473684211
0.8794701986754967,0.03664459161147903,0.018543046357615896,0.06534216335540839
0.8831569664902998,0.03659611992945326,0.01763668430335097,0.06261022927689594
0.8854120758043191,0.03525782282944028,0.018069634200088145,0.061260467166152494
0.8815269855199649,0.036858271171566474,0.018867924528301886,0.06274681878016675
0.8783068783068783,0.036155202821869487,0.019400352733686066,0.06613756613756613
0.8782952548330404,0.03690685413005272,0.01845342706502636,0.06634446397188049
0.8820175438596491,0.037719298245614034,0.016228070175438595,0.06403508771929825
0.8718736287845547,0.03905221588415972,0.018429135585783237,0.07064501974550241
0.8705161854768154,0.04243219597550306,0.017935258092738406,0.06911636045494313
0.8681999115435648,0.04201680672268908,0.019902697921273773,0.06988058381247236
0.8711091626479615,0.040333187198597104,0.021481806225339763,0.06707584392810172
0.8682713347921225,0.04070021881838074,0.022757111597374178,0.06827133479212254
0.8683510638297872,0.04299645390070922,0.022163120567375887,0.06648936170212766
0.8698146513680495,0.04457193292144748,0.022506619593998235,0.06310679611650485
0.8684668989547039,0.04573170731707317,0.023519163763066203,0.062282229965156796
0.8725663716814159,0.04247787610619469,0.026106194690265486,0.058849557522123896
0.8814749780509219,0.03994732221246708,0.024582967515364356,0.053994732221246705
0.8815907059874888,0.04334226988382484,0.022788203753351208,0.05227882037533512
0.8811924594476107,0.04384042086804033,0.023235423060061378,0.051731696624287594
0.879682679594535,0.044072278536800354,0.02379903040987219,0.05244601145879242
0.8813559322033898,0.04192685102586976,0.025869759143621766,0.05084745762711865
0.8863037752414399,0.04302019315188762,0.02370500438981563,0.04697102721685689
0.8866343184825761,0.04102337891486546,0.024261138067931187,0.04808116453462726
0.8831569664902998,0.04365079365079365,0.023809523809523808,0.04938271604938271
0.8852459016393442,0.044306601683650866,0.02259636685866194,0.047851129818342934
0.8869412795793163,0.04294478527607362,0.02147239263803681,0.04864154250657318
0.8819383259911894,0.04317180616740088,0.025110132158590308,0.04977973568281938
0.8785211267605634,0.0448943661971831,0.02420774647887324,0.05237676056338028
0.8824045634050022,0.04212373848179026,0.022817025010969723,0.05265467310223782
0.8820150243040212,0.04197967300044189,0.021652673442333185,0.054352629253203714
0.8809314586994728,0.04173989455184534,0.0210896309314587,0.056239015817223195
0.8805309734513275,0.04424778761061947,0.022123893805309734,0.05309734513274336
0.8794014084507042,0.04533450704225352,0.022007042253521125,0.053257042253521125
0.8812965396408234,0.04248795444590451,0.02102496714848883,0.05519053876478318
0.8791064388961892,0.04467805519053877,0.02058694699956198,0.05562855891371003
0.8775241439859526,0.043898156277436345,0.023266022827041263,0.0553116769095698
0.8811619718309859,0.040492957746478875,0.02464788732394366,0.05369718309859155
0.8841732979664014,0.040229885057471264,0.022988505747126436,0.052608311229000886
0.8803003533568905,0.03931095406360424,0.022968197879858657,0.05742049469964664
0.8816254416961131,0.037102473498233215,0.024734982332155476,0.05653710247349823
0.8842429577464789,0.037852112676056336,0.02464788732394366,0.053257042253521125
0.8871181938911022,0.03718459495351926,0.02478972996901284,0.05090748118636565
0.8882483370288249,0.03725055432372506,0.024390243902439025,0.050110864745011086
0.8856640281442393,0.03605980650835532,0.026385224274406333,0.051890941072999124
0.8871681415929203,0.034955752212389384,0.02743362831858407,0.050442477876106194
0.8885435168738899,0.03596802841918295,0.024422735346358793,0.05106571936056838
0.8858146684233641,0.03732981993851559,0.02766798418972332,0.049187527448397016
0.8830486202365309,0.03679369250985545,0.02803328953131844,0.052124397722295226
0.8828433523475209,0.035980693286529176,0.028082492321193506,0.05309346204475647
0.8816254416961131,0.038869257950530034,0.02517667844522968,0.054328621908127206
0.8795180722891566,0.041499330655957165,0.023650156180276664,0.05533244087460955
0.879592740150509,0.04205400619743249,0.02434705621956618,0.054006197432492256
0.8799116997792494,0.0423841059602649,0.022516556291390728,0.05518763796909492
0.8829460762823323,0.044278825076720735,0.02367382726874178,0.04910127137220517
0.8852097130242825,0.045916114790286976,0.02207505518763797,0.046799116997792496
0.8840070298769771,0.04657293497363796,0.021528998242530756,0.04789103690685413
0.8818897637795275,0.04461942257217848,0.022747156605424323,0.05074365704286964
0.8776852257781674,0.044278825076720735,0.02367382726874178,0.05436212187637001
0.8745598591549296,0.0448943661971831,0.02420774647887324,0.056338028169014086
0.8724624889673434,0.04633715798764342,0.02471315092674316,0.05648720211827008
0.870670758439281,0.044278825076720735,0.028496273564226217,0.05655414291977203
0.8711385701676964,0.043689320388349516,0.02824360105913504,0.05692850838481906
0.8704188481675392,0.04363001745200698,0.02574171029668412,0.060209424083769635
0.8720420683610868,0.04513584574934268,0.024101665205959685,0.058720420683610865
0.8749451513821852,0.04475647213690215,0.02369460289600702,0.05660377358490566
0.8791887125220459,0.04056437389770723,0.024250440917107582,0.05599647266313933
0.8766884531590414,0.042701525054466234,0.024400871459694988,0.05620915032679739
0.8778021978021978,0.043076923076923075,0.025054945054945054,0.05406593406593407
0.8801945181255526,0.04111405835543767,0.02475685234305924,0.053934571175950484
0.8818827708703375,0.04085257548845471,0.024422735346358793,0.05284191829484902
0.8800705467372134,0.04188712522045855,0.027336860670194002,0.050705467372134036
0.8852603706972639,0.040158870255957636,0.02471315092674316,0.0498676081200353
0.8891333040035195,0.03915530136383634,0.02375714914210295,0.047954245490541135
0.8936077057793345,0.03809106830122592,0.0223292469352014,0.04597197898423818
0.8931737588652482,0.03856382978723404,0.02349290780141844,0.04476950354609929
0.8920105355575065,0.04038630377524144,0.021949078138718173,0.0456540825285338
0.8953131844064827,0.03723171265878231,0.02102496714848883,0.04643013578624617
0.8986842105263158,0.035964912280701755,0.017982456140350878,0.04736842105263158
0.8965213562307354,0.03478643769264641,0.018494055482166448,0.05019815059445178
0.8929043631555752,0.0370207139709123,0.019391802556192154,0.050683120317320404
0.8919156414762741,0.03427065026362039,0.01977152899824253,0.054042179261862916
0.890017667844523,0.0353356890459364,0.0176678445229682,0.05697879858657244
0.8909249563699826,0.03446771378708551,0.01832460732984293,0.056282722513089
0.8896189224704336,0.03591765221200175,0.019272886552781428,0.05519053876478318
0.8940338379341051,0.034728406055209264,0.020480854853072127,0.05075690115761353
0.8915449313855688,0.03762726870296591,0.02036299247454626,0.05046480743691899
0.8939929328621908,0.03666077738515901,0.02120141342756184,0.04814487632508834
0.8925583443416997,0.036547776309995596,0.022016732716864818,0.0488771466314399
0.8926380368098159,0.03680981595092025,0.018404907975460124,0.05214723926380368
0.8890829694323145,0.037991266375545854,0.017467248908296942,0.055458515283842796
0.8907342657342657,0.03715034965034965,0.018793706293706292,0.05332167832167832
0.888402625820569,0.036761487964989056,0.020568927789934355,0.054266958424507655
0.8891843971631206,0.037677304964539006,0.020833333333333332,0.05230496453900709
0.8922338568935427,0.036212914485165795,0.019197207678883072,0.05235602094240838
0.8931064572425829,0.03577661431064572,0.02006980802792321,0.051047120418848166
0.8934280639431617,0.037300177619893425,0.018206039076376555,0.05106571936056838
0.8879042977403633,0.0407620735489588,0.01993797075764289,0.051395657953035
0.8870754300838112,0.03970004411116013,0.018526687251874726,0.054697838553153945
0.8816725978647687,0.04092526690391459,0.020462633451957295,0.05693950177935943
0.8836395450568679,0.04068241469816273,0.02099737532808399,0.05468066491688539
0.8836187966622749,0.039964866051822576,0.022837066315327184,0.05357927097057532
0.8824823943661971,0.04181338028169014,0.02464788732394366,0.051056338028169015
0.8787073926516158,0.04205400619743249,0.02434705621956618,0.054891544931385566
0.8791887125220459,0.045414462081128745,0.024250440917107582,0.05114638447971781
0.8805774278215223,0.044181977252843396,0.024934383202099737,0.050306211723534555
0.8809523809523809,0.04188712522045855,0.024691358024691357,0.05246913580246913
0.8806100217864924,0.040958605664488015,0.025272331154684097,0.05315904139433551
0.883053839364519,0.04060017652250662,0.02471315092674316,0.05163283318623124
0.8810907465355386,0.042914617791685296,0.0232454179704962,0.05274921770227984
0.8807339449541285,0.04193971166448231,0.021406727828746176,0.055919615552643076
0.8776408450704225,0.0409330985915493,0.02244718309859155,0.05897887323943662
0.8800527240773286,0.040421792618629174,0.021528998242530756,0.05799648506151142
0.8775599128540305,0.040958605664488015,0.020479302832244008,0.06100217864923747
0.8773006134969326,0.04382120946538125,0.019281332164767746,0.05959684487291849
0.8782837127845884,0.042907180385288964,0.020577933450087564,0.05823117338003503
0.882560706401766,0.04326710816777042,0.02119205298013245,0.052980132450331126
0.8816725978647687,0.04581850533807829,0.01912811387900356,0.05338078291814947
0.8852747252747253,0.044395604395604395,0.018901098901098902,0.05142857142857143
0.8863139484040228,0.04285089637079143,0.019676432006996064,0.05115872321818977
0.886443661971831,0.0409330985915493,0.018045774647887324,0.05457746478873239
0.8816542014958205,0.04267487901451826,0.01891772987241531,0.05675318961724593
0.8812445223488168,0.04425942156003506,0.017528483786152498,0.05696757230499562
0.8824823943661971,0.04357394366197183,0.018926056338028168,0.05501760563380282
0.8814977973568282,0.04140969162995595,0.020704845814977973,0.05638766519823789
0.8849557522123894,0.04026548672566372,0.02079646017699115,0.05398230088495575
0.8821978021978022,0.04263736263736264,0.0210989010989011,0.05406593406593407
0.8847682119205298,0.0423841059602649,0.022516556291390728,0.05033112582781457
0.8868421052631579,0.041666666666666664,0.02324561403508772,0.04824561403508772
0.8878048780487805,0.04301552106430155,0.02394678492239468,0.04523281596452328
0.8852242744063324,0.04353562005277045,0.023306948109058926,0.04793315743183817
0.8824053452115813,0.040979955456570155,0.026280623608017816,0.05033407572383074
0.8879576532862814,0.037935597706219674,0.024261138067931187,0.049845610939567714
0.8863334807607254,0.03759398496240601,0.024325519681556832,0.05174701459531181
0.8909410729991205,0.03386103781882146,0.023306948109058926,0.051890941072999124
0.8850066342326405,0.0362671384343211,0.02476780185758514,0.05395842547545334
