R,A,S,N
0.0,0.0,0.0,1.0
0.0,0.3333333333333333,0.0,0.6666666666666666
0.0,0.2727272727272727,0.09090909090909091,0.6363636363636364
0.0,0.2727272727272727,0.18181818181818182,0.5454545454545454
0.0,0.28205128205128205,0.15384615384615385,0.5641025641025641
0.0,0.26153846153846155,0.16923076923076924,0.5692307692307692
0.0,0.2765957446808511,0.20212765957446807,0.5212765957446809
0.0,0.3253968253968254,0.2222222222222222,0.4523809523809524
0.005813953488372093,0.3313953488372093,0.22674418604651161,0.436046511627907
0.008620689655172414,0.31896551724137934,0.2629310344827586,0.40948275862068967
0.01929260450160772,0.3183279742765273,0.28938906752411575,0.3729903536977492
0.022222222222222223,0.32098765432098764,0.3037037037037037,0.3530864197530864
0.03536345776031434,0.33398821218074654,0.30648330058939094,0.3241650294695481
0.03656597774244833,0.3338632750397456,0.3068362480127186,0.32273449920508746
0.043478260869565216,0.3333333333333333,0.2951251646903821,0.32806324110671936
0.05102040816326531,0.3197278911564626,0.30498866213151926,0.3242630385487528
0.059961315280464215,0.31721470019342357,0.30851063829787234,0.31431334622823986
0.06260575296108291,0.3130287648054145,0.30372250423011843,0.3206429780033841
0.06994047619047619,0.32142857142857145,0.2931547619047619,0.31547619047619047
0.07427055702917772,0.3196286472148541,0.2838196286472148,0.3222811671087533
0.07459066100667071,0.312310491206792,0.28744693753790174,0.32565191024863555
0.07875354107648726,0.313314447592068,0.28385269121813034,0.3240793201133145
0.0846194784459819,0.3150612027674295,0.2751463544438531,0.3251729643427355
0.09778225806451613,0.32006048387096775,0.265625,0.3165322580645161
0.1007866273352999,0.323992133726647,0.25663716814159293,0.3185840707964602
0.10523875753361149,0.32174316179879464,0.25961984237366714,0.31339823829392677
0.1073038773669973,0.31785392245266003,0.25428313796212804,0.3205590622182146
0.11460176991150442,0.3216814159292035,0.25265486725663716,0.3110619469026549
0.11484716157205241,0.31965065502183404,0.24934497816593887,0.31615720524017465
0.11395759717314488,0.3202296819787986,0.24602473498233215,0.3197879858657244
0.11404667547335975,0.3188022897402025,0.25011008366358434,0.31704095112285335
0.11409691629955947,0.3224669603524229,0.2515418502202643,0.3118942731277533
0.11613475177304965,0.3249113475177305,0.24512411347517732,0.31382978723404253
0.12240388864339373,0.3186036235086169,0.2421564295183385,0.3168360583296509
0.12865242040994332,0.3170518970780637,0.23680767553423462,0.3174880069777584
0.125605993829881,0.3129131776112825,0.24371970030850595,0.31776112825033054
0.12180052956751986,0.3181818181818182,0.24139452780229478,0.31862312444836716
0.12505484861781482,0.3128565160157964,0.24221149627029398,0.3198771390960948
0.1286215978928885,0.3147497805092186,0.23836698858647937,0.3182616330114135
0.12825033054208904,0.31908329660643453,0.2388717496694579,0.3137946231820185
0.13139329805996472,0.3152557319223986,0.23765432098765432,0.31569664902998235
0.13268465280849182,0.31800088456435205,0.22467934542237947,0.32463511720477667
0.13575865128660158,0.3132209405501331,0.2267080745341615,0.32431233362910383
0.1336589698046181,0.31127886323268206,0.22602131438721138,0.32904085257548843
0.13584574934268187,0.30850131463628394,0.2182296231375986,0.3374233128834356
0.1312197269925143,0.3130779392338177,0.2263320123293703,0.3293703214442977
0.1330715532286213,0.3158813263525305,0.21902268760907503,0.3320244328097731
0.13359614542268944,0.3241349102058695,0.21419185282522996,0.3280770915462111
0.13574261789334507,0.32304980167474656,0.21595416483032173,0.3252534156015866
0.1345054945054945,0.32351648351648354,0.2145054945054945,0.3274725274725275
0.13459841129744043,0.323477493380406,0.2091791703442189,0.3327449249779347
0.1394830659536542,0.3230837789661319,0.2014260249554367,0.3360071301247772
0.13708260105448156,0.3312829525483304,0.19903339191564148,0.3326010544815466
0.1366240634640811,0.3318642573821067,0.19920669898633758,0.3323049801674747
0.13784021071115013,0.33187006145741876,0.19402985074626866,0.3362598770851624
0.13658322353974528,0.3359683794466403,0.19367588932806323,0.33377250768555117
0.13445378151260504,0.3445378151260504,0.19195046439628483,0.3290579389650597
0.1368653421633554,0.3373068432671082,0.1947019867549669,0.33112582781456956
0.13832599118942732,0.3365638766519824,0.19559471365638767,0.3295154185022026
0.14260640631856078,0.3356735410267661,0.1917507678806494,0.3299692847740237
0.14285714285714285,0.3343558282208589,0.19193689745836984,0.3308501314636284
0.14647137150466044,0.3333333333333333,0.18863737239236572,0.33155792276964047
0.14898320070733864,0.32625994694960214,0.1914235190097259,0.3333333333333333
0.14663143989431968,0.33245266402465873,0.1928665785997358,0.3280493174812858
0.1467849223946785,0.3325942350332594,0.19334811529933482,0.32727272727272727
0.14993365767359576,0.3277310924369748,0.19416187527642637,0.3281733746130031
0.15249780893952672,0.32778264680105174,0.19193689745836984,0.32778264680105174
0.154557463672391,0.33025099075297226,0.19110523998238663,0.3240863055922501
0.1545494122768829,0.33391380060949066,0.19068350021767522,0.3208532868959512
0.15367679436371642,0.3284896521356231,0.18934390136503743,0.3284896521356231
0.15567282321899736,0.3280562884784521,0.18733509234828497,0.3289357959542656
0.15724381625441697,0.3286219081272085,0.18374558303886926,0.3303886925795053
0.15775635407537247,0.3290972830850131,0.1792287467134093,0.3339176161262051
0.15923009623797024,0.33858267716535434,0.1815398075240595,0.3206474190726159
0.1615720524017467,0.3327510917030568,0.18471615720524018,0.32096069868995636
0.15987599645704162,0.32728077945084144,0.17980513728963685,0.3330380868024801
0.16190057193136823,0.3277606687197536,0.1803783545974483,0.32996040475142985
0.16651825467497774,0.3210151380231523,0.18744434550311664,0.3250222617987533
0.16836961350510884,0.32207907596623725,0.1874722345624167,0.32207907596623725
0.16849495392716105,0.32514260640631854,0.18385256691531374,0.3225098727512067
0.16469038208168643,0.32630654369784806,0.18533157663592445,0.32367149758454106
0.1680488869489306,0.3256219991270188,0.17983413356612832,0.3264949803579223
0.17089160839160839,0.3256118881118881,0.1743881118881119,0.3291083916083916
0.1714785651793526,0.3188976377952756,0.1784776902887139,0.3311461067366579
0.17753303964757708,0.31894273127753303,0.1748898678414097,0.32863436123348017
0.17404647084612013,0.3187198597106532,0.17755370451556335,0.3296799649276633
0.17381786339754815,0.3222416812609457,0.17994746059544658,0.3239929947460595
0.17465904091509019,0.3224813022437307,0.17333919929608446,0.32952045754509457
0.173568281938326,0.32422907488986785,0.17048458149779736,0.3317180616740088
0.17468019408910454,0.32289369210410235,0.17556241729157476,0.32686369651521835
0.1794078656650464,0.32037118868758285,0.17454706142288998,0.3256738842244808
0.18530066815144766,0.310913140311804,0.18084632516703786,0.32293986636971045
0.18875502008032127,0.31057563587684067,0.1753681392235609,0.3253012048192771
0.19440745672436752,0.31069684864624947,0.17354638260097646,0.32134931202840655
0.20079260237780713,0.30779392338177014,0.17437252311756934,0.31704095112285335
0.2091474245115453,0.302841918294849,0.1736234458259325,0.31438721136767317
0.20996912218791355,0.3026025584472872,0.17026907807675343,0.3171592412880459
0.21186813186813186,0.30241758241758243,0.1731868131868132,0.31252747252747254
0.20940356987374836,0.2982150631258163,0.17457553330430997,0.31780583369612536
0.21353711790393012,0.29781659388646287,0.17336244541484716,0.31528384279475985
0.21237384817902588,0.3023255813953488,0.17156647652479157,0.3137340939008337
0.21293444786625604,0.30576330840299165,0.17069951605807304,0.31060272767267927
0.21277533039647578,0.3092511013215859,0.17048458149779736,0.307488986784141
0.21559233449477352,0.3083623693379791,0.16855400696864112,0.3074912891986063
0.2090469916556873,0.3126921387790953,0.16820377689942909,0.3100570926657883
0.2188463232056363,0.30823425803610743,0.1668868339938353,0.30603258476442097
0.21438082556591212,0.31513537505548156,0.16822015090989792,0.3022636484687084
0.20994718309859156,0.31514084507042256,0.1637323943661972,0.31117957746478875
0.21677704194260486,0.3130242825607064,0.16335540838852097,0.3068432671081678
0.21520675855935972,0.305913739439751,0.164517563361494,0.31436193863939527
0.22153846153846155,0.3076923076923077,0.16483516483516483,0.3059340659340659
0.22,0.3048888888888889,0.164,0.3111111111111111
0.22172949002217296,0.3095343680709534,0.1583148558758315,0.31042128603104213
0.21484716157205241,0.31615720524017465,0.15851528384279476,0.31048034934497815
0.2087912087912088,0.31956043956043956,0.15912087912087913,0.31252747252747254
0.20980565371024734,0.32287985865724383,0.15547703180212014,0.3118374558303887
0.21425448185395715,0.3226934849147355,0.1595977262789681,0.3034543069523393
0.21437965804471723,0.3248575186321789,0.15914072775098642,0.3016220955721175
0.21128021486123547,0.3294538943598926,0.1593554162936437,0.2999104744852283
0.21412996075010904,0.32272132577409507,0.1587440034888792,0.3044047099869167
0.21891651865008882,0.32149200710479575,0.15896980461811722,0.3006216696269982
0.21762114537444935,0.32202643171806167,0.15550660792951543,0.3048458149779736
0.21723834652594548,0.3276165347405453,0.158311345646438,0.29683377308707126
0.21635883905013192,0.3258575197889182,0.15875109938434476,0.2990325417766051
0.21522887323943662,0.3283450704225352,0.1619718309859155,0.2944542253521127
0.21369021500658184,0.3189995612110575,0.1645458534444932,0.30276437033786746
0.20405464962538564,0.3208461877479066,0.1626267078007933,0.3124724548259145
0.1978165938864629,0.32183406113537116,0.16550218340611353,0.3148471615720524
0.19594892118009688,0.32012329370321446,0.17437252311756934,0.3095552619991193
0.1979627989371125,0.32196634189548273,0.16740478299379982,0.312666076173605
0.2022075055187638,0.31876379690949225,0.1664459161147903,0.3125827814569536
0.20401922236784623,0.32066404543468763,0.16470074268239407,0.3106159895150721
0.2092511013215859,0.32026431718061676,0.166079295154185,0.30440528634361236
0.20618101545253864,0.3200883002207506,0.16777041942604856,0.30596026490066225
0.20393873085339168,0.32735229759299783,0.16673960612691466,0.30196936542669583
0.20778652668416447,0.3184601924759405,0.1657917760279965,0.3079615048118985
0.21113074204946997,0.3215547703180212,0.16519434628975266,0.30212014134275617
0.2056239015817223,0.3260105448154657,0.16300527240773285,0.3053602811950791
0.20615384615384616,0.3283516483516484,0.16263736263736264,0.3028571428571429
0.20559930008748906,0.32020997375328086,0.16666666666666666,0.30752405949256345
0.20455540954883925,0.328515111695138,0.15987735435830047,0.3070521243977223
0.1980461811722913,0.3352575488454707,0.16163410301953818,0.30506216696269983
0.2005288673424416,0.3318642573821067,0.1621859850154253,0.30542089026002645
0.20517316966242877,0.3340640070144673,0.1551950898728628,0.30556773345024113
0.2087527352297593,0.32428884026258203,0.1601750547045952,0.3067833698030635
0.19869565217391305,0.32304347826086954,0.16652173913043478,0.31173913043478263
0.19815465729349738,0.3246924428822496,0.16695957820738136,0.3101933216168717
0.20105587329520458,0.3251209854817422,0.1636603607567092,0.31016278046634405
0.19929140832595216,0.3259521700620018,0.16563330380868024,0.3091231178033658
0.19814651368049427,0.32568402471315094,0.1646072374227714,0.3115622241835834
0.20097604259094942,0.321206743566992,0.16770186335403728,0.3101153504880213
0.2015810276679842,0.3153271848924023,0.16512955643390426,0.31796223100570925
0.20284065690190856,0.3146915224145584,0.16866400355082112,0.31380381713271194
0.20282810428634557,0.3172779496243924,0.16791869200176757,0.3119752540874945
0.19938650306748465,0.3194566170026293,0.17090271691498685,0.3102541630148992
0.19597550306211722,0.3223972003499563,0.17060367454068243,0.3110236220472441
0.19414893617021275,0.3178191489361702,0.17641843971631205,0.311613475177305
0.1981587023235423,0.31477422183252957,0.17492327926348092,0.31214379658044716
0.1968503937007874,0.31627296587926507,0.1762904636920385,0.310586176727909
0.19761799735333038,0.31407146007940007,0.1795324217026908,0.30877812086457873
0.20407259849490925,0.315626383355467,0.17662682602921648,0.30367419212040725
0.20079435127978817,0.32038834951456313,0.17387466902030008,0.3049426301853486
0.2009695901278096,0.3248126928162186,0.17584839136183342,0.2983693256941384
0.2062937062937063,0.32211538461538464,0.17395104895104896,0.29763986013986016
0.2164079822616408,0.3210643015521064,0.16851441241685144,0.2940133037694013
0.21003963011889035,0.3236459709379128,0.16996917657419638,0.29634522236900046
0.2022271714922049,0.333184855233853,0.16614699331848554,0.2984409799554566
0.20448548812664907,0.33773087071240104,0.1662269129287599,0.29155672823219
0.20913884007029876,0.3321616871704745,0.1634446397188049,0.29525483304042177
0.20302087960906265,0.33407374500222126,0.16614837849844513,0.29675699689027096
0.19920494699646643,0.3365724381625442,0.16475265017667845,0.299469964664311
0.2066259808195292,0.3282476024411508,0.16695727986050568,0.2981691368788143
0.20044052863436124,0.32555066079295153,0.17533039647577092,0.2986784140969163
0.19947275922671354,0.31985940246045697,0.1757469244288225,0.30492091388400705
0.19851007887817704,0.317703768624014,0.17747589833479405,0.3063102541630149
0.20139190952588082,0.31622444541104827,0.17877337973031754,0.30361026533275337
0.19876868953386104,0.32189973614775724,0.17766051011433598,0.3016710642040457
0.19956043956043956,0.3221978021978022,0.17714285714285713,0.3010989010989011
0.19534679543459174,0.3301141352063213,0.17164179104477612,0.3028972783143108
0.1978165938864629,0.32532751091703055,0.16943231441048034,0.3074235807860262
0.19912663755458515,0.3235807860262009,0.16943231441048034,0.3078602620087336
0.20550377274744785,0.3186861961828673,0.1708832667554372,0.30492676431424764
0.20481400437636763,0.3199124726477024,0.175054704595186,0.300218818380744
0.20700218818380745,0.3150984682713348,0.1772428884026258,0.30065645514223194
0.2068661971830986,0.31117957746478875,0.17913732394366197,0.3028169014084507
0.2051395657953035,0.3185644661054497,0.1741249446167479,0.3021710234824989
0.20053003533568906,0.31757950530035334,0.17402826855123674,0.30786219081272087
0.2107800175284838,0.3141980718667835,0.17353198948290974,0.30148992112182293
0.21013215859030837,0.31013215859030835,0.17400881057268722,0.30572687224669604
0.21054964539007093,0.3067375886524823,0.1773049645390071,0.3054078014184397
0.20969162995594715,0.30837004405286345,0.17577092511013215,0.30616740088105726
0.2031523642732049,0.30779334500875655,0.17950963222416813,0.3095446584938704
0.2026315789473684,0.3078947368421053,0.17894736842105263,0.3105263157894737
0.20585664335664336,0.3090034965034965,0.1778846153846154,0.30725524475524474
0.20765508139023317,0.30928288605367354,0.17421909370875496,0.3088429388473383
0.20848214285714287,0.3107142857142857,0.17366071428571428,0.30714285714285716
0.2044658493870403,0.3095446584938704,0.17644483362521893,0.3095446584938704
0.20380194518125552,0.30282935455349247,0.17506631299734748,0.3183023872679045
0.2094240837696335,0.29450261780104714,0.1793193717277487,0.31675392670157065
0.21236203090507727,0.29624724061810154,0.17836644591611478,0.3130242825607064
0.21675531914893617,0.29476950354609927,0.1804078014184397,0.30806737588652483
0.21721854304635763,0.2878587196467991,0.1814569536423841,0.31346578366445915
0.21943711521547934,0.2880386983289358,0.18293755496921724,0.3095866314863676
0.2161925601750547,0.2897155361050328,0.18555798687089717,0.3085339168490153
0.21729587357330993,0.2844600526777875,0.1865671641791045,0.31167690956979804
0.21781305114638447,0.2892416225749559,0.18959435626102292,0.30335097001763667
0.2269163763066202,0.28789198606271776,0.18771777003484322,0.29747386759581884
0.22134387351778656,0.2920509442248573,0.1875274483970136,0.29907773386034253
0.22114108801415303,0.28792569659442724,0.18664307828394516,0.30429013710747455
0.22329670329670329,0.2813186813186813,0.18637362637362637,0.309010989010989
0.22958057395143489,0.28565121412803535,0.18013245033112582,0.304635761589404
0.22968197879858657,0.2848939929328622,0.178886925795053,0.30653710247349825
0.22563652326602282,0.28753292361720806,0.18437225636523266,0.30245829675153646
0.22669584245076588,0.2835886214442013,0.18555798687089717,0.3041575492341357
0.22281167108753316,0.28116710875331563,0.1878868258178603,0.3081343943412909
0.21861086375779162,0.28495102404274264,0.19323241317898487,0.30320569902048083
0.21566901408450703,0.2904929577464789,0.19102112676056338,0.3028169014084507
0.2148576512455516,0.2891459074733096,0.19617437722419928,0.2998220640569395
0.2182381584772023,0.2815405046480744,0.19876051350154936,0.301460823373174
0.2180385288966725,0.28458844133099825,0.19921190893169877,0.29816112084063046
0.21949078138718173,0.286215978928885,0.1957857769973661,0.29850746268656714
0.22256500661084178,0.2864698104892023,0.19700308505949757,0.29396209784045835
0.22614840989399293,0.2831272084805654,0.19390459363957596,0.2968197879858657
0.225764192139738,0.2777292576419214,0.19388646288209607,0.3026200873362445
0.21888790820829657,0.2868490732568402,0.1879964695498676,0.3062665489849956
0.218927169646751,0.28739642389882253,0.19232446576537288,0.30135194068905363
0.211733568592854,0.28848698720776356,0.1905602117335686,0.30921923246581384
0.21475338280226974,0.2955041466608468,0.19161938018332605,0.2981230903535574
0.21406593406593408,0.29406593406593406,0.18857142857142858,0.3032967032967033
0.21253286590709902,0.2918492550394391,0.18930762489044697,0.3063102541630149
0.20901458241272647,0.2956252761820592,0.18382677861246133,0.311533362792753
0.20974955277280857,0.30366726296958857,0.17844364937388194,0.3081395348837209
0.20893561103810776,0.3035479632063075,0.1800262812089356,0.30749014454664914
0.2079859587538394,0.3018867924528302,0.1799034664326459,0.3102237823606845
0.20877192982456141,0.30087719298245613,0.1824561403508772,0.3078947368421053
0.20748898678414096,0.29779735682819386,0.18325991189427313,0.3114537444933921
0.2086994727592267,0.29569420035149385,0.18365553602811951,0.31195079086115995
0.2118421052631579,0.29342105263157897,0.17894736842105263,0.3157894736842105
0.21419127368884971,0.2961657117672984,0.1754076685764654,0.3142353459673865
0.21075837742504408,0.30246913580246915,0.17680776014109348,0.3099647266313933
0.20844444444444443,0.2995555555555556,0.1751111111111111,0.3168888888888889
0.20855379188712522,0.2962962962962963,0.17724867724867724,0.31790123456790126
0.20779796189632255,0.3026140894993354,0.1745680106335844,0.31501993797075767
0.20827829150154117,0.30250990752972257,0.17481285777190664,0.3143989431968296
0.20651695288419197,0.3047115808014091,0.17040951122853368,0.31836195508586523
0.21089324618736383,0.30413943355119827,0.17167755991285402,0.31328976034858386
0.20732245258050286,0.30480811645346273,0.17203352448169387,0.3158359064843405
0.20712401055408972,0.2941952506596306,0.17766051011433598,0.3210202286719437
0.20848056537102475,0.2999116607773852,0.17137809187279152,0.3202296819787986
0.2139718804920914,0.29481546572934975,0.17311072056239016,0.3181019332161687
0.2121746801940891,0.29730921923246584,0.17247463608292898,0.3180414644905161
0.21606285464862504,0.29244871235268444,0.1732867743343518,0.3182016586643387
0.21629955947136564,0.2911894273127753,0.17180616740088106,0.320704845814978
0.21689895470383275,0.29094076655052264,0.17334494773519163,0.31881533101045295
0.2174103237095363,0.2926509186351706,0.168416447944007,0.3215223097112861
0.21485411140583555,0.2922192749778957,0.17285587975243147,0.32007073386383733
0.21103327495621715,0.29203152364273205,0.1777583187390543,0.3191768826619965
0.21384750219106047,0.287467134092901,0.1801051709027169,0.31858019281332167
0.210896309314587,0.29042179261862916,0.17750439367311072,0.3211775043936731
0.21523472099202834,0.2945084145261293,0.1705048715677591,0.31975199291408324
0.2208994708994709,0.2945326278659612,0.16710758377425045,0.31746031746031744
0.22080772607550483,0.28753292361720806,0.1707638279192274,0.3208955223880597
0.22163819535698642,0.29215943933420935,0.16819973718791065,0.3180026281208936
0.21967357741508603,0.2968681076312307,0.16497573886193206,0.31848257609175123
0.2157473309608541,0.30071174377224197,0.16814946619217083,0.3153914590747331
0.21995565410199558,0.29445676274944566,0.1729490022172949,0.31263858093126384
0.2184873949579832,0.29411764705882354,0.17204776647501105,0.31534719150818225
0.21777777777777776,0.2897777777777778,0.1728888888888889,0.31955555555555554
0.21674008810572687,0.2920704845814978,0.173568281938326,0.31762114537444935
0.21297539149888142,0.2859060402684564,0.17628635346756152,0.32483221476510066
0.2132514260640632,0.28521281263712156,0.1763931548924967,0.32514260640631854
0.21765734265734266,0.28715034965034963,0.1673951048951049,0.3277972027972028
0.2150442477876106,0.2849557522123894,0.16991150442477876,0.33008849557522124
0.21651295564339043,0.28502415458937197,0.16556873078612208,0.3328941589811155
0.21590404264771212,0.28787205686361617,0.16392714349178142,0.33229675699689026
0.21172353455818022,0.28652668416447946,0.16754155730533685,0.3342082239720035
0.21719858156028368,0.2801418439716312,0.16578014184397163,0.33687943262411346
0.21825396825396826,0.2826278659611993,0.16710758377425045,0.33201058201058203
0.2193176783340718,0.2835622507753655,0.17368187859991138,0.3234381922906513
0.21799912625600698,0.28615115771079075,0.17038007863695936,0.3254696373962429
0.21646746347941567,0.28419654714475434,0.17352810978308986,0.32580787959274016
0.21978021978021978,0.28087912087912087,0.17098901098901098,0.3283516483516484
0.22725274725274724,0.27472527472527475,0.16835164835164834,0.32967032967032966
0.23128046078865752,0.27425786442179884,0.16880815241470978,0.32565352237483386
0.23746701846965698,0.27792436235708,0.16842568161829374,0.31618293755496923
0.23994697304463103,0.26999558108705257,0.1661511268228016,0.3239063190455148
0.24008810572687225,0.2757709251101322,0.1669603524229075,0.31718061674008813
0.23628318584070795,0.2761061946902655,0.16858407079646018,0.31902654867256636
0.24075704225352113,0.28169014084507044,0.1624119718309859,0.31514084507042256
0.24480777728678746,0.27441449403446755,0.1586389748121962,0.32213875386654883
0.2440423654015887,0.2780229479258605,0.15445719329214475,0.323477493380406
0.24582233948988566,0.2748460861917326,0.15787159190853123,0.32145998240985046
0.24166666666666667,0.27631578947368424,0.16096491228070176,0.32105263157894737
0.23961521644075207,0.2728465238303454,0.1639702667249672,0.3235679930039353
0.23911149825783973,0.27569686411149824,0.16594076655052264,0.3192508710801394
0.23820026466696073,0.2734891927657697,0.1662990736656374,0.3220114689016321
0.24396665204036858,0.2830188679245283,0.1689337428696797,0.30408073716542344
0.24614707177454867,0.27917217084984586,0.16732716864817263,0.30735358872743285
0.24691901408450703,0.28169014084507044,0.16505281690140844,0.30633802816901406
0.2444933920704846,0.28502202643171803,0.16387665198237886,0.3066079295154185
0.2511091393078971,0.28482697426796805,0.16725820763087842,0.2968056787932564
0.25088028169014087,0.28213028169014087,0.16505281690140844,0.3019366197183099
0.247585601404741,0.28094820017559263,0.1707638279192274,0.30070237050043896
0.24725032996040475,0.27936647602287723,0.17289925208974924,0.30048394192696876
0.24469026548672565,0.2774336283185841,0.17079646017699116,0.3070796460176991
0.24515845070422534,0.27684859154929575,0.17209507042253522,0.3058978873239437
0.24537444933920705,0.27665198237885463,0.173568281938326,0.30440528634361236
0.2464476021314387,0.2824156305506217,0.1714031971580817,0.2997335701598579
0.24638316527838666,0.2893467777290662,0.16615519508987286,0.2981148619026743
0.2465034965034965,0.2875874125874126,0.1673951048951049,0.298513986013986
0.24351648351648353,0.28923076923076924,0.1665934065934066,0.30065934065934063
0.2518747243052492,0.2787825319805911,0.16806352007057784,0.30127922364358184
0.25850640742377373,0.2828104286345559,0.16349977905435262,0.2951833848873177
0.26455026455026454,0.2843915343915344,0.16137566137566137,0.2896825396825397
0.26387665198237886,0.286784140969163,0.16343612334801763,0.28590308370044054
0.2631578947368421,0.2820175438596491,0.16359649122807018,0.2912280701754386
0.26052631578947366,0.2833333333333333,0.1631578947368421,0.2929824561403509
0.25917735515258733,0.2932330827067669,0.15745245466607696,0.2901371074745688
0.25417032484635643,0.2906057945566286,0.16286215978928886,0.2923617208077261
0.2630884293884734,0.2837659480862297,0.16014078310602728,0.2930048394192697
0.2634864021399911,0.2799821667409719,0.16674097191261703,0.28979045920642
0.26546731022378234,0.2781921895568232,0.1636682755594559,0.2926722246599386
0.25746924428822493,0.2789982425307557,0.17003514938488576,0.29349736379613356
0.25694138386954607,0.2719259585720582,0.17188188629352139,0.29925077126487437
0.2603757099169943,0.27173438182612497,0.16994320664045434,0.2979467016164264
0.26228070175438595,0.2736842105263158,0.16973684210526316,0.2942982456140351
0.2622300572939621,0.27148523578669015,0.16923754958131335,0.2970471573380344
0.26483613817537643,0.27679362267493357,0.16519043401240036,0.29317980513728964
0.25786713286713286,0.2762237762237762,0.16083916083916083,0.30506993006993005
0.2584519572953737,0.27268683274021355,0.16414590747330962,0.3047153024911032
0.2611353711790393,0.27336244541484717,0.16899563318777291,0.2965065502183406
0.2603160667251975,0.27348551360842843,0.16374012291483758,0.30245829675153646
0.25895196506550217,0.2790393013100437,0.15807860262008733,0.30393013100436683
0.26516157591854805,0.2749003984063745,0.15626383355467022,0.30367419212040725
0.26048565121412803,0.2728476821192053,0.1532008830022075,0.31346578366445915
0.26023131672597866,0.2713523131672598,0.1552491103202847,0.31316725978647686
0.26458973233874505,0.26371215445370777,0.15445370776656428,0.31724440544098287
0.26503923278116825,0.26634699215344376,0.15475152571926765,0.31386224934612034
0.26821773485513606,0.2633889376646181,0.1611062335381914,0.30728709394205445
0.2654320987654321,0.2588183421516755,0.1626984126984127,0.31305114638447973
0.27084252315835905,0.2576091751213057,0.16144684605205117,0.31010145566828407
0.2703768624014023,0.2589833479404032,0.16476774758983348,0.3058720420683611
0.26527958387516254,0.2631122670134374,0.16428261811876896,0.3073255309926311
0.26631625054752517,0.26412614980289095,0.1677617170389838,0.3017958826106001
0.26468010517090274,0.26292725679228746,0.17134092900964065,0.30105170902716916
0.26902654867256637,0.2668141592920354,0.17079646017699116,0.29336283185840706
0.2718791648156375,0.26254997778764994,0.17147934251443803,0.29409151488227453
0.2675187307183781,0.2626707800793301,0.17805200528867343,0.29175848391361836
0.26570048309178745,0.2678963548528766,0.1743522178304787,0.2920509442248573
0.2721325774095072,0.26777147841255994,0.1718273004797209,0.2882686436982119
0.27516483516483514,0.2654945054945055,0.16835164835164834,0.290989010989011
0.2720425343376163,0.2711564023039433,0.16614975631369075,0.2906513070447497
0.27512066695919263,0.26810004387889425,0.1671785870996051,0.28960070206230804
0.2723666813574262,0.2657558395769061,0.16394887615689732,0.2979286029087704
0.26681318681318683,0.269010989010989,0.1657142857142857,0.29846153846153844
0.2696728558797524,0.26702033598585323,0.16268788682581786,0.3006189213085765
0.27470093043863536,0.2609658839167036,0.16171909614532565,0.3026140894993354
0.27248441674087265,0.25957257346393586,0.1616206589492431,0.30632235084594833
0.2742222222222222,0.26222222222222225,0.1622222222222222,0.30133333333333334
0.2706866197183099,0.26188380281690143,0.1624119718309859,0.3050176056338028
0.27633318642573823,0.26795945350374617,0.15601586602027326,0.2996914940502424
0.2724856003544528,0.2653965440850687,0.16127603012848915,0.30084182543198934
0.26516157591854805,0.26294820717131473,0.16246126604692343,0.3094289508632138
0.2678011643528885,0.26332288401253917,0.16121809225257502,0.3076578593819973
0.27104451300132215,0.25958572058175405,0.1617452622300573,0.3076245041868665
0.2720070422535211,0.2566021126760563,0.1619718309859155,0.30941901408450706
0.27047366091190794,0.2598494909251881,0.1637892872952634,0.3058875608676406
0.2718954248366013,0.25664488017429193,0.16775599128540306,0.3037037037037037
0.2690798081116441,0.255124291321413,0.16354121238552116,0.3122546881814217
0.2695883134130146,0.26516157591854805,0.15803452855245684,0.30721558211598055
0.2670530539456086,0.26794471689701294,0.15782434239857335,0.3071778867588052
0.2661965623622741,0.2661965623622741,0.1604230938739533,0.30718378140149843
0.2678729037952339,0.26654898499558694,0.16107678729037953,0.30450132391879964
0.26436781609195403,0.26525198938992045,0.15605658709106984,0.31432360742705573
0.2710816777041943,0.26445916114790285,0.15187637969094922,0.3125827814569536
0.2646017699115044,0.26548672566371684,0.15530973451327434,0.3146017699115044
0.2784090909090909,0.26005244755244755,0.15166083916083917,0.3098776223776224
0.28206258263552225,0.25870427501101806,0.1511679153812252,0.3080652269722345
0.2872855257369116,0.25692916849978004,0.1513418389793225,0.3044434667839859
0.28440366972477066,0.25688073394495414,0.15028396679772826,0.308431629532547
0.27952233524988945,0.25961963732861565,0.14904909332153915,0.31180893409995575
0.2812227074235808,0.26244541484716155,0.14934497816593886,0.30698689956331876
0.27855887521968364,0.2618629173989455,0.14543057996485062,0.3141476274165202
0.2778021978021978,0.26065934065934065,0.14373626373626375,0.3178021978021978
0.2693321616871705,0.2623022847100176,0.14586994727592267,0.3224956063268893
0.2706866197183099,0.2605633802816901,0.1487676056338028,0.3199823943661972
0.27568042142230026,0.2607550482879719,0.14354697102721686,0.32001755926251096
0.27113447218572057,0.2720105124835742,0.1427945685501533,0.3140604467805519
0.27252650176678445,0.2659010600706714,0.14620141342756185,0.31537102473498235
0.27037861915367484,0.2681514476614699,0.14209354120267262,0.31937639198218265
0.26605101143359716,0.27088830255057167,0.14467897977132807,0.31838170624450307
0.2704485488126649,0.2691292875989446,0.14291996481970096,0.3175021987686895
0.27388815499779834,0.26904447380008806,0.14002642007926025,0.31704095112285335
0.26519823788546254,0.27444933920704845,0.13480176211453745,0.32555066079295153
0.27384615384615385,0.26989010989010986,0.13714285714285715,0.3191208791208791
0.26909569798068483,0.2783143107989464,0.13257243195785778,0.32001755926251096
0.2687029659141213,0.2775564409030544,0.13368747233289066,0.3200531208499336
0.2770658418029165,0.26557666813963765,0.13256738842244808,0.3247901016349978
0.2752457551385165,0.26899016979445933,0.13494191242180517,0.32082216264521896
0.27831858407079646,0.2650442477876106,0.13274336283185842,0.3238938053097345
0.27583187390542907,0.271015761821366,0.1339754816112084,0.3191768826619965
0.27424308907415534,0.27512066695919263,0.13602457218078104,0.314611671785871
0.2785368003525782,0.2728074041427942,0.13353900396650506,0.3151167915381225
0.27300613496932513,0.2708150744960561,0.13540753724802804,0.32077125328659073
0.268624014022787,0.2712532865907099,0.1371603856266433,0.3229623137598598
0.26807760141093473,0.26675485008818345,0.14153439153439154,0.3236331569664903
0.27353071144498453,0.26380910296067167,0.14317277949624393,0.3194874060980999
0.27244718309859156,0.2671654929577465,0.14348591549295775,0.31690140845070425
0.2726075504828797,0.26821773485513606,0.1417910447761194,0.3173836698858648
0.2791411042944785,0.26950043821209463,0.14154250657318143,0.3098159509202454
0.2744924977934687,0.2687555163283319,0.14298323036187113,0.3137687555163283
0.27586206896551724,0.2710606721955478,0.14273243125272805,0.3103448275862069
0.27424308907415534,0.26941641070645017,0.1421676173760421,0.3141728828433524
0.2789680804547442,0.26628771316134675,0.14473108876257104,0.310013117621338
0.2790492957746479,0.26672535211267606,0.14568661971830985,0.3085387323943662
0.28067078552515445,0.2674315975286849,0.14518976169461606,0.3067078552515446
0.28677433435181143,0.26233085988651245,0.14535137494543868,0.30554343081623747
0.2840958605664488,0.25925925925925924,0.14596949891067537,0.31067538126361655
0.2819614711033275,0.2618213660245184,0.14754816112084063,0.3086690017513135
0.2791922739244952,0.2655838454784899,0.15100965759438104,0.3042142230026339
0.28558951965065504,0.26157205240174675,0.14716157205240174,0.3056768558951965
0.29342105263157897,0.2578947368421053,0.14385964912280702,0.3048245614035088
0.29508196721311475,0.2565352237483385,0.14532565352237484,0.3030571555161719
0.287089715536105,0.26258205689277897,0.14573304157549233,0.30459518599562363
0.28854625550660795,0.2669603524229075,0.14008810572687225,0.30440528634361236
0.2861593235425011,0.2656875834445928,0.14241210502892745,0.30574098798397864
0.2965271593944791,0.2622439893143366,0.1433659839715049,0.2978628673196794
0.29569420035149385,0.2623022847100176,0.14367311072056238,0.29833040421792617
0.2924901185770751,0.26877470355731226,0.1453667105841019,0.2933684672815108
0.2849673202614379,0.2679738562091503,0.1503267973856209,0.29673202614379085
0.2903930131004367,0.2646288209606987,0.15109170305676856,0.2938864628820961
0.2852112676056338,0.26672535211267606,0.1483274647887324,0.29973591549295775
0.2838427947598253,0.2720524017467249,0.14585152838427948,0.2982532751091703
0.2900490852298081,0.26595269968763946,0.14190093708165996,0.3020972780008925
0.2883002207505519,0.2653421633554084,0.14525386313465782,0.3011037527593819
0.29350196249454863,0.262974269515918,0.14086349760139555,0.3026602703881378
0.2948717948717949,0.26215738284703805,0.1374889478337754,0.30548187444739167
0.29401408450704225,0.261443661971831,0.14216549295774647,0.3023767605633803
0.28755555555555556,0.26755555555555555,0.13866666666666666,0.30622222222222223
0.2851493848857645,0.27240773286467485,0.1375219683655536,0.30492091388400705
0.2902662592754256,0.27324312527280664,0.1396769969445657,0.2968136185072021
0.28755555555555556,0.276,0.13777777777777778,0.2986666666666667
0.2887817703768624,0.2738825591586328,0.1406660823838738,0.29666958808063104
0.29028021015761823,0.27189141856392296,0.14098073555166374,0.2968476357267951
0.28925254312251214,0.2711189739053516,0.1393188854489164,0.30030959752321984
0.2919611307420495,0.26501766784452296,0.13780918727915195,0.3052120141342756
0.287598944591029,0.26649076517150394,0.14028144239226034,0.30562884784520666
0.2863494886616274,0.2645620275678079,0.14095153401511784,0.30813694975544687
0.2838427947598253,0.25851528384279476,0.1388646288209607,0.31877729257641924
0.28565101860053144,0.2537643932683791,0.14437555358724535,0.31620903454384414
0.2890556045895852,0.2524271844660194,0.1434245366284201,0.31509267431597526
0.2865367581930912,0.25730735163861823,0.1403897254207263,0.3157661647475642
0.28156621205455346,0.25692916849978004,0.14342278926528818,0.31808183018037833
0.28123620309050773,0.25695364238410595,0.14437086092715232,0.317439293598234
0.27626970227670755,0.2600700525394046,0.14316987740805603,0.3204903677758319
0.2789680804547442,0.2645386969829471,0.14516834280717097,0.31132487975513773
0.2763796909492274,0.2582781456953642,0.1479028697571744,0.317439293598234
0.27276707530647987,0.26225919439579687,0.14711033274956217,0.3178633975481611
0.28178998670801947,0.25742135578201153,0.14532565352237484,0.31546300398759414
0.2780960775672102,0.2617893345085941,0.14411635081533716,0.31599823710885855
0.28603006189213087,0.2634836427939876,0.13969938107869143,0.3107869142351901
0.28704113224237066,0.2618310482087572,0.1375497567448032,0.31357806280406897
0.29398762157382846,0.26215738284703805,0.13351016799292661,0.3103448275862069
0.2891725352112676,0.26672535211267606,0.13424295774647887,0.30985915492957744
0.2826855123674912,0.2667844522968198,0.13648409893992933,0.31404593639575973
0.2816166883963494,0.26988265971316816,0.13689700130378096,0.3116036505867014
0.2840262582056893,0.27439824945295405,0.13129102844638948,0.31028446389496717
0.28465238303454304,0.27678181023174464,0.12811543506777437,0.3104503716659379
0.2879120879120879,0.2778021978021978,0.12747252747252746,0.3068131868131868
0.279754062362758,0.27755819060166886,0.13438735177865613,0.308300395256917
0.278341420379356,0.282311424790472,0.13365681517423908,0.30569033965593295
0.2800710164225477,0.28406569019085665,0.13271193963604083,0.3031513537505548
0.28051486906347095,0.27873945849977805,0.13670661340434975,0.30403905903240125
0.28047703180212014,0.2857773851590106,0.13604240282685512,0.29770318021201414
0.28163444639718804,0.28602811950790863,0.13224956063268892,0.30008787346221444
0.2854633289415898,0.2845849802371542,0.1339481774264383,0.29600351339481773
0.28320911880754057,0.2810170977641385,0.13853572994300745,0.29723805348531346
0.2792236435818262,0.28495809439788267,0.1345390383767093,0.30127922364358184
0.2772407732864675,0.28075571177504394,0.13708260105448156,0.30492091388400705
0.2724867724867725,0.2857142857142857,0.13624338624338625,0.3055555555555556
0.2774822695035461,0.2801418439716312,0.1400709219858156,0.30230496453900707
0.27987697715289983,0.28075571177504394,0.14103690685413006,0.29833040421792617
0.28167770419426047,0.2847682119205298,0.1368653421633554,0.29668874172185433
0.28375992939099737,0.2793468667255075,0.13503971756398941,0.30185348631950576
0.2818703131892369,0.28363475959417733,0.13365681517423908,0.30083811204234673
0.28320911880754057,0.28496273564226215,0.131521262604121,0.30030688294607627
0.2793733681462141,0.28807658833768496,0.13185378590078328,0.30069625761531765
0.27729257641921395,0.2847161572052402,0.13624454148471615,0.3017467248908297
0.2821739130434783,0.2821739130434783,0.1308695652173913,0.30478260869565216
0.2838254737769943,0.28250330542089025,0.13221683561040107,0.3014543851917144
0.2829033668561434,0.2820288587669436,0.13336248360297331,0.30170529077393965
0.2826086956521739,0.290150842945874,0.12732919254658384,0.29991126885536823
0.2836411609498681,0.27660510114335973,0.13896218117854,0.3007915567282322
0.27989487516425754,0.2794568550153307,0.13797634691195795,0.3026719229084538
0.27893569844789357,0.2851441241685144,0.13791574279379157,0.29800443458980047
0.28094820017559263,0.28050921861281825,0.13652326602282705,0.30201931518876207
0.28451698279664756,0.282311424790472,0.13365681517423908,0.2995147772386414
0.2906208718626156,0.2848965213562307,0.13210039630118892,0.29238221047996477
0.2995575221238938,0.28008849557522125,0.13672566371681416,0.2836283185840708
0.2962313759859772,0.28089395267309375,0.13803680981595093,0.2848378615249781
0.29460762823323106,0.2862779482683034,0.13546690048224463,0.283647523016221
0.29460762823323106,0.2862779482683034,0.13371328364752302,0.28540113985094256
0.29440069991251094,0.2882764654418198,0.13167104111986003,0.28565179352580927
0.29850746268656714,0.28226514486391574,0.1299385425812116,0.28928884986830555
0.2994325621999127,0.27586206896551724,0.13182016586643386,0.2928852029681362
0.30350877192982456,0.2723684210526316,0.13421052631578947,0.2899122807017544
0.30404217926186294,0.27152899824253074,0.13576449912126537,0.28866432337434095
0.3032427695004382,0.26818580192813324,0.13365468886941279,0.29491673970201576
0.30497382198952877,0.2700698080279232,0.13263525305410123,0.29232111692844676
0.30201931518876207,0.2677787532923617,0.13257243195785778,0.2976294995610184
0.2958057395143488,0.271523178807947,0.1381898454746137,0.2944812362030905
0.3020515058926233,0.2684417285028372,0.13531209079004802,0.29419467481449146
0.2927472527472528,0.27164835164835166,0.13626373626373625,0.29934065934065934
0.2899122807017544,0.2719298245614035,0.13640350877192983,0.3017543859649123
0.2960352422907489,0.2691629955947137,0.13612334801762113,0.2986784140969163
