R,A,S,N
1.0,0.0,0.0,0.0
0.6666666666666666,0.3333333333333333,0.0,0.0
0.6923076923076923,0.3076923076923077,0.0,0.0
0.6818181818181818,0.3181818181818182,0.0,0.0
0.6666666666666666,0.28205128205128205,0.0,0.05128205128205128
0.6507936507936508,0.2698412698412698,0.031746031746031744,0.047619047619047616
0.6739130434782609,0.2608695652173913,0.021739130434782608,0.043478260869565216
0.6296296296296297,0.2814814814814815,0.014814814814814815,0.07407407407407407
0.6120218579234973,0.2786885245901639,0.01092896174863388,0.09836065573770492
0.6039215686274509,0.27450980392156865,0.011764705882352941,0.10980392156862745
0.588957055214724,0.24846625766871167,0.024539877300613498,0.13803680981595093
0.549367088607595,0.2607594936708861,0.035443037974683546,0.15443037974683543
0.5509355509355509,0.25571725571725573,0.0395010395010395,0.15384615384615385
0.5481611208406305,0.2609457092819615,0.04203152364273205,0.14886164623467601
0.5340236686390533,0.25443786982248523,0.051775147928994084,0.15976331360946747
0.5211267605633803,0.26504481434058896,0.05505761843790013,0.1587708066581306
0.5115766262403528,0.25689084895259096,0.06284454244762955,0.16868798235942667
0.49177153920619554,0.2623426911907067,0.07744433688286544,0.16844143272023232
0.47635135135135137,0.26182432432432434,0.08530405405405406,0.17652027027027026
0.475867269984917,0.26244343891402716,0.08974358974358974,0.17194570135746606
0.4495225102319236,0.2660300136425648,0.1009549795361528,0.1834924965893588
0.4498422712933754,0.2580441640378549,0.11041009463722397,0.18170347003154574
0.4439140811455847,0.2577565632458234,0.12112171837708831,0.17720763723150357
0.43511871893981224,0.25842076200993924,0.1319712865819989,0.17448923246824957
0.4269722814498934,0.2595948827292111,0.14019189765458423,0.1732409381663113
0.4306269270298047,0.25436793422404935,0.14182939362795477,0.17317574511819117
0.4252988047808765,0.24850597609561753,0.14940239043824702,0.17679282868525897
0.42005676442762535,0.2478713339640492,0.14758751182592242,0.18448438978240303
0.4260027662517289,0.24204702627939143,0.14661134163208853,0.18533886583679116
0.42004555808656036,0.23963553530751708,0.14851936218678816,0.1917995444191344
0.4173795587573165,0.2435839711841513,0.14227825303917155,0.19675821701936064
0.41249446167478954,0.24501550731058927,0.14266725742135578,0.1998227735932654
0.4103585657370518,0.24391323594510844,0.1438689685701638,0.20185922974767595
0.4166298098186643,0.24369747899159663,0.14241486068111456,0.19725785050862452
0.41235758106923753,0.2467134092900964,0.13847502191060473,0.20245398773006135
0.40878828229027964,0.24944518419884598,0.13315579227696406,0.20861074123391035
0.4116350815337153,0.25165271044513,0.13221683561040107,0.20449537241075363
0.4163372859025033,0.24725516029863856,0.13131313131313133,0.20509442248572685
0.41365638766519824,0.25462555066079295,0.13083700440528634,0.20088105726872246
0.40828924162257496,0.2508818342151676,0.1318342151675485,0.20899470899470898
0.4076517150395778,0.2532981530343008,0.13192612137203166,0.20712401055408972
0.403247038174638,0.2531812198332602,0.1338306274681878,0.209741114523914
0.4037102473498233,0.25485865724381623,0.13030035335689047,0.21113074204946997
0.40282062582635525,0.25253415601586604,0.127368884971353,0.21727633318642575
0.3999122036874451,0.2550482879719052,0.12203687445127305,0.22300263388937663
0.39628482972136225,0.2529854046881911,0.124281291463954,0.22644847412649272
0.39444689290436313,0.250771264874394,0.12648743940061702,0.22829440282062582
0.38995633187772927,0.2541484716157205,0.12489082969432315,0.23100436681222708
0.3882248782647189,0.2580787959274015,0.12837538733953077,0.22532093846834883
0.38756613756613756,0.2566137566137566,0.12257495590828923,0.23324514991181658
0.38769230769230767,0.2571428571428571,0.12483516483516484,0.23032967032967033
0.3817701453104359,0.25935711140466755,0.12593571114046676,0.23293703214442976
0.38315696649029984,0.25573192239858905,0.12786596119929453,0.23324514991181658
0.3846491228070175,0.2565789473684211,0.1206140350877193,0.2381578947368421
0.3868258178603006,0.251105216622458,0.121131741821397,0.2409372236958444
0.38591050066459903,0.2512184315463004,0.12095702259636686,0.2419140451927337
0.3852928225451343,0.2531924262439454,0.11624834874504623,0.24526640246587406
0.3816895179124281,0.25696594427244585,0.11808934099955772,0.24325519681556834
0.381826124945391,0.2634338138925295,0.11140235910878113,0.24333770205329838
0.3803626713843432,0.26536930561698363,0.11322423706324636,0.2410437859354268
0.3817157712305026,0.26646447140381285,0.11135181975736569,0.2404679376083189
0.38143422789265286,0.26044874615046193,0.11262648482182139,0.2454905411350638
0.37899343544857766,0.2612691466083151,0.11159737417943107,0.24814004376367615
0.3821571238348868,0.255659121171771,0.11273857079449623,0.24944518419884598
0.3859416445623342,0.2497789566755084,0.11361626878868258,0.2506631299734748
0.37784588441330996,0.2548161120840631,0.11427320490367776,0.2530647985989492
0.38417329796640143,0.25552608311229,0.10742705570291777,0.25287356321839083
0.3873794916739702,0.25547765118317267,0.10867659947414549,0.24846625766871167
0.3817626527050611,0.2591623036649215,0.10776614310645724,0.2513089005235602
0.3817132711939636,0.26187305814469597,0.10652463382157124,0.2498890368397692
0.3660360756709195,0.2683677958644963,0.10602727672679278,0.2595688517377915
0.3762071992976295,0.26514486391571557,0.1057945566286216,0.2528533801580334
0.3742844561867019,0.2624394539850286,0.10612065169528842,0.2571554381329811
0.3701270258431888,0.26631625054752517,0.10512483574244415,0.25843188786684185
0.36837455830388693,0.26855123674911663,0.10291519434628975,0.26015901060070673
0.3700787401574803,0.2668416447944007,0.10323709536307961,0.25984251968503935
0.36897923110914715,0.27220503756076003,0.10030932390631904,0.25850640742377373
0.35978835978835977,0.2768959435626102,0.10229276895943562,0.26102292768959434
0.36146150500217483,0.27925184862983904,0.0987385819921705,0.26054806437581557
0.3533067021748779,0.28406569019085665,0.09631602308033733,0.2663115845539281
0.35143487858719646,0.28300220750551874,0.09668874172185431,0.26887417218543047
0.35219298245614034,0.2894736842105263,0.09736842105263158,0.26096491228070173
0.34717971141233056,0.29121119370354176,0.09532138172278093,0.26628771316134675
0.34832451499118167,0.2927689594356261,0.09523809523809523,0.263668430335097
0.35135135135135137,0.2875498449268941,0.09481612760301285,0.2662826761187417
0.3468846663720725,0.2832523199292974,0.0963323022536456,0.27353071144498453
0.34984655852696184,0.28277071459886016,0.09820254274441034,0.26918018412976763
0.3519503546099291,0.2872340425531915,0.09175531914893617,0.26906028368794327
0.35604395604395606,0.28527472527472525,0.09142857142857143,0.2672527472527473
0.34995625546806647,0.2786526684164479,0.09492563429571303,0.2764654418197725
0.3525274725274725,0.2764835164835165,0.09582417582417582,0.27516483516483514
0.35406486006219456,0.2741003998223012,0.09595735228787206,0.27587738782763216
0.3563218390804598,0.26834659593280286,0.09504862953138815,0.28028293545534927
0.3605263157894737,0.268859649122807,0.09342105263157895,0.2771929824561403
0.3549517966695881,0.27344434706397897,0.09027169149868536,0.2813321647677476
0.35516483516483516,0.27472527472527475,0.09230769230769231,0.2778021978021978
0.3573959255978742,0.26970770593445526,0.091674047829938,0.2812223206377325
0.3504197967300044,0.2770658418029165,0.08882015024304021,0.2836942112240389
0.3529153879877247,0.2744410346339325,0.0911880754055239,0.28145550197281893
0.3531483927785117,0.2760898282694848,0.09158960810215765,0.27917217084984586
0.35322509872751207,0.27775340061430454,0.0868802106186924,0.282141290039491
0.3573321554770318,0.27385159010600707,0.08789752650176678,0.28091872791519434
0.3510544815465729,0.27548330404217924,0.0883128295254833,0.2851493848857645
0.35222319093286836,0.2781168265039233,0.08631211857018309,0.2833478639930253
0.3521985198084458,0.2803656943839791,0.08663474096647801,0.2808010448410971
0.34585152838427946,0.28034934497816594,0.09301310043668122,0.28078602620087334
0.34554280670785525,0.27714033539276256,0.08693733451015004,0.2903795233892321
0.35281195079086114,0.27460456942003514,0.08084358523725835,0.29173989455184535
0.3531483927785117,0.2769704975781594,0.08542492294143549,0.28445618670189343
0.3570804195804196,0.27884615384615385,0.08479020979020979,0.27928321678321677
0.35398230088495575,0.2853982300884956,0.08672566371681416,0.2738938053097345
0.35571054925893636,0.28378378378378377,0.08849171752397558,0.27201394943330426
0.3572679509632224,0.287215411558669,0.08756567425569177,0.2679509632224168
0.35795454545454547,0.28190559440559443,0.09134615384615384,0.2687937062937063
0.35714285714285715,0.2787028921998247,0.09377738825591586,0.2703768624014023
0.3617208077260755,0.2796312554872695,0.0913081650570676,0.26733977172958734
0.34951456310679613,0.2780229479258605,0.09002647837599294,0.2824360105913504
0.34847816497573886,0.286281429201588,0.09042787825319806,0.27481252756947505
0.3549382716049383,0.27733686067019403,0.08950617283950617,0.27821869488536155
0.35588752196836554,0.28866432337434095,0.08963093145869948,0.265817223198594
0.3560371517027864,0.29279080053073864,0.0875718708536046,0.2636001769128704
0.35231316725978645,0.2944839857651246,0.09074733096085409,0.2624555160142349
0.3518356643356643,0.2950174825174825,0.08916083916083917,0.263986013986014
0.35060975609756095,0.3000871080139373,0.0901567944250871,0.25914634146341464
0.35578201151971645,0.29508196721311475,0.09127159946832078,0.25786442179884805
0.35288928098808997,0.29730921923246584,0.08954565505072784,0.2602558447287164
0.34725274725274724,0.29318681318681317,0.09054945054945054,0.269010989010989
0.3472344161545215,0.2993854258121159,0.09086918349429324,0.26251097453906935
0.34508594094314676,0.2988100484795064,0.08946672542970471,0.2666372851476421
0.34884751773049644,0.2992021276595745,0.08909574468085106,0.262854609929078
0.3491644678979771,0.3021108179419525,0.08927000879507475,0.2594547053649956
0.3468131868131868,0.30021978021978024,0.09274725274725275,0.2602197802197802
0.3426294820717131,0.3023461708720673,0.08986277113767153,0.26516157591854805
0.34129089301503096,0.3019451812555261,0.08885941644562334,0.26790450928381965
0.34296977660972405,0.30749014454664914,0.08848007008322382,0.261060008760403
0.34116083296411165,0.30615861763402746,0.09038546743464776,0.26229508196721313
0.3412698412698413,0.30776014109347444,0.09126984126984126,0.25970017636684306
0.34080914687774844,0.3087071240105541,0.08839050131926121,0.2620932277924362
0.34385964912280703,0.30350877192982456,0.09078947368421053,0.2618421052631579
0.3469119579500657,0.3026719229084538,0.09329829172141918,0.25711782742006134
0.3489399293286219,0.29328621908127206,0.09761484098939929,0.26015901060070673
0.3392226148409894,0.29858657243816256,0.09673144876325088,0.26545936395759717
0.34542237947810706,0.2932330827067669,0.09641751437417072,0.2649270234409553
0.3409590849098108,0.2930048394192697,0.09766827980642323,0.2683677958644963
0.3400702987697715,0.29042179261862916,0.09973637961335677,0.2697715289982425
0.338562091503268,0.2880174291938998,0.10413943355119826,0.269281045751634
0.33406981882456915,0.2889969067609368,0.10517012814847547,0.27176314626601855
0.3277606687197536,0.29476462824461064,0.10602727672679278,0.27144742630884294
0.327768014059754,0.29833040421792617,0.10456942003514938,0.2693321616871705
0.32953549517966696,0.2997370727432077,0.10517090271691498,0.26555652936021035
0.32760141093474426,0.30070546737213405,0.10670194003527336,0.26499118165784835
0.32839721254355403,0.3048780487804878,0.09973867595818815,0.26698606271777003
0.326431718061674,0.2986784140969163,0.10440528634361233,0.27048458149779736
0.32728881026094647,0.30030959752321984,0.10349402919062362,0.2689075630252101
0.33392382639503987,0.29096545615589015,0.10584588131089459,0.26926483613817537
0.3362714852357867,0.2864698104892023,0.10489202291758484,0.2723666813574262
0.343046357615894,0.2803532008830022,0.10596026490066225,0.2706401766004415
0.34363957597173145,0.28003533568904593,0.10247349823321555,0.27385159010600707
0.3437088996054362,0.28145550197281893,0.10346339324857519,0.2713722051731697
0.34319787985865724,0.2879858657243816,0.10424028268551237,0.26457597173144876
0.33903508771929824,0.2916666666666667,0.10570175438596491,0.26359649122807016
0.33127208480565373,0.2963780918727915,0.10644876325088339,0.2659010600706714
0.33464912280701753,0.2964912280701754,0.10350877192982456,0.26535087719298245
0.3393725143614671,0.2907644719399028,0.10561201944321696,0.26425099425541315
0.341688654353562,0.28979771328056286,0.10642040457343888,0.2620932277924362
0.3334794040315513,0.29491673970201576,0.1056091148115688,0.2659947414548642
0.33610867659947413,0.2909728308501315,0.10780017528483786,0.2651183172655565
0.329490022172949,0.2926829268292683,0.1073170731707317,0.270509977827051
0.33069828722002637,0.2981993851559069,0.1111111111111111,0.25999121651295565
0.3271604938271605,0.2998236331569665,0.11199294532627865,0.26102292768959434
0.3264499121265378,0.30008787346221444,0.11115992970123023,0.2623022847100176
0.325540361711513,0.29730921923246584,0.10983678870754301,0.26731363034847816
0.3315696649029982,0.3002645502645503,0.10405643738977072,0.2641093474426808
0.33217391304347826,0.2995652173913044,0.10173913043478261,0.2665217391304348
0.3274336283185841,0.2973451327433628,0.10176991150442478,0.2734513274336283
0.3304042179261863,0.2992091388400703,0.09929701230228472,0.2710896309314587
0.32965090587715423,0.30048608042421565,0.0963323022536456,0.27353071144498453
0.33731739707835323,0.29836210712704736,0.09163346613545817,0.2726870296591412
0.3368560105680317,0.30295024218405986,0.09158960810215765,0.26860413914575076
0.3362637362637363,0.30945054945054945,0.08703296703296703,0.2672527472527473
0.3401330376940133,0.30598669623059865,0.08736141906873614,0.2665188470066519
0.34420449537241077,0.2983693256941384,0.08241516086381666,0.2750110180696342
0.3450578806767587,0.298753339269813,0.0854853072128228,0.27070347284060553
0.3453585569731632,0.29608446986361636,0.0840299164100308,0.2745270567531896
0.3502874834144184,0.29279080053073864,0.08314904909332153,0.27377266696152147
0.35086937137761925,0.2929112795363353,0.0838163174320107,0.2724030316540348
0.3426418439716312,0.29521276595744683,0.08599290780141844,0.27615248226950356
0.3475770925110132,0.2845814977973568,0.08590308370044053,0.28193832599118945
0.3569542253521127,0.27992957746478875,0.08318661971830986,0.27992957746478875
0.35335689045936397,0.2840106007067138,0.08436395759717315,0.2782685512367491
0.3592788038698329,0.27924362357080035,0.08267370272647317,0.27880386983289357
0.35904255319148937,0.2796985815602837,0.08200354609929078,0.27925531914893614
0.3547252747252747,0.2813186813186813,0.07956043956043957,0.2843956043956044
0.3538598839803659,0.285586791610888,0.08032128514056225,0.28023203926818385
0.35644444444444445,0.2786666666666667,0.07644444444444444,0.28844444444444445
0.35435830048182215,0.28164695575996496,0.07621550591327202,0.28777923784494086
0.345679012345679,0.28527336860670194,0.07848324514991181,0.29056437389770723
0.3439153439153439,0.2786596119929453,0.08112874779541446,0.2962962962962963
0.34763379035824854,0.2764263600176913,0.08226448474126492,0.2936753648827952
0.3487654320987654,0.2791005291005291,0.08156966490299823,0.29056437389770723
0.34668446817979526,0.28526924788607033,0.0796617712505563,0.2883845126835781
0.346512661039538,0.2785428698356286,0.07996446023989338,0.29498000888494
0.34585152838427946,0.2816593886462882,0.07554585152838428,0.29694323144104806
0.3407473309608541,0.28647686832740216,0.07339857651245552,0.29937722419928825
0.33612334801762117,0.28502202643171803,0.07400881057268723,0.3048458149779736
0.3328964613368283,0.28789864569681084,0.07514198339886413,0.3040629095674967
0.3386103781882146,0.2849604221635884,0.0773966578715919,0.2990325417766051
0.3360977738978612,0.281972937581842,0.07900480139676996,0.3029244871235268
0.3403880070546737,0.2865961199294533,0.08024691358024691,0.2927689594356261
0.3403416557161629,0.2833990363556724,0.08015768725361366,0.29610162067455104
0.335971855760774,0.2805628847845207,0.08443271767810026,0.2990325417766051
0.33172866520787747,0.2800875273522976,0.08096280087527352,0.3072210065645514
0.337117903930131,0.2790393013100437,0.07816593886462882,0.3056768558951965
0.32879120879120877,0.28307692307692306,0.08,0.30813186813186816
0.32702464788732394,0.28213028169014087,0.0801056338028169,0.3107394366197183
0.32130281690140844,0.28213028169014087,0.08274647887323944,0.31382042253521125
0.31834372217275153,0.2831700801424755,0.08325912733748887,0.31522707034728403
0.31748128577719065,0.285336856010568,0.08014090708938794,0.31704095112285335
0.32252332296756997,0.28476232785428696,0.08085295424255887,0.3118613949355842
0.32189973614775724,0.2832014072119613,0.0822339489885664,0.31266490765171506
0.3206806282722513,0.2844677137870855,0.07940663176265271,0.31544502617801046
0.32,0.2896703296703297,0.07912087912087912,0.3112087912087912
0.3211775043936731,0.28866432337434095,0.08084358523725835,0.3093145869947276
0.31904551480335835,0.28811312417145385,0.07865665046398586,0.31418471056120195
0.32451499118165783,0.2843915343915344,0.082010582010582,0.3090828924162258
0.3299559471365639,0.2845814977973568,0.0801762114537445,0.3052863436123348
0.33069828722002637,0.2885375494071146,0.08036890645586298,0.30039525691699603
0.332315743567379,0.29219363279546445,0.07631923244657654,0.29917139119058
0.3377250768555116,0.2815107597716293,0.077733860342556,0.30303030303030304
0.33186619718309857,0.28741197183098594,0.07746478873239436,0.3032570422535211
0.3277972027972028,0.2862762237762238,0.07823426573426573,0.3076923076923077
0.3243360905528951,0.2895080539834567,0.07792773182411841,0.30822812363952984
0.32964601769911506,0.27920353982300883,0.07699115044247788,0.3141592920353982
0.32207907596623725,0.28342958685028874,0.07996446023989338,0.3145268769435806
0.32297592997811814,0.28796498905908097,0.0787746170678337,0.31028446389496717
0.3219895287958115,0.2927574171029668,0.07766143106457242,0.3075916230366492
0.3232056362835755,0.29414354909731394,0.07397622192866579,0.3086745926904447
0.32079646017699115,0.2911504424778761,0.07256637168141593,0.3154867256637168
0.32463511720477667,0.29102167182662536,0.0729765590446705,0.3113666519239275
0.31862312444836716,0.294351279788173,0.07678729037952339,0.31023830538393643
0.32028156621205456,0.29256489221293447,0.07699076110866696,0.31016278046634405
0.3169662428759316,0.2893467777290662,0.08417360806663744,0.30951337132836476
0.3231574356737898,0.2821631051024858,0.085041430440471,0.30963802878325336
0.32628797886393657,0.2804931748128578,0.08630559225011009,0.30691325407309555
0.33202614379084966,0.27712418300653596,0.0840958605664488,0.3067538126361656
0.328450954283178,0.27873945849977805,0.08610741233910342,0.30670217487794055
0.328207381370826,0.27768014059753954,0.08304042179261863,0.3110720562390158
0.328159645232816,0.2780487804878049,0.08337028824833703,0.31042128603104213
0.32967032967032966,0.2712087912087912,0.08263736263736264,0.31648351648351647
0.32396839332748023,0.28094820017559263,0.08208955223880597,0.31299385425812115
0.32819383259911894,0.27048458149779736,0.08193832599118943,0.31938325991189426
0.3304042179261863,0.27460456942003514,0.08172231985940245,0.3132688927943761
0.33231039017974573,0.2656729504603244,0.08461201227531784,0.317404647084612
0.33492615117289315,0.2675933970460469,0.08644656820156386,0.3110338835794961
0.3351063829787234,0.2646276595744681,0.08599290780141844,0.31427304964539005
0.3337719298245614,0.26535087719298245,0.08552631578947369,0.31535087719298244
0.33672566371681417,0.25619469026548675,0.08672566371681416,0.32035398230088497
0.3380468404772426,0.25364560318161733,0.0826336721166593,0.3256738842244808
0.3389084507042254,0.25528169014084506,0.08274647887323944,0.3230633802816901
0.33863134657836647,0.25518763796909494,0.08388520971302428,0.32229580573951433
0.3414418398938523,0.25386996904024767,0.0875718708536046,0.31711632021229547
0.3466135458167331,0.2501106684373617,0.08676405489154493,0.31651173085436035
0.3508849557522124,0.2491150442477876,0.08584070796460178,0.3141592920353982
0.35,0.2412280701754386,0.0912280701754386,0.3175438596491228
0.34836427939876213,0.246684350132626,0.09328028293545534,0.3116710875331565
0.3464566929133858,0.24978127734033245,0.09361329833770779,0.3101487314085739
0.345374449339207,0.2497797356828194,0.0907488986784141,0.3140969162995595
0.34406704896338774,0.25011027790030876,0.08910454344949272,0.3167181296868108
0.34717971141233056,0.2505465675557499,0.08613904678618277,0.31613467424573677
0.34554280670785525,0.2471315092674316,0.09179170344218888,0.3155339805825243
0.3439153439153439,0.24603174603174602,0.09038800705467372,0.31966490299823636
0.3526805494018609,0.23659725299069562,0.08684093929995569,0.3238812583074878
0.34447866256049275,0.2424109106907171,0.08490981082270127,0.32820061592608885
0.3372446762277271,0.24858757062146894,0.08648413733159496,0.327683615819209
0.3358307624504187,0.250771264874394,0.08902600264433672,0.3243719700308506
0.33551769331585846,0.24858016601135868,0.08693752730449979,0.3289646133682831
0.34007919049714036,0.2446106467223933,0.08007039155301364,0.3352397712274527
0.34110915492957744,0.24339788732394366,0.08230633802816902,0.3331866197183099
0.3399734395750332,0.2501106684373617,0.08277999114652501,0.32713590084108013
0.3346439493228484,0.2472695500218436,0.08693752730449979,0.33114897335080823
0.33611232996928475,0.25362000877577884,0.08556384379113646,0.3247038174637999
0.33348154735437974,0.25611382836816365,0.08803912850155625,0.3223654957759004
0.336283185840708,0.25398230088495577,0.09070796460176991,0.31902654867256636
0.3378914865460962,0.2545213939126599,0.09219232465813851,0.3153947948831054
0.33761061946902654,0.25088495575221237,0.09646017699115045,0.31504424778761064
0.33681917211328977,0.2457516339869281,0.09934640522875816,0.31808278867102396
0.3384146341463415,0.2460801393728223,0.09407665505226481,0.32142857142857145
0.3343571741992102,0.2413339183852567,0.09784993418165862,0.3264589732338745
0.3333333333333333,0.23891843971631205,0.09840425531914894,0.32934397163120566
0.33814523184601925,0.23447069116360456,0.10148731408573929,0.3258967629046369
0.3365681517423908,0.23158359064843406,0.10322011468901632,0.3286281429201588
0.3337736679876706,0.2307353588727433,0.10391897842360194,0.33157199471598414
0.3377020532983836,0.2324159021406728,0.10310179117518567,0.32678025338575795
0.3380343763772587,0.22873512560599382,0.10136624063464081,0.3318642573821067
0.3330380868024801,0.23117803365810452,0.1054030115146147,0.3303808680248007
0.3340630472854641,0.23336252189141857,0.10376532399299475,0.3288091068301226
0.33173286774334354,0.23745089480576168,0.10344827586206896,0.32736796158882586
0.33215859030837,0.23876651982378855,0.09779735682819383,0.3312775330396476
0.3327541268462207,0.23501303214596003,0.09860990443092962,0.3336229365768897
0.32953049583150507,0.2378236068451075,0.10092145677928917,0.3317244405440983
0.33129637712789173,0.23614142295940638,0.09821038847664776,0.33435181143605414
0.3309951775537045,0.2354230600613766,0.09732573432704954,0.33625602805786936
0.33407177669472754,0.2361541869738591,0.09437306158617634,0.33540097474523706
0.32952045754509457,0.23977122745270568,0.0985481742190937,0.332160140783106
0.3299559471365639,0.23920704845814977,0.10176211453744494,0.3290748898678414
0.3258673693456302,0.24110671936758893,0.10188844971453667,0.33113746157224416
0.32639503985828167,0.24224977856510185,0.10274579273693533,0.32860938883968116
0.32164767747589834,0.2462751971954426,0.1021034180543383,0.3299737072743208
0.3197158081705151,0.2477797513321492,0.1016873889875666,0.3308170515097691
0.3213660245183888,0.24956217162872155,0.10157618213660245,0.3274956217162872
0.3113082039911308,0.2501108647450111,0.1024390243902439,0.33614190687361417
0.30520332313073895,0.25623087013554874,0.10144293834717971,0.33712286838653255
0.30796460176991153,0.2557522123893805,0.10442477876106195,0.33185840707964603
0.3131046613896218,0.2515391380826737,0.10070360598065084,0.33465259454705365
0.3160919540229885,0.2546419098143236,0.09858532272325375,0.3306808134394341
0.3191768826619965,0.25,0.1020140105078809,0.3288091068301226
0.32468103827540695,0.24285085789705235,0.10118785745710515,0.33128024637043557
0.32625055334218683,0.2412571934484285,0.10092961487383798,0.3315626383355467
0.3261348611723226,0.23314235345967388,0.10665491405905686,0.33406787130894666
0.328515111695138,0.22733245729303547,0.1099430573806395,0.334209373631187
0.32483516483516484,0.23516483516483516,0.10901098901098902,0.330989010989011
0.33231307389593356,0.23261915172715347,0.10756449497157848,0.3275032794053345
0.32730480811645346,0.2333480370533745,0.11204234671371857,0.32730480811645346
0.32074633496223903,0.24344735673034207,0.11150599733451799,0.3243003109729009
0.3271848924022837,0.23539745278875715,0.11023276240667546,0.3271848924022837
0.32214472537053185,0.24149956408020923,0.10636442894507411,0.32999128160418484
0.3276614310645724,0.2412739965095986,0.10340314136125654,0.3276614310645724
0.3214129960750109,0.24334932402965548,0.10641081552551243,0.32882686436982117
0.3194874060980999,0.2421564295183385,0.10561201944321696,0.33274414494034465
0.32212389380530976,0.24469026548672565,0.10088495575221239,0.3323008849557522
0.3271523178807947,0.2467991169977925,0.09845474613686535,0.3275938189845475
0.3286219081272085,0.24425795053003532,0.10203180212014135,0.3250883392226148
0.3337754199823165,0.24624226348364278,0.09858532272325375,0.3213969938107869
0.33347863993025284,0.24934612031386225,0.0950305143853531,0.32214472537053185
0.3326048951048951,0.2517482517482518,0.09090909090909091,0.32473776223776224
0.33435987681478224,0.2512098548174219,0.08842938847338319,0.3260008798944127
0.3305309734513274,0.25486725663716814,0.08938053097345133,0.3252212389380531
0.32597173144876324,0.25309187279151946,0.09143109540636042,0.3295053003533569
0.33112874779541446,0.24426807760141092,0.0890652557319224,0.3355379188712522
0.3261157755192223,0.25011047282368537,0.08926204153778171,0.33451171011931063
0.3311432325886991,0.2536136662286465,0.08760402978537013,0.32763907139728426
0.32839075447012644,0.25250763192324466,0.08591365023986045,0.3331879633667684
0.32427695004382123,0.25109553023663456,0.08413672217353199,0.34049079754601225
0.32789775231379464,0.24812692816218598,0.0868223887174967,0.3371529308065227
0.324801412180053,0.24492497793468668,0.08693733451015004,0.3433362753751103
0.32587719298245615,0.24956140350877193,0.08859649122807017,0.33596491228070174
0.3205298013245033,0.25121412803532006,0.0913907284768212,0.3368653421633554
0.3240863055922501,0.24570673712021135,0.08938793483047115,0.34081902245706736
0.31985940246045697,0.2491212653778559,0.09358523725834798,0.3374340949033392
0.3263888888888889,0.24609375,0.0876736111111111,0.33984375
0.3349429323968393,0.24582967515364354,0.08779631255487269,0.33143107989464443
0.32763157894736844,0.24385964912280703,0.0912280701754386,0.33728070175438596
0.3314260563380282,0.23943661971830985,0.09198943661971831,0.3371478873239437
0.32720909886264216,0.24015748031496062,0.09055118110236221,0.342082239720035
0.3314360770577933,0.24124343257443082,0.08318739054290718,0.34413309982486867
0.32936507936507936,0.24382716049382716,0.08333333333333333,0.34347442680776014
0.3241590214067278,0.24508519003931847,0.08256880733944955,0.34818698121450414
0.3302591128678085,0.23891084760649978,0.08036890645586298,0.35046113306982873
0.3343558282208589,0.2357581069237511,0.07887817703768624,0.35100788781770376
0.33229813664596275,0.22803904170363798,0.08074534161490683,0.35891748003549245
0.33933274802458296,0.22870939420544337,0.07901668129938542,0.35294117647058826
0.3380343763772587,0.22520934332304982,0.07977082415160863,0.35698545614808286
0.3400614304519526,0.22553751645458534,0.0785432207108381,0.355857832382624
0.3446153846153846,0.22417582417582418,0.08219780219780219,0.34901098901098904
0.3471111111111111,0.22177777777777777,0.07777777777777778,0.35333333333333333
0.3489606368863335,0.22069880583812473,0.07916850950906679,0.35117204776647504
0.331856446610545,0.22153300841825432,0.08329641116526362,0.3633141338059371
0.3419439579684764,0.21891418563922943,0.07749562171628721,0.361646234676007
0.33509234828496043,0.22163588390501318,0.07783641160949868,0.3654353562005277
0.3387953941541187,0.2174490699734278,0.07883082373782108,0.3649247121346324
0.3365638766519824,0.2171806167400881,0.07973568281938326,0.36651982378854625
0.3369755244755245,0.22202797202797203,0.07910839160839161,0.3618881118881119
0.3456953642384106,0.2185430463576159,0.0781456953642384,0.3576158940397351
0.3474240422721268,0.21576398062527521,0.07617789520035227,0.3606340819022457
0.3462044756472137,0.22114962702939886,0.0741553312856516,0.3584905660377358
0.34835886214442013,0.21706783369803062,0.07614879649890591,0.3584245076586433
0.3479804704837994,0.21926320461606746,0.0754549489569463,0.35730137594318684
0.35126859142607175,0.21478565179352582,0.07305336832895888,0.36089238845144356
0.35216240070609,0.20785525154457193,0.07502206531332745,0.3649602824360106
0.3568904593639576,0.20803886925795054,0.07729681978798586,0.357773851590106
0.36010591350397175,0.21006178287731686,0.07766990291262135,0.35216240070609
0.3652512998266898,0.20667244367417678,0.07625649913344887,0.35181975736568455
0.3656716417910448,0.20500438981562774,0.07769973661106233,0.35162423178226515
0.3615351068469254,0.20540776275621456,0.07675534234627127,0.35630178805058876
0.3655443812855269,0.20638390905115872,0.0765194578049847,0.35155225185832967
0.36243966652040366,0.21588415971917507,0.0759104870557262,0.34576568670469504
0.3592788038698329,0.21899736147757257,0.079155672823219,0.34256816182937555
0.3683978873239437,0.21434859154929578,0.07790492957746478,0.33934859154929575
0.3621071270473661,0.2204515272244356,0.07746790615316512,0.3399734395750332
0.35327760668719754,0.22085349758029035,0.07479102507699076,0.3510778706555213
0.3542126157917953,0.22143802382002647,0.07543008381120424,0.34891927657697397
0.3515418502202643,0.2185022026431718,0.07885462555066079,0.35110132158590307
0.3467849223946785,0.21906873614190686,0.08248337028824834,0.3516629711751663
0.34872471416007034,0.22207563764291996,0.08047493403693931,0.34872471416007034
0.34496466431095407,0.21863957597173145,0.0812720848056537,0.3551236749116608
0.3465259454705365,0.22207563764291996,0.07871591908531222,0.3526824978012313
0.3442838370565046,0.22295225580376699,0.07840560665790626,0.35435830048182215
0.34945054945054943,0.2246153846153846,0.07736263736263736,0.3485714285714286
0.34864021399910833,0.22380740080249667,0.07623718234507357,0.35131520285332146
0.34299516908212563,0.22793148880105402,0.07729468599033816,0.35177865612648224
0.34227892652881653,0.2322921249450066,0.07391113066432028,0.3515178178618566
0.3418727915194346,0.2332155477031802,0.07022968197879859,0.3546819787985866
0.34375,0.23107394366197184,0.06734154929577464,0.3578345070422535
0.33819628647214856,0.2396109637488948,0.06675508399646331,0.35543766578249336
0.34033245844269466,0.24146981627296588,0.06430446194225722,0.35389326334208226
0.3324572930354796,0.24660534384581692,0.06482698204117389,0.35611038107752957
0.33259325044404975,0.24511545293072823,0.06616341030195382,0.3561278863232682
0.3274647887323944,0.2482394366197183,0.06910211267605634,0.355193661971831
0.32604895104895104,0.25524475524475526,0.06774475524475525,0.35096153846153844
0.3343680709534368,0.25365853658536586,0.06784922394678493,0.3441241685144124
0.332753371030883,0.25228360156589824,0.06350587211831231,0.3514571552849065
0.3340669014084507,0.24647887323943662,0.0664612676056338,0.3529929577464789
0.3281665190434012,0.2462356067316209,0.06864481842338352,0.3569530558015943
0.3237347294938918,0.25218150087260033,0.07068062827225131,0.35340314136125656
0.31934628975265017,0.25485865724381623,0.0719964664310954,0.3537985865724382
0.3276165347405453,0.2515391380826737,0.06992084432717678,0.35092348284960423
0.3277606687197536,0.2446106467223933,0.06995160580730313,0.35767707875054994
0.329500221141088,0.24369747899159663,0.06722689075630252,0.3595754091110128
0.32673702726473175,0.24142480211081793,0.06860158311345646,0.36323658751099386
0.3260965883916704,0.24457244129375277,0.06867523260965884,0.36065573770491804
0.32532751091703055,0.2427947598253275,0.06768558951965066,0.36419213973799125
0.32342657342657344,0.24737762237762237,0.06774475524475525,0.36145104895104896
0.32473776223776224,0.2504370629370629,0.06861888111888112,0.3562062937062937
0.32662877131613466,0.2544818539571491,0.06427634455618715,0.3546130301705291
0.3196467991169978,0.258719646799117,0.0640176600441501,0.3576158940397351
0.32371225577264656,0.26065719360568385,0.06172291296625222,0.3539076376554174
0.31802120141342755,0.2579505300353357,0.06051236749116608,0.36351590106007065
0.31926121372031663,0.25769569041336854,0.060246262093227795,0.3627968337730871
0.31771530566711287,0.25881302989736726,0.05934850513163766,0.36412315930388217
0.3199470432480141,0.2599293909973522,0.06001765225066196,0.36010591350397175
0.31879633667684254,0.2546881814217183,0.061927605756650676,0.3645878761447885
0.31847968545216254,0.24945391000436873,0.06509392747924858,0.3669724770642202
0.30928288605367354,0.25296964364276286,0.06731192256929168,0.3704355477342719
0.3053097345132743,0.2513274336283186,0.07256637168141593,0.37079646017699114
0.30554343081623747,0.2553470100392842,0.06896551724137931,0.3701440419030991
0.3075230972283326,0.25164980202375714,0.06951165860096789,0.37131544214694234
0.308581591818586,0.25255669186305024,0.0706980880391285,0.3681636282792352
0.31140350877192985,0.2530701754385965,0.07324561403508772,0.362280701754386
0.3027765535478184,0.250330542089026,0.07360070515645659,0.373292199206699
0.30779334500875655,0.24956217162872155,0.06873905429071804,0.37390542907180385
0.30434782608695654,0.2528837622005324,0.06876663708961846,0.37400177462289264
0.3045195261079421,0.25142606406318563,0.07196138657305835,0.37209302325581395
0.31762114537444935,0.25022026431718064,0.07577092511013216,0.3563876651982379
0.31500219973603166,0.24857017157941047,0.07567091948966125,0.3607567091948966
0.3201407211961302,0.24802110817941952,0.07387862796833773,0.3579595426561126
0.3254988913525499,0.24212860310421286,0.07095343680709534,0.3614190687361419
0.3299648506151142,0.23813708260105448,0.07117750439367311,0.36072056239015815
0.33392148213498013,0.23423026025584473,0.07366563740626378,0.35818262020291136
0.3311461067366579,0.23534558180227472,0.0752405949256343,0.35826771653543305
0.3253064798598949,0.23423817863397547,0.0766199649737303,0.3638353765323993
0.3176831943835015,0.23519087318999563,0.07240017551557701,0.37472575691092586
0.31788369042413644,0.23218189768255357,0.07389593353738522,0.3760384783559248
0.31932773109243695,0.23087129588677577,0.07518796992481203,0.3746130030959752
0.3220114689016321,0.22805469783855314,0.07587119541243935,0.37406263784737537
0.31936479929422146,0.23026025584472873,0.0776356418173798,0.37273930304367003
0.32105263157894737,0.22631578947368422,0.07675438596491228,0.37587719298245614
0.3162953254696374,0.23023154215814767,0.07688947138488422,0.3765836609873307
0.3230088495575221,0.23141592920353982,0.07610619469026549,0.3694690265486726
0.32166301969365424,0.23238512035010941,0.07833698030634573,0.3676148796498906
0.3152796125055042,0.23645970937912814,0.08146191105239982,0.3667987670629679
0.32056362835755176,0.23337736679876706,0.08058124174372523,0.36547776309995594
0.32051282051282054,0.2413793103448276,0.07736516357206012,0.36074270557029176
0.3180616740088106,0.24361233480176211,0.08149779735682819,0.3568281938325991
0.3140969162995595,0.24537444933920705,0.08237885462555065,0.3581497797356828
0.30816505706760317,0.24934152765583845,0.08077260755048288,0.3617208077260755
0.3121104185218166,0.24888691006233304,0.08325912733748887,0.3557435440783615
0.3149364870784056,0.24616732369689007,0.07796758650897942,0.3609286027157249
0.3077264653641208,0.24911190053285967,0.07682060390763766,0.3663410301953819
0.31599823710885855,0.24416042309387395,0.07624504186866461,0.36359629792860293
0.31961471103327493,0.24430823117338005,0.07443082311733801,0.361646234676007
0.31504424778761064,0.2517699115044248,0.07212389380530973,0.36106194690265486
0.3167619885613726,0.24901011878574572,0.07699076110866696,0.3572371315442147
0.314410480349345,0.24716157205240175,0.08034934497816594,0.35807860262008734
0.31436077057793343,0.2478108581436077,0.08450087565674255,0.3533274956217163
0.3162280701754386,0.2425438596491228,0.08201754385964913,0.3592105263157895
0.3168056164984642,0.24528301886792453,0.08380868802106187,0.35410267661254935
0.31758530183727035,0.2462817147856518,0.08092738407699038,0.3552055993000875
0.31422319474835886,0.24638949671772428,0.08402625820568928,0.35536105032822757
0.31252766710934043,0.249667994687915,0.07923860115095174,0.35856573705179284
0.30851063829787234,0.2522163120567376,0.08244680851063829,0.35682624113475175
0.3056405771753389,0.2544818539571491,0.08176650634018365,0.3581110625273284
0.3054945054945055,0.2571428571428571,0.07824175824175825,0.35912087912087914
0.30928288605367354,0.2507699076110867,0.0796304443466784,0.3603167619885614
0.3076245041868665,0.251211987659762,0.08021154693697664,0.3609519612163949
0.30319148936170215,0.2553191489361702,0.07845744680851063,0.363031914893617
0.2943231441048035,0.25021834061135373,0.08384279475982533,0.3716157205240175
0.2933684672815108,0.2503293807641634,0.08915239350021958,0.3671497584541063
0.2932461873638344,0.24880174291938997,0.08888888888888889,0.3690631808278867
0.2953846153846154,0.2501098901098901,0.08747252747252747,0.367032967032967
0.2891725352112676,0.2522007042253521,0.09110915492957747,0.3675176056338028
0.2924988903683977,0.2507767421216156,0.09054593874833555,0.36617842876165113
0.29460762823323106,0.2516440157825515,0.08724243752740027,0.3665059184568172
0.2954248366013072,0.25054466230936817,0.0906318082788671,0.3633986928104575
0.30135786246167323,0.24616732369689007,0.09242225142356549,0.3600525624178712
0.2975567190226876,0.25043630017452007,0.09031413612565445,0.36169284467713786
0.299469964664311,0.24602473498233215,0.0896643109540636,0.36484098939929327
0.29664014146772766,0.251105216622458,0.09062776304155615,0.3616268788682582
0.29419583517944176,0.25520602569782896,0.0872840053167922,0.3633141338059371
0.28609506885828523,0.25188804975566415,0.08796090626388271,0.3740559751221679
0.2827133479212254,0.25295404814004374,0.09277899343544858,0.3715536105032823
0.28118113706478626,0.249889819303658,0.09563684442485676,0.373292199206699
0.2853380158033363,0.247585601404741,0.09482001755926252,0.3722563652326602
0.2919418758256275,0.24526640246587406,0.09114927344782034,0.3716424482606781
0.29091706888986396,0.2479157525230364,0.09346204475647214,0.3677051338306275
0.29297392841361025,0.24436588599204595,0.09765797613787008,0.3650022094564737
0.29232111692844676,0.24040139616055847,0.09816753926701571,0.36910994764397903
0.2932799287939475,0.2421005785491767,0.09879839786381843,0.3658210947930574
0.2945632798573975,0.24509803921568626,0.09714795008912656,0.3631907308377897
0.29568251199302226,0.2477104230266027,0.09594417793283908,0.36066288704753596
0.29592284085927223,0.2542744410346339,0.09644892590968873,0.35335379219640506
0.2946113074204947,0.26015901060070673,0.09143109540636042,0.3537985865724382
0.2869641294838145,0.2650918635170604,0.09317585301837271,0.3547681539807524
0.285336856010568,0.25803610744165567,0.09819462791721709,0.35843240863055925
0.2908770383428823,0.254737769942706,0.09695901278096078,0.35742617893345086
