R,A,S,N
0.0,0.0,0.0,1.0
0.3333333333333333,0.0,0.0,0.6666666666666666
0.2727272727272727,0.09090909090909091,0.0,0.6363636363636364
0.2,0.15,0.0,0.65
0.2222222222222222,0.1388888888888889,0.05555555555555555,0.5833333333333334
0.27586206896551724,0.1724137931034483,0.05172413793103448,0.5
0.29213483146067415,0.2247191011235955,0.07865168539325842,0.4044943820224719
0.23809523809523808,0.2619047619047619,0.10317460317460317,0.3968253968253968
0.1977401129943503,0.2824858757062147,0.14689265536723164,0.3728813559322034
0.19491525423728814,0.3177966101694915,0.1483050847457627,0.3389830508474576
0.1951219512195122,0.3323170731707317,0.1524390243902439,0.3201219512195122
0.2028301886792453,0.3490566037735849,0.16745283018867924,0.2806603773584906
0.20747663551401868,0.3532710280373832,0.17383177570093458,0.26542056074766357
0.20890937019969277,0.36251920122887865,0.18433179723502305,0.24423963133640553
0.225031605562579,0.3527180783817952,0.1959544879898862,0.22629582806573956
0.22282608695652173,0.3565217391304348,0.20543478260869566,0.21521739130434783
0.23062558356676005,0.3492063492063492,0.21755368814192344,0.20261437908496732
0.22953451043338685,0.3507223113964687,0.21990369181380418,0.1998394863563403
0.23314203730272598,0.3500717360114778,0.2266857962697274,0.19010043041606886
0.2328767123287671,0.3542074363992172,0.22439660795825178,0.18851924331376385
0.23216444981862153,0.3476420798065296,0.23639661426844014,0.1837968561064087
0.2354272778720996,0.34069043576683644,0.2507074136955291,0.1731748726655348
0.23687031082529475,0.33386923901393356,0.25241157556270094,0.17684887459807075
0.23006134969325154,0.3379345603271984,0.25204498977505113,0.17995910020449898
0.23695976154992549,0.32488822652757077,0.25534028812717335,0.18281172379533037
0.23834443387250237,0.32445290199809707,0.25071360608943866,0.18648905803996194
0.2390310786106033,0.3272394881170018,0.2449725776965265,0.18875685557586838
0.24483378256963162,0.31850853548966757,0.24483378256963162,0.1918238993710692
0.2442781690140845,0.3204225352112676,0.2442781690140845,0.19102112676056338
0.2474813841436706,0.31975470871660094,0.24529128339903636,0.18747262374069207
0.24735915492957747,0.3217429577464789,0.2420774647887324,0.18882042253521128
0.25229960578186594,0.33289531318440646,0.23346473937801138,0.18134034165571616
0.25087719298245614,0.3254385964912281,0.23157894736842105,0.19210526315789472
0.2501110617503332,0.3256330519768992,0.23011994669035984,0.19413593958240782
0.24922669023420238,0.3305346884666372,0.2342023862129916,0.18603623508616882
0.25566918630502444,0.316140506891952,0.23254779902178746,0.1956425077812361
0.25505716798592787,0.32189973614775724,0.227792436235708,0.19525065963060687
0.24966974900924702,0.32056362835755176,0.22985468956406868,0.19991193306913255
0.2497805092186128,0.3235294117647059,0.2309043020193152,0.1957857769973661
0.24724548259145,0.3314235345967387,0.2243278977523138,0.19700308505949757
0.24910873440285206,0.3270944741532977,0.22593582887700533,0.19786096256684493
0.24649737302977234,0.3309982486865149,0.22504378283712784,0.19746059544658495
0.24640209332751853,0.3292629742695159,0.21936327954644572,0.20497165285651983
0.24967032967032968,0.327032967032967,0.22285714285714286,0.20043956043956043
0.25055530875166593,0.33140826299422477,0.21812527765437584,0.19991115059973344
0.2462686567164179,0.3340649692712906,0.21817383669885865,0.20149253731343283
0.2467991169977925,0.3328918322295806,0.22163355408388521,0.1986754966887417
0.24392399469730447,0.33406981882456915,0.2209456473707468,0.2010605391073796
0.23767605633802816,0.3362676056338028,0.21742957746478872,0.20862676056338028
0.2418358340688438,0.3300970873786408,0.21844660194174756,0.20962047661076788
0.23333333333333334,0.33903508771929824,0.2219298245614035,0.2057017543859649
0.23411816970235452,0.34162594402487784,0.21590404264771212,0.20835184362505554
0.23740053050397877,0.33687002652519893,0.21883289124668434,0.20689655172413793
0.2409372236958444,0.34129089301503096,0.21087533156498675,0.20689655172413793
0.2369460289600702,0.33742869679684073,0.21676173760421238,0.2088635366388767
0.23314235345967388,0.34376377258704277,0.21375055090348172,0.2093433230498017
0.23480176211453743,0.34185022026431716,0.20748898678414096,0.21585903083700442
0.2337604949182501,0.3499779054352629,0.206805125939019,0.20945647370746795
0.2342857142857143,0.34901098901098904,0.20659340659340658,0.21010989010989012
0.2310704960835509,0.34986945169712796,0.20670147954743254,0.2123585726718886
0.22803163444639718,0.3475395430579965,0.2069420035149385,0.21748681898066785
0.22950089126559714,0.3480392156862745,0.2014260249554367,0.22103386809269163
0.22899434044405748,0.34436221158032215,0.2046147148454506,0.2220287331301698
0.23190932868352224,0.34394071490845685,0.2035745422842197,0.22057541412380122
0.22949389179755672,0.34642233856893545,0.20506108202443282,0.21902268760907503
0.23327464788732394,0.34330985915492956,0.2011443661971831,0.22227112676056338
0.23653088042049936,0.3517301795882611,0.19053876478318002,0.22120017520805957
0.23547535211267606,0.35563380281690143,0.18794014084507044,0.22095070422535212
0.2345462516440158,0.3638754932047348,0.18149934239368698,0.22007891275756247
0.23330404217926187,0.3585237258347979,0.18057996485061512,0.22759226713532513
0.23114035087719298,0.3513157894736842,0.1850877192982456,0.2324561403508772
0.23555359505955006,0.3467137185707984,0.18570798411998235,0.23202470224966917
0.23625886524822695,0.34929078014184395,0.18528368794326242,0.22916666666666666
0.23466666666666666,0.3462222222222222,0.18577777777777776,0.23333333333333334
0.22996057818659657,0.34822601839684625,0.18265440210249673,0.23915900131406045
0.23870682019486272,0.3410097431355182,0.17980513728963685,0.24047829937998227
0.23295454545454544,0.3356643356643357,0.1861888111888112,0.24519230769230768
0.2294143549097314,0.34081902245706736,0.18229854689564068,0.24746807573756055
0.22670250896057348,0.34050179211469533,0.18458781362007168,0.2482078853046595
0.2293859649122807,0.3350877192982456,0.18421052631578946,0.2513157894736842
0.22891036906854131,0.3334797891036907,0.18453427065026362,0.2530755711775044
0.2326297273526825,0.3368513632365875,0.1868953386103782,0.2436235708003518
0.23005729396209784,0.3389158219479947,0.1868664609960335,0.24416042309387395
0.2331583552055993,0.3416447944006999,0.18503937007874016,0.24015748031496062
0.23100570926657882,0.34299516908212563,0.1800614844093105,0.24593763724198506
0.22954444935869084,0.34188412206988056,0.18222025652366208,0.24635117204776646
0.2327433628318584,0.3438053097345133,0.18893805309734513,0.2345132743362832
0.23407992973210365,0.34782608695652173,0.1857707509881423,0.23232323232323232
0.23107221006564552,0.3452954048140044,0.1912472647702407,0.23238512035010941
0.2336283185840708,0.3424778761061947,0.18938053097345134,0.2345132743362832
0.23015873015873015,0.34347442680776014,0.19223985890652556,0.23412698412698413
0.22984409799554567,0.3420935412026726,0.19198218262806235,0.23608017817371937
0.22687224669603523,0.3392070484581498,0.19647577092511012,0.23744493392070484
0.22915737851092288,0.33704859563085154,0.19259919750334373,0.24119482835488185
0.23192239858906524,0.3425925925925926,0.17857142857142858,0.24691358024691357
0.2268538832821413,0.3391838525669153,0.17595436594997807,0.2580078982009653
0.23167539267015708,0.3355148342059337,0.17801047120418848,0.2547993019197208
0.23282275711159736,0.33391684901531726,0.17899343544857768,0.25426695842450764
0.2289740202553941,0.3364156759136944,0.17657419638925584,0.25803610744165567
0.22455220620358235,0.3381389252948886,0.182175622542595,0.25513324595893405
0.23784261715296198,0.3280282935455349,0.1812555260831123,0.25287356321839083
0.2414398595258999,0.3244073748902546,0.17998244073748904,0.25417032484635643
0.23683045595396193,0.3284639220894201,0.1806108897742364,0.2540947321823816
0.23677248677248677,0.33112874779541446,0.17768959435626103,0.25440917107583777
0.23248686514886166,0.334938704028021,0.1725043782837128,0.2600700525394046
0.23841059602649006,0.3275938189845475,0.1739514348785872,0.2600441501103753
0.23790677220756376,0.3245382585751979,0.1759014951627089,0.2616534740545295
0.24098504837291118,0.31838170624450307,0.17502198768689534,0.26561125769569044
0.24395604395604395,0.3213186813186813,0.17054945054945056,0.2641758241758242
0.24441524310118265,0.32588699080157685,0.16819973718791065,0.2614980289093298
0.24435590969455512,0.3280212483399734,0.1646746347941567,0.26294820717131473
0.23495575221238937,0.32610619469026547,0.16194690265486725,0.27699115044247785
0.23641184268669907,0.32699955810870523,0.1643835616438356,0.27220503756076003
0.23885209713024283,0.3328918322295806,0.15938189845474612,0.26887417218543047
0.24121265377855888,0.335676625659051,0.1608084358523726,0.2623022847100176
0.23857644991212654,0.3326010544815466,0.16124780316344464,0.26757469244288223
0.2398230088495575,0.3292035398230089,0.16061946902654867,0.270353982300885
0.23706324635117204,0.329500221141088,0.15568332596196374,0.27775320654577623
0.2413033905768384,0.3342140026420079,0.1567591369440775,0.2677234698370762
0.23803249890206413,0.33552920509442247,0.15458937198067632,0.27184892402283706
0.23219814241486067,0.34011499336576734,0.15568332596196374,0.27200353825740825
0.2310070671378092,0.3387809187279152,0.15724381625441697,0.27296819787985865
0.23834886817576564,0.34354194407456723,0.15268530847758544,0.26542387927208166
0.23613595706618962,0.3340787119856887,0.1569767441860465,0.27280858676207514
0.23620309050772628,0.33598233995584986,0.1532008830022075,0.27461368653421636
0.2369584438549956,0.3328912466843501,0.14986737400530503,0.28028293545534927
0.23246581385090428,0.3462726069695633,0.1446846052051169,0.27657697397441555
0.23662096417514375,0.33613445378151263,0.145953118089341,0.2812914639540027
0.2329192546583851,0.34205856255545697,0.14640638864241348,0.27861579414374443
0.23458980044345898,0.33968957871396893,0.14988913525498893,0.27583148558758314
0.23952359947066607,0.333480370533745,0.1521835024261138,0.27481252756947505
0.2437417654808959,0.334211682037769,0.1510759771629337,0.2709705753184014
0.23992994746059546,0.3397548161120841,0.15017513134851138,0.2701401050788091
0.2379690949227373,0.3333333333333333,0.14966887417218544,0.2790286975717439
0.23832599118942732,0.3383259911894273,0.14889867841409693,0.27444933920704845
0.2311446317657498,0.3429458740017746,0.1512866015971606,0.274622892635315
0.23164835164835165,0.3415384615384615,0.15428571428571428,0.2725274725274725
0.2373180414644905,0.33480370533745035,0.1557123952359947,0.2721658579620644
0.24119718309859156,0.3336267605633803,0.15404929577464788,0.2711267605633803
0.24482606781153676,0.33245266402465873,0.1563188022897402,0.2664024658740643
0.24149956408020923,0.3317349607672188,0.15998256320836965,0.2667829119442023
0.25491051942383236,0.32693147097337405,0.1584460934089917,0.25971191619380185
0.2542894852617686,0.3308402991641003,0.15882094148702156,0.25604927408710954
0.2623674911660777,0.3290636042402827,0.15371024734982333,0.25485865724381623
0.2647961420429636,0.3257343270495397,0.156510302498904,0.2529592284085927
0.258688957325121,0.33347998240211174,0.15662120545534536,0.2512098548174219
0.2618213660245184,0.3283712784588441,0.1554290718038529,0.2543782837127846
0.26780253385757974,0.327217125382263,0.15683704674530363,0.24814329401485366
0.2646411272567151,0.33113166006164685,0.15367679436371642,0.25055041831792163
0.2615791795324217,0.3330392589325099,0.1557123952359947,0.24966916629907365
0.26457597173144876,0.33568904593639576,0.15724381625441697,0.24249116607773852
0.2608315098468271,0.34091903719912475,0.15711159737417943,0.24113785557986872
0.26616805983282005,0.33875934887813464,0.15882094148702156,0.23625164980202376
0.26435773783428324,0.33625602805786936,0.15738711091626478,0.24199912319158265
0.261558784676354,0.33553500660501984,0.1563188022897402,0.24658740642888596
0.26532399299474607,0.3305604203152364,0.1532399299474606,0.2508756567425569
0.26023778071334214,0.3293703214442977,0.15279612505504184,0.2575957727873184
0.2603160667251975,0.3301141352063213,0.15057067603160668,0.2589991220368745
0.25559947299077734,0.3271848924022837,0.15195432586736934,0.2652613087395696
0.2511013215859031,0.33348017621145376,0.14977973568281938,0.26563876651982377
0.2538360368259535,0.3340640070144673,0.14949583516001755,0.2626041209995616
0.25486725663716814,0.3274336283185841,0.15,0.2676991150442478
0.2503276539973788,0.33245958934032327,0.1542158147662735,0.26299694189602446
0.24406332453825857,0.3280562884784521,0.15435356200527706,0.27352682497801234
0.24256993006993008,0.333479020979021,0.15122377622377622,0.2727272727272727
0.2406675450153711,0.33377250768555117,0.1484409310496267,0.277119016249451
0.23127463863337713,0.3399036355672361,0.14586070959264127,0.2829610162067455
0.22995594713656387,0.3383259911894273,0.1458149779735683,0.28590308370044054
0.23284639220894202,0.3386454183266932,0.1478530323151837,0.28065515714918104
0.23649247121346323,0.3308237378210806,0.15101860053144375,0.2816651904340124
0.23965141612200436,0.33028322440087143,0.1477124183006536,0.2823529411764706
0.24080560420315236,0.3279334500875657,0.15367775831873906,0.2775831873905429
0.2371766768960982,0.3261727312582201,0.15300306882946077,0.283647523016221
0.23645104895104896,0.32298951048951047,0.15515734265734266,0.2854020979020979
0.2402088772845953,0.31766753698868583,0.15709312445604873,0.28503046127067017
0.23876651982378855,0.31718061674008813,0.15550660792951543,0.28854625550660795
0.2357397504456328,0.3226381461675579,0.14795008912655971,0.2936720142602496
0.2352680549401861,0.3296411165263624,0.1488701816570669,0.2862206468763846
0.2404897245299519,0.33231307389593356,0.14473108876257104,0.2824661128115435
0.23895759717314488,0.3330388692579505,0.14443462897526502,0.2835689045936396
0.24473684210526317,0.3368421052631579,0.13728070175438598,0.28114035087719297
0.2447826086956522,0.33217391304347826,0.1391304347826087,0.28391304347826085
0.2424109106907171,0.3277606687197536,0.14298284205895292,0.28684557853057635
0.24405286343612334,0.32599118942731276,0.14140969162995595,0.28854625550660795
0.24195680916703394,0.3367122080211547,0.13794623182018512,0.28338475099162624
0.2331858407079646,0.3407079646017699,0.13982300884955753,0.28628318584070794
0.23310225303292895,0.33838821490467935,0.1425476603119584,0.28596187175043325
0.23630742049469966,0.3325971731448763,0.1413427561837456,0.28975265017667845
0.23544973544973544,0.3350970017636684,0.140652557319224,0.28880070546737213
0.2376150811047786,0.3340640070144673,0.14028934677772906,0.28803156510302497
0.23817940786566505,0.3300927971718957,0.13963764913831198,0.2920901458241273
0.23598949211908932,0.3331873905429072,0.138353765323993,0.29246935201401053
0.23824175824175825,0.33186813186813185,0.14285714285714285,0.28703296703296705
0.24223874070835155,0.33231307389593356,0.14035854831657193,0.285089637079143
0.2458001768346596,0.33421750663129973,0.1419098143236074,0.2780725022104332
0.2479010163499779,0.3318603623508617,0.13963764913831198,0.28060097216084845
0.25624178712220763,0.3346473937801139,0.13534822601839686,0.27376259307928164
0.2527376259307928,0.3302671922908454,0.13447218572054315,0.28252299605781866
0.24791940429259746,0.33070521243977224,0.1392904073587385,0.2820849759088918
0.2487847989394609,0.33274414494034465,0.136986301369863,0.2814847547503314
0.24812362030905077,0.33598233995584986,0.1381898454746137,0.27770419426048565
0.25065847234416155,0.3340649692712906,0.13784021071115013,0.2774363476733977
0.24571428571428572,0.33582417582417584,0.13538461538461538,0.28307692307692306
0.24923480542195015,0.33362483602973325,0.139921294271972,0.2772190642763446
0.24922669023420238,0.3318603623508617,0.14140521431727796,0.27750773309765797
0.2467877713779353,0.33274257864421797,0.13912272928666372,0.281346920691183
0.2483688560243584,0.3279686820356677,0.14136581122227054,0.2822966507177033
0.24495171202809482,0.33187006145741876,0.13871817383669885,0.2844600526777875
0.23872679045092837,0.3297966401414677,0.14146772767462423,0.29000884173297964
0.24234470691163604,0.33070866141732286,0.13823272090988625,0.2887139107611549
0.24966740576496674,0.3228381374722838,0.14057649667405764,0.2869179600886918
0.24539069359086918,0.3235294117647059,0.13652326602282705,0.29455662862159787
0.2426887821911829,0.3230030554343082,0.14185945002182454,0.29244871235268444
0.24029982363315697,0.32451499118165783,0.1437389770723104,0.2914462081128748
0.2462751971954426,0.32427695004382123,0.14022787028921999,0.2892199824715162
0.2462686567164179,0.32616330114135206,0.14223002633889376,0.2853380158033363
0.24529951902055094,0.3288150415391342,0.1429820725841714,0.2829033668561434
0.24483516483516485,0.32879120879120877,0.13934065934065934,0.28703296703296705
0.2404227212681638,0.33025099075297226,0.13562307353588726,0.29370321444297665
0.24444444444444444,0.33681917211328977,0.13246187363834422,0.28627450980392155
0.24559082892416226,0.33112874779541446,0.13227513227513227,0.291005291005291
0.24231782265144863,0.3358208955223881,0.1360842844600527,0.2857769973661106
0.23790677220756376,0.3368513632365875,0.1376429199648197,0.287598944591029
0.24330259112867808,0.3254281949934124,0.1383399209486166,0.29292929292929293
0.2343887423043096,0.33157431838170626,0.14072119613016712,0.29331574318381703
0.23293703214442976,0.3337736679876706,0.1448701012769705,0.2884191985909291
0.23209549071618038,0.3271441202475685,0.14765694076038904,0.29310344827586204
0.226890756302521,0.33171163202122955,0.14197257850508624,0.2994250331711632
0.23003055434308162,0.32867743343518113,0.14142295940637276,0.29986905281536447
0.225,0.32456140350877194,0.14473684210526316,0.3057017543859649
0.222663139329806,0.3298059964726631,0.14153439153439154,0.30599647266313934
0.2230902777777778,0.32421875,0.1410590277777778,0.3116319444444444
0.22300572939620977,0.32260907888937856,0.1397091229616571,0.3146760687527545
0.2224168126094571,0.32180385288966723,0.14054290718038528,0.31523642732049034
0.2198332602018429,0.32426502852128125,0.13865730583589295,0.31724440544098287
0.22178130511463845,0.328042328042328,0.1384479717813051,0.3117283950617284
0.2288623284639221,0.32492253209384686,0.14209827357237717,0.3041168658698539
0.23296703296703297,0.3213186813186813,0.1397802197802198,0.3059340659340659
0.23405191377034756,0.3286405631324241,0.13990321161460625,0.2974043114826221
0.23555359505955006,0.32377591530657257,0.1407146007940009,0.2999558888398765
0.23690004403346543,0.3232056362835755,0.14002642007926025,0.2998678996036988
0.23144488361879667,0.32806324110671936,0.13965744400527008,0.3008344312692139
0.2357298474945534,0.33202614379084966,0.1328976034858388,0.29934640522875816
0.229010989010989,0.3265934065934066,0.13802197802197802,0.30637362637362636
0.22764936764064544,0.31879633667684254,0.13868294810292195,0.31487134757959007
0.22940655447298494,0.3170947741364039,0.1355181576616475,0.3179805137289637
0.22975929978118162,0.3212253829321663,0.12866520787746172,0.3203501094091904
0.22460595446584938,0.3279334500875657,0.1256567425569177,0.32180385288966723
0.22455220620358235,0.32634338138925295,0.12494539100043688,0.3241590214067278
0.22436459246275198,0.3229623137598598,0.1266432953549518,0.32602979842243646
0.22875816993464052,0.3202614379084967,0.1259259259259259,0.3250544662309368
0.23124177270732776,0.32075471698113206,0.12198332602018429,0.3260201842913559
0.23337736679876706,0.31968295904887717,0.1206516952884192,0.32628797886393657
0.2403376277210129,0.31896934695690804,0.1257219013771657,0.3149711239449134
0.24327897752313796,0.3199647421771706,0.12604671661524902,0.31070956368444247
0.24601063829787234,0.3200354609929078,0.1254432624113475,0.30851063829787234
0.245792736935341,0.3179805137289637,0.12843224092116917,0.3077945084145261
0.25022261798753337,0.3201246660730187,0.1219946571682992,0.3076580587711487
0.24726477024070023,0.3203501094091904,0.11947483588621444,0.31291028446389496
0.24189307624890447,0.3212094653812445,0.11437335670464505,0.32252410166520595
0.2422907488986784,0.31894273127753303,0.11806167400881057,0.320704845814978
0.2410437859354268,0.31623175586023883,0.11941618752764263,0.3233082706766917
0.2465753424657534,0.3172779496243924,0.1175430844012373,0.3186036235086169
0.2501098901098901,0.3178021978021978,0.11868131868131868,0.3134065934065934
0.2479157525230364,0.3181219833260202,0.12022817025010969,0.3137340939008337
0.2495644599303136,0.31794425087108014,0.12195121951219512,0.3105400696864111
0.2518747243052492,0.3211292456991619,0.11910013233348037,0.3078958976621085
0.2533039647577093,0.31938325991189426,0.11806167400881057,0.3092511013215859
0.25199645075421473,0.3225377107364685,0.11978704525288376,0.305678793256433
0.24805194805194805,0.3203463203463203,0.1264069264069264,0.3051948051948052
0.24548259144997797,0.32260907888937856,0.13045394446892905,0.3014543851917144
0.241714538223597,0.3309765797613787,0.12814847547503314,0.29916040653999115
0.249667994687915,0.32492253209384686,0.13147410358565736,0.29393536963258077
0.24001774622892635,0.3269742679680568,0.13753327417923691,0.29547471162378
0.23857644991212654,0.3242530755711775,0.14015817223198593,0.29701230228471004
0.23839009287925697,0.32242370632463513,0.14285714285714285,0.2963290579389651
0.23043095866314864,0.3227792436235708,0.14467897977132807,0.3021108179419525
0.23685373398144058,0.3150684931506849,0.14273088820150243,0.30534688466637205
0.2381786339754816,0.31523642732049034,0.14185639229422067,0.30472854640980734
0.2394678492239468,0.3161862527716186,0.1458980044345898,0.2984478935698448
0.23598949211908932,0.3169877408056042,0.15017513134851138,0.2968476357267951
0.2422251423565484,0.3131844064826982,0.14848883048620237,0.29610162067455104
0.23903508771929824,0.312719298245614,0.15,0.2982456140350877
0.23498233215547704,0.3122791519434629,0.14885159010600707,0.303886925795053
0.2376502002670227,0.3177570093457944,0.14775255896751224,0.2968402314196707
0.23737821080602303,0.31620903454384414,0.14570416297608504,0.30070859167404784
0.23642732049036777,0.3183012259194396,0.14492119089316988,0.30035026269702275
0.23790849673202613,0.32374727668845316,0.14161220043572983,0.29673202614379085
0.24049513704686118,0.3280282935455349,0.13969938107869143,0.2917771883289125
0.23942433493240298,0.3270824247710423,0.1378107283035325,0.29568251199302226
0.24200710479573712,0.3210479573712256,0.13765541740674955,0.29928952042628776
0.24856003544528135,0.31501993797075767,0.1338059370846256,0.3026140894993354
0.24282560706401765,0.31567328918322296,0.13642384105960265,0.3050772626931567
0.23809523809523808,0.3152557319223986,0.13932980599647266,0.3073192239858907
0.2323008849557522,0.31504424778761064,0.14026548672566372,0.3123893805309734
0.23356704645048204,0.3124452234881683,0.13978965819456618,0.3141980718667835
0.22874944370271474,0.319537160658656,0.13974187805963506,0.3119715175789942
0.23043095866314864,0.3232189973614776,0.13676341248900617,0.3095866314863676
0.23148148148148148,0.32583774250440917,0.1353615520282187,0.3073192239858907
0.22651448639157157,0.32748024582967517,0.14091308165057068,0.3050921861281826
0.2261747913921827,0.3285024154589372,0.13877909530083443,0.3065436978480457
0.2280933509467195,0.32628797886393657,0.13782474680757376,0.30779392338177014
0.23036419482229048,0.32426502852128125,0.13865730583589295,0.30671347082053535
0.22783143107989465,0.3235294117647059,0.1382791922739245,0.310359964881475
0.22285714285714286,0.3274725274725275,0.13934065934065934,0.31032967032967035
0.21830985915492956,0.3336267605633803,0.14172535211267606,0.30633802816901406
0.22153300841825432,0.334514842711564,0.14089499335400973,0.3030571555161719
0.22217314487632508,0.3303886925795053,0.1439929328621908,0.3034452296819788
0.22438162544169613,0.33127208480565373,0.14708480565371024,0.29726148409893993
0.22570671378091872,0.33568904593639576,0.1435512367491166,0.2950530035335689
0.22737210319195453,0.32837778749453433,0.14560559685177088,0.2986445124617403
0.22403888643393724,0.32832523199292973,0.14582412726469288,0.30181175430844015
0.23175586023883238,0.32463511720477667,0.14462627156125607,0.2989827509951349
0.23645970937912814,0.3236459709379128,0.1453104359313078,0.29458388375165123
0.2344226579520697,0.32941176470588235,0.14596949891067537,0.2901960784313726
0.23029772329246936,0.3296847635726795,0.14711033274956217,0.29290718038528896
0.23436816790555312,0.3275032794053345,0.14779186707477043,0.29033668561434195
0.23283450704225353,0.3305457746478873,0.14524647887323944,0.2913732394366197
0.23591549295774647,0.32526408450704225,0.14700704225352113,0.2918133802816901
0.24446412754650132,0.3246235606731621,0.14570416297608504,0.28520814880425155
0.24462954844366505,0.3257343270495397,0.14555019728189392,0.28408592722490134
0.24148606811145512,0.3290579389650597,0.14772224679345422,0.28173374613003094
0.24912280701754386,0.32719298245614037,0.14517543859649124,0.27850877192982454
0.25065847234416155,0.3301141352063213,0.14091308165057068,0.2783143107989464
0.25274725274725274,0.3265934065934066,0.1402197802197802,0.2804395604395604
0.24967032967032968,0.3353846153846154,0.14241758241758243,0.2725274725274725
0.24593048834139902,0.33919929608446986,0.13638363396392433,0.2784865816102068
0.24435590969455512,0.3377600708277999,0.1363435148295706,0.2815405046480744
0.25120772946859904,0.3390425999121651,0.13087395696091347,0.27887571365832237
0.2562637362637363,0.3283516483516484,0.12967032967032968,0.2857142857142857
0.2601410934744268,0.328042328042328,0.12654320987654322,0.28527336860670194
0.25907883082373784,0.325066430469442,0.12488928255093003,0.29096545615589015
0.2579520697167756,0.3241830065359477,0.1289760348583878,0.28888888888888886
0.2588081774684646,0.32144410613310137,0.1291866028708134,0.2905611135276207
0.25976305397103994,0.3181219833260202,0.12637121544537078,0.29574374725756913
0.25895196506550217,0.3179039301310044,0.12532751091703057,0.29781659388646287
0.25914499779638606,0.31026884089907447,0.12648743940061702,0.30409872190392245
0.25979744605900484,0.31219726992514313,0.12637604579480405,0.301629238221048
0.2612533097969991,0.30450132391879964,0.12533097969991175,0.3089143865842895
0.2644736842105263,0.3092105263157895,0.12192982456140351,0.3043859649122807
0.26654898499558694,0.3084730803177405,0.11915269196822595,0.3058252427184466
0.2668428005284016,0.3126376045794804,0.11889035667107001,0.301629238221048
0.26763031099430573,0.31887866841874724,0.11695137976346912,0.2965396408234779
0.2663716814159292,0.31902654867256636,0.11858407079646018,0.2960176991150443
0.2663716814159292,0.3168141592920354,0.11769911504424779,0.2991150442477876
0.2702939885914875,0.30890741553312856,0.11978938130759105,0.3010092145677929
0.278341420379356,0.3039258932509925,0.12174680194089105,0.2959858844287605
0.2758164165931156,0.3049426301853486,0.1209179170344219,0.29832303618711387
0.28089395267309375,0.30455740578439966,0.12445223488168274,0.2900964066608238
0.2817089452603471,0.30173564753004006,0.12639074321317312,0.2901646639964397
0.284,0.2986666666666667,0.12622222222222224,0.2911111111111111
0.2824833702882483,0.2926829268292683,0.1343680709534368,0.29046563192904656
0.28427065026362036,0.29042179261862916,0.13268892794376097,0.29261862917398945
0.27654867256637167,0.30265486725663715,0.13097345132743363,0.28982300884955753
0.2843352347520842,0.29354980254497587,0.1355857832382624,0.2865291794646775
0.2820738137082601,0.28954305799648505,0.13400702987697716,0.29437609841827767
0.2820968458462905,0.2900932918702799,0.13771657041314972,0.2900932918702799
0.2793223284100782,0.3006081668114683,0.13466550825369245,0.28540399652476106
0.2750766535260622,0.3057380639509417,0.13622426631625054,0.2829610162067455
0.2782874617737003,0.30493665356050675,0.13761467889908258,0.27916120576671033
0.2751322751322751,0.30158730158730157,0.13756613756613756,0.2857142857142857
0.27308533916849015,0.29934354485776804,0.14442013129102846,0.2831509846827133
0.2826278659611993,0.2993827160493827,0.1388888888888889,0.2791005291005291
0.2801231310466139,0.29991204925241866,0.13984168865435356,0.2801231310466139
0.2869796279893711,0.2953941541186891,0.13773250664304695,0.27989371124889284
0.2851493848857645,0.30052724077328646,0.13005272407732865,0.28427065026362036
0.283436669619132,0.29893711248892824,0.12931798051372898,0.2883082373782108
0.2871636524040582,0.2968681076312307,0.12704014115571238,0.28892809880899867
0.28603302097278,0.2958500669344043,0.12762159750111557,0.29049531459170014
0.2865961199294533,0.2976190476190476,0.1300705467372134,0.2857142857142857
0.29183049366535607,0.28964613368283093,0.13237221494102228,0.28615115771079075
0.289740202553941,0.28753852928225454,0.1338617349185381,0.2888595332452664
0.2922134733158355,0.28302712160979876,0.1325459317585302,0.2922134733158355
0.29256489221293447,0.28684557853057635,0.12846458424989002,0.2921249450065992
0.2925021795989538,0.2881429816913688,0.13208369659982563,0.2872711421098518
0.2884108867427568,0.28884986830553117,0.1334503950834065,0.28928884986830555
0.29820725841714035,0.2907739396589418,0.12811543506777437,0.2829033668561434
0.294478527607362,0.28615249780893953,0.12927256792287467,0.2900964066608238
0.295873573309921,0.2857769973661106,0.1264266900790167,0.2919227392449517
0.2950242184059885,0.28313518273888155,0.12901805372082784,0.29282254513430206
0.2971905179982441,0.28270412642669007,0.12686567164179105,0.2932396839332748
0.29315673289183225,0.28520971302428255,0.12980132450331125,0.291832229580574
0.2974156811213316,0.29084537888742884,0.12352168199737187,0.2882172579938677
0.29427430093209056,0.29738126941855303,0.12605415002219264,0.2822902796271638
0.29525483304042177,0.28778558875219684,0.13268892794376097,0.28427065026362036
0.29452954048140045,0.287527352297593,0.13304157549234136,0.2849015317286652
0.2932564330079858,0.28305235137533274,0.13354037267080746,0.290150842945874
0.28962472406181017,0.28962472406181017,0.12759381898454747,0.29315673289183225
0.2974878801234024,0.28779197884530633,0.125165271044513,0.2895548699867783
0.2976294995610184,0.291044776119403,0.12598770851624233,0.2853380158033363
0.2983693256941384,0.2996914940502424,0.12163948876156898,0.28029969149405026
0.29714285714285715,0.30065934065934063,0.11868131868131868,0.2835164835164835
0.2950174825174825,0.2993881118881119,0.11888111888111888,0.2867132867132867
0.29543459174714665,0.30201931518876207,0.12203687445127305,0.28050921861281825
0.2965578111209179,0.30406001765225066,0.12753751103265668,0.27184466019417475
0.29947460595446584,0.3086690017513135,0.1256567425569177,0.266199649737303
0.294792586054722,0.31023830538393643,0.1262135922330097,0.2687555163283319
0.29707295762341634,0.3075578855395369,0.12669287898645698,0.2686762778505898
0.2985468956406869,0.30647291941875826,0.12549537648612946,0.26948480845442535
0.2944542253521127,0.3067781690140845,0.12632042253521128,0.27244718309859156
0.2987588652482269,0.2983156028368794,0.12455673758865249,0.2783687943262411
0.29469026548672567,0.30619469026548674,0.12035398230088495,0.27876106194690264
0.2907488986784141,0.3030837004405286,0.12466960352422908,0.28149779735682817
0.2923076923076923,0.30153846153846153,0.12703296703296704,0.27912087912087913
0.2977602108036891,0.29907773386034253,0.13043478260869565,0.2727272727272727
0.3034543069523393,0.295146480104941,0.1215566243987757,0.279842588543944
0.298376480912681,0.30144800351031154,0.12022817025010969,0.27994734532689775
0.2982456140350877,0.2912280701754386,0.12982456140350876,0.2807017543859649
0.29019434628975266,0.2919611307420495,0.13118374558303886,0.286660777385159
0.2918133802816901,0.292693661971831,0.12367957746478873,0.2918133802816901
0.2950310559006211,0.2919254658385093,0.12555456965394854,0.28748890860692106
0.29626373626373625,0.29626373626373625,0.12087912087912088,0.2865934065934066
0.300923889133304,0.30048394192696876,0.11746590409150902,0.28112626484821823
0.2974878801234024,0.30453944468929045,0.11855442926399296,0.2794182459233142
0.30157342657342656,0.29895104895104896,0.11756993006993006,0.28190559440559443
0.3001760563380282,0.29973591549295775,0.11355633802816902,0.28653169014084506
0.3018951079770824,0.29528426619656234,0.11458792419568092,0.2882327016306743
0.3026719229084538,0.29785370127025845,0.11300919842312747,0.2864651773981603
0.30735358872743285,0.29590488771466317,0.11360634081902246,0.28313518273888155
0.3032967032967033,0.3010989010989011,0.11076923076923077,0.28483516483516486
0.3027360988526037,0.29567519858781993,0.11209179170344219,0.28949691085613416
0.29623059866962304,0.30110864745011084,0.11086474501108648,0.2917960088691796
0.29777777777777775,0.2991111111111111,0.112,0.2911111111111111
0.30363475177304966,0.2907801418439716,0.11613475177304965,0.2894503546099291
0.2966549295774648,0.2869718309859155,0.11663732394366197,0.29973591549295775
0.2907488986784141,0.2933920704845815,0.11894273127753303,0.29691629955947135
0.29368191721132897,0.2906318082788671,0.11982570806100218,0.29586056644880177
0.2926829268292683,0.28824833702882485,0.11751662971175167,0.30155210643015523
0.2918492550394391,0.2900964066608238,0.12138475021910605,0.29666958808063104
0.2925229558373415,0.285089637079143,0.1254919108001749,0.2968954962833406
0.2918133802816901,0.27860915492957744,0.12279929577464789,0.3067781690140845
0.28949691085613416,0.2802294792586055,0.12268314210061783,0.30759046778464255
0.29256489221293447,0.28024637043554773,0.12450505939287286,0.302683677958645
0.28811312417145385,0.2819266460450729,0.12638091029606716,0.3035793194874061
0.29372791519434627,0.2751766784452297,0.12853356890459364,0.3025618374558304
0.3011463844797178,0.26940035273368607,0.12213403880070546,0.3073192239858907
0.2903939796370075,0.2749003984063745,0.12571934484285083,0.30898627711376714
0.2938325991189427,0.2757709251101322,0.12511013215859032,0.3052863436123348
0.2914462081128748,0.2795414462081129,0.12610229276895943,0.3029100529100529
0.29326287978863935,0.2756494936151475,0.1312197269925143,0.2998678996036988
0.28484054172127565,0.2822193097422455,0.13149847094801223,0.30144167758846657
0.2827433628318584,0.2814159292035398,0.13274336283185842,0.3030973451327434
0.2890249234805422,0.27678181023174464,0.135111499781373,0.29908176650634016
0.289612676056338,0.2680457746478873,0.13776408450704225,0.3045774647887324
0.2938325991189427,0.2665198237885463,0.13656387665198239,0.3030837004405286
0.29745166959578206,0.2649384885764499,0.13620386643233742,0.30140597539543057
0.2994722955145119,0.26605101143359716,0.1363236587510994,0.29815303430079154
0.2989736724676484,0.25925925925925924,0.14056224899598393,0.30120481927710846
0.29646017699115046,0.2663716814159292,0.14203539823008848,0.29513274336283185
0.28995130588756085,0.26206285967242143,0.14962372731297033,0.29836210712704736
0.2933920704845815,0.26123348017621145,0.14493392070484581,0.3004405286343612
0.2925531914893617,0.2624113475177305,0.15115248226950354,0.29388297872340424
0.2953846153846154,0.2641758241758242,0.1498901098901099,0.2905494505494505
0.28444444444444444,0.26622222222222225,0.15333333333333332,0.296
0.27841409691629954,0.26519823788546254,0.15286343612334802,0.30352422907488985
0.2789473684210526,0.2574561403508772,0.16228070175438597,0.3013157894736842
0.27672679278486584,0.26132864056313243,0.16410030796304442,0.2978442586889573
0.2759696834596522,0.25947391885867144,0.1587160053499777,0.30584039233169863
0.2798756108396268,0.2598844957796535,0.15992892047978677,0.3003109729009329
0.27972027972027974,0.2618006993006993,0.15034965034965034,0.3081293706293706
0.27232142857142855,0.2674107142857143,0.15357142857142858,0.3066964285714286
0.28021248339973437,0.2625055334218681,0.15582115980522354,0.301460823373174
0.2787028921998247,0.261612620508326,0.15950920245398773,0.30017528483786154
0.2712906057945566,0.257243195785777,0.16549604916593502,0.30597014925373134
0.27140974967061926,0.256477821695213,0.16512955643390426,0.3069828722002635
0.2797385620915033,0.25272331154684097,0.16122004357298475,0.306318082788671
0.2754517408550022,0.254737769942706,0.15954164830321726,0.31026884089907447
0.27437141596823994,0.2602558447287164,0.1583590648434054,0.3070136744596383
0.2809038546743465,0.25963668586619404,0.16171909614532565,0.2977403633141338
0.2769848349687779,0.2671721677074041,0.15655664585191792,0.2992863514719001
0.271015761821366,0.26882661996497376,0.16243432574430824,0.29772329246935203
0.28089395267309375,0.26993865030674846,0.15425065731814197,0.29491673970201576
0.2828014184397163,0.26861702127659576,0.15691489361702127,0.2916666666666667
0.27912087912087913,0.27692307692307694,0.15868131868131868,0.28527472527472525
0.27991266375545854,0.26812227074235806,0.15938864628820962,0.2925764192139738
0.2778021978021978,0.27384615384615385,0.1564835164835165,0.2918681318681319
0.2764835164835165,0.27164835164835166,0.15472527472527473,0.29714285714285715
0.27613586237318044,0.26731363034847816,0.15924128804587562,0.29730921923246584
0.28033658104517273,0.2657218777679362,0.162533215234721,0.2914083259521701
0.28104286345558993,0.26690234202386215,0.16482545293857712,0.28722934158197083
0.27583187390542907,0.2732049036777583,0.16024518388791595,0.29071803852889666
0.2772449869224063,0.2724498692240628,0.15344376634699217,0.2968613775065388
0.2732119058196357,0.2687694358063083,0.15770768547312305,0.3003109729009329
0.2757709251101322,0.27004405286343613,0.1537444933920705,0.3004405286343612
0.2698763250883392,0.2765017667844523,0.15415194346289754,0.299469964664311
0.27088830255057167,0.2774846086191733,0.1517150395778364,0.29991204925241866
0.2664024658740643,0.28357551739321885,0.15367679436371642,0.29634522236900046
0.26963812886142985,0.2797881729920565,0.1531332744924978,0.2974404236540159
0.27415828596414515,0.2794053344993441,0.14691735898557062,0.2995190205509401
0.27232732072151344,0.2828860536735592,0.1438627364716234,0.300923889133304
0.2815533980582524,0.2793468667255075,0.14298323036187113,0.2961165048543689
0.28508578970523535,0.27232732072151344,0.1460624725032996,0.2965244170699516
0.28874172185430463,0.27240618101545255,0.14701986754966886,0.291832229580574
0.2865961199294533,0.2671957671957672,0.14638447971781304,0.2998236331569665
0.2928759894459103,0.26868953386103783,0.1424802110817942,0.2959542656112577
0.29020824102791315,0.2724856003544528,0.14133805937084626,0.2959680992467878
0.2962478184991274,0.2731239092495637,0.1457242582897033,0.2849040139616056
0.29279080053073864,0.2786377708978328,0.14639540026536932,0.28217602830605926
0.29331574318381703,0.27880386983289357,0.1455584872471416,0.28232189973614774
0.28884986830553117,0.28182616330114135,0.14398595258999122,0.2853380158033363
0.2900662251655629,0.2790286975717439,0.14437086092715232,0.2865342163355408
0.29110039456378783,0.28277071459886016,0.14905743095133714,0.2770714598860149
0.29403973509933773,0.2838852097130243,0.1434878587196468,0.2785871964679912
0.2981148619026743,0.2783866725120561,0.13941253836036827,0.28408592722490134
0.3033112582781457,0.2750551876379691,0.13863134657836645,0.28300220750551874
0.3052261747913922,0.279754062362758,0.13877909530083443,0.27624066754501536
0.2955145118733509,0.2884784520668426,0.14160070360598065,0.27440633245382584
0.29863255403617117,0.28407587119541244,0.13939126599029555,0.2779003087781209
0.30556773345024113,0.28189390618149934,0.14204296361245067,0.27049539675580886
0.30725274725274726,0.27824175824175823,0.1397802197802198,0.27472527472527475
0.2998678996036988,0.27917217084984586,0.13870541611624834,0.28225451343020697
0.2955041466608468,0.28415539065910084,0.13924050632911392,0.28109995635093843
0.2996057818659658,0.2759526938239159,0.14060446780551905,0.28383705650459923
0.2981993851559069,0.27931488801054016,0.1383399209486166,0.2841458058849363
0.2968818620992534,0.2779973649538867,0.13438735177865613,0.2907334211682038
