R,A,S,N
0.0,1.0,0.0,0.0
0.0,1.0,0.0,0.0
0.0,1.0,0.0,0.0
0.04,0.96,0.0,0.0
0.022222222222222223,0.9777777777777777,0.0,0.0
0.027777777777777776,0.9722222222222222,0.0,0.0
0.04716981132075472,0.9433962264150944,0.0,0.009433962264150943
0.06451612903225806,0.9096774193548387,0.012903225806451613,0.012903225806451613
0.06572769953051644,0.8873239436619719,0.018779342723004695,0.028169014084507043
0.0896551724137931,0.8448275862068966,0.03103448275862069,0.034482758620689655
0.11168831168831168,0.812987012987013,0.03636363636363636,0.03896103896103896
0.13008130081300814,0.7723577235772358,0.054878048780487805,0.042682926829268296
0.14803149606299212,0.7480314960629921,0.07086614173228346,0.03307086614173228
0.16272965879265092,0.7204724409448819,0.08661417322834646,0.030183727034120734
0.16,0.7177777777777777,0.08888888888888889,0.03333333333333333
0.17652495378927913,0.6931608133086876,0.09519408502772643,0.03512014787430684
0.1886178861788618,0.6666666666666666,0.108130081300813,0.036585365853658534
0.1971223021582734,0.6553956834532374,0.1079136690647482,0.039568345323741004
0.20357370772176134,0.6426292278238672,0.1148691767708998,0.0389278876834716
0.2095292766934558,0.6337543053960965,0.1182548794489093,0.038461538461538464
0.20622986036519872,0.6288936627282492,0.12083780880773362,0.04403866809881848
0.21761133603238866,0.604251012145749,0.125,0.05313765182186235
0.20972354623450906,0.6034318398474738,0.12678741658722592,0.06005719733079123
0.21591948764867339,0.5887465690759378,0.12991765782250686,0.06541628545288197
0.21656050955414013,0.5855323020928116,0.1278434940855323,0.07006369426751592
0.21657754010695188,0.5784313725490197,0.12789661319073084,0.07709447415329768
0.2173719376391982,0.5741648106904231,0.1309576837416481,0.0775055679287305
0.21532364597093792,0.5755173932188463,0.12769704975781593,0.08146191105239982
0.22105723023154217,0.5701179554390564,0.12844036697247707,0.08038444735692442
0.22329670329670329,0.5643956043956044,0.12747252747252746,0.08483516483516483
0.22490135905304692,0.5602805786935554,0.12669881630863655,0.08811924594476107
0.2240174672489083,0.5572052401746724,0.13187772925764193,0.0868995633187773
0.22814025743453173,0.5539280958721704,0.13226808699511763,0.08566355969818021
0.22558037669732808,0.554095488392466,0.13359614542268944,0.08672798948751642
0.22416048844308767,0.5538595726122983,0.13126907980811164,0.0907108591365024
0.22791519434628976,0.5525618374558304,0.12897526501766785,0.09054770318021202
0.22300572939620977,0.5553107095636844,0.12957249889819303,0.09211106214191274
0.22546419098143236,0.5459770114942529,0.134394341290893,0.09416445623342175
0.22637362637362637,0.5468131868131868,0.13230769230769232,0.0945054945054945
0.2247585601404741,0.5500438981562774,0.13125548726953468,0.09394205443371378
0.22913907284768212,0.5474613686534217,0.12891832229580574,0.09448123620309051
0.2273913043478261,0.5491304347826087,0.12869565217391304,0.09478260869565218
0.23323103901797457,0.5418676019289785,0.12626041209995617,0.09864094695309075
0.2358744394618834,0.5385650224215247,0.1273542600896861,0.09820627802690583
0.23022536456031817,0.5413168360583297,0.12726469288555015,0.10119310649580203
0.22922134733158356,0.5363079615048119,0.13342082239720035,0.1010498687664042
0.22975352112676056,0.5365316901408451,0.1329225352112676,0.10079225352112677
0.2309043020193152,0.5298507462686567,0.1369622475856014,0.10228270412642669
0.2300923889133304,0.5274967003959525,0.13858336999560053,0.10382754069511659
0.23210315695864828,0.5242329924410849,0.13606047132058693,0.10760337927967986
0.2255671902268761,0.5244328097731239,0.13961605584642234,0.11038394415357766
0.2264731750219877,0.5197889182058048,0.14291996481970096,0.11081794195250659
0.22865853658536586,0.5165505226480837,0.14285714285714285,0.11193379790940766
0.23822104799647734,0.512549537648613,0.13914575077058564,0.11008366358432409
0.239647577092511,0.5070484581497797,0.14008810572687225,0.113215859030837
0.23719912472647703,0.5059080962800875,0.1387308533916849,0.11816192560175055
0.23583260680034873,0.5034873583260681,0.14123801220575413,0.11944202266782912
0.2359402460456942,0.507908611599297,0.140597539543058,0.11555360281195079
0.23443708609271524,0.4988962472406181,0.14701986754966886,0.1196467991169978
0.23006134969325154,0.4973707274320771,0.1485539000876424,0.12401402278702892
0.23234118169702356,0.4962239004886717,0.14571301643713905,0.1257219013771657
0.23222958057395143,0.4975717439293598,0.14481236203090508,0.12538631346578366
0.23554976097348979,0.4867448935245545,0.146458061712299,0.13124728378965667
0.22424511545293072,0.4880106571936057,0.152753108348135,0.1349911190053286
0.22838137472283815,0.48248337028824834,0.14900221729490024,0.1401330376940133
0.22505494505494505,0.48307692307692307,0.15252747252747254,0.13934065934065934
0.22114108801415303,0.4834144183989385,0.15037593984962405,0.1450685537372844
0.22065313327449249,0.47175639894086496,0.15489849955869373,0.1526919682259488
0.21746880570409982,0.47593582887700536,0.15196078431372548,0.15463458110516934
0.22065313327449249,0.470873786407767,0.16019417475728157,0.14827890556045895
0.21657167908811925,0.4725997369574748,0.1600175361683472,0.15081104778605875
0.21673342234089898,0.46461949265687585,0.1628838451268358,0.1557632398753894
0.22481302243730752,0.45754509458864934,0.15970083589969203,0.15794104707435108
0.23029502421840597,0.456186701893439,0.154557463672391,0.15896081021576397
0.22485726833552921,0.4580588493631972,0.155467720685112,0.16161616161616163
0.2228596646072374,0.4549867608120035,0.15754633715798763,0.1646072374227714
0.22721325774095072,0.4574792847797645,0.15263846489315308,0.1626689925861317
0.2283464566929134,0.4553805774278215,0.15354330708661418,0.16272965879265092
0.22761358623731803,0.4525805028672254,0.1517423908248787,0.16806352007057784
0.23555359505955006,0.4494927216585796,0.1521835024261138,0.1627701808557565
0.2306338028169014,0.4507042253521127,0.1522887323943662,0.16637323943661972
0.2310070671378092,0.4469964664310954,0.15901060070671377,0.16298586572438162
0.22979467016164265,0.4486675404106597,0.15552643075578856,0.16601135867190914
0.22699386503067484,0.4465381244522349,0.15600350569675722,0.17046450482033304
0.22428256070640176,0.44415011037527596,0.1576158940397351,0.1739514348785872
0.22413793103448276,0.44297082228116713,0.15561450044208666,0.17727674624226347
0.22507753655294638,0.435533894550288,0.16526362428001773,0.1741249446167479
0.22774869109947643,0.44022687609075045,0.15968586387434555,0.17233856893542757
0.23208041958041958,0.4353146853146853,0.15821678321678323,0.1743881118881119
0.23113824683820322,0.4334932402965547,0.15787178368948976,0.1774967291757523
0.23380656610470274,0.4334516415261757,0.15882874889086068,0.17391304347826086
0.2396694214876033,0.4314919530230535,0.15919965202261854,0.16963897346672466
0.23985890652557318,0.4228395061728395,0.167989417989418,0.1693121693121693
0.239647577092511,0.42290748898678415,0.1669603524229075,0.17048458149779736
0.23913997367266346,0.4243089074155331,0.16761737604212373,0.1689337428696797
0.23665791776027997,0.4273840769903762,0.16754155730533685,0.168416447944007
0.2427695004382121,0.42024539877300615,0.16608238387379493,0.17090271691498685
0.2311756935270806,0.4227212681638045,0.1712901805372083,0.17481285777190664
0.2254259501965924,0.418523372651813,0.17911751856705985,0.17693315858453473
0.23568575233022637,0.4079005770084332,0.17532179316466934,0.1810918774966711
0.2288623284639221,0.40991589198760514,0.17662682602921648,0.1845949535192563
0.2315882874889086,0.404170363797693,0.1725820763087844,0.19165927240461403
0.2261747913921827,0.40228370663153273,0.17830478700043917,0.1932367149758454
0.23147340889276374,0.3971229293809939,0.17349607672188316,0.1979075850043592
0.22850877192982455,0.39780701754385966,0.175,0.1986842105263158
0.23175021987686895,0.40061565523306947,0.17370272647317503,0.19393139841688653
0.23910171730515192,0.3940995156318802,0.17525319242624396,0.19154557463672392
0.23246581385090428,0.40097044552271727,0.17820908689898543,0.18835465372739302
0.23066725585505965,0.39770216526734425,0.18250110472823686,0.18912947414935927
0.22804718217562253,0.4014853647881171,0.17955439056356487,0.1909130624726955
0.22651448639157157,0.40298507462686567,0.17471466198419666,0.1957857769973661
0.23083661848445028,0.40035041611914146,0.17783618046430136,0.19097678493210687
0.2306338028169014,0.39920774647887325,0.17649647887323944,0.1936619718309859
0.2275740167918692,0.39637649138311976,0.1780821917808219,0.19796730004418914
0.22759226713532513,0.3989455184534271,0.17750439367311072,0.19595782073813708
0.23311258278145697,0.3902869757174393,0.17218543046357615,0.2044150110375276
0.2279541446208113,0.3972663139329806,0.17416225749559083,0.2006172839506173
0.22286220646876384,0.4000886132033673,0.17634027470093044,0.2007089056269384
0.22807017543859648,0.39517543859649124,0.1736842105263158,0.20307017543859648
0.22676745220097821,0.40151178301467316,0.17385504668741664,0.19786571809693196
0.22256637168141594,0.4004424778761062,0.17699115044247787,0.2
0.2269315673289183,0.4052980132450331,0.17130242825607064,0.19646799116997793
0.23404255319148937,0.4002659574468085,0.16843971631205673,0.1972517730496454
0.23202470224966917,0.39964711071901193,0.1689457432730481,0.19938244375827086
0.22989010989010988,0.4,0.16615384615384615,0.20395604395604397
0.22880983750548967,0.3974527887571366,0.16952129995608256,0.20421607378129117
0.22719220549158547,0.4034543844109832,0.16563330380868024,0.20372010628875112
0.23266022827041263,0.3920105355575066,0.16769095697980685,0.20763827919227393
0.22893692104102337,0.388178209086899,0.1689457432730481,0.21393912659902956
0.22857142857142856,0.39472527472527474,0.16791208791208792,0.2087912087912088
0.2290379523389232,0.38879082082965577,0.16946160635481025,0.21270962047661077
0.22648238965670978,0.39054837271511367,0.17387427552385198,0.20909496210432457
0.23090507726269316,0.38763796909492276,0.17748344370860927,0.20397350993377483
0.23002207505518762,0.38719646799116997,0.17571743929359823,0.20706401766004415
0.23658751099384345,0.3808267370272647,0.17810026385224276,0.20448548812664907
0.23416339012669288,0.38444735692442117,0.17911751856705985,0.20227173438182613
0.23215067893123084,0.38896189224704336,0.18134034165571616,0.19754708716600963
0.23289473684210527,0.38859649122807016,0.1793859649122807,0.19912280701754387
0.23273207215134184,0.3849538055433348,0.18389793224813022,0.19841619005719313
0.2336119665640123,0.38319401671799386,0.18125824901011878,0.20193576770787505
0.23824312333629105,0.3815439219165927,0.18145519077196096,0.19875776397515527
0.2344582593250444,0.38010657193605685,0.1882770870337478,0.19715808170515098
0.23826239578762615,0.3742869679684072,0.18385256691531374,0.20359806932865293
0.23821989528795812,0.36910994764397903,0.18368237347294938,0.20898778359511344
0.23809523809523808,0.36596119929453264,0.18253968253968253,0.21340388007054673
0.23642732049036777,0.35901926444833626,0.19001751313485113,0.21453590192644484
0.23721340388007053,0.35802469135802467,0.1900352733686067,0.21472663139329806
0.2432077125328659,0.3531989482909728,0.18624014022787028,0.21735319894829097
0.24418093983311376,0.3544137022397892,0.18357487922705315,0.2178304787000439
0.25033288948069243,0.3457612072791833,0.18153573013759433,0.22237017310252996
0.2518847006651885,0.3436807095343681,0.18314855875831484,0.2212860310421286
0.24605954465849386,0.3423817863397548,0.18345008756567427,0.22810858143607707
0.2482300884955752,0.3415929203539823,0.18495575221238938,0.2252212389380531
0.24648506151142355,0.34182776801405973,0.18585237258347978,0.22583479789103691
0.247001332741004,0.3434029320302088,0.18258551754775657,0.22701021768103066
0.24755989352262645,0.3380656610470275,0.18278615794143743,0.2315882874889086
0.24614027348919276,0.3418614909572122,0.18482576091751213,0.22717247463608292
0.23863636363636365,0.34571678321678323,0.1853146853146853,0.23033216783216784
0.24616732369689007,0.337275514673675,0.18440648269820412,0.23215067893123084
0.244,0.3382222222222222,0.188,0.22977777777777778
0.24424778761061947,0.3415929203539823,0.18584070796460178,0.22831858407079647
0.23748902546093065,0.3546971027216857,0.18217734855136083,0.22563652326602282
0.23581560283687944,0.35150709219858156,0.18218085106382978,0.23049645390070922
0.23989338071968014,0.3456241670368725,0.18169702354509107,0.23278542869835628
0.2419774501300954,0.33868169991326974,0.18690372940156114,0.23243712055507373
0.24017467248908297,0.34541484716157206,0.18296943231441049,0.2314410480349345
0.24337455830388693,0.33568904593639576,0.18330388692579505,0.23763250883392226
0.23826239578762615,0.3378674857393594,0.18560772268538833,0.23826239578762615
0.24295774647887325,0.33274647887323944,0.18838028169014084,0.23591549295774647
0.23820026466696073,0.333480370533745,0.1905602117335686,0.23775915306572562
0.24506795265234546,0.3305567733450241,0.18895221394125383,0.2354230600613766
0.2501095050372317,0.3241349102058695,0.1927288655278143,0.23302671922908455
0.2413793103448276,0.3330423395896988,0.19292885202968135,0.23264949803579224
0.24112231477422183,0.33274879438842614,0.19421306444541866,0.23191582639193337
0.24330259112867808,0.3258673693456302,0.19982433025911286,0.23100570926657882
0.23746116289391922,0.32667554371948515,0.19973368841544606,0.23612960497114957
0.23920704845814977,0.32599118942731276,0.20044052863436124,0.2343612334801762
0.24264049955396966,0.3224799286351472,0.20294380017841213,0.231935771632471
0.24162257495590828,0.32407407407407407,0.2001763668430335,0.23412698412698413
0.24301552106430155,0.3228381374722838,0.19556541019955653,0.2385809312638581
0.23978919631093545,0.3271848924022837,0.1976284584980237,0.23539745278875715
0.238898756660746,0.3268206039076377,0.19404973357015987,0.24023090586145648
0.23498465585269618,0.3296799649276633,0.19245944761069705,0.24287593160894344
0.23998219056099732,0.336153161175423,0.18788958147818344,0.23597506678539626
0.23350694444444445,0.3307291666666667,0.1931423611111111,0.2426215277777778
0.23721340388007053,0.328042328042328,0.19223985890652556,0.24250440917107582
0.24199912319158265,0.32704953967558087,0.1850065760631302,0.24594476106970628
0.2504432624113475,0.3200354609929078,0.18617021276595744,0.24335106382978725
0.252007136485281,0.3193577163247101,0.17975022301516502,0.2488849241748439
0.2540947321823816,0.3235945108455069,0.17352810978308986,0.24878264718902168
0.2531812198332602,0.3216322948661694,0.17683194383501535,0.24835454146555508
0.24324324324324326,0.3260680034873583,0.18047079337401917,0.25021795989537926
0.24515845070422534,0.32702464788732394,0.1800176056338028,0.24779929577464788
0.24482606781153676,0.33113166006164685,0.18361955085865259,0.2404227212681638
0.25357142857142856,0.3196428571428571,0.18303571428571427,0.24375
0.26094648385670055,0.31755860238832373,0.18000884564352057,0.24148606811145512
0.25701754385964914,0.3157894736842105,0.18289473684210528,0.2442982456140351
0.2507685551163812,0.32235397452788755,0.18708827404479578,0.23978919631093545
0.24538258575197888,0.31618293755496923,0.19700967458223395,0.24142480211081793
0.24878907970057243,0.31660061646851606,0.19638925583443417,0.23822104799647734
0.2495590828924162,0.3201058201058201,0.195326278659612,0.23500881834215168
0.24878694309660343,0.3149536832818703,0.19894133215703572,0.2373180414644905
0.2521968365553603,0.3132688927943761,0.19639718804920914,0.23813708260105448
0.2467134092900964,0.3159509202453988,0.19237510955302367,0.24496056091148116
0.25296964364276286,0.31544214694236694,0.18345798504179497,0.24813022437307522
0.25283842794759825,0.3174672489082969,0.17729257641921398,0.25240174672489085
0.2547211242863417,0.3197189284145806,0.17215634606938954,0.2534036012296882
0.2527520915896081,0.3284896521356231,0.17393218846323205,0.24482606781153676
0.24060150375939848,0.3370190181335692,0.17647058823529413,0.24590888987173817
0.23537234042553193,0.337322695035461,0.17863475177304963,0.24867021276595744
0.23801065719360567,0.33481349911190056,0.17761989342806395,0.24955595026642985
0.23998219056099732,0.3321460373998219,0.1772039180765806,0.25066785396260016
0.24266316250547526,0.32063074901445465,0.1800262812089356,0.2566798072711345
0.23070136744596384,0.32774591971768857,0.18173797970886635,0.25981473312748127
0.23805309734513275,0.3292035398230089,0.17920353982300885,0.2535398230088496
0.23056300268096513,0.33020554066130475,0.18007149240393208,0.25915996425379806
0.22621657167908812,0.3314335817623849,0.17755370451556335,0.2647961420429636
0.22403169014084506,0.33186619718309857,0.17517605633802816,0.2689260563380282
0.2279090113735783,0.3324584426946632,0.16754155730533685,0.27209098862642167
0.23198594024604569,0.3334797891036907,0.1665202108963093,0.2680140597539543
0.23416339012669288,0.33377020532983837,0.16382699868938402,0.26823940585408473
0.23036187113857018,0.33142100617828774,0.1703442188879082,0.2678729037952339
0.23401420959147423,0.33259325044404975,0.16785079928952043,0.2655417406749556
0.23161120840630472,0.3345008756567426,0.165061295971979,0.26882661996497376
0.23384615384615384,0.3389010989010989,0.16131868131868132,0.26593406593406593
0.23293703214442976,0.3342140026420079,0.16380449141347425,0.26904447380008806
0.239492119089317,0.3327495621716287,0.1659369527145359,0.2618213660245184
0.2357111209570226,0.3322995126273815,0.16703588834736377,0.26495347806823216
0.237928007023705,0.33187006145741876,0.16374012291483758,0.2664618086040386
0.2385809312638581,0.33170731707317075,0.1605321507760532,0.26917960088691795
0.23285841495992876,0.3250222617987533,0.1682991985752449,0.27382012466607303
0.237017310252996,0.3253439857967155,0.16555703506435862,0.2720816688859299
0.23299692847740236,0.3247038174637999,0.17419921017990347,0.26810004387889425
0.23157435673789795,0.3262102049716529,0.1718273004797209,0.2703881378107283
0.2240245506356861,0.3301183691363437,0.17536168347216133,0.27049539675580886
0.23039859833552342,0.3311432325886991,0.17170389837932545,0.266754270696452
0.23208041958041958,0.3304195804195804,0.17001748251748253,0.2674825174825175
0.22715289982425307,0.3286467486818981,0.17486818980667837,0.2693321616871705
0.22320247022496692,0.33083370092633435,0.17159241288045876,0.27437141596823994
0.21978021978021978,0.3265934065934066,0.17362637362637362,0.28
0.22330527248560036,0.32033673017279574,0.17323881258307489,0.28311918475852904
0.2224659938569548,0.32426502852128125,0.16981132075471697,0.28345765686704694
0.21903922432789774,0.3261348611723226,0.16483032172763332,0.2899955927721463
0.228270412642669,0.32001755926251096,0.16242317822651448,0.28928884986830555
0.233201581027668,0.3188405797101449,0.15942028985507245,0.2885375494071146
0.23255813953488372,0.32207108380868804,0.1601579640193067,0.28521281263712156
0.22474410324877614,0.32888295505117937,0.16377392078326658,0.2825990209167779
0.22484689413823272,0.32852143482064744,0.16185476815398075,0.2847769028871391
0.2209456473707468,0.3300927971718957,0.1590808661069377,0.2898806893504198
0.22407732864674867,0.3260105448154657,0.16036906854130054,0.28954305799648505
0.2236323851203501,0.3291028446389497,0.15973741794310722,0.287527352297593
0.2272930648769575,0.32527964205816556,0.1574944071588367,0.28993288590604027
0.23137598597721298,0.32340052585451357,0.16082383873794917,0.28439964943032425
0.22709338009644892,0.32704953967558087,0.16527838667251205,0.2805786935554581
0.23073555166374782,0.3274956217162872,0.16199649737302976,0.2797723292469352
0.2263986013986014,0.326486013986014,0.16302447552447552,0.2840909090909091
0.22787610619469026,0.3230088495575221,0.16769911504424778,0.2814159292035398
0.22618529795563289,0.3249238799478034,0.16659417137886037,0.2822966507177033
0.2318840579710145,0.3197189284145806,0.1629336846728151,0.2854633289415898
0.22983521248915872,0.3226366001734605,0.16131830008673026,0.2862098872506505
0.21775618374558303,0.32685512367491165,0.16386925795053003,0.2915194346289753
0.2180385288966725,0.329246935201401,0.16243432574430824,0.29028021015761823
0.21647677475898336,0.3343558282208589,0.16345311130587203,0.2857142857142857
0.21721854304635763,0.32891832229580575,0.16556291390728478,0.2883002207505519
0.22183098591549297,0.3204225352112676,0.1619718309859155,0.29577464788732394
0.21685144124168515,0.3237250554323725,0.16363636363636364,0.2957871396895787
0.2152624614027349,0.31980591089545657,0.16497573886193206,0.2999558888398765
0.21425428948526176,0.3167619885613726,0.1592608886933568,0.3097228332600088
0.21996466431095407,0.31095406360424027,0.1598939929328622,0.30918727915194344
0.2171628721541156,0.31742556917688264,0.15893169877408056,0.3064798598949212
0.21434977578475337,0.31524663677130044,0.15784753363228698,0.3125560538116592
0.21181619256017506,0.31947483588621445,0.15185995623632384,0.31684901531728665
0.21894273127753303,0.32202643171806167,0.14801762114537445,0.31101321585903086
0.2236842105263158,0.32894736842105265,0.14517543859649124,0.30219298245614035
0.22358078602620088,0.3331877729257642,0.14759825327510917,0.29563318777292574
0.22701525054466232,0.330718954248366,0.1450980392156863,0.2971677559912854
0.22780935723655443,0.32925229558373414,0.14910362920857018,0.29383471797114125
0.223841059602649,0.3350993377483444,0.1456953642384106,0.295364238410596
0.22624834290764473,0.3323022536456032,0.14847547503314185,0.29297392841361025
0.22679509632224168,0.3279334500875657,0.14842381786339756,0.2968476357267951
0.22684980062029242,0.3198936641559592,0.1484271156402304,0.30482941958351795
0.22256365232660227,0.3182616330114135,0.15320456540825286,0.30597014925373134
0.222663139329806,0.31966490299823636,0.15299823633156967,0.304673721340388
0.21754541426672575,0.32077979618963226,0.15019937970757644,0.3114754098360656
0.2147887323943662,0.3261443661971831,0.1500880281690141,0.3089788732394366
0.21107719145224596,0.3310074138682948,0.1474051460968164,0.3105102485826428
0.21651295564339043,0.32498902064119456,0.15063680281071584,0.30786122090469914
0.21826965305226176,0.3254281949934124,0.1541501976284585,0.3021519543258674
0.2210989010989011,0.3292307692307692,0.15736263736263736,0.2923076923076923
0.2253397632617273,0.3288031565103025,0.15168785620341954,0.29416922402455065
0.22525296964364278,0.3260008798944127,0.1517817861856577,0.29696436427628686
0.22576361221779548,0.32270916334661354,0.15670650730411687,0.2948207171314741
0.23138297872340424,0.31382978723404253,0.15558510638297873,0.2992021276595745
0.23879272081668887,0.3120284065690191,0.15357301375943186,0.2956058588548602
0.23539823008849559,0.3101769911504425,0.15265486725663716,0.3017699115044248
0.2369916921731526,0.31263664188893747,0.1534761696545693,0.2968954962833406
0.2369584438549956,0.3125552608311229,0.15473032714412024,0.2957559681697613
0.2422522915757311,0.3037974683544304,0.15626364033173287,0.29768659973810563
0.2493368700265252,0.2988505747126437,0.15163572060123784,0.3001768346595933
0.24542614904060686,0.29852744310575635,0.1535029004908523,0.30254350736278446
0.24725516029863856,0.2977602108036891,0.1510759771629337,0.3039086517347387
0.24494283201407213,0.3021108179419525,0.15127528583992964,0.3016710642040457
0.24318381706244502,0.3073878627968338,0.1547933157431838,0.29463500439753737
0.23941798941798942,0.30599647266313934,0.15211640211640212,0.30246913580246915
0.23906319045514804,0.3031374281926646,0.15996464869642069,0.29783473265576665
0.23893805309734514,0.3053097345132743,0.16238938053097346,0.29336283185840706
0.2443458980044346,0.29889135254988913,0.164079822616408,0.2926829268292683
0.24325519681556834,0.29765590446705,0.16275984077841663,0.2963290579389651
0.23985890652557318,0.2940917107583774,0.16137566137566137,0.304673721340388
0.24051191526919682,0.29302736098852605,0.16063548102383055,0.3058252427184466
0.2360684510750329,0.2966213251426064,0.153576129881527,0.3137340939008337
0.2376940133037694,0.2975609756097561,0.15077605321507762,0.3139689578713969
0.23906319045514804,0.29253203711886877,0.1528943879805568,0.31551038444542645
0.23915900131406045,0.2952255803766973,0.15286903197547086,0.31274638633377133
0.24607329842931938,0.2879581151832461,0.15488656195462477,0.3110820244328098
0.2417247386759582,0.29006968641114983,0.15505226480836237,0.3131533101045296
0.24966916629907365,0.2867225408028231,0.15483017203352448,0.30877812086457873
0.2440768886902101,0.29280286097451946,0.15645954403218595,0.3066607063030845
0.24747252747252746,0.2927472527472528,0.15472527472527473,0.30505494505494507
0.2457293035479632,0.2974156811213316,0.15768725361366623,0.29916776171703896
0.24515845070422534,0.2988556338028169,0.15404929577464788,0.3019366197183099
0.24453193350831146,0.300087489063867,0.15748031496062992,0.2979002624671916
0.24332603938730854,0.29803063457330414,0.15929978118161925,0.29934354485776804
0.2535087719298246,0.2969298245614035,0.15745614035087718,0.29210526315789476
0.2583074878156845,0.29508196721311475,0.15684536996012405,0.2897651750110766
0.2562858403176004,0.2959858844287605,0.1561535068372298,0.29157476841640934
0.2535026269702277,0.30078809106830123,0.1554290718038529,0.29028021015761823
0.2525164113785558,0.29846827133479215,0.1527352297592998,0.2962800875273523
0.2497793468667255,0.2974404236540159,0.1646072374227714,0.2881729920564872
0.2518813634351483,0.30367419212040725,0.16113324479858343,0.283311199645861
0.25378296584522264,0.2991785559878945,0.16126242974492003,0.2857760484219628
0.25377107364685003,0.29591836734693877,0.1592724046140195,0.29103815439219166
0.25273283777874944,0.29645824223874073,0.15609969392216877,0.29470922606034106
0.24901011878574572,0.300923889133304,0.1517817861856577,0.2982842058952926
0.24911816578483245,0.29717813051146386,0.15079365079365079,0.3029100529100529
0.25297487880123404,0.3014543851917144,0.14543851917144116,0.3001322168356104
0.25643300798580304,0.29946761313220943,0.14463176574977818,0.29946761313220943
0.2608695652173913,0.29869565217391303,0.1443478260869565,0.2960869565217391
0.2581069237510955,0.2988606485539001,0.14680105170902716,0.2962313759859772
0.26322693484914733,0.2929602098819414,0.14910362920857018,0.29470922606034106
0.2642919964819701,0.2928759894459103,0.14599824098504838,0.29683377308707126
0.2722902097902098,0.28846153846153844,0.13898601398601398,0.30026223776223776
0.27296703296703295,0.2865934065934066,0.14241758241758243,0.298021978021978
0.27168141592920353,0.28230088495575223,0.14292035398230088,0.3030973451327434
0.2708240534521158,0.2855233853006682,0.1398663697104677,0.30378619153674835
0.2654945054945055,0.2896703296703297,0.13538461538461538,0.30945054945054945
0.26176858776946765,0.29476462824461064,0.13594368675758908,0.3075230972283326
0.26407682234831953,0.2920122217372326,0.13662156263640332,0.3072893932780445
0.26531511679153813,0.2842661965623623,0.14103129131776113,0.3093873953283385
0.25849139832377593,0.290251433612704,0.13850904278782533,0.31274812527569473
0.25742135578201153,0.2871067789100576,0.14222419140451928,0.3132476739034116
0.25843188786684185,0.28383705650459923,0.1401664476565922,0.31756460797196673
0.25548726953467954,0.2884108867427568,0.13871817383669885,0.3173836698858648
0.25503943908851884,0.2900964066608238,0.1411042944785276,0.3137598597721297
0.25523560209424084,0.287521815008726,0.14441535776614312,0.31282722513089006
0.2518615856329391,0.2864651773981603,0.13710030661410424,0.32457293035479634
0.25477990217874613,0.28457092040907067,0.1351711871943086,0.3254779902178746
0.25650066108417807,0.2847069193477303,0.13265755839576907,0.3261348611723226
0.254737769942706,0.2847069193477303,0.13309828118113706,0.32745702952842665
0.25054466230936817,0.28845315904139435,0.1355119825708061,0.3254901960784314
0.2488986784140969,0.2823788546255507,0.14317180616740088,0.32555066079295153
0.25317564607971965,0.2829610162067455,0.14673674989049496,0.3171265878230399
0.2481335090030742,0.2907334211682038,0.14492753623188406,0.31620553359683795
0.24725516029863856,0.2854633289415898,0.1458058849363197,0.3214756258234519
0.2475685234305924,0.29045092838196285,0.14500442086648982,0.3169761273209549
0.24922532093846836,0.28596724214254093,0.14652501106684374,0.31828242585214694
0.2514310876265962,0.285336856010568,0.1444297666226332,0.3188022897402025
0.25218150087260033,0.2805410122164049,0.14267015706806283,0.32460732984293195
0.25250763192324466,0.2799825556040122,0.14304404709986918,0.32446576537287397
0.2559893522626442,0.2741792369121562,0.14418811002661935,0.3256433007985803
0.25711782742006134,0.27901883486640383,0.14323258869908015,0.32063074901445465
0.25119305856832974,0.27809110629067246,0.14620390455531454,0.3245119305856833
0.24538258575197888,0.28100263852242746,0.14511873350923482,0.32849604221635886
0.24413976116762495,0.27952233524988945,0.1468376824413976,0.329500221141088
0.25,0.2787102473498233,0.14575971731448764,0.325530035335689
0.24889282550930025,0.27989371124889284,0.1483613817537644,0.3228520814880425
0.24823321554770317,0.28224381625441697,0.15106007067137808,0.31846289752650175
0.25065502183406113,0.2838427947598253,0.1462882096069869,0.31921397379912664
0.2552539404553415,0.27714535901926446,0.14886164623467601,0.318739054290718
0.2479230432881504,0.285089637079143,0.14866637516397027,0.3183209444687363
0.24469026548672565,0.2849557522123894,0.1504424778761062,0.3199115044247788
0.24513274336283186,0.28230088495575223,0.14778761061946902,0.3247787610619469
0.2462686567164179,0.28138718173836696,0.15100965759438104,0.32133450395083407
0.24638316527838666,0.27970188513809735,0.14905743095133714,0.3248575186321789
0.250989010989011,0.2821978021978022,0.149010989010989,0.3178021978021978
0.2559366754617414,0.2796833773087071,0.14643799472295516,0.3179419525065963
0.25242290748898677,0.2823788546255507,0.14757709251101322,0.31762114537444935
0.2578366445916115,0.28565121412803535,0.1434878587196468,0.3130242825607064
0.25682819383259914,0.28325991189427313,0.14273127753303966,0.31718061674008813
0.25583443416996915,0.28401585204755614,0.14839277851166888,0.31175693527080584
0.2539404553415061,0.2819614711033275,0.14404553415061297,0.3200525394045534
0.25384277558190604,0.2859025032938076,0.1422924901185771,0.31796223100570925
0.25492772667542707,0.2803328953131844,0.1445466491458607,0.3201927288655278
0.25110717449069975,0.27900797165633306,0.14658990256864482,0.3232949512843224
0.2508710801393728,0.28353658536585363,0.1441637630662021,0.32142857142857145
0.2543046357615894,0.2883002207505519,0.13995584988962473,0.317439293598234
0.25806451612903225,0.2819266460450729,0.1453822359699514,0.31462660185594343
0.2560386473429952,0.2815107597716293,0.1484409310496267,0.3140096618357488
0.25188804975566415,0.28476232785428696,0.14482452243447358,0.3185250999555753
0.2622733303847855,0.27952233524988945,0.14772224679345422,0.31048208757187085
0.2622085349758029,0.278926528816542,0.1539815222173339,0.30488341399032115
0.26499118165784835,0.27645502645502645,0.15211640211640212,0.3064373897707231
0.26445916114790285,0.27461368653421636,0.1532008830022075,0.30772626931567326
0.2624777183600713,0.2731729055258467,0.15106951871657753,0.31327985739750447
0.2618310482087572,0.27156125608137993,0.15479876160990713,0.31180893409995575
0.26616805983282005,0.2692476902771667,0.15574131104267488,0.3088429388473383
0.2635761589403974,0.27196467991169976,0.16070640176600443,0.30375275938189844
0.2639616055846422,0.2709424083769634,0.15532286212914484,0.30977312390924955
0.2677787532923617,0.26733977172958734,0.15978928884986832,0.3050921861281826
0.275740167918692,0.2629253203711887,0.1581970835174547,0.3031374281926646
0.2722902097902098,0.2679195804195804,0.1590909090909091,0.3006993006993007
0.2721658579620644,0.2646669607410675,0.1557123952359947,0.3074547860608734
0.27006651884700666,0.26252771618625276,0.15698447893569845,0.31042128603104213
0.2648482182138143,0.2648482182138143,0.15662120545534536,0.31368235811702594
0.2695729537366548,0.2722419928825623,0.15169039145907473,0.3064946619217082
0.2644082710074791,0.2736471623405191,0.16058073031236253,0.30136383633963926
0.2601410934744268,0.27733686067019403,0.15608465608465608,0.3064373897707231
0.2563764291996482,0.27924362357080035,0.16358839050131926,0.3007915567282322
0.2589991220368745,0.2791922739244952,0.15715539947322213,0.30465320456540823
0.25780553077609275,0.2832292595896521,0.15967885816235505,0.2992863514719001
0.2598844957796535,0.28698356286095067,0.15015548645046645,0.3029764549089294
0.25617283950617287,0.291005291005291,0.14682539682539683,0.30599647266313934
0.254207263064659,0.2896368467670505,0.14924712134632417,0.3069087688219663
0.24681038275406952,0.2938847338319402,0.1535415750109987,0.30576330840299165
0.24736379613356765,0.29042179261862916,0.16124780316344464,0.30096660808435854
0.2434705621956618,0.28906595838866755,0.15891987605135016,0.3085436033643205
0.23946110386788352,0.29030856149500217,0.15862668405041286,0.3116036505867014
0.2514235654840123,0.2833990363556724,0.15462111257117828,0.3105562855891371
0.2565674255691769,0.2819614711033275,0.15499124343257442,0.3064798598949212
0.2588183421516755,0.2795414462081129,0.15255731922398588,0.3090828924162258
0.25793650793650796,0.27998236331569665,0.15211640211640212,0.3099647266313933
0.2589676290463692,0.28127734033245844,0.15310586176727908,0.30664916885389326
0.2614980289093298,0.2812089356110381,0.15155497152869032,0.3057380639509417
0.26999558108705257,0.27971718957136543,0.1506849315068493,0.29960229783473263
0.2676991150442478,0.2814159292035398,0.14292035398230088,0.30796460176991153
0.26640070921985815,0.27925531914893614,0.149822695035461,0.3045212765957447
0.2584024443474465,0.28153644696639024,0.15408118725447403,0.30597992143168923
0.2575221238938053,0.2778761061946903,0.15486725663716813,0.30973451327433627
0.25925925925925924,0.27821869488536155,0.15432098765432098,0.3082010582010582
0.26479750778816197,0.27859368046283933,0.159768580329328,0.2968402314196707
0.2731707317073171,0.26917960088691795,0.1623059866962306,0.2953436807095344
0.27432848965213563,0.2655217965653897,0.16512549537648613,0.2950242184059885
0.27344782034346105,0.25803610744165567,0.17040951122853368,0.29810656098634963
0.2735723771580345,0.26604692341744135,0.16954404603806994,0.2908366533864542
0.26522506619594,0.2674315975286849,0.17917034421888792,0.2881729920564872
0.26818580192813324,0.26643295354951796,0.1757230499561788,0.28965819456617004
0.2711189739053516,0.26138876603272887,0.17558602388323752,0.291906236178682
0.2690798081116441,0.2660270388137811,0.16964675098124726,0.29524640209332753
0.2657218777679362,0.2679362267493357,0.17316209034543845,0.29317980513728964
0.2668416447944007,0.2646544181977253,0.1762904636920385,0.2922134733158355
0.2677165354330709,0.2672790901137358,0.17672790901137359,0.2882764654418198
0.27016306743058616,0.2670780079330101,0.17276333186425738,0.2899955927721463
0.2664024658740643,0.2712461470717745,0.1686481726111845,0.29370321444297665
0.27056753189617244,0.2683677958644963,0.16630004399472062,0.29476462824461064
0.26992514310876264,0.27432848965213563,0.16468516072214884,0.2910612065169529
0.273576512455516,0.2762455516014235,0.15880782918149466,0.29137010676156583
0.2701174423662462,0.2766420182688125,0.16180948238364506,0.29143105698129623
0.2696728558797524,0.27718832891246686,0.16489832007073385,0.28824049513704686
0.26578366445916113,0.2781456953642384,0.16423841059602648,0.291832229580574
0.26843267108167773,0.27240618101545255,0.16247240618101547,0.29668874172185433
0.2694185530403906,0.2756324900133156,0.15623612960497116,0.2987128273413227
0.26973684210526316,0.27456140350877195,0.1513157894736842,0.3043859649122807
0.27312775330396477,0.27180616740088104,0.1511013215859031,0.3039647577092511
0.27348551360842843,0.266900790166813,0.15013169446883232,0.3094820017559263
0.27356422621657167,0.2639193336256028,0.15387987724682156,0.30863656291100394
0.2636881296539641,0.26763031099430573,0.16031537450722733,0.30836618484450284
0.27023440955329503,0.26625386996904027,0.16054842989827509,0.30296329057938964
0.2692982456140351,0.2644736842105263,0.15921052631578947,0.30701754385964913
0.2722902097902098,0.26223776223776224,0.15996503496503497,0.305506993006993
0.27059344552701503,0.2595217006200177,0.16031886625332153,0.3095659875996457
0.2680457746478873,0.2605633802816901,0.15845070422535212,0.31294014084507044
0.2616740088105727,0.2599118942731278,0.160352422907489,0.3180616740088106
0.2601054481546573,0.2631810193321617,0.1616871704745167,0.3150263620386643
0.2612533097969991,0.2616946160635481,0.16593115622241836,0.31112091791703445
0.26223776223776224,0.2548076923076923,0.16477272727272727,0.3181818181818182
0.2620415377817057,0.2554131683605833,0.1657092355280601,0.3168360583296509
0.26704545454545453,0.2561188811188811,0.16302447552447552,0.3138111888111888
0.26982720425343376,0.25476295968099244,0.16216216216216217,0.3132476739034116
0.27256715103478646,0.25935711140466755,0.16072214883311317,0.30735358872743285
0.276707530647986,0.2583187390542907,0.1554290718038529,0.3095446584938704
0.2780960775672102,0.25870427501101806,0.15601586602027326,0.30718378140149843
0.27481577806675334,0.2531426094495015,0.15951452102297356,0.31252709146077157
0.27639071397284276,0.24967148488830487,0.15856329391151994,0.31537450722733246
0.26810004387889425,0.2540587977182975,0.15884159719175076,0.3189995612110575
0.26928162185985016,0.25385632437197003,0.15910092551784927,0.31776112825033054
0.2663448881088197,0.25888547608600265,0.15664765247915752,0.3181219833260202
0.2723701440419031,0.2636403317328677,0.1532082060235705,0.31078131820165866
0.26783369803063456,0.2590809628008753,0.15973741794310722,0.3133479212253829
0.26625927542557837,0.2562199912701877,0.16455696202531644,0.3129637712789175
0.2650709219858156,0.2522163120567376,0.17154255319148937,0.31117021276595747
0.26077298978231894,0.2514438027543314,0.16659262549977788,0.32119058196357175
0.26403508771929823,0.2578947368421053,0.16447368421052633,0.31359649122807015
0.263668430335097,0.25044091710758376,0.167989417989418,0.31790123456790126
0.26297273526824977,0.2515391380826737,0.1662269129287599,0.31926121372031663
0.2604671661524901,0.24283825473776993,0.17320405464962538,0.3234905244601146
0.2672566371681416,0.2331858407079646,0.1752212389380531,0.32433628318584073
0.2730102267674522,0.23699421965317918,0.17252112049799911,0.3174744330813695
0.27240926978574553,0.23830345430695235,0.16878006121556624,0.3205072146917359
0.2744924977934687,0.23609885260370697,0.17387466902030008,0.3155339805825243
0.27882507672073653,0.23191582639193337,0.17492327926348092,0.3143358176238492
0.27851458885941643,0.23253757736516356,0.17727674624226347,0.3116710875331565
0.2864035087719298,0.22894736842105262,0.16578947368421051,0.318859649122807
0.286660777385159,0.22040636042402828,0.16342756183745583,0.3295053003533569
0.28856382978723405,0.22783687943262412,0.16356382978723405,0.3200354609929078
0.28533916849015317,0.23676148796498905,0.16105032822757112,0.31684901531728665
0.28104575163398693,0.23137254901960785,0.16209150326797386,0.3254901960784314
0.2832014072119613,0.2247141600703606,0.16578715919085313,0.32629727352682497
0.27716673999120106,0.22481302243730752,0.17157941047074352,0.3264408271007479
0.26855123674911663,0.22879858657243815,0.17623674911660778,0.32641342756183744
0.2770448548812665,0.22823218997361477,0.17194371152154794,0.3227792436235708
0.27639751552795033,0.22892635314995563,0.1730257320319432,0.3216503992901508
0.2832014072119613,0.22999120492524186,0.1662269129287599,0.32058047493403696
0.2832014072119613,0.23175021987686895,0.1644678979771328,0.32058047493403696
0.2884359769605671,0.22330527248560036,0.16127603012848915,0.3269827204253434
0.28960070206230804,0.22904782799473453,0.15971917507678807,0.3216322948661694
0.2908208296557811,0.23168578993821712,0.15842894969108562,0.31906443071491614
0.2898936170212766,0.23093971631205673,0.1595744680851064,0.3195921985815603
