R,A,S,N
0.0,0.0,0.0,1.0
0.0,0.5,0.0,0.5
0.0,0.5,0.0,0.5
0.0,0.3333333333333333,0.3333333333333333,0.3333333333333333
0.0,0.25,0.5,0.25
0.0,0.2,0.6,0.2
0.0,0.16666666666666666,0.6666666666666666,0.16666666666666666
0.0,0.3333333333333333,0.5,0.16666666666666666
0.0,0.3333333333333333,0.5,0.16666666666666666
0.0,0.6,0.2,0.2
0.0,0.5,0.3333333333333333,0.16666666666666666
0.0,0.42857142857142855,0.42857142857142855,0.14285714285714285
0.0,0.3333333333333333,0.5,0.16666666666666666
0.0,0.16666666666666666,0.5,0.3333333333333333
0.0,0.3333333333333333,0.3333333333333333,0.3333333333333333
0.0,0.5,0.16666666666666666,0.3333333333333333
0.0,0.5,0.16666666666666666,0.3333333333333333
0.0,0.42857142857142855,0.14285714285714285,0.42857142857142855
0.0,0.5714285714285714,0.2857142857142857,0.14285714285714285
0.0,0.42857142857142855,0.42857142857142855,0.14285714285714285
0.0,0.3333333333333333,0.5,0.16666666666666666
0.0,0.2857142857142857,0.42857142857142855,0.2857142857142857
0.0,0.375,0.375,0.25
0.0,0.3,0.3,0.4
0.0,0.3076923076923077,0.23076923076923078,0.46153846153846156
0.0,0.35714285714285715,0.14285714285714285,0.5
0.07142857142857142,0.42857142857142855,0.14285714285714285,0.35714285714285715
0.125,0.3125,0.125,0.4375
0.1111111111111111,0.2222222222222222,0.1111111111111111,0.5555555555555556
0.09523809523809523,0.19047619047619047,0.047619047619047616,0.6666666666666666
0.09090909090909091,0.22727272727272727,0.045454545454545456,0.6363636363636364
0.09090909090909091,0.22727272727272727,0.045454545454545456,0.6363636363636364
0.0,0.23809523809523808,0.0,0.7619047619047619
0.0,0.15384615384615385,0.0,0.8461538461538461
0.0,0.13333333333333333,0.03333333333333333,0.8333333333333334
0.0,0.18181818181818182,0.030303030303030304,0.7878787878787878
0.0,0.16216216216216217,0.02702702702702703,0.8108108108108109
0.023809523809523808,0.11904761904761904,0.023809523809523808,0.8333333333333334
0.022727272727272728,0.06818181818181818,0.022727272727272728,0.8863636363636364
0.0,0.058823529411764705,0.0196078431372549,0.9215686274509803
0.0,0.04918032786885246,0.01639344262295082,0.9344262295081968
0.0,0.046875,0.015625,0.9375
0.0,0.05128205128205128,0.0,0.9487179487179487
0.0,0.043010752688172046,0.0,0.956989247311828
0.009708737864077669,0.02912621359223301,0.0,0.9611650485436893
0.00847457627118644,0.025423728813559324,0.0,0.9661016949152542
0.015151515151515152,0.022727272727272728,0.0,0.9621212121212122
0.0196078431372549,0.0196078431372549,0.006535947712418301,0.954248366013072
0.01764705882352941,0.023529411764705882,0.011764705882352941,0.9470588235294117
0.016483516483516484,0.03296703296703297,0.005494505494505495,0.945054945054945
0.02040816326530612,0.02040816326530612,0.01020408163265306,0.9489795918367347
0.019138755980861243,0.023923444976076555,0.009569377990430622,0.9473684210526315
0.013043478260869565,0.021739130434782608,0.013043478260869565,0.9521739130434783
0.012396694214876033,0.024793388429752067,0.01652892561983471,0.9462809917355371
0.011363636363636364,0.022727272727272728,0.01893939393939394,0.946969696969697
0.0071174377224199285,0.021352313167259787,0.021352313167259787,0.9501779359430605
0.006825938566552901,0.034129692832764506,0.027303754266211604,0.931740614334471
0.006309148264984227,0.025236593059936908,0.015772870662460567,0.9526813880126183
0.0058309037900874635,0.023323615160349854,0.023323615160349854,0.9475218658892128
0.005194805194805195,0.01818181818181818,0.01818181818181818,0.9584415584415584
0.004866180048661801,0.019464720194647202,0.0170316301703163,0.9586374695863747
0.006711409395973154,0.026845637583892617,0.024608501118568233,0.941834451901566
0.011061946902654867,0.02654867256637168,0.01991150442477876,0.9424778761061947
0.010141987829614604,0.032454361054766734,0.016227180527383367,0.9411764705882353
0.013207547169811321,0.03207547169811321,0.01509433962264151,0.939622641509434
0.018083182640144666,0.0325497287522604,0.0162748643761302,0.9330922242314648
0.021487603305785124,0.02975206611570248,0.01652892561983471,0.9322314049586777
0.017741935483870968,0.03064516129032258,0.016129032258064516,0.9354838709677419
0.021439509954058193,0.030627871362940276,0.018376722817764167,0.9295558958652373
0.02074074074074074,0.03111111111111111,0.01925925925925926,0.9288888888888889
0.02077562326869806,0.02631578947368421,0.01662049861495845,0.9362880886426593
0.020330368487928845,0.02795425667090216,0.01397712833545108,0.9377382465057179
0.023923444976076555,0.03110047846889952,0.01076555023923445,0.9342105263157895
0.029714285714285714,0.032,0.009142857142857144,0.9291428571428572
0.03314917127071823,0.02983425414364641,0.009944751381215469,0.9270718232044199
0.03391572456320658,0.02877697841726619,0.010277492291880781,0.9270298047276464
0.03876739562624255,0.030815109343936383,0.012922465208747515,0.9174950298210736
0.046009389671361506,0.02629107981220657,0.014084507042253521,0.9136150234741784
0.055013309671694766,0.027506654835847383,0.015971606033717833,0.90150842945874
0.0657672849915683,0.024451939291736932,0.016863406408094434,0.8929173693086003
0.07888249794576828,0.023007395234182416,0.018898931799506986,0.8792111750205424
0.07776904948939513,0.02356637863315004,0.019638648860958365,0.8790259230164965
0.08597285067873303,0.021870286576168928,0.0196078431372549,0.8725490196078431
0.08714596949891068,0.023238925199709513,0.015250544662309368,0.8743645606390704
0.09517144856543037,0.02309307207837649,0.01609517144856543,0.8656403079076277
0.09939556749496306,0.0241773002014775,0.014775016789791807,0.8616521155137676
0.1056338028169014,0.026248399487836107,0.016005121638924456,0.852112676056338
0.11916461916461916,0.025798525798525797,0.01597051597051597,0.8390663390663391
0.12388326384752829,0.0273972602739726,0.017272185824895772,0.8314472900536033
0.13505747126436782,0.027586206896551724,0.017816091954022988,0.8195402298850575
0.13800779076238176,0.028937117417918753,0.017807456872565387,0.8152476349471341
0.1426256077795786,0.029173419773095625,0.019448946515397084,0.8087520259319287
0.15041928721174005,0.031446540880503145,0.020964360587002098,0.7971698113207547
0.1567732115677321,0.0334855403348554,0.023338406900050734,0.7864028411973617
0.16164658634538154,0.03162650602409638,0.024096385542168676,0.7826305220883534
0.17160913952357804,0.030627126883811376,0.021876519202722412,0.7758872143898882
0.17770366841353025,0.03334921391138637,0.023344449737970462,0.765602667937113
0.189873417721519,0.031411157993436474,0.02297233942803563,0.7557430848570089
0.1877890841813136,0.032377428307123035,0.02358926919518964,0.7562442183163737
0.19433013260173754,0.03200731595793324,0.024691358024691357,0.7489711934156379
0.20054694621695535,0.032816773017319965,0.02552415679124886,0.7411121239744758
0.20759030635573844,0.03200731595793324,0.02240512117055327,0.7379972565157751
0.20805065581184984,0.03346901854364541,0.02397105382180009,0.7345092718227046
0.20979335130278526,0.031446540880503145,0.024707996406109614,0.734052111410602
0.21591417076441663,0.029503799731783638,0.024586499776486366,0.7299955297273134
0.21359223300970873,0.029567519858781994,0.02471315092674316,0.7321270962047661
0.21673342234089898,0.03115264797507788,0.0258121940364931,0.7263017356475301
0.21863799283154123,0.03270609318996416,0.025985663082437275,0.7226702508960573
0.2204515272244356,0.03275785745905268,0.025232403718459494,0.7215582115980522
0.22555066079295155,0.032158590308370046,0.02290748898678414,0.7193832599118942
0.22296994167788245,0.03140421713772992,0.02512337371018394,0.7205024674742037
0.23169642857142858,0.03616071428571429,0.021875,0.7102678571428571
0.22670250896057348,0.03539426523297491,0.023297491039426525,0.714605734767025
0.22755834829443447,0.036355475763016155,0.02378815080789946,0.7122980251346499
0.22707034728406056,0.03695458593054319,0.02226179875333927,0.713713268032057
0.23620309050772628,0.03399558498896247,0.022958057395143488,0.7068432671081678
0.24290220820189273,0.03605227579990987,0.023884632717440287,0.6971608832807571
0.24367088607594936,0.03209764918625678,0.024412296564195298,0.6998191681735986
0.2363554352728913,0.035182679296346414,0.02571041948579161,0.7027514659449707
0.23875278396436525,0.03429844097995546,0.023608017817371936,0.7033407572383074
0.24254561637739208,0.03426791277258567,0.022251891410769914,0.7009345794392523
0.23745519713261648,0.036290322580645164,0.027329749103942653,0.6989247311827957
0.24711623779946762,0.03593611357586513,0.029281277728482696,0.6876663708961845
0.2482174688057041,0.03832442067736185,0.02807486631016043,0.6853832442067737
0.24261138067931187,0.037935597706219674,0.027790030877812087,0.6916629907366564
0.24442462087421946,0.04103479036574487,0.028545941123996433,0.6859946476360392
0.24933095450490633,0.04014272970561998,0.028099910793933987,0.6824264049955397
0.25398230088495577,0.03849557522123894,0.02654867256637168,0.6809734513274336
0.25881302989736726,0.037037037037037035,0.026327532351628737,0.6778224007139669
0.25828111011638316,0.03760071620411817,0.023276633840644583,0.6808415398388541
0.26174496644295303,0.043400447427293064,0.02371364653243848,0.6711409395973155
0.2708427219468229,0.044614691302388466,0.02298332582244254,0.661559260928346
0.26269315673289184,0.04415011037527594,0.024282560706401765,0.6688741721854304
0.2655417406749556,0.04262877442273535,0.024422735346358793,0.6674067495559503
0.2726461401160196,0.04239178937974119,0.024096385542168676,0.6608656849620705
0.2728921124206709,0.04079782411604715,0.02402538531278332,0.6622846781504986
0.2774252039891206,0.04306436990027199,0.023118766999093383,0.6563916591115141
0.2771787960467206,0.04716981132075472,0.025606469002695417,0.6500449236298292
0.28297682709447414,0.045454545454545456,0.027183600713012478,0.6443850267379679
0.2825990209167779,0.04450378282153983,0.025367156208277702,0.6475300400534045
0.2786958463599821,0.04242965609647164,0.025011165698972757,0.6538633318445735
0.28457092040907067,0.03912850155624722,0.024455313472654512,0.6518452645620275
0.2815405046480744,0.041168658698539175,0.027445772465692783,0.6498450641876937
0.2878390201224847,0.04199475065616798,0.02537182852143482,0.6447944006999126
0.29039497307001794,0.049820466786355475,0.024685816876122084,0.6350987432675045
0.29525089605734767,0.0492831541218638,0.025089605734767026,0.6303763440860215
0.29535299374441465,0.05227882037533512,0.023681858802502235,0.628686327077748
0.29827742520398914,0.053037171350861285,0.02130553037171351,0.6273798730734361
0.30334538878842676,0.05379746835443038,0.0216998191681736,0.6211573236889693
0.3041120650700407,0.058291911432444644,0.019882512426570267,0.6177135110709444
0.3028137561411344,0.058061634658329614,0.02009825815096025,0.6190263510495757
0.296114336757481,0.056721750781598926,0.02009825815096025,0.6270656543099598
0.29332736229287953,0.05687416032243618,0.02239140170174653,0.6274070756829377
0.2907801418439716,0.05806737588652482,0.019060283687943262,0.6320921985815603
0.29069767441860467,0.055008944543828264,0.02101967799642218,0.6332737030411449
0.2961469534050179,0.05421146953405018,0.021057347670250897,0.628584229390681
0.29239766081871343,0.0553306342780027,0.01979307242465137,0.6324786324786325
0.2967425256581883,0.05220883534136546,0.019187862561356538,0.6318607764390897
0.30018001800180016,0.04815481548154815,0.018901890189018902,0.6327632763276327
0.30566711289602855,0.049531459170013385,0.0214190093708166,0.6233824185631415
0.3108108108108108,0.05315315315315315,0.02072072072072072,0.6153153153153154
0.31701841041760215,0.05208801077682981,0.02155365963179165,0.6093399191737764
0.32402482269503546,0.050975177304964536,0.02171985815602837,0.6032801418439716
0.328278322925959,0.04906333630686887,0.02096342551293488,0.6016949152542372
0.32663989290495316,0.050870147255689425,0.020972780008924587,0.6015171798304328
0.3244087460954931,0.049085229808121376,0.02320392681838465,0.6033020972780009
0.32708612226684514,0.051316376617581434,0.024542614904060688,0.5970548862115127
0.32963127498889383,0.05286539315859618,0.023545091070635273,0.5939582407818748
0.32754010695187163,0.05258467023172905,0.024509803921568627,0.5953654188948306
0.33497096918267083,0.054041983028137563,0.023671281822242072,0.5873157659669496
0.33883192153366026,0.051270619705751225,0.021845742309407043,0.5880517164511815
0.3497536945812808,0.054187192118226604,0.0219435736677116,0.5741155396327811
0.34183445190156597,0.052796420581655484,0.02237136465324385,0.5829977628635347
0.34481216457960645,0.05232558139534884,0.022361359570661897,0.5805008944543828
0.35432372505543236,0.049223946784922396,0.023059866962305987,0.5733924611973392
0.35647111509180474,0.04657411553963278,0.020600089565606806,0.5763546798029556
0.36551414458913334,0.0449034575662326,0.02020655590480467,0.5693758419398294
0.37131367292225204,0.044682752457551385,0.019213583556747096,0.5647899910634495
0.36860827034237437,0.04668741662961316,0.020453534904401955,0.5642507781236105
0.37622439893143367,0.04719501335707925,0.017809439002671415,0.5587711487088157
0.3753339269813001,0.047640249332146035,0.0182546749777382,0.5587711487088157
0.3736654804270463,0.050711743772241996,0.019572953736654804,0.556049822064057
0.3726372637263726,0.052655265526552655,0.018901890189018902,0.5558055805580558
0.375222816399287,0.05169340463458111,0.018270944741532978,0.5548128342245989
0.37763807813201616,0.05029187247418051,0.01661427929950606,0.5554557700942973
0.3784505788067676,0.05253784505788068,0.01647373107747106,0.5525378450578807
0.38309114927344784,0.05151915455746367,0.01673271686481726,0.5486569793042713
0.3906458797327394,0.051670378619153676,0.01737193763919822,0.5403118040089087
0.39244444444444443,0.05422222222222222,0.016,0.5373333333333333
0.3994673768308921,0.05415002219263205,0.016422547714158898,0.5299600532623169
0.4003606853020739,0.05545536519386835,0.01848512173128945,0.5256988277727682
0.40098787606645714,0.05478221823080377,0.021104625056129322,0.5231252806466098
0.40439856373429084,0.05296229802513465,0.020197486535008975,0.5224416517055656
0.40840035746201964,0.05093833780160858,0.019213583556747096,0.5214477211796247
0.4157754010695187,0.0481283422459893,0.020499108734402853,0.5155971479500892
0.415128320576317,0.048626744709590275,0.01981089599279604,0.5164340387212967
0.4151447661469933,0.05077951002227171,0.02093541202672606,0.5131403118040089
0.4224215246636771,0.05336322869955157,0.02197309417040359,0.5022421524663677
0.4297153024911032,0.05249110320284697,0.023131672597864767,0.49466192170818507
0.4300979519145147,0.052983081032947466,0.0213713268032057,0.4955476402493321
0.4403751674854846,0.05046895935685574,0.02054488610987048,0.4886109870477892
0.4458204334365325,0.04997788589119859,0.01813356921716055,0.48606811145510836
0.44638851502916105,0.04800358905338717,0.018842530282637954,0.4867653656348138
0.45409317051108095,0.04839439167797377,0.021709633649932156,0.4758028041610131
0.4579018460153084,0.05042773525438991,0.023863124718595228,0.46780729401170645
0.46119536128456734,0.052185548617305975,0.02408563782337199,0.4625334522747547
0.46253925527142215,0.05293853746074473,0.02332884701659937,0.46119336025123375
0.46297948260481714,0.05307760927743087,0.021855486173059768,0.4620874219446922
0.4700045105999098,0.04961659900766802,0.02210193955796121,0.45827695083446096
0.4654255319148936,0.04964539007092199,0.020390070921985817,0.4645390070921986
0.4682080924855491,0.050689195197865716,0.02267674522009782,0.4584259670964873
0.4764679515912147,0.04840878529807261,0.020170327207530255,0.4549529359031824
0.4785522788203753,0.04870420017873101,0.01966041108132261,0.45308310991957107
0.4829749103942652,0.04883512544802868,0.02060931899641577,0.4475806451612903
0.49223257878384374,0.04837993786063027,0.019973368841544607,0.4394141145139814
0.4993282579489476,0.04567845947156292,0.019256605463502014,0.43573667711598746
0.503125,0.04732142857142857,0.017857142857142856,0.4316964285714286
0.508028545941124,0.04727921498661909,0.0191793041926851,0.4255129348795718
0.5051454138702461,0.04742729306487696,0.01879194630872483,0.4286353467561521
0.5097001763668431,0.046296296296296294,0.02072310405643739,0.42328042328042326
0.5033229951262738,0.04873726185201595,0.0203810367744794,0.42755870624723086
0.5069165551093262,0.04730031236055333,0.020080321285140562,0.42570281124497994
0.5105523125280647,0.04535249214189493,0.020655590480466997,0.42343960484957344
0.5158552925413131,0.04421616793211255,0.02054488610987048,0.41938365341670386
0.5224344735673034,0.04486894713460684,0.02087960906263883,0.4118169702354509
0.5276902296262944,0.045024763619991,0.021161638901395767,0.4061233678523188
0.5308586762075134,0.04427549194991055,0.02146690518783542,0.4033989266547406
0.5268817204301075,0.044802867383512544,0.021953405017921146,0.40636200716845877
0.541123595505618,0.04404494382022472,0.02247191011235955,0.3923595505617978
0.5457001350742908,0.044574515983791085,0.021161638901395767,0.3885637100405223
0.5486883059137394,0.04668741662961316,0.0213428190306803,0.3832814584259671
0.5485739750445633,0.04634581105169341,0.021836007130124777,0.38324420677361853
0.5578383206788745,0.04376953997320232,0.021438142027690933,0.37695399732023227
0.5640681003584229,0.04256272401433692,0.024193548387096774,0.36917562724014336
0.5570530098831986,0.043575920934411504,0.0220125786163522,0.37735849056603776
0.5670103092783505,0.04392649036306589,0.020170327207530255,0.36889287315105335
0.5653536257833482,0.044315129811996416,0.021038495971351837,0.3692927484333035
0.5661304736371761,0.04244861483467382,0.022788203753351208,0.36863270777479895
0.5759209344115005,0.0440251572327044,0.022461814914645103,0.35759209344115006
0.5779279279279279,0.04279279279279279,0.022072072072072072,0.3572072072072072
0.5772140631953716,0.040943480195816645,0.022251891410769914,0.35959056519804183
0.584043030031376,0.039444195428059166,0.021515015688032272,0.3549977588525325
0.5828111011638317,0.03715308863025962,0.022381378692927483,0.3576544315129812
0.5837405597512216,0.040870724122612175,0.020435362061306087,0.35495335406486006
0.5916183682567989,0.038341506910387874,0.018724921979491754,0.35131520285332146
0.5920994229915668,0.03905903240124279,0.01908566355969818,0.3497558810474922
0.5964523281596452,0.04124168514412417,0.021286031042128603,0.341019955654102
0.5983971504897596,0.040516473731077474,0.021816562778272486,0.3392698130008905
0.5971542907959093,0.0377945753668297,0.021787461093819474,0.34326367274344155
0.6040178571428572,0.039285714285714285,0.021875,0.33482142857142855
0.6095493083444891,0.03792949576082106,0.0214190093708166,0.33110218652387324
0.6132671480144405,0.03790613718411552,0.021209386281588447,0.3276173285198556
0.6241729157476842,0.03705337450374945,0.021614468460520512,0.3171592412880459
0.6252781486426346,0.035603026257231864,0.022696929238985315,0.3164218958611482
0.62751228226887,0.03841000446627959,0.02188476998660116,0.3121929432782492
0.6332442067736186,0.0374331550802139,0.02094474153297683,0.3083778966131907
0.6480912681000439,0.03554190434401053,0.022378236068451074,0.2939885914874945
0.6474014336917563,0.036738351254480286,0.0228494623655914,0.29301075268817206
0.6477931341952742,0.034774855104770394,0.025858225590726706,0.2915737851092287
0.6481810115350488,0.032830523513753325,0.027950310559006212,0.29103815439219166
0.6520584329349269,0.03142983621071271,0.02656042496679947,0.28995130588756085
0.656770130454341,0.030589293747188485,0.026090868196131354,0.28654970760233917
0.6578829834747655,0.029477445288075034,0.029030817329164807,0.2836087539079946
0.6632516703786192,0.030289532293986638,0.028507795100222718,0.2779510022271715
0.6690582959641256,0.028251121076233184,0.028699551569506727,0.27399103139013453
0.6648793565683646,0.028596961572832886,0.025915996425379804,0.2806076854334227
0.6712572190137717,0.02798756108396268,0.02798756108396268,0.27276765881830295
0.6808225301743407,0.029950827000447027,0.025033527045149755,0.2641931157800626
0.6834532374100719,0.027428057553956834,0.026079136690647483,0.2630395683453237
0.6923419412288513,0.024933214603739984,0.024933214603739984,0.25779162956366874
0.6905291240551357,0.026233881725211204,0.024899955535793685,0.2583370386838595
0.6901785714285714,0.026785714285714284,0.025,0.2580357142857143
0.694059848146494,0.026797677534613668,0.025457793657882984,0.25368468066100935
0.6967396158999554,0.026797677534613668,0.0241179097811523,0.2523447967842787
0.6917293233082706,0.025210084033613446,0.026536930561698365,0.2565236620964175
0.6956713780918727,0.02561837455830389,0.026060070671378093,0.25265017667844525
0.6930337078651685,0.024719101123595506,0.025617977528089888,0.25662921348314605
0.6981556455240666,0.023391812865497075,0.027440395861448492,0.25101214574898784
0.6942703670546105,0.022381378692927483,0.02999104744852283,0.25335720680393914
0.7028596961572833,0.02323503127792672,0.028150134048257374,0.2457551385165326
0.7066079295154185,0.024669603524229075,0.02643171806167401,0.2422907488986784
0.7154326494201606,0.02408563782337199,0.027207850133809098,0.23327386262265834
0.7216084843128591,0.022978347326557666,0.02695536897923111,0.2284577993813522
0.7245349867139061,0.021257750221434897,0.025243578387953942,0.22896368467670505
0.7246376811594203,0.021080368906455864,0.028107158541941152,0.2261747913921827
0.7217507815989281,0.022778025904421618,0.030370701205895488,0.2251004912907548
0.7191811303960837,0.022251891410769914,0.03115264797507788,0.22741433021806853
0.7228212039532794,0.02336028751123091,0.032794249775381853,0.2210242587601078
0.7220461747397012,0.023540063377093707,0.030330466274332276,0.2240832956088728
0.7260519247985676,0.023724261414503133,0.03133393017009848,0.2188898836168308
0.7261852015950376,0.023925564909171467,0.03234381922906513,0.21754541426672575
0.7311299687360429,0.023671281822242072,0.030370701205895488,0.21482804823581955
0.7361607142857143,0.023214285714285715,0.028125,0.2125
0.7310126582278481,0.024864376130198915,0.03074141048824593,0.21338155515370705
0.7379464285714286,0.025892857142857145,0.03125,0.20491071428571428
0.7430988423864648,0.02715939447907391,0.02983081032947462,0.19991095280498664
0.738126941855304,0.02929427430093209,0.02929427430093209,0.20328450954283178
0.7374052608114133,0.03165403477485511,0.029870708872046365,0.20106999554168525
0.745037494486105,0.029554477282752536,0.031318923687692984,0.1940891045434495
0.7444345503116652,0.030721282279608193,0.032056990204808546,0.19278717720391808
0.7462087421944692,0.030330062444246207,0.030776092774308653,0.1926851025869759
0.7453416149068323,0.029281277728482696,0.031055900621118012,0.19432120674356698
0.7564102564102564,0.029177718832891247,0.026525198938992044,0.1878868258178603
0.7614393602843181,0.028876055086628164,0.028431808085295423,0.18125277654375832
0.7631111111111111,0.028444444444444446,0.027555555555555555,0.18088888888888888
0.7808035714285714,0.025892857142857145,0.025,0.16830357142857144
0.783078307830783,0.022952295229522954,0.026102610261026102,0.16786678667866786
0.7859396124380351,0.023884632717440287,0.02433528616493916,0.1658404686795854
0.7906558849955077,0.0220125786163522,0.02425876010781671,0.16307277628032346
0.7970692717584369,0.020870337477797513,0.02486678507992895,0.15719360568383658
0.7988325101032779,0.02155365963179165,0.026493039964077234,0.15312079030085315
0.7988403211418377,0.020517395182872437,0.027653880463871544,0.15298840321141838
0.7959001782531194,0.020053475935828877,0.030303030303030304,0.1537433155080214
0.796812749003984,0.0199203187250996,0.029216467463479414,0.15405046480743692
0.7926123720516244,0.01824655095683133,0.02848242100578549,0.1606586559857588
0.8002674988854213,0.021845742309407043,0.028979045920642,0.14890771288452964
0.8043867502238138,0.021933751119068933,0.02909579230080573,0.14458370635631154
0.8049977688531905,0.02320392681838465,0.028112449799196786,0.14368585452922802
0.8068935041979673,0.026071586389748123,0.025187803800265134,0.14184710561201944
0.8052351375332741,0.026175687666370896,0.026175687666370896,0.14241348713398402
0.8058252427184466,0.0264783759929391,0.025154457193292144,0.14254192409532215
0.8114717652289907,0.026233881725211204,0.026678523788350377,0.13561582925744775
0.8097130242825608,0.026048565121412803,0.026048565121412803,0.1381898454746137
0.8087382969237629,0.026749888542131076,0.027641551493535442,0.13687026304057068
0.8186252771618625,0.02616407982261641,0.02483370288248337,0.1303769401330377
0.819679430097952,0.026714158504007122,0.025378450578806767,0.12822796081923418
0.8304172274562585,0.024226110363391656,0.023777478689995513,0.12157918349035442
0.8290293855743545,0.023597506678539625,0.02404274265360641,0.12333036509349955
0.828405017921147,0.022401433691756272,0.0246415770609319,0.12455197132616487
0.8289649044868947,0.02310084406930253,0.024877832074633496,0.12305641936916926
0.8340026773761714,0.022757697456492636,0.024096385542168676,0.11914323962516733
0.8351794417368188,0.02303943287549845,0.02303943287549845,0.11874169251218432
0.8334067871308947,0.024239753195240195,0.0246804759806082,0.11767298369325695
0.8322981366459627,0.022182786157941437,0.027062999112688554,0.11845607808340727
0.8351843625055531,0.02132385606397157,0.02576632607729898,0.11772545535317637
0.8314904909332154,0.022114108801415303,0.02565236620964175,0.12074303405572756
0.8316920322291853,0.022829006266786033,0.02775290957923008,0.11772605192479857
0.8286227007626739,0.023777478689995513,0.028712427097353072,0.11888739344997756
0.8331846565566459,0.025869759143621766,0.027653880463871544,0.11329170383586083
0.8331862312444837,0.02559576345984113,0.026919682259488084,0.11429832303618712
0.8323725055432373,0.023059866962305987,0.028381374722838137,0.11618625277161862
0.8348134991119005,0.023978685612788632,0.028419182948490232,0.1127886323268206
0.8330365093499554,0.02404274265360641,0.028495102404274265,0.11442564559216385
0.8342222222222222,0.024444444444444446,0.028444444444444446,0.11288888888888889
0.8337028824833703,0.02483370288248337,0.028381374722838137,0.1130820399113082
0.8345831495368328,0.025143361270401413,0.027790030877812087,0.11248345831495368
0.838209219858156,0.02969858156028369,0.02526595744680851,0.10682624113475177
0.8342198581560284,0.028368794326241134,0.025709219858156027,0.11170212765957446
0.8361531611754229,0.02894033837934105,0.02404274265360641,0.11086375779162956
0.8363555948695267,0.03184431667403804,0.024325519681556832,0.10747456877487838
0.8364444444444444,0.03333333333333333,0.024888888888888887,0.10533333333333333
0.8307830783078308,0.034203420342034205,0.0279027902790279,0.10711071107110712
0.83576803895529,0.03275785745905268,0.02656042496679947,0.1049136786188579
0.8372298191442435,0.03396559329510366,0.024702249669166298,0.10410233789148654
0.8370436331255565,0.035173642030276044,0.02626892252894034,0.10151380231522707
0.8379712746858169,0.034560143626570915,0.02827648114901257,0.09919210053859964
0.8392070484581498,0.03303964757709251,0.028193832599118944,0.09955947136563877
0.8397493285586393,0.03267681289167413,0.02775290957923008,0.09982094897045658
0.8449577965348734,0.03109729009329187,0.027543314082629944,0.0964015992892048
0.8442982456140351,0.03070175438596491,0.028070175438596492,0.0969298245614035
0.8406055209260909,0.031611754229741766,0.02983081032947462,0.09795191451469279
0.842058562555457,0.03149955634427684,0.029724933451641525,0.09671694764862467
0.8429973238180196,0.03345227475468332,0.028991971454058876,0.09455842997323818
0.8481464939705226,0.033497096918267084,0.027244305493523895,0.09111210361768647
0.8498445135495335,0.03243003109729009,0.02621057307863172,0.09151488227454464
0.8512544802867383,0.03270609318996416,0.025537634408602152,0.09050179211469533
0.8579136690647482,0.03237410071942446,0.02473021582733813,0.08498201438848921
0.8534172661870504,0.03147482014388489,0.026079136690647483,0.08902877697841727
0.8603705377315861,0.030727519204699502,0.02349751468594668,0.08540442837776774
0.8654188948306596,0.0285204991087344,0.020053475935828877,0.08600713012477719
0.8677536231884058,0.026721014492753624,0.019021739130434784,0.08650362318840579
0.87248322147651,0.024608501118568233,0.02192393736017897,0.08098434004474273
0.8708091193562807,0.02592758158247653,0.02011622708985248,0.08314707197139025
0.873769024171889,0.025962399283795883,0.018800358102059087,0.08146821844225605
0.8702630405706643,0.025858225590726706,0.020062416406598307,0.0838163174320107
0.8745551601423488,0.022686832740213523,0.019572953736654804,0.08318505338078291
0.8760588497547926,0.0231832367365136,0.02139991083370486,0.07935800267498885
0.8720776356418174,0.022055580061755623,0.024702249669166298,0.0811645346272607
0.8766696349065004,0.020035618878005344,0.02404274265360641,0.0792520035618878
0.8809523809523809,0.020664869721473494,0.0220125786163522,0.07637017070979335
0.8807298620382733,0.022251891410769914,0.021361815754339118,0.07565643079661771
0.8840644583706356,0.021486123545210387,0.020590868397493287,0.0738585496866607
0.8884462151394422,0.021248339973439574,0.02080566622399292,0.06949977866312528
0.8853842736561528,0.02265659706796979,0.02132385606397157,0.07063527321190582
0.8850066342326405,0.025210084033613446,0.020787262273330383,0.06899601946041574
0.8844621513944223,0.027003098716246128,0.019034971226206288,0.06949977866312528
0.8895842646401431,0.02637460885113992,0.018328118015198926,0.0657130084935181
0.8833702882483371,0.026607538802660754,0.019068736141906874,0.07095343680709534
0.883576803895529,0.02478972996901284,0.019477644975652943,0.07215582115980522
0.8860310421286031,0.02394678492239468,0.016407982261640797,0.07361419068736141
0.8840515326521546,0.023989338071968014,0.015548645046645935,0.07641048422923145
0.8884497145366711,0.022837066315327184,0.015371102327624066,0.0733421168203777
0.890625,0.023214285714285715,0.014732142857142857,0.07142857142857142
0.892602495543672,0.023172905525846704,0.015597147950089126,0.06862745098039216
0.8976868327402135,0.02224199288256228,0.014679715302491103,0.0653914590747331
0.8984478935698448,0.02350332594235033,0.01507760532150776,0.06297117516629712
0.8998676665196295,0.022496691662990738,0.016321129245699163,0.061314512571680635
0.8981930365799912,0.02247686205376818,0.015866020273248127,0.06346408109299251
0.8919039145907474,0.02491103202846975,0.02001779359430605,0.06316725978647687
0.8952551477170994,0.024171888988361683,0.018800358102059087,0.06177260519247986
0.8956483126110124,0.023534635879218474,0.019982238010657193,0.0608348134991119
0.896121266161391,0.021845742309407043,0.02050824788230049,0.06152474364690147
0.896322552060257,0.020824102791315906,0.021267168808152416,0.061586176340274704
0.8945958016971862,0.02009825815096025,0.01965163019205002,0.06565430995980348
0.891951978657181,0.018674966651845263,0.01956425077812361,0.06980880391285016
0.8953956191327671,0.019222172552525705,0.01743406347787215,0.06794814483683505
0.8954104148278905,0.019417475728155338,0.017210944395410415,0.06796116504854369
0.8942009738822487,0.0199203187250996,0.01637892872952634,0.06949977866312528
0.8952254641909815,0.020778072502210435,0.016357206012378427,0.06763925729442971
0.8985828166519043,0.019929140832595216,0.016386182462356066,0.06510186005314438
0.8996036988110965,0.02025539409951563,0.013650374284456186,0.06649053280493175
0.8992077464788732,0.02068661971830986,0.014524647887323943,0.06558098591549295
0.8956289027653881,0.022747546833184657,0.014272970561998216,0.06735057983942908
0.8926829268292683,0.02394678492239468,0.016407982261640797,0.06696230598669622
0.8924922256774767,0.02665482007996446,0.016881386050644157,0.0639715681919147
0.8902765388046388,0.026761819803746655,0.017395182872435324,0.0655664585191793
0.8896797153024911,0.026690391459074734,0.017348754448398576,0.06628113879003558
0.8945015645954403,0.028162717925793473,0.01743406347787215,0.059901654000894054
0.8956866197183099,0.029049295774647887,0.018045774647887324,0.05721830985915493
0.8957219251336899,0.030303030303030304,0.01693404634581105,0.0570409982174688
0.8995152049360952,0.027324812692816218,0.01630674305861613,0.05685323931247246
0.8993821712268314,0.03000882612533098,0.016328331862312445,0.054280670785525155
0.9044670499778859,0.029632905793896505,0.015479876160990712,0.05042016806722689
0.900709219858156,0.027925531914893616,0.016400709219858155,0.0549645390070922
0.9033259423503326,0.025720620842572064,0.016851441241685146,0.0541019955654102
0.9061662198391421,0.024575513851653262,0.01876675603217158,0.050491510277033066
0.9077474249888043,0.025526197939991044,0.018808777429467086,0.04791759964173757
0.9084821428571429,0.025,0.020089285714285716,0.04642857142857143
0.9083969465648855,0.024247867085765602,0.02155365963179165,0.04580152671755725
0.9066130473637176,0.024128686327077747,0.021447721179624665,0.04781054512957998
0.9093722369584438,0.021662245800176835,0.020335985853227233,0.04862953138815208
0.9064843405381562,0.021614468460520512,0.022055580061755623,0.049845610939567714
0.9096975088967971,0.02001779359430605,0.024466192170818506,0.04581850533807829
0.9022222222222223,0.020444444444444446,0.025333333333333333,0.052
0.9017777777777778,0.022222222222222223,0.02666666666666667,0.04933333333333333
0.9033407572383073,0.022271714922048998,0.027616926503340758,0.0467706013363029
0.9028824833702882,0.023059866962305987,0.027937915742793792,0.04611973392461197
0.8978231896934695,0.024433585073300755,0.029320302087960905,0.04842292314526877
0.8952972493345164,0.023957409050576754,0.02883762200532387,0.051907719609582965
0.8984478935698448,0.023059866962305987,0.028824833702882482,0.04966740576496674
0.891832229580574,0.024724061810154525,0.030022075055187638,0.053421633554083886
0.8922129344478662,0.025516937967443906,0.029476462824461064,0.05279366476022877
0.8898305084745762,0.024531668153434435,0.028991971454058876,0.056645851917930416
0.8915929203539823,0.023893805309734513,0.028761061946902654,0.05575221238938053
0.8917340521114105,0.024707996406109614,0.03099730458221024,0.05256064690026954
0.8900756564307967,0.0262572318647085,0.03159768580329328,0.0520694259012016
0.8899286987522281,0.02807486631016043,0.027629233511586453,0.054367201426024955
0.8943598925693823,0.02820053715308863,0.026410026857654433,0.051029543419874666
0.8951111111111111,0.027555555555555555,0.025333333333333333,0.052
0.8970261873058145,0.02796271637816245,0.02529960053262317,0.04971149578339991
0.8973672467648371,0.02677376171352075,0.02677376171352075,0.049085229808121376
0.9034971226206286,0.02434705621956618,0.02611775121735281,0.046038069942452416
0.9027341999103541,0.024204392649036306,0.025549081129538322,0.047512326311071267
0.9049121225777377,0.02298332582244254,0.02658855340243353,0.04551599819738621
0.907912382655342,0.0232454179704962,0.025033527045149755,0.04380867232901207
0.9044614691302388,0.02433528616493916,0.027039206849932402,0.04416403785488959
0.9064171122994652,0.022281639928698752,0.027629233511586453,0.04367201426024955
0.9109311740890689,0.020242914979757085,0.02564102564102564,0.043184885290148446
0.9089692101740294,0.02186523873270861,0.0249888442659527,0.04417670682730924
0.9094540612516645,0.022192632046160676,0.02574345317354638,0.0426098535286285
0.9114260407440212,0.020814880425155006,0.024357838795394153,0.043401240035429584
0.9151193633952255,0.021220159151193633,0.022988505747126436,0.040671971706454466
0.9138392857142857,0.02142857142857143,0.024553571428571428,0.04017857142857143
0.9117516629711752,0.019955654101995565,0.026607538802660754,0.041685144124168516
0.9127305443094916,0.02114260008996851,0.02564102564102564,0.04048582995951417
0.9154428126390743,0.023141967067200713,0.022251891410769914,0.039163328882955054
0.9180400890868596,0.02271714922048998,0.019599109131403118,0.03964365256124722
0.9151488227454465,0.023989338071968014,0.019546868058640605,0.041314971123944916
0.9185943060498221,0.023131672597864767,0.02001779359430605,0.03825622775800712
0.9193262411347518,0.02526595744680851,0.018617021276595744,0.03679078014184397
0.9194122885129118,0.024933214603739984,0.0182546749777382,0.037399821905609976
0.9205856255545697,0.025288376220053237,0.019520851818988466,0.03460514640638864
0.9196428571428571,0.025892857142857145,0.020089285714285716,0.034375
0.9195912927587738,0.024877832074633496,0.019546868058640605,0.03598400710795202
0.9176626826029216,0.025232403718459494,0.02036299247454626,0.036741921204072596
0.9141459074733096,0.02491103202846975,0.023131672597864767,0.037811387900355875
0.9165562913907285,0.025607064017660046,0.02207505518763797,0.03576158940397351
0.9185218165627783,0.024487978628673197,0.0213713268032057,0.03561887800534283
0.9157378510922871,0.025858225590726706,0.02229157378510923,0.03611234953187695
0.9126385809312638,0.024390243902439025,0.02394678492239468,0.03902439024390244
0.9171806167400881,0.02378854625550661,0.02158590308370044,0.037444933920704845
0.9190140845070423,0.02244718309859155,0.02244718309859155,0.03609154929577465
0.9207613988490483,0.02080566622399292,0.02390438247011952,0.034528552456839307
0.9155180080035571,0.020453534904401955,0.026678523788350377,0.037349933303690526
0.9074402125775022,0.022143489813994686,0.03100088573959256,0.03941541186891054
0.9070598748882931,0.02100089365504915,0.03127792672028597,0.04066130473637176
0.9076305220883534,0.020972780008924587,0.03034359660865685,0.04105310129406515
0.9072347980470484,0.02130492676431425,0.03151353750554816,0.03994673768308921
0.9096196868008949,0.02192393736017897,0.032662192393736016,0.035794183445190156
0.9109528049866429,0.022707034728406055,0.031611754229741766,0.034728406055209264
0.9098286744815148,0.023895401262398558,0.032010820559062216,0.034265103697024346
0.9126170307623718,0.024520731163620153,0.030762371823450735,0.03209986625055729
0.9154740608228981,0.024150268336314847,0.03041144901610018,0.02996422182468694
0.9152617568766637,0.023070097604259095,0.027950310559006212,0.03371783496007098
0.9129852744310576,0.024096385542168676,0.029451137884872823,0.03346720214190094
0.9127159946832077,0.024811696942844484,0.027470093043863535,0.035002215330084185
0.9123275478415666,0.02358700489541611,0.027592345349354695,0.03649310191366266
0.9112294718153573,0.023968042609853527,0.029738126941855306,0.03506435863293387
0.9131393298059964,0.023368606701940034,0.029541446208112873,0.033950617283950615
0.910913140311804,0.024053452115812918,0.028953229398663696,0.03608017817371938
0.9099378881987578,0.024844720496894408,0.029724933451641525,0.0354924578527063
0.9064039408866995,0.02418271383788625,0.028660994178235557,0.04075235109717868
0.9119217081850534,0.02224199288256228,0.027135231316725978,0.03870106761565836
0.909452296819788,0.021643109540636044,0.027385159010600707,0.04151943462897526
0.912405513561583,0.021787461093819474,0.028012449977767896,0.0377945753668297
0.9123042505592841,0.02192393736017897,0.028187919463087248,0.03758389261744966
0.910022271714922,0.02271714922048998,0.028062360801781736,0.039198218262806235
0.908566355969818,0.023524189968930315,0.02885042166000888,0.03905903240124279
0.9095768374164811,0.023162583518930958,0.028953229398663696,0.03830734966592428
0.9056772463120251,0.022351363433169423,0.031291908806437195,0.04067948144836835
0.9070484581497797,0.02378854625550661,0.029515418502202642,0.039647577092511016
0.905074365704287,0.023622047244094488,0.03280839895013123,0.03849518810148731
0.9030817329164805,0.02456453774006253,0.03126395712371594,0.04108977221974096
0.900359066427289,0.025583482944344704,0.03096947935368043,0.04308797127468582
0.9026860413914575,0.02553940995156319,0.029502421840598855,0.04227212681638045
0.9000444247001332,0.027543314082629944,0.03154153709462461,0.040870724122612175
0.9023734885803851,0.02910882221227049,0.029556650246305417,0.03896103896103896
0.8991071428571429,0.028125,0.029910714285714287,0.04285714285714286
0.8984340044742729,0.027293064876957495,0.029977628635346757,0.04429530201342282
0.8967684021543986,0.027378815080789945,0.031867145421903054,0.04398563734290844
