R,A,S,N
1.0,0.0,0.0,0.0
0.6666666666666666,0.3333333333333333,0.0,0.0
0.6153846153846154,0.23076923076923078,0.0,0.15384615384615385
0.65,0.25,0.0,0.1
0.6875,0.1875,0.0,0.125
0.6595744680851063,0.1702127659574468,0.0,0.1702127659574468
0.625,0.20833333333333334,0.0,0.16666666666666666
0.5959595959595959,0.20202020202020202,0.0,0.20202020202020202
0.6,0.21333333333333335,0.006666666666666667,0.18
0.6178010471204188,0.19895287958115182,0.005235602094240838,0.17801047120418848
0.6150627615062761,0.17573221757322174,0.0041841004184100415,0.20502092050209206
0.6153846153846154,0.1705685618729097,0.0033444816053511705,0.21070234113712374
0.6086956521739131,0.16847826086956522,0.005434782608695652,0.21739130434782608
0.6261467889908257,0.1720183486238532,0.0045871559633027525,0.19724770642201836
0.6322701688555347,0.17636022514071295,0.00375234521575985,0.18761726078799248
0.6241935483870967,0.17903225806451614,0.0064516129032258064,0.19032258064516128
0.6443514644351465,0.17433751743375175,0.00697350069735007,0.17433751743375175
0.6464891041162227,0.16707021791767554,0.010895883777239709,0.17554479418886199
0.6485623003194888,0.16932907348242812,0.009584664536741214,0.17252396166134185
0.653663177925785,0.17221693625118933,0.008563273073263558,0.16555661274976213
0.6548442906574394,0.17214532871972318,0.006920415224913495,0.16608996539792387
0.6580645161290323,0.16612903225806452,0.010483870967741936,0.16532258064516128
0.6661710037174721,0.16282527881040892,0.011895910780669145,0.1591078066914498
0.6563573883161512,0.1676975945017182,0.010996563573883162,0.16494845360824742
0.6606334841628959,0.15901745313510018,0.01098901098901099,0.1693600517129929
0.6584188292094146,0.1587205793602897,0.015087507543753771,0.16777308388654194
0.6609392898052692,0.1575028636884307,0.017754868270332187,0.16380297823596793
0.6626240352811467,0.1582138919514884,0.019845644983461964,0.15931642778390298
0.6647429171038824,0.155299055613851,0.019412381951731374,0.16054564533053514
0.6671802773497689,0.1566512583461736,0.022085259373394967,0.15408320493066255
0.6738072054527751,0.15384615384615385,0.024829600778967866,0.14751703992210322
0.671455938697318,0.14990421455938696,0.027298850574712645,0.15134099616858238
0.6754592557701365,0.15732454074422986,0.0287329251059821,0.13848327837965144
0.6743862899490505,0.15794349235757296,0.02871699861046781,0.13895321908290875
0.6773017319963537,0.15587967183226983,0.03099361896080219,0.1358249772105743
0.6757602862254025,0.15518783542039355,0.030858676207513418,0.1381932021466905
0.6795383932534399,0.15978695073235685,0.029738126941855306,0.13093652907234798
0.6802299867315347,0.15656789031402035,0.03007518796992481,0.13312693498452013
0.6755674232309746,0.1579884290164664,0.032487761459724075,0.13395638629283488
0.6821192052980133,0.1509933774834437,0.03664459161147903,0.13024282560706402
0.6736049601417183,0.15589016829052257,0.03808680248007086,0.13241806908768822
0.6760687527545174,0.1502864698104892,0.03966505068312032,0.13397972675187308
0.6840477242598321,0.1506849315068493,0.034909412284577994,0.1303579319487406
0.6828407587119542,0.14777238641376267,0.04190560211733568,0.1274812527569475
0.6795212765957447,0.14760638297872342,0.0425531914893617,0.13031914893617022
0.6827133479212254,0.1448577680525164,0.04026258205689278,0.13216630196936544
0.6843722563652327,0.14574187884108866,0.03775241439859526,0.1321334503950834
0.6885245901639344,0.14621178555604786,0.03677447939743022,0.1284891448825875
0.6890270990670813,0.14660151043980454,0.0368725011106175,0.12749888938249668
0.6923419412288513,0.14470169189670526,0.033392698130008905,0.12956366874443456
0.6932569413838695,0.14191273688849715,0.03525782282944028,0.12957249889819303
0.6871975362956445,0.14034315882094148,0.03783545974483062,0.13462384513858336
0.6867627785058977,0.1380515508955876,0.04062909567496723,0.1345565749235474
0.686779059449867,0.13930789707187222,0.041259982253771074,0.1326530612244898
0.684373616644533,0.13722886232846393,0.044710048694112436,0.13368747233289066
0.6873065015479877,0.1375497567448032,0.04599734630694383,0.12914639540026537
0.6851363236587511,0.14643799472295516,0.044854881266490766,0.12357080035180298
0.6786030061892131,0.14500442086648982,0.04597701149425287,0.1304155614500442
0.6698816308636563,0.15124945199473916,0.048224462954844366,0.13064445418676018
0.6669576604103011,0.1532082060235705,0.04801396769969446,0.13182016586643386
0.6699115044247788,0.1504424778761062,0.047787610619469026,0.13185840707964602
0.6691629955947137,0.14933920704845816,0.04801762114537445,0.13348017621145375
0.6694727514399645,0.14754098360655737,0.047408063801506424,0.13557820115197164
0.6657917760279966,0.14873140857392825,0.048118985126859144,0.1373578302712161
0.671562082777036,0.14241210502892745,0.04717400979083222,0.13885180240320427
0.6710816777041942,0.1434878587196468,0.046799116997792496,0.13863134657836645
0.6745822339489885,0.1442392260334213,0.04661389621811785,0.1345646437994723
0.6838397181858212,0.13870541611624834,0.0479964773227653,0.12945838837516513
0.6843956043956044,0.13802197802197802,0.04879120879120879,0.12879120879120878
0.6831421006178288,0.13857016769638128,0.04766107678729038,0.13062665489849956
0.6788418708240535,0.13719376391982183,0.05077951002227171,0.133184855233853
0.6808231173380035,0.13441330998248688,0.050350262697022766,0.13441330998248688
0.6763031099430574,0.13797634691195795,0.053438458169075775,0.1322820849759089
0.6798930004458315,0.1359786000891663,0.05260811413285778,0.13152028533214444
0.6854521625163827,0.13193534294451725,0.05067715159458279,0.13193534294451725
0.6868107631230701,0.13630348478164975,0.049404499338332596,0.1274812527569475
0.6808417360806663,0.13809732573432704,0.049539675580885574,0.131521262604121
0.6807760141093474,0.1371252204585538,0.04938271604938271,0.13271604938271606
0.6827133479212254,0.13391684901531728,0.04989059080962801,0.13347921225382933
0.6842568161829375,0.13544415127528583,0.047053649956024624,0.13324538258575197
0.687527352297593,0.13654266958424507,0.0437636761487965,0.13216630196936544
0.677533039647577,0.1378854625550661,0.048458149779735685,0.13612334801762113
0.675198587819947,0.1412180052956752,0.047219770520741396,0.13636363636363635
0.6807202459376372,0.13614404918752745,0.04259991216512956,0.14053579270970576
0.6805309734513274,0.1407079646017699,0.04469026548672567,0.134070796460177
0.6841179058512978,0.13550373955125386,0.0431148262208535,0.1372635283765948
0.6834280717096634,0.14210756449497158,0.04197638828159161,0.1324879755137735
0.6904024767801857,0.14064573197700134,0.04157452454666077,0.12737726669615215
0.6867891513560805,0.13560804899387577,0.04461942257217848,0.13298337707786526
0.6822388717496695,0.13397972675187308,0.045835169678272364,0.13794623182018512
0.6867256637168142,0.12876106194690265,0.046902654867256637,0.13761061946902656
0.6790450928381963,0.1304155614500442,0.04862953138815208,0.1419098143236074
0.6799474605954466,0.1309106830122592,0.04903677758318739,0.14010507880910683
0.6696074106749007,0.1345390383767093,0.04764005293339215,0.1482134980149978
0.6764705882352942,0.12774363476733977,0.0456540825285338,0.15013169446883232
0.6740934906072521,0.12800349497597205,0.05067715159458279,0.1472258628221931
0.6713906111603188,0.13241806908768822,0.049601417183348095,0.14658990256864482
0.6749555950266429,0.1336589698046181,0.049289520426287745,0.14209591474245115
0.677846425419241,0.13901147396293026,0.04854368932038835,0.13459841129744043
0.6777482269503546,0.1374113475177305,0.04964539007092199,0.1351950354609929
0.6775762936753649,0.13401149933657674,0.05395842547545334,0.13445378151260504
0.6719646799116997,0.13598233995584988,0.05077262693156733,0.141280353200883
0.6725585505965532,0.13566062748563854,0.05081749889527176,0.14096332302253645
0.6727434415295687,0.13606047132058693,0.05157847932414406,0.13961760782570032
0.6681435533894551,0.13779353123615418,0.05006645990252548,0.14399645547186532
0.6678507992895204,0.13454706927175844,0.04840142095914742,0.1492007104795737
0.6685589519650655,0.13275109170305677,0.04978165938864629,0.14890829694323143
0.6767279090113736,0.12642169728783903,0.04636920384951881,0.1504811898512686
0.6713225665648188,0.1300742034046268,0.04495853339153208,0.15364469663902225
0.6724137931034483,0.12953138815207782,0.04509283819628647,0.15296198054818744
0.6750219876868954,0.1248900615655233,0.04529463500439754,0.1547933157431838
0.6698901098901099,0.12351648351648352,0.045714285714285714,0.16087912087912087
0.6770048737261852,0.12140008861320337,0.046964997784669914,0.1546300398759415
0.6719787516600265,0.12881806108897742,0.046038069942452416,0.1531651173085436
0.6690423162583519,0.13140311804008908,0.047661469933184854,0.15189309576837418
0.6678445229681979,0.12853356890459364,0.04770318021201413,0.15591872791519434
0.6653439153439153,0.12654320987654322,0.05202821869488536,0.15608465608465608
0.6638840070298769,0.1274165202108963,0.05492091388400703,0.15377855887521968
0.6603690685413005,0.13224956063268892,0.05755711775043937,0.14982425307557118
0.661978021978022,0.13142857142857142,0.058021978021978025,0.14857142857142858
0.6629858657243817,0.12985865724381626,0.06051236749116608,0.14664310954063603
0.6644474034620506,0.12827341322680869,0.060363959165557035,0.14691522414558367
0.6612406511218654,0.1328640563132424,0.06291245050593929,0.14298284205895292
0.6671064204045735,0.1279683377308707,0.06156552330694811,0.14335971855760773
0.6690203000882613,0.1266548984995587,0.06398940864960283,0.14033539276257723
0.671971706454465,0.1246684350132626,0.058797524314765696,0.14456233421750664
0.6734154929577465,0.12632042253521128,0.05721830985915493,0.1430457746478873
0.6636005256241787,0.13096802452912834,0.056504599211563734,0.14892685063512923
0.6623950508174989,0.13345117101193107,0.058329650905877155,0.14582412726469288
0.6614490161001789,0.13506261180679785,0.05456171735241502,0.14892665474060823
0.6650399290150842,0.13309671694764863,0.05456965394853593,0.14729370008873113
0.6614560071460474,0.13309513175524787,0.05448861098704779,0.15096025011165698
0.6586666666666666,0.132,0.05466666666666667,0.15466666666666667
0.6642920747996438,0.12778272484416742,0.051647373107747106,0.15627782724844166
0.669761273209549,0.1242263483642794,0.05172413793103448,0.15428824049513704
0.666369710467706,0.12472160356347439,0.05211581291759466,0.15679287305122494
0.6641626159964649,0.12770658418029165,0.053468846663720725,0.15466195315952275
0.666814946619217,0.125,0.0498220640569395,0.1583629893238434
0.6617972554227535,0.1323594510845507,0.05046480743691899,0.1553784860557769
0.6595744680851063,0.13076241134751773,0.050088652482269506,0.1595744680851064
0.6620964175143742,0.13268465280849182,0.048651039363113664,0.15656789031402035
0.6599385695480474,0.1320754716981132,0.04914436156208864,0.15884159719175076
0.6651962946625496,0.13233348037053375,0.04808116453462726,0.15438906043228937
0.6656387665198238,0.13127753303964756,0.04669603524229075,0.15638766519823788
0.6646180860403863,0.1286215978928885,0.05004389815627744,0.15671641791044777
0.6709138840070299,0.1256590509666081,0.048769771528998244,0.1546572934973638
0.6691729323308271,0.12472357363998231,0.05174701459531181,0.1543564794338788
0.6701986754966888,0.12317880794701987,0.05474613686534217,0.15187637969094922
0.6700262927256793,0.12094653812445223,0.056091148115687994,0.15293602103418055
0.6685689201053556,0.12554872695346794,0.05179982440737489,0.15408252853380158
0.6726634488810882,0.12154453707766565,0.05221588415971917,0.153576129881527
0.6771201413427562,0.11969964664310954,0.05123674911660778,0.1519434628975265
0.6774193548387096,0.12019443216968625,0.05302695536897923,0.14935925762262484
0.6706666666666666,0.11955555555555555,0.051111111111111114,0.15866666666666668
0.6791869200176757,0.12063632346442775,0.0481661511268228,0.1520106053910738
0.6870362287210825,0.11086861632474902,0.04714098646879092,0.15495416848537757
0.6911247803163445,0.11115992970123023,0.04481546572934974,0.15289982425307558
0.681269557443004,0.11756817165847117,0.04693786320965579,0.15422440768886903
0.6831203173204055,0.11987659762009696,0.04451300132216836,0.15249008373732922
0.6834821428571428,0.12098214285714286,0.04330357142857143,0.15223214285714284
0.684931506849315,0.12461334511710119,0.04242156429518339,0.14803358373840036
0.6836108676599474,0.12401402278702892,0.04250657318141981,0.14986853637160386
0.687389770723104,0.12301587301587301,0.03968253968253968,0.14991181657848324
0.6849736379613357,0.12170474516695957,0.040421792618629174,0.15289982425307558
0.6881057268722467,0.12070484581497798,0.04229074889867841,0.14889867841409693
0.6876374835019797,0.11834579850417949,0.044434667839859214,0.14958205015398152
0.6834148510449088,0.12049799911071588,0.048465984882169855,0.14762116496220543
0.683303886925795,0.12102473498233215,0.04814487632508834,0.14752650176678445
0.689640035118525,0.11457418788410886,0.04741000877963126,0.14837576821773485
0.6931969764339706,0.11116051578479325,0.04579813250333482,0.1498443752779013
0.6942112240388865,0.11091471498011489,0.04330534688466637,0.1515687140963323
0.6917259786476868,0.11298932384341637,0.046708185053380785,0.148576512455516
0.695575221238938,0.10707964601769912,0.04601769911504425,0.15132743362831858
0.6934628975265018,0.10998233215547704,0.045936395759717315,0.15061837455830387
0.6905929558626839,0.11012037449843959,0.04770396790013375,0.15158270173874275
0.6948252985404688,0.10880141530296329,0.04467049977885891,0.15170278637770898
0.6995181778361804,0.10337275514673674,0.04643013578624617,0.15067893123083662
0.701623519087319,0.104870557261957,0.04695041684949539,0.1465555068012286
0.7069420035149385,0.10281195079086115,0.04481546572934974,0.14543057996485062
0.7100933748332592,0.10226767452200979,0.04579813250333482,0.14184081814139618
0.7139699381078691,0.10079575596816977,0.04597701149425287,0.13925729442970822
0.712401055408971,0.10290237467018469,0.04573438874230431,0.13896218117854
0.7097345132743362,0.10398230088495575,0.047345132743362835,0.13893805309734514
0.7007943512797882,0.1059135039717564,0.04677846425419241,0.14651368049426303
0.7050832602979842,0.10604732690622261,0.04645048203330412,0.14241893076248904
0.7022867194371152,0.1011433597185576,0.048372911169744945,0.14819700967458224
0.7094922737306844,0.09801324503311258,0.046357615894039736,0.14613686534216336
0.7078353253652059,0.09871624612660469,0.04293935369632581,0.15050907481186365
0.7082039911308204,0.09667405764966741,0.041685144124168516,0.15343680709534369
0.7085181898846495,0.09361135758651287,0.0417036379769299,0.15616681455190773
0.7079098541758727,0.09544851966416261,0.04286345558992488,0.15377817057003976
0.7134683098591549,0.09242957746478873,0.04401408450704225,0.1500880281690141
0.7146654851572884,0.08905626938413824,0.043863535666814356,0.15241470979175897
0.7100933748332592,0.09604268563806136,0.04668741662961316,0.14717652289906624
0.7083700440528634,0.09427312775330396,0.044933920704845816,0.1524229074889868
0.7093902981753449,0.09746328437917223,0.04494882064975523,0.14819759679572764
0.7052255471192497,0.0964716391246092,0.048682447521214825,0.1496203662349263
0.7055702917771883,0.09549071618037135,0.05128205128205128,0.14765694076038904
0.7057522123893806,0.09690265486725663,0.05,0.14734513274336283
0.7027385159010601,0.10026501766784453,0.04814487632508834,0.14885159010600707
0.7062196735774151,0.09660344067048963,0.05161005734450816,0.1455668284075871
0.7070175438596491,0.0969298245614035,0.05043859649122807,0.1456140350877193
0.7083515522518583,0.09969392216878006,0.05115872321818977,0.14079580236117184
0.7136544410075122,0.09809986743261158,0.048608042421564294,0.13963764913831198
0.717265867731913,0.09409675987572126,0.04660452729693742,0.14203284509542832
0.722663139329806,0.09215167548500881,0.04497354497354497,0.1402116402116402
0.7228070175438597,0.0912280701754386,0.046052631578947366,0.13991228070175438
0.72562858403176,0.08822232024702249,0.043228936921041024,0.14292015880017644
0.7262222222222222,0.088,0.044444444444444446,0.14133333333333334
0.7259911894273128,0.09030837004405286,0.04317180616740088,0.14052863436123347
0.7290748898678414,0.086784140969163,0.04361233480176212,0.14052863436123347
0.7325633051976899,0.08929364726788094,0.04309195912927588,0.13505108840515326
0.727391874180865,0.09086937527304499,0.04325032765399738,0.13848842289209262
0.7289925208974923,0.08930928288605368,0.04135503739551254,0.14034315882094148
0.7355408388520971,0.08520971302428255,0.0423841059602649,0.1368653421633554
0.7361963190184049,0.08238387379491674,0.042068361086765996,0.13935144609991235
0.7347574543836226,0.08678237650200267,0.044058744993324434,0.1344014241210503
0.7250109122653863,0.09035355739851593,0.046704495853339155,0.13793103448275862
0.7285776424532405,0.08829926054806438,0.04567203131796433,0.13745106568073076
0.7293497363796133,0.0883128295254833,0.04437609841827768,0.13796133567662566
0.7291206363234645,0.08749447635881573,0.04551480335837384,0.137870083959346
0.7377699427060379,0.08505949757602468,0.043190832966064345,0.13397972675187308
0.7355516637478109,0.08800350262697022,0.04203152364273205,0.13441330998248688
0.7285087719298246,0.0912280701754386,0.04342105263157895,0.1368421052631579
0.7311072056239016,0.09226713532513181,0.04130052724077329,0.13532513181019332
0.7384615384615385,0.09362637362637363,0.0421978021978022,0.12571428571428572
0.7354379724321921,0.09115162294353046,0.04802134281903068,0.12538906180524678
0.7376042123738482,0.088635366388767,0.04782799473453269,0.12593242650285214
0.7371428571428571,0.09362637362637363,0.045714285714285714,0.12351648351648352
0.7329842931937173,0.09205933682373472,0.04886561954624782,0.12609075043630016
0.7302345786272806,0.09426585577758471,0.0473501303214596,0.12814943527367506
0.7383669885864794,0.08867427568042142,0.0456540825285338,0.1273046532045654
0.7409050576752441,0.08695652173913043,0.04702750665483585,0.1251109139307897
0.741019955654102,0.08514412416851441,0.04523281596452328,0.1286031042128603
0.7394584997780737,0.08477585441633377,0.0461606746560142,0.12960497114957834
0.741978021978022,0.08043956043956044,0.04659340659340659,0.130989010989011
0.7428952042628775,0.0763765541740675,0.047957371225577264,0.1327708703374778
0.7435673789795029,0.07501090274749236,0.04928041866550371,0.1321412996075011
0.7456140350877193,0.07236842105263158,0.04912280701754386,0.13289473684210526
0.7470459518599563,0.07045951859956236,0.04901531728665208,0.13347921225382933
0.7421076033792797,0.07203201422854602,0.0493552690084482,0.1365051133837261
0.7364238410596027,0.07373068432671082,0.052097130242825605,0.13774834437086092
0.7367032967032967,0.07296703296703297,0.052307692307692305,0.13802197802197802
0.734037868780273,0.0722148833113166,0.05372082782915016,0.14002642007926025
0.730193661971831,0.07394366197183098,0.0528169014084507,0.1430457746478873
0.7302013422818792,0.07337807606263982,0.053243847874720356,0.14317673378076062
0.7337748344370861,0.07152317880794702,0.05077262693156733,0.14392935982339955
0.7292035398230089,0.0743362831858407,0.05132743362831858,0.14513274336283186
0.7308370044052863,0.0722466960352423,0.04889867841409692,0.14801762114537445
0.7275938189845474,0.07196467991169977,0.04944812362030905,0.1509933774834437
0.7287912087912088,0.06857142857142857,0.04835164835164835,0.15428571428571428
0.7304463102076889,0.06981882456915599,0.048608042421564294,0.15112682280159082
0.726790450928382,0.06984969053934571,0.04774535809018567,0.15561450044208666
0.7241835834068844,0.06928508384819064,0.048984995586937335,0.15754633715798763
0.7249666221628839,0.06809078771695594,0.04984423676012461,0.1570983533600356
0.7202672605790645,0.06815144766146994,0.05077951002227171,0.16080178173719376
0.7216312056737588,0.07136524822695035,0.04609929078014184,0.16090425531914893
0.725699067909454,0.06968486462494451,0.04438526409232135,0.16023080337328008
0.7222465993856955,0.06932865291794647,0.045634050021939446,0.16279069767441862
0.7220264317180617,0.06651982378854626,0.04537444933920705,0.166079295154185
0.722148833113166,0.07001321003963012,0.04271246147071774,0.16512549537648613
0.7239720034995626,0.0699912510936133,0.04024496937882765,0.1657917760279965
0.7250768555116381,0.0707070707070707,0.04216073781291173,0.16205533596837945
0.7208278291501541,0.06913254073095552,0.043593130779392336,0.166446499339498
0.7167985927880387,0.0712401055408971,0.048372911169744945,0.16358839050131926
0.7209199469261389,0.06943830163644406,0.04688191065900044,0.16275984077841663
0.7154793315743184,0.06948109058927,0.04793315743183817,0.16710642040457344
0.7108753315649867,0.0671971706454465,0.052608311229000886,0.16931918656056588
0.7159946832077979,0.06513070447496677,0.04962339388568897,0.1692512184315463
0.7144748455428067,0.06575463371579876,0.0498676081200353,0.16990291262135923
0.7139061116031886,0.06775907883082374,0.05270150575730735,0.16563330380868024
0.7111501316944688,0.07067603160667252,0.05267778753292362,0.16549604916593502
0.7108919766920664,0.06992380098610489,0.052891080233079334,0.16629314208874943
0.7119396360408344,0.07146027518863737,0.052374611628939194,0.164225477141589
0.7128363475959417,0.07190119100132333,0.05249228054697839,0.1627701808557565
0.7119541243934715,0.0741067490074989,0.05116894574327305,0.1627701808557565
0.7092198581560284,0.07624113475177305,0.053634751773049646,0.16090425531914893
0.709748566387296,0.07675341861490957,0.05381561535068372,0.15968239964711073
0.7079646017699115,0.07876106194690266,0.05353982300884956,0.15973451327433627
0.7099605089951733,0.0776656428258008,0.04914436156208864,0.16322948661693726
0.709480122324159,0.08256880733944955,0.051550895587592835,0.1564001747487986
0.7082239720034995,0.07917760279965004,0.051618547681539804,0.1609798775153106
0.7027027027027027,0.08369659982563209,0.05231037489102005,0.16129032258064516
0.7009263343625938,0.08337009263343625,0.054256726951918834,0.16144684605205117
0.696969696969697,0.08168642951251646,0.05665349143610013,0.16469038208168643
0.6974716652136007,0.08326068003487358,0.05841325196163906,0.16085440278988666
0.6986666666666667,0.08577777777777777,0.058666666666666666,0.15688888888888888
0.7003085059497576,0.08594094314676069,0.05861613045394447,0.15513442044953724
0.6985815602836879,0.08687943262411348,0.0598404255319149,0.15469858156028368
0.6935270805812418,0.08938793483047115,0.06296785557023338,0.15411712901805372
0.6984969053934571,0.08974358974358974,0.05791335101679929,0.15384615384615385
0.6968625718073354,0.09500662836942113,0.05567830313742819,0.1524524966858153
0.7022026431718061,0.09162995594713656,0.05330396475770925,0.15286343612334802
0.6956711849584609,0.09357236554438128,0.05378224748578924,0.1569742020113686
0.696113074204947,0.09408127208480566,0.05079505300353357,0.15901060070671377
0.6954201867496665,0.09470875944864385,0.04979991107158737,0.16007114273010226
0.7017233760494919,0.09544851966416261,0.05037560760053027,0.1524524966858153
0.7040280210157618,0.09544658493870403,0.050350262697022766,0.15017513134851138
0.7063736263736263,0.09274725274725275,0.052307692307692305,0.14857142857142858
0.7067474048442907,0.08953287197231834,0.050173010380622836,0.15354671280276816
0.7046450482033304,0.09246275197195443,0.050394390885188434,0.15249780893952672
0.7040816326530612,0.09050576752440107,0.05235137533274179,0.15306122448979592
0.7060379021595417,0.08902600264433672,0.0502423975319524,0.15469369766416924
0.7041575492341356,0.08577680525164114,0.05164113785557987,0.15842450765864333
0.7027863777089783,0.0871295886775763,0.05174701459531181,0.15833701901813357
0.7048245614035088,0.09035087719298246,0.052192982456140354,0.15263157894736842
0.7097625329815304,0.08663148636763413,0.048372911169744945,0.15523306948109059
0.7078207381370826,0.0852372583479789,0.05184534270650264,0.15509666080843584
0.7039155301363836,0.08974923009238892,0.05279366476022877,0.1535415750109987
0.7051564565888057,0.09034817100044072,0.05112384310268841,0.15337152930806522
0.7061674008810572,0.08766519823788546,0.053744493392070485,0.1524229074889868
0.7097625329815304,0.08970976253298153,0.052330694810905895,0.14819700967458224
0.7085537918871252,0.08994708994708994,0.05291005291005291,0.14858906525573193
0.7174589071523767,0.08485117725455353,0.047534429142603286,0.15015548645046645
0.7089387934830471,0.08806693086745927,0.0479964773227653,0.1549977983267283
0.7081318681318681,0.0865934065934066,0.05274725274725275,0.15252747252747254
0.7035901926444834,0.08887915936952714,0.05472854640980736,0.15280210157618213
0.7033786748573936,0.08907415533128565,0.05660377358490566,0.1509433962264151
0.6948252985404688,0.08624502432551968,0.05484298982750995,0.16408668730650156
0.693555458132398,0.08461201227531784,0.05786935554581324,0.16396317404647084
0.7023235423060061,0.08241999123191583,0.056992547128452434,0.1582639193336256
0.7031943212067435,0.08606921029281278,0.055900621118012424,0.15483584738243122
0.7084070796460177,0.0827433628318584,0.05575221238938053,0.15309734513274337
0.7075555555555556,0.08266666666666667,0.052,0.15777777777777777
0.711487088156723,0.08147818343722173,0.052983081032947466,0.15405164737310775
0.7126537785588752,0.08172231985940245,0.05052724077328647,0.15509666080843584
0.7115300306882946,0.07803594914511179,0.05129329241560719,0.15914072775098642
0.717892903787549,0.07923378319547235,0.04658249891162386,0.1562908141053548
0.717858709960509,0.08073716542343133,0.04870557261956999,0.15269855199648968
0.7169394073418841,0.0800530738611234,0.048651039363113664,0.1543564794338788
0.7152406417112299,0.08199643493761141,0.05080213903743316,0.15196078431372548
0.7112676056338029,0.08450704225352113,0.05369718309859155,0.1505281690140845
0.7097625329815304,0.08355321020228672,0.054969217238346524,0.1517150395778364
0.7110719011910013,0.08381120423467137,0.056021173356859286,0.14909572121746803
0.7068432671081678,0.08520971302428255,0.060044150110375276,0.1479028697571744
0.7022222222222222,0.08711111111111111,0.059111111111111114,0.15155555555555555
0.7015915119363395,0.09018567639257294,0.05791335101679929,0.15030946065428824
0.6999121265377856,0.0913884007029877,0.05711775043936731,0.1515817223198594
0.6998231653404067,0.08974358974358974,0.058797524314765696,0.15163572060123784
0.7053374503749449,0.08910454344949272,0.05690339655932951,0.14865460961623292
0.7051338306274681,0.09214567792891619,0.054848617814831066,0.14787187362878457
0.7030625832223701,0.09187749667110519,0.05459387483355526,0.15046604527296936
0.6995614035087719,0.08903508771929824,0.05745614035087719,0.15394736842105264
0.7059340659340659,0.09054945054945054,0.05582417582417582,0.1476923076923077
0.703851261620186,0.09473218238158478,0.05444887118193891,0.14696768481629038
0.7009263343625938,0.09572121746801941,0.05955006616674018,0.14380238200264667
0.6924436588599204,0.0958904109589041,0.05877154220061865,0.1528943879805568
0.6928133216476775,0.09772129710780017,0.057843996494303246,0.1516213847502191
0.6931868131868132,0.10065934065934067,0.05846153846153846,0.1476923076923077
0.6879120879120879,0.0989010989010989,0.0610989010989011,0.15208791208791209
0.6881143878462913,0.10187667560321716,0.06389633601429848,0.14611260053619302
0.6869179600886918,0.10554323725055433,0.06341463414634146,0.14412416851441243
0.6845132743362832,0.1079646017699115,0.061946902654867256,0.14557522123893804
0.6844405594405595,0.10358391608391608,0.0625,0.14947552447552448
0.6865079365079365,0.10493827160493827,0.06261022927689594,0.14594356261022928
0.6887211367673179,0.10257548845470693,0.05950266429840142,0.1492007104795737
0.6917960088691796,0.09933481152993348,0.05853658536585366,0.15033259423503326
0.6861184792219275,0.09991158267020336,0.05968169761273209,0.15428824049513704
0.6866258741258742,0.10358391608391608,0.05638111888111888,0.1534090909090909
0.6891168599464763,0.1048171275646744,0.05352363960749331,0.15254237288135594
0.6965944272445821,0.1017249004865104,0.05307386112339673,0.14860681114551083
0.6937056737588653,0.10283687943262411,0.05053191489361702,0.1529255319148936
0.690989010989011,0.10725274725274725,0.05098901098901099,0.15076923076923077
0.6850877192982456,0.10877192982456141,0.05131578947368421,0.15482456140350878
0.6849736379613357,0.10852372583479789,0.05360281195079086,0.15289982425307558
0.6878868258178603,0.11096374889478337,0.05481874447391689,0.14633068081343945
0.6943231441048034,0.1056768558951965,0.05283842794759825,0.14716157205240174
0.6917657419638925,0.10568031704095113,0.054601497137824744,0.14795244385733158
0.6889380530973451,0.10575221238938053,0.05707964601769912,0.14823008849557523
0.6866197183098591,0.10695422535211267,0.05765845070422535,0.1487676056338028
0.6874177992108724,0.10828583954405963,0.05962297238053485,0.1446733888645331
0.6837944664031621,0.103645147123408,0.06104523495827844,0.15151515151515152
0.6850393700787402,0.10061242344706911,0.06080489938757655,0.15354330708661418
0.6902030008826125,0.09620476610767872,0.059576345984112974,0.15401588702559577
0.682560706401766,0.10022075055187638,0.05827814569536424,0.15894039735099338
0.6833993835314839,0.0977542932628798,0.05856450902686042,0.16028181417877588
0.6895787139689579,0.09578713968957872,0.05809312638580931,0.15654101995565411
0.6805494018608773,0.10101905183872396,0.057155516171909615,0.16127603012848915
0.6875547765118317,0.09903593339176162,0.05565293602103418,0.15775635407537247
0.6925110132158591,0.09779735682819383,0.053744493392070485,0.15594713656387665
0.6903710247349824,0.09938162544169611,0.053886925795053005,0.15636042402826855
0.687389770723104,0.09832451499118165,0.053791887125220456,0.16049382716049382
0.6884885764499121,0.10061511423550087,0.05228471001757469,0.1586115992970123
0.6874439461883408,0.1031390134529148,0.05246636771300448,0.15695067264573992
0.6946160635481023,0.10458958517210945,0.05119152691968226,0.1496028243601059
0.6935201401050788,0.10770577933450087,0.05253940455341506,0.14623467600700527
0.6947507719453022,0.10674900749889722,0.050286722540802825,0.1482134980149978
0.698054818744474,0.10079575596816977,0.04951370468611848,0.15163572060123784
0.6942112240388865,0.10251878038002651,0.047724259832081305,0.15554573574900574
0.6915555555555556,0.10355555555555555,0.04622222222222222,0.15866666666666668
0.6948252985404688,0.10570544007076514,0.043343653250773995,0.15612560813799203
0.6959578207381371,0.10588752196836555,0.0421792618629174,0.15597539543057998
0.7001338688085676,0.10887996430165105,0.040160642570281124,0.15082552431950022
0.6995594713656388,0.11013215859030837,0.04052863436123348,0.14977973568281938
0.7030490499337163,0.11135660627485638,0.038886433937251434,0.14670790985417587
0.6977973568281939,0.11145374449339207,0.037444933920704845,0.15330396475770924
0.6915313734093901,0.11320754716981132,0.03905221588415972,0.15620886353663888
0.6946397188049209,0.11379613356766256,0.03954305799648506,0.15202108963093147
0.7031943212067435,0.11313220940550132,0.04214729370008873,0.14152617568766637
0.7045155633494081,0.11398509425690487,0.042525208241999124,0.13897413415168786
0.6978574551814605,0.11805859204197638,0.04241364232619152,0.14167031045037168
0.696969696969697,0.11945542380324989,0.043039086517347384,0.14053579270970576
0.6947507719453022,0.11954124393471548,0.04014115571239524,0.1455668284075871
0.6960913482652613,0.12121212121212122,0.03908651734738691,0.14361001317523056
0.6940919037199125,0.11947483588621444,0.04201312910284464,0.14442013129102846
0.6919662671992899,0.11762094984465157,0.045272969374167776,0.14513981358189082
0.6971987550022232,0.11605157847932414,0.046242774566473986,0.14050689195197866
0.7012302284710018,0.11467486818980668,0.046133567662565905,0.13796133567662566
0.7022968197879859,0.11616607773851591,0.04549469964664311,0.13604240282685512
0.7022968197879859,0.11793286219081273,0.04858657243816254,0.13118374558303886
0.710456942003515,0.11247803163444639,0.04964850615114236,0.1274165202108963
0.7095343680709535,0.11042128603104213,0.048337028824833705,0.13170731707317074
0.7115215479331575,0.10642040457343888,0.051890941072999124,0.13016710642040458
0.709916994320664,0.10703363914373089,0.05329838357361293,0.12975098296199214
0.7101769911504425,0.10398230088495575,0.05221238938053097,0.1336283185840708
0.7073170731707317,0.10509977827050998,0.0541019955654102,0.13348115299334812
0.7047279214986619,0.10258697591436218,0.05307760927743087,0.13960749330954506
0.7106420404573439,0.10202286719437115,0.04925241864555849,0.13808267370272648
0.7121478873239436,0.10035211267605634,0.04973591549295775,0.13776408450704225
0.7091791703442188,0.10150044130626655,0.048984995586937335,0.14033539276257723
0.7135879218472468,0.0994671403197158,0.049289520426287745,0.13765541740674955
0.7162221250546568,0.09707039790118059,0.048097944905990384,0.1386095321381723
0.7139737991266376,0.0982532751091703,0.046724890829694325,0.14104803493449783
0.7162340519137703,0.09194896612406511,0.046194456665200175,0.14562252529696437
0.7154255319148937,0.08953900709219859,0.04875886524822695,0.14627659574468085
0.7171139463264409,0.08710954685437748,0.046194456665200175,0.14958205015398152
0.7135922330097088,0.08561341571050309,0.0498676081200353,0.15092674315975288
0.7187772925764192,0.08777292576419214,0.05152838427947598,0.14192139737991266
0.7123287671232876,0.09323906319045515,0.05125939019001326,0.14317277949624393
0.7134119702927042,0.09217999126256007,0.05067715159458279,0.1437308868501529
0.6993435448577681,0.09934354485776806,0.053391684901531726,0.14792122538293218
0.7080194949047408,0.10190518387239698,0.05095259193619849,0.13912272928666372
0.712577502214349,0.09565987599645705,0.05093002657218778,0.1408325952170062
0.7135325131810193,0.09007029876977153,0.05272407732864675,0.14367311072056238
0.7104212860310422,0.08780487804878048,0.0541019955654102,0.1476718403547672
0.7130857648099027,0.08753315649867374,0.04995579133510168,0.14942528735632185
0.712784588441331,0.08800350262697022,0.04816112084063047,0.1510507880910683
0.7191358024691358,0.08862433862433862,0.04938271604938271,0.14285714285714285
0.7176573426573427,0.09134615384615384,0.04895104895104895,0.14204545454545456
0.7238641376268196,0.09042787825319806,0.04852227613586237,0.13718570798411997
0.7209199469261389,0.09332153914197258,0.044228217602830605,0.14153029632905795
0.7197536295644522,0.09150901891772988,0.045314562252529694,0.14342278926528818
0.7176781002638523,0.09146877748460862,0.04661389621811785,0.1442392260334213
0.7139709122961657,0.09475539885412076,0.04363155575143235,0.14764213309828117
0.7131578947368421,0.09298245614035087,0.046052631578947366,0.14780701754385964
0.7052631578947368,0.0969298245614035,0.04692982456140351,0.15087719298245614
0.7029791018230325,0.09515340151178302,0.050689195197865716,0.1511783014673188
0.7035901926444834,0.09763572679509633,0.047285464098073555,0.15148861646234676
0.6984547461368653,0.09624724061810154,0.04812362030905077,0.15717439293598234
0.6958259325044405,0.09813499111900532,0.05106571936056838,0.1549733570159858
0.6859030837004405,0.0960352422907489,0.051982378854625554,0.166079295154185
0.6873633581110625,0.09575863576738085,0.052907739396589416,0.1639702667249672
0.6871138570167696,0.09223300970873786,0.05560458958517211,0.1650485436893204
0.6821808510638298,0.09618794326241134,0.057624113475177305,0.16400709219858156
0.6824353920280333,0.09505037231712658,0.05431449846692948,0.16819973718791065
0.6803023566029346,0.09737661182747888,0.05469097376611828,0.1676300578034682
0.6784452296819788,0.10026501766784453,0.0534452296819788,0.16784452296819788
0.6815789473684211,0.1,0.04956140350877193,0.16885964912280702
0.6786026200873363,0.10218340611353711,0.048034934497816595,0.17117903930131004
0.6721384205856256,0.10869565217391304,0.04569653948535936,0.17346938775510204
0.6723834652594547,0.1059806508355321,0.04397537379067722,0.17766051011433598
0.6745406824146981,0.1062992125984252,0.04374453193350831,0.17541557305336833
0.6722838137472283,0.11219512195121951,0.04301552106430155,0.17250554323725056
0.6681455190771961,0.11224489795918367,0.04702750665483585,0.1725820763087844
0.6653421633554084,0.1130242825607064,0.04900662251655629,0.17262693156732892
0.6699375557537912,0.1079393398751115,0.047725245316681535,0.1743978590544157
0.6700351493848857,0.1023725834797891,0.05008787346221441,0.17750439367311072
0.6725742135578201,0.10544971200708905,0.052281789986708016,0.1696942844483828
0.6785871964679911,0.106401766004415,0.05033112582781457,0.16467991169977925
0.6764576939938624,0.10740903112669882,0.04866286716352477,0.16747040771591407
0.6707800793301014,0.10665491405905686,0.049801674746584396,0.17276333186425738
0.661693725318122,0.10881965774462483,0.05353225098727512,0.17595436594997807
0.6650377609951132,0.10795202132385606,0.051088405153265216,0.17592181252776543
0.6745718050065876,0.10013175230566534,0.049187527448397016,0.17610891523935002
0.6771929824561403,0.09956140350877193,0.04868421052631579,0.17456140350877192
0.6800699300699301,0.09877622377622378,0.046765734265734264,0.1743881118881119
0.6856892010535558,0.09833187006145742,0.04433713784021071,0.17164179104477612
0.6851934192974656,0.09559804357492219,0.04713205869275233,0.17207647843485993
0.686704695041685,0.09697235629662132,0.0443176831943835,0.17200526546731024
0.6900304745319983,0.09751850239442751,0.04397039616891598,0.16848062690465826
0.6923415492957746,0.09595070422535211,0.0448943661971831,0.16681338028169015
0.6956713780918727,0.09496466431095406,0.045053003533568906,0.16431095406360424
0.6960958296362023,0.09627329192546584,0.04303460514640639,0.16459627329192547
0.6973568281938326,0.09515418502202644,0.04449339207048458,0.16299559471365638
0.6969563299514777,0.09572121746801941,0.044111160123511246,0.16321129245699162
0.6919347730277655,0.09739973556632878,0.045394446892904367,0.16527104451300131
0.6953055801594331,0.09787422497785651,0.046058458813108945,0.16076173604960142
0.6961471103327496,0.09982486865148861,0.04553415061295972,0.1584938704028021
0.6970899470899471,0.10229276895943562,0.04365079365079365,0.15696649029982362
0.6992014196983141,0.09937888198757763,0.04392191659272405,0.1574977817213842
0.6962025316455697,0.09864687909209952,0.044522042776080316,0.16062854648625055
0.7007459412022817,0.09521720052654672,0.04475647213690215,0.15928038613426942
0.6993838028169014,0.09815140845070422,0.04445422535211268,0.1580105633802817
0.6990291262135923,0.09620476610767872,0.04766107678729038,0.15710503089143865
0.6973974415527129,0.09616232906925452,0.049404499338332596,0.15703573003970003
0.6943447037701975,0.09560143626570916,0.05206463195691203,0.15798922800718132
0.6980965028773793,0.09384683488269145,0.04736609119079239,0.16069057104913678
0.6938053097345133,0.09646017699115045,0.045575221238938056,0.16415929203539822
0.6864888500218627,0.09619588981198077,0.045474420638390904,0.17184083952776563
0.6873633581110625,0.09619588981198077,0.04634892872759073,0.17009182334936598
0.6968085106382979,0.09264184397163121,0.04609929078014184,0.16445035460992907
0.6954986760812003,0.08781994704324801,0.04810238305383936,0.16857899382171226
0.6872501110617504,0.09107063527321191,0.051088405153265216,0.17059084851177256
0.6863436123348018,0.0907488986784141,0.05066079295154185,0.17224669603524229
0.6786182772190643,0.0905115872321819,0.052470485351989504,0.17839965019676432
0.6793359545653124,0.08868501529051988,0.053735255570117955,0.1782437745740498
0.6830238726790451,0.09062776304155615,0.052608311229000886,0.17374005305039789
0.6871975362956445,0.08974923009238892,0.048834139903211615,0.17421909370875496
0.687389770723104,0.09215167548500881,0.04894179894179894,0.1715167548500882
0.6868421052631579,0.09166666666666666,0.04824561403508772,0.17324561403508773
0.6837229819144244,0.09263343625937362,0.048963387737097484,0.17468019408910454
0.6871165644171779,0.08851884312007012,0.04645048203330412,0.17791411042944785
0.6897923110914715,0.08661069376933274,0.04595669465311533,0.17764030048608043
