R,A,S,N
1.0,0.0,0.0,0.0
1.0,0.0,0.0,0.0
1.0,0.0,0.0,0.0
0.6666666666666666,0.3333333333333333,0.0,0.0
0.5,0.5,0.0,0.0
0.4,0.4,0.2,0.0
0.3333333333333333,0.16666666666666666,0.5,0.0
0.2857142857142857,0.0,0.7142857142857143,0.0
0.25,0.0,0.5,0.25
0.3,0.0,0.5,0.2
0.3,0.0,0.5,0.2
0.2727272727272727,0.09090909090909091,0.36363636363636365,0.2727272727272727
0.16666666666666666,0.0,0.5,0.3333333333333333
0.23076923076923078,0.0,0.5384615384615384,0.23076923076923078
0.07692307692307693,0.15384615384615385,0.6153846153846154,0.15384615384615385
0.15384615384615385,0.07692307692307693,0.6153846153846154,0.15384615384615385
0.2,0.13333333333333333,0.5333333333333333,0.13333333333333333
0.125,0.0625,0.75,0.0625
0.125,0.0625,0.75,0.0625
0.0,0.11764705882352941,0.8235294117647058,0.058823529411764705
0.05555555555555555,0.1111111111111111,0.8333333333333334,0.0
0.21052631578947367,0.05263157894736842,0.7368421052631579,0.0
0.2631578947368421,0.10526315789473684,0.631578947368421,0.0
0.2857142857142857,0.09523809523809523,0.6190476190476191,0.0
0.2631578947368421,0.10526315789473684,0.5789473684210527,0.05263157894736842
0.25,0.15,0.55,0.05
0.23809523809523808,0.19047619047619047,0.47619047619047616,0.09523809523809523
0.09523809523809523,0.3333333333333333,0.5714285714285714,0.0
0.13636363636363635,0.18181818181818182,0.6818181818181818,0.0
0.08695652173913043,0.21739130434782608,0.6956521739130435,0.0
0.13043478260869565,0.21739130434782608,0.6521739130434783,0.0
0.08695652173913043,0.21739130434782608,0.6521739130434783,0.043478260869565216
0.08333333333333333,0.2916666666666667,0.625,0.0
0.0,0.28,0.72,0.0
0.0,0.2608695652173913,0.7391304347826086,0.0
0.0,0.2,0.8,0.0
0.0,0.16,0.84,0.0
0.0,0.20833333333333334,0.7916666666666666,0.0
0.0,0.08695652173913043,0.9130434782608695,0.0
0.0,0.09090909090909091,0.9090909090909091,0.0
0.0,0.08333333333333333,0.8333333333333334,0.08333333333333333
0.0,0.038461538461538464,0.9230769230769231,0.038461538461538464
0.038461538461538464,0.038461538461538464,0.8461538461538461,0.07692307692307693
0.07692307692307693,0.038461538461538464,0.8076923076923077,0.07692307692307693
0.08,0.08,0.72,0.12
0.0,0.11538461538461539,0.7307692307692307,0.15384615384615385
0.0,0.16,0.68,0.16
0.0,0.16666666666666666,0.7083333333333334,0.125
0.0,0.17391304347826086,0.6086956521739131,0.21739130434782608
0.0,0.16,0.68,0.16
0.0,0.24,0.64,0.12
0.041666666666666664,0.25,0.5833333333333334,0.125
0.0,0.36,0.52,0.12
0.0,0.4166666666666667,0.4166666666666667,0.16666666666666666
0.0,0.30434782608695654,0.4782608695652174,0.21739130434782608
0.0,0.28,0.56,0.16
0.038461538461538464,0.3076923076923077,0.5,0.15384615384615385
0.0,0.32,0.48,0.2
0.04,0.36,0.4,0.2
0.038461538461538464,0.46153846153846156,0.2692307692307692,0.23076923076923078
0.16,0.48,0.24,0.12
0.16,0.48,0.24,0.12
0.2222222222222222,0.48148148148148145,0.14814814814814814,0.14814814814814814
0.17857142857142858,0.4642857142857143,0.17857142857142858,0.17857142857142858
0.1724137931034483,0.4827586206896552,0.2413793103448276,0.10344827586206896
0.23333333333333334,0.4,0.26666666666666666,0.1
0.25806451612903225,0.3548387096774194,0.22580645161290322,0.16129032258064516
0.2777777777777778,0.3888888888888889,0.25,0.08333333333333333
0.2972972972972973,0.3783783783783784,0.24324324324324326,0.08108108108108109
0.3157894736842105,0.34210526315789475,0.2631578947368421,0.07894736842105263
0.39473684210526316,0.2894736842105263,0.23684210526315788,0.07894736842105263
0.4358974358974359,0.3076923076923077,0.20512820512820512,0.05128205128205128
0.43902439024390244,0.34146341463414637,0.21951219512195122,0.0
0.36585365853658536,0.4634146341463415,0.17073170731707318,0.0
0.34146341463414637,0.5609756097560976,0.0975609756097561,0.0
0.42105263157894735,0.39473684210526316,0.15789473684210525,0.02631578947368421
0.39473684210526316,0.42105263157894735,0.18421052631578946,0.0
0.41025641025641024,0.4358974358974359,0.15384615384615385,0.0
0.48717948717948717,0.358974358974359,0.1282051282051282,0.02564102564102564
0.5609756097560976,0.2682926829268293,0.12195121951219512,0.04878048780487805
0.5609756097560976,0.21951219512195122,0.12195121951219512,0.0975609756097561
0.525,0.325,0.075,0.075
0.4358974358974359,0.358974358974359,0.07692307692307693,0.1282051282051282
0.47368421052631576,0.34210526315789475,0.07894736842105263,0.10526315789473684
0.5,0.3,0.075,0.125
0.43902439024390244,0.3170731707317073,0.12195121951219512,0.12195121951219512
0.4523809523809524,0.30952380952380953,0.11904761904761904,0.11904761904761904
0.4090909090909091,0.2727272727272727,0.13636363636363635,0.18181818181818182
0.4666666666666667,0.2222222222222222,0.08888888888888889,0.2222222222222222
0.34782608695652173,0.2826086956521739,0.10869565217391304,0.2608695652173913
0.4090909090909091,0.25,0.11363636363636363,0.22727272727272727
0.28888888888888886,0.26666666666666666,0.15555555555555556,0.28888888888888886
0.40425531914893614,0.2127659574468085,0.1276595744680851,0.2553191489361702
0.425531914893617,0.19148936170212766,0.14893617021276595,0.23404255319148937
0.42,0.18,0.14,0.26
0.45098039215686275,0.1568627450980392,0.19607843137254902,0.19607843137254902
0.38,0.18,0.18,0.26
0.44680851063829785,0.1702127659574468,0.1276595744680851,0.2553191489361702
0.4375,0.22916666666666666,0.1875,0.14583333333333334
0.5416666666666666,0.14583333333333334,0.25,0.0625
0.5510204081632653,0.12244897959183673,0.24489795918367346,0.08163265306122448
0.5918367346938775,0.12244897959183673,0.1836734693877551,0.10204081632653061
0.6170212765957447,0.1276595744680851,0.14893617021276595,0.10638297872340426
0.6041666666666666,0.14583333333333334,0.16666666666666666,0.08333333333333333
0.58,0.16,0.2,0.06
0.5833333333333334,0.125,0.20833333333333334,0.08333333333333333
0.5416666666666666,0.08333333333333333,0.2916666666666667,0.08333333333333333
0.58,0.1,0.26,0.06
0.54,0.1,0.28,0.08
0.5208333333333334,0.08333333333333333,0.2708333333333333,0.125
0.6041666666666666,0.0625,0.20833333333333334,0.125
0.6382978723404256,0.06382978723404255,0.2127659574468085,0.0851063829787234
0.6170212765957447,0.10638297872340426,0.19148936170212766,0.0851063829787234
0.6521739130434783,0.10869565217391304,0.17391304347826086,0.06521739130434782
0.6595744680851063,0.1702127659574468,0.10638297872340426,0.06382978723404255
0.6666666666666666,0.14583333333333334,0.10416666666666667,0.08333333333333333
0.6808510638297872,0.0851063829787234,0.1276595744680851,0.10638297872340426
0.6888888888888889,0.06666666666666667,0.15555555555555556,0.08888888888888889
0.75,0.06818181818181818,0.11363636363636363,0.06818181818181818
0.7446808510638298,0.06382978723404255,0.0851063829787234,0.10638297872340426
0.7291666666666666,0.125,0.0625,0.08333333333333333
0.7291666666666666,0.10416666666666667,0.0625,0.10416666666666667
0.7708333333333334,0.0625,0.10416666666666667,0.0625
0.7551020408163265,0.04081632653061224,0.14285714285714285,0.061224489795918366
0.7083333333333334,0.10416666666666667,0.16666666666666666,0.020833333333333332
0.625,0.125,0.25,0.0
0.52,0.1,0.38,0.0
0.5306122448979592,0.14285714285714285,0.32653061224489793,0.0
0.5510204081632653,0.14285714285714285,0.2857142857142857,0.02040816326530612
0.54,0.16,0.28,0.02
0.4897959183673469,0.12244897959183673,0.3469387755102041,0.04081632653061224
0.5434782608695652,0.13043478260869565,0.2608695652173913,0.06521739130434782
0.5106382978723404,0.1276595744680851,0.2765957446808511,0.0851063829787234
0.48936170212765956,0.19148936170212766,0.19148936170212766,0.1276595744680851
0.45652173913043476,0.2608695652173913,0.17391304347826086,0.10869565217391304
0.3617021276595745,0.2765957446808511,0.23404255319148937,0.1276595744680851
0.4166666666666667,0.22916666666666666,0.22916666666666666,0.125
0.5106382978723404,0.14893617021276595,0.23404255319148937,0.10638297872340426
0.4583333333333333,0.1875,0.25,0.10416666666666667
0.4666666666666667,0.2222222222222222,0.26666666666666666,0.044444444444444446
0.4883720930232558,0.23255813953488372,0.23255813953488372,0.046511627906976744
0.3953488372093023,0.23255813953488372,0.3488372093023256,0.023255813953488372
0.35714285714285715,0.2619047619047619,0.38095238095238093,0.0
0.325,0.25,0.4,0.025
0.3333333333333333,0.1794871794871795,0.48717948717948717,0.0
0.3684210526315789,0.15789473684210525,0.47368421052631576,0.0
0.3157894736842105,0.10526315789473684,0.5789473684210527,0.0
0.23684210526315788,0.10526315789473684,0.6578947368421053,0.0
0.24324324324324326,0.13513513513513514,0.6216216216216216,0.0
0.2564102564102564,0.10256410256410256,0.6153846153846154,0.02564102564102564
0.20512820512820512,0.07692307692307693,0.6923076923076923,0.02564102564102564
0.23684210526315788,0.13157894736842105,0.6052631578947368,0.02631578947368421
0.15789473684210525,0.13157894736842105,0.6842105263157895,0.02631578947368421
0.1111111111111111,0.16666666666666666,0.6944444444444444,0.027777777777777776
0.1388888888888889,0.2222222222222222,0.6111111111111112,0.027777777777777776
0.14285714285714285,0.2857142857142857,0.5428571428571428,0.02857142857142857
0.14285714285714285,0.2857142857142857,0.5142857142857142,0.05714285714285714
0.16216216216216217,0.2972972972972973,0.4594594594594595,0.08108108108108109
0.18421052631578946,0.2631578947368421,0.4473684210526316,0.10526315789473684
0.075,0.3,0.5,0.125
0.16666666666666666,0.23809523809523808,0.5238095238095238,0.07142857142857142
0.14285714285714285,0.21428571428571427,0.5714285714285714,0.07142857142857142
0.19047619047619047,0.21428571428571427,0.5238095238095238,0.07142857142857142
0.20930232558139536,0.18604651162790697,0.5348837209302325,0.06976744186046512
0.20930232558139536,0.13953488372093023,0.5813953488372093,0.06976744186046512
0.3,0.15,0.5,0.05
0.225,0.275,0.45,0.05
0.19047619047619047,0.2857142857142857,0.40476190476190477,0.11904761904761904
0.21951219512195122,0.3170731707317073,0.3902439024390244,0.07317073170731707
0.23809523809523808,0.2619047619047619,0.42857142857142855,0.07142857142857142
0.18604651162790697,0.2558139534883721,0.4883720930232558,0.06976744186046512
0.15555555555555556,0.2,0.5777777777777777,0.06666666666666667
0.14583333333333334,0.20833333333333334,0.5833333333333334,0.0625
0.20408163265306123,0.1836734693877551,0.5306122448979592,0.08163265306122448
0.1836734693877551,0.14285714285714285,0.5918367346938775,0.08163265306122448
0.22,0.18,0.52,0.08
0.18,0.2,0.56,0.06
0.09803921568627451,0.19607843137254902,0.6274509803921569,0.0784313725490196
0.07407407407407407,0.14814814814814814,0.6666666666666666,0.1111111111111111
0.05454545454545454,0.23636363636363636,0.6,0.10909090909090909
0.01818181818181818,0.2545454545454545,0.6181818181818182,0.10909090909090909
0.018518518518518517,0.2962962962962963,0.5740740740740741,0.1111111111111111
0.01818181818181818,0.4,0.509090909090909,0.07272727272727272
0.017857142857142856,0.4107142857142857,0.48214285714285715,0.08928571428571429
0.03571428571428571,0.35714285714285715,0.5357142857142857,0.07142857142857142
0.05454545454545454,0.4,0.509090909090909,0.03636363636363636
0.07017543859649122,0.3333333333333333,0.543859649122807,0.05263157894736842
0.07142857142857142,0.2857142857142857,0.5892857142857143,0.05357142857142857
0.07142857142857142,0.39285714285714285,0.4642857142857143,0.07142857142857142
0.09090909090909091,0.32727272727272727,0.509090909090909,0.07272727272727272
0.12962962962962962,0.3148148148148148,0.48148148148148145,0.07407407407407407
0.1346153846153846,0.3076923076923077,0.5192307692307693,0.038461538461538464
0.12,0.36,0.5,0.02
0.12,0.44,0.42,0.02
0.19607843137254902,0.43137254901960786,0.37254901960784315,0.0
0.23076923076923078,0.34615384615384615,0.38461538461538464,0.038461538461538464
0.21153846153846154,0.3076923076923077,0.40384615384615385,0.07692307692307693
0.29411764705882354,0.23529411764705882,0.39215686274509803,0.0784313725490196
0.3137254901960784,0.19607843137254902,0.4117647058823529,0.0784313725490196
0.3076923076923077,0.21153846153846154,0.38461538461538464,0.09615384615384616
0.36538461538461536,0.21153846153846154,0.36538461538461536,0.057692307692307696
0.39622641509433965,0.22641509433962265,0.33962264150943394,0.03773584905660377
0.42592592592592593,0.24074074074074073,0.2777777777777778,0.05555555555555555
0.4909090909090909,0.2545454545454545,0.21818181818181817,0.03636363636363636
0.509090909090909,0.23636363636363636,0.2,0.05454545454545454
0.42857142857142855,0.23214285714285715,0.30357142857142855,0.03571428571428571
0.5263157894736842,0.19298245614035087,0.2807017543859649,0.0
0.5,0.14814814814814814,0.3333333333333333,0.018518518518518517
0.46153846153846156,0.17307692307692307,0.3269230769230769,0.038461538461538464
0.39215686274509803,0.17647058823529413,0.39215686274509803,0.0392156862745098
0.38461538461538464,0.15384615384615385,0.4230769230769231,0.038461538461538464
0.3333333333333333,0.1568627450980392,0.43137254901960786,0.0784313725490196
0.21568627450980393,0.17647058823529413,0.49019607843137253,0.11764705882352941
0.20408163265306123,0.20408163265306123,0.42857142857142855,0.16326530612244897
0.24,0.12,0.4,0.24
0.2857142857142857,0.1836734693877551,0.3673469387755102,0.16326530612244897
0.2708333333333333,0.25,0.3333333333333333,0.14583333333333334
0.1875,0.20833333333333334,0.4375,0.16666666666666666
0.19607843137254902,0.2549019607843137,0.43137254901960786,0.11764705882352941
0.22916666666666666,0.2708333333333333,0.3541666666666667,0.14583333333333334
0.22916666666666666,0.3333333333333333,0.3125,0.125
0.3125,0.3125,0.25,0.125
0.26,0.3,0.26,0.18
0.25,0.38461538461538464,0.21153846153846154,0.15384615384615385
0.2641509433962264,0.41509433962264153,0.16981132075471697,0.1509433962264151
0.23529411764705882,0.39215686274509803,0.19607843137254902,0.17647058823529413
0.24489795918367346,0.3469387755102041,0.22448979591836735,0.1836734693877551
0.23404255319148937,0.3829787234042553,0.1702127659574468,0.2127659574468085
0.2608695652173913,0.3695652173913043,0.17391304347826086,0.1956521739130435
0.2765957446808511,0.3191489361702128,0.2127659574468085,0.19148936170212766
0.2653061224489796,0.2653061224489796,0.20408163265306123,0.2653061224489796
0.24489795918367346,0.3469387755102041,0.12244897959183673,0.2857142857142857
0.26,0.32,0.1,0.32
0.29411764705882354,0.23529411764705882,0.13725490196078433,0.3333333333333333
0.32,0.22,0.08,0.38
0.2708333333333333,0.2916666666666667,0.0625,0.375
0.2765957446808511,0.1702127659574468,0.10638297872340426,0.44680851063829785
0.2857142857142857,0.10204081632653061,0.14285714285714285,0.46938775510204084
0.26,0.06,0.22,0.46
0.34,0.1,0.22,0.34
0.3,0.14,0.26,0.3
0.2857142857142857,0.12244897959183673,0.32653061224489793,0.2653061224489796
0.40425531914893614,0.0851063829787234,0.2553191489361702,0.2553191489361702
0.375,0.10416666666666667,0.1875,0.3333333333333333
0.24,0.08,0.34,0.34
0.25,0.10416666666666667,0.3541666666666667,0.2916666666666667
0.36,0.06,0.32,0.26
0.3,0.1,0.32,0.28
0.36,0.06,0.26,0.32
0.32653061224489793,0.061224489795918366,0.2653061224489796,0.3469387755102041
0.2916666666666667,0.14583333333333334,0.22916666666666666,0.3333333333333333
0.2765957446808511,0.19148936170212766,0.1702127659574468,0.3617021276595745
0.30434782608695654,0.15217391304347827,0.1956521739130435,0.34782608695652173
0.26666666666666666,0.2222222222222222,0.2,0.3111111111111111
0.2222222222222222,0.2222222222222222,0.24444444444444444,0.3111111111111111
0.2708333333333333,0.1875,0.20833333333333334,0.3333333333333333
0.19148936170212766,0.1702127659574468,0.2765957446808511,0.3617021276595745
0.15555555555555556,0.1111111111111111,0.2222222222222222,0.5111111111111111
0.11627906976744186,0.11627906976744186,0.16279069767441862,0.6046511627906976
0.18604651162790697,0.13953488372093023,0.16279069767441862,0.5116279069767442
0.11363636363636363,0.09090909090909091,0.1590909090909091,0.6363636363636364
0.15217391304347827,0.08695652173913043,0.15217391304347827,0.6086956521739131
0.17391304347826086,0.08695652173913043,0.1956521739130435,0.5434782608695652
0.1702127659574468,0.1276595744680851,0.1702127659574468,0.5319148936170213
0.20833333333333334,0.16666666666666666,0.16666666666666666,0.4583333333333333
0.19607843137254902,0.19607843137254902,0.17647058823529413,0.43137254901960786
0.16981132075471697,0.24528301886792453,0.1509433962264151,0.4339622641509434
0.22641509433962265,0.24528301886792453,0.07547169811320754,0.4528301886792453
0.22641509433962265,0.16981132075471697,0.1509433962264151,0.4528301886792453
0.2545454545454545,0.16363636363636364,0.2,0.38181818181818183
0.23214285714285715,0.19642857142857142,0.21428571428571427,0.35714285714285715
0.24561403508771928,0.14035087719298245,0.3157894736842105,0.2982456140350877
0.21052631578947367,0.19298245614035087,0.3157894736842105,0.2807017543859649
0.2037037037037037,0.18518518518518517,0.2777777777777778,0.3333333333333333
0.2,0.23636363636363636,0.23636363636363636,0.32727272727272727
0.23636363636363636,0.2909090909090909,0.16363636363636364,0.3090909090909091
0.23214285714285715,0.30357142857142855,0.19642857142857142,0.26785714285714285
0.2641509433962264,0.22641509433962265,0.2641509433962264,0.24528301886792453
0.2692307692307692,0.19230769230769232,0.3269230769230769,0.21153846153846154
0.2549019607843137,0.23529411764705882,0.27450980392156865,0.23529411764705882
0.19230769230769232,0.23076923076923078,0.25,0.3269230769230769
0.23529411764705882,0.23529411764705882,0.17647058823529413,0.35294117647058826
0.24528301886792453,0.18867924528301888,0.1509433962264151,0.41509433962264153
0.2545454545454545,0.2,0.16363636363636364,0.38181818181818183
0.23636363636363636,0.18181818181818182,0.18181818181818182,0.4
0.20689655172413793,0.1896551724137931,0.22413793103448276,0.3793103448275862
0.21052631578947367,0.17543859649122806,0.3157894736842105,0.2982456140350877
0.2545454545454545,0.12727272727272726,0.23636363636363636,0.38181818181818183
0.3076923076923077,0.23076923076923078,0.11538461538461539,0.34615384615384615
0.2549019607843137,0.21568627450980393,0.13725490196078433,0.39215686274509803
0.27450980392156865,0.17647058823529413,0.13725490196078433,0.4117647058823529
0.35294117647058826,0.17647058823529413,0.11764705882352941,0.35294117647058826
0.42592592592592593,0.1111111111111111,0.14814814814814814,0.3148148148148148
0.5535714285714286,0.03571428571428571,0.17857142857142858,0.23214285714285715
0.5185185185185185,0.05555555555555555,0.16666666666666666,0.25925925925925924
0.5471698113207547,0.03773584905660377,0.1320754716981132,0.2830188679245283
0.5769230769230769,0.038461538461538464,0.07692307692307693,0.3076923076923077
0.46153846153846156,0.019230769230769232,0.15384615384615385,0.36538461538461536
0.46296296296296297,0.0,0.18518518518518517,0.35185185185185186
0.4444444444444444,0.0,0.16666666666666666,0.3888888888888889
0.45098039215686275,0.0392156862745098,0.17647058823529413,0.3333333333333333
0.3673469387755102,0.08163265306122448,0.22448979591836735,0.32653061224489793
0.375,0.041666666666666664,0.20833333333333334,0.375
0.5,0.043478260869565216,0.17391304347826086,0.2826086956521739
0.48936170212765956,0.06382978723404255,0.1276595744680851,0.3191489361702128
0.3829787234042553,0.10638297872340426,0.1276595744680851,0.3829787234042553
0.4166666666666667,0.16666666666666666,0.14583333333333334,0.2708333333333333
0.3191489361702128,0.2127659574468085,0.14893617021276595,0.3191489361702128
0.3125,0.16666666666666666,0.1875,0.3333333333333333
0.30612244897959184,0.22448979591836735,0.1836734693877551,0.2857142857142857
0.2765957446808511,0.2765957446808511,0.19148936170212766,0.2553191489361702
0.3958333333333333,0.20833333333333334,0.16666666666666666,0.22916666666666666
0.3695652173913043,0.1956521739130435,0.17391304347826086,0.2608695652173913
0.5,0.20833333333333334,0.10416666666666667,0.1875
0.46938775510204084,0.1836734693877551,0.14285714285714285,0.20408163265306123
0.4375,0.20833333333333334,0.14583333333333334,0.20833333333333334
0.425531914893617,0.1702127659574468,0.1276595744680851,0.2765957446808511
0.4418604651162791,0.11627906976744186,0.06976744186046512,0.37209302325581395
0.4,0.08888888888888889,0.044444444444444446,0.4666666666666667
0.4090909090909091,0.09090909090909091,0.09090909090909091,0.4090909090909091
0.4222222222222222,0.1111111111111111,0.2,0.26666666666666666
0.35714285714285715,0.16666666666666666,0.23809523809523808,0.23809523809523808
0.30952380952380953,0.21428571428571427,0.21428571428571427,0.2619047619047619
0.35714285714285715,0.23809523809523808,0.21428571428571427,0.19047619047619047
0.41304347826086957,0.2391304347826087,0.15217391304347827,0.1956521739130435
0.45652173913043476,0.2608695652173913,0.06521739130434782,0.21739130434782608
0.6444444444444445,0.17777777777777778,0.044444444444444446,0.13333333333333333
0.6444444444444445,0.15555555555555556,0.08888888888888889,0.1111111111111111
0.6511627906976745,0.13953488372093023,0.11627906976744186,0.09302325581395349
0.6444444444444445,0.1111111111111111,0.17777777777777778,0.06666666666666667
0.6666666666666666,0.1111111111111111,0.17777777777777778,0.044444444444444446
0.7555555555555555,0.1111111111111111,0.08888888888888889,0.044444444444444446
0.7045454545454546,0.1590909090909091,0.09090909090909091,0.045454545454545456
0.6222222222222222,0.2222222222222222,0.06666666666666667,0.08888888888888889
0.6744186046511628,0.16279069767441862,0.06976744186046512,0.09302325581395349
0.7441860465116279,0.09302325581395349,0.06976744186046512,0.09302325581395349
0.7619047619047619,0.09523809523809523,0.0,0.14285714285714285
0.8048780487804879,0.04878048780487805,0.0,0.14634146341463414
0.7317073170731707,0.04878048780487805,0.0,0.21951219512195122
0.6829268292682927,0.04878048780487805,0.0,0.2682926829268293
0.7142857142857143,0.0,0.0,0.2857142857142857
0.65,0.0,0.0,0.35
0.675,0.025,0.0,0.3
0.6666666666666666,0.02564102564102564,0.0,0.3076923076923077
0.6341463414634146,0.0,0.0,0.36585365853658536
0.6190476190476191,0.0,0.07142857142857142,0.30952380952380953
0.5227272727272727,0.022727272727272728,0.09090909090909091,0.36363636363636365
0.5681818181818182,0.045454545454545456,0.045454545454545456,0.3409090909090909
0.5227272727272727,0.06818181818181818,0.06818181818181818,0.3409090909090909
0.5555555555555556,0.044444444444444446,0.06666666666666667,0.3333333333333333
0.4883720930232558,0.06976744186046512,0.09302325581395349,0.3488372093023256
0.46511627906976744,0.06976744186046512,0.09302325581395349,0.37209302325581395
0.4186046511627907,0.09302325581395349,0.11627906976744186,0.37209302325581395
0.38095238095238093,0.09523809523809523,0.11904761904761904,0.40476190476190477
0.37209302325581395,0.09302325581395349,0.13953488372093023,0.3953488372093023
0.4318181818181818,0.045454545454545456,0.20454545454545456,0.3181818181818182
0.4418604651162791,0.09302325581395349,0.18604651162790697,0.27906976744186046
0.40476190476190477,0.09523809523809523,0.21428571428571427,0.2857142857142857
0.4772727272727273,0.045454545454545456,0.29545454545454547,0.18181818181818182
0.46511627906976744,0.023255813953488372,0.32558139534883723,0.18604651162790697
0.5,0.022727272727272728,0.29545454545454547,0.18181818181818182
0.5116279069767442,0.046511627906976744,0.16279069767441862,0.27906976744186046
0.4418604651162791,0.06976744186046512,0.2558139534883721,0.23255813953488372
0.5,0.06818181818181818,0.20454545454545456,0.22727272727272727
0.4878048780487805,0.04878048780487805,0.17073170731707318,0.2926829268292683
0.4418604651162791,0.0,0.23255813953488372,0.32558139534883723
0.4772727272727273,0.0,0.25,0.2727272727272727
0.4888888888888889,0.0,0.26666666666666666,0.24444444444444444
0.40425531914893614,0.0,0.2978723404255319,0.2978723404255319
0.425531914893617,0.0425531914893617,0.3191489361702128,0.2127659574468085
0.3333333333333333,0.044444444444444446,0.4222222222222222,0.2
0.391304347826087,0.043478260869565216,0.34782608695652173,0.21739130434782608
0.3409090909090909,0.045454545454545456,0.3181818181818182,0.29545454545454547
0.4090909090909091,0.09090909090909091,0.20454545454545456,0.29545454545454547
0.36363636363636365,0.06818181818181818,0.20454545454545456,0.36363636363636365
0.3409090909090909,0.09090909090909091,0.22727272727272727,0.3409090909090909
0.3333333333333333,0.06666666666666667,0.26666666666666666,0.3333333333333333
0.2826086956521739,0.10869565217391304,0.2391304347826087,0.3695652173913043
0.2391304347826087,0.10869565217391304,0.2391304347826087,0.41304347826086957
0.2,0.06666666666666667,0.24444444444444444,0.4888888888888889
0.21739130434782608,0.043478260869565216,0.2391304347826087,0.5
0.22727272727272727,0.045454545454545456,0.29545454545454547,0.4318181818181818
0.3488372093023256,0.046511627906976744,0.2558139534883721,0.3488372093023256
0.37209302325581395,0.06976744186046512,0.20930232558139536,0.3488372093023256
0.45454545454545453,0.0,0.20454545454545456,0.3409090909090909
0.4666666666666667,0.022222222222222223,0.2,0.3111111111111111
0.4418604651162791,0.11627906976744186,0.11627906976744186,0.32558139534883723
0.4090909090909091,0.1590909090909091,0.13636363636363635,0.29545454545454547
0.37777777777777777,0.2,0.13333333333333333,0.28888888888888886
0.425531914893617,0.23404255319148937,0.1276595744680851,0.2127659574468085
0.4166666666666667,0.22916666666666666,0.10416666666666667,0.25
0.3617021276595745,0.2765957446808511,0.1702127659574468,0.19148936170212766
0.37777777777777777,0.28888888888888886,0.24444444444444444,0.08888888888888889
0.2222222222222222,0.35555555555555557,0.3111111111111111,0.1111111111111111
0.1956521739130435,0.3695652173913043,0.30434782608695654,0.13043478260869565
0.20930232558139536,0.37209302325581395,0.3488372093023256,0.06976744186046512
0.16666666666666666,0.4523809523809524,0.2857142857142857,0.09523809523809523
0.19047619047619047,0.40476190476190477,0.3333333333333333,0.07142857142857142
0.18181818181818182,0.4090909090909091,0.36363636363636365,0.045454545454545456
0.29545454545454547,0.38636363636363635,0.2727272727272727,0.045454545454545456
0.28888888888888886,0.4,0.26666666666666666,0.044444444444444446
0.3695652173913043,0.3695652173913043,0.2391304347826087,0.021739130434782608
0.3695652173913043,0.32608695652173914,0.2608695652173913,0.043478260869565216
0.3181818181818182,0.45454545454545453,0.20454545454545456,0.022727272727272728
0.3488372093023256,0.46511627906976744,0.18604651162790697,0.0
0.275,0.45,0.275,0.0
0.19047619047619047,0.47619047619047616,0.3333333333333333,0.0
0.09090909090909091,0.5681818181818182,0.3409090909090909,0.0
0.125,0.525,0.35,0.0
0.05263157894736842,0.5263157894736842,0.42105263157894735,0.0
0.02631578947368421,0.5263157894736842,0.4473684210526316,0.0
0.0,0.6153846153846154,0.38461538461538464,0.0
0.0,0.5897435897435898,0.41025641025641024,0.0
0.05263157894736842,0.6052631578947368,0.34210526315789475,0.0
0.05714285714285714,0.5714285714285714,0.37142857142857144,0.0
0.0,0.6666666666666666,0.3333333333333333,0.0
0.0,0.6944444444444444,0.3055555555555556,0.0
0.02631578947368421,0.7105263157894737,0.2631578947368421,0.0
0.05263157894736842,0.631578947368421,0.3157894736842105,0.0
0.05,0.55,0.4,0.0
0.047619047619047616,0.5714285714285714,0.38095238095238093,0.0
0.06976744186046512,0.5116279069767442,0.4186046511627907,0.0
0.1590909090909091,0.38636363636363635,0.45454545454545453,0.0
0.075,0.45,0.475,0.0
0.07142857142857142,0.4523809523809524,0.47619047619047616,0.0
0.1282051282051282,0.41025641025641024,0.46153846153846156,0.0
0.10256410256410256,0.38461538461538464,0.5128205128205128,0.0
0.1111111111111111,0.3888888888888889,0.4722222222222222,0.027777777777777776
0.1388888888888889,0.2777777777777778,0.5277777777777778,0.05555555555555555
0.15151515151515152,0.2727272727272727,0.48484848484848486,0.09090909090909091
0.15151515151515152,0.2727272727272727,0.48484848484848486,0.09090909090909091
0.18181818181818182,0.24242424242424243,0.48484848484848486,0.09090909090909091
0.16666666666666666,0.23333333333333334,0.5,0.1
0.14705882352941177,0.2647058823529412,0.4411764705882353,0.14705882352941177
0.11764705882352941,0.35294117647058826,0.47058823529411764,0.058823529411764705
0.14705882352941177,0.3235294117647059,0.5,0.029411764705882353
0.11428571428571428,0.37142857142857144,0.45714285714285713,0.05714285714285714
0.16666666666666666,0.3888888888888889,0.3888888888888889,0.05555555555555555
0.16216216216216217,0.35135135135135137,0.43243243243243246,0.05405405405405406
0.24324324324324326,0.2972972972972973,0.40540540540540543,0.05405405405405406
0.35135135135135137,0.2702702702702703,0.3783783783783784,0.0
0.43243243243243246,0.1891891891891892,0.32432432432432434,0.05405405405405406
0.4,0.2571428571428571,0.2857142857142857,0.05714285714285714
0.5,0.20588235294117646,0.23529411764705882,0.058823529411764705
0.5882352941176471,0.14705882352941177,0.23529411764705882,0.029411764705882353
0.59375,0.15625,0.21875,0.03125
0.5625,0.125,0.21875,0.09375
0.46875,0.15625,0.28125,0.09375
0.3939393939393939,0.12121212121212122,0.36363636363636365,0.12121212121212122
0.4117647058823529,0.11764705882352941,0.35294117647058826,0.11764705882352941
0.3142857142857143,0.05714285714285714,0.45714285714285713,0.17142857142857143
0.23529411764705882,0.058823529411764705,0.5588235294117647,0.14705882352941177
0.18181818181818182,0.09090909090909091,0.5151515151515151,0.21212121212121213
0.11764705882352941,0.14705882352941177,0.47058823529411764,0.2647058823529412
0.029411764705882353,0.17647058823529413,0.5294117647058824,0.2647058823529412
0.02857142857142857,0.22857142857142856,0.5142857142857142,0.22857142857142856
0.0,0.2777777777777778,0.5,0.2222222222222222
0.0,0.3157894736842105,0.5263157894736842,0.15789473684210525
0.0,0.3333333333333333,0.4722222222222222,0.19444444444444445
0.02702702702702703,0.3783783783783784,0.43243243243243246,0.16216216216216217
0.05555555555555555,0.3611111111111111,0.3888888888888889,0.19444444444444445
0.1111111111111111,0.3611111111111111,0.3611111111111111,0.16666666666666666
0.2222222222222222,0.25,0.4166666666666667,0.1111111111111111
0.17142857142857143,0.2,0.4857142857142857,0.14285714285714285
0.11764705882352941,0.17647058823529413,0.5588235294117647,0.14705882352941177
0.05555555555555555,0.1388888888888889,0.6666666666666666,0.1388888888888889
0.05405405405405406,0.10810810810810811,0.6486486486486487,0.1891891891891892
0.02702702702702703,0.16216216216216217,0.6216216216216216,0.1891891891891892
0.02702702702702703,0.08108108108108109,0.6756756756756757,0.21621621621621623
0.02702702702702703,0.05405405405405406,0.6486486486486487,0.2702702702702703
0.05263157894736842,0.07894736842105263,0.4473684210526316,0.42105263157894735
0.02702702702702703,0.10810810810810811,0.4594594594594595,0.40540540540540543
0.07692307692307693,0.1282051282051282,0.4358974358974359,0.358974358974359
0.11904761904761904,0.16666666666666666,0.35714285714285715,0.35714285714285715
0.1951219512195122,0.17073170731707318,0.3170731707317073,0.3170731707317073
0.23255813953488372,0.18604651162790697,0.3023255813953488,0.27906976744186046
0.26666666666666666,0.17777777777777778,0.24444444444444444,0.3111111111111111
0.25,0.1590909090909091,0.25,0.3409090909090909
0.24444444444444444,0.13333333333333333,0.26666666666666666,0.35555555555555557
0.1276595744680851,0.0851063829787234,0.3404255319148936,0.44680851063829785
0.2,0.15555555555555556,0.3111111111111111,0.3333333333333333
0.17777777777777778,0.17777777777777778,0.37777777777777777,0.26666666666666666
0.17777777777777778,0.17777777777777778,0.37777777777777777,0.26666666666666666
0.13333333333333333,0.15555555555555556,0.4666666666666667,0.24444444444444444
0.18181818181818182,0.13636363636363635,0.4772727272727273,0.20454545454545456
0.16279069767441862,0.09302325581395349,0.5116279069767442,0.23255813953488372
0.16666666666666666,0.07142857142857142,0.5,0.2619047619047619
0.23255813953488372,0.023255813953488372,0.46511627906976744,0.27906976744186046
0.22727272727272727,0.022727272727272728,0.5227272727272727,0.22727272727272727
0.26666666666666666,0.022222222222222223,0.4888888888888889,0.2222222222222222
0.3111111111111111,0.022222222222222223,0.4888888888888889,0.17777777777777778
0.3409090909090909,0.045454545454545456,0.38636363636363635,0.22727272727272727
0.3333333333333333,0.022222222222222223,0.37777777777777777,0.26666666666666666
0.2558139534883721,0.023255813953488372,0.3953488372093023,0.32558139534883723
0.2682926829268293,0.024390243902439025,0.36585365853658536,0.34146341463414637
0.35,0.0,0.4,0.25
0.4358974358974359,0.0,0.28205128205128205,0.28205128205128205
0.375,0.0,0.3,0.325
0.358974358974359,0.0,0.28205128205128205,0.358974358974359
0.3,0.05,0.325,0.325
0.2682926829268293,0.07317073170731707,0.21951219512195122,0.43902439024390244
0.23809523809523808,0.047619047619047616,0.2857142857142857,0.42857142857142855
0.2558139534883721,0.046511627906976744,0.3023255813953488,0.3953488372093023
0.29545454545454547,0.045454545454545456,0.2727272727272727,0.38636363636363635
0.35555555555555557,0.022222222222222223,0.24444444444444444,0.37777777777777777
0.3695652173913043,0.021739130434782608,0.2608695652173913,0.34782608695652173
0.3333333333333333,0.044444444444444446,0.28888888888888886,0.3333333333333333
0.2727272727272727,0.045454545454545456,0.3181818181818182,0.36363636363636365
0.2608695652173913,0.021739130434782608,0.2608695652173913,0.45652173913043476
0.30434782608695654,0.021739130434782608,0.2391304347826087,0.43478260869565216
0.3191489361702128,0.0425531914893617,0.2127659574468085,0.425531914893617
0.26,0.06,0.24,0.44
0.2549019607843137,0.0,0.27450980392156865,0.47058823529411764
0.19607843137254902,0.0,0.29411764705882354,0.5098039215686274
0.1836734693877551,0.0,0.24489795918367346,0.5714285714285714
0.2127659574468085,0.0,0.2978723404255319,0.48936170212765956
0.3617021276595745,0.0,0.1702127659574468,0.46808510638297873
0.425531914893617,0.02127659574468085,0.1702127659574468,0.3829787234042553
0.40425531914893614,0.0425531914893617,0.14893617021276595,0.40425531914893614
0.3617021276595745,0.06382978723404255,0.0851063829787234,0.48936170212765956
0.375,0.041666666666666664,0.041666666666666664,0.5416666666666666
0.3877551020408163,0.04081632653061224,0.04081632653061224,0.5306122448979592
0.46938775510204084,0.02040816326530612,0.061224489795918366,0.4489795918367347
0.46938775510204084,0.0,0.14285714285714285,0.3877551020408163
0.4583333333333333,0.020833333333333332,0.14583333333333334,0.375
0.5102040816326531,0.04081632653061224,0.16326530612244897,0.2857142857142857
0.5,0.0625,0.125,0.3125
0.43478260869565216,0.06521739130434782,0.10869565217391304,0.391304347826087
0.3191489361702128,0.0851063829787234,0.14893617021276595,0.44680851063829785
0.3617021276595745,0.10638297872340426,0.1276595744680851,0.40425531914893614
0.3673469387755102,0.10204081632653061,0.16326530612244897,0.3673469387755102
0.3617021276595745,0.0851063829787234,0.1276595744680851,0.425531914893617
0.2608695652173913,0.10869565217391304,0.15217391304347827,0.4782608695652174
0.23404255319148937,0.19148936170212766,0.1276595744680851,0.44680851063829785
0.2916666666666667,0.1875,0.14583333333333334,0.375
0.3333333333333333,0.10416666666666667,0.16666666666666666,0.3958333333333333
0.32653061224489793,0.12244897959183673,0.16326530612244897,0.3877551020408163
0.3404255319148936,0.1702127659574468,0.1276595744680851,0.3617021276595745
0.32608695652173914,0.15217391304347827,0.13043478260869565,0.391304347826087
0.35555555555555557,0.13333333333333333,0.1111111111111111,0.4
0.28888888888888886,0.08888888888888889,0.13333333333333333,0.4888888888888889
0.2391304347826087,0.10869565217391304,0.13043478260869565,0.5217391304347826
0.3111111111111111,0.08888888888888889,0.08888888888888889,0.5111111111111111
0.32653061224489793,0.08163265306122448,0.061224489795918366,0.5306122448979592
0.28,0.06,0.08,0.58
0.25,0.057692307692307696,0.09615384615384616,0.5961538461538461
0.2641509433962264,0.05660377358490566,0.09433962264150944,0.5849056603773585
0.2830188679245283,0.07547169811320754,0.07547169811320754,0.5660377358490566
0.3148148148148148,0.1111111111111111,0.05555555555555555,0.5185185185185185
0.32142857142857145,0.125,0.03571428571428571,0.5178571428571429
0.38181818181818183,0.14545454545454545,0.03636363636363636,0.43636363636363634
0.44642857142857145,0.21428571428571427,0.03571428571428571,0.30357142857142855
0.43636363636363634,0.21818181818181817,0.05454545454545454,0.2909090909090909
0.41818181818181815,0.2545454545454545,0.03636363636363636,0.2909090909090909
0.42857142857142855,0.25,0.07142857142857142,0.25
0.43103448275862066,0.2413793103448276,0.08620689655172414,0.2413793103448276
0.3898305084745763,0.3050847457627119,0.06779661016949153,0.23728813559322035
0.4576271186440678,0.2033898305084746,0.06779661016949153,0.2711864406779661
0.4918032786885246,0.13114754098360656,0.08196721311475409,0.29508196721311475
0.532258064516129,0.08064516129032258,0.11290322580645161,0.27419354838709675
0.546875,0.125,0.125,0.203125
0.4375,0.171875,0.171875,0.21875
0.36923076923076925,0.18461538461538463,0.23076923076923078,0.2153846153846154
0.3968253968253968,0.25396825396825395,0.20634920634920634,0.14285714285714285
0.38095238095238093,0.30158730158730157,0.20634920634920634,0.1111111111111111
0.38095238095238093,0.31746031746031744,0.15873015873015872,0.14285714285714285
0.359375,0.390625,0.109375,0.140625
0.3125,0.421875,0.109375,0.15625
0.26229508196721313,0.4262295081967213,0.14754098360655737,0.16393442622950818
0.20967741935483872,0.46774193548387094,0.16129032258064516,0.16129032258064516
0.171875,0.484375,0.15625,0.1875
0.16923076923076924,0.5076923076923077,0.12307692307692308,0.2
0.2,0.5384615384615384,0.12307692307692308,0.13846153846153847
0.18181818181818182,0.5303030303030303,0.15151515151515152,0.13636363636363635
0.15942028985507245,0.5942028985507246,0.13043478260869565,0.11594202898550725
0.14492753623188406,0.6086956521739131,0.10144927536231885,0.14492753623188406
0.18181818181818182,0.5,0.13636363636363635,0.18181818181818182
0.18181818181818182,0.48484848484848486,0.15151515151515152,0.18181818181818182
0.16923076923076924,0.4153846153846154,0.18461538461538463,0.23076923076923078
0.19696969696969696,0.3787878787878788,0.21212121212121213,0.21212121212121213
0.21875,0.359375,0.171875,0.25
0.27692307692307694,0.3076923076923077,0.12307692307692308,0.2923076923076923
0.26865671641791045,0.34328358208955223,0.14925373134328357,0.23880597014925373
0.27692307692307694,0.3076923076923077,0.16923076923076924,0.24615384615384617
0.22058823529411764,0.27941176470588236,0.23529411764705882,0.2647058823529412
0.2535211267605634,0.23943661971830985,0.2535211267605634,0.2535211267605634
0.20270270270270271,0.21621621621621623,0.2972972972972973,0.28378378378378377
0.2,0.22666666666666666,0.30666666666666664,0.26666666666666666
0.18181818181818182,0.19480519480519481,0.3246753246753247,0.2987012987012987
0.2077922077922078,0.19480519480519481,0.2987012987012987,0.2987012987012987
0.1794871794871795,0.2564102564102564,0.23076923076923078,0.3333333333333333
0.1794871794871795,0.20512820512820512,0.23076923076923078,0.38461538461538464
0.1518987341772152,0.22784810126582278,0.21518987341772153,0.4050632911392405
0.16883116883116883,0.18181818181818182,0.23376623376623376,0.4155844155844156
0.19480519480519481,0.22077922077922077,0.22077922077922077,0.36363636363636365
0.25316455696202533,0.189873417721519,0.22784810126582278,0.3291139240506329
0.25925925925925924,0.2222222222222222,0.2345679012345679,0.2839506172839506
0.2625,0.175,0.2875,0.275
0.2948717948717949,0.19230769230769232,0.2692307692307692,0.24358974358974358
0.2625,0.15,0.325,0.2625
0.26666666666666666,0.17333333333333334,0.3333333333333333,0.22666666666666666
0.2602739726027397,0.1506849315068493,0.3561643835616438,0.2328767123287671
0.1917808219178082,0.2191780821917808,0.3150684931506849,0.273972602739726
