R,A,S,N
0.0,0.0,1.0,0.0
0.0,0.0,0.5,0.5
0.0,0.2222222222222222,0.3333333333333333,0.4444444444444444
0.0,0.2222222222222222,0.3333333333333333,0.4444444444444444
0.0,0.16129032258064516,0.3225806451612903,0.5161290322580645
0.0,0.16071428571428573,0.3392857142857143,0.5
0.0,0.18518518518518517,0.32098765432098764,0.49382716049382713
0.014925373134328358,0.17164179104477612,0.3208955223880597,0.4925373134328358
0.019801980198019802,0.1485148514851485,0.3069306930693069,0.5247524752475248
0.021505376344086023,0.16487455197132617,0.30824372759856633,0.5053763440860215
0.0316622691292876,0.16358839050131926,0.30606860158311344,0.49868073878627966
0.04330708661417323,0.17519685039370078,0.2755905511811024,0.5059055118110236
0.050078247261345854,0.18622848200312989,0.26917057902973396,0.4945226917057903
0.05725190839694656,0.1806615776081425,0.25190839694656486,0.510178117048346
0.06859592711682744,0.18542336548767416,0.2433011789924973,0.5026795284030011
0.07488584474885844,0.19360730593607306,0.23470319634703196,0.4968036529680365
0.0782472613458529,0.1838810641627543,0.21439749608763695,0.5234741784037559
0.08321964529331514,0.19304229195088676,0.2073669849931787,0.5163710777626194
0.07911001236093942,0.19097651421508036,0.19901112484548825,0.530902348578492
0.0866783013379872,0.18964514252472367,0.1977894124490983,0.5258871436881908
0.08588298443370908,0.18947933440687065,0.19431025228126678,0.5303274288781535
0.09193054136874361,0.1874361593462717,0.18794688457609807,0.5326864147088867
0.0938715953307393,0.1930933852140078,0.1828793774319066,0.5301556420233463
0.09205607476635513,0.20327102803738317,0.17476635514018693,0.5299065420560748
0.09111826967326277,0.2112287160607455,0.17211228716060745,0.5255407271053842
0.0962566844919786,0.20677361853832443,0.1711229946524064,0.5258467023172906
0.09578713968957872,0.21108647450110865,0.1720620842572062,0.5210643015521065
0.09796999117387467,0.20741394527802295,0.16372462488967343,0.5308914386584289
0.10048266783677051,0.21763931548924967,0.1636682755594559,0.5182097411145239
0.10314298362107127,0.21248339973439576,0.16555998229305002,0.518813634351483
0.09739973556632878,0.22124283825473778,0.16438959894226532,0.5169678272366681
0.10423026602703882,0.22023549934583514,0.16964675098124726,0.5058874836458788
0.10620629370629371,0.21853146853146854,0.16783216783216784,0.5074300699300699
0.104870557261957,0.2233435717419921,0.17419921017990347,0.49758666081614744
0.1096859796550199,0.22025652366209642,0.16585581601061478,0.5042016806722689
0.11382836816362828,0.21831925300133392,0.16096042685638062,0.5068919519786572
0.11570611526616806,0.22261328640563133,0.15882094148702156,0.5028596568411791
0.11447368421052631,0.2219298245614035,0.15745614035087718,0.506140350877193
0.11848552338530066,0.22360801781737194,0.15857461024498887,0.49933184855233853
0.12252093433230499,0.22256500661084178,0.15866020273248127,0.49625385632437197
0.12377994676131322,0.22803904170363798,0.15616681455190773,0.4920141969831411
0.12494461674789543,0.23260965883916704,0.15728843597696057,0.48515728843597694
0.1301098901098901,0.2276923076923077,0.15472527472527473,0.48747252747252745
0.13222416812609458,0.2276707530647986,0.15192644483362522,0.4881786339754816
0.13159060700044306,0.22773593265396544,0.15507310589277803,0.48560035445281347
0.1303769401330377,0.22660753880266074,0.1631929046563193,0.47982261640798224
0.13646240764884832,0.2277270751847023,0.1568883094306823,0.47892220773576705
0.13809732573432704,0.22840859272249014,0.15212626041209995,0.48136782113108284
0.13785557986870897,0.23326039387308534,0.1562363238512035,0.4726477024070022
0.14034315882094148,0.2278926528816542,0.15750109986801583,0.47426308842938847
0.1390960947784116,0.22992540587977184,0.1619131197893813,0.46906537955243527
0.13944396177237184,0.2315377932232841,0.16246741963509992,0.46655082536924414
0.1437937062937063,0.22945804195804195,0.16171328671328672,0.46503496503496505
0.13652326602282705,0.237928007023705,0.1584723441615452,0.46707638279192276
0.13534822601839686,0.2360928602715725,0.15987735435830047,0.46868155935173017
0.14140521431727796,0.2346442775077331,0.15422006186478127,0.4697304463102077
0.14541484716157205,0.23406113537117904,0.1572052401746725,0.4633187772925764
0.14568661971830985,0.23151408450704225,0.15669014084507044,0.46610915492957744
0.148576512455516,0.23176156583629892,0.1543594306049822,0.4653024911032028
0.14473108876257104,0.23611718408395277,0.15522518583296896,0.4639265413205072
0.1505281690140845,0.2319542253521127,0.15580985915492956,0.46170774647887325
0.1521547933157432,0.23350923482849603,0.16051011433597184,0.45382585751978893
0.14738231412230532,0.23273207215134184,0.15882094148702156,0.4610646722393313
0.14752650176678445,0.2310070671378092,0.16166077738515902,0.45980565371024734
0.14660831509846828,0.2363238512035011,0.15798687089715535,0.4590809628008753
0.1488147497805092,0.23266022827041263,0.15935030728709393,0.4591747146619842
0.15074496056091147,0.23356704645048204,0.16301489921121823,0.45267309377738824
0.1528209684584629,0.23811639271434917,0.15992892047978677,0.4491337183474012
0.15343915343915343,0.23500881834215168,0.15784832451499117,0.4537037037037037
0.15896081021576397,0.23293703214442976,0.1571994715984148,0.45090268604139144
0.15666372462488967,0.23918799646954986,0.15225066195939982,0.45189761694616065
0.16031886625332153,0.24402125775022143,0.15057573073516387,0.4450841452612932
0.15879265091863518,0.24234470691163604,0.15310586176727908,0.4457567804024497
0.15987599645704162,0.24047829937998227,0.15589016829052257,0.4437555358724535
0.15808014090708938,0.24702774108322326,0.15896081021576397,0.43593130779392336
0.15731330092797172,0.24701723376049492,0.1586389748121962,0.4370304904993372
0.15442477876106195,0.2491150442477876,0.16106194690265488,0.4353982300884956
0.15286343612334802,0.25022026431718064,0.15770925110132158,0.4392070484581498
0.14773735581189,0.2546583850931677,0.15173025732031944,0.4458740017746229
0.14931324767390342,0.25786442179884805,0.1497563136907399,0.44306601683650865
0.15558510638297873,0.25842198581560283,0.15203900709219859,0.43395390070921985
0.15536971830985916,0.26100352112676056,0.15096830985915494,0.4326584507042254
0.15604395604395604,0.2602197802197802,0.15516483516483517,0.42857142857142855
0.16020896821941663,0.25380931649978233,0.15498476273400086,0.43099695254680015
0.16201859229747675,0.250996015936255,0.15272244355909695,0.4342629482071713
0.1630957586357674,0.25360734586794925,0.15435067774376912,0.42894621775251424
0.16483516483516483,0.24967032967032968,0.15428571428571428,0.4312087912087912
0.1635081533715293,0.24812692816218598,0.15249008373732922,0.4358748347289555
0.16496674057649668,0.247450110864745,0.15299334811529933,0.43458980044345896
0.16470074268239407,0.24508519003931847,0.15945827872433377,0.4307557885539537
0.16577777777777777,0.24755555555555556,0.15688888888888888,0.42977777777777776
0.16127622377622378,0.2517482517482518,0.1547202797202797,0.43225524475524474
0.16400709219858156,0.2570921985815603,0.15070921985815602,0.42819148936170215
0.16637010676156583,0.2566725978647687,0.15080071174377224,0.4261565836298932
0.16499345264076823,0.2584024443474465,0.1518987341772152,0.42470536883457005
0.16688800354139,0.25320938468348825,0.15360779105799027,0.4262948207171315
0.17025010969723564,0.25010969723562965,0.1483106625713032,0.4313295304958315
0.1678383128295255,0.2478031634446397,0.14938488576449913,0.4349736379613357
0.16813768755516328,0.24624889673433362,0.15136804942630186,0.43424536628420124
0.17227809357236554,0.24879755137735024,0.15128989943156973,0.4276344556187145
0.17419921017990347,0.24659938569548048,0.14874945151382185,0.4304519526107942
0.17613386173491855,0.24658740642888596,0.14707177454865697,0.43020695728753855
0.1802916482545294,0.24480777728678746,0.1449403446752099,0.42996022978347326
0.17888307155322863,0.24345549738219896,0.1474694589877836,0.43019197207678883
0.18229854689564068,0.24614707177454867,0.15191545574636725,0.4196389255834434
0.1809023215067893,0.24879544459045116,0.15111695137976347,0.4191852825229961
0.17503273679615888,0.24749017896115233,0.1505892623308599,0.4268878219118289
0.176163549369291,0.24401913875598086,0.15397999130056547,0.4258373205741627
0.1796116504854369,0.24933804060017653,0.1496028243601059,0.42144748455428066
0.17833840800347978,0.25402348847324924,0.1496302740321879,0.41800782949108306
0.17849272807404143,0.25209343323049804,0.1502864698104892,0.4191273688849714
0.18157778757161747,0.24724548259145,0.1507271925958572,0.42044953724107537
0.17513134851138354,0.2535026269702277,0.14929947460595447,0.4220665499124343
0.17410517012814847,0.2545293857711003,0.15112682280159082,0.4202386212991604
0.17709251101321585,0.25594713656387663,0.14801762114537445,0.41894273127753306
0.17675438596491228,0.25701754385964914,0.14780701754385964,0.41842105263157897
0.18025561921551345,0.251211987659762,0.1480828558836492,0.42044953724107537
0.1718544498027181,0.25558965366067515,0.14730381411661553,0.42525208241999124
0.1827814569536424,0.25121412803532006,0.14260485651214128,0.42339955849889627
0.17879053461875546,0.25241016652059595,0.1437335670464505,0.42506573181419804
0.18110236220472442,0.2541557305336833,0.14348206474190725,0.421259842519685
0.18036428254109285,0.258996001776988,0.14127054642381165,0.4193691692581075
0.177594442032132,0.2579244463742944,0.14415979157620495,0.42032132001736866
0.18233743409490333,0.2513181019332162,0.14455184534270651,0.421792618629174
0.18473014480035102,0.25186485300570427,0.1439227731461167,0.419482229047828
0.1836644591611479,0.26269315673289184,0.13730684326710818,0.4163355408388521
0.18541033434650456,0.25271385149804604,0.13590968302214504,0.4259661311333044
0.1887709991158267,0.25287356321839083,0.13660477453580902,0.4217506631299735
0.19148001756697408,0.2560386473429952,0.13306982872200263,0.4194115063680281
0.193505923650724,0.2566915313734094,0.12856516015796401,0.42123738481790257
0.19576719576719576,0.2605820105820106,0.12786596119929453,0.4157848324514991
0.1904340124003543,0.26395039858281666,0.12887511071744906,0.41674047829938
0.19465146865409907,0.26435773783428324,0.12713722051731696,0.41385357299430076
0.19964973730297722,0.2609457092819615,0.12740805604203154,0.4119964973730298
0.19538188277087035,0.26376554174067496,0.12655417406749556,0.41429840142095914
0.1956713780918728,0.267226148409894,0.12897526501766785,0.4081272084805654
0.1933069132540731,0.27080581241743723,0.130779392338177,0.4051078819903126
0.19964428634948866,0.27078701645175635,0.13072476656291684,0.3988439306358382
0.19921190893169877,0.26970227670753066,0.1300350262697023,0.4010507880910683
0.2002652519893899,0.2718832891246684,0.1317418213969938,0.39610963748894784
0.19806763285024154,0.27053140096618356,0.13482652613087395,0.3965744400527009
0.20491443615620886,0.2685388328214129,0.12900394910048266,0.39754278192189557
0.20167696381288613,0.265666372462489,0.13327449249779347,0.3993821712268314
0.2045754509458865,0.2710074791025077,0.12802463704355477,0.39639243290805104
0.19911894273127753,0.27929515418502204,0.1290748898678414,0.392511013215859
0.20240213523131673,0.27891459074733094,0.12766903914590746,0.39101423487544484
0.20463489287275907,0.2785308264101443,0.12418014866637517,0.39265413205072147
0.20353200883002207,0.28167770419426047,0.12273730684326711,0.3920529801324503
0.2026431718061674,0.27709251101321586,0.11938325991189427,0.4008810572687225
0.20630749014454666,0.27376259307928164,0.12001752080595707,0.3999123959702146
0.20776356418173797,0.2695191883546537,0.12042346713718571,0.4022937803264226
0.2086457873842082,0.27040141155712394,0.12086457873842082,0.40008822232024704
0.20851624231782265,0.2730465320456541,0.11984196663740122,0.398595258999122
0.2119089316987741,0.26751313485113837,0.11952714535901926,0.4010507880910683
0.21502011622708986,0.2637460885113992,0.1202503352704515,0.40098345999105944
0.2116564417177914,0.2589833479404032,0.12401402278702892,0.4053461875547765
0.21271929824561403,0.26403508771929823,0.1267543859649123,0.39649122807017545
0.21872265966754156,0.25984251968503935,0.12642169728783903,0.39501312335958005
0.21305690339655933,0.25937362152624616,0.12704014115571238,0.40052933392148216
0.21425467188179054,0.258148631029987,0.1282051282051282,0.3993915688830943
0.21447368421052632,0.2649122807017544,0.12938596491228072,0.3912280701754386
0.21024734982332155,0.2681095406360424,0.12941696113074205,0.392226148409894
0.209849157054126,0.271960958296362,0.13087843833185447,0.3873114463176575
0.21036315323294952,0.2736935341009743,0.13197519929140833,0.38396811337466785
0.2162280701754386,0.26973684210526316,0.13026315789473683,0.38377192982456143
0.21604938271604937,0.2698412698412698,0.13051146384479717,0.3835978835978836
0.2131578947368421,0.26666666666666666,0.13640350877192983,0.38377192982456143
0.21945801865837405,0.2705464238116393,0.13282985339848957,0.37716570413149714
0.2310070671378092,0.2623674911660777,0.12853356890459364,0.37809187279151946
0.22753178430512933,0.263042525208242,0.13546690048224463,0.37395879000438403
0.22954444935869084,0.25829279080053075,0.1384343210968598,0.37372843874391865
0.22966507177033493,0.26098303610265333,0.1378860374075685,0.3714658547194432
0.22382829610162067,0.2658782303985983,0.1375383267630311,0.37275514673674986
0.23259911894273128,0.26343612334801764,0.13876651982378854,0.3651982378854626
0.22570671378091872,0.26325088339222613,0.13869257950530034,0.37234982332155475
0.22686832740213522,0.2629003558718861,0.13656583629893237,0.3736654804270463
0.2254259501965924,0.26823940585408473,0.1363040629095675,0.37003058103975534
0.22737306843267108,0.26136865342163357,0.14260485651214128,0.3686534216335541
0.22820849759088918,0.266754270696452,0.13972842750766534,0.36530880420499345
0.2277533039647577,0.27004405286343613,0.1343612334801762,0.36784140969163
0.2306684141546527,0.27086063783311487,0.13018785495849716,0.36828309305373524
0.22996057818659657,0.2680683311432326,0.13315812527376258,0.36881296539640823
0.23107221006564552,0.2700218818380744,0.13435448577680525,0.36455142231947485
0.22407002188183808,0.26958424507658646,0.13829321663019695,0.36805251641137854
0.22731277533039648,0.27312775330396477,0.13215859030837004,0.3674008810572687
0.23022847100175747,0.26449912126537783,0.1313708260105448,0.37390158172231985
0.23275109170305677,0.26593886462882094,0.13100436681222707,0.3703056768558952
0.22937803264225848,0.26687251874724305,0.1301279223643582,0.37362152624614026
0.23853211009174313,0.2638706858890345,0.12407164700742683,0.3735255570117955
0.24154804270462635,0.2615658362989324,0.12411032028469751,0.37277580071174377
0.24319578577699735,0.2598770851624232,0.12159789288849868,0.37532923617208075
0.2462356067316209,0.2608503100088574,0.12090345438441098,0.3720106288751107
0.23906319045514804,0.26866990720282813,0.12461334511710119,0.36765355722492266
0.24281984334203655,0.2597911227154047,0.1257615317667537,0.37162750217580504
0.24557522123893805,0.2628318584070796,0.12433628318584071,0.3672566371681416
0.24901875272568688,0.25599651112080246,0.12690798081116442,0.3680767553423463
0.2436235708003518,0.262532981530343,0.12137203166226913,0.37247141600703604
0.24154589371980675,0.26570048309178745,0.1181379007465964,0.3746157224418094
0.2437745740498034,0.26256006989951947,0.12319790301441677,0.3704674530362604
0.24265028521281265,0.258446687143484,0.12724879333040806,0.3716542343132953
0.23891084760649978,0.25999121651295565,0.12779973649538867,0.3732981993851559
0.2458442694663167,0.2585301837270341,0.12992125984251968,0.3657042869641295
0.24538258575197888,0.2590149516270888,0.1297273526824978,0.3658751099384345
0.24206349206349206,0.26675485008818345,0.12742504409171077,0.3637566137566138
0.2466784765279008,0.2679362267493357,0.12798937112488928,0.3573959255978742
0.24724548259145,0.2719259585720582,0.13265755839576907,0.3481710004407228
0.2423043095866315,0.2752858399296394,0.13368513632365875,0.34872471416007034
0.24150110375275938,0.2772626931567329,0.13554083885209714,0.3456953642384106
0.2375933245498463,0.2854633289415898,0.12648221343873517,0.35046113306982873
0.23295454545454544,0.2880244755244755,0.12893356643356643,0.3500874125874126
0.23421052631578948,0.2824561403508772,0.12763157894736843,0.3557017543859649
0.23164835164835165,0.2887912087912088,0.13274725274725274,0.3468131868131868
0.2334936598163533,0.2864013992129427,0.13467424573677306,0.34543069523393094
0.23488168273444346,0.29141104294478526,0.13978965819456618,0.3339176161262051
0.23817940786566505,0.29120636323464427,0.1383119752540875,0.3323022536456032
0.24472759226713534,0.29173989455184535,0.14015817223198593,0.3233743409490334
0.2439347154830172,0.28407587119541244,0.13939126599029555,0.3325981473312748
0.24649737302977234,0.28283712784588444,0.13879159369527144,0.3318739054290718
0.24428822495606328,0.28031634446397186,0.14191564147627417,0.3334797891036907
0.24199912319158265,0.2871547566856642,0.14204296361245067,0.3288031565103025
0.24029982363315697,0.2927689594356261,0.13756613756613756,0.32936507936507936
0.2372051624388073,0.2870493991989319,0.14641744548286603,0.32932799287939474
0.23638778220451528,0.2815405046480744,0.15449313855688357,0.3275785745905268
0.25011027790030876,0.27569475077194533,0.1482134980149978,0.3259814733127481
0.2429453262786596,0.27557319223985893,0.15035273368606702,0.33112874779541446
0.24441524310118265,0.2759526938239159,0.15286903197547086,0.32676303109943056
0.243566992014197,0.2759538598047915,0.15039929015084294,0.3300798580301686
0.24528301886792453,0.27512066695919263,0.153576129881527,0.3260201842913559
0.24837168910117238,0.2748588797221016,0.15848892748588797,0.31828050369083805
0.24197096348438188,0.27804663440387156,0.15310162780466344,0.3268807743070832
0.24113785557986872,0.2778993435448578,0.1540481400437637,0.32691466083150983
0.23941798941798942,0.27821869488536155,0.15784832451499117,0.32451499118165783
0.23969871510855117,0.28311918475852904,0.15507310589277803,0.3221089942401418
0.23938053097345133,0.2849557522123894,0.1517699115044248,0.3238938053097345
0.24008810572687225,0.2801762114537445,0.1511013215859031,0.32863436123348017
0.24653979238754326,0.2755190311418685,0.14922145328719724,0.328719723183391
0.2394491337183474,0.27587738782763216,0.15415370946246112,0.3305197689915593
0.24069148936170212,0.2726063829787234,0.15469858156028368,0.3320035460992908
0.24571428571428572,0.26681318681318683,0.1578021978021978,0.32967032967032966
0.250992501102779,0.2659902955447728,0.1517423908248787,0.33127481252756946
0.25044091710758376,0.26455026455026454,0.1490299823633157,0.335978835978836
0.24725516029863856,0.26570048309178745,0.15019762845849802,0.33684672815107597
0.25142606406318563,0.26195699868363315,0.1509433962264151,0.3356735410267661
0.25295404814004374,0.262144420131291,0.15185995623632384,0.33304157549234137
0.25120772946859904,0.2621870882740448,0.15063680281071584,0.3359683794466403
0.2550660792951542,0.26519823788546254,0.14801762114537445,0.3317180616740088
0.2507726269315673,0.2710816777041943,0.14437086092715232,0.3337748344370861
0.25011047282368537,0.27353071144498453,0.14626601855943439,0.3300927971718957
0.24727905964301264,0.282107096212451,0.14497170222028732,0.325642141924249
0.25363917071018965,0.2831936479929422,0.14380238200264667,0.31936479929422146
0.25,0.28053097345132744,0.1424778761061947,0.3269911504424779
0.2513274336283186,0.2827433628318584,0.13539823008849558,0.3305309734513274
0.25462555066079295,0.286784140969163,0.13171806167400882,0.32687224669603526
0.25386996904024767,0.2914639540026537,0.1318000884564352,0.32286598850066345
0.25594713656387663,0.2933920704845815,0.12819383259911896,0.3224669603524229
0.2526223776223776,0.2980769230769231,0.12805944055944055,0.32124125874125875
0.25688073394495414,0.2931411096548711,0.12931411096548712,0.32066404543468763
0.26077396657871593,0.29815303430079154,0.13148636763412488,0.3095866314863676
0.25219298245614036,0.2969298245614035,0.13157894736842105,0.3192982456140351
0.2550482879719052,0.2989464442493415,0.12906057945566285,0.3169446883230904
0.26037069726390116,0.294792586054722,0.13018534863195058,0.3146513680494263
0.26130873956960915,0.2968818620992534,0.12384716732542819,0.31796223100570925
0.26268922528940336,0.2956366874443455,0.1246660730186999,0.3170080142475512
0.2586054721977052,0.30097087378640774,0.12224183583406885,0.3181818181818182
0.2647317502198769,0.3007915567282322,0.12049252418645559,0.31398416886543534
0.26565970679697914,0.29720124389160374,0.12216792536650378,0.3149711239449134
0.2641509433962264,0.2966213251426064,0.12286090390522159,0.3163668275559456
0.2744755244755245,0.2893356643356643,0.12412587412587413,0.3120629370629371
0.2784090909090909,0.2923951048951049,0.12762237762237763,0.30157342657342656
0.2864721485411141,0.28249336870026526,0.1242263483642794,0.3068081343943413
0.2854001759014952,0.28408091468777485,0.12225153913808268,0.30826737027264733
0.2838196286472148,0.2833775419982317,0.11892130857648099,0.3138815207780725
0.2812637121544537,0.2847740236946029,0.1184730144800351,0.3154892496709083
0.27615248226950356,0.2872340425531915,0.12145390070921985,0.3151595744680851
0.28389084507042256,0.28169014084507044,0.12191901408450705,0.3125
0.27913159060700043,0.2919805050952592,0.11962782454585734,0.309260079751883
0.27699736611062337,0.29411764705882354,0.11940298507462686,0.3094820017559263
0.2770034843205575,0.29573170731707316,0.11977351916376307,0.3074912891986063
0.2704485488126649,0.2880386983289358,0.12576956904133685,0.31574318381706246
0.27568042142230026,0.28928884986830555,0.1299385425812116,0.3050921861281826
0.27612272120942644,0.28990662516674076,0.12627834593152512,0.3076923076923077
0.27936647602287723,0.28596568411790585,0.12802463704355477,0.3066432028156621
0.27633318642573823,0.2904363155575143,0.127809607756721,0.30542089026002645
0.2762114537444934,0.28149779735682817,0.1290748898678414,0.313215859030837
0.27525363917071016,0.282311424790472,0.12792236435818263,0.3145125716806352
0.2665788317962231,0.2872200263504611,0.12999560825647782,0.31620553359683795
0.26773049645390073,0.2845744680851064,0.13386524822695037,0.31382978723404253
0.26613965744400525,0.287659200702679,0.13570487483530963,0.31049626701800614
0.2624555160142349,0.28647686832740216,0.13701067615658363,0.3140569395017794
0.26909569798068483,0.28270412642669007,0.1395961369622476,0.3086040386303775
0.2622879512831666,0.2875163114397564,0.13745106568073076,0.3127446715963462
0.2681318681318681,0.2896703296703297,0.13494505494505493,0.30725274725274726
0.2650442477876106,0.2924778761061947,0.13893805309734514,0.3035398230088496
0.2683246073298429,0.2905759162303665,0.13525305410122165,0.30584642233856896
0.26416739319965127,0.2968613775065388,0.13295553618134262,0.3060156931124673
0.2570921985815603,0.3000886524822695,0.13430851063829788,0.30851063829787234
0.25405168637757336,0.3009198423127464,0.1357862461673237,0.30924222514235655
0.25503943908851884,0.29842243645924627,0.13234005258545137,0.3141980718667835
0.2570921985815603,0.30274822695035464,0.13297872340425532,0.3071808510638298
0.25726872246696036,0.29911894273127754,0.12951541850220263,0.3140969162995595
0.254601226993865,0.2988606485539001,0.13014899211218228,0.31638913234005256
0.25526315789473686,0.2995614035087719,0.13508771929824562,0.31008771929824563
0.25725593667546176,0.2959542656112577,0.1345646437994723,0.3122251539138083
0.2549363756033348,0.29793769197016234,0.13514699429574376,0.3119789381307591
0.25524475524475526,0.2980769230769231,0.13505244755244755,0.3116258741258741
0.25485865724381623,0.30167844522968196,0.1351590106007067,0.3083038869257951
0.25689277899343543,0.3037199124726477,0.13566739606126915,0.3037199124726477
0.2632042253521127,0.3089788732394366,0.12764084507042253,0.3001760563380282
0.2649122807017544,0.3017543859649123,0.13157894736842105,0.3017543859649123
0.26698606271777003,0.3057491289198606,0.1284843205574913,0.29878048780487804
0.2676056338028169,0.3067781690140845,0.12940140845070422,0.2962147887323944
0.2751439964554719,0.306601683650864,0.13026140894993354,0.28799291094373064
0.2728471001757469,0.30579964850615116,0.1313708260105448,0.28998242530755713
0.2756494936151475,0.30647291941875826,0.13033905768383972,0.28753852928225454
0.26958424507658646,0.3085339168490153,0.13391684901531728,0.28796498905908097
0.26663747810858146,0.3161120840630473,0.13222416812609458,0.2850262697022767
0.2655141843971631,0.32136524822695034,0.12854609929078015,0.2845744680851064
0.26327336551118913,0.32514260640631854,0.12812637121544537,0.28345765686704694
0.2631115028646981,0.3248126928162186,0.13309828118113706,0.2789775231379462
0.2707597173144876,0.3224381625441696,0.13250883392226148,0.2742932862190813
0.2711564023039433,0.3238812583074878,0.13070447496677004,0.27425786442179884
0.26973684210526316,0.32280701754385965,0.12938596491228072,0.27807017543859647
0.2674933569530558,0.3201948627103631,0.13507528786536757,0.27723649247121346
0.2739606126914661,0.32078774617067835,0.13260393873085338,0.2726477024070022
0.2761031017911752,0.32328527741371776,0.12800349497597205,0.272608125819135
0.276707530647986,0.3226795096322242,0.1295971978984238,0.271015761821366
0.28144239226033424,0.3153034300791557,0.13148636763412488,0.2717678100263852
0.28279756733275413,0.317115551694179,0.131624674196351,0.2684622067767159
0.2843224092116918,0.312666076173605,0.13507528786536757,0.2679362267493357
0.28931095406360424,0.31095406360424027,0.12941696113074205,0.2703180212014134
0.29414335664335667,0.3125,0.1271853146853147,0.26617132867132864
0.28855501546619533,0.3168360583296509,0.12505523641184269,0.2695536897923111
0.2989872302950242,0.309114927344782,0.12329370321444298,0.26860413914575076
0.29679964927663305,0.31477422183252957,0.12143796580447172,0.26698816308636564
0.2976085031000886,0.31089459698848537,0.12134632418069087,0.27015057573073514
0.30066225165562915,0.30772626931567326,0.12008830022075055,0.271523178807947
0.3029100529100529,0.31393298059964725,0.11860670194003527,0.26455026455026454
0.30078809106830123,0.30604203152364273,0.1212784588441331,0.27189141856392296
0.2975352112676056,0.31161971830985913,0.12191901408450705,0.2689260563380282
0.29573170731707316,0.3162020905923345,0.11977351916376307,0.2682926829268293
0.29422066549912435,0.3191768826619965,0.11646234676007006,0.2701401050788091
0.2908525754884547,0.32015985790408524,0.11634103019538189,0.27264653641207814
0.29217926186291737,0.3181019332161687,0.11511423550087874,0.27460456942003514
0.29590488771466317,0.32056362835755176,0.11492734478203434,0.26860413914575076
0.29483814523184604,0.31671041119860016,0.1137357830271216,0.2747156605424322
0.29370321444297665,0.3152796125055042,0.1215323645970938,0.26948480845442535
0.2857768052516411,0.32297592997811814,0.12385120350109409,0.2673960612691466
0.29416922402455065,0.3200350723366944,0.12099956159579132,0.2647961420429636
0.2979194333776007,0.3196104471004869,0.11996458610004426,0.2625055334218681
0.30158730158730157,0.31261022927689597,0.12037037037037036,0.2654320987654321
0.3030837004405286,0.3118942731277533,0.11938325991189427,0.26563876651982377
0.304635761589404,0.31125827814569534,0.11743929359823399,0.26666666666666666
0.3021108179419525,0.30826737027264733,0.12049252418645559,0.2691292875989446
0.3067538126361656,0.3093681917211329,0.12200435729847495,0.26187363834422656
0.30995177553704517,0.3033757124068391,0.12012275317843052,0.26654975887768523
0.3147902869757174,0.3033112582781457,0.11920529801324503,0.26269315673289184
0.31463628396143734,0.30192813321647677,0.1165644171779141,0.2668711656441718
0.3123916811091854,0.30719237435008667,0.12218370883882149,0.2582322357019064
0.3095659875996457,0.29982285208148807,0.12356067316209035,0.26705048715677593
0.31203824424163407,0.29465449804432853,0.12429378531073447,0.2690134724033029
0.3108048021342819,0.2965762561138284,0.1218319253001334,0.27078701645175635
0.3065436978480457,0.29907773386034253,0.11989459815546773,0.27448397013614406
0.3038309114927345,0.29722589167767505,0.12285336856010567,0.2760898282694848
0.30239651416122004,0.2932461873638344,0.12766884531590414,0.2766884531590414
0.29995608256477824,0.2951251646903821,0.1251646903820817,0.279754062362758
0.3028045574057844,0.2892199824715162,0.12795793163891322,0.28001752848378614
0.3043670048522276,0.29730921923246584,0.1301279223643582,0.2681958535509484
0.30486202365308807,0.2956636005256242,0.12965396408234778,0.26982041173894
0.3050176056338028,0.29577464788732394,0.1289612676056338,0.27024647887323944
0.30762489044697633,0.2953549517966696,0.13277826468010517,0.2642418930762489
0.3157894736842105,0.2956140350877193,0.12982456140350876,0.25877192982456143
0.3075563411400795,0.30004418912947417,0.13300927971718957,0.25939019001325675
0.3125822007891276,0.29504603244191147,0.131521262604121,0.26085050416483996
0.31623175586023883,0.29279080053073864,0.13312693498452013,0.25785050862450243
0.31660061646851606,0.29326287978863935,0.1312197269925143,0.25891677675033026
0.3110338835794961,0.29756733275412683,0.13249348392701998,0.25890529973935705
0.30985915492957744,0.2966549295774648,0.13380281690140844,0.2596830985915493
0.31913959613696224,0.29280070237050043,0.13432835820895522,0.2537313432835821
0.3141592920353982,0.297787610619469,0.12964601769911505,0.2584070796460177
0.30505494505494507,0.2997802197802198,0.1331868131868132,0.261978021978022
0.30319148936170215,0.29654255319148937,0.1320921985815603,0.26817375886524825
0.293569844789357,0.3028824833702882,0.13215077605321507,0.2713968957871397
0.28970718722271516,0.3039041703637977,0.13398402839396628,0.2724046140195209
0.2961657117672984,0.30498016747465845,0.127809607756721,0.27104451300132215
0.29290718038528896,0.30341506129597196,0.1256567425569177,0.27802101576182137
0.29238221047996477,0.30823425803610743,0.12373403786878027,0.2756494936151475
0.29544449358690844,0.3051747014595312,0.12339672711189739,0.27598407784166296
0.2919611307420495,0.30609540636042404,0.1254416961130742,0.2765017667844523
0.2909728308501315,0.30806310254163016,0.12226117440841368,0.2787028921998247
0.2891619131197894,0.3093462044756472,0.12242211496270294,0.27906976744186046
0.2903645833333333,0.3046875,0.125,0.2799479166666667
0.29666958808063104,0.30017528483786154,0.12576687116564417,0.2773882559158633
0.3019451812555261,0.29133510167992926,0.1273209549071618,0.27939876215738285
0.30255057167985927,0.28891820580474936,0.1297273526824978,0.27880386983289357
0.3052863436123348,0.2845814977973568,0.1299559471365639,0.2801762114537445
0.30624726955002185,0.290083005679336,0.12319790301441677,0.2804718217562254
0.30476606908613907,0.28334062090074336,0.12680367293397463,0.285089637079143
0.3058978873239437,0.2847711267605634,0.12411971830985916,0.2852112676056338
0.3108876257105378,0.28334062090074336,0.12286838653257542,0.2829033668561434
0.3038478549314463,0.28792569659442724,0.1238390092879257,0.2843874391862008
0.3013998250218723,0.2852143482064742,0.12860892388451445,0.2847769028871391
0.2982917214191853,0.2794568550153307,0.1322820849759089,0.28996933858957513
0.296118621892717,0.28870475359790665,0.13257740950719582,0.28259921500218055
0.29243623570800353,0.2928759894459103,0.12708883025505716,0.287598944591029
0.2948717948717949,0.2953138815207781,0.1282051282051282,0.28160919540229884
0.2960497114957834,0.2871726586773191,0.13315579227696406,0.2836218375499334
0.2949512843224092,0.2891939769707706,0.13108945969884853,0.28476527900797166
0.29590488771466317,0.28753852928225454,0.12813738441215325,0.2884191985909291
0.2895769733972961,0.2917575228957697,0.1247274313126908,0.29393807239424335
0.29352137505509035,0.29175848391361836,0.12252093433230499,0.29219920669898636
0.29853398489560196,0.2927587738782763,0.12083518436250555,0.28787205686361617
0.2976294995610184,0.2906057945566286,0.12247585601404741,0.28928884986830555
0.30013106159895153,0.2931411096548711,0.11664482306684142,0.290083005679336
0.2954248366013072,0.2928104575163399,0.1159041394335512,0.29586056644880177
0.29973474801061006,0.2917771883289125,0.11273209549071618,0.2957559681697613
0.2993377483443709,0.30242825607064017,0.11125827814569536,0.2869757174392936
0.3011994669035984,0.3029764549089294,0.11372723234118169,0.2820968458462905
0.30667255855059655,0.30092797171895713,0.11179849756959788,0.28060097216084845
0.3047115808014091,0.29810656098634963,0.11052399823866138,0.2866578599735799
0.3046153846153846,0.2967032967032967,0.11428571428571428,0.2843956043956044
0.30951337132836476,0.29504603244191147,0.11486190267426567,0.2805786935554581
0.30823425803610743,0.29282254513430206,0.11404667547335975,0.2848965213562307
0.313020604997808,0.29110039456378783,0.11530030688294608,0.2805786935554581
0.30711444984533803,0.29474149359257623,0.11356606274856386,0.2845779938135219
0.3144239226033421,0.28979771328056286,0.113896218117854,0.28188214599824096
0.3062032556093269,0.2930048394192697,0.1161460624725033,0.2846458424989001
0.31693262411347517,0.29388297872340424,0.11391843971631206,0.2752659574468085
0.31638913234005256,0.294478527607362,0.11481156879929887,0.2743207712532866
0.3162953254696374,0.29183049366535607,0.1162079510703364,0.27566622979467015
0.3171592412880459,0.2911336568151742,0.1129245699161888,0.2787825319805911
0.31338028169014087,0.2935739436619718,0.11355633802816902,0.2794894366197183
0.3153034300791557,0.28935795954265614,0.11169744942832015,0.2836411609498681
0.32307005800981703,0.2896028558679161,0.10932619366354306,0.2780008924587238
0.31553182020471743,0.2901646639964397,0.10636404094348019,0.2879394748553627
0.32890070921985815,0.2859042553191489,0.10106382978723404,0.2841312056737589
0.3179643323183993,0.29404088734232275,0.10352327098738583,0.28447150935189214
0.3222416812609457,0.2968476357267951,0.10026269702276708,0.28064798598949214
0.322707423580786,0.2965065502183406,0.09737991266375545,0.2834061135371179
0.3152796125055042,0.3033905768383972,0.09687362395420519,0.28445618670189343
0.31742556917688264,0.3021015761821366,0.10070052539404553,0.2797723292469352
0.3172019357677079,0.302683677958645,0.10162780466344039,0.2784865816102068
0.3148558758314856,0.3033259423503326,0.1082039911308204,0.2736141906873614
0.30836618484450284,0.30749014454664914,0.10819097678493211,0.2759526938239159
0.31086474501108646,0.3095343680709534,0.10687361419068736,0.2727272727272727
0.3093777388255916,0.3133216476774759,0.10517090271691498,0.2721297107800175
0.30826737027264733,0.3148636763412489,0.10290237467018469,0.27396657871591906
0.3062032556093269,0.3110426748790145,0.10998680158380994,0.27276726792784867
0.30572687224669604,0.30616740088105726,0.1145374449339207,0.273568281938326
0.3107869142351901,0.29973474801061006,0.11405835543766578,0.27541998231653403
0.30993377483443707,0.2958057395143488,0.11567328918322296,0.2785871964679912
0.3073192239858907,0.2962962962962963,0.11507936507936507,0.281305114638448
0.3027765535478184,0.29484354341119434,0.11635081533715293,0.2860290877038343
0.3063302346170872,0.2912793271359008,0.11509517485613104,0.2872952633908809
0.30579964850615116,0.2851493848857645,0.11643233743409491,0.29261862917398945
0.31191847585290206,0.2809038546743465,0.11519716437749225,0.2919805050952592
0.31037527593818987,0.2847682119205298,0.11169977924944813,0.29315673289183225
0.301629238221048,0.28313518273888155,0.11624834874504623,0.2989872302950242
0.30674305861613044,0.28338475099162624,0.10929925077126487,0.3005729396209784
0.3011037527593819,0.28344370860927154,0.11258278145695365,0.30286975717439296
0.3058720420683611,0.2813321647677476,0.11174408413672217,0.30105170902716916
0.3046153846153846,0.28395604395604396,0.11076923076923077,0.30065934065934063
0.30157342657342656,0.28321678321678323,0.1131993006993007,0.30201048951048953
0.29721362229102166,0.28925254312251214,0.11897390535161433,0.29455992923485186
0.2992091388400703,0.28822495606326887,0.11775043936731107,0.29481546572934975
0.30035026269702275,0.28896672504378285,0.11558669001751314,0.29509632224168125
0.2926613616268789,0.2895667550839965,0.11892130857648099,0.2988505747126437
0.29484902309058614,0.28197158081705154,0.11678507992895204,0.3063943161634103
0.29590488771466317,0.27388815499779834,0.11889035667107001,0.31131660061646854
0.2923280423280423,0.2777777777777778,0.12081128747795414,0.3090828924162258
0.29012345679012347,0.27821869488536155,0.12125220458553791,0.31040564373897706
0.2857142857142857,0.2777777777777778,0.12081128747795414,0.31569664902998235
0.28502202643171803,0.27268722466960355,0.12290748898678414,0.31938325991189426
0.2831509846827133,0.2722100656455142,0.12560175054704595,0.3190371991247265
0.2896703296703297,0.2681318681318681,0.12351648351648352,0.31868131868131866
0.28609039052215884,0.2641509433962264,0.12417727073277754,0.32558139534883723
0.2912280701754386,0.2649122807017544,0.12105263157894737,0.32280701754385965
0.29460762823323106,0.2626041209995616,0.12143796580447172,0.32135028496273566
0.2954645530603259,0.2650814619110524,0.1202113606340819,0.3192426243945399
0.29590488771466317,0.2567151034786438,0.12241303390576838,0.3249669749009247
0.2981834293309703,0.2618520159503766,0.11564023039432876,0.32432432432432434
0.2956029603831084,0.2655637788419678,0.11623857205050066,0.32259468872442315
0.29859894921190894,0.26444833625218916,0.1138353765323993,0.3231173380035026
0.30008787346221444,0.2623022847100176,0.11379613356766256,0.32381370826010547
0.2977602108036891,0.2678963548528766,0.1137461572244181,0.32059727711901626
0.3018037835459745,0.2630884293884734,0.1161460624725033,0.31896172459304883
0.30633802816901406,0.2658450704225352,0.11003521126760564,0.31778169014084506
0.3037918871252205,0.26587301587301587,0.10934744268077601,0.32098765432098764
0.31170539237176675,0.26085050416483996,0.11398509425690487,0.3134590092064884
0.3152077807250221,0.25906277630415564,0.11361626878868258,0.3121131741821397
0.3164218958611482,0.2545616377392078,0.11170449488206498,0.317311971517579
0.31758530183727035,0.2532808398950131,0.1089238845144357,0.32020997375328086
0.31539807524059493,0.2545931758530184,0.1137357830271216,0.31627296587926507
0.3157199471598415,0.2562747688243065,0.11140466754733598,0.31660061646851606
0.30602302922940655,0.25686448184233834,0.11780336581045173,0.31930912311780335
0.3136563876651982,0.252863436123348,0.11497797356828193,0.3185022026431718
0.30473241928350286,0.25917735515258733,0.12074303405572756,0.31534719150818225
0.30476606908613907,0.25929164844774816,0.11980760822037603,0.31613467424573677
0.3053602811950791,0.257908611599297,0.1225834797891037,0.3141476274165202
0.30627468187801665,0.25274243089074155,0.11891180342255375,0.32207108380868804
0.305531167690957,0.25768217734855137,0.11808604038630377,0.31870061457418786
0.3062665489849956,0.264783759929391,0.11650485436893204,0.3124448367166814
0.3004797208896642,0.26035761011774966,0.11818578281726995,0.32097688617531617
0.30219298245614035,0.2596491228070175,0.1162280701754386,0.3219298245614035
0.3060778312199388,0.2623524267599475,0.11587232181897683,0.31569742020113684
0.3014121800529568,0.26610767872903796,0.11606354810238305,0.31641659311562226
0.30004399472063353,0.26176858776946765,0.1205455345358557,0.3176418829740431
0.3035635723713154,0.2591289045314562,0.1205455345358557,0.3167619885613726
0.30917874396135264,0.25911286780852,0.12121212121212122,0.31049626701800614
0.31274812527569473,0.25275694750771943,0.12704014115571238,0.3074547860608734
0.31040564373897706,0.24603174603174602,0.1300705467372134,0.3134920634920635
0.3123625164980202,0.2454905411350638,0.13418389793224814,0.3079630444346678
0.3114897335080821,0.23940585408475318,0.13324595893403232,0.31585845347313235
0.3046944198405669,0.24490699734278124,0.13817537643932684,0.3122232063773251
0.3062032556093269,0.24417069951605808,0.13462384513858336,0.31500219973603166
0.30668414154652685,0.24464831804281345,0.13368283093053734,0.3149847094801223
