R,A,S,N
0.0,0.0,1.0,0.0
0.6666666666666666,0.0,0.3333333333333333,0.0
0.8,0.0,0.2,0.0
0.6666666666666666,0.0,0.16666666666666666,0.16666666666666666
0.6363636363636364,0.0,0.22727272727272727,0.13636363636363635
0.6129032258064516,0.0,0.1935483870967742,0.1935483870967742
0.5581395348837209,0.0,0.18604651162790697,0.2558139534883721
0.6071428571428571,0.0,0.14285714285714285,0.25
0.5942028985507246,0.014492753623188406,0.11594202898550725,0.2753623188405797
0.5977011494252874,0.022988505747126436,0.09195402298850575,0.28735632183908044
0.6228070175438597,0.02631578947368421,0.08771929824561403,0.2631578947368421
0.647887323943662,0.028169014084507043,0.07746478873239436,0.24647887323943662
0.6611111111111111,0.027777777777777776,0.07222222222222222,0.2388888888888889
0.6844444444444444,0.03111111111111111,0.06666666666666667,0.21777777777777776
0.6830188679245283,0.03018867924528302,0.07547169811320754,0.21132075471698114
0.6699346405228758,0.042483660130718956,0.0784313725490196,0.20915032679738563
0.696969696969697,0.046831955922865015,0.0743801652892562,0.18181818181818182
0.7079439252336449,0.053738317757009345,0.0630841121495327,0.17523364485981308
0.705050505050505,0.050505050505050504,0.06666666666666667,0.17777777777777778
0.6977152899824253,0.0421792618629174,0.06678383128295255,0.19332161687170474
0.7047913446676971,0.03863987635239567,0.06491499227202473,0.19165378670788252
0.6850068775790922,0.0453920220082531,0.0687757909215956,0.20082530949105915
0.6950617283950618,0.04691358024691358,0.06419753086419754,0.19382716049382717
0.6951219512195121,0.041019955654102,0.07649667405764966,0.18736141906873613
0.6946169772256728,0.042443064182194616,0.08385093167701864,0.17908902691511386
0.7006548175865295,0.042095416276894296,0.08606173994387278,0.17118802619270346
0.6978984238178634,0.047285464098073555,0.08231173380035026,0.1725043782837128
0.7022653721682848,0.04692556634304207,0.08495145631067962,0.16585760517799353
0.7037319116527038,0.051028179741051026,0.08453922315308454,0.1607006854531607
0.6983559685489635,0.04932094353109364,0.09006433166547534,0.16225875625446748
0.7026666666666667,0.046,0.09,0.16133333333333333
0.705993690851735,0.050473186119873815,0.08769716088328075,0.15583596214511042
0.7022946859903382,0.050120772946859904,0.08514492753623189,0.16243961352657005
0.6945582211819777,0.056173200702165006,0.08660035108250438,0.16266822703335285
0.6951357466063348,0.05373303167420815,0.09389140271493213,0.15723981900452488
0.6917659804983749,0.05850487540628386,0.08884073672806067,0.1608884073672806
0.691371095817893,0.059290629962943354,0.08470089994706194,0.16463737427210165
0.6903423607562595,0.05518650996423097,0.08635666836995401,0.16811446090955545
0.6920380570856285,0.05107661492238358,0.0871306960440661,0.16975463194792187
0.6852394916911045,0.05327468230694037,0.08797653958944282,0.17350928641251223
0.6866602687140115,0.05566218809980806,0.08685220729366602,0.1708253358925144
0.6768867924528302,0.060849056603773585,0.08537735849056603,0.17688679245283018
0.6752577319587629,0.06138706654170572,0.08247422680412371,0.18088097469540768
0.672953081876725,0.06577736890524379,0.08371665133394664,0.17755289788408463
0.6769370185772542,0.06615314907113728,0.07702763932940643,0.1798821930222021
0.6830796777081468,0.06445837063563116,0.07699194270367055,0.17547000895255147
0.6798007246376812,0.06385869565217392,0.07835144927536232,0.17798913043478262
0.6840231419670671,0.06542056074766354,0.0787716955941255,0.17178460169114373
0.6859318996415771,0.06586021505376344,0.07974910394265233,0.16845878136200718
0.6892073443797582,0.06672637707120466,0.07344379758172861,0.17062248096730856
0.6842572062084257,0.06651884700665188,0.07317073170731707,0.17605321507760532
0.6864481842338352,0.06421612046058459,0.07263064658990256,0.1767050487156776
0.6838427947598253,0.06506550218340611,0.07205240174672489,0.17903930131004367
0.6830022075055188,0.06534216335540839,0.07196467991169977,0.17969094922737308
0.6790945406125166,0.06835330670217488,0.07323568575233022,0.17931646693297826
0.6722763507528786,0.0704162976085031,0.07218777679362268,0.18511957484499558
0.6722838137472283,0.07317073170731707,0.06873614190687362,0.18580931263858094
0.6805864060417592,0.06841403820524211,0.0693025322079076,0.18169702354509107
0.6753764393268379,0.07174490699734277,0.06598759964570416,0.18689105403011513
0.6786347517730497,0.07092198581560284,0.06338652482269504,0.1870567375886525
0.6836961350510884,0.07241226121723679,0.060417592181252776,0.18347401155042203
0.6901283753873395,0.07171314741035857,0.057104913678618856,0.18105356352368304
0.6846052051168946,0.07543008381120424,0.05205116894574327,0.1879135421261579
0.6813380281690141,0.07966549295774648,0.04973591549295775,0.1892605633802817
0.6921041023378914,0.07895897662108513,0.04764005293339215,0.18129686810763124
0.6846728151075977,0.07949055775142731,0.051822573561704,0.18401405357927098
0.6885389326334208,0.07567804024496938,0.049431321084864394,0.18635170603674542
0.6971706454465075,0.07161803713527852,0.04907161803713528,0.18213969938107868
0.6912751677852349,0.07248322147651007,0.049664429530201344,0.1865771812080537
0.6954787234042553,0.07180851063829788,0.05053191489361702,0.18218085106382978
0.6941124391323594,0.06861443116423196,0.048251438689685705,0.18902169101372288
0.6952675807164971,0.06811145510835913,0.04820875718708536,0.18841220698805838
0.6913197519929141,0.06908768821966342,0.049601417183348095,0.1899911426040744
0.6900584795321637,0.06702654071075123,0.05263157894736842,0.1902834008097166
0.6932624113475178,0.06515957446808511,0.050088652482269506,0.19148936170212766
0.6861702127659575,0.0678191489361702,0.05186170212765957,0.19414893617021275
0.6894876325088339,0.06846289752650177,0.04858657243816254,0.19346289752650175
0.6913800803930326,0.06833407771326486,0.04778919160339437,0.19249665029030819
0.6931170539237177,0.06970626918018413,0.04910127137220517,0.18807540552389304
0.6900221729490023,0.07095343680709534,0.05232815964523282,0.18669623059866963
0.6979027219991075,0.06871932173136992,0.052655064703257475,0.18072289156626506
0.696604110813226,0.07015192135835567,0.05183199285075961,0.18141197497765862
0.692239467849224,0.06917960088691796,0.05454545454545454,0.18403547671840353
0.6915555555555556,0.07022222222222223,0.05688888888888889,0.18133333333333335
0.6949910554561717,0.0706618962432916,0.055456171735241505,0.17889087656529518
0.6974789915966386,0.07032286598850067,0.05572755417956656,0.17647058823529413
0.695518453427065,0.06854130052724078,0.05492091388400703,0.18101933216168717
0.6978385531539479,0.07101896779885311,0.05205116894574327,0.17909131010145568
0.7043633125556545,0.06856634016028496,0.04986642920747997,0.1772039180765806
0.7009760425909495,0.06566104702750665,0.05368234250221828,0.17968056787932565
0.6994295743747257,0.06669591926283458,0.05309346204475647,0.1807810443176832
0.6971428571428572,0.06637362637362637,0.055384615384615386,0.1810989010989011
0.6965944272445821,0.06413091552410438,0.05572755417956656,0.183547103051747
0.6922733363108531,0.06386779812416257,0.0562751228226887,0.18758374274229567
0.694273127753304,0.06475770925110132,0.055506607929515416,0.18546255506607928
0.6976744186046512,0.06618962432915922,0.05232558139534884,0.1838103756708408
0.6964047936085219,0.06613404349755882,0.05370616955170883,0.18375499334221038
0.6999554168524298,0.06286223807400802,0.05349977708426215,0.18368256798930005
0.6985815602836879,0.06560283687943262,0.047429078014184396,0.18838652482269502
0.7003085059497576,0.06522697223446453,0.04759806081974438,0.1868664609960335
0.6962533452274755,0.0655664585191793,0.049955396966993755,0.18822479928635147
0.6995515695067265,0.06457399103139014,0.04663677130044843,0.18923766816143497
0.6981802041722148,0.06879715934309809,0.04305370616955171,0.18996893031513537
0.6973214285714285,0.06651785714285714,0.04285714285714286,0.19330357142857144
0.7018246550956831,0.06720071206052515,0.04183355585224744,0.18914107699154428
0.7020905923344948,0.06794425087108014,0.04224738675958188,0.18771777003484322
0.7031318923687693,0.06793118659020732,0.0423467137185708,0.18659020732245257
0.7042628774422736,0.06616341030195382,0.04262877442273535,0.1869449378330373
0.7032918149466192,0.06583629893238434,0.04403914590747331,0.18683274021352314
0.7032085561497327,0.06684491978609626,0.04500891265597148,0.18493761140819964
0.7054673721340388,0.06525573192239859,0.04365079365079365,0.18562610229276896
0.7093074547860608,0.06219673577415086,0.044111160123511246,0.18438464931627702
0.7153574580759047,0.06090026478375993,0.04236540158870256,0.18137687555163284
0.7136583223539745,0.06411945542380325,0.04567413263065437,0.17654808959156784
0.7180168216024789,0.06330234617087206,0.04780876494023904,0.1708720672864099
0.7152930806522697,0.06566769501983252,0.049801674746584396,0.16923754958131335
0.7073386383731212,0.0658709106984969,0.052166224580017684,0.17462422634836428
0.7092040907069809,0.06669630947087594,0.05157847932414406,0.17252112049799911
0.7068201948627104,0.06510186005314438,0.05358724534986714,0.1744906997342781
0.7028596961572833,0.06657730116175156,0.05361930294906166,0.1769436997319035
0.7054125998225377,0.06654835847382432,0.05235137533274179,0.1756876663708962
0.7018633540372671,0.06921029281277728,0.051907719609582965,0.17701863354037267
0.6996012405848472,0.06778910057598582,0.05183872396987151,0.18077093486929552
0.6929274843330349,0.06714413607878246,0.05371530886302596,0.18621307072515667
0.6919326241134752,0.07402482269503546,0.051418439716312055,0.18262411347517732
0.6942222222222222,0.07511111111111111,0.04666666666666667,0.184
0.6944198405668733,0.07218777679362268,0.046058458813108945,0.18733392382639505
0.6898678414096916,0.07488986784140969,0.04537444933920705,0.18986784140969162
0.6931969764339706,0.07514450867052024,0.04802134281903068,0.18363717207647842
0.6932324131789849,0.0730186999109528,0.04541406945681211,0.18833481745325023
0.6952465570857397,0.06885828520657486,0.04575744113727232,0.19013771657041315
0.7038188277087034,0.06483126110124333,0.04396092362344583,0.18738898756660746
0.7011086474501108,0.06563192904656319,0.04301552106430155,0.1902439024390244
0.6997792494481236,0.06534216335540839,0.046357615894039736,0.18852097130242826
0.702726473175022,0.06376429199648197,0.0426561125769569,0.19085312225153914
0.7071240105540897,0.06288478452066842,0.0395778364116095,0.19041336851363236
0.7066315327184892,0.06499780412823891,0.03820816864295125,0.1901624945103206
0.7044552271724747,0.06660785178650198,0.03970004411116013,0.18923687692986327
0.7084252315835906,0.06440229378032643,0.038376709307454786,0.18879576532862816
0.7036547776309996,0.06252752091589608,0.04051078819903126,0.1933069132540731
0.7091229616571176,0.062141912736888495,0.03922432789775231,0.18951079770824153
0.7089783281733746,0.057938965059708095,0.0367094206103494,0.19637328615656788
0.717090584560464,0.06336456938866578,0.03748326639892905,0.18206157965194109
0.7094170403587444,0.06771300448430494,0.036771300448430494,0.1860986547085202
0.7105612019443217,0.06805125939019001,0.04021210782147592,0.1811754308440124
0.7083517454706142,0.07026071586389748,0.04021210782147592,0.1811754308440124
0.7054915854738707,0.07351638618246235,0.03808680248007086,0.18290522586359612
0.7009263343625938,0.07278341420379356,0.04190560211733568,0.18438464931627702
0.6999121265377856,0.070298769771529,0.043497363796133566,0.18629173989455183
0.6973742768135291,0.06853582554517133,0.04539385847797063,0.1886960391633289
0.7018551236749117,0.0715547703180212,0.04637809187279152,0.18021201413427562
0.6980219780219781,0.07208791208791208,0.04659340659340659,0.1832967032967033
0.6992084432717678,0.07255936675461741,0.04617414248021108,0.1820580474934037
0.6955744300402324,0.06794814483683505,0.047384890478319175,0.1890925346446133
0.7039355992844365,0.06887298747763863,0.046958855098389984,0.18023255813953487
0.7053374503749449,0.0674900749889722,0.043228936921041024,0.1839435377150419
0.7076719576719577,0.06525573192239859,0.04497354497354497,0.18209876543209877
0.7056239015817223,0.0672231985940246,0.04525483304042179,0.18189806678383127
0.7031111111111111,0.06933333333333333,0.04533333333333334,0.18222222222222223
0.7064501974550241,0.06625713032031592,0.046511627906976744,0.1807810443176832
0.7093333333333334,0.06577777777777778,0.04666666666666667,0.17822222222222223
0.717731129968736,0.06833407771326486,0.04644930772666369,0.16748548459133542
0.7185283687943262,0.06205673758865248,0.04609929078014184,0.17331560283687944
0.7216312056737588,0.0598404255319149,0.04521276595744681,0.17331560283687944
0.7275953859804791,0.06299911268855368,0.04214729370008873,0.16725820763087842
0.7293598233995585,0.06490066225165562,0.04194260485651214,0.16379690949227374
0.7278000892458724,0.06604194556001784,0.041499330655957165,0.1646586345381526
0.7354240282685512,0.0636042402826855,0.04240282685512368,0.15856890459363956
0.7320175438596491,0.0662280701754386,0.04429824561403509,0.15745614035087718
0.7406749555950266,0.06394316163410302,0.043072824156305506,0.15230905861456484
0.7360742705570292,0.0649867374005305,0.04288240495137047,0.15605658709106984
0.7338673787271918,0.06942590120160214,0.040498442367601244,0.15620827770360482
0.7368189806678384,0.06678383128295255,0.04086115992970123,0.1555360281195079
0.7369353410097431,0.06465899025686449,0.0420726306465899,0.1563330380868025
0.7363515312916112,0.06524633821571238,0.04172214824678207,0.15667998224589436
0.7365638766519824,0.06563876651982378,0.04361233480176212,0.15418502202643172
0.7353463587921847,0.06349911190053285,0.043072824156305506,0.15808170515097691
0.7357741508601676,0.06528451698279665,0.04058226731363035,0.1583590648434054
0.7375444839857651,0.060498220640569395,0.042704626334519574,0.1592526690391459
0.733630289532294,0.06280623608017817,0.040979955456570155,0.16258351893095768
0.734284440481498,0.06464556397681677,0.03967900133749443,0.1613909942041908
0.7413333333333333,0.06177777777777778,0.03822222222222222,0.15866666666666668
0.7355555555555555,0.064,0.03777777777777778,0.16266666666666665
0.7420071047957372,0.0652753108348135,0.03818827708703375,0.15452930728241562
0.7390158172231986,0.06546572934973638,0.040421792618629174,0.15509666080843584
0.7464476021314387,0.06616341030195382,0.03996447602131439,0.14742451154529307
0.7486888111888111,0.06555944055944056,0.03977272727272727,0.145979020979021
0.7407407407407407,0.06738063364569388,0.04417670682730924,0.14770191878625613
0.7462555066079295,0.06563876651982378,0.04229074889867841,0.1458149779735683
0.7513227513227513,0.06305114638447971,0.04365079365079365,0.1419753086419753
0.7578055307760928,0.057091882247992866,0.043710972346119537,0.14139161462979483
0.7599469496021221,0.05526083112290009,0.041998231653404064,0.14279398762157383
0.758266309204647,0.05540661304736372,0.0420017873100983,0.14432529043789097
0.7559681697612732,0.0592396109637489,0.040229885057471264,0.14456233421750664
0.7544563279857398,0.06194295900178253,0.03877005347593583,0.1448306595365419
0.7590467784642542,0.061341571050308914,0.038393645189761696,0.1412180052956752
0.7602313167259787,0.060498220640569395,0.036476868327402136,0.14279359430604982
0.7610540419830282,0.06252791424743188,0.03662349263063868,0.1397945511389013
0.7640548915449313,0.0650730411686587,0.038069942452412575,0.13280212483399734
0.7640249332146037,0.06322350845948353,0.03829029385574354,0.13446126447016918
0.7652019529516201,0.06169551708832668,0.03595206391478029,0.13715046604527298
0.760476400529334,0.06307895897662108,0.037935597706219674,0.13850904278782533
0.7596111356606274,0.062306672558550595,0.03844454264250994,0.13963764913831198
0.7588183421516755,0.06040564373897707,0.040123456790123455,0.140652557319224
0.7604630454140695,0.060552092609082814,0.04229741763134461,0.13668744434550312
0.7634361233480176,0.05682819383259912,0.044933920704845816,0.13480176211453745
0.7569597878921785,0.0547945205479452,0.0481661511268228,0.14007954043305346
0.7586512866015972,0.05856255545696539,0.04569653948535936,0.1370896184560781
0.7571365832235397,0.06236275801493193,0.04479578392621871,0.13570487483530963
0.7621380846325168,0.061915367483296214,0.04365256124721604,0.13229398663697103
0.7573073516386183,0.061558901682905225,0.04472984942426927,0.13640389725420726
0.7662801070472792,0.06244424620874219,0.04192685102586976,0.12934879571810884
0.7659101023587005,0.06319537160658656,0.04227859368046284,0.12861593235425012
0.7674107142857143,0.06651785714285714,0.04285714285714286,0.12321428571428572
0.7636526410026858,0.06624888093106536,0.04252461951656222,0.12757385854968667
0.76657824933687,0.0649867374005305,0.04553492484526967,0.1229000884173298
0.76650420912716,0.0664599025254763,0.04474966770048737,0.12228622064687639
0.7666963490650045,0.06188780053428317,0.04541406945681211,0.12600178094390027
0.7716814159292036,0.06371681415929203,0.04247787610619469,0.12212389380530973
0.7758164165931156,0.059576345984112974,0.04280670785525154,0.12180052956751986
0.7731685789938217,0.0617828773168579,0.041924095322153576,0.12312444836716681
0.7724259832081308,0.0627485638532921,0.04551480335837384,0.11931064958020327
0.7663843067320553,0.06687472135532768,0.04502897904592064,0.12171199286669639
0.7706866197183099,0.06514084507042253,0.0448943661971831,0.1192781690140845
0.7670250896057348,0.06362007168458782,0.04525089605734767,0.12410394265232975
0.7683935568132346,0.061384414453635176,0.0457117979973879,0.12451023073574227
0.7666083916083916,0.06031468531468531,0.046765734265734264,0.1263111888111888
0.7716049382716049,0.057760141093474424,0.04409171075837742,0.12654320987654322
0.7683035714285714,0.05580357142857143,0.045535714285714284,0.13035714285714287
0.7677390921110622,0.05376817981489643,0.04759806081974438,0.13089466725429705
0.7666813963764914,0.05170128148475475,0.04639858594785683,0.13521873619089703
0.7729681978798587,0.04858657243816254,0.04726148409893993,0.13118374558303886
0.774945054945055,0.04527472527472527,0.046153846153846156,0.13362637362637364
0.7776797529775034,0.04190560211733568,0.04675782973092192,0.13365681517423908
0.7730684326710817,0.0423841059602649,0.04812362030905077,0.13642384105960265
0.7762455516014235,0.042704626334519574,0.04759786476868327,0.13345195729537365
0.774108322324967,0.038749449581682076,0.0488771466314399,0.13826508146191105
0.7698800533096402,0.041314971123944916,0.0519768991559307,0.13682807641048422
0.7717198581560284,0.041223404255319146,0.05274822695035461,0.13430851063829788
0.7685144124168515,0.04390243902439024,0.05454545454545454,0.13303769401330376
0.768276473194506,0.04519273371732388,0.05006645990252548,0.13646433318564466
0.7744360902255639,0.045112781954887216,0.05042016806722689,0.13003095975232198
0.7756637168141592,0.048672566371681415,0.046460176991150445,0.12920353982300886
0.7801513128615932,0.04984423676012461,0.04316866933689364,0.1268357810413885
0.7847989394608926,0.04904993371630579,0.04330534688466637,0.12284577993813522
0.789659743703049,0.04728236853733982,0.04418912947414936,0.11886875828546177
0.7918713711478339,0.04689593568557392,0.04332291201429209,0.11790978115230014
0.7900043840420868,0.04384042086804033,0.04559403770276195,0.12056115738711091
0.7873945849977807,0.0461606746560142,0.045272969374167776,0.12117177097203728
0.784070796460177,0.046902654867256637,0.046902654867256637,0.12212389380530973
0.7872903795233892,0.04501323918799647,0.0498676081200353,0.117828773168579
0.7819548872180451,0.0437859354268023,0.05042016806722689,0.1238390092879257
0.7787177203918076,0.04452359750667854,0.05031166518254675,0.12644701691896706
0.7856829161176987,0.041721563460693896,0.048748353096179184,0.12384716732542819
0.78125,0.04401408450704225,0.04753521126760563,0.12720070422535212
0.7782685512367491,0.04151943462897526,0.04902826855123675,0.13118374558303886
0.7829181494661922,0.03825622775800712,0.04848754448398576,0.13033807829181496
0.7869142351900973,0.03801945181255526,0.04597701149425287,0.1290893015030946
0.7856827220503756,0.039770216526734424,0.04418912947414936,0.1303579319487406
0.7815684536996013,0.0412051395657953,0.04209127159946832,0.13513513513513514
0.7840106007067138,0.03975265017667844,0.04240282685512368,0.1338339222614841
0.7772364924712135,0.03808680248007086,0.043401240035429584,0.14127546501328608
0.7821080602302923,0.03808680248007086,0.04074402125775022,0.13906111603188662
0.7822261328640563,0.0387153541575011,0.040475142982842056,0.13858336999560053
0.7857773851590106,0.037544169611307424,0.038869257950530034,0.13780918727915195
0.7779743476337904,0.04024767801857585,0.03936311366651924,0.14241486068111456
0.7832014072119613,0.03913808267370272,0.03737906772207564,0.14028144239226034
0.781305114638448,0.03747795414462081,0.03747795414462081,0.1437389770723104
0.7807794508414526,0.03941541186891054,0.03720106288751107,0.14260407440212577
0.7768448961555457,0.04197967300044189,0.03932832523199293,0.14184710561201944
0.7714791851195748,0.045172719220549155,0.03587245349867139,0.1474756421612046
0.7814304753442914,0.04309195912927588,0.03642825410928476,0.13904931141714794
0.7744493392070485,0.044933920704845816,0.037444933920704845,0.14317180616740088
0.7737097485663873,0.0458756065284517,0.04014115571239524,0.14027348919276578
0.7712532865907099,0.04732690622261174,0.03856266432953549,0.14285714285714285
0.7716077026421854,0.0483654276757725,0.039856695029108824,0.14017017465293327
0.7641592920353982,0.047787610619469026,0.0420353982300885,0.14601769911504425
0.7559158632778264,0.047765118317265556,0.04382120946538125,0.15249780893952672
0.7600178094390027,0.04808548530721282,0.04229741763134461,0.1495992876224399
0.7623456790123457,0.048500881834215165,0.04056437389770723,0.14858906525573193
0.7638522427440633,0.048372911169744945,0.040457343887423045,0.14731750219876869
0.7641592920353982,0.047345132743362835,0.0420353982300885,0.14646017699115044
0.7611676249447147,0.047766475011057054,0.04157452454666077,0.14949137549756744
0.7597716293368467,0.04787000439174352,0.04216073781291173,0.15019762845849802
0.761504424778761,0.04911504424778761,0.04070796460176991,0.1486725663716814
0.7638146167557932,0.05035650623885918,0.03787878787878788,0.14795008912655971
0.7692998204667864,0.048922800718132854,0.03859964093357271,0.1431777378815081
0.767545820295038,0.050514081358962896,0.03799731783638802,0.1439427805096111
0.764418811002662,0.055013309671694766,0.03771073646850044,0.14285714285714285
0.7600176133861735,0.054601497137824744,0.0361074416556583,0.14927344782034346
0.7621763931548925,0.05660377358490566,0.03378674857393594,0.1474330846862659
0.7617997353330392,0.05734450816056462,0.035288928098809,0.1455668284075871
0.7630083078268474,0.055094009619588984,0.036292085701792744,0.14560559685177088
0.7549844926894107,0.057155516171909615,0.038546743464776254,0.14931324767390342
0.7567928730512249,0.05434298440979955,0.03875278396436525,0.15011135857461025
0.7630415561450045,0.054376657824933686,0.03580901856763926,0.14677276746242263
0.7632743362831859,0.05486725663716814,0.034955752212389384,0.14690265486725665
0.7653508771929824,0.05745614035087719,0.03464912280701754,0.1425438596491228
0.7597690941385435,0.05461811722912966,0.03463587921847247,0.15097690941385436
0.755398854120758,0.055531070956368445,0.03613926840017629,0.15293080652269722
0.7491150442477876,0.05663716814159292,0.035398230088495575,0.1588495575221239
0.755398854120758,0.05685323931247246,0.03393565447333627,0.15381225209343324
0.7550839964633068,0.0592396109637489,0.033156498673740056,0.15251989389920426
0.7512173528109783,0.06418769366976539,0.034528552456839307,0.150066401062417
0.747992863514719,0.06512042818911686,0.03568242640499554,0.1512042818911686
0.7528837622005324,0.06388642413487133,0.03593611357586513,0.14729370008873113
0.7530918727915195,0.0636042402826855,0.03842756183745583,0.14487632508833923
0.7478991596638656,0.06899601946041574,0.038920831490490936,0.14418398938522778
0.7472479084103919,0.06605019815059446,0.04271246147071774,0.14398943196829592
0.7486654804270463,0.06583629893238434,0.04448398576512456,0.14101423487544484
0.7449069973427812,0.06598759964570416,0.04384410983170948,0.14526129317980513
0.7462154942119323,0.06500445235975066,0.04229741763134461,0.1464826357969724
0.7452285841100754,0.06835330670217488,0.04349755881047492,0.14292055037727475
0.7457180500658761,0.06807202459376373,0.0461133069828722,0.14009661835748793
0.7469244288224957,0.06678383128295255,0.046133567662565905,0.14015817223198593
0.753635962979286,0.06478624944909651,0.044072278536800354,0.1375055090348171
0.7432131731197151,0.06275033377837116,0.045838896306186025,0.14819759679572764
0.7437030490499337,0.0618647812638091,0.04551480335837384,0.14891736632788333
0.7450022212350067,0.06130608618391826,0.0444247001332741,0.14926699244780098
0.7452200978212539,0.0609159626500667,0.04713205869275233,0.1467318808359271
0.7480035492457853,0.05944986690328305,0.04835847382431233,0.14418811002661935
0.7507788161993769,0.059635068980863376,0.05028927458834001,0.13929684023141967
0.7524357838795395,0.05757307351638618,0.05181576616474756,0.13817537643932684
0.7568766637089619,0.05545696539485359,0.05412599822537711,0.13354037267080746
0.7558088557650153,0.055677334502411226,0.05523893029373082,0.13327487943884261
0.7503273679615888,0.056307289393278045,0.05543430816237451,0.13793103448275862
0.7587428065515714,0.05843293492695883,0.054006197432492256,0.12881806108897742
0.7598944591029023,0.055408970976253295,0.05408970976253298,0.13060686015831136
0.7580859548072663,0.05316792202038104,0.05494018608772707,0.1338059370846256
0.7578021978021978,0.052307692307692305,0.056703296703296706,0.1331868131868132
0.7527642636001769,0.0583812472357364,0.05616983635559487,0.13268465280849182
0.7589089309282886,0.05763308402991641,0.05191377034755829,0.1315442146942367
0.7636443661971831,0.053257042253521125,0.05237676056338028,0.1307218309859155
0.7562913907284768,0.05518763796909492,0.052538631346578366,0.13598233995584988
0.7630161579892281,0.05206463195691203,0.04847396768402154,0.13644524236983843
0.7583001328021248,0.054891544931385566,0.04869411243913236,0.13811420982735723
0.7628774422735346,0.05328596802841918,0.046181172291296625,0.13765541740674955
0.7652019529516201,0.05326231691078562,0.04571682201509099,0.13581890812250333
0.7644209599295465,0.05151915455746367,0.04579480405107882,0.13826508146191105
0.7650976909413855,0.05284191829484902,0.046181172291296625,0.13587921847246892
0.7738626226583407,0.04727921498661909,0.045495093666369314,0.13336306868867082
0.7782705099778271,0.04567627494456763,0.04124168514412417,0.13481152993348117
0.7816091954022989,0.04420866489832007,0.040229885057471264,0.13395225464190982
0.7793072824156305,0.04706927175843695,0.04262877442273535,0.13099467140319715
0.7769367764915405,0.04942119323241318,0.041852181656277826,0.13178984861976847
0.7824156305506217,0.04840142095914742,0.03818827708703375,0.13099467140319715
0.7809062912450506,0.052353717553893536,0.03695556533216014,0.12978442586889574
0.7782685512367491,0.053003533568904596,0.03842756183745583,0.13030035335689047
0.7795864496260448,0.05411350637923449,0.03827540695116586,0.12802463704355477
0.7823581560283688,0.05540780141843971,0.03856382978723404,0.12367021276595745
0.7808764940239044,0.05444887118193891,0.03718459495351926,0.12749003984063745
0.7864674868189807,0.054042179261862916,0.035588752196836555,0.12390158172231985
0.779690949227373,0.052097130242825605,0.03708609271523179,0.13112582781456952
0.7825704225352113,0.05149647887323944,0.03873239436619718,0.12720070422535212
0.7796833773087071,0.05013192612137203,0.040897097625329816,0.12928759894459102
0.7726473175021987,0.052770448548812667,0.04309586631486367,0.13148636763412488
0.7776781712236666,0.0502017032720753,0.04168534289556253,0.13043478260869565
0.7821131082858396,0.04997807978956598,0.04296361245067953,0.12494519947391496
0.778021978021978,0.05318681318681319,0.04527472527472527,0.12351648351648352
0.7738938053097345,0.05442477876106195,0.04336283185840708,0.12831858407079647
0.7763157894736842,0.05350877192982456,0.04517543859649123,0.125
0.7760279965004374,0.0542432195975503,0.048556430446194225,0.12117235345581802
0.7729276895943563,0.0564373897707231,0.048500881834215165,0.12213403880070546
0.7743957027752909,0.05729632945389436,0.045658012533572066,0.12264995523724262
0.7738671359436867,0.05719313682358117,0.04487461504619446,0.12406511218653761
0.777336860670194,0.05511463844797178,0.045414462081128745,0.12213403880070546
0.7776793622674933,0.05535872453498671,0.04384410983170948,0.12311780336581045
0.7815533980582524,0.05516328331862312,0.04324801412180053,0.12003530450132392
0.7779743476337904,0.057938965059708095,0.04599734630694383,0.11808934099955772
0.7716570413149711,0.05908485117725455,0.04575744113727232,0.123500666370502
0.7806167400881058,0.05638766519823789,0.04361233480176212,0.11938325991189427
0.7861246133451171,0.05612019443216969,0.04021210782147592,0.1175430844012373
0.7837837837837838,0.05582631812140009,0.03987594151528578,0.12051395657953035
0.7844600526777875,0.053994732221246705,0.03950834064969271,0.12203687445127305
0.7852143482064742,0.05205599300087489,0.04286964129483815,0.11986001749781278
0.787959274015051,0.053563523683045594,0.044710048694112436,0.11376715360779106
0.7837958818263205,0.05416293643688451,0.044315129811996416,0.11772605192479857
0.785022026431718,0.05726872246696035,0.04361233480176212,0.11409691629955947
0.7905643738977073,0.05731922398589065,0.043209876543209874,0.10890652557319223
0.7812773403324584,0.05818022747156605,0.04286964129483815,0.11767279090113736
0.7821080602302923,0.05934455270150576,0.04295837023914969,0.11558901682905226
0.781523642732049,0.05735551663747811,0.04553415061295972,0.11558669001751314
0.7797961896322552,0.05848471422241914,0.04563579973416039,0.11608329641116526
0.788470066518847,0.05543237250554324,0.04434589800443459,0.11175166297117517
0.7854609929078015,0.05319148936170213,0.04565602836879433,0.11569148936170212
0.7841918294849023,0.05461811722912966,0.044849023090586145,0.11634103019538189
0.7876224398931434,0.05520926090828139,0.04452359750667854,0.1126447016918967
0.7936720142602496,0.05303030303030303,0.04322638146167558,0.11007130124777184
0.790358248562583,0.053516143299425036,0.044228217602830605,0.11189739053516143
0.7920529801324503,0.052538631346578366,0.044591611479028695,0.11081677704194261
0.783068783068783,0.05335097001763668,0.04673721340388007,0.11684303350970017
0.7793531236154188,0.05848471422241914,0.047851129818342934,0.11431103234381923
0.7878517195176418,0.05716837874050915,0.045556051808843236,0.1094238499330058
0.7895659798334064,0.055677334502411226,0.04208680403331872,0.11266988163086365
0.7884444444444444,0.059111111111111114,0.043555555555555556,0.10888888888888888
0.7927848658161021,0.05719313682358117,0.04355477342718874,0.10646722393312802
0.7958644962604488,0.05411350637923449,0.044434667839859214,0.10558732952045755
0.7954144620811288,0.05423280423280423,0.04717813051146384,0.10317460317460317
0.7949846018477783,0.05191377034755829,0.047954245490541135,0.10514738231412231
0.796669588080631,0.05346187554776512,0.04732690622261174,0.10254163014899212
0.7905944986690329,0.05634427684117125,0.047471162377994675,0.10559006211180125
0.7960439560439561,0.054945054945054944,0.04527472527472527,0.10373626373626374
0.7986636971046771,0.05434298440979955,0.044543429844097995,0.10244988864142539
0.7976137870083959,0.052585064074237735,0.04330534688466637,0.10649580203269995
0.8004395604395604,0.05274725274725275,0.04351648351648352,0.10329670329670329
0.7932692307692307,0.05244755244755245,0.045454545454545456,0.10882867132867133
0.7972675187307183,0.05112384310268841,0.043190832966064345,0.10841780520052886
0.8051259390190013,0.047724259832081305,0.04418912947414936,0.10296067167476801
0.8061810154525386,0.05033112582781457,0.04105960264900662,0.10242825607064018
0.804,0.052444444444444446,0.04044444444444444,0.10311111111111111
0.8046944198405669,0.050487156775907885,0.0420726306465899,0.10274579273693533
0.8063801506424457,0.05006645990252548,0.04031900753212229,0.10323438192290652
0.8109919571045576,0.04691689008042895,0.03932082216264522,0.10277033065236818
0.8127224199288257,0.04181494661921708,0.03870106761565836,0.10676156583629894
0.8084444444444444,0.042666666666666665,0.04133333333333333,0.10755555555555556
0.8092920353982301,0.04292035398230089,0.04292035398230089,0.10486725663716814
0.8082924654480607,0.03967900133749443,0.04502897904592064,0.1069995541685243
0.8065934065934066,0.041758241758241756,0.041758241758241756,0.10989010989010989
0.8108227012758469,0.04267487901451826,0.039595248570171576,0.10690717113946327
0.8080317740511915,0.041924095322153576,0.0410414827890556,0.10900264783759929
0.8104661389621812,0.04221635883905013,0.04001759014951627,0.10729991204925242
0.8064516129032258,0.04197967300044189,0.040653999116217414,0.11091471498011489
0.8056042031523643,0.043345008756567424,0.03940455341506129,0.11164623467600701
0.8043095866314863,0.0426561125769569,0.04177660510114336,0.11125769569041337
0.8085954807266282,0.04253433761630483,0.042977403633141335,0.10589277802392556
0.8117803365810452,0.04118689105403012,0.04162976085031001,0.1054030115146147
0.8097130242825608,0.039735099337748346,0.044591611479028695,0.10596026490066225
0.8099246787771378,0.04209127159946832,0.042977403633141335,0.10500664599025254
0.808237378210806,0.04472984942426927,0.04384410983170948,0.10318866253321524
0.8112290008841733,0.04376657824933687,0.04332449160035367,0.10167992926613616
0.8183836589698046,0.04218472468916518,0.038632326820603906,0.10079928952042629
0.8147818343722173,0.04452359750667854,0.04229741763134461,0.09839715048975957
0.8176967541129391,0.04357492218763895,0.041796353935082256,0.09693196976433971
0.8158241758241759,0.04351648351648352,0.04351648351648352,0.09714285714285714
0.8197443807844865,0.044072278536800354,0.04363155575143235,0.09255178492728074
0.8231111111111111,0.04088888888888889,0.04488888888888889,0.09111111111111111
0.8204334365325078,0.0437859354268023,0.04290137107474569,0.09287925696594428
0.8164695575996496,0.04292597459483136,0.04424003504161191,0.09636443276390715
0.8154185022026432,0.04185022026431718,0.04537444933920705,0.0973568281938326
0.8149279790484505,0.0405936272370144,0.04539502400698385,0.09908336970755129
0.8201151971643775,0.03766061143110323,0.04474966770048737,0.0974745237040319
0.8193774660236738,0.037264357737834285,0.04471722928540114,0.09864094695309075
0.813634351482957,0.03718459495351926,0.04869411243913236,0.10048694112439133
0.8151260504201681,0.03759398496240601,0.04643962848297214,0.10084033613445378
0.8130224373075231,0.03607567091948966,0.04839419269687637,0.10250769907611086
0.8147007042253521,0.03477112676056338,0.04753521126760563,0.10299295774647887
0.812253829321663,0.035448577680525166,0.04901531728665208,0.10328227571115974
0.8123348017621146,0.039647577092511016,0.04977973568281938,0.09823788546255506
0.8099027409372237,0.04111405835543767,0.04951370468611848,0.09946949602122016
0.8100533807829181,0.04048042704626335,0.0498220640569395,0.099644128113879
0.8102766798418972,0.041721563460693896,0.0461133069828722,0.10188844971453667
0.8133802816901409,0.04181338028169014,0.045774647887323945,0.09903169014084508
0.8122520934332305,0.04275011018069634,0.044072278536800354,0.10092551784927281
0.8144876325088339,0.04196113074204947,0.04240282685512368,0.10114840989399293
0.8112874779541446,0.0427689594356261,0.042328042328042326,0.10361552028218694
0.8135444151275286,0.0395778364116095,0.04529463500439754,0.10158311345646438
0.8122251539138082,0.03869832893579595,0.04573438874230431,0.10334212840809147
0.8093145869947276,0.037785588752196834,0.046133567662565905,0.10676625659050967
0.8127208480565371,0.037985865724381625,0.04726148409893993,0.10203180212014135
0.8087649402390438,0.04249667994687915,0.04869411243913236,0.10004426737494466
0.8048021342819031,0.048910626945309024,0.04668741662961316,0.09959982214317474
0.8029689608636977,0.04588394062078273,0.049032838506522715,0.10211426000899686
0.8075904677846425,0.04457193292144748,0.04766107678729038,0.1001765225066196
0.8119205298013245,0.045033112582781455,0.045474613686534215,0.09757174392935983
0.816651904340124,0.04561558901682905,0.046058458813108945,0.091674047829938
0.8153508771929825,0.04736842105263158,0.043859649122807015,0.09342105263157895
0.8153710247349824,0.04814487632508834,0.04372791519434629,0.09275618374558305
0.8077093486929553,0.04563579973416039,0.04563579973416039,0.10101905183872396
0.8031985784095957,0.04531319413593958,0.04797867614393603,0.10350955131052865
0.8060230292294066,0.043401240035429584,0.047829937998228524,0.10274579273693533
0.8040689960194605,0.04290137107474569,0.05042016806722689,0.102609464838567
0.804155614500442,0.04553492484526967,0.04995579133510168,0.10035366931918656
0.8037217545414267,0.046964997784669914,0.05050952591936198,0.09880372175454143
0.8056768558951966,0.048034934497816595,0.04847161572052402,0.09781659388646288
0.8022172949002218,0.04789356984478936,0.049223946784922396,0.10066518847006652
0.8055184690698709,0.047619047619047616,0.04984423676012461,0.09701824655095684
0.8061088977423638,0.04869411243913236,0.05046480743691899,0.09473218238158478
0.8084632516703786,0.0467706013363029,0.049443207126948774,0.09532293986636971
0.8079295154185022,0.04801762114537445,0.050220264317180616,0.09383259911894273
0.8097539543057997,0.05052724077328647,0.048330404217926184,0.0913884007029877
0.8106535362578334,0.050581915846016116,0.047896150402864816,0.09086839749328558
0.8088432335864225,0.04912907548012506,0.04912907548012506,0.09289861545332738
0.8127753303964758,0.048458149779735685,0.04713656387665198,0.09162995594713656
0.8076072534276869,0.048651039363113664,0.04643962848297214,0.09730207872622733
0.8114132857779759,0.04993312527864467,0.04859563085153812,0.09005795809184128
0.8123877917414721,0.049820466786355475,0.048025134649910234,0.08976660682226212
0.8195921985815603,0.04831560283687943,0.04654255319148936,0.08554964539007093
0.8152894387980557,0.05037560760053027,0.044631020768890854,0.0897039328325232
0.8171708185053381,0.051601423487544484,0.042704626334519574,0.08852313167259787
0.8118636564851704,0.05223550243470562,0.04293935369632581,0.09296148738379814
0.8163265306122449,0.05634427684117125,0.03992901508429459,0.08740017746228926
0.8218213814342279,0.05279366476022877,0.04179498460184778,0.08358996920369556
0.8228015908086611,0.049491825011047284,0.04330534688466637,0.08440123729562528
0.8224381625441696,0.04946996466431095,0.04151943462897526,0.08657243816254417
0.8177426438296004,0.051822573561704,0.041721563460693896,0.08871321914800176
0.8142920158800176,0.050727834142037936,0.04278782531980591,0.09219232465813851
0.8155339805825242,0.05163283318623124,0.04236540158870256,0.09046778464254192
0.8210526315789474,0.04780701754385965,0.04473684210526316,0.08640350877192983
0.8151742390824879,0.04631671812968681,0.04764005293339215,0.09086898985443317
0.8135667396061269,0.04726477024070022,0.04989059080962801,0.08927789934354485
0.8122503328894807,0.04704837993786063,0.0492676431424767,0.09143364403018198
0.8220264317180617,0.04229074889867841,0.04757709251101322,0.0881057268722467
0.8201151971643775,0.0412051395657953,0.04918032786885246,0.08949933540097474
0.8163265306122449,0.044365572315882874,0.046583850931677016,0.09272404614019521
0.8185880250223414,0.043789097408400354,0.04647006255585344,0.09115281501340483
0.8164975738861933,0.04455227172474636,0.04852227613586237,0.09042787825319806
0.8181818181818182,0.04390243902439024,0.04789356984478936,0.09002217294900222
0.8224748578924355,0.04241364232619152,0.04416265850459117,0.09094884127678181
0.8252640845070423,0.03873239436619718,0.04445422535211268,0.09154929577464789
0.8237650200267023,0.03827325322652426,0.04361370716510903,0.09434801958166444
