R,A,S,N
0.0,0.0,1.0,0.0
0.5,0.0,0.5,0.0
0.5555555555555556,0.0,0.4444444444444444,0.0
0.5294117647058824,0.0,0.47058823529411764,0.0
0.5161290322580645,0.0,0.4838709677419355,0.0
0.5555555555555556,0.0,0.4444444444444444,0.0
0.4888888888888889,0.022222222222222223,0.4777777777777778,0.011111111111111112
0.48872180451127817,0.03759398496240601,0.45864661654135336,0.015037593984962405
0.4918918918918919,0.04864864864864865,0.4540540540540541,0.005405405405405406
0.4897959183673469,0.05714285714285714,0.4448979591836735,0.00816326530612245
0.4678362573099415,0.07309941520467836,0.43859649122807015,0.02046783625730994
0.44110854503464203,0.09237875288683603,0.43648960739030024,0.03002309468822171
0.44052044609665425,0.10594795539033457,0.4200743494423792,0.03345724907063197
0.4307458143074581,0.1308980213089802,0.395738203957382,0.0426179604261796
0.42458808618504434,0.14575411913814956,0.38149556400506973,0.048162230671736375
0.4223404255319149,0.16595744680851063,0.3638297872340426,0.047872340425531915
0.4235849056603774,0.16981132075471697,0.35188679245283017,0.05471698113207547
0.405223251895535,0.18786857624262848,0.34372367312552654,0.06318449873631002
0.3899926416482708,0.20456217807211186,0.33480500367917587,0.0706401766004415
0.38211920529801324,0.2185430463576159,0.32384105960264903,0.07549668874172186
0.37142857142857144,0.22188449848024316,0.31854103343465046,0.08814589665653495
0.3603305785123967,0.2325068870523416,0.31019283746556475,0.09696969696969697
0.351937984496124,0.2351421188630491,0.3157622739018088,0.09715762273901808
0.3369351669941061,0.2387033398821218,0.32269155206286837,0.10166994106090373
0.3389434315100514,0.23842917251051893,0.31463300607760636,0.10799438990182328
0.33916244822825586,0.24620340543028071,0.30740911182696734,0.10722503451449608
0.3342305966801256,0.2503364737550471,0.30865859129654555,0.10677433826828174
0.3336279275298277,0.2554131683605833,0.3044631020768891,0.10649580203269995
0.33362598770851626,0.26119402985074625,0.2971905179982441,0.10798946444249341
0.3362369337979094,0.2569686411149826,0.29486062717770034,0.11193379790940766
0.3374558303886926,0.26325088339222613,0.28975265017667845,0.10954063604240283
0.3323049801674747,0.26399294843543414,0.2913177611282503,0.1123843102688409
0.32788334069818825,0.2615996464869642,0.29253203711886877,0.1179849756959788
0.33568904593639576,0.2575088339222615,0.2875441696113074,0.11925795053003534
0.3360107095046854,0.2597054886211513,0.2824631860776439,0.12182061579651941
0.33112874779541446,0.26278659611992944,0.2857142857142857,0.12037037037037036
0.3321693583587953,0.2627673505019642,0.28502837189000435,0.12003491924923614
0.3391838525669153,0.2593242650285213,0.28170250109697237,0.11978938130759105
0.3314108251996451,0.2622005323868678,0.28482697426796805,0.12156166814551908
0.33436395759717313,0.26457597173144876,0.2747349823321555,0.12632508833922262
0.3333333333333333,0.2614035087719298,0.27850877192982454,0.1267543859649123
0.3340669014084507,0.2658450704225352,0.27420774647887325,0.12588028169014084
0.3244798583444002,0.2642762284196547,0.28286852589641437,0.12837538733953077
0.32035398230088497,0.26991150442477874,0.2809734513274336,0.12876106194690265
0.3192982456140351,0.27149122807017545,0.2767543859649123,0.1324561403508772
0.3264680105170903,0.2703768624014023,0.2677475898334794,0.13540753724802804
0.316688567674113,0.2689443714410863,0.27025843188786686,0.14410862899693386
0.3201927288655278,0.2742006132282085,0.26938239159001315,0.13622426631625054
0.32402482269503546,0.2712765957446808,0.26861702127659576,0.13608156028368795
0.3268892794376098,0.26537785588752194,0.2702108963093146,0.1375219683655536
0.32342657342657344,0.2674825174825175,0.270541958041958,0.13854895104895104
0.3243006993006993,0.2701048951048951,0.2696678321678322,0.13592657342657344
0.3271686481726112,0.2624394539850286,0.27080581241743723,0.13958608542492293
0.3248126928162186,0.2732481269281622,0.2635522256500661,0.13838695460555311
0.3287549844926894,0.26849800620292424,0.2605228178998671,0.14222419140451928
0.3237095363079615,0.27209098862642167,0.25765529308836393,0.14654418197725283
0.3264499121265378,0.27460456942003514,0.2526362038664323,0.14630931458699473
0.32515337423312884,0.2703768624014023,0.25766871165644173,0.14680105170902716
0.3281733746130031,0.2697921273772667,0.25696594427244585,0.1450685537372844
0.3225806451612903,0.2708793636765356,0.26380910296067167,0.14273088820150243
0.31936479929422146,0.2681958535509484,0.2646669607410675,0.14777238641376267
0.3271276595744681,0.2708333333333333,0.2570921985815603,0.1449468085106383
0.3257938234014789,0.2727272727272727,0.25402348847324924,0.14745541539799914
0.33039258932509924,0.27569475077194533,0.24834583149536832,0.1455668284075871
0.33156028368794327,0.27615248226950356,0.24689716312056736,0.1453900709219858
0.3276165347405453,0.2752858399296394,0.24934036939313983,0.14775725593667546
0.33157894736842103,0.27280701754385966,0.23596491228070177,0.15964912280701754
0.33362714852357866,0.2745702952842662,0.23931247245482593,0.15249008373732922
0.3287852112676056,0.2777288732394366,0.23767605633802816,0.15580985915492956
0.32043956043956046,0.2786813186813187,0.23912087912087912,0.16175824175824177
0.3255915863277826,0.268624014022787,0.23751095530236635,0.16827344434706398
0.3238262395787626,0.2738043001316367,0.2360684510750329,0.16630100921456778
0.330122591943958,0.2701401050788091,0.24168126094570927,0.15805604203152365
0.33643617021276595,0.26728723404255317,0.23891843971631205,0.1573581560283688
0.3314235345967387,0.26928162185985016,0.23666813574261789,0.1626267078007933
0.32949512843224094,0.2674933569530558,0.2395925597874225,0.16341895482728078
0.327217125382263,0.27304499781564,0.23591087811271297,0.16382699868938402
0.32720909886264216,0.27384076990376205,0.23228346456692914,0.16666666666666666
0.335676625659051,0.2719683655536028,0.22847100175746923,0.163884007029877
0.33961437335670464,0.27256792287467135,0.22787028921998248,0.15994741454864153
0.3374888691006233,0.2831700801424755,0.22350845948352627,0.1558325912733749
0.3410301953818828,0.27353463587921845,0.22690941385435168,0.15852575488454707
0.3349557522123894,0.27876106194690264,0.22256637168141594,0.16371681415929204
0.33467381590705986,0.2774798927613941,0.2225201072386059,0.16532618409294011
0.32890070921985815,0.27570921985815605,0.2225177304964539,0.17287234042553193
0.32587719298245615,0.27807017543859647,0.22149122807017543,0.17456140350877192
0.32012329370321446,0.2756494936151475,0.22765301629238222,0.17657419638925584
0.3251318101933216,0.27240773286467485,0.22627416520210897,0.17618629173989456
0.3234513274336283,0.265929203539823,0.22831858407079647,0.18230088495575222
0.32848324514991184,0.26587301587301587,0.2239858906525573,0.18165784832451498
0.3258673693456302,0.26306543697848045,0.2261747913921827,0.18489240228370662
0.330806954971021,0.2603655818100758,0.22291573785109228,0.18591172536781098
0.34177215189873417,0.2588389349628983,0.21780881711043212,0.1815800960279354
0.33318815331010454,0.2613240418118467,0.21733449477351915,0.18815331010452963
0.32717678100263853,0.2612137203166227,0.2198768689533861,0.1917326297273527
0.3324420677361854,0.26559714795008915,0.22014260249554368,0.18181818181818182
0.33480565371024734,0.26104240282685515,0.21908127208480566,0.18507067137809188
0.3312883435582822,0.26292725679228746,0.21340929009640666,0.19237510955302367
0.3261348611723226,0.26928162185985016,0.21639488761568973,0.1881886293521375
0.32597173144876324,0.2712014134275618,0.21819787985865724,0.18462897526501768
0.32604895104895104,0.2692307692307692,0.21678321678321677,0.18793706293706294
0.33362753751103263,0.26963812886142985,0.2149161518093557,0.18181818181818182
0.3350970017636684,0.2707231040564374,0.21516754850088182,0.17901234567901234
0.3346439493228484,0.2704237658366099,0.2162516382699869,0.17868064657055482
0.33127208480565373,0.2742932862190813,0.2137809187279152,0.18065371024734983
0.3229349736379613,0.27548330404217924,0.2179261862917399,0.18365553602811951
0.32794759825327513,0.27467248908296943,0.21484716157205241,0.18253275109170305
0.3292307692307692,0.27164835164835166,0.21362637362637363,0.1854945054945055
0.3301141352063213,0.276558384547849,0.21334503950834066,0.17998244073748904
0.3395061728395062,0.27204585537918874,0.20811287477954143,0.18033509700176367
0.3403416557161629,0.26544021024967146,0.2172579938677179,0.17696014016644765
0.33392461197339246,0.27583148558758314,0.2133037694013304,0.17694013303769401
0.33581762384918895,0.2740026304252521,0.21437965804471723,0.17580008768084174
0.3222416812609457,0.28546409807355516,0.2136602451838879,0.1786339754816112
0.3243482103402563,0.28501988510826337,0.21520106053910737,0.17543084401237297
0.3280141843971631,0.2823581560283688,0.21453900709219859,0.1750886524822695
0.3301141352063213,0.2853380158033363,0.208955223880597,0.17559262510974538
0.3331856446610545,0.2906513070447497,0.20912715994683206,0.16703588834736377
0.333628710677891,0.28666371289322107,0.21178555604785113,0.16792202038103676
0.3333333333333333,0.2859025032938076,0.20816864295125165,0.1725955204216074
0.33259619637328613,0.2857142857142857,0.20831490490933216,0.17337461300309598
0.32995147772386413,0.28495809439788267,0.20599911777679752,0.17909131010145568
0.3258673693456302,0.2845849802371542,0.20948616600790515,0.1800614844093105
0.32879120879120877,0.28923076923076924,0.20703296703296703,0.17494505494505494
0.3235935455734845,0.291321412996075,0.20584387265590928,0.1792411687745312
0.323943661971831,0.292693661971831,0.20774647887323944,0.1756161971830986
0.3225520602569783,0.2924235711120957,0.2095702259636686,0.17545414266725742
0.3193899782135076,0.29673202614379085,0.2047930283224401,0.17908496732026144
0.3234524847428073,0.2986050566695728,0.2031386224934612,0.17480383609415867
0.31261022927689597,0.30158730158730157,0.20458553791887124,0.18121693121693122
0.31876379690949225,0.2944812362030905,0.20176600441501102,0.18498896247240618
0.3160211267605634,0.301056338028169,0.19762323943661972,0.18529929577464788
0.3171825930910722,0.29564827276805744,0.19560340960071781,0.19156572454015253
0.313215859030837,0.29515418502202645,0.20044052863436124,0.19118942731277533
0.30786122090469914,0.2968818620992534,0.20070267896354854,0.1945542380324989
0.30410122164048864,0.2975567190226876,0.2037521815008726,0.19458987783595114
0.30385288966725044,0.29597197898423816,0.20140105078809106,0.1987740805604203
0.2974043114826221,0.3018037835459745,0.20061592608886933,0.2001759788825341
0.29736842105263156,0.3,0.20350877192982456,0.19912280701754387
0.2932098765432099,0.30070546737213405,0.20149911816578484,0.20458553791887124
0.2978723404255319,0.2987588652482269,0.19680851063829788,0.20656028368794327
0.29487750556792874,0.3011135857461025,0.19910913140311803,0.20489977728285078
0.2925958965209634,0.2983942908117752,0.19580731489741302,0.21320249776984834
0.28350287483414416,0.2998673153471915,0.20477664750110572,0.2118531623175586
0.28451698279664756,0.2990736656374063,0.2051168945743273,0.2112924569916189
0.2882327016306743,0.29352137505509035,0.20669898633759365,0.2115469369766417
0.29170344218887906,0.29170344218887906,0.2030008826125331,0.21359223300970873
0.2910284463894967,0.29059080962800876,0.20393873085339168,0.21444201312910285
0.29261862917398945,0.28822495606326887,0.20035149384885764,0.218804920913884
0.290956749672346,0.29183049366535607,0.1983398864132809,0.21887287024901703
0.2936021034180543,0.2962313759859772,0.1901840490797546,0.21998247151621383
0.29427430093209056,0.30004438526409233,0.1877496671105193,0.21793164669329781
0.3017467248908297,0.2934497816593886,0.18471615720524018,0.2200873362445415
0.29523389232127095,0.2969991173874669,0.18446601941747573,0.22330097087378642
0.29396209784045835,0.2979286029087704,0.18245923314235346,0.2256500661084178
0.2903795233892321,0.29523389232127095,0.18711385701676964,0.22727272727272727
0.29304192685102587,0.2983942908117752,0.18287243532560213,0.2256913470115968
0.29094922737306844,0.2847682119205298,0.1947019867549669,0.22958057395143489
0.2976085031000886,0.28520814880425155,0.19176262178919398,0.2254207263064659
0.2930048394192697,0.2877254729432468,0.1900571931368236,0.22921249450065992
0.2959680992467878,0.28533451484271155,0.19184758529020823,0.22684980062029242
0.29442738043001315,0.29223343571741994,0.193505923650724,0.2198332602018429
0.2911169744942832,0.2911169744942832,0.19129287598944592,0.2264731750219877
0.28938053097345134,0.29336283185840706,0.1915929203539823,0.22566371681415928
0.2817703768624014,0.2979842243645925,0.18974583698510078,0.23049956178790534
0.28206258263552225,0.2996914940502424,0.1890700749228735,0.22917584839136185
0.28029969149405026,0.2974878801234024,0.18466284706919348,0.2375495813133539
0.29315673289183225,0.2883002207505519,0.1845474613686534,0.23399558498896247
0.29367866549604915,0.2870939420544337,0.18173836698858647,0.23748902546093065
0.28797190517998245,0.28665496049165934,0.18700614574187885,0.23836698858647937
0.2951251646903821,0.27887571365832237,0.19148001756697408,0.23451910408432147
0.2938076416337286,0.277119016249451,0.1919191919191919,0.23715415019762845
0.2912793271359008,0.27445772465692786,0.1921204072598495,0.24214254094732182
0.2915929203539823,0.2752212389380531,0.1902654867256637,0.24292035398230089
0.2891141472014103,0.2745702952842662,0.18995152049360953,0.24636403702071397
0.29183049366535607,0.27086063783311487,0.18960244648318042,0.24770642201834864
0.2862190812720848,0.26457597173144876,0.19478798586572438,0.254416961130742
0.284326710816777,0.26799116997792494,0.1977924944812362,0.24988962472406182
0.28832442067736186,0.267825311942959,0.19429590017825313,0.24955436720142601
0.28075571177504394,0.27240773286467485,0.19068541300527242,0.2561511423550088
0.28383128295254834,0.2662565905096661,0.19200351493848858,0.257908611599297
0.28080985915492956,0.2680457746478873,0.19190140845070422,0.2592429577464789
0.2860938883968113,0.2652790079716563,0.18733392382639505,0.2612931798051373
0.2833186231244484,0.26654898499558694,0.18887908208296558,0.2612533097969991
0.27982456140350875,0.2600877192982456,0.19429824561403508,0.2657894736842105
0.2807250221043324,0.259946949602122,0.1971706454465075,0.26215738284703805
0.2793859649122807,0.25921052631578945,0.19956140350877194,0.2618421052631579
0.28136042402826855,0.25618374558303886,0.19699646643109542,0.26545936395759717
0.277851166886834,0.25539409951563186,0.2043152796125055,0.2624394539850286
0.2774591971768858,0.2651080723423026,0.20291133656815175,0.2545213939126599
0.27657697397441555,0.26687251874724305,0.2015880017644464,0.254962505513895
0.27692307692307694,0.26945054945054947,0.19516483516483515,0.25846153846153846
0.2798064232292125,0.2710074791025077,0.1922569291684998,0.25692916849978004
0.2852112676056338,0.269806338028169,0.18882042253521128,0.25616197183098594
0.28893805309734516,0.268141592920354,0.181858407079646,0.2610619469026549
0.28691423519009723,0.25862068965517243,0.1865605658709107,0.26790450928381965
0.27957465662383696,0.2609658839167036,0.18830305715551618,0.2711564023039433
0.2855883649184663,0.25694138386954607,0.1859850154252975,0.27148523578669015
0.28427065026362036,0.257908611599297,0.18365553602811951,0.2741652021089631
0.2854625550660793,0.2563876651982379,0.18193832599118942,0.2762114537444934
0.2931494661921708,0.2548932384341637,0.17526690391459074,0.27669039145907476
0.2908208296557811,0.2502206531332745,0.18446601941747573,0.2744924977934687
0.28696796840719613,0.25186485300570427,0.1834137779727951,0.27775340061430454
0.2828860536735592,0.2564892212934448,0.18345798504179497,0.27716673999120106
0.2854001759014952,0.2563764291996482,0.18161829375549693,0.27660510114335973
0.28320911880754057,0.2569048662867163,0.1832529592284086,0.2766330556773345
0.28895678742907027,0.2466171977302488,0.18594500218245308,0.27848101265822783
0.2879188712522046,0.25440917107583777,0.18033509700176367,0.27733686067019403
0.2953138815207781,0.251105216622458,0.1768346595932803,0.27674624226348365
0.29101221640488656,0.25174520069808026,0.1793193717277487,0.2779232111692845
0.2986445124617403,0.25623087013554874,0.17227809357236554,0.2728465238303454
0.29567519858781993,0.263901147396293,0.17122683142100617,0.26919682259488087
0.3,0.2579646017699115,0.17212389380530974,0.26991150442477874
0.29745166959578206,0.2609841827768014,0.1704745166959578,0.2710896309314587
0.29595015576323985,0.260347129506008,0.16644414775255897,0.2772585669781931
0.2967515364354697,0.26251097453906935,0.1707638279192274,0.26997366110623355
0.2968197879858657,0.2597173144876325,0.1700530035335689,0.27340989399293286
0.29170305676855895,0.2663755458515284,0.1685589519650655,0.27336244541484717
0.2977602108036891,0.256477821695213,0.16820377689942909,0.27755819060166886
0.29777777777777775,0.26222222222222225,0.1622222222222222,0.2777777777777778
0.30524922805469784,0.2602558447287164,0.1623290692545214,0.2721658579620644
0.3065725628584032,0.25319805910895454,0.15968239964711073,0.28054697838553155
0.3134851138353765,0.2535026269702277,0.1563047285464098,0.276707530647986
0.3141980718667835,0.2528483786152498,0.15600350569675722,0.27695004382120947
0.3070097604259095,0.2528837622005324,0.15882874889086068,0.28127772848269744
0.3067375886524823,0.2495567375886525,0.15824468085106383,0.2854609929078014
0.31233480176211453,0.24669603524229075,0.1568281938325991,0.2841409691629956
0.3051976899155931,0.2501110617503332,0.15859617947578855,0.28609506885828523
0.3080298376480913,0.24835454146555508,0.15752523036419483,0.28609039052215884
0.30939716312056736,0.24822695035460993,0.15868794326241134,0.28368794326241137
0.30799823243482105,0.24569155987627045,0.1586389748121962,0.2876712328767123
0.30479148181011534,0.24800354924578527,0.16637089618456077,0.2808340727595386
0.3021332172398781,0.239442751414889,0.16891597736177624,0.2895080539834567
0.29365079365079366,0.2429453262786596,0.17416225749559083,0.2892416225749559
0.2884108867427568,0.24539069359086918,0.17208077260755048,0.29411764705882354
0.2851441241685144,0.2434589800443459,0.17383592017738358,0.2975609756097561
0.2900662251655629,0.23885209713024283,0.17306843267108168,0.2980132450331126
0.29396325459317585,0.2388451443569554,0.1714785651793526,0.29571303587051617
0.2946584938704028,0.2434325744308231,0.17206654991243434,0.28984238178633975
0.2959542656112577,0.23878627968337732,0.16842568161829374,0.29683377308707126
0.2883082373782108,0.2409211691762622,0.17316209034543845,0.2976085031000886
0.2872246696035242,0.24669603524229075,0.16784140969162994,0.2982378854625551
0.29302736098852605,0.2440423654015887,0.16857899382171226,0.294351279788173
0.2903225806451613,0.24348210340256296,0.16836058329650905,0.29783473265576665
0.2893467777290662,0.24550635686102587,0.16527838667251205,0.29986847873739586
0.2962147887323944,0.2367957746478873,0.16637323943661972,0.30061619718309857
0.29071803852889666,0.23555166374781086,0.1672504378283713,0.3064798598949212
0.2913732394366197,0.238556338028169,0.1681338028169014,0.3019366197183099
0.29547471162378,0.23691215616681455,0.17080745341614906,0.2968056787932564
0.2989872302950242,0.2280933509467195,0.17481285777190664,0.29810656098634963
0.2943495400788436,0.23390275952693823,0.1747700394218134,0.29697766097240474
0.2915194346289753,0.23895759717314488,0.17226148409893993,0.29726148409893993
0.2872903795233892,0.24139452780229478,0.176081200353045,0.29523389232127095
0.28539724811362627,0.243231247225921,0.17887261429205503,0.2924988903683977
0.2881504153913424,0.24223874070835155,0.17665063401836467,0.2929602098819414
0.2855233853006682,0.24365256124721604,0.1759465478841871,0.29487750556792874
0.29045092838196285,0.24358974358974358,0.1755083996463307,0.29045092838196285
0.28949691085613416,0.24007060900264784,0.18093556928508384,0.28949691085613416
0.28375992939099737,0.24051191526919682,0.1822594880847308,0.29346866725507503
0.29118432769367764,0.2373107747105966,0.18210151380231523,0.2894033837934105
0.29717813051146386,0.23412698412698413,0.18518518518518517,0.28350970017636684
0.2968476357267951,0.23774080560420316,0.1808231173380035,0.28458844133099825
0.30242825607064017,0.23443708609271524,0.18013245033112582,0.28300220750551874
0.30305676855895197,0.23580786026200873,0.18165938864628822,0.2794759825327511
0.3004797208896642,0.2341910161360663,0.18665503706934147,0.278674225904928
0.2999116607773852,0.23409893992932862,0.1872791519434629,0.2787102473498233
0.29946761313220943,0.23336291038154391,0.18855368234250222,0.27861579414374443
0.29646017699115046,0.2331858407079646,0.18805309734513273,0.28230088495575223
0.29521276595744683,0.23359929078014185,0.1879432624113475,0.28324468085106386
0.2934447866256049,0.23273207215134184,0.18565772107347117,0.2881654201495821
0.29365079365079366,0.22971781305114639,0.18694885361552027,0.2896825396825397
0.2969374167776298,0.23257878384376388,0.17842876165113183,0.2920550377274745
0.2925860547219771,0.23962930273609886,0.17828773168578993,0.28949691085613416
0.2904782799473453,0.2378236068451075,0.18648530057042562,0.28521281263712156
0.29046563192904656,0.2407982261640798,0.17738359201773837,0.2913525498891353
0.28805309734513274,0.23407079646017698,0.18053097345132743,0.2973451327433628
0.2853982300884956,0.23938053097345133,0.1747787610619469,0.3004424778761062
0.2839506172839506,0.24162257495590828,0.1710758377425044,0.30335097001763667
0.284452296819788,0.24514134275618374,0.16519434628975266,0.3052120141342756
0.28209606986899566,0.2445414847161572,0.16812227074235808,0.3052401746724891
0.2781168265039233,0.24803836094158674,0.17131647776809067,0.3025283347863993
0.2770714598860149,0.25208241999123193,0.16922402455063568,0.3016220955721175
0.28010586678429644,0.24305249228054698,0.16850463167181298,0.3083370092633436
0.2830105633802817,0.24119718309859156,0.17077464788732394,0.3050176056338028
0.27989487516425754,0.2474813841436706,0.17257993867717916,0.30004380201489267
0.27631578947368424,0.2482456140350877,0.17412280701754385,0.3013157894736842
0.27480245829675154,0.2537313432835821,0.16988586479367868,0.3015803336259877
0.2726063829787234,0.2566489361702128,0.17553191489361702,0.29521276595744683
0.27733686067019403,0.25,0.17548500881834214,0.29717813051146386
0.27916120576671033,0.25207514198339886,0.1743119266055046,0.2944517256443862
0.2800702370500439,0.24846356453028973,0.17734855136084285,0.29411764705882354
0.2759982448442299,0.2505484861781483,0.1763931548924967,0.29706011408512506
0.27716673999120106,0.25164980202375714,0.17421909370875496,0.29696436427628686
0.2752091589608102,0.2536327608982827,0.17040951122853368,0.3007485689123734
0.26742656729504605,0.25558965366067515,0.17843051293292417,0.2985532661113547
0.2666080070391553,0.2534095908490981,0.17685877694676638,0.3031236251649802
0.2635761589403974,0.2560706401766004,0.18322295805739514,0.29713024282560707
0.26527050610820246,0.2543630017452007,0.18455497382198952,0.29581151832460734
0.2675244010647737,0.25643300798580304,0.18101153504880213,0.2950310559006211
0.2611327280587981,0.2572416774751405,0.18720276696930394,0.29442282749675747
0.2647569444444444,0.2569444444444444,0.18446180555555555,0.2938368055555556
0.2656729504603244,0.2507672073651907,0.1823761508110478,0.3011836913634371
0.26163301141352063,0.25768217734855137,0.1791044776119403,0.3015803336259877
0.2639193336256028,0.2595352915387988,0.17755370451556335,0.2989916703200351
0.262719298245614,0.2578947368421053,0.18070175438596492,0.2986842105263158
0.2644230769230769,0.25874125874125875,0.1791958041958042,0.29763986013986016
0.26730937773882557,0.25854513584574934,0.17791411042944785,0.2962313759859772
0.26704545454545453,0.26136363636363635,0.17395104895104896,0.29763986013986016
0.2681958535509484,0.2611380679311866,0.1689457432730481,0.30172033524481695
0.2622085349758029,0.26176858776946765,0.17465904091509019,0.30136383633963926
0.2635726795096322,0.2626970227670753,0.17644483362521893,0.29728546409807355
0.26985519964896887,0.2615182097411145,0.17463799912242212,0.2939885914874945
0.2712694877505568,0.2543429844097996,0.177728285077951,0.29665924276169264
0.2655693950177936,0.25533807829181493,0.17126334519572953,0.30782918149466193
0.25625274243089075,0.25976305397103994,0.17288284335234752,0.3111013602457218
0.24891020052310375,0.25850043591979077,0.17698343504795117,0.3156059285091543
0.25098554533508544,0.2658782303985983,0.17345597897503284,0.3096802452912834
0.25065963060686014,0.26341248900615655,0.17766051011433598,0.30826737027264733
0.2551422319474836,0.26652078774617066,0.17199124726477025,0.3063457330415755
0.2539964476021314,0.26953818827708703,0.17451154529307283,0.3019538188277087
0.25285839929639403,0.2695690413368514,0.17282321899736147,0.30474934036939316
0.2577092511013216,0.27180616740088104,0.17004405286343613,0.3004405286343612
0.2483429076447194,0.27485638532920903,0.17543084401237297,0.3013698630136986
0.24154589371980675,0.2889767237593325,0.16908212560386474,0.30039525691699603
0.24441524310118265,0.28164695575996496,0.17082785808147175,0.30310994305738065
0.2420494699646643,0.2795936395759717,0.16563604240282687,0.3127208480565371
0.24790841039189784,0.2774108322324967,0.16336415675913693,0.31131660061646854
0.24834874504623514,0.2756494936151475,0.16248348745046234,0.313518273888155
0.24394539850286218,0.2796125055041832,0.16468516072214884,0.31175693527080584
0.24489795918367346,0.28180633955709944,0.16109422492401215,0.31220147633521494
0.24559082892416226,0.2821869488536155,0.15652557319223986,0.31569664902998235
0.24559082892416226,0.2865961199294533,0.15388007054673722,0.31393298059964725
0.24558303886925795,0.29019434628975266,0.1497349823321555,0.31448763250883394
0.24288840262582057,0.2884026258205689,0.15098468271334792,0.3177242888402626
0.23945518453427064,0.28998242530755713,0.14543057996485062,0.3251318101933216
0.2407079646017699,0.2827433628318584,0.1491150442477876,0.3274336283185841
0.23650724001755155,0.2808249232119351,0.15138218516893373,0.33128565160157963
0.23407992973210365,0.28194993412384717,0.15634606938954765,0.32762406675450156
0.22916666666666666,0.2828014184397163,0.1600177304964539,0.3280141843971631
0.23286467486818982,0.27680140597539543,0.15817223198594024,0.3321616871704745
0.23461708720672864,0.28021248339973437,0.15891987605135016,0.32625055334218683
0.23664459161147902,0.2768211920529801,0.15894039735099338,0.3275938189845475
0.24243752740026303,0.2748794388426129,0.15344147303814118,0.3292415607189829
0.23842794759825328,0.2786026200873362,0.1480349344978166,0.3349344978165939
0.23896567097637092,0.28131966116807844,0.1475702184574231,0.3321444493981275
0.240958605664488,0.28104575163398693,0.14901960784313725,0.3289760348583878
0.2424645390070922,0.27881205673758863,0.149822695035461,0.32890070921985815
0.2414398595258999,0.27348551360842843,0.15100965759438104,0.3340649692712906
0.24757281553398058,0.27140335392762577,0.14827890556045895,0.3327449249779347
0.2502206531332745,0.2727272727272727,0.14651368049426303,0.3305383936451898
0.25196163905841323,0.2737576285963383,0.14690496948561466,0.3273757628596338
0.2528888888888889,0.2751111111111111,0.14355555555555555,0.32844444444444443
0.2551693796744391,0.2784865816102068,0.14078310602727673,0.32556093268807745
0.2605042016806723,0.2786377708978328,0.13578062804068997,0.32507739938080493
0.254259501965924,0.2765399737876802,0.13936216688510267,0.32983835736129313
0.2638522427440633,0.2774846086191733,0.13676341248900617,0.32189973614775724
0.25917832167832167,0.27403846153846156,0.14291958041958042,0.32386363636363635
0.261558784676354,0.2800528401585205,0.13606340819022458,0.32232496697490093
0.2626970227670753,0.2753940455341506,0.13966725043782838,0.3222416812609457
0.25822222222222224,0.2822222222222222,0.13644444444444445,0.3231111111111111
0.2575957727873184,0.277851166886834,0.13650374284456188,0.3280493174812858
0.25903083700440527,0.2762114537444934,0.13612334801762113,0.32863436123348017
0.25847644209599296,0.2769704975781594,0.1334214002642008,0.33113166006164685
0.2630173564753004,0.27592345349354697,0.1317311971517579,0.32932799287939474
0.27128363475959416,0.28054697838553155,0.1274812527569475,0.3206881340979268
0.26757469244288223,0.28471001757469244,0.1296133567662566,0.3181019332161687
0.26546731022378234,0.2891619131197894,0.12988152698551997,0.3154892496709083
0.26803672933974637,0.29558373414954087,0.12243113248797552,0.3139484040227372
0.26675485008818345,0.3037918871252205,0.12125220458553791,0.3082010582010582
0.2655693950177936,0.29670818505338076,0.125,0.3127224199288256
0.27516483516483514,0.2975824175824176,0.11692307692307692,0.31032967032967035
0.27177242888402625,0.300218818380744,0.1137855579868709,0.31422319474835886
0.2723292469352014,0.29859894921190894,0.11514886164623468,0.313922942206655
0.2678729037952339,0.3000882612533098,0.11385701676963812,0.3181818181818182
0.27071333628710675,0.29995569339831635,0.11253876827647319,0.31679220203810365
0.2688219663418955,0.30026572187776795,0.11780336581045173,0.31310894596988487
0.26897762176393153,0.3018867924528302,0.12198332602018429,0.307152259763054
0.26637744034707156,0.29891540130151845,0.12234273318872017,0.3123644251626898
0.2626306620209059,0.29573170731707316,0.12064459930313588,0.320993031358885
0.26413427561837455,0.2963780918727915,0.12809187279151943,0.3113957597173145
0.2608885017421603,0.2939895470383275,0.13066202090592335,0.3144599303135889
0.26138876603272887,0.29455992923485186,0.12781954887218044,0.31623175586023883
0.26023131672597866,0.29270462633451955,0.12811387900355872,0.31895017793594305
0.25530035335689044,0.29726148409893993,0.13030035335689047,0.31713780918727913
0.260339573356552,0.2929908576404005,0.13321723987810188,0.3134523291249456
0.26238938053097344,0.2929203539823009,0.13008849557522123,0.3146017699115044
0.26246719160104987,0.2852143482064742,0.1342957130358705,0.31802274715660545
0.25891677675033026,0.28357551739321885,0.14002642007926025,0.31748128577719065
0.2619877942458588,0.2820401046207498,0.14210985178727115,0.31386224934612034
0.26251632564214195,0.28646060078363084,0.13974749673487158,0.3112755768393557
0.26740576496674057,0.282039911308204,0.14057649667405764,0.3099778270509978
0.27208480565371024,0.2782685512367491,0.14045936395759717,0.30918727915194344
0.2697777777777778,0.2902222222222222,0.136,0.304
0.2675496688741722,0.2891832229580574,0.1368653421633554,0.306401766004415
0.2727272727272727,0.2825311942959002,0.1359180035650624,0.3088235294117647
0.2752212389380531,0.2831858407079646,0.1323008849557522,0.3092920353982301
0.2767543859649123,0.27982456140350875,0.13289473684210526,0.3105263157894737
0.27628684557853056,0.28068631764188295,0.13110426748790144,0.311922569291685
0.28,0.27912087912087913,0.12835164835164836,0.31252747252747254
0.27883340698188247,0.2814847547503314,0.12859036676977464,0.3110914714980115
0.2771929824561403,0.2833333333333333,0.1280701754385965,0.31140350877192985
0.28232662192393737,0.27472035794183447,0.12796420581655482,0.3149888143176734
0.2858399296394019,0.2748460861917326,0.1284080914687775,0.31090589270008795
0.28671943711521547,0.2726473175021988,0.1279683377308707,0.31266490765171506
0.284326710816777,0.2772626931567329,0.13112582781456952,0.3072847682119205
0.2868490732568402,0.2766990291262136,0.1293027360988526,0.30714916151809357
0.28703703703703703,0.2716049382716049,0.13095238095238096,0.31040564373897706
0.28471001757469244,0.2741652021089631,0.13488576449912126,0.3062390158172232
0.27998236331569665,0.27292768959435626,0.13580246913580246,0.31128747795414463
0.2758164165931156,0.2744924977934687,0.1381288614298323,0.3115622241835834
0.27767936226749335,0.26970770593445526,0.13817537643932684,0.31443755535872453
0.277851166886834,0.2668428005284016,0.13914575077058564,0.31616028181417877
0.2793791574279379,0.2687361419068736,0.13791574279379157,0.3139689578713969
0.28123620309050773,0.2618101545253863,0.14481236203090508,0.3121412803532009
0.2865342163355408,0.2596026490066225,0.14481236203090508,0.3090507726269316
0.2819614711033275,0.2574430823117338,0.14492119089316988,0.3156742556917688
0.28882122662026966,0.26359286646367985,0.14049586776859505,0.3070900391474554
0.28908296943231443,0.2668122270742358,0.13580786026200872,0.308296943231441
0.2918681318681319,0.2602197802197802,0.13582417582417583,0.3120879120879121
0.28854625550660795,0.2616740088105727,0.13876651982378854,0.31101321585903086
0.2894619831036016,0.25611382836816365,0.14717652289906624,0.3072476656291685
0.2845779938135219,0.25629695095006627,0.15024304021210783,0.308882015024304
0.28659885006634234,0.2605042016806723,0.14727996461742593,0.3056169836355595
0.2761820592134335,0.26425099425541315,0.14582412726469288,0.31374281926646047
0.27913159060700043,0.26495347806823216,0.1448825875055383,0.31103234381922906
0.28160919540229884,0.26480990274093724,0.14677276746242263,0.3068081343943413
0.28507992895204265,0.25843694493783304,0.14875666074600355,0.3077264653641208
0.28496503496503495,0.25786713286713286,0.14554195804195805,0.3116258741258741
0.28078602620087334,0.2550218340611354,0.14759825327510917,0.3165938864628821
0.2800875273522976,0.25820568927789933,0.15054704595185994,0.3111597374179431
0.28289473684210525,0.25043859649122807,0.14956140350877192,0.3171052631578947
0.28797190517998245,0.2462686567164179,0.14749780509218613,0.3182616330114135
0.2924778761061947,0.24336283185840707,0.15,0.3141592920353982
0.2819843342036554,0.25108790252393387,0.15404699738903394,0.3128807658833769
0.28796498905908097,0.24595185995623634,0.14967177242888402,0.3164113785557987
0.28634751773049644,0.24867021276595744,0.1502659574468085,0.3147163120567376
0.28646748681898065,0.2469244288224956,0.15246045694200352,0.3141476274165202
0.2916666666666667,0.2504340277777778,0.15104166666666666,0.3068576388888889
0.2862175253192426,0.25979744605900484,0.14751210920299426,0.30647291941875826
0.2862796833773087,0.2541776605101143,0.14907651715039577,0.31046613896218117
0.29223946784922394,0.25543237250554324,0.14634146341463414,0.30598669623059865
0.2914639540026537,0.25386996904024767,0.15391419725785052,0.3007518796992481
0.28975265017667845,0.2579505300353357,0.15503533568904593,0.29726148409893993
0.29385964912280704,0.2596491228070175,0.15526315789473685,0.2912280701754386
0.2899955927721463,0.26443367122080214,0.1507271925958572,0.29484354341119434
0.2857766143106457,0.2639616055846422,0.15357766143106458,0.29668411867364747
0.2885202968136185,0.27062418158009605,0.14884329986905281,0.2920122217372326
0.28659070990359337,0.2747589833479404,0.14943032427695005,0.2892199824715162
0.2843352347520842,0.27994734532689775,0.1421676173760421,0.29354980254497587
0.2852787456445993,0.27526132404181186,0.1402439024390244,0.29921602787456447
0.2888198757763975,0.2777284826974268,0.13842058562555457,0.2950310559006211
0.2860927152317881,0.28167770419426047,0.13554083885209714,0.29668874172185433
0.2873362445414847,0.27729257641921395,0.13973799126637554,0.29563318777292574
0.28502415458937197,0.2740447957839262,0.13921826965305226,0.30171277997364954
0.28652668416447946,0.2699037620297463,0.14216972878390202,0.3013998250218723
0.2891141472014103,0.27677390921110623,0.1375055090348171,0.2966064345526664
0.288879235447437,0.2732406602953953,0.1372719374456994,0.3006081668114683
0.28935795954265614,0.2678100263852243,0.14204045734388743,0.3007915567282322
0.2940391459074733,0.2629003558718861,0.13923487544483987,0.3038256227758007
0.2897278314310799,0.2677787532923617,0.13476733977172958,0.3077260755048288
0.29506008010680906,0.26479750778816197,0.1308411214953271,0.30930129060970185
0.30135194068905363,0.26777147841255994,0.13083296990841692,0.30004361098996946
0.2967227635075288,0.26926483613817537,0.13197519929140833,0.3020372010628875
0.30155210643015523,0.2665188470066519,0.129490022172949,0.3024390243902439
0.3053839364518976,0.26434245366284204,0.1262135922330097,0.30406001765225066
0.3105425672695192,0.2615791795324217,0.12792236435818263,0.2999558888398765
0.3102541630148992,0.2633654688869413,0.12532865907099036,0.30105170902716916
0.3045212765957447,0.2624113475177305,0.1276595744680851,0.3054078014184397
0.31316725978647686,0.2615658362989324,0.12277580071174377,0.302491103202847
0.31313131313131315,0.25911286780852,0.12033377250768555,0.30742204655248134
0.30666666666666664,0.2613333333333333,0.11688888888888889,0.3151111111111111
0.3066141042487954,0.26325010950503724,0.11738939991239597,0.31274638633377133
0.3064236111111111,0.2612847222222222,0.11631944444444445,0.3159722222222222
0.30615861763402746,0.2627381479840496,0.12051395657953035,0.31058927780239254
0.3035479632063075,0.26544021024967146,0.12220762155059132,0.3088042049934297
0.2983835736129314,0.2691131498470948,0.12276103101791175,0.30974224552206203
0.29766622633201234,0.26816380449141347,0.12461470717745486,0.3095552619991193
0.3049583150504607,0.2615182097411145,0.12110574813514699,0.31241772707327775
0.30594405594405594,0.26354895104895104,0.11931818181818182,0.3111888111888112
0.3113746157224418,0.26438296003513395,0.12077294685990338,0.30346947738252084
0.309114927344782,0.265962131219727,0.12197269925143109,0.30295024218405986
0.30597014925373134,0.2598770851624232,0.12510974539069358,0.3090430201931519
0.30643015521064304,0.2572062084257206,0.12682926829268293,0.3095343680709534
0.3053839364518976,0.25507502206531335,0.12797881729920565,0.3115622241835834
0.31514084507042256,0.2548415492957746,0.12764084507042253,0.3023767605633803
0.3137855579868709,0.2525164113785558,0.12778993435448577,0.3059080962800875
0.3120567375886525,0.24911347517730498,0.13342198581560283,0.3054078014184397
0.31171735241502685,0.24821109123434704,0.1368515205724508,0.3032200357781753
0.3087719298245614,0.23903508771929824,0.1425438596491228,0.30964912280701756
0.3144239226033421,0.2357080035180299,0.14467897977132807,0.3051890941072999
0.3159752868490733,0.23345101500441306,0.14210061782877317,0.3084730803177405
0.3197042192257503,0.23618964767290127,0.1378860374075685,0.3062200956937799
0.32097130242825606,0.23443708609271524,0.13598233995584988,0.3086092715231788
0.3172779496243924,0.23773751657092354,0.14140521431727796,0.3035793194874061
0.3136482939632546,0.2440944881889764,0.14129483814523183,0.3009623797025372
0.3173415492957746,0.2367957746478873,0.1426056338028169,0.3032570422535211
0.31131660061646854,0.2408630559225011,0.1457507705856451,0.3020695728753853
0.3134920634920635,0.24074074074074073,0.1437389770723104,0.3020282186948854
0.3152796125055042,0.23645970937912814,0.14046675473359754,0.30779392338177014
0.3205869275233437,0.2387727879057359,0.13917296576256113,0.30146731880835925
0.3172992056487202,0.23345101500441306,0.147396293027361,0.30185348631950576
0.31926121372031663,0.2343887423043096,0.14599824098504838,0.30035180299032543
0.31908329660643453,0.22917584839136185,0.1507271925958572,0.3010136624063464
0.3232189973614776,0.22867194371152155,0.1468777484608619,0.30123131046613894
0.31684901531728665,0.22582056892778993,0.14923413566739607,0.3080962800875274
0.31934628975265017,0.22570671378091872,0.14664310954063603,0.3083038869257951
0.32266549758877683,0.22753178430512933,0.1433581762384919,0.30644454186760195
0.3163176265270506,0.2281849912739965,0.1487783595113438,0.3067190226876091
0.3180428134556575,0.22586282219309742,0.14984709480122324,0.30624726955002185
0.3209986625055729,0.22113241194828354,0.14801604993312528,0.3098528756130183
0.32395604395604394,0.21978021978021978,0.15252747252747254,0.3037362637362637
0.32210065645514224,0.2275711159737418,0.15185995623632384,0.29846827133479215
0.32116146062472506,0.22393312802463705,0.1517817861856577,0.3031236251649802
0.3248239436619718,0.22183098591549297,0.15096830985915494,0.3023767605633803
0.3282208588957055,0.22392638036809817,0.1481156879929886,0.2997370727432077
0.3278044522042776,0.2247926669576604,0.1449148843299869,0.30248799650807506
0.3271604938271605,0.2239858906525573,0.14770723104056438,0.3011463844797178
