R,A,S,N
0.0,0.0,0.0,1.0
0.0,0.0,0.3333333333333333,0.6666666666666666
0.0,0.0,0.3333333333333333,0.6666666666666666
0.0,0.0,0.25,0.75
0.0,0.0,0.27586206896551724,0.7241379310344828
0.041666666666666664,0.0,0.22916666666666666,0.7291666666666666
0.0410958904109589,0.0273972602739726,0.2054794520547945,0.726027397260274
0.05102040816326531,0.04081632653061224,0.1836734693877551,0.7244897959183674
0.058394160583941604,0.051094890510948905,0.1897810218978102,0.7007299270072993
0.06077348066298342,0.06077348066298342,0.19337016574585636,0.6850828729281768
0.05737704918032787,0.06967213114754098,0.20081967213114754,0.6721311475409836
0.08223684210526316,0.08223684210526316,0.1875,0.6480263157894737
0.08093994778067885,0.09399477806788512,0.19843342036553524,0.6266318537859008
0.09053497942386832,0.09670781893004116,0.1934156378600823,0.6193415637860082
0.10689655172413794,0.10172413793103448,0.18620689655172415,0.6051724137931035
0.10896551724137932,0.10620689655172413,0.19448275862068964,0.5903448275862069
0.11347517730496454,0.12056737588652482,0.19030732860520094,0.5756501182033097
0.12524850894632206,0.12624254473161034,0.17296222664015903,0.5755467196819085
0.13344887348353554,0.1195840554592721,0.1655112651646447,0.5814558058925476
0.13869731800766283,0.11954022988505747,0.167816091954023,0.5739463601532567
0.136332651670075,0.11520109066121335,0.1663258350374915,0.5821404226312201
0.13882063882063883,0.11793611793611794,0.16523341523341523,0.578009828009828
0.13978494623655913,0.11884550084889643,0.15619694397283532,0.5851726089417091
0.14044350580781415,0.117740232312566,0.14889123548046462,0.5929250263991552
0.14214463840399003,0.11521197007481297,0.15311720698254364,0.5895261845386534
0.1410133843212237,0.11520076481835564,0.15296367112810708,0.5908221797323135
0.13887598699489084,0.11658151416627961,0.14770088248954946,0.5968416163492801
0.13673285198555957,0.12184115523465704,0.14891696750902528,0.5925090252707581
0.14324324324324325,0.12477477477477478,0.1472972972972973,0.5846846846846847
0.1383399209486166,0.12955643390426,0.14712340799297322,0.5849802371541502
0.13997367266344887,0.12944273804300133,0.14304519526107942,0.5875383940324704
0.14197802197802198,0.13538461538461538,0.14593406593406594,0.5767032967032967
0.13832599118942732,0.13480176211453745,0.14317180616740088,0.5837004405286343
0.1429820725841714,0.13686051595977264,0.1425448185395715,0.5776125929164845
0.13969938107869143,0.14058355437665782,0.14014146772767463,0.5795755968169761
0.1426056338028169,0.14348591549295775,0.1426056338028169,0.5713028169014085
0.1430457746478873,0.144806338028169,0.144806338028169,0.5673415492957746
0.14601769911504425,0.14424778761061946,0.14513274336283186,0.5646017699115045
0.15,0.14380530973451328,0.15,0.5561946902654867
0.1503957783641161,0.14204045734388743,0.14907651715039577,0.5584872471416007
0.152135231316726,0.14412811387900357,0.1494661921708185,0.5542704626334519
0.1495575221238938,0.14823008849557523,0.14778761061946902,0.554424778761062
0.14775725593667546,0.14907651715039577,0.14599824098504838,0.5571679859278804
0.15240174672489082,0.14890829694323143,0.1462882096069869,0.5524017467248908
0.1530389156099694,0.15216440752076957,0.1429820725841714,0.5518146042850897
0.1521835024261138,0.1517423908248787,0.14600794000882222,0.5500661667401853
0.14993423936869793,0.15081104778605875,0.1437965804471723,0.5554581323980711
0.15081104778605875,0.14861902674265673,0.14861902674265673,0.5519508987286278
0.15126050420168066,0.15037593984962405,0.14418398938522778,0.5541795665634675
0.1498028909329829,0.15418309242225142,0.14235654840122647,0.5536574682435392
0.1502864698104892,0.15557514323490523,0.14059056853239313,0.5535478184222125
0.15580985915492956,0.15360915492957747,0.14216549295774647,0.5484154929577465
0.15091066782307025,0.15871639202081528,0.1409366869037294,0.5494362532523851
0.15876468029578078,0.15180513266637669,0.1378860374075685,0.551544149630274
0.15309301290609703,0.155318202047174,0.1348464619492657,0.5567423230974633
0.16106194690265488,0.15530973451327434,0.13495575221238937,0.5486725663716814
0.16330114135206322,0.15452151009657594,0.1391571553994732,0.5430201931518877
0.16283185840707964,0.1592920353982301,0.13805309734513274,0.5398230088495575
0.16527838667251205,0.15607189829022358,0.13634370889960543,0.5423060061376589
0.17084984588287097,0.15940114487010126,0.12769704975781593,0.5420519594892118
0.17471466198419666,0.16417910447761194,0.12598770851624233,0.5351185250219491
0.1733800350262697,0.16330998248686515,0.12784588441331,0.5354640980735552
0.16987740805604204,0.1606830122591944,0.1234676007005254,0.5459719789842382
0.1721132897603486,0.1655773420479303,0.12374727668845316,0.538562091503268
0.17503331852509996,0.16659262549977788,0.1212794313638383,0.5370946246112839
0.17761128250330543,0.16923754958131335,0.11414720141031291,0.5390039665050683
0.18322295805739514,0.1695364238410596,0.11169977924944813,0.5355408388520971
0.18605683836589698,0.1705150976909414,0.10790408525754884,0.5355239786856127
0.18940397350993377,0.17571743929359823,0.10772626931567329,0.5271523178807948
0.18960244648318042,0.17387505460899957,0.1017911751856706,0.5347313237221494
0.19617437722419928,0.1797153024911032,0.10097864768683273,0.5231316725978647
0.19727592267135324,0.17838312829525482,0.09797891036906854,0.5263620386643234
0.20175438596491227,0.17982456140350878,0.10043859649122808,0.5179824561403509
0.20366332315743568,0.1814217182730048,0.1020497165285652,0.5128652420409944
0.2086457873842082,0.17909131010145568,0.10013233348037054,0.5121305690339656
0.2085328689595124,0.1784936874183718,0.10187200696560732,0.5111014366565085
0.20795107033639143,0.18042813455657492,0.10441240716470074,0.5072083879423329
0.2091791703442189,0.18005295675198588,0.10723742277140336,0.5035304501323918
0.21010989010989012,0.17758241758241758,0.10461538461538461,0.5076923076923077
0.2146341463414634,0.17738359201773837,0.10509977827050998,0.5028824833702883
0.2147562582345191,0.17303469477382522,0.10452349582784365,0.5076855511638121
0.20783795684720388,0.17701453104359313,0.10215763980625275,0.5129898723029502
0.2115891132572432,0.1769095697980685,0.10491659350307288,0.5065847234416154
0.21545253863134659,0.176158940397351,0.10728476821192053,0.5011037527593819
0.21339840283939662,0.17613132209405502,0.10825199645075421,0.5022182786157942
0.22075055187637968,0.17483443708609273,0.10860927152317881,0.4958057395143488
0.21806167400881057,0.17929515418502204,0.11189427312775331,0.4907488986784141
0.2202276707530648,0.1808231173380035,0.10901926444833625,0.4899299474605954
0.22149122807017543,0.18333333333333332,0.10526315789473684,0.4899122807017544
0.22399291722000886,0.18193891102257637,0.10225763612217796,0.49181053563523686
0.21863957597173145,0.18330388692579505,0.10512367491166077,0.4929328621908127
0.2112676056338028,0.18441901408450703,0.1056338028169014,0.49867957746478875
0.2161446846052051,0.18173797970886635,0.10057344508160565,0.5015438906043229
0.2174103237095363,0.18285214348206474,0.10323709536307961,0.49650043744531935
0.2201312910284464,0.1824945295404814,0.10459518599562363,0.49277899343544856
0.22016732716864817,0.18714222809335096,0.10171730515191546,0.4909731395860854
0.225,0.18289473684210528,0.10438596491228071,0.48771929824561405
0.2206468763845813,0.18653079308817014,0.10190518387239698,0.4909171466548516
0.21879135421261578,0.19232465813850905,0.09616232906925452,0.49272165857962064
0.22599118942731278,0.18854625550660792,0.09779735682819383,0.48766519823788546
0.22701021768103066,0.18791648156374943,0.09195912927587739,0.4931141714793425
0.2247141600703606,0.18601583113456466,0.09498680738786279,0.49428320140721194
0.2266902342023862,0.1811754308440124,0.09854175872735307,0.49359257622624836
0.22576361221779548,0.18238158477202301,0.09871624612660469,0.49313855688357683
0.22539543057996486,0.18848857644991213,0.09753954305799649,0.48857644991212656
0.22560706401766004,0.18675496688741722,0.09713024282560706,0.49050772626931566
0.2275132275132275,0.18342151675485008,0.09523809523809523,0.49382716049382713
0.2263320123293703,0.17789520035226772,0.09819462791721709,0.49757815940114486
0.22731277533039648,0.17797356828193833,0.09647577092511013,0.49823788546255504
0.2275132275132275,0.18209876543209877,0.0992063492063492,0.4911816578483245
0.22197705207413945,0.18667255075022066,0.10061782877316858,0.4907325684024713
0.22173144876325088,0.18462897526501768,0.10512367491166077,0.48851590106007065
0.22961657117672984,0.1877479065667695,0.1000440722785368,0.4825914499779639
0.22687224669603523,0.19030837004405288,0.09823788546255506,0.4845814977973568
0.223841059602649,0.19381898454746138,0.09713024282560706,0.48520971302428256
0.2254259501965924,0.1983398864132809,0.09523809523809523,0.48099606815203144
0.22731277533039648,0.19955947136563876,0.09559471365638766,0.4775330396475771
0.22563417890520696,0.20160213618157544,0.09345794392523364,0.47930574098798395
0.2251101321585903,0.20484581497797358,0.0933920704845815,0.47665198237885464
0.2300923889133304,0.19973603167619886,0.0985481742190937,0.471623405191377
0.232773851590106,0.19876325088339222,0.0989399293286219,0.46952296819787986
0.23238512035010941,0.20568927789934355,0.0962800875273523,0.4656455142231947
0.23740053050397877,0.20380194518125552,0.09902740937223696,0.45977011494252873
0.23725834797891038,0.2095782073813708,0.09578207381370826,0.45738137082601055
0.23273207215134184,0.20765508139023317,0.097228332600088,0.462384513858337
0.22978910369068542,0.2078207381370826,0.0984182776801406,0.46397188049209137
0.2266725352112676,0.21346830985915494,0.09683098591549295,0.4630281690140845
0.22513321492007105,0.21047957371225579,0.09680284191829484,0.4675843694493783
0.22864768683274023,0.21352313167259787,0.09741992882562278,0.46040925266903915
0.22761358623731803,0.20820467578297308,0.09219232465813851,0.47198941332157035
0.2325684024713151,0.20741394527802295,0.09223300970873786,0.4677846425419241
0.23612334801762114,0.2105726872246696,0.08722466960352424,0.466079295154185
0.2351138353765324,0.21015761821366025,0.09019264448336252,0.46453590192644484
0.23304347826086957,0.2091304347826087,0.08826086956521739,0.46956521739130436
0.2345679012345679,0.21164021164021163,0.08509700176366843,0.468694885361552
0.23246581385090428,0.21482134980149978,0.08337009263343625,0.4693427437141597
0.23423817863397547,0.21322241681260945,0.08231173380035026,0.4702276707530648
0.23427041499330656,0.2177599286033021,0.08165997322623829,0.46630968317715304
0.2331877729257642,0.21572052401746725,0.07860262008733625,0.4724890829694323
0.2334065934065934,0.21846153846153846,0.07912087912087912,0.46901098901098903
0.23080317740511916,0.2202118270079435,0.08120035304501325,0.4677846425419241
0.22559366754617413,0.21767810026385223,0.08487247141600704,0.47185576077396657
0.23158359064843406,0.21879135421261578,0.08425231583590649,0.4653727393030437
0.23244444444444445,0.22533333333333333,0.08222222222222222,0.46
0.2336572438162544,0.22614840989399293,0.0799469964664311,0.46024734982332155
0.23165851489550912,0.22587816807469988,0.08314806580702534,0.4593152512227657
0.22481302243730752,0.22261328640563133,0.08534975802903652,0.4672239331280246
0.22862206468763846,0.2210899424014178,0.08506867523260966,0.4652193176783341
0.23087071240105542,0.2198768689533861,0.0870712401055409,0.4621811785400176
0.22623828647925034,0.21508255243195,0.08522980812137439,0.47344935296742524
0.22614840989399293,0.2230565371024735,0.08259717314487633,0.46819787985865724
0.22978347326557666,0.2205037560760053,0.08042421564295184,0.4692885550154662
0.23324514991181658,0.21693121693121692,0.082010582010582,0.4678130511463845
0.23796791443850268,0.2161319073083779,0.08288770053475936,0.46301247771836007
0.23767605633802816,0.21522887323943662,0.0840669014084507,0.4630281690140845
0.2390158172231986,0.2179261862917399,0.08084358523725835,0.46221441124780316
0.24169986719787517,0.21779548472775564,0.07923860115095174,0.46126604692341744
0.2492361414229594,0.21082496726320385,0.0772588389349629,0.46268005237887383
0.2524401064773736,0.21251109139307897,0.07586512866015972,0.45918367346938777
0.255619215513442,0.21683561040105773,0.07360070515645659,0.4539444689290436
0.2601130926489778,0.21400608960417572,0.07351022183558069,0.45237059591126577
0.25909878682842286,0.2123050259965338,0.07279029462738301,0.4558058925476603
0.2606194690265487,0.2168141592920354,0.06902654867256637,0.45353982300884954
0.26054150022192635,0.20772303595206393,0.06790945406125166,0.4638260097647581
0.2633908809207614,0.2098273572377158,0.06905710491367861,0.4577246569278442
0.26445916114790285,0.211037527593819,0.06666666666666667,0.4578366445916115
0.258193091231178,0.2112488928255093,0.06731620903454384,0.4632418069087688
0.2597173144876325,0.21024734982332155,0.06846289752650177,0.4615724381625442
0.26474442988204455,0.2053298383573613,0.07383136740934906,0.45609436435124506
0.2666959578207381,0.2060632688927944,0.07425307557117751,0.45298769771528996
0.262882096069869,0.20611353711790392,0.07554585152838428,0.4554585152838428
0.2580078982009653,0.2053532250987275,0.0732777534006143,0.46336112329969287
0.2624113475177305,0.20301418439716312,0.07092198581560284,0.46365248226950356
0.25919361984935757,0.20292423571112095,0.07000443066016837,0.4678777137793531
0.25686448184233834,0.204162976085031,0.07351638618246235,0.4654561558901683
0.26044874615046193,0.2111746590409151,0.07259128904531456,0.4557853057633084
0.26188380281690143,0.20950704225352113,0.07746478873239436,0.4511443661971831
0.26443367122080214,0.20625826355222565,0.07844865579550463,0.45085940943146763
0.2696035242290749,0.20969162995594715,0.07665198237885462,0.4440528634361233
0.2707231040564374,0.20987654320987653,0.07671957671957672,0.4426807760141093
0.27480245829675154,0.20851624231782265,0.06804214223002635,0.4486391571553995
0.27587719298245617,0.20921052631578949,0.07149122807017544,0.44342105263157894
0.27678181023174464,0.2120682116309576,0.06733712286838653,0.44381285526891123
0.2795604395604396,0.20835164835164835,0.06681318681318682,0.4452747252747253
0.2822193097422455,0.2013979903888161,0.0672782874617737,0.4491044124071647
0.28225451343020697,0.19682959048877147,0.06560986349625715,0.45530603258476443
0.2848297213622291,0.19548872180451127,0.06678460858027421,0.45289694825298543
0.28156621205455346,0.194456665200176,0.06599208095028597,0.4579850417949846
0.28893805309734516,0.19690265486725664,0.06504424778761062,0.4491150442477876
0.29120636323464427,0.1939902783915157,0.06407423773751657,0.4507291206363235
0.29445676274944566,0.19467849223946784,0.06607538802660753,0.4447893569844789
0.2920509442248573,0.18620992534036013,0.06895037329819939,0.45278875713658323
0.29540481400437635,0.1899343544857768,0.0687089715536105,0.4459518599562363
0.2961825362000878,0.19218955682316805,0.07547169811320754,0.4361562088635366
0.3021519543258674,0.19104084321475626,0.07553798858146685,0.4312692138779095
0.30176211453744495,0.19339207048458149,0.07709251101321586,0.4277533039647577
0.3054101221640489,0.18979057591623036,0.07504363001745201,0.42975567190226877
0.3057017543859649,0.19078947368421054,0.07587719298245614,0.4276315789473684
0.3073170731707317,0.18980044345898003,0.0762749445676275,0.4266075388026608
0.30297723292469353,0.18782837127845883,0.07486865148861646,0.4343257443082312
0.3088429388473383,0.1935767707875055,0.07567091948966125,0.42190937087549496
0.31115028646981047,0.19568091670339358,0.07360070515645659,0.41956809167033937
0.30201048951048953,0.1979895104895105,0.0743006993006993,0.4256993006993007
0.3069828722002635,0.1963109354413702,0.07026789635485288,0.4264382960035134
0.3069087688219663,0.1970770593445527,0.07263064658990256,0.42338352524357836
0.3067375886524823,0.1981382978723404,0.07092198581560284,0.4242021276595745
0.30873956960913485,0.19894598155467721,0.06807202459376373,0.42424242424242425
0.30510694020078566,0.20253164556962025,0.07245744216499345,0.4199039720646006
0.30253940455341505,0.202276707530648,0.07311733800350263,0.4220665499124343
0.30473241928350286,0.19814241486068113,0.07607253427686864,0.42105263157894735
0.30714916151809357,0.19902912621359223,0.07325684024713151,0.4205648720211827
0.3042142230026339,0.19798068481123793,0.07462686567164178,0.4231782265144864
0.30924222514235655,0.19579500657030224,0.0718353044240035,0.4231274638633377
0.31180893409995575,0.19725785050862452,0.07430340557275542,0.4166298098186643
0.3128003494975972,0.19746614242027086,0.07339449541284404,0.4163390126692879
0.3117283950617284,0.1988536155202822,0.07539682539682539,0.414021164021164
0.3130738959335374,0.19982509838216003,0.07302142544818539,0.4140795802361172
0.3100263852242744,0.1996481970096746,0.07255936675461741,0.4177660510114336
0.31741821396993813,0.1905393457117595,0.07382847038019452,0.4182139699381079
0.32191480017566976,0.18840579710144928,0.0733421168203777,0.4163372859025033
0.32263736263736265,0.1934065934065934,0.07252747252747253,0.4114285714285714
0.32152347209920284,0.19397697077059345,0.07218777679362268,0.41231178033658106
0.32172763331864257,0.19700308505949757,0.07095636844424857,0.41031291317761126
0.3218694885361552,0.1970899470899471,0.06966490299823633,0.4113756613756614
0.3276165347405453,0.19700967458223395,0.06860158311345646,0.4067722075637643
0.32332155477031804,0.2049469964664311,0.06581272084805653,0.40591872791519434
0.31760594145915244,0.2075141983398864,0.06640454346876365,0.40847531673219745
0.32142857142857145,0.20899470899470898,0.06878306878306878,0.4007936507936508
0.31675392670157065,0.2168411867364747,0.06719022687609075,0.3992146596858639
0.3131004366812227,0.2205240174672489,0.06157205240174673,0.40480349344978167
0.31856077226853885,0.2215884159719175,0.05835892935498026,0.4014918824045634
0.325043630017452,0.21465968586387435,0.055410122164048864,0.4048865619546248
0.324715162138475,0.21560035056967572,0.057843996494303246,0.401840490797546
0.3232056362835755,0.21576398062527521,0.054601497137824744,0.40642888595332455
0.32175824175824175,0.2189010989010989,0.055384615384615386,0.40395604395604395
0.32275132275132273,0.21693121693121692,0.056878306878306875,0.40343915343915343
0.3245382585751979,0.2154793315743184,0.054969217238346524,0.4050131926121372
0.3282141290039491,0.2150065818341378,0.05440982887231242,0.4023694602896007
0.3234381922906513,0.21267168808152415,0.05405405405405406,0.4098360655737705
0.3220114689016321,0.20952801058667844,0.054697838553153945,0.4137626819585355
0.3264589732338745,0.21237384817902588,0.05704256252742431,0.4041246160596753
0.32351648351648354,0.21054945054945054,0.05846153846153846,0.4074725274725275
0.3265755839576906,0.20802115469369767,0.062141912736888495,0.40326134861172325
0.32642258491398324,0.20644022937803264,0.05955006616674018,0.40758711954124394
0.32921992066989864,0.2000881445570736,0.06081974438078449,0.40987219039224326
0.3230225364560318,0.20371188687582856,0.06716747680070703,0.4060980998674326
0.32325477990217877,0.2009782125389062,0.0675855935971543,0.4081814139617608
0.3165562913907285,0.20794701986754968,0.06445916114790287,0.411037527593819
0.3241106719367589,0.2059727711901625,0.06719367588932806,0.40272288098375053
0.33067375886524825,0.2047872340425532,0.06604609929078015,0.39849290780141844
0.3266811279826464,0.20954446854663775,0.062472885032537964,0.40130151843817785
0.32773851590106007,0.21113074204946997,0.06007067137809187,0.4010600706713781
0.3253119429590018,0.20811051693404634,0.062388591800356503,0.40418894830659535
0.32155322862129143,0.21160558464223386,0.06413612565445026,0.4027050610820244
0.3198757763975155,0.21694764862466726,0.06299911268855368,0.40017746228926354
0.32625055334218683,0.2107127047366091,0.06241699867197875,0.40061974324922534
0.3233318405732199,0.20824003582624273,0.06448723690103,0.4039408866995074
0.32351648351648354,0.21186813186813186,0.06021978021978022,0.4043956043956044
0.3261821366024518,0.20577933450087565,0.059982486865148864,0.4080560420315236
0.3294066317626527,0.20287958115183247,0.05977312390924956,0.40794066317626526
0.3265215459795646,0.20435362061306087,0.0639715681919147,0.4051532652154598
0.33069132540730956,0.20299427564949363,0.06472919418758256,0.40158520475561427
0.3271848924022837,0.20421607378129117,0.06587615283267458,0.40272288098375053
0.3308303886925795,0.2067137809187279,0.0627208480565371,0.3997349823321555
0.3274725274725275,0.21186813186813186,0.06373626373626373,0.39692307692307693
0.3271276595744681,0.22074468085106383,0.06471631205673758,0.3874113475177305
0.3241349102058695,0.2172579938677179,0.06657906263688129,0.39202803328953134
0.3250883392226148,0.22040636042402828,0.06492932862190813,0.38957597173144876
0.3247038174637999,0.2242211496270294,0.06625713032031592,0.3848179025888548
0.32558139534883723,0.22027204914436158,0.06537955243527863,0.3887670030715226
0.33201407211961304,0.21416007036059806,0.06728232189973615,0.3865435356200528
0.3266199649737303,0.2202276707530648,0.06830122591943957,0.38485113835376533
0.32916480571683787,0.21929432782492184,0.06610093791871371,0.3854399285395266
0.3286281429201588,0.22099691221879136,0.06969563299514778,0.3806793118659021
0.33097969991173876,0.21359223300970873,0.07237422771403354,0.383053839364519
0.3290917068889864,0.21544537077665643,0.06888986397542782,0.38657305835892936
0.3261538461538461,0.2175824175824176,0.06901098901098901,0.3872527472527473
0.33128024637043557,0.21821381434227893,0.06731192256929168,0.38319401671799386
0.3320017754105637,0.21748779405237462,0.06480248557478917,0.3857079449622725
0.32503276539973786,0.2236784622105723,0.06509392747924858,0.38619484491044126
0.32581786030061893,0.22634836427939875,0.0614500442086649,0.3863837312113174
0.32468694096601075,0.22808586762075134,0.06305903398926654,0.38416815742397137
0.32391879964695497,0.22992056487202117,0.06222418358340689,0.38393645189761694
0.3273365511189118,0.22641509433962265,0.06362439666520403,0.3826239578762615
0.32375055285272003,0.23396727111897392,0.0654577620521893,0.37682441397611677
0.32599118942731276,0.2286343612334802,0.06696035242290749,0.37841409691629957
0.32548845470692717,0.22513321492007105,0.06616341030195382,0.38321492007104796
0.3274257864421799,0.2255206025697829,0.06734603455914931,0.3797075764288879
0.3310013117621338,0.22125054656755574,0.06821163095758635,0.3795365107127241
0.3271686481726112,0.22413033905768384,0.06781153676794363,0.3808894760017613
0.33935654473336274,0.22256500661084178,0.06743058616130454,0.37064786249449094
0.3398144056562086,0.22359699513919576,0.06495802032699956,0.3716305788775961
0.3423817863397548,0.22416812609457093,0.06611208406304729,0.36733800350262696
0.3429458740017746,0.22404614019520852,0.06610470275066549,0.36690328305235137
0.33846830985915494,0.22403169014084506,0.07042253521126761,0.3670774647887324
0.33919929608446986,0.22701275846898372,0.06819181698196217,0.3655961284645842
0.33732800710164224,0.22769640479360853,0.07279183311140701,0.3621837549933422
0.34479678427869587,0.23046002679767755,0.07012058954890577,0.35462259937472085
0.3453427065026362,0.22715289982425307,0.06766256590509666,0.35984182776801404
0.34527972027972026,0.22727272727272727,0.06949300699300699,0.35795454545454547
0.3432574430823117,0.22723292469352013,0.07267950963222417,0.35683012259194397
0.33993835314839277,0.2280933509467195,0.0722148833113166,0.35975341259357113
0.34469200524246396,0.22717343818261249,0.07208387942332896,0.3560506771515946
0.3387237762237762,0.23295454545454544,0.07167832167832168,0.35664335664335667
0.34481255448997383,0.23147340889276374,0.07236268526591107,0.35135135135135137
0.34953601414052143,0.23641184268669907,0.06760936809544851,0.34644277507733096
0.35327760668719754,0.22877254729432467,0.06731192256929168,0.3506379234491861
0.3563268892794376,0.23550087873462214,0.06546572934973638,0.3427065026362039
0.3558282208588957,0.2366345311130587,0.06397896581945661,0.34355828220858897
0.3551074090311267,0.23279263480929416,0.06444541867601929,0.34765453748355984
0.3582155477031802,0.232773851590106,0.06978798586572438,0.3392226148409894
0.35417577612592915,0.22999562745955401,0.07258417140358549,0.34324442501093133
0.35701676963812884,0.22771403353927624,0.07105030891438659,0.3442188879082083
0.3593339176161262,0.2291849255039439,0.07011393514460999,0.3413672217353199
0.3611353711790393,0.2318777292576419,0.06899563318777292,0.33799126637554583
0.3590308370044053,0.23127753303964757,0.07092511013215859,0.3387665198237885
0.3584905660377358,0.23738481790258886,0.07240017551557701,0.3317244405440983
0.3499558693733451,0.2321270962047661,0.07325684024713151,0.3446601941747573
0.3588621444201313,0.2301969365426696,0.07439824945295405,0.33654266958424506
0.3555750658472344,0.23573309920983318,0.07462686567164178,0.3340649692712906
0.35827464788732394,0.23107394366197184,0.07658450704225352,0.3340669014084507
0.35786690171881885,0.23402379903040987,0.0744821507271926,0.33362714852357866
0.36615384615384616,0.23076923076923078,0.07692307692307693,0.3261538461538461
0.36547776309995594,0.23161602818141788,0.07617789520035227,0.32672831351827386
0.3607929515418502,0.22599118942731278,0.0762114537444934,0.3370044052863436
0.3601937472479084,0.2263320123293703,0.07749889916336415,0.33597534125935713
0.3680767553423463,0.23157435673789795,0.07413868294810293,0.3262102049716529
0.3649310191366266,0.22474410324877614,0.07610146862483311,0.3342234089897641
0.3657468243539203,0.21769601401664476,0.07621550591327202,0.3403416557161629
0.36117184083952775,0.22212505465675558,0.07826847398338435,0.3384346305203323
0.3670494699646643,0.2252650176678445,0.08259717314487633,0.3250883392226148
0.3664323374340949,0.22539543057996486,0.08611599297012303,0.3220562390158172
0.363355408388521,0.22428256070640176,0.08609271523178808,0.3262693156732892
0.36423550087873463,0.22451669595782073,0.0812829525483304,0.3299648506151142
0.36666666666666664,0.22850877192982455,0.0793859649122807,0.3254385964912281
0.36251649802023755,0.22217333919929608,0.0818301803783546,0.33347998240211174
0.3679120879120879,0.22065934065934065,0.07824175824175825,0.3331868131868132
0.3632013919095259,0.22575032622879512,0.08003479773814702,0.331013484123532
0.3626037570991699,0.22236784622105724,0.08213193534294452,0.3328964613368283
0.35978835978835977,0.22486772486772486,0.07936507936507936,0.335978835978836
0.3533067021748779,0.22991566799822458,0.07456724367509987,0.3422103861517976
0.3616557734204793,0.22788671023965143,0.07538126361655774,0.33507625272331154
0.3587147887323944,0.230193661971831,0.07878521126760564,0.332306338028169
0.3575174825174825,0.23251748251748253,0.08041958041958042,0.32954545454545453
0.36280087527352295,0.23282275711159736,0.07921225382932166,0.325164113785558
0.36747252747252745,0.2246153846153846,0.07516483516483516,0.33274725274725275
0.36872246696035244,0.22951541850220264,0.0762114537444934,0.32555066079295153
0.37131544214694234,0.22965244170699517,0.07655081390233172,0.3224813022437307
0.37085514834205935,0.23472949389179756,0.07417102966841187,0.32024432809773123
0.3713024282560706,0.2370860927152318,0.0706401766004415,0.32097130242825606
0.37610229276895946,0.23368606701940034,0.06613756613756613,0.32407407407407407
0.37985865724381623,0.24028268551236748,0.06139575971731449,0.31846289752650175
0.3794025858225591,0.23762817654926438,0.057958091841284,0.32501114578689255
0.3787878787878788,0.2357397504456328,0.05748663101604278,0.32798573975044565
0.3759894459102902,0.23790677220756376,0.059366754617414245,0.32673702726473175
0.36946028960070204,0.24089512944273805,0.06274681878016675,0.32689776217639316
0.36717724288840264,0.24026258205689277,0.06477024070021882,0.3277899343544858
0.3728739642389882,0.2402965547317924,0.06541648495420846,0.3214129960750109
0.37455985915492956,0.23899647887323944,0.061619718309859156,0.3248239436619718
0.37822474857892435,0.23786620026235242,0.06296458242238741,0.3209444687363358
0.37472283813747226,0.23547671840354767,0.06563192904656319,0.32416851441241684
0.3746130030959752,0.23662096417514375,0.06368863334807608,0.32507739938080493
0.37707786526684167,0.2357830271216098,0.06299212598425197,0.3241469816272966
0.3747779751332149,0.23312611012433393,0.06216696269982238,0.3299289520426288
0.37527400263042526,0.2371766768960982,0.06225339763261727,0.3252959228408593
0.3792494481236203,0.23443708609271524,0.060927152317880796,0.32538631346578367
0.380468404772426,0.2337604949182501,0.06009721608484313,0.3256738842244808
0.38659565024411896,0.22814025743453173,0.05858854860186418,0.32667554371948515
0.38525669153137343,0.2242211496270294,0.060114085125054846,0.33040807371654235
0.38577110030932393,0.22934158197083518,0.058329650905877155,0.32655766681396375
0.38884007029876977,0.22319859402460457,0.05975395430579965,0.328207381370826
0.3845474613686534,0.2229580573951435,0.060044150110375276,0.33245033112582784
0.3804920913884007,0.22583479789103691,0.06370826010544815,0.3299648506151142
0.38143422789265286,0.22657281126264847,0.061152661680598325,0.3308402991641003
0.3970201577563541,0.21998247151621383,0.05652936021034181,0.3264680105170903
0.3906731192256929,0.22305323361196655,0.05719313682358117,0.32908051033875935
0.39433551198257083,0.22265795206971678,0.058387799564270156,0.32461873638344224
0.3983957219251337,0.22103386809269163,0.058823529411764705,0.32174688057041
0.3939796370075255,0.21779548472775564,0.061531651173085435,0.32669322709163345
0.3929684023141967,0.22207387627948375,0.05696484201157098,0.3279928793947485
0.3932038834951456,0.21888790820829657,0.06001765225066196,0.32789055604589584
0.3875326939843069,0.22013949433304272,0.05928509154315606,0.3330427201394943
0.3920105355575066,0.218612818261633,0.05970149253731343,0.329675153643547
0.3921998247151621,0.22042068361086767,0.057843996494303246,0.32953549517966696
0.3810989010989011,0.22681318681318682,0.056263736263736264,0.33582417582417584
0.38323090430201934,0.2344161545215101,0.05575065847234416,0.32660228270412645
0.39769707705934454,0.23117803365810452,0.05358724534986714,0.3175376439326838
0.3964757709251101,0.23524229074889869,0.05330396475770925,0.31497797356828194
0.3903296703296703,0.23648351648351648,0.05450549450549451,0.31868131868131866
0.3906386701662292,0.23709536307961504,0.05511811023622047,0.31714785651793526
0.39097744360902253,0.23927465723131358,0.055285272003538256,0.3144626271561256
0.388470066518847,0.23725055432372505,0.05809312638580931,0.3161862527716186
0.38488422892092616,0.24071647007426825,0.05548274355613805,0.31891655744866754
0.38393645189761694,0.24139452780229478,0.056045895851721095,0.31862312444836716
0.37911364633611233,0.24659938569548048,0.060114085125054846,0.3141728828433524
0.3838695460555311,0.24239753195240193,0.059497576024680476,0.3142353459673865
0.37565674255691767,0.24168126094570927,0.06085814360770578,0.32180385288966723
0.3758741258741259,0.2416958041958042,0.06031468531468531,0.32211538461538464
0.3723404255319149,0.24423758865248227,0.06205673758865248,0.32136524822695034
0.3755496921723835,0.23834652594547054,0.06112576956904134,0.32497801231310464
0.37647573240052473,0.2365544381285527,0.06034105815478793,0.32662877131613466
0.3740122914837577,0.22914837576821773,0.061457418788410885,0.3353819139596137
0.375,0.23289473684210527,0.060087719298245613,0.3320175438596491
0.3740526081141329,0.23272403031654035,0.06286223807400802,0.33036112349531876
0.38129175946547883,0.2311804008908686,0.06369710467706013,0.3238307349665924
0.37993786063027074,0.22858411007545495,0.06347092765201953,0.3280071016422548
0.3768755516328332,0.23036187113857018,0.06266548984995587,0.3300970873786408
0.38577110030932393,0.22403888643393724,0.06672558550596554,0.32346442775077333
0.38830255057167984,0.22251539138082674,0.06640281442392261,0.3227792436235708
0.390597539543058,0.22100175746924428,0.06590509666080843,0.3224956063268893
0.3878814683768244,0.22069880583812473,0.0654577620521893,0.32596196373286157
0.3913808267370273,0.21635883905013192,0.06640281442392261,0.3258575197889182
0.398595258999122,0.2177348551360843,0.06453028972783142,0.31913959613696224
0.3993875765529309,0.22003499562554682,0.06299212598425197,0.31758530183727035
0.3938189845474614,0.22428256070640176,0.06445916114790287,0.317439293598234
0.39195100612423445,0.22703412073490814,0.06386701662292213,0.31714785651793526
0.38634361233480174,0.22378854625550662,0.06651982378854626,0.3233480176211454
0.3953792502179599,0.21883173496076722,0.06146469049694856,0.32432432432432434
0.40017746228926354,0.21561668145519078,0.06078083407275954,0.3234250221827862
0.3987648875165417,0.21835024261138067,0.0599911777679753,0.32289369210410235
0.39797267518730717,0.22124283825473778,0.05817540766857646,0.32260907888937856
0.4008733624454148,0.22489082969432314,0.05502183406113537,0.31921397379912664
0.39850942569048664,0.22490135905304692,0.053485313459009205,0.32310390179745724
0.40555058191584603,0.21754700089525514,0.05505819158460161,0.3218442256042972
0.40651121865376155,0.20853497580290364,0.05763308402991641,0.3273207215134184
0.4067048963387737,0.2055580061755624,0.05955006616674018,0.3281870313189237
0.4086687306501548,0.2118531623175586,0.0583812472357364,0.32109685979655017
0.4071803852889667,0.2171628721541156,0.05647985989492119,0.3191768826619965
0.41215323645970936,0.21268163804491413,0.054601497137824744,0.32056362835755176
0.4120758043190833,0.21066549140590568,0.05597179374173645,0.3212869105332746
0.40650044523597506,0.20480854853072128,0.06233303650934995,0.3263579697239537
0.40406719717064543,0.19982316534040673,0.0645446507515473,0.33156498673740054
0.4055238930293731,0.20604997807978956,0.0661990355107409,0.3222270933800965
0.40519137703475583,0.20193576770787505,0.06467223933128025,0.32820061592608885
0.40651494868362337,0.2030343596608657,0.06470325747434182,0.32574743418116914
0.4095153401511783,0.2023121387283237,0.06536238328145842,0.32281013783903956
0.40647163120567376,0.20656028368794327,0.06604609929078015,0.32092198581560283
0.4097711267605634,0.2055457746478873,0.06734154929577464,0.3173415492957746
0.4049912434325744,0.20359019264448336,0.06654991243432574,0.3248686514886165
0.39928539526574364,0.2090218847699866,0.06476105404198303,0.32693166592228673
0.3986870897155361,0.2,0.06695842450765864,0.33435448577680527
0.40588489831241886,0.2003461704889658,0.06447425356988316,0.32929467762873216
0.40472027972027974,0.20104895104895104,0.06293706293706294,0.3312937062937063
0.40930839495432797,0.20139190952588082,0.06220095693779904,0.3270987385819922
0.405726872246696,0.19691629955947137,0.06607929515418502,0.3312775330396476
0.4091913389306231,0.2010605391073796,0.06672558550596554,0.3230225364560318
0.4053333333333333,0.2,0.06755555555555555,0.32711111111111113
0.4091108190976785,0.19842312746386334,0.06964520367936924,0.3228208497590889
0.40709534368070954,0.20620842572062084,0.07095343680709534,0.31574279379157427
0.40498034076015726,0.20314547837483618,0.07121013543031891,0.32066404543468763
0.4043956043956044,0.20527472527472526,0.07208791208791208,0.31824175824175827
0.4057017543859649,0.20350877192982456,0.07368421052631578,0.3171052631578947
0.4077328646748682,0.20518453427065025,0.07205623901581722,0.3150263620386643
0.40484581497797356,0.20837004405286344,0.07048458149779736,0.3162995594713656
0.41294838145231844,0.20166229221347332,0.06911636045494313,0.31627296587926507
0.4140521431727795,0.20150243040212107,0.0684931506849315,0.31595227574016793
0.40707964601769914,0.2004424778761062,0.06858407079646017,0.3238938053097345
0.4077328646748682,0.2007908611599297,0.06854130052724078,0.3229349736379613
0.40913081650570676,0.2019315188762072,0.07111501316944688,0.31782265144863914
0.4105263157894737,0.2013157894736842,0.07368421052631578,0.3144736842105263
0.40334654337296344,0.2051959489211801,0.0722148833113166,0.3192426243945399
0.39754278192189557,0.209741114523914,0.07547169811320754,0.31724440544098287
0.39162995594713657,0.2105726872246696,0.07929515418502203,0.3185022026431718
0.39080962800875274,0.20437636761487965,0.08096280087527352,0.3238512035010941
0.3895705521472393,0.20639789658194566,0.08106923751095531,0.3229623137598598
0.38623410784743534,0.2135028496273564,0.08417360806663744,0.3160894344585708
0.3861734918538089,0.21576398062527521,0.083223249669749,0.3148392778511669
0.3810359964881475,0.21685689201053557,0.08252853380158033,0.31957857769973663
0.38224956063268895,0.22231985940246046,0.0804042179261863,0.3150263620386643
0.37946231820185106,0.22124283825473778,0.08285588364918467,0.31643895989422655
0.3816725978647687,0.22241992882562278,0.08185053380782918,0.3140569395017794
0.3800265134776845,0.22713212549712772,0.08174988952717631,0.3110914714980115
0.3777679362267493,0.22586359610274578,0.07927369353410098,0.3170947741364039
0.38053485313459007,0.22490135905304692,0.07628233231039018,0.31828145550197284
0.37720848056537104,0.22659010600706714,0.07773851590106007,0.31846289752650175
0.3825088339222615,0.22128975265017667,0.07729681978798586,0.31890459363957596
0.3797634691195795,0.22295225580376699,0.07884362680683311,0.31844064826982044
0.37421944692239073,0.2216770740410348,0.0816235504014273,0.3224799286351472
0.3790074659639877,0.2235397452788757,0.07992973210364515,0.31752305665349145
0.38118374558303886,0.2252650176678445,0.07862190812720848,0.31492932862190814
0.37935597706219676,0.2262902514336127,0.0776356418173798,0.3167181296868108
0.38034376377258705,0.22741295724988983,0.0749228735125606,0.31732040546496254
0.3839718185821224,0.22324966974900926,0.07089387934830471,0.32188463232056364
0.38702559576345985,0.21932921447484555,0.07458075904677847,0.31906443071491614
0.3840739111306643,0.22657281126264847,0.07171139463264409,0.3176418829740431
0.3780008729812309,0.22828459188127456,0.07158446093408992,0.3221300742034046
0.374173644777435,0.22212428382547378,0.07227853680035258,0.3314235345967387
0.3766404199475066,0.21828521434820647,0.07174103237095363,0.3333333333333333
0.38209606986899564,0.21921397379912663,0.07117903930131005,0.32751091703056767
0.382262996941896,0.21581476627348187,0.07121013543031891,0.3307121013543032
0.3854945054945055,0.21362637362637363,0.07472527472527472,0.3261538461538461
0.3880334359876815,0.21205455345358556,0.07391113066432028,0.3260008798944127
0.38084827284652384,0.21425448185395715,0.07389593353738522,0.3310013117621338
0.37844940867279897,0.21419185282522996,0.07533946561541831,0.3320192728865528
0.38217391304347825,0.21695652173913044,0.07304347826086957,0.3278260869565217
0.3835794960903562,0.2150304083405734,0.07558644656820157,0.32580364900086883
0.38350785340314136,0.22164048865619546,0.07591623036649214,0.31893542757417104
0.38574610244988866,0.21870824053452115,0.07438752783964366,0.32115812917594655
0.3869546055531071,0.22124283825473778,0.07360070515645659,0.31820185103569854
0.3748902546093064,0.2247585601404741,0.07638279192273925,0.32396839332748023
0.37917398945518455,0.22407732864674867,0.07469244288224956,0.3220562390158172
0.3783428320911881,0.22139412538360367,0.07233669443226655,0.3279263480929417
0.375,0.22173144876325088,0.07420494699646643,0.3290636042402827
0.37113857016769636,0.22594880847308033,0.07193292144748456,0.33097969991173876
0.37040280210157617,0.22460595446584938,0.07224168126094571,0.3327495621716287
0.37314734088927637,0.2244986922406277,0.07454228421970358,0.32781168265039234
0.37914485165794065,0.22164048865619546,0.07591623036649214,0.32329842931937175
0.376414273281114,0.22149695387293297,0.07441253263707572,0.3276762402088773
0.3799822852081488,0.2183348095659876,0.07705934455270151,0.3246235606731621
0.37749224634470535,0.22463447053610988,0.07709348692955251,0.32077979618963226
0.37709251101321584,0.22599118942731278,0.07709251101321586,0.3198237885462555
0.3720420683610868,0.22348816827344434,0.0775635407537248,0.32690622261174407
0.3770999115826702,0.22104332449160036,0.07648099027409372,0.3253757736516357
0.3760457948040511,0.22324966974900926,0.07617789520035227,0.3245266402465874
