R,A,S,N
0.0,0.0,0.0,1.0
0.0,0.0,0.0,1.0
0.0,0.16666666666666666,0.16666666666666666,0.6666666666666666
0.18181818181818182,0.09090909090909091,0.09090909090909091,0.6363636363636364
0.0,0.06666666666666667,0.13333333333333333,0.8
0.0,0.13043478260869565,0.08695652173913043,0.782608695652174
0.029411764705882353,0.08823529411764706,0.08823529411764706,0.7941176470588235
0.045454545454545456,0.06818181818181818,0.11363636363636363,0.7727272727272727
0.016129032258064516,0.11290322580645161,0.08064516129032258,0.7903225806451613
0.034482758620689655,0.13793103448275862,0.06896551724137931,0.7586206896551724
0.02631578947368421,0.13157894736842105,0.07894736842105263,0.7631578947368421
0.0189873417721519,0.16455696202531644,0.08860759493670886,0.7278481012658228
0.024630541871921183,0.15763546798029557,0.10344827586206896,0.7142857142857143
0.031746031746031744,0.1746031746031746,0.10714285714285714,0.6865079365079365
0.02830188679245283,0.18238993710691823,0.12578616352201258,0.6635220125786163
0.03007518796992481,0.20050125313283207,0.12030075187969924,0.6491228070175439
0.03333333333333333,0.20208333333333334,0.1125,0.6520833333333333
0.0392156862745098,0.20320855614973263,0.1140819964349376,0.64349376114082
0.048265460030165915,0.1975867269984917,0.10708898944193061,0.6470588235294118
0.04871794871794872,0.1935897435897436,0.12051282051282051,0.6371794871794871
0.048314606741573035,0.19662921348314608,0.12247191011235956,0.6325842696629214
0.05933852140077821,0.19455252918287938,0.1264591439688716,0.6196498054474708
0.06358885017421603,0.1803135888501742,0.13763066202090593,0.6184668989547039
0.07430340557275542,0.17879256965944273,0.14783281733746131,0.5990712074303406
0.08166189111747851,0.167621776504298,0.15544412607449856,0.5952722063037249
0.08543046357615894,0.16556291390728478,0.16026490066225166,0.5887417218543046
0.09345794392523364,0.16573208722741434,0.16510903426791276,0.5757009345794393
0.0904899135446686,0.16253602305475504,0.16945244956772335,0.577521613832853
0.09290819131390875,0.16327652556349642,0.18086860912589334,0.5629466739967015
0.09904661016949153,0.15466101694915255,0.1917372881355932,0.5545550847457628
0.10120240480961924,0.156813627254509,0.1968937875751503,0.5450901803607214
0.10412667946257198,0.15690978886756238,0.21305182341650672,0.525911708253359
0.1068738229755179,0.1591337099811676,0.2128060263653484,0.5211864406779662
0.11008325624421832,0.16234967622571692,0.21877890841813136,0.5087881591119334
0.11080958842152872,0.1628222523744912,0.22207146087743102,0.5042966983265491
0.11653966831017482,0.1640519946212461,0.22949350067234425,0.4899148363962349
0.11728395061728394,0.1697530864197531,0.2261904761904762,0.48677248677248675
0.1164534627260697,0.16806352007057784,0.22540802823114248,0.49007498897220997
0.11731107205623902,0.171792618629174,0.22495606326889278,0.4859402460456942
0.11303960836671118,0.1780151312861593,0.22830440587449932,0.48064085447263016
0.11497797356828193,0.17665198237885463,0.22995594713656387,0.47841409691629955
0.11725955204216074,0.1743522178304787,0.230566534914361,0.47782169521299955
0.11486190267426567,0.17536168347216133,0.22621657167908812,0.4835598421744849
0.11749116607773852,0.178886925795053,0.2314487632508834,0.4721731448763251
0.1254971277065842,0.17587273530711445,0.22889969067609367,0.4697304463102077
0.1272889682894149,0.1786511835640911,0.2300133988387673,0.46404644930772665
0.12302284710017575,0.18145869947275922,0.23022847100175747,0.46528998242530756
0.12538360368259535,0.1832529592284086,0.22709338009644892,0.46427005699254714
0.1232876712328767,0.1811754308440124,0.22801590808661068,0.4675209898365002
0.12566137566137567,0.18077601410934743,0.22486772486772486,0.468694885361552
0.13095238095238096,0.1763668430335097,0.22486772486772486,0.4678130511463845
0.13442044953724108,0.17981489643014545,0.22741295724988983,0.4583516967827237
0.13680494263018536,0.17519858781994704,0.23168578993821712,0.4563106796116505
0.13694407749889917,0.1831792162043153,0.2285336856010568,0.45134302069572874
0.13877733154841587,0.18384649709950915,0.2213297634984382,0.45604640785363676
0.1381898454746137,0.18543046357615894,0.22560706401766004,0.45077262693156733
0.13837886251679354,0.1813703537841469,0.22525750111957007,0.45499328257948946
0.1415889924545051,0.1810918774966711,0.2272525521526853,0.45006657789613846
0.13727232341181697,0.18880497556641493,0.2243447356730342,0.4495779653487339
0.13735046521931768,0.19361984935755427,0.22463447053610988,0.44439521488701816
0.14197257850508624,0.19460415745245466,0.22114108801415303,0.44228217602830605
0.1391957578435705,0.19796730004418914,0.21608484312859036,0.44675209898365004
0.14503484320557491,0.19337979094076654,0.21646341463414634,0.4451219512195122
0.14579684763572678,0.2000875656742557,0.21891418563922943,0.4352014010507881
0.14888010540184454,0.1971892841458059,0.22178304787000439,0.4321475625823452
0.14417582417582417,0.19956043956043956,0.22065934065934065,0.4356043956043956
0.14920774647887325,0.19806338028169015,0.21346830985915494,0.4392605633802817
0.1498443752779013,0.19831036016007114,0.2223210315695865,0.4295242329924411
0.15770925110132158,0.1973568281938326,0.22466960352422907,0.42026431718061674
0.15371024734982333,0.2040636042402827,0.22570671378091872,0.4165194346289753
0.15381205673758866,0.20700354609929078,0.22163120567375885,0.4175531914893617
0.1543921916592724,0.20896184560780834,0.2222715173025732,0.4143744454303461
0.1570727353859884,0.2039268183846497,0.22579205711735834,0.4132083891120036
0.16119141480508103,0.20805957074025405,0.22382829610162067,0.4069207183530442
0.16245006657789615,0.2103861517976032,0.2205947625388371,0.40656901908566356
0.16608238387379493,0.20990359333917616,0.22173531989482909,0.4022787028921998
0.16666666666666666,0.21511111111111111,0.21777777777777776,0.40044444444444444
0.1681455190771961,0.21251109139307897,0.2209405501330967,0.39840283939662824
0.17006200177147918,0.21257750221434898,0.21966341895482727,0.39769707705934454
0.1700530035335689,0.2142226148409894,0.2226148409893993,0.3931095406360424
0.17136563876651983,0.20837004405286344,0.22466960352422907,0.39559471365638765
0.17100044072278536,0.2128691053327457,0.22036139268400176,0.3957690612604672
0.17213842058562556,0.2160603371783496,0.21650399290150843,0.39529724933451643
0.17936226749335696,0.2108060230292294,0.21434898139946856,0.3954827280779451
0.18221830985915494,0.20950704225352113,0.2147887323943662,0.39348591549295775
0.18395390070921985,0.20656028368794327,0.21453900709219859,0.3949468085106383
0.19058098591549297,0.20334507042253522,0.21390845070422534,0.3921654929577465
0.19190140845070422,0.2055457746478873,0.20862676056338028,0.3939260563380282
0.19262834576568671,0.20315928038613426,0.2079859587538394,0.39622641509433965
0.19849357554275587,0.20115197164377493,0.20779796189632255,0.39255649091714667
0.2005323868677906,0.20319432120674358,0.21029281277728482,0.385980479148181
0.1957765068191817,0.20589529256489222,0.21601407831060274,0.38231412230532336
0.19239177962396153,0.21119370354175776,0.2186270222999563,0.3777874945343244
0.1899911426040744,0.21169176262178918,0.21922054915854738,0.37909654561558903
0.19133099824868652,0.2105954465849387,0.21234676007005254,0.38572679509632224
0.19672131147540983,0.20292423571112095,0.21710234824988922,0.38325210456358
0.19938244375827086,0.20202911336568152,0.211733568592854,0.38685487428319365
0.1943711521547933,0.19920844327176782,0.21723834652594548,0.3891820580474934
0.19786571809693196,0.200533570475767,0.2138728323699422,0.38772787905735884
0.19832893579595426,0.19569041336851364,0.2119613016710642,0.3940193491644679
0.20568636161705908,0.1950244335850733,0.21057307863171923,0.38871612616614837
0.2051168945743273,0.19938244375827086,0.2090868989854433,0.38641376268195854
0.20620842572062084,0.1942350332594235,0.21286031042128603,0.38669623059866964
0.2090747330960854,0.19350533807829182,0.20951957295373666,0.3879003558718861
0.21057307863171923,0.1905819635717459,0.2136828076410484,0.38516215015548644
0.20644022937803264,0.19320688134097927,0.22099691221879136,0.37935597706219676
0.2009674582233949,0.19788918205804748,0.22031662269129287,0.3808267370272647
0.20352422907488987,0.19911894273127753,0.21894273127753303,0.37841409691629957
0.20682019486271036,0.19929140832595216,0.21257750221434898,0.38131089459698847
0.2077125328659071,0.20245398773006135,0.21297107800175286,0.3768624014022787
0.20881057268722467,0.20352422907488987,0.20969162995594715,0.37797356828193834
0.20669898633759365,0.20229175848391362,0.21066549140590568,0.38034376377258705
0.20173913043478262,0.20434782608695654,0.21391304347826087,0.38
0.20044150110375275,0.20397350993377483,0.21280353200883,0.3827814569536424
0.20403685827117157,0.2079859587538394,0.2132514260640632,0.37472575691092586
0.20104895104895104,0.20716783216783216,0.21328671328671328,0.3784965034965035
0.20140721196130168,0.20624450307827616,0.2119613016710642,0.38038698328935794
0.20662251655629138,0.20794701986754968,0.21147902869757174,0.3739514348785872
0.2052980132450331,0.21280353200883,0.20750551876379691,0.37439293598233997
0.21085409252669038,0.21263345195729538,0.20462633451957296,0.3718861209964413
0.20772303595206393,0.21260541500221927,0.20594762538837105,0.37372392365734575
0.2,0.21541850220264316,0.2105726872246696,0.3740088105726872
0.20210434020166593,0.2135028496273564,0.20955721174923278,0.37483559842174485
0.19947159841479525,0.2175253192426244,0.20343461030383092,0.37956847203874944
0.20422535211267606,0.20994718309859156,0.20422535211267606,0.3816021126760563
0.20408163265306123,0.20940550133096716,0.2005323868677906,0.385980479148181
0.2063632346442775,0.21078214759169245,0.19443216968625718,0.3884224480777729
0.20704845814977973,0.213215859030837,0.1947136563876652,0.38502202643171807
0.2057142857142857,0.2079120879120879,0.19956043956043956,0.3868131868131868
0.20848056537102475,0.20759717314487633,0.2040636042402827,0.37985865724381623
0.2090868989854433,0.20732245258050286,0.20291133656815175,0.3806793118659021
0.20951957295373666,0.21263345195729538,0.19973309608540926,0.3781138790035587
0.2175054704595186,0.2074398249452954,0.20306345733041575,0.37199124726477023
0.21460176991150443,0.2097345132743363,0.20221238938053096,0.3734513274336283
0.20829616413916147,0.21141837644959857,0.2056199821587868,0.3746654772524532
0.21557413110426749,0.20765508139023317,0.20501539815222172,0.3717553893532776
0.21375055090348172,0.2093433230498017,0.21066549140590568,0.3662406346408109
0.21434859154929578,0.20202464788732394,0.20950704225352113,0.37411971830985913
0.21554770318021202,0.20980565371024734,0.20803886925795054,0.3666077738515901
0.20846187747906567,0.20713970912296165,0.20846187747906567,0.375936535918907
0.21071115013169447,0.20237050043898155,0.20983318700614575,0.37708516242317824
0.20939420544337137,0.20632133450395082,0.208955223880597,0.37532923617208075
0.21172353455818022,0.20603674540682415,0.205161854768154,0.37707786526684167
0.2105028927458834,0.2087227414330218,0.2064975522919448,0.37427681352915
0.21281263712154452,0.20491443615620886,0.20579201404124617,0.3764809126810004
0.21812527765437584,0.20524211461572633,0.20746334962239005,0.3691692581075078
0.21143617021276595,0.20345744680851063,0.20434397163120568,0.3807624113475177
0.2154255319148936,0.20212765957446807,0.20301418439716312,0.37943262411347517
0.21425409473218238,0.20451527224435592,0.20849933598937584,0.37273129703408586
0.2153300841825432,0.20381036774479397,0.20735489587948605,0.3735046521931768
0.21856952465570859,0.20346512661039537,0.2079075966237228,0.3700577521101733
0.21646746347941567,0.2014165559982293,0.2067286409915892,0.3753873395307658
0.2244355909694555,0.2036299247454626,0.20628596724214254,0.3656485170429394
0.2248995983935743,0.20526550647032574,0.20124944221329763,0.3685854529228023
0.22310756972111553,0.20849933598937584,0.20495794599380257,0.36343514829570606
0.22637362637362637,0.20483516483516484,0.2043956043956044,0.3643956043956044
0.22572062084257205,0.2031042128603104,0.20532150776053215,0.36585365853658536
0.22148541114058357,0.20999115826702033,0.20778072502210435,0.36074270557029176
0.22797698096502877,0.20185922974767595,0.2129260734838424,0.35723771580345287
0.23474801061007958,0.2002652519893899,0.20910698496905394,0.35587975243147657
0.23513753327417924,0.1974267968056788,0.21472937000887313,0.35270629991126884
0.23127463863337713,0.20455540954883925,0.21901007446342532,0.3451598773543583
0.22992056487202117,0.205648720211827,0.21888790820829657,0.34554280670785525
0.22747349823321555,0.20848056537102475,0.2124558303886926,0.35159010600706714
0.23237250554323724,0.2066518847006652,0.2066518847006652,0.35432372505543236
0.23467137185707984,0.2090868989854433,0.20599911777679752,0.3502426113806793
0.23464912280701755,0.21140350877192982,0.20482456140350877,0.34912280701754383
0.23744493392070484,0.21762114537444935,0.20220264317180617,0.34273127753303967
0.23415492957746478,0.2262323943661972,0.20246478873239437,0.3371478873239437
0.23620309050772628,0.22649006622516557,0.1986754966887417,0.33863134657836647
0.2383053839364519,0.22506619593998234,0.19814651368049427,0.33848190644307147
0.23552806009721608,0.2266902342023862,0.19619973486522316,0.34158197083517455
0.23524189968930315,0.22991566799822458,0.19618286728806036,0.3386595650244119
0.23493180818301804,0.23053233611966564,0.1922569291684998,0.34227892652881653
0.23545091070635274,0.2305641936916926,0.19235895157707686,0.34162594402487784
0.23383525243578387,0.23472099202834368,0.19619131975199292,0.33525243578387953
0.23748902546093065,0.23836698858647937,0.19402985074626866,0.3301141352063213
0.2385402759234535,0.2349799732977303,0.19715175789942144,0.32932799287939474
0.23633156966490299,0.24029982363315697,0.1970899470899471,0.3262786596119929
0.23127753303964757,0.239647577092511,0.2,0.3290748898678414
0.23495575221238937,0.23761061946902653,0.2004424778761062,0.3269911504424779
0.23032714412024757,0.242263483642794,0.1958443854995579,0.33156498673740054
0.2329069254521394,0.24305249228054698,0.18923687692986327,0.33480370533745035
0.23012367491166077,0.24646643109540636,0.19213780918727916,0.33127208480565373
0.23015873015873015,0.2429453262786596,0.195326278659612,0.3315696649029982
0.2254335260115607,0.2387727879057359,0.19875500222321033,0.3370386838594931
0.22562056737588654,0.2322695035460993,0.2052304964539007,0.33687943262411346
0.22607550482879718,0.2392449517120281,0.1997366110623354,0.3349429323968393
0.2255772646536412,0.2353463587921847,0.20115452930728242,0.33792184724689167
0.22991566799822458,0.23435419440745672,0.20594762538837105,0.3297825122059476
0.23039647577092512,0.23392070484581498,0.20308370044052865,0.33259911894273125
0.23039859833552342,0.23346473937801138,0.20805957074025405,0.3280770915462111
0.24031690140845072,0.2363556338028169,0.20202464788732394,0.32130281690140844
0.2398230088495575,0.23716814159292035,0.1995575221238938,0.3234513274336283
0.24681598594642074,0.23276240667545015,0.19938515590689504,0.32103645147123405
0.24713656387665198,0.22819383259911893,0.20176211453744494,0.3229074889867841
0.25189141076991545,0.22162883845126835,0.20204717400979083,0.32443257676902537
0.252863436123348,0.22070484581497798,0.20308370044052865,0.3233480176211454
0.25077399380804954,0.22069880583812473,0.2043343653250774,0.32419283502874835
0.25317564607971965,0.21813403416557162,0.20543144984669295,0.3232588699080158
0.2495567375886525,0.2154255319148936,0.21010638297872342,0.3249113475177305
0.24802458296751537,0.218612818261633,0.20017559262510976,0.33318700614574187
0.24743646901471245,0.21845742309407043,0.20017833259028087,0.33392777530093626
0.2479010163499779,0.21122403888643393,0.2001767565178966,0.34069818824569154
0.24536628420123566,0.2149161518093557,0.20123565754633715,0.33848190644307147
0.24582233948988566,0.21503957783641162,0.2022867194371152,0.3368513632365875
0.24258521469676847,0.2098273572377158,0.20274457724656927,0.34484285081894644
0.23912087912087912,0.21054945054945054,0.2057142857142857,0.3446153846153846
0.2379690949227373,0.2097130242825607,0.20750551876379691,0.3448123620309051
0.23625886524822695,0.20833333333333334,0.20700354609929078,0.3484042553191489
0.24099599822143175,0.20764784348599377,0.21076033792796797,0.3405958203646065
0.23560673162090345,0.21257750221434898,0.20947741364038971,0.34233835252435785
0.2367128182224207,0.21125502456453774,0.2125949084412684,0.3394372487717731
0.23681858802502234,0.20777479892761394,0.20777479892761394,0.34763181411974975
0.23513870541611626,0.21400264200792601,0.2038749449581682,0.3469837076177895
0.2288623284639221,0.21646746347941567,0.20318725099601595,0.3514829570606463
0.2328888888888889,0.2111111111111111,0.2031111111111111,0.35288888888888886
0.226890756302521,0.21539141972578504,0.20035382574082264,0.3573639982308713
0.23100436681222708,0.2131004366812227,0.1965065502183406,0.3593886462882096
0.23155103844454264,0.21431727794962438,0.19708351745470615,0.35704816615112683
0.23389232127096204,0.20432480141218004,0.19902912621359223,0.3627537511032657
0.23201046663759267,0.2136938508504143,0.20017444395987788,0.35412123855211514
0.22536456031816174,0.21431727794962438,0.20371188687582856,0.35660627485638535
0.23186470850022253,0.22073876279483756,0.20160213618157544,0.34579439252336447
0.23141592920353982,0.22876106194690266,0.2,0.3398230088495575
0.2336119665640123,0.22217333919929608,0.20369555653321603,0.3405191377034756
0.23184601924759404,0.22659667541557305,0.20166229221347332,0.33989501312335957
0.23213493120284065,0.2272525521526853,0.20195295162006213,0.3386595650244119
0.23845470692717585,0.2313499111900533,0.2002664298401421,0.3299289520426288
0.23893805309734514,0.23097345132743363,0.19911504424778761,0.3309734513274336
0.2413186813186813,0.22989010989010988,0.19824175824175824,0.33054945054945056
0.23880597014925373,0.23397717295873574,0.19754170324846357,0.329675153643547
0.24140969162995596,0.2343612334801762,0.1907488986784141,0.33348017621145376
0.2422907488986784,0.24052863436123348,0.18722466960352424,0.3299559471365639
0.2467991169977925,0.2392935982339956,0.19072847682119207,0.32317880794701986
0.24232992441084927,0.23610493552690084,0.19653179190751446,0.32503334815473545
0.24889673433362755,0.23609885260370697,0.19814651368049427,0.31685789938217124
0.24910394265232974,0.2289426523297491,0.19444444444444445,0.3275089605734767
0.24878264718902168,0.2337317397078353,0.19654714475431606,0.3209384683488269
0.24601063829787234,0.22606382978723405,0.20301418439716312,0.3249113475177305
0.23824312333629105,0.22803904170363798,0.20629991126885536,0.32741792369121564
0.24338624338624337,0.2310405643738977,0.19797178130511464,0.32760141093474426
0.2379690949227373,0.23311258278145697,0.2022075055187638,0.32671081677704195
0.2375495813133539,0.22873512560599382,0.20229175848391362,0.3314235345967387
0.24278215223097113,0.23009623797025372,0.199912510936133,0.32720909886264216
0.24580759046778464,0.22550750220653135,0.19329214474845544,0.3353927625772286
0.2505533421868083,0.22753430721558213,0.18902169101372288,0.3328906595838867
0.25320938468348825,0.23019034971226207,0.19034971226206285,0.32625055334218683
0.2561466249441216,0.23379526151095217,0.186410371032633,0.3236477425122932
0.2618101545253863,0.23664459161147902,0.1827814569536424,0.31876379690949225
0.258719646799117,0.2401766004415011,0.1814569536423841,0.3196467991169978
0.261101243339254,0.2353463587921847,0.17761989342806395,0.3259325044404973
0.2598770851624232,0.23266022827041263,0.17559262510974538,0.33187006145741876
0.2622803064443443,0.22397476340694006,0.18386660657954032,0.3298783235691753
0.25596816976127323,0.22458001768346597,0.18037135278514588,0.3390804597701149
0.25296442687747034,0.2274923144488362,0.178743961352657,0.3407992973210365
0.2494510320597277,0.2222222222222222,0.18401405357927098,0.3443126921387791
0.25065616797900264,0.22878390201224846,0.18328958880139984,0.33727034120734906
0.2506654835847382,0.23646850044365572,0.18278615794143743,0.3300798580301686
0.2523158359064843,0.2329069254521394,0.18526687251874724,0.329510366122629
0.25122059476253883,0.24145583666222814,0.18375499334221038,0.3235685752330226
0.25486725663716814,0.23716814159292035,0.1911504424778761,0.3168141592920354
0.2579225352112676,0.23767605633802816,0.1875,0.31690140845070425
0.25730735163861823,0.2409211691762622,0.18821966341895482,0.31355181576616475
0.2596322241681261,0.24168126094570927,0.18476357267950963,0.313922942206655
0.25604927408710954,0.24417069951605808,0.19093708754949407,0.3088429388473383
0.2569048662867163,0.24024550635686104,0.1867601928978518,0.3160894344585708
0.25601750547045954,0.23938730853391685,0.18905908096280089,0.31553610503282276
0.25354609929078015,0.23803191489361702,0.19370567375886524,0.3147163120567376
0.25820763087843834,0.243566992014197,0.19165927240461403,0.30656610470275064
0.25342163355408387,0.24591611479028697,0.19205298013245034,0.3086092715231788
0.25907883082373784,0.2471213463241807,0.18777679362267494,0.30602302922940655
0.25806451612903225,0.24524966858152894,0.18515245249668583,0.311533362792753
0.25849139832377593,0.24437582708425232,0.18570798411998235,0.3114247904719894
0.2559576345984113,0.24315975286849073,0.18049426301853486,0.32038834951456313
0.2516469038208169,0.24418093983311376,0.18225735617039965,0.32191480017566976
0.2545616377392078,0.25189141076991545,0.1780151312861593,0.31553182020471743
0.2541998231653404,0.2537577365163572,0.1724137931034483,0.3196286472148541
0.2558035714285714,0.2517857142857143,0.171875,0.3205357142857143
0.25055728934462773,0.24966562639322337,0.1761034329023629,0.323673651359786
0.25442477876106195,0.2504424778761062,0.1752212389380531,0.3199115044247788
0.254207263064659,0.2533215234720992,0.17183348095659876,0.32063773250664307
0.2580502867225408,0.24834583149536832,0.17468019408910454,0.31892368769298635
0.25757575757575757,0.24688057040998218,0.17647058823529413,0.31907308377896615
0.25419240953221534,0.24492497793468668,0.176522506619594,0.32436010591350395
0.2524314765694076,0.24491600353669318,0.18213969938107868,0.32051282051282054
0.252863436123348,0.25022026431718064,0.17709251101321585,0.3198237885462555
0.25122713074520303,0.25479696564033916,0.17224453369031684,0.32173136992414103
0.2574823943661972,0.24955985915492956,0.17077464788732394,0.3221830985915493
0.25440917107583777,0.25617283950617287,0.16887125220458554,0.3205467372134039
0.2534582775546631,0.25881302989736726,0.1651048639000446,0.32262382864792505
0.2601410934744268,0.25220458553791886,0.1657848324514991,0.3218694885361552
0.26299694189602446,0.254259501965924,0.16470074268239407,0.3180428134556575
0.2623524267599475,0.2540445999125492,0.16265850459116746,0.3209444687363358
0.2597345132743363,0.26017699115044246,0.1592920353982301,0.32079646017699115
0.2561511423550088,0.2609841827768014,0.163884007029877,0.3189806678383128
0.25980392156862747,0.2571301247771836,0.16755793226381463,0.3155080213903743
0.2554420257663261,0.2567747667703243,0.1692581075077743,0.3185250999555753
0.25838176128743856,0.2521233795261511,0.1667411712114439,0.32275368797496645
0.2607538802660754,0.24478935698447893,0.16452328159645233,0.32993348115299337
0.25829279080053075,0.24944714727996462,0.16585581601061478,0.3264042459088899
0.26136363636363635,0.2508741258741259,0.16433566433566432,0.32342657342657344
0.25629695095006627,0.2554131683605833,0.1657092355280601,0.3225806451612903
0.253315649867374,0.2541998231653404,0.16489832007073385,0.3275862068965517
0.256978289765175,0.256978289765175,0.16747895436420027,0.3185644661054497
0.25629695095006627,0.2602739726027397,0.1661511268228016,0.3172779496243924
0.2603160667251975,0.2515364354697103,0.16769095697980685,0.32045654082528535
0.2629955947136564,0.24845814977973568,0.16740088105726872,0.3211453744493392
0.2652613087395696,0.2490118577075099,0.16512955643390426,0.32059727711901626
0.27036547776309994,0.24526640246587406,0.16248348745046234,0.32188463232056364
0.2646033129904098,0.24716652136006975,0.16477768090671316,0.3234524847428073
0.26415929203539823,0.24557522123893805,0.1663716814159292,0.3238938053097345
0.2678100263852243,0.24626209322779244,0.16402814423922604,0.32189973614775724
0.2646288209606987,0.24585152838427948,0.1663755458515284,0.3231441048034934
0.2658000896458987,0.2478709099058718,0.1653966831017481,0.3209323173464814
0.267825311942959,0.24732620320855614,0.1657754010695187,0.31907308377896615
0.2690941385435169,0.2508880994671403,0.1625222024866785,0.3174955595026643
0.2699602999558888,0.2567269519188355,0.16100573445081606,0.3123070136744596
0.26660761736049604,0.2555358724534987,0.15987599645704162,0.3179805137289637
0.2661647475642161,0.26439326837909655,0.1682905225863596,0.30115146147032773
0.27232142857142855,0.26339285714285715,0.16205357142857144,0.30223214285714284
0.2738938053097345,0.2597345132743363,0.16238938053097346,0.30398230088495576
0.2787028921998247,0.25942156003505695,0.16345311130587203,0.29842243645924627
0.2790286975717439,0.26269315673289184,0.16114790286975716,0.29713024282560707
0.2802294792586055,0.263901147396293,0.15754633715798763,0.29832303618711387
0.28407079646017697,0.2592920353982301,0.15,0.3066371681415929
0.2860290877038343,0.2666372851476421,0.14411635081533716,0.3032172763331864
0.28970331588132636,0.2661431064572426,0.14397905759162305,0.30017452006980805
0.2860938883968113,0.26705048715677593,0.14348981399468555,0.30336581045172717
0.2831509846827133,0.2660831509846827,0.14792122538293218,0.3028446389496718
0.28603006189213087,0.26171529619805484,0.14677276746242263,0.30548187444739167
0.28224381625441697,0.267226148409894,0.14752650176678445,0.3030035335689046
0.2846458424989001,0.2652881654201496,0.1469423669159701,0.3031236251649802
0.2858411007545495,0.2658677319130049,0.1446959609409676,0.303595206391478
0.2839506172839506,0.27292768959435626,0.14417989417989419,0.29894179894179895
0.2850177304964539,0.26773049645390073,0.14583333333333334,0.30141843971631205
0.28051486906347095,0.2685308477585442,0.14558366622281402,0.30537061695517087
0.2813738441215324,0.2747688243064729,0.13870541611624834,0.3051519154557464
0.2838852097130243,0.27461368653421636,0.1421633554083885,0.2993377483443709
0.2812223206377325,0.2736935341009743,0.14393268379096547,0.30115146147032773
0.28180212014134276,0.2707597173144876,0.14796819787985865,0.299469964664311
0.28350970017636684,0.2707231040564374,0.14506172839506173,0.30070546737213405
0.2865961199294533,0.26675485008818345,0.1437389770723104,0.3029100529100529
0.28484054172127565,0.26780253385757974,0.14329401485364787,0.3040629095674967
0.28383128295254834,0.27152899824253074,0.14279437609841827,0.30184534270650265
0.28272251308900526,0.2700698080279232,0.14397905759162305,0.3032286212914485
0.2823788546255507,0.27268722466960355,0.1378854625550661,0.3070484581497797
0.2874834144183989,0.2724458204334365,0.13710747456877487,0.30296329057938964
0.28313518273888155,0.27388815499779834,0.13562307353588726,0.30735358872743285
0.27851458885941643,0.2749778956675508,0.13969938107869143,0.3068081343943413
0.2813738441215324,0.27917217084984586,0.13694407749889917,0.30250990752972257
0.2804931748128578,0.28401585204755614,0.1338617349185381,0.301629238221048
0.27420774647887325,0.289612676056338,0.136443661971831,0.29973591549295775
0.27518863737239235,0.28495339547270304,0.14247669773635152,0.29738126941855303
0.2795085563843791,0.2781921895568232,0.14436156208863538,0.29793769197016234
0.2832014072119613,0.2801231310466139,0.1442392260334213,0.29243623570800353
0.2869105332745703,0.2789775231379462,0.14103129131776113,0.29308065226972235
0.2864013992129427,0.28027984258854394,0.14167031045037168,0.2916484477481417
0.2842661965623623,0.27589246364037023,0.1397091229616571,0.3001322168356104
0.2796125055041832,0.28225451343020697,0.14090708938793484,0.29722589167767505
0.274835886214442,0.2814004376367615,0.14704595185995623,0.29671772428884025
0.27422956677087984,0.2836087539079946,0.14247431889236267,0.2996873604287628
0.2742857142857143,0.2857142857142857,0.14461538461538462,0.2953846153846154
0.2676118741692512,0.2906513070447497,0.1484271156402304,0.2933097031457687
0.26561125769569044,0.297273526824978,0.1424802110817942,0.29463500439753737
0.2634836427939876,0.29310344827586204,0.1419098143236074,0.3015030946065429
0.2694185530403906,0.2991566799822459,0.13936972924988902,0.2920550377274745
0.2671081677704194,0.2997792494481236,0.1421633554083885,0.29094922737306844
0.2702108963093146,0.2992091388400703,0.14235500878734622,0.28822495606326887
0.27296703296703295,0.3032967032967033,0.13802197802197802,0.2857142857142857
0.2659947414548642,0.30148992112182293,0.14241893076248904,0.2900964066608238
0.26033421284080915,0.3038698328935796,0.1455584872471416,0.29023746701846964
0.26243339253996445,0.3032859680284192,0.14653641207815277,0.2877442273534636
0.2639751552795031,0.3021295474711624,0.14374445430346053,0.290150842945874
0.2647317502198769,0.30562884784520666,0.14467897977132807,0.2849604221635884
0.2611209964412811,0.31005338078291816,0.14190391459074733,0.28692170818505336
0.26142355008787344,0.3132688927943761,0.14103690685413006,0.28427065026362036
0.25197541703248466,0.3160667251975417,0.1431079894644425,0.28884986830553117
0.25583443416996915,0.3152796125055042,0.14222809335094672,0.2866578599735799
0.255178492728074,0.31864257382106653,0.14191273688849715,0.2842661965623623
0.2592756183745583,0.3136042402826855,0.14443462897526502,0.2826855123674912
0.2688553682342502,0.3114463176574978,0.14285714285714285,0.27684117125110913
0.2712461470717745,0.30735358872743285,0.14927344782034346,0.27212681638044917
0.262071992976295,0.3033362598770852,0.15057067603160668,0.2840210711150132
0.2727272727272727,0.2978817299205649,0.14607237422771405,0.2833186231244484
0.26866990720282813,0.30004418912947417,0.14582412726469288,0.28546177640300485
0.2656319290465632,0.30199556541019956,0.1476718403547672,0.2847006651884701
0.265924276169265,0.3002227171492205,0.15055679287305124,0.28329621380846326
0.2652790079716563,0.3020372010628875,0.14968999114260406,0.28299379982285205
0.2560706401766004,0.30596026490066225,0.14966887417218544,0.2883002207505519
0.2639074321317312,0.2968402314196707,0.14686248331108145,0.2923898531375167
0.2604303908651735,0.3021519543258674,0.14317083882301274,0.29424681598594643
0.26282909415439537,0.30165104863900044,0.142793395805444,0.2927264614011602
0.25906277630415564,0.31432360742705573,0.13837312113174183,0.28824049513704686
0.2647577092511013,0.31277533039647576,0.13480176211453745,0.28766519823788544
0.2603757099169943,0.30930537352555704,0.13848842289209262,0.29183049366535607
0.265666372462489,0.30803177405119153,0.13901147396293026,0.2872903795233892
0.25188804975566415,0.3176366059529098,0.1408262994224789,0.28964904486894716
0.2526455026455027,0.3134920634920635,0.14329805996472664,0.29056437389770723
0.24559859154929578,0.3160211267605634,0.14348591549295775,0.2948943661971831
0.2460387323943662,0.31294014084507044,0.14524647887323944,0.29577464788732394
0.24757281553398058,0.3142100617828773,0.14872021182700795,0.28949691085613416
0.24911347517730498,0.3147163120567376,0.15115248226950354,0.2850177304964539
0.24468085106382978,0.3200354609929078,0.15336879432624115,0.28191489361702127
0.24923346473937802,0.31537450722733246,0.15856329391151994,0.2768287341217696
0.2503317116320212,0.31048208757187085,0.15701017249004864,0.28217602830605926
0.2533097969991174,0.3142100617828773,0.15048543689320387,0.2819947043248014
0.2533632286995516,0.31569506726457397,0.1493273542600897,0.28161434977578476
0.24934268185801928,0.32252410166520595,0.14986853637160386,0.2782646801051709
0.24966916629907365,0.3180414644905161,0.15350683722981914,0.2787825319805911
0.24956217162872155,0.31961471103327493,0.1510507880910683,0.2797723292469352
0.24358974358974358,0.32007073386383733,0.15207780725022105,0.28426171529619804
0.24866548042704625,0.3193950177935943,0.15169039145907473,0.2802491103202847
0.24271844660194175,0.3172992056487202,0.15489849955869373,0.2850838481906443
0.24026548672566372,0.3176991150442478,0.1561946902654867,0.28584070796460176
0.23671497584541062,0.31796223100570925,0.15502854633289415,0.2902942468159859
0.23043095866314864,0.31706244503078274,0.1600703605980651,0.29243623570800353
0.22359154929577466,0.3204225352112676,0.16329225352112675,0.292693661971831
0.22793148880105402,0.3153271848924023,0.15766359244620115,0.29907773386034253
0.22429078014184398,0.3204787234042553,0.1622340425531915,0.2929964539007092
0.22182942996022978,0.3247901016349978,0.16040653999116217,0.29297392841361025
0.2173721340388007,0.3218694885361552,0.16358024691358025,0.29717813051146386
0.21796565389696168,0.31792162043152794,0.16556583003082342,0.2985468956406869
0.22019572953736655,0.3122775800711744,0.16725978647686832,0.30026690391459077
0.22025652366209642,0.3087129588677576,0.17027863777089783,0.3007518796992481
0.22652425456163774,0.30129060970182464,0.17133956386292834,0.3008455718736093
0.22978347326557666,0.30976579761378703,0.16482545293857712,0.2956252761820592
0.22821760283060594,0.30915524104378594,0.16718266253869968,0.29544449358690844
0.22080211546936976,0.3129131776112825,0.16747465843984133,0.2988100484795064
0.23049801674746584,0.3133539003966505,0.16483032172763332,0.2913177611282503
0.22759226713532513,0.31678383128295257,0.1665202108963093,0.28910369068541303
0.23053097345132742,0.30973451327433627,0.16371681415929204,0.2960176991150443
0.23131357806280406,0.3113666519239275,0.16408668730650156,0.2932330827067669
0.23165851489550912,0.32325477990217877,0.16362827923521564,0.28145842596709647
0.2339103417665335,0.32134931202840655,0.16822015090989792,0.27652019529516203
0.22841965471447542,0.32492253209384686,0.16733067729083664,0.2793271359008411
0.2333480370533745,0.3281870313189237,0.16850463167181298,0.2699602999558888
0.23251670378619155,0.32962138084632514,0.16525612472160356,0.27260579064587975
0.23414634146341465,0.32416851441241684,0.1662971175166297,0.2753880266075388
0.233392382639504,0.32196634189548273,0.16740478299379982,0.27723649247121346
0.23524189968930315,0.32401242787394585,0.16688859298712827,0.27385707944962273
0.22335249889429457,0.32861565678903143,0.17116320212295444,0.2768686421937196
0.22596153846153846,0.32604895104895104,0.17089160839160839,0.2770979020979021
0.22335249889429457,0.32242370632463513,0.17293233082706766,0.2812914639540027
0.23192239858906524,0.3134920634920635,0.17680776014109348,0.2777777777777778
0.23539745278875715,0.3157663592446201,0.17479139218269654,0.2740447957839262
0.2405848471422242,0.31191847585290206,0.17589720868409392,0.2715994683207798
0.242756804214223,0.3125548726953468,0.1742756804214223,0.2704126426690079
0.24544241885282347,0.31213872832369943,0.16496220542463316,0.2774566473988439
0.24049513704686118,0.3147656940760389,0.16976127320954906,0.2749778956675508
0.23941798941798942,0.3165784832451499,0.16666666666666666,0.27733686067019403
0.24101665205959685,0.3141980718667835,0.1691498685363716,0.275635407537248
0.2379903040987219,0.31776112825033054,0.1745262230057294,0.26972234464521816
0.23544973544973544,0.3218694885361552,0.17328042328042328,0.26940035273368607
0.23343571741992103,0.31592803861342694,0.17770952172005267,0.27292672224659936
0.23584485064645563,0.31475702184574234,0.17833259028087384,0.2710655372269282
0.23707274320771254,0.3141980718667835,0.1831726555652936,0.26555652936021035
0.23592017738359203,0.31263858093126384,0.1835920177383592,0.2678492239467849
0.24081451969898185,0.31208499335989376,0.18105356352368304,0.26604692341744135
0.2268870031263957,0.3086199196069674,0.18713711478338543,0.27735596248325145
0.22978910369068542,0.3062390158172232,0.18760984182776802,0.27636203866432335
0.2267313630348478,0.3065725628584032,0.18879576532862816,0.2779003087781209
0.22980812137438644,0.31236055332440876,0.19053993752788934,0.26729138777331546
0.2339103417665335,0.303595206391478,0.1904127829560586,0.2720816688859299
0.2345132743362832,0.2960176991150443,0.1911504424778761,0.27831858407079646
0.23301393728222997,0.29442508710801396,0.19076655052264807,0.281794425087108
0.22839506172839505,0.2914462081128748,0.19223985890652556,0.2879188712522046
0.2288623284639221,0.29437804338202744,0.19477644975652944,0.281983178397521
0.22857142857142856,0.2953846153846154,0.1912087912087912,0.28483516483516486
0.23154657293497363,0.28778558875219684,0.19288224956063268,0.28778558875219684
0.22686832740213522,0.29092526690391457,0.19395017793594305,0.28825622775800713
0.22852081488042517,0.29805137289636846,0.19309123117803365,0.28033658104517273
0.23141592920353982,0.2911504424778761,0.19734513274336282,0.28008849557522125
0.2291296625222025,0.2912966252220249,0.1980461811722913,0.28152753108348133
0.2323943661971831,0.29797535211267606,0.19410211267605634,0.2755281690140845
0.23080298376480912,0.29223343571741994,0.20052654673102238,0.27643703378674855
0.23444347063978965,0.2852760736196319,0.19894829097283084,0.2813321647677476
0.23016220955721176,0.28540113985094256,0.1968434896975011,0.2875931608943446
0.2263064658990257,0.29052258635961026,0.1979627989371125,0.28520814880425155
0.2356828193832599,0.28986784140969163,0.19030837004405288,0.2841409691629956
0.2351111111111111,0.2897777777777778,0.18666666666666668,0.28844444444444445
0.23306948109058928,0.2880386983289358,0.18425681618293754,0.29463500439753737
0.236347750109218,0.2870249017038008,0.18392311052861512,0.2927042376583661
0.23895759717314488,0.284452296819788,0.18507067137809188,0.2915194346289753
0.23883237505528526,0.28040689960194604,0.18664307828394516,0.29411764705882354
0.24008810572687225,0.28370044052863436,0.1841409691629956,0.2920704845814978
0.23788350377945755,0.28857269897732324,0.17874610938194754,0.2947976878612717
0.23955555555555555,0.2871111111111111,0.1817777777777778,0.29155555555555557
0.23202470224966917,0.2853992059991178,0.19144243493603882,0.2911336568151742
0.23005729396209784,0.28029969149405026,0.19083296606434552,0.2988100484795064
0.22937803264225848,0.2814292015880018,0.1945302161446846,0.2946625496250551
0.2345679012345679,0.27557319223985893,0.19135802469135801,0.2985008818342152
0.23090507726269316,0.27593818984547464,0.19381898454746138,0.2993377483443709
0.23175586023883238,0.27952233524988945,0.189296771340115,0.2994250331711632
0.23844812554489975,0.2728857890148213,0.1913687881429817,0.2972972972972973
0.2367957746478873,0.27596830985915494,0.19058098591549297,0.2966549295774648
0.23418277680140598,0.27768014059753954,0.18936731107205623,0.29876977152899825
0.23913997367266346,0.2803861342694164,0.1851689337428697,0.29530495831505044
0.23519009725906279,0.27851458885941643,0.1892130857648099,0.29708222811671087
0.22950819672131148,0.28400531679220203,0.19051838723969872,0.2959680992467878
0.2333767926988266,0.2850934376358105,0.18861364624076488,0.292916123424598
0.239442751414889,0.28558989986939487,0.18154114061819765,0.2934262080975185
0.2398049645390071,0.28679078014184395,0.18572695035460993,0.287677304964539
0.24646017699115044,0.27920353982300883,0.1831858407079646,0.2911504424778761
0.245792736935341,0.2807794508414526,0.18423383525243578,0.2891939769707706
0.24319578577699735,0.28665496049165934,0.18129938542581212,0.28884986830553117
0.2403888643393725,0.2819266460450729,0.1873619089703933,0.2903225806451613
0.24194260485651214,0.2768211920529801,0.18675496688741722,0.2944812362030905
0.24911660777385158,0.27296819787985865,0.1872791519434629,0.29063604240282687
0.25265486725663716,0.27168141592920353,0.18539823008849557,0.2902654867256637
0.2570671378091873,0.2663427561837456,0.18330388692579505,0.29328621908127206
0.2569048662867163,0.265234546251644,0.18763700131521263,0.290223586146427
0.25976909413854354,0.2619893428063943,0.19005328596802842,0.28818827708703376
0.26060070671378094,0.26148409893992935,0.19346289752650175,0.284452296819788
