R,A,S,N
0.0,0.0,1.0,0.0
0.3333333333333333,0.0,0.6666666666666666,0.0
0.2222222222222222,0.0,0.7777777777777778,0.0
0.11764705882352941,0.17647058823529413,0.7058823529411765,0.0
0.16129032258064516,0.16129032258064516,0.6774193548387096,0.0
0.17391304347826086,0.15217391304347827,0.6304347826086957,0.043478260869565216
0.19117647058823528,0.17647058823529413,0.5735294117647058,0.058823529411764705
0.22916666666666666,0.21875,0.4791666666666667,0.07291666666666667
0.22666666666666666,0.22,0.4866666666666667,0.06666666666666667
0.22797927461139897,0.24870466321243523,0.44041450777202074,0.08290155440414508
0.23308270676691728,0.2518796992481203,0.42857142857142855,0.08646616541353383
0.23579545454545456,0.24147727272727273,0.40625,0.11647727272727272
0.2511415525114155,0.23972602739726026,0.3744292237442922,0.13470319634703196
0.25794392523364484,0.23177570093457944,0.35514018691588783,0.15514018691588785
0.25987841945288753,0.23404255319148937,0.34498480243161095,0.16109422492401215
0.2532299741602067,0.23126614987080105,0.3449612403100775,0.17054263565891473
0.25053763440860216,0.23333333333333334,0.3387096774193548,0.1774193548387097
0.2588785046728972,0.22242990654205608,0.3317757009345794,0.18691588785046728
0.26062091503267976,0.22058823529411764,0.3341503267973856,0.184640522875817
0.26160648489314664,0.22991893883566691,0.33308769344141487,0.17538688282977155
0.2447089947089947,0.23875661375661375,0.34523809523809523,0.1712962962962963
0.23698714023270054,0.24372320881812615,0.3392529087568892,0.18003674219228413
0.23609534619750283,0.24517593643586832,0.340522133938706,0.1782065834279228
0.23617820719269994,0.23671497584541062,0.34728931830381105,0.17981749865807836
0.22835443037974684,0.24556962025316456,0.3448101265822785,0.18126582278481013
0.22693997071742314,0.25085407515861396,0.33577354807223037,0.18643240605173256
0.22662889518413598,0.2563739376770538,0.3305004721435316,0.18649669499527857
0.2187214611872146,0.2589041095890411,0.33287671232876714,0.18949771689497716
0.22347122302158273,0.25089928057553956,0.329136690647482,0.19649280575539568
0.22731316725978648,0.2531138790035587,0.3251779359430605,0.1943950177935943
0.22683142100617829,0.2599293909973522,0.3181818181818182,0.19505736981465135
0.22319859402460457,0.2587873462214411,0.3181019332161687,0.1999121265377856
0.22012302284710017,0.2552724077328647,0.3260105448154657,0.19859402460456943
0.22125435540069685,0.2617595818815331,0.31794425087108014,0.1990418118466899
0.22251891410769917,0.2607921673342234,0.3226524254561638,0.19403649310191368
0.22695346795434593,0.26163301141352063,0.3160667251975417,0.19534679543459174
0.2329192546583851,0.25865128660159714,0.3149955634427684,0.19343389529724933
0.23100303951367782,0.26356925749023014,0.30742509769865395,0.19800260529743813
0.23261915172715347,0.25972890249234803,0.3095758635767381,0.19807608220376038
0.2262902514336127,0.2602558447287164,0.30613145125716806,0.20732245258050286
0.2290845378887429,0.25711782742006134,0.3070521243977223,0.2067455102934735
0.23286467486818982,0.2631810193321617,0.29525483304042177,0.2086994727592267
0.2336156932679447,0.2652697280427998,0.2893446277307178,0.21176995095853768
0.2325684024713151,0.263901147396293,0.2908208296557811,0.21270962047661077
0.2357866901718819,0.25914499779638606,0.2961657117672984,0.20890260026443366
0.2321270962047661,0.264783759929391,0.29302736098852605,0.21006178287731686
0.23127753303964757,0.2669603524229075,0.2960352422907489,0.20572687224669603
0.2312062937062937,0.26573426573426573,0.2972027972027972,0.20585664335664336
0.23315602836879432,0.26640070921985815,0.2912234042553192,0.20921985815602837
0.22965244170699517,0.27276726792784867,0.2855257369115706,0.21205455345358556
0.22876106194690266,0.2685840707964602,0.2853982300884956,0.2172566371681416
0.22981914424349362,0.2721658579620644,0.2831936479929422,0.21482134980149978
0.2288623284639221,0.27047366091190794,0.28065515714918104,0.22000885347498894
0.22719298245614036,0.2706140350877193,0.28114035087719297,0.22105263157894736
0.22820849759088918,0.2794568550153307,0.2777047744196233,0.2146298729741568
0.2285336856010568,0.2800528401585205,0.27388815499779834,0.2175253192426244
0.22418358340688438,0.28111209179170343,0.2731685789938217,0.22153574580759047
0.22275922671353252,0.29130052724077327,0.2649384885764499,0.22100175746924428
0.22178477690288714,0.28565179352580927,0.26246719160104987,0.23009623797025372
0.22197802197802197,0.290989010989011,0.2571428571428571,0.22989010989010988
0.22633928571428572,0.28526785714285713,0.2625,0.22589285714285715
0.22386759581881532,0.2848432055749129,0.26785714285714285,0.22343205574912892
0.21951219512195122,0.2811529933481153,0.26962305986696233,0.22971175166297117
0.21397379912663755,0.2834061135371179,0.27074235807860264,0.2318777292576419
0.2171806167400881,0.28325991189427313,0.27048458149779736,0.2290748898678414
0.22284969591659426,0.2832319721980886,0.26411815812337097,0.22980017376194614
0.21790393013100437,0.2847161572052402,0.2668122270742358,0.23056768558951965
0.22295514511873352,0.2862796833773087,0.26649076517150394,0.22427440633245382
0.2235397452788757,0.2885375494071146,0.26130873956960915,0.22661396574440051
0.22593406593406593,0.2887912087912088,0.2571428571428571,0.22813186813186814
0.22310756972111553,0.2912793271359008,0.26117751217352814,0.2244355909694555
0.21955555555555556,0.2951111111111111,0.2577777777777778,0.22755555555555557
0.22261328640563133,0.2886053673559173,0.25384953805543337,0.23493180818301804
0.22607550482879718,0.28884986830553117,0.2528533801580334,0.23222124670763827
0.22996057818659657,0.287341217696014,0.25317564607971965,0.22952255803766974
0.22641509433962265,0.29091706888986396,0.24879333040807372,0.23387450636243967
0.22532093846834883,0.2886232846392209,0.2456839309428951,0.2403718459495352
0.22503328894806923,0.29072347980470487,0.24145583666222814,0.2427873945849978
0.2256500661084178,0.2966064345526664,0.23314235345967388,0.24460114587924195
0.22567922874671342,0.2887817703768624,0.2357581069237511,0.24978089395267308
0.22968197879858657,0.2879858657243816,0.23719081272084805,0.24514134275618374
0.22860903905221588,0.2891619131197894,0.23519087318999563,0.24703817463799913
0.2307017543859649,0.28596491228070176,0.23640350877192984,0.2469298245614035
0.23026315789473684,0.2885964912280702,0.23728070175438595,0.24385964912280703
0.22421328671328672,0.28715034965034963,0.24125874125874125,0.24737762237762237
0.21997360316761988,0.28508578970523535,0.2402111746590409,0.2547294324681038
0.22463447053610988,0.28444838280903856,0.2361541869738591,0.25476295968099244
0.22188183807439826,0.29059080962800876,0.22800875273522975,0.25951859956236323
0.2180284191829485,0.28374777975133214,0.23490230905861456,0.2633214920071048
0.21865376154861416,0.28684557853057635,0.23185217773867137,0.26264848218213815
0.21268163804491413,0.28401585204755614,0.23337736679876706,0.26992514310876264
0.21147110332749564,0.29071803852889666,0.2276707530647986,0.2701401050788091
0.21521739130434783,0.28782608695652173,0.22608695652173913,0.2708695652173913
0.21303587051618547,0.28346456692913385,0.2279090113735783,0.2755905511811024
0.21299956082564778,0.2889767237593325,0.22573561703996486,0.2722880983750549
0.21506312581628212,0.2890727035263387,0.22289943404440574,0.27296473661297344
0.22153846153846155,0.28307692307692306,0.2246153846153846,0.27076923076923076
0.21887287024901703,0.291393621668851,0.2219309742245522,0.26780253385757974
0.21127385707944962,0.29782512205947625,0.22503328894806923,0.2658677319130049
0.20892857142857144,0.3044642857142857,0.221875,0.26473214285714286
0.21197339246119734,0.30199556541019956,0.22084257206208427,0.26518847006651886
0.2120682116309576,0.29470922606034106,0.22212505465675558,0.2710975076519458
0.21434859154929578,0.29973591549295775,0.21566901408450703,0.27024647887323944
0.21739130434782608,0.3039086517347387,0.21080368906455862,0.2678963548528766
0.2144760213143872,0.29618117229129665,0.21891651865008882,0.27042628774422733
0.20794701986754968,0.2997792494481236,0.22030905077262694,0.27196467991169976
0.21052631578947367,0.3026315789473684,0.21578947368421053,0.2710526315789474
0.20244862264975952,0.2986445124617403,0.2186270222999563,0.28027984258854394
0.20802115469369767,0.30453944468929045,0.20978404583516969,0.2776553547818422
0.2122929380993897,0.30340017436791633,0.2048823016564952,0.2794245858761988
0.21479500891265596,0.303475935828877,0.20276292335115864,0.2789661319073084
0.21441202475685234,0.3032714412024757,0.20468611847922194,0.27763041556145
0.21123693379790942,0.3074912891986063,0.20078397212543553,0.2804878048780488
0.2128691053327457,0.30718378140149843,0.20405464962538564,0.27589246364037023
0.21234676007005254,0.3156742556917688,0.20140105078809106,0.27057793345008757
0.21236203090507727,0.3108167770419426,0.19955849889624724,0.2772626931567329
0.21368653421633554,0.31390728476821195,0.2,0.27240618101545255
0.2145041502839668,0.31105286151157713,0.19746614242027086,0.27697684578418524
0.218435998252512,0.3132372214941022,0.18785495849716033,0.2804718217562254
0.22900088417329797,0.30857648099027407,0.1856763925729443,0.27674624226348365
0.2279541446208113,0.31128747795414463,0.18783068783068782,0.27292768959435626
0.2275132275132275,0.30511463844797176,0.1882716049382716,0.2791005291005291
0.22469458987783594,0.3080279232111693,0.18368237347294938,0.2835951134380454
0.2309722833260009,0.3084029916410031,0.18213814342278928,0.2784865816102068
0.2275132275132275,0.3148148148148148,0.18253968253968253,0.2751322751322751
0.23248686514886166,0.3178633975481611,0.17644483362521893,0.2732049036777583
0.23252747252747252,0.31076923076923074,0.17846153846153845,0.27824175824175823
0.2310405643738977,0.31613756613756616,0.17063492063492064,0.2821869488536155
0.22920353982300884,0.3101769911504425,0.17831858407079645,0.28230088495575223
0.22638146167557932,0.30793226381461675,0.17647058823529413,0.28921568627450983
0.2247686205376818,0.3089466725429705,0.17011899515204937,0.2961657117672984
0.2329069254521394,0.30569033965593295,0.17423908248786943,0.2871636524040582
0.23056300268096513,0.3042895442359249,0.17292225201072386,0.29222520107238603
0.23645970937912814,0.30603258476442097,0.1686481726111845,0.2888595332452664
0.23182624113475178,0.30851063829787234,0.16578014184397163,0.29388297872340424
0.23387450636243967,0.3080298376480913,0.1671785870996051,0.29091706888986396
0.2343132953049583,0.307152259763054,0.16498464238701185,0.29354980254497587
0.23469837076177896,0.30823425803610743,0.1686481726111845,0.2884191985909291
0.23567993003935286,0.3104503716659379,0.16528202885876694,0.2885876694359423
0.2404897245299519,0.30782684739833843,0.16878006121556624,0.2829033668561434
0.24153101627804663,0.31016278046634405,0.16498020237571492,0.2833260008798944
0.24154589371980675,0.3184014053579271,0.1598594642072903,0.28019323671497587
0.24288256227758007,0.3140569395017794,0.1601423487544484,0.28291814946619215
0.23599470666078518,0.3162770180855756,0.16409351565946184,0.28363475959417733
0.23698146513680493,0.31509267431597526,0.1646072374227714,0.2833186231244484
0.2314487632508834,0.31448763250883394,0.16431095406360424,0.28975265017667845
0.23713154421469423,0.3224813022437307,0.15882094148702156,0.28156621205455346
0.2384918895221394,0.3222270933800965,0.1578255151249452,0.28145550197281893
0.24214659685863874,0.31893542757417104,0.15575916230366493,0.2831588132635253
0.24933569530558017,0.31443755535872453,0.15721877767936226,0.27900797165633306
0.2461605967529618,0.3119789381307591,0.16103554190434402,0.2808249232119351
0.24923076923076923,0.3156043956043956,0.15736263736263736,0.2778021978021978
0.247682119205298,0.31346578366445915,0.1545253863134658,0.284326710816777
0.24747252747252746,0.32043956043956046,0.15252747252747254,0.2795604395604396
0.2514310876265962,0.3108762659621312,0.15984147952443858,0.277851166886834
0.25241016652059595,0.3133216476774759,0.15600350569675722,0.2782646801051709
0.2556818181818182,0.3159965034965035,0.1520979020979021,0.2762237762237762
0.2506619593998235,0.31641659311562226,0.1526919682259488,0.2802294792586055
0.25,0.32073813708260107,0.15289982425307558,0.27636203866432335
0.2526362038664323,0.3224956063268893,0.14850615114235502,0.27636203866432335
0.25488454706927177,0.3219360568383659,0.15230905861456484,0.27087033747779754
0.2556390977443609,0.31932773109243695,0.14993365767359576,0.2750995134896064
0.25583443416996915,0.31616028181417877,0.14927344782034346,0.27873183619550856
0.2548330404217926,0.3185413005272408,0.14938488576449913,0.2772407732864675
0.25868210151380233,0.31834372217275153,0.1491540516473731,0.27382012466607303
0.25512021371326804,0.3201246660730187,0.15004452359750667,0.2747105966162066
0.2478031634446397,0.3194200351493849,0.15202108963093147,0.28075571177504394
0.2479010163499779,0.311533362792753,0.15554573574900574,0.28501988510826337
0.24801762114537446,0.3158590308370044,0.15594713656387665,0.2801762114537445
0.2503276539973788,0.3162953254696374,0.15552643075578856,0.2778505897771953
0.2469458987783595,0.3171902268760908,0.1505235602094241,0.28534031413612565
0.2471264367816092,0.3169761273209549,0.15251989389920426,0.2833775419982317
0.2469244288224956,0.3220562390158172,0.14938488576449913,0.28163444639718804
0.2497789566755084,0.3138815207780725,0.14588859416445624,0.29045092838196285
0.2454585733274258,0.3136907399202481,0.1484271156402304,0.2924235711120957
0.23966578715919085,0.32145998240985046,0.1503957783641161,0.2884784520668426
0.2362998684787374,0.3292415607189829,0.15212626041209995,0.28233231039017975
0.23542402826855124,0.32332155477031804,0.15547703180212014,0.2857773851590106
0.24150110375275938,0.3236203090507726,0.15496688741721854,0.27991169977924946
0.2409428197293758,0.32431252728066345,0.15757311217808817,0.27717154081187256
0.24136403897254208,0.3237378210806023,0.1563330380868025,0.2785651018600531
0.24231782265144863,0.3208955223880597,0.15803336259877085,0.2787532923617208
0.24391323594510844,0.3187250996015936,0.15891987605135016,0.2784417884019478
0.2460456942003515,0.31766256590509667,0.15597539543057998,0.28031634446397186
0.2416077738515901,0.32420494699646646,0.1519434628975265,0.28224381625441697
0.24128804587560654,0.3202470224966917,0.15306572562858403,0.2853992059991178
0.24464285714285713,0.32723214285714286,0.153125,0.275
0.23896898208824816,0.32284840541721277,0.16076889471384884,0.27741371778069024
0.23897707231040563,0.3262786596119929,0.15784832451499117,0.2768959435626102
0.23790677220756376,0.3258575197889182,0.15611257695690414,0.2801231310466139
0.23817940786566505,0.32832523199292973,0.15687140963323024,0.276623950508175
0.2392449517120281,0.3257243195785777,0.15715539947322213,0.2778753292361721
0.23699421965317918,0.33036905291240554,0.15384615384615385,0.2787905735882614
0.23611718408395277,0.32313073895933536,0.1530389156099694,0.28771316134674246
0.2392449517120281,0.32660228270412645,0.15013169446883232,0.2840210711150132
0.23809523809523808,0.32983835736129313,0.15203145478374835,0.2800349497597204
0.23943661971830985,0.3296654929577465,0.15140845070422534,0.2794894366197183
0.23285841495992876,0.3325912733748887,0.15360641139804096,0.2809439002671416
0.2364358182620203,0.329510366122629,0.16100573445081606,0.2730480811645346
0.23299692847740236,0.32689776217639316,0.1645458534444932,0.27555945590171127
0.23467600700525393,0.3274956217162872,0.1659369527145359,0.27189141856392296
0.23503325942350334,0.32195121951219513,0.1631929046563193,0.2798226164079823
0.2251655629139073,0.32980132450331123,0.1673289183222958,0.27770419426048565
0.22635726795096323,0.3331873905429072,0.16856392294220665,0.27189141856392296
0.22572178477690288,0.3289588801399825,0.16929133858267717,0.27602799650043747
0.2326297273526825,0.33157431838170626,0.16578715919085313,0.2700087950747581
0.22932166301969364,0.33435448577680527,0.16717724288840263,0.26914660831509846
0.22657281126264847,0.33479982402111746,0.1658600967883854,0.27276726792784867
0.22995594713656387,0.3383259911894273,0.16255506607929515,0.2691629955947137
0.22417582417582418,0.3362637362637363,0.1665934065934066,0.27296703296703295
0.23090586145648312,0.3321492007104796,0.17229129662522202,0.26465364120781526
0.2292768959435626,0.33201058201058203,0.1662257495590829,0.2724867724867725
0.22870939420544337,0.33362598770851626,0.16154521510096576,0.27611940298507465
0.22934158197083518,0.32655766681396375,0.1657092355280601,0.278391515687141
0.2344095532950022,0.32507739938080493,0.16231755860238833,0.2781954887218045
0.2357830271216098,0.32764654418197725,0.16010498687664043,0.2764654418197725
0.2382847038019452,0.3244916003536693,0.15738284703801944,0.27984084880636606
0.24017467248908297,0.32183406113537116,0.15109170305676856,0.2868995633187773
0.2429781542576906,0.31475702184574234,0.15470352206865803,0.28756130182790907
0.2383053839364519,0.31862312444836716,0.15666372462488967,0.28640776699029125
0.24098504837291118,0.3153034300791557,0.15743183817062445,0.2862796833773087
0.23954205195948922,0.3130779392338177,0.16116248348745046,0.2862175253192426
0.24344735673034207,0.3185250999555753,0.15992892047978677,0.27809862283429587
0.23371478873239437,0.3221830985915493,0.16329225352112675,0.28080985915492956
0.23238512035010941,0.32210065645514224,0.15973741794310722,0.2857768052516411
0.23117803365810452,0.3317094774136404,0.16031886625332153,0.27679362267493357
0.22799295774647887,0.3305457746478873,0.16285211267605634,0.27860915492957744
0.228270412642669,0.33318700614574187,0.16549604916593502,0.2730465320456541
0.2263986013986014,0.33784965034965037,0.16346153846153846,0.2722902097902098
0.21971706454465076,0.34350132625994695,0.16622458001768348,0.27055702917771884
0.22266139657444006,0.3407992973210365,0.1629336846728151,0.2736056214317084
0.21908127208480566,0.3493816254416961,0.16342756183745583,0.2681095406360424
0.21372031662269128,0.34784520668425684,0.16358839050131926,0.2748460861917326
0.21006178287731686,0.35083848190644307,0.16593115622241836,0.2731685789938217
0.20525378450578807,0.354853072128228,0.1642920747996438,0.27560106856634015
0.21004366812227074,0.3537117903930131,0.16768558951965065,0.2685589519650655
0.20709534368070953,0.3485587583148559,0.17161862527716187,0.2727272727272727
0.20838794233289645,0.345565749235474,0.16775884665792923,0.2782874617737003
0.20939420544337137,0.34416154521510095,0.1694468832309043,0.27699736611062337
0.20871862615587847,0.3469837076177895,0.17173051519154559,0.27256715103478646
0.20202911336568152,0.34847816497573886,0.17468019408910454,0.27481252756947505
0.20292423571112095,0.34692069118298624,0.1696942844483828,0.28046078865750995
0.20061457418788411,0.3476733977172959,0.1769095697980685,0.27480245829675154
0.20158450704225353,0.3419894366197183,0.17209507042253522,0.28433098591549294
0.20550377274744785,0.3382157123834887,0.18064802485574788,0.2756324900133156
0.20436681222707423,0.3296943231441048,0.1799126637554585,0.28602620087336245
0.21156373193166886,0.3293911519929917,0.17433201927288655,0.28471309680245294
0.20962047661076788,0.3358340688437776,0.17563989408649602,0.27890556045895853
0.20141969831410825,0.3398402839396628,0.17834960070984915,0.2803904170363798
0.20608695652173914,0.33695652173913043,0.17652173913043478,0.28043478260869564
0.20877192982456141,0.33245614035087717,0.17719298245614035,0.28157894736842104
0.20598591549295775,0.33846830985915494,0.17473591549295775,0.28080985915492956
0.21077792264232942,0.3389830508474576,0.17079530638852672,0.2794437201216862
0.21447368421052632,0.33421052631578946,0.16798245614035087,0.2833333333333333
0.2088495575221239,0.33761061946902654,0.16858407079646018,0.2849557522123894
0.21047996477322764,0.3381770145310436,0.17084984588287097,0.2804931748128578
0.21068769163381515,0.3407796758650898,0.173017958826106,0.27551467367498905
0.211037527593819,0.341280353200883,0.17350993377483442,0.27417218543046357
0.20774021352313168,0.34386120996441283,0.17660142348754448,0.27179715302491103
0.21087533156498675,0.34394341290893016,0.1781609195402299,0.26702033598585323
0.21992976294995611,0.3305531167690957,0.17383669885864794,0.27568042142230026
0.22173144876325088,0.3330388692579505,0.17270318021201414,0.27252650176678445
0.21478565179352582,0.3394575678040245,0.17585301837270342,0.2699037620297463
0.2071111111111111,0.34933333333333333,0.17466666666666666,0.2688888888888889
0.2096342551293488,0.33630686886708294,0.17796610169491525,0.276092774308653
0.20703472840605522,0.3334817453250223,0.18121104185218165,0.27827248441674085
0.21075644949715786,0.33012680367293396,0.18014866637516397,0.2789680804547442
0.21152993348115298,0.33170731707317075,0.18137472283813746,0.2753880266075388
0.21145374449339208,0.3365638766519824,0.17929515418502204,0.27268722466960355
0.21482134980149978,0.333480370533745,0.18041464490516101,0.27128363475959416
0.21676173760421238,0.3260201842913559,0.18034225537516455,0.2768758227292672
0.21560035056967572,0.3308501314636284,0.18141980718667836,0.2721297107800175
0.21217391304347827,0.33304347826086955,0.1865217391304348,0.2682608695652174
0.20977777777777779,0.32622222222222225,0.19111111111111112,0.2728888888888889
0.2151009657594381,0.3244073748902546,0.1922739244951712,0.26821773485513606
0.21312910284463896,0.3225382932166302,0.19474835886214442,0.26958424507658646
0.2157293497363796,0.31766256590509667,0.18804920913884007,0.27855887521968364
0.2103645147123408,0.31664470794905575,0.18928414580588493,0.28370663153271847
0.22071678321678323,0.3151223776223776,0.18356643356643357,0.28059440559440557
0.21428571428571427,0.3165784832451499,0.19091710758377425,0.27821869488536155
0.21576398062527521,0.32012329370321446,0.1919859092910612,0.27212681638044917
0.2117750439367311,0.31985940246045697,0.19420035149384884,0.2741652021089631
0.21328671328671328,0.3208041958041958,0.19187062937062938,0.27403846153846156
0.21602787456445993,0.3175087108013937,0.18858885017421603,0.2778745644599303
0.2191659272404614,0.3167701863354037,0.18322981366459629,0.2808340727595386
0.22197802197802197,0.31956043956043956,0.1810989010989011,0.2773626373626374
0.21927920104211898,0.3191489361702128,0.1862787668258793,0.27529309596178897
0.22251539138082674,0.3201407211961302,0.1820580474934037,0.2752858399296394
0.22100175746924428,0.3216168717047452,0.17486818980667837,0.28251318101933215
0.2223210315695865,0.3156958648288128,0.17741218319253002,0.28457092040907067
0.22427440633245382,0.31398416886543534,0.18249780123131046,0.27924362357080035
0.2274923144488362,0.3140096618357488,0.18357487922705315,0.27492314448836186
0.22948661693725317,0.31154014918824047,0.18736287845546293,0.27161035541904344
0.22333916083916083,0.3133741258741259,0.1896853146853147,0.2736013986013986
0.22079646017699114,0.32079646017699115,0.18849557522123894,0.26991150442477874
0.2166446499339498,0.3192426243945399,0.1933069132540731,0.27080581241743723
0.22469906375390103,0.32322781988408383,0.18635755684351316,0.265715559518502
0.22837066315327184,0.3197189284145806,0.18708827404479578,0.2648221343873518
0.23185840707964603,0.31371681415929203,0.1929203539823009,0.26150442477876107
0.23066725585505965,0.311533362792753,0.18824569155987628,0.2695536897923111
0.22819383259911893,0.31718061674008813,0.18854625550660792,0.26607929515418505
0.2268538832821413,0.31943835015357613,0.18867924528301888,0.2650285212812637
0.2205105633802817,0.32922535211267606,0.18441901408450703,0.2658450704225352
0.23211169284467714,0.3219895287958115,0.1863001745200698,0.25959860383944156
0.23087071240105542,0.3280562884784521,0.1838170624450308,0.25725593667546176
0.232773851590106,0.3286219081272085,0.18330388692579505,0.25530035335689044
0.23467137185707984,0.33083370092633435,0.18129686810763124,0.25319805910895454
0.2362924281984334,0.3320278503046127,0.1823324630113142,0.24934725848563968
0.2406764960971379,0.33304423243712056,0.18907198612315698,0.23720728534258456
0.24505059392872855,0.3251209854817422,0.18609766827980642,0.24373075230972283
0.23931247245482593,0.32304980167474656,0.19039224327897752,0.24724548259145
0.23921742996887504,0.32281013783903956,0.18497109826589594,0.2530013339261894
0.23923657345761207,0.32401242787394585,0.18597425654682645,0.2507767421216156
0.23734037868780272,0.32188463232056364,0.18229854689564068,0.25847644209599296
0.2421978021978022,0.3265934065934066,0.17714285714285713,0.2540659340659341
0.24483516483516485,0.3213186813186813,0.17626373626373626,0.25758241758241757
0.24370860927152319,0.3258278145695364,0.18233995584988963,0.24812362030905077
0.24846625766871167,0.3203330411919369,0.17879053461875546,0.25241016652059595
0.2403677758318739,0.3161120840630473,0.18257443082311733,0.2609457092819615
0.23633156966490299,0.3187830687830688,0.1763668430335097,0.26851851851851855
0.22862206468763846,0.31945059813912274,0.17634027470093044,0.27558706247230835
0.2326710816777042,0.31699779249448123,0.17483443708609273,0.27549668874172184
0.23423817863397547,0.318739054290718,0.1711908931698774,0.27583187390542907
0.23638778220451528,0.31651173085436035,0.17131474103585656,0.27578574590526783
0.23487858719646798,0.3125827814569536,0.1673289183222958,0.28520971302428255
0.23179396092362345,0.31527531083481347,0.16563055062166962,0.2873001776198934
0.2362758014931928,0.3157663592446201,0.1686429512516469,0.27931488801054016
0.23576158940397351,0.3147902869757174,0.16423841059602648,0.28520971302428255
0.23090507726269316,0.31125827814569534,0.16423841059602648,0.293598233995585
0.23421854592947322,0.31867653461036133,0.15585546364823682,0.2912494558119286
0.2306338028169014,0.3164612676056338,0.15889084507042253,0.29401408450704225
0.2322524101665206,0.3133216476774759,0.15775635407537247,0.29666958808063104
0.2368769298632554,0.3065725628584032,0.1561535068372298,0.3003970004411116
0.23623445825932504,0.3019538188277087,0.15896980461811722,0.302841918294849
0.22992056487202117,0.3089143865842895,0.1641659311562224,0.2969991173874669
0.23012736056214317,0.3096179183135705,0.1598594642072903,0.30039525691699603
0.22695035460992907,0.30806737588652483,0.16666666666666666,0.2983156028368794
0.23222124670763827,0.2976294995610184,0.16769095697980685,0.30245829675153646
0.23201754385964912,0.30394736842105263,0.16622807017543859,0.29780701754385963
0.22936576889661164,0.3062554300608167,0.1672458731537793,0.29713292788879236
0.22555066079295155,0.3013215859030837,0.17180616740088106,0.3013215859030837
0.22324966974900926,0.3047115808014091,0.1668868339938353,0.3051519154557464
0.22251195132551066,0.3020425901781834,0.1738374619730552,0.30160799652325077
0.22071083808688022,0.305835892935498,0.17244405440982888,0.3010092145677929
0.2236842105263158,0.3030701754385965,0.1692982456140351,0.30394736842105263
0.21991150442477875,0.3101769911504425,0.16991150442477876,0.3
0.21472663139329806,0.3152557319223986,0.16666666666666666,0.30335097001763667
0.21387790953008345,0.3140096618357488,0.16996047430830039,0.3021519543258674
0.20787262273330384,0.3082706766917293,0.17470145953118088,0.30915524104378594
0.21201413427561838,0.30874558303886923,0.17446996466431094,0.3047703180212014
0.20877192982456141,0.3105263157894737,0.1763157894736842,0.3043859649122807
0.21105748135146996,0.3049583150504607,0.18121983326020183,0.30276437033786746
0.20477664750110572,0.29765590446705,0.18443166740380362,0.3131357806280407
0.209741114523914,0.29530495831505044,0.1781483106625713,0.3168056164984642
0.2092511013215859,0.2973568281938326,0.18546255506607928,0.3079295154185022
0.22027204914436158,0.28521281263712156,0.18385256691531374,0.3106625713032032
0.21973684210526315,0.28157894736842104,0.18421052631578946,0.3144736842105263
0.22290748898678414,0.2801762114537445,0.18502202643171806,0.3118942731277533
0.2210065645514223,0.27833698030634574,0.18468271334792122,0.3159737417943107
0.22651448639157157,0.2778753292361721,0.18305531167690958,0.3125548726953468
0.22470433639947437,0.2851511169513798,0.18396846254927726,0.3061760840998686
0.22378236068451074,0.2891619131197894,0.17946467749012726,0.30759104870557263
0.22731239092495636,0.28534031413612565,0.17582897033158812,0.31151832460732987
0.2291849255039439,0.2813321647677476,0.1761612620508326,0.3133216476774759
0.22971781305114639,0.2861552028218695,0.1715167548500882,0.31261022927689597
0.22855879752431477,0.2864721485411141,0.16799292661361626,0.3169761273209549
0.2307017543859649,0.28421052631578947,0.17149122807017544,0.31359649122807015
0.22707231040564374,0.2892416225749559,0.1697530864197531,0.31393298059964725
0.23276240667545015,0.2894158981115503,0.16512955643390426,0.3126921387790953
0.23612334801762114,0.2907488986784141,0.16255506607929515,0.31057268722466963
0.23830345430695235,0.2977700043725404,0.160034980323568,0.3038915609969392
0.2402111746590409,0.29608446986361636,0.16234051913770348,0.30136383633963926
0.24197096348438188,0.2938847338319402,0.16014078310602728,0.3040035195776507
0.23820026466696073,0.29863255403617117,0.1623290692545214,0.30083811204234673
0.23380656610470274,0.29281277728482696,0.16459627329192547,0.3087843833185448
0.23878627968337732,0.2928759894459103,0.16358839050131926,0.30474934036939316
0.24353920280332894,0.2895313184406483,0.16819973718791065,0.2987297415681121
0.24395604395604395,0.29406593406593406,0.16483516483516483,0.29714285714285715
0.25043859649122807,0.29035087719298247,0.16228070175438597,0.2969298245614035
0.24509376362843435,0.291321412996075,0.1639773222852159,0.29960750109027473
0.24629468177855274,0.28945074106364427,0.16826503923278116,0.2959895379250218
0.2444933920704846,0.2933920704845815,0.16299559471365638,0.29911894273127754
0.239492119089317,0.2946584938704028,0.16987740805604204,0.29597197898423816
0.23987810187200698,0.2912494558119286,0.17022202873313017,0.29865041358293426
0.2393617021276596,0.28856382978723405,0.1702127659574468,0.30186170212765956
0.23803249890206413,0.2867808519982433,0.17215634606938954,0.30303030303030304
0.24266316250547526,0.2794568550153307,0.16995181778361804,0.307928164695576
0.24136423261915171,0.2794053344993441,0.1674682990817665,0.31176213379973766
0.24694055944055945,0.27972027972027974,0.16215034965034966,0.3111888111888112
0.24681598594642074,0.2784365393061045,0.16249451032059728,0.31225296442687744
0.2506573181419807,0.28089395267309375,0.16082383873794917,0.30762489044697633
0.24869565217391304,0.2791304347826087,0.16217391304347825,0.31
0.2545374059318282,0.27578574590526783,0.16334661354581673,0.3063302346170872
0.2577953447518665,0.28194993412384717,0.1572244180939833,0.30303030303030304
0.252863436123348,0.28370044052863436,0.1616740088105727,0.30176211453744495
0.2577680525164114,0.2831509846827133,0.1562363238512035,0.3028446389496718
0.2628345765686705,0.274681878016674,0.15884159719175076,0.3036419482229048
0.2548076923076923,0.27797202797202797,0.16083916083916083,0.3063811188811189
0.25981473312748127,0.2717247463608293,0.1658579620644023,0.3026025584472872
0.258121940364931,0.2794837561192701,0.16822429906542055,0.2941700044503783
0.25492772667542707,0.2794568550153307,0.16469557599649584,0.3009198423127464
0.25793650793650796,0.27821869488536155,0.167989417989418,0.2958553791887125
0.25768217734855137,0.2840210711150132,0.16856892010535557,0.2897278314310799
0.2575558475689882,0.2890932982917214,0.16381953569864213,0.2895313184406483
0.2596830985915493,0.2852112676056338,0.16461267605633803,0.2904929577464789
0.25735617039964864,0.2845849802371542,0.16644707949055776,0.2916117698726394
0.25824901011878576,0.27716673999120106,0.17157941047074352,0.2930048394192697
0.2517513134851138,0.2788966725043783,0.16987740805604204,0.29947460595446584
0.2512184315463004,0.281346920691183,0.1696942844483828,0.2977403633141338
0.25241864555848725,0.2884784520668426,0.1644678979771328,0.29463500439753737
0.25552608311229,0.28160919540229884,0.16622458001768348,0.29664014146772766
0.25995623632385123,0.2800875273522976,0.16673960612691466,0.29321663019693656
0.2636484687083888,0.28140257434531735,0.16600088770528185,0.28894806924101196
0.2622085349758029,0.28024637043554773,0.16454025516937967,0.2930048394192697
0.2662280701754386,0.27324561403508774,0.1692982456140351,0.2912280701754386
0.26353149955634425,0.277284826974268,0.16592724046140195,0.2932564330079858
0.26545936395759717,0.27164310954063603,0.16740282685512367,0.2954946996466431
0.2650334075723831,0.2779510022271715,0.1621380846325167,0.29487750556792874
0.26970770593445526,0.28742249778565104,0.1616474756421612,0.2812223206377325
0.26799116997792494,0.28874172185430463,0.16335540838852097,0.27991169977924946
0.2683905483727151,0.2866696388765047,0.1654034774855105,0.2795363352652697
0.26785714285714285,0.284375,0.17142857142857143,0.27633928571428573
0.2702702702702703,0.2877070619006103,0.16172624237140365,0.28029642545771577
0.27590730214254483,0.2824661128115435,0.1569742020113686,0.28465238303454304
0.2691131498470948,0.28658802970729574,0.16295325469637395,0.28134556574923547
0.27496700395952484,0.2864056313242411,0.1636603607567092,0.27496700395952484
0.27006651884700666,0.29223946784922394,0.1623059866962306,0.2753880266075388
0.2651284283848498,0.28558989986939487,0.16848062690465826,0.2808010448410971
0.25384953805543337,0.29608446986361636,0.17113946326440826,0.278926528816542
0.262621789193977,0.2838795394154119,0.17316209034543845,0.28033658104517273
0.2636443661971831,0.2790492957746479,0.1756161971830986,0.28169014084507044
0.262532981530343,0.27660510114335973,0.17634124890061564,0.28452066842568163
0.2572304995617879,0.2822085889570552,0.17002629272567923,0.29053461875547765
0.250330542089026,0.2794182459233142,0.1754076685764654,0.29484354341119434
0.2462817147856518,0.28346456692913385,0.1762904636920385,0.29396325459317585
0.2530647985989492,0.28327495621716287,0.1733800350262697,0.29028021015761823
0.2476983779044279,0.2766330556773345,0.18018412976764578,0.2954844366505918
0.24869565217391304,0.2747826086956522,0.17565217391304347,0.3008695652173913
0.24422735346358793,0.27797513321492007,0.1691829484902309,0.3086145648312611
0.2454585733274258,0.27957465662383696,0.17323881258307489,0.3017279574656624
0.24426807760141092,0.2786596119929453,0.17328042328042328,0.3037918871252205
0.2384310268840899,0.28250330542089025,0.17232260907888938,0.30674305861613044
0.24312333629103816,0.2826086956521739,0.16947648624667258,0.30479148181011534
0.23503521126760563,0.2887323943661972,0.17253521126760563,0.30369718309859156
0.2356043956043956,0.29010989010989013,0.16703296703296702,0.30725274725274726
0.23910171730515192,0.2857771906649053,0.166446499339498,0.3086745926904447
0.23547535211267606,0.2878521126760563,0.16593309859154928,0.3107394366197183
0.23454063604240283,0.28533568904593637,0.16298586572438162,0.31713780918727913
0.2390158172231986,0.28383128295254834,0.1634446397188049,0.31370826010544817
0.24250440917107582,0.27998236331569665,0.16005291005291006,0.31746031746031744
0.23669159700835898,0.2837659480862297,0.16234051913770348,0.3172019357677079
0.2383053839364519,0.2833186231244484,0.15975286849073256,0.31862312444836716
0.23972003499562555,0.28127734033245844,0.163167104111986,0.31583552055993
0.24152910512597742,0.2845351867940921,0.16116420503909643,0.31277150304083406
0.23583662714097497,0.2779973649538867,0.16952129995608256,0.31664470794905575
0.23826239578762615,0.27906976744186046,0.16761737604212373,0.31505046072838966
0.23459507042253522,0.28036971830985913,0.16857394366197184,0.3164612676056338
0.2357904085257549,0.2766429840142096,0.16873889875666073,0.3188277087033748
0.2346002621231979,0.27697684578418524,0.16994320664045434,0.31847968545216254
0.23026602703881377,0.27911033580462274,0.17313563017880507,0.3174880069777584
0.23405191377034756,0.27716673999120106,0.1781786185657721,0.31060272767267927
0.2362998684787374,0.27356422621657167,0.17536168347216133,0.31477422183252957
0.24026548672566372,0.270353982300885,0.1765486725663717,0.31283185840707967
0.2401402278702892,0.2738825591586328,0.1687116564417178,0.3172655565293602
0.24381625441696114,0.2703180212014134,0.17137809187279152,0.31448763250883394
0.24162257495590828,0.27116402116402116,0.16666666666666666,0.3205467372134039
0.24566859173700578,0.27276765881830295,0.16525988449577966,0.3163038649489116
0.24635761589403973,0.271523178807947,0.16379690949227374,0.3183222958057395
0.2446106467223933,0.2736471623405191,0.15794104707435108,0.32380114386273645
0.2429781542576906,0.2799821667409719,0.15782434239857335,0.31921533660276413
0.2493368700265252,0.2723253757736516,0.15605658709106984,0.3222811671087533
0.25209343323049804,0.26884089907448216,0.15293080652269722,0.3261348611723226
0.25719267654751526,0.2702702702702703,0.14864864864864866,0.3238884045335658
0.25958572058175405,0.26972234464521816,0.15249008373732922,0.31820185103569854
0.2571428571428571,0.26945054945054947,0.15252747252747254,0.3208791208791209
0.2582515611061552,0.2694023193577163,0.15477252453166815,0.3175735950044603
0.2606219886114761,0.26500219010074466,0.15724923346473937,0.3171265878230399
0.2581913499344692,0.2691131498470948,0.15858453473132372,0.31411096548711226
0.2559576345984113,0.2705207413945278,0.15754633715798763,0.3159752868490733
0.25768217734855137,0.26733977172958734,0.15539947322212466,0.31957857769973663
0.2507699076110867,0.2683677958644963,0.1535415750109987,0.3273207215134184
0.25239755884917175,0.27114210985178727,0.15387968613775066,0.3225806451612903
0.2575957727873184,0.27036547776309994,0.15323645970937913,0.3188022897402025
0.2458943630714603,0.2747447847314691,0.1584553928095872,0.3209054593874834
0.2469458987783595,0.2696335078534031,0.15924956369982549,0.3241710296684119
0.2468916518650089,0.2713143872113677,0.16474245115452932,0.31705150976909413
0.2531700918233494,0.2719720157411456,0.1609094884127678,0.3139484040227372
0.2490118577075099,0.2784365393061045,0.15810276679841898,0.3144488361879666
0.25491071428571427,0.2732142857142857,0.15625,0.315625
0.2566021126760563,0.2720070422535211,0.15536971830985916,0.3160211267605634
0.2563540753724803,0.2712532865907099,0.15074496056091147,0.32164767747589834
0.257243195785777,0.27348551360842843,0.14837576821773485,0.3208955223880597
0.2577953447518665,0.27053140096618356,0.1466842336407554,0.32498902064119456
0.26257722859664606,0.27140335392762577,0.1443071491615181,0.32171226831421007
0.26468010517090274,0.26993865030674846,0.14680105170902716,0.31858019281332167
0.2678963548528766,0.27009222661396576,0.14712340799297322,0.31488801054018445
0.26850635129215944,0.27025843188786686,0.14542268944371442,0.3158125273762593
0.2710074791025077,0.27056753189617244,0.15090189177298724,0.3075230972283326
0.2670780079330101,0.2723666813574262,0.15557514323490523,0.30498016747465845
0.2640176600441501,0.2693156732891832,0.15849889624724062,0.30816777041942606
0.2646928855501547,0.26601855943437913,0.15775519222271323,0.311533362792753
0.2642919964819701,0.2647317502198769,0.15699208443271767,0.31398416886543534
0.26605101143359716,0.2678100263852243,0.15127528583992964,0.3148636763412489
0.2678809418036428,0.26254997778764994,0.14926699244780098,0.32030208796090626
0.2600441501103753,0.27240618101545255,0.152317880794702,0.3152317880794702
0.2618101545253863,0.2693156732891832,0.15055187637969095,0.3183222958057395
0.26690234202386215,0.25939019001325675,0.1506849315068493,0.3230225364560318
0.26654898499558694,0.25728155339805825,0.1531332744924978,0.323036187113857
0.26587301587301587,0.2526455026455027,0.15476190476190477,0.32671957671957674
0.2600087989441267,0.2622085349758029,0.15750109986801583,0.32028156621205456
0.2617273125822008,0.2595352915387988,0.15124945199473916,0.3274879438842613
0.26420079260237783,0.2575957727873184,0.14883311316600617,0.3293703214442977
0.26407682234831953,0.25491051942383236,0.14753382802269752,0.33347883020515057
0.26037069726390116,0.25684024713150927,0.1500441306266549,0.3327449249779347
0.2596026490066225,0.2543046357615894,0.15055187637969095,0.3355408388520971
