R,A,S,N
1.0,0.0,0.0,0.0
0.3333333333333333,0.3333333333333333,0.0,0.3333333333333333
0.3,0.3,0.0,0.4
0.375,0.25,0.0,0.375
0.391304347826087,0.21739130434782608,0.08695652173913043,0.30434782608695654
0.38235294117647056,0.20588235294117646,0.14705882352941177,0.2647058823529412
0.38461538461538464,0.21153846153846154,0.1346153846153846,0.2692307692307692
0.3835616438356164,0.2328767123287671,0.1095890410958904,0.273972602739726
0.3942307692307692,0.2403846153846154,0.10576923076923077,0.25961538461538464
0.3591549295774648,0.2746478873239437,0.09154929577464789,0.2746478873239437
0.35789473684210527,0.2789473684210526,0.09473684210526316,0.26842105263157895
0.3142857142857143,0.3020408163265306,0.07755102040816327,0.30612244897959184
0.3181818181818182,0.288961038961039,0.08441558441558442,0.30844155844155846
0.3209549071618037,0.2891246684350133,0.08753315649867374,0.30238726790450926
0.29321663019693656,0.29978118161925604,0.08533916849015317,0.32166301969365424
0.2859744990892532,0.30783242258652094,0.08561020036429873,0.3205828779599271
0.2828438948995363,0.30602782071097373,0.08809891808346214,0.3230293663060278
0.2774798927613941,0.31233243967828417,0.08176943699731903,0.3284182305630027
0.2746478873239437,0.3215962441314554,0.07981220657276995,0.323943661971831
0.27477017364657813,0.32073544433094997,0.07967313585291114,0.32482124616956076
0.2627599243856333,0.3270321361058601,0.08128544423440454,0.32892249527410206
0.26131511528608026,0.32707087959009395,0.07941929974380871,0.33219470538001705
0.2656855151045701,0.3206816421378776,0.08210689388071263,0.33152594887683967
0.2607758620689655,0.3232758620689655,0.07974137931034483,0.33620689655172414
0.26112956810631227,0.32491694352159467,0.07906976744186046,0.33488372093023255
0.2576419213973799,0.33312538989394885,0.08109794135995009,0.32813474734872117
0.2609713282621416,0.3317729666471621,0.07606787595084845,0.33118782913984784
0.2615986584684181,0.33482392397987704,0.0810508664058133,0.32252655114589157
0.26441036488630354,0.3262823902696986,0.07667900581702802,0.33262823902696986
0.2614609571788413,0.3304785894206549,0.07607052896725441,0.3319899244332494
0.26405038759689925,0.33042635658914726,0.07800387596899225,0.32751937984496127
0.25957446808510637,0.32860520094562645,0.08226950354609928,0.3295508274231678
0.2606310013717421,0.33058984910836764,0.07956104252400549,0.3292181069958848
0.25719424460431656,0.3295863309352518,0.07688848920863309,0.3363309352517986
0.25290957923008056,0.3245299910474485,0.08325872873769025,0.3393017009847807
0.2552910052910053,0.3298059964726631,0.08333333333333333,0.3315696649029982
0.2527376259307928,0.32150678931230836,0.08366184844502847,0.34209373631187034
0.2601232394366197,0.3147007042253521,0.08362676056338028,0.3415492957746479
0.2565905096660808,0.30667838312829526,0.08567662565905097,0.3510544815465729
0.247450110864745,0.31840354767184037,0.08913525498891353,0.3450110864745011
0.2516469038208169,0.31796223100570925,0.09530083443126922,0.33509003074220467
0.2557218309859155,0.304137323943662,0.0977112676056338,0.34242957746478875
0.2527667109340416,0.3063302346170872,0.10004426737494466,0.34085878707392653
0.25154457193292146,0.3058252427184466,0.10503089143865843,0.3375992939099735
0.2515391380826737,0.3034300791556728,0.10466138962181179,0.3403693931398417
0.25733333333333336,0.2982222222222222,0.1,0.34444444444444444
0.25880281690140844,0.2970950704225352,0.10299295774647887,0.34110915492957744
0.2588699080157687,0.29303547963206306,0.10600087604029786,0.34209373631187034
0.2554711924966503,0.2943278249218401,0.10361768646717284,0.34658329611433675
0.2543507362784471,0.2940651494868362,0.107541276215975,0.34404283801874164
0.26001780943900266,0.2929652715939448,0.10596616206589493,0.3410507569011576
0.2553846153846154,0.2923076923076923,0.10857142857142857,0.34373626373626376
0.2558241758241758,0.28615384615384615,0.11384615384615385,0.34417582417582415
0.2580787959274015,0.28995130588756085,0.1133244798583444,0.3386454183266932
0.25935828877005346,0.285650623885918,0.10918003565062388,0.34581105169340465
0.26238938053097344,0.28407079646017697,0.1088495575221239,0.34469026548672566
0.2631348511383538,0.28021015761821366,0.11471103327495621,0.3419439579684764
0.25963668586619404,0.2857775808595481,0.11165263624280018,0.3429330970314577
0.25826355222565006,0.2882327016306743,0.11679153812252094,0.3367122080211547
0.26522506619594,0.2855251544571933,0.11429832303618712,0.33495145631067963
0.26666666666666666,0.28464912280701754,0.11359649122807018,0.3350877192982456
0.2612533097969991,0.28993821712268314,0.11650485436893204,0.3323036187113857
0.2680457746478873,0.2891725352112676,0.1113556338028169,0.3314260563380282
0.26790450928381965,0.28514588859416445,0.11582670203359859,0.3311229000884173
0.2658677319130049,0.29072347980470487,0.118508655126498,0.3249001331557923
0.26887417218543047,0.2763796909492274,0.12008830022075055,0.3346578366445916
0.2661113546690048,0.2775098640946953,0.12143796580447172,0.33494081543182813
0.26124945391000437,0.2822193097422455,0.1218872870249017,0.3346439493228484
0.2661613909942042,0.2741863575568435,0.12215782434239858,0.3374944271065537
0.2682280159080866,0.2691117984975696,0.1241714538223597,0.3384887317719841
0.2697921273772667,0.26713843432109685,0.1238390092879257,0.33923042901371075
0.2703900709219858,0.27393617021276595,0.11790780141843972,0.3377659574468085
0.26755555555555555,0.27466666666666667,0.11466666666666667,0.3431111111111111
0.26940035273368607,0.2707231040564374,0.11904761904761904,0.3408289241622575
0.27386262265834077,0.27074041034790364,0.11864406779661017,0.3367528991971454
0.27593818984547464,0.2706401766004415,0.11699779249448124,0.33642384105960266
0.2724485326325011,0.26982041173894,0.11607533946561542,0.3416557161629435
0.27939876215738285,0.2661361626878868,0.1184792219274978,0.3359858532272325
0.2806167400881057,0.27004405286343613,0.11894273127753303,0.3303964757709251
0.2803532008830022,0.26490066225165565,0.12097130242825607,0.3337748344370861
0.27994676131322094,0.26441881100266196,0.1188997338065661,0.336734693877551
0.2850089766606822,0.25493716337522443,0.1229802513464991,0.3370736086175943
0.2820061592608887,0.2564892212934448,0.1249450065992081,0.3365596128464584
0.28520971302428255,0.2578366445916115,0.12229580573951435,0.3346578366445916
0.28896828941491737,0.26574363555158553,0.12192943278249219,0.3233586422510049
0.2869796279893711,0.262621789193977,0.11780336581045173,0.33259521700620015
0.28167770419426047,0.2671081677704194,0.11832229580573951,0.3328918322295806
0.28211920529801326,0.27019867549668874,0.11611479028697572,0.3315673289183223
0.284452296819788,0.26325088339222613,0.11704946996466431,0.33524734982332155
0.28420123565754635,0.2621359223300971,0.11694616063548102,0.33671668137687555
0.28365384615384615,0.256993006993007,0.1201923076923077,0.33916083916083917
0.289544235924933,0.25335120643431636,0.12064343163538874,0.33646112600536193
0.28959074733096085,0.251779359430605,0.11877224199288257,0.3398576512455516
0.29188712522045857,0.2508818342151676,0.1164021164021164,0.3408289241622575
0.2898103220114689,0.24614027348919276,0.11865902073224525,0.3453903837670931
0.29367866549604915,0.24495171202809482,0.11984196663740122,0.3415276558384548
0.29590488771466317,0.23822104799647734,0.12241303390576838,0.34346103038309117
0.29414354909731394,0.2430647291941876,0.1215323645970938,0.34125935711140465
0.2917771883289125,0.2515473032714412,0.11626878868258178,0.34040671971706454
0.2963620230700976,0.2511091393078971,0.11756876663708962,0.3349600709849157
0.3007915567282322,0.24758135444151275,0.11917326297273527,0.3324538258575198
0.30097087378640774,0.25154457193292146,0.11915269196822595,0.3283318623124448
0.30580357142857145,0.24419642857142856,0.11830357142857142,0.33169642857142856
0.3059239610963749,0.2506631299734748,0.11715296198054818,0.32625994694960214
0.3089143865842895,0.24801412180052956,0.11871138570167697,0.32436010591350395
0.313386524822695,0.24645390070921985,0.12234042553191489,0.3178191489361702
0.3112087912087912,0.24923076923076923,0.12527472527472527,0.3142857142857143
0.3123893805309734,0.25088495575221237,0.12389380530973451,0.31283185840707967
0.3166961130742049,0.24425795053003532,0.125,0.31404593639575973
0.310013117621338,0.2431132487975514,0.12680367293397463,0.320069960647136
0.31864257382106653,0.24107536359629794,0.125165271044513,0.3151167915381225
0.3166592228673515,0.24877177311299686,0.12326931665922286,0.3112996873604288
0.32098765432098764,0.24162257495590828,0.12389770723104056,0.3134920634920635
0.32026431718061676,0.23083700440528634,0.1277533039647577,0.3211453744493392
0.30973451327433627,0.23584070796460177,0.1331858407079646,0.32123893805309733
0.3171265878230399,0.23390275952693823,0.1287779237844941,0.3201927288655278
0.32358156028368795,0.23315602836879432,0.1254432624113475,0.3178191489361702
0.32100396301188905,0.23161602818141788,0.12681638044914134,0.32056362835755176
0.32463511720477667,0.22865988500663423,0.124281291463954,0.32242370632463513
0.32876106194690263,0.22743362831858407,0.12699115044247788,0.3168141592920354
0.32495590828924165,0.23633156966490299,0.12786596119929453,0.31084656084656087
0.3262786596119929,0.23324514991181658,0.12742504409171077,0.31305114638447973
0.3179805137289637,0.23782108060230292,0.13197519929140833,0.3122232063773251
0.3243719700308506,0.23270163067430585,0.12604671661524902,0.31687968267959454
0.32713590084108013,0.23240371845949534,0.12527667109340415,0.3151837096060204
0.336115992970123,0.22891036906854131,0.12697715289982425,0.30799648506151145
0.3343736067766384,0.2255907267053054,0.13152028533214444,0.3085153811859117
0.341688654353562,0.22295514511873352,0.13280562884784522,0.30255057167985927
0.3400702987697715,0.22275922671353252,0.13005272407732865,0.3071177504393673
0.3413672217353199,0.2252410166520596,0.12489044697633654,0.30850131463628394
0.34172185430463575,0.22781456953642384,0.1280353200883002,0.30242825607064017
0.34574468085106386,0.2296099290780142,0.12234042553191489,0.30230496453900707
0.34613686534216337,0.2269315673289183,0.12406181015452539,0.30286975717439296
0.3465433729634522,0.2285336856010568,0.11889035667107001,0.30603258476442097
0.3425196850393701,0.2331583552055993,0.11504811898512686,0.3092738407699038
0.34601769911504426,0.23053097345132742,0.11460176991150442,0.3088495575221239
0.3389084507042254,0.23327464788732394,0.12059859154929578,0.30721830985915494
0.3386173491853809,0.23381770145310435,0.11977102597974461,0.30779392338177014
0.3348194382523406,0.23227819884083817,0.12171199286669639,0.31119037004012484
0.3414203793559771,0.22849580943978826,0.11954124393471548,0.3105425672695192
0.33818984547461367,0.22869757174392935,0.1262693156732892,0.3068432671081678
0.34265423879272083,0.2205947625388371,0.12827341322680869,0.3084775854416334
0.3416370106761566,0.22330960854092527,0.125,0.31005338078291816
0.35030728709394204,0.21685689201053557,0.12335381913959614,0.3094820017559263
0.349312028406569,0.21615623612960497,0.12516644474034622,0.3093652907234798
0.35079225352112675,0.2169894366197183,0.12147887323943662,0.3107394366197183
0.34613686534216337,0.2185430463576159,0.1293598233995585,0.30596026490066225
0.3499338915821948,0.21551344204495373,0.127809607756721,0.30674305861613044
0.3446126447016919,0.21504897595725736,0.12778272484416742,0.31255565449688333
0.34505494505494505,0.21714285714285714,0.13230769230769232,0.3054945054945055
0.3375656742556918,0.2171628721541156,0.13922942206654992,0.30604203152364273
0.34571175950486294,0.21883289124668434,0.134394341290893,0.3010610079575597
0.3456140350877193,0.2219298245614035,0.13201754385964912,0.30043859649122806
0.34319787985865724,0.22659010600706714,0.13604240282685512,0.2941696113074205
0.3425803610744166,0.22192866578599735,0.14002642007926025,0.2954645530603259
0.34432717678100266,0.22955145118733508,0.13720316622691292,0.28891820580474936
0.34273318872017355,0.22342733188720174,0.13882863340563992,0.2950108459869848
0.34323725055432375,0.21818181818181817,0.14235033259423505,0.29623059866962304
0.3365553602811951,0.21924428822495606,0.14499121265377857,0.2992091388400703
0.3413566739606127,0.21706783369803062,0.14442013129102846,0.29715536105032825
0.34458570802279703,0.21481806225339764,0.1437965804471723,0.29679964927663305
0.3443562610229277,0.21428571428571427,0.13800705467372135,0.30335097001763667
0.34012400354295835,0.2183348095659876,0.1408325952170062,0.30070859167404784
0.3424778761061947,0.21858407079646017,0.14203539823008848,0.29690265486725664
0.3520499108734403,0.20989304812834225,0.1448306595365419,0.29322638146167557
0.3600174978127734,0.20822397200349957,0.13823272090988625,0.29352580927384075
0.3546537273930304,0.20423467137185708,0.13762681958535508,0.3034847816497574
0.3575517393218846,0.20783795684720388,0.13914575077058564,0.2954645530603259
0.361739902352419,0.20284065690190856,0.13670661340434975,0.2987128273413227
0.3627148523578669,0.20185103569854562,0.1370647862494491,0.2983693256941384
0.3620689655172414,0.20778072502210435,0.1330680813439434,0.29708222811671087
0.36558669001751315,0.20665499124343256,0.13266199649737304,0.29509632224168125
0.3748898678414097,0.20176211453744494,0.13348017621145375,0.28986784140969163
0.3714159682399647,0.20379355977062197,0.1340979267754742,0.2906925452139391
0.37367957746478875,0.20202464788732394,0.136443661971831,0.2878521126760563
0.3721132897603486,0.20610021786492375,0.1355119825708061,0.28627450980392155
0.3722466960352423,0.20220264317180617,0.13215859030837004,0.2933920704845815
0.37210319195452557,0.2090074333187582,0.13467424573677306,0.28421512898994317
0.38174637999122424,0.2071083808688021,0.13251426064063185,0.2786309784993418
0.3793869391381608,0.20613060861839183,0.13371834740115504,0.2807641048422923
0.38746690203000883,0.2030008826125331,0.1293027360988526,0.2802294792586055
0.3873239436619718,0.20378521126760563,0.12367957746478873,0.2852112676056338
0.392148213498015,0.2051168945743273,0.11865902073224525,0.28407587119541244
0.39198606271777003,0.20252613240418119,0.1210801393728223,0.2844076655052265
0.39162995594713657,0.2052863436123348,0.12158590308370044,0.28149779735682817
0.3881578947368421,0.20789473684210527,0.12412280701754386,0.27982456140350875
0.39095744680851063,0.20567375886524822,0.12677304964539007,0.2765957446808511
0.39841688654353563,0.20360598065083554,0.12445030782761654,0.27352682497801234
0.39778761061946905,0.20265486725663717,0.12433628318584071,0.2752212389380531
0.39964396973742766,0.20338228749443701,0.12327547841566533,0.27369826435246997
0.3924162257495591,0.20634920634920634,0.1283068783068783,0.27292768959435626
0.3882863340563991,0.20607375271149675,0.13275488069414318,0.272885032537961
0.38268892794376097,0.21045694200351495,0.1344463971880492,0.27240773286467485
0.3883710608078118,0.20994229915667997,0.12605415002219264,0.2756324900133156
0.3894550287992911,0.21134249003101463,0.12450155073105892,0.27470093043863536
0.389010989010989,0.210989010989011,0.12395604395604395,0.27604395604395604
0.3993875765529309,0.2073490813648294,0.11986001749781278,0.27340332458442695
0.3947602131438721,0.21181172291296627,0.1172291296625222,0.2761989342806394
0.3963684676705049,0.2112488928255093,0.11470327723649247,0.27767936226749335
0.3910737958462218,0.20989836500220946,0.11577551922227132,0.2832523199292974
0.39342806394316165,0.20825932504440497,0.1127886323268206,0.2855239786856128
0.390597539543058,0.2069420035149385,0.11335676625659051,0.28910369068541303
0.38540275923453493,0.2087227414330218,0.11392968402314196,0.2919448153093013
0.3852928225451343,0.2043152796125055,0.1215323645970938,0.2888595332452664
0.3879805567830314,0.19840919133893062,0.12063632346442775,0.29297392841361025
0.3897122929380994,0.2005231037489102,0.12074978204010461,0.2890148212728858
0.38084827284652384,0.20069960647135987,0.1215566243987757,0.2968954962833406
0.3847854931446263,0.20035382574082264,0.11985846970367094,0.2950022114108801
0.38893766461808604,0.19534679543459174,0.12115891132572432,0.29455662862159787
0.3851917144116351,0.2000881445570736,0.12031732040546496,0.29440282062582634
0.3864332603938731,0.19693654266958424,0.12297592997811817,0.2936542669584245
0.3843067320552831,0.1930450289790459,0.12527864467231387,0.29736959429335713
0.38916037316748114,0.19235895157707686,0.123500666370502,0.29498000888494
0.3898980948161276,0.19539211342490032,0.12538768276473194,0.28932210899424016
0.3941541186891054,0.19486271036315322,0.12178919397697077,0.2891939769707706
0.3974527887571366,0.19806763285024154,0.11989459815546773,0.2845849802371542
0.39552238805970147,0.19666374012291485,0.12159789288849868,0.286215978928885
0.40203000882612533,0.19991173874669022,0.11606354810238305,0.2819947043248014
0.3937527496700396,0.20721513418389792,0.11306643202815662,0.28596568411790585
0.3943908851884312,0.20508326029798424,0.11042944785276074,0.2900964066608238
0.3942982456140351,0.2026315789473684,0.11008771929824561,0.2929824561403509
0.39824561403508774,0.19429824561403508,0.11096491228070175,0.2964912280701754
0.40704845814977975,0.19383259911894274,0.10881057268722467,0.29030837004405285
0.4075388026607539,0.19113082039911308,0.1073170731707317,0.2940133037694013
0.40642888595332455,0.1933069132540731,0.11096433289299867,0.2892998678996037
0.4058226731363035,0.1945302161446846,0.10630789589766211,0.2933392148213498
0.4107536359629793,0.18995152049360953,0.10841780520052886,0.2908770383428823
0.4179498460184778,0.1891772987241531,0.10558732952045755,0.2872855257369116
0.41996481970096744,0.18777484608619174,0.10202286719437115,0.29023746701846964
0.4237063246351172,0.18664307828394516,0.09862892525431226,0.29102167182662536
0.41909814323607425,0.1856763925729443,0.09858532272325375,0.29664014146772766
0.4171806167400881,0.1828193832599119,0.09779735682819383,0.3022026431718062
0.4184710561201944,0.18515245249668583,0.09721608484312859,0.29916040653999115
0.41996481970096744,0.18293755496921724,0.09630606860158311,0.3007915567282322
0.42338352524357836,0.18024800708591673,0.09920283436669619,0.2971656333038087
0.4195804195804196,0.18225524475524477,0.10270979020979021,0.29545454545454547
0.4223794781070323,0.18531623175586023,0.09730207872622733,0.2950022114108801
0.4193832599118943,0.1814977973568282,0.1026431718061674,0.2964757709251101
0.4172915747684164,0.18085575650639613,0.10454344949272165,0.29730921923246584
0.41864555848724716,0.17941952506596306,0.10202286719437115,0.29991204925241866
0.4197802197802198,0.17802197802197803,0.10285714285714286,0.29934065934065934
0.4221061792863359,0.17885117493472585,0.10008703220191471,0.2989556135770235
0.41685144124168516,0.17649667405764966,0.10199556541019955,0.3046563192904656
0.4163372859025033,0.17347386912604304,0.10057092665788318,0.3096179183135705
0.41255006675567424,0.17757009345794392,0.10191366266132622,0.30796617712505564
0.4205689277899344,0.1785557986870897,0.10196936542669584,0.2989059080962801
0.41846153846153844,0.18153846153846154,0.10505494505494506,0.29494505494505496
0.41964285714285715,0.18035714285714285,0.10625,0.29375
0.4244826067811537,0.17789520035226772,0.10788199031263761,0.289740202553941
0.42712014134275617,0.17270318021201414,0.1068904593639576,0.29328621908127206
0.42813321647677477,0.17353198948290974,0.10780017528483786,0.29053461875547765
0.4240035041611914,0.173017958826106,0.10775295663600526,0.2952255803766973
0.4180939833113746,0.17786561264822134,0.10891523935002195,0.2951251646903821
0.4248567650947554,0.17628911414720141,0.11062141912736889,0.2882327016306743
0.42369916921731526,0.17577612592916483,0.1114997813729777,0.2890249234805422
0.4286967968407196,0.16761737604212373,0.11496270293988592,0.28872312417727075
0.4229925405879772,0.16498464238701185,0.11452391399736726,0.2974989030276437
0.4264250994255413,0.16482545293857712,0.11312417145382236,0.2956252761820592
0.4314586994727592,0.16739894551845344,0.109402460456942,0.29173989455184535
0.4349360388178209,0.16409351565946184,0.10630789589766211,0.2946625496250551
0.44008908685968817,0.16525612472160356,0.10601336302895323,0.288641425389755
0.44483671668137686,0.16857899382171226,0.10414827890556046,0.2824360105913504
0.4426444833625219,0.1703152364273205,0.10551663747810858,0.28152364273204905
0.44081272084805656,0.17446996466431094,0.10954063604240283,0.2751766784452297
0.4401064773735581,0.17657497781721385,0.11002661934338953,0.2732919254658385
0.44223107569721115,0.17485613103142983,0.10845506861443116,0.27445772465692786
0.4406930253220791,0.17192358951577077,0.11195024433585073,0.27543314082629944
0.4452328159645233,0.16541019955654102,0.11219512195121951,0.2771618625277162
0.4417989417989418,0.16666666666666666,0.11243386243386243,0.2791005291005291
0.4451812555260831,0.16357206012378425,0.11450044208664899,0.27674624226348365
0.4434589800443459,0.15964523281596452,0.11707317073170732,0.2798226164079823
0.43752759381898454,0.1598233995584989,0.11655629139072848,0.2860927152317881
0.4386896857016379,0.1593625498007968,0.11553784860557768,0.2864099158919876
0.4438573315719947,0.15852047556142668,0.11140466754733598,0.2862175253192426
0.4410729991204925,0.15743183817062445,0.11213720316622691,0.28935795954265614
0.4469396741523558,0.15103478643769264,0.11096433289299867,0.2910612065169529
0.4569939183318853,0.14986967854039965,0.10686359687228497,0.28627280625543006
0.45050593928728555,0.1539815222173339,0.11130664320281566,0.2842058952925649
0.45736773065150854,0.15260166156536947,0.10843900306077832,0.2815916047223437
0.45454545454545453,0.15521064301552107,0.10776053215077605,0.2824833702882483
0.459387483355526,0.15268530847758544,0.10696848646249445,0.2809587217043941
0.45285524568393093,0.1571491810535635,0.10712704736609119,0.28286852589641437
0.449868073878628,0.15611257695690414,0.10949868073878628,0.28452066842568163
0.4483370288248337,0.15920177383592019,0.10997782705099779,0.2824833702882483
0.44869565217391305,0.15434782608695652,0.10565217391304348,0.29130434782608694
0.4467429577464789,0.15492957746478872,0.1113556338028169,0.2869718309859155
0.4469396741523558,0.15191545574636725,0.11184500220167327,0.2892998678996037
0.4468652734548688,0.15829257447754558,0.11071587372165406,0.2841262783459315
0.4400177069499779,0.16024789729969013,0.11066843736166446,0.28906595838866755
0.44021024967148487,0.16294349540078842,0.10862899693385895,0.2882172579938677
0.4461538461538462,0.1635164835164835,0.1076923076923077,0.2826373626373626
0.4523809523809524,0.15961199294532627,0.1128747795414462,0.2751322751322751
0.44786096256684493,0.1590909090909091,0.11185383244206773,0.28119429590017825
0.4412159141707644,0.15735359856951275,0.11130978989718372,0.2901206973625391
0.4448836187966623,0.1585419411506368,0.11330698287220026,0.28326745718050067
0.4462081128747795,0.1609347442680776,0.11155202821869488,0.281305114638448
0.44975866608161474,0.15928038613426942,0.11232996928477403,0.2786309784993418
0.4442493415276558,0.15671641791044777,0.11325724319578578,0.2857769973661106
0.456247279059643,0.1584675663909447,0.10666086199390509,0.2786242925555072
0.4575077058564509,0.15940114487010126,0.10259797446059005,0.2804931748128578
0.4591971768857521,0.16012351124834584,0.10189677988531098,0.2787825319805911
0.45225464190981435,0.16003536693191867,0.11140583554376658,0.27630415561450045
0.4484422992540588,0.16103554190434402,0.10925844668714349,0.2812637121544537
0.4380275433140826,0.15859617947578855,0.10928476232785429,0.29409151488227453
0.44954128440366975,0.1542158147662735,0.10878112712975098,0.2874617737003058
0.4455618714473109,0.1530389156099694,0.10931351114997814,0.29208570179274157
0.44621513944223107,0.15493581230633025,0.11155378486055777,0.2872952633908809
0.4513312963771279,0.15364469663902225,0.10868616324749018,0.2863378437363597
0.4519104084321476,0.15151515151515152,0.10628019323671498,0.2902942468159859
0.44631020768890856,0.15024304021210783,0.11179849756959788,0.29164825452938575
0.4483062032556093,0.15002199736031677,0.1139463264408271,0.2877254729432468
0.4490781387181738,0.14969271290605796,0.11194029850746269,0.28928884986830555
0.45233892321270963,0.15048543689320387,0.11385701676963812,0.2833186231244484
0.45215100965759436,0.1527655838454785,0.11194029850746269,0.28314310798946446
0.44200351493848855,0.15905096660808435,0.11028119507908611,0.28866432337434095
0.44370567375886527,0.1573581560283688,0.11125886524822695,0.287677304964539
0.4356347438752784,0.15946547884187082,0.11403118040089087,0.29086859688195993
0.43714658547194435,0.15876468029578078,0.11483253588516747,0.2892561983471074
0.4345711759504863,0.15694076038903626,0.1184792219274978,0.29000884173297964
0.43209876543209874,0.16049382716049382,0.11772486772486772,0.2896825396825397
0.43918620079610793,0.15877930119416186,0.11853162317558602,0.28350287483414416
0.4331574318381706,0.16182937554969218,0.11829375549692173,0.28671943711521547
0.43034055727554177,0.167624944714728,0.11808934099955772,0.2839451570101725
0.43478260869565216,0.16073781291172595,0.11945542380324989,0.28502415458937197
0.43741765480895917,0.1598594642072903,0.1181379007465964,0.2845849802371542
0.43331875819851334,0.1574114560559685,0.11937035417577613,0.289899431569742
0.43361270401411556,0.16365240405822673,0.11954124393471548,0.2831936479929422
0.4422907488986784,0.16387665198237886,0.11674008810572688,0.27709251101321586
0.43998234774933803,0.16725507502206532,0.11738746690203,0.27537511032656664
0.43569203382287497,0.16154873164218958,0.11793502447708056,0.2848242100578549
0.43146760687527547,0.15645658880564126,0.12031732040546496,0.29175848391361836
0.42374388617163183,0.164517563361494,0.11605157847932414,0.29568697198755
0.42650918635170604,0.1609798775153106,0.1141732283464567,0.2983377077865267
0.4239082487869431,0.1588001764446405,0.11380679311865902,0.3034847816497574
0.43167701863354035,0.15838509316770186,0.11047027506654836,0.29946761313220943
0.43133802816901406,0.15580985915492956,0.11179577464788733,0.301056338028169
0.43065371024734983,0.15680212014134276,0.11307420494699646,0.299469964664311
0.425569176882662,0.15893169877408056,0.11558669001751314,0.2999124343257443
0.42850838481906445,0.16195939982347748,0.10988526037069726,0.2996469549867608
0.432361896476729,0.15876468029578078,0.11352762070465419,0.29534580252283604
0.4328028293545535,0.15826702033598586,0.11671087533156499,0.2922192749778957
0.4384478144513827,0.1534344335414808,0.11819803746654772,0.28991971454058874
0.436077057793345,0.15236427320490367,0.11690017513134851,0.2946584938704028
0.43150087260034903,0.15488656195462477,0.11649214659685864,0.29712041884816753
0.436056838365897,0.1549733570159858,0.11500888099467141,0.29396092362344584
0.4361655773420479,0.1568627450980392,0.11416122004357299,0.2928104575163399
0.43612334801762115,0.1581497797356828,0.11585903083700441,0.28986784140969163
0.43176831943835015,0.15884159719175076,0.11232996928477403,0.29706011408512506
0.43386243386243384,0.15564373897707232,0.10978835978835978,0.30070546737213405
0.4328888888888889,0.1582222222222222,0.10933333333333334,0.2995555555555556
0.4318686196182867,0.15623612960497116,0.1114070128717266,0.30048823790501555
0.4306409130816506,0.15364354697102722,0.1106233538191396,0.3050921861281826
0.43064729194187584,0.14883311316600617,0.11360634081902246,0.30691325407309555
0.42806551571491813,0.15582115980522354,0.11199645861000443,0.3041168658698539
0.42832091188075405,0.15475668566418238,0.11530030688294608,0.3016220955721175
0.42667844522968196,0.15856890459363956,0.11528268551236749,0.299469964664311
0.4263018534863195,0.15931156222418358,0.11650485436893204,0.2978817299205649
0.4216120460584588,0.16031886625332153,0.12090345438441098,0.2971656333038087
0.42750110180696343,0.1604230938739533,0.12031732040546496,0.29175848391361836
0.42888987962550157,0.15782434239857335,0.11903700401248328,0.29424877396344185
0.431140350877193,0.1570175438596491,0.11929824561403508,0.29254385964912283
0.42945054945054945,0.16,0.12351648351648352,0.28703296703296705
0.4308093994778068,0.15796344647519583,0.1257615317667537,0.2854656222802437
0.4258936355710549,0.16216216216216217,0.12510897994768963,0.2868352223190933
0.4323258869908016,0.16075339465615418,0.12614980289093297,0.28077091546211125
0.43170838823012736,0.1572244180939833,0.13087395696091347,0.28019323671497587
0.4367060884800701,0.16031537450722733,0.12133158125273763,0.28164695575996496
0.4349360388178209,0.16144684605205117,0.12262902514336127,0.28098808998676666
0.4302841918294849,0.16163410301953818,0.12433392539964476,0.28374777975133214
0.4287598944591029,0.16051011433597184,0.12445030782761654,0.2862796833773087
0.4259340659340659,0.16483516483516483,0.1265934065934066,0.2826373626373626
0.42190937087549496,0.1658600967883854,0.12978442586889574,0.28244610646722396
0.41728828433523474,0.16761737604212373,0.13163668275559456,0.28345765686704694
0.41541850220264315,0.1682819383259912,0.13348017621145375,0.2828193832599119
0.41262135922330095,0.1676963812886143,0.1319505736981465,0.28773168578993824
0.4196078431372549,0.17254901960784313,0.1298474945533769,0.27799564270152505
0.4223493180818302,0.16981962164540254,0.1271447426308843,0.28068631764188295
0.41864555848724716,0.1741424802110818,0.1284080914687775,0.27880386983289357
0.4173719376391982,0.17282850779510023,0.13229398663697103,0.2775055679287305
0.4227212681638045,0.1682078379568472,0.130779392338177,0.27829150154117127
0.4209827357237716,0.17441345728198318,0.1279327135900841,0.27667109340416113
0.4132675930076199,0.1766024204392649,0.13222770058269834,0.27790228597041683
0.41895482728077943,0.1820194862710363,0.1262178919397697,0.2728077945084145
0.4244951712028095,0.18349429323968394,0.12423178226514486,0.2677787532923617
0.41908531222515394,0.19349164467897978,0.12269129287598944,0.2647317502198769
0.41736447774349933,0.19479947113265755,0.12208021154693698,0.2657558395769061
0.41318681318681316,0.1991208791208791,0.12263736263736263,0.26505494505494503
0.4141145139813582,0.1939636040834443,0.12294718153573014,0.26897470039946736
0.41274725274725277,0.1956043956043956,0.1221978021978022,0.26945054945054947
0.4177383592017738,0.19911308203991132,0.11840354767184036,0.2647450110864745
0.4123620309050773,0.2,0.11876379690949228,0.26887417218543047
0.4176882661996497,0.19833625218914186,0.11865148861646235,0.26532399299474607
0.41884122069880586,0.19548872180451127,0.12030075187969924,0.26536930561698363
0.42417677642980933,0.19324090121317158,0.12045060658578856,0.2621317157712305
0.4246575342465753,0.18912947414935927,0.12638091029606716,0.25983208130799823
0.4238556338028169,0.19278169014084506,0.12235915492957747,0.26100352112676056
0.4176882661996497,0.19439579684763572,0.12828371278458844,0.2596322241681261
0.4219501530389156,0.19370354175776125,0.12986445124617402,0.2544818539571491
0.4155787641427328,0.19234116623150566,0.12967798085291557,0.26240208877284593
0.4190560211733569,0.19320688134097927,0.12615791795324216,0.2615791795324217
0.42041908158716007,0.19438252340615247,0.12483281319661169,0.2603655818100758
0.4125441696113074,0.20362190812720848,0.12588339222614842,0.2579505300353357
0.40846934274371416,0.20335244816938686,0.12836347595941774,0.25981473312748127
0.41186891054030117,0.19574844995571303,0.13640389725420726,0.25597874224977857
0.40228370663153273,0.19982433025911286,0.13438735177865613,0.2635046113306983
0.40730955526199913,0.19638925583443417,0.12945838837516513,0.2668428005284016
0.4023694602896007,0.20272049144361562,0.12900394910048266,0.26590609916630104
0.39991181657848324,0.20855379188712522,0.1283068783068783,0.26322751322751325
0.40044150110375276,0.2088300220750552,0.1315673289183223,0.25916114790286976
0.40634640810929923,0.21022476862053768,0.13133539003966505,0.25209343323049804
0.4068996019460416,0.210968597965502,0.12914639540026537,0.2529854046881911
0.40691489361702127,0.212322695035461,0.1320921985815603,0.24867021276595744
0.4119469026548673,0.2079646017699115,0.13008849557522123,0.25
0.4100877192982456,0.20614035087719298,0.1337719298245614,0.25
0.4172566371681416,0.2013274336283186,0.1314159292035398,0.25
0.4172566371681416,0.19911504424778761,0.12876106194690265,0.25486725663716814
0.4168494953927161,0.19657744624835455,0.13295304958315052,0.25362000877577884
0.42160737812911725,0.1971892841458059,0.12779973649538867,0.2534036012296882
0.425531914893617,0.1972517730496454,0.12677304964539007,0.2504432624113475
0.42295805739514347,0.19602649006622516,0.12671081677704193,0.2543046357615894
0.4259911894273128,0.1947136563876652,0.1211453744493392,0.2581497797356828
0.42591773551525874,0.19725785050862452,0.12162759840778417,0.25519681556833257
0.4180939833113746,0.1985068072024594,0.11769872639437857,0.26570048309178745
0.41802197802197805,0.20175824175824175,0.11824175824175824,0.261978021978022
0.4207964601769911,0.1986725663716814,0.11902654867256637,0.26150442477876107
0.4178507992895204,0.20071047957371227,0.11989342806394317,0.26154529307282415
0.41150636802810714,0.19982433025911286,0.12340799297321037,0.2652613087395696
0.4137626819585355,0.2015880017644464,0.11954124393471548,0.2651080723423026
0.4084507042253521,0.20422535211267606,0.12191901408450705,0.2654049295774648
0.4158547387068202,0.20593445527015058,0.11780336581045173,0.2604074402125775
0.4216549295774648,0.20246478873239437,0.11487676056338028,0.26100352112676056
0.42731277533039647,0.19823788546255505,0.11233480176211454,0.2621145374449339
0.42454905411350635,0.194456665200176,0.11438627364716233,0.2666080070391553
0.4286960313999128,0.19537723506323593,0.11120802442215438,0.2647187091146969
0.42869718309859156,0.1936619718309859,0.10871478873239436,0.2689260563380282
0.4260070052539405,0.19395796847635727,0.10945709281961472,0.27057793345008757
0.4191273688849714,0.1983252534156016,0.10973997355663288,0.2728074041427942
0.4112439132359451,0.20185922974767595,0.10845506861443116,0.2784417884019478
0.39902568644818426,0.21169176262178918,0.11116031886625333,0.27812223206377323
0.40598855129898725,0.20783795684720388,0.10920299427564949,0.2769704975781594
0.40651121865376155,0.20193576770787505,0.1095468543774747,0.2820061592608887
0.40846934274371416,0.1945302161446846,0.1129245699161888,0.28407587119541244
0.4079295154185022,0.19295154185022026,0.11101321585903083,0.28810572687224667
0.41085613415710504,0.1977052074139453,0.10944395410414828,0.2819947043248014
0.4120758043190833,0.19435874834728956,0.11018069634200088,0.28338475099162624
0.4062776304155615,0.1909814323607427,0.11317418213969938,0.2895667550839965
0.4116865869853918,0.1952191235059761,0.11553784860557768,0.2775564409030544
0.4166666666666667,0.18971631205673758,0.11347517730496454,0.2801418439716312
0.4290748898678414,0.19030837004405288,0.1105726872246696,0.27004405286343613
0.43188923626619025,0.19249665029030819,0.10987047789191604,0.26574363555158553
0.4270650263620387,0.19244288224956063,0.11291739894551846,0.26757469244288223
0.4228877961555655,0.19713902548055431,0.11399195350916407,0.26598122485471615
0.42472406181015454,0.19426048565121412,0.11434878587196468,0.26666666666666666
0.4221061792863359,0.19843342036553524,0.11270670147954744,0.26675369886858136
0.4283193647992942,0.18835465372739302,0.11027790030877813,0.2730480811645346
0.42869718309859156,0.18485915492957747,0.1131161971830986,0.2733274647887324
0.42695652173913046,0.18869565217391304,0.1117391304347826,0.27260869565217394
0.4288240495137047,0.1940760389036251,0.11405835543766578,0.2630415561450044
0.42341941228851293,0.20080142475512022,0.1157613535173642,0.26001780943900266
0.4262652705061082,0.1967713787085515,0.11736474694589878,0.25959860383944156
0.4303964757709251,0.1960352422907489,0.11541850220264317,0.2581497797356828
0.42940125111706884,0.19794459338695264,0.11706881143878463,0.2555853440571939
0.4346103038309115,0.18934390136503743,0.11933069132540731,0.2567151034786438
0.4351851851851852,0.19444444444444445,0.11948853615520282,0.2508818342151676
0.4402293780326423,0.1980591089545655,0.11601235112483459,0.24569916188795765
0.4340369393139842,0.20140721196130168,0.11829375549692173,0.24626209322779244
0.44526820758831226,0.19799389446140428,0.11251635412123855,0.24422154382904493
0.44033837934105075,0.19768477292965272,0.11843276936776491,0.2435440783615316
0.43716814159292033,0.2,0.12256637168141593,0.24026548672566372
0.43541944074567246,0.19751442521083,0.12516644474034622,0.24189968930315137
0.4309368191721133,0.20217864923747278,0.12766884531590414,0.23921568627450981
0.4437582708425232,0.1980591089545655,0.1239523599470666,0.23423026025584473
0.4412937527691626,0.19672131147540983,0.12627381479840497,0.2357111209570226
0.44033837934105075,0.20080142475512022,0.12644701691896706,0.23241317898486197
0.4436188811188811,0.19842657342657344,0.12893356643356643,0.229020979020979
0.4474034620505992,0.1979582778517532,0.12561029738126941,0.22902796271637815
0.443126921387791,0.19499341238471674,0.12867808519982432,0.233201581027668
0.4498239436619718,0.18397887323943662,0.12720070422535212,0.23899647887323944
0.4479717813051146,0.18077601410934743,0.12786596119929453,0.24338624338624337
0.4547038327526132,0.1798780487804878,0.1289198606271777,0.23649825783972125
0.4599562363238512,0.18074398249452955,0.12822757111597374,0.23107221006564552
0.45964912280701753,0.1793859649122807,0.13026315789473683,0.2307017543859649
0.4506172839506173,0.18209876543209877,0.13315696649029982,0.23412698412698413
0.4500659920809503,0.18213814342278928,0.13462384513858336,0.2331720193576771
0.4512249443207127,0.18084632516703786,0.13229398663697103,0.23563474387527839
0.4467231386535889,0.1761034329023629,0.1355327686134641,0.24164065983058403
0.4520668425681618,0.17326297273526825,0.13808267370272648,0.23658751099384345
0.44958168207837956,0.17305151915455746,0.14222809335094672,0.23513870541611626
0.44576719576719576,0.1746031746031746,0.14285714285714285,0.23677248677248677
0.44958168207837956,0.1690885072655218,0.14398943196829592,0.23734037868780272
0.4479440069991251,0.1710411198600175,0.1447944006999125,0.23622047244094488
0.4504664593513994,0.1692581075077743,0.14260328742780987,0.23767214571301643
0.45037494486104984,0.16850463167181298,0.13939126599029555,0.24172915747684165
0.4532627865961199,0.1657848324514991,0.1371252204585538,0.24382716049382716
0.451486013986014,0.1660839160839161,0.13898601398601398,0.24344405594405594
0.4553846153846154,0.16483516483516483,0.13846153846153847,0.2413186813186813
0.45782073813708263,0.1687170474516696,0.13576449912126537,0.23769771528998243
0.45298013245033114,0.16467991169977925,0.14172185430463577,0.24061810154525387
0.45692717584369447,0.16518650088809947,0.14076376554174067,0.23712255772646537
0.4562334217506631,0.16710875331564987,0.14235190097259062,0.23430592396109637
0.46058458813108943,0.16607617360496013,0.13861824623560673,0.23472099202834368
0.45207311636201514,0.1654034774855105,0.14177440927329468,0.24074899687917967
0.4543836226079217,0.16822429906542055,0.1352914997774811,0.2421005785491767
0.45442477876106196,0.16769911504424778,0.13274336283185842,0.24513274336283186
0.458018658374056,0.16081741448245224,0.13149711239449133,0.24966681474900043
0.44661054497120073,0.16171909614532565,0.1386796632698272,0.25299069561364645
0.4447907390917186,0.1647373107747106,0.14158504007123776,0.24888691006233304
0.45037494486104984,0.16056462284958095,0.13630348478164975,0.25275694750771943
0.4523281596452328,0.1623059866962306,0.13924611973392462,0.24611973392461198
0.4511545293072824,0.16074600355239788,0.14120781527531084,0.2468916518650089
0.45570736007051565,0.15866020273248127,0.14235345967386515,0.24327897752313796
0.4529463500439754,0.16490765171503957,0.13896218117854,0.24318381706244502
0.45530603258476443,0.16424482606781154,0.14002642007926025,0.2404227212681638
0.45515097690941386,0.15985790408525755,0.13943161634103018,0.2455595026642984
0.45338610378188215,0.1613896218117854,0.1345646437994723,0.25065963060686014
