R,A,S,N
0.0,1.0,0.0,0.0
0.0,1.0,0.0,0.0
0.0,1.0,0.0,0.0
0.5,0.5,0.0,0.0
0.6,0.4,0.0,0.0
0.4,0.6,0.0,0.0
0.3333333333333333,0.5,0.0,0.16666666666666666
0.2857142857142857,0.42857142857142855,0.14285714285714285,0.14285714285714285
0.75,0.0,0.0,0.25
0.625,0.25,0.0,0.125
0.7,0.2,0.0,0.1
0.7,0.3,0.0,0.0
0.6666666666666666,0.2222222222222222,0.1111111111111111,0.0
0.6363636363636364,0.36363636363636365,0.0,0.0
0.9090909090909091,0.09090909090909091,0.0,0.0
0.8333333333333334,0.16666666666666666,0.0,0.0
0.8461538461538461,0.15384615384615385,0.0,0.0
0.7142857142857143,0.14285714285714285,0.0,0.14285714285714285
0.875,0.0,0.0,0.125
0.8235294117647058,0.0,0.0,0.17647058823529413
0.7222222222222222,0.0,0.0,0.2777777777777778
0.6,0.0,0.0,0.4
0.5714285714285714,0.0,0.0,0.42857142857142855
0.5238095238095238,0.047619047619047616,0.0,0.42857142857142855
0.5652173913043478,0.08695652173913043,0.0,0.34782608695652173
0.5416666666666666,0.125,0.08333333333333333,0.25
0.4166666666666667,0.20833333333333334,0.08333333333333333,0.2916666666666667
0.4166666666666667,0.16666666666666666,0.125,0.2916666666666667
0.38461538461538464,0.2692307692307692,0.11538461538461539,0.23076923076923078
0.4230769230769231,0.3076923076923077,0.11538461538461539,0.15384615384615385
0.4444444444444444,0.2962962962962963,0.18518518518518517,0.07407407407407407
0.5172413793103449,0.2413793103448276,0.13793103448275862,0.10344827586206896
0.45161290322580644,0.3225806451612903,0.0967741935483871,0.12903225806451613
0.46875,0.28125,0.09375,0.15625
0.4411764705882353,0.23529411764705882,0.20588235294117646,0.11764705882352941
0.42857142857142855,0.2571428571428571,0.22857142857142856,0.08571428571428572
0.5714285714285714,0.17142857142857143,0.17142857142857143,0.08571428571428572
0.6388888888888888,0.2222222222222222,0.1111111111111111,0.027777777777777776
0.5789473684210527,0.15789473684210525,0.18421052631578946,0.07894736842105263
0.6052631578947368,0.15789473684210525,0.13157894736842105,0.10526315789473684
0.6666666666666666,0.10256410256410256,0.15384615384615385,0.07692307692307693
0.5675675675675675,0.16216216216216217,0.13513513513513514,0.13513513513513514
0.6111111111111112,0.1111111111111111,0.1111111111111111,0.16666666666666666
0.5526315789473685,0.18421052631578946,0.13157894736842105,0.13157894736842105
0.5128205128205128,0.23076923076923078,0.15384615384615385,0.10256410256410256
0.475,0.25,0.2,0.075
0.4418604651162791,0.2558139534883721,0.23255813953488372,0.06976744186046512
0.5813953488372093,0.20930232558139536,0.16279069767441862,0.046511627906976744
0.6136363636363636,0.22727272727272727,0.11363636363636363,0.045454545454545456
0.5555555555555556,0.26666666666666666,0.15555555555555556,0.022222222222222223
0.5348837209302325,0.2558139534883721,0.16279069767441862,0.046511627906976744
0.4318181818181818,0.3181818181818182,0.18181818181818182,0.06818181818181818
0.38636363636363635,0.3409090909090909,0.18181818181818182,0.09090909090909091
0.4666666666666667,0.26666666666666666,0.15555555555555556,0.1111111111111111
0.40425531914893614,0.2553191489361702,0.19148936170212766,0.14893617021276595
0.30434782608695654,0.32608695652173914,0.1956521739130435,0.17391304347826086
0.3111111111111111,0.28888888888888886,0.24444444444444444,0.15555555555555556
0.3333333333333333,0.2708333333333333,0.25,0.14583333333333334
0.37254901960784315,0.2549019607843137,0.29411764705882354,0.0784313725490196
0.36,0.26,0.32,0.06
0.34,0.26,0.32,0.08
0.3191489361702128,0.2978723404255319,0.3191489361702128,0.06382978723404255
0.40425531914893614,0.2553191489361702,0.2978723404255319,0.0425531914893617
0.425531914893617,0.23404255319148937,0.2978723404255319,0.0425531914893617
0.4888888888888889,0.2222222222222222,0.24444444444444444,0.044444444444444446
0.45454545454545453,0.2727272727272727,0.22727272727272727,0.045454545454545456
0.5,0.2608695652173913,0.21739130434782608,0.021739130434782608
0.5333333333333333,0.26666666666666666,0.17777777777777778,0.022222222222222223
0.6,0.24444444444444444,0.15555555555555556,0.0
0.6222222222222222,0.2222222222222222,0.15555555555555556,0.0
0.5869565217391305,0.21739130434782608,0.15217391304347827,0.043478260869565216
0.5625,0.1875,0.16666666666666666,0.08333333333333333
0.5869565217391305,0.21739130434782608,0.10869565217391304,0.08695652173913043
0.5909090909090909,0.20454545454545456,0.13636363636363635,0.06818181818181818
0.5853658536585366,0.21951219512195122,0.12195121951219512,0.07317073170731707
0.55,0.3,0.125,0.025
0.45,0.3,0.15,0.1
0.5128205128205128,0.3333333333333333,0.1282051282051282,0.02564102564102564
0.5,0.3684210526315789,0.10526315789473684,0.02631578947368421
0.6944444444444444,0.2777777777777778,0.0,0.027777777777777776
0.7105263157894737,0.23684210526315788,0.0,0.05263157894736842
0.717948717948718,0.1794871794871795,0.02564102564102564,0.07692307692307693
0.6578947368421053,0.21052631578947367,0.05263157894736842,0.07894736842105263
0.631578947368421,0.21052631578947367,0.05263157894736842,0.10526315789473684
0.6410256410256411,0.1794871794871795,0.05128205128205128,0.1282051282051282
0.631578947368421,0.2631578947368421,0.02631578947368421,0.07894736842105263
0.6,0.275,0.0,0.125
0.6923076923076923,0.1282051282051282,0.0,0.1794871794871795
0.6585365853658537,0.14634146341463414,0.0,0.1951219512195122
0.7906976744186046,0.09302325581395349,0.0,0.11627906976744186
0.8372093023255814,0.09302325581395349,0.0,0.06976744186046512
0.8,0.13333333333333333,0.0,0.06666666666666667
0.8,0.08888888888888889,0.0,0.1111111111111111
0.7619047619047619,0.07142857142857142,0.0,0.16666666666666666
0.6829268292682927,0.14634146341463414,0.0,0.17073170731707318
0.6666666666666666,0.11904761904761904,0.0,0.21428571428571427
0.5952380952380952,0.11904761904761904,0.0,0.2857142857142857
0.5813953488372093,0.09302325581395349,0.0,0.32558139534883723
0.6818181818181818,0.06818181818181818,0.0,0.25
0.6222222222222222,0.06666666666666667,0.044444444444444446,0.26666666666666666
0.5833333333333334,0.08333333333333333,0.041666666666666664,0.2916666666666667
0.5833333333333334,0.08333333333333333,0.041666666666666664,0.2916666666666667
0.58,0.12,0.04,0.26
0.5294117647058824,0.17647058823529413,0.0392156862745098,0.2549019607843137
0.49019607843137253,0.19607843137254902,0.058823529411764705,0.2549019607843137
0.6274509803921569,0.13725490196078433,0.058823529411764705,0.17647058823529413
0.5384615384615384,0.15384615384615385,0.09615384615384616,0.21153846153846154
0.5,0.14814814814814814,0.12962962962962962,0.2222222222222222
0.509090909090909,0.14545454545454545,0.07272727272727272,0.2727272727272727
0.5614035087719298,0.14035087719298245,0.017543859649122806,0.2807017543859649
0.47368421052631576,0.15789473684210525,0.03508771929824561,0.3333333333333333
0.543859649122807,0.12280701754385964,0.05263157894736842,0.2807017543859649
0.5166666666666667,0.18333333333333332,0.06666666666666667,0.23333333333333334
0.5245901639344263,0.14754098360655737,0.13114754098360656,0.19672131147540983
0.5254237288135594,0.15254237288135594,0.15254237288135594,0.1694915254237288
0.559322033898305,0.15254237288135594,0.15254237288135594,0.13559322033898305
0.5614035087719298,0.14035087719298245,0.15789473684210525,0.14035087719298245
0.5714285714285714,0.07142857142857142,0.16071428571428573,0.19642857142857142
0.5714285714285714,0.05357142857142857,0.14285714285714285,0.23214285714285715
0.603448275862069,0.06896551724137931,0.13793103448275862,0.1896551724137931
0.559322033898305,0.06779661016949153,0.11864406779661017,0.2542372881355932
0.5833333333333334,0.06666666666666667,0.06666666666666667,0.2833333333333333
0.5901639344262295,0.08196721311475409,0.06557377049180328,0.26229508196721313
0.5645161290322581,0.0967741935483871,0.08064516129032258,0.25806451612903225
0.5846153846153846,0.09230769230769231,0.09230769230769231,0.23076923076923078
0.5606060606060606,0.09090909090909091,0.12121212121212122,0.22727272727272727
0.5846153846153846,0.046153846153846156,0.1076923076923077,0.26153846153846155
0.53125,0.078125,0.109375,0.28125
0.49206349206349204,0.09523809523809523,0.12698412698412698,0.2857142857142857
0.49206349206349204,0.06349206349206349,0.1746031746031746,0.2698412698412698
0.4838709677419355,0.08064516129032258,0.14516129032258066,0.2903225806451613
0.5396825396825397,0.06349206349206349,0.15873015873015872,0.23809523809523808
0.5161290322580645,0.0967741935483871,0.14516129032258066,0.24193548387096775
0.639344262295082,0.03278688524590164,0.14754098360655737,0.18032786885245902
0.6065573770491803,0.01639344262295082,0.19672131147540983,0.18032786885245902
0.6290322580645161,0.03225806451612903,0.1774193548387097,0.16129032258064516
0.5714285714285714,0.06349206349206349,0.2222222222222222,0.14285714285714285
0.6029411764705882,0.058823529411764705,0.16176470588235295,0.17647058823529413
0.6056338028169014,0.056338028169014086,0.16901408450704225,0.16901408450704225
0.5733333333333334,0.09333333333333334,0.16,0.17333333333333334
0.5194805194805194,0.09090909090909091,0.2077922077922078,0.18181818181818182
0.5324675324675324,0.09090909090909091,0.2077922077922078,0.16883116883116883
0.5974025974025974,0.09090909090909091,0.22077922077922077,0.09090909090909091
0.5657894736842105,0.13157894736842105,0.2236842105263158,0.07894736842105263
0.5466666666666666,0.13333333333333333,0.22666666666666666,0.09333333333333334
0.5466666666666666,0.14666666666666667,0.24,0.06666666666666667
0.581081081081081,0.14864864864864866,0.1891891891891892,0.08108108108108109
0.6111111111111112,0.18055555555555555,0.1527777777777778,0.05555555555555555
0.5714285714285714,0.14285714285714285,0.21428571428571427,0.07142857142857142
0.5441176470588235,0.11764705882352941,0.25,0.08823529411764706
0.5625,0.125,0.234375,0.078125
0.484375,0.125,0.296875,0.09375
0.46153846153846156,0.12307692307692308,0.3384615384615385,0.07692307692307693
0.46774193548387094,0.11290322580645161,0.3709677419354839,0.04838709677419355
0.4098360655737705,0.13114754098360656,0.39344262295081966,0.06557377049180328
0.4406779661016949,0.1694915254237288,0.288135593220339,0.1016949152542373
0.4838709677419355,0.14516129032258066,0.3064516129032258,0.06451612903225806
0.4482758620689655,0.1206896551724138,0.3275862068965517,0.10344827586206896
0.6,0.13333333333333333,0.13333333333333333,0.13333333333333333
0.55,0.16666666666666666,0.13333333333333333,0.15
0.48333333333333334,0.2,0.18333333333333332,0.13333333333333333
0.5517241379310345,0.1724137931034483,0.1724137931034483,0.10344827586206896
0.46551724137931033,0.20689655172413793,0.1896551724137931,0.13793103448275862
0.4482758620689655,0.20689655172413793,0.20689655172413793,0.13793103448275862
0.3620689655172414,0.25862068965517243,0.22413793103448276,0.15517241379310345
0.3387096774193548,0.24193548387096775,0.3064516129032258,0.11290322580645161
0.3770491803278688,0.21311475409836064,0.3114754098360656,0.09836065573770492
0.32786885245901637,0.2786885245901639,0.26229508196721313,0.13114754098360656
0.36065573770491804,0.2459016393442623,0.22950819672131148,0.16393442622950818
0.3064516129032258,0.25806451612903225,0.24193548387096775,0.1935483870967742
0.32786885245901637,0.22950819672131148,0.22950819672131148,0.21311475409836064
0.3389830508474576,0.22033898305084745,0.2711864406779661,0.1694915254237288
0.3050847457627119,0.288135593220339,0.1694915254237288,0.23728813559322035
0.3448275862068966,0.29310344827586204,0.15517241379310345,0.20689655172413793
0.2631578947368421,0.3684210526315789,0.12280701754385964,0.24561403508771928
0.3333333333333333,0.3333333333333333,0.09259259259259259,0.24074074074074073
0.39622641509433965,0.32075471698113206,0.03773584905660377,0.24528301886792453
0.40384615384615385,0.40384615384615385,0.019230769230769232,0.17307692307692307
0.42,0.34,0.08,0.16
0.34615384615384615,0.36538461538461536,0.09615384615384616,0.19230769230769232
0.2830188679245283,0.4339622641509434,0.11320754716981132,0.16981132075471697
0.40384615384615385,0.34615384615384615,0.11538461538461539,0.1346153846153846
0.32075471698113206,0.39622641509433965,0.1509433962264151,0.1320754716981132
0.17647058823529413,0.4117647058823529,0.27450980392156865,0.13725490196078433
0.19230769230769232,0.5,0.2692307692307692,0.038461538461538464
0.18,0.5,0.3,0.02
0.11320754716981132,0.5094339622641509,0.33962264150943394,0.03773584905660377
0.18181818181818182,0.45454545454545453,0.34545454545454546,0.01818181818181818
0.25925925925925924,0.42592592592592593,0.2962962962962963,0.018518518518518517
0.16071428571428573,0.42857142857142855,0.375,0.03571428571428571
0.16071428571428573,0.42857142857142855,0.375,0.03571428571428571
0.14285714285714285,0.42857142857142855,0.35714285714285715,0.07142857142857142
0.22807017543859648,0.5263157894736842,0.21052631578947367,0.03508771929824561
0.25,0.5357142857142857,0.17857142857142858,0.03571428571428571
0.2982456140350877,0.43859649122807015,0.21052631578947367,0.05263157894736842
0.2711864406779661,0.4576271186440678,0.23728813559322035,0.03389830508474576
0.2542372881355932,0.4915254237288136,0.2033898305084746,0.05084745762711865
0.22033898305084745,0.5084745762711864,0.2033898305084746,0.06779661016949153
0.1694915254237288,0.5084745762711864,0.22033898305084745,0.1016949152542373
0.12280701754385964,0.5087719298245614,0.24561403508771928,0.12280701754385964
0.1016949152542373,0.5084745762711864,0.1864406779661017,0.2033898305084746
0.15789473684210525,0.45614035087719296,0.19298245614035087,0.19298245614035087
0.11864406779661017,0.4745762711864407,0.2033898305084746,0.2033898305084746
0.03333333333333333,0.5,0.15,0.31666666666666665
0.03278688524590164,0.5409836065573771,0.09836065573770492,0.32786885245901637
0.03333333333333333,0.5,0.13333333333333333,0.3333333333333333
0.03278688524590164,0.4918032786885246,0.13114754098360656,0.3442622950819672
0.01639344262295082,0.4918032786885246,0.14754098360655737,0.3442622950819672
0.016129032258064516,0.5,0.16129032258064516,0.3225806451612903
0.0,0.5,0.14516129032258066,0.3548387096774194
0.0,0.484375,0.21875,0.296875
0.0,0.484375,0.203125,0.3125
0.0,0.47619047619047616,0.2222222222222222,0.30158730158730157
0.0,0.5079365079365079,0.12698412698412698,0.36507936507936506
0.0,0.5396825396825397,0.14285714285714285,0.31746031746031744
0.0,0.6190476190476191,0.14285714285714285,0.23809523809523808
0.0,0.578125,0.171875,0.25
0.0,0.48484848484848486,0.25757575757575757,0.25757575757575757
0.0,0.53125,0.234375,0.234375
0.0,0.5076923076923077,0.23076923076923078,0.26153846153846155
0.030303030303030304,0.48484848484848486,0.19696969696969696,0.2878787878787879
0.03076923076923077,0.49230769230769234,0.2153846153846154,0.26153846153846155
0.030303030303030304,0.45454545454545453,0.22727272727272727,0.2878787878787879
0.028985507246376812,0.4492753623188406,0.2028985507246377,0.3188405797101449
0.028169014084507043,0.4225352112676056,0.2112676056338028,0.3380281690140845
0.07042253521126761,0.39436619718309857,0.15492957746478872,0.38028169014084506
0.0,0.49295774647887325,0.18309859154929578,0.323943661971831
0.0,0.5211267605633803,0.18309859154929578,0.29577464788732394
0.0,0.5972222222222222,0.16666666666666666,0.2361111111111111
0.0,0.625,0.1388888888888889,0.2361111111111111
0.0136986301369863,0.6438356164383562,0.1643835616438356,0.1780821917808219
0.0,0.6710526315789473,0.14473684210526316,0.18421052631578946
0.0,0.6756756756756757,0.17567567567567569,0.14864864864864866
0.013333333333333334,0.5866666666666667,0.2,0.2
0.02631578947368421,0.5657894736842105,0.19736842105263158,0.21052631578947367
0.0410958904109589,0.4383561643835616,0.273972602739726,0.2465753424657534
0.05405405405405406,0.47297297297297297,0.25675675675675674,0.21621621621621623
0.06944444444444445,0.4166666666666667,0.3472222222222222,0.16666666666666666
0.07142857142857142,0.37142857142857144,0.37142857142857144,0.18571428571428572
0.043478260869565216,0.4057971014492754,0.34782608695652173,0.2028985507246377
0.11940298507462686,0.3880597014925373,0.31343283582089554,0.1791044776119403
0.1323529411764706,0.47058823529411764,0.25,0.14705882352941177
0.13432835820895522,0.43283582089552236,0.1791044776119403,0.2537313432835821
0.16923076923076924,0.4,0.16923076923076924,0.26153846153846155
0.171875,0.421875,0.171875,0.234375
0.14285714285714285,0.4444444444444444,0.20634920634920634,0.20634920634920634
0.06153846153846154,0.47692307692307695,0.24615384615384617,0.2153846153846154
0.06060606060606061,0.3939393939393939,0.36363636363636365,0.18181818181818182
0.08064516129032258,0.3709677419354839,0.3870967741935484,0.16129032258064516
0.08333333333333333,0.35,0.4166666666666667,0.15
0.06896551724137931,0.3103448275862069,0.43103448275862066,0.1896551724137931
0.05660377358490566,0.3584905660377358,0.39622641509433965,0.18867924528301888
0.0392156862745098,0.37254901960784315,0.39215686274509803,0.19607843137254902
0.0392156862745098,0.39215686274509803,0.39215686274509803,0.17647058823529413
0.02040816326530612,0.40816326530612246,0.3469387755102041,0.22448979591836735
0.061224489795918366,0.3469387755102041,0.40816326530612246,0.1836734693877551
0.12244897959183673,0.2857142857142857,0.42857142857142855,0.16326530612244897
0.16326530612244897,0.24489795918367346,0.46938775510204084,0.12244897959183673
0.1836734693877551,0.22448979591836735,0.46938775510204084,0.12244897959183673
0.14285714285714285,0.20408163265306123,0.5102040816326531,0.14285714285714285
0.125,0.20833333333333334,0.4791666666666667,0.1875
0.1276595744680851,0.1702127659574468,0.46808510638297873,0.23404255319148937
0.1956521739130435,0.13043478260869565,0.45652173913043476,0.21739130434782608
0.17777777777777778,0.13333333333333333,0.5111111111111111,0.17777777777777778
0.2,0.08888888888888889,0.5333333333333333,0.17777777777777778
0.30434782608695654,0.08695652173913043,0.4782608695652174,0.13043478260869565
0.30952380952380953,0.11904761904761904,0.42857142857142855,0.14285714285714285
0.3333333333333333,0.16666666666666666,0.38095238095238093,0.11904761904761904
0.3409090909090909,0.11363636363636363,0.4090909090909091,0.13636363636363635
0.37209302325581395,0.11627906976744186,0.32558139534883723,0.18604651162790697
0.27906976744186046,0.06976744186046512,0.37209302325581395,0.27906976744186046
0.24444444444444444,0.1111111111111111,0.35555555555555557,0.28888888888888886
0.23404255319148937,0.0851063829787234,0.2978723404255319,0.3829787234042553
0.2,0.08,0.32,0.4
0.21568627450980393,0.058823529411764705,0.3333333333333333,0.39215686274509803
0.24489795918367346,0.04081632653061224,0.22448979591836735,0.4897959183673469
0.2653061224489796,0.02040816326530612,0.12244897959183673,0.5918367346938775
0.3137254901960784,0.0392156862745098,0.13725490196078433,0.5098039215686274
0.3125,0.08333333333333333,0.0,0.6041666666666666
0.2978723404255319,0.10638297872340426,0.0425531914893617,0.5531914893617021
0.3404255319148936,0.10638297872340426,0.0425531914893617,0.5106382978723404
0.3877551020408163,0.08163265306122448,0.04081632653061224,0.4897959183673469
0.4,0.06,0.04,0.5
0.40816326530612246,0.04081632653061224,0.04081632653061224,0.5102040816326531
0.4375,0.020833333333333332,0.0625,0.4791666666666667
0.4791666666666667,0.020833333333333332,0.041666666666666664,0.4583333333333333
0.44680851063829785,0.0,0.06382978723404255,0.48936170212765956
0.425531914893617,0.0,0.06382978723404255,0.5106382978723404
0.46808510638297873,0.0,0.0425531914893617,0.48936170212765956
0.4489795918367347,0.02040816326530612,0.061224489795918366,0.46938775510204084
0.46938775510204084,0.0,0.061224489795918366,0.46938775510204084
0.48,0.0,0.06,0.46
0.45098039215686275,0.0,0.09803921568627451,0.45098039215686275
0.4807692307692308,0.0,0.11538461538461539,0.40384615384615385
0.4716981132075472,0.0,0.11320754716981132,0.41509433962264153
0.4230769230769231,0.0,0.1346153846153846,0.4423076923076923
0.46153846153846156,0.0,0.11538461538461539,0.4230769230769231
0.5094339622641509,0.0,0.09433962264150944,0.39622641509433965
0.46296296296296297,0.0,0.09259259259259259,0.4444444444444444
0.42592592592592593,0.0,0.1111111111111111,0.46296296296296297
0.46296296296296297,0.0,0.12962962962962962,0.4074074074074074
0.4909090909090909,0.0,0.10909090909090909,0.4
0.5283018867924528,0.0,0.09433962264150944,0.37735849056603776
0.5094339622641509,0.0,0.07547169811320754,0.41509433962264153
0.4444444444444444,0.0,0.09259259259259259,0.46296296296296297
0.42592592592592593,0.0,0.12962962962962962,0.4444444444444444
0.4423076923076923,0.0,0.09615384615384616,0.46153846153846156
0.4117647058823529,0.0,0.13725490196078433,0.45098039215686275
0.34,0.04,0.14,0.48
0.27450980392156865,0.0392156862745098,0.11764705882352941,0.5686274509803921
0.19607843137254902,0.0392156862745098,0.1568627450980392,0.6078431372549019
0.1346153846153846,0.038461538461538464,0.15384615384615385,0.6730769230769231
0.08,0.04,0.22,0.66
0.11764705882352941,0.0392156862745098,0.27450980392156865,0.5686274509803921
0.11764705882352941,0.0784313725490196,0.2549019607843137,0.5490196078431373
0.08,0.08,0.3,0.54
0.09803921568627451,0.09803921568627451,0.3333333333333333,0.47058823529411764
0.13725490196078433,0.0784313725490196,0.43137254901960786,0.35294117647058826
0.12,0.08,0.48,0.32
0.12,0.14,0.42,0.32
0.09615384615384616,0.15384615384615385,0.4230769230769231,0.3269230769230769
0.1346153846153846,0.11538461538461539,0.46153846153846156,0.28846153846153844
0.17647058823529413,0.09803921568627451,0.3137254901960784,0.4117647058823529
0.1509433962264151,0.1320754716981132,0.3018867924528302,0.41509433962264153
0.1320754716981132,0.1509433962264151,0.2830188679245283,0.4339622641509434
0.1509433962264151,0.05660377358490566,0.3018867924528302,0.49056603773584906
0.07547169811320754,0.07547169811320754,0.41509433962264153,0.4339622641509434
0.07407407407407407,0.09259259259259259,0.4074074074074074,0.42592592592592593
0.10909090909090909,0.12727272727272726,0.41818181818181815,0.34545454545454546
0.10714285714285714,0.08928571428571429,0.4642857142857143,0.3392857142857143
0.15789473684210525,0.10526315789473684,0.40350877192982454,0.3333333333333333
0.14035087719298245,0.12280701754385964,0.3508771929824561,0.38596491228070173
0.14285714285714285,0.14285714285714285,0.32142857142857145,0.39285714285714285
0.16666666666666666,0.12962962962962962,0.3333333333333333,0.37037037037037035
0.1111111111111111,0.12962962962962962,0.3148148148148148,0.4444444444444444
0.14545454545454545,0.07272727272727272,0.34545454545454546,0.43636363636363634
0.2545454545454545,0.07272727272727272,0.38181818181818183,0.2909090909090909
0.2222222222222222,0.07407407407407407,0.37037037037037035,0.3333333333333333
0.24528301886792453,0.11320754716981132,0.39622641509433965,0.24528301886792453
0.25925925925925924,0.09259259259259259,0.4074074074074074,0.24074074074074073
0.25925925925925924,0.09259259259259259,0.42592592592592593,0.2222222222222222
0.2727272727272727,0.09090909090909091,0.41818181818181815,0.21818181818181817
0.19298245614035087,0.08771929824561403,0.45614035087719296,0.2631578947368421
0.1864406779661017,0.1016949152542373,0.4406779661016949,0.2711864406779661
0.22807017543859648,0.10526315789473684,0.3684210526315789,0.2982456140350877
0.21052631578947367,0.07017543859649122,0.3684210526315789,0.3508771929824561
0.2542372881355932,0.0847457627118644,0.4067796610169492,0.2542372881355932
0.29310344827586204,0.1206896551724138,0.3275862068965517,0.25862068965517243
0.2982456140350877,0.08771929824561403,0.43859649122807015,0.17543859649122806
0.3448275862068966,0.06896551724137931,0.39655172413793105,0.1896551724137931
0.41379310344827586,0.034482758620689655,0.41379310344827586,0.13793103448275862
0.3728813559322034,0.03389830508474576,0.4576271186440678,0.13559322033898305
0.5087719298245614,0.03508771929824561,0.3508771929824561,0.10526315789473684
0.5254237288135594,0.03389830508474576,0.3389830508474576,0.1016949152542373
0.4576271186440678,0.05084745762711865,0.3898305084745763,0.1016949152542373
0.3898305084745763,0.03389830508474576,0.423728813559322,0.15254237288135594
0.38596491228070173,0.08771929824561403,0.38596491228070173,0.14035087719298245
0.38333333333333336,0.15,0.3333333333333333,0.13333333333333333
0.3684210526315789,0.15789473684210525,0.3333333333333333,0.14035087719298245
0.32727272727272727,0.23636363636363636,0.36363636363636365,0.07272727272727272
0.2857142857142857,0.23214285714285715,0.42857142857142855,0.05357142857142857
0.1724137931034483,0.27586206896551724,0.46551724137931033,0.08620689655172414
0.21666666666666667,0.31666666666666665,0.38333333333333336,0.08333333333333333
0.22950819672131148,0.2786885245901639,0.4098360655737705,0.08196721311475409
0.19672131147540983,0.32786885245901637,0.39344262295081966,0.08196721311475409
0.2698412698412698,0.36507936507936506,0.3333333333333333,0.031746031746031744
0.25757575757575757,0.36363636363636365,0.3484848484848485,0.030303030303030304
0.16923076923076924,0.4307692307692308,0.3384615384615385,0.06153846153846154
0.24615384615384617,0.38461538461538464,0.3230769230769231,0.046153846153846156
0.28125,0.421875,0.28125,0.015625
0.3125,0.359375,0.3125,0.015625
0.27692307692307694,0.35384615384615387,0.35384615384615387,0.015384615384615385
0.234375,0.328125,0.40625,0.03125
0.16923076923076924,0.3384615384615385,0.4153846153846154,0.07692307692307693
0.171875,0.3125,0.453125,0.0625
0.13333333333333333,0.3333333333333333,0.45,0.08333333333333333
0.11475409836065574,0.36065573770491804,0.4262295081967213,0.09836065573770492
0.09836065573770492,0.2459016393442623,0.5409836065573771,0.11475409836065574
0.06349206349206349,0.2857142857142857,0.5555555555555556,0.09523809523809523
0.047619047619047616,0.30158730158730157,0.5714285714285714,0.07936507936507936
0.0625,0.296875,0.59375,0.046875
0.11940298507462686,0.22388059701492538,0.6119402985074627,0.04477611940298507
0.14705882352941177,0.2647058823529412,0.5294117647058824,0.058823529411764705
0.16176470588235295,0.2647058823529412,0.47058823529411764,0.10294117647058823
0.11764705882352941,0.27941176470588236,0.47058823529411764,0.1323529411764706
0.13432835820895522,0.3582089552238806,0.44776119402985076,0.05970149253731343
0.1791044776119403,0.2835820895522388,0.47761194029850745,0.05970149253731343
0.20588235294117646,0.25,0.5,0.04411764705882353
0.2537313432835821,0.19402985074626866,0.5074626865671642,0.04477611940298507
0.29850746268656714,0.19402985074626866,0.44776119402985076,0.05970149253731343
0.29411764705882354,0.16176470588235295,0.47058823529411764,0.07352941176470588
0.3384615384615385,0.12307692307692308,0.47692307692307695,0.06153846153846154
0.3230769230769231,0.12307692307692308,0.5230769230769231,0.03076923076923077
0.27692307692307694,0.07692307692307693,0.6307692307692307,0.015384615384615385
0.3548387096774194,0.03225806451612903,0.6129032258064516,0.0
0.30303030303030304,0.045454545454545456,0.6515151515151515,0.0
0.28125,0.03125,0.6875,0.0
0.2903225806451613,0.016129032258064516,0.6612903225806451,0.03225806451612903
0.3103448275862069,0.0,0.6724137931034483,0.017241379310344827
0.25862068965517243,0.017241379310344827,0.7241379310344828,0.0
0.2857142857142857,0.05357142857142857,0.6607142857142857,0.0
0.23636363636363636,0.09090909090909091,0.6727272727272727,0.0
0.24074074074074073,0.1111111111111111,0.6296296296296297,0.018518518518518517
0.2692307692307692,0.11538461538461539,0.5961538461538461,0.019230769230769232
0.2830188679245283,0.1320754716981132,0.5471698113207547,0.03773584905660377
0.3148148148148148,0.16666666666666666,0.46296296296296297,0.05555555555555555
0.39215686274509803,0.23529411764705882,0.29411764705882354,0.0784313725490196
0.46,0.2,0.26,0.08
0.46153846153846156,0.19230769230769232,0.2692307692307692,0.07692307692307693
0.5740740740740741,0.16666666666666666,0.16666666666666666,0.09259259259259259
0.5185185185185185,0.18518518518518517,0.2037037037037037,0.09259259259259259
0.48148148148148145,0.16666666666666666,0.2222222222222222,0.12962962962962962
0.38181818181818183,0.2,0.23636363636363636,0.18181818181818182
0.4,0.16363636363636364,0.2727272727272727,0.16363636363636364
0.37037037037037035,0.12962962962962962,0.2962962962962963,0.2037037037037037
0.3333333333333333,0.19298245614035087,0.3157894736842105,0.15789473684210525
0.36666666666666664,0.18333333333333332,0.31666666666666665,0.13333333333333333
0.4126984126984127,0.19047619047619047,0.3333333333333333,0.06349206349206349
0.3968253968253968,0.20634920634920634,0.3492063492063492,0.047619047619047616
0.25806451612903225,0.3225806451612903,0.3548387096774194,0.06451612903225806
0.26229508196721313,0.36065573770491804,0.32786885245901637,0.04918032786885246
0.3064516129032258,0.3387096774193548,0.3225806451612903,0.03225806451612903
0.35,0.31666666666666665,0.3,0.03333333333333333
0.3559322033898305,0.423728813559322,0.1694915254237288,0.05084745762711865
0.4166666666666667,0.35,0.18333333333333332,0.05
0.36065573770491804,0.4098360655737705,0.19672131147540983,0.03278688524590164
0.3770491803278688,0.39344262295081966,0.19672131147540983,0.03278688524590164
0.45,0.38333333333333336,0.11666666666666667,0.05
0.4098360655737705,0.39344262295081966,0.13114754098360656,0.06557377049180328
0.47540983606557374,0.32786885245901637,0.14754098360655737,0.04918032786885246
0.3793103448275862,0.3620689655172414,0.1896551724137931,0.06896551724137931
0.3448275862068966,0.3448275862068966,0.2413793103448276,0.06896551724137931
0.3050847457627119,0.4406779661016949,0.22033898305084745,0.03389830508474576
0.2807017543859649,0.42105263157894735,0.22807017543859648,0.07017543859649122
0.16071428571428573,0.48214285714285715,0.26785714285714285,0.08928571428571429
0.15254237288135594,0.4745762711864407,0.3389830508474576,0.03389830508474576
0.12280701754385964,0.5087719298245614,0.3508771929824561,0.017543859649122806
0.12962962962962962,0.46296296296296297,0.3333333333333333,0.07407407407407407
0.19642857142857142,0.32142857142857145,0.4107142857142857,0.07142857142857142
0.18518518518518517,0.3333333333333333,0.3888888888888889,0.09259259259259259
0.18867924528301888,0.32075471698113206,0.41509433962264153,0.07547169811320754
0.1346153846153846,0.3269230769230769,0.5,0.038461538461538464
0.09433962264150944,0.33962264150943394,0.5283018867924528,0.03773584905660377
0.09433962264150944,0.3018867924528302,0.5283018867924528,0.07547169811320754
0.07692307692307693,0.34615384615384615,0.5384615384615384,0.038461538461538464
0.09803921568627451,0.37254901960784315,0.5098039215686274,0.0196078431372549
0.12244897959183673,0.3673469387755102,0.46938775510204084,0.04081632653061224
0.12244897959183673,0.3469387755102041,0.4489795918367347,0.08163265306122448
0.15384615384615385,0.36538461538461536,0.38461538461538464,0.09615384615384616
0.09803921568627451,0.43137254901960786,0.3333333333333333,0.13725490196078433
0.11538461538461539,0.36538461538461536,0.36538461538461536,0.15384615384615385
0.09803921568627451,0.35294117647058826,0.4117647058823529,0.13725490196078433
0.11538461538461539,0.40384615384615385,0.36538461538461536,0.11538461538461539
0.1509433962264151,0.39622641509433965,0.3584905660377358,0.09433962264150944
0.21153846153846154,0.3269230769230769,0.34615384615384615,0.11538461538461539
0.21568627450980393,0.39215686274509803,0.29411764705882354,0.09803921568627451
0.19230769230769232,0.38461538461538464,0.36538461538461536,0.057692307692307696
0.16981132075471697,0.39622641509433965,0.41509433962264153,0.018867924528301886
0.19230769230769232,0.34615384615384615,0.4423076923076923,0.019230769230769232
0.17307692307692307,0.38461538461538464,0.4230769230769231,0.019230769230769232
0.2777777777777778,0.37037037037037035,0.3333333333333333,0.018518518518518517
0.21153846153846154,0.36538461538461536,0.36538461538461536,0.057692307692307696
0.21153846153846154,0.38461538461538464,0.36538461538461536,0.038461538461538464
0.23076923076923078,0.28846153846153844,0.4423076923076923,0.038461538461538464
0.2,0.28,0.48,0.04
0.18,0.38,0.42,0.02
0.18,0.38,0.42,0.02
0.2,0.38,0.4,0.02
0.22448979591836735,0.3877551020408163,0.3673469387755102,0.02040816326530612
0.24,0.36,0.38,0.02
0.17647058823529413,0.43137254901960786,0.35294117647058826,0.0392156862745098
0.14,0.44,0.32,0.1
0.1702127659574468,0.425531914893617,0.3191489361702128,0.0851063829787234
0.17647058823529413,0.4117647058823529,0.27450980392156865,0.13725490196078433
0.1836734693877551,0.3877551020408163,0.2653061224489796,0.16326530612244897
0.2708333333333333,0.4166666666666667,0.1875,0.125
0.19148936170212766,0.44680851063829785,0.2127659574468085,0.14893617021276595
0.1956521739130435,0.5,0.17391304347826086,0.13043478260869565
0.2553191489361702,0.3829787234042553,0.2127659574468085,0.14893617021276595
0.2391304347826087,0.3695652173913043,0.21739130434782608,0.17391304347826086
0.1875,0.4583333333333333,0.16666666666666666,0.1875
0.2222222222222222,0.4444444444444444,0.2222222222222222,0.1111111111111111
0.23255813953488372,0.4186046511627907,0.16279069767441862,0.18604651162790697
0.24444444444444444,0.4222222222222222,0.15555555555555556,0.17777777777777778
0.2222222222222222,0.4444444444444444,0.2222222222222222,0.1111111111111111
0.2127659574468085,0.40425531914893614,0.2765957446808511,0.10638297872340426
0.2765957446808511,0.3829787234042553,0.23404255319148937,0.10638297872340426
0.2653061224489796,0.4489795918367347,0.24489795918367346,0.04081632653061224
0.24,0.46,0.26,0.04
0.23529411764705882,0.47058823529411764,0.27450980392156865,0.0196078431372549
0.21153846153846154,0.5192307692307693,0.25,0.019230769230769232
0.18181818181818182,0.5272727272727272,0.2727272727272727,0.01818181818181818
0.2,0.5454545454545454,0.2545454545454545,0.0
0.21818181818181817,0.4727272727272727,0.3090909090909091,0.0
0.10909090909090909,0.4727272727272727,0.41818181818181815,0.0
0.1111111111111111,0.48148148148148145,0.4074074074074074,0.0
0.10909090909090909,0.5272727272727272,0.36363636363636365,0.0
0.17543859649122806,0.47368421052631576,0.3333333333333333,0.017543859649122806
0.15254237288135594,0.5084745762711864,0.3050847457627119,0.03389830508474576
0.12903225806451613,0.5161290322580645,0.3064516129032258,0.04838709677419355
0.07936507936507936,0.5873015873015873,0.2857142857142857,0.047619047619047616
0.11940298507462686,0.47761194029850745,0.34328358208955223,0.05970149253731343
0.13432835820895522,0.5223880597014925,0.2835820895522388,0.05970149253731343
0.13846153846153847,0.6,0.2153846153846154,0.046153846153846156
0.12121212121212122,0.696969696969697,0.18181818181818182,0.0
0.13432835820895522,0.7611940298507462,0.1044776119402985,0.0
0.1111111111111111,0.7936507936507936,0.09523809523809523,0.0
0.171875,0.71875,0.109375,0.0
0.15942028985507245,0.7536231884057971,0.08695652173913043,0.0
0.16176470588235295,0.7352941176470589,0.07352941176470588,0.029411764705882353
0.2222222222222222,0.6805555555555556,0.05555555555555555,0.041666666666666664
0.1917808219178082,0.7123287671232876,0.0547945205479452,0.0410958904109589
0.20833333333333334,0.7083333333333334,0.05555555555555555,0.027777777777777776
0.19444444444444445,0.6666666666666666,0.09722222222222222,0.041666666666666664
0.15942028985507245,0.6376811594202898,0.15942028985507245,0.043478260869565216
0.14705882352941177,0.6911764705882353,0.11764705882352941,0.04411764705882353
0.13043478260869565,0.6521739130434783,0.14492753623188406,0.07246376811594203
0.15714285714285714,0.6285714285714286,0.14285714285714285,0.07142857142857142
0.2,0.5857142857142857,0.14285714285714285,0.07142857142857142
0.19117647058823528,0.6029411764705882,0.14705882352941177,0.058823529411764705
0.2028985507246377,0.6231884057971014,0.11594202898550725,0.057971014492753624
0.17142857142857143,0.6285714285714286,0.1,0.1
0.10144927536231885,0.6811594202898551,0.08695652173913043,0.13043478260869565
0.14285714285714285,0.6428571428571429,0.08571428571428572,0.12857142857142856
0.14925373134328357,0.6119402985074627,0.1044776119402985,0.13432835820895522
0.1076923076923077,0.6461538461538462,0.07692307692307693,0.16923076923076924
0.171875,0.625,0.078125,0.125
0.15625,0.625,0.078125,0.140625
0.14285714285714285,0.6190476190476191,0.09523809523809523,0.14285714285714285
0.0967741935483871,0.6774193548387096,0.08064516129032258,0.14516129032258066
0.13114754098360656,0.5737704918032787,0.08196721311475409,0.21311475409836064
0.03225806451612903,0.5967741935483871,0.11290322580645161,0.25806451612903225
0.06349206349206349,0.6190476190476191,0.12698412698412698,0.19047619047619047
0.140625,0.546875,0.140625,0.171875
0.11940298507462686,0.4925373134328358,0.16417910447761194,0.22388059701492538
0.14705882352941177,0.4264705882352941,0.17647058823529413,0.25
0.16176470588235295,0.4411764705882353,0.17647058823529413,0.22058823529411764
0.14705882352941177,0.39705882352941174,0.16176470588235295,0.29411764705882354
0.17647058823529413,0.36764705882352944,0.14705882352941177,0.3088235294117647
0.16176470588235295,0.3382352941176471,0.20588235294117646,0.29411764705882354
0.125,0.40625,0.21875,0.25
0.12903225806451613,0.41935483870967744,0.27419354838709675,0.1774193548387097
0.13793103448275862,0.43103448275862066,0.1724137931034483,0.25862068965517243
0.13559322033898305,0.4406779661016949,0.15254237288135594,0.2711864406779661
0.14754098360655737,0.45901639344262296,0.14754098360655737,0.2459016393442623
0.16666666666666666,0.4666666666666667,0.1,0.26666666666666666
0.21666666666666667,0.45,0.1,0.23333333333333334
0.25806451612903225,0.45161290322580644,0.08064516129032258,0.20967741935483872
0.25,0.4666666666666667,0.06666666666666667,0.21666666666666667
0.2833333333333333,0.43333333333333335,0.03333333333333333,0.25
0.3225806451612903,0.3548387096774194,0.04838709677419355,0.27419354838709675
0.34375,0.328125,0.03125,0.296875
0.38095238095238093,0.2698412698412698,0.031746031746031744,0.31746031746031744
0.31746031746031744,0.36507936507936506,0.015873015873015872,0.30158730158730157
0.36065573770491804,0.3442622950819672,0.0,0.29508196721311475
0.3333333333333333,0.36666666666666664,0.0,0.3
0.3728813559322034,0.3220338983050847,0.01694915254237288,0.288135593220339
0.3793103448275862,0.3448275862068966,0.0,0.27586206896551724
0.2833333333333333,0.4166666666666667,0.0,0.3
0.26229508196721313,0.4426229508196721,0.01639344262295082,0.2786885245901639
0.28125,0.4375,0.015625,0.265625
0.3181818181818182,0.3787878787878788,0.045454545454545456,0.25757575757575757
0.3582089552238806,0.40298507462686567,0.014925373134328358,0.22388059701492538
0.27692307692307694,0.49230769230769234,0.015384615384615385,0.2153846153846154
0.3125,0.453125,0.015625,0.21875
0.28125,0.515625,0.03125,0.171875
0.25,0.53125,0.03125,0.1875
0.24615384615384617,0.5230769230769231,0.06153846153846154,0.16923076923076924
0.26865671641791045,0.5522388059701493,0.05970149253731343,0.11940298507462686
0.2,0.5692307692307692,0.06153846153846154,0.16923076923076924
0.2923076923076923,0.5538461538461539,0.03076923076923077,0.12307692307692308
0.2537313432835821,0.5373134328358209,0.07462686567164178,0.13432835820895522
0.2714285714285714,0.5571428571428572,0.11428571428571428,0.05714285714285714
0.28169014084507044,0.5633802816901409,0.09859154929577464,0.056338028169014086
0.2857142857142857,0.5285714285714286,0.1,0.08571428571428572
0.3142857142857143,0.4857142857142857,0.08571428571428572,0.11428571428571428
0.35294117647058826,0.4411764705882353,0.10294117647058823,0.10294117647058823
0.35714285714285715,0.44285714285714284,0.1,0.1
0.3235294117647059,0.4852941176470588,0.08823529411764706,0.10294117647058823
0.3235294117647059,0.4852941176470588,0.058823529411764705,0.1323529411764706
0.3088235294117647,0.47058823529411764,0.058823529411764705,0.16176470588235295
0.3088235294117647,0.4852941176470588,0.029411764705882353,0.17647058823529413
0.2835820895522388,0.47761194029850745,0.014925373134328358,0.22388059701492538
0.3076923076923077,0.4461538461538462,0.03076923076923077,0.2153846153846154
