R,A,S,N
0.0,0.0,0.0,1.0
0.0,0.0,0.3333333333333333,0.6666666666666666
0.14285714285714285,0.0,0.2857142857142857,0.5714285714285714
0.13333333333333333,0.13333333333333333,0.26666666666666666,0.4666666666666667
0.14545454545454545,0.12727272727272726,0.32727272727272727,0.4
0.1368421052631579,0.11578947368421053,0.37894736842105264,0.3684210526315789
0.19205298013245034,0.11920529801324503,0.3509933774834437,0.33774834437086093
0.23348017621145375,0.09691629955947137,0.36123348017621143,0.30837004405286345
0.2476780185758514,0.11764705882352941,0.34674922600619196,0.28792569659442724
0.24887892376681614,0.13901345291479822,0.3475336322869955,0.2645739910313901
0.2461799660441426,0.16129032258064516,0.34295415959252973,0.2495755517826825
0.24601063829787234,0.19414893617021275,0.32845744680851063,0.23138297872340424
0.24193548387096775,0.2172043010752688,0.31827956989247314,0.22258064516129034
0.23628318584070795,0.22566371681415928,0.3238938053097345,0.21415929203539824
0.22380239520958084,0.24850299401197604,0.31736526946107785,0.21032934131736528
0.22827496757457846,0.25745784695201035,0.30609597924773024,0.20817120622568094
0.2220950200343446,0.2650257584430452,0.3010875787063538,0.21179164281625643
0.22032141005702435,0.2664593053395542,0.2991187143597719,0.21410057024364956
0.22447013487475914,0.2678227360308285,0.2866088631984586,0.22109826589595374
0.22398909586551569,0.271240345297592,0.28577919127669243,0.2189913675601999
0.22358078602620088,0.26724890829694326,0.28209606986899566,0.22707423580786026
0.2241452089489236,0.26593499366821444,0.28239763613338964,0.22752216124947236
0.2317473338802297,0.258408531583265,0.27645611156685806,0.23338802296964725
0.2380377965420185,0.2565339766787294,0.27141133896260555,0.23401688781664656
0.23819055244195356,0.25980784627702164,0.2674139311449159,0.2345876701361089
0.2424,0.2632,0.266,0.2284
0.2432,0.2616,0.2636,0.2316
0.24489795918367346,0.2601040416166467,0.264905962384954,0.2300920368147259
0.2468,0.2584,0.256,0.2388
0.2488,0.26,0.2576,0.2336
0.24289715886354543,0.26370548219287715,0.2553021208483393,0.23809523809523808
0.2428,0.26,0.2548,0.2424
0.24369747899159663,0.25570228091236497,0.25250100040016005,0.24809923969587835
0.2424,0.2568,0.2524,0.2484
0.2372,0.254,0.2564,0.2524
0.23609443777511005,0.2545018007202881,0.2541016406562625,0.2553021208483393
0.2364,0.2592,0.2484,0.256
0.2356,0.2628,0.248,0.2536
0.2324,0.2704,0.246,0.2512
0.23698959167333866,0.2674139311449159,0.2433947157726181,0.2522017614091273
0.2396,0.2636,0.2452,0.2516
0.2376,0.2676,0.2436,0.2512
0.2396,0.2612,0.25,0.2492
0.2352,0.2636,0.2552,0.246
0.2384,0.2608,0.2596,0.2412
0.24489795918367346,0.26810724289715887,0.2553021208483393,0.23169267707082833
0.2392,0.2668,0.2556,0.2384
0.2492,0.2628,0.2488,0.2392
0.2472,0.2596,0.2552,0.238
0.2524,0.2544,0.2528,0.2404
0.258,0.2464,0.248,0.2476
0.254,0.2512,0.242,0.2528
0.2472,0.2528,0.2424,0.2576
0.2456,0.2536,0.2448,0.256
0.2488,0.256,0.2448,0.2504
0.2476,0.2564,0.2428,0.2532
0.2424,0.2568,0.2452,0.2556
0.2376,0.2636,0.2476,0.2512
0.2432,0.2628,0.2504,0.2436
0.2388955582232893,0.25930372148859543,0.2549019607843137,0.24689875950380152
0.2396,0.2636,0.2572,0.2396
0.2488,0.254,0.2552,0.242
0.24849939975990396,0.2553021208483393,0.2533013205282113,0.24289715886354543
0.2444,0.2552,0.2536,0.2468
0.2448,0.2612,0.2532,0.2408
0.2444,0.2688,0.252,0.2348
0.2476,0.2704,0.2504,0.2316
0.2424,0.2652,0.2544,0.238
0.2404,0.264,0.2572,0.2384
0.24409763905562226,0.2601040416166467,0.25770308123249297,0.23809523809523808
0.2492,0.2624,0.2484,0.24
0.2496,0.2628,0.2484,0.2392
0.2504,0.2632,0.252,0.2344
0.2508,0.2604,0.2544,0.2344
0.2576,0.2584,0.2516,0.2324
0.2528,0.2608,0.2536,0.2328
0.2468,0.2584,0.2536,0.2412
0.2464,0.2568,0.2528,0.244
0.2468,0.2576,0.2476,0.248
0.2476,0.2624,0.2436,0.2464
0.2424,0.268,0.25,0.2396
0.2436,0.2636,0.2516,0.2412
0.2456,0.2596,0.2568,0.238
0.24929971988795518,0.25970388155262103,0.25970388155262103,0.23129251700680273
0.2484,0.2564,0.2568,0.2384
0.244,0.256,0.2632,0.2368
0.24689875950380152,0.2537014805922369,0.26410564225690275,0.23529411764705882
0.25210084033613445,0.2537014805922369,0.25690276110444177,0.23729491796718688
0.2456,0.2548,0.2576,0.242
0.244,0.2588,0.254,0.2432
0.24449779911964786,0.25210084033613445,0.25770308123249297,0.2456982793117247
0.2444,0.2468,0.2604,0.2484
0.2468,0.246,0.2564,0.2508
0.2452,0.2404,0.2596,0.2548
0.2492,0.246,0.256,0.2488
0.2548,0.244,0.2556,0.2456
0.25290116046418565,0.2452981192476991,0.2585034013605442,0.24329731892757103
0.2584,0.2424,0.2608,0.2384
0.256,0.2424,0.2648,0.2368
0.2516,0.2436,0.2708,0.234
0.25690276110444177,0.24689875950380152,0.26730692276910767,0.22889155662264907
0.2572,0.2452,0.268,0.2296
0.262,0.2368,0.2616,0.2396
0.2652,0.2388,0.2576,0.2384
0.2632,0.2384,0.26,0.2384
0.2657062825130052,0.24489795918367346,0.2533013205282113,0.23609443777511005
0.2644,0.2512,0.2436,0.2408
0.2676,0.25,0.2456,0.2368
0.26410564225690275,0.24889955982392958,0.24649859943977592,0.24049619847939174
0.2624,0.2484,0.2436,0.2456
0.2616,0.2456,0.2428,0.25
0.2664,0.2376,0.2476,0.2484
0.2604,0.2396,0.254,0.246
0.2592,0.2392,0.2548,0.2468
0.2608,0.2448,0.2492,0.2452
0.2612,0.244,0.2492,0.2456
0.2604,0.242,0.2552,0.2424
0.264,0.2364,0.2512,0.2484
0.2644,0.236,0.2568,0.2428
0.2624,0.2376,0.2512,0.2488
0.2588,0.2388,0.2536,0.2488
0.2632,0.236,0.248,0.2528
0.2604,0.2356,0.2476,0.2564
0.25770308123249297,0.23689475790316125,0.25290116046418565,0.25250100040016005
0.2581032412965186,0.23489395758303322,0.2601040416166467,0.24689875950380152
0.2572,0.242,0.2564,0.2444
0.2556,0.2404,0.2588,0.2452
0.2512,0.2356,0.2636,0.2496
0.2488,0.238,0.2676,0.2456
0.248,0.2428,0.2644,0.2448
0.2488,0.2408,0.2652,0.2452
0.2512,0.2356,0.2664,0.2468
0.25570228091236497,0.22969187675070027,0.26770708283313327,0.24689875950380152
0.2524,0.2324,0.2612,0.254
0.2512,0.2288,0.2644,0.2556
0.2556,0.2328,0.2576,0.254
0.25210084033613445,0.23609443777511005,0.2605042016806723,0.25130052020808324
0.2536,0.2328,0.2644,0.2492
0.25,0.236,0.2604,0.2536
0.250500200080032,0.2388955582232893,0.25770308123249297,0.25290116046418565
0.2581032412965186,0.23729491796718688,0.2533013205282113,0.25130052020808324
0.2556,0.2436,0.2536,0.2472
0.25730292116846737,0.24649859943977592,0.2501000400160064,0.2460984393757503
0.248,0.2448,0.2576,0.2496
0.2508,0.2416,0.2632,0.2444
0.2508,0.2396,0.2644,0.2452
0.2564,0.2384,0.262,0.2432
0.258,0.238,0.2568,0.2472
0.2584,0.242,0.2544,0.2452
0.2616,0.2412,0.2488,0.2484
0.2581032412965186,0.24489795918367346,0.2452981192476991,0.25170068027210885
0.24859887910328263,0.2546036829463571,0.244595676541233,0.2522017614091273
0.2552,0.2484,0.248,0.2484
0.2552,0.246,0.2524,0.2464
0.2532,0.25,0.2556,0.2412
0.25130052020808324,0.24649859943977592,0.25970388155262103,0.2424969987995198
0.2568,0.2512,0.2556,0.2364
0.258,0.2464,0.2532,0.2424
0.2624,0.2488,0.2536,0.2352
0.2693077230892357,0.2424969987995198,0.2541016406562625,0.234093637454982
0.2728,0.2428,0.2488,0.2356
0.2716,0.2412,0.2452,0.242
0.2652,0.24,0.2448,0.25
0.2664,0.232,0.248,0.2536
0.2636,0.2368,0.2476,0.252
0.2648,0.2456,0.2488,0.2408
0.2608,0.2484,0.2548,0.236
0.26,0.2404,0.258,0.2416
0.2624,0.2356,0.2604,0.2416
0.2616,0.2368,0.2608,0.2408
0.2528,0.2348,0.2584,0.254
0.2484,0.2324,0.2648,0.2544
0.2468,0.234,0.2664,0.2528
0.2508,0.2312,0.2652,0.2528
0.24849939975990396,0.23289315726290516,0.26450580232092835,0.2541016406562625
0.24809923969587835,0.22809123649459784,0.26770708283313327,0.25610244097639057
0.2524,0.2264,0.2648,0.2564
0.2544,0.2284,0.2628,0.2544
0.2464,0.2348,0.2612,0.2576
0.2516,0.2396,0.256,0.2528
0.2496,0.2408,0.2572,0.2524
0.2456,0.2476,0.2552,0.2516
0.2436,0.2492,0.2584,0.2488
0.2484,0.244,0.2552,0.2524
0.2456,0.2372,0.2592,0.258
0.2476,0.2396,0.2532,0.2596
0.2492,0.2372,0.254,0.2596
0.24929971988795518,0.23729491796718688,0.25970388155262103,0.2537014805922369
0.2512,0.2328,0.2636,0.2524
0.254,0.2292,0.2664,0.2504
0.2536,0.2344,0.2592,0.2528
0.2609043617446979,0.22929171668667467,0.2617046818727491,0.24809923969587835
0.2596,0.232,0.2596,0.2488
0.2556,0.2312,0.2592,0.254
0.2572,0.2328,0.2584,0.2516
0.2532,0.236,0.2588,0.252
0.2536,0.2352,0.2564,0.2548
0.2492,0.2392,0.2556,0.256
0.252,0.2436,0.2548,0.2496
0.2548,0.2468,0.2484,0.25
0.2568,0.244,0.2492,0.25
0.25250100040016005,0.23769507803121248,0.24969987995198079,0.2601040416166467
0.2536,0.2412,0.2512,0.254
0.254,0.246,0.2492,0.2508
0.2552,0.2428,0.25,0.252
0.2524,0.2436,0.2516,0.2524
0.252,0.24,0.2524,0.2556
0.25090036014405764,0.2392957182873149,0.2545018007202881,0.2553021208483393
0.2504,0.2364,0.2596,0.2536
0.2492,0.2404,0.2576,0.2528
0.24849939975990396,0.24449779911964786,0.2581032412965186,0.24889955982392958
0.2448,0.2484,0.2592,0.2476
0.2404,0.2584,0.2596,0.2416
0.2424969987995198,0.25290116046418565,0.25930372148859543,0.2452981192476991
0.2396,0.2544,0.2592,0.2468
0.2436,0.2528,0.2548,0.2488
0.2448,0.2568,0.2484,0.25
0.248,0.258,0.2412,0.2528
0.2549019607843137,0.25770308123249297,0.2416966786714686,0.2456982793117247
0.256,0.2564,0.2412,0.2464
0.2566052842273819,0.25500400320256206,0.2409927942353883,0.24739791833466773
0.2648,0.2524,0.2384,0.2444
0.26,0.2524,0.2392,0.2484
0.264905962384954,0.24929971988795518,0.23969587835134054,0.2460984393757503
0.2704,0.2472,0.2356,0.2468
0.2684,0.2472,0.2352,0.2492
0.2704,0.246,0.2372,0.2464
0.264,0.246,0.2408,0.2492
0.2616,0.2468,0.2488,0.2428
0.256,0.2464,0.2452,0.2524
0.2596,0.2436,0.2472,0.2496
0.2628,0.2436,0.242,0.2516
0.2556,0.2476,0.2452,0.2516
0.2536,0.2484,0.2472,0.2508
0.2584,0.2504,0.2432,0.248
0.256,0.254,0.2432,0.2468
0.2502001601281025,0.2514011208967174,0.24379503602882305,0.2546036829463571
0.23969587835134054,0.25730292116846737,0.24769907963185275,0.2553021208483393
0.24089635854341737,0.24969987995198079,0.24969987995198079,0.25970388155262103
0.2377902321857486,0.25060048038430743,0.2514011208967174,0.2602081665332266
0.24049619847939174,0.24889955982392958,0.24689875950380152,0.26370548219287715
0.2472,0.2448,0.248,0.26
0.2432,0.2464,0.2496,0.2608
0.2424969987995198,0.24729891956782712,0.2549019607843137,0.2553021208483393
0.2456982793117247,0.24649859943977592,0.25170068027210885,0.25610244097639057
0.248,0.2472,0.2532,0.2516
0.2484,0.2528,0.2476,0.2512
0.2464,0.2512,0.2472,0.2552
0.248,0.2492,0.2464,0.2564
0.2468,0.2536,0.2464,0.2532
0.2448,0.254,0.2436,0.2576
0.2456,0.2516,0.2508,0.252
0.252,0.2488,0.2456,0.2536
0.258,0.25,0.2416,0.2504
0.2616,0.2452,0.2464,0.2468
0.25570228091236497,0.2533013205282113,0.24009603841536614,0.25090036014405764
0.256,0.2516,0.2428,0.2496
0.2484,0.2536,0.2444,0.2536
0.2484,0.2552,0.2444,0.252
0.2456,0.2616,0.2416,0.2512
0.2452,0.2592,0.244,0.2516
0.24329731892757103,0.2581032412965186,0.24889955982392958,0.24969987995198079
0.242,0.2624,0.2476,0.248
0.24449779911964786,0.26330532212885155,0.2452981192476991,0.24689875950380152
0.2416,0.2704,0.2452,0.2428
0.2468,0.2648,0.2444,0.244
0.2448,0.2636,0.2428,0.2488
0.2496,0.2668,0.2388,0.2448
0.2484,0.2632,0.2356,0.2528
0.25090036014405764,0.26730692276910767,0.2344937975190076,0.24729891956782712
0.2501000400160064,0.2609043617446979,0.23969587835134054,0.24929971988795518
0.2528,0.2612,0.2368,0.2492
0.2472,0.26,0.2408,0.252
0.2532,0.2608,0.2408,0.2452
0.2592,0.2572,0.2436,0.24
0.25210084033613445,0.26450580232092835,0.2420968387354942,0.24129651860744297
0.248,0.2688,0.2448,0.2384
0.24729891956782712,0.27010804321728693,0.2424969987995198,0.24009603841536614
0.24649859943977592,0.26770708283313327,0.2424969987995198,0.24329731892757103
0.2448,0.2708,0.2392,0.2452
0.24449779911964786,0.2693077230892357,0.24369747899159663,0.2424969987995198
0.2436,0.264,0.2488,0.2436
0.2472,0.2616,0.2508,0.2404
0.2408,0.2576,0.2572,0.2444
0.248,0.2528,0.2568,0.2424
0.248,0.2524,0.2556,0.244
0.25,0.2536,0.2472,0.2492
0.2448,0.2524,0.2504,0.2524
0.248,0.2492,0.2484,0.2544
0.2476,0.2492,0.25,0.2532
0.2528,0.248,0.2444,0.2548
0.2516,0.2492,0.2436,0.2556
0.2484,0.2464,0.2448,0.2604
0.2492,0.248,0.2436,0.2592
0.252,0.246,0.246,0.256
0.2604,0.2372,0.2444,0.258
0.2616,0.2348,0.2448,0.2588
0.2684,0.23,0.2504,0.2512
0.266,0.232,0.2492,0.2528
0.2664,0.2348,0.2464,0.2524
0.2708,0.2388,0.2412,0.2492
0.2644,0.2376,0.2432,0.2548
0.2672,0.2384,0.2412,0.2532
0.268,0.2336,0.2408,0.2576
0.268,0.2356,0.238,0.2584
0.2696,0.2312,0.2412,0.258
0.2652,0.2384,0.2396,0.2568
0.264,0.2352,0.2412,0.2596
0.26,0.2456,0.2392,0.2552
0.2628,0.2468,0.2388,0.2516
0.25970388155262103,0.24289715886354543,0.24689875950380152,0.250500200080032
0.2549019607843137,0.2416966786714686,0.2553021208483393,0.24809923969587835
0.25130052020808324,0.23809523809523808,0.25930372148859543,0.25130052020808324
0.25650260104041617,0.2344937975190076,0.2585034013605442,0.250500200080032
0.25290116046418565,0.2272909163665466,0.26730692276910767,0.25250100040016005
0.254,0.226,0.266,0.254
0.254,0.2292,0.264,0.2528
0.2508,0.2408,0.2564,0.252
0.24579663730984788,0.2433947157726181,0.26060848678943155,0.2502001601281025
0.2424,0.2448,0.2624,0.2504
0.2468,0.2428,0.2624,0.248
0.24969987995198079,0.24689875950380152,0.25610244097639057,0.24729891956782712
0.2548,0.248,0.2444,0.2528
0.2552,0.2544,0.2404,0.25
0.2528,0.2496,0.2416,0.256
0.2504,0.2516,0.24,0.258
0.2548,0.2452,0.2404,0.2596
0.25570228091236497,0.24809923969587835,0.23769507803121248,0.2585034013605442
0.2544,0.2492,0.2348,0.2616
0.2504,0.2464,0.2412,0.262
0.252,0.2464,0.2432,0.2584
0.25090036014405764,0.24409763905562226,0.2452981192476991,0.25970388155262103
0.2536,0.2396,0.2444,0.2624
0.25,0.2396,0.2408,0.2696
0.254,0.2388,0.2356,0.2716
0.25770308123249297,0.23969587835134054,0.23689475790316125,0.2657062825130052
0.25930372148859543,0.24289715886354543,0.23569427771108442,0.2621048419367747
0.2548,0.2484,0.2348,0.262
0.2536,0.2524,0.2328,0.2612
0.2544,0.2456,0.236,0.264
0.2512,0.2436,0.2408,0.2644
0.2572,0.236,0.2368,0.27
0.2576,0.2356,0.2404,0.2664
0.26,0.2408,0.2356,0.2636
0.2568,0.2488,0.2328,0.2616
0.2572,0.2492,0.232,0.2616
0.2544,0.2512,0.23,0.2644
0.24849939975990396,0.25890356142456983,0.22849139655862344,0.26410564225690275
0.2392,0.2636,0.2332,0.264
0.23609443777511005,0.26290516206482595,0.2392957182873149,0.2617046818727491
0.2364,0.2588,0.2492,0.2556
0.2356,0.2608,0.2504,0.2532
0.2376,0.2648,0.2524,0.2452
0.242,0.2592,0.2568,0.242
0.2388955582232893,0.2609043617446979,0.25250100040016005,0.24769907963185275
0.2352,0.2648,0.2484,0.2516
0.2392,0.2608,0.2496,0.2504
0.2388,0.2576,0.254,0.2496
0.2408,0.2576,0.2536,0.248
0.2376,0.2632,0.2544,0.2448
0.2472,0.258,0.248,0.2468
0.2488,0.2492,0.2556,0.2464
0.2468,0.2532,0.254,0.246
0.254,0.2468,0.2484,0.2508
0.25210084033613445,0.25170068027210885,0.2460984393757503,0.2501000400160064
0.24809923969587835,0.2501000400160064,0.24889955982392958,0.25290116046418565
0.244,0.2476,0.2528,0.2556
0.2477982385908727,0.2421937550040032,0.25500400320256206,0.25500400320256206
0.2436,0.2484,0.2492,0.2588
0.2472,0.2468,0.2456,0.2604
0.246,0.246,0.2468,0.2612
0.2476,0.248,0.2444,0.26
0.2460984393757503,0.2460984393757503,0.2456982793117247,0.2621048419367747
0.25250100040016005,0.25090036014405764,0.24369747899159663,0.25290116046418565
0.2524,0.2476,0.2476,0.2524
0.2532,0.2452,0.2512,0.2504
0.2528,0.2464,0.2476,0.2532
0.2556,0.2448,0.2468,0.2528
0.25170068027210885,0.25250100040016005,0.24489795918367346,0.25090036014405764
0.2532,0.2512,0.2476,0.248
0.2532,0.2496,0.248,0.2492
0.256,0.2452,0.2496,0.2492
0.2552,0.2488,0.2476,0.2484
0.2524,0.2488,0.2532,0.2456
0.2568,0.2504,0.2556,0.2372
0.2548,0.2584,0.2512,0.2356
0.2508,0.2672,0.2504,0.2316
0.2528,0.2656,0.2492,0.2324
0.254,0.2672,0.2476,0.2312
0.2528,0.2696,0.2392,0.2384
0.2532,0.2688,0.2428,0.2352
0.248,0.2656,0.2456,0.2408
0.2456982793117247,0.26850740296118447,0.24689875950380152,0.2388955582232893
0.2488,0.2664,0.2484,0.2364
0.2516,0.264,0.2472,0.2372
0.254,0.2612,0.2472,0.2376
0.2516,0.2576,0.2492,0.2416
0.2516,0.2564,0.2588,0.2332
0.254,0.2548,0.2524,0.2388
0.2612,0.2508,0.2528,0.2352
0.268,0.2468,0.2472,0.238
0.2689075630252101,0.24089635854341737,0.24929971988795518,0.24089635854341737
0.2664,0.2404,0.2524,0.2408
0.2684,0.2404,0.2536,0.2376
0.266,0.2452,0.2516,0.2372
0.2584,0.2448,0.2564,0.2404
0.26,0.2424,0.2572,0.2404
0.26770708283313327,0.24049619847939174,0.25210084033613445,0.23969587835134054
0.27,0.2472,0.2448,0.238
0.2652,0.2444,0.2444,0.246
0.2661064425770308,0.24009603841536614,0.24769907963185275,0.2460984393757503
0.2656,0.2368,0.2484,0.2492
0.2621048419367747,0.24009603841536614,0.24729891956782712,0.250500200080032
0.2592,0.2436,0.2488,0.2484
0.2568,0.2424,0.2488,0.252
0.2496,0.2408,0.2532,0.2564
0.254,0.24,0.2512,0.2548
0.254,0.2408,0.25,0.2552
0.2549019607843137,0.23769507803121248,0.24929971988795518,0.2581032412965186
0.2576,0.2376,0.2524,0.2524
0.2551061273528234,0.23908690428514218,0.2543051661994393,0.2515018021625951
0.254,0.2408,0.2556,0.2496
0.2548,0.2432,0.2512,0.2508
0.2548,0.2404,0.2532,0.2516
0.256,0.24,0.2524,0.2516
0.25570228091236497,0.23809523809523808,0.26250500200080035,0.24369747899159663
0.2524,0.2416,0.2612,0.2448
0.2492,0.2416,0.2636,0.2456
0.2496,0.2408,0.2616,0.248
0.2528,0.2448,0.2544,0.248
0.256,0.2416,0.2556,0.2468
0.2552,0.2448,0.2572,0.2428
0.254,0.248,0.2536,0.2444
0.2576,0.2444,0.2504,0.2476
0.2604,0.2444,0.2496,0.2456
0.2596,0.2384,0.2516,0.2504
0.2548,0.2344,0.2568,0.254
0.2544,0.2332,0.2572,0.2552
0.256,0.2344,0.2588,0.2508
0.258,0.2388,0.254,0.2492
0.2552,0.2392,0.2556,0.25
0.2568,0.2384,0.2568,0.248
0.256,0.2368,0.2568,0.2504
0.2584,0.2384,0.2508,0.2524
0.26,0.2408,0.2476,0.2516
0.2572,0.242,0.2528,0.248
0.2564,0.2456,0.2476,0.2504
0.2568,0.242,0.2536,0.2476
0.2576,0.2412,0.2528,0.2484
0.256,0.242,0.2496,0.2524
0.2556,0.2424,0.2528,0.2492
0.254,0.2524,0.252,0.2416
0.252,0.2536,0.2556,0.2388
0.244,0.2564,0.2584,0.2412
0.2416,0.2572,0.2584,0.2428
0.2392,0.2592,0.2576,0.244
0.23769507803121248,0.2585034013605442,0.2601040416166467,0.24369747899159663
0.24,0.2516,0.26,0.2484
0.2365892714171337,0.25060048038430743,0.26140912730184146,0.2514011208967174
0.2364,0.2512,0.2604,0.252
0.2384,0.254,0.2608,0.2468
0.2488,0.254,0.2536,0.2436
0.2476,0.2524,0.2524,0.2476
0.2472,0.2516,0.2512,0.25
0.2464,0.2504,0.2484,0.2548
0.2448,0.244,0.2512,0.26
0.2452,0.242,0.248,0.2648
0.24329731892757103,0.2424969987995198,0.24969987995198079,0.26450580232092835
0.252,0.2408,0.2472,0.26
0.2524,0.246,0.2436,0.258
0.2504,0.2456,0.2472,0.2568
0.2528,0.2476,0.2428,0.2568
0.254,0.2464,0.2408,0.2588
0.2548,0.2388,0.2452,0.2612
0.2488,0.2448,0.2452,0.2612
0.2556,0.2412,0.2432,0.26
0.2496,0.244,0.2484,0.258
0.24849939975990396,0.24769907963185275,0.25210084033613445,0.25170068027210885
0.2484,0.2448,0.2528,0.254
0.2444,0.2496,0.2476,0.2584
0.2472,0.2496,0.2496,0.2536
0.2484,0.2464,0.25,0.2552
0.2488,0.242,0.2552,0.254
0.2532,0.2448,0.2476,0.2544
0.2532,0.2488,0.2468,0.2512
0.2508,0.2492,0.2496,0.2504
0.25170068027210885,0.24929971988795518,0.24889955982392958,0.2501000400160064
0.2504,0.2488,0.25,0.2508
0.2492,0.2456,0.2484,0.2568
0.2496,0.2448,0.248,0.2576
0.2492,0.2388,0.2476,0.2644
0.2504,0.2336,0.2488,0.2672
0.2508,0.2276,0.2516,0.27
0.25290116046418565,0.22889155662264907,0.2501000400160064,0.26810724289715887
0.2502001601281025,0.22818254603682947,0.25060048038430743,0.2710168134507606
0.2536,0.2268,0.2536,0.266
0.25250100040016005,0.234093637454982,0.2533013205282113,0.2601040416166467
0.254,0.2388,0.2476,0.2596
0.2548,0.2456,0.2468,0.2528
0.2524,0.2424,0.2492,0.256
0.250500200080032,0.2420968387354942,0.25290116046418565,0.2545018007202881
0.2556,0.2404,0.2488,0.2552
0.2544,0.24,0.2496,0.256
0.2564,0.2468,0.248,0.2488
0.2553021208483393,0.2460984393757503,0.24649859943977592,0.25210084033613445
0.2581032412965186,0.24689875950380152,0.24449779911964786,0.250500200080032
0.2532,0.2492,0.2484,0.2492
0.256,0.2536,0.2464,0.244
0.2564,0.2544,0.2424,0.2468
0.258,0.2496,0.2424,0.25
0.2544,0.2492,0.2456,0.2508
0.2612,0.2472,0.2428,0.2488
0.268,0.2464,0.244,0.2416
0.2657062825130052,0.2424969987995198,0.24809923969587835,0.24369747899159663
0.2576,0.2428,0.2496,0.25
0.2568,0.2412,0.25,0.252
0.25930372148859543,0.23969587835134054,0.2537014805922369,0.24729891956782712
0.2549019607843137,0.24089635854341737,0.2609043617446979,0.24329731892757103
0.2476,0.2452,0.2692,0.238
0.2428,0.2424,0.2692,0.2456
0.24689875950380152,0.24089635854341737,0.26850740296118447,0.24369747899159663
0.25,0.2396,0.2716,0.2388
0.2488,0.2412,0.2696,0.2404
0.24979983987189752,0.24419535628502803,0.2654123298638911,0.24059247397918335
0.2496,0.246,0.2664,0.238
0.2496,0.2488,0.2608,0.2408
0.248,0.2524,0.262,0.2376
0.2544,0.2512,0.2592,0.2352
0.2496,0.2512,0.2588,0.2404
0.2472,0.2496,0.26,0.2432
0.2564,0.2468,0.258,0.2388
0.2544,0.248,0.2572,0.2404
0.2536,0.252,0.2524,0.242
0.2508,0.25,0.2564,0.2428
0.2496,0.2504,0.2592,0.2408
0.244,0.2464,0.2548,0.2548
0.2484,0.2436,0.25,0.258
0.2424,0.2408,0.2572,0.2596
0.2424,0.2404,0.2564,0.2608
0.238,0.2436,0.258,0.2604
0.234,0.2496,0.2604,0.256
0.2372,0.2512,0.2552,0.2564
0.2392,0.2536,0.256,0.2512
0.2376,0.2528,0.2544,0.2552
0.2412,0.2508,0.2576,0.2504
0.23969587835134054,0.25090036014405764,0.2585034013605442,0.25090036014405764
0.2448,0.2476,0.262,0.2456
0.248,0.2412,0.26,0.2508
0.246,0.2456,0.2576,0.2508
0.2468,0.2472,0.2536,0.2524
0.246,0.2468,0.252,0.2552
0.2416,0.2548,0.2516,0.252
0.23809523809523808,0.25290116046418565,0.25170068027210885,0.25730292116846737
0.23809523809523808,0.2553021208483393,0.2537014805922369,0.25290116046418565
0.2404,0.2596,0.2488,0.2512
0.2416,0.2568,0.2484,0.2532
0.2432,0.254,0.2512,0.2516
0.2528,0.2532,0.2448,0.2492
0.252,0.2576,0.2432,0.2472
0.2552,0.2512,0.2464,0.2472
0.2496,0.2496,0.2536,0.2472
0.2472,0.2536,0.2488,0.2504
0.2496,0.2504,0.252,0.248
0.2552,0.2524,0.2512,0.2412
0.2588,0.2484,0.2496,0.2432
0.2596,0.254,0.2472,0.2392
0.2528,0.2568,0.2508,0.2396
0.2568,0.26,0.2432,0.24
0.2536,0.26,0.244,0.2424
0.2545018007202881,0.25650260104041617,0.2452981192476991,0.24369747899159663
0.25250100040016005,0.25730292116846737,0.24649859943977592,0.24369747899159663
0.246,0.256,0.2492,0.2488
0.2444,0.2604,0.25,0.2452
0.244,0.2592,0.2468,0.25
0.2424,0.266,0.2444,0.2472
0.2456,0.27,0.2416,0.2428
0.2448,0.2684,0.2444,0.2424
0.2432,0.2692,0.242,0.2456
0.2412,0.2724,0.2396,0.2468
0.2376,0.2764,0.2476,0.2384
0.2456,0.2748,0.242,0.2376
0.24969987995198079,0.266906762705082,0.24289715886354543,0.24049619847939174
0.24769907963185275,0.2665066026410564,0.24769907963185275,0.23809523809523808
0.2412,0.2656,0.2524,0.2408
0.242,0.2684,0.2512,0.2384
0.2428,0.264,0.2528,0.2404
0.2448,0.2616,0.258,0.2356
0.2448,0.2576,0.2596,0.238
0.2432,0.2544,0.2616,0.2408
0.2368,0.2528,0.2652,0.2452
0.244,0.2524,0.2572,0.2464
0.24,0.25,0.2592,0.2508
0.2404,0.2436,0.2632,0.2528
0.2464,0.2404,0.2648,0.2484
0.2444,0.2412,0.2656,0.2488
0.2433947157726181,0.24579663730984788,0.26461168935148116,0.24619695756605284
0.2488,0.2428,0.262,0.2464
0.248,0.25,0.2636,0.2384
0.2492,0.2452,0.2672,0.2384
0.248,0.2488,0.2624,0.2408
0.2460984393757503,0.25250100040016005,0.2613045218087235,0.24009603841536614
0.2472,0.2596,0.2536,0.2396
0.24,0.2588,0.2584,0.2428
0.2372,0.2568,0.2584,0.2476
0.2488,0.2464,0.2572,0.2476
0.2468,0.2516,0.2552,0.2464
0.24,0.2552,0.2608,0.244
0.23969587835134054,0.25250100040016005,0.26450580232092835,0.24329731892757103
0.2388955582232893,0.2613045218087235,0.25890356142456983,0.24089635854341737
0.2392,0.2628,0.26,0.238
0.2388,0.2624,0.2568,0.242
0.2376,0.2616,0.2564,0.2444
0.2404,0.2632,0.2536,0.2428
0.2396,0.2692,0.2496,0.2416
0.2424,0.2656,0.2488,0.2432
0.2428,0.2704,0.246,0.2408
0.2508,0.2604,0.248,0.2408
0.2528,0.2572,0.2488,0.2412
0.2456982793117247,0.2533013205282113,0.25170068027210885,0.24929971988795518
0.2452981192476991,0.24329731892757103,0.25610244097639057,0.2553021208483393
0.2444,0.2408,0.2576,0.2572
0.2444,0.2408,0.2528,0.262
0.24409763905562226,0.24289715886354543,0.2537014805922369,0.25930372148859543
0.246,0.2404,0.2544,0.2592
0.25,0.2412,0.2528,0.256
0.2564,0.2356,0.2568,0.2512
0.2528,0.246,0.2556,0.2456
0.2512,0.2428,0.2532,0.2528
0.2468,0.2436,0.2604,0.2492
0.2484,0.2492,0.2512,0.2512
0.2532,0.246,0.2448,0.256
0.256,0.2464,0.2432,0.2544
0.2508,0.2516,0.246,0.2516
0.254,0.2416,0.2552,0.2492
0.25570228091236497,0.23769507803121248,0.2541016406562625,0.25250100040016005
0.25770308123249297,0.23689475790316125,0.24889955982392958,0.25650260104041617
0.254,0.24,0.25,0.256
0.25650260104041617,0.2384953981592637,0.2533013205282113,0.25170068027210885
0.258,0.234,0.2544,0.2536
0.2672,0.2328,0.2532,0.2468
0.2657062825130052,0.23729491796718688,0.25130052020808324,0.2456982793117247
0.2604,0.2412,0.2492,0.2492
0.2605042016806723,0.24649859943977592,0.24649859943977592,0.24649859943977592
0.26,0.2488,0.2444,0.2468
0.2544,0.2536,0.2444,0.2476
0.2536,0.2528,0.2436,0.25
0.2536,0.2524,0.2448,0.2492
0.24889955982392958,0.2537014805922369,0.24809923969587835,0.24929971988795518
0.2472,0.2524,0.248,0.2524
0.2432,0.2516,0.2544,0.2508
0.2452,0.2448,0.2568,0.2532
0.2508,0.238,0.2536,0.2576
0.25210084033613445,0.2336934773909564,0.25690276110444177,0.25730292116846737
0.24889955982392958,0.24409763905562226,0.25210084033613445,0.2549019607843137
0.2472,0.2484,0.2528,0.2516
0.2448,0.2464,0.258,0.2508
0.2468,0.2496,0.2544,0.2492
0.2512,0.2496,0.2524,0.2468
0.246,0.252,0.2544,0.2476
0.2484,0.2508,0.2496,0.2512
0.2432,0.2516,0.25,0.2552
0.2436,0.2444,0.2564,0.2556
0.2436,0.2444,0.2532,0.2588
0.2412,0.2404,0.2568,0.2616
0.2444,0.2428,0.2492,0.2636
0.2444,0.2496,0.2472,0.2588
0.23289315726290516,0.25730292116846737,0.2452981192476991,0.26450580232092835
0.238,0.252,0.2428,0.2672
0.2404,0.2488,0.2424,0.2684
0.2496,0.248,0.24,0.2624
0.246,0.2516,0.2428,0.2596
0.2496,0.248,0.2444,0.258
0.2476,0.2528,0.2452,0.2544
0.2528,0.2488,0.2472,0.2512
0.2512,0.2468,0.2472,0.2548
0.24489795918367346,0.24889955982392958,0.25250100040016005,0.2537014805922369
0.2412,0.2524,0.2564,0.25
0.244,0.2452,0.2596,0.2512
0.24,0.2424,0.2596,0.258
0.2448,0.2492,0.2504,0.2556
0.2484,0.2404,0.2468,0.2644
0.248,0.2448,0.242,0.2652
0.2456,0.2456,0.24,0.2688
0.248,0.248,0.234,0.27
0.2552,0.2508,0.228,0.266
0.2556,0.2508,0.2308,0.2628
0.2537014805922369,0.25730292116846737,0.23169267707082833,0.25730292116846737
0.2504,0.2624,0.2308,0.2564
0.2496,0.2568,0.2324,0.2612
0.2428,0.2592,0.238,0.26
0.2388,0.2564,0.2456,0.2592
0.2392957182873149,0.25770308123249297,0.24449779911964786,0.2585034013605442
0.2384,0.2612,0.2456,0.2548
0.2388,0.2672,0.2372,0.2568
0.2288,0.2736,0.2364,0.2612
0.2296,0.2712,0.2352,0.264
0.2292,0.2688,0.2336,0.2684
0.2288,0.2672,0.2356,0.2684
0.2308,0.264,0.232,0.2732
0.2348,0.2616,0.2352,0.2684
0.22898318654923938,0.25900720576461167,0.23618895116092875,0.2758206565252202
0.23209283713485393,0.25930372148859543,0.23249299719887956,0.27611044417767105
0.2352,0.2608,0.2308,0.2732
0.2332,0.2572,0.2348,0.2748
0.238,0.256,0.236,0.27
0.244,0.2496,0.244,0.2624
0.23609443777511005,0.24969987995198079,0.2456982793117247,0.26850740296118447
0.2424,0.2488,0.2396,0.2692
0.250500200080032,0.2452981192476991,0.2392957182873149,0.264905962384954
0.24729891956782712,0.2416966786714686,0.24329731892757103,0.26770708283313327
0.2424,0.2464,0.2424,0.2688
0.2408,0.25,0.2392,0.27
0.23969587835134054,0.24969987995198079,0.24049619847939174,0.27010804321728693
0.2372,0.2548,0.2484,0.2596
0.2348,0.2552,0.2484,0.2616
0.238,0.256,0.252,0.254
0.2424,0.2516,0.2532,0.2528
0.2444,0.2488,0.2548,0.252
0.2428,0.2516,0.2544,0.2512
0.2412,0.2512,0.254,0.2536
0.2448,0.2528,0.2496,0.2528
0.2436,0.2552,0.254,0.2472
0.2448,0.2524,0.2548,0.248
0.2472,0.252,0.2588,0.242
0.2472,0.2548,0.2568,0.2412
0.24889955982392958,0.25210084033613445,0.25210084033613445,0.24689875950380152
0.25090036014405764,0.2553021208483393,0.2456982793117247,0.24809923969587835
0.2508,0.2596,0.2444,0.2452
0.2532,0.2596,0.2396,0.2476
0.2516,0.2628,0.2392,0.2464
0.2468,0.2664,0.238,0.2488
0.2552,0.264,0.2368,0.244
0.24769907963185275,0.2653061224489796,0.24089635854341737,0.2460984393757503
0.24619695756605284,0.27061649319455566,0.23939151321056845,0.24379503602882305
0.2432,0.2676,0.24,0.2492
0.250500200080032,0.2617046818727491,0.2420968387354942,0.2456982793117247
0.25380304243394713,0.25740592473979185,0.24299439551641314,0.24579663730984788
0.2524,0.2568,0.2452,0.2456
0.25610244097639057,0.25250100040016005,0.24649859943977592,0.24489795918367346
0.25610244097639057,0.25570228091236497,0.2452981192476991,0.24289715886354543
0.2516,0.2572,0.2484,0.2428
0.2528,0.258,0.25,0.2392
0.2532,0.2588,0.2508,0.2372
0.2545018007202881,0.25290116046418565,0.25770308123249297,0.23489395758303322
0.2576,0.248,0.2572,0.2372
0.2556,0.2492,0.2592,0.236
0.25500400320256206,0.24619695756605284,0.2622097678142514,0.2365892714171337
0.2532,0.2512,0.258,0.2376
0.2556,0.2496,0.2544,0.2404
0.2568,0.2468,0.2528,0.2436
0.2536,0.246,0.2564,0.244
0.2504,0.2492,0.254,0.2464
0.2496,0.2516,0.2536,0.2452
0.24809923969587835,0.2553021208483393,0.2545018007202881,0.2420968387354942
0.2456,0.2512,0.2552,0.248
0.246,0.2556,0.2464,0.252
0.2456982793117247,0.25570228091236497,0.250500200080032,0.24809923969587835
0.252,0.2508,0.2464,0.2508
0.252,0.2484,0.2496,0.25
0.2572,0.2524,0.2468,0.2436
0.2564,0.2556,0.2428,0.2452
0.2508,0.2572,0.2472,0.2448
0.2472,0.2564,0.2452,0.2512
0.246,0.2532,0.25,0.2508
0.2420968387354942,0.25570228091236497,0.25170068027210885,0.250500200080032
0.2416966786714686,0.24889955982392958,0.2549019607843137,0.2545018007202881
0.2412,0.2472,0.2576,0.254
0.238,0.246,0.2636,0.2524
0.2408,0.2384,0.2664,0.2544
0.2456,0.2388,0.2636,0.252
0.25,0.2344,0.2632,0.2524
0.2544,0.2324,0.262,0.2512
0.2512,0.2344,0.26,0.2544
0.2556,0.24,0.2548,0.2496
0.2536,0.2404,0.2508,0.2552
0.2564,0.242,0.2476,0.254
0.2584,0.2388,0.2484,0.2544
0.2585034013605442,0.23649459783913565,0.2545018007202881,0.250500200080032
0.2616,0.228,0.2536,0.2568
0.2624,0.2308,0.254,0.2528
0.2656,0.2324,0.25,0.252
0.2632,0.2336,0.2432,0.26
0.2564,0.238,0.2432,0.2624
0.2456,0.24,0.2492,0.2652
0.248,0.2404,0.2492,0.2624
0.2501000400160064,0.2392957182873149,0.24969987995198079,0.2609043617446979
0.25170068027210885,0.23809523809523808,0.2501000400160064,0.2601040416166467
0.24929971988795518,0.23969587835134054,0.25730292116846737,0.2537014805922369
0.2508,0.242,0.254,0.2532
0.2537014805922369,0.24369747899159663,0.25130052020808324,0.25130052020808324
0.252,0.2432,0.2528,0.252
0.2472,0.2476,0.2532,0.252
0.246,0.2508,0.2508,0.2524
0.2492,0.252,0.2488,0.25
0.2424969987995198,0.24809923969587835,0.25250100040016005,0.25690276110444177
0.2412,0.2472,0.2524,0.2592
0.2356,0.2428,0.2552,0.2664
0.23569427771108442,0.2456982793117247,0.25570228091236497,0.26290516206482595
0.232,0.2528,0.2528,0.2624
0.2384,0.252,0.2524,0.2572
0.238,0.2544,0.2488,0.2588
0.2392,0.2596,0.246,0.2552
0.2416,0.2544,0.2504,0.2536
0.242,0.2568,0.2508,0.2504
0.2408,0.2548,0.2536,0.2508
0.248,0.256,0.2492,0.2468
0.2444,0.2516,0.2536,0.2504
0.2452,0.2464,0.2524,0.256
0.24649859943977592,0.24689875950380152,0.25090036014405764,0.25570228091236497
0.25,0.2436,0.2532,0.2532
0.2536,0.2412,0.2572,0.248
0.252,0.2388,0.258,0.2512
0.25570228091236497,0.24409763905562226,0.25090036014405764,0.24929971988795518
0.2572,0.2448,0.2484,0.2496
0.256,0.2436,0.2536,0.2468
0.2524,0.2508,0.2552,0.2416
0.2548,0.2512,0.2472,0.2468
0.2516,0.2536,0.2508,0.244
0.25170068027210885,0.25570228091236497,0.24929971988795518,0.24329731892757103
0.2524,0.2536,0.2464,0.2476
0.2608,0.256,0.2432,0.24
0.2548,0.2564,0.2468,0.242
0.2533013205282113,0.2541016406562625,0.2424969987995198,0.2501000400160064
0.2501000400160064,0.24889955982392958,0.24769907963185275,0.2533013205282113
0.25090036014405764,0.250500200080032,0.24809923969587835,0.250500200080032
0.254,0.2508,0.246,0.2492
0.2504,0.2496,0.2408,0.2592
0.2492,0.2548,0.2416,0.2544
0.2501000400160064,0.25090036014405764,0.2460984393757503,0.25290116046418565
0.2544,0.2448,0.2468,0.254
0.2501000400160064,0.25090036014405764,0.24849939975990396,0.250500200080032
0.2532,0.2472,0.2472,0.2524
0.2564,0.2508,0.2408,0.252
0.2508,0.2448,0.248,0.2564
0.2484,0.2536,0.2408,0.2572
0.2464,0.2592,0.2368,0.2576
0.25130052020808324,0.2553021208483393,0.2424969987995198,0.25090036014405764
0.2488,0.2592,0.2424,0.2496
0.2472,0.2568,0.2408,0.2552
0.2504,0.252,0.24,0.2576
0.2432,0.2488,0.2496,0.2584
0.2452,0.2436,0.25,0.2612
0.2412,0.246,0.2536,0.2592
0.2396,0.2484,0.254,0.258
0.24489795918367346,0.24649859943977592,0.25170068027210885,0.25690276110444177
0.2452,0.2404,0.2556,0.2588
0.2492,0.2404,0.2572,0.2532
0.248,0.2388,0.2572,0.256
0.2456,0.2436,0.2612,0.2496
0.2408,0.2456,0.2608,0.2528
0.2424,0.246,0.258,0.2536
0.2444,0.2448,0.2624,0.2484
0.2528,0.242,0.2608,0.2444
0.25090036014405764,0.24809923969587835,0.2601040416166467,0.24089635854341737
0.2496,0.2532,0.2576,0.2396
0.25130052020808324,0.2533013205282113,0.25170068027210885,0.24369747899159663
0.2532,0.2456,0.2544,0.2468
0.2536,0.248,0.2508,0.2476
0.24889955982392958,0.250500200080032,0.25210084033613445,0.24849939975990396
0.2556,0.248,0.2508,0.2456
0.25650260104041617,0.24809923969587835,0.2501000400160064,0.2452981192476991
0.258,0.2464,0.2464,0.2492
0.2532,0.2408,0.2488,0.2572
0.252,0.2388,0.2488,0.2604
0.25,0.2428,0.2504,0.2568
0.2472,0.246,0.25,0.2568
0.2396,0.2492,0.2528,0.2584
0.24,0.248,0.2488,0.2632
0.2392957182873149,0.250500200080032,0.25210084033613445,0.2581032412965186
0.2396,0.2516,0.2512,0.2576
0.2416,0.2484,0.2508,0.2592
0.24489795918367346,0.24409763905562226,0.24729891956782712,0.26370548219287715
0.2388,0.2504,0.2508,0.26
0.2396,0.2468,0.2496,0.264
0.2392957182873149,0.25170068027210885,0.24769907963185275,0.2613045218087235
0.2408,0.2444,0.2512,0.2636
0.2392957182873149,0.2456982793117247,0.24929971988795518,0.2657062825130052
0.2436,0.248,0.2492,0.2592
0.238,0.2536,0.2496,0.2588
0.23939151321056845,0.2514011208967174,0.24579663730984788,0.2634107285828663
0.23649459783913565,0.2585034013605442,0.24449779911964786,0.2605042016806723
0.2424,0.2648,0.2392,0.2536
0.24329731892757103,0.26770708283313327,0.2384953981592637,0.250500200080032
0.24689875950380152,0.2689075630252101,0.23609443777511005,0.24809923969587835
0.244,0.2728,0.2368,0.2464
0.2388,0.2692,0.2392,0.2528
0.2392957182873149,0.266906762705082,0.24369747899159663,0.2501000400160064
0.2372,0.27,0.242,0.2508
0.2384,0.2748,0.2396,0.2472
0.238,0.2696,0.2448,0.2476
0.2408,0.2688,0.244,0.2464
0.2428,0.2696,0.238,0.2496
0.23649459783913565,0.26770708283313327,0.24649859943977592,0.24929971988795518
0.2376,0.264,0.2456,0.2528
0.242,0.2572,0.2536,0.2472
0.242,0.2532,0.2544,0.2504
0.2432,0.252,0.2528,0.252
0.242,0.2528,0.2532,0.252
0.2436,0.2556,0.2488,0.252
0.2396,0.2516,0.2572,0.2516
0.2456,0.25,0.2532,0.2512
0.2508,0.2512,0.2508,0.2472
0.26,0.2564,0.24,0.2436
0.2541016406562625,0.2585034013605442,0.2416966786714686,0.2456982793117247
0.24889955982392958,0.25970388155262103,0.2452981192476991,0.2460984393757503
0.2444,0.2608,0.2524,0.2424
0.2368,0.2584,0.2572,0.2476
0.2396,0.2608,0.2548,0.2448
0.2308,0.2652,0.2544,0.2496
0.2336,0.2608,0.2608,0.2448
0.23,0.2648,0.2636,0.2416
0.2336,0.2616,0.2588,0.246
0.2352,0.256,0.2644,0.2444
0.2272,0.26,0.266,0.2468
0.22457966373098479,0.2594075260208166,0.2682145716573259,0.2477982385908727
0.2252,0.2576,0.2724,0.2448
0.222,0.2592,0.2732,0.2456
0.2208,0.258,0.2696,0.2516
0.2288,0.2572,0.2628,0.2512
0.2304,0.2528,0.264,0.2528
0.22297838270616493,0.25980784627702164,0.2678142514011209,0.24939951961569257
0.224,0.2572,0.2712,0.2476
0.2244,0.2588,0.2688,0.248
0.2308,0.2572,0.2632,0.2488
0.2364,0.248,0.2656,0.25
0.2428,0.2496,0.2648,0.2428
0.2376,0.2484,0.2672,0.2468
0.232,0.2512,0.2704,0.2464
0.2304921968787515,0.25690276110444177,0.2665066026410564,0.2460984393757503
0.2276,0.2584,0.2624,0.2516
0.232,0.258,0.2644,0.2456
0.2372,0.2496,0.2656,0.2476
0.23609443777511005,0.25130052020808324,0.26410564225690275,0.24849939975990396
0.24,0.246,0.2644,0.2496
0.2332,0.2484,0.2624,0.256
0.2384,0.2432,0.2624,0.256
0.2372,0.2436,0.2596,0.2596
0.2368,0.2452,0.2592,0.2588
0.2392,0.2484,0.2584,0.254
0.2392957182873149,0.24449779911964786,0.2621048419367747,0.2541016406562625
0.238,0.246,0.2688,0.2472
0.238,0.2448,0.27,0.2472
0.23809523809523808,0.2420968387354942,0.2725090036014406,0.24729891956782712
0.24059247397918335,0.24619695756605284,0.26501200960768617,0.24819855884707767
0.23529411764705882,0.250500200080032,0.26330532212885155,0.25090036014405764
0.23729491796718688,0.24689875950380152,0.2621048419367747,0.2537014805922369
0.23809523809523808,0.24849939975990396,0.25690276110444177,0.25650260104041617
0.2316,0.2492,0.2576,0.2616
0.2312,0.2476,0.256,0.2652
0.234,0.2416,0.2552,0.2692
0.2388,0.2404,0.254,0.2668
0.2388955582232893,0.2460984393757503,0.24969987995198079,0.2653061224489796
0.2452,0.244,0.2476,0.2632
0.252,0.2428,0.2432,0.262
0.2501000400160064,0.24809923969587835,0.24689875950380152,0.2549019607843137
0.244,0.2564,0.2492,0.2504
0.2388,0.248,0.256,0.2572
0.2432,0.2492,0.2504,0.2572
0.24009603841536614,0.25290116046418565,0.2533013205282113,0.2537014805922369
0.2424,0.256,0.254,0.2476
0.2436,0.2596,0.2544,0.2424
0.2468,0.2544,0.2576,0.2412
0.2428,0.2552,0.256,0.246
0.2408,0.2568,0.2572,0.2452
0.23769507803121248,0.25970388155262103,0.25690276110444177,0.2456982793117247
0.2364,0.2652,0.2544,0.244
0.2348,0.2688,0.25,0.2464
0.2376,0.2624,0.2544,0.2456
0.2344,0.2648,0.2552,0.2456
0.2336,0.2672,0.2552,0.244
0.2412,0.2588,0.2496,0.2504
0.242,0.2572,0.2456,0.2552
0.24289715886354543,0.2549019607843137,0.24329731892757103,0.25890356142456983
0.24329731892757103,0.2585034013605442,0.2392957182873149,0.25890356142456983
0.24539631705364293,0.2610088070456365,0.24059247397918335,0.2530024019215372
0.24179343474779824,0.25740592473979185,0.24179343474779824,0.25900720576461167
0.236,0.2592,0.2424,0.2624
0.23489395758303322,0.26250500200080035,0.24489795918367346,0.25770308123249297
0.23329331732693076,0.2601040416166467,0.2424969987995198,0.26410564225690275
0.23209283713485393,0.25890356142456983,0.24369747899159663,0.2653061224489796
0.23689475790316125,0.2585034013605442,0.23969587835134054,0.264905962384954
0.2388,0.2588,0.2424,0.26
0.2344,0.2572,0.2456,0.2628
0.2424969987995198,0.25210084033613445,0.24369747899159663,0.2617046818727491
0.2444,0.2512,0.2468,0.2576
0.2388,0.25,0.2524,0.2588
0.236,0.2512,0.2544,0.2584
0.23329331732693076,0.25130052020808324,0.2601040416166467,0.2553021208483393
0.2316,0.2512,0.2648,0.2524
0.2356,0.2448,0.27,0.2496
0.2316,0.2484,0.2708,0.2492
0.2352,0.2464,0.2676,0.2508
0.24089635854341737,0.24889955982392958,0.264905962384954,0.2452981192476991
0.2456,0.2516,0.2612,0.2416
0.2476,0.254,0.256,0.2424
0.2528,0.2576,0.2504,0.2392
0.2492,0.2552,0.2516,0.244
0.246,0.26,0.2476,0.2464
0.2468,0.2524,0.2544,0.2464
0.2428,0.252,0.2596,0.2456
0.2412,0.25,0.2648,0.244
0.2412,0.246,0.2624,0.2504
0.2404,0.2496,0.2684,0.2416
0.2384,0.246,0.2688,0.2468
0.2412,0.2452,0.2636,0.25
0.23578863090472377,0.24579663730984788,0.26621297037630104,0.2522017614091273
0.2328,0.246,0.2708,0.2504
0.2328,0.25,0.2716,0.2456
0.24289715886354543,0.24809923969587835,0.266906762705082,0.2420968387354942
0.24329731892757103,0.25090036014405764,0.26450580232092835,0.24129651860744297
0.244,0.254,0.2584,0.2436
0.2396,0.2528,0.26,0.2476
0.23859087269815854,0.25180144115292236,0.25820656525220176,0.2514011208967174
0.2408,0.2496,0.256,0.2536
0.2524,0.2472,0.2512,0.2492
0.2572,0.252,0.246,0.2448
0.2576,0.2496,0.2456,0.2472
0.2552,0.2448,0.2488,0.2512
0.2548,0.2476,0.2488,0.2488
0.2504,0.2544,0.2472,0.248
0.2524,0.2512,0.2464,0.25
0.26,0.248,0.2444,0.2476
0.2585034013605442,0.24809923969587835,0.2452981192476991,0.24809923969587835
0.25290116046418565,0.25210084033613445,0.24649859943977592,0.24849939975990396
0.2504,0.2592,0.2432,0.2472
0.244,0.264,0.2436,0.2484
0.242,0.2608,0.25,0.2472
0.2448,0.2624,0.2464,0.2464
0.2424,0.2624,0.2464,0.2488
0.24489795918367346,0.2553021208483393,0.2533013205282113,0.24649859943977592
0.2424,0.2596,0.2488,0.2492
0.2444,0.258,0.2448,0.2528
0.2416,0.2596,0.2468,0.252
0.2404,0.2548,0.2496,0.2552
0.248,0.2496,0.2428,0.2596
