R,A,S,N
0.0,0.0,0.0,1.0
0.0,0.0,0.0,1.0
0.0,0.2222222222222222,0.0,0.7777777777777778
0.0,0.21428571428571427,0.07142857142857142,0.7142857142857143
0.0,0.20833333333333334,0.16666666666666666,0.625
0.0,0.25,0.175,0.575
0.0,0.30158730158730157,0.1746031746031746,0.5238095238095238
0.022988505747126436,0.3218390804597701,0.16091954022988506,0.4942528735632184
0.023622047244094488,0.3228346456692913,0.16535433070866143,0.4881889763779528
0.045454545454545456,0.2840909090909091,0.19318181818181818,0.4772727272727273
0.03389830508474576,0.3135593220338983,0.18220338983050846,0.4703389830508475
0.04516129032258064,0.32903225806451614,0.18064516129032257,0.44516129032258067
0.04702970297029703,0.32673267326732675,0.18564356435643564,0.4405940594059406
0.047619047619047616,0.3333333333333333,0.2,0.41904761904761906
0.07413249211356467,0.3264984227129338,0.1892744479495268,0.41009463722397477
0.07911802853437094,0.32814526588845655,0.19714656290531776,0.3955901426718547
0.08034744842562432,0.3322475570032573,0.21498371335504887,0.3724212812160695
0.08317757009345794,0.3299065420560748,0.21962616822429906,0.36728971962616824
0.08961474036850921,0.3274706867671692,0.211892797319933,0.3710217755443886
0.08821402747650037,0.32610267534345627,0.2096890817064353,0.3759942154736081
0.09108910891089109,0.3326732673267327,0.20066006600660066,0.37557755775577556
0.09338993329290479,0.33050333535476045,0.19769557307459065,0.3784111582777441
0.09785067873303167,0.33144796380090497,0.18665158371040724,0.38404977375565613
0.1025364274150027,0.3297355639503508,0.1802482460874258,0.3874797625472207
0.10339506172839506,0.33641975308641975,0.17592592592592593,0.38425925925925924
0.10079840319361277,0.33033932135728544,0.18163672654690619,0.3872255489021956
0.1029980657640232,0.3413926499032882,0.18133462282398452,0.3742746615087041
0.1012778040700426,0.34311405584477045,0.17936583057264552,0.3762423095125414
0.1027686532144533,0.34584702017832003,0.18535898639136555,0.3660253402158611
0.10086718393427659,0.35052487448653585,0.18028297581013236,0.3683249657690552
0.10361768646717284,0.3488164359088879,0.18267083519428315,0.3648950424296561
0.10859929078014184,0.3466312056737589,0.18262411347517732,0.362145390070922
0.1079646017699115,0.3495575221238938,0.17743362831858406,0.36504424778761063
0.11267605633802817,0.34419014084507044,0.1813380281690141,0.3617957746478873
0.11388523872098116,0.3451598773543583,0.1800262812089356,0.3609286027157249
0.1095829636202307,0.3442768411712511,0.18278615794143743,0.36335403726708076
0.1165938864628821,0.3419213973799127,0.17685589519650655,0.3646288209606987
0.12284577993813522,0.33716305788775963,0.17543084401237297,0.36456031816173223
0.1225296442687747,0.3412384716732543,0.17742643829600352,0.3588054457619675
0.12315698178664354,0.34518647007805725,0.17649609713790113,0.35516045099739807
0.12576687116564417,0.34662576687116564,0.175284837861525,0.3523225241016652
0.12483281319661169,0.34774855104770397,0.1761034329023629,0.35131520285332146
0.12510974539069358,0.3520632133450395,0.17559262510974538,0.3472344161545215
0.12677304964539007,0.34574468085106386,0.17597517730496454,0.35150709219858156
0.12417437252311757,0.349185380889476,0.17393218846323205,0.3527080581241744
0.12543859649122807,0.3416666666666667,0.17543859649122806,0.3574561403508772
0.13075910487055725,0.3391838525669153,0.17156647652479157,0.3584905660377358
0.13089937666963491,0.3379341050756901,0.1767586821015138,0.3544078361531612
0.12755555555555556,0.3377777777777778,0.17866666666666667,0.356
0.1265377855887522,0.3405096660808436,0.17794376098418277,0.35500878734622143
0.1303769401330377,0.33569844789356984,0.18137472283813746,0.352549889135255
0.12904656319290467,0.3463414634146341,0.17427937915742794,0.35033259423503327
0.13268465280849182,0.3423264042459089,0.1760283060592658,0.3489606368863335
0.13648409893992933,0.3401060070671378,0.1771201413427562,0.3462897526501767
0.13742819266460451,0.34069818824569154,0.17498895271763146,0.3468846663720725
0.1361419068736142,0.34057649667405765,0.16895787139689578,0.35432372505543236
0.13747228381374724,0.3392461197339246,0.17073170731707318,0.352549889135255
0.1450482033304119,0.33567046450482035,0.1691498685363716,0.35013146362839614
0.1547354379724322,0.33348154735437974,0.1680746998666074,0.3437083148065807
0.1583148558758315,0.33303769401330374,0.17250554323725056,0.33614190687361417
0.1627701808557565,0.33436259373621524,0.16850463167181298,0.33436259373621524
0.16456247279059644,0.326512842838485,0.16891597736177624,0.3400087070091424
0.1645458534444932,0.33304080737165426,0.16805616498464238,0.3343571741992102
0.1683650863978733,0.32653965440850685,0.1683650863978733,0.3367301727957466
0.16785079928952043,0.327708703374778,0.16873889875666073,0.33570159857904086
0.1704152249134948,0.3235294117647059,0.16911764705882354,0.3369377162629758
0.16438959894226532,0.3234905244601146,0.17320405464962538,0.3389158219479947
0.16931918656056588,0.3209549071618037,0.1724137931034483,0.33731211317418214
0.16921731526016615,0.3226934849147355,0.17184083952776563,0.33624836029733274
0.1685095090667846,0.31844316674038037,0.17779743476337903,0.335249889429456
0.17116320212295444,0.31667403803626715,0.17868199911543564,0.3334807607253428
0.17139061116031887,0.3073516386182462,0.18157661647475642,0.33968113374667847
0.16968625718073355,0.30799823243482105,0.18073353954927088,0.34158197083517455
0.17332163229486616,0.3084686265906099,0.1799034664326459,0.338306274681878
0.1747276688453159,0.30762527233115466,0.17777777777777778,0.33986928104575165
0.1777482269503546,0.3120567375886525,0.18351063829787234,0.3266843971631206
0.17743362831858406,0.31371681415929203,0.181858407079646,0.3269911504424779
0.176081200353045,0.3159752868490733,0.18623124448367168,0.32171226831421007
0.17454068241469817,0.3188976377952756,0.17935258092738407,0.32720909886264216
0.17360496014171833,0.32152347209920284,0.18467670504871567,0.3201948627103631
0.18026315789473685,0.31973684210526315,0.1837719298245614,0.3162280701754386
0.17874610938194754,0.31836371720764783,0.1858603823921743,0.3170297910182303
0.1781305114638448,0.3082010582010582,0.18738977072310406,0.3262786596119929
0.17915024091108192,0.307928164695576,0.19141480508103373,0.32150678931230836
0.1765492643780651,0.31074453856442263,0.19259919750334373,0.32010699955416855
0.17006200177147918,0.31133746678476526,0.19264836138175376,0.3259521700620018
0.16673979815708645,0.3154892496709083,0.19043440105309345,0.3273365511189118
0.16615519508987286,0.3103901797457256,0.19333625602805787,0.3301183691363437
0.1656441717791411,0.3058720420683611,0.19982471516213848,0.32865907099035935
0.1673324456280515,0.30758988015978694,0.19928983577452286,0.3257878384376387
0.16740088105726872,0.30616740088105726,0.20308370044052865,0.3233480176211454
0.16710758377425045,0.3055555555555556,0.19973544973544974,0.32760141093474426
0.17181208053691274,0.3073825503355705,0.19910514541387025,0.32170022371364654
0.17142857142857143,0.3064935064935065,0.19567099567099566,0.3264069264069264
0.17127564674397858,0.3024085637823372,0.1935771632471008,0.3327386262265834
0.16644765659220323,0.30398598335523436,0.1953569864213754,0.334209373631187
0.16630004399472062,0.3079630444346678,0.192696876374835,0.3330400351957765
0.17320405464962538,0.3076245041868665,0.18995152049360953,0.32921992066989864
0.1734333627537511,0.3049426301853486,0.18049426301853486,0.3411297440423654
0.17518897287683416,0.303245887060916,0.17341040462427745,0.34815473543797243
0.17271922054915856,0.30070859167404784,0.17759078830823738,0.3489813994685562
0.17450549450549452,0.30505494505494507,0.17450549450549452,0.34593406593406595
0.17553893532776066,0.30048394192696876,0.18213814342278928,0.3418389793224813
0.18061674008810572,0.3039647577092511,0.1748898678414097,0.3405286343612335
0.17345597897503284,0.3070521243977223,0.1765221200175208,0.34296977660972405
0.17915742793791575,0.31086474501108646,0.17649667405764966,0.33348115299334813
0.174140182847192,0.3151937309534175,0.174140182847192,0.3365259033521985
0.17423908248786943,0.3043670048522276,0.18173797970886635,0.33965593295103663
0.17836894897514174,0.2987352812908853,0.18621892716964675,0.33667684256432623
0.17736185383244207,0.29901960784313725,0.18270944741532977,0.3409090909090909
0.17383669885864794,0.29411764705882354,0.1861281826163301,0.34591747146619845
0.17749110320284697,0.2940391459074733,0.18905693950177935,0.33941281138790036
0.18008849557522125,0.28982300884955753,0.18805309734513273,0.3420353982300885
0.1832529592284086,0.3024989039894783,0.1823761508110478,0.3318719859710653
0.1857707509881423,0.2951251646903821,0.1756697408871322,0.3434343434343434
0.18725274725274726,0.29406593406593406,0.17186813186813188,0.3468131868131868
0.1896853146853147,0.2932692307692308,0.1756993006993007,0.34134615384615385
0.1880192391779624,0.2885876694359423,0.17665063401836467,0.3467424573677306
0.1892130857648099,0.28735632183908044,0.1768346595932803,0.34659593280282935
0.18614909572121746,0.30083811204234673,0.16806352007057784,0.34494927216585797
0.18511957484499558,0.2945084145261293,0.17183348095659876,0.34853852967227633
0.18173797970886635,0.29730921923246584,0.17071018967798854,0.3502426113806793
0.17977031802120141,0.30962897526501765,0.16784452296819788,0.34275618374558303
0.17869718309859156,0.31294014084507044,0.16681338028169015,0.3415492957746479
0.17745486569793043,0.31175693527080584,0.16600616468516072,0.34478203434610305
0.18032786885245902,0.3136907399202481,0.1643774922463447,0.3416038989809482
0.18149934239368698,0.3038141166155195,0.16922402455063568,0.34546251644015785
0.18062253397632616,0.30293730819815873,0.17404647084612013,0.342393686979395
0.1868953386103782,0.2994722955145119,0.16974494283201408,0.3438874230430959
0.18681318681318682,0.30065934065934063,0.17582417582417584,0.3367032967032967
0.1898901098901099,0.29406593406593406,0.1723076923076923,0.34373626373626376
0.19938784433756013,0.2885876694359423,0.17009182334936598,0.3419326628771316
0.19929453262786595,0.28350970017636684,0.1710758377425044,0.3461199294532628
0.1975199291408326,0.28520814880425155,0.17227635075287864,0.3449955713020372
0.1909614532565352,0.2959680992467878,0.1696942844483828,0.3433761630482942
0.19700308505949757,0.28779197884530633,0.17320405464962538,0.3420008814455707
0.19782608695652174,0.2856521739130435,0.17521739130434782,0.34130434782608693
0.20156385751520417,0.28801042571676805,0.17549956559513466,0.33492615117289315
0.19876868953386104,0.28891820580474936,0.17941952506596306,0.33289357959542654
0.19956140350877194,0.2881578947368421,0.17412280701754385,0.3381578947368421
0.19841619005719313,0.28596568411790585,0.17421909370875496,0.3413990321161461
0.19645232815964522,0.2869179600886918,0.1720620842572062,0.34456762749445674
0.19469795740982182,0.29030856149500217,0.171664493698392,0.343328987396784
0.20131868131868133,0.28395604395604396,0.17362637362637362,0.3410989010989011
0.2017429193899782,0.28627450980392155,0.17037037037037037,0.3416122004357299
0.20079610791685096,0.2839451570101725,0.16983635559486954,0.34542237947810706
0.20536499560246263,0.27792436235708,0.16710642040457344,0.3496042216358839
0.2037686240140228,0.2857142857142857,0.16345311130587203,0.3470639789658195
0.2025539409951563,0.28313518273888155,0.16424482606781154,0.35006605019815057
0.21008403361344538,0.27775320654577623,0.16939407341884122,0.3427686864219372
0.21124286341677645,0.27755819060166886,0.16556873078612208,0.3456302151954326
0.2118942731277533,0.27665198237885463,0.16343612334801763,0.34801762114537443
0.21229544449358692,0.27952233524988945,0.1609907120743034,0.3471915081822203
0.21264367816091953,0.27718832891246686,0.16312997347480107,0.34703801945181256
0.2122683142100618,0.27758164165931154,0.1624007060900265,0.34774933804060015
0.2127659574468085,0.2801418439716312,0.16666666666666666,0.3404255319148936
0.21603856266432953,0.27957931638913236,0.16783523225241018,0.33654688869412797
0.2168141592920354,0.2752212389380531,0.16991150442477876,0.3380530973451327
0.21989295272078502,0.2734165923282783,0.16592328278322926,0.3407671721677074
0.22000885347498894,0.2749003984063745,0.16733067729083664,0.3377600708277999
0.21343349536014142,0.278391515687141,0.16482545293857712,0.34334953601414053
0.2185022026431718,0.2740088105726872,0.166079295154185,0.34140969162995594
0.22251655629139072,0.27461368653421636,0.1620309050772627,0.3408388520971302
0.22070484581497798,0.2709251101321586,0.166079295154185,0.3422907488986784
0.22679045092838196,0.2723253757736516,0.16180371352785147,0.3390804597701149
0.2252212389380531,0.2668141592920354,0.1654867256637168,0.3424778761061947
0.22873512560599382,0.26928162185985016,0.16527104451300131,0.3367122080211547
0.22562056737588654,0.2650709219858156,0.16622340425531915,0.34308510638297873
0.22780935723655443,0.2623524267599475,0.16965456930476608,0.34018364669873197
0.22403169014084506,0.261443661971831,0.16549295774647887,0.34903169014084506
0.22197802197802197,0.27164835164835166,0.16483516483516483,0.3415384615384615
0.22134038800705466,0.27733686067019403,0.16843033509700175,0.33289241622574955
0.2191358024691358,0.2826278659611993,0.16843033509700175,0.3298059964726631
0.22315140845070422,0.27596830985915494,0.17253521126760563,0.3283450704225352
0.21894005212858383,0.2797567332754127,0.16898349261511728,0.33231972198088616
0.21393912659902956,0.2779003087781209,0.1799735333039259,0.3281870313189237
0.22065934065934065,0.2764835164835165,0.17494505494505494,0.3279120879120879
0.21557413110426749,0.2740871095468544,0.1737791465024197,0.3365596128464584
0.218612818261633,0.26997366110623355,0.1777875329236172,0.33362598770851626
0.2161446846052051,0.27040141155712394,0.18085575650639613,0.3325981473312748
0.21849105974705627,0.2721325774095072,0.17836894897514174,0.3310074138682948
0.21805494984736154,0.2725686873092019,0.17836894897514174,0.3310074138682948
0.21951219512195122,0.2735191637630662,0.17421602787456447,0.3327526132404181
0.22251539138082674,0.2678100263852243,0.16886543535620052,0.34080914687774844
0.21553994732221246,0.26909569798068483,0.17295873573309922,0.3424056189640035
0.2147887323943662,0.26848591549295775,0.1742957746478873,0.34242957746478875
0.22012302284710017,0.2688927943760984,0.16608084358523725,0.34490333919156413
0.22207563764291996,0.2695690413368514,0.17326297273526825,0.33509234828496043
0.2210944395410415,0.26654898499558694,0.176522506619594,0.3358340688437776
0.21949078138718173,0.27348551360842843,0.17603160667251974,0.33099209833187004
0.21415929203539824,0.27123893805309734,0.181858407079646,0.3327433628318584
0.21646746347941567,0.27135900841080124,0.1814962372731297,0.33067729083665337
0.21481806225339764,0.2748794388426129,0.1850065760631302,0.3252959228408593
0.2197563098346388,0.2658833768494343,0.17928633594429938,0.33507397737162753
0.22315882874889087,0.26486246672582076,0.18101153504880213,0.33096716947648624
0.2152624614027349,0.2646669607410675,0.17909131010145568,0.34097926775474197
0.21892967713401149,0.27023440955329503,0.17072091994692615,0.34011499336576734
0.21837549933422104,0.2671992898357745,0.17532179316466934,0.3391034176653351
0.2173719376391982,0.2650334075723831,0.18040089086859687,0.3371937639198218
0.21750663129973474,0.26480990274093724,0.1768346595932803,0.34084880636604775
0.22134038800705466,0.25749559082892415,0.17504409171075838,0.3461199294532628
0.22407732864674867,0.2583479789103691,0.171792618629174,0.34578207381370824
0.22075055187637968,0.26445916114790285,0.17086092715231788,0.34392935982339956
0.21898127993034391,0.26382237701349587,0.17239878101872008,0.34479756203744016
0.22075637642919965,0.26077396657871593,0.1723834652594547,0.3460861917326297
0.21551344204495373,0.26399294843543414,0.17055971793741737,0.3499338915821948
0.21754541426672575,0.2618520159503766,0.1683650863978733,0.35223748338502436
0.22173339199296085,0.2683677958644963,0.16717993840739112,0.3427188737351518
0.21796565389696168,0.2646411272567151,0.16776750330250992,0.3496257155438133
0.21729490022172948,0.26696230598669624,0.17117516629711751,0.34456762749445674
0.21157243816254417,0.27208480565371024,0.1704946996466431,0.3458480565371025
0.20994718309859156,0.27024647887323944,0.16901408450704225,0.35079225352112675
0.2023757149142103,0.27188737351517817,0.17421909370875496,0.3515178178618566
0.2056239015817223,0.2697715289982425,0.17003514938488576,0.3545694200351494
0.20326999558108705,0.2695536897923111,0.17012814847547503,0.35704816615112683
0.2024074899687918,0.2710655372269282,0.17209094962104324,0.35443602318323675
0.20315928038613426,0.274681878016674,0.17112768758227292,0.3510311540149188
0.20484581497797358,0.2687224669603524,0.17753303964757708,0.34889867841409694
0.2054794520547945,0.2691117984975696,0.1794078656650464,0.3460008837825895
0.20700354609929078,0.26773049645390073,0.17863475177304963,0.3466312056737589
0.2124283825473777,0.26840017628911417,0.17584839136183342,0.3433230498016748
0.2138447971781305,0.26587301587301587,0.17592592592592593,0.3443562610229277
0.2171827300479721,0.26559092891408637,0.17488006977758394,0.3423462712603576
0.22246408358728775,0.2673051806704397,0.17326948193295602,0.3369612538093165
0.2180385288966725,0.2609457092819615,0.18213660245183888,0.33887915936952717
0.2161809482383645,0.26663766855154414,0.18181818181818182,0.3353632013919095
0.2182296231375986,0.2624890446976337,0.18054338299737072,0.338737949167397
0.21580817051509768,0.2633214920071048,0.18428063943161635,0.33658969804618116
0.21564295183384888,0.2682280159080866,0.18603623508616882,0.3300927971718957
0.21792083514571553,0.2662026968247064,0.1857329273597216,0.33014354066985646
0.21482134980149978,0.26378473753859727,0.18482576091751213,0.3365681517423908
0.2180944055944056,0.26704545454545453,0.18181818181818182,0.333041958041958
0.2151009657594381,0.2603160667251975,0.18437225636523266,0.3402107111501317
0.21853146853146854,0.2618006993006993,0.18094405594405594,0.3387237762237762
0.21535087719298246,0.26535087719298245,0.18026315789473685,0.33903508771929824
0.21846153846153846,0.261978021978022,0.181978021978022,0.3375824175824176
0.21754541426672575,0.25742135578201153,0.18564466105449712,0.3393885688967656
0.22007042253521128,0.2539612676056338,0.18617957746478872,0.3397887323943662
0.21847635726795098,0.2574430823117338,0.18520140105078808,0.33887915936952717
0.22163120567375885,0.25930851063829785,0.18528368794326242,0.3337765957446808
0.21444201312910285,0.25689277899343543,0.1886214442013129,0.3400437636761488
0.2171628721541156,0.2561295971978984,0.18432574430823118,0.3423817863397548
0.21869488536155202,0.2535273368606702,0.18474426807760141,0.3430335097001764
0.2244268077601411,0.2605820105820106,0.17989417989417988,0.3350970017636684
0.22765673632725655,0.2583370386838595,0.17385504668741664,0.3401511783014673
0.23511516731855714,0.2559756627553238,0.17774880486744893,0.33116036505867014
0.2328111401218451,0.26414273281114015,0.17667536988685814,0.3263707571801567
0.23698146513680493,0.26081200353045014,0.17828773168578993,0.32391879964695497
0.2381161971830986,0.2601232394366197,0.17473591549295775,0.32702464788732394
0.23746116289391922,0.26142920550377274,0.17887261429205503,0.322237017310253
0.23864137626819584,0.25981473312748127,0.17379797088663432,0.32774591971768857
0.24406332453825857,0.2541776605101143,0.1662269129287599,0.3355321020228672
0.24814653292629743,0.25556040122110774,0.16921064108155254,0.3270824247710423
0.24726477024070023,0.25820568927789933,0.17067833698030635,0.3238512035010941
0.24659938569548048,0.25713032031592803,0.17332163229486616,0.3229486616937253
0.24716157205240175,0.2554585152838428,0.1720524017467249,0.32532751091703055
0.25120772946859904,0.25559947299077734,0.17303469477382522,0.3201581027667984
0.24769027716674,0.2595688517377915,0.1737791465024197,0.31896172459304883
0.24867256637168142,0.2570796460176991,0.1743362831858407,0.3199115044247788
0.2508787346221441,0.2521968365553603,0.17706502636203866,0.31985940246045697
0.2548161120840631,0.2513134851138354,0.1777583187390543,0.3161120840630473
0.2553191489361702,0.24645390070921985,0.17553191489361702,0.32269503546099293
0.252863436123348,0.2497797356828194,0.17092511013215858,0.326431718061674
0.25388371060807813,0.25388371060807813,0.16644474034620507,0.3257878384376387
0.2555066079295154,0.25198237885462554,0.16387665198237886,0.32863436123348017
0.249890590809628,0.25295404814004374,0.16455142231947484,0.33260393873085337
0.2550660792951542,0.25903083700440527,0.1590308370044053,0.32687224669603526
0.2541998231653404,0.26215738284703805,0.15738284703801944,0.32625994694960214
0.2576419213973799,0.25851528384279476,0.15851528384279476,0.32532751091703055
0.25594713656387663,0.260352422907489,0.15506607929515417,0.32863436123348017
0.2563876651982379,0.25859030837004404,0.15330396475770924,0.3317180616740088
0.2597459483136224,0.26237406920718354,0.15067893123083662,0.3272010512483574
0.25643300798580304,0.25554569653948533,0.15838509316770186,0.32963620230700974
0.24749017896115233,0.26233085988651245,0.15888258402444347,0.33129637712789173
0.25033348154735435,0.25700311249444197,0.15695864828812806,0.33570475767007557
0.2553846153846154,0.2558241758241758,0.15736263736263736,0.3314285714285714
0.25097868638538495,0.2614180078294911,0.15745976511526752,0.33014354066985646
0.25505716798592787,0.25769569041336854,0.15391380826737028,0.3333333333333333
0.2479010163499779,0.25806451612903225,0.15554573574900574,0.3384887317719841
0.24835164835164836,0.26285714285714284,0.15032967032967032,0.3384615384615385
0.25574204946996465,0.2588339222614841,0.14929328621908128,0.33613074204946997
0.2541630148992112,0.2502191060473269,0.15994741454864153,0.33567046450482035
0.25486725663716814,0.2517699115044248,0.16283185840707964,0.3305309734513274
0.24788607031597687,0.2576769025367156,0.16199376947040497,0.3324432576769025
0.24877396344181898,0.2541239411502452,0.16094516272848863,0.3361569326794472
0.24638949671772428,0.25689277899343543,0.16236323851203502,0.33435448577680527
0.25198237885462554,0.2537444933920705,0.1590308370044053,0.33524229074889866
0.2491258741258741,0.243006993006993,0.16302447552447552,0.34484265734265734
0.24471830985915494,0.2548415492957746,0.16065140845070422,0.3397887323943662
0.24581497797356827,0.2475770925110132,0.160352422907489,0.34625550660792953
0.247682119205298,0.247682119205298,0.16070640176600443,0.34392935982339956
0.25077399380804954,0.24988942945599293,0.16585581601061478,0.3334807607253428
0.2479047198941332,0.24614027348919276,0.1729157476841641,0.3330392589325099
0.25011027790030876,0.24922805469783854,0.16541685046316718,0.33524481693868546
0.24856512141280354,0.24856512141280354,0.16467991169977925,0.33818984547461367
0.25492772667542707,0.2514235654840123,0.15987735435830047,0.33377135348226017
0.2528786536758193,0.2537643932683791,0.16076173604960142,0.33259521700620015
0.25578350065473593,0.2439982540375382,0.16717590571802707,0.3330423395896988
0.2549450549450549,0.24483516483516485,0.16615384615384615,0.33406593406593404
0.2549889135254989,0.2394678492239468,0.17117516629711751,0.3343680709534368
0.2599645704162976,0.23737821080602303,0.16341895482728078,0.3392382639503986
0.2553657468243539,0.2352168199737188,0.16644765659220323,0.34296977660972405
0.25579361609094886,0.23567993003935286,0.16790555312636643,0.3406209007433319
0.250989010989011,0.2378021978021978,0.17274725274725275,0.3384615384615385
0.2546419098143236,0.23297966401414677,0.17064544650751548,0.34173297966401417
0.2625994694960212,0.23651635720601238,0.16666666666666666,0.33421750663129973
0.25983208130799823,0.23685373398144058,0.17057003977021654,0.33274414494034465
0.2596537949400799,0.22991566799822458,0.17310252996005326,0.33732800710164224
0.26005244755244755,0.23295454545454544,0.17307692307692307,0.3339160839160839
0.2642825992150022,0.22939380723942435,0.17400784997819452,0.332315743567379
0.263042525208242,0.23235423060061378,0.17229285401139852,0.33231039017974573
0.26299283154121866,0.23387096774193547,0.17921146953405018,0.3239247311827957
0.2691629955947137,0.23788546255506607,0.17092511013215858,0.32202643171806167
0.26362038664323373,0.23857644991212654,0.17486818980667837,0.3229349736379613
0.2646928855501547,0.23685373398144058,0.17631462660185596,0.32213875386654883
0.26555652936021035,0.24057843996494302,0.1761612620508326,0.317703768624014
0.26728723404255317,0.24157801418439717,0.1671099290780142,0.32402482269503546
0.26573426573426573,0.24475524475524477,0.16958041958041958,0.31993006993006995
0.2639257294429708,0.23784261715296198,0.17152961980548187,0.3267020335985853
0.2664631487134758,0.23331879633667685,0.1665939816833842,0.33362407326646315
0.2650334075723831,0.2374164810690423,0.16926503340757237,0.3282850779510022
0.2548330404217926,0.24077328646748683,0.17398945518453426,0.3304042179261863
0.2583041958041958,0.24344405594405594,0.17744755244755245,0.3208041958041958
0.25408028231142477,0.24172915747684165,0.17159241288045876,0.3325981473312748
0.25763612217795484,0.24435590969455512,0.16733067729083664,0.33067729083665337
0.25369886858137514,0.24194952132288947,0.16971279373368145,0.33463881636205395
0.2570796460176991,0.24026548672566372,0.16769911504424778,0.3349557522123894
0.26162018592297476,0.23771580345285526,0.1691013722886233,0.3315626383355467
0.25833333333333336,0.23859649122807017,0.16622807017543859,0.3368421052631579
0.2581497797356828,0.23612334801762114,0.16916299559471365,0.3365638766519824
0.25768217734855137,0.23573309920983318,0.17295873573309922,0.33362598770851626
0.263668430335097,0.23544973544973544,0.17195767195767195,0.3289241622574956
0.2568523430592396,0.23474801061007958,0.17329796640141468,0.33510167992926615
0.26032315978456017,0.24461400359066426,0.1687612208258528,0.3263016157989228
0.2674677347574544,0.24032042723631508,0.16911437472185137,0.32309746328437916
0.25961538461538464,0.24737762237762237,0.1673951048951049,0.3256118881118881
0.26430755788553956,0.2490170380078637,0.16251638269986893,0.3241590214067278
0.26899293286219084,0.25265017667844525,0.15901060070671377,0.31934628975265017
0.2711715664765248,0.25362000877577884,0.1570864414216762,0.3181219833260202
0.2727272727272727,0.25419240953221534,0.15931156222418358,0.3137687555163283
0.2691629955947137,0.2563876651982379,0.15594713656387665,0.3185022026431718
0.2673702726473175,0.2546174142480211,0.16094986807387862,0.31706244503078274
0.2710526315789474,0.2513157894736842,0.15789473684210525,0.31973684210526315
0.2744924977934687,0.24933804060017653,0.15225066195939982,0.32391879964695497
0.27040141155712394,0.2505513895015439,0.15659461843846492,0.32245258050286724
0.2695191883546537,0.2562858403176004,0.15924128804587562,0.3149536832818703
0.2634836427939876,0.2564102564102564,0.16357206012378425,0.3165340406719717
0.2626970227670753,0.25569176882662,0.1646234676007005,0.3169877408056042
0.259581881533101,0.2587108013937282,0.16419860627177701,0.3175087108013937
0.2655838454784899,0.26163301141352063,0.1611062335381914,0.31167690956979804
0.26052631578947366,0.26710526315789473,0.16447368421052633,0.3078947368421053
0.25939019001325675,0.26425099425541315,0.1661511268228016,0.3102076889085285
0.2566137566137566,0.26278659611992944,0.1697530864197531,0.31084656084656087
0.2543782837127846,0.26532399299474607,0.17206654991243434,0.30823117338003503
0.2571554381329811,0.25847644209599296,0.17525319242624396,0.309114927344782
0.25209343323049804,0.26531511679153813,0.1745262230057294,0.3080652269722345
0.2529960053262317,0.26276076342654237,0.17665335108743896,0.30758988015978694
0.24802458296751537,0.2647058823529412,0.18129938542581212,0.30597014925373134
0.24759825327510918,0.26200873362445415,0.17860262008733624,0.31179039301310046
0.24031690140845072,0.2649647887323944,0.18089788732394366,0.31382042253521125
0.2440318302387268,0.2630415561450044,0.1808134394341291,0.3121131741821397
0.23822104799647734,0.26023778071334214,0.18405988551298988,0.31748128577719065
0.23769771528998243,0.26362038664323373,0.179701230228471,0.3189806678383128
0.2353717553893533,0.2644082710074791,0.1803783545974483,0.31984161900571934
0.24,0.2682608695652174,0.17869565217391303,0.3130434782608696
0.2409269785745518,0.2693484914735461,0.17621337997376477,0.3135111499781373
0.2420774647887324,0.2640845070422535,0.18045774647887325,0.31338028169014087
0.24494283201407213,0.2642919964819701,0.1838170624450308,0.306948109058927
0.2467134092900964,0.2659947414548642,0.18185801928133216,0.30543382997370727
0.24812362030905077,0.26225165562913905,0.18101545253863136,0.3086092715231788
0.24045634050021938,0.25976305397103994,0.1834137779727951,0.3163668275559456
0.2445916114790287,0.26136865342163357,0.17748344370860927,0.3165562913907285
0.23703703703703705,0.2605664488017429,0.17690631808278867,0.3254901960784314
0.23828296101620675,0.26631625054752517,0.17958826106000875,0.3158125273762593
0.24019391802556192,0.2617893345085941,0.17761128250330543,0.3204054649625386
0.2414398595258999,0.2598770851624232,0.17998244073748904,0.31870061457418786
0.23885209713024283,0.2635761589403974,0.17880794701986755,0.31876379690949225
0.23863636363636365,0.26354895104895104,0.18006993006993008,0.31774475524475526
0.23616557734204793,0.26710239651416123,0.18082788671023964,0.3159041394335512
0.23286467486818982,0.26757469244288223,0.17794376098418277,0.3216168717047452
0.22904782799473453,0.2711715664765248,0.18121983326020183,0.31856077226853885
0.23127753303964757,0.273568281938326,0.1762114537444934,0.31894273127753303
0.22883597883597884,0.2742504409171076,0.17372134038800705,0.32319223985890655
0.2336980306345733,0.2739606126914661,0.1763676148796499,0.3159737417943107
0.2310405643738977,0.2760141093474427,0.1781305114638448,0.3148148148148148
0.23506151142355008,0.27240773286467485,0.18014059753954306,0.312390158172232
0.24128919860627177,0.26742160278745647,0.1763937282229965,0.31489547038327526
0.2387011847301448,0.27555945590171127,0.17770952172005267,0.3080298376480913
0.238556338028169,0.2733274647887324,0.1800176056338028,0.30809859154929575
0.23696890056942618,0.27639071397284276,0.18177836180464302,0.30486202365308807
0.2357049323439546,0.2789175032736796,0.17852466171977302,0.30685290266259274
0.2401766004415011,0.27770419426048565,0.1827814569536424,0.2993377483443709
0.24515845070422534,0.2772887323943662,0.1813380281690141,0.2962147887323944
0.24609375,0.2790798611111111,0.1723090277777778,0.3025173611111111
0.24528301886792453,0.28345765686704694,0.17507678806494076,0.2961825362000878
0.24569155987627045,0.2894387980556783,0.17410517012814847,0.2907644719399028
0.2432195975503062,0.28652668416447946,0.17497812773403323,0.2952755905511811
0.24162257495590828,0.2839506172839506,0.17680776014109348,0.2976190476190476
0.2420409943305713,0.28783253379851725,0.17706061927605757,0.2930658525948539
0.24202708606378331,0.28658802970729574,0.17387505460899957,0.29750982961992134
0.2350845948352627,0.2889581478183437,0.17497773820124665,0.3009795191451469
0.23762817654926438,0.2920196165849309,0.17432010699955416,0.29603209986625056
0.2398604448320977,0.29742695159180116,0.1705189707806367,0.29219363279546445
0.23734729493891799,0.29668411867364747,0.16535776614310646,0.3006108202443281
0.2382639503985828,0.2976085031000886,0.16386182462356066,0.30026572187776795
0.23331879633667685,0.29393807239424335,0.17139119058002616,0.30135194068905363
0.23524267599475296,0.2925229558373415,0.16615653694796678,0.3060778312199388
0.2375933245498463,0.28502415458937197,0.1717171717171717,0.30566534914361
0.23817940786566505,0.28634555899248787,0.1657092355280601,0.30976579761378703
0.2407079646017699,0.28407079646017697,0.16681415929203539,0.3084070796460177
0.2404227212681638,0.2888595332452664,0.16600616468516072,0.3047115808014091
0.24269264836138174,0.2936226749335695,0.15899025686448184,0.3046944198405669
0.24286341677646026,0.2902942468159859,0.15942028985507245,0.30742204655248134
0.24174372523117568,0.29282254513430206,0.16028181417877588,0.3051519154557464
0.24121265377855888,0.28383128295254834,0.1656414762741652,0.3093145869947276
0.2467991169977925,0.2790286975717439,0.1704194260485651,0.30375275938189844
0.23788546255506607,0.28193832599118945,0.17224669603524229,0.3079295154185022
0.24124343257443082,0.28896672504378285,0.16330998248686515,0.3064798598949212
0.24250440917107582,0.28174603174603174,0.1644620811287478,0.31128747795414463
0.2439772229522558,0.287341217696014,0.16119141480508103,0.30749014454664914
0.2413339183852567,0.29179464677490125,0.16059675296182535,0.30627468187801665
0.23617868199911543,0.29455992923485186,0.16143299425033172,0.30782839451570104
0.2326297273526825,0.2941952506596306,0.16490765171503957,0.30826737027264733
0.23735581188997337,0.2976929902395741,0.1592724046140195,0.305678793256433
0.23049801674746584,0.2974878801234024,0.1617452622300573,0.31026884089907447
0.226777147841256,0.30178805058874836,0.15961622328826863,0.311818578281727
0.22705314009661837,0.30303030303030304,0.16249451032059728,0.30742204655248134
0.23087129588677577,0.30782839451570104,0.1609907120743034,0.30030959752321984
0.23114247904719895,0.3074547860608734,0.15483017203352448,0.3065725628584032
0.22813186813186814,0.30505494505494507,0.15868131868131868,0.30813186813186816
0.22793148880105402,0.3126921387790953,0.15678524374176547,0.3025911286780852
0.21964050854888206,0.31126698816308634,0.1595791319596668,0.30951337132836476
0.22538293216630198,0.31028446389496717,0.1536105032822757,0.31072210065645517
0.22359699513919576,0.32037118868758285,0.15422006186478127,0.30181175430844015
0.2204655248133509,0.3188405797101449,0.15371102327624067,0.3069828722002635
0.22212389380530972,0.3141592920353982,0.1592920353982301,0.30442477876106194
0.21939447125932426,0.3189995612110575,0.15928038613426942,0.3023255813953488
0.21908127208480566,0.3136042402826855,0.1612190812720848,0.30609540636042404
0.2166446499339498,0.31131660061646854,0.16160281814178776,0.3104359313077939
0.2148506151142355,0.312390158172232,0.16608084358523725,0.30667838312829526
0.21539141972578504,0.3056169836355595,0.16452896948252985,0.3144626271561256
0.21897163120567376,0.30097517730496454,0.16046099290780141,0.3195921985815603
0.21963028169014084,0.2988556338028169,0.15757042253521128,0.323943661971831
0.21899736147757257,0.3007915567282322,0.15523306948109059,0.32497801231310464
0.21977052074139453,0.2961165048543689,0.15666372462488967,0.32744924977934686
0.21733333333333332,0.29733333333333334,0.16,0.3253333333333333
0.2227093380096449,0.2981148619026743,0.15168785620341954,0.3274879438842613
0.21773835920177384,0.30155210643015523,0.15388026607538802,0.32682926829268294
0.21902654867256638,0.2982300884955752,0.1584070796460177,0.32433628318584073
0.22125054656755574,0.30126803672933977,0.15784871010056842,0.31963270660253607
0.22413033905768384,0.29370321444297665,0.16028181417877588,0.32188463232056364
0.22719298245614036,0.29473684210526313,0.15964912280701754,0.31842105263157894
0.23165340406719717,0.28824049513704686,0.15826702033598586,0.3218390804597701
0.22594880847308033,0.2908208296557811,0.16593115622241836,0.3172992056487202
0.2287467134092901,0.28790534618755476,0.16432953549517967,0.31901840490797545
0.22824661128115434,0.2960209881941408,0.16222125054656755,0.3135111499781373
0.22833260008798945,0.29696436427628686,0.15794104707435108,0.3167619885613726
0.22829440282062582,0.2913177611282503,0.15513442044953724,0.3252534156015866
0.2285336856010568,0.29326287978863935,0.15808014090708938,0.32012329370321446
0.22390048867170145,0.29675699689027096,0.15948467347845402,0.31985784095957354
0.23023154215814767,0.2966360856269113,0.15246832678025338,0.32066404543468763
0.2318082788671024,0.2954248366013072,0.15511982570806102,0.3176470588235294
0.22556390977443608,0.2923485183547103,0.15524104378593542,0.32684652808491815
0.22005323868677906,0.2968056787932564,0.1543921916592724,0.3287488908606921
0.218804920913884,0.29745166959578206,0.15070298769771528,0.3330404217926186
0.2138753866548829,0.3026955368979231,0.14891736632788333,0.33451171011931063
0.21977052074139453,0.3027360988526037,0.14386584289496912,0.33362753751103263
0.21998247151621383,0.2992988606485539,0.1511831726555653,0.32953549517966696
0.22530864197530864,0.2914462081128748,0.15123456790123457,0.33201058201058203
0.23729562527618206,0.2903225806451613,0.14714980114891738,0.3252319929297393
0.23811639271434917,0.2909817858729454,0.14304753442914261,0.32785428698356284
0.2352168199737188,0.2895313184406483,0.14498466929478757,0.3302671922908454
0.23604960141718334,0.2887511071744907,0.14658990256864482,0.32860938883968116
0.23477879982479194,0.28865527814279457,0.15199299167761718,0.32457293035479634
0.23868131868131867,0.2865934065934066,0.1534065934065934,0.3213186813186813
0.23948649845064188,0.2872952633908809,0.1531651173085436,0.3200531208499336
0.23612960497114957,0.28894806924101196,0.15357301375943186,0.32134931202840655
0.23696890056942618,0.287341217696014,0.15943933420937362,0.31625054752518617
0.23519009725906279,0.27851458885941643,0.16224580017683465,0.3240495137046861
0.23931247245482593,0.2842661965623623,0.1626267078007933,0.3137946231820185
0.24146981627296588,0.2887139107611549,0.15966754155730534,0.3101487314085739
0.23790677220756376,0.2911169744942832,0.16666666666666666,0.3043095866314864
0.2456217162872154,0.29071803852889666,0.15980735551663747,0.30385288966725044
0.24440544098288722,0.2926722246599386,0.1601579640193067,0.30276437033786746
0.2409372236958444,0.28868258178603007,0.16357206012378425,0.3068081343943413
0.24210526315789474,0.29078947368421054,0.1706140350877193,0.2964912280701754
0.24528301886792453,0.2904782799473453,0.1671785870996051,0.29706011408512506
0.25385632437197003,0.2869105332745703,0.16747465843984133,0.29175848391361836
0.2454905411350638,0.289925208974923,0.16630004399472062,0.2982842058952926
0.2429453262786596,0.2927689594356261,0.16887125220458554,0.29541446208112876
0.24590888987173817,0.29455992923485186,0.16718266253869968,0.2923485183547103
0.24866548042704625,0.2975978647686833,0.16459074733096085,0.2891459074733096
0.25634178905206945,0.3008455718736093,0.1602136181575434,0.2825990209167779
0.2526178010471204,0.2931937172774869,0.16535776614310646,0.28883071553228623
0.25633051976899157,0.2989782318969347,0.16525988449577966,0.2794313638382941
0.2600441501103753,0.2997792494481236,0.1629139072847682,0.2772626931567329
0.25916114790286976,0.30242825607064017,0.1629139072847682,0.27549668874172184
0.2650285212812637,0.3010092145677929,0.15971917507678807,0.27424308907415534
0.2631814119749777,0.29803395889186773,0.16398570151921357,0.27479892761394104
0.2640278381905176,0.29578077424967375,0.1661591996520226,0.274032187907786
0.2662565905096661,0.29569420035149385,0.1678383128295255,0.2702108963093146
0.2563876651982379,0.3004405286343612,0.16916299559471365,0.2740088105726872
0.2562858403176004,0.3030436700485223,0.16453462726069695,0.27613586237318044
0.2587565674255692,0.29859894921190894,0.16549912434325745,0.27714535901926446
0.25833333333333336,0.2964912280701754,0.17149122807017544,0.2736842105263158
0.26269315673289184,0.2847682119205298,0.17792494481236204,0.27461368653421636
0.26205083260297984,0.2839614373356705,0.17353198948290974,0.28045574057843997
0.26176858776946765,0.27716673999120106,0.17949846018477783,0.28156621205455346
0.26090750436300175,0.28097731239092494,0.18368237347294938,0.2744328097731239
0.2570052539404553,0.2775831873905429,0.18739054290718038,0.27802101576182137
0.25419240953221534,0.2802294792586055,0.1910856134157105,0.2744924977934687
0.2530541012216405,0.2879581151832461,0.19022687609075042,0.268760907504363
0.2567151034786438,0.2915015411712902,0.18405988551298988,0.2677234698370762
0.263459841129744,0.2881729920564872,0.18270079435127978,0.265666372462489
0.26138876603272887,0.28969482529854046,0.18089340999557718,0.2680229986731535
