R,A,S,N
1.0,0.0,0.0,0.0
0.6666666666666666,0.3333333333333333,0.0,0.0
0.5,0.25,0.25,0.0
0.6,0.2,0.2,0.0
0.625,0.125,0.0,0.25
0.6153846153846154,0.07692307692307693,0.0,0.3076923076923077
0.5238095238095238,0.14285714285714285,0.0,0.3333333333333333
0.5172413793103449,0.13793103448275862,0.0,0.3448275862068966
0.5609756097560976,0.14634146341463414,0.0,0.2926829268292683
0.5490196078431373,0.11764705882352941,0.0196078431372549,0.3137254901960784
0.6060606060606061,0.06060606060606061,0.030303030303030304,0.30303030303030304
0.6436781609195402,0.04597701149425287,0.022988505747126436,0.28735632183908044
0.6696428571428571,0.044642857142857144,0.017857142857142856,0.26785714285714285
0.6737588652482269,0.0425531914893617,0.02127659574468085,0.2624113475177305
0.659217877094972,0.0446927374301676,0.0223463687150838,0.2737430167597765
0.6521739130434783,0.043478260869565216,0.024154589371980676,0.28019323671497587
0.6363636363636364,0.03305785123966942,0.024793388429752067,0.30578512396694213
0.624561403508772,0.031578947368421054,0.021052631578947368,0.32280701754385965
0.6172839506172839,0.027777777777777776,0.024691358024691357,0.33024691358024694
0.6199460916442049,0.0215633423180593,0.0215633423180593,0.33692722371967654
0.6175115207373272,0.018433179723502304,0.016129032258064516,0.347926267281106
0.60625,0.020833333333333332,0.010416666666666666,0.3625
0.5919117647058824,0.02022058823529412,0.014705882352941176,0.37316176470588236
0.5837479270315091,0.024875621890547265,0.01824212271973466,0.373134328358209
0.5836972343522562,0.021834061135371178,0.01601164483260553,0.3784570596797671
0.5509138381201044,0.02349869451697128,0.0195822454308094,0.40600522193211486
0.5478158205430933,0.01652892561983471,0.020070838252656435,0.4155844155844156
0.5458422174840085,0.014925373134328358,0.02025586353944563,0.4189765458422175
0.538,0.015,0.021,0.426
0.5356151711378353,0.014801110083256245,0.02312673450508788,0.42645698427382056
0.5333333333333333,0.01452991452991453,0.017094017094017096,0.43504273504273505
0.5388888888888889,0.015873015873015872,0.015873015873015872,0.42936507936507934
0.5408618127786032,0.017830609212481426,0.01337295690936107,0.4279346210995542
0.5352407536636427,0.023028611304954642,0.016050244242847175,0.42568039078855546
0.527428949107733,0.023132848645076007,0.019167217448777262,0.43027098479841375
0.5334158415841584,0.022277227722772276,0.02103960396039604,0.42326732673267325
0.5319784817692768,0.023311416616855946,0.020322773460848775,0.42438732815301855
0.5334094802969731,0.025128498001142203,0.023415191319246145,0.4180468303826385
0.5343218012081274,0.027457440966501923,0.022515101592531575,0.4157056562328391
0.5378106821787414,0.028027498677948175,0.020624008461131677,0.41353781068217876
0.5432291666666667,0.030729166666666665,0.019791666666666666,0.40625
0.5462822458270106,0.03338391502276176,0.020738492665655032,0.39959534648457257
0.5351270553064275,0.03238664673642252,0.024414549078226207,0.4080717488789238
0.5382367267413541,0.03604481246955674,0.02143205065757428,0.40428641013151484
0.5326295585412668,0.03934740882917467,0.02111324376199616,0.4069097888675624
0.5242626070409134,0.043292102759276876,0.022835394862036156,0.40960989533777353
0.5306791569086651,0.04309133489461359,0.024355971896955503,0.4018735362997658
0.5265116279069767,0.044186046511627906,0.026511627906976743,0.4027906976744186
0.5226960110041265,0.04493351673544246,0.029344337459880788,0.4030261348005502
0.5216007276034561,0.045020463847203276,0.02592087312414734,0.40745793542519326
0.5177111716621253,0.04178019981834696,0.02452316076294278,0.4159854677565849
0.5188679245283019,0.04132973944294699,0.026504941599281222,0.4132973944294699
0.521875,0.039285714285714285,0.026785714285714284,0.4120535714285714
0.5287817938420348,0.036590807675145026,0.0285586791610888,0.4060687193217314
0.5234270414993306,0.03748326639892905,0.027666220437304774,0.41142347166443555
0.5262693156732892,0.039735099337748346,0.0282560706401766,0.40573951434878586
0.5184372256365233,0.04038630377524144,0.030728709394205442,0.41044776119402987
0.5170278637770898,0.04157452454666077,0.029632905793896505,0.4117647058823529
0.5182899955927721,0.04363155575143235,0.03129131776112825,0.4067871308946673
0.5165770609318996,0.04256272401433692,0.03046594982078853,0.4103942652329749
0.5182546749777382,0.04229741763134461,0.033392698130008905,0.40605520926090827
0.515577007459412,0.046072838964458095,0.03203159280386134,0.4063185607722685
0.5134302069572876,0.04227212681638045,0.032144429766622636,0.41215323645970936
0.5100044464206314,0.044019564250778125,0.02845709204090707,0.41751889728768343
0.5074626865671642,0.04258121158911326,0.029850746268656716,0.42010535557506584
0.5069351230425055,0.0407158836689038,0.029977628635346757,0.4223713646532439
0.5111408199643493,0.04500891265597148,0.027629233511586453,0.41622103386809267
0.5123456790123457,0.04805996472663139,0.023809523809523808,0.4157848324514991
0.5071428571428571,0.048660714285714286,0.024553571428571428,0.41964285714285715
0.5029056772463121,0.05185516316495306,0.023692445239159587,0.4215467143495753
0.504428697962799,0.053144375553587246,0.022586359610274578,0.41984056687333926
0.513453903837671,0.05337450374944861,0.022496691662990738,0.4106749007498897
0.5154593639575972,0.0534452296819788,0.02075971731448763,0.41033568904593637
0.5093167701863354,0.05323868677905945,0.022182786157941437,0.4152617568766637
0.5134408602150538,0.05465949820788531,0.021057347670250897,0.41084229390681004
0.50917225950783,0.052348993288590606,0.02058165548098434,0.4178970917225951
0.5101679929266136,0.05305039787798409,0.021662245800176835,0.4151193633952255
0.5151785714285714,0.055357142857142855,0.02142857142857143,0.4080357142857143
0.5217196596506941,0.05553067622033139,0.020600089565606806,0.40214957456336764
0.5188637372392366,0.05415002219263205,0.020417221482467822,0.40656901908566356
0.5242932862190812,0.0534452296819788,0.022084805653710248,0.4001766784452297
0.5203034359660865,0.054439982150825524,0.022757697456492636,0.40249888442659526
0.5284266196562363,0.05200528867342442,0.022036139268400177,0.39753195240193917
0.5249668581528943,0.052585064074237735,0.024304021210782147,0.39814405656208574
0.5317073170731708,0.054988913525498895,0.02394678492239468,0.3893569844789357
0.5355722492266902,0.049491825011047284,0.022536456031816175,0.3923994697304463
0.5391111111111111,0.052,0.022222222222222223,0.38666666666666666
0.5374722838137472,0.050110864745011086,0.02394678492239468,0.388470066518847
0.5357773851590106,0.05167844522968198,0.024734982332155476,0.3878091872791519
0.5343680709534369,0.05232815964523282,0.02483370288248337,0.388470066518847
0.5327723649247121,0.049601417183348095,0.02745792736935341,0.39016829052258634
0.5339892665474061,0.04785330948121646,0.02817531305903399,0.38998211091234347
0.5404688191065901,0.04688191065900044,0.03051747014595312,0.38213180008845643
0.5454142667257421,0.04209127159946832,0.030571555161719097,0.3819229065130704
0.5417406749555951,0.04218472468916518,0.03019538188277087,0.3858792184724689
0.5445719329214475,0.043689320388349516,0.02912621359223301,0.38261253309797
0.5393858477970628,0.04717400979083222,0.027147307521139297,0.3862928348909657
0.5469710272168569,0.04741000877963126,0.028094820017559263,0.3775241439859526
0.5463780918727915,0.04770318021201413,0.026501766784452298,0.379416961130742
0.5507569011576136,0.04853072128227961,0.02715939447907391,0.37355298308103296
0.5408438061041293,0.04937163375224417,0.026929982046678635,0.38285457809694795
0.5439681838267786,0.048608042421564294,0.02695536897923111,0.380468404772426
0.5454948956946294,0.0492676431424767,0.02529960053262317,0.37993786063027074
0.5524104378593543,0.04953560371517028,0.026094648385670056,0.37195931003980537
0.556,0.04666666666666667,0.02711111111111111,0.37022222222222223
0.5570409982174688,0.04679144385026738,0.024509803921568627,0.3716577540106952
0.5558035714285714,0.048660714285714286,0.026339285714285714,0.3691964285714286
0.5602992957746479,0.0488556338028169,0.02464788732394366,0.36619718309859156
0.5606194690265487,0.050442477876106194,0.025221238938053097,0.363716814159292
0.5600533807829181,0.05115658362989324,0.023576512455516015,0.3652135231316726
0.5601976639712489,0.04941599281221923,0.022911051212938006,0.3674752920035939
0.5636042402826855,0.04946996466431095,0.022526501766784453,0.36439929328621906
0.5695921985815603,0.050088652482269506,0.022606382978723406,0.35771276595744683
0.5674832962138084,0.05033407572383074,0.024944320712694878,0.35723830734966594
0.5681517423908249,0.04719894133215704,0.024702249669166298,0.3599470666078518
0.569371727748691,0.049738219895287955,0.0274869109947644,0.35340314136125656
0.5755968169761273,0.04951370468611848,0.026967285587975242,0.347922192749779
0.5794894760412002,0.047021943573667714,0.025078369905956112,0.348410210479176
0.581032947462155,0.04630454140694568,0.02626892252894034,0.346393588601959
0.5790172642762285,0.04957945993802568,0.025232403718459494,0.3461708720672864
0.5718708536045998,0.04953560371517028,0.026094648385670056,0.35249889429455994
0.5812080536912752,0.05011185682326622,0.025503355704697986,0.34317673378076063
0.5832217759928603,0.052655064703257475,0.026327532351628737,0.33779562695225346
0.5827785175321794,0.05415002219263205,0.024855747891699954,0.3382157123834887
0.5875278396436525,0.05033407572383074,0.023162583518930958,0.33897550111358576
0.5896289673670094,0.0464908359409924,0.024139472507822977,0.3397407241841752
0.5926254997778765,0.04620168813860506,0.025322079075966238,0.3358507330075522
0.5889433794025858,0.04458314757021846,0.023629068212215783,0.34284440481497996
0.5922974767596282,0.045595396193005754,0.02434705621956618,0.3377600708277999
0.5910092551784927,0.04671661524900837,0.02600264433671221,0.3362714852357867
0.5888888888888889,0.04533333333333334,0.024,0.3417777777777778
0.5925593904078889,0.04258180188256387,0.02734199910354101,0.3375168086060063
0.5908485117725455,0.0422034651266104,0.02665482007996446,0.3402932030208796
0.5908076751450245,0.0428380187416332,0.027219991075412762,0.3391343150379295
0.5934309809143364,0.040834442964935644,0.02929427430093209,0.33644030181979584
0.5942222222222222,0.04044444444444444,0.028888888888888888,0.33644444444444443
0.58996001776988,0.03953798311861395,0.03109729009329187,0.3394047090182141
0.5953014184397163,0.03723404255319149,0.030585106382978722,0.33687943262411346
0.5958663148636764,0.03737906772207564,0.030343007915567283,0.33641160949868076
0.5972346119536128,0.0383586083853702,0.029438001784121322,0.3349687778768956
0.6018808777429467,0.03851321092700403,0.028660994178235557,0.3309449171518137
0.6044678055190539,0.03810775295663601,0.026719229084537888,0.33070521243977224
0.5984848484848485,0.03832442067736185,0.029857397504456328,0.3333333333333333
0.6056275122822689,0.041536400178651185,0.028584189370254576,0.3242518981688254
0.6048604860486049,0.041854185418541856,0.0279027902790279,0.3253825382538254
0.6079040852575488,0.04262877442273535,0.027531083481349913,0.3219360568383659
0.6029346376167185,0.041796353935082256,0.031124944419742107,0.3241440640284571
0.6054512957998213,0.04244861483467382,0.032171581769437,0.3199285075960679
0.6036476868327402,0.0449288256227758,0.03291814946619217,0.3185053380782918
0.6045474810521623,0.043245653143111906,0.03343736067766384,0.318769505127062
0.6014298480786416,0.04334226988382484,0.034405719392314564,0.32082216264521896
0.6042780748663101,0.044563279857397504,0.035650623885918005,0.3155080213903743
0.6038069942452412,0.04426737494466578,0.035413899955732624,0.31651173085436035
0.6065573770491803,0.04519273371732388,0.03322995126273815,0.31501993797075767
0.6120194432169687,0.04507291206363235,0.03667697746354397,0.30623066725585507
0.6079570853822083,0.0464908359409924,0.03620920876173447,0.3093428699150648
0.6124661246612466,0.04200542005420054,0.03523035230352303,0.31029810298102983
0.6121908127208481,0.046819787985865724,0.03401060070671378,0.30697879858657245
0.6029087703834288,0.04627589246364037,0.03393565447333627,0.31687968267959454
0.6050531914893617,0.04609929078014184,0.03368794326241135,0.3151595744680851
0.6001784917447568,0.04730031236055333,0.03302097278000892,0.31950022311468096
0.603125,0.04732142857142857,0.03169642857142857,0.31785714285714284
0.5998221431747444,0.048910626945309024,0.030680302356602934,0.3205869275233437
0.5982339955849889,0.04944812362030905,0.03090507726269316,0.32141280353200885
0.5985758789497108,0.049399198931909215,0.032487761459724075,0.319537160658656
0.5904846598488217,0.048910626945309024,0.030680302356602934,0.3299244108492663
0.5945108455068614,0.051350154935812305,0.02877379371403276,0.3253652058432935
0.5975882090218848,0.05002233139794551,0.029030817329164807,0.3233586422510049
0.5950812472551603,0.04787000439174352,0.032059727711901624,0.32498902064119456
0.5985695127402771,0.047384890478319175,0.03263299061242736,0.3214126061689763
0.5974199288256228,0.050711743772241996,0.03069395017793594,0.3211743772241993
0.6004424778761062,0.049557522123893805,0.03008849557522124,0.3199115044247788
0.5983971504897596,0.04853072128227961,0.030721282279608193,0.3223508459483526
0.5952170062001771,0.05004428697962799,0.032329495128432244,0.3224092116917626
0.6082474226804123,0.04885701479157328,0.03047960555804572,0.3124159569699686
0.6002685765443151,0.051924798567591766,0.03088630259623993,0.3169203222918532
0.6051808843233586,0.048682447521214825,0.03171058508262617,0.31442608307280034
0.6088300220750552,0.04812362030905077,0.03090507726269316,0.3121412803532009
0.6098099867432611,0.04993371630578878,0.030048608042421564,0.3102076889085285
0.6089285714285714,0.048660714285714286,0.03214285714285714,0.31026785714285715
0.6061278863232682,0.04573712255772647,0.03152753108348135,0.316607460035524
0.612628750559785,0.04209583519928348,0.03090013434841021,0.3143752798925213
0.6168888888888889,0.03822222222222222,0.028888888888888888,0.316
0.627906976744186,0.03622540250447227,0.029516994633273702,0.30635062611806796
0.635920177383592,0.03725055432372506,0.028381374722838137,0.2984478935698448
0.6427610936799641,0.03585835948005379,0.02868668758404303,0.29269385925593905
0.6393884892086331,0.03192446043165468,0.03012589928057554,0.29856115107913667
0.6347092765201953,0.033288948069241014,0.030181979582778518,0.3018197958277852
0.6366059529098178,0.03598400710795202,0.03198578409595735,0.29542425588627275
0.6408544726301736,0.037383177570093455,0.03159768580329328,0.2901646639964397
0.6471377459749553,0.03443649373881932,0.029516994633273702,0.2889087656529517
0.6486129458388376,0.035667107001321,0.03038309114927345,0.285336856010568
0.6471631205673759,0.03723404255319149,0.030141843971631204,0.2854609929078014
0.654118689105403,0.03808680248007086,0.030115146147032774,0.27767936226749335
0.6500222915737851,0.03700401248328132,0.029870708872046365,0.2831029870708872
0.6514466546112115,0.03887884267631103,0.02938517179023508,0.28028933092224234
0.6630630630630631,0.041891891891891894,0.026126126126126126,0.2689189189189189
0.6595744680851063,0.041666666666666664,0.028368794326241134,0.2703900709219858
0.6592228673514962,0.042876284055381866,0.029477445288075034,0.2684234033050469
0.6517302573203194,0.044365572315882874,0.030168589174800354,0.2737355811889973
0.6595650244118952,0.041278295605858856,0.030181979582778518,0.26897470039946736
0.6601597160603372,0.0417036379769299,0.031055900621118012,0.2670807453416149
0.6641526175687666,0.0417036379769299,0.031055900621118012,0.26308784383318545
0.6660674157303371,0.04089887640449438,0.0301123595505618,0.26292134831460673
0.6708520179372197,0.042152466367713005,0.02600896860986547,0.2609865470852018
0.6693620844564241,0.0431266846361186,0.023809523809523808,0.2637017070979335
0.6766146993318486,0.04320712694877506,0.023162583518930958,0.25701559020044545
0.6725742135578201,0.04209127159946832,0.026140894993354008,0.25919361984935757
0.6742729306487696,0.040268456375838924,0.024608501118568233,0.2608501118568233
0.6770324300310973,0.04042647712127943,0.024877832074633496,0.2576632607729898
0.6715686274509803,0.04500891265597148,0.025846702317290554,0.25757575757575757
0.6712511091393079,0.044365572315882874,0.027950310559006212,0.25643300798580304
0.6792951541850221,0.04449339207048458,0.02643171806167401,0.2497797356828194
0.6818588025022342,0.0420017873100983,0.03038427167113494,0.2457551385165326
0.6825754164790635,0.040522287257991896,0.031067086897793788,0.24583520936515083
0.6847487772343264,0.04224099599822143,0.03023566029346376,0.24277456647398843
0.6801228609039052,0.03992979376919702,0.0298376480912681,0.25010969723562965
0.6887211367673179,0.03907637655417407,0.02930728241563055,0.24289520426287745
0.6902030008826125,0.041924095322153576,0.026037069726390114,0.2418358340688438
0.6972682489923869,0.04075235109717868,0.026869682042095836,0.23510971786833856
0.6953997320232247,0.04332291201429209,0.026351049575703438,0.2349263063867798
0.6962247585601404,0.040825285338015806,0.02633889376646181,0.23661106233538193
0.704637550652859,0.03962179198559208,0.025213867627194957,0.2305267897343539
0.7072735385988398,0.0392681838464971,0.024096385542168676,0.22936189201249443
0.7107254116599911,0.040498442367601244,0.021361815754339118,0.22741433021806853
0.7105030891438658,0.0410414827890556,0.02118270079435128,0.22727272727272727
0.7121478873239436,0.04181338028169014,0.022007042253521125,0.22403169014084506
0.7141588992454505,0.040834442964935644,0.022636484687083888,0.22237017310252996
0.7157518964747881,0.03971441320838911,0.022311468094600623,0.2222222222222222
0.7162995594713656,0.04008810572687225,0.022026431718061675,0.22158590308370044
0.713711478338544,0.037516748548459135,0.023671281822242072,0.2251004912907548
0.7209612817089452,0.03426791277258567,0.023141967067200713,0.22162883845126835
0.7250782297720161,0.03218596334376397,0.024586499776486366,0.21814930710773356
0.7313499111900533,0.03507992895204263,0.023090586145648313,0.21047957371225579
0.7271922054915855,0.038529672276350756,0.024800708591674048,0.20947741364038971
0.7198237885462555,0.039647577092511016,0.025110132158590308,0.21541850220264316
0.7244582043343654,0.03847854931446263,0.024325519681556832,0.2127377266696152
0.7206079570853822,0.039785426911041574,0.02548055431381314,0.2141260616897631
0.7241835834068844,0.04236540158870256,0.02383053839364519,0.20962047661076788
0.7280779450841453,0.04162976085031001,0.021257750221434897,0.20903454384410983
0.7235736399823087,0.04113224237063246,0.022556390977443608,0.2127377266696152
0.7117595048629531,0.04332449160035367,0.022988505747126436,0.22192749778956675
0.7166739991201055,0.044434667839859214,0.025956885173779146,0.21293444786625604
0.7281292059219381,0.043965903992821895,0.02736653207716465,0.20053835800807537
0.7227373068432671,0.04370860927152318,0.026931567328918323,0.20662251655629138
0.7322623828647925,0.04462293618920125,0.025881302989736725,0.19723337795626952
0.7293434569004019,0.04600267976775346,0.02590442161679321,0.19874944171505135
0.7278790573588262,0.04579813250333482,0.026233881725211204,0.20008892841262785
0.7303220035778175,0.046958855098389984,0.0259391771019678,0.1967799642218247
0.7273542600896861,0.045739910313901344,0.025560538116591928,0.20134529147982064
0.7359676695105523,0.04535249214189493,0.025594970812752582,0.19308486753480017
0.7310924369747899,0.043343653250773995,0.027421494913754976,0.19814241486068113
0.7337434094903339,0.04305799648506151,0.028558875219683654,0.19463971880492092
0.7298136645962733,0.043478260869565216,0.03149955634427684,0.19520851818988466
0.734982332155477,0.04372791519434629,0.030035335689045935,0.19125441696113074
0.7357142857142858,0.044642857142857144,0.029910714285714287,0.18973214285714285
0.733568592853992,0.044111160123511246,0.030877812086457873,0.19144243493603882
0.7362395420519595,0.04051078819903126,0.031704095112285335,0.19154557463672392
0.7376760563380281,0.04137323943661972,0.032570422535211266,0.18838028169014084
0.7361477572559367,0.040897097625329816,0.030782761653474055,0.19217238346525944
0.7356730342070191,0.04575744113727232,0.030208796090626388,0.18836072856508218
0.7397137745974955,0.04561717352415027,0.03130590339892665,0.18336314847942756
0.7371654234313295,0.046511627906976744,0.031154014918824045,0.1851689337428697
0.7414330218068536,0.04672897196261682,0.03159768580329328,0.1802403204272363
0.739658273381295,0.044514388489208634,0.0341726618705036,0.18165467625899281
0.7436127297176154,0.04571940833706858,0.03765127745405648,0.17301658449125953
0.7467792092403376,0.043980453131941356,0.03820524211461573,0.17103509551310528
0.7486583184257602,0.04293381037567084,0.040697674418604654,0.1677101967799642
0.7451067615658363,0.04314946619217082,0.03870106761565836,0.17304270462633453
0.7453416149068323,0.04259094942324756,0.03948535936113576,0.1725820763087844
0.7474568774878373,0.04157452454666077,0.03759398496240601,0.17337461300309598
0.748886910062333,0.041852181656277826,0.03695458593054319,0.17230632235084595
0.7464912280701754,0.043859649122807015,0.03508771929824561,0.17456140350877192
0.7498885421310745,0.045474810521622826,0.03566651805617477,0.16897012929112795
0.7495535714285714,0.04642857142857143,0.033928571428571426,0.17008928571428572
0.7560106856634016,0.04407836153161175,0.02983081032947462,0.170080142475512
0.7562388591800356,0.04500891265597148,0.029411764705882353,0.16934046345811052
0.7606194690265486,0.0420353982300885,0.03008849557522124,0.1672566371681416
0.7548672566371681,0.0420353982300885,0.03185840707964602,0.17123893805309734
0.7548758865248227,0.04299645390070922,0.034574468085106384,0.1675531914893617
0.7576956904133685,0.04221635883905013,0.0316622691292876,0.16842568161829374
0.7622408469342744,0.04102337891486546,0.029554477282752536,0.16718129686810762
0.7593250444049734,0.040408525754884544,0.03197158081705151,0.16829484902309058
0.7623278542869836,0.03820524211461573,0.030208796090626388,0.1692581075077743
0.7589720868409393,0.03898980948161276,0.030571555161719097,0.17146654851572884
0.7578055307760928,0.03969669937555754,0.03345227475468332,0.16904549509366637
0.7630415561450045,0.03580901856763926,0.034482758620689655,0.16666666666666666
0.7684069611780455,0.03435966086568496,0.03435966086568496,0.16287371709058457
0.770017793594306,0.03291814946619217,0.033807829181494664,0.1632562277580071
0.773209549071618,0.034482758620689655,0.032714412024756855,0.15959328028293546
0.7744360902255639,0.033171163202122954,0.03449800973020787,0.15789473684210525
0.7749778956675508,0.03227232537577365,0.03536693191865606,0.15738284703801944
0.7775800711743772,0.032473309608540925,0.03425266903914591,0.15569395017793594
0.7799911465250111,0.029659141212926073,0.03629924745462594,0.15405046480743692
0.7821131082858396,0.029373081981587022,0.037264357737834285,0.15124945199473916
0.784070796460177,0.02743362831858407,0.035398230088495575,0.15309734513274337
0.7813476126729139,0.03034359660865685,0.03391343150379295,0.15439535921463632
0.7871396895787139,0.03015521064301552,0.03325942350332594,0.14944567627494457
0.7881468376824414,0.030959752321981424,0.03140203449800973,0.14949137549756744
0.7920393559928444,0.03220035778175313,0.030858676207513418,0.1449016100178891
0.7878787878787878,0.034759358288770054,0.03074866310160428,0.14661319073083778
0.79005770084332,0.03772747447847315,0.026187305814469597,0.14602751886373724
0.7896382313532827,0.03974988834301027,0.026351049575703438,0.14426083072800358
0.7904890085240018,0.038582323912068194,0.02602063705697622,0.14490803050695378
0.7900355871886121,0.037811387900355875,0.025355871886120998,0.14679715302491103
0.7913732394366197,0.03873239436619718,0.025528169014084508,0.1443661971830986
0.7933333333333333,0.041777777777777775,0.02711111111111111,0.13777777777777778
0.791907514450867,0.040017785682525564,0.028901734104046242,0.13917296576256113
0.8004405286343612,0.03656387665198238,0.029515418502202642,0.13348017621145375
0.799109131403118,0.03518930957683741,0.030289532293986638,0.1354120267260579
0.7976085031000886,0.03454384410983171,0.030558015943312665,0.13728963684676704
0.8031180400890868,0.0334075723830735,0.030289532293986638,0.133184855233853
0.804155614500442,0.03580901856763926,0.03050397877984085,0.12953138815207782
0.8006189213085765,0.038903625110521665,0.03050397877984085,0.129973474801061
0.8060097216084843,0.037560760053026956,0.029164825452938577,0.12726469288555015
0.8068935041979673,0.03844454264250994,0.030048608042421564,0.12461334511710119
0.8097539543057997,0.038224956063268895,0.03163444639718805,0.12038664323374342
0.8107507774322523,0.03820524211461573,0.03109729009329187,0.11994669035984007
0.8135593220338984,0.0383586083853702,0.029884032114183764,0.11819803746654772
0.8118327402135231,0.03692170818505338,0.028469750889679714,0.12277580071174377
0.8138204225352113,0.03477112676056338,0.02992957746478873,0.12147887323943662
0.8145869947275922,0.03427065026362039,0.027680140597539545,0.1234622144112478
0.8122759856630825,0.03494623655913978,0.029121863799283155,0.12365591397849462
0.8117752007136485,0.03791257805530776,0.029438001784121322,0.12087421944692239
0.818950177935943,0.036476868327402136,0.027580071174377226,0.11699288256227758
0.814088274632189,0.03700401248328132,0.03031654034774855,0.1185911725367811
0.8103448275862069,0.03713527851458886,0.03138815207780725,0.121131741821397
0.8087263111502865,0.03922432789775231,0.030409872190392245,0.12163948876156898
0.812666076173605,0.03808680248007086,0.02967227635075288,0.1195748449955713
0.8148475475033142,0.037560760053026956,0.030048608042421564,0.1175430844012373
0.8120035304501324,0.03751103265666372,0.029567519858781994,0.1209179170344219
0.8183023872679045,0.038903625110521665,0.027409372236958444,0.11538461538461539
0.8238965670976371,0.03700401248328132,0.028533214444939812,0.11056620597414177
0.8185430463576159,0.037527593818984545,0.03090507726269316,0.1130242825607064
0.8131672597864769,0.041370106761565835,0.03158362989323844,0.11387900355871886
0.8162090345438441,0.038529672276350756,0.03277236492471213,0.112488928255093
0.8149466192170819,0.0400355871886121,0.03202846975088968,0.11298932384341637
0.8192341941228851,0.03829029385574354,0.028495102404274265,0.11398040961709706
0.8211564320932317,0.03675481846705513,0.025549081129538322,0.11653966831017482
0.8247240618101546,0.03576158940397351,0.02781456953642384,0.11169977924944813
0.820489977728285,0.03875278396436525,0.025835189309576838,0.11492204899777284
0.8199643493761141,0.03832442067736185,0.026737967914438502,0.11497326203208556
0.8180604982206405,0.0400355871886121,0.027580071174377226,0.11432384341637011
0.8135062611806798,0.040697674418604654,0.02817531305903399,0.11762075134168157
0.815329448677723,0.041237113402061855,0.029134917077543704,0.11429852084267145
0.8232413178984862,0.03873552983081033,0.027604630454140695,0.11041852181656278
0.8190730837789661,0.040106951871657755,0.027183600713012478,0.11363636363636363
0.8197519929140833,0.04118689105403012,0.027900797165633304,0.11116031886625333
0.8190348525469169,0.0420017873100983,0.026362823949955316,0.1126005361930295
0.8234513274336284,0.04292035398230089,0.026991150442477876,0.10663716814159292
0.8205816554809844,0.042953020134228186,0.025503355704697986,0.11096196868008948
0.8244610646722393,0.04575450945886494,0.02243730752309723,0.1073471183457985
0.8269572953736655,0.0449288256227758,0.023131672597864767,0.10498220640569395
0.8285586392121754,0.045210384959713516,0.023276633840644583,0.10295434198746643
0.8264942016057092,0.04504906333630687,0.0231935771632471,0.10526315789473684
0.8260869565217391,0.04616763783056925,0.02285970416853429,0.10488570147915732
0.8263982102908277,0.0447427293064877,0.02237136465324385,0.10648769574944071
0.825255669186305,0.044464206313917294,0.023121387283236993,0.10715873721654068
0.8243123336291038,0.04259094942324756,0.024401064773735583,0.10869565217391304
0.8226381461675579,0.04188948306595366,0.025846702317290554,0.10962566844919786
0.824468085106383,0.0398936170212766,0.02349290780141844,0.11214539007092199
0.8197309417040358,0.037219730941704034,0.025112107623318385,0.1179372197309417
0.8196060877350044,0.03625783348254252,0.02730528200537153,0.11683079677708147
0.8235555555555556,0.03688888888888889,0.027555555555555555,0.112
0.8213814342278927,0.03783545974483062,0.027716673999120107,0.11306643202815662
0.8180219780219781,0.03912087912087912,0.027252747252747254,0.1156043956043956
0.8218213814342279,0.04003519577650682,0.025956885173779146,0.11218653761548614
0.8145695364238411,0.039735099337748346,0.026931567328918323,0.11876379690949228
0.8215072719259586,0.035698545614808286,0.028206258263552227,0.11458792419568092
0.8257575757575758,0.035204991087344026,0.02807486631016043,0.11096256684491979
0.8323673651359786,0.03522068658047258,0.028533214444939812,0.103878733838609
0.8388814913448736,0.03595206391478029,0.02663115845539281,0.0985352862849534
0.8349864743011722,0.0369702434625789,0.028403967538322812,0.09963931469792606
0.8407357559443697,0.03813369223867205,0.02826379542395693,0.09286675639300135
0.8366800535475234,0.036590807675145026,0.02900490852298081,0.09772423025435073
0.8364044943820225,0.03640449438202247,0.0301123595505618,0.09707865168539326
0.8381891528462573,0.037203047960555805,0.026445540116539667,0.09816225907664725
0.8396309314586995,0.03866432337434095,0.02592267135325132,0.09578207381370826
0.8366890380313199,0.03758389261744966,0.026845637583892617,0.09888143176733781
0.8388667552014165,0.035413899955732624,0.027445772465692783,0.09827357237715803
0.8355734767025089,0.03718637992831541,0.028225806451612902,0.09901433691756273
0.8437638703950289,0.03462050599201065,0.02663115845539281,0.09498446515756769
0.8450266429840142,0.03374777975133215,0.028419182948490232,0.09280639431616342
0.8447814451382694,0.03612845673505798,0.027207850133809098,0.09188224799286351
0.8418480675255442,0.037760995113282986,0.027099067081297203,0.09329187027987561
0.8449197860962567,0.035650623885918005,0.027629233511586453,0.09180035650623886
0.8447508896797153,0.03692170818505338,0.026690391459074734,0.09163701067615658
0.8425720620842572,0.03547671840354767,0.028824833702882482,0.09312638580931264
0.8422923145268769,0.03553976010661928,0.029764549089293647,0.09240337627721013
0.8500443655723159,0.03194321206743567,0.030168589174800354,0.0878438331854481
0.8517532179316467,0.03062583222370173,0.03195739014647137,0.08566355969818021
0.8506807202459377,0.030742204655248132,0.030742204655248132,0.0878348704435661
0.8508064516129032,0.02956989247311828,0.033154121863799284,0.08646953405017921
0.8519677996422182,0.02817531305903399,0.03309481216457961,0.08676207513416816
0.851363236587511,0.029023746701846966,0.03386103781882146,0.08575197889182058
0.8488631297369594,0.029870708872046365,0.03388319215336603,0.08738296923762817
0.84945295404814,0.02975929978118162,0.03238512035010941,0.08840262582056893
0.8476909413854352,0.02708703374777975,0.03285968028419183,0.09236234458259325
0.8436379928315412,0.03136200716845878,0.034050179211469536,0.09094982078853046
0.8417074255224545,0.03023566029346376,0.03912850155624722,0.08892841262783459
0.8368700265251989,0.033156498673740056,0.040229885057471264,0.08974358974358974
0.8360949395432155,0.03493058665472459,0.0380653828929691,0.09090909090909091
0.8360655737704918,0.0358883473637572,0.03943287549844927,0.08861320336730173
0.8367077464788732,0.03697183098591549,0.03917253521126761,0.08714788732394366
0.8408381631743201,0.03744984395898351,0.03700401248328132,0.08470798038341507
0.8402498884426596,0.037037037037037035,0.035698348951361,0.08701472556894244
0.8368256798930005,0.03522068658047258,0.03566651805617477,0.0922871154703522
0.8390652557319224,0.034832451499118164,0.036155202821869487,0.08994708994708994
0.8336267605633803,0.03873239436619718,0.03433098591549296,0.09330985915492958
0.8329611433675748,0.03930326038410004,0.03394372487717731,0.09379187137114783
0.8348909657320872,0.03827325322652426,0.03337783711615487,0.09345794392523364
0.8331842576028623,0.03756708407871199,0.03577817531305903,0.09347048300536673
0.8395390070921985,0.03590425531914894,0.03679078014184397,0.08776595744680851
0.834878587196468,0.03620309050772627,0.039293598233995586,0.08962472406181016
0.8410507569011576,0.03695458593054319,0.03561887800534283,0.08637577916295637
0.8389380530973451,0.03893805309734513,0.034955752212389384,0.08716814159292036
0.8471166741171211,0.03665623603039785,0.031291908806437195,0.0849351810460438
0.8470744680851063,0.038120567375886524,0.02925531914893617,0.08554964539007093
0.8528234771009338,0.03379279679857715,0.02712316585148955,0.08626056024899956
0.856314145470772,0.03391343150379295,0.025435073627844713,0.08433734939759036
0.8642573821066549,0.030850594975760245,0.0246804759806082,0.08021154693697664
0.8624780316344464,0.028558875219683654,0.027680140597539545,0.0812829525483304
0.8582188746123173,0.030571555161719097,0.030128489144882586,0.08108108108108109
0.8618711385701677,0.032215357458075904,0.028684907325684024,0.07722859664607237
0.8591111111111112,0.034666666666666665,0.029333333333333333,0.0768888888888889
0.8607764390896921,0.03435966086568496,0.028112449799196786,0.07675145024542615
0.863395225464191,0.03359858532272325,0.026083112290008842,0.07692307692307693
0.8649489115948468,0.03598400710795202,0.027099067081297203,0.07196801421590404
0.8645648312611013,0.03507992895204263,0.02664298401420959,0.07371225577264653
0.8681318681318682,0.03340659340659341,0.028131868131868132,0.07032967032967033
0.8625,0.03571428571428571,0.027232142857142858,0.07455357142857143
0.8619919606967397,0.034836980794997766,0.026797677534613668,0.07637338097364894
0.8622834295868503,0.037316748111950244,0.027099067081297203,0.07330075521990227
0.8626839054837272,0.03566651805617477,0.028533214444939812,0.07311636201515827
0.8637382339757956,0.035410129986553115,0.027790228597041687,0.07306140744060959
0.8615044247787611,0.034070796460176994,0.02920353982300885,0.0752212389380531
0.8597425654682646,0.03506435863293387,0.02929427430093209,0.0758988015978695
0.8573951434878587,0.03620309050772627,0.02913907284768212,0.0772626931567329
0.8572698977323254,0.036905291240551356,0.028012449977767896,0.07781236104935527
0.8544078361531612,0.039180765805877114,0.02983081032947462,0.07658058771148708
0.8530973451327434,0.03805309734513274,0.033185840707964605,0.07566371681415929
0.8556244464127547,0.03720106288751107,0.03188662533215235,0.07528786536758193
0.85950044603033,0.0383586083853702,0.031222123104371096,0.07091882247992863
0.8679413072476656,0.03468208092485549,0.028901734104046242,0.06847487772343264
0.8705673758865248,0.03368794326241135,0.02925531914893617,0.06648936170212766
0.8733392382639504,0.032329495128432244,0.029229406554472984,0.06510186005314438
0.8755002223210315,0.032458870609159626,0.02712316585148955,0.06491774121831925
0.8779301194161875,0.03184431667403804,0.02697921273772667,0.06324635117204777
0.8779735682819383,0.03303964757709251,0.02643171806167401,0.06255506607929516
0.8803003533568905,0.030918727915194347,0.026943462897526502,0.061837455830388695
0.8801597869507324,0.03062583222370173,0.026187305814469597,0.06302707501109632
0.8762840553818669,0.03171058508262617,0.02456453774006253,0.06744082179544439
0.8796587337224966,0.02828917826672654,0.026044005388414906,0.06600808262236192
0.8817013735046522,0.02658396101019052,0.024368630926007974,0.06734603455914931
0.8816489361702128,0.027039007092198582,0.024379432624113476,0.06693262411347518
0.8798570790531487,0.02992407324698526,0.02456453774006253,0.06565430995980348
0.8833113166006165,0.02774108322324967,0.024658740642888595,0.06428885953324527
0.876449598572703,0.031222123104371096,0.02631578947368421,0.06601248884924175
0.8767667844522968,0.03136042402826855,0.027385159010600707,0.06448763250883392
0.876043956043956,0.032527472527472526,0.026373626373626374,0.06505494505494505
0.8744957418198117,0.033168982519049754,0.025997310623038995,0.06633796503809951
0.8764444444444445,0.03244444444444444,0.025333333333333333,0.06577777777777778
0.8725972284309342,0.03263299061242736,0.02592758158247653,0.06884219937416182
0.8725011106175034,0.028876055086628164,0.027099067081297203,0.07152376721457131
0.877045555064131,0.02786377708978328,0.024325519681556832,0.07076514816452897
0.8743875278396437,0.028953229398663696,0.026726057906458798,0.06993318485523385
0.8764887516541685,0.027790030877812087,0.02646669607410675,0.06925452139391267
0.872719181130396,0.030262572318647086,0.0267022696929239,0.07031597685803294
0.8728813559322034,0.029884032114183764,0.026761819803746655,0.0704727921498662
0.8763345195729537,0.02891459074733096,0.025355871886120998,0.0693950177935943
0.8798226164079823,0.027937915742793792,0.0270509977827051,0.06518847006651884
0.8725099601593626,0.03142983621071271,0.027888446215139442,0.0681717574147853
0.8722466960352423,0.029515418502202642,0.029515418502202642,0.06872246696035242
0.8645046645935139,0.030208796090626388,0.030208796090626388,0.07507774322523322
0.8651884700665189,0.031042128603104215,0.030598669623059866,0.07317073170731707
0.865173473869126,0.030742204655248132,0.03162055335968379,0.07246376811594203
0.8637372392365734,0.033288948069241014,0.033732800710164226,0.0692410119840213
0.8704616763783057,0.033617212012550426,0.03047960555804572,0.06544150605109816
0.868421052631579,0.03300624442462088,0.030776092774308653,0.06779661016949153
0.8705934850513164,0.03168228469433289,0.030789825970548863,0.06693440428380187
0.8708536045997346,0.03228659885006634,0.03007518796992481,0.06678460858027421
0.8768888888888889,0.03155555555555556,0.028,0.06355555555555556
0.8799283154121864,0.03046594982078853,0.027329749103942653,0.062275985663082435
0.8799116997792494,0.031788079470198675,0.026490066225165563,0.06181015452538632
0.8766204738489047,0.033080017881090745,0.023692445239159587,0.06660706303084488
0.877797672336616,0.03401969561324977,0.023724261414503133,0.06445837063563116
0.8837312113174182,0.03183023872679045,0.023872679045092837,0.0605658709106985
0.8791257805530777,0.03345227475468332,0.024977698483496878,0.06244424620874219
0.877560106856634,0.031166518254674976,0.028495102404274265,0.06277827248441674
0.8776852257781674,0.03244191144234985,0.028057869355545814,0.06181499342393687
0.8764940239043825,0.03010181496237273,0.029659141212926073,0.06374501992031872
0.8786666666666667,0.030222222222222223,0.029333333333333333,0.06177777777777778
0.880709534368071,0.028824833702882482,0.03148558758314856,0.05898004434589801
0.8805970149253731,0.02633889376646181,0.036435469710272166,0.05662862159789289
0.8845296477931341,0.024520731163620153,0.03566651805617477,0.055283102987070884
0.8796090626388272,0.02665482007996446,0.03820524211461573,0.05553087516659263
0.8834736375719983,0.02702702702702703,0.038546743464776254,0.05095259193619849
0.890597539543058,0.02328646748681898,0.037785588752196834,0.048330404217926184
0.8877640845070423,0.02420774647887324,0.03917253521126761,0.0488556338028169
0.8880497556641492,0.024877832074633496,0.040870724122612175,0.04620168813860506
0.8894294559929234,0.022556390977443608,0.038920831490490936,0.04909332153914197
0.8825875055383252,0.023482498892334957,0.0407620735489588,0.05316792202038104
0.8788150807899462,0.02378815080789946,0.03949730700179533,0.057899461400359065
0.8769366976538291,0.02611775121735281,0.03851261620185923,0.05843293492695883
0.879646017699115,0.025221238938053097,0.03849557522123894,0.05663716814159292
0.8839681133746679,0.023914968999114262,0.03808680248007086,0.054030115146147036
0.8853702051739518,0.025423728813559324,0.03568242640499554,0.05352363960749331
0.8898601398601399,0.02666083916083916,0.035402097902097904,0.04807692307692308
0.8900312919088065,0.028609745194456863,0.0348681269557443,0.0464908359409924
0.8885929871282734,0.02885042166000888,0.036395916555703504,0.0461606746560142
