R,A,S,N
0.0,1.0,0.0,0.0
0.0,1.0,0.0,0.0
0.0,0.8,0.2,0.0
0.25,0.75,0.0,0.0
0.2857142857142857,0.7142857142857143,0.0,0.0
0.4,0.6,0.0,0.0
0.36363636363636365,0.45454545454545453,0.18181818181818182,0.0
0.42857142857142855,0.35714285714285715,0.21428571428571427,0.0
0.3157894736842105,0.2631578947368421,0.3157894736842105,0.10526315789473684
0.2916666666666667,0.25,0.375,0.08333333333333333
0.3225806451612903,0.22580645161290322,0.3548387096774194,0.0967741935483871
0.34210526315789475,0.21052631578947367,0.3157894736842105,0.13157894736842105
0.3541666666666667,0.22916666666666666,0.3125,0.10416666666666667
0.4067796610169492,0.22033898305084745,0.288135593220339,0.0847457627118644
0.4307692307692308,0.2,0.2923076923076923,0.07692307692307693
0.44776119402985076,0.19402985074626866,0.2537313432835821,0.1044776119402985
0.46153846153846156,0.1794871794871795,0.24358974358974358,0.11538461538461539
0.42045454545454547,0.18181818181818182,0.29545454545454547,0.10227272727272728
0.46078431372549017,0.1568627450980392,0.2647058823529412,0.11764705882352941
0.46956521739130436,0.14782608695652175,0.2782608695652174,0.10434782608695652
0.4892086330935252,0.15827338129496402,0.23741007194244604,0.11510791366906475
0.5176470588235295,0.1588235294117647,0.2235294117647059,0.1
0.5052083333333334,0.140625,0.234375,0.11979166666666667
0.5045454545454545,0.1409090909090909,0.2318181818181818,0.12272727272727273
0.49173553719008267,0.1446280991735537,0.2396694214876033,0.12396694214876033
0.4756554307116105,0.17228464419475656,0.21348314606741572,0.13857677902621723
0.49328859060402686,0.1610738255033557,0.19463087248322147,0.15100671140939598
0.5076452599388379,0.1620795107033639,0.1926605504587156,0.13761467889908258
0.5223463687150838,0.15921787709497207,0.20391061452513967,0.11452513966480447
0.5025252525252525,0.1691919191919192,0.20707070707070707,0.12121212121212122
0.49547511312217196,0.15610859728506787,0.2149321266968326,0.1334841628959276
0.5021097046413502,0.14978902953586498,0.2109704641350211,0.1371308016877637
0.48828125,0.158203125,0.2109375,0.142578125
0.4936936936936937,0.15315315315315314,0.21081081081081082,0.14234234234234233
0.4748322147651007,0.15268456375838926,0.22483221476510068,0.1476510067114094
0.4810126582278481,0.14715189873417722,0.2231012658227848,0.14873417721518986
0.46407185628742514,0.15119760479041916,0.23053892215568864,0.15419161676646706
0.46218487394957986,0.15406162464985995,0.22829131652661064,0.15546218487394958
0.46262886597938147,0.14948453608247422,0.22551546391752578,0.16237113402061856
0.4540094339622642,0.15919811320754718,0.22523584905660377,0.1615566037735849
0.45957918050941304,0.16057585825027684,0.21705426356589147,0.16279069767441862
0.443024494142705,0.16613418530351437,0.21831735889243875,0.17252396166134185
0.44789579158316634,0.1713426853707415,0.21042084168336672,0.17034068136272545
0.44412607449856734,0.16905444126074498,0.21298949379178606,0.17382999044890163
0.4394213381555154,0.17088607594936708,0.21066907775768534,0.17902350813743217
0.4365832614322692,0.17773943054357205,0.20534943917169973,0.18032786885245902
0.43309002433090027,0.1841038118410381,0.20194647201946472,0.18085969180859693
0.4362519201228879,0.18663594470046083,0.195852534562212,0.18125960061443933
0.4297337278106509,0.1886094674556213,0.1945266272189349,0.1871301775147929
0.42736248236953456,0.19746121297602257,0.1854724964739069,0.18970380818053598
0.41933287950987064,0.20626276378488767,0.1824370319945541,0.19196732471068753
0.4077733860342556,0.20619235836627142,0.18181818181818182,0.20421607378129117
0.40926395939086296,0.20939086294416243,0.17766497461928935,0.2036802030456853
0.40415140415140416,0.2032967032967033,0.17704517704517705,0.21550671550671552
0.40718915733647615,0.1962286387743076,0.17501473187978786,0.2215674720094284
0.4002340550029257,0.20538326506729082,0.1708601521357519,0.2235225277940316
0.3965616045845272,0.1982808022922636,0.17535816618911174,0.2297994269340974
0.3850896860986547,0.20011210762331838,0.18217488789237668,0.23262331838565023
0.3691639522258415,0.21064060803474485,0.18186753528773072,0.23832790445168295
0.37823560486001057,0.20126782884310618,0.17485472794506074,0.24564183835182252
0.387448132780083,0.1970954356846473,0.17427385892116182,0.2411825726141079
0.3911042944785276,0.20194274028629858,0.1712678936605317,0.23568507157464214
0.38922764227642276,0.2027439024390244,0.17479674796747968,0.23323170731707318
0.38964303670186023,0.20311714429361488,0.17596782302664657,0.23127199597787834
0.383808095952024,0.20389805097451275,0.17991004497751126,0.23238380809595202
0.3815142576204523,0.2030481809242871,0.17797443461160276,0.2374631268436578
0.3784570596797671,0.19796215429403202,0.1717612809315866,0.25181950509461426
0.3790439401255432,0.1970062771607919,0.17141477547078707,0.25253500724287786
0.3777989518818485,0.20009528346831826,0.1729394949976179,0.24916626965221533
0.3814238566713814,0.20132013201320131,0.17303158887317302,0.24422442244224424
0.3751178133836004,0.1988689915174364,0.17483506126295947,0.2511781338360038
0.3720491029272899,0.20113314447592068,0.17280453257790368,0.25401322001888577
0.37033538025507795,0.20453471894189892,0.1752479924421351,0.24988190836088806
0.3654297792390794,0.20854861437294506,0.17332080789102866,0.25270079849694693
0.36565752128666035,0.20860927152317882,0.17644276253547778,0.24929044465468306
0.3606789250353607,0.20414898632720416,0.18010372465818011,0.2550683639792551
0.36079545454545453,0.21022727272727273,0.17897727272727273,0.25
0.3587360594795539,0.20678438661710039,0.18029739776951673,0.254182156133829
0.36074766355140186,0.21074766355140187,0.17943925233644858,0.24906542056074765
0.3589143659335517,0.21197941038839493,0.1839026672905943,0.24520355638745905
0.36282771535580527,0.21301498127340823,0.18071161048689138,0.24344569288389514
0.358974358974359,0.21585081585081586,0.17762237762237762,0.24755244755244754
0.3671003717472119,0.21143122676579926,0.17611524163568773,0.24535315985130113
0.3635936030103481,0.2116650987770461,0.1763875823142051,0.24835371589840075
0.363932898415657,0.21481826654240446,0.17474370922646784,0.24650512581547065
0.3531894934333959,0.21622889305816134,0.1721388367729831,0.2584427767354597
0.35804195804195804,0.2191142191142191,0.17389277389277388,0.24895104895104894
0.36714751046998606,0.21963704048394603,0.16565844578873895,0.247557003257329
0.3645687645687646,0.2191142191142191,0.17016317016317017,0.24615384615384617
0.3621495327102804,0.21962616822429906,0.17289719626168223,0.24532710280373832
0.3590109367570138,0.2249167855444603,0.17118402282453637,0.24488825487398955
0.35450723960765995,0.22606258757589912,0.17141522652965904,0.2480149462867819
0.3529688972667295,0.2290292177191329,0.17436380772855797,0.24363807728557965
0.3540579022306597,0.2273374466065496,0.17845277645942098,0.2401518747033697
0.36074766355140186,0.22897196261682243,0.1733644859813084,0.2369158878504673
0.3641946150212565,0.2300425129900803,0.16721776098252245,0.23854511100614076
0.3591081593927894,0.222011385199241,0.17125237191650855,0.2476280834914611
0.36685288640595903,0.21741154562383613,0.1713221601489758,0.24441340782122906
0.3650421743205248,0.22071227741330834,0.16073102155576383,0.253514526710403
0.36622390891840606,0.21916508538899432,0.15939278937381404,0.25521821631878555
0.3641917293233083,0.2236842105263158,0.1574248120300752,0.25469924812030076
0.35879302215935877,0.2263083451202263,0.15794436586515795,0.25695426685525696
0.36133270764899106,0.22336931018301268,0.15391834819333647,0.2613796339746598
0.3669165885660731,0.22446110590440488,0.15604498594189317,0.25257731958762886
0.3730642890661661,0.21961520412951666,0.15673392773345848,0.25058657907085874
0.3764650726676043,0.2156586966713549,0.1584622597280825,0.24941397093295828
0.37825278810408924,0.21607806691449813,0.1607806691449814,0.24488847583643122
0.37365716954694067,0.21952358710882766,0.15787015413358244,0.24894908921064923
0.3786453433678269,0.2262464722483537,0.15475070555032927,0.24035747883349012
0.3771106941838649,0.22654784240150094,0.15196998123827393,0.24437148217636023
0.37664165103189495,0.2274859287054409,0.14681050656660413,0.24906191369606004
0.37459434399629116,0.2285581826611034,0.1502086230876217,0.24663885025498378
0.38275058275058277,0.22843822843822845,0.1445221445221445,0.2442890442890443
0.3755846585594013,0.22591206735266603,0.14546304957904585,0.2530402245088868
0.3721787194841087,0.2275449101796407,0.14693689543988944,0.2533394748963611
0.36675951717734445,0.2298050139275766,0.14856081708449395,0.25487465181058494
0.36768802228412256,0.2265552460538533,0.149025069637883,0.2567316620241411
0.36652641421224874,0.2262739597942964,0.14679756895745674,0.2604020570359981
0.36490900606626225,0.23051796546896874,0.14792347176854875,0.25664955669622025
0.36308693630869365,0.2315202231520223,0.14272431427243143,0.2626685262668526
0.36480884385076,0.22478120681713495,0.14601566098572086,0.2643942883463842
0.3641860465116279,0.22604651162790698,0.14465116279069767,0.2651162790697674
0.3619489559164733,0.23016241299303944,0.14013921113689096,0.2677494199535963
0.3587108827650631,0.23120037365716956,0.1396543671181691,0.27043437645959834
0.36020503261882575,0.23112767940354148,0.13233923578751164,0.27632805219012113
0.3645640074211503,0.22634508348794063,0.13172541743970315,0.27736549165120594
0.3684459140292867,0.2276806802078413,0.12706660368445913,0.27680680207841285
0.3699858423784804,0.2288815478999528,0.12789051439358187,0.2732420953279849
0.37061300889096865,0.2339728591483388,0.12774918109499298,0.2676649508656996
0.36876763875823143,0.2323612417685795,0.12605832549388524,0.27281279397930386
0.36954459203036055,0.2314990512333966,0.12950664136622392,0.269449715370019
0.37225595516113963,0.23306865950490424,0.12610929472209248,0.2685660906118636
0.3721037998146432,0.23169601482854496,0.1274328081556997,0.26876737720111216
0.3719626168224299,0.2336448598130841,0.12383177570093458,0.2705607476635514
0.37358490566037733,0.22830188679245284,0.12924528301886792,0.2688679245283019
0.3694931312174325,0.23259118900994788,0.13405968735196588,0.2638559924206537
0.3702487095260441,0.2397935241670577,0.1285781323322384,0.2613796339746598
0.3775797373358349,0.22842401500938087,0.13227016885553472,0.26172607879924953
0.3729450446218882,0.2273367778299671,0.13762329732268672,0.26209488022545796
0.36941176470588233,0.2268235294117647,0.13364705882352942,0.2701176470588235
0.3711872360394181,0.22993899577663068,0.1346785546691694,0.2641952135147818
0.375936329588015,0.225187265917603,0.13670411985018727,0.26217228464419473
0.37788235294117645,0.2263529411764706,0.14023529411764707,0.2555294117647059
0.3714964370546318,0.22992874109263658,0.14394299287410928,0.25463182897862235
0.37161841480778357,0.23255813953488372,0.1400094921689606,0.2558139534883721
0.3694327238631036,0.23769338959212377,0.1401781528363807,0.25269573370839193
0.3704052780395853,0.235626767200754,0.14326107445805844,0.25070688030160226
0.37345971563981045,0.23080568720379147,0.14218009478672985,0.25355450236966826
0.36666666666666664,0.2380281690140845,0.13990610328638498,0.25539906103286386
0.3755846585594013,0.2333956969130028,0.1342376052385407,0.2567820392890552
0.36941176470588233,0.23105882352941176,0.1411764705882353,0.25835294117647056
0.3647003745318352,0.2308052434456929,0.13857677902621723,0.26591760299625467
0.3648269410664172,0.23105706267539758,0.13797942001870908,0.2661365762394761
0.3536871770784406,0.24142790042273368,0.14232033818694223,0.2625645843118835
0.35646836638338053,0.24079320113314448,0.1388101983002833,0.26392823418319167
0.3581526861451461,0.23091423185673893,0.14467483506126297,0.266258246936852
0.3497421472105016,0.23816221284575714,0.1401781528363807,0.2719174871073605
0.34888148500713945,0.23322227510709187,0.1432651118514993,0.2746311280342694
0.34146341463414637,0.23686679174484052,0.14352720450281425,0.2781425891181989
0.34438654666035057,0.23969682614874466,0.14211274277593558,0.2738038844149692
0.351376574895007,0.24078394773681755,0.1451236584227718,0.26271581894540363
0.3506616257088847,0.23771266540642721,0.14744801512287334,0.26417769376181477
0.35260663507109,0.23412322274881517,0.14691943127962084,0.2663507109004739
0.3467360454115421,0.2412488174077578,0.15421002838221382,0.2578051087984863
0.3443396226415094,0.2419811320754717,0.15471698113207547,0.2589622641509434
0.3486536675951718,0.24001857010213556,0.1555246053853296,0.25580315691736305
0.3519736842105263,0.23402255639097744,0.15648496240601503,0.2575187969924812
0.3522248243559719,0.23934426229508196,0.15362997658079625,0.2548009367681499
0.3530232558139535,0.2441860465116279,0.15069767441860465,0.25209302325581395
0.35225686365751513,0.24336900884132154,0.14890646812470917,0.25546765937645416
0.36156351791530944,0.23452768729641693,0.14564913913448116,0.25825965565379244
0.36033519553072624,0.2346368715083799,0.1457169459962756,0.25931098696461824
0.3583293782629331,0.2349311817750356,0.14807783578547698,0.2586616041765543
0.3627775153519131,0.23807274444969295,0.14643363249881908,0.25271610769957487
0.36465116279069765,0.23488372093023255,0.14511627906976743,0.25534883720930235
0.3506554307116105,0.24110486891385768,0.15215355805243447,0.25608614232209737
0.3496932515337423,0.23643227937706465,0.14771118452100046,0.26616328456819255
0.34951003266448905,0.2384507699486701,0.14885674288380774,0.2631824545030331
0.3466915191053122,0.2413793103448276,0.15051258154706432,0.2614165890027959
0.34893617021276596,0.24302600472813238,0.150354609929078,0.2576832151300236
0.3473684210526316,0.23827751196172248,0.15023923444976076,0.2641148325358852
0.3548235294117647,0.23011764705882354,0.15341176470588236,0.2616470588235294
0.3544007490636704,0.22659176029962547,0.1540262172284644,0.2649812734082397
0.358446420215255,0.22835751052877867,0.1520823584464202,0.2611137108095461
0.3571764705882353,0.23011764705882354,0.14729411764705883,0.26541176470588235
0.3512377393741242,0.23120037365716956,0.15319943951424567,0.2643624474544605
0.3585081585081585,0.2289044289044289,0.14592074592074591,0.26666666666666666
0.3580765639589169,0.23295985060690944,0.14332399626517273,0.26563958916900093
0.36312587739822183,0.22414599906410856,0.14740290126345343,0.2653252222742162
0.35724331926863573,0.2250351617440225,0.14533520862634786,0.2723863103609939
0.3602251407129456,0.22795497185741087,0.1449343339587242,0.2668855534709193
0.3540315106580167,0.23262279888785914,0.14318813716404077,0.2701575532900834
0.35398230088495575,0.23055426176059618,0.14671634839310665,0.2687470889613414
0.34950071326676174,0.2315739419876367,0.14645744174988112,0.2724679029957204
0.3592049219119735,0.23000473260766682,0.14387127307146239,0.2669190724088973
0.3595664467483506,0.23044297832233743,0.14278982092365694,0.267200754005655
0.3557015485687471,0.22477709995307368,0.14453308305959645,0.2749882684185828
0.351921274601687,0.22727272727272727,0.1485473289597001,0.27225866916588565
0.34825174825174826,0.2275058275058275,0.15151515151515152,0.2727272727272727
0.34325581395348836,0.2344186046511628,0.1558139534883721,0.26651162790697674
0.34766527970411465,0.23485899214054554,0.14655570966250578,0.27092001849283404
0.352,0.23670588235294118,0.1491764705882353,0.2621176470588235
0.34766527970411465,0.23347202958853444,0.1516412390198798,0.2672214516874711
0.3489125404905137,0.23461360481258678,0.14669134659879685,0.2697825080981027
0.3446691176470588,0.22886029411764705,0.14659926470588236,0.27987132352941174
0.35332403533240353,0.22594142259414227,0.14272431427243143,0.2780102278010228
0.3525550867323019,0.22456633849038912,0.1420534458509142,0.2808251289263948
0.35094339622641507,0.22547169811320755,0.14150943396226415,0.2820754716981132
0.34464875058934463,0.23243752946723245,0.1404997642621405,0.2824139556812824
0.34461966604823746,0.23283858998144713,0.14239332096474955,0.28014842300556586
0.33956095282578236,0.23867351704810835,0.14198972442783747,0.2797758056982718
0.3370892018779343,0.2323943661971831,0.14460093896713616,0.2859154929577465
0.3372147182114579,0.2286911970190964,0.14951094550535632,0.2845831392640894
0.32663551401869156,0.23130841121495327,0.15093457943925234,0.2911214953271028
0.32788416627744044,0.22886501634750117,0.1503970107426436,0.2928538066324148
0.3242481203007519,0.231203007518797,0.15413533834586465,0.29041353383458646
0.3223374175306315,0.23468426013195098,0.15221489161168708,0.29076343072573047
0.31563981042654027,0.23886255924170616,0.15165876777251186,0.2938388625592417
0.31630740393626994,0.23898781630740393,0.14432989690721648,0.3003748828491096
0.3171307220386975,0.2397357243983011,0.1500707881075979,0.2930627654554035
0.3199063231850117,0.2388758782201405,0.14800936768149883,0.29320843091334897
0.31951560316721006,0.2408011178388449,0.14951094550535632,0.29017233348858873
0.3156177156177156,0.23496503496503496,0.1599067599067599,0.2895104895104895
0.3179680150517404,0.23424270931326435,0.16415804327375352,0.28363123236124177
0.3171764705882353,0.23294117647058823,0.16376470588235295,0.28611764705882353
0.3242857142857143,0.23238095238095238,0.16,0.2833333333333333
0.3225959261013738,0.2335386072951208,0.16390336333491237,0.2799621032685931
0.3260261194029851,0.23134328358208955,0.16138059701492538,0.28125
0.31909901454716094,0.23791647114030973,0.16001877053026747,0.28296574378226186
0.31847725162488394,0.23676880222841226,0.15784586815227483,0.28690807799442897
0.31627906976744186,0.23813953488372094,0.15395348837209302,0.2916279069767442
0.31902985074626866,0.23647388059701493,0.15811567164179105,0.28638059701492535
0.32432432432432434,0.2455731593662628,0.15610438024231127,0.2739981360671016
0.32164562879850395,0.24777933613838243,0.15614773258532025,0.27442730247779334
0.3231055323105532,0.24779172477917247,0.15574151557415156,0.2733612273361227
0.31670588235294117,0.25176470588235295,0.1571764705882353,0.2743529411764706
0.31971830985915495,0.24882629107981222,0.1568075117370892,0.2746478873239437
0.3195435092724679,0.24679029957203993,0.16072277698525916,0.272943414170233
0.31966053748231965,0.24516737388024518,0.16265912305516267,0.2725129655822725
0.32101076275152085,0.24520355638745905,0.1586335985025737,0.2751520823584464
0.32217573221757323,0.24779172477917247,0.1603905160390516,0.2696420269642027
0.3255601280292638,0.2446273433927755,0.15912208504801098,0.2706904435299497
0.32443626323055685,0.24298205246203405,0.15554532903819604,0.27703635526921305
0.32774674115456237,0.23696461824953446,0.1531657355679702,0.28212290502793297
0.32850467289719626,0.23785046728971962,0.15514018691588785,0.27850467289719627
0.32818352059925093,0.24297752808988765,0.1502808988764045,0.2785580524344569
0.3249763481551561,0.24172185430463577,0.15373699148533584,0.2795648060548723
0.3233504913430042,0.2377164248947122,0.15769770706598035,0.2812353766963032
0.32882462686567165,0.23227611940298507,0.15298507462686567,0.28591417910447764
0.3243494423791822,0.22490706319702602,0.1570631970260223,0.2936802973977695
0.325711619225385,0.23098460102659824,0.15258982734484366,0.2907139524031731
0.3210452636490901,0.2323845076994867,0.15165655622958468,0.2949136724218385
0.32277596646483464,0.23381462505822076,0.1504424778761062,0.2929669306008384
0.32048872180451127,0.22885338345864661,0.15178571428571427,0.29887218045112784
0.32373761208117036,0.2246342614440774,0.15337423312883436,0.2982538933459179
0.3227166276346604,0.22669789227166276,0.15503512880562062,0.2955503512880562
0.3280224929709466,0.22914714151827553,0.1527647610121837,0.2900656044985942
0.33270940570893776,0.229293401965372,0.14974262985493683,0.2882545624707534
0.3330197554092192,0.2333019755409219,0.15145813734713076,0.28222013170272814
0.33580018501387604,0.22895467160037003,0.1604995374653099,0.27474560592044406
0.33506616257088845,0.23251417769376181,0.15831758034026466,0.2741020793950851
0.3342579750346741,0.23347202958853444,0.15811373092926492,0.2741562644475266
0.3334885887284583,0.23102002794597112,0.1574289706567303,0.27806241266884024
0.33071955719557194,0.2338560885608856,0.16143911439114392,0.27398523985239853
0.33240611961057026,0.22994900324524803,0.16226240148354196,0.2753824756606398
0.3302151543498597,0.23292797006548177,0.16323666978484566,0.2736202057998129
0.3279773156899811,0.23251417769376181,0.166351606805293,0.2731568998109641
0.31788079470198677,0.23557237464522232,0.16698202459791864,0.2795648060548723
0.3171536286522149,0.23986804901036757,0.16211121583411875,0.28086710650329877
0.31865530303030304,0.23390151515151514,0.16382575757575757,0.28361742424242425
0.3238501659554291,0.2361308677098151,0.1593172119487909,0.2807017543859649
0.3239171374764595,0.23728813559322035,0.15630885122410546,0.2824858757062147
0.32241459990641086,0.24286382779597568,0.1525503041647169,0.28217126813289656
0.32526115859449195,0.23836657169990502,0.150997150997151,0.28537511870845206
0.32193732193732194,0.23504273504273504,0.15242165242165243,0.2905982905982906
0.3230987246102976,0.23193197921587153,0.15588096362777515,0.28908833254605576
0.31637061929908783,0.23667786845895344,0.1526644263082093,0.2942870859337494
0.31986848285580083,0.2390793799906059,0.15077501174260216,0.2902771254109911
0.3176744186046512,0.24558139534883722,0.15209302325581395,0.2846511627906977
0.3208606173994387,0.2507015902712816,0.1421889616463985,0.2862488306828812
0.32277596646483464,0.2505822077317187,0.14345598509548207,0.2831858407079646
0.32370472260430994,0.24988537368179733,0.14167812929848694,0.28473177441540576
0.3248496066635817,0.25173530772790376,0.14715409532623785,0.27626099028227674
0.3333333333333333,0.2456876456876457,0.14358974358974358,0.2773892773892774
0.33270499528746467,0.24929311969839774,0.1413760603204524,0.2766258246936852
0.33238636363636365,0.24573863636363635,0.1415719696969697,0.2803030303030303
0.332703213610586,0.251890359168242,0.1342155009451796,0.28119092627599246
0.3217680608365019,0.251425855513308,0.14163498098859315,0.28517110266159695
0.32379589890319505,0.24988078206962328,0.14783023366714354,0.27849308536003814
0.32450331125827814,0.2478713339640492,0.14474929044465468,0.282876064333018
0.31935176358436607,0.24833174451858914,0.14585319351763584,0.286463298379409
0.31750465549348234,0.24906890130353818,0.14664804469273743,0.28677839851024206
0.3218122372723027,0.24988323213451658,0.14385801027557216,0.2844465203176086
0.32247557003257327,0.25127966496044674,0.1470451372731503,0.27919962773382967
0.3215118992067196,0.2543163789080728,0.1455902939804013,0.27858142790480633
0.32370749883558453,0.25803446669771773,0.14112715416860735,0.27713088029809035
0.32322761194029853,0.25326492537313433,0.14272388059701493,0.28078358208955223
0.32122641509433963,0.24669811320754717,0.1400943396226415,0.2919811320754717
0.3210349784379492,0.24389075227599424,0.14183037853378055,0.29324389075227597
0.3223809523809524,0.24619047619047618,0.1438095238095238,0.2876190476190476
0.3191190253045923,0.24320524835988752,0.14104967197750704,0.29662605435801315
0.3158633598502574,0.24099204492278894,0.1441272812353767,0.299017313991577
0.31429919773478054,0.24823029731005192,0.14487966021708354,0.292590844738084
0.31288056206088993,0.24355971896955503,0.14566744730679157,0.29789227166276344
0.3150943396226415,0.24528301886792453,0.14575471698113207,0.2938679245283019
0.31874405328258804,0.2483349191246432,0.13891531874405327,0.2940057088487155
0.31684554363042466,0.24731684554363043,0.14372375174988333,0.2921138590760616
0.3174077578051088,0.24929044465468306,0.14285714285714285,0.2904446546830653
0.30969267139479906,0.2515366430260047,0.14373522458628843,0.2950354609929078
0.3166114529105537,0.24940842404164695,0.13913866540463796,0.2948414576431614
0.31844106463878324,0.24809885931558937,0.13830798479087453,0.29515209125475284
0.3076190476190476,0.24761904761904763,0.1438095238095238,0.30095238095238097
0.3075480543834974,0.24519456165025785,0.14767932489451477,0.29957805907172996
0.3044496487119438,0.24309133489461357,0.14988290398126464,0.30257611241217797
0.3097261567516525,0.23984891406987724,0.1506137865911237,0.29981114258734654
0.3145123658422772,0.2375174988334111,0.14979001399906672,0.29818012132524496
0.31385485391140433,0.235626767200754,0.15080113100848255,0.2997172478793591
0.3236397748592871,0.23592870544090055,0.1472795497185741,0.29315196998123827
0.32618825722274,0.2385834109972041,0.14305684995340168,0.29217148182665426
0.31807566557683326,0.24241008874357778,0.1466604390471742,0.2928538066324148
0.3198874296435272,0.24390243902439024,0.14587242026266417,0.2903377110694184
0.32484677039132487,0.2446958981612447,0.1438000942951438,0.28665723715228664
0.3275047258979206,0.24102079395085066,0.14603024574669188,0.28544423440453687
0.3238583410997204,0.2413793103448276,0.14259086672879775,0.29217148182665426
0.32598499061913694,0.2396810506566604,0.13836772983114445,0.2959662288930582
0.32845681925436526,0.24162340726757905,0.1363850873053327,0.293534686172723
0.3262511803588291,0.24598677998111426,0.1364494806421152,0.29131255901794145
0.3232371036441079,0.2489351632749645,0.1396119261713204,0.2882158069096072
0.31977559607293127,0.24871435250116877,0.14305750350631136,0.2884525479195886
0.32582159624413143,0.252112676056338,0.13708920187793427,0.28497652582159627
0.3176414645744175,0.25344745601521634,0.1383737517831669,0.29053732762719925
0.3204705882352941,0.256,0.136,0.28752941176470587
0.32031984948259645,0.25634995296331137,0.13922859830667922,0.28410159924741296
0.3221062618595825,0.25569259962049334,0.13946869070208728,0.2827324478178368
0.31839622641509435,0.25566037735849056,0.1391509433962264,0.28679245283018867
0.3234323432343234,0.2508250825082508,0.13767090994813766,0.28807166430928804
0.32265661799340556,0.2477626000942063,0.14272256241168157,0.28685821950070656
0.32264150943396225,0.24952830188679245,0.13773584905660377,0.29009433962264153
0.3205786280914606,0.2487167522165189,0.1353243117125525,0.295380307979468
0.31603553062178585,0.2505843852267415,0.13931743805516597,0.29406264609630667
0.32007487131492746,0.25128685072531587,0.13851193261581657,0.2901263453439401
0.32898415657036345,0.2511649580615098,0.13653308480894688,0.2833178005591799
0.31719924812030076,0.2532894736842105,0.14520676691729323,0.2843045112781955
0.32282352941176473,0.2447058823529412,0.1468235294117647,0.2856470588235294
0.31203007518796994,0.2551691729323308,0.14661654135338345,0.28618421052631576
0.3120868744098206,0.2559017941454202,0.14447592067988668,0.28753541076487255
0.3138992537313433,0.25699626865671643,0.1417910447761194,0.2873134328358209
0.3149790013999067,0.24778348110125992,0.1395240317312179,0.29771348576761547
0.3170055452865065,0.25092421441774493,0.1400184842883549,0.2920517560073937
0.3199251637043966,0.24742750233863423,0.13564078578110383,0.2970065481758653
0.32167832167832167,0.2442890442890443,0.1351981351981352,0.2988344988344988
0.32285312060065696,0.24260910370717972,0.1309244486156734,0.3036133270764899
0.32285312060065696,0.24260910370717972,0.1309244486156734,0.3036133270764899
0.3224431818181818,0.24053030303030304,0.13446969696969696,0.3025568181818182
0.32240184757505774,0.2420323325635104,0.13071593533487297,0.30484988452655887
0.31820287169986106,0.2445576655859194,0.1329319129226494,0.30430754979157015
0.31398049233627495,0.24245239201114724,0.13841151881096145,0.30515559684161636
0.312152133580705,0.24397031539888683,0.1414656771799629,0.30241187384044527
0.31146025878003697,0.24168207024029575,0.13863216266173753,0.3082255083179298
0.30729653882132835,0.24087932647333957,0.1421889616463985,0.30963517305893357
0.3111318118304611,0.2431299487657196,0.1415929203539823,0.304145319049837
0.3120567375886525,0.24680851063829787,0.1380614657210402,0.30307328605200945
0.3149717514124294,0.24199623352165725,0.14500941619585686,0.2980225988700565
0.31067044381491976,0.24834749763928235,0.1449480642115203,0.29603399433427763
0.3165569143932267,0.24600188146754468,0.1458137347130762,0.2916274694261524
0.31709601873536297,0.24449648711943794,0.1451990632318501,0.29320843091334897
0.3173851255329228,0.2444339175746092,0.14258645191852204,0.295594504973946
0.31459612659423714,0.24610297590930563,0.14029286726499765,0.2990080302314596
0.3135954523922312,0.24680246328754146,0.14116532449076266,0.2984367598294647
0.3186761229314421,0.2425531914893617,0.14184397163120568,0.29692671394799053
0.31379962192816635,0.24243856332703215,0.14319470699432893,0.3005671077504726
0.30909943714821764,0.24906191369606004,0.1430581613508443,0.29878048780487804
0.3069810448451225,0.2459546925566343,0.14516874711049468,0.3018955154877485
0.3079056865464632,0.2431807674526121,0.14424410540915394,0.3046694405917707
0.30928807166430927,0.24233851956624233,0.1471004243281471,0.3012729844413013
0.30721452460582893,0.24558050645007168,0.14906832298136646,0.2981366459627329
0.3064898152534344,0.24253908100426338,0.15158692562766463,0.29938417811463763
0.3091856060606061,0.23958333333333334,0.15009469696969696,0.30113636363636365
0.3105706267539757,0.23900841908325537,0.1510757717492984,0.2993451824134705
0.3076923076923077,0.23776223776223776,0.1585081585081585,0.29603729603729606
0.3060564031437818,0.23763291724456773,0.15626444752658344,0.30004623208506703
0.3047530288909599,0.23904939422180801,0.15563839701770738,0.3005591798695247
0.30325932923948984,0.23948984411903637,0.15493623051487954,0.3023145961265942
0.3011820330969267,0.23735224586288417,0.15602836879432624,0.3054373522458629
0.2903529411764706,0.2475294117647059,0.15623529411764706,0.3058823529411765
0.29508970727101036,0.24268177525967893,0.15486307837582625,0.3073654390934844
0.2939793038570085,0.2389463781749765,0.15757290686735653,0.30950141110065854
0.2864485981308411,0.24485981308411214,0.15654205607476634,0.3121495327102804
0.2943378568086102,0.2419279363593823,0.15535797847449695,0.30837622835751055
0.2915301824988301,0.24145999064108564,0.15535797847449695,0.3116518483855873
0.29053420805998126,0.24039362699156513,0.15745079662605435,0.31162136832239923
0.28830926874708895,0.2440614811364695,0.15882626921285514,0.3088029809035864
0.28478057889822594,0.24183006535947713,0.16106442577030813,0.3123249299719888
0.2791783380018674,0.2404295051353875,0.16293183940242764,0.31746031746031744
0.2820631970260223,0.2379182156133829,0.15845724907063197,0.3215613382899628
0.2800936768149883,0.23981264637002342,0.15550351288056205,0.32459016393442625
0.28437353355232287,0.2313467855466917,0.15673392773345848,0.327545753167527
0.28289473684210525,0.231203007518797,0.1588345864661654,0.32706766917293234
0.2761641309359152,0.23697556477639464,0.1636698939603504,0.3231904103273398
0.2791783380018674,0.2338935574229692,0.1638655462184874,0.323062558356676
0.27394724664507175,0.23739009717723275,0.16242480333179085,0.3262378528459047
0.2716789667896679,0.23293357933579337,0.16328413284132842,0.33210332103321033
0.27039413382218147,0.2373968835930339,0.16636113657195234,0.3258478460128323
0.2761816496756256,0.23262279888785914,0.17330861909175163,0.3178869323447637
0.27489481065918653,0.23562412342215988,0.16690042075736325,0.3225806451612903
0.2825471698113208,0.2339622641509434,0.1669811320754717,0.31650943396226416
0.28377110694183866,0.22654784240150094,0.16557223264540338,0.324108818011257
0.2836812144212524,0.22912713472485768,0.16698292220113853,0.3202087286527514
0.2878141299193931,0.2323376007586534,0.16216216216216217,0.3176861071597914
0.28805620608899296,0.22950819672131148,0.16440281030444964,0.3180327868852459
0.2964352720450281,0.2298311444652908,0.16557223264540338,0.30816135084427765
0.29633113828786456,0.23706491063029161,0.16509877704609596,0.3015051740357479
0.29976470588235293,0.232,0.1623529411764706,0.3058823529411765
0.29868913857677903,0.2345505617977528,0.1605805243445693,0.3061797752808989
0.30177238805970147,0.22761194029850745,0.16044776119402984,0.3101679104477612
0.3008015087223008,0.23573785950023574,0.15841584158415842,0.30504479019330505
0.2981629769194536,0.2369288742345737,0.15544041450777202,0.3094677343382007
0.29450446218882104,0.24142790042273368,0.14983560356975106,0.31423203381869425
0.2983529411764706,0.24,0.1496470588235294,0.312
0.2966824644549763,0.24218009478672986,0.14976303317535544,0.3113744075829384
0.29458823529411765,0.23952941176470588,0.15529411764705883,0.31058823529411766
0.29141248240262785,0.24401689347724073,0.15626466447677148,0.30830595964335994
0.29029217719132894,0.24269557021677662,0.1536286522148916,0.3133836003770028
0.29638439581351095,0.25023786869647957,0.15033301617507136,0.30304471931493815
0.28900375939849626,0.25140977443609025,0.15178571428571427,0.30780075187969924
0.2883349012229539,0.2497648165569144,0.1571025399811853,0.3047977422389464
0.28659695817490494,0.24572243346007605,0.15826996197718632,0.3094106463878327
0.2840962718263332,0.24964605946201038,0.1562057574327513,0.31005191127890513
0.29023255813953486,0.24325581395348836,0.15813953488372093,0.3083720930232558
0.28926394749179557,0.24285044538209094,0.16080637599624942,0.307079231129864
0.2877094972067039,0.2462756052141527,0.15595903165735567,0.3100558659217877
0.29056603773584905,0.24339622641509434,0.16226415094339622,0.30377358490566037
0.2828424497428705,0.24731182795698925,0.16690042075736325,0.302945301542777
0.28323970037453183,0.24765917602996254,0.16338951310861424,0.3057116104868914
0.28307123034227566,0.24514338575393155,0.16003700277520813,0.31174838112858466
0.282983682983683,0.2400932400932401,0.16037296037296037,0.31655011655011656
0.27926657263751764,0.24964739069111425,0.15561824165491303,0.3154677950164551
0.2867853795688847,0.24461105904404873,0.15651358950328023,0.31208997188378634
0.28323970037453183,0.24719101123595505,0.15917602996254682,0.3103932584269663
0.2853185595567867,0.24884579870729456,0.15974145891043398,0.3060941828254848
0.28426395939086296,0.244116289801569,0.1601292108906322,0.31149053991693587
0.2805722196585141,0.24688509460083063,0.16289801568989387,0.3096446700507614
0.28114715561824166,0.24118476727785615,0.16361071932299012,0.3140573577809121
0.27555346208195947,0.24352331606217617,0.16015073009891662,0.3207724917569477
0.27242990654205607,0.2457943925233645,0.16214953271028038,0.31962616822429907
0.2690331620737973,0.24848201774871556,0.16394208313872022,0.31854273703876695
0.2634283045305932,0.2503503035964503,0.16300794021485288,0.32321345165810367
0.26148744670772145,0.25485551871151113,0.16579819990525818,0.31785883467550924
0.2566162570888469,0.2547258979206049,0.16729678638941398,0.32136105860113423
0.2539831302717901,0.25679475164011245,0.1635426429240862,0.32567947516401125
0.2576887232059646,0.25629077353215285,0.16635601118359739,0.3196644920782852
0.2565543071161049,0.2565543071161049,0.16245318352059926,0.324438202247191
0.2525533890436397,0.25998142989786444,0.1648096564531105,0.3226555246053853
0.25314685314685315,0.2592074592074592,0.16363636363636364,0.32400932400932403
0.261660447761194,0.26119402985074625,0.16044776119402984,0.31669776119402987
0.2610929472209248,0.25642223260158803,0.16020551144325082,0.3222793087342363
0.26779026217228463,0.24859550561797752,0.15917602996254682,0.324438202247191
0.26381792847189967,0.25359962842545286,0.15977705527171387,0.3228053878309336
0.2668566001899335,0.25213675213675213,0.16524216524216523,0.3157644824311491
0.2674473067915691,0.25526932084309134,0.1648711943793911,0.3124121779859485
0.270004679457183,0.25315863359850255,0.16565278427702387,0.31118390266729057
0.2740112994350282,0.24717514124293785,0.1709039548022599,0.307909604519774
0.269774011299435,0.2556497175141243,0.1760828625235405,0.2984934086629002
0.26919431279620853,0.25118483412322273,0.18009478672985782,0.2995260663507109
0.26310817194142655,0.2522437411431271,0.1861124232404346,0.29853566367501183
0.26189354686764016,0.2571832312764955,0.18040508714083844,0.3005181347150259
0.26765799256505574,0.254182156133829,0.1775092936802974,0.3006505576208178
0.27560169891458236,0.25153374233128833,0.1755545068428504,0.2973100519112789
0.27648456057007126,0.2513064133016627,0.17529691211401424,0.29691211401425177
0.27097078228086713,0.25494816211121585,0.17436380772855797,0.2997172478793591
0.27384907451352636,0.2510678690080683,0.17750355956336022,0.2975794969150451
0.2668566001899335,0.25783475783475784,0.17758784425451093,0.29772079772079774
0.26380368098159507,0.2543652666352053,0.1764983482774894,0.30533270410571023
0.26992409867172673,0.24905123339658444,0.178842504743833,0.3021821631878558
0.266857962697274,0.24725011956001913,0.18029650884744142,0.30559540889526543
0.2615531205335874,0.25107193901858027,0.17770366841353025,0.30967127203430206
0.2669491525423729,0.2452919020715631,0.1817325800376648,0.3060263653483992
0.26142251530852567,0.2468205369759774,0.1832312764955252,0.30852567121997176
0.2591377694470478,0.246485473289597,0.1836925960637301,0.3106841611996251
0.2565543071161049,0.24859550561797752,0.1853932584269663,0.3094569288389513
0.2570621468926554,0.2504708097928437,0.18361581920903955,0.3088512241054614
0.26384976525821596,0.252112676056338,0.18028169014084508,0.30375586854460096
0.2673545966228893,0.25046904315197,0.17917448405253283,0.3030018761726079
0.2677725118483412,0.24834123222748816,0.17535545023696683,0.3085308056872038
0.27306616961789376,0.2451071761416589,0.17381174277726003,0.3080149114631873
0.2721783557826289,0.24477473293079424,0.1778913144449605,0.30515559684161636
0.2716736207695874,0.24849327770050997,0.17941585535465926,0.3004172461752434
0.2805722196585141,0.24780802953391787,0.17720350715274574,0.29441624365482233
0.27655591951333647,0.25128685072531587,0.18203088441740758,0.2901263453439401
0.2749882684185828,0.25152510558423274,0.17925856405443455,0.29422806194274986
0.28110383536014966,0.24649204864359214,0.18101028999064547,0.2913938260056127
0.27826896230805026,0.24336900884132154,0.17961842717543045,0.29874360167519776
0.2753623188405797,0.2501168770453483,0.182328190743338,0.292192613370734
0.27502338634237605,0.245088868101029,0.18662301216089802,0.2932647333956969
0.2786962683042041,0.23571091166745395,0.1894189891355692,0.29617383089277277
0.2791353383458647,0.23919172932330826,0.18562030075187969,0.29605263157894735
0.2751050910789351,0.24474544605324614,0.1835590845399346,0.29659037832788415
0.27133580705009275,0.25185528756957326,0.18228200371057515,0.2945269016697588
0.2730232558139535,0.24790697674418605,0.17906976744186046,0.3
0.26785714285714285,0.24953007518796994,0.1799812030075188,0.3026315789473684
0.26739233317557976,0.2489351632749645,0.17936583057264552,0.30430667297681024
0.26653974297953353,0.25035697287006187,0.1808662541646835,0.3022370299857211
0.2763653483992467,0.2443502824858757,0.17890772128060264,0.300376647834275
0.27426955702167766,0.24552309142318568,0.17813383600377003,0.30207351555136663
0.2690307328605201,0.25342789598108745,0.17635933806146573,0.3011820330969267
0.2715168806466952,0.25392296718972895,0.17641464574417498,0.29814550641940085
0.2730732635585157,0.25356803044719317,0.17507136060894388,0.2982873453853473
0.27099767981438516,0.254292343387471,0.17865429234338748,0.2960556844547564
0.270544783010157,0.25530932594644506,0.18328716528162511,0.29085872576177285
0.2745731425934472,0.2551915089986156,0.18227964928472543,0.28795569912321184
0.27034611786716556,0.25818521983161835,0.18101028999064547,0.29045837231057064
0.27052238805970147,0.26399253731343286,0.17444029850746268,0.291044776119403
0.26779026217228463,0.26357677902621723,0.17275280898876405,0.2958801498127341
0.26427560169891456,0.2727701746106654,0.16517225106182162,0.2977819726285984
0.2635039924847346,0.2733677782996712,0.16533583842179428,0.29779239079379993
0.2681432610744581,0.27097078228086713,0.16258246936852028,0.2983034872761546
0.27379278012189406,0.2676980778246601,0.16033755274261605,0.2981715893108298
0.2679830747531735,0.27127409496944055,0.16361071932299012,0.29713211095439584
0.2637979420018709,0.2656688493919551,0.16323666978484566,0.30729653882132835
