R,A,S,N
0.0,1.0,0.0,0.0
0.3333333333333333,0.6666666666666666,0.0,0.0
0.3076923076923077,0.5384615384615384,0.0,0.15384615384615385
0.25,0.5,0.0,0.25
0.25806451612903225,0.41935483870967744,0.0,0.3225806451612903
0.22448979591836735,0.42857142857142855,0.04081632653061224,0.30612244897959184
0.24390243902439024,0.4146341463414634,0.04878048780487805,0.2926829268292683
0.24390243902439024,0.3902439024390244,0.07317073170731707,0.2926829268292683
0.25555555555555554,0.37222222222222223,0.08333333333333333,0.28888888888888886
0.234375,0.390625,0.0859375,0.2890625
0.21839080459770116,0.3879310344827586,0.10344827586206896,0.29022988505747127
0.22544642857142858,0.3705357142857143,0.11607142857142858,0.28794642857142855
0.225,0.35892857142857143,0.1375,0.2785714285714286
0.2301013024602026,0.3473227206946454,0.15195369030390737,0.2706222865412446
0.242274412855377,0.3399258343634116,0.1446229913473424,0.273176761433869
0.23435843054082714,0.35100742311770944,0.1537645811240721,0.2608695652173913
0.2423963133640553,0.3493087557603687,0.1447004608294931,0.26359447004608294
0.25477707006369427,0.3351910828025478,0.1536624203821656,0.25636942675159236
0.25912670007158195,0.3271295633500358,0.16177523264137436,0.25196850393700787
0.26188925081433223,0.3257328990228013,0.16677524429967427,0.24560260586319219
0.2704669496664645,0.3129169193450576,0.1716191631291692,0.24499696785930866
0.26854928017718716,0.3122923588039867,0.1699889258028793,0.24916943521594684
0.2731070496083551,0.31070496083550914,0.1618798955613577,0.25430809399477805
0.27623762376237626,0.30297029702970296,0.16485148514851486,0.25594059405940595
0.27566539923954375,0.30893536121673004,0.16064638783269963,0.25475285171102663
0.27600554785020803,0.30235783633841884,0.15996301433194637,0.2616736014794267
0.2800726282342261,0.30140717203812983,0.15524285065819338,0.2632773490694508
0.2821557971014493,0.2930253623188406,0.15534420289855072,0.2694746376811594
0.2793791574279379,0.28824833702882485,0.1556541019955654,0.27671840354767185
0.27913159060700043,0.29153743907842267,0.15285777580859547,0.2764731945059814
0.2833775419982317,0.2864721485411141,0.15163572060123784,0.27851458885941643
0.28951965065502183,0.2790393013100437,0.1541484716157205,0.27729257641921395
0.2800528401585205,0.28313518273888155,0.15279612505504184,0.28401585204755614
0.2772887323943662,0.28653169014084506,0.1483274647887324,0.2878521126760563
0.27352682497801234,0.2862796833773087,0.15303430079155672,0.28715919085312225
0.28433098591549294,0.28169014084507044,0.14788732394366197,0.2860915492957746
0.2759538598047915,0.28615794143744455,0.15306122448979592,0.28482697426796805
0.2822085889570552,0.28264680105170903,0.15337423312883436,0.2817703768624014
0.2869105332745703,0.2780960775672102,0.15293080652269722,0.28206258263552225
0.282311424790472,0.27701808557565066,0.1561535068372298,0.28451698279664756
0.2759226713532513,0.28163444639718804,0.1555360281195079,0.28690685413005274
0.2778753292361721,0.27436347673397715,0.1611062335381914,0.28665496049165934
0.28421512898994317,0.26672496720594663,0.15522518583296896,0.29383471797114125
0.2784365393061045,0.26877470355731226,0.15634606938954765,0.2964426877470356
0.284452296819788,0.26369257950530034,0.15061837455830387,0.30123674911660775
0.27929515418502204,0.2687224669603524,0.15594713656387665,0.2960352422907489
0.2859054415700268,0.26761819803746656,0.15298840321141838,0.29348795718108833
0.2858411007545495,0.2685308477585442,0.14913448735019974,0.29649356413670663
0.2850262697022767,0.2683887915936953,0.14886164623467601,0.29772329246935203
0.2892998678996037,0.2655217965653897,0.15103478643769264,0.29414354909731394
0.2874564459930314,0.2700348432055749,0.14939024390243902,0.2931184668989547
0.28939327804452203,0.2653862941946748,0.1505892623308599,0.2946311654299433
0.28773168578993824,0.2599293909973522,0.1500441306266549,0.30229479258605474
0.2859641451683428,0.2641014429383472,0.15391342369916922,0.2960209881941408
0.29270462633451955,0.2637900355871886,0.15480427046263345,0.28870106761565834
0.2909728308501315,0.2589833479404032,0.1516213847502191,0.29842243645924627
0.2884699693117054,0.25778167470407715,0.1551950898728628,0.2985532661113547
0.291005291005291,0.2605820105820106,0.15035273368606702,0.2980599647266314
0.2953941541186891,0.26173604960141716,0.14304694419840566,0.29982285208148807
0.28996933858957513,0.2658782303985983,0.14542268944371442,0.2987297415681121
0.2883435582822086,0.2567922874671341,0.1481156879929886,0.3067484662576687
0.29805137289636846,0.258193091231178,0.1403897254207263,0.30336581045172717
0.29760348583877994,0.2553376906318083,0.1450980392156863,0.30196078431372547
0.2994250331711632,0.25386996904024767,0.1393188854489164,0.3073861123396727
0.2989827509951349,0.25917735515258733,0.13976116762494473,0.30207872622733306
0.3016220955721175,0.25734327049539674,0.13590530469092504,0.3051293292415607
0.2970340858787074,0.26117751217352814,0.13899955732625055,0.30278884462151395
0.30417582417582417,0.2602197802197802,0.1345054945054945,0.3010989010989011
0.3028571428571429,0.2602197802197802,0.13406593406593406,0.3028571428571429
0.30684811237928006,0.2598770851624232,0.13125548726953468,0.30201931518876207
0.3073213502849627,0.2542744410346339,0.1319596668128014,0.30644454186760195
0.3148148148148148,0.25308641975308643,0.13271604938271606,0.2993827160493827
0.30816237450894807,0.25578350065473593,0.13312963771278918,0.3029244871235268
0.3064946619217082,0.251779359430605,0.13211743772241993,0.3096085409252669
0.3051747014595312,0.25210084033613445,0.1309155241043786,0.31180893409995575
0.3093652907234798,0.255659121171771,0.12649800266311584,0.3084775854416334
0.3001768346595933,0.2634836427939876,0.127763041556145,0.30857648099027407
0.30668414154652685,0.25338575797291396,0.1258191349934469,0.31411096548711226
0.30299032541776605,0.25813544415127526,0.12620932277924363,0.31266490765171506
0.3031654034774855,0.25947391885867144,0.12884529647793133,0.3085153811859117
0.3068081343943413,0.2603890362511052,0.1242263483642794,0.30857648099027407
0.30393013100436683,0.2606986899563319,0.125764192139738,0.30960698689956334
0.30146731880835925,0.26545131169408626,0.12361049355269009,0.3094708759448644
0.30082716586852415,0.261645624727906,0.12538093164997824,0.31214627775359166
0.29765013054830286,0.26370757180156656,0.12184508268059181,0.3167972149695387
0.2955145118733509,0.26297273526824977,0.12357080035180298,0.3179419525065963
0.3035398230088496,0.26017699115044246,0.12433628318584071,0.31194690265486724
0.30594405594405594,0.25874125874125875,0.12412587412587413,0.3111888111888112
0.311533362792753,0.25894829871851527,0.12107821475916924,0.30844012372956253
0.3061491495856956,0.2625381596162233,0.12080244221543829,0.3105102485826428
0.3087719298245614,0.2600877192982456,0.11929824561403508,0.3118421052631579
0.3064798598949212,0.2640105078809107,0.11996497373029773,0.3095446584938704
0.30921923246581384,0.2576091751213057,0.11733568592853992,0.3158359064843405
0.30799823243482105,0.25762262483429077,0.1175430844012373,0.3168360583296509
0.30721830985915494,0.2539612676056338,0.11883802816901408,0.3199823943661972
0.30885625278148643,0.25189141076991545,0.11392968402314196,0.32532265242545616
0.3007518796992481,0.2560813799203892,0.12206988058381248,0.32109685979655017
0.2970950704225352,0.2535211267605634,0.12059859154929578,0.3287852112676056
0.29641116526362427,0.25299069561364645,0.11962782454585734,0.3309703145768719
0.29010989010989013,0.25274725274725274,0.12263736263736263,0.3345054945054945
0.2933920704845815,0.2594713656387665,0.12246696035242291,0.3246696035242291
0.2948943661971831,0.261443661971831,0.12235915492957747,0.32130281690140844
0.29455662862159787,0.26119402985074625,0.11984196663740122,0.3244073748902546
0.2975929978118162,0.2577680525164114,0.1212253829321663,0.32341356673960614
0.3011941618752764,0.25785050862450243,0.1163202122954445,0.32463511720477667
0.30473241928350286,0.2529854046881911,0.11764705882352941,0.32463511720477667
0.3047703180212014,0.25618374558303886,0.11881625441696113,0.3202296819787986
0.3030837004405286,0.252863436123348,0.12819383259911896,0.3158590308370044
0.3090430201931519,0.24231782265144863,0.12510974539069358,0.3235294117647059
0.3111597374179431,0.24113785557986872,0.12691466083150985,0.32078774617067835
0.313215859030837,0.24008810572687225,0.12555066079295155,0.3211453744493392
0.31167690956979804,0.24319578577699735,0.1286215978928885,0.3165057067603161
0.30864745011086475,0.23991130820399112,0.1303769401330377,0.3210643015521064
0.3102992957746479,0.23943661971830985,0.12764084507042253,0.3226232394366197
0.30864197530864196,0.24426807760141092,0.12918871252204586,0.31790123456790126
0.3055555555555556,0.24559082892416226,0.1300705467372134,0.3187830687830688
0.30448154657293497,0.24472759226713534,0.1296133567662566,0.3211775043936731
0.3019451812555261,0.242263483642794,0.1282051282051282,0.3275862068965517
0.30083811204234673,0.24525805028672254,0.12836347595941774,0.325540361711513
0.30759046778464255,0.2409532215357458,0.12797881729920565,0.323477493380406
0.30171277997364954,0.24549846288976723,0.13043478260869565,0.32235397452788755
0.29911894273127754,0.24405286343612334,0.13083700440528634,0.32599118942731276
0.3048780487804878,0.24085365853658536,0.12761324041811847,0.32665505226480834
0.301978021978022,0.2408791208791209,0.1331868131868132,0.32395604395604394
0.3129161118508655,0.23568575233022637,0.12916111850865514,0.322237017310253
0.312719298245614,0.23421052631578948,0.13201754385964912,0.32105263157894737
0.3200525394045534,0.2329246935201401,0.1256567425569177,0.3213660245183888
0.32141280353200885,0.23752759381898456,0.12582781456953643,0.3152317880794702
0.31613467424573677,0.2365544381285527,0.12767818102317446,0.31963270660253607
0.3156510302498904,0.24112231477422183,0.12801402893467778,0.31521262604121
0.3104359313077939,0.24482606781153676,0.1334214002642008,0.31131660061646854
0.305913739439751,0.24544241885282347,0.13383726100489107,0.3148065807025345
0.3000882612533098,0.24315975286849073,0.1323918799646955,0.32436010591350395
0.29908176650634016,0.24486226497595104,0.1320507214691736,0.32400524704853517
0.2925531914893617,0.25132978723404253,0.1351950354609929,0.32092198581560283
0.2962962962962963,0.25,0.1335978835978836,0.3201058201058201
0.2975824175824176,0.24923076923076923,0.130989010989011,0.3221978021978022
0.30078809106830123,0.2504378283712785,0.1300350262697023,0.318739054290718
0.30863656291100394,0.24419114423498467,0.12801402893467778,0.3191582639193336
0.3137598597721297,0.24758983347940403,0.12839614373356706,0.3102541630148992
0.317115551694179,0.24891398783666377,0.12771503040834056,0.3062554300608167
0.30985915492957744,0.25704225352112675,0.13204225352112675,0.301056338028169
0.32059727711901626,0.2516469038208169,0.12999560825647782,0.2977602108036891
0.31475702184574234,0.24966562639322337,0.12795363352652697,0.30762371823450735
0.3219597550306212,0.24715660542432197,0.13079615048118984,0.300087489063867
0.31332744924977934,0.2546337157987643,0.13062665489849956,0.3014121800529568
0.31422319474835886,0.25820568927789933,0.13129102844638948,0.2962800875273523
0.31828145550197284,0.25252082419991234,0.13459009206488382,0.29460762823323106
0.3167701863354037,0.24977817213842057,0.1326530612244898,0.3007985803016859
0.3184014053579271,0.24769433465085638,0.13131313131313133,0.3025911286780852
0.3130779392338177,0.24658740642888596,0.13210039630118892,0.30823425803610743
0.31384615384615383,0.24527472527472527,0.13230769230769232,0.30857142857142855
0.318141592920354,0.24026548672566372,0.13672566371681416,0.3048672566371681
0.312472647702407,0.24288840262582057,0.13654266958424507,0.3080962800875274
0.3122791519434629,0.2398409893992933,0.13736749116607774,0.31051236749116606
0.30974224552206203,0.2437745740498034,0.1397990388816077,0.30668414154652685
0.3148636763412489,0.2418645558487247,0.13896218117854,0.3043095866314864
0.31569742020113684,0.24267599475295146,0.14035854831657193,0.30126803672933977
0.32075471698113206,0.23826239578762615,0.1421676173760421,0.29881526985519963
0.32409850483729113,0.23614775725593667,0.1437994722955145,0.2959542656112577
0.3256738842244808,0.23906319045514804,0.13566062748563854,0.29960229783473263
0.3260201842913559,0.24045634050021938,0.1338306274681878,0.29969284774023697
0.33129637712789173,0.2439982540375382,0.13312963771278918,0.29157573112178087
0.3225806451612903,0.2465753424657534,0.13300927971718957,0.29783473265576665
0.3219964664310954,0.24734982332155478,0.13825088339222616,0.2924028268551237
0.32377591530657257,0.2474636082928981,0.13189236876929863,0.2968681076312307
0.3116710875331565,0.2541998231653404,0.1348364279398762,0.29929266136162685
0.3229074889867841,0.2555066079295154,0.1303964757709251,0.2911894273127753
0.3234905244601146,0.25826355222565006,0.12825033054208904,0.2899955927721463
0.3284896521356231,0.2531924262439454,0.12813738441215325,0.2901805372082783
0.32098765432098764,0.25793650793650796,0.13095238095238096,0.29012345679012347
0.3148148148148148,0.2570546737213404,0.13315696649029982,0.294973544973545
0.3141980718667835,0.25766871165644173,0.13321647677475898,0.29491673970201576
0.3185413005272408,0.2557117750439367,0.13400702987697716,0.29173989455184535
0.31252747252747254,0.2589010989010989,0.13582417582417583,0.2927472527472528
0.3115910092551785,0.2609078889378581,0.12913177611282503,0.2983693256941384
0.31329530495831504,0.2558139534883721,0.12724879333040806,0.3036419482229048
0.30789707187222715,0.2608695652173913,0.129547471162378,0.30168589174800353
0.30341506129597196,0.2635726795096322,0.1243432574430823,0.3086690017513135
0.3030837004405286,0.25462555066079295,0.12687224669603525,0.31541850220264317
0.30385288966725044,0.24649737302977234,0.13485113835376533,0.3147985989492119
0.3050921861281826,0.24934152765583845,0.13125548726953468,0.31431079894644426
0.3023255813953488,0.25274243089074155,0.13119789381307592,0.3137340939008337
0.2955947136563877,0.252863436123348,0.13171806167400882,0.3198237885462555
0.2992021276595745,0.25310283687943264,0.13031914893617022,0.3173758865248227
0.296,0.24488888888888888,0.12755555555555556,0.33155555555555555
0.2943495400788436,0.2448532632501095,0.1287779237844941,0.3320192728865528
0.29929266136162685,0.2506631299734748,0.1251105216622458,0.3249336870026525
0.3014121800529568,0.24801412180052956,0.12533097969991175,0.32524271844660196
0.30242825607064017,0.2467991169977925,0.12317880794701987,0.3275938189845475
0.3049583150504607,0.24352786309784993,0.12681000438788942,0.3247038174637999
0.30637362637362636,0.24175824175824176,0.12571428571428572,0.3261538461538461
0.2983156028368794,0.24911347517730498,0.125,0.3275709219858156
0.30066225165562915,0.2467991169977925,0.1205298013245033,0.33200883002207504
0.3054448871181939,0.24656927844178841,0.11996458610004426,0.3280212483399734
0.30721830985915494,0.2539612676056338,0.11971830985915492,0.3191021126760563
0.3096916299559471,0.25066079295154187,0.1198237885462555,0.3198237885462555
0.3118659020732245,0.24966916629907365,0.12130569033965594,0.3171592412880459
0.3089143865842895,0.24669020300088262,0.12312444836716681,0.3212709620476611
0.31169977924944814,0.24282560706401765,0.12494481236203091,0.3205298013245033
0.3167619885613726,0.2402111746590409,0.11834579850417949,0.32468103827540695
0.3162770180855756,0.23952359947066607,0.11954124393471548,0.3246581385090428
0.31039076376554176,0.24156305506216696,0.11989342806394317,0.3281527531083481
0.3134590092064884,0.2376150811047786,0.12012275317843052,0.3288031565103025
0.31384615384615383,0.2320879120879121,0.12395604395604395,0.3301098901098901
0.3171592412880459,0.23555359505955006,0.12218791354212616,0.3250992501102779
0.31466666666666665,0.23466666666666666,0.12311111111111112,0.32755555555555554
0.30721830985915494,0.2367957746478873,0.12059859154929578,0.335387323943662
0.30870135548753824,0.23961521644075207,0.11937035417577613,0.33231307389593356
0.30603258476442097,0.242184059885513,0.12241303390576838,0.3293703214442977
0.3084686265906099,0.2448442299254059,0.12066695919262835,0.3260201842913559
0.3092105263157895,0.24035087719298245,0.12324561403508771,0.32719298245614037
0.3163716814159292,0.23805309734513275,0.11946902654867257,0.32610619469026547
0.31301697866782763,0.24336090552895082,0.12015672616456247,0.3234653896386591
0.3234905244601146,0.23446452181577787,0.12031732040546496,0.32172763331864257
0.32059727711901626,0.23583662714097497,0.11945542380324989,0.3241106719367589
0.3230088495575221,0.23628318584070795,0.1163716814159292,0.32433628318584073
0.325530035335689,0.23498233215547704,0.1157243816254417,0.32376325088339225
0.32169358358795286,0.23264949803579224,0.11741597555652554,0.3282409428197294
0.32581786030061893,0.22679045092838196,0.11582670203359859,0.33156498673740054
0.322339489885664,0.23306948109058928,0.11609498680738786,0.32849604221635886
0.32396839332748023,0.23222124670763827,0.11852502194907814,0.32528533801580334
0.3201581027667984,0.23847167325428195,0.11418533157663592,0.3271848924022837
0.32391879964695497,0.23742277140335394,0.1147396293027361,0.32391879964695497
0.3208296557811121,0.23698146513680493,0.11959399823477493,0.32259488084730803
0.3244425010931351,0.23480542195015303,0.12024486226497595,0.3205072146917359
0.32833847509916264,0.23666813574261789,0.11502864698104892,0.3199647421771706
0.3295053003533569,0.23719081272084805,0.11219081272084806,0.321113074204947
0.3312829525483304,0.22978910369068542,0.11423550087873462,0.3246924428822496
0.32993348115299337,0.22572062084257205,0.11574279379157427,0.3286031042128603
0.32685512367491165,0.2416077738515901,0.11086572438162544,0.3206713780918728
0.3293598233995585,0.2379690949227373,0.1130242825607064,0.3196467991169978
0.3281733746130031,0.2335249889429456,0.11587793011941619,0.32242370632463513
0.3251209854817422,0.2353717553893533,0.11438627364716233,0.3251209854817422
0.3292035398230089,0.2345132743362832,0.10973451327433628,0.32654867256637166
0.327032967032967,0.24351648351648353,0.10813186813186813,0.3213186813186813
0.32713590084108013,0.24169986719787517,0.10624169986719788,0.32492253209384686
0.32316534040671974,0.24005305039787797,0.10698496905393456,0.3297966401414677
0.3273365511189118,0.23562966213251427,0.10530934620447564,0.3317244405440983
0.33010136624063463,0.22917584839136185,0.10401057734684883,0.3367122080211547
0.3429824561403509,0.22543859649122808,0.10657894736842105,0.325
0.3422103861517976,0.22237017310252996,0.10963160230803373,0.3257878384376387
0.34008810572687226,0.22378854625550662,0.10792951541850221,0.32819383259911894
0.3355321020228672,0.2247141600703606,0.10949868073878628,0.3302550571679859
0.34398579671549046,0.22192632046160674,0.11495783399911229,0.3191300488237905
0.3451910408432148,0.22090469916556874,0.11242863416776461,0.3214756258234519
0.34073107049608353,0.22367275892080069,0.11879895561357702,0.3167972149695387
0.3396392432908051,0.22393312802463705,0.12318521777386714,0.3132424109106907
0.33863134657836647,0.2260485651214128,0.12406181015452539,0.31125827814569534
0.33406787130894666,0.2256500661084178,0.12648743940061702,0.3137946231820185
0.33421052631578946,0.22587719298245615,0.12543859649122807,0.3144736842105263
0.33406787130894666,0.22300572939620977,0.124724548259145,0.31820185103569854
0.32925229558373414,0.22431132487975514,0.1289899431569742,0.3174464363795365
0.33480565371024734,0.2226148409893993,0.13030035335689047,0.3122791519434629
0.32671081677704195,0.22428256070640176,0.1346578366445916,0.3143487858719647
0.3337748344370861,0.2229580573951435,0.13554083885209714,0.30772626931567326
0.3314385658067337,0.22868386532575427,0.1289899431569742,0.3108876257105378
0.33768494342906874,0.22497824194952132,0.13228894691035684,0.3050478677110531
0.3345024112231477,0.22753178430512933,0.1310828583954406,0.30688294607628236
0.34067871308946673,0.2238871749669458,0.13089466725429705,0.30453944468929045
0.3389604620168814,0.22390048867170145,0.1301643713904931,0.30697467792092403
0.3367392270102177,0.22612172367836517,0.12661039537983118,0.31052865393158596
0.3409893992932862,0.22968197879858657,0.125,0.3043286219081272
0.341688654353562,0.227792436235708,0.1218117854001759,0.3087071240105541
0.33983528391850887,0.2258344169917642,0.11963589076723016,0.31469440832249673
0.3379973764757324,0.2225623087013555,0.12330564057717534,0.31613467424573677
0.334936598163533,0.22387407083515523,0.1215566243987757,0.31963270660253607
0.33552055993000873,0.2226596675415573,0.12598425196850394,0.31583552055993
0.33157431838170626,0.22383465259454705,0.1284080914687775,0.31618293755496923
0.32687224669603526,0.22599118942731278,0.12951541850220263,0.31762114537444935
0.3259521700620018,0.22143489813994685,0.13684676705048715,0.3157661647475642
0.325642141924249,0.22289943404440574,0.13757074444928166,0.31388767958206354
0.32760141093474426,0.22839506172839505,0.13051146384479717,0.3134920634920635
0.32310390179745724,0.22621657167908812,0.13327487943884261,0.317404647084612
0.32263736263736265,0.23164835164835165,0.13142857142857142,0.3142857142857143
0.3265755839576906,0.23182018510356986,0.13221683561040107,0.3093873953283385
0.3298199385155907,0.23144488361879667,0.1326306543697848,0.30610452349582784
0.3311081441922563,0.23186470850022253,0.13618157543391188,0.3008455718736093
0.33215859030837,0.23348017621145375,0.1356828193832599,0.2986784140969163
0.32925229558373414,0.23436816790555312,0.13379973764757325,0.30257979886313946
0.3314235345967387,0.23666813574261789,0.13133539003966505,0.3005729396209784
0.3298059964726631,0.24029982363315697,0.1283068783068783,0.30158730158730157
0.32178868917141606,0.24331433581762385,0.13327487943884261,0.3016220955721175
0.3267543859649123,0.23903508771929824,0.1307017543859649,0.30350877192982456
0.3330373001776199,0.24289520426287745,0.12744227353463589,0.2966252220248668
0.33012680367293396,0.2409269785745518,0.1329252295583734,0.2960209881941408
0.33245033112582784,0.2370860927152318,0.1315673289183223,0.2988962472406181
0.32787610619469026,0.23893805309734514,0.13628318584070798,0.29690265486725664
0.32534843205574915,0.24041811846689895,0.1406794425087108,0.2935540069686411
0.3230225364560318,0.23862129916040653,0.14228899690676095,0.29606716747680073
0.3168669336893636,0.2385402759234535,0.14997774810858924,0.2946150422785937
0.3225098727512067,0.2395787626151821,0.14348398420359806,0.29442738043001315
0.32082060235704934,0.23657791357485813,0.140986468790921,0.30161501527717155
0.31724440544098287,0.2395787626151821,0.14348398420359806,0.29969284774023697
0.32376325088339225,0.24028268551236748,0.13869257950530034,0.29726148409893993
0.3208791208791209,0.23912087912087912,0.13802197802197802,0.301978021978022
0.32181425485961124,0.23930885529157667,0.1369330453563715,0.3019438444924406
0.32235397452788755,0.24154589371980675,0.1339481774264383,0.3021519543258674
0.32109685979655017,0.23971693940734187,0.13445378151260504,0.30473241928350286
0.3258278145695364,0.23576158940397351,0.13245033112582782,0.30596026490066225
0.32774591971768857,0.23820026466696073,0.12924569916188797,0.30480811645346273
0.32176234979973295,0.2363150867823765,0.13351134846461948,0.308411214953271
0.3240618101545254,0.23399558498896247,0.1346578366445916,0.3072847682119205
0.3256941383869546,0.23314235345967388,0.13486117232260908,0.30630233583076244
0.32242370632463513,0.23662096417514375,0.14108801415302963,0.2998673153471915
0.31274812527569473,0.2373180414644905,0.1455668284075871,0.3043670048522276
0.3138815207780725,0.2338638373121132,0.14235190097259062,0.3099027409372237
0.3149364870784056,0.22952255803766974,0.14410862899693386,0.3114323258869908
0.30674305861613044,0.23314235345967388,0.1489643014543852,0.31115028646981047
0.30914687774846084,0.22691292875989447,0.14116094986807387,0.3227792436235708
0.3118703460359177,0.22295225580376699,0.1427945685501533,0.32238282961016207
0.31076923076923074,0.22725274725274724,0.14241758241758243,0.31956043956043956
0.31613467424573677,0.22037603847835593,0.14429383471797114,0.3191954525579362
0.31362242663162504,0.22295225580376699,0.14410862899693386,0.3193166885676741
0.3046704495853339,0.22435617634220864,0.14666084679179398,0.32431252728066345
0.3113082039911308,0.21729490022172948,0.14545454545454545,0.3259423503325942
0.3132688927943761,0.2157293497363796,0.15070298769771528,0.320298769771529
0.31115028646981047,0.21771705597179375,0.1494050242397532,0.32172763331864257
0.310692375109553,0.21779141104294478,0.14943032427695005,0.3220858895705521
0.31176213379973766,0.21775251421075645,0.15041539134236992,0.320069960647136
0.3139586085424923,0.22060766182298547,0.14927344782034346,0.31616028181417877
0.320298769771529,0.22627416520210897,0.14015817223198593,0.3132688927943761
0.31616028181417877,0.22721268163804492,0.1435490973139586,0.3130779392338177
0.31921397379912664,0.2318777292576419,0.14323144104803492,0.3056768558951965
0.3205467372134039,0.2345679012345679,0.14329805996472664,0.30158730158730157
0.3167619885613726,0.23669159700835898,0.14210294764628245,0.3044434667839859
0.3189806678383128,0.23857644991212654,0.14015817223198593,0.3022847100175747
0.3170731707317073,0.2385809312638581,0.13658536585365855,0.30776053215077603
0.3134394341290893,0.23872679045092837,0.1361626878868258,0.3116710875331565
0.3131046613896218,0.24494283201407213,0.13236587510993844,0.3095866314863676
0.31539807524059493,0.24453193350831146,0.1342957130358705,0.30577427821522307
0.3102541630148992,0.24408413672217352,0.13803680981595093,0.30762489044697633
0.31057268722466963,0.24669603524229075,0.1422907488986784,0.3004405286343612
0.31217162872154114,0.2535026269702277,0.13966725043782838,0.2946584938704028
0.3076923076923077,0.25,0.1451048951048951,0.2972027972027972
0.3125822007891276,0.24156071898290224,0.1442349846558527,0.3016220955721175
0.3153034300791557,0.23790677220756376,0.14116094986807387,0.30562884784520666
0.3093239063190455,0.23155103844454264,0.14980114891736632,0.3093239063190455
0.3090507726269316,0.2269315673289183,0.14834437086092717,0.31567328918322296
0.3114247904719894,0.22540802823114248,0.14733127481252756,0.3158359064843405
0.31758530183727035,0.22440944881889763,0.14304461942257218,0.31496062992125984
0.32458442694663164,0.21959755030621173,0.14216972878390202,0.3136482939632546
0.3293010752688172,0.2199820788530466,0.135752688172043,0.3149641577060932
0.33611232996928475,0.21588415971917507,0.13602457218078104,0.3119789381307591
0.340201665935993,0.22051731696624288,0.13590530469092504,0.3033757124068391
0.33726003490401396,0.2198952879581152,0.13830715532286214,0.3045375218150087
0.3363994743758213,0.21901007446342532,0.1366622864651774,0.307928164695576
0.3314184710561202,0.2275740167918692,0.12947414935925763,0.311533362792753
0.33436532507739936,0.22335249889429457,0.12693498452012383,0.31534719150818225
0.3315626383355467,0.22089420097388224,0.12527667109340415,0.32226648959716686
0.3333333333333333,0.21649029982363316,0.1247795414462081,0.3253968253968254
0.32256637168141594,0.22123893805309736,0.12654867256637167,0.32964601769911506
0.3265755839576906,0.21771705597179375,0.13265755839576907,0.32304980167474656
0.32920901458241275,0.21254971277065843,0.13256738842244808,0.3256738842244808
0.33112874779541446,0.21340388007054673,0.1283068783068783,0.3271604938271605
0.33274414494034465,0.207688908528502,0.13389306230667256,0.3256738842244808
0.33628710677891005,0.1993797075764289,0.13513513513513514,0.32919805050952594
0.32953049583150507,0.21237384817902588,0.12988152698551997,0.3282141290039491
0.3323008849557522,0.21371681415929203,0.12654867256637167,0.3274336283185841
0.3364156759136944,0.21400264200792601,0.1325407309555262,0.31704095112285335
0.33769063180827885,0.2113289760348584,0.13159041394335513,0.3193899782135076
0.34035087719298246,0.2149122807017544,0.13333333333333333,0.31140350877192985
0.33565823888404533,0.21316477768090672,0.13382737576285963,0.31734960767218834
0.3365983971504898,0.21460373998219057,0.13579697239536956,0.3130008904719501
0.3391111111111111,0.21822222222222223,0.13333333333333333,0.30933333333333335
0.3397129186602871,0.2231404958677686,0.1339712918660287,0.3031752936059156
0.33596491228070174,0.22412280701754386,0.13464912280701755,0.30526315789473685
0.339396628216504,0.22626441881100265,0.1313220940550133,0.30301685891748004
0.34576568670469504,0.2224659938569548,0.13251426064063185,0.29925405879771827
0.3519577650681918,0.21997360316761988,0.13066432028156622,0.2974043114826221
0.35083848190644307,0.2202118270079435,0.13062665489849956,0.29832303618711387
0.3497147871873629,0.22553751645458534,0.12900394910048266,0.29574374725756913
0.34305616020896823,0.22333478450152372,0.13060513713539398,0.30300391815411404
0.34102787456445993,0.22517421602787457,0.1297909407665505,0.304006968641115
0.3383259911894273,0.23259911894273128,0.1277533039647577,0.3013215859030837
0.335676625659051,0.23637961335676624,0.12478031634446397,0.3031634446397188
0.33407473309608543,0.23443060498220641,0.12633451957295375,0.30516014234875444
0.33289473684210524,0.23157894736842105,0.12894736842105264,0.30657894736842106
0.336832895888014,0.22703412073490814,0.13079615048118984,0.30533683289588803
0.3352601156069364,0.22765673632725655,0.13116940862605603,0.305913739439751
0.3365681517423908,0.2262902514336127,0.12527569475077194,0.3118659020732245
0.3283712784588441,0.23029772329246936,0.12478108581436077,0.31654991243432573
0.32787610619469026,0.23141592920353982,0.12477876106194691,0.315929203539823
0.3273207215134184,0.22261328640563133,0.12582490101187857,0.32424109106907173
0.3240495137046861,0.22502210433244915,0.125552608311229,0.3253757736516357
0.32685512367491165,0.21863957597173145,0.12941696113074205,0.3250883392226148
0.3177405119152692,0.22859664607237423,0.13018534863195058,0.323477493380406
0.3143487858719647,0.22869757174392935,0.12671081677704193,0.33024282560706403
0.31154014918824047,0.2268538832821413,0.13075910487055725,0.330846862659061
0.30964015992892047,0.22789871168369613,0.13149711239449133,0.33096401599289205
0.30985915492957744,0.2244718309859155,0.12808098591549297,0.33758802816901406
0.31567328918322296,0.2260485651214128,0.1205298013245033,0.33774834437086093
0.31934628975265017,0.22879858657243815,0.12234982332155477,0.3295053003533569
0.3178021978021978,0.2334065934065934,0.12087912087912088,0.3279120879120879
0.31288614298323036,0.23168578993821712,0.12577228596646073,0.3296557811120918
0.3199647421771706,0.22829440282062582,0.125605993829881,0.3261348611723226
0.31724440544098287,0.22641509433962265,0.12768758227292673,0.3286529179464677
0.31216931216931215,0.22839506172839505,0.13227513227513227,0.3271604938271605
0.3168141592920354,0.22079646017699114,0.13672566371681416,0.3256637168141593
0.3140969162995595,0.22202643171806166,0.1356828193832599,0.32819383259911894
0.31562774363476737,0.22036874451273047,0.13432835820895522,0.329675153643547
0.3196467991169978,0.2185430463576159,0.1315673289183223,0.33024282560706403
0.3237095363079615,0.21478565179352582,0.13035870516185477,0.3311461067366579
0.3301183691363437,0.21394125383603682,0.12713722051731696,0.3288031565103025
0.3261443661971831,0.21919014084507044,0.12940140845070422,0.32526408450704225
0.3314260563380282,0.21522887323943662,0.125,0.3283450704225352
0.32847682119205296,0.2163355408388521,0.1271523178807947,0.3280353200883002
0.32778264680105174,0.21297107800175286,0.12532865907099036,0.3339176161262051
0.32965090587715423,0.21254971277065843,0.1237295625276182,0.33406981882456915
0.3320175438596491,0.21052631578947367,0.12280701754385964,0.33464912280701753
0.33553500660501984,0.21047996477322764,0.12505504183179217,0.3289299867899604
0.33186813186813185,0.2079120879120879,0.12571428571428572,0.3345054945054945
0.3324538258575198,0.20800351802990324,0.12620932277924363,0.3333333333333333
0.3368513632365875,0.2088830255057168,0.12620932277924363,0.3280562884784521
0.32937554969217236,0.2075637642919965,0.12401055408970976,0.3390501319261214
0.33405923344947736,0.20818815331010454,0.12282229965156795,0.33493031358885017
0.3286281429201588,0.21438023820026467,0.12218791354212616,0.33480370533745035
0.3343585237258348,0.2139718804920914,0.1234622144112478,0.328207381370826
0.33041191936897457,0.21297107800175286,0.12401402278702892,0.33260297984224363
0.331151832460733,0.2111692844677138,0.12303664921465969,0.33464223385689357
0.330846862659061,0.21632294866169371,0.12373848179025888,0.3290917068889864
0.3355379188712522,0.2173721340388007,0.11552028218694885,0.3315696649029982
0.3334794040315513,0.21647677475898336,0.11481156879929887,0.3352322524101665
0.328515111695138,0.21944809461235218,0.11432325886990802,0.33771353482260186
0.33553500660501984,0.21488331131660063,0.11712901805372083,0.33245266402465873
0.3244073748902546,0.22256365232660227,0.11984196663740122,0.33318700614574187
0.33495145631067963,0.21315092674315975,0.11694616063548102,0.33495145631067963
0.32894736842105265,0.22017543859649122,0.11403508771929824,0.3368421052631579
0.3271604938271605,0.21649029982363316,0.11728395061728394,0.3390652557319224
0.3292035398230089,0.2172566371681416,0.1163716814159292,0.33716814159292036
0.3289357959542656,0.21152154793315744,0.11829375549692173,0.3412489006156552
0.32683790965456155,0.21434898139946856,0.1191319751992914,0.33968113374667847
0.3205072146917359,0.21075644949715786,0.12111937035417578,0.3476169654569305
0.3182218309859155,0.21566901408450703,0.12015845070422536,0.3459507042253521
0.325,0.2100877192982456,0.12192982456140351,0.3429824561403509
0.3201407211961302,0.20712401055408972,0.12708883025505716,0.34564643799472294
0.32333480370533746,0.20644022937803264,0.12615791795324216,0.34406704896338774
0.3218543046357616,0.20750551876379691,0.1271523178807947,0.3434878587196468
0.3269398430688753,0.2040104620749782,0.12336530078465563,0.3456843940714908
0.3267543859649123,0.20350877192982456,0.12543859649122807,0.3442982456140351
0.33494718309859156,0.1993838028169014,0.12323943661971831,0.34242957746478875
0.33524734982332155,0.1965547703180212,0.12455830388692579,0.34363957597173145
0.33818342151675485,0.2019400352733686,0.12301587301587301,0.3368606701940035
0.342393686979395,0.20122753178430514,0.1183691363437089,0.33800964489259094
0.33874506362439666,0.19877139096094779,0.12373848179025888,0.33874506362439666
0.3387096774193548,0.20026881720430106,0.12186379928315412,0.33915770609318996
0.3358340688437776,0.19196822594880847,0.12709620476610767,0.3451015004413063
0.3381578947368421,0.1899122807017544,0.12543859649122807,0.34649122807017546
0.3368560105680317,0.19462791721708497,0.12637604579480405,0.34214002642007924
0.3323117338003503,0.19352014010507881,0.1243432574430823,0.3498248686514886
0.3373333333333333,0.196,0.13155555555555556,0.33511111111111114
0.33436395759717313,0.19699646643109542,0.12941696113074205,0.3392226148409894
0.33581762384918895,0.19465146865409907,0.131521262604121,0.33800964489259094
0.33158125273762595,0.1988611476127902,0.12833990363556724,0.34121769601401664
0.3296799649276633,0.20122753178430514,0.12669881630863655,0.342393686979395
0.33566739606126916,0.2013129102844639,0.12341356673960613,0.33960612691466086
0.34245980008691873,0.2025206431986093,0.121251629726206,0.33376792698826596
0.334514842711564,0.20912715994683206,0.12184315463003988,0.334514842711564
0.3385964912280702,0.20833333333333334,0.12280701754385964,0.33026315789473687
0.3401567944250871,0.2073170731707317,0.12804878048780488,0.32447735191637633
0.3368513632365875,0.21152154793315744,0.12884784520668427,0.3227792436235708
0.3409490333919156,0.20913884007029876,0.1225834797891037,0.3273286467486819
0.33974639265413203,0.21075644949715786,0.1254919108001749,0.32400524704853517
0.3453173546382601,0.21304926764314247,0.12028406569019086,0.32134931202840655
0.3426048565121413,0.21501103752759382,0.11743929359823399,0.32494481236203093
0.3469477382520861,0.21387790953008345,0.11989459815546773,0.31927975406236275
0.35175438596491226,0.21228070175438596,0.12192982456140351,0.3140350877192982
0.3495400788436268,0.22076215505913271,0.12001752080595707,0.3096802452912834
0.3478643769264641,0.22457067371202113,0.1215323645970938,0.30603258476442097
0.34875600174596244,0.22130074203404626,0.12396333478830206,0.30597992143168923
0.3456953642384106,0.21766004415011037,0.1280353200883002,0.3086092715231788
0.3389455028799291,0.21843154630039877,0.128046078865751,0.31457687195392114
0.3417777777777778,0.22,0.132,0.30622222222222223
0.34669603524229076,0.22026431718061673,0.13259911894273127,0.3004405286343612
0.343954604975993,0.2221737232649498,0.13051069402007856,0.30336097773897863
0.3433362753751103,0.21624007060900266,0.12886142983230361,0.3115622241835834
0.34668446817979526,0.21495327102803738,0.1295060080106809,0.30885625278148643
0.34503950834064967,0.2212467076382792,0.12423178226514486,0.3094820017559263
0.3474835886214442,0.2201312910284464,0.12035010940919037,0.312035010940919
0.3433230498016748,0.21903922432789774,0.11987659762009696,0.31776112825033054
0.3441048034934498,0.21921397379912663,0.12882096069868995,0.3078602620087336
0.34517992003553977,0.22034651266103955,0.1257219013771657,0.30875166592625497
0.3444493198771391,0.21895568231680562,0.12681000438788942,0.30978499341816584
0.34841235319704217,0.21183123096998696,0.12701174423662462,0.3127446715963462
0.34746503496503495,0.21678321678321677,0.12762237762237763,0.3081293706293706
0.3516483516483517,0.21274725274725276,0.12395604395604395,0.31164835164835164
0.35464098073555167,0.21103327495621715,0.12609457092819615,0.30823117338003503
0.3564794338788147,0.21494913754975675,0.12251216275984078,0.30605926581158777
0.3586237318041465,0.211733568592854,0.12174680194089105,0.3078958976621085
0.35419440745672437,0.21748779405237462,0.12472259209942299,0.303595206391478
0.34988913525498894,0.21685144124168515,0.12727272727272726,0.30598669623059865
0.3472584856396867,0.2228024369016536,0.13011314186248912,0.2998259355961706
0.3563368055555556,0.21788194444444445,0.12586805555555555,0.2999131944444444
0.35966826713225664,0.21518987341772153,0.12570929725010913,0.2994325621999127
0.35714285714285715,0.21869488536155202,0.12610229276895943,0.2980599647266314
0.3536476868327402,0.2157473309608541,0.12855871886120995,0.30204626334519574
0.35188431200701137,0.21647677475898336,0.13146362839614373,0.30017528483786154
0.34496293065852596,0.2211077191452246,0.13170518970780637,0.3022241604884431
0.3481710004407228,0.22036139268400176,0.13089466725429705,0.3005729396209784
0.3448275862068966,0.21999127018769096,0.1326931470973374,0.30248799650807506
0.33953076582558656,0.22399291722000886,0.1341301460823373,0.3023461708720673
0.34256816182937555,0.2233948988566403,0.13236587510993844,0.3016710642040457
0.3400702987697715,0.22759226713532513,0.1313708260105448,0.30096660808435854
0.34278238116005233,0.22939380723942435,0.12690798081116442,0.3009158307893589
0.34578207381370824,0.22495606326889278,0.1344463971880492,0.29481546572934975
0.3442333186036235,0.2266902342023862,0.13256738842244808,0.2965090587715422
0.3386034255599473,0.22968818620992534,0.13350900307422048,0.2981993851559069
0.34554280670785525,0.23036187113857018,0.13106796116504854,0.29302736098852605
0.3478830205150589,0.23221300742034046,0.12614578786556088,0.2937581841990397
0.34111943587483473,0.23314235345967388,0.125605993829881,0.3001322168356104
0.3402932030208796,0.23456241670368724,0.12039093736117282,0.3047534429142603
0.3368560105680317,0.23557904007045355,0.12241303390576838,0.3051519154557464
0.34023799030409874,0.23975319524019392,0.127368884971353,0.29263992948435436
0.34110915492957744,0.23415492957746478,0.12720070422535212,0.2975352112676056
0.3382997370727432,0.2392638036809816,0.12751971954425942,0.29491673970201576
0.33978021978021977,0.23384615384615384,0.12879120879120878,0.2975824175824176
0.3356921716054843,0.24148606811145512,0.12870411322423705,0.29411764705882354
