R,A,S,N
1.0,0.0,0.0,0.0
1.0,0.0,0.0,0.0
0.8181818181818182,0.18181818181818182,0.0,0.0
0.8260869565217391,0.17391304347826086,0.0,0.0
0.775,0.175,0.0,0.05
0.7419354838709677,0.16129032258064516,0.0,0.0967741935483871
0.7473684210526316,0.1368421052631579,0.0,0.11578947368421053
0.7194244604316546,0.12949640287769784,0.007194244604316547,0.14388489208633093
0.680628272251309,0.12041884816753927,0.010471204188481676,0.18848167539267016
0.6390977443609023,0.11654135338345864,0.018796992481203006,0.22556390977443608
0.5844875346260388,0.1329639889196676,0.0332409972299169,0.24930747922437674
0.5676274944567627,0.1197339246119734,0.04212860310421286,0.270509977827051
0.5520282186948854,0.13227513227513227,0.05114638447971781,0.26455026455026454
0.527536231884058,0.13333333333333333,0.05652173913043478,0.2826086956521739
0.5018587360594795,0.13382899628252787,0.07311028500619579,0.29120198265179675
0.4831223628691983,0.14556962025316456,0.07805907172995781,0.29324894514767935
0.485921889191644,0.1444141689373297,0.07992733878292461,0.28973660308810173
0.4738095238095238,0.15,0.07857142857142857,0.2976190476190476
0.4637155297532656,0.15892597968069666,0.07692307692307693,0.30043541364296084
0.46257585974376264,0.15846257585974377,0.08024275118004046,0.29871881321645316
0.4626959247648903,0.15673981191222572,0.07962382445141065,0.30094043887147337
0.4507862550960978,0.1555037856726849,0.0844496214327315,0.3092603377984857
0.4474860335195531,0.15083798882681565,0.09217877094972067,0.3094972067039106
0.43889479277364507,0.14824654622741765,0.09298618490967056,0.3198724760892667
0.42849686847599167,0.14926931106471816,0.09707724425887265,0.32515657620041755
0.42076228686058176,0.1469408224674022,0.10180541624874624,0.3304914744232698
0.42238442822384425,0.1391727493917275,0.10364963503649635,0.3347931873479319
0.41342925659472424,0.14148681055155876,0.10743405275779376,0.3376498800959233
0.40773532152842495,0.14165890027958994,0.10810810810810811,0.342497670083877
0.39962564342536266,0.14459522695367338,0.11137108095460926,0.3444080486663547
0.3850959393128068,0.14904060687193219,0.11289602855867917,0.35296742525658187
0.38672566371681416,0.14734513274336283,0.11548672566371682,0.3504424778761062
0.3845138583369996,0.14870215574131104,0.11306643202815662,0.35371755389353277
0.38719646799116997,0.14922737306843267,0.11214128035320088,0.35143487858719646
0.3835978835978836,0.15211640211640212,0.11199294532627865,0.3522927689594356
0.38139329805996475,0.15211640211640212,0.11419753086419752,0.3522927689594356
0.3767605633802817,0.14964788732394366,0.11751760563380281,0.3560739436619718
0.37990304098721905,0.15204936095196123,0.11899515204936095,0.3490524460114588
0.3741822939380724,0.15176624509376363,0.12516354121238552,0.34888791975577843
0.3702726473175022,0.15787159190853123,0.1248900615655233,0.3469656992084433
0.3708899605436212,0.16133274879438841,0.12713722051731696,0.3406400701446734
0.36965152183502425,0.16012351124834584,0.12527569475077194,0.34494927216585797
0.370304114490161,0.16010733452593917,0.129695885509839,0.33989266547406083
0.36568151742390825,0.15791795324217026,0.1340979267754742,0.3423026025584473
0.3692650334075724,0.16347438752783963,0.13273942093541202,0.33452115812917593
0.36423550087873463,0.1665202108963093,0.13093145869947276,0.3383128295254833
0.3682581786030062,0.16534040671971706,0.13351016799292661,0.3328912466843501
0.36646234676007006,0.16856392294220665,0.13222416812609458,0.3327495621716287
0.3608791208791209,0.16615384615384615,0.1397802197802198,0.3331868131868132
0.36074270557029176,0.17152961980548187,0.14102564102564102,0.3267020335985853
0.3654867256637168,0.16902654867256636,0.14513274336283186,0.32035398230088497
0.36363636363636365,0.16990291262135923,0.14210061782877317,0.32436010591350395
0.3660360756709195,0.17333919929608446,0.14254289485261767,0.31808183018037833
0.364079822616408,0.17694013303769401,0.13791574279379157,0.3210643015521064
0.36514886164623467,0.1777583187390543,0.13791593695271454,0.3191768826619965
0.3578345070422535,0.1835387323943662,0.13908450704225353,0.31954225352112675
0.3575542755870625,0.18520159503766062,0.14000886132033674,0.3172352680549402
0.35667107001321,0.18361955085865259,0.13650374284456188,0.3232056362835755
0.3594713656387665,0.18766519823788547,0.13744493392070484,0.31541850220264317
0.3608156028368794,0.1848404255319149,0.13297872340425532,0.32136524822695034
0.3674275680421422,0.1839332748024583,0.1321334503950834,0.3165057067603161
0.36467486818980666,0.19068541300527242,0.1335676625659051,0.3110720562390158
0.3644696639022261,0.18900043649061546,0.13487560017459624,0.3116542994325622
0.3598400710795202,0.18613949355841847,0.1399378054198134,0.3140826299422479
0.36147757255936674,0.18601583113456466,0.14204045734388743,0.31046613896218117
0.3581110625273284,0.1845212068211631,0.14079580236117184,0.3165719282903367
0.3541300527240773,0.18321616871704746,0.14674868189806678,0.31590509666080846
0.3616090948841277,0.1888937472671622,0.14123305640577175,0.30826410144293837
0.35683012259194397,0.1830122591943958,0.1436077057793345,0.31654991243432573
0.3600352112676056,0.18529929577464788,0.14744718309859156,0.30721830985915494
0.3563572371315442,0.18741750989881215,0.1491421029476463,0.3070831500219974
0.3550373955125385,0.18609766827980642,0.14870215574131104,0.31016278046634405
0.3463393248575186,0.18982902235861465,0.15037264357737834,0.3134590092064884
0.3445527015057573,0.19087688219663418,0.15411868910540302,0.3104517271922055
0.341280353200883,0.19646799116997793,0.1554083885209713,0.3068432671081678
0.343954604975993,0.19773024879965082,0.1514622435617634,0.30685290266259274
0.3447669305189094,0.19920844327176782,0.14731750219876869,0.3087071240105541
0.3424416042309387,0.2009695901278096,0.1507271925958572,0.30586161304539444
0.3465259454705365,0.19744942832014073,0.14819700967458224,0.30782761653474056
0.3489697501096011,0.1985971065322227,0.1446733888645331,0.3077597544936431
0.3547400611620795,0.1983398864132809,0.14242027086063783,0.30449978156400176
0.3475395430579965,0.2038664323374341,0.14718804920913883,0.30140597539543057
0.34169969176574194,0.2047556142668428,0.14398943196829592,0.3095552619991193
0.3431848257609175,0.20335244816938686,0.14247904719894133,0.3109836788707543
0.33713784021071114,0.20017559262510976,0.1417910447761194,0.3208955223880597
0.333480370533745,0.20820467578297308,0.14247904719894133,0.3158359064843405
0.3340630472854641,0.2075306479859895,0.13791593695271454,0.3204903677758319
0.331726555652936,0.21253286590709902,0.13628396143733568,0.3194566170026293
0.33186619718309857,0.20774647887323944,0.1368838028169014,0.32350352112676056
0.33274414494034465,0.20813079982324348,0.13610251878038002,0.3230225364560318
0.3306948109058927,0.20624450307827616,0.13808267370272648,0.32497801231310464
0.3306878306878307,0.20634920634920634,0.14153439153439154,0.32142857142857145
0.3291814946619217,0.20551601423487545,0.14145907473309607,0.3238434163701068
0.32287985865724383,0.20980565371024734,0.13957597173144876,0.32773851590106007
0.31620903454384414,0.21656333038086803,0.1355181576616475,0.3317094774136404
0.318808359270787,0.22098710538016897,0.13383726100489107,0.32636727434415297
0.31756460797196673,0.219886114761279,0.12921594393342092,0.3333333333333333
0.3265755839576906,0.22300572939620977,0.124724548259145,0.3256941383869546
0.3213969938107869,0.21927497789566755,0.1286472148541114,0.3306808134394341
0.32139737991266376,0.22358078602620088,0.1275109170305677,0.32751091703056767
0.3220562390158172,0.22012302284710017,0.1304920913884007,0.3273286467486819
0.31985784095957354,0.22478898267436695,0.13282985339848957,0.32252332296756997
0.32242370632463513,0.22025652366209642,0.13135780628040689,0.32596196373286157
0.3232456140350877,0.21754385964912282,0.12850877192982457,0.3307017543859649
0.31840354767184037,0.2279379157427938,0.12594235033259424,0.3277161862527716
0.31542158147662736,0.22979467016164265,0.12669287898645698,0.32809086937527304
0.320862676056338,0.22403169014084506,0.12632042253521128,0.3287852112676056
0.32079646017699115,0.22964601769911505,0.12831858407079647,0.32123893805309733
0.3239312472454826,0.22917584839136185,0.13265755839576907,0.3142353459673865
0.32391879964695497,0.2294792586054722,0.12797881729920565,0.31862312444836716
0.3236842105263158,0.22807017543859648,0.1280701754385965,0.3201754385964912
0.329500221141088,0.21716054842989826,0.12914639540026537,0.32419283502874835
0.32375055285272003,0.22158337019018134,0.12958867757629366,0.32507739938080493
0.32323232323232326,0.2160737812911726,0.13658322353974528,0.3241106719367589
0.32380114386273645,0.2190937087549494,0.13374395072591289,0.32336119665640123
0.3238560639715682,0.21634828964904487,0.13238560639715682,0.3274100399822301
0.32380114386273645,0.21997360316761988,0.13110426748790144,0.3251209854817422
0.3201046663759267,0.23026602703881377,0.13257740950719582,0.3170518970780637
0.3170194003527337,0.23721340388007053,0.13403880070546736,0.3117283950617284
0.3183222958057395,0.23178807947019867,0.13642384105960265,0.31346578366445915
0.31620553359683795,0.23671497584541062,0.13746157224418093,0.3096179183135705
0.30978499341816584,0.23826239578762615,0.13953488372093023,0.31241772707327775
0.30575221238938055,0.23938053097345133,0.13849557522123893,0.3163716814159292
0.3045977011494253,0.2440318302387268,0.13837312113174183,0.3129973474801061
0.30275229357798167,0.24333770205329838,0.13936216688510267,0.3145478374836173
0.29903677758318736,0.2381786339754816,0.1436077057793345,0.3191768826619965
0.2946113074204947,0.2398409893992933,0.14575971731448764,0.3197879858657244
0.28872312417727075,0.24221149627029398,0.14523913997367266,0.3238262395787626
0.2839506172839506,0.24514991181657847,0.14109347442680775,0.3298059964726631
0.28590366769774633,0.2509942554131684,0.13963764913831198,0.32346442775077333
0.2888986013986014,0.25,0.13986013986013987,0.32124125874125875
0.28874172185430463,0.24812362030905077,0.13774834437086092,0.32538631346578367
0.2845779938135219,0.25231992929739283,0.137870083959346,0.3252319929297393
0.28344370860927154,0.24900662251655628,0.13642384105960265,0.33112582781456956
0.2819947043248014,0.2471315092674316,0.1407766990291262,0.3300970873786408
0.27855887521968364,0.24956063268892795,0.14586994727592267,0.3260105448154657
0.2815533980582524,0.2511032656663725,0.1412180052956752,0.3261253309796999
0.27920353982300883,0.24469026548672565,0.14115044247787611,0.3349557522123894
0.28408091468777485,0.23834652594547054,0.14160070360598065,0.335971855760774
0.28808380619816676,0.23876036665211697,0.14142295940637276,0.33173286774334354
0.2840210711150132,0.24539069359086918,0.1417910447761194,0.3287971905179982
0.2842750766535261,0.23915900131406045,0.1375383267630311,0.33902759526938236
0.27939876215738285,0.24182139699381078,0.13925729442970822,0.3395225464190981
0.28558875219683655,0.2398945518453427,0.13532513181019332,0.3391915641476274
0.28250539956803455,0.24578833693304536,0.13779697624190065,0.33390928725701946
0.2848914488258751,0.2410279131590607,0.1382365972529907,0.3358440407620735
0.28024637043554773,0.24813022437307522,0.13770347558293006,0.33391992960844696
0.28083989501312334,0.24803149606299213,0.13517060367454067,0.3359580052493438
0.28696796840719613,0.24440544098288722,0.14085125054848618,0.32777534006143044
0.28956521739130436,0.2391304347826087,0.14,0.331304347826087
0.29295154185022027,0.24140969162995596,0.13832599118942732,0.3273127753303965
0.287527352297593,0.2424507658643326,0.1361050328227571,0.33391684901531726
0.2891141472014103,0.2375495813133539,0.13794623182018512,0.3353900396650507
0.2918133802816901,0.23591549295774647,0.13468309859154928,0.33758802816901406
0.2894387980556783,0.23155103844454264,0.136986301369863,0.34202386212991603
0.28945074106364427,0.23452484742807322,0.13077593722755013,0.34524847428073235
0.2793468667255075,0.23300970873786409,0.13592233009708737,0.351721094439541
0.2828193832599119,0.22731277533039648,0.14185022026431718,0.34801762114537443
0.28998242530755713,0.22319859402460457,0.13927943760984182,0.3475395430579965
0.2826278659611993,0.2173721340388007,0.1424162257495591,0.3575837742504409
0.28197158081705154,0.21714031971580816,0.141651865008881,0.3592362344582593
0.27639751552795033,0.21384205856255545,0.14906832298136646,0.36069210292812776
0.27016306743058616,0.22168356104010578,0.1485235786690172,0.3596297928602909
0.27144120247568526,0.21794871794871795,0.14942528735632185,0.36118479221927496
0.2723666813574262,0.21595416483032173,0.14676068752754517,0.3649184662847069
0.26999558108705257,0.2138753866548829,0.14891736632788333,0.3672116659301812
0.27040141155712394,0.21305690339655933,0.14909572121746803,0.3674459638288487
0.26865671641791045,0.2115891132572432,0.1466198419666374,0.373134328358209
0.26751313485113837,0.21541155866900175,0.1510507880910683,0.3660245183887916
0.2590809628008753,0.2210065645514223,0.1527352297592998,0.36717724288840264
0.25929164844774816,0.22606034105815478,0.1530389156099694,0.3616090948841277
0.26380368098159507,0.22699386503067484,0.15074496056091147,0.3584574934268186
0.26413427561837455,0.22128975265017667,0.15061837455830387,0.36395759717314485
0.2589010989010989,0.22593406593406593,0.15868131868131868,0.3564835164835165
0.256477821695213,0.22705314009661837,0.16205533596837945,0.3544137022397892
0.2544897065265002,0.23346473937801138,0.16469557599649584,0.34734997809899254
0.25622775800711745,0.23309608540925267,0.16236654804270462,0.34830960854092524
0.25362637362637364,0.23604395604395603,0.1635164835164835,0.3468131868131868
0.2551602986385595,0.24418093983311376,0.16073781291172595,0.33992094861660077
0.24497991967871485,0.24364123159303883,0.16688978134761268,0.3444890673806337
0.2518747243052492,0.23952359947066607,0.17026907807675343,0.3383325981473313
0.25176678445229683,0.24293286219081273,0.16784452296819788,0.3374558303886926
0.24460114587924195,0.24548259144997797,0.1749669457910974,0.33494931687968266
0.2371088585279859,0.24680475980608196,0.1745262230057294,0.34156015866020273
0.23987810187200698,0.25163256421419244,0.17283413147583804,0.33565520243796254
0.23696890056942618,0.25405168637757336,0.17433201927288655,0.3346473937801139
0.24219446922390722,0.25111507582515613,0.17618198037466548,0.3305084745762712
0.24558303886925795,0.25618374558303886,0.16696113074204946,0.33127208480565373
0.23982494529540482,0.2577680525164114,0.16849015317286653,0.33391684901531726
0.2448532632501095,0.2628120893561104,0.16206745510293474,0.3302671922908454
0.24319578577699735,0.2677787532923617,0.15935030728709393,0.329675153643547
0.24757281553398058,0.2705207413945278,0.15710503089143865,0.324801412180053
0.24128686327077747,0.27211796246648795,0.1577301161751564,0.3288650580875782
0.23398576512455516,0.27891459074733094,0.15658362989323843,0.3305160142348754
0.2330396475770925,0.2713656387665198,0.1616740088105727,0.333920704845815
0.235861464270057,0.2744410346339325,0.15607189829022358,0.33362560280578696
0.23672758920800696,0.2758920800696258,0.1566579634464752,0.3307223672758921
0.23436816790555312,0.28115435067774375,0.1569742020113686,0.3275032794053345
0.2381161971830986,0.2755281690140845,0.16065140845070422,0.3257042253521127
0.2398409893992933,0.2756183745583039,0.15680212014134276,0.32773851590106007
0.23778071334214002,0.2857771906649053,0.15323645970937913,0.3232056362835755
0.2392935982339956,0.2838852097130243,0.1532008830022075,0.3236203090507726
0.23678365171035096,0.28698356286095067,0.15504220346512662,0.32119058196357175
0.24088541666666666,0.2790798611111111,0.1527777777777778,0.3272569444444444
0.23648351648351648,0.2843956043956044,0.15384615384615385,0.3252747252747253
0.23324630113141862,0.2824194952132289,0.15709312445604873,0.32724107919930373
0.24234470691163604,0.2821522309711286,0.15354330708661418,0.3219597550306212
0.2425438596491228,0.28289473684210525,0.15964912280701754,0.31491228070175437
0.2496685815289439,0.27353071144498453,0.16040653999116217,0.3163941670349094
0.24644128113879005,0.27891459074733094,0.1601423487544484,0.3145017793594306
0.24845542806707854,0.2833186231244484,0.15666372462488967,0.3115622241835834
0.24944518419884598,0.28273413226808697,0.15268530847758544,0.31513537505548156
0.2513111888111888,0.2770979020979021,0.15865384615384615,0.3129370629370629
0.25099778270509976,0.2780487804878049,0.1605321507760532,0.31042128603104213
0.2503311258278146,0.282560706401766,0.16070640176600443,0.306401766004415
0.2533039647577093,0.27841409691629954,0.16079295154185022,0.307488986784141
0.25366503776099514,0.282985339848956,0.1559306974677921,0.30741892492225675
0.2538360368259535,0.2871547566856642,0.16089434458570803,0.2981148619026743
0.2501108647450111,0.28824833702882485,0.16008869179600888,0.30155210643015523
0.2420494699646643,0.28975265017667845,0.16342756183745583,0.3047703180212014
0.24486226497595104,0.29121119370354176,0.1644075207695671,0.2995190205509401
0.24526640246587406,0.2910612065169529,0.16380449141347425,0.2998678996036988
0.24261138067931187,0.29157476841640934,0.1689457432730481,0.2968681076312307
0.24028268551236748,0.2950530035335689,0.16740282685512367,0.29726148409893993
0.24527472527472527,0.2879120879120879,0.1665934065934066,0.30021978021978024
0.24757281553398058,0.2846425419240953,0.17255075022065314,0.29523389232127095
0.2492361414229594,0.2828459188127455,0.16630292448712353,0.30161501527717155
0.2581786030061892,0.27984084880636606,0.16268788682581786,0.29929266136162685
0.25425207152202356,0.27780200610553857,0.16528565198430004,0.3026602703881378
0.25809273840769903,0.2769028871391076,0.16929133858267717,0.29571303587051617
0.254696373962429,0.2761031017911752,0.1673219746614242,0.3018785495849716
0.24572180781044317,0.2768758227292672,0.17068889863975428,0.30671347082053535
0.2357049323439546,0.28109995635093843,0.17459624618070713,0.3085988651243998
0.24175824175824176,0.27912087912087913,0.1753846153846154,0.3037362637362637
0.24591611479028697,0.280794701986755,0.17660044150110377,0.29668874172185433
0.2403677758318739,0.28283712784588444,0.18038528896672504,0.29640980735551664
0.24121265377855888,0.28163444639718804,0.179701230228471,0.29745166959578206
0.24082167832167833,0.27534965034965037,0.1840034965034965,0.29982517482517484
0.24549846288976723,0.2709705753184014,0.1800614844093105,0.30346947738252084
0.23454063604240283,0.27340989399293286,0.18507067137809188,0.30697879858657245
0.24192139737991267,0.26724890829694326,0.18209606986899562,0.3087336244541485
0.24323144104803493,0.2663755458515284,0.18253275109170305,0.3078602620087336
0.24660534384581692,0.2628120893561104,0.17915024091108192,0.3114323258869908
0.2418645558487247,0.25857519788918204,0.1789797713280563,0.32058047493403696
0.24050632911392406,0.2693147097337407,0.1680488869489306,0.3221300742034046
0.24078947368421053,0.2662280701754386,0.16710526315789473,0.32587719298245615
0.2456445993031359,0.2682926829268293,0.1672473867595819,0.31881533101045295
0.24342105263157895,0.26359649122807016,0.1649122807017544,0.3280701754385965
0.24344735673034207,0.26565970679697914,0.16614837849844513,0.3247445579742337
0.24118165784832452,0.2698412698412698,0.1626984126984127,0.3262786596119929
0.24035087719298245,0.2692982456140351,0.15921052631578947,0.33114035087719296
0.24065112186537616,0.267927848658161,0.161460624725033,0.32996040475142985
0.24008810572687225,0.27048458149779736,0.16211453744493393,0.3273127753303965
0.2503299604047514,0.2683677958644963,0.15882094148702156,0.3224813022437307
0.24065112186537616,0.2745270567531896,0.1535415750109987,0.33128024637043557
0.23416339012669288,0.2704237658366099,0.16120576671035386,0.33420707732634336
0.2325684024713151,0.2727272727272727,0.15666372462488967,0.3380406001765225
0.23211935059236508,0.27073277753400615,0.1636682755594559,0.3334795963141729
0.22590627763041557,0.27365163572060125,0.16755083996463307,0.3328912466843501
0.23029502421840597,0.27388815499779834,0.16072214883311317,0.33509467195068254
0.23599470666078518,0.27525363917071016,0.15924128804587562,0.329510366122629
0.23218997361477572,0.2783641160949868,0.16226912928759896,0.32717678100263853
0.23002633889376647,0.27699736611062337,0.16637401229148377,0.32660228270412645
0.23154657293497363,0.2781195079086116,0.16608084358523725,0.3242530755711775
0.23567993003935286,0.2754700480979449,0.1674682990817665,0.32138172278093574
0.23567993003935286,0.27240926978574553,0.1670310450371666,0.32487975513773504
0.2408888888888889,0.2728888888888889,0.1671111111111111,0.3191111111111111
0.24540682414698162,0.27077865266841644,0.1662292213473316,0.31758530183727035
0.2512227656736327,0.27078701645175635,0.16229435304579815,0.3156958648288128
0.25119721375707443,0.2799303439268611,0.16064431867653461,0.30822812363952984
0.24514991181657847,0.28880070546737213,0.15828924162257496,0.30776014109347444
0.24492497793468668,0.28420123565754635,0.15975286849073256,0.31112091791703445
0.24469026548672565,0.2836283185840708,0.1588495575221239,0.31283185840707967
0.25088028169014087,0.2834507042253521,0.15713028169014084,0.3085387323943662
0.25471284524331433,0.2775098640946953,0.15431828145550197,0.3134590092064884
0.25526315789473686,0.28157894736842104,0.15043859649122807,0.312719298245614
0.2544897065265002,0.2794568550153307,0.15549715286903198,0.3105562855891371
0.254601226993865,0.2817703768624014,0.15731814198071867,0.3063102541630149
0.2577092511013216,0.2753303964757709,0.1568281938325991,0.31013215859030835
0.2567269519188355,0.2726069695632995,0.15747684164093514,0.31318923687692984
0.2577639751552795,0.26974267968056787,0.15971606033717836,0.31277728482697426
0.25907883082373784,0.27015057573073514,0.15899025686448184,0.31178033658104515
0.25442477876106195,0.2672566371681416,0.16061946902654867,0.3176991150442478
0.25907883082373784,0.2661647475642161,0.15810451727192207,0.316651904340124
0.26073483842408146,0.2625055334218681,0.15272244355909695,0.3240371845949535
0.2588339222614841,0.2579505300353357,0.15636042402826855,0.32685512367491165
0.26522506619594,0.25904677846425417,0.15445719329214475,0.3212709620476611
0.26625386996904027,0.2560813799203892,0.15612560813799203,0.3215391419725785
0.2579505300353357,0.26325088339222613,0.16166077738515902,0.31713780918727913
0.2541196877710321,0.26366001734605377,0.16261925411968778,0.3196010407632264
0.25537516454585346,0.26722246599385696,0.1570864414216762,0.3203159280386134
0.2588495575221239,0.26415929203539823,0.15663716814159293,0.32035398230088497
0.2611353711790393,0.2633187772925764,0.15458515283842794,0.32096069868995636
0.25809273840769903,0.26202974628171477,0.15441819772528434,0.32545931758530183
0.25636523266022826,0.26163301141352063,0.15803336259877085,0.32396839332748023
0.25559947299077734,0.25867369345630215,0.16073781291172595,0.32498902064119456
0.2594547053649956,0.25725593667546176,0.1600703605980651,0.3232189973614776
0.2574082264484741,0.26271561256081377,0.15568332596196374,0.32419283502874835
0.25758241758241757,0.26065934065934065,0.15296703296703296,0.32879120879120877
0.2607158638974812,0.26115775519222273,0.15731330092797172,0.32081307998232433
0.26382791922739246,0.25548726953467954,0.15583845478489902,0.32484635645302895
0.26271561256081377,0.25785050862450243,0.15612560813799203,0.3233082706766917
0.2606969563299515,0.25893250992501105,0.1561535068372298,0.3242170269078077
0.2601054481546573,0.2570298769771529,0.16124780316344464,0.3216168717047452
0.2682926829268293,0.25099778270509976,0.16097560975609757,0.3197339246119734
0.2696530522617479,0.2507685551163812,0.15502854633289415,0.3245498462889767
0.2677619893428064,0.24911190053285967,0.16119005328596803,0.3219360568383659
0.27147918511957486,0.2519929140832595,0.16209034543844109,0.31443755535872453
0.2714535901926445,0.2478108581436077,0.17075306479859895,0.30998248686514884
0.27344782034346105,0.24746807573756055,0.1690885072655218,0.3099955966534566
0.2699468085106383,0.24867021276595744,0.17287234042553193,0.30851063829787234
0.27009222661396576,0.2419850680720246,0.17347386912604304,0.3144488361879666
0.2704485488126649,0.24890061565523308,0.16490765171503957,0.31574318381706246
0.27268760907504364,0.2534904013961606,0.16448516579406633,0.3093368237347295
0.27448397013614406,0.25867369345630215,0.16073781291172595,0.30610452349582784
0.26763668430335097,0.263668430335097,0.15696649029982362,0.3117283950617284
0.2736013986013986,0.2644230769230769,0.1547202797202797,0.30725524475524474
0.2801231310466139,0.2594547053649956,0.1547933157431838,0.30562884784520666
0.2770714598860149,0.2604120999561596,0.15344147303814118,0.30907496711968435
0.268859649122807,0.26535087719298245,0.15175438596491228,0.3140350877192982
0.2743207712532866,0.2659947414548642,0.1511831726555653,0.30850131463628394
0.2775330396475771,0.2599118942731278,0.14889867841409693,0.3136563876651982
0.27300748568912375,0.2646411272567151,0.15367679436371642,0.3086745926904447
0.2755281690140845,0.2623239436619718,0.15316901408450703,0.3089788732394366
0.2776066871975363,0.2639683238011439,0.15662120545534536,0.3018037835459745
0.2776066871975363,0.26616805983282005,0.1570611526616806,0.29916410030796303
0.2736935341009743,0.26439326837909655,0.1545615589016829,0.3073516386182462
0.26698816308636564,0.2770714598860149,0.156510302498904,0.29943007452871545
0.2708793636765356,0.278391515687141,0.15422006186478127,0.2965090587715422
0.2748460861917326,0.27308707124010556,0.1521547933157432,0.29991204925241866
0.2741652021089631,0.27943760984182775,0.15070298769771528,0.29569420035149385
0.27177700348432055,0.2735191637630662,0.1559233449477352,0.29878048780487804
0.27587719298245617,0.2776315789473684,0.15175438596491228,0.29473684210526313
0.27450980392156865,0.27941176470588236,0.15463458110516934,0.2914438502673797
0.27633318642573823,0.27677390921110623,0.15337152930806522,0.29352137505509035
0.28118113706478626,0.2842661965623623,0.15249008373732922,0.28206258263552225
0.2871547566856642,0.2810170977641385,0.15037264357737834,0.28145550197281893
0.28324468085106386,0.2779255319148936,0.14760638297872342,0.2912234042553192
0.28293545534924847,0.2838196286472148,0.14279398762157383,0.29045092838196285
0.28646748681898065,0.28031634446397186,0.14367311072056238,0.28954305799648505
0.28702090592334495,0.28397212543554007,0.14285714285714285,0.28614982578397213
0.2847740236946029,0.2808249232119351,0.1439227731461167,0.2904782799473453
0.29007971656333037,0.2807794508414526,0.14348981399468555,0.28565101860053144
0.2851476421330983,0.27633318642573823,0.14367562802996914,0.29484354341119434
0.278580814717477,0.27989487516425754,0.14410862899693386,0.2974156811213316
0.2857142857142857,0.2741792369121562,0.14729370008873113,0.29281277728482696
0.28286852589641437,0.2749003984063745,0.14741035856573706,0.2948207171314741
0.2809335094671951,0.2760898282694848,0.1435490973139586,0.2994275649493615
0.2738938053097345,0.2774336283185841,0.14734513274336283,0.3013274336283186
0.27047366091190794,0.2775564409030544,0.14873837981407703,0.30323151837096063
0.27175843694493784,0.2766429840142096,0.1438721136767318,0.3077264653641208
0.27292576419213976,0.2816593886462882,0.1393013100436681,0.30611353711790396
0.27316644707949056,0.2815107597716293,0.1383399209486166,0.3069828722002635
0.27714033539276256,0.27714033539276256,0.1381288614298323,0.30759046778464255
0.2774617067833698,0.27964989059080964,0.13916849015317287,0.3037199124726477
0.2740088105726872,0.2748898678414097,0.1422907488986784,0.30881057268722467
0.2757238307349666,0.27438752783964365,0.14743875278396437,0.3024498886414254
0.2808249232119351,0.27424308907415534,0.14304519526107942,0.3018867924528302
0.2860938883968113,0.26439326837909655,0.14570416297608504,0.3038086802480071
0.2860290877038343,0.2675187307183781,0.14147201410312912,0.30498016747465845
0.28370663153271847,0.27009222661396576,0.1427316644707949,0.30346947738252084
0.2862796833773087,0.2647317502198769,0.14204045734388743,0.306948109058927
0.2817703768624014,0.2747589833479404,0.13803680981595093,0.30543382997370727
0.2871636524040582,0.27040141155712394,0.13718570798411997,0.30524922805469784
0.2910777385159011,0.27340989399293286,0.13604240282685512,0.299469964664311
0.2917771883289125,0.2723253757736516,0.138815207780725,0.29708222811671087
0.2964426877470356,0.2604303908651735,0.1383399209486166,0.30478700043917434
0.29422066549912435,0.26532399299474607,0.13791593695271454,0.30253940455341505
0.29365079365079366,0.26499118165784835,0.13800705467372135,0.30335097001763667
0.28868258178603007,0.27144120247568526,0.14235190097259062,0.2975243147656941
0.28444838280903856,0.27425786442179884,0.14266725742135578,0.29862649534780683
0.28577642453240537,0.26924749891257066,0.1418007829491083,0.3031752936059156
0.2801590808661069,0.26999558108705257,0.14273088820150243,0.30711444984533803
0.2761031017911752,0.27522935779816515,0.14067278287461774,0.30799475753604194
0.27692307692307694,0.2756043956043956,0.14153846153846153,0.3059340659340659
0.28102836879432624,0.27437943262411346,0.13652482269503546,0.30806737588652483
0.2775330396475771,0.27665198237885463,0.13524229074889868,0.31057268722466963
0.2706866197183099,0.2772887323943662,0.13732394366197184,0.3147007042253521
0.2667257421355782,0.2764731945059814,0.13646433318564466,0.32033673017279574
0.26525198938992045,0.28470380194518125,0.13793103448275862,0.3121131741821397
0.26311111111111113,0.2853333333333333,0.136,0.31555555555555553
0.2579520697167756,0.28278867102396515,0.14291938997821352,0.31633986928104574
0.2635283765948086,0.27628684557853056,0.1460624725032996,0.3141223053233612
0.2680683311432326,0.2794568550153307,0.14148050810337276,0.31099430573806397
0.269806338028169,0.272887323943662,0.14040492957746478,0.31690140845070425
0.269281045751634,0.27538126361655774,0.1394335511982571,0.3159041394335512
0.27204585537918874,0.2786596119929453,0.1388888888888889,0.31040564373897706
0.272608125819135,0.2809086937527305,0.14110965487112276,0.3053735255570118
0.27288810260946483,0.2764263600176913,0.1384343210968598,0.31225121627598407
0.2805786935554581,0.27268741779921085,0.1328364752301622,0.3138974134151688
0.27701200533570475,0.2712316585148955,0.13383726100489107,0.3179190751445087
0.2774617067833698,0.2726477024070022,0.13435448577680525,0.31553610503282276
0.2755905511811024,0.2773403324584427,0.13560804899387577,0.3114610673665792
0.2773626373626374,0.2804395604395604,0.13494505494505493,0.30725274725274726
0.28213028169014087,0.28389084507042256,0.1307218309859155,0.3032570422535211
0.2790492957746479,0.27992957746478875,0.13204225352112675,0.3089788732394366
0.2814159292035398,0.2743362831858407,0.134070796460177,0.3101769911504425
0.2780487804878049,0.27583148558758314,0.1361419068736142,0.3099778270509978
0.27807017543859647,0.27149122807017545,0.1355263157894737,0.31491228070175437
0.27775320654577623,0.27465723131357805,0.13622291021671826,0.3113666519239275
0.2745525971191619,0.276298559580969,0.13793103448275862,0.3112178088171104
0.27196467991169976,0.2768211920529801,0.13995584988962473,0.31125827814569534
0.2711053089643168,0.2693646649260226,0.1462140992167102,0.3133159268929504
0.27415828596414515,0.26716222125054656,0.1425448185395715,0.31613467424573677
0.2747688243064729,0.27080581241743723,0.1444297666226332,0.3099955966534566
0.2702108963093146,0.2662565905096661,0.14894551845342707,0.3145869947275923
0.26616805983282005,0.27188737351517817,0.15222173339199296,0.3097228332600088
0.2745183887915937,0.2613835376532399,0.15411558669001751,0.30998248686514884
0.2788844621513944,0.2602921646746348,0.15493581230633025,0.3058875608676406
0.2753108348134991,0.2619893428063943,0.15452930728241562,0.30817051509769094
0.2773403324584427,0.26246719160104987,0.1500437445319335,0.3101487314085739
0.2779003087781209,0.26246140273489194,0.14997794441993825,0.30966034406704895
0.2757709251101322,0.2563876651982379,0.15594713656387665,0.3118942731277533
0.28031634446397186,0.2521968365553603,0.15685413005272408,0.31063268892794377
0.28678745028722935,0.25364560318161733,0.1524524966858153,0.30711444984533803
0.28094820017559263,0.2581211589113257,0.15583845478489902,0.3050921861281826
0.273972602739726,0.2540874944763588,0.15731330092797172,0.31462660185594343
0.27593818984547464,0.2565121412803532,0.15717439293598234,0.31037527593818987
0.2760600706713781,0.2570671378091873,0.15547703180212014,0.3113957597173145
0.28068631764188295,0.2556093268807743,0.15970083589969203,0.3040035195776507
0.2773626373626374,0.25142857142857145,0.16,0.3112087912087912
0.282107096212451,0.25032651284283847,0.15498476273400086,0.3125816282107096
0.2780445220427761,0.25316455696202533,0.1545176778699258,0.3142732431252728
0.272887323943662,0.26276408450704225,0.15096830985915494,0.31338028169014087
0.27300884955752214,0.2606194690265487,0.14823008849557523,0.318141592920354
0.27679362267493357,0.26439326837909655,0.14658990256864482,0.3122232063773251
0.2733274647887324,0.26452464788732394,0.1487676056338028,0.31338028169014087
0.27396657871591906,0.26033421284080915,0.1534740545294635,0.3122251539138083
0.27604395604395604,0.25846153846153846,0.15296703296703296,0.31252747252747254
0.2748898678414097,0.2669603524229075,0.1511013215859031,0.3070484581497797
0.27437141596823994,0.2655491839435377,0.1513012792236436,0.30877812086457873
0.2747688243064729,0.26023778071334214,0.154557463672391,0.3104359313077939
0.2778021978021978,0.2540659340659341,0.1564835164835165,0.31164835164835164
0.275032794053345,0.25360734586794925,0.15609969392216877,0.31526016615653696
0.2726870296591412,0.2501106684373617,0.15891987605135016,0.31828242585214694
0.2740871095468544,0.24417069951605808,0.16102067751869775,0.3207215134183898
0.27839643652561247,0.2467706013363029,0.1621380846325167,0.3126948775055679
0.2780008924587238,0.24453369031682284,0.16287371709058457,0.31459170013386883
0.27356422621657167,0.24638316527838666,0.16659359929855327,0.3134590092064884
0.28327495621716287,0.24387040280210157,0.16418563922942206,0.3086690017513135
0.28539724811362627,0.24500665778961384,0.16023080337328008,0.3093652907234798
0.2819402338674751,0.2472932005197055,0.15807708964919878,0.3126894759636206
0.2778753292361721,0.2489025460930641,0.16066725197541704,0.3125548726953468
0.2781921895568232,0.2566915313734094,0.16147433084686266,0.3036419482229048
0.2742006132282085,0.25624178712220763,0.1677617170389838,0.3017958826106001
0.27292768959435626,0.2619047619047619,0.16534391534391535,0.2998236331569665
0.27666083916083917,0.26267482517482516,0.16346153846153846,0.2972027972027972
0.2759226713532513,0.2631810193321617,0.163884007029877,0.29701230228471004
0.2736098852603707,0.26522506619594,0.16857899382171226,0.2925860547219771
0.27336860670194,0.26851851851851855,0.17063492063492064,0.2874779541446208
0.2676923076923077,0.2681318681318681,0.1701098901098901,0.29406593406593406
0.26868953386103783,0.2691292875989446,0.17018469656992086,0.29199648197009676
0.270824247710423,0.26820758831225466,0.16572176188399476,0.29524640209332753
0.26675369886858136,0.26849434290687557,0.16666666666666666,0.29808529155787644
0.27066666666666667,0.26755555555555555,0.16755555555555557,0.2942222222222222
0.27196467991169976,0.2560706401766004,0.17306843267108168,0.2988962472406181
0.26865008880994673,0.2571047957371226,0.1771758436944938,0.29706927175843695
0.2704485488126649,0.2537379067722076,0.17546174142480211,0.30035180299032543
0.27005699254712845,0.2569048662867163,0.17273125822007893,0.30030688294607627
0.26727509778357234,0.2542372881355932,0.17427205562798784,0.3042155584528466
0.26382791922739246,0.2537313432835821,0.17559262510974538,0.30684811237928006
0.2633654688869413,0.25547765118317267,0.1792287467134093,0.30192813321647677
0.2569808027923211,0.25392670157068065,0.1775741710296684,0.31151832460732987
0.2604444444444444,0.25155555555555553,0.1791111111111111,0.3088888888888889
0.2625381596162233,0.24989097252507633,0.1792411687745312,0.3083296990841692
0.2654320987654321,0.24559082892416226,0.17945326278659612,0.30952380952380953
0.26294820717131473,0.24833997343957503,0.18548030101814963,0.30323151837096063
0.265234546251644,0.24725997369574748,0.1819377466023674,0.30556773345024113
0.25907883082373784,0.2546501328609389,0.17891939769707707,0.3073516386182462
0.2604671661524901,0.254737769942706,0.1771705597179374,0.3076245041868665
0.2666372851476421,0.25738210665491407,0.1740855002203614,0.3018951079770824
0.27256792287467135,0.2572304995617879,0.1757230499561788,0.294478527607362
0.27353071144498453,0.2558550596553248,0.17057003977021654,0.30004418912947417
0.286215978928885,0.25197541703248466,0.16681299385425813,0.29499561018437226
0.28996933858957513,0.2518615856329391,0.1625054752518616,0.2956636005256242
0.2840262582056893,0.25951859956236323,0.16192560175054704,0.29452954048140045
0.29112271540469975,0.26109660574412535,0.15926892950391644,0.2885117493472585
0.2843224092116918,0.2595217006200177,0.16341895482728078,0.29273693534100975
0.2896368467670505,0.2595217006200177,0.15899025686448184,0.29185119574845
0.2908208296557811,0.26037069726390116,0.1557811120917917,0.29302736098852605
0.2915194346289753,0.26060070671378094,0.15326855123674912,0.2946113074204947
0.291958041958042,0.26048951048951047,0.1472902097902098,0.30026223776223776
0.291005291005291,0.26146384479717816,0.14991181657848324,0.2976190476190476
0.29484354341119434,0.25165271044513,0.1494050242397532,0.30409872190392245
0.2909330985915493,0.2482394366197183,0.1505281690140845,0.3102992957746479
0.2943246810382754,0.2446106467223933,0.15442146942366916,0.3066432028156621
0.30110864745011084,0.24257206208425722,0.15521064301552107,0.30110864745011084
0.2996469549867608,0.23962930273609886,0.1557811120917917,0.3049426301853486
0.3045195261079421,0.24396665204036858,0.15489249670908292,0.2966213251426064
0.2998678996036988,0.24790841039189784,0.15367679436371642,0.2985468956406869
0.29524232992441085,0.2574477545575811,0.1511783014673188,0.2961316140506892
0.2977700043725404,0.24879755137735024,0.14997813729777001,0.3034543069523393
0.2979002624671916,0.25065616797900264,0.14873140857392825,0.3027121609798775
0.2963620230700976,0.2608695652173913,0.14551907719609583,0.2972493345164153
0.29849424269264835,0.2657218777679362,0.13817537643932684,0.2976085031000886
0.29473684210526313,0.26842105263157895,0.13640350877192983,0.30043859649122806
0.29483814523184604,0.27034120734908135,0.14304461942257218,0.29177602799650043
0.295873573309921,0.2730465320456541,0.1395961369622476,0.2914837576821773
0.29295154185022027,0.2748898678414097,0.13832599118942732,0.2938325991189427
0.29476462824461064,0.2732072151341839,0.13374395072591289,0.2982842058952926
0.2904782799473453,0.27073277753400615,0.13514699429574376,0.3036419482229048
0.2901371074745688,0.2724458204334365,0.13976116762494473,0.29765590446705
0.29321663019693656,0.2726477024070022,0.13698030634573305,0.29715536105032825
0.29569420035149385,0.27548330404217924,0.1375219683655536,0.29130052724077327
0.29750982961992134,0.26955002184359983,0.13411970292704237,0.29882044560943644
0.29334500875656744,0.271015761821366,0.1309106830122592,0.30472854640980734
0.29199648197009676,0.2695690413368514,0.13148636763412488,0.306948109058927
0.2918702798756108,0.26565970679697914,0.12927587738782764,0.3131941359395824
0.2923951048951049,0.26704545454545453,0.13068181818181818,0.3098776223776224
0.292693661971831,0.2676056338028169,0.13336267605633803,0.30633802816901406
0.2895548699867783,0.27016306743058616,0.12869105332745703,0.3115910092551785
0.29010989010989013,0.2681318681318681,0.13274725274725274,0.309010989010989
0.29185119574845,0.26439326837909655,0.13197519929140833,0.31178033658104515
0.28558875219683655,0.26537785588752194,0.13532513181019332,0.31370826010544817
0.28334062090074336,0.2658504591167468,0.1394840402273721,0.31132487975513773
0.28033658104517273,0.27192205491585475,0.13507528786536757,0.312666076173605
