R,A,S,N
0.0,0.0,1.0,0.0
0.25,0.0,0.75,0.0
0.2222222222222222,0.0,0.7777777777777778,0.0
0.25,0.0,0.625,0.125
0.3076923076923077,0.0,0.5769230769230769,0.11538461538461539
0.32608695652173914,0.0,0.5652173913043478,0.10869565217391304
0.35384615384615387,0.015384615384615385,0.5230769230769231,0.1076923076923077
0.3473684210526316,0.021052631578947368,0.5052631578947369,0.12631578947368421
0.3181818181818182,0.030303030303030304,0.5075757575757576,0.14393939393939395
0.31868131868131866,0.04395604395604396,0.45604395604395603,0.1813186813186813
0.3281853281853282,0.05019305019305019,0.43243243243243246,0.1891891891891892
0.3063583815028902,0.05202312138728324,0.4421965317919075,0.1994219653179191
0.27912087912087913,0.06593406593406594,0.44395604395604393,0.210989010989011
0.26595744680851063,0.06560283687943262,0.44680851063829785,0.22163120567375885
0.26497005988023953,0.06287425149700598,0.437125748502994,0.23502994011976047
0.25184275184275184,0.07493857493857493,0.41646191646191644,0.25675675675675674
0.23931623931623933,0.08226495726495726,0.41452991452991456,0.2638888888888889
0.23415977961432508,0.09917355371900827,0.4022038567493113,0.2644628099173554
0.23316912972085385,0.11001642036124795,0.3916256157635468,0.2651888341543514
0.2293314162473041,0.12365204888569374,0.38749101365923794,0.2595255212077642
0.22364217252396165,0.13226837060702876,0.38722044728434507,0.2568690095846645
0.22535211267605634,0.14084507042253522,0.3767605633802817,0.25704225352112675
0.22308546059933407,0.14872364039955605,0.3706992230854606,0.25749167591564925
0.21664050235478807,0.15803244374672945,0.37205651491365777,0.2532705389848247
0.21414038657171922,0.16531027466937945,0.3758901322482197,0.2446592065106816
0.22103213242453748,0.17185978578383643,0.3612463485881207,0.24586173320350535
0.22031473533619456,0.17691940867906533,0.35813066285169287,0.2446351931330472
0.21818181818181817,0.1822843822843823,0.36037296037296035,0.23916083916083916
0.22287789378120745,0.18066273263731275,0.35905583295506127,0.23740354062641852
0.21688370004490345,0.18724741805118994,0.35877862595419846,0.23709025594970812
0.22251655629139072,0.18543046357615894,0.36070640176600444,0.23134657836644593
0.22713212549712772,0.1939902783915157,0.34821034025629694,0.23066725585505965
0.2401402278702892,0.1936897458369851,0.33610867659947413,0.23006134969325154
0.23931247245482593,0.19391802556192156,0.3367122080211547,0.23005729396209784
0.24242424242424243,0.19587176108915239,0.32762406675450156,0.23407992973210365
0.24546660769570985,0.1968155683325962,0.32596196373286157,0.23175586023883238
0.2440423654015887,0.1915269196822595,0.3261253309796999,0.2383053839364519
0.2398945518453427,0.19244288224956063,0.335676625659051,0.23198594024604569
0.24758135444151275,0.1996481970096746,0.322339489885664,0.23043095866314864
0.25,0.20219298245614034,0.3140350877192982,0.2337719298245614
0.24402125775022143,0.20372010628875112,0.3179805137289637,0.23427812223206376
0.24911660777385158,0.2058303886925795,0.31095406360424027,0.23409893992932862
0.2516382699868938,0.2013979903888161,0.30974224552206203,0.23722149410222804
0.24646643109540636,0.20759717314487633,0.3034452296819788,0.24249116607773852
0.2467706013363029,0.20846325167037863,0.3069042316258352,0.2378619153674833
0.24182139699381078,0.20910698496905394,0.3045977011494253,0.24447391688771
0.24515845070422534,0.20466549295774647,0.3032570422535211,0.24691901408450703
0.23912087912087912,0.2123076923076923,0.2975824175824176,0.250989010989011
0.2399647110719012,0.2112924569916189,0.29775033083370095,0.250992501102779
0.24856512141280354,0.21280353200883,0.2900662251655629,0.24856512141280354
0.2529592284085927,0.2117492327926348,0.2871547566856642,0.24813678211310827
0.25089285714285714,0.2138392857142857,0.28526785714285713,0.25
0.24073266463148713,0.21936327954644572,0.28739642389882253,0.25250763192324466
0.24214254094732182,0.21691013722886232,0.28286852589641437,0.2580787959274015
0.2431718061674009,0.22070484581497798,0.28105726872246695,0.2550660792951542
0.24466192170818504,0.22197508896797152,0.2762455516014235,0.2571174377224199
0.24669020300088262,0.2175639894086496,0.27537511032656664,0.26037069726390116
0.2443956043956044,0.21802197802197804,0.2703296703296703,0.2672527472527473
0.24570673712021135,0.2175253192426244,0.2619991193306913,0.2747688243064729
0.24166666666666667,0.21754385964912282,0.2649122807017544,0.27587719298245617
0.24472759226713534,0.21704745166959577,0.257908611599297,0.28031634446397186
0.24610591900311526,0.21539830885625277,0.2621272808188696,0.27636849132176233
0.24735449735449735,0.21781305114638447,0.2566137566137566,0.27821869488536155
0.25065963060686014,0.22119613016710643,0.2541776605101143,0.27396657871591906
0.248894783377542,0.22590627763041557,0.2506631299734748,0.27453580901856767
0.2503293807641634,0.2235397452788757,0.24725516029863856,0.27887571365832237
0.25363917071018965,0.22805469783855314,0.24172915747684165,0.27657697397441555
0.25309187279151946,0.23719081272084805,0.23851590106007067,0.2712014134275618
0.2505533421868083,0.234174413457282,0.23461708720672864,0.28065515714918104
0.25066079295154187,0.24008810572687225,0.23392070484581498,0.2753303964757709
0.2507767421216156,0.2401242787394585,0.22858411007545495,0.28051486906347095
0.2451669595782074,0.2469244288224956,0.23022847100175747,0.27768014059753954
0.25165271044513,0.24371970030850595,0.22873512560599382,0.27589246364037023
0.25655594405594406,0.24519230769230768,0.2298951048951049,0.26835664335664333
0.2562637362637363,0.24615384615384617,0.22813186813186814,0.26945054945054947
0.26519823788546254,0.2409691629955947,0.22599118942731278,0.26784140969162995
0.2657218777679362,0.24047829937998227,0.2240921169176262,0.26970770593445526
0.2658450704225352,0.2367957746478873,0.2227112676056338,0.2746478873239437
0.26643140714600794,0.24305249228054698,0.2121746801940891,0.278341420379356
0.2738770170082861,0.23331879633667685,0.20453554295682513,0.2882686436982119
0.27308707124010556,0.24010554089709762,0.20316622691292877,0.2836411609498681
0.27589246364037023,0.2375495813133539,0.20273248126928162,0.2838254737769943
0.27912087912087913,0.23956043956043957,0.19516483516483515,0.28615384615384615
0.27702407002188184,0.24463894967177244,0.19474835886214442,0.2835886214442013
0.27470093043863536,0.24856003544528135,0.19273371732388125,0.28400531679220203
0.27325322652425454,0.24566088117489987,0.19225634178905207,0.2888295505117935
0.27244444444444443,0.2457777777777778,0.19155555555555556,0.2902222222222222
0.2726075504828797,0.24187884108867427,0.18700614574187885,0.29850746268656714
0.2686369651521835,0.2439347154830172,0.18614909572121746,0.30127922364358184
0.2687029659141213,0.249667994687915,0.18415227976980966,0.29747675962815406
0.26984834968777877,0.2542372881355932,0.17484388938447815,0.3010704727921499
0.27481252756947505,0.25011027790030876,0.1773268636965152,0.29775033083370095
0.2773403324584427,0.2462817147856518,0.18022747156605423,0.29615048118985127
0.2724867724867725,0.2508818342151676,0.18342151675485008,0.2932098765432099
0.2761820592134335,0.25231992929739283,0.1802916482545294,0.29120636323464427
0.27765631832094445,0.2514210756449497,0.17490161783996502,0.2960209881941408
0.2838795394154119,0.2519929140832595,0.1696191319751993,0.2945084145261293
0.2814847547503314,0.25231992929739283,0.171895713654441,0.29429960229783475
0.27763041556145,0.251105216622458,0.17020335985853227,0.3010610079575597
0.2790594498669033,0.2515527950310559,0.17036379769299023,0.2990239574090506
0.27463863337713534,0.24923346473937802,0.17520805957074026,0.3009198423127464
0.27296703296703295,0.2518681318681319,0.17186813186813188,0.3032967032967033
0.2771929824561403,0.24780701754385964,0.16710526315789473,0.3078947368421053
0.27252650176678445,0.24911660777385158,0.1691696113074205,0.30918727915194344
0.27312582200789126,0.24550635686102587,0.1705392371766769,0.31082858395440593
0.2713523131672598,0.24777580071174377,0.1708185053380783,0.31005338078291816
0.2755417956656347,0.254312251216276,0.16275984077841663,0.3073861123396727
0.2796125055041832,0.24834874504623514,0.16248348745046234,0.3095552619991193
0.27966841186736474,0.24956369982547993,0.15794066317626526,0.31282722513089006
0.2761031017911752,0.24989078200087375,0.16120576671035386,0.3128003494975972
0.27841409691629954,0.24933920704845816,0.16079295154185022,0.3114537444933921
0.27936647602287723,0.24637043554773427,0.1583809942806863,0.31588209414870216
0.2754255783500655,0.24836316019205587,0.15364469663902225,0.32256656481885637
0.2818703131892369,0.2474636082928981,0.14997794441993825,0.3206881340979268
0.28383128295254834,0.25,0.15333919156414763,0.31282952548330406
0.2828193832599119,0.25022026431718064,0.14845814977973568,0.3185022026431718
0.2859025032938076,0.24989020641194554,0.1497584541062802,0.3144488361879666
0.2856519843000436,0.2546881814217183,0.1456607064980375,0.3139991277802006
0.28496503496503495,0.2583041958041958,0.15034965034965034,0.3063811188811189
0.2751971954425942,0.2581069237510955,0.15293602103418055,0.3137598597721297
0.2721297107800175,0.2581069237510955,0.15556529360210342,0.3141980718667835
0.26918018412976763,0.25778167470407715,0.15212626041209995,0.32091188075405525
0.2752091589608102,0.2571554381329811,0.14795244385733158,0.31968295904887717
0.2789680804547442,0.254919108001749,0.14910362920857018,0.3170091823349366
0.27527352297593,0.25164113785557984,0.15054704595185994,0.3225382932166302
0.27555945590171127,0.25142606406318563,0.15445370776656428,0.31856077226853885
0.26544021024967146,0.2544897065265002,0.15637319316688567,0.32369689005694263
0.2620842572062084,0.26297117516629714,0.15609756097560976,0.3188470066518847
0.2595217006200177,0.262621789193977,0.1550044286979628,0.3228520814880425
0.2575221238938053,0.2646017699115044,0.15309734513274337,0.3247787610619469
0.25934065934065936,0.26945054945054947,0.1578021978021978,0.3134065934065934
0.2585517547756553,0.2692136828076411,0.15948467347845402,0.3127498889382497
0.2624890446976337,0.2712532865907099,0.15994741454864153,0.3063102541630149
0.26322693484914733,0.26891123742894624,0.16134674245736774,0.3065150852645387
0.2616740088105727,0.2740088105726872,0.1616740088105727,0.3026431718061674
0.26362038664323373,0.2719683655536028,0.1616871704745167,0.30272407732864676
0.26100352112676056,0.272887323943662,0.1637323943661972,0.3023767605633803
0.2624394539850286,0.26992514310876264,0.16776750330250992,0.2998678996036988
0.26416739319965127,0.2654751525719268,0.16564952048823017,0.3047079337401918
0.27071333628710675,0.26406734603455917,0.16127603012848915,0.30394328754984495
0.27456140350877195,0.25921052631578945,0.16271929824561404,0.30350877192982456
0.2777777777777778,0.26027996500437445,0.16185476815398075,0.300087489063867
0.2774846086191733,0.2590149516270888,0.1613896218117854,0.3021108179419525
0.2848965213562307,0.2518714222809335,0.15984147952443858,0.3033905768383972
0.28269484808454426,0.2562747688243065,0.15984147952443858,0.3011889035667107
0.2923617208077261,0.2510974539069359,0.15715539947322213,0.2993854258121159
0.2894619831036016,0.24811027123165852,0.1596265006669631,0.3028012449977768
0.29199648197009676,0.2510993843447669,0.15611257695690414,0.3007915567282322
0.29326287978863935,0.24922941435490972,0.1554381329810656,0.3020695728753853
0.2971905179982441,0.24802458296751537,0.15232660228270412,0.30245829675153646
0.2889969067609368,0.24922669023420238,0.15466195315952275,0.30711444984533803
0.28096280087527353,0.25295404814004374,0.1562363238512035,0.3098468271334792
0.2867808519982433,0.25428194993412384,0.15371102327624067,0.3052261747913922
0.27622841965471445,0.2549800796812749,0.1571491810535635,0.3116423196104471
0.27613586237318044,0.2602558447287164,0.15703573003970003,0.3065725628584032
0.28163444639718804,0.2601054481546573,0.15289982425307558,0.3053602811950791
0.2765301629238221,0.26023778071334214,0.15015411712901805,0.3130779392338177
0.27702996092053844,0.2592270950933565,0.1498046026921407,0.3139383412939644
0.27841409691629954,0.2594713656387665,0.14933920704845816,0.31277533039647576
0.2797881729920565,0.2594880847308032,0.1496028243601059,0.31112091791703445
0.27794962439239945,0.2615996464869642,0.14714980114891738,0.31330092797171893
0.27391874180865006,0.26124945391000437,0.14766273481869813,0.31716906946264745
0.27288810260946483,0.26138876603272887,0.1450685537372844,0.3206545776205219
0.27336551118911806,0.2650285212812637,0.1465555068012286,0.31505046072838966
0.27604395604395604,0.2632967032967033,0.1468131868131868,0.31384615384615383
0.2831272084805654,0.25618374558303886,0.14796819787985865,0.3127208480565371
0.28213028169014087,0.24867957746478872,0.15096830985915494,0.3182218309859155
0.27481252756947505,0.2576091751213057,0.1455668284075871,0.3220114689016321
0.2897278314310799,0.24802458296751537,0.14442493415276558,0.31782265144863914
0.2854633289415898,0.2481335090030742,0.14317083882301274,0.32323232323232326
0.29223343571741994,0.24572180781044317,0.14523913997367266,0.3168056164984642
0.29251101321585904,0.24801762114537446,0.14493392070484581,0.3145374449339207
0.2959542656112577,0.23746701846965698,0.14731750219876869,0.31926121372031663
0.2974404236540159,0.24007060900264784,0.1443071491615181,0.3181818181818182
0.29881526985519963,0.23650724001755155,0.14611671785870997,0.31856077226853885
0.29745166959578206,0.24077328646748683,0.14279437609841827,0.3189806678383128
0.29223343571741994,0.24045634050021938,0.1483106625713032,0.3189995612110575
0.29697239536954584,0.24220837043633126,0.1429207479964381,0.3178984861976848
0.2966213251426064,0.24528301886792453,0.14348398420359806,0.314611671785871
0.2929203539823009,0.25,0.14424778761061946,0.31283185840707967
0.29393673110720564,0.25,0.14411247803163443,0.31195079086115995
0.2929203539823009,0.26194690265486725,0.13451327433628318,0.3106194690265487
0.29789103690685415,0.2539543057996485,0.1344463971880492,0.31370826010544817
0.2980392156862745,0.257516339869281,0.13725490196078433,0.30718954248366015
0.29409151488227453,0.25721901377165707,0.135495335406486,0.3131941359395824
0.29312638580931266,0.2572062084257206,0.13481152993348117,0.3148558758314856
0.2965090587715422,0.25187803800265135,0.13389306230667256,0.3177198409191339
0.29846153846153844,0.24967032967032968,0.13186813186813187,0.32
0.3006189213085765,0.2506631299734748,0.12643678160919541,0.3222811671087533
0.29911894273127754,0.25462555066079295,0.12863436123348018,0.31762114537444935
0.3019034971226206,0.2558654271801682,0.12616201859229748,0.3160690571049137
0.3063102541630149,0.25854513584574934,0.1231375985977213,0.31200701139351444
0.30288461538461536,0.26136363636363635,0.12805944055944055,0.3076923076923077
0.301629238221048,0.2628797886393659,0.12505504183179217,0.3104359313077939
0.3005679335954565,0.26823940585408473,0.12057667103538663,0.3106159895150721
0.29254385964912283,0.26842105263157895,0.12149122807017544,0.3175438596491228
0.2914285714285714,0.2703296703296703,0.12131868131868132,0.3169230769230769
0.28949691085613416,0.26963812886142985,0.1209179170344219,0.3199470432480141
0.289612676056338,0.2654049295774648,0.12588028169014084,0.3191021126760563
0.29499561018437226,0.26997366110623355,0.12335381913959614,0.31167690956979804
0.29354980254497587,0.2711715664765248,0.1303203159280386,0.3049583150504607
0.29321663019693656,0.27702407002188184,0.12472647702407003,0.3050328227571116
0.29481546572934975,0.28339191564147626,0.1234622144112478,0.29833040421792617
0.2907488986784141,0.28325991189427313,0.1237885462555066,0.3022026431718062
0.29469026548672567,0.2853982300884956,0.11769911504424779,0.30221238938053097
0.30404217926186294,0.28471001757469244,0.11906854130052724,0.29217926186291737
0.3041958041958042,0.28496503496503495,0.11975524475524475,0.2910839160839161
0.30429013710747455,0.2874834144183989,0.11145510835913312,0.29677134011499334
0.30385288966725044,0.28984238178633975,0.11164623467600701,0.2946584938704028
0.29305799648506153,0.29437609841827767,0.11291739894551846,0.29964850615114236
0.2927256792287467,0.29053461875547765,0.11393514460999124,0.3028045574057844
0.29442738043001315,0.2843352347520842,0.11408512505484862,0.307152259763054
0.29094922737306844,0.2869757174392936,0.11258278145695365,0.30949227373068433
0.29624724061810154,0.284326710816777,0.11037527593818984,0.3090507726269316
0.3021295474711624,0.2826086956521739,0.11180124223602485,0.3034605146406389
0.3007452871547567,0.28803156510302497,0.11266988163086365,0.2985532661113547
0.29569420035149385,0.29130052724077327,0.11335676625659051,0.29964850615114236
0.2951176983435048,0.2916303400174368,0.11115954664341761,0.3020924149956408
0.30434782608695654,0.2872200263504611,0.1067193675889328,0.30171277997364954
0.3102836879432624,0.2796985815602837,0.10904255319148937,0.30097517730496454
0.3137946231820185,0.28074041427941826,0.10929925077126487,0.2961657117672984
0.3172992056487202,0.2758164165931156,0.11032656663724624,0.2965578111209179
0.31567328918322296,0.27947019867549666,0.11081677704194261,0.29403973509933773
0.31305114638447973,0.2821869488536155,0.1111111111111111,0.29365079365079366
0.3117338003502627,0.2841506129597198,0.10814360770577934,0.29597197898423816
0.3152077807250221,0.28205128205128205,0.11096374889478337,0.2917771883289125
0.3185840707964602,0.2752212389380531,0.10973451327433628,0.29646017699115046
0.31633986928104574,0.2740740740740741,0.11459694989106754,0.2949891067538126
0.31922398589065254,0.2777777777777778,0.1146384479717813,0.28835978835978837
0.3204272363150868,0.27992879394748554,0.11170449488206498,0.2879394748553627
0.3205072146917359,0.27328377787494534,0.10887625710537822,0.29733275032794054
0.31620903454384414,0.2821080602302923,0.10496014171833482,0.2967227635075288
0.31507449605609117,0.2773882559158633,0.10867659947414549,0.2988606485539001
0.3220858895705521,0.27344434706397897,0.10999123575810692,0.294478527607362
0.323477493380406,0.2731685789938217,0.11650485436893204,0.2868490732568402
0.32090199479618386,0.27363399826539464,0.11751951431049436,0.28794449262792715
0.31397379912663753,0.2755458515283843,0.12183406113537118,0.28864628820960697
0.31562774363476737,0.276558384547849,0.11852502194907814,0.28928884986830555
0.32256637168141594,0.2756637168141593,0.11017699115044248,0.2915929203539823
0.31836195508586523,0.2774108322324967,0.11140466754733598,0.29282254513430206
0.3204225352112676,0.2711267605633803,0.11443661971830986,0.29401408450704225
0.3165436387320886,0.27442466348241423,0.11376465479808945,0.29526704298740775
0.31718061674008813,0.27312775330396477,0.11365638766519824,0.2960352422907489
0.3168056164984642,0.2702939885914875,0.11232996928477403,0.30057042562527425
0.3222270933800965,0.26435773783428324,0.11135466900482245,0.3020604997807979
0.32568402471315094,0.2616946160635481,0.11385701676963812,0.29876434245366285
0.3263250109505037,0.25711782742006134,0.11213315812527376,0.3044240035041612
0.3292144748455428,0.2506619593998235,0.11429832303618712,0.3058252427184466
0.32270916334661354,0.2540947321823816,0.11420982735723771,0.30898627711376714
0.33200707338638374,0.25552608311229,0.11273209549071618,0.29973474801061006
0.32811820947414166,0.25554106910039115,0.11516731855714907,0.3011734028683181
0.3279263480929417,0.2529592284085927,0.11486190267426567,0.3042525208241999
0.3253064798598949,0.24956217162872155,0.11514886164623468,0.30998248686514884
0.3212709620476611,0.2511032656663725,0.11562224183583407,0.3120035304501324
0.3207630878438332,0.2595385980479148,0.11756876663708962,0.3021295474711624
0.32625055334218683,0.2545374059318282,0.1217352810978309,0.29747675962815406
0.32935455349248455,0.2515473032714412,0.12157382847038019,0.2975243147656941
0.33128565160157963,0.25713032031592803,0.12154453707766565,0.2900394910048267
0.32629727352682497,0.26077396657871593,0.11961301671064203,0.29331574318381703
0.32863436123348017,0.2621145374449339,0.1171806167400881,0.2920704845814978
0.3235807860262009,0.2668122270742358,0.11746724890829695,0.29213973799126636
0.3157894736842105,0.2692982456140351,0.12368421052631579,0.2912280701754386
0.31890459363957596,0.2628091872791519,0.127208480565371,0.2910777385159011
0.3235807860262009,0.2668122270742358,0.125764192139738,0.2838427947598253
0.31765749778172137,0.26353149955634425,0.13575865128660158,0.28305235137533274
0.32436010591350395,0.2581641659311562,0.13062665489849956,0.2868490732568402
0.3269911504424779,0.2513274336283186,0.13495575221238937,0.2867256637168142
0.3238812583074878,0.2507753655294639,0.13203367301727958,0.2933097031457687
0.3264589732338745,0.25756910925844667,0.12768758227292673,0.2882843352347521
0.3146167557932264,0.26871657754010697,0.1265597147950089,0.29010695187165775
0.31824175824175827,0.26681318681318683,0.12571428571428572,0.28923076923076924
0.3134065934065934,0.26945054945054947,0.12483516483516484,0.2923076923076923
0.3154657293497364,0.26449912126537783,0.12785588752196836,0.29217926186291737
0.3173415492957746,0.26100352112676056,0.1307218309859155,0.2909330985915493
0.3171592412880459,0.2642258491398324,0.12262902514336127,0.2959858844287605
0.3141223053233612,0.2652881654201496,0.12538495380554335,0.29520457545094586
0.3118659020732245,0.2699602999558888,0.1164534627260697,0.30172033524481695
0.3062665489849956,0.26919682259488087,0.11606354810238305,0.3084730803177405
0.3118421052631579,0.2675438596491228,0.11798245614035088,0.3026315789473684
0.3063302346170872,0.2656042496679947,0.11775121735281098,0.3103142983621071
0.30352422907488985,0.2691629955947137,0.12070484581497798,0.3066079295154185
0.3050176056338028,0.2689260563380282,0.11751760563380281,0.3085387323943662
0.31138246838203226,0.2594853903183602,0.11862189271696467,0.3105102485826428
0.313943161634103,0.25976909413854354,0.1172291296625222,0.30905861456483125
0.31765232974910396,0.26030465949820786,0.11693548387096774,0.30510752688172044
0.31505046072838966,0.25362000877577884,0.11584028082492322,0.3154892496709083
0.31374281926646047,0.2554131683605833,0.11665930181175431,0.31418471056120195
0.31724440544098287,0.25625274243089075,0.11232996928477403,0.3141728828433524
0.3159509202453988,0.2537248028045574,0.1126205083260298,0.317703768624014
0.31908329660643453,0.25297487880123404,0.11018069634200088,0.31776112825033054
0.30985915492957744,0.25880281690140844,0.11443661971830986,0.31690140845070425
0.3110720562390158,0.2530755711775044,0.11511423550087874,0.32073813708260107
0.30688294607628236,0.25471284524331433,0.1188075405523893,0.319596668128014
0.3092738407699038,0.2489063867016623,0.11504811898512686,0.32677165354330706
0.3071111111111111,0.252,0.11555555555555555,0.3253333333333333
0.3039086517347387,0.2490118577075099,0.11989459815546773,0.3271848924022837
0.2979664014146773,0.25862068965517243,0.12024756852343059,0.32316534040671974
0.2983835736129314,0.2634338138925295,0.12057667103538663,0.31760594145915244
0.2963780918727915,0.26015901060070673,0.12588339222614842,0.31757950530035334
0.2953229398663697,0.26057906458797325,0.12561247216035634,0.3184855233853007
0.29606716747680073,0.26425099425541315,0.12461334511710119,0.3150684931506849
0.2944542253521127,0.25880281690140844,0.12455985915492958,0.3221830985915493
0.2950310559006211,0.25554569653948533,0.12111801242236025,0.3283052351375333
0.29779735682819386,0.25242290748898677,0.12422907488986784,0.32555066079295153
0.3016014234875445,0.2566725978647687,0.12411032028469751,0.31761565836298933
0.29763986013986016,0.25917832167832167,0.12106643356643357,0.32211538461538464
0.2982608695652174,0.26304347826086955,0.11956521739130435,0.3191304347826087
0.29863855950812473,0.2635046113306983,0.12296881862099253,0.31488801054018445
0.2969991173874669,0.2616946160635481,0.12003530450132392,0.3212709620476611
0.29986847873739586,0.2661113546690048,0.1179307321350285,0.3160894344585708
0.30604203152364273,0.2583187390542907,0.12040280210157618,0.31523642732049034
0.30021978021978024,0.2641758241758242,0.12175824175824176,0.31384615384615383
0.30238726790450926,0.26790450928381965,0.11892130857648099,0.3107869142351901
0.3032172763331864,0.25914499779638606,0.12208021154693698,0.31555751432349055
0.30278884462151395,0.26073483842408146,0.1239486498450642,0.31252766710934043
0.3021108179419525,0.2717678100263852,0.12137203166226913,0.30474934036939316
0.3028571428571429,0.2672527472527473,0.12,0.3098901098901099
0.3111111111111111,0.2679738562091503,0.11677559912854031,0.30413943355119827
0.3090430201931519,0.26953467954345917,0.11808604038630377,0.3033362598770852
0.31239092495637,0.26788830715532286,0.11780104712041885,0.3019197207678883
0.3140350877192982,0.26666666666666666,0.11535087719298245,0.30394736842105263
0.3107638888888889,0.2630208333333333,0.11588541666666667,0.3103298611111111
0.3073213502849627,0.2647961420429636,0.1192459447610697,0.30863656291100394
0.3025283347863993,0.26983435047951176,0.11595466434176112,0.3116826503923278
0.3058665472458576,0.27183161665920286,0.11150918047469771,0.31079265562024183
0.30704099821746883,0.27450980392156865,0.10828877005347594,0.31016042780748665
0.30691768826619964,0.2745183887915937,0.10945709281961472,0.30910683012259194
0.30630233583076244,0.2723666813574262,0.10885852798589687,0.3124724548259145
0.31374281926646047,0.27264692885550157,0.1104728236853734,0.3031374281926646
0.31413612565445026,0.2683246073298429,0.11212914485165794,0.3054101221640489
0.3126376045794804,0.27829150154117127,0.11272567151034786,0.29634522236900046
0.3103146853146853,0.2722902097902098,0.11538461538461539,0.30201048951048953
0.3037918871252205,0.27733686067019403,0.11684303350970017,0.3020282186948854
0.30674305861613044,0.2785368003525782,0.11414720141031291,0.3005729396209784
0.30572687224669604,0.27841409691629954,0.11541850220264317,0.3004405286343612
0.30021978021978024,0.28,0.11604395604395605,0.3037362637362637
0.29553415061295973,0.28064798598949214,0.11733800350262696,0.3064798598949212
0.2951251646903821,0.27580149319279756,0.11550285463328941,0.31357048748353095
0.28590366769774633,0.27883340698188247,0.1171011931064958,0.3181617322138754
0.2874015748031496,0.28171478565179353,0.11329833770778652,0.31758530183727035
0.2873001776198934,0.2801953818827709,0.11634103019538189,0.31616341030195383
0.2831509846827133,0.2818380743982494,0.11772428884026258,0.3172866520787746
0.2846425419240953,0.28596646072374227,0.11518093556928509,0.3142100617828773
0.2787958115183246,0.2879581151832461,0.11867364746945899,0.3145724258289703
0.26985519964896887,0.2891619131197894,0.12110574813514699,0.3198771390960948
0.26387665198237886,0.3,0.11938325991189427,0.31674008810572685
0.27007943512797883,0.3036187113857017,0.11606354810238305,0.31023830538393643
0.2684417285028372,0.300742034046268,0.11436054124836316,0.31645569620253167
0.27204585537918874,0.29188712522045857,0.11948853615520282,0.3165784832451499
0.2659947414548642,0.28965819456617004,0.12182296231375986,0.32252410166520595
0.2616740088105727,0.2894273127753304,0.12290748898678414,0.32599118942731276
0.2646675358539765,0.288135593220339,0.12690134724033028,0.3202955236853542
0.26710526315789473,0.29342105263157897,0.12587719298245614,0.31359649122807015
0.2752858399296394,0.28935795954265614,0.12401055408970976,0.3113456464379947
0.2753940455341506,0.2841506129597198,0.1234676007005254,0.3169877408056042
0.27280701754385966,0.2885964912280702,0.12894736842105264,0.30964912280701756
0.2701525054466231,0.28932461873638343,0.12810457516339868,0.31241830065359477
0.2710896309314587,0.29130052724077327,0.1296133567662566,0.30799648506151145
0.27016306743058616,0.29484354341119434,0.13265755839576907,0.3023358307624504
0.27328918322295803,0.2891832229580574,0.13421633554083887,0.3033112582781457
0.2796352583586626,0.28788536691272254,0.13547546678245767,0.29700390794615716
0.2784090909090909,0.2937062937062937,0.13243006993006992,0.29545454545454547
0.2766798418972332,0.2981993851559069,0.12999560825647782,0.2951251646903821
0.2865342163355408,0.2900662251655629,0.1293598233995585,0.29403973509933773
0.28232189973614774,0.29155672823219,0.13280562884784522,0.29331574318381703
0.28833551769331583,0.291393621668851,0.1236347750109218,0.2966360856269113
0.2871024734982332,0.29858657243816256,0.12367491166077739,0.29063604240282687
0.29810656098634963,0.2888595332452664,0.12285336856010567,0.2901805372082783
0.29238221047996477,0.29810656098634963,0.12461470717745486,0.2848965213562307
0.28527200353825743,0.30429013710747455,0.12206988058381248,0.28836797877045556
0.28596568411790585,0.3035635723713154,0.11746590409150902,0.2930048394192697
0.2919418758256275,0.29590488771466317,0.11933069132540731,0.29282254513430206
0.2940655447298494,0.29229406554472986,0.11868910540301152,0.2949512843224092
0.2942982456140351,0.2894736842105263,0.11535087719298245,0.30087719298245613
0.2912833990363557,0.29084537888742884,0.11038107752956636,0.30749014454664914
0.28653931585961795,0.2892047978676144,0.11017325633051978,0.3140826299422479
0.2881280569141841,0.28457092040907067,0.11027123165851489,0.3170297910182303
0.28970331588132636,0.2862129144851658,0.112565445026178,0.31151832460732987
0.2933097031457687,0.2857775808595481,0.10943730615861763,0.3114754098360656
0.29507475813544415,0.2783641160949868,0.10949868073878628,0.31706244503078274
0.29484354341119434,0.28162185985015425,0.11106214191273689,0.3124724548259145
0.2946389011962782,0.2800177226406735,0.11386796632698272,0.3114754098360656
0.29354553492484525,0.27144120247568526,0.10919540229885058,0.32581786030061893
0.2965547317924117,0.2660270388137811,0.11120802442215438,0.3262102049716529
0.30022075055187636,0.2671081677704194,0.10949227373068433,0.32317880794701986
0.29881526985519963,0.2650285212812637,0.11496270293988592,0.3211935059236507
0.2939885914874945,0.2663448881088197,0.11232996928477403,0.3273365511189118
0.2961657117672984,0.26972234464521816,0.1123843102688409,0.32172763331864257
0.30181175430844015,0.26866990720282813,0.10826336721166593,0.3212549712770658
0.2977602108036891,0.27448397013614406,0.103645147123408,0.3241106719367589
0.29925077126487437,0.27148523578669015,0.10445130013221683,0.3248126928162186
0.2961657117672984,0.27016306743058616,0.10753635962979285,0.3261348611723226
0.29188712522045857,0.27336860670194,0.10846560846560846,0.3262786596119929
0.2923485183547103,0.2764263600176913,0.10570544007076514,0.32551968155683325
0.30017452006980805,0.27356020942408377,0.10296684118673648,0.32329842931937175
0.2975243147656941,0.2723253757736516,0.10610079575596817,0.3240495137046861
0.2976190476190476,0.2742504409171076,0.10537918871252204,0.32275132275132273
0.2995147772386414,0.2774591971768858,0.10189677988531098,0.3211292456991619
0.2951176983435048,0.2829119442022668,0.1024411508282476,0.31952920662598083
0.29312638580931266,0.2811529933481153,0.10554323725055433,0.32017738359201775
0.2978442586889573,0.28068631764188295,0.09942806863176419,0.3220413550373955
0.3010136624063464,0.2847069193477303,0.09475539885412076,0.3195240193918026
0.29732103645147123,0.2854633289415898,0.09574000878348704,0.3214756258234519
0.29492273730684326,0.27947019867549666,0.09536423841059603,0.33024282560706403
0.290251433612704,0.28892809880899867,0.09439788266431408,0.32642258491398324
0.2922874671340929,0.28965819456617004,0.09333917616126206,0.324715162138475
0.29063604240282687,0.2924028268551237,0.09584805653710247,0.321113074204947
0.2937062937062937,0.291958041958042,0.0944055944055944,0.31993006993006995
0.2950391644908616,0.2898172323759791,0.09442993907745866,0.3207136640557006
0.2937249666221629,0.2883845126835781,0.09523809523809523,0.3226524254561638
0.2922737306843267,0.29094922737306844,0.09271523178807947,0.3240618101545254
0.29030837004405285,0.2911894273127753,0.09118942731277534,0.3273127753303965
0.29871851524524967,0.2876712328767123,0.0897039328325232,0.3239063190455148
0.2938368055555556,0.2942708333333333,0.08897569444444445,0.3229166666666667
0.2889767237593325,0.29600351339481773,0.08871321914800176,0.32630654369784806
0.2929824561403509,0.29254385964912283,0.08903508771929824,0.3254385964912281
0.28615384615384615,0.2989010989010989,0.09010989010989011,0.32483516483516484
0.28502202643171803,0.2947136563876652,0.0933920704845815,0.32687224669603526
0.2854020979020979,0.291958041958042,0.09353146853146853,0.3291083916083916
0.2908208296557811,0.2912621359223301,0.09135039717563989,0.3265666372462489
0.2961487383798141,0.281983178397521,0.09384683488269145,0.3280212483399734
0.29834747655203214,0.2795891022778026,0.09602501116569898,0.32603841000446626
0.29481546572934975,0.28822495606326887,0.09314586994727592,0.32381370826010547
0.2953846153846154,0.28527472527472525,0.0945054945054945,0.32483516483516484
0.297787610619469,0.2831858407079646,0.1,0.31902654867256636
0.2944812362030905,0.29271523178807946,0.1011037527593819,0.31169977924944814
0.2940391459074733,0.2842526690391459,0.10409252669039146,0.31761565836298933
0.2942477876106195,0.2845132743362832,0.10575221238938053,0.3154867256637168
0.2947875602277705,0.27901883486640383,0.1029347349978099,0.3232588699080158
0.2904782799473453,0.27994734532689775,0.10048266783677051,0.3290917068889864
0.29315673289183225,0.27240618101545255,0.10507726269315673,0.3293598233995585
0.291906236178682,0.27598407784166296,0.11101282618310482,0.32109685979655017
0.28742249778565104,0.27812223206377323,0.10673162090345438,0.32772364924712133
0.2891246684350133,0.2749778956675508,0.10521662245800177,0.3306808134394341
0.2866578599735799,0.27829150154117127,0.10788199031263761,0.3271686481726112
0.2824833702882483,0.282039911308204,0.10687361419068736,0.3286031042128603
0.2770979020979021,0.28846153846153844,0.11101398601398602,0.32342657342657344
0.277119016249451,0.2902942468159859,0.10935441370223979,0.32323232323232326
0.27909050378956757,0.29558626839054836,0.10477039679001338,0.3205528310298707
0.28232189973614774,0.2941952506596306,0.11301671064204045,0.31046613896218117
0.2761061946902655,0.2991150442477876,0.11548672566371682,0.3092920353982301
0.2816651904340124,0.2949512843224092,0.10894596988485385,0.31443755535872453
0.2795604395604396,0.2927472527472528,0.11120879120879121,0.31648351648351647
0.28182616330114135,0.28884986830553117,0.11237928007023705,0.3169446883230904
0.27677390921110623,0.2891141472014103,0.11591009255178493,0.31820185103569854
0.27626970227670755,0.29115586690017514,0.11295971978984239,0.31961471103327493
0.2821080602302923,0.2891939769707706,0.11603188662533215,0.312666076173605
0.2805628847845207,0.28935795954265614,0.11257695690413369,0.3175021987686895
0.2780229479258605,0.29302736098852605,0.11518093556928509,0.3137687555163283
0.27882507672073653,0.2867163524769838,0.11310828583954406,0.32135028496273566
0.2787746170678337,0.2818380743982494,0.11159737417943107,0.3277899343544858
0.27674624226348365,0.2833775419982317,0.11361626878868258,0.32625994694960214
0.27906976744186046,0.28258007898200965,0.11232996928477403,0.3260201842913559
0.28091872791519434,0.2795936395759717,0.11307420494699646,0.32641342756183744
0.27586206896551724,0.2754255783500655,0.116542994325622,0.3321693583587953
0.28377787494534323,0.2728465238303454,0.11630957586357674,0.3270660253607346
0.28856382978723405,0.2726063829787234,0.11524822695035461,0.32358156028368795
0.2864120781527531,0.27397868561278865,0.11500888099467141,0.32460035523978686
0.27679362267493357,0.28033658104517273,0.11470327723649247,0.3281665190434012
0.28,0.2734065934065934,0.11692307692307692,0.32967032967032966
0.2748794388426129,0.2757562472599737,0.11354669004822446,0.33581762384918895
0.2724879333040807,0.2773146116717859,0.11584028082492322,0.3343571741992102
0.27437141596823994,0.278341420379356,0.11689457432730481,0.33039258932509924
0.27628684557853056,0.27584689837219534,0.11350637923449186,0.33435987681478224
0.2753940455341506,0.27276707530647987,0.1138353765323993,0.3380035026269702
0.274681878016674,0.2738043001316367,0.11189118034225537,0.33962264150943394
0.27440633245382584,0.2673702726473175,0.11521547933157432,0.34300791556728233
0.27929515418502204,0.2691629955947137,0.1105726872246696,0.3409691629955947
0.2741228070175439,0.26842105263157895,0.11491228070175438,0.3425438596491228
0.27630415561450045,0.27011494252873564,0.11229000884173299,0.34129089301503096
0.27391874180865006,0.2699868938401048,0.11577107907383137,0.34032328527741373
0.2652439024390244,0.27569686411149824,0.11498257839721254,0.3440766550522648
0.26607929515418505,0.2753303964757709,0.11894273127753303,0.33964757709251103
0.26815398075240593,0.27165354330708663,0.1216097987751531,0.33858267716535434
0.2662251655629139,0.2693156732891832,0.12273730684326711,0.34172185430463575
0.26081200353045014,0.26919682259488087,0.1209179170344219,0.34907325684024715
0.27123893805309734,0.2557522123893805,0.1172566371681416,0.35575221238938054
0.2657281126264848,0.2595688517377915,0.11878574571051474,0.355917289925209
0.27180616740088104,0.25859030837004404,0.11806167400881057,0.3515418502202643
0.26672535211267606,0.2649647887323944,0.11355633802816902,0.35475352112676056
0.2661431064572426,0.2604712041884817,0.11780104712041885,0.3555846422338569
0.26435773783428324,0.2617273125822008,0.11573871109162648,0.3581762384918895
0.2603757099169943,0.2656181738750546,0.11533420707732635,0.35867190913062474
0.2528684907325684,0.26919682259488087,0.11915269196822595,0.3587819947043248
0.25209343323049804,0.2785368003525782,0.11591009255178493,0.3534596738651388
0.2503299604047514,0.27804663440387156,0.11702595688517378,0.35459744830620327
0.24845814977973568,0.27665198237885463,0.11894273127753303,0.35594713656387666
0.24638949671772428,0.2708971553610503,0.11947483588621444,0.36323851203501095
0.24351648351648353,0.2764835164835165,0.11604395604395605,0.363956043956044
0.2404227212681638,0.27917217084984586,0.11756935270805813,0.3628357551739322
0.23899647887323944,0.2794894366197183,0.12191901408450705,0.3595950704225352
0.23083661848445028,0.2794568550153307,0.11651335961454228,0.3731931668856767
0.24175824175824176,0.27472527472527475,0.11604395604395605,0.36747252747252745
0.2398945518453427,0.27372583479789103,0.11643233743409491,0.36994727592267135
0.23917796239615216,0.27590730214254483,0.11543506777437691,0.3694796676869261
0.24145486415425066,0.2712532865907099,0.1196319018404908,0.36765994741454866
0.25109553023663456,0.26117440841367223,0.11700262927256792,0.37072743207712533
0.24834874504623514,0.261558784676354,0.11977102597974461,0.3703214442976662
0.24681598594642074,0.2639437856829161,0.12340799297321037,0.3658322353974528
0.2476983779044279,0.2621657167908812,0.12494519947391496,0.36519070583077595
0.25208241999123193,0.25602805786935556,0.12801402893467778,0.3638754932047348
0.24550635686102587,0.25515124945199474,0.1297676457693994,0.36957474791758
0.23597506678539626,0.25556544968833483,0.13268032056990206,0.3757791629563669
0.23881258307487815,0.2516614975631369,0.1333628710677891,0.37616304829419583
0.23087188612099643,0.25533807829181493,0.1307829181494662,0.3830071174377224
0.23026315789473684,0.2565789473684211,0.12938596491228072,0.38377192982456143
0.23066783831282953,0.2592267135325132,0.13005272407732865,0.38005272407732865
0.23131046613896217,0.2519788918205805,0.12928759894459102,0.38742304309586634
0.2287467134092901,0.25766871165644173,0.13102541630148992,0.3825591586327783
0.22707231040564374,0.2588183421516755,0.13315696649029982,0.38095238095238093
0.22884699693117053,0.26085050416483996,0.13502849627356422,0.37527400263042526
0.23161602818141788,0.25935711140466755,0.13782474680757376,0.3712021136063408
0.23293703214442976,0.2633201232937032,0.13562307353588726,0.36811977102597976
0.23028953229398663,0.26547884187082404,0.13273942093541202,0.3714922048997773
0.22135076252723312,0.26405228758169935,0.1355119825708061,0.3790849673202614
0.2203991130820399,0.2620842572062084,0.13791574279379157,0.37960088691796007
0.22407732864674867,0.2596660808435852,0.13620386643233742,0.38005272407732865
