R,A,S,N
0.0,0.0,1.0,0.0
0.0,0.0,1.0,0.0
0.0,1.0,0.0,0.0
0.5,0.5,0.0,0.0
0.75,0.25,0.0,0.0
0.75,0.25,0.0,0.0
0.625,0.375,0.0,0.0
0.6363636363636364,0.36363636363636365,0.0,0.0
0.625,0.375,0.0,0.0
0.6,0.4,0.0,0.0
0.6176470588235294,0.38235294117647056,0.0,0.0
0.6458333333333334,0.3541666666666667,0.0,0.0
0.6615384615384615,0.3076923076923077,0.03076923076923077,0.0
0.6823529411764706,0.2823529411764706,0.023529411764705882,0.011764705882352941
0.6759259259259259,0.28703703703703703,0.027777777777777776,0.009259259259259259
0.7122302158273381,0.2517985611510791,0.02877697841726619,0.007194244604316547
0.7245508982035929,0.25149700598802394,0.017964071856287425,0.005988023952095809
0.7109004739336493,0.26066350710900477,0.023696682464454975,0.004739336492890996
0.7434944237918215,0.23048327137546468,0.022304832713754646,0.0037174721189591076
0.7292993630573248,0.2484076433121019,0.012738853503184714,0.009554140127388535
0.7478753541076487,0.22662889518413598,0.014164305949008499,0.0113314447592068
0.7494145199063232,0.2224824355971897,0.01405152224824356,0.01405152224824356
0.7448559670781894,0.21810699588477367,0.01440329218106996,0.02263374485596708
0.7522603978300181,0.2007233273056058,0.014466546112115732,0.0325497287522604
0.7507987220447284,0.2012779552715655,0.012779552715654952,0.03514376996805112
0.7453505007153076,0.19027181688125894,0.015736766809728183,0.04864091559370529
0.7438867438867439,0.18404118404118405,0.014157014157014158,0.05791505791505792
0.7347391786903441,0.18312985571587126,0.01220865704772475,0.06992230854605994
0.7282608695652174,0.16996047430830039,0.010869565217391304,0.09090909090909091
0.7169642857142857,0.1669642857142857,0.011607142857142858,0.10446428571428572
0.7140549273021002,0.1631663974151858,0.015347334410339256,0.1074313408723748
0.7132243684992571,0.15973254086181277,0.01411589895988113,0.11292719167904904
0.708479327259986,0.15557112824106517,0.012613875262789068,0.12333566923615978
0.7034120734908137,0.1489501312335958,0.015748031496062992,0.13188976377952755
0.7051915945611866,0.1433868974042027,0.016069221260815822,0.13535228677379482
0.6945244956772334,0.1440922190201729,0.015561959654178675,0.145821325648415
0.6891163793103449,0.1400862068965517,0.015086206896551725,0.1557112068965517
0.6872062663185379,0.13890339425587467,0.013054830287206266,0.1608355091383812
0.6785894206549118,0.13602015113350127,0.014105793450881612,0.1712846347607053
0.6717557251908397,0.1359732824427481,0.01431297709923664,0.17795801526717558
0.669601482854495,0.1329935125115848,0.014365152919369786,0.1830398517145505
0.6767768220914441,0.12449071978270711,0.016749660479855138,0.18198279764599365
0.6766304347826086,0.11911231884057971,0.018568840579710144,0.18568840579710144
0.6753714542998649,0.11706438541197658,0.01981089599279604,0.18775326429536246
0.6711409395973155,0.12125279642058165,0.02058165548098434,0.18702460850111857
0.676496872207328,0.11706881143878463,0.020554066130473638,0.18588025022341376
0.6788744975435462,0.11790978115230014,0.02456453774006253,0.1786511835640911
0.6740282685512368,0.11484098939929328,0.022968197879858657,0.1881625441696113
0.6718197879858657,0.11307420494699646,0.026501766784452298,0.18860424028268552
0.674469964664311,0.11484098939929328,0.026943462897526502,0.18374558303886926
0.6767676767676768,0.10979358805445762,0.02678963548528766,0.18664909969257795
0.6772039180765805,0.11398040961709706,0.02315227070347284,0.1856634016028495
0.673665791776028,0.11242344706911636,0.024059492563429572,0.18985126859142606
0.6710816777041942,0.11479028697571744,0.026931567328918323,0.18719646799116998
0.6669615214506855,0.11322423706324636,0.0291906236178682,0.19062361786819992
0.6671117044948821,0.11704494882064975,0.030262572318647086,0.1855807743658211
0.6656414762741653,0.11511423550087874,0.03251318101933216,0.18673110720562391
0.6688829787234043,0.11303191489361702,0.030141843971631204,0.1879432624113475
0.6619406291537439,0.11874169251218432,0.027470093043863535,0.19184758529020823
0.6656319290465632,0.11352549889135255,0.027937915742793792,0.19290465631929046
0.66622399291722,0.11642319610447101,0.027888446215139442,0.18946436476316955
0.6672597864768683,0.11120996441281139,0.026690391459074734,0.19483985765124556
0.6705253784505788,0.10997328584149599,0.02804986642920748,0.19145146927871773
0.6735774150860168,0.10542567269519189,0.02867225408028231,0.19232465813850905
0.6724137931034483,0.10610079575596817,0.02961980548187445,0.1918656056587091
0.6735149620366235,0.10540419830281375,0.029030817329164807,0.19205002233139795
0.6737588652482269,0.10593971631205673,0.030141843971631204,0.1901595744680851
0.6740971912617031,0.1043245653143112,0.029870708872046365,0.19170753455193937
0.6772626931567329,0.10154525386313466,0.031346578366445915,0.18984547461368653
0.6791044776119403,0.10052677787532924,0.03292361720807726,0.1874451273046532
0.6712389380530973,0.10044247787610619,0.03274336283185841,0.19557522123893806
0.6801762114537445,0.09515418502202644,0.033480176211453744,0.19118942731277533
0.6823008849557523,0.09336283185840707,0.03008849557522124,0.19424778761061948
0.684373616644533,0.0903054448871182,0.029216467463479414,0.1961044710048694
0.6882247992863515,0.09232827832292596,0.027653880463871544,0.19179304192685104
0.6901718818862935,0.09078889378580873,0.02600264433671221,0.19303657999118554
0.6910460992907801,0.08732269503546099,0.02526595744680851,0.19636524822695037
0.6908768821966342,0.08768821966341896,0.026572187776793623,0.19486271036315322
0.6907953529937444,0.08936550491510277,0.02680965147453083,0.19302949061662197
0.6967285587975243,0.08532272325375774,0.026083112290008842,0.1918656056587091
0.6945551128818062,0.0849933598937583,0.02611775121735281,0.1943337760070828
0.6965305226174792,0.08563899868247694,0.026350461133069828,0.19148001756697408
0.6942366915970084,0.08490981082270127,0.026836779586449627,0.19401671799384074
0.6979627989371124,0.0841452612931798,0.0283436669619132,0.18954827280779452
0.7000887311446318,0.08251996450754215,0.027506654835847383,0.1898846495119787
0.6924101198402131,0.08477585441633377,0.030181979582778518,0.19263204616067467
0.6920369555653322,0.08578970523537176,0.029916410030796304,0.1922569291684998
0.6965944272445821,0.08093763821318001,0.03051747014595312,0.19195046439628483
0.6912218791354212,0.08160564622849581,0.031318923687692984,0.19585355094838994
0.6972639011473963,0.07899382171226832,0.03133274492497794,0.19240953221535745
0.7002640845070423,0.08318661971830986,0.028609154929577465,0.18794014084507044
0.6984265734265734,0.07910839160839161,0.028409090909090908,0.19405594405594406
0.6958259325044405,0.08037300177619894,0.02797513321492007,0.1958259325044405
0.6891651865008881,0.08126110124333925,0.02664298401420959,0.20293072824156305
0.6923076923076923,0.07912087912087912,0.025494505494505496,0.20307692307692307
0.6889676561807709,0.07842268498006202,0.02658396101019052,0.2060256978289765
0.6849800620292423,0.07842268498006202,0.02525476295968099,0.21134249003101463
0.686678352322524,0.0705521472392638,0.025854513584574933,0.21691498685363717
0.6864745011086475,0.07006651884700665,0.026607538802660754,0.21685144124168515
0.6877208480565371,0.07243816254416961,0.026943462897526502,0.21289752650176677
0.688,0.07466666666666667,0.02666666666666667,0.21066666666666667
0.6858523725834798,0.07469244288224956,0.02680140597539543,0.2126537785588752
0.6849073256840247,0.07325684024713151,0.024271844660194174,0.2175639894086496
0.6877453118185782,0.06934147405146097,0.023549934583515047,0.21936327954644572
0.6858661940629154,0.0669029685423128,0.024811696942844484,0.22241914045192734
0.6892130857648099,0.07117595048629531,0.021220159151193633,0.21839080459770116
0.6904024767801857,0.07164971251658558,0.019902697921273773,0.21804511278195488
0.6964757709251101,0.06784140969162995,0.019823788546255508,0.21585903083700442
0.6907308377896613,0.06951871657754011,0.01871657754010695,0.22103386809269163
0.6967827236668136,0.07007492287351257,0.019391802556192154,0.21375055090348172
0.6885245901639344,0.07000443066016837,0.0203810367744794,0.2210899424014178
0.6918294849023091,0.06882770870337478,0.019094138543516874,0.2202486678507993
0.6926464112725671,0.06869220607661823,0.018494055482166448,0.22016732716864817
0.7000887311446318,0.06876663708961846,0.019964507542147295,0.2111801242236025
0.6958831341301461,0.06905710491367861,0.02036299247454626,0.21469676848162905
0.7043941411451398,0.06702174877940524,0.019973368841544607,0.20861074123391035
0.7109649122807018,0.062280701754385964,0.019736842105263157,0.20701754385964913
0.7092355280600973,0.06098099867432612,0.021652673442333185,0.20813079982324348
0.7113082039911308,0.06385809312638581,0.023059866962305987,0.2017738359201774
0.7105841018884497,0.06236275801493193,0.025472112428634168,0.2015810276679842
0.7082965578111209,0.06884377758164166,0.024271844660194174,0.19858781994704325
0.7145374449339207,0.06696035242290749,0.024229074889867842,0.19427312775330396
0.7168299198575245,0.06634016028495103,0.023597506678539625,0.19323241317898487
0.7182100132919805,0.06601683650863979,0.02303943287549845,0.19273371732388125
0.7231313578062805,0.0659000442282176,0.023883237505528527,0.18708536045997345
0.7222711267605634,0.061179577464788734,0.025528169014084508,0.19102112676056338
0.7201062887511072,0.06465899025686449,0.023914968999114262,0.1913197519929141
0.718942731277533,0.06343612334801763,0.02290748898678414,0.1947136563876652
0.7197003085059498,0.06522697223446453,0.021595416483032173,0.19347730277655356
0.7233480176211454,0.06607929515418502,0.02158590308370044,0.18898678414096917
0.7186813186813187,0.06505494505494505,0.02241758241758242,0.19384615384615383
0.7226148409893993,0.060954063604240286,0.02429328621908127,0.19213780918727916
0.724076546506453,0.060970182465509566,0.024922118380062305,0.19003115264797507
0.7272727272727273,0.06518847006651884,0.024390243902439025,0.18314855875831484
0.7305151915455746,0.06296785557023338,0.024218405988551298,0.18229854689564068
0.7300177619893428,0.0630550621669627,0.02486678507992895,0.18206039076376554
0.7258771929824561,0.06710526315789474,0.02324561403508772,0.1837719298245614
0.7276746242263483,0.06852343059239611,0.022104332449160036,0.1816976127320955
0.7285966460723742,0.06707855251544571,0.02294792586054722,0.18137687555163284
0.7273924495171202,0.06892010535557506,0.023266022827041263,0.1804214223002634
0.7308882015024304,0.0684931506849315,0.023862129916040652,0.17675651789659744
0.728202846975089,0.0711743772241993,0.022686832740213523,0.17793594306049823
0.7371428571428571,0.07120879120879121,0.02241758241758242,0.16923076923076924
0.7343680709534368,0.07184035476718403,0.02350332594235033,0.17028824833702882
0.7368881118881119,0.06993006993006994,0.022727272727272728,0.17045454545454544
0.7354497354497355,0.0736331569664903,0.02292768959435626,0.167989417989418
0.7371202113606341,0.07309555261999119,0.024218405988551298,0.16556583003082342
0.7362152624614028,0.07234230260255844,0.02337891486546096,0.16806352007057784
0.739938080495356,0.07120743034055728,0.020787262273330383,0.16806722689075632
0.7388619320688135,0.07234230260255844,0.022055580061755623,0.1667401852668725
0.7405119152691968,0.07193292144748456,0.02118270079435128,0.16637246248896734
0.7397622192866579,0.06957287538529282,0.02289740202553941,0.16776750330250992
0.739830129637908,0.06705409029950828,0.023692445239159587,0.16942333482342423
0.7404647084612013,0.06707584392810172,0.027181060938185005,0.16527838667251205
0.7431355181576617,0.06510186005314438,0.027015057573073518,0.16474756421612047
0.7480106100795756,0.06763925729442971,0.02564102564102564,0.15870910698496907
0.7451584507042254,0.0664612676056338,0.025088028169014086,0.16329225352112675
0.7474791758000877,0.06839105655414292,0.022797018851380975,0.16133274879438841
0.7481119502443359,0.0693025322079076,0.02265659706796979,0.15992892047978677
0.7480280455740579,0.06748466257668712,0.024101665205959685,0.16038562664329536
0.7447183098591549,0.06778169014084508,0.025088028169014086,0.1624119718309859
0.7389010989010989,0.07076923076923076,0.027252747252747254,0.16307692307692306
0.7412126537785588,0.06634446397188049,0.02899824253075571,0.1634446397188049
0.7397622192866579,0.06825187142228094,0.029502421840598855,0.16248348745046234
0.7418213969938108,0.06984969053934571,0.028293545534924844,0.16003536693191867
0.736981465136805,0.06796116504854369,0.028684907325684024,0.16637246248896734
0.7419638925583444,0.06781153676794363,0.028621752531924262,0.16160281814178776
0.747791519434629,0.06802120141342756,0.02871024734982332,0.15547703180212014
0.7504409171075838,0.06613756613756613,0.029982363315696647,0.15343915343915343
0.7507733097657976,0.0618647812638091,0.03137428192664605,0.15598762704374725
0.7550660792951542,0.057709251101321586,0.02907488986784141,0.1581497797356828
0.7559366754617414,0.06068601583113457,0.027264731750219876,0.15611257695690414
0.7612137203166227,0.055848724714160074,0.029023746701846966,0.15391380826737028
0.762593079281647,0.05300043802014893,0.02847130968024529,0.15593517301795884
0.7682819383259912,0.051541850220264314,0.03039647577092511,0.14977973568281938
0.7649955237242614,0.051029543419874666,0.02999104744852283,0.1539838854073411
0.7697397441552712,0.0529333921482135,0.027790030877812087,0.14953683281870314
0.7724890829694323,0.05109170305676856,0.02794759825327511,0.14847161572052403
0.7674624226348364,0.052166224580017684,0.028735632183908046,0.15163572060123784
0.7688888888888888,0.052444444444444446,0.02711111111111111,0.15155555555555555
0.768859649122807,0.04956140350877193,0.02587719298245614,0.15570175438596492
0.7679895333624073,0.0510248582642826,0.026602703881378108,0.15438290449193195
0.7722859664607238,0.05339805825242718,0.02471315092674316,0.1496028243601059
0.769162605228179,0.05316792202038104,0.02259636685866194,0.15507310589277803
0.7730088495575221,0.050442477876106194,0.02079646017699115,0.15575221238938053
0.7727873183619551,0.05019815059445178,0.022457067371202115,0.154557463672391
0.7754650132860939,0.05093002657218778,0.023472099202834367,0.15013286093888398
0.7805200528867342,0.05200528867342442,0.021595416483032173,0.14587924195680918
0.777826660800704,0.05499340079190497,0.020237571491421028,0.1469423669159701
0.7721854304635761,0.05562913907284768,0.023399558498896248,0.1487858719646799
0.7773851590106007,0.053003533568904596,0.02517667844522968,0.14443462897526502
0.7777288732394366,0.0528169014084507,0.02420774647887324,0.14524647887323944
0.7775330396475771,0.05066079295154185,0.025110132158590308,0.14669603524229075
0.7848939929328622,0.05079505300353357,0.022084805653710248,0.142226148409894
0.7844097995545657,0.05077951002227171,0.021380846325167038,0.14342984409799556
0.7735596248325145,0.052702099151406875,0.023671281822242072,0.15006699419383654
0.7767857142857143,0.049107142857142856,0.02544642857142857,0.14866071428571428
0.778764993336295,0.04797867614393603,0.024877832074633496,0.14837849844513548
0.7776304155614501,0.04553492484526967,0.026525198938992044,0.15030946065428824
0.7768448961555457,0.04595669465311533,0.027839151568714096,0.14935925762262484
0.778652668416448,0.045931758530183726,0.027559055118110236,0.14785651793525809
0.7869068541300527,0.043936731107205626,0.025483304042179262,0.14367311072056238
0.7849223946784922,0.04478935698447894,0.02350332594235033,0.1467849223946785
0.7797961896322552,0.0460788657509969,0.02259636685866194,0.15152857775808595
0.7840354767184036,0.04478935698447894,0.021729490022172948,0.14944567627494457
0.7854001759014951,0.04793315743183817,0.023746701846965697,0.14291996481970096
0.7849934181658622,0.049583150504607286,0.025449758666081616,0.13997367266344887
0.7906566769501984,0.04671661524900837,0.0251211987659762,0.1375055090348171
0.789942145082332,0.04539385847797063,0.0258121940364931,0.13885180240320427
0.7924276169265033,0.04721603563474387,0.024498886414253896,0.1358574610244989
0.7948268303375713,0.04603244191144235,0.022797018851380975,0.13634370889960543
0.7871681415929204,0.04911504424778761,0.023008849557522124,0.1407079646017699
0.7856829161176987,0.04962670180061485,0.023715415019762844,0.14097496706192358
0.7851753217931646,0.05059920106524634,0.02574345317354638,0.1384820239680426
0.7838196286472149,0.05172413793103448,0.027851458885941646,0.13660477453580902
0.7861915367483296,0.05033407572383074,0.028507795100222718,0.13496659242761694
0.7849321068769164,0.05168637757336837,0.02715724923346474,0.13622426631625054
0.7834870443566095,0.05138339920948617,0.025911286780852,0.13921826965305226
0.7910512597741095,0.04778453518679409,0.02432667245873154,0.1368375325803649
0.7906458797327395,0.047661469933184854,0.024498886414253896,0.13719376391982183
0.7872807017543859,0.04692982456140351,0.02368421052631579,0.14210526315789473
0.7919049714034316,0.0475142982842059,0.024197096348438186,0.13638363396392433
0.7900043840420868,0.042525208241999124,0.02761946514686541,0.13985094256904868
0.7817213842058562,0.04214729370008873,0.030168589174800354,0.14596273291925466
0.7865367581930912,0.04162976085031001,0.03100088573959256,0.1408325952170062
0.7821650399290151,0.0417036379769299,0.030168589174800354,0.14596273291925466
0.7865665046398586,0.04021210782147592,0.027839151568714096,0.1453822359699514
0.788041053101294,0.04239178937974119,0.026327532351628737,0.14323962516733602
0.7948831054256726,0.038376709307454786,0.02646669607410675,0.14027348919276578
0.7933774834437086,0.040176600441501106,0.024282560706401765,0.1421633554083885
0.7913005272407733,0.040421792618629174,0.02460456942003515,0.14367311072056238
0.7933304080737166,0.03861342694164107,0.02676612549363756,0.14129003949100483
0.7927369353410098,0.038529672276350756,0.026572187776793623,0.1421612046058459
0.7925696594427245,0.04201680672268908,0.02476780185758514,0.14064573197700134
0.7934397163120568,0.04299645390070922,0.023936170212765957,0.13962765957446807
0.7901726427622842,0.043824701195219126,0.023461708720672863,0.14254094732182382
0.7898901098901099,0.04483516483516484,0.023296703296703296,0.14197802197802198
0.7941567065073041,0.045595396193005754,0.021691013722886232,0.1385568835768039
0.791758972086841,0.046964997784669914,0.021267168808152416,0.14000886132033674
0.7938189845474614,0.046799116997792496,0.023399558498896248,0.13598233995584988
0.7853380158033363,0.04784899034240562,0.02370500438981563,0.1431079894644425
0.7889182058047494,0.047053649956024624,0.022867194371152155,0.14116094986807387
0.7867614393602843,0.050199911150599734,0.020435362061306087,0.14260328742780987
0.7901016349977905,0.049491825011047284,0.021652673442333185,0.13875386654882899
0.7860300618921309,0.05172413793103448,0.022988505747126436,0.13925729442970822
0.7905944986690329,0.05013309671694765,0.022626441881100266,0.13664596273291926
0.789079700572435,0.05107881990312638,0.022457067371202115,0.13738441215323646
0.7892635314995563,0.05013309671694765,0.022182786157941437,0.13842058562555457
0.7902869757174393,0.05077262693156733,0.019867549668874173,0.1390728476821192
0.7915194346289752,0.054770318021201414,0.0176678445229682,0.13604240282685512
0.7912813738441216,0.05548216644649934,0.01805372082782915,0.13518273888154997
0.7972370766488414,0.05525846702317291,0.016488413547237075,0.13101604278074866
0.7996438112199465,0.05209260908281389,0.017364203027604632,0.13089937666963491
0.7939233817701453,0.05063848524878908,0.020695728753852928,0.13474240422721268
0.7928321678321678,0.049825174825174824,0.02097902097902098,0.13636363636363635
0.7893805309734513,0.05176991150442478,0.022123893805309734,0.13672566371681416
0.7894039735099337,0.052980132450331126,0.024724061810154525,0.13289183222958056
0.7904636920384952,0.050306211723534555,0.023184601924759404,0.13604549431321084
0.7923951048951049,0.04589160839160839,0.022290209790209792,0.13942307692307693
0.7915367483296214,0.0467706013363029,0.02093541202672606,0.14075723830734965
0.791907514450867,0.04357492218763895,0.020453534904401955,0.14406402845709204
0.7848658161020677,0.044434667839859214,0.019797624285085788,0.15090189177298724
0.7875054993400792,0.044434667839859214,0.020237571491421028,0.14782226132864057
0.7908930150309461,0.04597701149425287,0.021220159151193633,0.1419098143236074
0.7927848658161021,0.04575450945886494,0.02155741311042675,0.13990321161460625
0.8069395017793595,0.045373665480427046,0.021352313167259787,0.12633451957295375
0.8065807025344598,0.046242774566473986,0.021787461093819474,0.12538906180524678
0.8110720562390158,0.04657293497363796,0.021528998242530756,0.12082601054481547
0.8147321428571429,0.04241071428571429,0.02142857142857143,0.12142857142857143
0.8185053380782918,0.04359430604982206,0.02179715302491103,0.11610320284697509
0.8207505518763797,0.045474613686534215,0.022958057395143488,0.11081677704194261
0.8190730837789661,0.04500891265597148,0.023172905525846704,0.11274509803921569
0.8208168642951251,0.04391743522178305,0.022837066315327184,0.11242863416776461
0.822400713966979,0.04194556001784917,0.02320392681838465,0.11244979919678715
0.8261253309796999,0.03662842012356576,0.02030008826125331,0.11694616063548102
0.8280701754385965,0.03464912280701754,0.021052631578947368,0.1162280701754386
0.8238387379491674,0.03724802804557406,0.024539877300613498,0.11437335670464505
0.8150594451783355,0.04051078819903126,0.023778071334214,0.1206516952884192
0.8096931969764339,0.04046242774566474,0.022232103156958647,0.12761227212094264
0.8100929614873837,0.04161133244798584,0.02213368747233289,0.12616201859229748
0.8117854001759015,0.04177660510114336,0.020228671943711522,0.12620932277924363
0.8105824811027124,0.0426856380613606,0.021787461093819474,0.1249444197421076
0.8129464285714286,0.044642857142857144,0.020535714285714286,0.121875
0.8161073825503355,0.042953020134228186,0.020134228187919462,0.12080536912751678
0.8137777777777778,0.04533333333333334,0.02,0.12088888888888889
0.8112874779541446,0.04585537918871252,0.022486772486772486,0.12037037037037036
0.8088752196836555,0.04481546572934974,0.021528998242530756,0.12478031634446397
0.8080495356037152,0.043343653250773995,0.020344980097302078,0.12826183104820876
0.8124168514412416,0.042572062084257206,0.020842572062084258,0.12416851441241686
0.810703228659885,0.042459088898717384,0.02344095532950022,0.12339672711189739
0.8069787985865724,0.044169611307420496,0.024734982332155476,0.12411660777385158
0.8065661047027507,0.04480922803904171,0.024401064773735583,0.12422360248447205
0.8043859649122806,0.046052631578947366,0.02543859649122807,0.12412280701754386
0.8013100436681223,0.04890829694323144,0.027510917030567687,0.1222707423580786
0.799203892083149,0.0513047324192835,0.02786377708978328,0.12162759840778417
0.8003518029903254,0.051011433597185574,0.028144239226033423,0.12049252418645559
0.7975978647686833,0.05382562277580071,0.028469750889679714,0.1201067615658363
0.8025505716798593,0.052330694810905895,0.025945470536499562,0.11917326297273527
0.7976137870083959,0.052585064074237735,0.02695536897923111,0.12284577993813522
0.8044052863436123,0.051541850220264314,0.026872246696035242,0.1171806167400881
0.8007968127490039,0.05223550243470562,0.027888446215139442,0.11907923860115095
0.7972614840989399,0.05167844522968198,0.02782685512367491,0.12323321554770318
0.799469964664311,0.053886925795053005,0.026501766784452298,0.12014134275618374
0.8025789239662072,0.0493552690084482,0.028012449977767896,0.1200533570475767
0.8103220114689016,0.04631671812968681,0.02690780767534186,0.1164534627260697
0.8010517090271692,0.04688869412795793,0.025854513584574933,0.12620508326029797
0.8034528552456839,0.044710048694112436,0.02877379371403276,0.12306330234617087
0.8009730207872623,0.04555506413091552,0.029632905793896505,0.1238390092879257
0.8044052863436123,0.04361233480176212,0.028193832599118944,0.1237885462555066
0.8069087688219664,0.042515500442869794,0.02745792736935341,0.12311780336581045
0.8047153024911032,0.042704626334519574,0.027135231316725978,0.12544483985765126
0.8073516386182462,0.04074402125775022,0.025686448184233834,0.1262178919397697
0.8092307692307692,0.04087912087912088,0.025054945054945054,0.12483516483516484
0.8116197183098591,0.03917253521126761,0.026848591549295774,0.12235915492957747
0.8102836879432624,0.03856382978723404,0.0274822695035461,0.12367021276595745
0.8125824901011879,0.03783545974483062,0.029476462824461064,0.12010558732952045
0.8149955634427685,0.03593611357586513,0.027950310559006212,0.12111801242236025
0.8148964301454386,0.03437637725870427,0.02864698104892023,0.12208021154693698
0.8158590308370044,0.03524229074889868,0.02907488986784141,0.1198237885462555
0.810703228659885,0.03361344537815126,0.029632905793896505,0.12605042016806722
0.8071491615180936,0.0353045013239188,0.028684907325684024,0.12886142983230361
0.8087649402390438,0.035856573705179286,0.03054448871181939,0.1248339973439575
0.8072601555747623,0.0341400172860847,0.029818496110630942,0.12878133102852204
0.8060363959165557,0.037283621837549935,0.031069684864624945,0.12561029738126941
0.8093126385809313,0.038580931263858094,0.03015521064301552,0.12195121951219512
0.8124180148666376,0.03979011805859204,0.027984258854394404,0.11980760822037603
0.8162637362637363,0.04131868131868132,0.027252747252747254,0.11516483516483517
0.8139841688654353,0.0426561125769569,0.028583992963940194,0.11477572559366754
0.8174291938997821,0.04183006535947712,0.02832244008714597,0.11241830065359477
0.8188245691559877,0.038886433937251434,0.028722934158197082,0.11356606274856386
0.8173836698858647,0.04258121158911326,0.030728709394205442,0.1093064091308165
0.8206926786497151,0.041209995615957916,0.028496273564226217,0.10960105217010083
0.8268059181897301,0.04003481288076589,0.02741514360313316,0.10574412532637076
0.8258967629046369,0.0389326334208224,0.02668416447944007,0.1084864391951006
0.8237615081104779,0.03814116615519509,0.026742656729504603,0.11135466900482245
0.8174603174603174,0.040123456790123455,0.026895943562610228,0.11552028218694885
0.8187031318923688,0.04014115571239524,0.0282311424790472,0.1129245699161888
0.8137472283813747,0.042572062084257206,0.028381374722838137,0.11529933481152993
0.8159645232815964,0.04301552106430155,0.025720620842572064,0.11529933481152993
0.8147826086956522,0.043478260869565216,0.025652173913043478,0.11608695652173913
0.8191536748329621,0.04320712694877506,0.024944320712694878,0.11269487750556793
0.8218166014776185,0.042590178183398525,0.02607561929595828,0.10951760104302477
0.8187056737588653,0.04521276595744681,0.027039007092198582,0.10904255319148937
0.8238434163701067,0.04359430604982206,0.026690391459074734,0.10587188612099645
0.8309859154929577,0.04181338028169014,0.025528169014084508,0.10167253521126761
0.8381834215167548,0.03880070546737213,0.02601410934744268,0.09700176366843033
0.834375,0.04241071428571429,0.024553571428571428,0.09866071428571428
0.8309982486865148,0.043345008756567424,0.025394045534150613,0.10026269702276708
0.8260292164674635,0.0451527224435591,0.02478972996901284,0.10402833111996458
0.8272968197879859,0.04549469964664311,0.024734982332155476,0.10247349823321555
0.8281527531083481,0.044849023090586145,0.021758436944937832,0.10523978685612789
0.8261449533125834,0.044019564250778125,0.023121387283236993,0.10671409515340151
0.8264536173990236,0.0461606746560142,0.022636484687083888,0.10474922325787839
0.8292576419213974,0.04279475982532751,0.021397379912663755,0.10655021834061135
0.8256840247131509,0.047219770520741396,0.022506619593998235,0.10458958517210945
0.8251101321585903,0.046255506607929514,0.024229074889867842,0.10440528634361233
0.8253968253968254,0.047619047619047616,0.02513227513227513,0.10185185185185185
0.825764192139738,0.04847161572052402,0.028384279475982533,0.09737991266375545
0.8266431407146008,0.04764005293339215,0.02690780767534186,0.09880899867666519
0.8217602830605927,0.04820875718708536,0.027421494913754976,0.102609464838567
0.8239716939407342,0.04820875718708536,0.027421494913754976,0.10039805395842548
0.8174955595026643,0.05284191829484902,0.02975133214920071,0.09991119005328597
0.821113074204947,0.053886925795053005,0.02782685512367491,0.09717314487632508
0.8261061946902655,0.05353982300884956,0.02743362831858407,0.09292035398230089
0.8266431407146008,0.05161005734450816,0.02867225408028231,0.09307454786060873
0.8280701754385965,0.04956140350877193,0.031140350877192982,0.0912280701754386
0.8269145639663568,0.05267817618415228,0.03231518370960602,0.0880920761398849
0.8233480176211454,0.053744493392070485,0.033920704845814977,0.08898678414096917
0.8228070175438597,0.05263157894736842,0.03333333333333333,0.0912280701754386
0.8263919333625602,0.04910127137220517,0.033757124068391056,0.09074967119684349
0.8273888154997798,0.047556142668428,0.03302509907529723,0.09202994275649494
0.8213969938107869,0.04774535809018567,0.03404067197170645,0.09681697612732096
0.8259144997796386,0.045394446892904367,0.03217276333186426,0.09651828999559277
0.8252904378909741,0.044682752457551385,0.03351206434316354,0.09651474530831099
0.8278145695364238,0.04415011037527594,0.032671081677704196,0.09536423841059603
0.8361879666227492,0.04216073781291173,0.027228809837505488,0.09442248572683355
0.8344459279038718,0.04138851802403204,0.028037383177570093,0.09612817089452604
0.8390350877192982,0.04035087719298246,0.02368421052631579,0.0969298245614035
0.836961350510884,0.043980453131941356,0.023989338071968014,0.09506885828520657
0.8342882327016307,0.04627589246364037,0.024239753195240195,0.09519612163948876
0.8376824413976117,0.04732419283502875,0.022556390977443608,0.09243697478991597
0.8395225464190982,0.04553492484526967,0.021220159151193633,0.09372236958443855
0.8403508771929824,0.04473684210526316,0.02236842105263158,0.0925438596491228
0.8385256691531373,0.04475647213690215,0.02413339183852567,0.09258446687143485
0.8413672217353199,0.04119193689745837,0.024539877300613498,0.09290096406660824
0.8356043956043956,0.041758241758241756,0.022857142857142857,0.09978021978021978
0.8362107127047366,0.04293935369632581,0.02478972996901284,0.09606020362992475
0.8288367978770456,0.04599734630694383,0.02476780185758514,0.10039805395842548
0.8331143232588699,0.045992115637319315,0.026281208935611037,0.09461235216819974
0.8285968028419183,0.04573712255772647,0.025310834813499113,0.10035523978685613
0.8287971905179983,0.043459174714661986,0.0276558384547849,0.10008779631255488
0.8258771929824561,0.043859649122807015,0.027192982456140352,0.10307017543859649
0.8321554770318021,0.04372791519434629,0.02561837455830389,0.09849823321554771
0.8382288469969311,0.04208680403331872,0.024112231477422183,0.09557211749232793
0.8394415357766143,0.04493891797556719,0.02225130890052356,0.09336823734729494
0.8425925925925926,0.046296296296296294,0.022486772486772486,0.08862433862433862
0.8395006687472135,0.04681230494872938,0.0231832367365136,0.09050378956754347
0.838680926916221,0.04679144385026738,0.02406417112299465,0.09046345811051694
0.8366622281402575,0.04571682201509099,0.0230803373280071,0.09454061251664447
0.8407587119541244,0.043228936921041024,0.02293780326422585,0.09307454786060873
0.8452380952380952,0.041005291005291,0.023368606701940034,0.09038800705467372
0.8425266903914591,0.04181494661921708,0.025800711743772242,0.0898576512455516
0.8437775816416593,0.04236540158870256,0.0264783759929391,0.08737864077669903
0.8389679715302492,0.04359430604982206,0.027135231316725978,0.09030249110320285
0.842316258351893,0.044097995545657014,0.026280623608017816,0.08730512249443208
0.8400525854513584,0.04294478527607362,0.028045574057843997,0.08895705521472393
0.8370565045992115,0.04336399474375821,0.029785370127025843,0.08979413053000437
0.8399646330680813,0.04420866489832007,0.03050397877984085,0.08532272325375774
0.8437361664453298,0.04161133244798584,0.029659141212926073,0.0849933598937583
0.8434053815615351,0.04014115571239524,0.029113365681517425,0.08734009704455227
0.8420820467578297,0.04278782531980591,0.027348919276576972,0.08778120864578738
0.8363954505686789,0.04286964129483815,0.030183727034120734,0.09055118110236221
0.8395769061260467,0.04363155575143235,0.02908770383428823,0.0877038342882327
0.8433362753751104,0.04236540158870256,0.02736098852603707,0.08693733451015004
0.8376940133037694,0.04656319290465632,0.025720620842572064,0.09002217294900222
0.8373764600179695,0.04537286612758311,0.02425876010781671,0.09299191374663072
0.835387323943662,0.04357394366197183,0.023767605633802816,0.09727112676056338
0.8440648269820412,0.03898379325448971,0.023653088042049936,0.09329829172141918
0.8483913618334068,0.0379021595416483,0.02247686205376818,0.09122961657117673
0.8467670504871567,0.03720106288751107,0.022143489813994686,0.09388839681133747
0.842268498006203,0.03810367744793974,0.022153300841825433,0.0974745237040319
0.8410683012259195,0.04159369527145359,0.021015761821366025,0.09632224168126094
0.8421052631578947,0.04157452454666077,0.022556390977443608,0.09376382131800089
0.8454746136865342,0.0423841059602649,0.02384105960264901,0.08830022075055188
0.8434163701067615,0.04314946619217082,0.02402135231316726,0.08941281138790036
0.8435704816615113,0.044631020768890854,0.023862129916040652,0.08793636765355722
0.8437638703950289,0.04349755881047492,0.022636484687083888,0.09010208610741234
0.840649692712906,0.0456540825285338,0.022388059701492536,0.0913081650570676
0.8424081451969898,0.045595396193005754,0.023019034971226208,0.08897742363877822
0.8409986859395532,0.045116075339465614,0.022339027595269383,0.09154621112571178
0.8354092526690391,0.04759786476868327,0.022686832740213523,0.09430604982206406
0.8378378378378378,0.04652193176783341,0.023925564909171467,0.09171466548515729
0.8366900175131349,0.04816112084063047,0.023642732049036778,0.0915061295971979
0.8385531539479488,0.048963387737097484,0.022496691662990738,0.08998676665196295
0.8421052631578947,0.04780701754385965,0.0206140350877193,0.08947368421052632
0.8440812720848057,0.045936395759717315,0.019434628975265017,0.09054770318021202
0.8477876106194691,0.04424778761061947,0.020353982300884955,0.08761061946902655
0.8426619656236227,0.04627589246364037,0.022036139268400177,0.08902600264433672
0.8381706244503079,0.04661389621811785,0.02198768689533861,0.0932277924362357
0.8379690949227373,0.04415011037527594,0.022958057395143488,0.09492273730684327
0.8379937860630271,0.04571682201509099,0.022192632046160676,0.09409675987572126
0.83568281938326,0.046255506607929514,0.02378854625550661,0.09427312775330396
0.8281938325991189,0.04757709251101322,0.024669603524229075,0.09955947136563877
0.8291830493665356,0.048055919615552646,0.02490170380078637,0.09785932721712538
0.8255915863277826,0.049079754601226995,0.02497808939526731,0.10035056967572305
0.8278291501541172,0.0488771466314399,0.024218405988551298,0.09907529722589167
0.8303886925795053,0.04726148409893993,0.023851590106007067,0.09849823321554771
0.8313465783664459,0.04900662251655629,0.025165562913907286,0.09448123620309051
0.827525363917071,0.05205116894574327,0.025143361270401413,0.0952801058667843
0.8264499121265377,0.05272407732864675,0.025483304042179262,0.09534270650263621
0.825303917154435,0.053579468707789284,0.027915353444394417,0.09320126069338136
0.8281802120141343,0.05123674911660778,0.029151943462897525,0.09143109540636042
0.8282073813708261,0.05184534270650264,0.02899824253075571,0.09094903339191564
0.827846975088968,0.05338078291814947,0.026690391459074734,0.09208185053380782
0.830238726790451,0.052166224580017684,0.02431476569407604,0.09328028293545534
0.8356164383561644,0.049491825011047284,0.022978347326557666,0.09191338930623066
0.8354430379746836,0.05106940200785683,0.02182453077258839,0.09166302924487124
0.8353148392778512,0.05195948921180097,0.02025539409951563,0.09247027741083223
0.8344341699691765,0.052840158520475564,0.01805372082782915,0.09467195068251871
0.8325253415601587,0.05509034817100044,0.01762891141472014,0.09475539885412076
0.8276315789473684,0.05394736842105263,0.018859649122807017,0.09956140350877193
0.8277236492471214,0.05535872453498671,0.01771479185119575,0.09920283436669619
0.8358996920369556,0.05279366476022877,0.01583809942806863,0.09546854377474703
0.837322695035461,0.050975177304964536,0.015070921985815602,0.09663120567375887
0.8417298261257244,0.05349977708426215,0.014712438698172091,0.09005795809184128
0.8452696728558797,0.05083996463306808,0.015030946065428824,0.08885941644562334
0.8430851063829787,0.05230496453900709,0.015957446808510637,0.08865248226950355
0.8447508896797153,0.052935943060498224,0.015569395017793594,0.08674377224199288
0.8459147424511545,0.05017761989342807,0.014209591474245116,0.08969804618117229
0.8421750663129973,0.050397877984084884,0.017241379310344827,0.09018567639257294
0.8445135495335406,0.050199911150599734,0.0173256330519769,0.08796090626388271
0.8431458699472759,0.05008787346221441,0.018014059753954304,0.08875219683655536
0.8429824561403508,0.05043859649122807,0.017543859649122806,0.08903508771929824
0.841506129597198,0.05166374781085814,0.017075306479859893,0.08975481611208407
0.8393485915492958,0.0488556338028169,0.018045774647887324,0.09375
0.844612644701692,0.047640249332146035,0.018699910952804988,0.08904719501335707
0.8448729184925504,0.04645048203330412,0.01971954425942156,0.08895705521472393
0.8426418439716312,0.047872340425531915,0.022606382978723406,0.08687943262411348
0.8400525854513584,0.04995617879053462,0.022787028921998246,0.08720420683610867
0.8404907975460123,0.049079754601226995,0.022787028921998246,0.0876424189307625
0.8434321096859797,0.04909332153914197,0.022114108801415303,0.08536045997346307
0.8460526315789474,0.0456140350877193,0.02236842105263158,0.08596491228070176
0.8491071428571428,0.04375,0.020089285714285716,0.08705357142857142
0.8457142857142858,0.04527472527472527,0.02065934065934066,0.08835164835164835
0.8506867523260966,0.04474966770048737,0.01993797075764289,0.08462560921577315
0.8523076923076923,0.04395604395604396,0.018901098901098902,0.08483516483516483
0.8533916849015317,0.04201312910284464,0.01925601750547046,0.08533916849015317
0.8575186321788689,0.04077159140727751,0.02104340201665936,0.08066637439719421
0.8594235033259423,0.03813747228381375,0.01951219512195122,0.08292682926829269
0.8609649122807017,0.03684210526315789,0.01929824561403509,0.08289473684210526
0.8646384479717814,0.037037037037037035,0.017195767195767195,0.08112874779541446
0.8638166593212869,0.03613926840017629,0.01895107977082415,0.08109299250771265
0.8638373121131742,0.03669319186560566,0.019451812555260833,0.08001768346595933
0.8684557853057633,0.0365156181258249,0.01715794104707435,0.07787065552133744
0.8690685413005272,0.033391915641476276,0.018892794376098417,0.07864674868189807
0.870026525198939,0.03536693191865606,0.019451812555260833,0.07515473032714412
0.8712087912087912,0.03296703296703297,0.02065934065934066,0.07516483516483516
0.8705985915492958,0.035651408450704226,0.016725352112676055,0.07702464788732394
0.8663453111305872,0.03549517966695881,0.017528483786152498,0.08063102541630149
0.8655126498002663,0.03683976919662672,0.017310252996005325,0.08033732800710164
0.8656849620705043,0.037037037037037035,0.019187862561356538,0.07809013833110219
0.8660518225735617,0.03689064558629776,0.020202020202020204,0.07685551163812034
0.8641758241758242,0.04043956043956044,0.02021978021978022,0.07516483516483516
0.866637323943662,0.03829225352112676,0.019806338028169015,0.07526408450704225
0.8661311914323963,0.03614457831325301,0.01963409192324855,0.07809013833110219
0.8723498233215548,0.03356890459363958,0.022526501766784453,0.0715547703180212
0.8715555555555555,0.034666666666666665,0.020444444444444446,0.07333333333333333
0.8708827404479579,0.033816425120772944,0.021958717610891524,0.0733421168203777
0.8763748350197976,0.032116146062472505,0.02243730752309723,0.06907171139463264
0.8752764263600177,0.03051747014595312,0.022998673153471916,0.07120743034055728
0.8759415152857776,0.02968542312804608,0.02303943287549845,0.07133362871067789
0.8785620341955283,0.030688294607628234,0.021920210434020166,0.06882946076282333
