R,A,S,N
0.0,0.0,1.0,0.0
0.0,0.0,1.0,0.0
0.0,0.0,0.6,0.4
0.1111111111111111,0.0,0.4444444444444444,0.4444444444444444
0.18181818181818182,0.0,0.45454545454545453,0.36363636363636365
0.13333333333333333,0.0,0.4666666666666667,0.4
0.14285714285714285,0.0,0.42857142857142855,0.42857142857142855
0.22580645161290322,0.0,0.3870967741935484,0.3870967741935484
0.32558139534883723,0.0,0.3023255813953488,0.37209302325581395
0.3389830508474576,0.0,0.288135593220339,0.3728813559322034
0.358974358974359,0.01282051282051282,0.24358974358974358,0.38461538461538464
0.3229166666666667,0.020833333333333332,0.25,0.40625
0.31896551724137934,0.017241379310344827,0.21551724137931033,0.4482758620689655
0.33093525179856115,0.014388489208633094,0.2014388489208633,0.45323741007194246
0.3430232558139535,0.01744186046511628,0.1744186046511628,0.46511627906976744
0.32653061224489793,0.025510204081632654,0.14285714285714285,0.5051020408163265
0.3288888888888889,0.02666666666666667,0.1288888888888889,0.5155555555555555
0.35271317829457366,0.027131782945736434,0.13178294573643412,0.4883720930232558
0.33986928104575165,0.042483660130718956,0.14052287581699346,0.477124183006536
0.34065934065934067,0.0521978021978022,0.14560439560439561,0.46153846153846156
0.35714285714285715,0.06666666666666667,0.1357142857142857,0.44047619047619047
0.34177215189873417,0.07805907172995781,0.13924050632911392,0.4409282700421941
0.3619402985074627,0.08768656716417911,0.13059701492537312,0.4197761194029851
0.3756345177664975,0.09983079526226735,0.12351945854483926,0.4010152284263959
0.37237237237237236,0.1111111111111111,0.12612612612612611,0.39039039039039036
0.3791208791208791,0.11675824175824176,0.11950549450549451,0.38461538461538464
0.37982565379825656,0.12204234122042341,0.12204234122042341,0.37608966376089664
0.3827859569648924,0.12797281993204984,0.1143827859569649,0.37485843714609285
0.38134715025906735,0.14196891191709846,0.10880829015544041,0.36787564766839376
0.3797348484848485,0.15056818181818182,0.10795454545454546,0.36174242424242425
0.37533039647577093,0.15506607929515417,0.11365638766519824,0.35594713656387666
0.3694581280788177,0.16584564860426929,0.11247947454844007,0.3522167487684729
0.3668683812405446,0.17322239031770045,0.11649016641452345,0.3434190620272315
0.36330935251798563,0.17697841726618704,0.11870503597122302,0.3410071942446043
0.35935397039030953,0.18304172274562583,0.11776581426648722,0.33983849259757737
0.3640992998090388,0.18714194780394652,0.11648631444939529,0.33227243793761935
0.37264437689969604,0.1878419452887538,0.11610942249240122,0.32340425531914896
0.3690888119953864,0.19319492502883506,0.11937716262975778,0.31833910034602075
0.3775055679287305,0.18541202672605792,0.11804008908685969,0.3190423162583519
0.36864633493846977,0.19315141787051898,0.11771000535045478,0.32049224184055647
0.3770746887966805,0.1924273858921162,0.11825726141078838,0.31224066390041494
0.37613751263902934,0.19464105156723963,0.11880687563195147,0.3104145601617796
0.3776223776223776,0.19480519480519481,0.11938061938061938,0.3081918081918082
0.3803230543318649,0.1943220753793441,0.11845325501713166,0.3069016152716593
0.3778957528957529,0.20366795366795368,0.12017374517374517,0.2982625482625483
0.3748211731044349,0.20076299475441106,0.12494039103481164,0.2994754411063424
0.371996303142329,0.19916820702402957,0.12707948243992606,0.30175600739371533
0.37415273384545866,0.20108450067781292,0.13014008133755084,0.2946226841391776
0.3710919800634345,0.19845944721341188,0.13457181694608064,0.29587675577707295
0.36668175645088275,0.19782707107288366,0.1371661385242191,0.2983250339520145
0.3685624720107479,0.19883564711150917,0.141961486789073,0.29064039408866993
0.3759057971014493,0.192481884057971,0.13858695652173914,0.2930253623188406
0.3713646532438479,0.19373601789709172,0.1413870246085011,0.2935123042505593
0.3681858802502234,0.19883824843610368,0.14119749776586238,0.29177837354781055
0.37685727149932463,0.19765871229176046,0.13687528140477262,0.2886087348041423
0.37142857142857144,0.19866071428571427,0.13705357142857144,0.29285714285714287
0.3700044903457566,0.19577907498877414,0.13515940727436013,0.2990570273911091
0.36097341144659756,0.20594862550698512,0.13609734114465977,0.29698062190175756
0.36164506034868127,0.20607957085382209,0.13768439874832364,0.294590970049173
0.3522267206477733,0.2109761583445794,0.13900134952766532,0.297795771479982
0.35568383658969804,0.20648312611012434,0.14298401420959148,0.29484902309058614
0.35472370766488415,0.20276292335115864,0.15062388591800357,0.29188948306595364
0.35015631978561856,0.20366234926306387,0.15096025011165698,0.2952210808396606
0.3592276605298608,0.1953300404131118,0.1571621014818141,0.2882801975752133
0.3478066248880931,0.20143240823634737,0.1548791405550582,0.29588182632050136
0.3449508489722967,0.19794459338695264,0.15907059874888294,0.29803395889186773
0.34419642857142857,0.196875,0.15892857142857142,0.3
0.33778966131907306,0.1983065953654189,0.15953654188948307,0.30436720142602497
0.34390575441776167,0.19211599456275488,0.1554145899410965,0.30856366107838695
0.34573991031390133,0.1914798206278027,0.15739910313901345,0.3053811659192825
0.3446277307177887,0.1912617030762372,0.1591618368256799,0.30494872938029427
0.3546382600976476,0.1908566355969818,0.1584553928095872,0.2960497114957834
0.3446580241394725,0.1935628073312472,0.16003576218149307,0.30174340634778724
0.3456735057983943,0.1926851025869759,0.16369313113291703,0.29794826048171275
0.34261715296198053,0.19496021220159152,0.16489832007073385,0.2975243147656941
0.3446126447016919,0.18967052537845058,0.16963490650044524,0.2960819234194123
0.3391812865497076,0.19343229869545658,0.17363922627080522,0.2937471884840306
0.33422103861517977,0.1935197514425211,0.17310252996005326,0.2991566799822459
0.32608695652173914,0.19920141969831412,0.17657497781721385,0.2981366459627329
0.33407374500222126,0.19946690359840072,0.17503331852509996,0.2914260328742781
0.33407473309608543,0.20195729537366547,0.17704626334519574,0.28692170818505336
0.334525939177102,0.2016994633273703,0.1735241502683363,0.2902504472271914
0.3345227475468332,0.19937555753791258,0.17127564674397858,0.29482604817127567
0.3354203935599284,0.19633273703041146,0.17620751341681573,0.29203935599284436
0.3377837116154873,0.19003115264797507,0.17935024477080552,0.29283489096573206
0.3435527502254283,0.19026149684400362,0.17853922452660054,0.28764652840396754
0.3419267299864315,0.1890547263681592,0.1754862053369516,0.2935323383084577
0.339572192513369,0.18672014260249553,0.178698752228164,0.29500891265597146
0.3448119619392841,0.18577254191209788,0.17625736293611238,0.29315813321250567
0.3428184281842818,0.18247515808491419,0.17253839205058719,0.3021680216802168
0.340654415060511,0.18511878081577768,0.1766024204392649,0.29762438368444644
0.33902877697841727,0.18525179856115107,0.1821043165467626,0.29361510791366907
0.33288590604026846,0.18881431767337808,0.18478747203579418,0.2935123042505593
0.3314031180400891,0.18930957683741648,0.18084632516703786,0.2984409799554566
0.3376391982182628,0.18797327394209354,0.18129175946547885,0.2930957683741648
0.34054054054054056,0.19054054054054054,0.18288288288288287,0.28603603603603606
0.34464285714285714,0.19508928571428572,0.18214285714285713,0.278125
0.34615384615384615,0.19856887298747763,0.18202146690518783,0.27325581395348836
0.3449043168669337,0.19448153093012907,0.18958611481975968,0.27102803738317754
0.3417777777777778,0.1968888888888889,0.18711111111111112,0.2742222222222222
0.33946188340807176,0.1968609865470852,0.18789237668161435,0.2757847533632287
0.33721973094170404,0.19551569506726457,0.19282511210762332,0.27443946188340806
0.3376449598572703,0.19580731489741302,0.19625334522747548,0.27029438001784123
0.337204108977222,0.19919606967396158,0.19205002233139795,0.2715497990174185
0.34988913525498894,0.19645232815964522,0.18713968957871396,0.2665188470066519
0.3471409275101306,0.19720846465556055,0.19135524538496174,0.26429536244934715
0.345823927765237,0.19774266365688487,0.1909706546275395,0.2654627539503386
0.34834968777876896,0.19669937555753791,0.19313113291703835,0.26181980374665476
0.3453075886843287,0.19263583295913786,0.1953300404131118,0.26672653794342166
0.3437641723356009,0.1963718820861678,0.19591836734693877,0.2639455782312925
0.34646017699115045,0.19557522123893806,0.19247787610619468,0.26548672566371684
0.34237901402080506,0.20488466757123475,0.18769787426503845,0.26503844414292177
0.33750558784085827,0.20205632543585159,0.1895395619132767,0.2708985248100134
0.33585746102449887,0.2,0.19376391982182628,0.27037861915367484
0.3371732388125831,0.19893664155959237,0.1945059813912273,0.26938413823659724
0.33691275167785234,0.19239373601789708,0.2017897091722595,0.268903803131991
0.3397579560735096,0.19363514119229044,0.19991035410129987,0.26669654863290004
0.3279785809906292,0.2003569834895136,0.19678714859437751,0.2748772869254797
0.3239247311827957,0.2007168458781362,0.19489247311827956,0.28046594982078854
0.31501340482573725,0.20732797140303844,0.19213583556747096,0.2855227882037534
0.3144908030506954,0.20906235980260207,0.19470614625392552,0.28174069089277703
0.3172817281728173,0.21017101710171018,0.18991899189918993,0.2826282628262826
0.3202525935949481,0.20974289580514208,0.19079837618403248,0.2792061344158773
0.3194630872483222,0.20223713646532437,0.19284116331096196,0.2854586129753915
0.3247787610619469,0.20088495575221238,0.19070796460176992,0.2836283185840708
0.3179372197309417,0.20986547085201793,0.18654708520179372,0.28565022421524666
0.3234767025089606,0.2110215053763441,0.18234767025089607,0.2831541218637993
0.3238560639715682,0.2047978676143936,0.17636605952909817,0.29498000888494
0.31814119749776587,0.21000893655049152,0.18230563002680966,0.289544235924933
0.31104129263913827,0.2127468581687612,0.18447037701974867,0.2917414721723519
0.3178984861976848,0.20881567230632236,0.1767586821015138,0.2965271593944791
0.3145413870246085,0.20850111856823267,0.18120805369127516,0.29574944071588366
0.31710585082626175,0.2103617686467173,0.1817775792764627,0.2907548012505583
0.315129811996419,0.20993733213965982,0.17905102954341987,0.29588182632050136
0.31244364292155097,0.20919747520288548,0.18304779080252478,0.29531109107303877
0.31255565449688333,0.20703472840605522,0.18477292965271594,0.2956366874443455
0.31258396775638153,0.206448723690103,0.17913121361397225,0.3018360949395432
0.3116883116883117,0.20376175548589343,0.1786833855799373,0.3058665472458576
0.3172779496243924,0.2001767565178966,0.17675651789659744,0.3057887759611136
0.31489741302408564,0.19982158786797502,0.17707404103479035,0.30820695807314896
0.31491464510332434,0.19811320754716982,0.17565139263252472,0.3113207547169811
0.31658514895509116,0.1974210760337928,0.17385504668741664,0.31213872832369943
0.31734648139847604,0.2008068130883012,0.17794710891976692,0.30389959659345583
0.3189771197846568,0.20502467474203678,0.17541498429789143,0.30058322117541497
0.32266666666666666,0.20577777777777778,0.172,0.2995555555555556
0.31283422459893045,0.20989304812834225,0.17245989304812834,0.3048128342245989
0.3047790802524797,0.21145175834084762,0.17718665464382327,0.3065825067628494
0.3161231884057971,0.21195652173913043,0.17481884057971014,0.2971014492753623
0.3170080142475512,0.20569902048085487,0.1745325022261799,0.3027604630454141
0.31748878923766816,0.2040358744394619,0.17488789237668162,0.30358744394618836
0.322841726618705,0.20278776978417265,0.17446043165467626,0.29991007194244607
0.3275167785234899,0.2080536912751678,0.17002237136465326,0.29440715883668905
0.3279928793947485,0.20694259012016022,0.17133956386292834,0.2937249666221629
0.32445848375451264,0.20848375451263537,0.16877256317689532,0.2982851985559567
0.3244343891402715,0.21176470588235294,0.17194570135746606,0.2918552036199095
0.32100991884580704,0.21731289449954913,0.1704238052299369,0.29125338142470697
0.3231111111111111,0.212,0.17066666666666666,0.2942222222222222
0.32711111111111113,0.2048888888888889,0.1688888888888889,0.2991111111111111
0.3206958073148974,0.2096342551293488,0.1672613737734166,0.3024085637823372
0.32391879964695497,0.2113857016769638,0.16681376875551632,0.2978817299205649
0.32410714285714287,0.21339285714285713,0.16830357142857144,0.2941964285714286
0.3280141843971631,0.21409574468085107,0.1702127659574468,0.287677304964539
0.3215878679750223,0.22123104371097235,0.1663693131132917,0.29081177520071366
0.324,0.21911111111111112,0.164,0.29288888888888887
0.32589285714285715,0.22098214285714285,0.16339285714285715,0.2897321428571429
0.32545697726259476,0.22469906375390103,0.15737851092287117,0.29246544806063307
0.32808988764044944,0.2247191011235955,0.1604494382022472,0.28674157303370784
0.32641083521444697,0.23024830699774265,0.15575620767494355,0.2875846501128668
0.3235691753041911,0.2316358720144209,0.16133393420459666,0.28346101847679134
0.3233183856502242,0.22511210762331837,0.1618834080717489,0.2896860986547085
0.3282442748091603,0.22317018410417602,0.15446789402784014,0.29411764705882354
0.33407771326485036,0.21572130415364002,0.15185350602947745,0.29834747655203214
0.334517992003554,0.21146157263438473,0.15326521545979566,0.30075521990226567
0.33362989323843417,0.21619217081850534,0.1543594306049822,0.2958185053380783
0.33111111111111113,0.21955555555555556,0.15288888888888888,0.29644444444444445
0.3342269883824844,0.21983914209115282,0.15415549597855227,0.29177837354781055
0.33318425760286224,0.21914132379248658,0.15831842576028624,0.2893559928443649
0.3411816970235451,0.21723678365171034,0.15237672145713016,0.2892047978676144
0.3413654618473896,0.2182061579651941,0.1566265060240964,0.2838018741633199
0.34280559314388814,0.2232746955345061,0.15606675687866486,0.2778529544429409
0.3339333933393339,0.22592259225922592,0.15976597659765976,0.2803780378037804
0.3370141342756184,0.2234982332155477,0.15768551236749118,0.28180212014134276
0.3358440407620735,0.22906513070447496,0.15728843597696057,0.2778023925564909
0.3457901846015308,0.22557406573615488,0.1580369203061684,0.2705988293561459
0.3437083148065807,0.22810137839039574,0.15562472209871053,0.272565584704313
0.3397666068222621,0.22935368043087973,0.15888689407540396,0.2719928186714542
0.3388245770258237,0.22974176313446126,0.15716829919857525,0.2742653606411398
0.3429844097995546,0.22717149220489977,0.155456570155902,0.27438752783964365
0.33738191632928477,0.2316689158794422,0.15744489428699954,0.27350427350427353
0.3376798561151079,0.23426258992805754,0.1560251798561151,0.2720323741007194
0.34132268086995116,0.23257878384376388,0.15534842432312473,0.2707501109631602
0.34492099322799097,0.2203160270880361,0.15936794582392777,0.27539503386004516
0.34542157751586583,0.22620126926563916,0.15956482320942883,0.2688123300090662
0.3325842696629214,0.23280898876404493,0.16134831460674157,0.27325842696629216
0.3407039711191336,0.22653429602888087,0.1638086642599278,0.26895306859205775
0.3345323741007194,0.23381294964028776,0.1677158273381295,0.26393884892086333
0.3373710183938986,0.2364288918797667,0.1601615074024226,0.2660385823239121
0.3345291479820628,0.2390134529147982,0.15964125560538117,0.26681614349775784
0.34010840108401086,0.23757904245709124,0.16124661246612465,0.2610659439927733
0.34202247191011237,0.24044943820224718,0.15325842696629213,0.2642696629213483
0.341929746554024,0.24410849266340595,0.15384615384615385,0.26011560693641617
0.34521158129175944,0.24320712694877505,0.1514476614699332,0.2601336302895323
0.3424416042309387,0.24636403702071397,0.15777875716174528,0.25341560158660204
0.3408888888888889,0.24222222222222223,0.16177777777777777,0.2551111111111111
0.3432504440497336,0.24200710479573712,0.16474245115452932,0.25
0.34169278996865204,0.24048365427675772,0.1639050604567846,0.25391849529780564
0.3441295546558704,0.24336482231219073,0.1632928475033738,0.249212775528565
0.34292134831460674,0.23820224719101124,0.16719101123595506,0.251685393258427
0.3380719680142159,0.24522434473567303,0.1634828964904487,0.25322079075966236
0.3313716613852422,0.2458125848800362,0.16659121774558625,0.25622453598913536
0.337204108977222,0.2429656096471639,0.16480571683787404,0.2550245645377401
0.33378136200716846,0.24731182795698925,0.16756272401433692,0.2513440860215054
0.33377956269522535,0.24497991967871485,0.1651048639000446,0.25613565372601516
0.33452115812917593,0.244543429844098,0.16302895322939867,0.2579064587973274
0.33498871331828445,0.24243792325056435,0.16975169300225734,0.2528216704288939
0.330188679245283,0.23809523809523808,0.16846361185983827,0.2632524707996406
0.3319910514541387,0.23221476510067113,0.1691275167785235,0.26666666666666666
0.33243606998654107,0.23687752355316286,0.1655450874831763,0.2651413189771198
0.34048257372654156,0.2354781054512958,0.16398570151921357,0.26005361930294907
0.3342354533152909,0.2386107352277853,0.16373477672530445,0.2634190347316193
0.3360287511230907,0.22911051212938005,0.1693620844564241,0.26549865229110514
0.33468104222821204,0.23315363881401618,0.16711590296495957,0.26504941599281223
0.3362910381543922,0.24046140195208518,0.16326530612244897,0.25998225377107365
0.3378136200716846,0.24014336917562723,0.15949820788530467,0.2625448028673835
0.338339222614841,0.23630742049469966,0.15945229681978798,0.2659010600706714
0.3363309352517986,0.2392086330935252,0.15872302158273383,0.26573741007194246
0.34151785714285715,0.23214285714285715,0.15535714285714286,0.27098214285714284
0.3402247191011236,0.23146067415730337,0.16179775280898875,0.2665168539325843
0.3375565610859729,0.22895927601809954,0.16289592760180996,0.27058823529411763
0.3392210144927536,0.22735507246376813,0.15896739130434784,0.27445652173913043
0.3401639344262295,0.22540983606557377,0.16302367941712204,0.27140255009107467
0.3370635631154879,0.22739480752014324,0.16427931960608774,0.2712623097582811
0.33407572383073497,0.23073496659242762,0.16258351893095768,0.27260579064587975
0.327846975088968,0.22864768683274023,0.1659252669039146,0.2775800711743772
0.32783964365256124,0.2289532293986637,0.16525612472160356,0.2779510022271715
0.33199821984868716,0.2340898976412995,0.16332888295505119,0.2705829995549622
0.3247787610619469,0.24026548672566372,0.16017699115044248,0.27477876106194693
0.3249888243182834,0.24362986142154672,0.16227089852481003,0.2691104157353599
0.3261552265589951,0.24226110363391656,0.16689098250336473,0.26469268730372364
0.3241317898486198,0.23998219056099732,0.1669634906500445,0.26892252894033836
0.32741792369121564,0.240905057675244,0.1619343389529725,0.26974267968056787
0.32691446484549935,0.24361845051500225,0.15673981191222572,0.2727272727272727
0.31928251121076234,0.25426008968609864,0.1538116591928251,0.2726457399103139
0.3138131426016987,0.25257040679481446,0.15601251676352257,0.27760393383996423
0.3146915224145584,0.24944518419884598,0.16200621393697293,0.27385707944962273
0.3133599644917887,0.25166444740346205,0.1615623612960497,0.2734132268086995
0.31404593639575973,0.254416961130742,0.1607773851590106,0.2707597173144876
0.3152028533214445,0.2572447614801605,0.16406598305840392,0.2634864021399911
0.31143878462913316,0.25424486148346737,0.16532618409294011,0.26899016979445933
0.31104129263913827,0.2580789946140036,0.16831238779174149,0.2625673249551167
0.31042228212039535,0.2556154537286613,0.16891284815813118,0.26504941599281223
0.30952380952380953,0.2574123989218329,0.16621743036837378,0.2668463611859838
0.30566711289602855,0.2597054886211513,0.1637661758143686,0.2708612226684516
0.3022421524663677,0.25426008968609864,0.16502242152466368,0.27847533632286997
0.3036274070756829,0.25794894760412,0.16211374832064487,0.27630989699955216
0.30405706642888986,0.25546143557735174,0.16005349977708427,0.2804279982166741
0.29682610639248996,0.2570406794814484,0.16540008940545373,0.28073312472060796
0.29942247889826745,0.26166148378498444,0.1634828964904487,0.27543314082629944
0.2998655311519498,0.25773195876288657,0.15912147019273867,0.2832810398924249
0.2960644007155635,0.25760286225402507,0.1592128801431127,0.28711985688729874
0.29267202859696156,0.2578194816800715,0.15996425379803395,0.289544235924933
0.29406474820143885,0.2522482014388489,0.1596223021582734,0.29406474820143885
0.28909740840035747,0.2546916890080429,0.1572832886505809,0.29892761394101874
0.29858657243816256,0.25,0.15503533568904593,0.2963780918727915
0.3034359660865685,0.250780901383311,0.1570727353859884,0.2887103971441321
0.2996831145314622,0.25622453598913536,0.14893617021276595,0.2951561792666365
0.3009009009009009,0.2554054054054054,0.14954954954954955,0.29414414414414414
0.2975763016157989,0.25628366247755835,0.1485637342908438,0.2975763016157989
0.29959875167186806,0.25635309852875615,0.1502452073116362,0.29380294248773964
0.28967367009387573,0.2597228430934287,0.15333035315154225,0.2972731336611533
0.2949061662198391,0.2578194816800715,0.15638963360142985,0.29088471849865954
0.29196428571428573,0.259375,0.15714285714285714,0.29151785714285716
0.29535299374441465,0.256478999106345,0.1550491510277033,0.2931188561215371
0.2947181535730138,0.2529960053262317,0.15889924545051043,0.2933865956502441
0.2970561998215879,0.25512934879571814,0.1543264942016057,0.29348795718108833
0.2934831460674157,0.2503370786516854,0.16,0.2961797752808989
0.29741763134461263,0.24844167408726625,0.1611754229741763,0.2929652715939448
0.29870708872046364,0.25323227819884087,0.15782434239857335,0.29023629068212214
0.30162308385933273,0.25788999098286747,0.15960324616771868,0.28088367899008115
0.3027728085867621,0.25894454382826476,0.157871198568873,0.28041144901610016
0.3087129588677576,0.25873507297655907,0.15656789031402035,0.27598407784166296
0.30672645739910315,0.2632286995515695,0.14798206278026907,0.2820627802690583
0.30473637176050045,0.25915996425379806,0.14745308310991956,0.28865058087578194
0.3051305130513051,0.26327632763276326,0.14356435643564355,0.28802880288028804
0.3015943312666076,0.262621789193977,0.14348981399468555,0.29229406554472986
0.2999104744852283,0.26499552372426144,0.14368845120859444,0.29140555058191586
0.30040053404539385,0.2683578104138852,0.14285714285714285,0.2883845126835781
0.30066225165562915,0.26578366445916113,0.14746136865342163,0.2860927152317881
0.3021295474711624,0.2675244010647737,0.14418811002661935,0.28615794143744455
0.3118568232662192,0.26308724832214764,0.14630872483221477,0.27874720357941835
0.3060133630289532,0.26369710467706015,0.14298440979955457,0.2873051224944321
0.3063302346170872,0.25852146967684814,0.14298362107127047,0.2921646746347942
0.31105169340463457,0.2580213903743315,0.14171122994652408,0.28921568627450983
0.30376344086021506,0.2589605734767025,0.14068100358422939,0.29659498207885304
0.30842391304347827,0.2572463768115942,0.1403985507246377,0.29393115942028986
0.2992831541218638,0.26030465949820786,0.14292114695340502,0.2974910394265233
0.3070796460176991,0.25265486725663716,0.14380530973451328,0.29646017699115046
0.301629238221048,0.2571554381329811,0.1457507705856451,0.2954645530603259
0.3007149240393208,0.258266309204647,0.14343163538873996,0.2975871313672922
0.2968118545127975,0.2555006735518635,0.15132465199820386,0.29636281993713515
0.2898419864559819,0.255079006772009,0.15395033860045146,0.3011286681715576
0.2966252220248668,0.25754884547069273,0.1492007104795737,0.2966252220248668
0.2953436807095344,0.258980044345898,0.15077605321507762,0.29490022172949004
0.2983005366726297,0.25268336314847945,0.1556350626118068,0.29338103756708406
0.29598214285714286,0.25401785714285713,0.15848214285714285,0.29151785714285716
0.29338103756708406,0.25178890876565296,0.16279069767441862,0.29203935599284436
0.30165844912595247,0.2519049753473779,0.15956969968623935,0.2868668758404303
0.2986954565901934,0.2501124606387764,0.1623931623931624,0.28879892037786775
0.2919611307420495,0.254416961130742,0.15856890459363956,0.2950530035335689
0.2956989247311828,0.25448028673835127,0.15681003584229392,0.29301075268817206
0.3001345895020188,0.2548227904890085,0.15702108568864961,0.288021534320323
0.30497089117778775,0.24854455888938648,0.1639050604567846,0.2825794894760412
0.3076923076923077,0.25268336314847945,0.16010733452593917,0.27951699463327373
0.30703720304796056,0.25862841774988793,0.15732855221873598,0.2770058269834155
0.3106535362578335,0.25380483437779766,0.153088630259624,0.28245299910474486
0.30615861763402746,0.2521045635799734,0.15551617190961453,0.2862206468763846
0.30793226381461675,0.24688057040998218,0.1568627450980392,0.28832442067736186
0.3073148974130241,0.24977698483496877,0.15655664585191792,0.2863514719000892
0.31224944320712694,0.2512249443207127,0.15055679287305124,0.28596881959910914
0.3192446043165468,0.2522482014388489,0.15197841726618705,0.27652877697841727
0.3162393162393162,0.24786324786324787,0.15159694107062527,0.28430049482681063
0.31985784095957354,0.25099955575299865,0.1505997334517992,0.2785428698356286
0.3167785234899329,0.2411633109619687,0.15794183445190157,0.2841163310961969
0.32152466367713006,0.24663677130044842,0.15246636771300448,0.27937219730941704
0.3182020471740098,0.24833110814419226,0.15353805073431243,0.27992879394748554
0.3181615350290049,0.24899598393574296,0.15171798304328424,0.28112449799196787
0.31241655540720964,0.25322652425456166,0.1570983533600356,0.2772585669781931
0.3214928057553957,0.25404676258992803,0.15692446043165467,0.2675359712230216
0.31597845601436264,0.25763016157989227,0.16382405745062836,0.2625673249551167
0.31889236266190263,0.2599374720857526,0.15899955337204108,0.2621706118803037
0.31713900134952766,0.252361673414305,0.1632928475033738,0.26720647773279355
0.3123042505592841,0.25279642058165547,0.16465324384787472,0.2702460850111857
0.3144399460188934,0.2546108861898336,0.15699505173189385,0.2739541160593792
0.3125,0.25401785714285713,0.16205357142857144,0.2714285714285714
0.31546300398759414,0.2534337616304829,0.16260522817899867,0.26849800620292424
0.32443257676902537,0.24566088117489987,0.16110369381397419,0.2688028482421006
0.3247747747747748,0.24414414414414415,0.16531531531531532,0.26576576576576577
0.31681818181818183,0.24636363636363637,0.1731818181818182,0.2636363636363636
0.31614654002713705,0.24694708276797828,0.17096336499321574,0.26594301221166894
0.31137992831541217,0.246415770609319,0.17652329749103943,0.2656810035842294
0.31193490054249545,0.24141048824593128,0.18037974683544303,0.2662748643761302
0.30917225950783,0.24563758389261744,0.17583892617449665,0.26935123042505593
0.3097898971837282,0.24228877961555656,0.17925793473401877,0.26866338846669646
0.3102369244523916,0.2440768886902101,0.17612874385337507,0.26955744300402323
0.3108412055780477,0.24156545209176788,0.1763382816014395,0.27125506072874495
0.3180604982206406,0.2402135231316726,0.17259786476868327,0.26912811387900354
0.31934628975265017,0.2398409893992933,0.1691696113074205,0.27164310954063603
0.3235955056179775,0.23865168539325843,0.16808988764044944,0.2696629213483146
0.3257270693512304,0.2371364653243848,0.17225950782997762,0.26487695749440715
0.3255605381165919,0.23318385650224216,0.17085201793721974,0.2704035874439462
0.324898328061455,0.23813827383642114,0.16990510619069138,0.26705829191143243
0.3190348525469169,0.2457551385165326,0.1675603217158177,0.2676496872207328
0.31836551414458913,0.24472384373596767,0.17512348450830714,0.2617871576111361
0.31236055332440876,0.250334672021419,0.17447568049977688,0.26282909415439537
0.3065953654188948,0.2482174688057041,0.1804812834224599,0.2647058823529412
0.30816777041942606,0.2467991169977925,0.18101545253863136,0.2640176600441501
0.3025549081129538,0.2478709099058718,0.18108471537427162,0.26848946660690276
0.28783116299955097,0.25460260440053883,0.18724741805118994,0.27031881454872025
0.28783116299955097,0.2568477772788505,0.1863493488998653,0.26897171082173327
0.2866696388765047,0.2585822559072671,0.1881408827463219,0.26660722246990637
0.2839892665474061,0.2558139534883721,0.18694096601073346,0.27325581395348836
0.2905525846702317,0.25445632798573975,0.18538324420677363,0.2696078431372549
0.28878923766816145,0.2533632286995516,0.18565022421524663,0.27219730941704035
0.29023629068212214,0.253678109674543,0.1903700401248328,0.265715559518502
0.2855855855855856,0.2509009009009009,0.1981981981981982,0.2653153153153153
0.289568345323741,0.24955035971223022,0.19424460431654678,0.266636690647482
0.28456735057983945,0.25557537912578054,0.20115967885816236,0.2586975914362177
0.28979045920642,0.24921979491752116,0.1992866696388765,0.26170307623718236
0.28722934158197083,0.25011047282368537,0.1939902783915157,0.26866990720282813
0.28773168578993824,0.24933804060017653,0.18932038834951456,0.2736098852603707
0.29000448229493503,0.25011205737337516,0.183325862841775,0.2765575974899148
0.291331546023235,0.2537980339588919,0.18453976764968721,0.2703306523681859
0.29176046825754165,0.2570914002701486,0.1814497973885637,0.26969833408374605
0.2951561792666365,0.25033952014486194,0.1878678134902671,0.2666364870982345
0.2905982905982906,0.25775978407557354,0.1839856050382366,0.2676563202878992
0.2961797752808989,0.25662921348314605,0.1797752808988764,0.26741573033707866
0.29642857142857143,0.26205357142857144,0.1767857142857143,0.26473214285714286
0.3007181328545781,0.2670556552962298,0.1736983842010772,0.2585278276481149
0.3086859688195991,0.26146993318485523,0.16703786191536749,0.26280623608017817
0.30116175156389635,0.2622877569258266,0.16577301161751565,0.2707774798927614
0.29634522236900046,0.2650814619110524,0.16732716864817263,0.2712461470717745
0.30214861235452106,0.26051924798567594,0.1656222023276634,0.27170993733213966
0.30110864745011084,0.2523281596452328,0.16807095343680709,0.27849223946784923
0.2972972972972973,0.25135135135135134,0.16576576576576577,0.2855855855855856
0.30178571428571427,0.2544642857142857,0.16383928571428572,0.2799107142857143
0.3033303330333033,0.2524752475247525,0.16561656165616562,0.2785778577857786
0.30269058295964124,0.257847533632287,0.15874439461883408,0.2807174887892377
0.30086481565771506,0.2594446973145198,0.1624943104233045,0.2771961766044606
0.30372364288918796,0.2588604755495738,0.1655450874831763,0.2718707940780619
0.31043710972346117,0.24977698483496877,0.16458519179304193,0.2752007136485281
0.30864745011086475,0.25277161862527714,0.1631929046563193,0.2753880266075388
0.3121951219512195,0.2572062084257206,0.15920177383592019,0.2713968957871397
0.3118568232662192,0.2612975391498881,0.1574944071588367,0.26935123042505593
0.3122476446837147,0.26065500224315835,0.15298340062808435,0.2741139524450426
0.3118856121537087,0.2605004468275246,0.1546023235031278,0.27301161751563896
0.3007585899152164,0.26193663543061135,0.1575189647478804,0.2797858099062918
0.29251101321585904,0.2669603524229075,0.15594713656387665,0.2845814977973568
0.29427549194991054,0.2678890876565295,0.16368515205724507,0.27415026833631484
0.29973474801061006,0.27055702917771884,0.16445623342175067,0.26525198938992045
0.2999116607773852,0.26899293286219084,0.15901060070671377,0.27208480565371024
0.30116175156389635,0.27301161751563896,0.15370866845397677,0.27211796246648795
0.30558015943312666,0.26970770593445526,0.1545615589016829,0.27015057573073514
0.3067926225820963,0.27170490328385066,0.15114709851551958,0.2703553756185335
0.306177260519248,0.26723366159355416,0.15711727842435094,0.2694717994628469
0.3111607142857143,0.2669642857142857,0.1513392857142857,0.27053571428571427
0.30896860986547087,0.26367713004484306,0.15605381165919283,0.2713004484304933
0.3115487914055506,0.26365264100268576,0.16069829901521934,0.26410026857654434
0.31341301460823373,0.25763612217795484,0.16201859229747675,0.26693227091633465
0.3156498673740053,0.2519893899204244,0.16578249336870027,0.26657824933687
0.31666666666666665,0.25675675675675674,0.16171171171171173,0.2648648648648649
0.3145413870246085,0.25906040268456376,0.16062639821029082,0.2657718120805369
0.3232189973614776,0.2515391380826737,0.15963060686015831,0.26561125769569044
0.3233318405732199,0.25794894760412,0.15539632781012092,0.26332288401253917
0.32690582959641257,0.26188340807174887,0.1515695067264574,0.25964125560538115
0.32219251336898397,0.25980392156862747,0.15552584670231728,0.2624777183600713
0.3172817281728173,0.26327632763276326,0.15616561656165617,0.26327632763276326
0.3118856121537087,0.2587131367292225,0.1581769436997319,0.2712243074173369
0.3124718595227375,0.25484016208914906,0.1584871679423683,0.2742008104457452
0.3076578593819973,0.2592924317062248,0.16121809225257502,0.27183161665920286
0.3046387154326494,0.2586975914362177,0.16190900981266726,0.27475468331846564
0.30121566861773974,0.2638451148131472,0.1580369203061684,0.2769022962629446
0.3067819754210287,0.26399635867091487,0.1524806554392353,0.2767410104688211
0.30908269317668324,0.2598282873926796,0.15680072300045186,0.27428829643018526
0.30311231393775373,0.2575552548488949,0.16463689670726206,0.2746955345060893
0.30530575539568344,0.2585431654676259,0.1618705035971223,0.27428057553956836
0.3105924596050269,0.25987432675044886,0.16023339317773788,0.26929982046678635
0.30597680642283676,0.2609277430865299,0.15744870651204282,0.27564674397859057
0.3031111111111111,0.26,0.15955555555555556,0.2773333333333333
0.30335097001763667,0.25970017636684306,0.16313932980599646,0.27380952380952384
0.31349911190053287,0.26465364120781526,0.15364120781527532,0.2682060390763766
0.30632235084594833,0.26135351736420304,0.15672306322350846,0.27560106856634015
0.2959459459459459,0.2693693693693694,0.1545045045045045,0.2801801801801802
0.2936189201249442,0.2668451584114235,0.15930388219544847,0.28023203926818385
0.2966442953020134,0.27293064876957496,0.1574944071588367,0.27293064876957496
0.29637907912382655,0.27000447027268665,0.15735359856951275,0.27626285203397405
0.2971274685816876,0.26974865350089766,0.1566427289048474,0.2764811490125673
0.2974060822898032,0.27280858676207514,0.157871198568873,0.27191413237924866
0.3025732031943212,0.26486246672582076,0.15971606033717836,0.27284826974267967
0.30084182543198934,0.26451041205139564,0.16260522817899867,0.2720425343376163
0.3029082774049217,0.258165548098434,0.16375838926174496,0.2751677852348993
0.29345372460496616,0.2618510158013544,0.16478555304740405,0.2799097065462754
0.2958185053380783,0.2615658362989324,0.1583629893238434,0.2842526690391459
0.296114336757481,0.26172398392139345,0.16033943724877178,0.28182224207235373
0.2894973070017953,0.2621184919210054,0.1611310592459605,0.2872531418312388
0.2948717948717949,0.2630415561450044,0.15605658709106984,0.28603006189213087
0.29396092362344584,0.25932504440497334,0.1603019538188277,0.2864120781527531
0.2988403211418377,0.26181980374665476,0.16101694915254236,0.2783229259589652
0.3007585899152164,0.2605979473449353,0.16331994645247658,0.27532351628737173
0.3004904146232724,0.2585822559072671,0.16584930896121267,0.27507802050824787
0.30500894454382826,0.26475849731663686,0.16279069767441862,0.26744186046511625
0.3010181496237273,0.26693227091633465,0.16201859229747675,0.27003098716246127
0.30311231393775373,0.2629679747406405,0.16373477672530445,0.27018493459630133
0.3009009009009009,0.2635135135135135,0.16486486486486487,0.27072072072072073
0.30128489144882586,0.2627381479840496,0.1590607000443066,0.2769162605228179
0.3025210084033613,0.26758071649712517,0.15745245466607696,0.2724458204334365
0.3018197958277852,0.2667554371948513,0.15579227696404793,0.2756324900133156
0.3013274336283186,0.2628318584070796,0.15442477876106195,0.2814159292035398
0.29977324263038546,0.2616780045351474,0.1564625850340136,0.28208616780045354
0.3080438756855576,0.26051188299817185,0.1576782449725777,0.27376599634369286
0.30570652173913043,0.26132246376811596,0.15760869565217392,0.2753623188405797
0.31042228212039535,0.2560646900269542,0.1518418688230009,0.2816711590296496
0.3064154329295648,0.2611036339165545,0.15208613728129206,0.2803947958725886
0.3053196244970943,0.2530174340634779,0.15601251676352257,0.28565042467590523
0.2992056487202118,0.2546337157987643,0.15710503089143865,0.2890556045895852
0.30762371823450735,0.25055728934462773,0.15827017387427553,0.28354881854658937
0.3098214285714286,0.253125,0.1549107142857143,0.28214285714285714
0.3046979865771812,0.25592841163310964,0.15570469798657718,0.283668903803132
0.3034605146406389,0.25820763087843834,0.15705412599822538,0.28127772848269744
0.3033046627433228,0.2539610683567225,0.15572657311000454,0.2870076957899502
0.29789143113503813,0.25527142216240467,0.1601615074024226,0.28667563930013457
0.2962128043282236,0.2556357078449053,0.16095581605049594,0.2871956717763751
0.2986547085201794,0.2533632286995516,0.1600896860986547,0.2878923766816143
0.29888143176733784,0.25100671140939596,0.16375838926174496,0.28635346756152125
0.29425079221367134,0.25803531009506564,0.16206428248076052,0.28564961521050247
0.2873100983020554,0.2546916890080429,0.16621983914209115,0.29177837354781055
0.28493894165535955,0.25780189959294436,0.16870194482134782,0.2885572139303483
0.28305235137533274,0.25643300798580304,0.1725820763087844,0.28793256433007985
0.28757290264692686,0.25527142216240467,0.16644235082996858,0.29071332436069985
0.2796420581655481,0.2568232662192394,0.16331096196868009,0.30022371364653244
0.28380782918149466,0.2571174377224199,0.15880782918149466,0.30026690391459077
0.2808586762075134,0.25536672629695883,0.16547406082289803,0.2983005366726297
0.2808586762075134,0.24731663685152058,0.16681574239713776,0.30500894454382826
0.2863554757630162,0.2459605026929982,0.16606822262118492,0.3016157989228007
0.283213644524237,0.24685816876122083,0.16651705565529623,0.30341113105924594
0.2777777777777778,0.24755555555555556,0.16977777777777778,0.3048888888888889
0.2747887950200089,0.24588706091596266,0.17518897287683416,0.3041351711871943
0.2704881325570981,0.24361845051500225,0.17465293327362294,0.31124048365427676
0.2621184919210054,0.24461400359066426,0.17773788150807898,0.31552962298025133
0.26794471689701294,0.24877396344181898,0.1734284440481498,0.3098528756130183
0.27523343708314807,0.24944419742107604,0.17207647843485993,0.303245887060916
0.2773333333333333,0.24755555555555556,0.16933333333333334,0.30577777777777776
0.27644444444444444,0.24177777777777779,0.16977777777777778,0.312
0.2751111111111111,0.24133333333333334,0.17644444444444443,0.3071111111111111
0.270656543099598,0.24207235372934346,0.1786511835640911,0.3086199196069674
0.2679767753461367,0.24519874944171505,0.1737382760160786,0.31308619919606967
0.2671081677704194,0.24150110375275938,0.17527593818984546,0.3161147902869757
0.25937362152624616,0.25011027790030876,0.1799735333039259,0.3105425672695192
0.2519049753473779,0.24831913939937247,0.17615419094576423,0.32362169430748544
0.2480106100795756,0.2608311229000884,0.17064544650751548,0.32051282051282054
0.24563758389261744,0.25906040268456376,0.1704697986577181,0.32483221476510066
0.2503364737550471,0.2579632122027815,0.17227456258411844,0.31942575145805296
0.2458943630714603,0.2596537949400799,0.17620949844651576,0.3182423435419441
0.24609897458760588,0.26170307623718236,0.1734284440481498,0.318769505127062
0.2394429469901168,0.2610062893081761,0.18238993710691823,0.31716082659478884
0.24060150375939848,0.25785050862450243,0.18487394957983194,0.31667403803626715
0.23871256146624945,0.2561466249441216,0.18685739830129638,0.3182834152883326
0.23965827338129497,0.26348920863309355,0.1821043165467626,0.3147482014388489
0.2362906821221578,0.26972804279982165,0.17699509585376727,0.3169861792242532
0.23639607493309545,0.27074041034790364,0.18153434433541482,0.3113291703835861
0.2372051624388073,0.2683578104138852,0.18691588785046728,0.3075211392968402
0.23971377459749552,0.26744186046511625,0.18246869409660108,0.3103756708407871
0.23537234042553193,0.26728723404255317,0.1799645390070922,0.3173758865248227
0.23923657345761207,0.2667554371948513,0.17576564580559254,0.3182423435419441
0.24389160373167482,0.27143491781430473,0.17503331852509996,0.30964015992892047
0.24372759856630824,0.27060931899641577,0.1742831541218638,0.31137992831541217
0.25290957923008056,0.26365264100268576,0.17412712623097581,0.3093106535362578
0.25521526853084775,0.26054150022192635,0.17931646693297826,0.30492676431424764
0.25077812361049356,0.2627834593152512,0.17385504668741664,0.3125833703868386
