R,A,S,N
0.0,1.0,0.0,0.0
0.0,1.0,0.0,0.0
0.0,1.0,0.0,0.0
0.0,0.92,0.08,0.0
0.08,0.84,0.08,0.0
0.0963855421686747,0.8072289156626506,0.0963855421686747,0.0
0.12396694214876033,0.7520661157024794,0.11570247933884298,0.008264462809917356
0.13333333333333333,0.7055555555555556,0.15,0.011111111111111112
0.1607843137254902,0.6588235294117647,0.17254901960784313,0.00784313725490196
0.1988472622478386,0.5994236311239193,0.1844380403458213,0.01729106628242075
0.23326133909287258,0.5637149028077754,0.1857451403887689,0.017278617710583154
0.25838926174496646,0.5251677852348994,0.1912751677852349,0.025167785234899327
0.26023778071334214,0.512549537648613,0.190224570673712,0.036988110964332896
0.2740174672489083,0.4912663755458515,0.18668122270742357,0.048034934497816595
0.27945205479452057,0.4757990867579909,0.18995433789954339,0.0547945205479452
0.28996865203761757,0.4608150470219436,0.18495297805642633,0.06426332288401254
0.29609321453050036,0.44756682659355723,0.1850582590815627,0.07128169979437972
0.30295566502463056,0.4353448275862069,0.18411330049261085,0.07758620689655173
0.313307130825379,0.41774284110050536,0.1785513756316676,0.09039865244244806
0.32699228791773777,0.4056555269922879,0.17223650385604114,0.09511568123393316
0.32620320855614976,0.40884783665532326,0.16237238697131745,0.10257656781720953
0.324537037037037,0.3958333333333333,0.1726851851851852,0.10694444444444444
0.32343679712100765,0.3922627080521817,0.17498875393612237,0.10931174089068826
0.3228381374722838,0.39334811529933483,0.1778270509977827,0.10598669623059867
0.32229580573951433,0.38631346578366443,0.17660044150110377,0.11479028697571744
0.3144239226033421,0.3913808267370273,0.1802990325417766,0.113896218117854
0.3207215134183898,0.38539375274967,0.17773867135943686,0.1161460624725033
0.312719298245614,0.39210526315789473,0.17982456140350878,0.11535087719298245
0.31613756613756616,0.38492063492063494,0.1763668430335097,0.12257495590828923
0.319596668128014,0.38886453309951774,0.17229285401139852,0.1192459447610697
0.3142857142857143,0.3868131868131868,0.17714285714285713,0.12175824175824176
0.3084686265906099,0.3861342694164107,0.1816586222027205,0.12373848179025888
0.31648936170212766,0.37854609929078015,0.1777482269503546,0.12721631205673758
0.31076923076923074,0.3824175824175824,0.17846153846153845,0.12835164835164836
0.30941901408450706,0.38116197183098594,0.18265845070422534,0.1267605633802817
0.30566534914361,0.3732981993851559,0.18620992534036013,0.13482652613087395
0.2976190476190476,0.3818342151675485,0.18915343915343916,0.13139329805996472
0.29934640522875816,0.3786492374727669,0.19128540305010894,0.13071895424836602
0.3037362637362637,0.3718681318681319,0.1920879120879121,0.13230769230769232
0.3013698630136986,0.37649138311975255,0.1917808219178082,0.1303579319487406
0.30599647266313934,0.3699294532627866,0.18959435626102292,0.13447971781305115
0.3002227171492205,0.37371937639198216,0.19376391982182628,0.13229398663697103
0.290251433612704,0.37979708866343187,0.20026466696074108,0.12968681076312308
0.29460400348128807,0.370757180156658,0.20060922541340295,0.134029590948651
0.2889969067609368,0.37207247017233763,0.19885108263367213,0.14007954043305346
0.2884191985909291,0.36988110964332893,0.2056362835755174,0.13606340819022458
0.2852158744003489,0.37200174443959877,0.20366332315743568,0.13911905800261665
0.2875441696113074,0.370583038869258,0.1978798586572438,0.1439929328621908
0.28028293545534927,0.3753315649867374,0.1958443854995579,0.14854111405835543
0.2828193832599119,0.3696035242290749,0.1947136563876652,0.15286343612334802
0.27887571365832237,0.37373737373737376,0.19587176108915239,0.15151515151515152
0.27833698030634574,0.37242888402625823,0.19693654266958424,0.15229759299781181
0.286215978928885,0.3669885864793679,0.1984196663740123,0.14837576821773485
0.28866432337434095,0.36379613356766255,0.19859402460456943,0.14894551845342707
0.2890727035263387,0.36482368306486723,0.195472355245973,0.15063125816282108
0.28806767586821014,0.3561887800534283,0.20169189670525378,0.15405164737310775
0.2892745883400089,0.3604806408544726,0.20026702269692923,0.14997774810858924
0.28765323992994746,0.3572679509632224,0.20577933450087565,0.14929947460595447
0.28350970017636684,0.3611111111111111,0.2072310405643739,0.14814814814814814
0.2848939929328622,0.35644876325088337,0.21201413427561838,0.14664310954063603
0.2896368467670505,0.35296722763507526,0.20814880425155005,0.14924712134632417
0.28734622144112476,0.3501757469244288,0.21045694200351495,0.15202108963093147
0.2847740236946029,0.3462044756472137,0.21237384817902588,0.15664765247915752
0.2869641294838145,0.3460192475940507,0.20647419072615922,0.1605424321959755
0.2828193832599119,0.3405286343612335,0.2092511013215859,0.16740088105726872
0.28565140845070425,0.34110915492957744,0.207306338028169,0.16593309859154928
0.27660510114335973,0.34256816182937555,0.2102022867194371,0.1706244503078276
0.2764263600176913,0.3440955329500221,0.20964175143741706,0.16983635559486954
0.2797881729920565,0.33451015004413065,0.21624007060900266,0.16946160635481025
0.2751439964554719,0.333628710677891,0.21665928223305272,0.1745680106335844
0.27336244541484717,0.3375545851528384,0.21528384279475982,0.1737991266375546
0.27651183172655563,0.32690622261174407,0.22085889570552147,0.1757230499561788
0.27348551360842843,0.33143107989464443,0.2177348551360843,0.17734855136084285
0.27384615384615385,0.3331868131868132,0.21318681318681318,0.17978021978021977
0.2708971553610503,0.33829321663019696,0.21137855579868708,0.17943107221006566
0.2678729037952339,0.3323036187113857,0.21888790820829657,0.18093556928508384
0.27240926978574553,0.33187581985133363,0.21731526016615654,0.17839965019676432
0.27128363475959416,0.33700926334362596,0.21438023820026467,0.1773268636965152
0.26963812886142985,0.33142100617828774,0.21624007060900266,0.18270079435127978
0.2632967032967033,0.33802197802197803,0.2153846153846154,0.1832967032967033
0.2657777777777778,0.33955555555555555,0.208,0.18666666666666668
0.26532399299474607,0.3375656742556918,0.20796847635726795,0.18914185639229422
0.2636403317328677,0.3304233958969882,0.21911828895678742,0.18681798341335662
0.26961858833844804,0.342393686979395,0.208680403331872,0.17930732135028496
0.26887821911828896,0.33828022697512006,0.20907900480139677,0.18376254910519424
0.26681318681318683,0.3323076923076923,0.21494505494505495,0.18593406593406595
0.2718832891246684,0.33465959328028294,0.21220159151193635,0.1812555260831123
0.26773049645390073,0.32978723404255317,0.21675531914893617,0.18572695035460993
0.2727272727272727,0.3328941589811155,0.21387790953008345,0.18050065876152832
0.2770034843205575,0.3270905923344948,0.20862369337979095,0.18728222996515678
0.2743441529568697,0.32503334815473545,0.20942641173855048,0.19119608714984437
0.26518847006651886,0.3254988913525499,0.21241685144124167,0.19689578713968958
0.2675438596491228,0.32763157894736844,0.2043859649122807,0.20043859649122808
0.26757469244288223,0.3242530755711775,0.20650263620386644,0.2016695957820738
0.2756521739130435,0.3173913043478261,0.20434782608695654,0.2026086956521739
0.26868327402135234,0.32161921708185054,0.2090747330960854,0.20062277580071175
0.2793920429146178,0.31515422440768887,0.20473848904783193,0.20071524362986143
0.2786309784993418,0.3163668275559456,0.20403685827117157,0.20096533567354102
0.2818141787758697,0.3157199471598415,0.20079260237780713,0.20167327168648172
0.28232189973614774,0.31266490765171506,0.20052770448548812,0.20448548812664907
0.28895678742907027,0.3077258838934963,0.2020951549541685,0.20122217372326495
0.2841262783459315,0.31347265451311696,0.19786571809693196,0.20453534904401957
0.2799650043744532,0.3123359580052493,0.20297462817147857,0.2047244094488189
0.2773820124666073,0.31522707034728403,0.20080142475512022,0.20658949243098843
0.2720070422535211,0.31338028169014087,0.20422535211267606,0.21038732394366197
0.267709691438505,0.30812690134724036,0.21251629726205998,0.21164710995219468
0.2725686873092019,0.3061491495856956,0.20846053205407764,0.21282163105102486
0.2681958535509484,0.30966034406704895,0.20732245258050286,0.21482134980149978
0.27256715103478646,0.301629238221048,0.20607661822985468,0.21972699251431088
0.26814428509343763,0.30378096479791394,0.20903954802259886,0.21903520208604954
0.2712014134275618,0.30212014134275617,0.2049469964664311,0.22173144876325088
0.26955002184359983,0.3036260375709917,0.20664045434687636,0.22018348623853212
0.2696678321678322,0.3142482517482518,0.20279720279720279,0.21328671328671328
0.2676678445229682,0.31404593639575973,0.20803886925795054,0.21024734982332155
0.268859649122807,0.3131578947368421,0.2043859649122807,0.21359649122807017
0.2642857142857143,0.3209821428571429,0.20491071428571428,0.20982142857142858
0.2736013986013986,0.3090034965034965,0.20804195804195805,0.20935314685314685
0.2663448881088197,0.30890741553312856,0.209741114523914,0.2150065818341378
0.2588389349628983,0.30597992143168923,0.2073330423395897,0.22784810126582278
0.2619360490582567,0.3009198423127464,0.21287779237844942,0.22426631625054752
0.2618101545253863,0.29845474613686535,0.21368653421633554,0.2260485651214128
0.26681318681318683,0.2953846153846154,0.21318681318681318,0.2246153846153846
0.2654049295774648,0.2975352112676056,0.2130281690140845,0.22403169014084506
0.26430155210643014,0.29490022172949004,0.2106430155210643,0.23015521064301553
0.2643979057591623,0.2862129144851658,0.21596858638743455,0.23342059336823734
0.2586655112651646,0.2907279029462738,0.21967071057192375,0.23093587521663778
0.25317564607971965,0.2890932982917214,0.22382829610162067,0.23390275952693823
0.248894783377542,0.29000884173297964,0.22192749778956675,0.23916887709991158
0.25198237885462554,0.2894273127753304,0.22158590308370044,0.23700440528634362
0.2547294324681038,0.2855257369115706,0.22085349758029035,0.2388913330400352
0.2562747688243065,0.2848965213562307,0.21840598855129897,0.2404227212681638
0.2587108013937282,0.2852787456445993,0.22081881533101044,0.23519163763066203
0.25888547608600265,0.27906976744186046,0.21720052654673103,0.2448442299254059
0.26171529619805484,0.2807250221043324,0.21264367816091953,0.24491600353669318
0.2582897033158813,0.2774869109947644,0.21291448516579406,0.2513089005235602
0.25695364238410595,0.27947019867549666,0.21589403973509932,0.247682119205298
0.25386313465783666,0.27549668874172184,0.21368653421633554,0.25695364238410595
0.26215738284703805,0.27541998231653403,0.20954907161803712,0.25287356321839083
0.25889679715302494,0.27669039145907476,0.2099644128113879,0.25444839857651247
0.2602018429135586,0.2786309784993418,0.20666959192628345,0.2544975866608161
0.25402348847324924,0.2818616789908656,0.21705089169204,0.24706394084384514
0.25309187279151946,0.2747349823321555,0.21908127208480566,0.25309187279151946
0.24706394084384514,0.2770769899956503,0.22183558068725534,0.25402348847324924
0.249889819303658,0.2772146319964742,0.22124283825473778,0.25165271044513
0.2546174142480211,0.27088830255057167,0.22911169744942833,0.24538258575197888
0.24726477024070023,0.27571115973741794,0.2275711159737418,0.24945295404814005
0.2471213463241807,0.26926483613817537,0.22984942426926483,0.2537643932683791
0.24082167832167833,0.27753496503496505,0.23076923076923078,0.2508741258741259
0.25022143489813997,0.2688219663418955,0.22940655447298494,0.25155004428697963
0.25317564607971965,0.2720105124835742,0.23127463863337713,0.24353920280332894
0.24867724867724866,0.2716049382716049,0.23412698412698413,0.24559082892416226
0.25044014084507044,0.2737676056338028,0.23107394366197184,0.24471830985915494
0.25252525252525254,0.2727272727272727,0.23100570926657882,0.2437417654808959
0.25341560158660204,0.2723666813574262,0.2269722344645218,0.24724548259145
0.256140350877193,0.27324561403508774,0.2293859649122807,0.2412280701754386
0.2509942554131684,0.27441449403446755,0.2350861688024746,0.23950508174988952
0.25010893246187366,0.26884531590413946,0.2357298474945534,0.24531590413943355
0.2506631299734748,0.26790450928381965,0.23342175066312998,0.2480106100795756
0.25207152202354993,0.2703881378107283,0.2324465765372874,0.24509376362843435
0.24759825327510918,0.2724890829694323,0.23624454148471616,0.24366812227074236
0.25758241758241757,0.26681318681318683,0.22989010989010988,0.24571428571428572
0.25970017636684306,0.2689594356261023,0.23236331569664903,0.23897707231040563
0.25995623632385123,0.26695842450765866,0.23326039387308534,0.23982494529540482
0.2600264433671221,0.2657558395769061,0.23358307624504188,0.24063464081092992
0.26162018592297476,0.27047366091190794,0.2319610447100487,0.2359451084550686
0.25803610744165567,0.26948480845442535,0.23557904007045355,0.23690004403346543
0.2517605633802817,0.2711267605633803,0.24119718309859156,0.23591549295774647
0.256477821695213,0.2709705753184014,0.23847167325428195,0.23407992973210365
0.25843188786684185,0.26938239159001315,0.2360928602715725,0.2360928602715725
0.25682819383259914,0.2709251101321586,0.23832599118942732,0.23392070484581498
0.25528169014084506,0.2733274647887324,0.23987676056338028,0.23151408450704225
0.2529854046881911,0.27465723131357805,0.24060150375939848,0.23175586023883238
0.25736911570611526,0.2652881654201496,0.2454905411350638,0.23185217773867137
0.2576091751213057,0.26643140714600794,0.24040582267313632,0.23555359505955006
0.2566607460035524,0.2602131438721137,0.24511545293072823,0.23801065719360567
0.259946949602122,0.257736516357206,0.24447391688771,0.23784261715296198
0.26071741032370954,0.2594050743657043,0.2432195975503062,0.23665791776027997
0.26228070175438595,0.2600877192982456,0.2412280701754386,0.23640350877192984
0.25630810092961487,0.2638335546702081,0.2501106684373617,0.2297476759628154
0.25978021978021976,0.2567032967032967,0.250989010989011,0.23252747252747252
0.26233085988651245,0.25796595373199477,0.2492361414229594,0.2304670449585334
0.2649122807017544,0.2530701754385965,0.25043859649122807,0.23157894736842105
0.27132125497127707,0.2554131683605833,0.2465753424657534,0.2266902342023862
0.2664024658740643,0.24922941435490972,0.25055041831792163,0.23381770145310435
0.2647317502198769,0.24714160070360597,0.24934036939313983,0.23878627968337732
0.25970017636684306,0.24426807760141092,0.2535273368606702,0.24250440917107582
0.2637795275590551,0.2484689413823272,0.2458442694663167,0.24190726159230097
0.2542147293700089,0.2524401064773736,0.2502218278615794,0.24312333629103816
0.2566021126760563,0.2539612676056338,0.24691901408450703,0.2425176056338028
0.25229558373414956,0.25623087013554874,0.2474857892435505,0.2439877568867512
0.2545054945054945,0.25978021978021976,0.24615384615384617,0.23956043956043957
0.24911190053285967,0.26598579040852577,0.24866785079928952,0.23623445825932504
0.2479047198941332,0.2615791795324217,0.25011027790030876,0.24040582267313632
0.24315975286849073,0.2612533097969991,0.24757281553398058,0.24801412180052956
0.24426807760141092,0.25793650793650796,0.24779541446208111,0.25
0.2426243945398503,0.2677234698370762,0.24834874504623514,0.2413033905768384
0.24028268551236748,0.27164310954063603,0.24646643109540636,0.2416077738515901
0.24045634050021938,0.27292672224659936,0.24659938569548048,0.24001755155770074
0.24736379613356765,0.26757469244288223,0.2460456942003515,0.2390158172231986
0.249890590809628,0.26652078774617066,0.24201312910284464,0.24157549234135667
0.25207152202354993,0.26995202791103357,0.2381160052333188,0.2398604448320977
0.25726872246696036,0.27048458149779736,0.23171806167400882,0.24052863436123348
0.25066785396260016,0.27560106856634015,0.23241317898486197,0.2413178984861977
0.25418502202643173,0.2674008810572687,0.2286343612334802,0.2497797356828194
0.2507685551163812,0.2692138779095301,0.22793148880105402,0.2520860781730347
0.2546419098143236,0.259946949602122,0.23076923076923078,0.2546419098143236
0.25584472871636527,0.26378473753859727,0.22761358623731803,0.25275694750771943
0.2495583038869258,0.2623674911660777,0.23056537102473498,0.2575088339222615
0.2524357838795394,0.25730735163861823,0.2316209034543844,0.25863596102745795
0.25857519788918204,0.25813544415127526,0.22691292875989447,0.2563764291996482
0.25850640742377373,0.25850640742377373,0.22889969067609367,0.2540874944763588
0.2517636684303351,0.2535273368606702,0.23897707231040563,0.25573192239858905
0.25629695095006627,0.25231992929739283,0.2346442775077331,0.25673884224480775
0.2570796460176991,0.25309734513274335,0.23008849557522124,0.2597345132743363
0.2515391380826737,0.2541776605101143,0.23482849604221637,0.2594547053649956
0.2557117750439367,0.25746924428822493,0.23725834797891038,0.24956063268892795
0.2565584704313028,0.2534459759893286,0.23254779902178746,0.2574477545575811
0.2572304995617879,0.2528483786152498,0.2361963190184049,0.2537248028045574
0.25731760594145914,0.25862822193097423,0.23416339012669288,0.24989078200087375
0.25407309555262,0.26067811536767943,0.23293703214442976,0.2523117569352708
0.24889673433362755,0.2616946160635481,0.23389232127096204,0.25551632833186233
0.2501108647450111,0.2567627494456763,0.23458980044345898,0.25853658536585367
0.2548161120840631,0.2574430823117338,0.23598949211908932,0.2517513134851138
0.25298013245033113,0.2560706401766004,0.23973509933774834,0.25121412803532006
0.2537313432835821,0.2581211589113257,0.237928007023705,0.25021949078138717
0.2512227656736327,0.2565584704313028,0.24277456647398843,0.24944419742107604
0.2504393673110721,0.2557117750439367,0.24340949033391915,0.2504393673110721
0.25308641975308643,0.2566137566137566,0.24118165784832452,0.24911816578483245
0.25418502202643173,0.2537444933920705,0.24493392070484582,0.24713656387665198
0.2528991971454059,0.256021409455843,0.24219446922390722,0.2488849241748439
0.2557218309859155,0.2596830985915493,0.2425176056338028,0.2420774647887324
0.25701754385964914,0.26403508771929823,0.24385964912280703,0.23508771929824562
0.2601410934744268,0.2583774250440917,0.24514991181657847,0.23633156966490299
0.25911286780852,0.26130873956960915,0.24681598594642074,0.23276240667545015
0.2569048662867163,0.2604120999561596,0.24331433581762385,0.23936869793950022
0.2608125819134993,0.26649191786806464,0.24027959807776322,0.2324159021406728
0.25920994229915667,0.2663115845539281,0.24101198402130491,0.2334664891256103
0.2571807335395493,0.2664604507291206,0.2412726469288555,0.2350861688024746
0.25824901011878576,0.2683677958644963,0.2388913330400352,0.2344918609766828
0.2628345765686705,0.2702939885914875,0.23387450636243967,0.23299692847740236
0.261612620508326,0.27957931638913236,0.2331288343558282,0.22567922874671342
0.2672831351827389,0.2818141787758697,0.22324966974900926,0.22765301629238222
0.2676678445229682,0.2826855123674912,0.22393992932862192,0.22570671378091872
0.26071741032370954,0.28083989501312334,0.23097112860892388,0.2274715660542432
0.25574204946996465,0.28091872791519434,0.23719081272084805,0.22614840989399293
0.2564551422319475,0.2787746170678337,0.23894967177242887,0.22582056892778993
0.2576091751213057,0.278341420379356,0.24040582267313632,0.22364358182620203
0.2569048662867163,0.2805786935554581,0.24199912319158265,0.22051731696624288
0.25153374233128833,0.2813321647677476,0.24715162138475022,0.21998247151621383
0.2553657468243539,0.2777047744196233,0.2457293035479632,0.22120017520805957
0.2600264433671221,0.28118113706478626,0.24724548259145,0.2115469369766417
0.2581641659311562,0.2797881729920565,0.2497793468667255,0.2122683142100618
0.2581786030061892,0.27763041556145,0.2471264367816092,0.21706454465075153
0.26501766784452296,0.2769434628975265,0.24381625441696114,0.2142226148409894
0.26262626262626265,0.2779973649538867,0.24418093983311376,0.21519543258673693
0.2655064703257474,0.27219991075412764,0.24230254350736277,0.21999107541276217
0.26701800614844096,0.27053140096618356,0.24154589371980675,0.22090469916556874
0.2613486117232261,0.2666372851476421,0.25209343323049804,0.21992066989863376
0.26449912126537783,0.2671353251318102,0.24648506151142355,0.2218804920913884
0.258193091231178,0.2657218777679362,0.2524357838795394,0.22364924712134632
0.2648342059336824,0.256108202443281,0.2530541012216405,0.22600349040139617
0.26355555555555554,0.26,0.248,0.22844444444444445
0.2655838454784899,0.2664618086040386,0.24231782265144863,0.22563652326602282
0.26486013986013984,0.2718531468531469,0.24125874125874125,0.22202797202797203
0.25895196506550217,0.27379912663755457,0.2445414847161572,0.22270742358078602
0.255124291321413,0.27300479720889664,0.2494548626253816,0.22241604884430877
0.2583922261484099,0.26457597173144876,0.25618374558303886,0.22084805653710246
0.25719267654751526,0.26416739319965127,0.25719267654751526,0.22144725370531823
0.25220848056537104,0.26148409893992935,0.2619257950530035,0.22438162544169613
0.2528533801580334,0.2585601404741001,0.26382791922739246,0.2247585601404741
0.2541998231653404,0.2572944297082228,0.25862068965517243,0.22988505747126436
0.25261324041811845,0.2534843205574913,0.2665505226480836,0.2273519163763066
0.25360734586794925,0.2588543944031482,0.26541320507214694,0.22212505465675558
0.2550306211723535,0.2567804024496938,0.2646544181977253,0.22353455818022747
0.2545612510860122,0.2519548218940052,0.2675933970460469,0.22589052997393572
0.25462555066079295,0.25726872246696036,0.2682819383259912,0.2198237885462555
0.26060070671378094,0.2628091872791519,0.25574204946996465,0.22084805653710246
0.2593242650285213,0.26195699868363315,0.25713032031592803,0.2215884159719175
0.25764966740576495,0.26430155210643014,0.25853658536585367,0.21951219512195122
0.2629253203711887,0.2664604507291206,0.25850640742377373,0.21210782147591692
0.26065934065934065,0.26593406593406593,0.2602197802197802,0.21318681318681318
0.2586054721977052,0.263901147396293,0.2594880847308032,0.21800529567519858
0.2569906790945406,0.26054150022192635,0.26054150022192635,0.22192632046160674
0.25769569041336854,0.2594547053649956,0.26033421284080915,0.22251539138082674
0.25916114790286976,0.25474613686534214,0.258719646799117,0.22737306843267108
0.2605820105820106,0.25308641975308643,0.2619047619047619,0.2244268077601411
0.25738210665491407,0.25253415601586604,0.2719259585720582,0.21815777875716175
0.26067811536767943,0.24746807573756055,0.27080581241743723,0.22104799647732276
0.26301853486319504,0.2506619593998235,0.2678729037952339,0.21844660194174756
0.26175687666370895,0.2546583850931677,0.26441881100266196,0.2191659272404614
0.2653862941946748,0.25491051942383236,0.26233085988651245,0.21737232649498037
0.25768217734855137,0.25417032484635643,0.2708516242317823,0.21729587357330993
0.25763612217795484,0.2536520584329349,0.27224435590969454,0.21646746347941567
0.25930851063829785,0.2570921985815603,0.26817375886524825,0.2154255319148936
0.2613438045375218,0.25392670157068065,0.2643979057591623,0.22033158813263526
0.264783759929391,0.2563989408649603,0.26037069726390116,0.21844660194174756
0.267927848658161,0.258688957325121,0.25604927408710954,0.21733391992960846
0.2632967032967033,0.25758241758241757,0.2549450549450549,0.22417582417582418
0.2592756183745583,0.2623674911660777,0.247791519434629,0.23056537102473498
0.26096491228070173,0.2657894736842105,0.2482456140350877,0.225
0.25999121651295565,0.2635046113306983,0.2494510320597277,0.22705314009661837
0.25862822193097423,0.2691131498470948,0.24508519003931847,0.22717343818261249
0.25388371060807813,0.27430093209054596,0.24855747891699956,0.22325787838437638
0.25435540069686413,0.2635017421602787,0.25261324041811845,0.22952961672473868
0.25894829871851527,0.25806451612903225,0.2545293857711003,0.2284577993813522
0.2567747667703243,0.25633051976899157,0.24877832074633496,0.23811639271434917
0.2553846153846154,0.2589010989010989,0.24879120879120878,0.23692307692307693
0.25806451612903225,0.25894829871851527,0.2483429076447194,0.2346442775077331
0.2561029738126942,0.25255215268530845,0.255659121171771,0.23568575233022637
0.2545616377392078,0.25723186470850024,0.258121940364931,0.23008455718736093
0.26341248900615655,0.2620932277924362,0.2497801231310466,0.2247141600703606
0.26233085988651245,0.2636403317328677,0.25316455696202533,0.2208642514185945
0.26278659611992944,0.25617283950617287,0.2583774250440917,0.222663139329806
0.2664298401420959,0.25754884547069273,0.25266429840142096,0.2233570159857904
0.2628120893561104,0.25229960578186594,0.26018396846254926,0.22470433639947437
0.25919361984935757,0.25299069561364645,0.26406734603455917,0.22374833850243686
0.2570796460176991,0.2557522123893805,0.2676991150442478,0.21946902654867256
0.2606034105815479,0.254919108001749,0.26891123742894624,0.2155662439877569
0.2548330404217926,0.2565905096660808,0.27460456942003514,0.2139718804920914
0.2604259094942325,0.25820763087843834,0.26663708961845606,0.21472937000887313
0.26233085988651245,0.2505456132693147,0.26233085988651245,0.2247926669576604
0.25826355222565006,0.25429704715733803,0.2622300572939621,0.22520934332304982
0.259946949602122,0.25596816976127323,0.2546419098143236,0.22944297082228116
0.2606969563299515,0.250992501102779,0.2642258491398324,0.22408469342743714
0.25826355222565006,0.25165271044513,0.26531511679153813,0.2247686205376818
0.2591289045314562,0.2512098548174219,0.2639683238011439,0.225692916849978
0.2512249443207127,0.25211581291759466,0.26280623608017817,0.23385300668151449
0.26128890837352037,0.24331433581762385,0.2687417799210872,0.22665497588776853
0.2583222370173103,0.24811362627607633,0.2658677319130049,0.22769640479360853
0.2630884293884734,0.24197096348438188,0.2635283765948086,0.23141223053233612
0.2631348511383538,0.23992994746059546,0.2648861646234676,0.23204903677758318
0.26541320507214694,0.2369916921731526,0.2693484914735461,0.22824661128115434
0.2695536897923111,0.2359699513919576,0.26425099425541315,0.23022536456031817
0.2654945054945055,0.23956043956043957,0.2654945054945055,0.22945054945054946
0.268788682581786,0.23121131741821396,0.26746242263483644,0.23253757736516356
0.26897470039946736,0.23302263648468707,0.26142920550377274,0.2365734576120728
0.2688927943760984,0.22715289982425307,0.26537785588752194,0.23857644991212654
0.2712014134275618,0.24028268551236748,0.2588339222614841,0.22968197879858657
0.2770448548812665,0.23614775725593667,0.2541776605101143,0.2326297273526825
0.27480245829675154,0.24319578577699735,0.25548726953467954,0.22651448639157157
0.2779973649538867,0.2362758014931928,0.25384277558190604,0.2318840579710145
0.2851441241685144,0.2394678492239468,0.24700665188470067,0.22838137472283815
0.2820968458462905,0.24078187472234563,0.2492225677476677,0.22789871168369613
0.28355555555555556,0.23777777777777778,0.2511111111111111,0.22755555555555557
0.2824360105913504,0.23168578993821712,0.25507502206531335,0.23080317740511916
0.2745702952842662,0.24460114587924195,0.2560599382988101,0.2247686205376818
0.2804232804232804,0.24603174603174602,0.25308641975308643,0.2204585537918871
0.28097731239092494,0.2399650959860384,0.2513089005235602,0.22774869109947643
0.28171478565179353,0.2384076990376203,0.24934383202099739,0.23053368328958881
0.2834507042253521,0.23767605633802816,0.25044014084507044,0.22843309859154928
0.2774846086191733,0.23966578715919085,0.25285839929639403,0.22999120492524186
0.2757562472599737,0.24331433581762385,0.2516440157825515,0.22928540113985094
0.2766884531590414,0.2440087145969499,0.24793028322440086,0.23137254901960785
0.2803328953131844,0.2413491020586947,0.2483574244415243,0.22996057818659657
0.2789775231379462,0.24151608638166594,0.24944909651829,0.23005729396209784
0.27589246364037023,0.24371970030850595,0.24460114587924195,0.2357866901718819
0.2786526684164479,0.24059492563429571,0.24715660542432197,0.2335958005249344
0.286784140969163,0.2409691629955947,0.24669603524229075,0.22555066079295155
0.28603006189213087,0.2369584438549956,0.2471264367816092,0.22988505747126436
0.2847161572052402,0.2353711790393013,0.24934497816593887,0.23056768558951965
0.28665496049165934,0.23529411764705882,0.24846356453028973,0.2295873573309921
0.28180212014134276,0.232773851590106,0.25309187279151946,0.23233215547703182
0.27583108715184185,0.2371967654986523,0.2560646900269542,0.23090745732255166
0.2773593265396544,0.23305272485600353,0.2565352237483385,0.23305272485600353
0.279826464208243,0.23383947939262473,0.25900216919739694,0.22733188720173536
0.2707597173144876,0.23542402826855124,0.26060070671378094,0.2332155477031802
0.2771618625277162,0.23813747228381374,0.2549889135254989,0.22971175166297117
0.27411610650371016,0.23614142295940638,0.257529463116543,0.23221300742034046
0.2770034843205575,0.23562717770034844,0.2534843205574913,0.23388501742160278
0.2785428698356286,0.23856063971568192,0.24877832074633496,0.23411816970235452
0.2780725022104332,0.22944297082228116,0.2546419098143236,0.23784261715296198
0.27396657871591906,0.23306948109058928,0.2515391380826737,0.24142480211081793
0.2812637121544537,0.23562966213251427,0.2430890741553313,0.24001755155770074
0.2826373626373626,0.24,0.2342857142857143,0.24307692307692308
0.28283712784588444,0.2381786339754816,0.23555166374781086,0.2434325744308231
0.275022143489814,0.2409211691762622,0.24402125775022143,0.2400354295837024
0.2745270567531896,0.2498900131984162,0.23493180818301804,0.24065112186537616
0.27308882015024305,0.2509942554131684,0.23906319045514804,0.23685373398144058
0.2742857142857143,0.24835164835164836,0.23692307692307693,0.24043956043956044
0.2730480811645346,0.24614027348919276,0.2399647110719012,0.24084693427437143
0.27336551118911806,0.24352786309784993,0.23826239578762615,0.2448442299254059
0.27107364685004437,0.24622892635314997,0.24134871339840283,0.24134871339840283
0.2712087912087912,0.2413186813186813,0.23824175824175825,0.24923076923076923
0.27477876106194693,0.23628318584070795,0.24026548672566372,0.24867256637168142
0.2632967032967033,0.25054945054945055,0.23912087912087912,0.24703296703296704
0.263019693654267,0.25339168490153174,0.23894967177242887,0.24463894967177244
0.25916114790286976,0.258719646799117,0.23443708609271524,0.247682119205298
0.25873507297655907,0.2622733303847855,0.24060150375939848,0.23839009287925697
0.25942156003505695,0.26380368098159507,0.2353198948290973,0.24145486415425066
0.2560069899519441,0.2699868938401048,0.23372651813018785,0.24027959807776322
0.25746924428822493,0.26757469244288223,0.23110720562390158,0.2438488576449912
0.25914634146341464,0.27134146341463417,0.23170731707317074,0.23780487804878048
0.25925925925925924,0.2654320987654321,0.2310405643738977,0.24426807760141092
0.2626041209995616,0.26742656729504605,0.22840859272249014,0.24156071898290224
0.25694138386954607,0.2617893345085941,0.2357866901718819,0.24548259144997797
0.25244444444444447,0.2688888888888889,0.23244444444444445,0.24622222222222223
0.24945295404814005,0.27527352297593,0.22932166301969364,0.24595185995623634
0.24524966858152894,0.26999558108705257,0.2346442775077331,0.25011047282368537
0.24441524310118265,0.2728865527814279,0.23565484012264565,0.24704336399474375
0.24922669023420238,0.27971718957136543,0.23552806009721608,0.23552806009721608
0.2568523430592396,0.27630415561450045,0.22988505747126436,0.2369584438549956
0.2509838216003498,0.27678181023174464,0.23567993003935286,0.2365544381285527
0.2556620209059233,0.27918118466898956,0.23170731707317074,0.23344947735191637
0.2632967032967033,0.27604395604395604,0.23384615384615384,0.22681318681318682
0.26085050416483996,0.27093380096448927,0.23235423060061378,0.235861464270057
0.26690234202386215,0.2677861246133451,0.23155103844454264,0.2337604949182501
0.26631853785900783,0.2732811140121845,0.23020017406440382,0.23020017406440382
0.2554131683605833,0.27750773309765797,0.23552806009721608,0.23155103844454264
0.2599645704162976,0.27945084145261295,0.2316209034543844,0.22896368467670505
0.2595217006200177,0.27900797165633306,0.23383525243578387,0.22763507528786536
0.2673702726473175,0.27616534740545295,0.23218997361477572,0.22427440633245382
0.2639193336256028,0.28320911880754057,0.22797018851380974,0.22490135905304692
0.2720491443615621,0.2795085563843791,0.22071083808688022,0.2277314611671786
0.26469307792773183,0.2777535916412712,0.22681758815846756,0.23073574227252938
0.2675496688741722,0.27417218543046357,0.23090507726269316,0.22737306843267108
0.2673702726473175,0.27616534740545295,0.227792436235708,0.22867194371152155
0.2669603524229075,0.2757709251101322,0.22951541850220264,0.2277533039647577
0.2716864817261119,0.2769704975781594,0.22589167767503301,0.22545134302069572
0.2748460861917326,0.2695690413368514,0.22911169744942833,0.2264731750219877
0.2742857142857143,0.2734065934065934,0.22857142857142856,0.22373626373626374
0.2760301284891449,0.2778023925564909,0.22286220646876384,0.22330527248560036
0.2766330556773345,0.27356422621657167,0.22314774221832528,0.22665497588776853
0.26985519964896887,0.2781921895568232,0.21939447125932426,0.23255813953488372
0.272887323943662,0.28125,0.21919014084507044,0.2266725352112676
0.27177242888402625,0.27571115973741794,0.22319474835886213,0.22932166301969364
0.27726675427069647,0.2768287341217696,0.21813403416557162,0.22777047744196233
0.2790798611111111,0.2751736111111111,0.2170138888888889,0.2287326388888889
0.275032794053345,0.28115435067774375,0.20988194140795802,0.23393091386095322
0.2795604395604396,0.26989010989010986,0.2123076923076923,0.23824175824175825
0.2774108322324967,0.27080581241743723,0.21796565389696168,0.23381770145310435
0.27463863337713534,0.27463863337713534,0.21901007446342532,0.231712658782304
0.27382012466607303,0.2715939447907391,0.2195013357079252,0.2350845948352627
0.2752091589608102,0.27212681638044917,0.2175253192426244,0.23513870541611626
0.27486678507992895,0.27175843694493784,0.21758436944937834,0.2357904085257549
0.2759226713532513,0.27240773286467485,0.21704745166959577,0.23462214411247803
0.2745270567531896,0.2745270567531896,0.22217333919929608,0.22877254729432467
0.2690288713910761,0.2742782152230971,0.22178477690288714,0.23490813648293962
0.26830337571240687,0.2783866725120561,0.2209557211749233,0.23235423060061378
0.26573426573426573,0.27666083916083917,0.22552447552447552,0.23208041958041958
0.2633201232937032,0.2756494936151475,0.22501100836635843,0.23601937472479084
0.2623456790123457,0.2786596119929453,0.2244268077601411,0.2345679012345679
0.259946949602122,0.27851458885941643,0.22900088417329797,0.23253757736516356
0.2639193336256028,0.2757562472599737,0.22183252959228408,0.2384918895221394
0.26406734603455917,0.2769162605228179,0.22684980062029242,0.23216659282233051
0.2681958535509484,0.27569475077194533,0.21967357741508603,0.2364358182620203
0.2681958535509484,0.2686369651521835,0.21967357741508603,0.2434936038817821
0.2643171806167401,0.273568281938326,0.21497797356828194,0.24713656387665198
0.2680683311432326,0.27113447218572057,0.21769601401664476,0.24310118265440211
0.2640845070422535,0.269806338028169,0.2205105633802817,0.24559859154929578
0.2678492239467849,0.2682926829268293,0.21906873614190686,0.24478935698447893
0.27048458149779736,0.2682819383259912,0.22334801762114537,0.23788546255506607
0.27352682497801234,0.26824978012313105,0.22383465259454705,0.2343887423043096
0.2648861646234676,0.2745183887915937,0.22504378283712784,0.23555166374781086
0.26563876651982377,0.2757709251101322,0.22378854625550662,0.23480176211453743
0.27208480565371024,0.2712014134275618,0.22173144876325088,0.23498233215547704
0.26818580192813324,0.2703768624014023,0.2252410166520596,0.2361963190184049
0.2695883134130146,0.26516157591854805,0.2288623284639221,0.23638778220451528
0.272887323943662,0.2654049295774648,0.22535211267605634,0.2363556338028169
0.2772626931567329,0.25739514348785875,0.23399558498896247,0.23134657836644593
0.2770658418029165,0.25806451612903225,0.23331860362350862,0.23155103844454264
0.27831010452961674,0.2617595818815331,0.23736933797909407,0.2225609756097561
0.2818703131892369,0.25584472871636527,0.2399647110719012,0.2223202470224967
0.28389084507042256,0.2579225352112676,0.23415492957746478,0.22403169014084506
0.2802294792586055,0.2581641659311562,0.23962930273609886,0.22197705207413945
0.2745270567531896,0.2622085349758029,0.23845138583369996,0.22481302243730752
0.27695004382120947,0.2624890446976337,0.23444347063978965,0.22611744084136723
0.2787102473498233,0.26104240282685515,0.23233215547703182,0.22791519434628976
0.2736098852603707,0.26257722859664606,0.23300970873786409,0.23080317740511916
0.27881687690300133,0.26098303610265333,0.234884732492388,0.22531535450195736
0.27674624226348365,0.25862068965517243,0.23253757736516356,0.23209549071618038
0.2742653606411398,0.26714158504007124,0.22217275155832591,0.23642030276046305
0.2760898282694848,0.2575957727873184,0.22985468956406868,0.23645970937912814
0.27440633245382584,0.26341248900615655,0.22955145118733508,0.2326297273526825
0.27971718957136543,0.2633672116659302,0.2266902342023862,0.23022536456031817
0.2743131269079808,0.26384648931530746,0.22808547754034017,0.23375490623637157
0.27025843188786686,0.2671922908453789,0.22820849759088918,0.23434077967586509
0.26810004387889425,0.26239578762615184,0.23036419482229048,0.23913997367266346
0.2696824706394084,0.2614180078294911,0.22836015658982167,0.2405393649412788
0.269687637483502,0.258688957325121,0.2278926528816542,0.24373075230972283
0.271960958296362,0.25332741792369123,0.22582076308784382,0.24889086069210292
0.27055702917771884,0.2519893899204244,0.22855879752431477,0.248894783377542
0.2712014134275618,0.25309187279151946,0.22968197879858657,0.24602473498233215
0.2723292469352014,0.2535026269702277,0.23161120840630472,0.2425569176882662
0.2765017667844523,0.25618374558303886,0.22128975265017667,0.24602473498233215
0.2742857142857143,0.25274725274725274,0.22417582417582418,0.24879120879120878
0.2697715289982425,0.2521968365553603,0.22978910369068542,0.2482425307557118
0.27804663440387156,0.2507699076110867,0.22525296964364278,0.24593048834139902
0.2720070422535211,0.2522007042253521,0.22359154929577466,0.2522007042253521
0.27660510114335973,0.24934036939313983,0.22251539138082674,0.2515391380826737
0.2837189000436491,0.24006983849847227,0.2221737232649498,0.25403753819292885
0.27924362357080035,0.23746701846965698,0.22735268249780125,0.2559366754617414
0.27676588183029766,0.2363394047090182,0.22567747667703242,0.2612172367836517
0.2812637121544537,0.23036419482229048,0.2242211496270294,0.2641509433962264
0.28118113706478626,0.23666813574261789,0.22520934332304982,0.25694138386954607
0.2751766784452297,0.23763250883392226,0.22703180212014135,0.26015901060070673
0.2745183887915937,0.23380035026269702,0.23073555166374782,0.2609457092819615
0.2799303439268611,0.22986504135829341,0.23073574227252938,0.2594688724423161
0.28483516483516486,0.22989010989010988,0.22681318681318682,0.25846153846153846
0.287215411558669,0.22898423817863398,0.22285464098073554,0.2609457092819615
0.2777292576419214,0.23231441048034934,0.23275109170305677,0.2572052401746725
0.27496700395952484,0.23625164980202376,0.23405191377034756,0.2547294324681038
0.27486910994764396,0.2395287958115183,0.23298429319371727,0.2526178010471204
0.2745270567531896,0.2309722833260009,0.2336119665640123,0.2608886933567972
0.2693498452012384,0.24237063246351173,0.23396727111897392,0.254312251216276
0.26795945350374617,0.24548259144997797,0.23358307624504188,0.25297487880123404
0.27070619006102875,0.24411508282476024,0.22711421098517873,0.25806451612903225
0.27053140096618356,0.24286341677646026,0.22968818620992534,0.25691699604743085
0.26821773485513606,0.24363476733977174,0.2247585601404741,0.2633889376646181
0.2605633802816901,0.24779929577464788,0.22579225352112675,0.2658450704225352
0.2613784135240572,0.24750758560901603,0.23016905071521457,0.2609449501517122
0.2608311229000884,0.24624226348364278,0.23076923076923078,0.26215738284703805
0.25631929046563195,0.2492239467849224,0.23059866962305986,0.2638580931263858
0.26073483842408146,0.24524125719344844,0.2359451084550686,0.2580787959274015
0.25558965366067515,0.24068391056554142,0.2367382726874178,0.26698816308636564
0.2531924262439454,0.2408630559225011,0.23381770145310435,0.27212681638044917
0.25711782742006134,0.23390275952693823,0.23346473937801138,0.27551467367498905
0.25054945054945055,0.24175824175824176,0.23868131868131867,0.269010989010989
