R,A,S,N
1.0,0.0,0.0,0.0
0.5,0.0,0.0,0.5
0.42857142857142855,0.2857142857142857,0.0,0.2857142857142857
0.3333333333333333,0.16666666666666666,0.16666666666666666,0.3333333333333333
0.4,0.2,0.13333333333333333,0.26666666666666666
0.32,0.2,0.24,0.24
0.3611111111111111,0.19444444444444445,0.2222222222222222,0.2222222222222222
0.41509433962264153,0.20754716981132076,0.1509433962264151,0.22641509433962265
0.3974358974358974,0.19230769230769232,0.16666666666666666,0.24358974358974358
0.37272727272727274,0.20909090909090908,0.18181818181818182,0.23636363636363636
0.36054421768707484,0.2108843537414966,0.20408163265306123,0.22448979591836735
0.35195530726256985,0.17318435754189945,0.2346368715083799,0.24022346368715083
0.3482142857142857,0.16517857142857142,0.25892857142857145,0.22767857142857142
0.35,0.15384615384615385,0.27692307692307694,0.21923076923076923
0.3490566037735849,0.1540880503144654,0.2578616352201258,0.2389937106918239
0.324468085106383,0.14627659574468085,0.26595744680851063,0.2632978723404255
0.327313769751693,0.1309255079006772,0.26410835214446954,0.27765237020316025
0.31861804222648754,0.12859884836852206,0.272552783109405,0.2802303262955854
0.3225283630470016,0.13614262560777957,0.2576985413290113,0.28363047001620745
0.30337078651685395,0.13623595505617977,0.2696629213483146,0.2907303370786517
0.30886075949367087,0.12784810126582277,0.26582278481012656,0.2974683544303797
0.31158605174353204,0.12935883014623173,0.26209223847019125,0.296962879640045
0.3080040526849038,0.11955420466058764,0.2674772036474164,0.3049645390070922
0.3186409550045914,0.12213039485766758,0.2598714416896235,0.29935720844811753
0.3171355498721228,0.12702472293265132,0.2608695652173913,0.2949701619778346
0.3188854489164087,0.1323529411764706,0.25232198142414863,0.2964396284829721
0.3202614379084967,0.13507625272331156,0.2541757443718228,0.29048656499636893
0.3274215552523875,0.1377899045020464,0.257162346521146,0.2776261937244202
0.3250814332247557,0.14201954397394137,0.2553745928338762,0.2775244299674267
0.3207317073170732,0.13841463414634148,0.26097560975609757,0.27987804878048783
0.31990659661412724,0.14185639229422067,0.2562755399883246,0.2819614711033275
0.32048458149779735,0.15143171806167402,0.2505506607929515,0.2775330396475771
0.3166491043203372,0.1554267650158061,0.256059009483667,0.2718651211801897
0.31746031746031744,0.14797747055811572,0.257552483358935,0.27700972862263185
0.31231527093596056,0.1522167487684729,0.25270935960591134,0.2827586206896552
0.3183139534883721,0.15503875968992248,0.24660852713178294,0.2800387596899225
0.3135954523922312,0.15253434391283752,0.2510658455708195,0.2828043581241118
0.31002331002331,0.1585081585081585,0.24475524475524477,0.2867132867132867
0.31061659712563744,0.15948076031525266,0.24524802967083914,0.28465461288827076
0.3121791880541297,0.1628558096126925,0.24265048996733551,0.28231451236584226
0.3128181397501157,0.16751503933364184,0.24571957427117075,0.27394724664507175
0.3144144144144144,0.17072072072072073,0.2391891891891892,0.2756756756756757
0.31725079654073735,0.16977696859353664,0.23031406463359125,0.28265817023213474
0.32102143182854537,0.1659826721386229,0.22982216142270862,0.28317373461012313
0.32466940264477884,0.1691746466028272,0.22389420884632924,0.28226174190606473
0.33166058394160586,0.16697080291970803,0.21943430656934307,0.28193430656934304
0.333950903195924,0.16998610467809172,0.21445113478462252,0.28161185734136174
0.32769652650822667,0.17047531992687387,0.21617915904936014,0.2856489945155393
0.3289233576642336,0.1729014598540146,0.21350364963503649,0.2846715328467153
0.33348436792025377,0.17535115541458995,0.21341187131853195,0.2777526053466244
0.3295761947700631,0.17312894499549145,0.2146077547339946,0.28268710550045084
0.3357466063348416,0.17601809954751133,0.21131221719457013,0.27692307692307694
0.341518872214643,0.17235106866757616,0.20691223283310595,0.27921782628467484
0.3410221619176843,0.1759384893713252,0.20398009950248755,0.27905924920850295
0.3443072702331962,0.17101051668952905,0.20256058527663465,0.28212162780064015
0.3441295546558704,0.1731893837156995,0.197480881691408,0.28520017993702207
0.34754990925589835,0.16878402903811252,0.19600725952813067,0.28765880217785844
0.35892776010904137,0.1635620172648796,0.1930940481599273,0.28441617446615175
0.3674671499773448,0.1617580425917535,0.1961939284096058,0.27458087902129585
0.3663186563776668,0.16295960054471176,0.19473445301861098,0.27598729005901046
0.36974037600716203,0.1638316920322292,0.19203222918531782,0.27439570277529096
0.3767337807606264,0.1610738255033557,0.19239373601789708,0.2697986577181208
0.37634892086330934,0.16232014388489208,0.19379496402877697,0.2675359712230216
0.3797692990239574,0.16459627329192547,0.18855368234250222,0.2670807453416149
0.38586222422332284,0.15983791085096805,0.18505177847816298,0.26924808644754616
0.3931003177485247,0.16068996822514753,0.1811166591012256,0.26509305492510216
0.3940754039497307,0.1651705565529623,0.1813285457809695,0.2594254937163375
0.39846570397111913,0.16425992779783394,0.17509025270758122,0.2621841155234657
0.39883616830796775,0.16875559534467324,0.17054610564010744,0.26186213070725156
0.4052703316674239,0.1676510676965016,0.16492503407542025,0.26215356656065425
0.40703971119133575,0.16335740072202165,0.1651624548736462,0.2644404332129964
0.4121929026387625,0.16151046405823477,0.16560509554140126,0.2606915377616015
0.41005890348889895,0.16810149524241053,0.16583597643860443,0.2560036248300861
0.4133393829401089,0.16787658802177857,0.16152450090744103,0.2572595281306715
0.41875284478834773,0.1615839781520255,0.15976331360946747,0.2598998634501593
0.42193140794223827,0.16696750902527077,0.15478339350180506,0.2563176895306859
0.42542677448337823,0.16576819407008087,0.14734950584007186,0.261455525606469
0.43268797838811346,0.1683926159387663,0.14678072940117065,0.2521386762719496
0.4340634778721502,0.16495306213679034,0.1470719713902548,0.25391148860080465
0.4422990570273911,0.16704086214638528,0.14728334081724292,0.24337674000898069
0.448868778280543,0.1678733031674208,0.1416289592760181,0.2416289592760181
0.4579397210976158,0.1632928475033738,0.14080071974808817,0.23796671165092217
0.4636896707262066,0.16057735678845286,0.14208389715832206,0.2336490753270185
0.4714475431606906,0.15626383355467022,0.1394422310756972,0.23284639220894202
0.4747974797479748,0.15706570657065708,0.13771377137713772,0.2304230423042304
0.47470641373080397,0.15221318879855464,0.14046973803071364,0.23261065943992773
0.47868999551368324,0.15388066397487662,0.13279497532525797,0.23463436518618214
0.4917225950782998,0.1552572706935123,0.12572706935123043,0.2272930648769575
0.4835409252669039,0.1583629893238434,0.12722419928825623,0.23087188612099643
0.4879679144385027,0.15953654188948307,0.12522281639928698,0.22727272727272727
0.48958794860434207,0.1595037660611431,0.12494461674789543,0.2259636685866194
0.49122807017543857,0.16059379217273953,0.12550607287449392,0.22267206477732793
0.5011256190904998,0.1535344439441693,0.12246735704637551,0.22287257991895543
0.5045454545454545,0.16,0.11954545454545455,0.2159090909090909
0.5147849462365591,0.15636200716845877,0.11827956989247312,0.21057347670250895
0.5194518125552609,0.15075154730327145,0.11317418213969938,0.21662245800176835
0.5313194135939583,0.14971123944913373,0.10928476232785429,0.20968458462905376
0.5328888888888889,0.14577777777777778,0.10888888888888888,0.21244444444444444
0.533868092691622,0.14304812834224598,0.11096256684491979,0.21212121212121213
0.5461776403004861,0.136986301369863,0.10870525850640743,0.20813079982324348
0.5414266725742135,0.1382365972529907,0.11032343819229065,0.21001329198050508
0.5597680642283676,0.13470115967885815,0.10437109723461195,0.20115967885816236
0.5726534296028881,0.1286101083032491,0.10379061371841156,0.19494584837545126
0.5790416480071653,0.12718316166592028,0.10837438423645321,0.18540080609046125
0.5790408525754884,0.1261101243339254,0.10746003552397869,0.18738898756660746
0.5796579657965797,0.12106210621062106,0.10801080108010801,0.19126912691269127
0.5839610101905184,0.11962782454585734,0.10633584404076207,0.19007532122286222
0.5902288732394366,0.11355633802816902,0.10475352112676056,0.1914612676056338
0.5937084625609216,0.11475409836065574,0.10057598582188747,0.1909614532565352
0.5865470852017938,0.11748878923766816,0.10044843049327354,0.19551569506726457
0.5996384997740624,0.11070944419340262,0.09805693628558518,0.19159511974694984
0.6066012488849242,0.10704727921498662,0.09768064228367529,0.1886708296164139
0.6104885701479157,0.10488570147915732,0.09412819363514119,0.19049753473778575
0.6115367282559712,0.10274898602974313,0.09689049121225778,0.18882379450202794
0.6215262461402735,0.09836788707543008,0.09307454786060873,0.18703131892368768
0.6131031429836211,0.09827357237715803,0.09650287737937141,0.1921204072598495
0.6156236129604972,0.09720372836218376,0.09276520195295163,0.19440745672436752
0.6202643171806167,0.0920704845814978,0.08898678414096917,0.1986784140969163
0.6260560248999555,0.08848377056469542,0.0871498443752779,0.19831036016007114
0.6294505494505495,0.08527472527472528,0.08791208791208792,0.19736263736263737
0.624944909651829,0.0868223887174967,0.08550022036139268,0.20273248126928162
0.6295805739514349,0.0869757174392936,0.08520971302428255,0.19823399558498897
0.6264470169189671,0.08459483526268922,0.085040071237756,0.20391807658058772
0.6285714285714286,0.08303571428571428,0.08482142857142858,0.20357142857142857
0.6308307418924922,0.08174144824522435,0.08262994224788983,0.2047978676143936
0.6362819937135159,0.07903008531656938,0.08352043107319264,0.20116748989672203
0.6407766990291263,0.08164165931156223,0.0825242718446602,0.19505736981465135
0.6482727680574248,0.08075370121130551,0.08075370121130551,0.1902198295199641
0.6451897616946161,0.08120035304501325,0.07987643424536628,0.19373345101500442
0.6572454015253477,0.07895917451772096,0.07851054284432481,0.18528488111260655
0.655590480466996,0.0794791198922317,0.07184553210597217,0.19308486753480017
0.6558035714285714,0.078125,0.06875,0.19732142857142856
0.6648769574944071,0.08053691275167785,0.06263982102908278,0.1919463087248322
0.6693476318141197,0.07953529937444147,0.06300268096514745,0.18811438784629134
0.6687306501547987,0.08182220256523662,0.06324635117204777,0.18620079610791684
0.669029685423128,0.0815241470979176,0.06247230837394772,0.18697385910500663
0.6714285714285714,0.08125,0.061160714285714284,0.1861607142857143
0.666519629466255,0.08204675782973092,0.06043228936921041,0.1910013233348037
0.6755674232309746,0.08322207387627949,0.05829995549621718,0.1829105473965287
0.6769638128861429,0.08075904677846425,0.057811120917917035,0.18446601941747573
0.6799468791500664,0.0796812749003984,0.056219566179725546,0.18415227976980966
0.6815942678011644,0.07836990595611286,0.05508284818629646,0.18495297805642633
0.6814004376367615,0.07702407002188184,0.05645514223194748,0.1851203501094092
0.6807760141093474,0.07936507936507936,0.05423280423280423,0.18562610229276896
0.6851272889682894,0.07592675301473872,0.05582849486377847,0.18311746315319338
0.688230008984726,0.07232704402515723,0.05615453728661276,0.18328840970350405
0.694816800714924,0.07462019660411082,0.05227882037533512,0.17828418230563003
0.6961572832886506,0.07640750670241286,0.05361930294906166,0.17381590705987487
0.6961301671064204,0.07563764291996482,0.05013192612137203,0.17810026385224276
0.6919037199124727,0.07921225382932166,0.05076586433260394,0.17811816192560176
0.6904553415061296,0.08056042031523643,0.053415061295971976,0.175569176882662
0.69375,0.08125,0.05044642857142857,0.17455357142857142
0.6967654986522911,0.07951482479784366,0.05211141060197664,0.17160826594788858
0.6974335884736605,0.08104457451598379,0.05222872579918955,0.16929311121116614
0.6909009812667262,0.08117752007136485,0.0504014272970562,0.17752007136485282
0.6985878199470432,0.0820829655781112,0.04810238305383936,0.17122683142100617
0.7026789635485288,0.08168642951251646,0.046991655687307864,0.1686429512516469
0.7019486271036315,0.08104517271922054,0.04561558901682905,0.17139061116031887
0.7052353717553893,0.08051033875934888,0.04179498460184778,0.172459304883414
0.7087765957446809,0.07934397163120567,0.04343971631205674,0.16843971631205673
0.7107800175284837,0.07581069237510955,0.043382997370727434,0.17002629272567923
0.7200883002207505,0.07417218543046358,0.0423841059602649,0.16335540838852097
0.7157427937915742,0.070509977827051,0.04523281596452328,0.16851441241685144
0.7236203090507727,0.07152317880794702,0.04370860927152318,0.16114790286975716
0.7209920283436669,0.0704162976085031,0.0420726306465899,0.16651904340124005
0.7172751558325913,0.06544968833481746,0.043187889581478185,0.1740872662511131
0.7214063195371606,0.06853582554517133,0.044058744993324434,0.16599910992434358
0.7172566371681416,0.07168141592920355,0.04469026548672567,0.1663716814159292
0.7178349600709849,0.07320319432120674,0.044365572315882874,0.16459627329192547
0.7185974256546827,0.07279183311140701,0.04438526409232135,0.164225477141589
0.7177777777777777,0.07111111111111111,0.044,0.1671111111111111
0.7153641207815276,0.07593250444049733,0.044849023090586145,0.163854351687389
0.717766947275144,0.07044749667700487,0.04519273371732388,0.16659282233052725
0.7223214285714286,0.06696428571428571,0.04776785714285714,0.16294642857142858
0.7230837394771821,0.06734603455914931,0.04873726185201595,0.16083296411165263
0.7228596646072374,0.07105030891438659,0.04589585172109444,0.16019417475728157
0.7249119718309859,0.06866197183098592,0.04753521126760563,0.15889084507042253
0.724307417336908,0.0679177837354781,0.04870420017873101,0.15907059874888294
0.7245989304812834,0.0677361853832442,0.04946524064171123,0.15819964349376114
0.7246764837126283,0.07050423917893797,0.05042391789379741,0.15439535921463632
0.7217545414266726,0.07266282676118742,0.052281789986708016,0.153300841825432
0.7227373068432671,0.07593818984547461,0.04988962472406181,0.15143487858719648
0.7240461401952085,0.07187222715173026,0.05146406388642413,0.1526175687666371
0.7375165709235528,0.06937693327441449,0.04639858594785683,0.14670790985417587
0.739227010217681,0.06796979120390938,0.04575744113727232,0.14704575744113726
0.7388026607538802,0.07139689578713969,0.04301552106430155,0.1467849223946785
0.733099209833187,0.07155399473222125,0.04697102721685689,0.14837576821773485
0.7271925958572059,0.06875275451740855,0.048920229175848394,0.15513442044953724
0.7254641909814323,0.06984969053934571,0.04907161803713528,0.15561450044208666
0.7217813051146384,0.07142857142857142,0.04717813051146384,0.15961199294532627
0.7195767195767195,0.07142857142857142,0.046296296296296294,0.1626984126984127
0.7253521126760564,0.0682218309859155,0.04357394366197183,0.16285211267605634
0.725,0.06651785714285714,0.044642857142857144,0.16383928571428572
0.7296099290780141,0.06914893617021277,0.04343971631205674,0.15780141843971632
0.7330415754923414,0.06783369803063458,0.043326039387308536,0.15579868708971553
0.7303964757709251,0.07136563876651983,0.04405286343612335,0.15418502202643172
0.728193832599119,0.06828193832599119,0.048458149779735685,0.15506607929515417
0.7328888888888889,0.06666666666666667,0.04533333333333334,0.15511111111111112
0.7436123348017621,0.06343612334801763,0.04405286343612335,0.14889867841409693
0.7395369545859305,0.06455921638468388,0.0458593054318789,0.15004452359750667
0.7475770925110132,0.06916299559471366,0.042731277533039645,0.14052863436123347
0.751427316644708,0.06938954765041722,0.04216073781291173,0.1370223978919631
0.7489986648865153,0.06853582554517133,0.04450378282153983,0.13796172674677348
0.7587428065515714,0.06418769366976539,0.04205400619743249,0.13501549358123063
0.7600877192982456,0.06315789473684211,0.04035087719298246,0.13640350877192983
0.7546419098143236,0.06542882404951371,0.04155614500442087,0.13837312113174183
0.7503325942350333,0.06696230598669622,0.04124168514412417,0.14146341463414633
0.7479028697571743,0.06357615894039735,0.04105960264900662,0.14746136865342163
0.7496682883679787,0.06368863334807608,0.042459088898717384,0.14418398938522778
0.7541276215975011,0.06470325747434182,0.038375725122713075,0.142793395805444
0.7544483985765125,0.06761565836298933,0.036476868327402136,0.14145907473309607
0.7560760053026956,0.06407423773751657,0.03711886875828546,0.14273088820150243
0.7543008381120423,0.06263784737538597,0.03970004411116013,0.14336127040141156
0.7539752650176679,0.06139575971731449,0.037985865724381625,0.14664310954063603
0.7595217006200177,0.06023029229406555,0.03675819309123118,0.14348981399468555
0.7612533097969991,0.0617828773168579,0.03927625772285966,0.13768755516328332
0.7694717994628469,0.06311548791405551,0.03491495076096687,0.13249776186213072
0.7658536585365854,0.06385809312638581,0.031929046563192905,0.13835920177383593
0.7669902912621359,0.06310679611650485,0.03000882612533098,0.13989408649602825
0.765929203539823,0.06592920353982301,0.02654867256637168,0.1415929203539823
0.7616279069767442,0.06887298747763863,0.02728085867620751,0.14221824686940965
0.7651481645289695,0.06457319770013269,0.02786377708978328,0.14241486068111456
0.7713143872113677,0.06216696269982238,0.02575488454706927,0.14076376554174067
0.7671840354767184,0.06341463414634146,0.02926829268292683,0.1401330376940133
0.7693677649154052,0.06411398040961709,0.031166518254674976,0.13535173642030277
0.7682060390763765,0.06394316163410302,0.03108348134991119,0.13676731793960922
0.766725352112676,0.06382042253521127,0.03125,0.1382042253521127
0.7755466309683177,0.06291834002677377,0.031236055332440876,0.13029897367246765
0.7803697183098591,0.058098591549295774,0.032570422535211266,0.1289612676056338
0.7786058746163963,0.057430951337132836,0.03244191144234985,0.131521262604121
0.7775310834813499,0.05728241563055062,0.03197158081705151,0.13321492007104796
0.7822085889570553,0.056091148115687994,0.030236634531113058,0.13146362839614373
0.782799473453269,0.05704256252742431,0.03203159280386134,0.12812637121544537
0.7840354767184036,0.05543237250554324,0.03414634146341464,0.12638580931263857
0.7844789356984478,0.055875831485587585,0.03370288248337029,0.12594235033259424
0.7873462214411248,0.05536028119507909,0.03646748681898067,0.12082601054481547
0.7816869643662607,0.05548037889039242,0.03924221921515562,0.12359043752819125
0.7898745519713262,0.053315412186379925,0.038978494623655914,0.117831541218638
0.7849557522123893,0.05309734513274336,0.04070796460176991,0.12123893805309735
0.7846358792184724,0.050621669626998225,0.03996447602131439,0.12477797513321492
0.7790543526292532,0.053468846663720725,0.040653999116217414,0.12682280159080866
0.786660777385159,0.04991166077738516,0.04240282685512368,0.12102473498233215
0.7813191677733511,0.049136786188579015,0.044710048694112436,0.1248339973439575
0.7844258688957325,0.0475142982842059,0.0431148262208535,0.1249450065992081
0.7911843276936776,0.04674977738201247,0.04229741763134461,0.11976847729296528
0.7920177383592018,0.04656319290465632,0.042572062084257206,0.1188470066518847
0.7932098765432098,0.04717813051146384,0.04056437389770723,0.11904761904761904
0.7930119416187528,0.05042016806722689,0.03759398496240601,0.11897390535161433
0.7924611973392461,0.049223946784922396,0.04124168514412417,0.11707317073170732
0.7908930150309461,0.050397877984084884,0.04155614500442087,0.11715296198054818
0.7905735882614495,0.05157847932414406,0.04313028012449978,0.11471765228990663
0.7962466487935657,0.049597855227882036,0.04244861483467382,0.11170688114387846
0.80248557478917,0.04749223257878384,0.04438526409232135,0.10563692853972481
0.797146678555506,0.049041462327240305,0.04458314757021846,0.10922871154703521
0.7948943661971831,0.047975352112676055,0.042693661971830985,0.11443661971830986
0.7982261640798226,0.04567627494456763,0.042572062084257206,0.11352549889135255
0.7967008470798038,0.04770396790013375,0.04458314757021846,0.11101203744984396
0.79567519858782,0.04589585172109444,0.04501323918799647,0.11341571050308914
0.7970822281167109,0.042440318302387266,0.04774535809018567,0.11273209549071618
0.8040421792618629,0.0421792618629174,0.04701230228471002,0.10676625659050967
0.8031042128603104,0.04301552106430155,0.04567627494456763,0.1082039911308204
0.7997353330392589,0.0458756065284517,0.04631671812968681,0.10807234230260256
0.7997341603898981,0.04652193176783341,0.046964997784669914,0.10677891005759858
0.7956463793869392,0.04620168813860506,0.04931141714793425,0.10884051532652154
0.7959910913140312,0.042316258351893093,0.05033407572383074,0.111358574610245
0.7971718957136544,0.044631020768890854,0.04904993371630579,0.10914714980114892
0.8039041703637977,0.0417036379769299,0.048802129547471165,0.10559006211180125
0.8084918177797434,0.03936311366651924,0.04909332153914197,0.10305174701459531
0.808454425363276,0.04007045354469397,0.04667547335975341,0.10479964773227653
0.8029036515618125,0.040475142982842056,0.048834139903211615,0.10778706555213374
0.7983304042179262,0.04261862917398945,0.05052724077328647,0.10852372583479789
0.7977678571428571,0.04330357142857143,0.05223214285714286,0.10669642857142857
0.8073192239858906,0.04056437389770723,0.048500881834215165,0.10361552028218694
0.8069025775447793,0.04062909567496723,0.05111402359108781,0.10135430318916558
0.8018741633199464,0.04462293618920125,0.05176260597947345,0.10174029451137885
0.8023100844069303,0.04531319413593958,0.04931141714793425,0.10306530430919592
0.8011463844797179,0.04717813051146384,0.05291005291005291,0.09876543209876543
0.8004405286343612,0.04757709251101322,0.05286343612334802,0.09911894273127753
0.8053485313459009,0.046470846120122755,0.05085488820692679,0.09732573432704954
0.804984696108439,0.047660690861390465,0.04984696108439003,0.0975076519457805
0.8046840477242598,0.05037560760053027,0.05037560760053027,0.09456473707467963
0.8016601135867191,0.04674530362603757,0.05548274355613805,0.09611183923110529
0.8010517090271692,0.049079754601226995,0.05346187554776512,0.09640666082383874
0.7976827094474154,0.049910873440285206,0.05392156862745098,0.09848484848484848
0.8016971862438589,0.049575703439035286,0.053595355069227336,0.09513175524787852
0.7989371124889283,0.046944198405668734,0.0562444641275465,0.09787422497785651
0.8004385964912281,0.04692982456140351,0.05482456140350877,0.09780701754385965
0.7989464442493416,0.053555750658472345,0.050921861281826165,0.09657594381035997
0.7943136383829409,0.05286539315859618,0.05730786317192359,0.09551310528653932
0.7985958753839403,0.050460728389644584,0.05704256252742431,0.09390083369899078
0.7998244073748902,0.048287971905179985,0.056189640035118525,0.09569798068481124
0.8038783605112384,0.04847950639048039,0.05244601145879242,0.09519612163948876
0.8031844316674038,0.05042016806722689,0.05263157894736842,0.09376382131800089
0.8050961108627627,0.050514081358962896,0.052302190433616454,0.09208761734465802
0.8070796460176991,0.047345132743362835,0.05221238938053097,0.09336283185840707
0.810762331838565,0.04932735426008968,0.05022421524663677,0.08968609865470852
0.8125277654375833,0.046645935139937804,0.051088405153265216,0.08973789426921368
0.8134097926775474,0.04455227172474636,0.049845610939567714,0.09219232465813851
0.8161535029004908,0.041499330655957165,0.04819277108433735,0.09415439535921463
0.8197083517454706,0.04197967300044189,0.04639858594785683,0.09191338930623066
0.8203991130820399,0.043458980044345896,0.04434589800443459,0.0917960088691796
0.8220858895705522,0.04294478527607362,0.046012269938650305,0.08895705521472393
0.8222025652366209,0.044228217602830605,0.04599734630694383,0.0875718708536046
0.8177383592017738,0.04878048780487805,0.04434589800443459,0.08913525498891353
0.8157072735385988,0.049531459170013385,0.04596162427487729,0.08879964301651048
0.8137472283813747,0.05144124168514413,0.049223946784922396,0.08558758314855876
0.8156845369960124,0.05050952591936198,0.04918032786885246,0.08462560921577315
0.8160564622849581,0.050286722540802825,0.048963387737097484,0.0846934274371416
0.814749000444247,0.04842292314526877,0.05153265215459796,0.08529542425588628
0.8175376439326838,0.048715677590788306,0.05004428697962799,0.08370239149689991
0.8176600441501104,0.04812362030905077,0.052538631346578366,0.08167770419426049
0.8127753303964758,0.04889867841409692,0.051982378854625554,0.08634361233480176
0.8088752196836555,0.050966608084358524,0.054042179261862916,0.08611599297012303
0.8073516386182462,0.050487156775907885,0.05358724534986714,0.08857395925597875
0.8099467140319716,0.04884547069271759,0.05328596802841918,0.08792184724689166
0.8064802485574789,0.04837993786063027,0.0559254327563249,0.08921438082556592
0.7985675917636527,0.048791405550581916,0.05640107430617726,0.09623992837958818
0.799820868786386,0.05105239587998209,0.05553067622033139,0.09359605911330049
0.799469964664311,0.05079505300353357,0.05653710247349823,0.09319787985865724
0.8048021342819031,0.048465984882169855,0.055135615829257446,0.09159626500666963
0.8078774617067833,0.04901531728665208,0.052954048140043765,0.09015317286652079
0.8105726872246696,0.04889867841409692,0.05418502202643172,0.08634361233480176
0.8125,0.04831560283687943,0.050975177304964536,0.08820921985815602
0.8103448275862069,0.04995579133510168,0.05305039787798409,0.08664898320070734
0.8169386854874283,0.050286722540802825,0.049404499338332596,0.08337009263343625
0.8196428571428571,0.04776785714285714,0.048214285714285716,0.084375
0.8210065645514223,0.04945295404814004,0.045076586433260395,0.08446389496717724
0.8199199644286349,0.050689195197865716,0.04668741662961316,0.08270342374388617
0.8286093888396812,0.04827280779450841,0.046058458813108945,0.07705934455270151
0.8279049295774648,0.04621478873239437,0.04533450704225352,0.08054577464788733
0.8311287477954145,0.047619047619047616,0.045414462081128745,0.07583774250440917
0.8271604938271605,0.04982363315696649,0.04585537918871252,0.07716049382716049
0.8266431407146008,0.05161005734450816,0.04631671812968681,0.07543008381120424
0.8275862068965517,0.05172413793103448,0.044650751547303275,0.07603890362511052
0.8336259877085163,0.046532045654082525,0.041264266900790166,0.07857769973661106
0.8356164383561644,0.04728236853733982,0.03932832523199293,0.07777286787450287
0.834070796460177,0.04911504424778761,0.03938053097345133,0.07743362831858407
0.8354710305174702,0.04820875718708536,0.040689960194604156,0.07563025210084033
0.8328173374613003,0.04997788589119859,0.03759398496240601,0.07961079168509509
0.8395061728395061,0.05114638447971781,0.03350970017636684,0.07583774250440917
0.8399822695035462,0.05319148936170213,0.03235815602836879,0.07446808510638298
0.8392070484581498,0.052422907488986786,0.035682819383259914,0.07268722466960352
0.8362293657688966,0.05386620330147698,0.036490008688097306,0.07341442224152911
0.8348017621145375,0.05286343612334802,0.03524229074889868,0.07709251101321586
0.832375055285272,0.0513047324192835,0.040689960194604156,0.07563025210084033
0.8285077951002228,0.049888641425389756,0.042316258351893093,0.07928730512249443
0.8289414917373827,0.05091558731576597,0.03930326038410004,0.08083966056275123
0.8372195336559612,0.04663440387153542,0.0365156181258249,0.0796304443466784
0.8367437722419929,0.04848754448398576,0.03870106761565836,0.076067615658363
0.8302139037433155,0.05258467023172905,0.040998217468805706,0.07620320855614973
0.8291390728476821,0.05077262693156733,0.040176600441501106,0.07991169977924945
0.8205353225098727,0.049583150504607286,0.04300131636682756,0.0868802106186924
0.8166301969365427,0.052078774617067836,0.04288840262582057,0.08840262582056893
0.8155426529700759,0.05091558731576597,0.04376953997320232,0.08977221974095578
0.8177797434763379,0.0513047324192835,0.043343653250773995,0.0875718708536046
0.8170194003527337,0.050705467372134036,0.043209876543209874,0.0890652557319224
0.8178209086898985,0.050727834142037936,0.043228936921041024,0.08822232024702249
0.8197443807844865,0.04671661524900837,0.045394446892904367,0.08814455707360071
0.8166151126822802,0.05037560760053027,0.044631020768890854,0.08837825894829872
0.8138509042787825,0.04852227613586237,0.043670048522276135,0.09395677106307895
0.8142482517482518,0.04938811188811189,0.043706293706293704,0.09265734265734266
0.8103525211958947,0.05220883534136546,0.04417670682730924,0.09326193663543061
0.8156742556917689,0.0521015761821366,0.04246935201401051,0.08975481611208407
0.8185022026431719,0.051982378854625554,0.04317180616740088,0.08634361233480176
0.8230633802816901,0.053257042253521125,0.040492957746478875,0.08318661971830986
0.8182218309859155,0.05765845070422535,0.04005281690140845,0.0840669014084507
0.814749000444247,0.05775211017325633,0.03998223011994669,0.08751665926254998
0.8154525386313466,0.059602649006622516,0.039293598233995586,0.08565121412803532
0.8193091231178034,0.05358724534986714,0.04118689105403012,0.08591674047829938
0.8201151971643775,0.05095259193619849,0.0407620735489588,0.08817013735046522
0.8233995584988962,0.04768211920529802,0.04105960264900662,0.08785871964679912
0.8263367211665931,0.04286345558992488,0.0410958904109589,0.0897039328325232
0.8246869409660107,0.044722719141323794,0.04338103756708408,0.0872093023255814
0.8222320247022497,0.04455227172474636,0.04543449492721659,0.08778120864578738
0.8138297872340425,0.043882978723404256,0.047872340425531915,0.09441489361702128
0.8094812164579607,0.04606440071556351,0.04785330948121646,0.09660107334525939
0.813634351482957,0.043382027445772464,0.04736609119079239,0.09561752988047809
0.8143107989464442,0.046093064091308165,0.046532045654082525,0.09306409130816505
0.815269855199649,0.0451952610794208,0.0443176831943835,0.09521720052654672
0.8132346538963866,0.04745319982585982,0.04222899434044406,0.09708315193730953
0.8108581436077058,0.04947460595446585,0.040280210157618214,0.09938704028021016
0.8103827540695117,0.04927408710954685,0.04179498460184778,0.0985481742190937
0.8092941692240245,0.0530469092503288,0.040333187198597104,0.09732573432704954
0.8112290008841733,0.052608311229000886,0.040229885057471264,0.09593280282935455
0.8089143865842895,0.0529567519858782,0.04060017652250662,0.09752868490732568
0.7992942214380239,0.05822673136303485,0.04278782531980591,0.09969122187913543
0.8012313104661389,0.058927000879507474,0.04309586631486367,0.09674582233948989
0.8015267175572519,0.05837449483610238,0.0431073192635833,0.09699146834306241
0.7971718957136544,0.06009721608484313,0.04684047724259832,0.0958904109589041
0.8023100844069303,0.05952909817858729,0.04797867614393603,0.09018214127054643
0.8017857142857143,0.059375,0.04776785714285714,0.09107142857142857
0.8008810572687225,0.05682819383259912,0.050220264317180616,0.0920704845814978
0.803705337450375,0.055580061755624174,0.04852227613586237,0.09219232465813851
0.8030035335689046,0.05565371024734982,0.04770318021201413,0.09363957597173145
0.7997341603898981,0.05538325210456358,0.04962339388568897,0.09525919361984936
0.8014997794441994,0.05337450374944861,0.04764005293339215,0.09748566387295986
0.8075571177504394,0.05140597539543058,0.04657293497363796,0.09446397188049209
0.8091231178033658,0.053144375553587246,0.046058458813108945,0.091674047829938
0.8047576301615799,0.05251346499102334,0.047127468581687613,0.09560143626570916
0.8087843833185449,0.05146406388642413,0.04303460514640639,0.09671694764862467
0.8086802480070859,0.05137289636846767,0.04295837023914969,0.09698848538529672
0.8050397877984085,0.052608311229000886,0.041998231653404064,0.10035366931918656
0.8079146287238773,0.048910626945309024,0.04313028012449978,0.10004446420631392
0.8098214285714286,0.048214285714285716,0.044642857142857144,0.09732142857142857
0.812666076173605,0.05004428697962799,0.04295837023914969,0.09433126660761736
0.8133333333333334,0.049777777777777775,0.043111111111111114,0.09377777777777778
0.8139946855624446,0.04827280779450841,0.04650132860938884,0.0912311780336581
0.8146167557932263,0.05169340463458111,0.045454545454545456,0.08823529411764706
0.8114861902674265,0.055677334502411226,0.04384042086804033,0.08899605436212188
0.8095238095238095,0.056074766355140186,0.04450378282153983,0.08989764129951046
0.8122503328894807,0.05459387483355526,0.043941411451398134,0.08921438082556592
0.8117543084401238,0.05612019443216969,0.040653999116217414,0.09147149801148917
0.8074866310160428,0.05392156862745098,0.04322638146167558,0.09536541889483066
0.8098404255319149,0.051418439716312055,0.04521276595744681,0.09352836879432624
0.8116197183098591,0.05457746478873239,0.04401408450704225,0.0897887323943662
0.8111209179170344,0.05692850838481906,0.04236540158870256,0.08958517210944396
0.8134623845138583,0.05983282006159261,0.04179498460184778,0.08490981082270127
0.8099209833187007,0.0601404741000878,0.04521510096575944,0.08472344161545214
0.8108705258506408,0.05788775961113566,0.04595669465311533,0.08528501988510827
0.8104517271922055,0.05934455270150576,0.04561558901682905,0.0845881310894597
0.8146513680494263,0.05472197705207414,0.04633715798764342,0.08428949691085613
0.8157543391188251,0.052514463729417,0.047619047619047616,0.08411214953271028
0.816607460035524,0.05328596802841918,0.04884547069271759,0.08126110124333925
0.8195121951219512,0.05055432372505543,0.04878048780487805,0.0811529933481153
0.8186643078283945,0.05263157894736842,0.04820875718708536,0.0804953560371517
0.8186596583442839,0.052124397722295226,0.049058256679807274,0.08015768725361366
0.8178633975481612,0.0542907180385289,0.047285464098073555,0.08056042031523643
0.8168074699866608,0.06047132058692752,0.04490884837705647,0.07781236104935527
0.8124444444444444,0.06133333333333333,0.04711111111111111,0.0791111111111111
0.8199643493761141,0.05570409982174688,0.04857397504456328,0.07575757575757576
0.8198948290972831,0.053023663453111304,0.04951796669588081,0.0775635407537248
0.8144876325088339,0.054770318021201414,0.04946996466431095,0.0812720848056537
0.812610229276896,0.05511463844797178,0.05026455026455026,0.082010582010582
0.8143790849673203,0.054901960784313725,0.04749455337690632,0.0832244008714597
0.8127472527472528,0.05846153846153846,0.04659340659340659,0.08219780219780219
0.8098808998676665,0.05822673136303485,0.04675782973092192,0.08513453903837671
0.8118374558303887,0.05830388692579505,0.04549469964664311,0.08436395759717315
0.8136263736263736,0.05978021978021978,0.043076923076923075,0.08351648351648351
0.8101321585903084,0.06035242290748899,0.04317180616740088,0.08634361233480176
0.8105123674911661,0.05962897526501767,0.04284452296819788,0.08701413427561837
0.8125830748781568,0.05937084625609216,0.04209127159946832,0.08595480726628267
0.815028901734104,0.055135615829257446,0.044019564250778125,0.08581591818586039
0.8179025888547609,0.05660377358490566,0.0443176831943835,0.08117595436594997
0.8188629352137505,0.054649625385632436,0.04275011018069634,0.08373732921992066
0.8135444151275286,0.05672823218997362,0.04661389621811785,0.08311345646437995
0.8202744577246569,0.054891544931385566,0.0451527224435591,0.0796812749003984
0.8180610889774237,0.05223550243470562,0.04780876494023904,0.0818946436476317
0.8228571428571428,0.04835164835164835,0.04835164835164835,0.08043956043956044
0.8194321206743567,0.047471162377994675,0.04924578527062999,0.08385093167701864
0.8156845369960124,0.04652193176783341,0.05095259193619849,0.08684093929995569
0.8129973474801061,0.04774535809018567,0.053934571175950484,0.08532272325375774
0.8106904231625836,0.047661469933184854,0.05211581291759466,0.08953229398663697
0.8085295424255886,0.04886717014660151,0.05508662816525989,0.08751665926254998
0.8097345132743363,0.048672566371681415,0.05486725663716814,0.08672566371681416
0.8099467140319716,0.049289520426287745,0.053730017761989345,0.08703374777975133
0.8113706478624945,0.048038783605112385,0.052886734244160426,0.0877038342882327
0.8095448519664162,0.049491825011047284,0.05391073795846222,0.08705258506407423
0.8112538768276473,0.04918032786885246,0.05183872396987151,0.08772707133362871
0.809375,0.05133928571428571,0.053125,0.08616071428571428
0.8109919571045576,0.04647006255585344,0.054959785522788206,0.08757819481680071
0.8111455108359134,0.04732419283502875,0.054400707651481646,0.0871295886775763
0.8078774617067833,0.05032822757111598,0.053391684901531726,0.08840262582056893
0.8080495356037152,0.04909332153914197,0.055285272003538256,0.0875718708536046
0.8075723830734967,0.0467706013363029,0.053006681514476614,0.09265033407572383
0.8043574922187638,0.048465984882169855,0.05691418408181414,0.09026233881725211
0.8028419182948491,0.04706927175843695,0.05595026642984014,0.0941385435168739
0.7982300884955752,0.046902654867256637,0.05752212389380531,0.09734513274336283
0.7968476357267951,0.04816112084063047,0.05691768826619965,0.09807355516637478
0.7997341603898981,0.047408063801506424,0.057155516171909615,0.09570225963668587
0.7997347480106101,0.04376657824933687,0.05791335101679929,0.09858532272325375
0.804251550044287,0.042515500442869794,0.05535872453498671,0.09787422497785651
0.8034076015727392,0.04281345565749235,0.05504587155963303,0.09873307121013543
0.809062912450506,0.04223493180818302,0.05367355917289925,0.0950285965684118
0.8040178571428571,0.045089285714285714,0.055357142857142855,0.09553571428571428
0.8059370846256092,0.04652193176783341,0.05361098803721755,0.09392999556933983
0.8035398230088495,0.049557522123893805,0.05619469026548673,0.09070796460176991
0.8083885209713024,0.046799116997792496,0.05695364238410596,0.08785871964679912
0.7993772241992882,0.04804270462633452,0.06405693950177936,0.08852313167259787
0.8059370846256092,0.047408063801506424,0.05804164820558263,0.08861320336730173
0.8033509700176367,0.048500881834215165,0.05864197530864197,0.08950617283950617
0.8100484795063905,0.04759806081974438,0.054649625385632436,0.0877038342882327
0.8127224199288257,0.04804270462633452,0.0547153024911032,0.08451957295373666
0.8147651006711409,0.04742729306487696,0.053691275167785234,0.08411633109619687
0.8206958073148974,0.045495093666369314,0.05173951828724353,0.08206958073148975
0.813386524822695,0.050088652482269506,0.05186170212765957,0.08466312056737589
0.8125824901011879,0.05191377034755829,0.050593928728552576,0.08490981082270127
0.8141906873614191,0.05188470066518847,0.05365853658536585,0.0802660753880266
0.8144876325088339,0.05609540636042403,0.04902826855123675,0.0803886925795053
0.8141906873614191,0.0541019955654102,0.050110864745011086,0.08159645232815965
0.8197725284339458,0.05380577427821522,0.047681539807524057,0.07874015748031496
0.8179025888547609,0.055287406757349715,0.04826678367705134,0.0785432207108381
0.8215547703180212,0.055212014134275615,0.046819787985865724,0.07641342756183746
0.8177014531043593,0.05636283575517393,0.04579480405107882,0.08014090708938794
0.8194260485651215,0.05562913907284768,0.04415011037527594,0.08079470198675497
0.8187417509898812,0.05499340079190497,0.04399472063352398,0.08227012758468984
0.8206926786497151,0.05611573871109163,0.041209995615957916,0.08198158702323542
0.817013735046522,0.056269384138236594,0.04253433761630483,0.08418254319893664
0.8204903677758318,0.0542907180385289,0.042907180385288964,0.08231173380035026
0.8178603006189213,0.05481874447391689,0.04111405835543767,0.08620689655172414
0.8177405119152692,0.05383936451897617,0.04324801412180053,0.0851721094439541
0.8156966490299824,0.054673721340388004,0.042328042328042326,0.0873015873015873
0.8160667251975418,0.05443371378402107,0.041264266900790166,0.08823529411764706
0.8131578947368421,0.05482456140350877,0.04298245614035088,0.08903508771929824
0.8098808998676665,0.05249228054697839,0.04455227172474636,0.09307454786060873
0.8108819657744625,0.05440982887231242,0.0451952610794208,0.0895129442738043
0.807505518763797,0.05739514348785872,0.04370860927152318,0.0913907284768212
0.812972012438916,0.0519768991559307,0.04309195912927588,0.09195912927587739
0.8104749223257879,0.05459387483355526,0.04172214824678207,0.09320905459387484
0.8085013146362839,0.05521472392638037,0.04294478527607362,0.09333917616126206
0.8040510788199031,0.05372082782915016,0.04491413474240423,0.09731395860854249
0.799109131403118,0.05612472160356347,0.04899777282850779,0.0957683741648107
0.8001764446404941,0.05381561535068372,0.04675782973092192,0.0992501102779003
