R,A,S,N
1.0,0.0,0.0,0.0
0.5,0.0,0.5,0.0
0.75,0.0,0.25,0.0
0.6666666666666666,0.16666666666666666,0.16666666666666666,0.0
0.625,0.125,0.25,0.0
0.7,0.1,0.2,0.0
0.5625,0.125,0.3125,0.0
0.5416666666666666,0.125,0.3333333333333333,0.0
0.5666666666666667,0.13333333333333333,0.3,0.0
0.5277777777777778,0.1388888888888889,0.2777777777777778,0.05555555555555555
0.45454545454545453,0.1590909090909091,0.3181818181818182,0.06818181818181818
0.4,0.18181818181818182,0.3090909090909091,0.10909090909090909
0.3939393939393939,0.18181818181818182,0.30303030303030304,0.12121212121212122
0.3855421686746988,0.1566265060240964,0.30120481927710846,0.1566265060240964
0.3853211009174312,0.1651376146788991,0.29357798165137616,0.1559633027522936
0.3380281690140845,0.176056338028169,0.29577464788732394,0.19014084507042253
0.3389830508474576,0.15819209039548024,0.3107344632768362,0.192090395480226
0.2980769230769231,0.15865384615384615,0.28365384615384615,0.25961538461538464
0.2723735408560311,0.17509727626459143,0.26848249027237353,0.2840466926070039
0.2691029900332226,0.16943521594684385,0.2757475083056478,0.2857142857142857
0.26740947075208915,0.14763231197771587,0.2646239554317549,0.3203342618384401
0.2608695652173913,0.15102974828375287,0.2608695652173913,0.32723112128146453
0.2627450980392157,0.14705882352941177,0.2607843137254902,0.32941176470588235
0.2641509433962264,0.14408233276157806,0.25728987993138935,0.3344768439108062
0.26527570789865873,0.14307004470938897,0.2399403874813711,0.35171385991058124
0.2588699080157687,0.14586070959264127,0.22601839684625494,0.3692509855453351
0.26497695852534564,0.14170506912442396,0.22004608294930875,0.37327188940092165
0.2722567287784679,0.13871635610766045,0.21739130434782608,0.37163561076604557
0.27605633802816903,0.14272300469483568,0.20093896713615023,0.38028169014084506
0.2725709372312984,0.13241616509028376,0.19690455717970765,0.39810834049871024
0.2768860353130016,0.13001605136436598,0.20545746388443017,0.38764044943820225
0.27319970304380103,0.1291759465478842,0.2056421677802524,0.39198218262806234
0.2651098901098901,0.12637362637362637,0.20535714285714285,0.40315934065934067
0.26284970722186074,0.12817176317501627,0.20754716981132076,0.4014313597918022
0.2612942612942613,0.12393162393162394,0.21062271062271062,0.40415140415140416
0.2616933096506809,0.12492599171107165,0.20011841326228538,0.4132622853759621
0.26225769669327254,0.12428734321550741,0.20182440136830102,0.41163055872291904
0.2654964344487109,0.11903455842018651,0.19418540866703238,0.4212835984640702
0.26596306068601583,0.11978891820580474,0.18891820580474933,0.42532981530343006
0.27002053388090347,0.1175564681724846,0.18839835728952772,0.4240246406570842
0.2628968253968254,0.1195436507936508,0.19246031746031747,0.42509920634920634
0.26555023923444976,0.11866028708133972,0.18899521531100477,0.4267942583732057
0.26647700331910856,0.11711711711711711,0.18207681365576103,0.4343290659080133
0.2742751955821445,0.11826967326277037,0.17395306028531984,0.4335020708697653
0.2726449275362319,0.11730072463768115,0.1766304347826087,0.43342391304347827
0.26636568848758463,0.12279909706546276,0.17200902934537246,0.4388261851015801
0.2665158371040724,0.12126696832579185,0.1665158371040724,0.4457013574660634
0.26299141436963397,0.12426570266606417,0.17171260732037957,0.4410302756439223
0.2623169107856192,0.12605415002219264,0.17887261429205503,0.43275632490013316
0.26169064748201437,0.1281474820143885,0.18120503597122303,0.4289568345323741
0.27113309352517984,0.12544964028776978,0.18345323741007194,0.4199640287769784
0.26848946660690276,0.12595248767368894,0.17749887942626624,0.4280591662931421
0.2707306140744061,0.12371134020618557,0.17705064993276556,0.42850739578664276
0.26857142857142857,0.12483516483516484,0.181978021978022,0.4246153846153846
0.27037861915367484,0.12516703786191538,0.17238307349665924,0.43207126948775054
0.27540106951871657,0.1270053475935829,0.1657754010695187,0.4318181818181818
0.2821080602302923,0.12887511071744906,0.16031886625332153,0.4286979627989371
0.27540106951871657,0.13502673796791445,0.15641711229946523,0.43315508021390375
0.28047703180212014,0.13250883392226148,0.15768551236749118,0.4293286219081272
0.2786885245901639,0.13070447496677004,0.15595923792645103,0.43464776251661497
0.276510067114094,0.1297539149888143,0.15257270693512304,0.4411633109619687
0.2826761187416925,0.12937527691626052,0.1497563136907399,0.43819229065130705
0.2737881508078995,0.1319569120287253,0.15080789946140036,0.44344703770197486
0.2780249110320285,0.12944839857651247,0.14768683274021352,0.44483985765124556
0.27849223946784923,0.13259423503325943,0.14368070953436807,0.4452328159645233
0.27583148558758314,0.1343680709534368,0.14057649667405764,0.4492239467849224
0.2763216348289649,0.135495335406486,0.135495335406486,0.4526876943580631
0.27699736611062337,0.13740122914837577,0.13520632133450394,0.4503950834064969
0.2767379679144385,0.13903743315508021,0.13725490196078433,0.44696969696969696
0.27616926503340755,0.14699331848552338,0.133184855233853,0.443652561247216
0.275,0.14910714285714285,0.1263392857142857,0.44955357142857144
0.2822862129144852,0.1431064572425829,0.12521815008726003,0.4493891797556719
0.2742006132282085,0.1445466491458607,0.12702584318878668,0.4542268944371441
0.2752659574468085,0.14627659574468085,0.12721631205673758,0.4512411347517731
0.27947019867549666,0.1487858719646799,0.12494481236203091,0.4467991169977925
0.28058510638297873,0.14583333333333334,0.1276595744680851,0.44592198581560283
0.2854625550660793,0.1422907488986784,0.12422907488986784,0.44801762114537447
0.2891141472014103,0.1392684001762891,0.12340237990304098,0.4482150727192596
0.29336283185840706,0.1424778761061947,0.12831858407079647,0.4358407079646018
0.2929427430093209,0.1380381713271194,0.12472259209942299,0.4442964935641367
0.2951914514692787,0.13802315227070347,0.1246660730186999,0.4421193232413179
0.306416412047141,0.13356612832824094,0.11872544740288084,0.44129201222173725
0.30163644405130474,0.14064573197700134,0.11366651923927466,0.44405130473241927
0.30266666666666664,0.13822222222222222,0.10888888888888888,0.45022222222222225
0.3040629095674967,0.13892529488859764,0.10441240716470074,0.4525993883792049
0.30516014234875444,0.13523131672597866,0.10854092526690391,0.451067615658363
0.3122232063773251,0.13728963684676704,0.11071744906997343,0.43976970770593443
0.30881057268722467,0.1303964757709251,0.10704845814977973,0.45374449339207046
0.31127886323268206,0.13188277087033748,0.10213143872113677,0.4547069271758437
0.32402482269503546,0.12721631205673758,0.09663120567375887,0.4521276595744681
0.3287671232876712,0.12991604065399912,0.09765797613787008,0.44365885992045956
0.32671081677704195,0.12980132450331125,0.09713024282560706,0.4463576158940397
0.3276173285198556,0.13312274368231047,0.09341155234657039,0.44584837545126355
0.3299379982285208,0.12400354295837024,0.09344552701505757,0.4526129317980514
0.33436944937833035,0.12477797513321492,0.09280639431616342,0.4480461811722913
0.3340688437775816,0.12709620476610767,0.09443954104148279,0.4443954104148279
0.33569844789356984,0.12771618625277162,0.09046563192904657,0.44611973392461196
0.33938053097345133,0.12831858407079647,0.09026548672566372,0.44203539823008847
0.3374503749448611,0.12924569916188797,0.09131010145566829,0.4419938244375827
0.34189548272807796,0.12843224092116917,0.08901682905225863,0.44065544729849426
0.35112107623318384,0.1251121076233184,0.08699551569506726,0.4367713004484305
0.35033259423503327,0.1246119733924612,0.082039911308204,0.44301552106430153
0.34902309058614567,0.12344582593250444,0.08214920071047957,0.4453818827708703
0.34680284191829486,0.12921847246891652,0.08126110124333925,0.44271758436944936
0.35929203539823007,0.12345132743362831,0.07920353982300884,0.43805309734513276
0.36323464427750773,0.12505523641184269,0.0764471939902784,0.4352629253203712
0.3653591890700749,0.125165271044513,0.07668576465403261,0.43278977523137946
0.3718681318681319,0.12263736263736263,0.07648351648351648,0.429010989010989
0.37191901408450706,0.12059859154929578,0.07570422535211267,0.4317781690140845
0.36731967943009797,0.12333036509349955,0.07658058771148708,0.4327693677649154
0.36650377609951135,0.12394491337183473,0.07952021323856064,0.4300310972900933
0.36527472527472526,0.12131868131868132,0.08087912087912089,0.43252747252747253
0.3714032757857459,0.12084993359893759,0.0787959274015051,0.42895086321381143
0.374447391688771,0.12157382847038019,0.07869142351900972,0.42528735632183906
0.37002237136465327,0.12796420581655482,0.07785234899328859,0.42416107382550333
0.3720316622691293,0.12269129287598944,0.07827616534740545,0.42700087950747584
0.37775816416593117,0.12842012356575463,0.07811120917917035,0.41571050308914387
0.3760494918250111,0.1312417145382236,0.0764471939902784,0.41626159964648696
0.37973568281938325,0.12687224669603525,0.07753303964757709,0.41585903083700443
0.38311975254087494,0.12505523641184269,0.07688908528501988,0.41493592576226246
0.388178209086899,0.12615791795324216,0.07454786060873402,0.4111160123511248
0.39502885042166,0.12472259209942299,0.07501109631602308,0.40523746116289394
0.4006143045195261,0.12329969284774024,0.07547169811320754,0.4006143045195261
0.40625,0.12632042253521128,0.07262323943661972,0.394806338028169
0.4007029876977153,0.12917398945518455,0.07601054481546574,0.39411247803163446
0.4004424778761062,0.13274336283185842,0.07654867256637168,0.3902654867256637
0.4017621145374449,0.13127753303964756,0.0762114537444934,0.3907488986784141
0.3947833775419982,0.13395225464190982,0.07471264367816093,0.39655172413793105
0.40380362671384346,0.13003095975232198,0.07386112339672711,0.3923042901371075
0.39893852277753206,0.13224237063246352,0.07474568774878372,0.3940734188412207
0.4085927224901359,0.1297676457693994,0.07540552389302937,0.38623410784743534
0.4077025232403719,0.12660469234174412,0.07392651615759185,0.39176626826029215
0.411660777385159,0.13162544169611307,0.0719964664310954,0.3847173144876325
0.4112190812720848,0.13030035335689047,0.07287985865724382,0.38560070671378094
0.41456953642384103,0.1315673289183223,0.0728476821192053,0.38101545253863134
0.422153024911032,0.13256227758007116,0.07250889679715303,0.37277580071174377
0.4240141781125388,0.13070447496677004,0.06778910057598582,0.37749224634470535
0.43294849023090587,0.12522202486678508,0.06616341030195382,0.3756660746003552
0.44047619047619047,0.12566137566137567,0.06613756613756613,0.36772486772486773
0.44714727996461745,0.12074303405572756,0.06634232640424591,0.3657673595754091
0.4371948513093653,0.12694185530403906,0.06391478029294274,0.3719485130936529
0.4431718061674009,0.1277533039647577,0.06387665198237885,0.3651982378854626
0.44190140845070425,0.125,0.0625,0.37059859154929575
0.45583666222814023,0.12250332889480692,0.06302707501109632,0.3586329338659565
0.4631578947368421,0.12368421052631579,0.06491228070175438,0.3482456140350877
0.46941489361702127,0.12056737588652482,0.06382978723404255,0.34618794326241137
0.46862483311081443,0.11882510013351134,0.06764574988874054,0.3449043168669337
0.46799116997792495,0.11788079470198676,0.06710816777041943,0.34701986754966885
0.4771618625277162,0.11263858093126386,0.06784922394678493,0.34235033259423503
0.48087188612099646,0.11565836298932385,0.06405693950177936,0.33941281138790036
0.48285077951002225,0.11670378619153675,0.060133630289532294,0.3403118040089087
0.4829116733244563,0.11584553928095873,0.05725699067909454,0.34398579671549046
0.48857644991212656,0.109402460456942,0.05492091388400703,0.3471001757469244
0.49576460098082925,0.10343290236290682,0.05394560855996433,0.3468568880962996
0.48833113166006165,0.1087626596213122,0.05548216644649934,0.3474240422721268
0.48856640281442393,0.11213720316622691,0.052770448548812667,0.3465259454705365
0.4810183117463153,0.10897722197409558,0.059401518535060295,0.3506029477445288
0.4788732394366197,0.10871478873239436,0.05941901408450704,0.3529929577464789
0.4849023090586146,0.10923623445825932,0.05772646536412078,0.3481349911190053
0.48689471346068414,0.11283873833851621,0.05775211017325633,0.34251443802754333
0.4926634059582036,0.11338372610048911,0.059582036460649176,0.33437083148065805
0.4942932396839333,0.11194029850746269,0.05926251097453907,0.334503950834065
0.5045004500450045,0.11206120612061206,0.058055805580558055,0.3253825382538254
0.5107047279214987,0.11329170383586083,0.054415700267618196,0.3215878679750223
0.513716814159292,0.1079646017699115,0.05530973451327434,0.3230088495575221
0.5083774250440917,0.10714285714285714,0.05423280423280423,0.33024691358024694
0.515590689503733,0.10584101888449715,0.05665349143610013,0.32191480017566976
0.521393912659903,0.0992501102779003,0.05337450374944861,0.3259814733127481
0.523851590106007,0.09849823321554771,0.055212014134275615,0.3224381625441696
0.5314716312056738,0.09530141843971632,0.05186170212765957,0.32136524822695034
0.5345827755466309,0.0963855421686747,0.05533244087460955,0.31369924141008476
0.5335108743897026,0.09365290723479805,0.0559254327563249,0.3169107856191744
0.5296182536200088,0.09302325581395349,0.05748135146994296,0.3198771390960948
0.5391111111111111,0.09066666666666667,0.05688888888888889,0.31333333333333335
0.5371937639198219,0.0930957683741648,0.05968819599109131,0.310022271714922
0.5383936451897617,0.0939982347749338,0.056045895851721095,0.3115622241835834
0.5399375278893351,0.08969210174029452,0.05756358768406961,0.31280678268630074
0.5450892857142857,0.08616071428571428,0.05669642857142857,0.31205357142857143
0.549645390070922,0.08421985815602837,0.05540780141843971,0.31072695035460995
0.5549183943537715,0.08337009263343625,0.05822673136303485,0.3034847816497574
0.5597706219673577,0.08954565505072784,0.0564622849580944,0.29422143802382
0.5570796460176991,0.09247787610619469,0.05619469026548673,0.2942477876106195
0.557853057633084,0.09282886053673559,0.05367355917289925,0.29564452265728114
0.5547252747252748,0.09186813186813186,0.053626373626373625,0.2997802197802198
0.5500886524822695,0.09485815602836879,0.05186170212765957,0.30319148936170215
0.5533244087460955,0.09192324854975457,0.05220883534136546,0.30254350736278446
0.5518306131451257,0.09042787825319806,0.05205116894574327,0.30569033965593295
0.5421261579179533,0.09219232465813851,0.05910895456550507,0.3065725628584032
0.5368003525782283,0.09475539885412076,0.060379021595416485,0.3080652269722345
0.5323008849557522,0.09734513274336283,0.06371681415929203,0.3066371681415929
0.5335968379446641,0.09881422924901186,0.061923583662714096,0.30566534914361
0.5390070921985816,0.09796099290780141,0.060726950354609927,0.30230496453900707
0.5371606586559857,0.09924343569203382,0.05740987983978638,0.30618602581219406
0.5359680284191829,0.10301953818827708,0.06127886323268206,0.2997335701598579
0.5322723253757736,0.10565870910698497,0.0592396109637489,0.30282935455349247
0.5330105633802817,0.10167253521126761,0.06382042253521127,0.30149647887323944
0.5367132867132867,0.09833916083916083,0.062062937062937064,0.30288461538461536
0.5345358556973163,0.09986801583809943,0.05719313682358117,0.3084029916410031
0.5362061306086184,0.10039982230119947,0.056419369169258105,0.30697467792092403
0.541313086199196,0.10093791871371148,0.054041983028137563,0.3037070120589549
0.5396825396825397,0.10361552028218694,0.05026455026455026,0.3064373897707231
0.5421213443910956,0.10344827586206896,0.0515058926233086,0.3029244871235268
0.5484298982750995,0.102609464838567,0.04732419283502875,0.30163644405130474
0.5451343020695729,0.10612065169528842,0.048436811977102597,0.3003082342580361
0.5505767524401065,0.10514640638864241,0.04569653948535936,0.2985803016858917
0.5603181617322138,0.10163499779054352,0.04242156429518339,0.2956252761820592
0.5548128342245989,0.10338680926916222,0.04233511586452763,0.2994652406417112
0.5626952253458277,0.1035252119589469,0.04551539491298527,0.28826416778224007
0.5673162090345438,0.10053144375553587,0.04561558901682905,0.2865367581930912
0.567531305903399,0.10286225402504472,0.04427549194991055,0.2853309481216458
0.5640350877192982,0.10438596491228071,0.043859649122807015,0.28771929824561404
0.5615044247787611,0.11061946902654868,0.04380530973451328,0.28407079646017697
0.5675198587819947,0.10458958517210945,0.04457193292144748,0.2833186231244484
0.5695978789217853,0.1034025629695095,0.04595669465311533,0.28104286345558993
0.5723049956178791,0.1021034180543383,0.04557405784399649,0.28001752848378614
0.5740905057675244,0.09893522626441881,0.04259094942324756,0.28438331854480925
0.5733863837312113,0.09946949602122016,0.04509283819628647,0.28205128205128205
0.5715551617190961,0.10013291980505096,0.044306601683650866,0.28400531679220203
0.5721830985915493,0.1034330985915493,0.0448943661971831,0.2794894366197183
0.5714285714285714,0.10135430318916558,0.04499781564001747,0.2822193097422455
0.5672823218997362,0.10246262093227793,0.044415127528583995,0.2858399296394019
0.5765283355644801,0.0999553770638108,0.0464078536367693,0.27710843373493976
0.5773333333333334,0.09822222222222222,0.044,0.28044444444444444
0.5742705570291777,0.09902740937223696,0.04376657824933687,0.28293545534924847
0.5667550839964633,0.10433244916003537,0.04553492484526967,0.2833775419982317
0.5664459161147903,0.10507726269315673,0.044591611479028695,0.2838852097130243
0.5701098901098901,0.10241758241758242,0.04483516483516484,0.2826373626373626
0.5693527080581242,0.10171730515191546,0.04315279612505504,0.2857771906649053
0.566533155318202,0.09968847352024922,0.046283934134401426,0.28749443702714733
0.5746566238369517,0.10146211785556047,0.048294195835179445,0.27558706247230835
0.5796460176991151,0.09823008849557523,0.04469026548672567,0.2774336283185841
0.5859340659340659,0.0967032967032967,0.044395604395604395,0.27296703296703295
0.5780141843971631,0.09707446808510638,0.047429078014184396,0.2774822695035461
0.5807164971251658,0.09420610349402919,0.044228217602830605,0.28084918177797435
0.5837789661319073,0.09313725490196079,0.044563279857397504,0.2785204991087344
0.5921689397272327,0.08930928288605368,0.04223493180818302,0.27628684557853056
0.5867731913004882,0.09276520195295163,0.03994673768308921,0.28051486906347095
0.5873721654068474,0.09248554913294797,0.0426856380613606,0.2774566473988439
0.5889982110912343,0.0885509838998211,0.04203935599284436,0.28041144901610016
0.5863277826468011,0.0915863277826468,0.03856266432953549,0.28352322524101664
0.5764444444444444,0.09688888888888889,0.04,0.2866666666666667
0.5814569536423841,0.09580573951434879,0.039293598233995586,0.28344370860927154
0.581032947462155,0.09483526268922529,0.0396260017809439,0.28450578806767585
0.5842105263157895,0.09342105263157895,0.04078947368421053,0.28157894736842104
0.5833701901813357,0.09022556390977443,0.04290137107474569,0.28350287483414416
0.587948604342047,0.08595480726628267,0.044306601683650866,0.28178998670801947
0.5851063829787234,0.08732269503546099,0.04698581560283688,0.28058510638297873
0.5870337477797514,0.08969804618117229,0.052397868561278864,0.27087033747779754
0.5823451910408433,0.09003074220465525,0.054457619675010976,0.27316644707949056
0.5769739744155271,0.09042787825319806,0.05381561535068372,0.2787825319805911
0.5810451727192205,0.09034543844109831,0.053144375553587246,0.2754650132860939
0.5803336259877085,0.09306409130816505,0.05267778753292362,0.2739244951712028
0.5863874345549738,0.08987783595113438,0.05017452006980803,0.27356020942408377
0.5880035026269702,0.09019264448336252,0.04597197898423818,0.27583187390542907
0.5901495162708883,0.0870712401055409,0.04353562005277045,0.27924362357080035
0.5911308203991131,0.08913525498891353,0.04611973392461197,0.2736141906873614
0.587977182974989,0.09302325581395349,0.04782799473453269,0.2711715664765248
0.5893250992501102,0.09439788266431408,0.04719894133215704,0.2690780767534186
0.5969162995594713,0.0920704845814978,0.04405286343612335,0.2669603524229075
0.5973451327433629,0.09247787610619469,0.04292035398230089,0.2672566371681416
0.5977011494252874,0.09195402298850575,0.040671971706454466,0.2696728558797524
0.5963748894783377,0.09283819628647215,0.04420866489832007,0.26657824933687
0.5892778023925564,0.08949933540097474,0.0460788657509969,0.2751439964554719
0.5931065353625783,0.09086839749328558,0.045658012533572066,0.270367054610564
0.5964835164835165,0.08835164835164835,0.04263736263736264,0.2725274725274725
0.596816976127321,0.08885941644562334,0.03978779840848806,0.27453580901856767
0.6050644158151932,0.09195912927587739,0.03820524211461573,0.26477121279431365
0.599644128113879,0.09119217081850534,0.04181494661921708,0.26734875444839856
0.5995575221238938,0.08938053097345133,0.04115044247787611,0.26991150442477874
0.6074106749007498,0.09042787825319806,0.03925893250992501,0.26290251433612705
0.6051011433597185,0.08970976253298153,0.03869832893579595,0.26649076517150394
0.611529933481153,0.08780487804878048,0.03680709534368071,0.2638580931263858
0.6104803493449782,0.0890829694323144,0.034934497816593885,0.26550218340611353
0.6133274879438843,0.08899605436212188,0.033318719859710653,0.26435773783428324
0.6135458167330677,0.09163346613545817,0.033643204957945996,0.26117751217352814
0.6140583554376657,0.09195402298850575,0.03227232537577365,0.26171529619805484
0.6042780748663101,0.09313725490196079,0.035204991087344026,0.26737967914438504
0.6040653999116218,0.09102960671674767,0.03844454264250994,0.2664604507291206
0.6036235086168803,0.08749447635881573,0.035793194874060984,0.27308882015024305
0.6064113980409617,0.085040071237756,0.03873552983081033,0.26981300089047194
0.6076173604960142,0.08325952170062002,0.0420726306465899,0.26705048715677593
0.6106467223933129,0.08271007479102507,0.039595248570171576,0.26704795424549055
0.6070796460176991,0.08539823008849558,0.03761061946902655,0.26991150442477874
0.6126325088339223,0.08657243816254417,0.03842756183745583,0.2623674911660777
0.6023287057769816,0.08911777877295118,0.03672189879086431,0.27183161665920286
0.6105216622458002,0.08311229000884174,0.038903625110521665,0.26746242263483644
0.6058458813108946,0.0841452612931798,0.03897254207263064,0.271036315323295
0.6036155202821869,0.08333333333333333,0.03791887125220458,0.2751322751322751
0.6044776119402985,0.08779631255487269,0.04170324846356453,0.2660228270412643
0.599910394265233,0.08602150537634409,0.04345878136200717,0.27060931899641577
0.6053097345132743,0.08185840707964602,0.04247787610619469,0.270353982300885
0.6071111111111112,0.0768888888888889,0.043111111111111114,0.2728888888888889
0.6086183918258552,0.07818747223456242,0.04486894713460684,0.2683251888049756
0.6117021276595744,0.07934397163120567,0.04654255319148936,0.2624113475177305
0.608274647887324,0.0840669014084507,0.04665492957746479,0.26100352112676056
0.6072534276868642,0.08182220256523662,0.04732419283502875,0.2636001769128704
0.613215859030837,0.07929515418502203,0.04801762114537445,0.2594713656387665
0.6113324479858344,0.0796812749003984,0.048251438689685705,0.26073483842408146
0.6171151301279224,0.0811645346272607,0.044993383325981476,0.2567269519188355
0.6152135231316725,0.08229537366548043,0.04314946619217082,0.25934163701067614
0.6228495809439788,0.0811645346272607,0.044993383325981476,0.250992501102779
0.6223309608540926,0.07695729537366548,0.04448398576512456,0.25622775800711745
0.6244464127546502,0.07883082373782108,0.04428697962798937,0.2524357838795394
0.6272241992882562,0.08140569395017794,0.04359430604982206,0.24777580071174377
0.6270962047661077,0.08384819064430715,0.04280670785525154,0.24624889673433362
0.6279475982532751,0.08253275109170306,0.04323144104803493,0.2462882096069869
0.634394341290893,0.08134394341290893,0.04420866489832007,0.24005305039787797
0.6341677646025472,0.08344312692138779,0.04216073781291173,0.24022837066315328
0.6367653557224923,0.08440123729562528,0.04595669465311533,0.2328767123287671
0.6423841059602649,0.08653421633554084,0.04370860927152318,0.22737306843267108
0.6408325952170062,0.0845881310894597,0.045172719220549155,0.22940655447298494
0.6430155210643016,0.0860310421286031,0.04567627494456763,0.22527716186252772
0.6442392260334213,0.08135444151275285,0.047493403693931395,0.22691292875989447
0.6510903426791277,0.08322207387627949,0.049399198931909215,0.2162883845126836
0.6552338530066815,0.08062360801781737,0.045879732739420934,0.2182628062360802
0.6622749231444883,0.07949055775142731,0.04830917874396135,0.20992534036012298
0.6688741721854304,0.07682119205298013,0.04812362030905077,0.20618101545253864
0.6668129938542581,0.08077260755048288,0.04697102721685689,0.2054433713784021
0.6666666666666666,0.07961504811898512,0.047681539807524057,0.20603674540682415
0.6687224669603524,0.07841409691629955,0.046255506607929514,0.2066079295154185
0.6674018526687252,0.08204675782973092,0.04719894133215704,0.20335244816938686
0.6644474034620506,0.08166888592987129,0.04837993786063027,0.20550377274744785
0.6694542253521126,0.08098591549295775,0.04841549295774648,0.2011443661971831
0.6731620903454384,0.07883082373782108,0.04738706820194863,0.20062001771479185
0.6722466960352423,0.0801762114537445,0.048458149779735685,0.19911894273127753
0.6722689075630253,0.08314904909332153,0.048651039363113664,0.1959310039805396
0.6702080566622399,0.08233731739707835,0.046923417441345726,0.20053120849933598
0.6786188579017264,0.0787959274015051,0.04648074369189907,0.1961044710048694
0.6754385964912281,0.07894736842105263,0.04473684210526316,0.20087719298245615
0.6772321428571428,0.07946428571428571,0.044642857142857144,0.19866071428571427
0.6749555950266429,0.07770870337477798,0.04706927175843695,0.2002664298401421
0.6748790145182578,0.07875054993400792,0.04663440387153542,0.19973603167619886
0.675,0.07763157894736843,0.0456140350877193,0.20175438596491227
0.6741424802110818,0.08003518029903255,0.04397537379067722,0.20184696569920843
0.6718061674008811,0.0801762114537445,0.04405286343612335,0.2039647577092511
0.6779885310983679,0.07895897662108513,0.043228936921041024,0.19982355535950597
0.6805983282006159,0.08007039155301364,0.04487461504619446,0.194456665200176
0.679261862917399,0.07776801405975395,0.04745166959578207,0.19551845342706503
0.6815593517301796,0.07709154621112571,0.04774419623302672,0.19360490582566797
0.6808978873239436,0.07746478873239436,0.04665492957746479,0.1949823943661972
0.6800178015131286,0.07610146862483311,0.04450378282153983,0.19937694704049844
0.6864555848724714,0.0743183817062445,0.04529463500439754,0.19393139841688653
0.6829268292682927,0.07893569844789357,0.043458980044345896,0.19467849223946784
0.6854874283193648,0.07719453021614468,0.043670048522276135,0.19364799294221438
0.6908685968819599,0.07616926503340757,0.044543429844097995,0.18841870824053453
0.691248334073745,0.07952021323856064,0.04309195912927588,0.18613949355841847
0.6947648624667259,0.07630878438331855,0.03992901508429459,0.18899733806566105
0.69375,0.07901785714285714,0.04107142857142857,0.1861607142857143
0.7018551236749117,0.07597173144876325,0.037102473498233215,0.18507067137809188
0.7076308784383318,0.0740905057675244,0.03371783496007098,0.18456078083407276
0.7057017543859649,0.07236842105263158,0.03640350877192983,0.18552631578947368
0.711051930758988,0.07367953839325345,0.03417665335108744,0.1810918774966711
0.7068736141906874,0.07095343680709534,0.03636363636363636,0.18580931263858094
0.7042068361086766,0.06967572304995617,0.03856266432953549,0.18755477651183172
0.7068579112505603,0.06992380098610489,0.04034065441506051,0.1828776333482743
0.703851261620186,0.07127047366091191,0.04161133244798584,0.18326693227091634
0.7093074547860608,0.06881340979267754,0.04278782531980591,0.17909131010145568
0.7037201062887511,0.06864481842338352,0.043401240035429584,0.18423383525243578
0.6999556147359077,0.07146027518863737,0.04349755881047492,0.18508655126498003
0.7043363994743759,0.0683311432325887,0.045116075339465614,0.18221638195356987
0.7078353253652059,0.06595838866755202,0.044710048694112436,0.1814962372731297
0.706531332744925,0.0648720211827008,0.04633715798764342,0.1822594880847308
0.7105726872246696,0.06740088105726873,0.04581497797356828,0.1762114537444934
0.7116564417177914,0.06660823838737949,0.04557405784399649,0.1761612620508326
0.7113767153607791,0.06330234617087206,0.043824701195219126,0.1814962372731297
0.7121478873239436,0.06470070422535211,0.04357394366197183,0.1795774647887324
0.708185053380783,0.06361209964412812,0.046263345195729534,0.18193950177935944
0.7115298340062809,0.06864064602960969,0.04486316733961418,0.17496635262449528
0.714539795464651,0.06714095153401511,0.041796353935082256,0.17652289906625165
0.7134011499336577,0.06811145510835913,0.040689960194604156,0.17779743476337903
0.7118868758285462,0.06937693327441449,0.04286345558992488,0.17587273530711445
0.7125488493269648,0.06860616587060356,0.04515848892748589,0.17368649587494572
0.7137809187279152,0.06978798586572438,0.044169611307420496,0.17226148409893993
0.7156732891832229,0.07505518763796909,0.0423841059602649,0.16688741721854305
0.7186813186813187,0.07252747252747253,0.041758241758241756,0.16703296703296702
0.7133450395083406,0.07374890254609306,0.043898156277436345,0.16900790166812993
0.715547703180212,0.0715547703180212,0.045936395759717315,0.16696113074204946
0.7179257934734019,0.06839517210549843,0.0464908359409924,0.1671881984801073
0.7216084843128591,0.07114449845338047,0.04639858594785683,0.16084843128590368
0.7260696956329952,0.07101896779885311,0.043670048522276135,0.15924128804587562
0.7275155832591274,0.07257346393588603,0.043187889581478185,0.15672306322350846
0.727112676056338,0.06910211267605634,0.04401408450704225,0.15977112676056338
0.7298850574712644,0.07515473032714412,0.04376657824933687,0.15119363395225463
0.7326602282704127,0.07682177348551361,0.04302019315188762,0.14749780509218613
0.7358490566037735,0.0750329091706889,0.046072838964458095,0.14304519526107942
0.7311072056239016,0.07469244288224956,0.04569420035149385,0.14850615114235502
0.7305976806422837,0.07404103479036575,0.0463871543264942,0.14897413024085637
0.7275528169014085,0.0761443661971831,0.05193661971830986,0.1443661971830986
0.7231788079470198,0.07991169977924945,0.04944812362030905,0.14746136865342163
0.7235063235935456,0.08286088094199738,0.04753597906672481,0.14609681639773223
0.7278761061946902,0.08008849557522124,0.046902654867256637,0.14513274336283186
0.7304808116453463,0.07851786501985002,0.04719894133215704,0.14380238200264667
0.7266696152145069,0.08314904909332153,0.04688191065900044,0.14329942503317117
0.726911179849757,0.08484312859036677,0.04684047724259832,0.14140521431727796
0.7234611953612846,0.08206958073148975,0.0463871543264942,0.1480820695807315
0.7218045112781954,0.08093763821318001,0.047766475011057054,0.14949137549756744
0.7255936675461742,0.07959542656112577,0.04793315743183817,0.1468777484608619
0.7306501547987616,0.0800530738611234,0.045112781954887216,0.14418398938522778
0.7250996015936255,0.08233731739707835,0.04648074369189907,0.1460823373173971
0.7255855059655325,0.0821917808219178,0.04728236853733982,0.1449403446752099
0.7223946784922395,0.0811529933481153,0.04745011086474501,0.14900221729490024
0.7310924369747899,0.07961079168509509,0.04467049977885891,0.14462627156125607
0.7255506607929515,0.07973568281938326,0.04537444933920705,0.14933920704845816
0.7245800176834659,0.07780725022104333,0.04597701149425287,0.15163572060123784
0.7271918113039608,0.0778816199376947,0.040498442367601244,0.15442812639074321
0.7345679012345679,0.07539682539682539,0.03880070546737213,0.15123456790123457
0.7345054945054945,0.07296703296703297,0.03736263736263736,0.15516483516483517
0.7381479840496233,0.07266282676118742,0.03810367744793974,0.15108551174124946
0.7401402278702892,0.06792287467134094,0.03943908851884312,0.15249780893952672
0.7399122807017544,0.06973684210526315,0.039473684210526314,0.15087719298245614
0.74307083150022,0.06907171139463264,0.0365156181258249,0.1513418389793225
0.7460247349823321,0.07022968197879859,0.037985865724381625,0.14575971731448764
0.749012724879333,0.06976744186046512,0.03554190434401053,0.1456779289161913
0.7536682970208982,0.06980880391285016,0.03423743886171632,0.14228546020453534
0.7501117568171658,0.07152436298614215,0.03620920876173447,0.14215467143495752
0.75,0.07130281690140845,0.03917253521126761,0.13952464788732394
0.750109409190372,0.07045951859956236,0.04201312910284464,0.137417943107221
0.7549194991055456,0.07245080500894455,0.040697674418604654,0.1319320214669052
0.7518632178868917,0.07321350284962735,0.041209995615957916,0.13371328364752302
0.7539335664335665,0.06993006993006994,0.04283216783216783,0.1333041958041958
0.7505538325210457,0.06778910057598582,0.04474966770048737,0.13690739920248116
0.7588652482269503,0.0625,0.04299645390070922,0.1356382978723404
0.7613132209405501,0.06433007985803017,0.04480922803904171,0.129547471162378
0.7594050743657043,0.0647419072615923,0.047244094488188976,0.12860892388451445
0.7570298769771528,0.06370826010544815,0.046133567662565905,0.13312829525483305
0.7594486438417074,0.06269453090262339,0.04802134281903068,0.1298354824366385
0.7580008768084173,0.0648838228846997,0.04734765453748356,0.1297676457693994
0.7610619469026548,0.06371681415929203,0.047345132743362835,0.12787610619469025
0.7595217006200177,0.0637732506643047,0.04827280779450841,0.12843224092116917
0.7522241992882562,0.06628113879003558,0.0498220640569395,0.13167259786476868
0.75055090348171,0.06698986337593654,0.0502423975319524,0.13221683561040107
0.747141600703606,0.06640281442392261,0.051890941072999124,0.1345646437994723
0.7559471365638767,0.06519823788546256,0.04889867841409692,0.1299559471365639
0.7498895271763146,0.06451612903225806,0.048608042421564294,0.136986301369863
0.7539473684210526,0.062280701754385964,0.04780701754385965,0.13596491228070176
0.7517513134851138,0.06304728546409807,0.04816112084063047,0.13704028021015763
0.7453580901856764,0.0649867374005305,0.05128205128205128,0.13837312113174183
0.7488888888888889,0.06311111111111112,0.04844444444444444,0.13955555555555554
0.7474613686534216,0.06578366445916115,0.046799116997792496,0.13995584988962473
0.7540695116586009,0.06511218653761548,0.04355477342718874,0.1372635283765948
0.7552173913043478,0.06217391304347826,0.043478260869565216,0.1391304347826087
0.7530918727915195,0.06139575971731449,0.04549469964664311,0.14001766784452296
0.7567804024496938,0.06255468066491689,0.044181977252843396,0.13648293963254593
0.7560429722470904,0.06401074306177261,0.043867502238137866,0.1360787824529991
0.7566137566137566,0.06393298059964726,0.04409171075837742,0.1353615520282187
0.7533215234720992,0.062444641275465014,0.04827280779450841,0.13596102745792737
0.7590040017785683,0.062249888839484215,0.04579813250333482,0.1329479768786127
0.7578853842736561,0.05819635717458907,0.047090182141270545,0.13682807641048422
0.7545333923042902,0.05926581158779301,0.04732419283502875,0.13887660327288812
0.7538461538461538,0.0589010989010989,0.046153846153846156,0.1410989010989011
0.751099384344767,0.06200527704485488,0.04617414248021108,0.14072119613016712
0.7552724077328646,0.06107205623901582,0.0492091388400703,0.1344463971880492
0.753412593571114,0.06252752091589608,0.04711580801409071,0.13694407749889917
0.7540983606557377,0.06380150642445724,0.0460788657509969,0.13602126716880816
0.7535149384885764,0.0641476274165202,0.043936731107205626,0.13840070298769772
0.7570921985815603,0.06471631205673758,0.03945035460992908,0.13874113475177305
0.7580716497125166,0.06722689075630252,0.038920831490490936,0.13578062804068997
0.7594318686196183,0.06657789613848203,0.03861517976031957,0.1353750554815801
0.7637001315212626,0.06532222709338009,0.037264357737834285,0.13371328364752302
0.7598770851624231,0.06409130816505706,0.038630377524143986,0.13740122914837577
0.7619257950530035,0.06051236749116608,0.03842756183745583,0.13913427561837455
0.7541056369285397,0.06258322237017311,0.03994673768308921,0.14336440301819794
0.7538597265108072,0.06396118217909132,0.0423467137185708,0.13983237759153067
0.7545094588649363,0.06511218653761548,0.044434667839859214,0.13594368675758908
0.7562056737588653,0.061170212765957445,0.04565602836879433,0.13696808510638298
0.7546501328609388,0.06598759964570416,0.04561558901682905,0.1337466784765279
0.7505480052608505,0.06707584392810172,0.04471722928540114,0.13765892152564665
0.7485739359368144,0.06713470820535322,0.0443176831943835,0.13997367266344887
0.75,0.06666666666666667,0.04473684210526316,0.13859649122807016
0.7436235708003518,0.07036059806508356,0.0426561125769569,0.14335971855760773
0.742121615623613,0.07057256990679095,0.045272969374167776,0.14203284509542832
0.7410517012814848,0.07291206363234644,0.04507291206363235,0.14096332302253645
0.7434531735463826,0.0692410119840213,0.04349755881047492,0.14380825565912117
0.752998667258996,0.0693025322079076,0.0444247001332741,0.1332741003998223
0.7482456140350877,0.06929824561403508,0.04473684210526316,0.13771929824561405
0.7467906153165117,0.06905710491367861,0.04780876494023904,0.1363435148295706
0.7463543968183827,0.0684931506849315,0.0481661511268228,0.136986301369863
0.7472381794078656,0.07202828104286346,0.05081749889527176,0.12991604065399912
0.7519858781994704,0.06796116504854369,0.05207413945278023,0.12797881729920565
0.7496688741721854,0.0706401766004415,0.052538631346578366,0.1271523178807947
0.742177170559718,0.0749228735125606,0.050683120317320404,0.13221683561040107
0.7465478841870824,0.07037861915367483,0.053452115812917596,0.12962138084632516
0.748,0.07244444444444445,0.04888888888888889,0.13066666666666665
0.7492260061919505,0.07076514816452897,0.048651039363113664,0.13135780628040689
0.7402135231316725,0.07339857651245552,0.0547153024911032,0.13167259786476868
0.7447089947089947,0.07054673721340388,0.05423280423280423,0.13051146384479717
0.7525230364194823,0.06976744186046512,0.05309346204475647,0.12461605967529618
0.7513250883392226,0.07022968197879859,0.05123674911660778,0.127208480565371
0.75456570155902,0.06904231625835189,0.051670378619153676,0.12472160356347439
0.754750331418471,0.06672558550596554,0.05391073795846222,0.12461334511710119
0.7537248028045574,0.07011393514460999,0.05214723926380368,0.12401402278702892
0.7493345164152617,0.07497781721384206,0.05146406388642413,0.12422360248447205
0.7543008381120423,0.07190119100132333,0.050286722540802825,0.12351124834583149
0.7606499780412824,0.07246376811594203,0.049187527448397016,0.11769872639437857
0.7677078750549934,0.0708315002199736,0.04927408710954685,0.11218653761548614
0.7732919254658385,0.06654835847382432,0.04835847382431233,0.11180124223602485
0.77078750549934,0.06423229212494501,0.051473823141223056,0.11350637923449186
0.7744661921708185,0.06005338078291815,0.05249110320284697,0.11298932384341637
0.7751322751322751,0.06305114638447971,0.051587301587301584,0.11022927689594356
0.7713280562884784,0.06772207563764292,0.04969217238346526,0.11125769569041337
0.7732506643046945,0.0637732506643047,0.050487156775907885,0.112488928255093
0.7699736611062336,0.06540825285338016,0.04916593503072871,0.1154521510096576
0.7701505757307352,0.06643046944198405,0.049601417183348095,0.11381753764393268
0.7717584369449378,0.06838365896980461,0.047957371225577264,0.11190053285968028
0.7780239255649092,0.06557377049180328,0.047851129818342934,0.10855117412494461
0.775,0.06875,0.049553571428571426,0.10669642857142857
0.7733333333333333,0.06933333333333333,0.051555555555555556,0.10577777777777778
0.7724656927844179,0.06640106241699867,0.05090748118636565,0.1102257636122178
0.7796081923419412,0.06723063223508459,0.04719501335707925,0.10596616206589493
0.7789982425307557,0.06810193321616871,0.04481546572934974,0.10808435852372583
0.7831272084805654,0.06581272084805653,0.0446113074204947,0.10644876325088339
0.7842105263157895,0.06315789473684211,0.04649122807017544,0.10614035087719298
0.7837240159221583,0.06280406899601947,0.04555506413091552,0.10791685095090668
0.7872622733303848,0.06457319770013269,0.044228217602830605,0.10393631136665192
0.7830313742819266,0.06319045514803358,0.04551480335837384,0.10826336721166593
0.7792832167832168,0.06337412587412587,0.04895104895104895,0.10839160839160839
0.781858407079646,0.062389380530973454,0.05132743362831858,0.10442477876106195
