R,A,S,N
0.0,0.0,0.0,1.0
0.0,0.6666666666666666,0.0,0.3333333333333333
0.0,0.2,0.2,0.6
0.0,0.2,0.2,0.6
0.0,0.19047619047619047,0.14285714285714285,0.6666666666666666
0.0,0.175,0.15,0.675
0.015151515151515152,0.16666666666666666,0.13636363636363635,0.6818181818181818
0.017241379310344827,0.15517241379310345,0.13793103448275862,0.6896551724137931
0.023668639053254437,0.15384615384615385,0.13609467455621302,0.6863905325443787
0.036585365853658534,0.13821138211382114,0.13414634146341464,0.6910569105691057
0.04229607250755287,0.1299093655589124,0.13595166163141995,0.6918429003021148
0.046228710462287104,0.11192214111922141,0.10948905109489052,0.732360097323601
0.05747126436781609,0.11494252873563218,0.1111111111111111,0.7164750957854407
0.07407407407407407,0.10466988727858294,0.12238325281803543,0.6988727858293076
0.08203125,0.10546875,0.1171875,0.6953125
0.0970231532524807,0.0970231532524807,0.10584343991179714,0.7001102535832414
0.11132075471698114,0.10283018867924529,0.10471698113207548,0.6811320754716981
0.12510288065843622,0.1094650205761317,0.10123456790123457,0.6641975308641975
0.1294287780187997,0.11641359363702097,0.09689081706435286,0.6572668112798264
0.1369953673064196,0.12045003309066843,0.09927200529450694,0.6432825943084051
0.1419753086419753,0.12222222222222222,0.09197530864197531,0.6438271604938272
0.14688940092165897,0.12327188940092165,0.09101382488479262,0.6388248847926268
0.15256064690026955,0.11374663072776281,0.08948787061994609,0.6442048517520216
0.16666666666666666,0.11215932914046121,0.08909853249475891,0.6320754716981132
0.1692155895411939,0.11297483966452886,0.08880118401578688,0.6290083867784904
0.1761927255550307,0.10722720831365139,0.08833254605573926,0.6282475200755786
0.1767420396862021,0.10613751730503,0.09090909090909091,0.6262113520996769
0.17806977797915724,0.10466696873584051,0.0946986859990938,0.6225645672859085
0.18137472283813746,0.10421286031042129,0.09977827050997783,0.6146341463414634
0.1835024261138068,0.10454344949272165,0.09836788707543008,0.6135862373180415
0.18596491228070175,0.10307017543859649,0.10043859649122808,0.6105263157894737
0.18525021949078138,0.10535557506584724,0.09789288849868305,0.6115013169446883
0.18337730870712401,0.1077396657871592,0.09850483729111698,0.6103781882145998
0.17571743929359823,0.10860927152317881,0.1011037527593819,0.614569536423841
0.1756876663708962,0.11002661934338953,0.10159716060337179,0.6126885536823425
0.17585301837270342,0.11198600174978128,0.10454943132108487,0.6076115485564304
0.17982456140350878,0.11271929824561404,0.10263157894736842,0.6048245614035088
0.17603160667251974,0.11325724319578578,0.10228270412642669,0.6084284460052678
0.17899867080194948,0.11431103234381923,0.1076650420912716,0.5990252547629596
0.1776988005330964,0.11372723234118169,0.10839626832518881,0.6001776988005331
0.17770034843205576,0.11280487804878049,0.10801393728222997,0.6014808362369338
0.17406593406593407,0.11164835164835164,0.10989010989010989,0.6043956043956044
0.173017958826106,0.11213315812527376,0.11607533946561542,0.5987735435830048
0.18213660245183888,0.10770577933450087,0.11295971978984239,0.5971978984238179
0.17530755711775045,0.10808435852372583,0.11643233743409491,0.6001757469244289
0.17339771729587358,0.1044776119402985,0.11984196663740122,0.6022827041264267
0.17470145953118088,0.10614772224679346,0.11897390535161433,0.6001769128704113
0.17404782993799822,0.112488928255093,0.11603188662533215,0.5974313551815766
0.17139061116031887,0.11381753764393268,0.11736049601417184,0.5974313551815766
0.16747252747252747,0.11648351648351649,0.11956043956043956,0.5964835164835165
0.16987740805604204,0.12084063047285463,0.11733800350262696,0.5919439579684763
0.17507678806494076,0.12022817025010969,0.11452391399736726,0.5901711276875823
0.17515364354697102,0.12291483757682177,0.11808604038630377,0.5838454784899034
0.173665791776028,0.1242344706911636,0.12029746281714786,0.5818022747156606
0.1755226480836237,0.1171602787456446,0.12064459930313588,0.5866724738675958
0.18012422360248448,0.11535048802129548,0.1220053238686779,0.5825199645075422
0.17647058823529413,0.11369622475856014,0.1237928007023705,0.5860403863037752
0.1758193091231178,0.112488928255093,0.12488928255093003,0.5868024800708592
0.17462422634836428,0.11140583554376658,0.12643678160919541,0.5875331564986738
0.17351398601398602,0.11407342657342658,0.12937062937062938,0.583041958041958
0.17530755711775045,0.11291739894551846,0.12302284710017575,0.5887521968365553
0.17452006980802792,0.11169284467713787,0.12958115183246074,0.5842059336823735
0.17667536988685814,0.1122715404699739,0.13141862489120976,0.5796344647519582
0.172459304883414,0.11438627364716233,0.12846458424989002,0.5846898372195336
0.17200526546731024,0.11715664765247916,0.12812637121544537,0.5827117156647652
0.17324561403508773,0.12192982456140351,0.13333333333333333,0.5714912280701754
0.1799735333039259,0.12130569033965594,0.12880458756065286,0.5699161887957653
0.1805372082782915,0.12285336856010567,0.12857771906649054,0.5680317040951123
0.18404907975460122,0.12226117440841368,0.13102541630148992,0.5626643295354952
0.1879135421261579,0.11910013233348037,0.1349801499779444,0.5580061755624173
0.18780166739798157,0.12505484861781482,0.1338306274681878,0.5533128565160158
0.1975199291408326,0.12311780336581045,0.13064658990256864,0.5487156775907883
0.19397697077059345,0.12267493356953056,0.12976085031000886,0.5535872453498671
0.19283502874834144,0.1238390092879257,0.13533834586466165,0.5479876160990712
0.19394471259324264,0.12637121544537078,0.13602457218078104,0.5436594997806056
0.19112478031634447,0.1296133567662566,0.14015817223198593,0.539103690685413
0.1970899470899471,0.13227513227513227,0.1455026455026455,0.5251322751322751
0.1936466492602263,0.13011314186248912,0.15056570931244562,0.525674499564839
0.19698981850376274,0.1363435148295706,0.14475431606905712,0.5219123505976095
0.1912280701754386,0.13464912280701755,0.1513157894736842,0.5228070175438596
0.19621645402551693,0.13462384513858336,0.1482622085349758,0.5208974923009239
0.20191888355865678,0.1399912778020061,0.14653292629742695,0.5115569123419101
0.20070733863837312,0.14323607427055704,0.14323607427055704,0.5128205128205128
0.20289219982471515,0.13935144609991235,0.14154250657318143,0.516213847502191
0.2044658493870403,0.14185639229422067,0.14579684763572678,0.5078809106830122
0.20503756076005303,0.14582412726469288,0.14405656208572692,0.5050817498895271
0.20230190349712263,0.1460823373173971,0.14519698981850376,0.5064187693669765
0.2084070796460177,0.14557522123893804,0.13805309734513274,0.5079646017699115
0.20550377274744785,0.14558366622281402,0.1415889924545051,0.507323568575233
0.20329181494661921,0.14679715302491103,0.13834519572953738,0.5115658362989324
0.19816272965879264,0.15091863517060367,0.13823272090988625,0.5126859142607174
0.20537681798148966,0.15337152930806522,0.14103129131776113,0.500220361392684
0.2097902097902098,0.1555944055944056,0.13767482517482518,0.4969405594405594
0.21422338568935428,0.15881326352530542,0.13394415357766143,0.4930191972076789
0.21328671328671328,0.15952797202797203,0.1333041958041958,0.4938811188811189
0.2114962702939886,0.15971917507678807,0.1390960947784116,0.4896884598508118
0.21311475409836064,0.16038989809481613,0.1386796632698272,0.48781568453699603
0.21760070052539404,0.16199649737302976,0.13485113835376533,0.48555166374781084
0.21814159292035398,0.16327433628318583,0.13761061946902656,0.48097345132743363
0.22415291051259775,0.16507384882710685,0.1355343179843614,0.475238922675934
0.21564295183384888,0.1665930181175431,0.14007954043305346,0.4776844896155546
0.21685144124168515,0.17028824833702882,0.141019955654102,0.47184035476718406
0.21792083514571553,0.1692040017398869,0.14658547194432361,0.46628969117007396
0.21311475409836064,0.17235268054940187,0.1448825875055383,0.46964997784669915
0.2159827213822894,0.1714902807775378,0.1429805615550756,0.4695464362850972
0.21930604982206406,0.17348754448398576,0.14145907473309607,0.4657473309608541
0.21943711521547934,0.17326297273526825,0.14072119613016712,0.4665787159190853
0.22090988626421698,0.1710411198600175,0.13867016622922135,0.4693788276465442
0.22236900044033464,0.1690885072655218,0.1444297666226332,0.46411272567151035
0.2214941022280472,0.17300131061598953,0.15028396679772826,0.455220620358235
0.22717247463608292,0.17071018967798854,0.1513012792236436,0.45081605646228495
0.22314410480349345,0.17554585152838428,0.1537117903930131,0.44759825327510916
0.2242054854157597,0.16978667827601218,0.15933826730518066,0.44666956900304744
0.22369584438549955,0.16976127320954906,0.15517241379310345,0.45137046861184793
0.2260061919504644,0.17249004865103937,0.15479876160990713,0.44670499778858913
0.22559366754617413,0.16886543535620052,0.1613896218117854,0.4441512752858399
0.22690941385435168,0.1700710479573712,0.15674955595026643,0.4462699822380107
0.22791519434628976,0.17181978798586572,0.1603356890459364,0.43992932862190814
0.22791519434628976,0.17358657243816256,0.16431095406360424,0.43418727915194344
0.23236331569664903,0.1710758377425044,0.16225749559082892,0.43430335097001765
0.23247559893522626,0.16770186335403728,0.160603371783496,0.4392191659272405
0.22820849759088918,0.17082785808147175,0.16294349540078842,0.43802014892685065
0.2326297273526825,0.16754617414248021,0.1613896218117854,0.4384344766930519
0.23076923076923078,0.16615384615384615,0.1635164835164835,0.43956043956043955
0.2336572438162544,0.16651943462897525,0.16475265017667845,0.43507067137809186
0.23443708609271524,0.16335540838852097,0.16026490066225166,0.44194260485651216
0.23436816790555312,0.17140358548316573,0.16222125054656755,0.4320069960647136
0.22988505747126436,0.16666666666666666,0.15959328028293546,0.4438549955791335
0.22885789014821273,0.16870095902353968,0.15736704446381866,0.44507410636442896
0.22992540587977184,0.17244405440982888,0.1584028082492321,0.43922773146116717
0.23190932868352224,0.17306015693112467,0.15431560592850915,0.44071490845684397
0.22759226713532513,0.17882249560632688,0.15641476274165203,0.43717047451669594
0.22329670329670329,0.1789010989010989,0.16263736263736264,0.4351648351648352
0.2275740167918692,0.17498895271763146,0.16305788775961114,0.4343791427308882
0.22717247463608292,0.18041464490516101,0.1623290692545214,0.43008381120423467
0.22781456953642384,0.17880794701986755,0.16114790286975716,0.43222958057395144
0.2298951048951049,0.1770104895104895,0.15821678321678323,0.4348776223776224
0.23168578993821712,0.176522506619594,0.16195939982347748,0.4298323036187114
0.22651448639157157,0.1769095697980685,0.16198419666374012,0.43459174714661986
0.2244268077601411,0.18121693121693122,0.164021164021164,0.43033509700176364
0.22403169014084506,0.18397887323943662,0.167693661971831,0.4242957746478873
0.2332155477031802,0.1775618374558304,0.17226148409893993,0.4169611307420495
0.23168056164984643,0.1851689337428697,0.16981132075471697,0.4133391838525669
0.23205636283575518,0.18582122413033905,0.17173051519154559,0.4103918978423602
0.22823218997361477,0.18601583113456466,0.17018469656992086,0.4155672823218997
0.2303003918154114,0.18067043970396168,0.16630387461906834,0.42272529386155855
0.22844638949671772,0.18468271334792122,0.16323851203501094,0.4236323851203501
0.22530864197530864,0.17989417989417988,0.17019400352733685,0.4246031746031746
0.22951541850220264,0.17709251101321585,0.17224669603524229,0.4211453744493392
0.23036187113857018,0.1734333627537511,0.17122683142100617,0.42497793468667255
0.23121131741821396,0.17418213969938107,0.17020335985853227,0.4244031830238727
0.22197802197802197,0.17450549450549452,0.17362637362637362,0.4298901098901099
0.22153846153846155,0.17274725274725275,0.17802197802197803,0.4276923076923077
0.21800529567519858,0.17299205648720212,0.18005295675198588,0.4289496910856134
0.22187776793622674,0.1767050487156776,0.1771479185119575,0.4242692648361382
0.21976074435090828,0.1750110766504209,0.18032786885245902,0.42490031014621177
0.22310405643738976,0.17416225749559083,0.18077601410934743,0.421957671957672
0.2228521587440035,0.1705189707806367,0.18054949847361534,0.42607937200174445
0.22202565236620964,0.1667403803626714,0.17823971693940735,0.4329942503317116
0.22084257206208427,0.16762749445676275,0.1778270509977827,0.4337028824833703
0.22018348623853212,0.1690694626474443,0.17474879860200962,0.43599825251201396
0.22149122807017543,0.16403508771929826,0.17587719298245613,0.43859649122807015
0.2252332296756997,0.16392714349178142,0.18125277654375832,0.42958685028876054
0.225692916849978,0.1680598328200616,0.17685877694676638,0.429388473383194
0.22629969418960244,0.16775884665792923,0.1764962865880297,0.4294451725644386
0.23059964726631393,0.16843033509700175,0.17592592592592593,0.42504409171075835
0.23311546840958605,0.16383442265795206,0.17908496732026144,0.42396514161220045
0.2362998684787374,0.16703200350723366,0.17623849188952215,0.4204296361245068
0.24246395806028834,0.16339012669287897,0.17387505460899957,0.4202708606378331
0.2438380281690141,0.167693661971831,0.17693661971830985,0.41153169014084506
0.24326710816777042,0.16997792494481237,0.17483443708609273,0.4119205298013245
0.23422222222222222,0.17066666666666666,0.17422222222222222,0.42088888888888887
0.23910171730515192,0.17613386173491855,0.1686481726111845,0.41611624834874505
0.23992994746059546,0.1808231173380035,0.16549912434325745,0.4137478108581436
0.24166666666666667,0.17763157894736842,0.16359649122807018,0.41710526315789476
0.23894967177242887,0.17899343544857768,0.15973741794310722,0.4223194748358862
0.2370500438981563,0.17998244073748904,0.15803336259877085,0.42493415276558383
0.2445916114790287,0.1814569536423841,0.15894039735099338,0.41501103752759383
0.24835164835164836,0.17714285714285713,0.16175824175824177,0.41274725274725277
0.24640209332751853,0.17269952027911034,0.1648495420846053,0.4160488443087658
0.24175824175824176,0.1767032967032967,0.16747252747252747,0.41406593406593406
0.24142480211081793,0.17941952506596306,0.167985927880387,0.41116974494283204
0.24019391802556192,0.18113706478624944,0.16571176729836934,0.4129572498898193
0.23989338071968014,0.1785872945357619,0.16303864948911595,0.418480675255442
0.2429656096471639,0.17552478785171952,0.16346583296114336,0.4180437695399732
0.24047829937998227,0.17493356953055803,0.1682905225863596,0.4162976085031001
0.24468085106382978,0.17952127659574468,0.17287234042553193,0.4029255319148936
0.23447069116360456,0.17804024496937884,0.17804024496937884,0.4094488188976378
0.23729562527618206,0.1802916482545294,0.17764030048608043,0.4047724259832081
0.23700440528634362,0.18370044052863435,0.18237885462555067,0.3969162995594714
0.23383525243578387,0.18423383525243578,0.18556244464127547,0.3963684676705049
0.24199912319158265,0.1819377466023674,0.17843051293292417,0.3976326172731258
0.24052863436123348,0.18237885462555067,0.1814977973568282,0.39559471365638765
0.24331433581762385,0.17974572555896537,0.17755370451556335,0.39938623410784746
0.2416077738515901,0.17800353356890458,0.18065371024734983,0.3997349823321555
0.24711623779946762,0.18278615794143743,0.1774622892635315,0.3926353149955634
0.2439772229522558,0.1773981603153745,0.1782742006132282,0.40035041611914146
0.2444933920704846,0.18590308370044054,0.17180616740088106,0.39779735682819384
0.25,0.18286219081272084,0.1691696113074205,0.39796819787985865
0.25208241999123193,0.19070583077597544,0.1687856203419553,0.38842612889083733
0.24744103248776145,0.19715175789942144,0.16688918558077437,0.3885180240320427
0.2482394366197183,0.19190140845070422,0.16593309859154928,0.3939260563380282
0.25296442687747034,0.19367588932806323,0.15898111550285463,0.3943785682916118
0.25389755011135856,0.19910913140311803,0.1603563474387528,0.3866369710467706
0.2522281639928699,0.1983065953654189,0.15597147950089127,0.39349376114081996
0.2619360490582567,0.1953569864213754,0.15462111257117828,0.38808585194918965
0.25522648083623695,0.1999128919860627,0.15374564459930315,0.3911149825783972
0.2540587977182975,0.19657744624835455,0.15884159719175076,0.3905221588415972
0.25786713286713286,0.20104895104895104,0.15821678321678323,0.38286713286713286
0.2590809628008753,0.20306345733041575,0.1549234135667396,0.38293216630196936
0.2621145374449339,0.20308370044052865,0.1524229074889868,0.38237885462555066
0.2592429577464789,0.207306338028169,0.1522887323943662,0.38116197183098594
0.25958572058175405,0.20846187747906567,0.1498457470251212,0.38210665491405904
0.2623022847100176,0.20738137082601055,0.14982425307557118,0.3804920913884007
0.26373626373626374,0.20835164835164835,0.1476923076923077,0.3802197802197802
0.2668416447944007,0.20647419072615922,0.14741907261592302,0.37926509186351703
0.2659010600706714,0.2053886925795053,0.14620141342756185,0.3825088339222615
0.2681958535509484,0.2086457873842082,0.14380238200264667,0.37935597706219676
0.26451041205139564,0.20691182986264953,0.14709791758972088,0.38147984049623396
0.2681958535509484,0.2046757829730922,0.14600794000882222,0.3811204234671372
0.26924788607031597,0.2087227414330218,0.14419225634178906,0.37783711615487314
0.2713656387665198,0.2145374449339207,0.14713656387665197,0.3669603524229075
0.2674315975286849,0.21094439541041482,0.14916151809355693,0.37246248896734335
0.2655293088363955,0.20909886264216973,0.1557305336832896,0.36964129483814523
0.26928162185985016,0.21595416483032173,0.1489643014543852,0.3657999118554429
0.26225165562913905,0.22163355408388521,0.14966887417218544,0.36644591611479027
0.26444833625218916,0.2149737302977233,0.14667250437828372,0.37390542907180385
0.25850640742377373,0.21961997348652232,0.1581970835174547,0.3636765355722492
0.26531511679153813,0.22036139268400176,0.1516086381665932,0.3627148523578669
0.264783759929391,0.22594880847308033,0.1500441306266549,0.3592233009708738
0.26544021024967146,0.22689443714410862,0.15199299167761718,0.3556723609286027
0.2620932277924362,0.22691292875989447,0.15259454705364994,0.35839929639401935
0.25491051942383236,0.23003055434308162,0.1518987341772152,0.3631601920558708
0.2667554371948513,0.2201509098979139,0.15534842432312473,0.35774522858411006
0.25629695095006627,0.2209456473707468,0.16482545293857712,0.3579319487406098
0.2691104157353599,0.21993741618238713,0.16137684398748323,0.34957532409476977
0.2734513274336283,0.21902654867256638,0.1592920353982301,0.34823008849557524
0.27019867549668874,0.2185430463576159,0.15938189845474612,0.3518763796909492
0.2738770170082861,0.21456607064980376,0.1591801133885739,0.35237679895333623
0.2764263600176913,0.2118531623175586,0.15745245466607696,0.35426802299867316
0.26763668430335097,0.20458553791887124,0.16137566137566137,0.3664021164021164
0.275032794053345,0.2094446873633581,0.16134674245736774,0.35417577612592915
0.27188737351517817,0.20765508139023317,0.1636603607567092,0.35679718433787944
0.2653333333333333,0.21244444444444444,0.156,0.3662222222222222
0.27048458149779736,0.20837004405286344,0.15947136563876652,0.3616740088105727
0.27569475077194533,0.20599911777679752,0.15659461843846492,0.36171151301279225
0.2754069511658601,0.2023757149142103,0.1592608886933568,0.36295644522657283
0.27558706247230835,0.2051395657953035,0.1581745680106336,0.36109880372175457
0.2803656943839791,0.2002612102742708,0.1545494122768829,0.36482368306486723
0.27850877192982454,0.19912280701754387,0.15087719298245614,0.3714912280701754
0.27824545857332744,0.20203810367744793,0.15019937970757644,0.3695170580416482
0.2839185088859991,0.19939315127871696,0.15387949718248808,0.36280884265279584
0.28225451343020697,0.19947159841479525,0.15852047556142668,0.35975341259357113
0.2807794508414526,0.19309123117803365,0.16076173604960142,0.3653675819309123
0.2823581560283688,0.19326241134751773,0.16533687943262412,0.35904255319148937
0.28257042253521125,0.19630281690140844,0.16593309859154928,0.355193661971831
0.28017817371937637,0.19821826280623608,0.16525612472160356,0.35634743875278396
0.2794894366197183,0.20026408450704225,0.1602112676056338,0.3600352112676056
0.2836411609498681,0.20052770448548812,0.15919085312225154,0.35664028144239224
0.2857771906649053,0.19462791721708497,0.15808014090708938,0.3615147512109203
0.28901734104046245,0.19697643397065362,0.16184971098265896,0.352156514006225
0.29036515618125824,0.2023757149142103,0.16190057193136823,0.3453585569731632
0.28703703703703703,0.20414462081128748,0.164021164021164,0.3447971781305115
0.29279080053073864,0.20079610791685096,0.16497125165855817,0.3414418398938523
0.29388297872340424,0.2025709219858156,0.162677304964539,0.3408687943262411
0.28426171529619804,0.20866489832007074,0.16666666666666666,0.34040671971706454
0.28322440087145967,0.20522875816993463,0.17080610021786494,0.34074074074074073
0.2891352549889135,0.19911308203991132,0.1729490022172949,0.33880266075388027
0.28792569659442724,0.19460415745245466,0.17735515258735074,0.34011499336576734
0.2912833990363557,0.19710906701708278,0.17696014016644765,0.3346473937801139
0.2928540113985094,0.19947391494958353,0.17799210872424376,0.3296799649276633
0.2908296943231441,0.19956331877729258,0.1781659388646288,0.3314410480349345
0.28965819456617004,0.19412795793163892,0.17747589833479405,0.338737949167397
0.2874617737003058,0.19309742245522063,0.17955439056356487,0.3398864132809087
0.27973568281938327,0.19647577092511012,0.18193832599118942,0.34185022026431716
0.2804232804232804,0.19753086419753085,0.18298059964726632,0.3390652557319224
0.2833990363556724,0.19316688567674112,0.17915024091108192,0.3442838370565046
0.28059440559440557,0.19361888111888112,0.180506993006993,0.34527972027972026
0.28185840707964605,0.19778761061946903,0.17876106194690267,0.3415929203539823
0.2872855257369116,0.20061592608886933,0.17729872415310163,0.33479982402111746
0.2843352347520842,0.19921017990346643,0.1790258885476086,0.33742869679684073
0.28334062090074336,0.19632706602536074,0.18014866637516397,0.34018364669873197
0.28433945756780404,0.20078740157480315,0.18416447944007,0.33070866141732286
0.2864651773981603,0.19579500657030224,0.18528252299605782,0.3324572930354796
0.28584070796460176,0.19734513274336282,0.18584070796460178,0.3309734513274336
0.28615115771079075,0.2035823503713412,0.1764962865880297,0.33377020532983837
0.28740675734971477,0.20052654673102238,0.1807810443176832,0.33128565160157963
0.2857771906649053,0.19638925583443417,0.1831792162043153,0.33465433729634525
0.2849604221635884,0.1996481970096746,0.1864555848724714,0.3289357959542656
0.2829119442022668,0.2013949433304272,0.19049694856146468,0.32519616390584133
0.28406569019085665,0.1979582778517532,0.19440745672436752,0.3235685752330226
0.2899122807017544,0.1969298245614035,0.18859649122807018,0.32456140350877194
0.28539724811362627,0.1966267199289836,0.19130048823790502,0.32667554371948515
0.2779735682819383,0.20220264317180617,0.1828193832599119,0.3370044052863436
0.28251318101933215,0.19859402460456943,0.1827768014059754,0.336115992970123
0.2831029870708872,0.19884083816317433,0.18368256798930005,0.3343736067766384
0.2834507042253521,0.2011443661971831,0.18221830985915494,0.3331866197183099
0.2884108867427568,0.1957857769973661,0.1865671641791045,0.3292361720807726
0.2885964912280702,0.19824561403508772,0.18421052631578946,0.32894736842105265
0.296118621892717,0.1966855647623201,0.18621892716964675,0.32097688617531617
0.2924778761061947,0.19646017699115045,0.19070796460176992,0.32035398230088497
0.29722589167767505,0.20123293703214443,0.190224570673712,0.31131660061646854
0.30191196087149846,0.20186749666518453,0.18808359270787017,0.30813694975544687
0.29728546409807355,0.19702276707530647,0.18476357267950963,0.3209281961471103
0.310913140311804,0.19287305122494433,0.18084632516703786,0.31536748329621384
0.3085988651243998,0.19642077695329552,0.17721518987341772,0.31776516804888694
0.3,0.20177777777777778,0.18088888888888888,0.31733333333333336
0.30288461538461536,0.20323426573426573,0.17963286713286714,0.3142482517482518
0.3039041703637977,0.2036379769299024,0.17923691215616683,0.3132209405501331
0.30436720142602497,0.20320855614973263,0.1751336898395722,0.3172905525846702
0.2961487383798141,0.20185922974767595,0.1814962372731297,0.32049579459938027
0.3009198423127464,0.2049934296977661,0.1765221200175208,0.31756460797196673
0.30352422907488985,0.19955947136563876,0.17224669603524229,0.3246696035242291
0.3063102541630149,0.2046450482033304,0.17177914110429449,0.3172655565293602
0.3100741386829481,0.20453554295682513,0.16964675098124726,0.3157435673789795
0.31422319474835886,0.2013129102844639,0.16455142231947484,0.3199124726477024
0.3168273444347064,0.2072743207712533,0.1546888694127958,0.3212094653812445
0.3170947741364039,0.20637732506643047,0.15766164747564215,0.31886625332152346
0.3195472355245973,0.20417936438833262,0.15411406181976492,0.3221593382673052
0.31984161900571934,0.1992960844698636,0.15882094148702156,0.3220413550373955
0.31371681415929203,0.2013274336283186,0.1592920353982301,0.3256637168141593
0.30684811237928006,0.20061457418788411,0.1646180860403863,0.3279192273924495
0.3011889035667107,0.20123293703214443,0.16248348745046234,0.33509467195068254
0.3034847816497574,0.20335244816938686,0.16850463167181298,0.3246581385090428
0.3023154215814766,0.20227173438182613,0.1673219746614242,0.32809086937527304
0.3018037835459745,0.20809502859656842,0.16322041355037395,0.3268807743070832
0.30584642233856896,0.20986038394415357,0.15881326352530542,0.3254799301919721
0.2986784140969163,0.21365638766519823,0.1647577092511013,0.3229074889867841
0.2976085031000886,0.2183348095659876,0.1678476527900797,0.31620903454384414
0.2936263736263736,0.21494505494505495,0.17450549450549452,0.3169230769230769
0.2933974639265413,0.21425448185395715,0.16921731526016615,0.32313073895933536
0.2916123424598001,0.2194697957409822,0.16601477618426771,0.32290308561495
0.2969991173874669,0.21668137687555164,0.16593115622241836,0.32038834951456313
0.3030973451327434,0.21283185840707963,0.17079646017699116,0.31327433628318585
0.3017543859649123,0.21096491228070174,0.17105263157894737,0.3162280701754386
0.30543382997370727,0.20902716914986855,0.1730937773882559,0.3124452234881683
0.30320315928038616,0.2150065818341378,0.1689337428696797,0.3128565160157964
0.3052401746724891,0.20829694323144105,0.16768558951965065,0.31877729257641924
0.3147656940760389,0.20424403183023873,0.16622458001768348,0.3147656940760389
0.3102836879432624,0.20833333333333334,0.15913120567375885,0.32225177304964536
0.308431629532547,0.2092616863259065,0.16164263870685888,0.32066404543468763
0.3083370092633436,0.20291133656815175,0.1689457432730481,0.31980591089545657
0.3148804251550044,0.20372010628875112,0.1691762621789194,0.3122232063773251
0.3051519154557464,0.21136063408190225,0.16116248348745046,0.32232496697490093
0.30157342657342656,0.21678321678321677,0.16433566433566432,0.3173076923076923
0.30504689593568557,0.2085752568110764,0.16614560071460474,0.3202322465386333
0.3071177504393673,0.21353251318101935,0.16212653778558875,0.3172231985940246
0.30803177405119153,0.20962047661076788,0.16195939982347748,0.32038834951456313
0.30417406749555953,0.21225577264653642,0.15985790408525755,0.32371225577264656
0.30666666666666664,0.21555555555555556,0.15777777777777777,0.32
0.3065436978480457,0.2147562582345191,0.1572244180939833,0.3214756258234519
0.30677290836653387,0.2204515272244356,0.15405046480743692,0.3187250996015936
0.302683677958645,0.22261328640563133,0.15266168059832821,0.3220413550373955
0.3055797733217088,0.21970357454228423,0.15605928509154315,0.31865736704446385
0.3055922501100837,0.22236900044033464,0.1563188022897402,0.3157199471598415
0.2960819234194123,0.22929652715939447,0.15716829919857525,0.317453250222618
0.29072347980470487,0.23435419440745672,0.1584553928095872,0.31646693297825124
0.2892998678996037,0.23778071334214002,0.15896081021576397,0.3139586085424923
0.28741197183098594,0.23723591549295775,0.16153169014084506,0.31382042253521125
0.2893820713664056,0.23324630113141862,0.16057441253263707,0.3167972149695387
0.28854625550660795,0.23392070484581498,0.16123348017621145,0.3162995594713656
0.2898486197684773,0.2377560106856634,0.15983971504897596,0.31255565449688333
0.2856519843000436,0.23462712603576102,0.16005233318796336,0.319668556476232
0.2884191985909291,0.23293703214442976,0.16292382210479964,0.3157199471598415
0.2847682119205298,0.23399558498896247,0.16467991169977925,0.3165562913907285
0.27308707124010556,0.24098504837291118,0.16754617414248021,0.31838170624450307
0.27324561403508774,0.2394736842105263,0.16798245614035087,0.3192982456140351
0.27384076990376205,0.24146981627296588,0.16404199475065617,0.3206474190726159
0.2653327533710309,0.24140930839495434,0.16659417137886037,0.3266637668551544
0.27149122807017545,0.24210526315789474,0.1675438596491228,0.318859649122807
0.2732072151341839,0.24813022437307522,0.16410030796304442,0.31456225252969644
0.26525198938992045,0.2471264367816092,0.16622458001768348,0.3213969938107869
0.2694323144104803,0.25021834061135373,0.16419213973799127,0.31615720524017465
0.27264808362369336,0.25130662020905925,0.16245644599303136,0.313588850174216
0.2710975076519458,0.2509838216003498,0.16484477481416704,0.3130738959335374
0.27320954907161804,0.253315649867374,0.16047745358090185,0.3129973474801061
0.27212681638044917,0.25935711140466755,0.16292382210479964,0.3055922501100837
0.26119402985074625,0.2546093064091308,0.16549604916593502,0.31870061457418786
0.258688957325121,0.2551693796744391,0.16717993840739112,0.31896172459304883
0.26081200353045014,0.25198587819947044,0.1676963812886143,0.3195057369814651
0.2571182053494392,0.2545297670405522,0.16954270923209663,0.318809318377912
0.257372654155496,0.25245755138516535,0.17113494191242182,0.3190348525469169
0.26060070671378094,0.25176678445229683,0.16740282685512367,0.3202296819787986
0.2578090629124505,0.2542894852617686,0.17113946326440826,0.3167619885613726
0.25842198581560283,0.2526595744680851,0.17375886524822695,0.3151595744680851
0.2594880847308032,0.25728155339805825,0.17519858781994704,0.30803177405119153
0.26063829787234044,0.25177304964539005,0.17198581560283688,0.31560283687943264
0.2621359223300971,0.25419240953221534,0.16990291262135923,0.3137687555163283
0.2563429571303587,0.2563429571303587,0.16404199475065617,0.3232720909886264
0.2558241758241758,0.2549450549450549,0.16,0.3292307692307692
0.2636443661971831,0.24911971830985916,0.16637323943661972,0.320862676056338
0.26285714285714284,0.2443956043956044,0.16747252747252747,0.3252747252747253
0.26322751322751325,0.2508818342151676,0.16710758377425045,0.3187830687830688
0.2648861646234676,0.2478108581436077,0.16330998248686515,0.3239929947460595
0.2699602999558888,0.2518747243052492,0.16365240405822673,0.3145125716806352
0.2753880266075388,0.2501108647450111,0.1583148558758315,0.3161862527716186
0.2745955400087451,0.24529951902055094,0.15566243987756886,0.3244425010931351
0.2742006132282085,0.2483574244415243,0.15637319316688567,0.3210687691633815
0.27516483516483514,0.24527472527472527,0.16087912087912087,0.31868131868131866
0.27432848965213563,0.24790841039189784,0.15808014090708938,0.31968295904887717
0.2786526684164479,0.24278215223097113,0.15748031496062992,0.321084864391951
0.2756637168141593,0.2424778761061947,0.16238938053097346,0.31946902654867254
0.27040141155712394,0.24217026907807676,0.1658579620644023,0.321570357300397
0.2668122270742358,0.24934497816593887,0.16724890829694322,0.3165938864628821
0.2633201232937032,0.25495376486129456,0.1668868339938353,0.3148392778511669
0.2619991193306913,0.25847644209599296,0.16424482606781154,0.3152796125055042
0.25829279080053075,0.2565236620964175,0.16541353383458646,0.31977001326846527
0.25921052631578945,0.2530701754385965,0.1600877192982456,0.32763157894736844
0.2645620275678079,0.24811027123165852,0.15740329035126724,0.3299244108492663
0.265234546251644,0.24594476106970628,0.16177115300306882,0.32704953967558087
0.25958572058175405,0.24812692816218598,0.1617452622300573,0.33054208902600263
0.258688957325121,0.24417069951605808,0.16278046634403873,0.33435987681478224
0.2572447614801605,0.24877396344181898,0.15737851092287117,0.33660276415514934
0.2543859649122807,0.2548245614035088,0.15657894736842104,0.33421052631578946
0.2662337662337662,0.24978354978354977,0.15367965367965367,0.3303030303030303
0.26795945350374617,0.249889819303658,0.1494050242397532,0.33274570295284267
0.2619047619047619,0.24735449735449735,0.14991181657848324,0.3408289241622575
0.2623093681917211,0.24923747276688454,0.1494553376906318,0.3389978213507625
0.26784140969162995,0.24933920704845816,0.1502202643171806,0.33259911894273125
0.25961963732861565,0.24944714727996462,0.15612560813799203,0.3348076072534277
0.24944616747895437,0.25431989366415597,0.1599468320779796,0.33628710677891005
0.25419240953221534,0.2586054721977052,0.15445719329214475,0.3327449249779347
0.25308641975308643,0.2552910052910053,0.15652557319223986,0.3350970017636684
0.25066430469441986,0.2612931798051373,0.15589016829052257,0.33215234720992026
0.25,0.2609841827768014,0.15377855887521968,0.3352372583479789
0.25055432372505543,0.258980044345898,0.1547671840354767,0.33569844789356984
0.24680475980608196,0.2604671661524901,0.15866020273248127,0.33406787130894666
0.2439877568867512,0.2658504591167468,0.15872321818976826,0.3314385658067337
0.24460114587924195,0.2617893345085941,0.1621859850154253,0.3314235345967387
0.2505465675557499,0.264975951027547,0.16134674245736774,0.32313073895933536
0.2471315092674316,0.2621359223300971,0.16019417475728157,0.3305383936451898
0.24834583149536832,0.25937362152624616,0.16100573445081606,0.33127481252756946
0.24889673433362755,0.2524271844660194,0.1646072374227714,0.3340688437775816
0.24989078200087375,0.25513324595893405,0.16688510266491918,0.32809086937527304
0.2550930026572188,0.2555358724534987,0.16430469441984058,0.325066430469442
0.25401785714285713,0.2544642857142857,0.16160714285714287,0.3299107142857143
0.2518947837717343,0.2518947837717343,0.15782434239857335,0.3383860900579581
0.24802110817941952,0.25021987686895336,0.15875109938434476,0.34300791556728233
0.24582967515364354,0.2528533801580334,0.15583845478489902,0.34547848990342406
0.23857644991212654,0.2565905096660808,0.15817223198594024,0.3466608084358524
0.23511248345831495,0.25319805910895454,0.15703573003970003,0.3546537273930304
0.23885209713024283,0.2543046357615894,0.15496688741721854,0.3518763796909492
0.22869757174392935,0.25518763796909494,0.15849889624724062,0.3576158940397351
0.22777047744196233,0.25317564607971965,0.15856329391151994,0.36049058256679806
0.22490135905304692,0.25208241999123193,0.16045594037702762,0.36256028057869355
0.22448979591836735,0.2515527950310559,0.15350488021295475,0.37045252883762203
0.22591943957968477,0.25,0.14929947460595447,0.37478108581436076
0.22729267222465993,0.24265028521281265,0.14787187362878457,0.3821851689337429
0.2273519163763066,0.24825783972125434,0.15026132404181183,0.3741289198606272
0.22965244170699517,0.2454905411350638,0.1517817861856577,0.37307523097228334
0.23358307624504188,0.2388717496694579,0.1511679153812252,0.376377258704275
0.2353717553893533,0.24637043554773427,0.14870215574131104,0.3695556533216014
0.23498465585269618,0.24419114423498467,0.15168785620341954,0.3691363437088996
0.23240371845949534,0.2456839309428951,0.1522797698096503,0.3696325807879593
0.23558118899733807,0.24578527062999111,0.1481810115350488,0.37045252883762203
0.23685373398144058,0.2483429076447194,0.14891736632788333,0.3658859920459567
0.23400525854513585,0.24189307624890447,0.15425065731814197,0.3698510078878177
0.23197903014416776,0.2455220620358235,0.15377894276976845,0.3687199650502403
0.23246581385090428,0.2434936038817821,0.15438906043228937,0.36965152183502425
0.23488168273444346,0.23794916739702016,0.15425065731814197,0.3729184925503944
0.23539823008849559,0.24513274336283186,0.15663716814159293,0.36283185840707965
0.2412726469288555,0.23994697304463103,0.15731330092797172,0.36146707909854175
0.24055135615829257,0.2383281458425967,0.16229435304579815,0.3588261449533126
0.24647887323943662,0.23723591549295775,0.15757042253521128,0.3587147887323944
0.24669603524229075,0.2356828193832599,0.15770925110132158,0.35991189427312775
0.24732620320855614,0.23440285204991088,0.15775401069518716,0.3605169340463458
0.2534036012296882,0.22880983750548967,0.15634606938954765,0.3614404918752745
0.25044091710758376,0.2275132275132275,0.15564373897707232,0.3664021164021164
0.2502206531332745,0.22594880847308033,0.15798764342453664,0.36584289496910855
0.2420494699646643,0.22879858657243815,0.15945229681978798,0.36969964664310956
0.24867724867724866,0.2257495590828924,0.15696649029982362,0.36860670194003525
0.24582233948988566,0.22823218997361477,0.1547933157431838,0.37115215479331576
0.25308098591549294,0.230193661971831,0.15272887323943662,0.36399647887323944
0.2568567696996082,0.22333478450152372,0.15411406181976492,0.3656943839791032
0.2555853440571939,0.22341376228775692,0.1478999106344951,0.37310098302055406
0.2515310586176728,0.2283464566929134,0.14785651793525809,0.37226596675415574
0.2517543859649123,0.23201754385964912,0.14210526315789473,0.37412280701754386
0.2460387323943662,0.23283450704225353,0.14744718309859156,0.37367957746478875
0.24582967515364354,0.23397717295873574,0.1431079894644425,0.37708516242317824
0.25308641975308643,0.23192239858906524,0.140652557319224,0.37433862433862436
0.24733570159857904,0.23401420959147423,0.14120781527531084,0.3774422735346359
0.25153374233128833,0.2322524101665206,0.1437335670464505,0.37248028045574055
0.2472308373947718,0.2361541869738591,0.14621178555604786,0.37040319007532124
0.2523076923076923,0.2347252747252747,0.14725274725274726,0.3657142857142857
0.24583698510078877,0.2357581069237511,0.1516213847502191,0.366783523225241
0.2446524064171123,0.23440285204991088,0.15240641711229946,0.36853832442067735
0.24737302977232925,0.23161120840630472,0.15586690017513136,0.36514886164623467
0.25407309555262,0.2285336856010568,0.15587846763540292,0.3615147512109203
0.24690265486725663,0.23008849557522124,0.1588495575221239,0.3641592920353982
0.2476780185758514,0.22954444935869084,0.15568332596196374,0.367094206103494
0.25342163355408387,0.2251655629139073,0.15584988962472407,0.3655629139072848
0.2547545333923043,0.22777532065457762,0.15568332596196374,0.36178681999115436
0.2529854046881911,0.22733303847854933,0.1609907120743034,0.35869084475895624
0.25507502206531335,0.2263901147396293,0.16195939982347748,0.35657546337157986
0.2561295971978984,0.22066549912434325,0.1606830122591944,0.36252189141856395
0.2553657468243539,0.21901007446342532,0.16644765659220323,0.3591765221200175
0.2517513134851138,0.22154115586690018,0.165061295971979,0.361646234676007
0.2480349344978166,0.22227074235807862,0.1589519650655022,0.3707423580786026
0.2516440157825515,0.21920210434020165,0.16089434458570803,0.3682595352915388
0.2437636761487965,0.22056892778993437,0.16849015317286653,0.36717724288840264
0.24539069359086918,0.21729587357330993,0.16856892010535557,0.3687445127304653
0.2466112811543507,0.21775251421075645,0.1670310450371666,0.3686051595977263
0.24561403508771928,0.22236842105263158,0.16842105263157894,0.3635964912280702
0.2442781690140845,0.22095070422535212,0.1641725352112676,0.37059859154929575
0.24440544098288722,0.22071083808688022,0.16322948661693726,0.3716542343132953
0.24495171202809482,0.21729587357330993,0.1681299385425812,0.36962247585601404
0.24717145343777197,0.21671018276762402,0.16579634464751958,0.3703220191470844
0.24440544098288722,0.2114962702939886,0.17112768758227292,0.37297060114085123
0.24295774647887325,0.2130281690140845,0.17253521126760563,0.3714788732394366
0.24682156948706707,0.22007891275756247,0.16922402455063568,0.3638754932047348
0.2455595026642984,0.21980461811722912,0.16785079928952043,0.36678507992895204
0.2475770925110132,0.2185022026431718,0.1682819383259912,0.3656387665198238
0.2510936132983377,0.21566054243219598,0.17191601049868765,0.36132983377077865
0.2492239467849224,0.22084257206208427,0.17073170731707318,0.35920177383592017
0.25043554006968644,0.22517421602787457,0.16681184668989546,0.35757839721254353
0.25220458553791886,0.2310405643738977,0.16710758377425045,0.349647266313933
