R,A,S,N
0.0,0.0,1.0,0.0
0.0,0.0,0.6,0.4
0.0,0.0,0.6363636363636364,0.36363636363636365
0.0,0.11764705882352941,0.5294117647058824,0.35294117647058826
0.06060606060606061,0.12121212121212122,0.48484848484848486,0.3333333333333333
0.06896551724137931,0.13793103448275862,0.4482758620689655,0.3448275862068966
0.08333333333333333,0.13541666666666666,0.4166666666666667,0.3645833333333333
0.0763888888888889,0.125,0.4375,0.3611111111111111
0.09137055837563451,0.1319796954314721,0.43147208121827413,0.34517766497461927
0.09774436090225563,0.14285714285714285,0.424812030075188,0.33458646616541354
0.11080332409972299,0.14681440443213298,0.40443213296398894,0.3379501385041551
0.11546840958605664,0.1568627450980392,0.40522875816993464,0.3224400871459695
0.13969335604770017,0.16013628620102216,0.3850085178875639,0.3151618398637138
0.15492957746478872,0.1563380281690141,0.3816901408450704,0.30704225352112674
0.16173120728929385,0.16970387243735763,0.3701594533029613,0.2984054669703872
0.17211538461538461,0.16538461538461538,0.35673076923076924,0.3057692307692308
0.17524916943521596,0.16611295681063123,0.35714285714285715,0.3014950166112957
0.17797228300510576,0.16411378555798686,0.35813274981765136,0.29978118161925604
0.1834862385321101,0.16972477064220184,0.34665792922673655,0.30013106159895153
0.18874773139745918,0.17120387174833634,0.33272837265577737,0.3073200241984271
0.19424460431654678,0.16989485334809076,0.33536247924737134,0.30049806308799115
0.19603753910323254,0.17205422314911367,0.32690302398331594,0.30500521376433787
0.2070657507360157,0.16143277723258095,0.32139352306182534,0.310107948969578
0.21523809523809523,0.16476190476190475,0.3223809523809524,0.2976190476190476
0.2136279926335175,0.1703499079189687,0.322744014732965,0.2932780847145488
0.2147711826008156,0.17761667421839603,0.3207974626189397,0.28681468056184867
0.2178796046720575,0.17699910152740342,0.31805929919137466,0.28706199460916443
0.21320249776984834,0.17885816235504015,0.3153434433541481,0.2925958965209634
0.2182296231375986,0.17879053461875546,0.31200701139351444,0.2909728308501315
0.2175054704595186,0.18555798687089717,0.3111597374179431,0.2857768052516411
0.2142226148409894,0.19125441696113074,0.3122791519434629,0.28224381625441697
0.21632294866169371,0.19218955682316805,0.3106625713032032,0.2808249232119351
0.21901007446342532,0.19448094612352168,0.3105562855891371,0.2759526938239159
0.21739130434782608,0.1974267968056788,0.3052351375332742,0.27994676131322094
0.23049801674746584,0.19083296606434552,0.2988100484795064,0.27985896870868227
0.23127463863337713,0.1962330267192291,0.3004818221638195,0.2720105124835742
0.23032714412024757,0.20335985853227231,0.2953138815207781,0.27099911582670205
0.23121131741821396,0.20424403183023873,0.29310344827586204,0.27144120247568526
0.22971175166297117,0.20532150776053215,0.29490022172949004,0.27006651884700666
0.22803163444639718,0.20123022847100175,0.29701230228471004,0.27372583479789103
0.23199292973928415,0.20238621299160406,0.2965090587715422,0.2691117984975696
0.22677234698370763,0.2056362835755174,0.2901805372082783,0.2774108322324967
0.2307353588727433,0.2038749449581682,0.29238221047996477,0.27300748568912375
0.23734037868780272,0.2047556142668428,0.285336856010568,0.27256715103478646
0.23923657345761207,0.20639147802929428,0.28495339547270304,0.2694185530403906
0.2369584438549956,0.20954907161803712,0.28558797524314766,0.26790450928381965
0.23916887709991158,0.20954907161803712,0.2807250221043324,0.27055702917771884
0.24065836298932383,0.2090747330960854,0.2762455516014235,0.27402135231316727
0.24857268335529206,0.20553359683794467,0.27053140096618356,0.2753623188405797
0.24614027348919276,0.2112924569916189,0.27128363475959416,0.27128363475959416
0.24856765094755398,0.20890260026443366,0.26840017628911417,0.2741295724988982
0.2502206531332745,0.20741394527802295,0.2709620476610768,0.27140335392762577
0.2503288031565103,0.20517316966242877,0.2713722051731697,0.27312582200789126
0.24878694309660343,0.2055580061755624,0.2721658579620644,0.2734891927657697
0.2554131683605833,0.20238621299160406,0.2677861246133451,0.27441449403446755
0.2556291390728477,0.20176600441501102,0.26843267108167773,0.27417218543046357
0.25142606406318563,0.20228170250109698,0.26546731022378234,0.2808249232119351
0.25803610744165567,0.19859092910612064,0.2668428005284016,0.2765301629238221
0.25120772946859904,0.20772946859903382,0.2621870882740448,0.27887571365832237
0.25587583148558757,0.19911308203991132,0.2638580931263858,0.2811529933481153
0.25440917107583777,0.20149911816578484,0.2623456790123457,0.28174603174603174
0.24945295404814005,0.20262582056892778,0.2660831509846827,0.2818380743982494
0.257243195785777,0.1957857769973661,0.2704126426690079,0.276558384547849
0.2551422319474836,0.19431072210065645,0.2726477024070022,0.2778993435448578
0.25675077467906154,0.19698981850376274,0.2695883134130146,0.27667109340416113
0.2571554381329811,0.19815059445178335,0.2712461470717745,0.27344782034346105
0.2545293857711003,0.20061864781263808,0.27176314626601855,0.27308882015024305
0.2556390977443609,0.20035382574082264,0.26669615214506853,0.2773109243697479
0.25229157573112176,0.20122217372326495,0.2653862941946748,0.28109995635093843
0.25252082419991234,0.20517316966242877,0.26435773783428324,0.2779482683033757
0.2523281596452328,0.20709534368070953,0.26297117516629714,0.2776053215077605
0.24580759046778464,0.2082965578111209,0.26434245366284204,0.2815533980582524
0.24811696942844483,0.2104563579973416,0.26229508196721313,0.27913159060700043
0.25402348847324924,0.21052631578947367,0.26054806437581557,0.2749021313614615
0.24868421052631579,0.21447368421052632,0.2600877192982456,0.2767543859649123
0.24649122807017543,0.21447368421052632,0.26403508771929823,0.275
0.25209343323049804,0.21375055090348172,0.25826355222565006,0.27589246364037023
0.24789356984478936,0.2133037694013304,0.2607538802660754,0.2780487804878049
0.24472759226713534,0.2117750439367311,0.2623022847100176,0.281195079086116
0.24504186866460997,0.2146319964742177,0.25694138386954607,0.28338475099162624
0.2365544381285527,0.22081329252295584,0.2584171403585483,0.28421512898994317
0.23973509933774834,0.21456953642384105,0.25916114790286976,0.2865342163355408
0.24070021881838075,0.2236323851203501,0.25339168490153174,0.28227571115973743
0.2448614834673816,0.22117962466487937,0.24888293118856122,0.28507596067917784
0.24227714033539277,0.21977052074139453,0.2471315092674316,0.2908208296557811
0.2388646288209607,0.21965065502183406,0.2423580786026201,0.29912663755458513
0.24109470026064292,0.21807124239791487,0.2463075586446568,0.2945264986967854
0.24189307624890447,0.21647677475898336,0.24408413672217352,0.29754601226993865
0.24330259112867808,0.2116820377689943,0.23847167325428195,0.3065436978480457
0.24266316250547526,0.21550591327201052,0.23390275952693823,0.307928164695576
0.24626209322779244,0.21503957783641162,0.2357080035180299,0.30299032541776605
0.24966974900924702,0.21796565389696168,0.23778071334214002,0.29458388375165123
0.24791940429259746,0.21506789312308366,0.24003504161191414,0.29697766097240474
0.24977817213842057,0.2160603371783496,0.2377994676131322,0.2963620230700976
0.24912739965095987,0.21160558464223386,0.2430191972076789,0.2962478184991274
0.24638316527838666,0.21657167908811925,0.24594476106970628,0.29110039456378783
0.25165562913907286,0.21545253863134659,0.24150110375275938,0.2913907284768212
0.25599651112080246,0.21282163105102486,0.23942433493240298,0.2917575228957697
0.25765529308836393,0.21872265966754156,0.23665791776027997,0.2869641294838145
0.2617801047120419,0.22033158813263526,0.22774869109947643,0.2901396160558464
0.25945241199478486,0.222077357670578,0.22816166883963493,0.29030856149500217
0.2526362038664323,0.22627416520210897,0.22583479789103691,0.29525483304042177
0.24749017896115233,0.2221737232649498,0.22435617634220864,0.30597992143168923
0.2513250883392226,0.2234982332155477,0.2248233215547703,0.3003533568904594
0.2533215234720992,0.21966341895482727,0.23073516386182463,0.2962798937112489
0.2578366445916115,0.2229580573951435,0.2251655629139073,0.29403973509933773
0.2612298299171391,0.22416048844308767,0.2228521587440035,0.2917575228957697
0.2590968873301184,0.2244629548443665,0.22139412538360367,0.29504603244191147
0.2661965623622741,0.22124283825473778,0.21947994711326577,0.29308065226972235
0.2646411272567151,0.23029502421840597,0.21312197269925143,0.2919418758256275
0.2689956331877729,0.2262008733624454,0.21353711790393012,0.29126637554585155
0.2663716814159292,0.22964601769911505,0.21017699115044247,0.2938053097345133
0.261978021978022,0.23648351648351648,0.21054945054945054,0.290989010989011
0.2615182097411145,0.23387450636243967,0.20842474769635805,0.2961825362000878
0.25749559082892415,0.24382716049382716,0.20811287477954143,0.29056437389770723
0.2604712041884817,0.24345549738219896,0.20636998254799302,0.28970331588132636
0.25623087013554874,0.24879755137735024,0.20988194140795802,0.285089637079143
0.25726872246696036,0.24801762114537446,0.21233480176211453,0.2823788546255507
0.2556390977443609,0.2516585581601061,0.2127377266696152,0.2799646174259177
0.2592267135325132,0.24956063268892795,0.2069420035149385,0.28427065026362036
0.2675496688741722,0.25165562913907286,0.20618101545253864,0.27461368653421636
0.27340332458442695,0.24540682414698162,0.2047244094488189,0.2764654418197725
0.26522506619594,0.25772285966460723,0.2003530450132392,0.2766990291262136
0.26631625054752517,0.25492772667542707,0.2014892685063513,0.27726675427069647
0.2624834290764472,0.25850640742377373,0.1992929739284136,0.27971718957136543
0.26188380281690143,0.2649647887323944,0.19762323943661972,0.2755281690140845
0.2634836427939876,0.2608311229000884,0.1962864721485411,0.27939876215738285
0.2669603524229075,0.2515418502202643,0.20176211453744494,0.27973568281938327
0.2721238938053097,0.2557522123893805,0.19469026548672566,0.2774336283185841
0.2679195804195804,0.2513111888111888,0.1971153846153846,0.28365384615384615
0.27444933920704845,0.25022026431718064,0.19162995594713655,0.28370044052863436
0.27417218543046357,0.2520971302428256,0.18984547461368653,0.2838852097130243
0.2781427945685502,0.25405168637757336,0.19010074463425317,0.2777047744196233
0.2809734513274336,0.24646017699115044,0.1915929203539823,0.2809734513274336
0.2768211920529801,0.2503311258278146,0.19072847682119207,0.28211920529801326
0.2781456953642384,0.25386313465783666,0.19205298013245034,0.27593818984547464
0.2836942112240389,0.2540874944763588,0.1931064958020327,0.2691117984975696
0.2828282828282828,0.2608695652173913,0.19148001756697408,0.2648221343873518
0.28520499108734404,0.25267379679144386,0.196524064171123,0.26559714795008915
0.28190559440559443,0.26005244755244755,0.19667832167832167,0.26136363636363635
0.29349736379613356,0.2609841827768014,0.18760984182776802,0.257908611599297
0.29832303618711387,0.2546337157987643,0.18623124448367168,0.26081200353045014
0.29391151992991676,0.2514235654840123,0.19316688567674112,0.2614980289093298
0.2892998678996037,0.26067811536767943,0.19462791721708497,0.25539409951563186
0.2894387980556783,0.25762262483429077,0.19001325673884226,0.2629253203711887
0.29173989455184535,0.257908611599297,0.19068541300527242,0.2596660808435852
0.29592284085927223,0.25515124945199474,0.18939061814993424,0.2595352915387988
0.2898297686599738,0.25971191619380185,0.18594500218245308,0.2645133129637713
0.2862144420131291,0.26433260393873087,0.18687089715536104,0.26258205689277897
0.2851528384279476,0.26419213973799127,0.185589519650655,0.26506550218340613
0.2840210711150132,0.26997366110623355,0.1826163301141352,0.2633889376646181
0.2902942468159859,0.2692138779095301,0.18093983311374615,0.2595520421607378
0.2917771883289125,0.2630415561450044,0.17595048629531387,0.2692307692307692
0.28502837189000435,0.2671322566564819,0.17590571802706242,0.2719336534264513
0.2836942112240389,0.26999558108705257,0.17764030048608043,0.26866990720282813
0.2755281690140845,0.2711267605633803,0.176056338028169,0.2772887323943662
0.28064798598949214,0.27189141856392296,0.17819614711033274,0.2692644483362522
0.28748890860692106,0.26308784383318545,0.17879325643300797,0.2706299911268855
0.2841409691629956,0.26519823788546254,0.186784140969163,0.26387665198237886
0.2900964066608238,0.2668711656441718,0.18580192813321647,0.2572304995617879
0.29161118508655126,0.2667554371948513,0.18242343541944075,0.25920994229915667
0.29341581970835173,0.26999558108705257,0.17852408307556342,0.25806451612903225
0.29445676274944566,0.2678492239467849,0.1844789356984479,0.2532150776053215
0.30163644405130474,0.26625386996904027,0.17868199911543564,0.25342768686421935
0.29678555702333775,0.265962131219727,0.17921620431527963,0.25803610744165567
0.29846827133479215,0.26564551422319477,0.1763676148796499,0.25951859956236323
0.2942969090117545,0.2677405311275577,0.18154114061819765,0.2564214192424902
0.3030701754385965,0.2649122807017544,0.1837719298245614,0.2482456140350877
0.29649356413670663,0.2707501109631602,0.17620949844651576,0.25654682645361737
0.3007485689123734,0.26904447380008806,0.17921620431527963,0.2509907529722589
0.2988656195462478,0.27225130890052357,0.17670157068062828,0.25218150087260033
0.3010989010989011,0.2672527472527473,0.18021978021978022,0.25142857142857145
0.29912280701754385,0.2675438596491228,0.18157894736842106,0.2517543859649123
0.28965819456617004,0.27651183172655563,0.18492550394390886,0.24890446976336547
0.2888986013986014,0.2770979020979021,0.1853146853146853,0.2486888111888112
0.2816525988449578,0.2794313638382941,0.18480675255442025,0.25410928476232786
0.2830605926581159,0.27952233524988945,0.18133569217160547,0.2560813799203892
0.2811529933481153,0.2798226164079823,0.18580931263858094,0.2532150776053215
0.28609039052215884,0.2781921895568232,0.18297498903027642,0.25274243089074155
0.284452296819788,0.2791519434628975,0.18330388692579505,0.25309187279151946
0.2860938883968113,0.2838795394154119,0.183348095659876,0.2466784765279008
0.28866432337434095,0.28251318101933215,0.18057996485061512,0.2482425307557118
0.2912621359223301,0.27714033539276256,0.1787290379523389,0.2528684907325684
0.2883762200532387,0.2790594498669033,0.17613132209405502,0.25643300798580304
0.2850877192982456,0.27631578947368424,0.18026315789473685,0.25833333333333336
0.283436669619132,0.2812223206377325,0.17891939769707707,0.25642161204605846
0.2785871964679912,0.28167770419426047,0.1805739514348786,0.25916114790286976
0.2838137472283814,0.2838137472283814,0.17250554323725056,0.2598669623059867
0.2832523199292974,0.2828104286345559,0.172779496243924,0.26115775519222273
0.2818141787758697,0.2870981946279172,0.17349185380889476,0.2575957727873184
0.2854625550660793,0.28986784140969163,0.17533039647577092,0.24933920704845816
0.28590366769774633,0.28546177640300485,0.17543084401237297,0.25320371188687585
0.2895204262877442,0.28063943161634103,0.17317939609236235,0.2566607460035524
0.2875874125874126,0.2731643356643357,0.1791958041958042,0.26005244755244755
0.283647523016221,0.26961858833844804,0.17755370451556335,0.26918018412976763
0.2843352347520842,0.2711715664765248,0.1799034664326459,0.26458973233874505
0.2851423487544484,0.2709074733096085,0.17793594306049823,0.26601423487544484
0.2819947043248014,0.2758164165931156,0.18093556928508384,0.2612533097969991
0.2784365393061045,0.27316644707949056,0.18093983311374615,0.26745718050065875
0.27288810260946483,0.27421494913754973,0.18531623175586023,0.26758071649712517
0.26753812636165575,0.2766884531590414,0.1860566448801743,0.26971677559912854
0.2749445676274945,0.2798226164079823,0.1827050997782705,0.26252771618625276
0.2745792736935341,0.2785651018600531,0.18290522586359612,0.26395039858281666
0.28080985915492956,0.2764084507042254,0.18221830985915494,0.2605633802816901
0.2824258521469677,0.2726870296591412,0.1828242585214697,0.26206285967242143
0.26926483613817537,0.2869796279893711,0.18600531443755536,0.2577502214348981
0.26928162185985016,0.28029969149405026,0.19039224327897752,0.2600264433671221
0.2693156732891832,0.284326710816777,0.18896247240618103,0.25739514348785875
0.27485638532920903,0.2832523199292974,0.18603623508616882,0.2558550596553248
0.27718832891246686,0.28824049513704686,0.18346595932802828,0.251105216622458
0.2661326212728082,0.2861593235425011,0.19359145527369825,0.25411659991099245
0.27608695652173915,0.28,0.18695652173913044,0.2569565217391304
0.27417218543046357,0.280794701986755,0.18631346578366445,0.258719646799117
0.2717678100263852,0.2783641160949868,0.19085312225153914,0.2590149516270888
0.2701021768103065,0.27809862283429587,0.19102621057307864,0.26077298978231894
0.2721297107800175,0.2747589833479404,0.19237510955302367,0.2607361963190184
0.2751971954425942,0.27344434706397897,0.19062226117440842,0.2607361963190184
0.2687361419068736,0.27849223946784923,0.19290465631929046,0.2598669623059867
0.27140974967061926,0.28326745718050067,0.1901624945103206,0.2551602986385595
0.27417218543046357,0.2891832229580574,0.18631346578366445,0.2503311258278146
0.2740511915269197,0.2846425419240953,0.18887908208296558,0.2524271844660194
0.2708793636765356,0.2903225806451613,0.18824569155987628,0.25055236411842685
0.27292672224659936,0.28170250109697237,0.1882404563405002,0.25713032031592803
0.2698689956331878,0.27991266375545854,0.1925764192139738,0.2576419213973799
0.2748794388426129,0.2801402893467777,0.18895221394125383,0.25602805786935556
0.26663708961845606,0.28172138420585624,0.19077196095829635,0.2608695652173913
0.26561125769569044,0.2752858399296394,0.18997361477572558,0.2691292875989446
0.265962131219727,0.27212681638044917,0.19594892118009688,0.265962131219727
0.2663736263736264,0.2778021978021978,0.1920879120879121,0.26373626373626374
0.26409366869037293,0.2753686036426713,0.191673894189072,0.2688638334778838
0.2612172367836517,0.2772101288316304,0.1959129275877388,0.26565970679697914
0.2620751341681574,0.2745974955277281,0.193649373881932,0.2696779964221825
0.26468010517090274,0.27695004382120947,0.19281332164767748,0.26555652936021035
0.2664041994750656,0.27077865266841644,0.19641294838145232,0.2664041994750656
0.2701863354037267,0.2684117125110914,0.19165927240461403,0.26974267968056787
0.2662251655629139,0.27417218543046357,0.19072847682119207,0.26887417218543047
0.2669902912621359,0.2709620476610768,0.19020300088261252,0.27184466019417475
0.27557319223985893,0.2751322751322751,0.18253968253968253,0.26675485008818345
0.2733274647887324,0.27860915492957744,0.17825704225352113,0.269806338028169
0.2673702726473175,0.2770448548812665,0.17678100263852242,0.27880386983289357
0.2724030316540348,0.27909050378956757,0.1707534551939367,0.277753009362461
0.27116402116402116,0.2821869488536155,0.1697530864197531,0.2768959435626102
0.26640070921985815,0.28679078014184395,0.17331560283687944,0.27349290780141844
0.2688077430708315,0.2855257369115706,0.17069951605807304,0.27496700395952484
0.26773049645390073,0.2898936170212766,0.16622340425531915,0.27615248226950356
0.2701275846898372,0.2934447866256049,0.16410030796304442,0.27232732072151344
0.270222999562746,0.2885876694359423,0.16571928290336685,0.2754700480979449
0.2683905483727151,0.2915737851092287,0.16495764600980828,0.27507802050824787
0.26578366445916113,0.2838852097130243,0.16688741721854305,0.28344370860927154
0.2602558447287164,0.2893692104102338,0.16806352007057784,0.282311424790472
0.2588339222614841,0.29328621908127206,0.17137809187279152,0.2765017667844523
0.26081200353045014,0.2908208296557811,0.16548984995586938,0.2828773168578994
0.26100489106269453,0.29301911960871496,0.16629613161405069,0.2796798577145398
0.2581211589113257,0.2980684811237928,0.1646180860403863,0.2791922739244952
0.2585517547756553,0.29764549089293646,0.16748111950244335,0.2763216348289649
0.2579505300353357,0.3025618374558304,0.1691696113074205,0.2703180212014134
0.26001780943900266,0.3014247551202137,0.16874443455031166,0.26981300089047194
0.26026200873362443,0.30480349344978164,0.16550218340611353,0.2694323144104803
0.2579505300353357,0.3034452296819788,0.1682862190812721,0.2703180212014134
0.26228070175438595,0.3048245614035088,0.16096491228070176,0.2719298245614035
0.26407682234831953,0.30510694020078566,0.16324749017896115,0.26756874727193364
0.267260579064588,0.30779510022271717,0.15723830734966593,0.26770601336302896
0.2651909722222222,0.2986111111111111,0.16102430555555555,0.2751736111111111
0.2665188470066519,0.3024390243902439,0.1574279379157428,0.2736141906873614
0.27043747238179405,0.29606716747680073,0.15377817057003976,0.27971718957136543
0.2683355292050944,0.2938076416337286,0.15590689503732982,0.28194993412384717
0.2608886933567972,0.2943246810382754,0.15882094148702156,0.28596568411790585
0.2636443661971831,0.29313380281690143,0.1580105633802817,0.2852112676056338
0.26605504587155965,0.29576234163390125,0.1559633027522936,0.2822193097422455
0.2631115028646981,0.30542089026002645,0.15821947994711327,0.2732481269281622
0.2630646589902569,0.30868024800708593,0.15766164747564215,0.27059344552701503
0.2584171403585483,0.310013117621338,0.15566243987756886,0.27590730214254483
0.2536327608982827,0.3188022897402025,0.15808014090708938,0.26948480845442535
0.25692916849978004,0.31896172459304883,0.15794104707435108,0.26616805983282005
0.26201067615658363,0.3140569395017794,0.16058718861209964,0.26334519572953735
0.2621359223300971,0.3120035304501324,0.15975286849073256,0.26610767872903796
0.2681095406360424,0.3083038869257951,0.16431095406360424,0.2592756183745583
0.26904447380008806,0.3047115808014091,0.16732716864817263,0.25891677675033026
0.27344434706397897,0.30105170902716916,0.16476774758983348,0.2607361963190184
0.2660228270412643,0.2989464442493415,0.16900790166812993,0.2660228270412643
0.2778023925564909,0.29641116526362427,0.16171909614532565,0.26406734603455917
0.27596830985915494,0.2970950704225352,0.15933098591549297,0.2676056338028169
0.28167770419426047,0.2958057395143488,0.1598233995584989,0.26269315673289184
0.281413612565445,0.2918848167539267,0.16230366492146597,0.2643979057591623
0.27884615384615385,0.2867132867132867,0.16215034965034966,0.2722902097902098
0.2759226713532513,0.28163444639718804,0.1656414762741652,0.27680140597539543
0.27023440955329503,0.28836797877045556,0.16231755860238833,0.27908005307386113
0.26940035273368607,0.2826278659611993,0.16534391534391535,0.2826278659611993
0.2756494936151475,0.2804931748128578,0.16028181417877588,0.28357551739321885
0.27593818984547464,0.27947019867549666,0.16379690949227374,0.280794701986755
0.2716864817261119,0.2804931748128578,0.16028181417877588,0.28753852928225454
0.2747589833479404,0.27344434706397897,0.16257668711656442,0.2892199824715162
0.2751766784452297,0.2698763250883392,0.16607773851590105,0.28886925795053003
0.27611940298507465,0.2708516242317823,0.16330114135206322,0.2897278314310799
0.27572731220147634,0.2687798523664785,0.16456795484151107,0.29092488059053406
0.2788844621513944,0.26516157591854805,0.16334661354581673,0.2926073483842408
0.27641921397379915,0.27161572052401745,0.16419213973799127,0.28777292576419217
0.2712673611111111,0.2747395833333333,0.1618923611111111,0.2921006944444444
0.2673179396092362,0.27708703374777977,0.16163410301953818,0.29396092362344584
0.2642669007901668,0.2844600526777875,0.16374012291483758,0.28753292361720806
0.27053140096618356,0.27755819060166886,0.16381203337725078,0.28809837505489677
0.26773049645390073,0.28191489361702127,0.16312056737588654,0.2872340425531915
0.2715724923346474,0.2781427945685502,0.164257555847569,0.28602715724923344
0.2727272727272727,0.277119016249451,0.16117698726394378,0.2889767237593325
0.2654320987654321,0.28174603174603174,0.16225749559082892,0.29056437389770723
0.26613965744400525,0.27931488801054016,0.16512955643390426,0.2894158981115503
0.26710526315789473,0.27807017543859647,0.16271929824561404,0.29210526315789476
0.2756043956043956,0.2813186813186813,0.1556043956043956,0.2874725274725275
0.2759372275501308,0.28465562336530076,0.15562336530078466,0.28378378378378377
0.2723701440419031,0.2845918812745526,0.1615015277171541,0.28153644696639024
0.2706140350877193,0.28421052631578947,0.15921052631578947,0.28596491228070176
0.2687224669603524,0.2916299559471366,0.15638766519823788,0.28325991189427313
0.260507880910683,0.28940455341506127,0.159369527145359,0.29071803852889666
0.2596491228070175,0.28114035087719297,0.15789473684210525,0.3013157894736842
0.2567989300044583,0.282657155595185,0.15737851092287117,0.3031654034774855
0.2597459483136224,0.28471309680245294,0.15418309242225142,0.30135786246167323
0.2593242650285213,0.28521281263712156,0.15664765247915752,0.29881526985519963
0.2581641659311562,0.28596646072374227,0.15357458075904679,0.30229479258605474
0.25850640742377373,0.28855501546619533,0.1515687140963323,0.3013698630136986
0.25995623632385123,0.2840262582056893,0.14923413566739607,0.3067833698030635
0.25602805786935556,0.2928540113985094,0.15124945199473916,0.29986847873739586
0.25485008818342153,0.291005291005291,0.15828924162257496,0.2958553791887125
0.2484608619173263,0.2911169744942832,0.1600703605980651,0.30035180299032543
0.2498903989478299,0.2867163524769838,0.16045594037702762,0.30293730819815873
0.2503311258278146,0.28565121412803535,0.15717439293598234,0.3068432671081678
0.2519788918205805,0.28408091468777485,0.15611257695690414,0.30782761653474056
0.2483429076447194,0.2876712328767123,0.1524524966858153,0.311533362792753
0.2465934065934066,0.28395604395604396,0.15868131868131868,0.31076923076923074
0.2528483786152498,0.28045574057843997,0.15731814198071867,0.3093777388255916
0.24715162138475022,0.2852760736196319,0.1520595968448729,0.31551270815074495
0.24331433581762385,0.29110039456378783,0.14730381411661553,0.31828145550197284
0.2373180414644905,0.290251433612704,0.14424349360388178,0.3281870313189237
0.2419140451927337,0.2919805050952592,0.1435533894550288,0.3225520602569783
0.23371478873239437,0.3050176056338028,0.1443661971830986,0.31690140845070425
0.2357581069237511,0.30192813321647677,0.1481156879929886,0.3141980718667835
0.23392070484581498,0.30440528634361236,0.15066079295154186,0.31101321585903086
0.22898423817863398,0.3064798598949212,0.15455341506129597,0.30998248686514884
0.23477879982479194,0.30486202365308807,0.15155497152869032,0.3088042049934297
0.23402379903040987,0.3014543851917144,0.1507271925958572,0.3137946231820185
0.23496076721883175,0.3007846556233653,0.15300784655623365,0.3112467306015693
0.23289473684210527,0.3017543859649123,0.1513157894736842,0.3140350877192982
0.24177270732777534,0.3001316366827556,0.1500658183413778,0.3080298376480913
0.23769771528998243,0.30272407732864676,0.15246045694200352,0.3071177504393673
0.2429453262786596,0.3055555555555556,0.15388007054673722,0.2976190476190476
0.24210526315789474,0.30350877192982456,0.15087719298245614,0.30350877192982456
0.2453077258838935,0.30554343081623747,0.15102575294631165,0.2981230903535574
0.24336283185840707,0.3084070796460177,0.1508849557522124,0.2973451327433628
0.24638316527838666,0.31082858395440593,0.14905743095133714,0.29373081981587024
0.24834583149536832,0.3070136744596383,0.1513012792236436,0.2933392148213498
0.24702774108322326,0.31175693527080584,0.14839277851166888,0.29282254513430206
0.24911347517730498,0.3076241134751773,0.1502659574468085,0.2929964539007092
0.2561295971978984,0.30385288966725044,0.14754816112084063,0.29246935201401053
0.25054466230936817,0.3067538126361656,0.14727668845315905,0.2954248366013072
0.2542744410346339,0.3016220955721175,0.1459886014905743,0.2981148619026743
0.2559366754617414,0.3043095866314864,0.14731750219876869,0.29243623570800353
0.2563764291996482,0.3007915567282322,0.14467897977132807,0.29815303430079154
0.2553376906318083,0.30152505446623096,0.1503267973856209,0.2928104575163399
0.2577544779379642,0.3023154215814766,0.14941022280471822,0.290519877675841
0.2578090629124505,0.2974043114826221,0.1517817861856577,0.2930048394192697
0.25942350332594233,0.30199556541019956,0.15077605321507762,0.28780487804878047
0.2613486117232261,0.2974878801234024,0.15293080652269722,0.2882327016306743
0.263042525208242,0.3024989039894783,0.15563349408154317,0.27882507672073653
0.2665788317962231,0.29556433904259993,0.16029863855950813,0.27755819060166886
0.26299694189602446,0.29882044560943644,0.16251638269986893,0.27566622979467015
0.2632046160674656,0.2956058588548602,0.16378162450066577,0.2774079005770084
0.2671353251318102,0.29173989455184535,0.1634446397188049,0.27768014059753954
0.263042525208242,0.2989916703200351,0.16045594037702762,0.2775098640946953
0.2587260034904014,0.3019197207678883,0.16273996509598604,0.2766143106457243
0.25317564607971965,0.3035479632063075,0.16557161629434955,0.2777047744196233
0.24714661984196665,0.30201931518876207,0.1707638279192274,0.2800702370500439
0.24878907970057243,0.3020695728753853,0.17040951122853368,0.27873183619550856
0.2447089947089947,0.30776014109347444,0.1710758377425044,0.27645502645502645
0.2429078014184397,0.31870567375886527,0.17154255319148937,0.26684397163120566
0.25078793336334987,0.3115713642503377,0.1674921206663665,0.270148581719946
0.24395604395604395,0.30725274725274726,0.16439560439560438,0.2843956043956044
0.2434589800443459,0.30687361419068737,0.16585365853658537,0.2838137472283814
0.24014178112538767,0.30482941958351795,0.16393442622950818,0.2910943730615862
0.24179236912156166,0.2981366459627329,0.1681455190771961,0.2919254658385093
0.2345679012345679,0.2998236331569665,0.1693121693121693,0.2962962962962963
0.23876651982378855,0.2982378854625551,0.17092511013215858,0.2920704845814978
0.2343205574912892,0.29660278745644597,0.17378048780487804,0.2952961672473868
0.23141223053233612,0.2943246810382754,0.17465904091509019,0.2996040475142983
0.23526844172850284,0.29419467481449146,0.17372326494980359,0.2968136185072021
0.22729286663712894,0.29508196721311475,0.17722640673460346,0.30039875941515287
0.2275740167918692,0.29606716747680073,0.17631462660185596,0.30004418912947417
0.2275109170305677,0.2930131004366812,0.17685589519650655,0.3026200873362445
0.22587719298245615,0.29473684210526313,0.1736842105263158,0.3057017543859649
0.22928540113985094,0.29373081981587024,0.17536168347216133,0.3016220955721175
0.227792436235708,0.2959542656112577,0.17326297273526825,0.30299032541776605
0.22427440633245382,0.2985927880386983,0.1741424802110818,0.30299032541776605
0.22727272727272727,0.29763986013986016,0.17089160839160839,0.3041958041958042
0.22530864197530864,0.2976190476190476,0.17019400352733685,0.30687830687830686
0.22305986696230598,0.29002217294900223,0.17605321507760532,0.31086474501108646
0.2231005709266579,0.287659200702679,0.17479139218269654,0.3144488361879666
0.21905179982440737,0.286215978928885,0.1791044776119403,0.31562774363476737
0.22364924712134632,0.2887511071744907,0.1824623560673162,0.3051372896368468
0.22563652326602282,0.2919227392449517,0.17559262510974538,0.30684811237928006
0.22035398230088496,0.28716814159292037,0.17920353982300885,0.31327433628318585
0.22699115044247786,0.28938053097345134,0.17787610619469027,0.30575221238938055
0.21957671957671956,0.29188712522045857,0.1781305114638448,0.31040564373897706
0.22099202834366696,0.2891939769707706,0.17803365810451727,0.31178033658104515
0.22654867256637168,0.2831858407079646,0.1747787610619469,0.3154867256637168
0.23130738959335373,0.279842588543944,0.17227809357236554,0.3165719282903367
0.22613286405631325,0.2855257369115706,0.16542014958205015,0.322921249450066
0.2326086956521739,0.2817391304347826,0.16695652173913045,0.31869565217391305
0.23134328358208955,0.28665496049165934,0.16374012291483758,0.3182616330114135
0.23693534100974314,0.2860938883968113,0.15943312666076173,0.3175376439326838
0.23685373398144058,0.2876712328767123,0.1586389748121962,0.3168360583296509
0.24490699734278124,0.283436669619132,0.15589016829052257,0.3157661647475642
0.2438488576449912,0.28295254833040423,0.1515817223198594,0.3216168717047452
0.23753280839895013,0.2786526684164479,0.157917760279965,0.3258967629046369
0.24068391056554142,0.2775098640946953,0.1595791319596668,0.3222270933800965
0.2450592885375494,0.2709705753184014,0.16161616161616163,0.32235397452788755
0.24834874504623514,0.2760898282694848,0.16028181417877588,0.3152796125055042
0.25396825396825395,0.27380952380952384,0.16005291005291006,0.31216931216931215
0.25021872265966755,0.27384076990376205,0.163167104111986,0.3127734033245844
0.256466462078036,0.2744410346339325,0.16396317404647084,0.3051293292415607
0.25602805786935556,0.2753178430512933,0.16483998246383166,0.3038141166155195
0.25705601389491967,0.2796352583586626,0.1619626574033869,0.30134607034303085
0.2544740288083806,0.2728066346573549,0.16892186817983412,0.3037974683544304
0.2605633802816901,0.26188380281690143,0.17077464788732394,0.3067781690140845
0.25440140845070425,0.26848591549295775,0.1756161971830986,0.30149647887323944
0.25255215268530845,0.2774079005770084,0.17265867731913004,0.29738126941855303
0.25769569041336854,0.2783641160949868,0.17634124890061564,0.287598944591029
0.2596491228070175,0.2793859649122807,0.18026315789473685,0.2807017543859649
0.2596491228070175,0.28289473684210525,0.18333333333333332,0.2741228070175439
0.2631346578366446,0.28565121412803535,0.18322295805739514,0.26799116997792494
0.2608695652173913,0.2916117698726394,0.1800614844093105,0.26745718050065875
0.2580502867225408,0.2951036612262902,0.1879135421261579,0.25893250992501105
0.2618941751889729,0.29568697198755,0.18808359270787017,0.2543352601156069
0.2595352915387988,0.29723805348531346,0.1867601928978518,0.256466462078036
0.26448474126492705,0.28969482529854046,0.18973905351614329,0.2560813799203892
0.2554680664916885,0.3009623797025372,0.1889763779527559,0.2545931758530184
0.2564102564102564,0.2948717948717949,0.1940760389036251,0.2546419098143236
0.25870427501101806,0.29263992948435436,0.18995152049360953,0.25870427501101806
0.2587260034904014,0.2918848167539267,0.19022687609075042,0.2591623036649215
0.25663716814159293,0.28893805309734516,0.19336283185840708,0.2610619469026549
0.2535087719298246,0.29605263157894735,0.1899122807017544,0.26052631578947366
0.25153374233128833,0.29491673970201576,0.19062226117440842,0.26292725679228746
0.2563540753724803,0.28790534618755476,0.18930762489044697,0.26643295354951796
0.24933920704845816,0.2911894273127753,0.19339207048458149,0.26607929515418505
0.2447089947089947,0.2958553791887125,0.19223985890652556,0.2671957671957672
0.2398230088495575,0.3,0.1920353982300885,0.268141592920354
0.23733333333333334,0.29688888888888887,0.19155555555555556,0.2742222222222222
0.23659725299069562,0.2981834293309703,0.19007532122286222,0.2751439964554719
0.23283450704225353,0.3023767605633803,0.1914612676056338,0.2733274647887324
0.229010989010989,0.2997802197802198,0.19736263736263737,0.27384615384615385
0.23114035087719298,0.29736842105263156,0.2,0.27149122807017545
0.23480176211453743,0.2973568281938326,0.19779735682819383,0.27004405286343613
0.2393238434163701,0.2975978647686833,0.19706405693950177,0.26601423487544484
0.23614142295940638,0.3037974683544304,0.19030990833697076,0.2697512003491925
0.23684210526315788,0.3068688670829616,0.19000892060660124,0.2662801070472792
0.24145583666222814,0.30758988015978694,0.1877496671105193,0.2632046160674656
0.24286341677646026,0.3069828722002635,0.18928414580588493,0.2608695652173913
0.24514134275618374,0.303886925795053,0.19037102473498232,0.26060070671378094
0.24528301886792453,0.30671347082053535,0.1899956121105748,0.2580078982009653
0.24310118265440211,0.3035479632063075,0.18703460359176521,0.26631625054752517
0.24746807573756055,0.29810656098634963,0.18626155878467635,0.26816380449141347
0.24226579520697167,0.29934640522875816,0.19172113289760348,0.26666666666666666
0.2385809312638581,0.2975609756097561,0.19201773835920177,0.27184035476718404
0.23283450704225353,0.30149647887323944,0.1936619718309859,0.2720070422535211
0.2343887423043096,0.3007915567282322,0.193051890941073,0.2717678100263852
0.23121387283236994,0.30680302356602934,0.19386393952867942,0.2681191640729213
0.23221300742034046,0.3085988651243998,0.19161938018332605,0.26756874727193364
0.23774080560420316,0.30604203152364273,0.18957968476357268,0.26663747810858146
0.23763676148796498,0.2962800875273523,0.19474835886214442,0.2713347921225383
0.23015521064301553,0.30376940133037694,0.19689578713968958,0.26917960088691795
0.23215067893123084,0.3035479632063075,0.1962330267192291,0.2680683311432326
0.23059866962305986,0.30110864745011084,0.20044345898004434,0.2678492239467849
0.23174464363795366,0.29645824223874073,0.20507214691735898,0.26672496720594663
0.23154657293497363,0.29833040421792617,0.20298769771529,0.2671353251318102
0.2253397632617273,0.3016220955721175,0.20561157387110915,0.26742656729504605
0.22715289982425307,0.30448154657293497,0.2038664323374341,0.26449912126537783
0.21949078138718173,0.3099209833187006,0.20280948200175591,0.2677787532923617
0.22611744084136723,0.3023663453111306,0.2037686240140228,0.2677475898334794
0.22163120567375885,0.2992021276595745,0.20434397163120568,0.274822695035461
0.21790393013100437,0.2960698689956332,0.2074235807860262,0.2786026200873362
0.22085349758029035,0.29696436427628686,0.20941487021557414,0.27276726792784867
0.21842105263157896,0.30087719298245613,0.20789473684210527,0.27280701754385966
0.22085889570552147,0.30105170902716916,0.20595968448729185,0.2721297107800175
0.21453590192644484,0.30078809106830123,0.20928196147110334,0.2753940455341506
0.2228596646072374,0.2974404236540159,0.20962047661076788,0.27007943512797883
0.22558037669732808,0.2943495400788436,0.2049934296977661,0.2750766535260622
0.22454424188528235,0.29168519341929744,0.20675855935971543,0.27701200533570475
0.21977052074139453,0.293909973521624,0.20255957634598412,0.28375992939099737
0.22153574580759047,0.2912621359223301,0.20520741394527803,0.2819947043248014
0.2309043020193152,0.2897278314310799,0.20368744512730466,0.27568042142230026
0.2327209098862642,0.28565179352580927,0.2047244094488189,0.2769028871391076
0.23669159700835898,0.2934447866256049,0.20325560932688078,0.2666080070391553
0.2375495813133539,0.29440282062582634,0.20229175848391362,0.2657558395769061
0.23433362753751102,0.2921447484554281,0.20432480141218004,0.26919682259488087
0.23444347063978965,0.29404031551270815,0.2042068361086766,0.26730937773882557
0.2406113537117904,0.28995633187772923,0.2034934497816594,0.26593886462882094
0.22942206654991243,0.2968476357267951,0.20665499124343256,0.2670753064798599
0.23252747252747252,0.29318681318681317,0.2087912087912088,0.2654945054945055
0.23185840707964603,0.297787610619469,0.20353982300884957,0.2668141592920354
0.22944297082228116,0.3010610079575597,0.20203359858532272,0.26746242263483644
0.22996057818659657,0.3004818221638195,0.20455540954883925,0.26500219010074466
0.22650709219858156,0.30363475177304966,0.20035460992907803,0.2695035460992908
0.23236331569664903,0.2962962962962963,0.20458553791887124,0.26675485008818345
0.23282275711159736,0.29978118161925604,0.19912472647702406,0.26827133479212256
0.2322921249450066,0.2965244170699516,0.20193576770787505,0.2692476902771667
0.23130738959335373,0.29733275032794054,0.20288587669435942,0.2684739833843463
0.23076923076923078,0.29335071707953064,0.1990438939591482,0.2768361581920904
0.22998673153471916,0.3007518796992481,0.19858469703670942,0.2706766917293233
0.22971175166297117,0.293569844789357,0.19955654101995565,0.2771618625277162
0.23175586023883238,0.2901371074745688,0.20212295444493586,0.27598407784166296
0.23053233611966564,0.29124505059392874,0.20061592608886933,0.2776066871975363
0.22877254729432467,0.2965244170699516,0.1957765068191817,0.278926528816542
0.22419140451927339,0.29153743907842267,0.19406291537439077,0.29020824102791315
0.2333767926988266,0.29117774880486746,0.19165580182529335,0.2837896566710126
0.23107394366197184,0.29225352112676056,0.19058098591549297,0.2860915492957746
0.23286467486818982,0.29745166959578206,0.18497363796133567,0.28471001757469244
0.22946544980443284,0.3011734028683181,0.18383311603650587,0.28552803129074317
0.22982456140350876,0.30043859649122806,0.18289473684210528,0.2868421052631579
