R,A,S,N
1.0,0.0,0.0,0.0
0.5,0.0,0.0,0.5
0.3333333333333333,0.0,0.0,0.6666666666666666
0.2631578947368421,0.10526315789473684,0.0,0.631578947368421
0.2647058823529412,0.08823529411764706,0.0,0.6470588235294118
0.2857142857142857,0.08928571428571429,0.0,0.625
0.25882352941176473,0.11764705882352941,0.0,0.6235294117647059
0.24603174603174602,0.1349206349206349,0.0,0.6190476190476191
0.20967741935483872,0.16129032258064516,0.0,0.6290322580645161
0.1935483870967742,0.17338709677419356,0.008064516129032258,0.625
0.1893491124260355,0.20118343195266272,0.011834319526627219,0.5976331360946746
0.17899761336515513,0.22911694510739858,0.011933174224343675,0.5799522673031027
0.16448598130841122,0.2411214953271028,0.014953271028037384,0.5794392523364486
0.15844544095665172,0.26606875934230195,0.016442451420029897,0.5590433482810164
0.15586034912718205,0.2817955112219451,0.02493765586034913,0.5374064837905237
0.15113871635610765,0.2971014492753623,0.025879917184265012,0.525879917184265
0.14424778761061946,0.3035398230088496,0.02920353982300885,0.5230088495575221
0.14130434782608695,0.31288819875776397,0.033385093167701864,0.5124223602484472
0.14197952218430035,0.3194539249146758,0.03549488054607509,0.5030716723549488
0.1454207920792079,0.3224009900990099,0.03589108910891089,0.4962871287128713
0.1489482660602615,0.3337123365548607,0.03467879476975554,0.4826606026151222
0.15633280339162692,0.33121356650768413,0.034976152623211444,0.4774774774774775
0.163,0.327,0.0395,0.4705
0.1671455938697318,0.32567049808429116,0.04118773946360153,0.46599616858237547
0.1681333950903196,0.3232978230662344,0.04492820750347383,0.4636405743399722
0.17096336499321574,0.32383536861148804,0.0506558118498417,0.45454545454545453
0.17509025270758122,0.31904332129963897,0.05279783393501805,0.45306859205776173
0.17491166077738515,0.3215547703180212,0.055212014134275615,0.44832155477031804
0.17454706142288998,0.3252319929297393,0.05965532479010163,0.44056562085726914
0.17257993867717916,0.3232588699080158,0.06176084099868594,0.44240035041611914
0.1710758377425044,0.32495590828924165,0.06393298059964726,0.4400352733686067
0.17562254259501967,0.32634338138925295,0.06378331148973351,0.43425076452599387
0.17331560283687944,0.3346631205673759,0.0625,0.4295212765957447
0.17135325131810195,0.3343585237258348,0.06678383128295255,0.4275043936731107
0.17201935767707874,0.33347998240211174,0.06247250329960405,0.4320281566212055
0.17509898812142544,0.33479982402111746,0.06027276726792785,0.42982842058952925
0.17727674624226347,0.32935455349248455,0.06321839080459771,0.4301503094606543
0.17804024496937884,0.33027121609798776,0.0647419072615923,0.42694663167104113
0.1831858407079646,0.3292035398230089,0.06548672566371681,0.42212389380530974
0.18432574430823118,0.329246935201401,0.0647985989492119,0.4216287215411559
0.1836644591611479,0.33245033112582784,0.0631346578366446,0.42075055187637966
0.17975567190226877,0.33420593368237345,0.06675392670157068,0.4192844677137871
0.18464912280701753,0.33114035087719296,0.07149122807017544,0.41271929824561404
0.1857707509881423,0.334211682037769,0.0707070707070707,0.409310496267018
0.1899956121105748,0.32338745063624397,0.0767880649407635,0.4098288723124177
0.18848857644991213,0.3251318101933216,0.07469244288224956,0.4116871704745167
0.19112478031634447,0.3229349736379613,0.07776801405975395,0.40817223198594027
0.18846323205636284,0.3284896521356231,0.08014090708938794,0.40290620871862615
0.1906649053280493,0.3258476442095993,0.08366358432408631,0.3998238661382651
0.1864555848724714,0.32673702726473175,0.08355321020228672,0.40325417766051014
0.18213814342278928,0.3268807743070832,0.08666959964804223,0.4043114826220853
0.18453427065026362,0.3233743409490334,0.0843585237258348,0.4077328646748682
0.18548030101814963,0.3151837096060204,0.08543603364320496,0.41389995573262506
0.1891540130151844,0.31279826464208244,0.0841648590021692,0.413882863340564
0.18761061946902655,0.3092920353982301,0.084070796460177,0.4190265486725664
0.19014084507042253,0.30941901408450706,0.08758802816901408,0.4128521126760563
0.18548030101814963,0.315626383355467,0.09074811863656485,0.4081451969898185
0.18541300527240773,0.31195079086115995,0.09050966608084358,0.4121265377855888
0.18044444444444444,0.3151111111111111,0.09022222222222222,0.4142222222222222
0.17935258092738407,0.3188976377952756,0.08486439195100612,0.41688538932633423
0.18305531167690958,0.3217734855136084,0.08823529411764706,0.40693590869183494
0.18476357267950963,0.3204903677758319,0.09019264448336252,0.404553415061296
0.1948561464690497,0.32083696599825634,0.09023539668700958,0.3940714908456844
0.1856763925729443,0.3218390804597701,0.09328028293545534,0.39920424403183025
0.19049714034315882,0.3216014078310603,0.09326880774307084,0.3946326440827101
0.19087318999561212,0.32514260640631854,0.09346204475647214,0.3905221588415972
0.18717277486910994,0.3171902268760908,0.09860383944153578,0.3970331588132635
0.18692408951294429,0.3189995612110575,0.1031154014918824,0.39096094778411583
0.19205002233139795,0.315765966949531,0.10719071013845467,0.38499330058061637
0.18915343915343916,0.31613756613756616,0.11199294532627865,0.38271604938271603
0.18892794376098418,0.3163444639718805,0.11115992970123023,0.3835676625659051
0.18528368794326242,0.3151595744680851,0.11125886524822695,0.3882978723404255
0.18553040390590325,0.3209054593874834,0.11096316023080337,0.38260097647581004
0.1853486319505737,0.30979699911738745,0.11032656663724624,0.39452780229479256
0.1800968736239542,0.3095552619991193,0.11933069132540731,0.3910171730515192
0.18098560837331007,0.31312690798081116,0.11862189271696467,0.3872655909289141
0.17963286713286714,0.3068181818181818,0.1201923076923077,0.39335664335664333
0.1874724305249228,0.3043670048522276,0.12042346713718571,0.3877370974856639
0.19299781181619255,0.29846827133479215,0.11772428884026258,0.39080962800875274
0.19313682358117026,0.2978442586889573,0.11086669599648043,0.398152221733392
0.1903930131004367,0.30043668122270745,0.1183406113537118,0.39082969432314413
0.19252747252747252,0.30241758241758243,0.11824175824175824,0.3868131868131868
0.19638128861429832,0.2974404236540159,0.11518093556928509,0.3909973521624007
0.19911699779249448,0.29271523178807946,0.11567328918322296,0.39249448123620306
0.20424403183023873,0.2948717948717949,0.11273209549071618,0.3881520778072502
0.2023757149142103,0.2890453145622525,0.11746590409150902,0.39111306643202814
0.19534679543459174,0.291044776119403,0.11633011413520632,0.39727831431079896
0.1913939937247871,0.2917974002689377,0.11743612729717616,0.39937247870909903
0.19902697921273774,0.291906236178682,0.1163202122954445,0.39274657231313576
0.19910913140311803,0.2930957683741648,0.11536748329621381,0.39242761692650335
0.1940891045434495,0.29245699161887956,0.12218791354212616,0.39126599029554476
0.19607843137254902,0.2878787878787879,0.12388591800356506,0.39215686274509803
0.2014958205015398,0.2820061592608887,0.12846458424989002,0.3880334359876815
0.20299427564949363,0.2866578599735799,0.12329370321444298,0.3870541611624835
0.20239680426098536,0.2898357745228584,0.1278295605858855,0.37993786063027074
0.20456540825285338,0.28928884986830555,0.12598770851624233,0.3801580333625988
0.20335244816938686,0.28760476400529333,0.13145125716806352,0.3775915306572563
0.2013157894736842,0.29035087719298247,0.12719298245614036,0.381140350877193
0.2043859649122807,0.28771929824561404,0.12543859649122807,0.3824561403508772
0.20716783216783216,0.28583916083916083,0.12543706293706294,0.38155594405594406
0.21406593406593408,0.2826373626373626,0.12395604395604395,0.37934065934065936
0.21318681318681318,0.28,0.12527472527472527,0.38153846153846155
0.21602478972996902,0.2784417884019478,0.12571934484285083,0.3798140770252324
0.21788689171416045,0.27926348092941694,0.12626041209995617,0.37658921525646644
0.21649029982363316,0.2795414462081129,0.12874779541446207,0.3752204585537919
0.22280701754385965,0.2767543859649123,0.12763157894736843,0.37280701754385964
0.22271714922049,0.27839643652561247,0.1309576837416481,0.36792873051224945
0.21888790820829657,0.2744924977934687,0.13062665489849956,0.3759929390997352
0.2218804920913884,0.27460456942003514,0.1304920913884007,0.37302284710017575
0.22261328640563133,0.27188737351517817,0.12890453145622524,0.37659480862296524
0.21961997348652232,0.27043747238179405,0.1307998232434821,0.3791427308882015
0.22081329252295584,0.2614779186707477,0.13686051595977264,0.38084827284652384
0.2223194748358862,0.25295404814004374,0.13129102844638948,0.39343544857768054
0.22118794326241134,0.25443262411347517,0.12987588652482268,0.3945035460992908
0.2227093380096449,0.25515124945199474,0.1323980710214818,0.38974134151687856
0.21916010498687663,0.25765529308836393,0.1325459317585302,0.3906386701662292
0.21805494984736154,0.2642825992150022,0.13257740950719582,0.3850850414304405
0.21986754966887417,0.2618101545253863,0.1280353200883002,0.3902869757174393
0.21991150442477875,0.26238938053097344,0.1314159292035398,0.386283185840708
0.21733391992960846,0.26704795424549055,0.1328640563132424,0.3827540695116586
0.21626373626373627,0.2681318681318681,0.13274725274725274,0.38285714285714284
0.21780881711043212,0.2680052378873854,0.12963771278917502,0.38454823221300743
0.21152154793315744,0.2695690413368514,0.13676341248900617,0.38214599824098505
0.21281263712154452,0.2711715664765248,0.13865730583589295,0.37735849056603776
0.2113857016769638,0.27007943512797883,0.14033539276257723,0.37819947043248014
0.21277533039647578,0.27312775330396477,0.14052863436123347,0.373568281938326
0.21827861579414373,0.2724046140195209,0.13930789707187222,0.3700088731144632
0.21619217081850534,0.2775800711743772,0.13923487544483987,0.3669928825622776
0.21998247151621383,0.27256792287467135,0.14022787028921999,0.3672217353198948
0.2164079822616408,0.2727272727272727,0.14279379157427938,0.36807095343680707
0.21876370013152127,0.27224901359053044,0.1464270056992547,0.36256028057869355
0.2227112676056338,0.26848591549295775,0.14084507042253522,0.36795774647887325
0.22358078602620088,0.2663755458515284,0.1393013100436681,0.3707423580786026
0.22295514511873352,0.2691292875989446,0.13808267370272648,0.3698328935795954
0.2240174672489083,0.26812227074235806,0.1388646288209607,0.36899563318777295
0.22627416520210897,0.2671353251318102,0.13971880492091387,0.36687170474516695
0.22324561403508772,0.2679824561403509,0.14649122807017545,0.362280701754386
0.22378854625550662,0.26343612334801764,0.1502202643171806,0.36255506607929516
0.22158590308370044,0.26255506607929513,0.14933920704845816,0.36651982378854625
0.22448979591836735,0.2626441881100266,0.14729370008873113,0.36557231588287487
0.23066783831282953,0.25746924428822493,0.14850615114235502,0.3633567662565905
0.22777532065457762,0.25696594427244585,0.15037593984962405,0.3648827952233525
0.2390158172231986,0.2557117750439367,0.14586994727592267,0.359402460456942
0.24101665205959685,0.2506573181419807,0.1441717791411043,0.36415425065731816
0.24067495559502664,0.24467140319715808,0.15053285968028418,0.3641207815275311
0.23913997367266346,0.24879333040807372,0.1456779289161913,0.36638876700307155
0.24285085789705235,0.2432908051033876,0.1460624725032996,0.36779586449626045
0.23966207203201423,0.24544241885282347,0.14273010226767452,0.3721654068474878
0.231940818102698,0.2519582245430809,0.14664926022628372,0.36945169712793735
0.23289473684210527,0.2535087719298246,0.14649122807017545,0.3671052631578947
0.23752759381898456,0.2503311258278146,0.14392935982339955,0.36821192052980134
0.23532008830022075,0.25474613686534214,0.141280353200883,0.3686534216335541
0.2365638766519824,0.25682819383259914,0.1422907488986784,0.36431718061674007
0.2329069254521394,0.254962505513895,0.13630348478164975,0.3758270842523158
0.23259911894273128,0.25418502202643173,0.13920704845814977,0.3740088105726872
0.23555359505955006,0.25363917071018965,0.13365681517423908,0.37715041905602115
0.23333333333333334,0.25555555555555554,0.13111111111111112,0.38
0.2409372236958444,0.2541998231653404,0.1273209549071618,0.3775419982316534
0.24163732394366197,0.2601232394366197,0.12323943661971831,0.375
0.2423043095866315,0.2612137203166227,0.12357080035180298,0.3729111697449428
0.23542402826855124,0.26545936395759717,0.12455830388692579,0.3745583038869258
0.23885209713024283,0.26225165562913905,0.1262693156732892,0.3726269315673289
0.24426807760141092,0.2601410934744268,0.12698412698412698,0.36860670194003525
0.23975588491717523,0.25675675675675674,0.13121185701830862,0.3722755013077594
0.23684210526315788,0.25921052631578945,0.1307017543859649,0.3732456140350877
0.24286341677646026,0.25252525252525254,0.13570487483530963,0.3689064558629776
0.2392638036809816,0.2581069237510955,0.13321647677475898,0.3694127957931639
0.23832387603666522,0.26233085988651245,0.1340026189436927,0.36534264513312964
0.2361963190184049,0.26205083260297984,0.13409290096406662,0.36765994741454866
0.23270163067430585,0.25650066108417807,0.1397091229616571,0.371088585279859
0.23049956178790534,0.2572304995617879,0.14329535495179668,0.3689745836985101
0.2240245506356861,0.2621657167908812,0.13327487943884261,0.38053485313459007
0.22729286663712894,0.2627381479840496,0.13469206911829862,0.37527691626052284
0.2261061946902655,0.2646017699115044,0.13185840707964602,0.37743362831858407
0.22413033905768384,0.2650814619110524,0.1325407309555262,0.37824746807573756
0.2221729490022173,0.27006651884700666,0.13259423503325943,0.37516629711751664
0.22125054656755574,0.27066025360734586,0.13161346742457367,0.37647573240052473
0.22355024347056218,0.27135900841080124,0.12749003984063745,0.37760070827799913
0.2235397452788757,0.2727272727272727,0.12779973649538867,0.3759332454984629
0.22261328640563133,0.2754069511658601,0.1315442146942367,0.3704355477342719
0.2210989010989011,0.2712087912087912,0.13362637362637364,0.3740659340659341
0.22629969418960244,0.27304499781564,0.13018785495849716,0.3704674530362604
0.2290748898678414,0.2687224669603524,0.13392070484581498,0.3682819383259912
0.23211169284467714,0.2696335078534031,0.13525305410122165,0.36300174520069806
0.23567993003935286,0.270222999562746,0.13467424573677306,0.3594228246611281
0.24222222222222223,0.26311111111111113,0.13866666666666666,0.356
0.24070021881838075,0.2673960612691466,0.13698030634573305,0.3549234135667396
0.2381578947368421,0.2719298245614035,0.13157894736842105,0.35833333333333334
0.2429701230228471,0.2697715289982425,0.1313708260105448,0.35588752196836554
0.24165202108963094,0.2680140597539543,0.13181019332161686,0.3585237258347979
0.24702774108322326,0.26904447380008806,0.1325407309555262,0.3513870541611625
0.254585152838428,0.2720524017467249,0.13013100436681221,0.34323144104803494
0.2542446669569003,0.2716586852416195,0.12929908576404006,0.34479756203744016
0.24988942945599293,0.27288810260946483,0.13135780628040689,0.3458646616541353
0.24736842105263157,0.2719298245614035,0.1394736842105263,0.3412280701754386
0.2530701754385965,0.2723684210526316,0.1368421052631579,0.33771929824561403
0.25630810092961487,0.2749003984063745,0.1341301460823373,0.3346613545816733
0.255619215513442,0.2776553547818422,0.13353900396650506,0.33318642573821067
0.25471284524331433,0.2753178430512933,0.13371328364752302,0.33625602805786936
0.25930851063829785,0.2726063829787234,0.13297872340425532,0.3351063829787234
0.2546583850931677,0.2732919254658385,0.13354037267080746,0.3385093167701863
0.26007975188303056,0.2667257421355782,0.13070447496677004,0.34249003101462117
0.2594713656387665,0.2669603524229075,0.12687224669603525,0.34669603524229076
0.25686448184233834,0.2661647475642161,0.13108945969884853,0.345881310894597
0.25526315789473686,0.2719298245614035,0.12894736842105264,0.34385964912280703
0.26023778071334214,0.26904447380008806,0.12549537648612946,0.34522236900044034
0.2550482879719052,0.26909569798068483,0.13301141352063214,0.3428446005267779
0.2618421052631579,0.2631578947368421,0.13596491228070176,0.33903508771929824
0.26555652936021035,0.2607361963190184,0.1375985977212971,0.33610867659947413
0.2634809294169224,0.26654975887768523,0.13546690048224463,0.3345024112231477
0.2603655818100758,0.2634864021399911,0.1359786000891663,0.34016941596076683
0.2633672116659302,0.2624834290764472,0.13433495360141406,0.3398144056562086
0.26233085988651245,0.2697512003491925,0.13225665648188564,0.3356612832824094
0.26570048309178745,0.26745718050065875,0.13043478260869565,0.33640755379885817
0.2638706858890345,0.27086063783311487,0.12931411096548712,0.33595456531236345
0.25696594427244585,0.27377266696152147,0.12693498452012383,0.3423264042459089
0.2556093268807743,0.2736471623405191,0.12758468983721954,0.34315882094148703
0.255178492728074,0.27677390921110623,0.12692816218598502,0.34111943587483473
0.25799386771791505,0.27726675427069647,0.12220762155059132,0.3425317564607972
0.2609271523178808,0.2763796909492274,0.12494481236203091,0.33774834437086093
0.2639257294429708,0.27586206896551724,0.1229000884173298,0.33731211317418214
0.2671322566564819,0.27673505019642075,0.12614578786556088,0.32998690528153646
0.27088830255057167,0.2752858399296394,0.1266490765171504,0.32717678100263853
0.2709705753184014,0.27140974967061926,0.12999560825647782,0.32762406675450156
0.27495621716287216,0.2683887915936953,0.1317863397548161,0.3248686514886165
0.27550130775937226,0.26591107236268524,0.13339145597210114,0.32519616390584133
0.2746478873239437,0.27024647887323944,0.13160211267605634,0.32350352112676056
0.278580814717477,0.2658782303985983,0.13096802452912834,0.32457293035479634
0.27324561403508774,0.27017543859649124,0.13026315789473683,0.3263157894736842
0.26964285714285713,0.278125,0.12901785714285716,0.32321428571428573
0.2655838454784899,0.276558384547849,0.1299385425812116,0.3279192273924495
0.2610213880401571,0.2802269751200349,0.1313836752509821,0.32736796158882586
0.2668698302133217,0.2786242925555072,0.12886373530692208,0.325642141924249
0.2706766917293233,0.2764263600176913,0.12958867757629366,0.3233082706766917
0.26868953386103783,0.2783641160949868,0.13324538258575197,0.3197009674582234
0.2657894736842105,0.27631578947368424,0.13464912280701755,0.3232456140350877
0.26148409893992935,0.2826855123674912,0.13118374558303886,0.3246466431095406
0.2619047619047619,0.2874779541446208,0.1283068783068783,0.322310405643739
0.26693227091633465,0.2815405046480744,0.13191677733510404,0.3196104471004869
0.26702033598585323,0.28735632183908044,0.127763041556145,0.3178603006189213
0.26452464788732394,0.2904929577464789,0.1289612676056338,0.3160211267605634
0.2676056338028169,0.2935739436619718,0.12984154929577466,0.3089788732394366
0.27165354330708663,0.29396325459317585,0.12467191601049869,0.30971128608923887
0.2752212389380531,0.29469026548672567,0.1261061946902655,0.30398230088495576
0.27797513321492007,0.29040852575488457,0.1269982238010657,0.3046181172291297
0.2787102473498233,0.28886925795053003,0.13206713780918727,0.3003533568904594
0.276623950508175,0.28546177640300485,0.13742819266460451,0.30048608042421565
0.2699331848552339,0.2824053452115813,0.13496659242761694,0.3126948775055679
0.26868953386103783,0.28188214599824096,0.1363236587510994,0.3131046613896218
0.2719259585720582,0.28294402820625825,0.13309828118113706,0.3120317320405465
0.27469135802469136,0.2896825396825397,0.12962962962962962,0.30599647266313934
0.27384615384615385,0.28527472527472525,0.13142857142857142,0.30945054945054945
0.2737777777777778,0.2782222222222222,0.13333333333333333,0.31466666666666665
0.27384615384615385,0.28087912087912087,0.13538461538461538,0.3098901098901099
0.2699037620297463,0.2852143482064742,0.1342957130358705,0.310586176727909
0.2779735682819383,0.2845814977973568,0.1290748898678414,0.30837004405286345
0.2775330396475771,0.28634361233480177,0.126431718061674,0.3096916299559471
0.2833260008798944,0.2890453145622525,0.12538495380554335,0.3022437307523097
0.2820738137082601,0.28778558875219684,0.12478031634446397,0.3053602811950791
0.2807794508414526,0.2896368467670505,0.12577502214348982,0.3038086802480071
0.2865367581930912,0.28033658104517273,0.1191319751992914,0.31399468556244464
0.28779197884530633,0.28074041427941826,0.11987659762009696,0.3115910092551785
0.286215978928885,0.28138718173836696,0.11940298507462686,0.31299385425812115
0.2844600526777875,0.28138718173836696,0.11764705882352941,0.3165057067603161
0.2812089356110381,0.2812089356110381,0.11914148050810337,0.31844064826982044
0.28114035087719297,0.2807017543859649,0.11754385964912281,0.3206140350877193
0.28720626631853785,0.27980852915578763,0.11923411662315056,0.31375108790252393
0.29308065226972235,0.2741295724988982,0.12384310268840899,0.3089466725429705
0.2905494505494505,0.27824175824175823,0.1265934065934066,0.3046153846153846
0.2874617737003058,0.27697684578418524,0.1258191349934469,0.30974224552206203
0.28452797202797203,0.28146853146853146,0.12805944055944055,0.30594405594405594
0.2894621775251421,0.2815916047223437,0.1219938784433756,0.3069523393091386
0.2868525896414343,0.28508189464364764,0.12217795484727756,0.3058875608676406
0.28990662516674076,0.28368163628279236,0.12538906180524678,0.3010226767452201
0.2871636524040582,0.28451698279664756,0.1239523599470666,0.3043670048522276
0.28854625550660795,0.28502202643171803,0.126431718061674,0.3
0.28886925795053003,0.2879858657243816,0.12632508833922262,0.2968197879858657
0.2926613616268789,0.28205128205128205,0.1246684350132626,0.3006189213085765
0.28740675734971477,0.2891619131197894,0.12900394910048266,0.29442738043001315
0.2857142857142857,0.2887817703768624,0.13146362839614373,0.29404031551270815
0.2792321116928447,0.2835951134380454,0.14092495636998253,0.2962478184991274
0.27971718957136543,0.2836942112240389,0.14405656208572692,0.29253203711886877
0.2842661965623623,0.28162185985015425,0.14543851917144116,0.2886734244160423
0.2888986013986014,0.28059440559440557,0.14117132867132867,0.2893356643356643
0.28777923784494086,0.2733245729303548,0.14191852825229961,0.29697766097240474
0.292693661971831,0.2662852112676056,0.144806338028169,0.2962147887323944
0.28797190517998245,0.2664618086040386,0.14705882352941177,0.29850746268656714
0.28345765686704694,0.26722246599385696,0.1474330846862659,0.3018867924528302
0.27510917030567683,0.26812227074235806,0.14847161572052403,0.308296943231441
0.2897155361050328,0.2577680525164114,0.14704595185995623,0.3054704595185996
0.2846425419240953,0.264783759929391,0.146954986760812,0.3036187113857017
0.2827616534740545,0.26341248900615655,0.1442392260334213,0.3095866314863676
0.2857142857142857,0.2621951219512195,0.14590592334494773,0.30618466898954705
0.28044444444444444,0.264,0.14755555555555555,0.308
0.28233231039017975,0.265234546251644,0.15168785620341954,0.3007452871547567
0.2814292015880018,0.26378473753859727,0.15306572562858403,0.30172033524481695
0.2833333333333333,0.26842105263157895,0.14692982456140352,0.3013157894736842
0.28711547035220686,0.2710655372269282,0.14667855550601872,0.2951404369148462
0.2852706299911269,0.26619343389529726,0.15084294587400177,0.2976929902395741
0.28596568411790585,0.2776066871975363,0.15442146942366916,0.2820061592608887
0.28891820580474936,0.27880386983289357,0.14599824098504838,0.2862796833773087
0.2857142857142857,0.2765399737876802,0.14635211882918306,0.291393621668851
0.28167770419426047,0.2785871964679912,0.14746136865342163,0.2922737306843267
0.2760600706713781,0.28180212014134276,0.14620141342756185,0.2959363957597173
0.2713656387665198,0.28502202643171803,0.1515418502202643,0.2920704845814978
0.27252650176678445,0.2795936395759717,0.15636042402826855,0.2915194346289753
0.27385707944962273,0.2867288060363959,0.151797603195739,0.28761651131824234
0.270979020979021,0.28583916083916083,0.15734265734265734,0.28583916083916083
0.2720879120879121,0.2857142857142857,0.1578021978021978,0.2843956043956044
0.27493380406001766,0.28640776699029125,0.15357458075904679,0.2850838481906443
0.2754517408550022,0.2895548699867783,0.1494050242397532,0.2855883649184663
0.2768758227292672,0.29530495831505044,0.14611671785870997,0.28170250109697237
0.2706766917293233,0.30207872622733306,0.14949137549756744,0.27775320654577623
0.2728465238303454,0.2995190205509401,0.14822912111937037,0.2794053344993441
0.27151730257320317,0.3025732031943212,0.14241348713398402,0.2834960070984916
0.27093380096448927,0.29943007452871545,0.14248136782113108,0.2871547566856642
0.2669287898645697,0.3071210135430319,0.1380515508955876,0.28789864569681084
0.26763668430335097,0.3090828924162258,0.13403880070546736,0.2892416225749559
0.2662565905096661,0.312390158172232,0.13532513181019332,0.28602811950790863
0.2671081677704194,0.3125827814569536,0.13289183222958056,0.28741721854304636
0.27465723131357805,0.30605926581158777,0.13710747456877487,0.28217602830605926
0.2742006132282085,0.3118703460359177,0.1305300043802015,0.2833990363556724
0.2789680804547442,0.30520332313073895,0.1289899431569742,0.28683865325754265
0.28224381625441697,0.30918727915194344,0.12455830388692579,0.2840106007067138
0.28070934256055363,0.3014705882352941,0.12629757785467127,0.291522491349481
0.2827616534740545,0.3043095866314864,0.12269129287598944,0.29023746701846964
0.2819030680302357,0.3045798132503335,0.12716763005780346,0.2863494886616274
0.2860320284697509,0.3016014234875445,0.1290035587188612,0.2833629893238434
0.29179464677490125,0.3036419482229048,0.12944273804300133,0.27512066695919263
0.2966064345526664,0.2996914940502424,0.12957249889819303,0.2741295724988982
0.2980769230769231,0.30375874125874125,0.12805944055944055,0.2701048951048951
0.29754601226993865,0.30192813321647677,0.12839614373356706,0.2721297107800175
0.29440069991251094,0.2987751531058618,0.12904636920384951,0.2777777777777778
0.29577464788732394,0.3023767605633803,0.1289612676056338,0.272887323943662
0.28824833702882485,0.29977827050997785,0.13215077605321507,0.2798226164079823
0.2847161572052402,0.2986899563318777,0.13406113537117903,0.28253275109170306
0.2917771883289125,0.30282935455349247,0.129973474801061,0.27541998231653403
0.2853992059991178,0.30613145125716806,0.1301279223643582,0.278341420379356
0.29991204925241866,0.297273526824978,0.12708883025505716,0.2757255936675462
0.29767645769399387,0.29460762823323106,0.12889083735203857,0.27882507672073653
0.2986445124617403,0.2960209881941408,0.12592916484477482,0.2794053344993441
0.29634522236900046,0.29326287978863935,0.12769704975781593,0.28269484808454426
0.29393398751115074,0.28991971454058874,0.12578055307760927,0.2903657448706512
0.2890932982917214,0.2842750766535261,0.13009198423127463,0.2965396408234779
0.28810572687224667,0.286784140969163,0.13127753303964756,0.2938325991189427
0.2912621359223301,0.2828773168578994,0.1319505736981465,0.293909973521624
0.29487750556792874,0.2797327394209354,0.12694877505567928,0.2984409799554566
0.2950890916992612,0.27640156453715775,0.13255106475445458,0.29595827900912647
0.2961316140506892,0.27701200533570475,0.13205869275233437,0.2947976878612717
0.2938325991189427,0.27180616740088104,0.13392070484581498,0.3004405286343612
0.289588801399825,0.2769028871391076,0.1373578302712161,0.29615048118985127
0.28194993412384717,0.2854633289415898,0.13921826965305226,0.2933684672815108
0.28502202643171803,0.27929515418502204,0.1370044052863436,0.2986784140969163
0.28702892199824714,0.2817703768624014,0.1371603856266433,0.29404031551270815
0.28833551769331583,0.27872433377020533,0.13892529488859764,0.29401485364788116
0.2885789014821273,0.2781168265039233,0.14123801220575413,0.2920662598081953
0.2867163524769838,0.27970188513809735,0.13678211310828584,0.29679964927663305
0.28866432337434095,0.28471001757469244,0.14015817223198593,0.28646748681898065
0.29280070237050043,0.2840210711150132,0.13432835820895522,0.28884986830553117
0.29254385964912283,0.2868421052631579,0.13596491228070176,0.28464912280701754
0.28584070796460176,0.28628318584070794,0.14115044247787611,0.2867256637168142
0.2872200263504611,0.2845849802371542,0.13658322353974528,0.2916117698726394
0.2857775808595481,0.28666371289322107,0.13513513513513514,0.2924235711120957
0.2813738441215324,0.2892998678996037,0.1329810656098635,0.29634522236900046
0.27718832891246686,0.28514588859416445,0.13837312113174183,0.29929266136162685
0.2826855123674912,0.28180212014134276,0.13869257950530034,0.2968197879858657
0.28338475099162624,0.2851476421330983,0.13838695460555311,0.29308065226972235
0.28776665215498476,0.27731824118415327,0.13844144536351763,0.29647366129734437
0.2851476421330983,0.28250330542089025,0.13794623182018512,0.29440282062582634
0.2889083735203858,0.2801402893467777,0.14072775098640947,0.290223586146427
0.28347143480157,0.2773658962058439,0.14086349760139555,0.29829917139119055
0.2823581560283688,0.2765957446808511,0.14406028368794327,0.2969858156028369
0.2836153161175423,0.27337488869100623,0.1402493321460374,0.3027604630454141
0.2862175253192426,0.27300748568912375,0.13914575077058564,0.301629238221048
0.28375387339530767,0.2726870296591412,0.13899955732625055,0.3045595396193006
0.2891246684350133,0.26657824933687,0.1374889478337754,0.3068081343943413
0.2791922739244952,0.2712906057945566,0.14135206321334504,0.30816505706760317
0.2825410928476233,0.2692136828076411,0.13682807641048422,0.31141714793425146
0.277851166886834,0.27036547776309994,0.1325407309555262,0.3192426243945399
0.28370044052863436,0.2682819383259912,0.1299559471365639,0.3180616740088106
0.2798925212718316,0.2660098522167488,0.13569189431258397,0.31840573219883567
0.28426171529619804,0.26436781609195403,0.13527851458885942,0.3160919540229885
0.2789473684210526,0.26535087719298245,0.13596491228070176,0.31973684210526315
0.27927529827662395,0.2624834290764472,0.13566062748563854,0.3225806451612903
0.2753623188405797,0.2648221343873518,0.13614404918752745,0.32367149758454106
0.28308501314636286,0.25854513584574934,0.13453111305872043,0.3238387379491674
0.28028293545534927,0.2608311229000884,0.13660477453580902,0.3222811671087533
0.28033658104517273,0.25907883082373784,0.14127546501328608,0.31930912311780335
0.28250330542089025,0.25165271044513,0.14014984574702513,0.3256941383869546
0.2859641451683428,0.2531700918233494,0.1359860078705728,0.32487975513773504
0.2873001776198934,0.2455595026642984,0.13543516873889877,0.3317051509769094
0.2852760736196319,0.24758983347940403,0.13803680981595093,0.3290972830850131
0.29183049366535607,0.24595893403232852,0.1345565749235474,0.32765399737876805
0.2893709327548807,0.24642082429501086,0.13449023861171366,0.3297180043383948
0.29515418502202645,0.25022026431718064,0.1343612334801762,0.32026431718061676
0.2908770383428823,0.25341560158660204,0.13353900396650506,0.32216835610401057
0.29668874172185433,0.25165562913907286,0.13024282560706402,0.32141280353200885
0.2914639540026537,0.254312251216276,0.13799203892083148,0.31623175586023883
0.28615384615384615,0.2531868131868132,0.1397802197802198,0.3208791208791209
0.2840210711150132,0.25636523266022826,0.13784021071115013,0.3217734855136084
0.2833260008798944,0.25296964364276286,0.14078310602727673,0.322921249450066
0.2812089356110381,0.2558037669732808,0.13622426631625054,0.32676303109943056
0.27344090710859137,0.26166593981683384,0.13519406890536415,0.3296990841692106
0.2783143107989464,0.257243195785777,0.13432835820895522,0.3301141352063213
0.2792122538293217,0.25601750547045954,0.1361050328227571,0.32866520787746173
0.28790534618755476,0.2589833479404032,0.13628396143733568,0.3168273444347064
0.2948885976408912,0.25557011795543905,0.12800349497597205,0.3215377894276977
0.29690265486725664,0.26371681415929205,0.1256637168141593,0.31371681415929203
0.30178805058874836,0.2577409507195813,0.12254688181421718,0.31792411687745314
0.2997792494481236,0.2596026490066225,0.11920529801324503,0.32141280353200885
0.2975501113585746,0.2592427616926503,0.12071269487750556,0.3224944320712695
0.29863855950812473,0.26130873956960915,0.1225296442687747,0.31752305665349145
0.3013274336283186,0.26194690265486725,0.12123893805309735,0.3154867256637168
0.29863255403617117,0.2646669607410675,0.11954124393471548,0.3171592412880459
0.2973928413610252,0.2615996464869642,0.12505523641184269,0.31595227574016793
0.3032714412024757,0.26480990274093724,0.1220159151193634,0.3099027409372237
0.2932098765432099,0.26499118165784835,0.12918871252204586,0.31261022927689597
0.2951111111111111,0.26711111111111113,0.12488888888888888,0.3128888888888889
0.2966213251426064,0.26941641070645017,0.1193505923650724,0.314611671785871
0.2969298245614035,0.2662280701754386,0.12105263157894737,0.3157894736842105
0.2985468956406869,0.265962131219727,0.12285336856010567,0.3126376045794804
0.298376480912681,0.2702939885914875,0.11978938130759105,0.31154014918824047
0.29960229783473263,0.2682280159080866,0.12196199734865223,0.3102076889085285
0.30646589902568644,0.2604074402125775,0.12400354295837024,0.3091231178033658
0.3087719298245614,0.25877192982456143,0.12631578947368421,0.306140350877193
0.3020282186948854,0.263668430335097,0.12522045855379188,0.3090828924162258
0.30048608042421565,0.25850640742377373,0.12505523641184269,0.31595227574016793
0.3029100529100529,0.2566137566137566,0.1283068783068783,0.31216931216931215
0.29934354485776804,0.25733041575492344,0.13041575492341356,0.31291028446389496
0.2967372134038801,0.25925925925925924,0.12918871252204586,0.3148148148148148
0.2946625496250551,0.2602558447287164,0.13145125716806352,0.31363034847816496
0.28797886393659183,0.2672831351827389,0.12681638044914134,0.31792162043152794
0.29455992923485186,0.25785050862450243,0.13003095975232198,0.31755860238832373
0.2920901458241273,0.2602739726027397,0.13477684489615555,0.31285903667697745
0.28892809880899867,0.2620202911336568,0.13718570798411997,0.3118659020732245
0.29310344827586204,0.2608311229000884,0.13262599469496023,0.3134394341290893
0.2896703296703297,0.25934065934065936,0.13186813186813187,0.3191208791208791
0.2913525498891353,0.2665188470066519,0.12771618625277162,0.3144124168514412
0.29754601226993865,0.25854513584574934,0.1266432953549518,0.3172655565293602
0.29404031551270815,0.25766871165644173,0.13365468886941279,0.31463628396143734
0.28776665215498476,0.26338702655637786,0.13191118850674793,0.3169351327818894
0.28111209179170343,0.2674315975286849,0.1293027360988526,0.32215357458075905
0.2759078830823738,0.2657218777679362,0.12798937112488928,0.3303808680248007
0.27156125608137993,0.26758071649712517,0.13135780628040689,0.329500221141088
0.2665198237885463,0.27048458149779736,0.13392070484581498,0.3290748898678414
0.2635761589403974,0.2706401766004415,0.1315673289183223,0.33421633554083885
0.2632042253521127,0.2715669014084507,0.12852112676056338,0.33670774647887325
0.27066025360734586,0.2684739833843463,0.12680367293397463,0.3340620900743332
0.274235807860262,0.2698689956331878,0.11877729257641921,0.337117903930131
0.27794962439239945,0.27220503756076003,0.11931064958020327,0.3305346884666372
0.2791411042944785,0.2751971954425942,0.1196319018404908,0.32602979842243646
0.2777288732394366,0.27244718309859156,0.12588028169014084,0.323943661971831
0.2813738441215324,0.2668428005284016,0.12725671510347863,0.3245266402465874
0.27984084880636606,0.2656940760389036,0.1242263483642794,0.3302387267904509
0.2895667550839965,0.2634836427939876,0.11803713527851459,0.32891246684350134
0.2889083735203858,0.26918018412976763,0.11661551950898728,0.3252959228408593
0.28880070546737213,0.26851851851851855,0.11684303350970017,0.32583774250440917
0.2901371074745688,0.27023440955329503,0.1172047766475011,0.32242370632463513
0.2887817703768624,0.2721297107800175,0.11744084136722173,0.32164767747589834
0.2958916083916084,0.2687937062937063,0.11713286713286714,0.3181818181818182
0.29308836395450566,0.27209098862642167,0.1194225721784777,0.31539807524059493
0.29385964912280704,0.27280701754385966,0.11578947368421053,0.3175438596491228
0.2931411096548711,0.27086063783311487,0.11795543905635648,0.3180428134556575
0.29335071707953064,0.2720556279878314,0.11603650586701435,0.31855714906562366
0.291393621668851,0.272608125819135,0.11489733508082133,0.3211009174311927
0.2936542669584245,0.27177242888402625,0.11684901531728666,0.3177242888402626
0.28803156510302497,0.2687417799210872,0.11617711530030689,0.32704953967558087
0.2916299559471366,0.27048458149779736,0.11850220264317181,0.31938325991189426
0.29640980735551664,0.27189141856392296,0.11646234676007006,0.31523642732049034
0.2916848062690466,0.27209403569873747,0.11710927296473661,0.31911188506747934
0.29634522236900046,0.26816380449141347,0.11800968736239542,0.31748128577719065
0.30069625761531765,0.26849434290687557,0.11879895561357702,0.31201044386422977
0.2975243147656941,0.2656940760389036,0.12024756852343059,0.3165340406719717
0.29282254513430206,0.2712461470717745,0.11800968736239542,0.31792162043152794
0.29440282062582634,0.27148523578669015,0.11723226090788894,0.31687968267959454
0.2954946996466431,0.26855123674911663,0.11528268551236749,0.3206713780918728
0.2933740191804708,0.27070619006102875,0.11726242371403661,0.31865736704446385
0.29515418502202645,0.27268722466960355,0.113215859030837,0.31894273127753303
0.2983377077865267,0.2690288713910761,0.11023622047244094,0.3223972003499563
0.3004818221638195,0.27113447218572057,0.11125711782742007,0.3171265878230399
0.2982142857142857,0.2683035714285714,0.11071428571428571,0.32276785714285716
0.30782839451570104,0.26271561256081377,0.10703228659885007,0.32242370632463513
0.3011463844797178,0.26322751322751325,0.11507936507936507,0.3205467372134039
0.2933920704845815,0.26519823788546254,0.1145374449339207,0.32687224669603526
0.2959858844287605,0.2606969563299515,0.11380679311865902,0.329510366122629
0.30070237050043896,0.2585601404741001,0.11018437225636524,0.3305531167690957
0.303886925795053,0.2588339222614841,0.10954063604240283,0.32773851590106007
0.29641116526362427,0.2618520159503766,0.1072219760744351,0.334514842711564
0.3074547860608734,0.2620202911336568,0.10983678870754301,0.3206881340979268
0.3140096618357488,0.2534036012296882,0.10891523935002195,0.32367149758454106
0.31255565449688333,0.25734639358860195,0.10997328584149599,0.3201246660730187
0.30558015943312666,0.25686448184233834,0.10938883968113375,0.3281665190434012
0.3081952920662598,0.25414123801220573,0.11072362685265912,0.3269398430688753
0.31733333333333336,0.24666666666666667,0.10933333333333334,0.32666666666666666
0.31583552055993,0.2410323709536308,0.1084864391951006,0.3346456692913386
0.3102553007356123,0.23972306360882734,0.10990913024664647,0.3401125054089139
0.31105286151157713,0.23853211009174313,0.109217999126256,0.3411970292704238
0.30786219081272087,0.2393992932862191,0.10865724381625441,0.34408127208480566
0.30184534270650265,0.2429701230228471,0.11423550087873462,0.3409490333919156
0.30282935455349247,0.2382847038019452,0.11494252873563218,0.34394341290893016
0.30863656291100394,0.23366944322665498,0.1183691363437089,0.3393248575186322
0.30272407732864676,0.23681898066783832,0.1195079086115993,0.3409490333919156
0.30376940133037694,0.2385809312638581,0.12106430155210643,0.33658536585365856
0.3106194690265487,0.23584070796460177,0.11991150442477876,0.33362831858407077
0.319537160658656,0.23542501112594572,0.11748998664886515,0.32754784156653316
0.3195057369814651,0.23786407766990292,0.12003530450132392,0.32259488084730803
0.32116146062472506,0.23273207215134184,0.1249450065992081,0.32116146062472506
0.32077125328659073,0.23137598597721298,0.12751971954425942,0.3203330411919369
0.3235294117647059,0.23222124670763827,0.12686567164179105,0.3173836698858648
0.32333480370533746,0.23820026466696073,0.12174680194089105,0.3167181296868108
0.3240618101545254,0.2335540838852097,0.12141280353200883,0.32097130242825606
0.3165057067603161,0.24100087796312555,0.12247585601404741,0.32001755926251096
0.3167259786476868,0.23487544483985764,0.1258896797153025,0.322508896797153
0.3181019332161687,0.23462214411247803,0.1234622144112478,0.32381370826010547
0.32367149758454106,0.22661396574440051,0.12428634167764603,0.3254281949934124
0.3219964664310954,0.22968197879858657,0.12234982332155477,0.32597173144876324
0.3172231985940246,0.22759226713532513,0.12390158172231985,0.3312829525483304
0.3219964664310954,0.232773851590106,0.11616607773851591,0.3290636042402827
