R,A,S,N
1.0,0.0,0.0,0.0
1.0,0.0,0.0,0.0
0.8,0.0,0.2,0.0
0.9,0.0,0.1,0.0
0.8,0.0,0.2,0.0
0.7428571428571429,0.02857142857142857,0.22857142857142856,0.0
0.8125,0.041666666666666664,0.14583333333333334,0.0
0.7777777777777778,0.05555555555555555,0.16666666666666666,0.0
0.7428571428571429,0.0761904761904762,0.18095238095238095,0.0
0.7291666666666666,0.06944444444444445,0.2013888888888889,0.0
0.696969696969697,0.08585858585858586,0.21212121212121213,0.005050505050505051
0.6498054474708171,0.10116731517509728,0.22568093385214008,0.023346303501945526
0.6237942122186495,0.09967845659163987,0.24758842443729903,0.028938906752411574
0.5927835051546392,0.1056701030927835,0.2603092783505155,0.041237113402061855
0.5851528384279476,0.10480349344978165,0.259825327510917,0.05021834061135371
0.5651408450704225,0.10211267605633803,0.26936619718309857,0.06338028169014084
0.5595238095238095,0.11011904761904762,0.25148809523809523,0.07886904761904762
0.5299877600979193,0.12239902080783353,0.25458996328029376,0.09302325581395349
0.5124056094929881,0.1348435814455232,0.25026968716289105,0.10248112189859762
0.5075046904315197,0.13883677298311445,0.24577861163227016,0.10787992495309569
0.5051282051282051,0.13504273504273503,0.24700854700854702,0.11282051282051282
0.4965883244882487,0.13040181956027294,0.244882486732373,0.1281273692191054
0.49474421864050455,0.1317449194113525,0.24036440084092503,0.13314646110721795
0.5032175032175032,0.13320463320463322,0.21943371943371942,0.14414414414414414
0.4942942942942943,0.13453453453453454,0.21081081081081082,0.16036036036036036
0.5002845759817871,0.13488901536710302,0.19351166761525326,0.17131474103585656
0.4952481520591341,0.1351636747624076,0.191129883843717,0.17845828933474128
0.5040609137055837,0.14517766497461929,0.17208121827411169,0.17868020304568527
0.5066079295154186,0.14341654429760156,0.16152716593245228,0.18844836025452766
0.5123010130246021,0.15195369030390737,0.1456825856246985,0.1900627110467921
0.5082198215124472,0.1611085016439643,0.12963832785345233,0.20103334899013622
0.5151515151515151,0.16335227272727273,0.11410984848484848,0.20738636363636365
0.5170481083605791,0.1662774404483886,0.10135450723960766,0.21531994395142456
0.5186567164179104,0.166044776119403,0.0960820895522388,0.21921641791044777
0.5273148148148148,0.1625,0.08194444444444444,0.22824074074074074
0.5291418081688848,0.16842588343276732,0.07434603028912345,0.2280862781092244
0.5429223744292238,0.16118721461187216,0.06712328767123288,0.22876712328767124
0.5458257713248639,0.15925589836660617,0.055807622504537205,0.23911070780399274
0.5410803449841126,0.16159782115297322,0.053563322741715845,0.24375851112119837
0.5459900317172632,0.15768010874490257,0.051653828726778435,0.24467603081105574
0.5530852994555354,0.15335753176043557,0.050362976406533574,0.24319419237749546
0.5598911070780399,0.15381125226860254,0.04219600725952813,0.2441016333938294
0.5666364460562103,0.1468721668177697,0.03671804170444243,0.2497733454215775
0.5698972755694507,0.1496203662349263,0.030817329164805715,0.24966502903081733
0.5725842696629213,0.15325842696629213,0.027865168539325844,0.24629213483146067
0.5762788592123133,0.15210502489814395,0.028519692168401993,0.2430964237211408
0.5809954751131222,0.1493212669683258,0.024886877828054297,0.24479638009049773
0.5874439461883408,0.14887892376681613,0.02062780269058296,0.2430493273542601
0.5929761368752814,0.14993246285457001,0.018009905447996397,0.23908149482215219
0.5945094509450946,0.1494149414941494,0.017101710171017102,0.23897389738973898
0.5917636526410027,0.1575649059982095,0.01611459265890779,0.23455684870188004
0.6004415011037527,0.152317880794702,0.01456953642384106,0.2326710816777042
0.6040653999116218,0.14361467079098542,0.012372956252761821,0.23994697304463103
0.6041300527240774,0.14323374340949033,0.013620386643233744,0.2390158172231986
0.6096374889478338,0.14367816091954022,0.008841732979664015,0.23784261715296198
0.622791519434629,0.1417844522968198,0.007067137809187279,0.22835689045936397
0.6329906124273581,0.1354492624050067,0.008940545373267769,0.22261957979436744
0.6289612676056338,0.13776408450704225,0.010123239436619719,0.22315140845070422
0.6312775330396476,0.1378854625550661,0.009691629955947136,0.2211453744493392
0.632617273125822,0.13678211310828584,0.009644892590968873,0.2209557211749233
0.6349760139555168,0.13737461840383777,0.009594417793283908,0.21805494984736154
0.6430796617712505,0.1348464619492657,0.008900756564307966,0.2131731197151758
0.6471880492091389,0.12697715289982425,0.008787346221441126,0.21704745166959577
0.6470848056537103,0.12853356890459364,0.007950530035335688,0.21643109540636044
0.648471615720524,0.12663755458515283,0.006550218340611353,0.2183406113537118
0.6560035056967572,0.12357581069237511,0.008326029798422436,0.21209465381244522
0.6594427244582043,0.12251216275984078,0.007076514816452897,0.210968597965502
0.6629809818664307,0.12118531623175587,0.007076514816452897,0.20875718708536045
0.6562774363476734,0.12423178226514486,0.00877963125548727,0.21071115013169447
0.6586222027204914,0.12417727073277754,0.007898200965335674,0.20930232558139536
0.6671023965141613,0.11503267973856209,0.009586056644880174,0.20827886710239651
0.6803350970017636,0.11199294532627865,0.007054673721340388,0.2006172839506173
0.682271348071088,0.10619852622453403,0.007802340702210663,0.20372778500216732
0.6927497789566756,0.10123784261715296,0.006631299734748011,0.19938107869142352
0.6948336252189142,0.101138353765324,0.008318739054290718,0.1957092819614711
0.6949590693666523,0.1046962516156829,0.007324429125376993,0.1930202498922878
0.6972076788830716,0.10340314136125654,0.006108202443280977,0.1932809773123909
0.6940919037199125,0.10240700218818381,0.00437636761487965,0.19912472647702406
0.7038793103448275,0.09956896551724138,0.0047413793103448275,0.19181034482758622
0.707092819614711,0.10070052539404553,0.0043782837127845885,0.18782837127845883
0.7063148788927336,0.09429065743944637,0.005190311418685121,0.19420415224913495
0.7132836475230162,0.08943445857080227,0.00789127575624726,0.18939061814993424
0.71900826446281,0.09090909090909091,0.008699434536755112,0.18138321009134406
0.7214472537053183,0.0919790758500436,0.0074106364428945075,0.1791630340017437
0.7197368421052631,0.09342105263157895,0.007017543859649123,0.17982456140350878
0.72236727589208,0.09660574412532637,0.004351610095735422,0.17667536988685814
0.728583916083916,0.09571678321678322,0.004807692307692308,0.17089160839160839
0.7369109947643979,0.09162303664921466,0.005671902268760907,0.16579406631762653
0.7411300919842313,0.08628996933858958,0.0056942619360490585,0.16688567674113008
0.7416122004357298,0.08845315904139434,0.006100217864923747,0.16383442265795206
0.7453118185782818,0.08591365023986045,0.005233318796336677,0.16354121238552116
0.7455024133391839,0.08205353225098727,0.00614304519526108,0.16630100921456778
0.7521663778162911,0.08145580589254767,0.004766031195840554,0.16161178509532062
0.7482698961937716,0.08044982698961937,0.008217993079584774,0.16306228373702422
0.7589991220368745,0.07550482879719052,0.007462686567164179,0.15803336259877085
0.7674520069808028,0.07591623036649214,0.006544502617801047,0.15008726003490402
0.7681917211328976,0.07538126361655774,0.006100217864923747,0.1503267973856209
0.7715274772825617,0.07615750757247945,0.004327131112072695,0.1479878840328862
0.7724913494809689,0.07569204152249134,0.004757785467128028,0.14705882352941177
0.773040482342808,0.07364341085271318,0.004737295434969853,0.14857881136950904
0.7782589865742746,0.07492420961455175,0.0064963187527068,0.14032048505846687
0.7855917667238422,0.07075471698113207,0.00686106346483705,0.13679245283018868
0.7858064516129032,0.07483870967741936,0.007741935483870968,0.13161290322580646
0.7893149504523912,0.07281344248168893,0.008616975441619991,0.12925463162429987
0.793073593073593,0.06666666666666667,0.008225108225108226,0.13203463203463203
0.7949050086355786,0.06994818652849741,0.008203799654576857,0.12694300518134716
0.7960413080895009,0.06927710843373494,0.006024096385542169,0.12865748709122204
0.803328953131844,0.06701708278580815,0.006570302233902759,0.12308366184844503
0.8100992662926197,0.06258092360811394,0.0069054812257229176,0.12041432887354338
0.817353579175705,0.06117136659436009,0.006941431670281995,0.11453362255965292
0.8178664353859497,0.060711188204683436,0.006938421509106678,0.11448395490026018
0.8184165232358004,0.05981067125645439,0.008605851979345954,0.11316695352839931
0.8257510729613734,0.05536480686695279,0.009012875536480686,0.10987124463519313
0.8213977566867989,0.06082830025884383,0.00819672131147541,0.1095772217428818
0.825,0.05775862068965517,0.007758620689655172,0.10948275862068965
0.836173001310616,0.05286151157710791,0.007426823940585408,0.10353866317169069
0.8318815331010453,0.05531358885017421,0.004355400696864111,0.10844947735191637
0.8325441239776151,0.05725355144210073,0.005596211795092553,0.10460611278519157
0.8389057750759878,0.056882327399044724,0.005210594876248371,0.09900130264871906
0.8419689119170984,0.055267702936096716,0.006476683937823834,0.096286701208981
0.8397574707665656,0.05456907752273712,0.0073624945864010395,0.09831095712429623
0.8503665373005606,0.0513152220784821,0.00560586459680897,0.09271237602414834
0.8496760259179266,0.054427645788336934,0.004319654427645789,0.09157667386609071
0.8567112645662495,0.05222270176952956,0.0034527406128614588,0.08761329305135952
0.8561555075593953,0.04838012958963283,0.004751619870410367,0.09071274298056156
0.8578219533275713,0.04624027657735523,0.005185825410544511,0.09075194468452895
0.8607868568958064,0.043666234327712924,0.007782101167315175,0.08776480760916558
0.863244176013805,0.04357204486626402,0.009490940465918895,0.08369283865401209
0.8604852686308492,0.04462738301559792,0.00996533795493934,0.08492201039861352
0.8674750974447812,0.042009527934170635,0.007795582503248159,0.08271979211779991
0.8668112798264642,0.04251626898047722,0.0078091106290672455,0.08286334056399132
0.8695652173913043,0.04304778303917348,0.006887645286267757,0.08049935428325442
0.8709677419354839,0.04258064516129032,0.0064516129032258064,0.08
0.8709262435677531,0.043310463121783875,0.006432246998284734,0.07933104631217838
0.8741379310344828,0.045689655172413794,0.0047413793103448275,0.07543103448275862
0.8688946015424165,0.04712939160239932,0.005569837189374464,0.07840616966580977
0.8744625967325881,0.0412725709372313,0.0060189165950128975,0.07824591573516768
0.8826574633304572,0.038395168248490076,0.0060396893874029335,0.0729076790336497
0.8818998716302953,0.036799315361574665,0.007702182284980745,0.07359863072314933
0.8830384117393181,0.03927492447129909,0.005179110919292188,0.07250755287009064
0.8794449262792715,0.04379878577623591,0.005637467476149176,0.07111882046834345
0.8784886217260627,0.0399313009875483,0.0072992700729927005,0.0742808072133963
0.8792436613665664,0.03738719381177482,0.006875805758487323,0.07649333906317146
0.8777777777777778,0.038461538461538464,0.00811965811965812,0.07564102564102564
0.8769824260608658,0.03771967423917703,0.008144020574367767,0.07715387912558937
0.8751625487646294,0.04074555700043346,0.008669267446900737,0.0754226267880364
0.8770421324161651,0.040412725709372314,0.007738607050730868,0.07480653482373173
0.877892030848329,0.03898886032562125,0.006426735218508998,0.0766923736075407
0.8786449399656947,0.03430531732418525,0.007289879931389366,0.0797598627787307
0.8787096774193548,0.036989247311827955,0.005161290322580645,0.07913978494623657
0.8819235723486475,0.0322026620867325,0.007728638900815801,0.0781451266638042
0.8820754716981132,0.03516295025728988,0.007289879931389366,0.07547169811320754
0.8856773080241588,0.03364969801553063,0.007765314926660914,0.0729076790336497
0.8800172637030643,0.03452740612861459,0.007768666378938282,0.07768666378938283
0.8791631084543126,0.034158838599487616,0.007258753202391118,0.07941929974380871
0.8836410476599399,0.0339201373980249,0.005152425933877201,0.07728638900815801
0.8812687526789541,0.03257608229747107,0.006858122588941277,0.07929704243463352
0.8818493150684932,0.036815068493150686,0.003852739726027397,0.07748287671232877
0.88366124893071,0.034644995722840036,0.004704875962360992,0.07698887938408897
0.8810344827586207,0.034482758620689655,0.005172413793103448,0.07931034482758621
0.8828828828828829,0.036036036036036036,0.00429000429000429,0.07679107679107679
0.8779443254817987,0.035546038543897214,0.0029978586723768737,0.0835117773019272
0.8797250859106529,0.03264604810996564,0.00429553264604811,0.08333333333333333
0.8785928785928786,0.035607035607035604,0.005577005577005577,0.08022308022308022
0.8834618680377035,0.03384747215081405,0.003427592116538132,0.0792630676949443
0.8783841856467555,0.035668242372152985,0.004297378599054577,0.08165019338203695
0.8766767633059281,0.03461704889658156,0.006490696668109044,0.08221549112938122
0.8780804150453956,0.0324254215304799,0.00648508430609598,0.08300907911802853
0.8830059777967549,0.033731853116994025,0.006831767719897523,0.07643040136635354
0.8821520068317678,0.03202391118701964,0.007258753202391118,0.07856532877882152
0.8831058020477816,0.033276450511945395,0.008105802047781569,0.07551194539249147
0.8823529411764706,0.0373550880206097,0.006440532417346501,0.0738514383855732
0.8851264466352337,0.03771967423917703,0.006429489927132447,0.07072438919845692
0.8849291541434092,0.035637612709317305,0.008158007728638901,0.07127522541863461
0.8869453924914675,0.03583617747440273,0.006825938566552901,0.0703924914675768
0.8950086058519794,0.03270223752151463,0.006024096385542169,0.06626506024096386
0.8955479452054794,0.03638698630136986,0.0059931506849315065,0.062071917808219176
0.8973695558430358,0.03449762828805519,0.004743423889607589,0.06338939197930142
0.9009515570934256,0.034169550173010384,0.0034602076124567475,0.061418685121107264
0.9004310344827586,0.03620689655172414,0.003017241379310345,0.0603448275862069
0.898334045279795,0.037590773173857325,0.0025630072618539087,0.061512174284493806
0.8991452991452992,0.03803418803418803,0.003418803418803419,0.0594017094017094
0.897732135216089,0.04065040650406504,0.004278990158322636,0.05733846812152332
0.8956819153484396,0.03976058144506199,0.005985463873450192,0.05857203933304831
0.9006849315068494,0.04023972602739726,0.004708904109589041,0.054366438356164386
0.8995744680851064,0.03957446808510638,0.003404255319148936,0.0574468085106383
0.9020442930153322,0.03833049403747871,0.005110732538330494,0.054514480408858604
0.9066381156316916,0.03640256959314775,0.002569593147751606,0.054389721627408995
0.9017094017094017,0.037606837606837605,0.0038461538461538464,0.05683760683760684
0.8968896463570516,0.03792074989348104,0.005965061780997018,0.059224541968470386
0.904639175257732,0.03479381443298969,0.003865979381443299,0.05670103092783505
0.9072164948453608,0.03436426116838488,0.004725085910652921,0.05369415807560137
0.9034863945578231,0.0352891156462585,0.004251700680272109,0.05697278911564626
0.9063313096270599,0.03295750216825672,0.006071118820468344,0.05464006938421509
0.9077522737115634,0.02988306626245128,0.006063230835859679,0.056301429190125596
0.9088172043010753,0.02795698924731183,0.005591397849462366,0.057634408602150536
0.910025706940874,0.028706083976006855,0.006426735218508998,0.054841473864610114
0.9103061664510564,0.028460543337645538,0.00517464424320828,0.056058645968089696
0.910492505353319,0.026980728051391862,0.007708779443254818,0.05481798715203426
0.9096359743040685,0.028265524625267664,0.006852248394004282,0.05524625267665953
0.9095177123346138,0.030303030303030304,0.0076824583866837385,0.052496798975672214
0.9100642398286938,0.02955032119914347,0.008565310492505354,0.05182012847965739
0.9119017365523083,0.028377806014400677,0.009741634900465904,0.049978822532825075
0.9193617938766709,0.02544200086244071,0.009055627425614488,0.046140577835273824
0.9165950128976784,0.023215821152192607,0.007738607050730868,0.052450558899398106
0.9138673557278209,0.020241171403962102,0.0103359173126615,0.05555555555555555
0.9164535379369139,0.021312872975277068,0.00937766410912191,0.05285592497868713
0.9216867469879518,0.020223752151462996,0.008175559380378658,0.04991394148020654
0.9236348122866894,0.02218430034129693,0.005546075085324232,0.04863481228668942
0.9253859348198971,0.01843910806174957,0.005574614065180103,0.05060034305317324
0.9214346712211785,0.019214346712211786,0.009393680614859094,0.04995730145175064
0.927710843373494,0.018502581755593803,0.004302925989672977,0.04948364888123924
0.9242359018510546,0.020232458028411535,0.006026689625484288,0.04950495049504951
0.9234060761660248,0.019255455712451863,0.007274283269148481,0.05006418485237484
0.9281720430107527,0.01806451612903226,0.005161290322580645,0.048602150537634406
0.9331896551724138,0.01767241379310345,0.0034482758620689655,0.045689655172413794
0.931317494600432,0.01900647948164147,0.004751619870410367,0.0449244060475162
0.9271948608137045,0.020556745182012847,0.007280513918629551,0.044967880085653104
0.9304535637149028,0.01900647948164147,0.004751619870410367,0.045788336933045355
0.9301927194860814,0.01670235546038544,0.005139186295503212,0.04796573875802998
0.9287872248597324,0.017263703064307294,0.008200258955545965,0.04574881312041433
0.9300042680324371,0.017498932991890738,0.0076824583866837385,0.04481434058898848
0.9346712211784799,0.014944491887275833,0.008112724167378309,0.042271562766865924
0.9321458863443596,0.01823579304495335,0.006785411365564037,0.04283290924512299
0.9354700854700855,0.01752136752136752,0.005128205128205128,0.04188034188034188
0.9367791542076036,0.015378043571123452,0.0051260145237078175,0.042716787697565144
0.9319349315068494,0.019263698630136987,0.005136986301369863,0.04366438356164384
0.9301927194860814,0.02184154175588865,0.003854389721627409,0.04411134903640257
0.9322691975841243,0.019413287316652286,0.005176876617773943,0.04314063848144953
0.9335634167385677,0.018550474547023296,0.004745470232959448,0.04314063848144953
0.9362975630611372,0.016673792218896963,0.0055579307396323215,0.04147071398033347
0.9373134328358209,0.0162046908315565,0.006396588486140725,0.040085287846481875
0.939562794684955,0.017145306472353194,0.0034290612944706386,0.039862837548221175
0.9411764705882353,0.017476555839727195,0.004262574595055414,0.0370843989769821
0.9368376430690971,0.017804154302670624,0.005086901229334464,0.04027130139889784
0.9368827823100043,0.018033490768570203,0.0055817947617003,0.0395019321597252
0.9354005167958657,0.016795865633074936,0.007321274763135229,0.040482342807924204
0.9325021496130697,0.0176268271711092,0.0060189165950128975,0.043852106620808254
0.9351259069568929,0.019206145966709345,0.00597524541186513,0.03969270166453265
0.9334463755828741,0.01738024586689275,0.007630351844001695,0.04154302670623145
0.9300551080966512,0.019923696481559984,0.0072064434082238235,0.04281475201356507
0.9306803594351734,0.02053915275994865,0.0068463842533162175,0.04193410355156183
0.9352764680668667,0.018859837119588514,0.0042863266180882984,0.041577368195456495
0.9309901414487785,0.018431204457779682,0.005143591941705958,0.04543506215173596
0.937231298366294,0.01633705932932072,0.004729148753224419,0.04170249355116079
0.9347269624573379,0.017064846416382253,0.004266211604095563,0.0439419795221843
0.9316239316239316,0.01752136752136752,0.00641025641025641,0.044444444444444446
0.9317988064791134,0.018329070758738276,0.005967604433077579,0.04390451832907076
0.9305615087869695,0.018859837119588514,0.007286755250750107,0.043291898842691814
0.932282793867121,0.019165247018739354,0.0068143100511073255,0.041737649063032366
0.9294570329200513,0.020094057289439932,0.007695596408721676,0.04275331338178709
0.9289079229122056,0.02184154175588865,0.006423982869379015,0.042826552462526764
0.9286629645450662,0.02007689021785562,0.006407518154634771,0.0448526270824434
0.9270477815699659,0.021331058020477817,0.006825938566552901,0.04479522184300341
0.9271803556308214,0.023708721422523286,0.0059271803556308214,0.04318374259102455
0.9328198545143346,0.019255455712451863,0.005562687205819427,0.04236200256739409
0.9328772979905943,0.017528858486532708,0.0055579307396323215,0.0440359127832407
0.9297042434633519,0.018859837119588514,0.008144020574367767,0.043291898842691814
0.9360691144708423,0.01511879049676026,0.0064794816414686825,0.042332613390928725
0.9363791631084543,0.015371477369769428,0.005977796754910333,0.042271562766865924
0.9321305841924399,0.01718213058419244,0.00816151202749141,0.04252577319587629
0.9296675191815856,0.018329070758738276,0.008098891730605285,0.04390451832907076
0.9321093082835183,0.017079419299743808,0.008539709649871904,0.042271562766865924
0.9348576358930112,0.016824849007765316,0.009490940465918895,0.03882657463330457
0.934931506849315,0.017123287671232876,0.008561643835616438,0.039383561643835614
0.9331619537275064,0.016281062553556127,0.009425878320479864,0.04113110539845758
0.9354561101549054,0.014199655765920827,0.008605851979345954,0.04173838209982788
0.9376601195559351,0.014517506404782237,0.008966695132365499,0.038855678906917164
0.9439413540319103,0.015955153083225527,0.008193186718413108,0.031910306166451054
0.9433801617709664,0.017454235845040442,0.006811409110259685,0.032354193273733504
0.9463749463749463,0.015015015015015015,0.00858000858000858,0.03003003003003003
0.9440860215053763,0.014623655913978495,0.007741935483870968,0.03354838709677419
0.9476818375159507,0.015737983836665248,0.006805614632071459,0.029774564015312633
0.9481354479211316,0.015002143163309044,0.005143591941705958,0.031718816973853405
0.949247311827957,0.014623655913978495,0.005161290322580645,0.03096774193548387
0.9501718213058419,0.01331615120274914,0.006013745704467354,0.03049828178694158
0.9530716723549488,0.015784982935153583,0.0038395904436860067,0.027303754266211604
0.9569663400085215,0.014486578610992756,0.004260758414997869,0.024286322965487855
0.9542148053059478,0.01668806161745828,0.004278990158322636,0.024818142918271287
0.9518123667377398,0.01791044776119403,0.0042643923240938165,0.02601279317697228
0.9503211991434689,0.020556745182012847,0.004282655246252677,0.024839400428265525
0.9502572898799314,0.022727272727272728,0.003430531732418525,0.02358490566037736
0.950381679389313,0.02205258693808312,0.002544529262086514,0.02502120441051739
0.9449851883199323,0.024121878967414304,0.0025391451544646637,0.028353787558188744
0.9428694158075601,0.023625429553264604,0.00429553264604811,0.029209621993127148
0.9425632233176168,0.021431633090441493,0.005143591941705958,0.030861551650235748
0.9402407566638005,0.021926053310404127,0.005588993981083405,0.03224419604471195
0.9394201644309823,0.02077022933794894,0.005625270445694505,0.0341843357853743
0.937125748502994,0.023096663815226688,0.005988023952095809,0.03378956372968349
0.9363519863306279,0.02349423323366083,0.003844510892780863,0.03630926954293037
0.9355251921434671,0.02305721605465414,0.005123825789923143,0.036293766011955594
0.9352764680668667,0.02186026575225032,0.0038576939562794685,0.03900557222460351
0.9344401873137506,0.021285653469561516,0.005108556832694764,0.039165602383993185
0.9346627068307171,0.020364870598218072,0.005515485787017395,0.03945693678404752
0.9374464438731791,0.01970865467009426,0.004712939160239932,0.038131962296486716
0.9388627618640445,0.021376656690893545,0.0055579307396323215,0.034202650705429674
0.937152629328773,0.022659256092347157,0.005130397605814451,0.035057716973065416
0.937231298366294,0.023215821152192607,0.0060189165950128975,0.03353396388650043
0.9311377245508982,0.026090675791274595,0.007271171941830625,0.035500427715996576
0.9362975630611372,0.02394185549380077,0.006840530141085934,0.03292005130397606
0.9320512820512821,0.024786324786324785,0.007264957264957265,0.035897435897435895
0.934819897084048,0.023156089193825044,0.00686106346483705,0.03516295025728988
0.9393680614859095,0.020068317677198976,0.007258753202391118,0.033304867634500426
0.9407502131287298,0.021739130434782608,0.00639386189258312,0.03111679454390452
0.940068493150685,0.019691780821917807,0.00684931506849315,0.03339041095890411
0.9403747870528109,0.018739352640545145,0.004684838160136286,0.036201022146507666
0.9386450788240307,0.020451640391989774,0.005538985939497231,0.035364294844482315
0.9431866723622384,0.02050405809483127,0.0034173430158052115,0.03289192652712516
0.9409515717926933,0.022514868309260833,0.0038232795242141037,0.03271028037383177
0.9397693293464332,0.022212729602733874,0.003844510892780863,0.03417343015805212
0.9382239382239382,0.024024024024024024,0.00429000429000429,0.03346203346203346
0.9378458918688803,0.021285653469561516,0.005534269902085994,0.035334184759472115
0.9335334476843911,0.022727272727272728,0.006003430531732418,0.03773584905660377
0.9352764680668667,0.02186026575225032,0.006858122588941277,0.03600514359194171
0.9291237113402062,0.023195876288659795,0.006013745704467354,0.041666666666666664
0.927149512918255,0.025412960609911054,0.006776789495976281,0.04066073697585769
0.9321888412017167,0.024463519313304722,0.005150214592274678,0.03819742489270386
0.9356076759061833,0.022601279317697228,0.003411513859275053,0.03837953091684435
0.9349766255843603,0.02337441563960901,0.0029749256268593286,0.03867403314917127
0.9335920655454938,0.02242345838723588,0.00517464424320828,0.03880983182406209
0.9387842465753424,0.020976027397260275,0.004280821917808219,0.03595890410958904
0.9430162810625535,0.019280205655526992,0.005141388174807198,0.032562125107112254
0.9408438451500652,0.02044367116137451,0.006524575902566333,0.03218790778599391
0.9393548387096774,0.02021505376344086,0.007311827956989247,0.033118279569892474
0.9381443298969072,0.02276632302405498,0.006872852233676976,0.03221649484536082
0.9433719433719434,0.02059202059202059,0.005577005577005577,0.030459030459030458
0.938977223893425,0.022776106574989255,0.00558659217877095,0.03266007735281478
0.9408993576017131,0.02184154175588865,0.00556745182012848,0.03169164882226981
0.941450997030123,0.021213406873143825,0.008909630886720407,0.028425965210012727
0.9425139425139425,0.022737022737022737,0.006435006435006435,0.028314028314028315
0.9405172413793104,0.02327586206896552,0.00603448275862069,0.03017241379310345
0.9419104991394148,0.02323580034423408,0.004733218588640275,0.030120481927710843
0.9413527397260274,0.02054794520547945,0.004280821917808219,0.033818493150684935
0.9429058372390285,0.017895185342991053,0.005965061780997018,0.033233915636983385
0.9453998280309545,0.016766981943250214,0.004729148753224419,0.03310404127257094
0.9419051687313114,0.018795386586928663,0.006407518154634771,0.03289192652712516
0.9469405220367993,0.014976465554129225,0.006418485237483954,0.031664527171587506
0.9430650684931506,0.012842465753424657,0.008561643835616438,0.03553082191780822
0.9449462365591398,0.012473118279569893,0.01032258064516129,0.03225806451612903
0.9468950749464669,0.015417558886509636,0.007280513918629551,0.030406852248394005
0.9477516059957174,0.015417558886509636,0.006852248394004282,0.029978586723768737
0.9465977605512489,0.015503875968992248,0.007321274763135229,0.0305770887166236
0.9454855195911414,0.017035775127768313,0.007666098807495741,0.029812606473594547
0.9455550829434284,0.01658868566567418,0.005954912803062527,0.031901318587834966
0.9414529914529914,0.019230769230769232,0.00641025641025641,0.03290598290598291
0.9421593830334191,0.019280205655526992,0.005998286203941731,0.032562125107112254
0.9405014874628135,0.018699532511687208,0.005949851253718657,0.03484912877178071
0.9388535031847134,0.018683651804670912,0.006794055201698514,0.035668789808917196
0.9398559932232105,0.0169419737399407,0.007623888182973317,0.035578144853875476
0.9427350427350427,0.016666666666666666,0.007692307692307693,0.03290598290598291
0.9461864406779661,0.015677966101694914,0.006779661016949152,0.03135593220338983
0.9485071397663349,0.015144958892254435,0.006057983556901774,0.03028991778450887
0.9474583511319948,0.014096539940196497,0.006407518154634771,0.032037590773173856
0.9459227467811159,0.014592274678111588,0.005150214592274678,0.034334763948497854
0.9440410081161896,0.014096539940196497,0.004271678769756515,0.037590773173857325
0.9402220324508966,0.016652433817250213,0.005123825789923143,0.038001707941929974
0.9396662387676509,0.01540436456996149,0.004706889174154899,0.04022250748823278
0.9366167023554604,0.016274089935760173,0.003854389721627409,0.043254817987152035
0.9373121511378274,0.016316015457277802,0.0038643194504079004,0.0425075139544869
0.9412515964240102,0.015751383567475522,0.002979991485738612,0.04001702852277565
0.9408486926703815,0.018002571795970854,0.0042863266180882984,0.036862408915559364
0.9394714407502132,0.018329070758738276,0.0038363171355498722,0.03836317135549872
0.9382239382239382,0.018876018876018877,0.003432003432003432,0.039468039468039465
0.9363791631084543,0.019214346712211786,0.005550811272416738,0.038855678906917164
0.9365146996165318,0.019173412867490414,0.006817213463996591,0.03749467405198125
0.9363987967339923,0.021057155135367427,0.006875805758487323,0.035668242372152985
0.9368331199317115,0.01835253947930004,0.006828851899274435,0.03798548868971404
0.939562794684955,0.016716673810544362,0.004714959279897128,0.03900557222460351
0.9396145610278372,0.017558886509635975,0.005139186295503212,0.037687366167023555
0.9380111924235902,0.018510546706844596,0.005596211795092553,0.037882049074472665
0.9381974248927039,0.01759656652360515,0.0038626609442060085,0.04034334763948498
0.9401197604790419,0.017964071856287425,0.00427715996578272,0.037639007698887936
0.9363519863306279,0.01836821870995301,0.005553182400683468,0.03972661255873558
0.9339622641509434,0.019296740994854202,0.006432246998284734,0.04030874785591767
0.9309749784296808,0.02113891285591027,0.004745470232959448,0.04314063848144953
0.9267038148306901,0.018859837119588514,0.006858122588941277,0.04757822546078011
0.9281102023245803,0.019801980198019802,0.004304778303917348,0.04778303917348257
0.9278969957081545,0.02145922746781116,0.004291845493562232,0.0463519313304721
0.9271551724137931,0.020689655172413793,0.00603448275862069,0.046120689655172416
0.9269445638160722,0.021486892995272882,0.003867640739149119,0.047700902449505804
0.9264957264957265,0.020085470085470087,0.005555555555555556,0.04786324786324787
0.9224839400428265,0.021413276231263382,0.006852248394004282,0.04925053533190578
0.9306209850107067,0.020556745182012847,0.005139186295503212,0.0436830835117773
0.9367965367965368,0.01774891774891775,0.0030303030303030303,0.04242424242424243
0.938977223893425,0.017619252256123763,0.0021486892995272885,0.041254834550923936
0.9380606578385305,0.01794105083297736,0.0034173430158052115,0.04058094831268689
0.936480686695279,0.012875536480686695,0.006437768240343348,0.04420600858369099
0.9318374259102455,0.016088060965283656,0.0071972904318374255,0.04487722269263336
0.9324553950722175,0.014018691588785047,0.006372132540356839,0.04715378079864061
0.9336206896551724,0.013362068965517242,0.00646551724137931,0.04655172413793104
0.9362703165098375,0.015397775876817793,0.00641573994867408,0.041916167664670656
0.9316239316239316,0.01452991452991453,0.007264957264957265,0.04658119658119658
0.93071000855432,0.014114627887082978,0.008126603934987169,0.04704875962360992
0.9277777777777778,0.018803418803418803,0.007692307692307693,0.045726495726495724
0.926476838079048,0.019124521886952826,0.008499787505312367,0.045898852528686786
0.928540864356012,0.018827556696619598,0.004706889174154899,0.04792468977321352
0.9330759330759331,0.020163020163020164,0.003003003003003003,0.043758043758043756
0.9335619374196313,0.02186026575225032,0.004714959279897128,0.039862837548221175
0.9339863713798978,0.018313458262350937,0.006388415672913117,0.04131175468483816
0.9343979283556323,0.017695295640914977,0.006473888649115235,0.041432887354337505
0.9342783505154639,0.019329896907216496,0.004725085910652921,0.041666666666666664
0.9348103962505326,0.020025564550489986,0.005965061780997018,0.0391989774179804
0.9347826086956522,0.020460358056265986,0.0038363171355498722,0.04092071611253197
0.9335604770017035,0.020442930153321975,0.0038330494037478705,0.042163543441226574
0.9328772979905943,0.022231722958529286,0.003420265070542967,0.04147071398033347
0.932762312633833,0.020985010706638114,0.002569593147751606,0.0436830835117773
0.9317114810072556,0.02176696542893726,0.0017072129748186087,0.04481434058898848
0.9358588032716315,0.018941024537236333,0.003013344812742144,0.04218682737839001
0.9324266893327667,0.016999575010624733,0.004249893752656183,0.046323841903952404
0.9319931565440548,0.017964071856287425,0.004704875962360992,0.045337895637296836
0.9316531396838957,0.01794105083297736,0.003844510892780863,0.04656129859034601
0.9310197086546701,0.019280205655526992,0.004712939160239932,0.04498714652956298
0.9312123817712812,0.019776440240756664,0.003869303525365434,0.04514187446259673
0.9267446900736888,0.021673168617251843,0.005201560468140442,0.04638058084091894
0.9291541434091884,0.0223271790468012,0.006869901245169601,0.04164877629884071
0.926672384219554,0.024013722126929673,0.006003430531732418,0.043310463121783875
0.928540680154972,0.021954369349978475,0.005596211795092553,0.04390873869995695
0.931063829787234,0.022127659574468085,0.005106382978723404,0.04170212765957447
0.929305912596401,0.019280205655526992,0.00728363324764353,0.044130248500428446
0.9285102739726028,0.019263698630136987,0.007705479452054794,0.04452054794520548
0.924190800681431,0.022998296422487224,0.00596252129471891,0.046848381601362864
0.9256092347156905,0.021376656690893545,0.006412997007268063,0.04660111158614793
0.9235042735042736,0.023076923076923078,0.00641025641025641,0.04700854700854701
0.919723780750971,0.025463962019853258,0.006042296072507553,0.0487699611566681
0.9222842421640189,0.021897810218978103,0.0060111635895234005,0.0498067840274796
0.9234060761660248,0.022250748823277707,0.007274283269148481,0.047068891741549
0.9241320188598371,0.02357479639948564,0.006000857265323617,0.04629232747535362
0.9222222222222223,0.022222222222222223,0.00811965811965812,0.047435897435897434
0.9189884269181312,0.0244320617231033,0.009001285897985427,0.04757822546078011
0.925,0.022844827586206897,0.007758620689655172,0.04439655172413793
0.9264705882352942,0.020761245674740483,0.00865051903114187,0.04411764705882353
0.9265658747300216,0.017710583153347732,0.0064794816414686825,0.049244060475161985
0.9290627687016337,0.0176268271711092,0.006878761822871883,0.046431642304385214
0.9299444681759932,0.0149508756941478,0.009397693293464331,0.0457069628363947
0.9322539412015338,0.016616957818491693,0.007243289305496378,0.04388581167447806
0.9329004329004329,0.01904761904761905,0.005627705627705628,0.04242424242424243
0.9338772005152426,0.017604121940747102,0.0047230571060541005,0.043795620437956206
0.9281744335185977,0.020949123557075674,0.0055579307396323215,0.045318512184694314
0.9310492505353319,0.018843683083511777,0.006852248394004282,0.043254817987152035
0.9268187688334051,0.018941024537236333,0.007318123116659492,0.046922083512699095
0.9290294997862334,0.020521590423257803,0.005985463873450192,0.04446344591705857
0.929757343550447,0.021285653469561516,0.006385696040868455,0.04257130693912303
0.9329896907216495,0.018900343642611683,0.00859106529209622,0.03951890034364261
0.9366438356164384,0.01797945205479452,0.007705479452054794,0.03767123287671233
0.9338737201365188,0.020904436860068258,0.007679180887372013,0.03754266211604096
0.929637526652452,0.022601279317697228,0.008528784648187633,0.039232409381663114
0.927736910428386,0.023366508005192556,0.008221549112938122,0.04067503245348334
0.9271012006861064,0.025728987993138937,0.006003430531732418,0.0411663807890223
0.9320222317229585,0.02394185549380077,0.00470286447199658,0.03933304831124412
0.934819897084048,0.02144082332761578,0.005145797598627788,0.038593481989708404
0.9340232858990944,0.019836136265631736,0.00560586459680897,0.04053471323846486
0.9342442356959864,0.020922288642186166,0.005977796754910333,0.038855678906917164
0.9293966623876765,0.0235344458707745,0.006418485237483954,0.04065040650406504
0.928540864356012,0.02396234488660676,0.00599058622165169,0.04150620453572957
0.9296807592752373,0.025021570319240724,0.006902502157031924,0.038395168248490076
0.9287247745813654,0.024044654358093602,0.008587376556462,0.038643194504079006
0.9311224489795918,0.021683673469387755,0.007653061224489796,0.039540816326530615
0.9333618111917984,0.021785561725758223,0.006834686031610423,0.038017941050832976
0.9376344086021505,0.021505376344086023,0.006021505376344086,0.03483870967741935
0.9378482640377197,0.022288898414059153,0.005572224603514788,0.03429061294470639
0.939186295503212,0.021413276231263382,0.008565310492505354,0.030835117773019272
0.9414029084687767,0.018819503849443968,0.007271171941830625,0.032506415739948676
0.9400603708495041,0.02069857697283312,0.007761966364812419,0.03147908581285037
0.9399308556611927,0.023336214347450302,0.007778738115816767,0.02895419187554019
0.9370719178082192,0.025256849315068493,0.008561643835616438,0.02910958904109589
0.9419245442984315,0.022467147096227214,0.006782534972445952,0.028825773632895294
0.9421097770154374,0.022298456260720412,0.007289879931389366,0.02830188679245283
0.9445619974608549,0.022005924672027083,0.007194244604316547,0.026237833262801522
0.9429058372390285,0.02513847464848743,0.005538985939497231,0.026416702172986792
0.9427595044852627,0.022212729602733874,0.008116189662537377,0.02691157624946604
0.9420042643923241,0.022174840085287847,0.01023454157782516,0.0255863539445629
0.9458653026427962,0.024296675191815855,0.0076726342710997444,0.02216538789428815
0.947726306842329,0.02252443688907777,0.008074798130046749,0.021674458138546536
0.9470740103270223,0.022375215146299483,0.007314974182444062,0.02323580034423408
0.9449658703071673,0.021757679180887373,0.009812286689419795,0.023464163822525596
0.9447300771208226,0.01970865467009426,0.008140531276778063,0.027420736932305057
0.9482242190842961,0.02011125374411639,0.005134788189987163,0.026529738981600343
0.9496157130657558,0.018787361229718188,0.005123825789923143,0.026473099914602904
0.9476843910806175,0.020154373927958835,0.006003430531732418,0.026157804459691254
0.947996589940324,0.01918158567774936,0.005541346973572037,0.027280477408354646
0.948948948948949,0.018447018447018446,0.006006006006006006,0.026598026598026597
0.9474137931034483,0.01767241379310345,0.007758620689655172,0.027155172413793102
0.9477068152593228,0.018002571795970854,0.004714959279897128,0.02957565366480926
0.9469598965071151,0.017248814144027597,0.004743423889607589,0.031047865459249677
0.9499358151476252,0.015832263585793753,0.00599058622165169,0.028241335044929396
0.9485762855928602,0.016999575010624733,0.005099872503187421,0.029324266893327667
0.9502551020408163,0.016581632653061226,0.003401360544217687,0.02976190476190476
0.947996589940324,0.01875532821824382,0.0034100596760443308,0.029838022165387893
0.9458422174840085,0.01833688699360341,0.005543710021321962,0.030277185501066096
0.9476170030055818,0.016316015457277802,0.0047230571060541005,0.0313439244310863
0.9485861182519281,0.016709511568123392,0.0038560411311053984,0.030848329048843187
0.9437768240343347,0.01587982832618026,0.005579399141630901,0.03476394849785408
0.9450879450879451,0.016302016302016303,0.005148005148005148,0.03346203346203346
0.9406961753330468,0.018048990116029222,0.003867640739149119,0.03738719381177482
0.9410760034158838,0.018360375747224593,0.004696840307429547,0.035866780529461996
0.9439212328767124,0.018835616438356163,0.003424657534246575,0.033818493150684935
0.947996589940324,0.016624040920716114,0.0034100596760443308,0.0319693094629156
0.9436379163108455,0.017079419299743808,0.003842869342442357,0.035439795046968404
0.9439728353140917,0.01697792869269949,0.0025466893039049238,0.0365025466893039
0.9436619718309859,0.01579172001707213,0.002987622705932565,0.03755868544600939
0.9436619718309859,0.01792573623559539,0.002134016218523261,0.03627827571489543
0.9445407279029463,0.01993067590987868,0.0030329289428076256,0.03249566724436742
0.9409991386735572,0.018949181739879414,0.004737295434969853,0.03531438415159346
