R,A,S,N
0.0,0.0,0.0,1.0
0.0,0.0,0.3333333333333333,0.6666666666666666
0.4,0.0,0.2,0.4
0.3,0.0,0.4,0.3
0.4,0.0,0.4,0.2
0.35294117647058826,0.058823529411764705,0.4411764705882353,0.14705882352941177
0.3508771929824561,0.03508771929824561,0.42105263157894735,0.19298245614035087
0.34146341463414637,0.04878048780487805,0.3780487804878049,0.23170731707317074
0.3333333333333333,0.04878048780487805,0.3902439024390244,0.22764227642276422
0.3172043010752688,0.06451612903225806,0.3817204301075269,0.23655913978494625
0.3225806451612903,0.06451612903225806,0.3467741935483871,0.2661290322580645
0.31044776119402984,0.06865671641791045,0.34626865671641793,0.2746268656716418
0.28672985781990523,0.07109004739336493,0.33175355450236965,0.3104265402843602
0.25868725868725867,0.08301158301158301,0.3474903474903475,0.3108108108108108
0.24336973478939158,0.0904836193447738,0.34009360374414976,0.32605304212168484
0.23845193508114856,0.09363295880149813,0.3283395755305868,0.33957553058676654
0.23504721930745015,0.09548793284365163,0.3305351521511018,0.3389296956977964
0.2290351668169522,0.09738503155996393,0.33543733092876465,0.3381424706943192
0.2297077922077922,0.09577922077922078,0.32142857142857145,0.3530844155844156
0.21895664952240998,0.09698750918442321,0.32108743570903747,0.3629684055841293
0.22154882154882155,0.10101010101010101,0.3090909090909091,0.36835016835016837
0.21886559802712702,0.09802712700369914,0.3088779284833539,0.37422934648581996
0.2183304144775248,0.09748978400467016,0.3023934617629889,0.38178633975481613
0.21590281612368856,0.09607951408061845,0.311982330204307,0.37603533959138596
0.22002085505735142,0.09280500521376434,0.31178310740354537,0.3753910323253389
0.21948769462581616,0.09794073329984933,0.3078854846810648,0.3746860873932697
0.21981721981721983,0.10149110149110149,0.3063973063973064,0.3722943722943723
0.2216542750929368,0.10687732342007435,0.30808550185873607,0.36338289962825276
0.2198100407055631,0.11623699683401176,0.31298055178652195,0.3509724106739032
0.22628062360801782,0.11714922048997772,0.30334075723830733,0.3532293986636971
0.22369584438549955,0.11803713527851459,0.3015030946065429,0.356763925729443
0.22378854625550662,0.12334801762114538,0.2947136563876652,0.3581497797356828
0.2215884159719175,0.12154453707766565,0.29574374725756913,0.36112329969284773
0.22865988500663423,0.12870411322423705,0.28350287483414416,0.3591331269349845
0.2222222222222222,0.13043478260869565,0.2889767237593325,0.3583662714097497
0.22236842105263158,0.13157894736842105,0.2837719298245614,0.362280701754386
0.22464412811387902,0.1387900355871886,0.2780249110320285,0.3585409252669039
0.2248233215547703,0.13604240282685512,0.2826855123674912,0.35644876325088337
0.22023549934583514,0.13868294810292195,0.28259921500218055,0.3584823375490624
0.22148541114058357,0.14898320070733864,0.27630415561450045,0.3532272325375774
0.22030141843971632,0.14716312056737588,0.27615248226950356,0.35638297872340424
0.22138084632516702,0.14966592427616926,0.26458797327394207,0.3643652561247216
0.22393992932862192,0.15415194346289754,0.2659010600706714,0.35600706713780916
0.2276707530647986,0.15718038528896672,0.2596322241681261,0.3555166374781086
0.2257346393588602,0.1585040071237756,0.25244879786286734,0.3633125556544969
0.23233215547703182,0.15636042402826855,0.25,0.36130742049469966
0.23597506678539626,0.1558325912733749,0.2462154942119323,0.3619768477292965
0.2402482269503546,0.15381205673758866,0.24556737588652483,0.3603723404255319
0.2401592215833702,0.15833701901813357,0.23794781070322865,0.3635559486952676
0.23821989528795812,0.15706806282722513,0.23603839441535776,0.36867364746945896
0.24338624338624337,0.15961199294532627,0.23368606701940034,0.36331569664902996
0.24560632688927944,0.15817223198594024,0.22759226713532513,0.36862917398945516
0.24747252747252746,0.15208791208791209,0.229010989010989,0.37142857142857144
0.24699599465954605,0.15309301290609703,0.22741433021806853,0.3724966622162884
0.24878907970057243,0.1563188022897402,0.22148833113166005,0.3734037868780273
0.2505533421868083,0.15493581230633025,0.2204515272244356,0.37405931828242583
0.24955516014234874,0.15880782918149466,0.21263345195729538,0.3790035587188612
0.25308641975308643,0.15873015873015872,0.21164021164021163,0.3765432098765432
0.25320371188687585,0.15466195315952275,0.21210782147591692,0.3800265134776845
0.2594068171757415,0.15183709606020362,0.2058432934926959,0.382912793271359
0.26292725679228746,0.15074496056091147,0.2007011393514461,0.38562664329535495
0.2657677250978686,0.15006524575902566,0.20400173988690734,0.38016528925619836
0.26704545454545453,0.15122377622377622,0.19755244755244755,0.38417832167832167
0.2732049036777583,0.15192644483362522,0.19133099824868652,0.38353765323992994
0.2736471623405191,0.1548614166300044,0.192696876374835,0.37879454465464146
0.27168141592920353,0.15353982300884955,0.19336283185840708,0.38141592920353984
0.270824247710423,0.15438290449193195,0.1910161360662887,0.3837767117313563
0.27989487516425754,0.15024091108190976,0.1896627244853263,0.38020148926850633
0.28205128205128205,0.15428824049513704,0.17904509283819628,0.38461538461538464
0.2872855257369116,0.15530136383633963,0.18081830180378355,0.37659480862296524
0.28932461873638343,0.15511982570806102,0.18169934640522875,0.3738562091503268
0.2932396839332748,0.16154521510096576,0.17120280948200176,0.3740122914837577
0.29308836395450566,0.15660542432195976,0.1679790026246719,0.38232720909886264
0.29099608525445847,0.16180948238364506,0.16267942583732056,0.3845150065245759
0.29297392841361025,0.16173221387538667,0.15775519222271323,0.38753866548828986
0.29282254513430206,0.16204315279612505,0.15896081021576397,0.3861734918538089
0.2883002207505519,0.1629139072847682,0.15408388520971303,0.39470198675496687
0.28653169014084506,0.1694542253521127,0.15580985915492956,0.3882042253521127
0.2836942112240389,0.17145382235969953,0.15333627927529828,0.3915156871409633
0.27768014059753954,0.17486818980667837,0.15377855887521968,0.3936731107205624
0.2888595332452664,0.1805372082782915,0.14839277851166888,0.38221047996477325
0.28339191564147626,0.18145869947275922,0.15289982425307558,0.38224956063268895
0.2838964458095656,0.18385256691531374,0.14874945151382185,0.3835015357612988
0.283303730017762,0.18561278863232683,0.14786856127886322,0.38321492007104796
0.28811312417145385,0.18824569155987628,0.1444984533804684,0.3791427308882015
0.2944542253521127,0.18882042253521128,0.14084507042253522,0.37588028169014087
0.29277899343544855,0.19693654266958424,0.14310722100656456,0.36717724288840264
0.2902097902097902,0.1993006993006993,0.13898601398601398,0.3715034965034965
0.29432624113475175,0.20035460992907803,0.13874113475177305,0.36657801418439717
0.29393807239424335,0.20279110335804623,0.1378107283035325,0.36546009594417794
0.30141843971631205,0.20124113475177305,0.1356382978723404,0.3617021276595745
0.30423395896988215,0.20296813618507203,0.13443910955914448,0.35835879528590137
0.3041191936897458,0.2046450482033304,0.12971078001752848,0.36152497808939527
0.30793226381461675,0.2014260249554367,0.12923351158645277,0.36140819964349374
0.31326352530541013,0.20636998254799302,0.1243455497382199,0.35602094240837695
0.31150442477876106,0.2084070796460177,0.12389380530973451,0.3561946902654867
0.3163265306122449,0.21428571428571427,0.12156166814551908,0.34782608695652173
0.3229349736379613,0.20913884007029876,0.1234622144112478,0.3444639718804921
0.3224956063268893,0.2069420035149385,0.1256590509666081,0.34490333919156413
0.3212253829321663,0.20787746170678337,0.12385120350109409,0.34704595185995624
0.3142857142857143,0.21186813186813186,0.12307692307692308,0.3507692307692308
0.31492932862190814,0.21113074204946997,0.11793286219081273,0.35600706713780916
0.3190371991247265,0.2100656455142232,0.11728665207877462,0.3536105032822757
0.3130242825607064,0.211037527593819,0.12097130242825607,0.35496688741721855
0.3178984861976848,0.21460373998219057,0.1157613535173642,0.3517364203027605
0.3206713780918728,0.21333922261484098,0.12014134275618374,0.3458480565371025
0.3197339246119734,0.21241685144124167,0.12017738359201774,0.34767184035476717
0.31882145998240985,0.21635883905013192,0.11829375549692173,0.3465259454705365
0.32135028496273566,0.21832529592284086,0.11661551950898728,0.3437088996054362
0.3213186813186813,0.21670329670329672,0.11428571428571428,0.3476923076923077
0.32489082969432315,0.21397379912663755,0.11266375545851529,0.34847161572052404
0.32517482517482516,0.21853146853146854,0.11276223776223776,0.34353146853146854
0.32908051033875935,0.22041355037395513,0.11130664320281566,0.33919929608446986
0.32365875109938436,0.22515391380826738,0.10861917326297274,0.34256816182937555
0.3282409428197294,0.2247926669576604,0.10912265386294194,0.33784373635966825
0.32995147772386413,0.2227613586237318,0.10719011910013233,0.34009704455227174
0.3381138635375924,0.21555845284658845,0.10734463276836158,0.3389830508474576
0.33201232937032144,0.22280933509467196,0.10700132100396301,0.3381770145310436
0.33304119193689746,0.21866783523225242,0.10692375109553023,0.3413672217353199
0.32953049583150507,0.22378236068451074,0.1075032909170689,0.3391838525669153
0.3307257714037375,0.22381573229030857,0.10647544545849631,0.3389830508474576
0.3288091068301226,0.21628721541155868,0.10814360770577934,0.3467600700525394
0.3251318101933216,0.21924428822495606,0.10808435852372583,0.3475395430579965
0.3246119733924612,0.22261640798226165,0.10421286031042129,0.3485587583148559
0.3224669603524229,0.22334801762114537,0.10704845814977973,0.347136563876652
0.3221978021978022,0.2254945054945055,0.10813186813186813,0.34417582417582415
0.3150263620386643,0.22627416520210897,0.10193321616871705,0.35676625659050965
0.3184233835252436,0.22719220549158547,0.10008857395925598,0.354295837023915
0.32699955810870523,0.22713212549712772,0.09942554131683606,0.34644277507733096
0.3264408271007479,0.21953365596128466,0.1007479102507699,0.35327760668719754
0.3242761692650334,0.22494432071269488,0.10066815144766147,0.35011135857461023
0.33318642573821067,0.22168356104010578,0.10092551784927281,0.34420449537241077
0.3299781181619256,0.2210065645514223,0.10328227571115974,0.34573304157549234
0.325354609929078,0.22384751773049646,0.10372340425531915,0.3470744680851064
0.33111111111111113,0.22177777777777777,0.1,0.3471111111111111
0.33054208902600263,0.21771705597179375,0.10136624063464081,0.3503746143675628
0.33522975929978116,0.21925601750547047,0.09715536105032822,0.34835886214442013
0.3334795963141729,0.21851689337428698,0.09916630100921457,0.3488372093023256
0.3211775043936731,0.22144112478031636,0.10413005272407733,0.3532513181019332
0.31876379690949225,0.22560706401766004,0.1055187637969095,0.3501103752759382
0.32316534040671974,0.22811671087533156,0.09946949602122016,0.34924845269672855
0.3216814159292035,0.22256637168141594,0.10044247787610619,0.35530973451327436
0.3242170269078077,0.2192324658138509,0.10410233789148654,0.35244816938685486
0.32587719298245615,0.22236842105263158,0.10263157894736842,0.34912280701754383
0.32774591971768857,0.22408469342743714,0.10145566828407587,0.3467137185707984
0.3260680034873583,0.22319093286835223,0.0976460331299041,0.35309503051438534
0.32694877505567926,0.22538975501113587,0.09487750556792873,0.3527839643652561
0.3232056362835755,0.22280933509467196,0.095112285336856,0.35887274328489654
0.32431233362910383,0.22582076308784382,0.09361135758651287,0.3562555456965395
0.3267888307155323,0.2255671902268761,0.0924956369982548,0.3551483420593368
0.33466666666666667,0.21911111111111112,0.0951111111111111,0.3511111111111111
0.3358143607705779,0.22066549912434325,0.09413309982486866,0.34938704028021017
0.3373440285204991,0.21836007130124777,0.09670231729055258,0.34759358288770054
0.3392070484581498,0.2185022026431718,0.09515418502202644,0.347136563876652
0.3406113537117904,0.211353711790393,0.09737991266375545,0.3506550218340611
0.3414851044908848,0.2089817696754113,0.09604268563806136,0.3534904401956425
0.3469387755102041,0.2111801242236025,0.09804791481810116,0.34383318544809227
0.34598411297440423,0.2118270079435128,0.09664607237422772,0.34554280670785525
0.35210643015521065,0.20532150776053215,0.09534368070953436,0.34722838137472284
0.35312225153913807,0.2009674582233949,0.09586631486367635,0.3500439753737907
0.35883905013192613,0.19832893579595426,0.09542656112576957,0.34740545294635006
0.3562363238512035,0.2013129102844639,0.09540481400437636,0.34704595185995624
0.3504197967300044,0.20282810428634557,0.09942554131683606,0.347326557666814
0.35190097259062775,0.1989389920424403,0.09681697612732096,0.35234305923961096
0.35175438596491226,0.19649122807017544,0.10043859649122808,0.3513157894736842
0.34868421052631576,0.19780701754385965,0.09912280701754386,0.3543859649122807
0.34684883208461875,0.2000881445570736,0.09607756721022477,0.35698545614808286
0.34797891036906853,0.20123022847100175,0.09578207381370826,0.35500878734622143
0.34313295304958313,0.2079859587538394,0.09565598946906538,0.35322509872751207
0.35118525021949076,0.20061457418788411,0.09657594381035997,0.35162423178226515
0.35157618213660247,0.19746059544658495,0.09807355516637478,0.35288966725043786
0.34915106660861994,0.20374401393121463,0.09577710056595559,0.35132781889420983
0.3474199288256228,0.2041814946619217,0.09119217081850534,0.3572064056939502
0.3493546951490877,0.20026702269692923,0.08678237650200267,0.3635959056519804
0.354458041958042,0.19318181818181818,0.09090909090909091,0.36145104895104896
0.35355739851593193,0.19773024879965082,0.08729812309035356,0.3614142295940637
0.3598768147822261,0.1948966124065112,0.08358996920369556,0.3616366036075671
0.36231884057971014,0.1976284584980237,0.08300395256916997,0.3570487483530962
0.357080035180299,0.19700967458223395,0.08047493403693931,0.3654353562005277
0.35152838427947597,0.20262008733624454,0.08078602620087336,0.3650655021834061
0.356763925729443,0.20159151193633953,0.07824933687002653,0.363395225464191
0.3579319487406098,0.20194432169686258,0.08395934600088378,0.3561643835616438
0.3523936170212766,0.20345744680851063,0.08599290780141844,0.35815602836879434
0.36306868867082964,0.19982158786797502,0.08786797502230152,0.34924174843889383
0.35660957400087834,0.20377689942907334,0.08695652173913043,0.3526570048309179
0.35964912280701755,0.2057017543859649,0.09035087719298246,0.3442982456140351
0.35733099209833186,0.2067603160667252,0.09218612818261633,0.3437225636523266
0.3564226216571679,0.20385795703638754,0.09294169224024551,0.346777729066199
0.3578062804068996,0.2043343653250774,0.0950906678460858,0.3427686864219372
0.36272370144041904,0.2016586643387167,0.09428197293758184,0.3413356612832824
0.36351763169351325,0.20417936438833262,0.09534175010883761,0.3369612538093165
0.3606845107503291,0.20447564721369021,0.09828872312417727,0.33655111891180345
0.36283185840707965,0.20530973451327433,0.09646017699115045,0.33539823008849556
0.3670004353504571,0.19851980844579886,0.09925990422289943,0.3352198519808446
0.36108637577916297,0.20169189670525378,0.097506678539626,0.3397150489759573
0.3627450980392157,0.20365418894830659,0.09982174688057041,0.33377896613190733
0.3607929515418502,0.20220264317180617,0.09779735682819383,0.3392070484581498
0.3637172076478435,0.20142285460204534,0.09915518008003557,0.33570475767007557
0.359402460456942,0.20254833040421794,0.09929701230228472,0.3387521968365554
0.3602126716880815,0.20159503766061143,0.09570225963668587,0.34249003101462117
0.363716814159292,0.20221238938053096,0.09734513274336283,0.33672566371681417
0.36120840630472856,0.20052539404553416,0.09676007005253941,0.3415061295971979
0.3563523683045595,0.20628596724214254,0.0934041611332448,0.34395750332005315
0.36271929824561405,0.20482456140350877,0.09210526315789473,0.34035087719298246
0.3631993006993007,0.20541958041958042,0.08916083916083917,0.34222027972027974
0.3629103815439219,0.2054125998225377,0.09094942324755989,0.34072759538598046
0.3615147512109203,0.2038749449581682,0.08674592690444738,0.3478643769264641
0.361646234676007,0.20490367775831875,0.0862521891418564,0.3471978984238179
0.34902309058614567,0.21092362344582594,0.0905861456483126,0.3494671403197158
0.3450110864745011,0.20931263858093127,0.09268292682926829,0.3529933481152993
0.343585237258348,0.2095782073813708,0.09314586994727592,0.35369068541300525
0.33914559721011334,0.2105492589363557,0.09328683522231909,0.35701830863121187
0.33914559721011334,0.2109851787271142,0.08849171752397558,0.36137750653879686
0.3416666666666667,0.21096491228070174,0.08201754385964913,0.3653508771929825
0.33245266402465873,0.21003963011889035,0.08806693086745927,0.36944077498899164
0.33845478489903424,0.2115891132572432,0.09086918349429324,0.35908691834942935
0.33869565217391306,0.21043478260869566,0.08739130434782609,0.3634782608695652
0.33716305788775963,0.21122403888643393,0.0897039328325232,0.36190897039328324
0.3381201044386423,0.20800696257615317,0.08790252393385553,0.365970409051349
0.342386464826358,0.21104185218165628,0.08637577916295637,0.3601959038290294
0.3423144876325088,0.21201413427561838,0.08657243816254417,0.3590989399293286
0.3442333186036235,0.21431727794962438,0.0830755634114008,0.3583738400353513
0.35070052539404556,0.21628721541155868,0.0840630472854641,0.3489492119089317
0.352603706972639,0.2113857016769638,0.08473080317740513,0.35127978817299205
0.3552106430155211,0.21019955654101996,0.08248337028824834,0.35210643015521065
0.35127978817299205,0.2087378640776699,0.08384819064430715,0.3561341571050309
0.3387953941541187,0.21567759078830823,0.08680248007085917,0.3587245349867139
0.3462384513858337,0.21249450065992082,0.08490981082270127,0.3563572371315442
0.34447866256049275,0.21425428948526176,0.08886933567971843,0.35239771227452704
0.34576568670469504,0.2132514260640632,0.09126810004387889,0.3497147871873629
0.3485513608428446,0.21246707638279191,0.09086918349429324,0.3481123792800702
0.3486640385457731,0.21287779237844942,0.09154621112571178,0.3469119579500657
0.34434169969176576,0.21312197269925143,0.09335094671950682,0.349185380889476
0.3478070175438597,0.21578947368421053,0.0956140350877193,0.34078947368421053
0.347922192749779,0.21662245800176835,0.09549071618037135,0.33996463306808133
0.35244444444444445,0.21422222222222223,0.09244444444444444,0.3408888888888889
0.34765453748355984,0.21657167908811925,0.0916264796142043,0.3441473038141166
0.34275618374558303,0.21643109540636044,0.09363957597173145,0.3471731448763251
0.34517543859649125,0.22105263157894736,0.09385964912280702,0.3399122807017544
0.3434343434343434,0.21651295564339043,0.09398331137461573,0.34606938954765043
0.34615384615384615,0.21750663129973474,0.09062776304155615,0.34571175950486294
0.3498683055311677,0.2177348551360843,0.09043020193151888,0.3419666374012291
0.3497147871873629,0.21851689337428698,0.09346204475647214,0.338306274681878
0.3428196147110333,0.22635726795096323,0.09369527145359019,0.3371278458844133
0.34286971830985913,0.22931338028169015,0.09022887323943662,0.33758802816901406
0.3408289241622575,0.22354497354497355,0.09259259259259259,0.3430335097001764
0.34299516908212563,0.2222222222222222,0.08871321914800176,0.34606938954765043
0.3407177669472751,0.22419140451927339,0.0872840053167922,0.3478068232166593
0.34520668425681617,0.22295514511873352,0.08355321020228672,0.3482849604221636
0.34362593736215263,0.22143802382002647,0.08337009263343625,0.35156594618438464
0.35083848190644307,0.2237422771403354,0.0820829655781112,0.3433362753751103
0.35247349823321555,0.21908127208480566,0.08171378091872791,0.3467314487632509
0.3543411194358748,0.21903922432789774,0.08505949757602468,0.34156015866020273
0.34765453748355984,0.2227093380096449,0.08066637439719421,0.3489697501096011
0.3501103752759382,0.2185430463576159,0.08167770419426049,0.34966887417218545
0.3448123620309051,0.22075055187637968,0.08785871964679912,0.3465783664459161
0.3447669305189094,0.22119613016710643,0.08663148636763413,0.34740545294635006
0.3494081543182815,0.21832529592284086,0.08680403331871986,0.34546251644015785
0.3514699429574375,0.21763931548924967,0.0868802106186924,0.3440105309346205
0.34997809899255367,0.21681997371879105,0.08804204993429698,0.3451598773543583
0.3460192475940507,0.21916010498687663,0.08748906386701662,0.347331583552056
0.3471479500891266,0.22593582887700533,0.08467023172905526,0.3422459893048128
0.35070052539404556,0.22066549912434325,0.08493870402802102,0.3436952714535902
0.3478070175438597,0.22456140350877193,0.08771929824561403,0.3399122807017544
0.3491644678979771,0.2185576077396658,0.08839050131926121,0.3438874230430959
0.34845814977973566,0.21806167400881057,0.08898678414096917,0.34449339207048457
0.34299516908212563,0.22002635046113306,0.08915239350021958,0.34782608695652173
0.34738691260430393,0.22090469916556874,0.09134826526130874,0.3403601229688186
0.3431458699472759,0.2157293497363796,0.09270650263620386,0.3484182776801406
0.3441241685144124,0.21241685144124167,0.09090909090909091,0.352549889135255
0.34502411223147744,0.2099956159579132,0.08899605436212188,0.3559842174484875
0.354924578527063,0.21384205856255545,0.08828748890860692,0.3429458740017746
0.3518356643356643,0.21241258741258742,0.08566433566433566,0.3500874125874126
0.3492063492063492,0.2156084656084656,0.08333333333333333,0.35185185185185186
0.3549517966695881,0.20946538124452235,0.08501314636283962,0.35056967572305
0.35575221238938054,0.21371681415929203,0.08716814159292036,0.3433628318584071
0.3516483516483517,0.21714285714285714,0.08615384615384615,0.34505494505494505
0.34853134590092066,0.21131082858395442,0.08461201227531784,0.3555458132398071
0.34656084656084657,0.21296296296296297,0.0855379188712522,0.3549382716049383
0.34801762114537443,0.21233480176211453,0.08722466960352424,0.3524229074889868
0.34721613327487943,0.2091188075405524,0.09074967119684349,0.3529153879877247
0.34470536109880373,0.20558263181214,0.09260079751883031,0.35711120957022596
0.33979726751873074,0.20802115469369767,0.09343323049801674,0.35874834728955485
0.3439824945295405,0.21050328227571116,0.0936542669584245,0.3518599562363239
0.3476357267950963,0.20577933450087565,0.09413309982486866,0.3524518388791594
0.34951456310679613,0.20653133274492497,0.09223300970873786,0.351721094439541
0.34736375719982276,0.2060256978289765,0.09481612760301285,0.35179441736818784
0.34464521815777877,0.20493609519612163,0.09960334949316879,0.3508153371529308
0.3597185576077397,0.2009674582233949,0.09542656112576957,0.3438874230430959
0.3526570048309179,0.2103645147123408,0.08915239350021958,0.34782608695652173
0.35609103078982596,0.2110664881749219,0.09058456046407853,0.3422579205711736
0.3554295682511993,0.21631051024858264,0.08940252943741823,0.3388573920627998
0.3548812664907652,0.21723834652594548,0.09102902374670185,0.3368513632365875
0.35188431200701137,0.22042068361086767,0.0950920245398773,0.33260297984224363
0.3579223046704496,0.21649934526407683,0.09122653862941947,0.33435181143605414
0.35443037974683544,0.2221737232649498,0.0894805761676124,0.3339153208206024
0.3562860950688583,0.2199022656597068,0.09284762327854287,0.33096401599289205
0.35864793678665496,0.218612818261633,0.09043020193151888,0.33230904302019315
0.36096491228070177,0.21271929824561403,0.09078947368421053,0.3355263157894737
0.3634380453752182,0.21771378708551484,0.08376963350785341,0.33507853403141363
0.3611111111111111,0.21825396825396826,0.08245149911816578,0.33818342151675485
0.3595059550066167,0.21570357300397,0.08160564622849581,0.3431848257609175
0.36323658751099386,0.21240105540897097,0.07959542656112577,0.3447669305189094
0.36280087527352295,0.2161925601750547,0.07789934354485777,0.34310722100656454
0.36086572438162545,0.21908127208480566,0.07022968197879859,0.3498233215547703
0.3618796662274923,0.22090469916556874,0.06851119894598155,0.3487044356609574
0.36444051304732417,0.21892967713401149,0.06899601946041574,0.34763379035824854
0.3716157205240175,0.21746724890829694,0.06812227074235808,0.34279475982532753
0.3733981440565621,0.21520106053910737,0.07423773751657092,0.33716305788775963
0.3655961284645842,0.21601407831060274,0.07611086669599648,0.34227892652881653
0.36753246753246754,0.21558441558441557,0.07835497835497836,0.3385281385281385
0.3732981993851559,0.21299956082564778,0.07685551163812034,0.33684672815107597
0.37105263157894736,0.21359649122807017,0.07719298245614035,0.3381578947368421
0.3722563652326602,0.21246707638279191,0.07726075504828797,0.33801580333625986
0.3687912087912088,0.20923076923076922,0.07824175824175825,0.34373626373626376
0.3673289183222958,0.2141280353200883,0.07902869757174392,0.33951434878587194
0.36662286465177396,0.21638195356986423,0.07665352606219886,0.3403416557161629
0.36045997346306946,0.21671826625386997,0.07739938080495357,0.34542237947810706
0.368398079441292,0.2138804015713662,0.0772588389349629,0.3404626800523789
0.36467991169977926,0.2163355408388521,0.07858719646799117,0.3403973509933775
0.3586666666666667,0.22,0.08266666666666667,0.33866666666666667
0.3600705156456589,0.21815777875716175,0.08109299250771265,0.34067871308946673
0.361646234676007,0.22373029772329248,0.07749562171628721,0.3371278458844133
0.35968379446640314,0.2178304787000439,0.08036890645586298,0.3421168203776899
0.35363716038562665,0.21998247151621383,0.07975460122699386,0.34662576687116564
0.35553595059550064,0.2161446846052051,0.0811645346272607,0.3471548301720335
0.350587211831231,0.21966072205306655,0.0822096563723358,0.3475424097433667
0.3573928258967629,0.21609798775153105,0.08223972003499562,0.3442694663167104
0.3560739436619718,0.22315140845070422,0.07922535211267606,0.3415492957746479
0.3522727272727273,0.2202797202797203,0.07823426573426573,0.3492132867132867
0.3575517393218846,0.22104799647732276,0.07749889916336415,0.34390136503742846
0.35550660792951544,0.22070484581497798,0.07885462555066079,0.3449339207048458
0.35530973451327436,0.21814159292035398,0.08008849557522124,0.34646017699115045
0.3473451327433628,0.22300884955752212,0.08141592920353982,0.34823008849557524
0.34647393780113883,0.22733245729303547,0.07840560665790626,0.3477879982479194
0.3459009206488382,0.22314774221832528,0.0784743533537922,0.3524769837790443
0.34242957746478875,0.2227112676056338,0.08098591549295775,0.3538732394366197
0.34938704028021017,0.22066549912434325,0.07924693520140105,0.35070052539404556
0.34725274725274724,0.22373626373626374,0.08131868131868132,0.3476923076923077
0.3521873619089704,0.22182942996022978,0.08130799823243483,0.344675209898365
0.3527580071174377,0.22019572953736655,0.0791814946619217,0.34786476868327404
0.36086572438162545,0.21113074204946997,0.07906360424028269,0.3489399293286219
0.3634759594177327,0.21349801499779444,0.08204675782973092,0.34097926775474197
0.36295971978984237,0.21322241681260945,0.0796847635726795,0.34413309982486867
0.3660360756709195,0.21249450065992082,0.08139023317201936,0.34007919049714036
0.36363636363636365,0.2088691796008869,0.08425720620842572,0.34323725055432375
0.36427320490367776,0.212784588441331,0.08537653239929947,0.3375656742556918
0.36093888396811336,0.21966341895482727,0.0845881310894597,0.33480956598759964
0.3551074090311267,0.21876370013152127,0.08154318281455503,0.34458570802279703
0.35139937805419813,0.22123500666370502,0.08396268325188805,0.3434029320302088
0.3523475208424748,0.2250987275120667,0.08336989907854322,0.3391838525669153
0.347922192749779,0.22590627763041557,0.08620689655172414,0.33996463306808133
0.3446623093681917,0.22875816993464052,0.08627450980392157,0.34030501089324616
0.34527972027972026,0.22465034965034966,0.08522727272727272,0.34484265734265734
0.34680284191829486,0.22246891651865008,0.08792184724689166,0.3428063943161634
0.3493603881782091,0.2227613586237318,0.08513453903837671,0.3427437141596824
0.35247349823321555,0.21775618374558303,0.08657243816254417,0.34319787985865724
0.3518763796909492,0.22119205298013245,0.08653421633554084,0.3403973509933775
0.35270629991126884,0.22138420585625554,0.09183673469387756,0.33407275953859805
0.35808435852372583,0.22451669595782073,0.0913884007029877,0.3260105448154657
0.3580301685891748,0.2222715173025732,0.09006211180124224,0.32963620230700974
0.3584905660377358,0.2233435717419921,0.08731899956121106,0.330846862659061
0.3611479028697572,0.2229580573951435,0.08344370860927153,0.33245033112582784
0.3601937472479084,0.22413033905768384,0.08278291501541171,0.332892998678996
0.35798687089715536,0.23282275711159736,0.08052516411378556,0.32866520787746173
0.356763925729443,0.2413793103448276,0.08001768346595933,0.3218390804597701
0.35568383658969804,0.23490230905861456,0.08126110124333925,0.3281527531083481
0.3564794338788147,0.23396727111897392,0.08182220256523662,0.3277310924369748
0.3476923076923077,0.23648351648351648,0.08527472527472528,0.33054945054945056
0.3439824945295405,0.23676148796498905,0.08271334792122538,0.33654266958424506
0.3475208424747696,0.23255813953488372,0.08117595436594997,0.33874506362439666
0.34907325684024715,0.235216240070609,0.07811120917917035,0.3375992939099735
0.3447069116360455,0.23972003499562555,0.07917760279965004,0.3363954505686789
0.34377758164165934,0.2418358340688438,0.08031774051191527,0.3340688437775816
0.3438874230430959,0.23966578715919085,0.08267370272647317,0.3337730870712401
0.3465783664459161,0.24503311258278146,0.0847682119205298,0.3236203090507726
0.34030501089324616,0.2466230936819172,0.08714596949891068,0.32592592592592595
0.34129089301503096,0.24491600353669318,0.08709106984969053,0.3267020335985853
0.34249003101462117,0.2405848471422242,0.08684093929995569,0.33008418254319893
0.3442838370565046,0.24310118265440211,0.08453788874288218,0.3280770915462111
0.3405923344947735,0.25043554006968644,0.08405923344947736,0.3249128919860627
0.33479982402111746,0.2556093268807743,0.07787065552133744,0.3317201935767708
0.3384615384615385,0.2549450549450549,0.07648351648351648,0.3301098901098901
0.33465259454705365,0.2541776605101143,0.07695690413368514,0.33421284080914687
0.33644444444444443,0.25244444444444447,0.07466666666666667,0.33644444444444443
0.33644030181979584,0.255659121171771,0.06879715934309809,0.3391034176653351
0.33567046450482035,0.2563540753724803,0.06923751095530237,0.338737949167397
0.33758802816901406,0.2557218309859155,0.06910211267605634,0.33758802816901406
0.3432704953967558,0.2529592284085927,0.07277509864094696,0.3309951775537045
0.33992094861660077,0.2577953447518665,0.07026789635485288,0.33201581027667987
0.3390576838397182,0.26420079260237783,0.07001321003963012,0.32672831351827386
0.3447368421052632,0.25701754385964914,0.07149122807017544,0.3267543859649123
0.3446153846153846,0.26153846153846155,0.06901098901098901,0.32483516483516484
0.34009704455227174,0.2655491839435377,0.06793118659020732,0.32642258491398324
0.3406400701446734,0.26435773783428324,0.06751424813678211,0.3274879438842613
0.3408289241622575,0.25925925925925924,0.06701940035273368,0.33289241622574955
0.3409893992932862,0.2623674911660777,0.07022968197879859,0.32641342756183744
0.34205933682373474,0.26221640488656195,0.07242582897033159,0.32329842931937175
0.33957335655202436,0.261645624727906,0.07357422725293862,0.32520679146713105
0.33903508771929824,0.26228070175438595,0.07368421052631578,0.325
0.33274100399822304,0.26388271879164815,0.07507774322523322,0.3282985339848956
0.33112874779541446,0.26851851851851855,0.0736331569664903,0.32671957671957674
0.32877919788453064,0.2657558395769061,0.0753635962979286,0.33010136624063463
0.3230225364560318,0.2695536897923111,0.07379584622182943,0.3336279275298277
0.32763157894736844,0.2692982456140351,0.07280701754385965,0.33026315789473687
0.32608695652173914,0.27043478260869563,0.07130434782608695,0.33217391304347826
0.3272646536412078,0.2713143872113677,0.06882770870337478,0.33259325044404975
0.32398071021481806,0.27093380096448927,0.07102148180622533,0.3340640070144673
0.3258673693456302,0.2683355292050944,0.07202459376372419,0.33377250768555117
0.3242530755711775,0.26537785588752194,0.07557117750439367,0.3347978910369069
0.3324514991181658,0.2605820105820106,0.07671957671957672,0.33024691358024694
0.3336252189141856,0.2618213660245184,0.07574430823117338,0.3288091068301226
0.32994250331711633,0.26271561256081377,0.07607253427686864,0.33126934984520123
0.3216348289649045,0.2665482007996446,0.0790759662372279,0.33274100399822304
0.3228241563055062,0.272202486678508,0.07859680284191829,0.32637655417406747
0.31929046563192903,0.27405764966740576,0.07893569844789357,0.3277161862527716
0.3227931488801054,0.27009222661396576,0.07685551163812034,0.3302591128678085
0.3224669603524229,0.2748898678414097,0.07885462555066079,0.3237885462555066
0.31904551480335835,0.273972602739726,0.08130799823243483,0.3256738842244808
0.3211935059236507,0.2711715664765248,0.08073716542343133,0.32689776217639316
0.3211292456991619,0.27128363475959416,0.08204675782973092,0.325540361711513
0.32295373665480426,0.27268683274021355,0.08051601423487545,0.3238434163701068
0.3167181296868108,0.27525363917071016,0.07984119982355536,0.3281870313189237
0.31448763250883394,0.27296819787985865,0.07906360424028269,0.3334805653710247
0.31555555555555553,0.272,0.07866666666666666,0.3337777777777778
0.31288614298323036,0.27184466019417475,0.0820829655781112,0.33318623124448365
0.3136998254799302,0.268760907504363,0.08071553228621292,0.3368237347294939
0.325642141924249,0.2716586852416195,0.07879843273835438,0.3239007400957771
0.3252534156015866,0.2750110180696342,0.07668576465403261,0.32304980167474656
0.32380114386273645,0.27188737351517817,0.07787065552133744,0.3264408271007479
0.32149122807017544,0.27324561403508774,0.08114035087719298,0.32412280701754387
0.3280770915462111,0.27376259307928164,0.07971966710468681,0.31844064826982044
0.3285528031290743,0.2737940026075619,0.07953063885267275,0.318122555410691
0.32702464788732394,0.2772887323943662,0.07966549295774648,0.3160211267605634
0.3237885462555066,0.28149779735682817,0.07797356828193833,0.31674008810572685
0.3279120879120879,0.28527472527472525,0.07560439560439561,0.3112087912087912
0.3321554770318021,0.2831272084805654,0.07862190812720848,0.30609540636042404
0.3290748898678414,0.2872246696035242,0.07753303964757709,0.30616740088105726
0.3215377894276977,0.290083005679336,0.07688947138488422,0.3114897335080821
0.3205467372134039,0.2940917107583774,0.07936507936507936,0.30599647266313934
0.3196286472148541,0.29133510167992926,0.07692307692307693,0.3121131741821397
0.32459589340323286,0.28658802970729574,0.07688947138488422,0.3119266055045872
0.33054208902600263,0.2838254737769943,0.07844865579550463,0.30718378140149843
0.3304157549234136,0.28096280087527353,0.07833698030634573,0.31028446389496717
0.32588699080157685,0.2855891371003066,0.07402540516863776,0.31449846692947875
0.324715162138475,0.27957931638913236,0.07800175284837861,0.317703768624014
0.3302387267904509,0.28205128205128205,0.08045977011494253,0.3072502210433245
0.3267020335985853,0.2807250221043324,0.07869142351900972,0.3138815207780725
0.33582417582417584,0.2778021978021978,0.07824175824175825,0.30813186813186816
0.33068432671081677,0.27549668874172184,0.08123620309050773,0.3125827814569536
0.3327449249779347,0.2758164165931156,0.08075904677846425,0.3106796116504854
0.3409691629955947,0.2709251101321586,0.07973568281938326,0.30837004405286345
0.3391915641476274,0.2741652021089631,0.08172231985940245,0.30492091388400705
0.34406704896338774,0.2730480811645346,0.08292898103220114,0.2999558888398765
0.3421168203776899,0.27184892402283706,0.08168642951251646,0.30434782608695654
0.34649122807017546,0.26842105263157895,0.08070175438596491,0.3043859649122807
0.3427437141596824,0.27525363917071016,0.07984119982355536,0.30216144684605206
0.33966431095406363,0.2773851590106007,0.08215547703180212,0.30079505300353354
0.33644030181979584,0.28273413226808697,0.08033732800710164,0.30048823790501555
0.34053815615350685,0.286281429201588,0.08028231142479048,0.29289810322011467
0.3442694663167104,0.2878390201224847,0.08092738407699038,0.2869641294838145
0.34156015866020273,0.28338475099162624,0.08461877479065667,0.2904363155575143
0.33938053097345133,0.2867256637168142,0.084070796460177,0.28982300884955753
0.3442838370565046,0.2842750766535261,0.08409986859395532,0.287341217696014
0.343205574912892,0.27961672473867594,0.08797909407665505,0.289198606271777
0.345558992487848,0.2819266460450729,0.08749447635881573,0.28501988510826337
0.3451641526175688,0.2826086956521739,0.08518189884649512,0.2870452528837622
0.34984655852696184,0.28277071459886016,0.08680403331871986,0.2805786935554581
0.3565179352580927,0.28346456692913385,0.08792650918635171,0.27209098862642167
0.3598768147822261,0.278926528816542,0.08930928288605368,0.27188737351517817
0.35446939674152356,0.28797886393659183,0.08850726552179657,0.26904447380008806
0.34884751773049644,0.28812056737588654,0.09086879432624113,0.2721631205673759
0.34929078014184395,0.2841312056737589,0.09086879432624113,0.27570921985815605
0.3502673796791444,0.2820855614973262,0.0873440285204991,0.2803030303030303
0.34803705337450375,0.28804587560652845,0.08204675782973092,0.2818703131892369
0.3559842174484875,0.28452433143358175,0.08022797018851381,0.27926348092941694
0.36043956043956044,0.28395604395604396,0.08131868131868132,0.2742857142857143
0.3574279379157428,0.28736141906873613,0.08248337028824834,0.2727272727272727
0.35403726708074534,0.28926353149955636,0.07985803016858918,0.27684117125110913
0.3580960854092527,0.28870106761565834,0.0791814946619217,0.27402135231316727
0.35072336694432266,0.29504603244191147,0.0784743533537922,0.2757562472599737
0.35571365051133835,0.2894619831036016,0.07914628723877279,0.2756780791462872
0.35799734160389896,0.28887904297740363,0.07797961896322551,0.2751439964554719
0.35231316725978645,0.2846975088967972,0.08051601423487545,0.28247330960854095
0.3495827843653931,0.29117259552042163,0.07992973210364515,0.27931488801054016
0.34610303830911493,0.2906208718626156,0.08234258036107442,0.2809335094671951
0.33858957512045557,0.3004818221638195,0.08190976784932107,0.27901883486640383
0.33819628647214856,0.29973474801061006,0.08311229000884174,0.27895667550839964
0.3350808213193534,0.3010048055919616,0.08213193534294452,0.2817824377457405
0.33478639930252835,0.3020924149956408,0.08456843940714909,0.2785527462946818
0.3364156759136944,0.29326287978863935,0.08850726552179657,0.2818141787758697
0.339396628216504,0.29281277728482696,0.08473824312333629,0.28305235137533274
0.341019955654102,0.2864745011086475,0.0811529933481153,0.2913525498891353
0.3430206957287539,0.2866578599735799,0.08234258036107442,0.28797886393659183
0.34890829694323144,0.2842794759825327,0.0777292576419214,0.28908296943231443
0.34736375719982276,0.28178998670801947,0.08196721311475409,0.28887904297740363
0.3511248345831495,0.2853992059991178,0.0811645346272607,0.282311424790472
0.35502434705621955,0.28508189464364764,0.07835325365205843,0.2815405046480744
0.35417597141581064,0.2836087539079946,0.08307280035730237,0.2791424743188924
0.35057983942908116,0.288135593220339,0.07983942908117753,0.2814451382694023
0.3590648434053816,0.2814292015880018,0.0811645346272607,0.278341420379356
0.3556521739130435,0.29043478260869565,0.07956521739130434,0.2743478260869565
0.3605769230769231,0.28015734265734266,0.08085664335664336,0.2784090909090909
0.35770925110132157,0.2779735682819383,0.08502202643171806,0.27929515418502204
0.3528640139921294,0.2719720157411456,0.08832531700918234,0.28683865325754265
0.36268068331143233,0.2715724923346474,0.08804204993429698,0.2777047744196233
0.3597185576077397,0.2678100263852243,0.08883025505716799,0.2836411609498681
0.3632778264680105,0.26555652936021035,0.08588957055214724,0.2852760736196319
0.35459744830620327,0.2688077430708315,0.09062912450505939,0.28596568411790585
0.35110132158590307,0.2740088105726872,0.08986784140969163,0.28502202643171803
0.3530189510797708,0.27589246364037023,0.09122961657117673,0.27985896870868227
0.3560804899387577,0.2699037620297463,0.09011373578302712,0.28390201224846895
0.35485287659200704,0.2722880983750549,0.0878348704435661,0.28502415458937197
0.3508225878168075,0.27523343708314807,0.0920409070698088,0.2819030680302357
0.3526570048309179,0.27053140096618356,0.09046991655687307,0.28634167764602547
