R,A,S,N
0.0,1.0,0.0,0.0
0.0,1.0,0.0,0.0
0.0,0.7142857142857143,0.0,0.2857142857142857
0.0,0.6666666666666666,0.16666666666666666,0.16666666666666666
0.0,0.6,0.2,0.2
0.06896551724137931,0.5172413793103449,0.1724137931034483,0.2413793103448276
0.13636363636363635,0.45454545454545453,0.13636363636363635,0.2727272727272727
0.1746031746031746,0.4603174603174603,0.12698412698412698,0.23809523809523808
0.21951219512195122,0.45121951219512196,0.10975609756097561,0.21951219512195122
0.25,0.4396551724137931,0.12931034482758622,0.1810344827586207
0.2638888888888889,0.4166666666666667,0.125,0.19444444444444445
0.292817679558011,0.40331491712707185,0.1270718232044199,0.17679558011049723
0.3103448275862069,0.3793103448275862,0.14224137931034483,0.16810344827586207
0.3254237288135593,0.36271186440677966,0.15932203389830507,0.15254237288135594
0.3265895953757225,0.34971098265895956,0.1676300578034682,0.15606936416184972
0.3325242718446602,0.3325242718446602,0.1796116504854369,0.1553398058252427
0.3319587628865979,0.31958762886597936,0.19381443298969073,0.15463917525773196
0.3391003460207612,0.3096885813148789,0.19550173010380623,0.15570934256055363
0.34776119402985073,0.2955223880597015,0.1865671641791045,0.1701492537313433
0.3634085213032581,0.2857142857142857,0.18170426065162906,0.16917293233082706
0.35665914221218964,0.28893905191873587,0.18397291196388263,0.17042889390519186
0.3603960396039604,0.299009900990099,0.18217821782178217,0.15841584158415842
0.3546354635463546,0.2952295229522952,0.19441944194419442,0.1557155715571557
0.3581589958158996,0.2928870292887029,0.19246861924686193,0.15648535564853555
0.3542600896860987,0.2937219730941704,0.19282511210762332,0.1591928251121076
0.35065835065835066,0.2875952875952876,0.19542619542619544,0.16632016632016633
0.35411311053984573,0.28727506426735216,0.1953727506426735,0.16323907455012854
0.3478787878787879,0.29757575757575755,0.2,0.15454545454545454
0.3435158501440922,0.28933717579250723,0.20864553314121037,0.1585014409221902
0.3469055374592834,0.2763300760043431,0.21281216069489686,0.16395222584147665
0.3589876033057851,0.27582644628099173,0.20867768595041322,0.1565082644628099
0.34972403411941794,0.2809834420471651,0.20822880080280984,0.16106372303060712
0.3546511627906977,0.2713178294573643,0.20930232558139536,0.16472868217054262
0.3674046161092793,0.26142251530852567,0.20301460197833254,0.16815826660386246
0.3683241252302026,0.25736648250460403,0.2085635359116022,0.16574585635359115
0.36701883325677537,0.25585668350941665,0.20762517225539734,0.16949931097841064
0.3723599632690542,0.25114784205693297,0.20293847566574838,0.17355371900826447
0.3774442928603911,0.25602546612096405,0.197362437471578,0.16916780354706684
0.37460027409776153,0.25719506624029237,0.20328917313841938,0.16491548652352672
0.38190954773869346,0.24897213339424396,0.19735038830516216,0.1717679305619004
0.3751699139102855,0.2523787947439964,0.19664703217036703,0.17580425917535117
0.3822992700729927,0.24726277372262773,0.19616788321167883,0.17427007299270073
0.38426349496797807,0.24702653247941445,0.19853613906678866,0.17017383348581885
0.38628994905048636,0.2445576655859194,0.19731357109773043,0.17183881426586384
0.3943145346171481,0.24392480513525905,0.19669876203576342,0.16506189821182943
0.4029438822447102,0.23827046918123276,0.19273229070837167,0.16605335786568537
0.40629213483146065,0.23730337078651687,0.19280898876404495,0.16359550561797753
0.41243194192377497,0.23139745916515425,0.19192377495462795,0.16424682395644283
0.4100456621004566,0.2356164383561644,0.1872146118721461,0.16712328767123288
0.40650779101741524,0.2314390467461045,0.19110907424381302,0.17094408799266728
0.41286496350364965,0.23175182481751824,0.19251824817518248,0.16286496350364962
0.4161378059836809,0.23209428830462375,0.18313689936536717,0.1686310063463282
0.42369020501138954,0.22779043280182232,0.17904328018223234,0.1694760820045558
0.4342701722574796,0.2216681776971895,0.17497733454215775,0.16908431550317315
0.4443438914027149,0.216289592760181,0.17194570135746606,0.167420814479638
0.4343115124153499,0.22257336343115125,0.17697516930022572,0.16613995485327313
0.4394416929311121,0.2179198559207564,0.17469608284556506,0.16794236830256642
0.44778126400717166,0.212012550425818,0.17301658449125953,0.1671896010757508
0.447202166064982,0.21525270758122744,0.17148014440433212,0.16606498194945848
0.45280498664292074,0.21326803205699021,0.1674087266251113,0.16651825467497774
0.45315315315315313,0.20945945945945946,0.17162162162162162,0.16576576576576577
0.4495246717971933,0.20869171570846537,0.17247623358985967,0.16930737890448166
0.45094509450945097,0.20927092709270928,0.17146714671467148,0.16831683168316833
0.45764231286418644,0.20484087852980726,0.16808606006275212,0.16943074854325416
0.46615867324069926,0.19677274764679517,0.16898251904975348,0.16808606006275212
0.4665461121157324,0.19258589511754068,0.16681735985533455,0.17405063291139242
0.4715629198387819,0.19435736677115986,0.16300940438871472,0.17107030900134348
0.46880650994575046,0.19439421338155516,0.16772151898734178,0.16907775768535263
0.4732343679712101,0.19658119658119658,0.1632928475033738,0.16689158794421952
0.4757412398921833,0.1945193171608266,0.16172506738544473,0.16801437556154536
0.4813315339631129,0.19478182636077374,0.16059379217273953,0.1632928475033738
0.48221521837010356,0.19180549302116165,0.16208914903196758,0.16389013957676724
0.4852607709750567,0.19863945578231293,0.15419501133786848,0.1619047619047619
0.489159891598916,0.1951219512195122,0.15447154471544716,0.16124661246612465
0.4927536231884058,0.1911231884057971,0.15489130434782608,0.161231884057971
0.49551569506726456,0.19013452914798207,0.1556053811659193,0.15874439461883408
0.50157444894287,0.1871345029239766,0.15384615384615385,0.15744489428699954
0.5130044843049327,0.17533632286995515,0.1515695067264574,0.1600896860986547
0.5161725067385444,0.1738544474393531,0.14824797843665768,0.16172506738544473
0.5183691756272402,0.17473118279569894,0.1460573476702509,0.16084229390681004
0.5210762331838565,0.17130044843049327,0.15067264573991032,0.15695067264573992
0.528558476881233,0.1699909338168631,0.14324569356300998,0.15820489573889393
0.5362578334825425,0.1656222023276634,0.1405550581915846,0.1575649059982095
0.5391891891891892,0.16441441441441443,0.1373873873873874,0.15900900900900902
0.5421310744538564,0.16228265715559517,0.13776192599197504,0.15782434239857335
0.5384267631103075,0.16817359855334538,0.13291139240506328,0.1604882459312839
0.5485921889191644,0.16939146230699365,0.12806539509536785,0.1539509536784741
0.5535876475930972,0.1603088101725704,0.12534059945504086,0.16076294277929154
0.5604297224709042,0.15443151298119964,0.12354521038495972,0.16159355416293644
0.5647691618108471,0.15015688032272523,0.12281488121918423,0.1622590766472434
0.5734702992407325,0.14917373827601607,0.11835640911121036,0.15899955337204108
0.5747747747747748,0.14774774774774774,0.11576576576576576,0.16171171171171173
0.5874661857529305,0.14562669071235348,0.1109107303877367,0.15599639314697927
0.5880770954728821,0.14164051994621246,0.11026445540116539,0.16001792917974003
0.5886588658865887,0.13681368136813682,0.10981098109810981,0.16471647164716471
0.5932885906040268,0.13154362416107382,0.10782997762863535,0.167337807606264
0.5950376606114312,0.13247673903411608,0.10544971200708905,0.16703588834736377
0.5957540911101282,0.13356921716054843,0.10128261831048209,0.16939407341884122
0.5965302491103203,0.1307829181494662,0.10364768683274021,0.16903914590747332
0.6019677996422182,0.13282647584973167,0.1050983899821109,0.16010733452593917
0.6081923419412288,0.12867319679430098,0.10284951024042743,0.16028495102404275
0.6113828368163629,0.13116940862605603,0.0987105380168964,0.15873721654068476
0.6190897039328325,0.12903225806451613,0.0967741935483871,0.15510384445426426
0.630057803468208,0.12405513561582926,0.09248554913294797,0.15340151178301467
0.6302294197031039,0.11920827710301395,0.09581646423751687,0.15474583895636526
0.6423423423423423,0.11621621621621622,0.0891891891891892,0.15225225225225225
0.6475011057054401,0.1163202122954445,0.0875718708536046,0.14860681114551083
0.6491774121831926,0.11160515784793242,0.08759448643841708,0.151622943530458
0.6596119929453262,0.10978835978835978,0.08641975308641975,0.14417989417989419
0.6635555555555556,0.10622222222222222,0.084,0.14622222222222223
0.6605545617173524,0.1073345259391771,0.08184257602862254,0.15026833631484796
0.6647450110864745,0.10421286031042129,0.082039911308204,0.14900221729490024
0.6686046511627907,0.1037567084078712,0.08050089445438283,0.14713774597495527
0.6756996890270991,0.10039982230119947,0.07729897823189694,0.14660151043980454
0.6746067415730337,0.1002247191011236,0.0750561797752809,0.1501123595505618
0.6829702089817696,0.09959982214317474,0.0706980880391285,0.1467318808359271
0.6857899382171226,0.09355692850838482,0.07281553398058252,0.14783759929390997
0.6843971631205674,0.09441489361702128,0.07446808510638298,0.14671985815602837
0.6846289752650176,0.09363957597173145,0.07287985865724382,0.14885159010600707
0.681030653043092,0.09284762327854287,0.07507774322523322,0.15104398045313194
0.6852502194907814,0.08867427568042142,0.07418788410886742,0.15188762071992976
0.6878841088674276,0.08735733099209833,0.07243195785776997,0.15232660228270412
0.6852836879432624,0.08643617021276596,0.07358156028368794,0.15469858156028368
0.6871384067645749,0.08500222518914108,0.07476635514018691,0.15309301290609703
0.6868107631230701,0.08778120864578738,0.07234230260255844,0.15306572562858403
0.688032272523532,0.08785298072613178,0.06992380098610489,0.15419094576423129
0.6873604287628405,0.08798570790531487,0.06744082179544439,0.15721304153640017
0.6882826475849732,0.08765652951699464,0.06574239713774598,0.15831842576028624
0.6896705253784505,0.08993766696349065,0.06277827248441674,0.15761353517364202
0.6908190819081909,0.08685868586858686,0.06435643564356436,0.15796579657965795
0.6916221033868093,0.08645276292335116,0.0659536541889483,0.15597147950089127
0.6949755446865273,0.08359270787016451,0.06447309915518008,0.15695864828812806
0.6991506481895395,0.08001788109074653,0.06794814483683505,0.15288332588287887
0.6960567124501551,0.08551174124944617,0.06778910057598582,0.15064244572441293
0.6905393457117595,0.08664898320070734,0.0694076038903625,0.15340406719717065
0.6896703296703297,0.08879120879120879,0.06681318681318682,0.15472527472527473
0.6975199291408326,0.08635961027457928,0.0633303808680248,0.15279007971656333
0.6985878199470432,0.08561341571050309,0.06310679611650485,0.1526919682259488
0.6957494407158836,0.0814317673378076,0.060850111856823264,0.16196868008948545
0.6960176991150443,0.08053097345132744,0.058849557522123896,0.16460176991150444
0.6974088713219148,0.07905138339920949,0.058410188844971456,0.16512955643390426
0.695575221238938,0.08141592920353982,0.058849557522123896,0.16415929203539822
0.6896705253784505,0.08370436331255565,0.0578806767586821,0.16874443455031166
0.6923076923076923,0.08483516483516483,0.05758241758241758,0.16527472527472528
0.6962637362637363,0.08615384615384615,0.05714285714285714,0.16043956043956045
0.6908127208480566,0.08789752650176678,0.05918727915194346,0.16210247349823323
0.6923076923076923,0.08636977058029689,0.06162843004948268,0.15969410706252812
0.6887595163457232,0.08598298253470667,0.059113300492610835,0.16614420062695925
0.693135935397039,0.08434275459847465,0.06280843427545985,0.15971287572902648
0.6971580817051509,0.08214920071047957,0.05728241563055062,0.16341030195381884
0.6988913525498891,0.0811529933481153,0.054988913525498895,0.16496674057649668
0.697787610619469,0.084070796460177,0.05619469026548673,0.16194690265486725
0.7026907807675342,0.08248786943096603,0.055580061755624174,0.15924128804587562
0.7133900582176445,0.08105687416032244,0.05553067622033139,0.15002239140170176
0.7126537785588752,0.08084358523725835,0.05579964850615114,0.15070298769771528
0.7142226148409894,0.07553003533568904,0.05653710247349823,0.15371024734982333
0.7228163992869875,0.07263814616755793,0.05392156862745098,0.15062388591800357
0.7208370436331255,0.07702582368655388,0.054764024933214604,0.14737310774710596
0.7201773835920178,0.07538802660753881,0.05631929046563193,0.14811529933481152
0.7208994708994709,0.07539682539682539,0.054673721340388004,0.1490299823633157
0.717600700525394,0.07705779334500876,0.05691768826619965,0.14842381786339756
0.7139709122961657,0.07977082415160863,0.05773468488320846,0.1485235786690172
0.7144754316069057,0.08145196989818504,0.05754758742806552,0.14652501106684374
0.7207247017233761,0.07909854175872735,0.0552364118426867,0.1449403446752099
0.7231985940246046,0.07644991212653779,0.054042179261862916,0.14630931458699473
0.7255252570406795,0.07510058113544926,0.05274921770227984,0.1466249441215914
0.7231588287488908,0.0740905057675244,0.05412599822537711,0.14862466725820764
0.7252453166815344,0.07404103479036575,0.052185548617305975,0.14852809991079394
0.7277949624392399,0.07202828104286346,0.049491825011047284,0.1506849315068493
0.7239698715108551,0.07842268498006202,0.0460788657509969,0.15152857775808595
0.7351111111111112,0.072,0.044,0.14888888888888888
0.7354638260097648,0.07190412782956059,0.0461606746560142,0.14647137150466044
0.7387862796833773,0.07167985927880387,0.044854881266490766,0.14467897977132807
0.7381689517912429,0.07032286598850067,0.045112781954887216,0.14639540026536932
0.7384135472370766,0.07219251336898395,0.04500891265597148,0.1443850267379679
0.7442593426384512,0.06933813597478614,0.04277352543899145,0.1436289959477713
0.7388026607538802,0.06962305986696231,0.04301552106430155,0.14855875831485588
0.7373958790004385,0.07058307759754494,0.04515563349408154,0.14686540990793512
0.738031914893617,0.0673758865248227,0.047429078014184396,0.14716312056737588
0.7484416740872663,0.06411398040961709,0.04541406945681211,0.14203027604630455
0.7480176211453744,0.06387665198237885,0.04229074889867841,0.1458149779735683
0.749228735125606,0.0625826355222565,0.04275011018069634,0.14543851917144116
0.7517667844522968,0.0636042402826855,0.045053003533568906,0.13957597173144876
0.752208480565371,0.06007067137809187,0.045936395759717315,0.1417844522968198
0.752208480565371,0.06139575971731449,0.04770318021201413,0.13869257950530034
0.7536552946389012,0.05937084625609216,0.04873726185201595,0.1382365972529907
0.7559262510974539,0.05750658472344162,0.046532045654082525,0.14003511852502196
0.7512152010605391,0.058329650905877155,0.04728236853733982,0.14317277949624393
0.7571428571428571,0.05803571428571429,0.04776785714285714,0.13705357142857144
0.7567928730512249,0.058797327394209356,0.047661469933184854,0.13674832962138084
0.7620106761565836,0.05738434163701068,0.04448398576512456,0.13612099644128114
0.7551922227132125,0.05567830313742819,0.04684047724259832,0.14228899690676095
0.7543782837127846,0.05866900175131348,0.04597197898423818,0.14098073555166374
0.7530918727915195,0.05874558303886926,0.04858657243816254,0.13957597173144876
0.7525544202576633,0.06130608618391826,0.04842292314526877,0.13771657041314972
0.7593085106382979,0.05806737588652482,0.04920212765957447,0.13342198581560283
0.7564721369021501,0.0596752961825362,0.04782799473453269,0.13602457218078104
0.7506666666666667,0.06577777777777778,0.04711111111111111,0.13644444444444445
0.7541424093148231,0.0600089565606807,0.04746977160770264,0.13837886251679354
0.7602495543672014,0.05659536541889483,0.04946524064171123,0.13368983957219252
0.7659857904085258,0.056838365896980464,0.046181172291296625,0.13099467140319715
0.7648888888888888,0.05422222222222222,0.04533333333333334,0.13555555555555557
0.7697077059344553,0.05358724534986714,0.04428697962798937,0.13241806908768822
0.7761989342806395,0.052397868561278864,0.043072824156305506,0.1283303730017762
0.77960088691796,0.05055432372505543,0.040798226164079826,0.12904656319290467
0.7764444444444445,0.05511111111111111,0.043555555555555556,0.12488888888888888
0.7774822695035462,0.057180851063829786,0.04210992907801418,0.12322695035460993
0.7802392556490917,0.05494018608772707,0.04209127159946832,0.1227292866637129
0.778169014084507,0.05545774647887324,0.04401408450704225,0.12235915492957747
0.7779249448123621,0.05077262693156733,0.045474613686534215,0.12582781456953643
0.7763731473408892,0.05013077593722755,0.046207497820401046,0.12728857890148212
0.7752313794623182,0.049801674746584396,0.04671661524900837,0.12825033054208904
0.7760070827799912,0.05312084993359894,0.046923417441345726,0.1239486498450642
0.7706299911268856,0.055900621118012424,0.05102040816326531,0.12244897959183673
0.7765862377122431,0.0580875781948168,0.050491510277033066,0.11483467381590706
0.7770360480640854,0.059190031152647975,0.0520694259012016,0.11170449488206498
0.7777777777777778,0.05887560867640549,0.05002213368747233,0.1133244798583444
0.7735346358792184,0.05905861456483126,0.05150976909413854,0.11589698046181172
0.7794575366829702,0.057358826144953315,0.0493552690084482,0.11382836816362828
0.7811682650392328,0.06059285091543156,0.045335658238884045,0.11290322580645161
0.7819548872180451,0.062361786819991154,0.04643962848297214,0.1092436974789916
0.7797961896322552,0.06778910057598582,0.043420469649977846,0.10899424014178112
0.7805628847845206,0.0681618293755497,0.04221635883905013,0.1090589270008795
0.7820175438596492,0.06578947368421052,0.0412280701754386,0.11096491228070175
0.7894273127753304,0.05991189427312775,0.04008810572687225,0.1105726872246696
0.7950089126559715,0.05748663101604278,0.040106951871657755,0.10739750445632798
0.7977678571428571,0.054910714285714285,0.04017857142857143,0.10714285714285714
0.8043859649122806,0.05482456140350877,0.03903508771929825,0.10175438596491228
0.8007915567282322,0.052770448548812667,0.040897097625329816,0.10554089709762533
0.8011413520632134,0.051360842844600525,0.04302019315188762,0.1044776119402985
0.7988454706927176,0.04662522202486678,0.04706927175843695,0.10746003552397869
0.799469964664311,0.04726148409893993,0.04637809187279152,0.1068904593639576
0.8004395604395604,0.047032967032967034,0.04835164835164835,0.10417582417582417
0.798233995584989,0.046799116997792496,0.046799116997792496,0.10816777041942605
0.7977082415160864,0.045394446892904367,0.044072278536800354,0.1128250330542089
0.799390774586597,0.04525674499564839,0.04264577893820714,0.11270670147954744
0.8012477718360071,0.0427807486631016,0.0427807486631016,0.11319073083778966
0.7974176313446126,0.043187889581478185,0.041852181656277826,0.11754229741763135
0.7998236331569665,0.04144620811287478,0.041005291005291,0.11772486772486772
0.7964019306713471,0.04300131636682756,0.04212373848179026,0.1184730144800351
0.7959274015050908,0.04249667994687915,0.04293935369632581,0.11863656485170429
0.792236435818262,0.04719894133215704,0.04146449051610057,0.11910013233348037
0.7946784922394678,0.04745011086474501,0.04212860310421286,0.11574279379157427
0.796669588080631,0.046012269938650305,0.042068361086765996,0.11524978089395267
0.804932735426009,0.045291479820627804,0.039013452914798206,0.11076233183856503
0.807032967032967,0.0421978021978022,0.03824175824175824,0.11252747252747253
0.803475935828877,0.04233511586452763,0.03877005347593583,0.11541889483065954
0.8046387154326494,0.0423728813559322,0.03479036574487065,0.11819803746654772
0.7993772241992882,0.04403914590747331,0.03558718861209965,0.12099644128113879
0.7968056787932565,0.04525288376220053,0.0354924578527063,0.12244897959183673
0.7990282685512368,0.04372791519434629,0.03489399293286219,0.12234982332155477
0.7950420540061974,0.0451527224435591,0.035413899955732624,0.12439132359451084
0.796,0.042666666666666665,0.033777777777777775,0.12755555555555556
0.7970561998215878,0.04192685102586976,0.03256021409455843,0.12845673505798394
0.8035398230088495,0.03982300884955752,0.033185840707964605,0.12345132743362831
0.8040089086859689,0.04187082405345212,0.033853006681514475,0.12026726057906459
0.8040421792618629,0.03998242530755712,0.03471001757469244,0.12126537785588752
0.8005307386112339,0.04157452454666077,0.03361344537815126,0.124281291463954
0.8045112781954887,0.04024767801857585,0.03582485625829279,0.11941618752764263
0.8111111111111111,0.04,0.035555555555555556,0.11333333333333333
0.8085954807266282,0.042977403633141335,0.035002215330084185,0.11342490031014621
0.8067931186590207,0.04190560211733568,0.03396559329510366,0.11733568592853992
0.8081524147097917,0.0412051395657953,0.034559149313247675,0.11608329641116526
0.8040358744394619,0.04125560538116592,0.03587443946188341,0.11883408071748879
0.8019366197183099,0.0448943661971831,0.035651408450704226,0.11751760563380281
0.8002645502645502,0.043209876543209874,0.036155202821869487,0.12037037037037036
0.7976031957390146,0.04349755881047492,0.03683976919662672,0.1220594762538837
0.7953941541186891,0.04162976085031001,0.03985828166519043,0.12311780336581045
0.7975243147656941,0.04155614500442087,0.040229885057471264,0.1206896551724138
0.7979436745641484,0.045596781403665625,0.03755029056772463,0.11890925346446134
0.7987588652482269,0.044326241134751775,0.03679078014184397,0.1201241134751773
0.7983118613949356,0.0444247001332741,0.03642825410928476,0.12083518436250555
0.7958091841283995,0.0463664734730272,0.03522068658047258,0.12260365581810076
0.7917771883289124,0.04862953138815208,0.036251105216622455,0.123342175066313
0.7934251443802754,0.04886717014660151,0.037760995113282986,0.11994669035984007
0.7948375611927013,0.0520694259012016,0.03649310191366266,0.11659991099243436
0.7886575099689854,0.056269384138236594,0.03633141338059371,0.11874169251218432
0.7974290780141844,0.053634751773049646,0.0350177304964539,0.11391843971631206
0.8013186813186813,0.05186813186813187,0.03428571428571429,0.11252747252747253
0.8030973451327433,0.05,0.03274336283185841,0.11415929203539824
0.8081886960391633,0.049399198931909215,0.03204272363150868,0.11036938139741878
0.8116710875331565,0.04995579133510168,0.03138815207780725,0.10698496905393456
0.8106796116504854,0.05030891438658429,0.03133274492497794,0.10767872903795234
0.8124174372523117,0.05107881990312638,0.030823425803610745,0.10568031704095113
0.8126380910296067,0.052585064074237735,0.032699955810870526,0.10207688908528502
0.8148312611012434,0.05550621669626998,0.03285968028419183,0.09680284191829484
0.8130550621669627,0.0541740674955595,0.034191829484902306,0.09857904085257549
0.8134623845138583,0.05103387593488781,0.03695556533216014,0.0985481742190937
0.811613475177305,0.05053191489361702,0.037677304964539006,0.10017730496453901
0.8138913624220837,0.04986642920747997,0.03829029385574354,0.09795191451469279
0.8138913624220837,0.052983081032947466,0.03829029385574354,0.09483526268922529
0.814373897707231,0.054673721340388004,0.03747795414462081,0.09347442680776014
0.81239092495637,0.05366492146596859,0.036212914485165795,0.09773123909249563
0.8067931186590207,0.055580061755624174,0.03749448610498456,0.10013233348037054
0.8115367679436372,0.05239982386613826,0.03830911492734478,0.0977542932628798
0.8022998673153472,0.057054400707651484,0.03759398496240601,0.10305174701459531
0.8002639683238011,0.05939287285525737,0.03783545974483062,0.10250769907611086
0.7998240211174659,0.06159260888693357,0.03783545974483062,0.1007479102507699
0.8000884564352057,0.06280406899601947,0.0367094206103494,0.10039805395842548
0.7951219512195122,0.06297117516629712,0.03680709534368071,0.10509977827050998
0.8005295675198588,0.058693733451015,0.03927625772285966,0.10150044130626655
0.797723292469352,0.06129597197898424,0.03984238178633975,0.101138353765324
0.79884290164664,0.06141522029372497,0.03960836671117045,0.10013351134846461
0.7930881701373504,0.05981391227292867,0.0407620735489588,0.10633584404076207
0.7976085031000886,0.0566873339238264,0.0420726306465899,0.10363153232949512
0.7942222222222223,0.057777777777777775,0.042222222222222223,0.10577777777777778
0.7851129818342933,0.05848471422241914,0.04652193176783341,0.10988037217545414
0.7860986547085201,0.060089686098654706,0.04439461883408072,0.10941704035874439
0.7899867080194949,0.05981391227292867,0.04519273371732388,0.10500664599025254
0.789612676056338,0.05985915492957746,0.04445422535211268,0.10607394366197183
0.787205686361617,0.061750333185251,0.04486894713460684,0.1061750333185251
0.7829150154117129,0.062087186261558784,0.047556142668428,0.10744165565830031
0.7873462214411248,0.06239015817223199,0.04701230228471002,0.10325131810193322
0.7908005307386112,0.059708093763821316,0.04688191065900044,0.102609464838567
0.7915024091108191,0.05606657906263688,0.045992115637319315,0.10643889618922471
0.7925366503776099,0.05508662816525989,0.04620168813860506,0.1061750333185251
0.790676826535186,0.05468399820708202,0.04661586732406992,0.10802330793366204
0.7950089126559715,0.053475935828877004,0.045454545454545456,0.10606060606060606
0.8015097690941385,0.051953818827708706,0.044849023090586145,0.1016873889875666
0.8,0.053006681514476614,0.044097995545657014,0.10289532293986638
0.8057395143487859,0.05474613686534217,0.04061810154525387,0.0988962472406181
0.8064798598949212,0.053415061295971976,0.040280210157618214,0.09982486865148861
0.8010586678429643,0.055580061755624174,0.03970004411116013,0.10366122629025143
0.7997359154929577,0.05765845070422535,0.03961267605633803,0.10299295774647887
0.7953633526526973,0.058849754792688364,0.04057066428889879,0.10521622826571556
0.7909252669039146,0.05738434163701068,0.042704626334519574,0.10898576512455516
0.7897550111358574,0.054788418708240534,0.046325167037861915,0.1091314031180401
0.7933481152993348,0.05543237250554324,0.04434589800443459,0.10687361419068736
0.7871308946672543,0.05729396209784046,0.048038783605112385,0.10753635962979285
0.784452296819788,0.053003533568904596,0.04902826855123675,0.11351590106007067
0.7889667250437828,0.05166374781085814,0.04816112084063047,0.11120840630472854
0.7833999112294718,0.05148690634709276,0.052818464269862406,0.11229471815357302
0.7836644591611479,0.05121412803532009,0.053421633554083886,0.11169977924944813
0.7848605577689243,0.048251438689685705,0.054891544931385566,0.11199645861000443
0.7830898627711377,0.05046480743691899,0.05533421868083223,0.1111111111111111
0.7829354553492485,0.050397877984084884,0.05747126436781609,0.10919540229885058
0.7873283119184759,0.048294195835179445,0.05582631812140009,0.10855117412494461
0.787567084078712,0.05008944543828265,0.055456171735241505,0.10688729874776387
0.7888446215139442,0.051350154935812305,0.05179282868525897,0.10801239486498451
0.7915921288014311,0.05143112701252236,0.050983899821109124,0.10599284436493739
0.797153024911032,0.04848754448398576,0.050266903914590745,0.10409252669039146
0.7979708866343185,0.04808116453462726,0.049845610939567714,0.10410233789148654
0.795344751866491,0.04743083003952569,0.0461133069828722,0.1111111111111111
0.7920704845814978,0.04713656387665198,0.05110132158590308,0.10969162995594714
0.7891486546096163,0.050286722540802825,0.050727834142037936,0.10983678870754301
0.7893569844789357,0.05321507760532151,0.04745011086474501,0.10997782705099779
0.7908930150309461,0.052608311229000886,0.04553492484526967,0.11096374889478337
0.7858414959928762,0.05654496883348174,0.04363312555654497,0.11398040961709706
0.7909330985915493,0.05501760563380282,0.0409330985915493,0.1131161971830986
0.7874119718309859,0.05501760563380282,0.043133802816901406,0.11443661971830986
0.7836051123843103,0.05641251652710445,0.04451300132216836,0.11546936976641692
0.7834960070984915,0.058118899733806566,0.04614019520851819,0.11224489795918367
0.7770390070921985,0.05939716312056738,0.04831560283687943,0.11524822695035461
0.7805628847845206,0.05804749340369393,0.048812664907651716,0.11257695690413369
0.7818984547461368,0.05518763796909492,0.047240618101545256,0.11567328918322296
0.7832229580573952,0.054304635761589407,0.04370860927152318,0.11876379690949228
0.7825319805910895,0.05249228054697839,0.0423467137185708,0.12262902514336127
0.7868490732568403,0.050750220653133275,0.0441306266548985,0.11827007943512798
0.7855227882037533,0.05317247542448615,0.04691689008042895,0.11438784629133154
0.7878113879003559,0.05338078291814947,0.0449288256227758,0.11387900355871886
0.7912428129146395,0.04953560371517028,0.044228217602830605,0.11499336576735958
0.7908611599297012,0.04789103690685413,0.04261862917398945,0.11862917398945519
0.7973333333333333,0.04711111111111111,0.042666666666666665,0.11288888888888889
0.7942350332594235,0.050110864745011086,0.04212860310421286,0.11352549889135255
0.7947483588621445,0.04945295404814004,0.04201312910284464,0.1137855579868709
0.7984942426926483,0.05093002657218778,0.04162976085031001,0.10894596988485385
0.7987643424536628,0.05030891438658429,0.04324801412180053,0.10767872903795234
0.7920393559928444,0.050983899821109124,0.04740608228980322,0.10957066189624329
0.7974060822898033,0.05232558139534884,0.044722719141323794,0.10554561717352415
0.7925021795989537,0.05361813426329556,0.046643417611159546,0.10723626852659111
0.7994711326575584,0.05244601145879242,0.045835169678272364,0.10224768620537682
0.7992942214380239,0.05690339655932951,0.04543449492721659,0.09836788707543008
0.8007933010136624,0.054649625385632436,0.04627589246364037,0.09828118113706479
0.799038881607689,0.05242463958060288,0.04499781564001747,0.10353866317169069
0.7985771453979547,0.052912405513561585,0.04668741662961316,0.10182303245887062
0.7930724246513721,0.057579847053531266,0.04633378317588844,0.10301394511920828
0.7947677041046459,0.05638249887235002,0.04555705908885882,0.10329273793414524
0.7981448763250883,0.054328621908127206,0.045053003533568906,0.10247349823321555
0.7988581466842336,0.056214317083882304,0.04391743522178305,0.10101010101010101
0.7992073976221928,0.05680317040951123,0.04271246147071774,0.10127697049757815
0.7969791203909373,0.05819635717458907,0.04264771212794314,0.10217681030653043
0.7960906263882719,0.05908485117725455,0.04309195912927588,0.10173256330519768
0.7967443906731192,0.05675318961724593,0.044434667839859214,0.10206775186977562
0.7919433377600709,0.05799026117751217,0.045595396193005754,0.10447100486941124
0.7858709960508995,0.060114085125054846,0.04826678367705134,0.1057481351469943
0.7878787878787878,0.060166886253842776,0.04830917874396135,0.103645147123408
0.784060552092609,0.05832591273374889,0.04808548530721282,0.10952804986642921
0.7827236668135743,0.05685323931247246,0.05112384310268841,0.10929925077126487
0.7862527716186253,0.05631929046563193,0.050997782705099776,0.10643015521064302
0.7821650399290151,0.059006211180124224,0.05013309671694765,0.10869565217391304
0.7837837837837838,0.056712450155073105,0.05050952591936198,0.10899424014178112
0.7854594112399643,0.054861730597680645,0.05173951828724353,0.1079393398751115
0.7848552338530067,0.054788418708240534,0.053006681514476614,0.10734966592427617
0.7847593582887701,0.054367201426024955,0.05035650623885918,0.11051693404634581
0.7856510186005314,0.0566873339238264,0.048715677590788306,0.10894596988485385
0.7889087656529516,0.055008944543828264,0.04964221824686941,0.10644007155635063
0.7936720142602496,0.054367201426024955,0.04634581105169341,0.10561497326203209
0.7989441267047954,0.05367355917289925,0.047074351077870655,0.10030796304443466
0.7997341603898981,0.051395657953035,0.04873726185201595,0.10013291980505096
0.800266311584554,0.052374611628939194,0.048823790501553485,0.0985352862849534
0.8053452115812918,0.05033407572383074,0.049888641425389756,0.09443207126948774
0.800266311584554,0.05059920106524634,0.047936085219707054,0.10119840213049268
0.8003565062388592,0.05258467023172905,0.04679144385026738,0.10026737967914438
0.8006216696269982,0.0541740674955595,0.044849023090586145,0.10035523978685613
0.8027300748568912,0.052840158520475564,0.043593130779392336,0.10083663584324086
0.7935943060498221,0.054270462633451956,0.042704626334519574,0.1094306049822064
0.798753339269813,0.05120213713268032,0.0427426536064114,0.10730186999109528
0.7964601769911505,0.05309734513274336,0.0415929203539823,0.1088495575221239
0.7949288256227758,0.05382562277580071,0.041370106761565835,0.10987544483985764
0.797190517998244,0.05311676909569798,0.04038630377524144,0.1093064091308165
0.792520035618878,0.05520926090828139,0.04096170970614425,0.11130899376669635
0.78868258178603,0.053934571175950484,0.040671971706454466,0.11671087533156499
0.7789661319073083,0.05659536541889483,0.04188948306595366,0.12254901960784313
0.776046304541407,0.05565449688334818,0.043187889581478185,0.12511130899376668
0.7811523001339884,0.0562751228226887,0.041536400178651185,0.12103617686467173
0.7808641975308642,0.054673721340388004,0.04497354497354497,0.11948853615520282
0.7798408488063661,0.054376657824933686,0.04509283819628647,0.1206896551724138
0.7832446808510638,0.053634751773049646,0.04875886524822695,0.11436170212765957
0.7854269110415736,0.053196244970943225,0.048278945015645953,0.11309789897183728
0.7823581560283688,0.05230496453900709,0.047429078014184396,0.11790780141843972
0.7860652076820009,0.05002233139794551,0.04689593568557392,0.11701652523447968
0.7916666666666666,0.047872340425531915,0.04476950354609929,0.11569148936170212
0.7865612648221344,0.05138339920948617,0.045234958278436536,0.11682037768994291
0.7852733686067019,0.05026455026455026,0.04365079365079365,0.12081128747795414
0.781634446397188,0.05184534270650264,0.04481546572934974,0.12170474516695957
0.7778753292361721,0.05267778753292362,0.046093064091308165,0.12335381913959614
0.7811253876827647,0.05361098803721755,0.04563579973416039,0.11962782454585734
0.7807250221043325,0.052166224580017684,0.04597701149425287,0.121131741821397
0.7786157941437445,0.05634427684117125,0.04480922803904171,0.12023070097604259
0.7806394316163411,0.05550621669626998,0.04396092362344583,0.11989342806394317
0.7833553500660502,0.05548216644649934,0.04315279612505504,0.11800968736239542
0.7811671087533156,0.058797524314765696,0.044650751547303275,0.11538461538461539
0.7849844513549533,0.05508662816525989,0.0444247001332741,0.11550422034651266
0.7874502872293416,0.05612019443216969,0.04242156429518339,0.11400795404330534
0.7893813075910487,0.060114085125054846,0.04212373848179026,0.10838086880210619
0.7904509283819628,0.0610079575596817,0.04155614500442087,0.10698496905393456
0.7922705314009661,0.05577514273166447,0.041282389108476064,0.11067193675889328
0.7974290780141844,0.05274822695035461,0.03945035460992908,0.11037234042553191
0.7973626373626373,0.05098901098901099,0.043076923076923075,0.10857142857142857
0.7940125111706882,0.05227882037533512,0.04334226988382484,0.11036639857015192
0.7917222963951935,0.05384957721406319,0.042723631508678236,0.11170449488206498
0.798669623059867,0.050997782705099776,0.040798226164079826,0.10953436807095343
0.8006202924235711,0.05050952591936198,0.03943287549844927,0.10943730615861763
0.8058124174372523,0.04491413474240423,0.039189784236019376,0.11008366358432409
0.8069787985865724,0.04549469964664311,0.03842756183745583,0.10909893992932862
0.7950420540061974,0.048251438689685705,0.03851261620185923,0.11819389110225764
0.7941567065073041,0.04869411243913236,0.04161133244798584,0.11553784860557768
0.7956795679567957,0.04995499549954995,0.0423042304230423,0.11206120612061206
0.8058640604175922,0.0444247001332741,0.04264771212794314,0.10706352732119058
0.7924611973392461,0.04745011086474501,0.04523281596452328,0.11485587583148558
0.7970692717584369,0.04573712255772647,0.043072824156305506,0.11412078152753108
0.794404973357016,0.0452930728241563,0.04573712255772647,0.11456483126110124
0.7912234042553191,0.047872340425531915,0.04521276595744681,0.11569148936170212
0.7971593430980914,0.043941411451398134,0.041278295605858856,0.11762094984465157
0.7986842105263158,0.04692982456140351,0.04342105263157895,0.11096491228070175
0.7944716897012929,0.05037895675434686,0.04279982166740972,0.11234953187695051
0.7940655447298495,0.05004428697962799,0.0420726306465899,0.11381753764393268
0.7943800178412131,0.0504014272970562,0.03969669937555754,0.11552185548617305
0.7972795085563844,0.050460728389644584,0.040368582711715666,0.11189118034225537
0.8006258381761288,0.05274921770227984,0.03665623603039785,0.10996870809119356
0.7918713711478339,0.05582849486377847,0.03930326038410004,0.11299687360428763
0.7957653286281429,0.050286722540802825,0.0423467137185708,0.11160123511248346
0.7967443906731192,0.05103387593488781,0.03915530136383634,0.11306643202815662
0.7939609236234458,0.0497335701598579,0.03996447602131439,0.11634103019538189
0.7987505577867023,0.0464078536367693,0.04060687193217314,0.1142347166443552
0.7983118613949356,0.046645935139937804,0.04264771212794314,0.11239449133718347
0.8007985803016859,0.04702750665483585,0.04480922803904171,0.10736468500443656
0.7994652406417112,0.049019607843137254,0.0427807486631016,0.10873440285204991
0.7950639048038783,0.04847950639048039,0.04275011018069634,0.11370647862494491
0.7959910913140312,0.05033407572383074,0.042316258351893093,0.111358574610245
0.7904085257548845,0.04840142095914742,0.04440497335701599,0.11678507992895204
0.7919611307420494,0.05035335689045936,0.045936395759717315,0.11174911660777385
0.7932713590084108,0.048251438689685705,0.04426737494466578,0.11420982735723771
0.7883668903803132,0.046085011185682326,0.04519015659955257,0.1203579418344519
0.7912234042553191,0.04476950354609929,0.044326241134751775,0.1196808510638298
0.7891725352112676,0.04709507042253521,0.04401408450704225,0.11971830985915492
0.7883503779457537,0.044019564250778125,0.044464206313917294,0.1231658514895509
0.791077738515901,0.04549469964664311,0.04284452296819788,0.12058303886925795
0.7933774834437086,0.046357615894039736,0.04105960264900662,0.11920529801324503
0.7869507323568575,0.0492676431424767,0.04216600088770528,0.1216156236129605
0.7858093126385809,0.049223946784922396,0.041685144124168516,0.12328159645232815
0.789239662072032,0.04757670075589151,0.04046242774566474,0.12272120942641174
0.7884530630233583,0.048038783605112385,0.041427941824592335,0.12208021154693698
0.7879858657243817,0.04549469964664311,0.04019434628975265,0.12632508833922262
0.7817861856577211,0.047074351077870655,0.0409150901891773,0.13022437307523096
0.7795484727755644,0.044710048694112436,0.04293935369632581,0.13280212483399734
0.7776801405975395,0.04569420035149385,0.04173989455184534,0.13488576449912126
0.7780713342140027,0.046235138705416116,0.04051078819903126,0.13518273888154997
0.7757009345794392,0.04539385847797063,0.044058744993324434,0.1348464619492657
0.7762114537444934,0.04669603524229075,0.042731277533039645,0.1343612334801762
0.7771403353927626,0.04854368932038835,0.043689320388349516,0.13062665489849956
0.7773351040283312,0.04648074369189907,0.0451527224435591,0.13103142983621072
0.7782240071396698,0.047746541722445336,0.04730031236055333,0.12672913877733155
0.7817777777777778,0.04844444444444444,0.04488888888888889,0.12488888888888888
0.7798853109836789,0.050727834142037936,0.0458756065284517,0.12351124834583149
0.7871873628784555,0.04826678367705134,0.0434401053093462,0.12110574813514699
0.7842360193747248,0.04931748128577719,0.041391457507705856,0.12505504183179217
0.7859649122807018,0.04824561403508772,0.04078947368421053,0.125
0.7878921785240831,0.047724259832081305,0.04197967300044189,0.12240388864339373
0.789127575624726,0.04910127137220517,0.04164839982463832,0.12012275317843052
0.7881468376824414,0.053516143299425036,0.044228217602830605,0.11410880141530297
0.7837004405286344,0.055506607929515416,0.04537444933920705,0.11541850220264317
0.7741502683363148,0.05992844364937388,0.04740608228980322,0.11851520572450805
0.7776785714285714,0.060267857142857144,0.04642857142857143,0.115625
0.7838795394154119,0.05713020372010629,0.04384410983170948,0.11514614703277236
0.778858911985847,0.058823529411764705,0.042459088898717384,0.11985846970367094
0.7823399558498896,0.060485651214128036,0.04061810154525387,0.11655629139072848
0.7814864263462394,0.05874499332443257,0.04183355585224744,0.11793502447708056
0.7825141365811222,0.058721183123097,0.04132231404958678,0.117442366246194
0.7810283687943262,0.05629432624113475,0.037677304964539006,0.125
0.7837004405286344,0.05726872246696035,0.03612334801762115,0.12290748898678414
0.7863209655789003,0.05543138131426017,0.038891372373714796,0.11935628073312472
