R,A,S,N
0,0,0,0
0.0,0.0,1.0,0.0
0.5,0.0,0.5,0.0
0.6666666666666666,0.0,0.3333333333333333,0.0
0.6,0.2,0.2,0.0
0.5,0.0,0.3333333333333333,0.16666666666666666
0.3333333333333333,0.16666666666666666,0.3333333333333333,0.16666666666666666
0.2857142857142857,0.14285714285714285,0.42857142857142855,0.14285714285714285
0.42857142857142855,0.14285714285714285,0.42857142857142855,0.0
0.375,0.125,0.25,0.25
0.4444444444444444,0.1111111111111111,0.2222222222222222,0.2222222222222222
0.5,0.2,0.2,0.1
0.5714285714285714,0.14285714285714285,0.14285714285714285,0.14285714285714285
0.6666666666666666,0.1111111111111111,0.1111111111111111,0.1111111111111111
0.7391304347826086,0.08695652173913043,0.08695652173913043,0.08695652173913043
0.7777777777777778,0.07407407407407407,0.1111111111111111,0.037037037037037035
0.8055555555555556,0.08333333333333333,0.08333333333333333,0.027777777777777776
0.8333333333333334,0.07142857142857142,0.07142857142857142,0.023809523809523808
0.8723404255319149,0.0425531914893617,0.06382978723404255,0.02127659574468085
0.8679245283018868,0.05660377358490566,0.05660377358490566,0.018867924528301886
0.8833333333333333,0.03333333333333333,0.06666666666666667,0.016666666666666666
0.8888888888888888,0.027777777777777776,0.06944444444444445,0.013888888888888888
0.8941176470588236,0.023529411764705882,0.047058823529411764,0.03529411764705882
0.8811881188118812,0.0297029702970297,0.039603960396039604,0.04950495049504951
0.868421052631579,0.03508771929824561,0.03508771929824561,0.06140350877192982
0.8769230769230769,0.03076923076923077,0.023076923076923078,0.06923076923076923
0.8773006134969326,0.024539877300613498,0.018404907975460124,0.07975460122699386
0.8829787234042553,0.015957446808510637,0.02127659574468085,0.0797872340425532
0.8868778280542986,0.01809954751131222,0.01809954751131222,0.07692307692307693
0.8943089430894309,0.02032520325203252,0.012195121951219513,0.07317073170731707
0.8787878787878788,0.026515151515151516,0.015151515151515152,0.07954545454545454
0.875,0.027777777777777776,0.017361111111111112,0.0798611111111111
0.8571428571428571,0.0243161094224924,0.0182370820668693,0.10030395136778116
0.8705234159779615,0.02203856749311295,0.02203856749311295,0.08539944903581267
0.8571428571428571,0.01694915254237288,0.024213075060532687,0.1016949152542373
0.8504464285714286,0.015625,0.024553571428571428,0.109375
0.8369351669941061,0.0137524557956778,0.019646365422396856,0.12966601178781925
0.8387681159420289,0.012681159420289856,0.018115942028985508,0.13043478260869565
0.840531561461794,0.014950166112956811,0.009966777408637873,0.1345514950166113
0.8463901689708141,0.015360983102918587,0.010752688172043012,0.12749615975422426
0.8335664335664336,0.016783216783216783,0.009790209790209791,0.13986013986013987
0.8235294117647058,0.01568627450980392,0.01568627450980392,0.1450980392156863
0.8170580964153276,0.013597033374536464,0.013597033374536464,0.1557478368355995
0.819557625145518,0.013969732246798603,0.015133876600698487,0.15133876600698487
0.8186753528773073,0.01520086862106406,0.01520086862106406,0.15092290988056462
0.8030612244897959,0.0163265306122449,0.0163265306122449,0.16428571428571428
0.8035190615835777,0.013685239491691105,0.019550342130987292,0.16324535679374388
0.8021877848678214,0.010938924339106655,0.019143117593436645,0.16773017319963537
0.8008733624454148,0.010480349344978166,0.01834061135371179,0.1703056768558952
0.7933954276037256,0.01100762066045724,0.02286198137171888,0.1727349703640982
0.7879772542648253,0.01380991064175467,0.024370430544272948,0.17384240454914704
0.78984375,0.0125,0.021875,0.17578125
0.7850330154071901,0.014673514306676448,0.019809244314013204,0.18048422597212033
0.7868162692847125,0.01753155680224404,0.01753155680224404,0.17812061711079943
0.7756883814640698,0.01544660846205507,0.019476158495634655,0.18938885157824042
0.7729313662604234,0.01731879409878127,0.01796023091725465,0.19178960872354073
0.7711598746081505,0.016927899686520375,0.016300940438871474,0.19561128526645769
0.768719806763285,0.017512077294685992,0.01932367149758454,0.19444444444444445
0.7736932797242964,0.016082711085583,0.017805858701895463,0.19241815048822516
0.7606885063853415,0.012770682953914493,0.018323153803442533,0.2082176568573015
0.7585089141004863,0.015667206915180983,0.01728795245813074,0.20853592652620206
0.7556818181818182,0.017045454545454544,0.017045454545454544,0.21022727272727273
0.7557673019057172,0.016549648946840523,0.016549648946840523,0.2111334002006018
0.7535245503159942,0.01701507049100632,0.018959649975692758,0.21050072921730675
0.7494056110318592,0.018544935805991442,0.01806942463147884,0.21398002853067047
0.7531876138433515,0.019581056466302368,0.017304189435336976,0.2099271402550091
0.7524932003626473,0.019038984587488667,0.01586582048957389,0.2126019945602901
0.7459312839059674,0.018083182640144666,0.017179023508137433,0.21880650994575046
0.7450110864745011,0.01951219512195122,0.017738359201773836,0.21773835920177384
0.7413640389725421,0.021700620017714792,0.018600531443755536,0.2183348095659876
0.7426768814781433,0.02253267237494367,0.019378098242451555,0.21541234790446148
0.7507705856450902,0.022016732716864818,0.01805372082782915,0.20915896081021576
0.7536552946389012,0.020824102791315906,0.01860877270713336,0.20691182986264953
0.7568644818423383,0.021257750221434897,0.018600531443755536,0.2032772364924712
0.762673844773441,0.021982951996410947,0.020188425302826378,0.19515477792732167
0.7597864768683275,0.02491103202846975,0.02001779359430605,0.1952846975088968
0.7574123989218329,0.02605570530098832,0.021114106019766397,0.1954177897574124
0.758988015978695,0.026187305814469597,0.019529516200621395,0.19529516200621394
0.7613988490482514,0.023461708720672863,0.02434705621956618,0.19079238601150952
0.7655480984340045,0.026845637583892617,0.022818791946308724,0.18478747203579418
0.7660327288810261,0.028748341441839895,0.022556390977443608,0.1826625386996904
0.765121412803532,0.0282560706401766,0.022958057395143488,0.1836644591611479
0.7646799116997792,0.030022075055187638,0.024282560706401765,0.18101545253863136
0.7614801604993312,0.03031654034774855,0.02630405706642889,0.1818992420864913
0.7650442477876106,0.031415929203539826,0.023893805309734513,0.17964601769911503
0.7627948375611927,0.03204272363150868,0.022251891410769914,0.1829105473965287
0.7669340463458111,0.029857397504456328,0.0213903743315508,0.18181818181818182
0.7711640211640212,0.026895943562610228,0.021604938271604937,0.18033509700176367
0.77384684281236,0.027765338110165697,0.02239140170174653,0.17599641737572772
0.7802392556490917,0.026140894993354008,0.02303943287549845,0.17058041648205582
0.7794052374611629,0.02663115845539281,0.022636484687083888,0.17132711939636042
0.7776292335115864,0.024955436720142603,0.024509803921568627,0.17290552584670232
0.7763919821826281,0.025835189309576838,0.025389755011135856,0.17238307349665924
0.7797672336615935,0.025514771709937333,0.024619516562220233,0.1700984780662489
0.7833629893238434,0.023131672597864767,0.02090747330960854,0.17259786476868327
0.7913701067615658,0.021352313167259787,0.022686832740213523,0.16459074733096085
0.7879604672057502,0.02021563342318059,0.02336028751123091,0.16846361185983827
0.782434239857334,0.022737405260811413,0.024074899687917966,0.1707534551939367
0.7833629893238434,0.023131672597864767,0.02402135231316726,0.16948398576512455
0.7842435094001791,0.024619516562220233,0.022381378692927483,0.16875559534467324
0.7916481563749445,0.025322079075966238,0.023989338071968014,0.15904042647712127
0.7889784946236559,0.025985663082437275,0.025537634408602152,0.15949820788530467
0.7939474855362706,0.02403204272363151,0.023141967067200713,0.1588785046728972
0.8002692998204668,0.02378815080789946,0.02154398563734291,0.15439856373429084
0.7931807985643786,0.02332884701659937,0.02288021534320323,0.16061013907581875
0.7944219523166891,0.02384165542060279,0.022941970310391364,0.1587944219523167
0.7965796579657966,0.024752475247524754,0.023852385238523854,0.1548154815481548
0.7923691215616682,0.026175687666370896,0.024844720496894408,0.15661047027506655
0.7963294538943599,0.023724261414503133,0.023276633840644583,0.1566696508504924
0.800445434298441,0.025835189309576838,0.024053452115812918,0.14966592427616926
0.8022321428571428,0.027232142857142858,0.022767857142857142,0.14776785714285715
0.8001764446404941,0.027790030877812087,0.02337891486546096,0.14865460961623292
0.7996430165104864,0.02900490852298081,0.022311468094600623,0.14904060687193219
0.79884290164664,0.02892745883400089,0.022251891410769914,0.14997774810858924
0.8006258381761288,0.02637460885113992,0.02101028162717926,0.15198927134555207
0.8020104895104895,0.025786713286713288,0.02054195804195804,0.15166083916083917
0.8052584670231729,0.025846702317290554,0.021836007130124777,0.14705882352941177
0.8086802480070859,0.024357838795394153,0.021700620017714792,0.14526129317980513
0.8145341061078912,0.024520731163620153,0.021845742309407043,0.13909942041908158
0.8178571428571428,0.025,0.02142857142857143,0.1357142857142857
0.8156374944469125,0.02310084406930253,0.02221235006663705,0.13904931141714794
0.8095238095238095,0.024477080551846907,0.024922118380062305,0.14107699154428127
0.8046283934134402,0.0258121940364931,0.025367156208277702,0.14419225634178906
0.8095667870036101,0.026173285198555957,0.02527075812274368,0.13898916967509026
0.8101604278074866,0.026737967914438502,0.024955436720142603,0.13814616755793227
0.8118015198927134,0.02682163611980331,0.028162717925793473,0.13321412606168975
0.8138605064415815,0.024433585073300755,0.02798756108396268,0.13371834740115504
0.8167701863354038,0.025288376220053237,0.027062999112688554,0.13087843833185447
0.8172043010752689,0.023297491039426525,0.027329749103942653,0.13216845878136202
0.8274316450022412,0.02330793366203496,0.02689376961004034,0.12236665172568355
0.8304482911673324,0.022192632046160676,0.027075011096316024,0.12028406569019086
0.8239750445632799,0.0213903743315508,0.026737967914438502,0.12789661319073084
0.8266309204647007,0.01966041108132261,0.02770330652368186,0.1260053619302949
0.8307349665924276,0.019599109131403118,0.025389755011135856,0.1242761692650334
0.8309608540925267,0.021352313167259787,0.02402135231316726,0.12366548042704627
0.8292035398230089,0.02256637168141593,0.02566371681415929,0.12256637168141593
0.8319290465631929,0.024390243902439025,0.0270509977827051,0.11662971175166297
0.8309608540925267,0.023131672597864767,0.026690391459074734,0.11921708185053381
0.8322898032200358,0.022808586762075134,0.0259391771019678,0.11896243291592129
0.8359929078014184,0.02304964539007092,0.025709219858156027,0.11524822695035461
0.8385231316725978,0.02090747330960854,0.027135231316725978,0.11343416370106761
0.8383073496659242,0.02093541202672606,0.026280623608017816,0.11447661469933185
0.8389496717724289,0.020568927789934355,0.024945295404814005,0.11553610503282276
0.8357271095152603,0.02064631956912029,0.025583482944344704,0.11804308797127469
0.8389112003569835,0.020972780008924587,0.0249888442659527,0.11512717536813923
0.8427365615282096,0.02087960906263883,0.023989338071968014,0.11239449133718347
0.8428697183098591,0.021566901408450703,0.022887323943661973,0.11267605633802817
0.8401253918495298,0.02104791759964174,0.025526197939991044,0.11330049261083744
0.8429789143113504,0.021534320323014805,0.02557200538358008,0.10991475998205473
0.8428571428571429,0.023660714285714285,0.02544642857142857,0.10803571428571429
0.8404067197170646,0.026967285587975242,0.026083112290008842,0.10654288240495137
0.8400353513035793,0.02562969509500663,0.021652673442333185,0.11268228015908087
0.844097995545657,0.022271714922048998,0.02271714922048998,0.110913140311804
0.8502650176678446,0.021643109540636044,0.022968197879858657,0.10512367491166077
0.8547884187082405,0.021380846325167038,0.023608017817371936,0.10022271714922049
0.8548601864181092,0.02174877940523746,0.024411895250776743,0.0989791389258766
0.8524150268336315,0.022808586762075134,0.025044722719141325,0.09973166368515206
0.8516072214883311,0.02289740202553941,0.023337736679876705,0.10215763980625275
0.8516042780748663,0.022281639928698752,0.02406417112299465,0.10204991087344029
0.8498876404494382,0.02292134831460674,0.024269662921348314,0.10292134831460674
0.8502415458937198,0.024593763724198508,0.022837066315327184,0.1023276240667545
0.8464951197870453,0.027506654835847383,0.023957409050576754,0.10204081632653061
0.8475935828877005,0.02540106951871658,0.025846702317290554,0.10115864527629234
0.84245960502693,0.026929982046678635,0.03052064631956912,0.10008976660682226
0.8428123600537394,0.02821316614420063,0.03134796238244514,0.09762651141961487
0.8450578806767587,0.02894033837934105,0.030276046304541407,0.09572573463935886
0.8440123729562528,0.029606716747680072,0.03093239063190455,0.09544851966416261
0.8437361664453298,0.02877379371403276,0.03187250996015936,0.09561752988047809
0.8482142857142857,0.027678571428571427,0.029464285714285714,0.09464285714285714
0.853852967227635,0.025243578387953942,0.02745792736935341,0.09344552701505757
0.8525324966382788,0.024652622142536978,0.025997310623038995,0.09681757059614522
0.8571428571428571,0.024107142857142858,0.023660714285714285,0.09508928571428571
0.8565719360568383,0.026198934280639432,0.024422735346358793,0.09280639431616342
0.8578366445916115,0.022958057395143488,0.024724061810154525,0.09448123620309051
0.8563089357880557,0.024247867085765602,0.025145936237090254,0.09429726088908846
0.8602054488610987,0.022331397945511387,0.026351049575703438,0.09111210361768647
0.8616880247459126,0.021210782147591693,0.02828104286345559,0.08882015024304021
0.8630926007975188,0.021267168808152416,0.028799291094373063,0.08684093929995569
0.8651079136690647,0.018884892086330936,0.02787769784172662,0.08812949640287769
0.8652387327086122,0.020080321285140562,0.027219991075412762,0.08746095493083444
0.8658104517271922,0.020814880425155006,0.02612931798051373,0.08724534986713905
0.8662222222222222,0.02,0.02311111111111111,0.09066666666666667
0.8706935123042505,0.018344519015659956,0.023266219239373602,0.08769574944071588
0.8760035682426405,0.018287243532560213,0.02096342551293488,0.0847457627118644
0.8751111111111111,0.02,0.018666666666666668,0.08622222222222223
0.8753880266075388,0.019068736141906874,0.019068736141906874,0.08647450110864745
0.8783783783783784,0.01981981981981982,0.016216216216216217,0.08558558558558559
0.8741721854304636,0.022516556291390728,0.016335540838852098,0.0869757174392936
0.8750553832521045,0.021710234824988923,0.017279574656623838,0.08595480726628267
0.8783068783068783,0.021604938271604937,0.015873015873015872,0.08421516754850088
0.8744993324432577,0.02403204272363151,0.017356475300400534,0.08411214953271028
0.8770999115826702,0.026083112290008842,0.015473032714412025,0.08134394341290893
0.8814088274632189,0.026749888542131076,0.014712438698172091,0.07712884529647793
0.8826164874551972,0.025985663082437275,0.013888888888888888,0.0775089605734767
0.8851291184327693,0.02626892252894034,0.014692787177203919,0.07390917186108638
0.8850626118067979,0.025491949910554562,0.01520572450805009,0.0742397137745975
0.8893785808726311,0.024239753195240195,0.01630674305861613,0.07007492287351257
0.8834000890075656,0.024922118380062305,0.017801513128615932,0.07387627948375612
0.8835341365461847,0.024096385542168676,0.01963409192324855,0.07273538598839803
0.8881987577639752,0.021739130434782608,0.018633540372670808,0.07142857142857142
0.8920734437975817,0.02104791759964174,0.018360949395432154,0.06851768920734438
0.8906810035842294,0.021505376344086023,0.02060931899641577,0.06720430107526881
0.8912655971479501,0.022281639928698752,0.02094474153297683,0.06550802139037433
0.8917826672653795,0.02155365963179165,0.022900763358778626,0.06376290974405029
0.8874555160142349,0.02402135231316726,0.02491103202846975,0.06361209964412812
0.8850833708877873,0.024785939612438034,0.02794051374493015,0.06219017575484453
0.8887892376681614,0.023318385650224215,0.02600896860986547,0.06188340807174888
0.8895842646401431,0.023692445239159587,0.025033527045149755,0.06168976307554761
0.8917960088691796,0.02350332594235033,0.023059866962305987,0.06164079822616408
0.8928412627834593,0.023566029346376166,0.023121387283236993,0.06047132058692752
0.8934753661784287,0.0230803373280071,0.023524189968930315,0.05992010652463382
0.8957027752909579,0.024171888988361683,0.022829006266786033,0.05729632945389436
0.8922394678492239,0.025720620842572064,0.02261640798226164,0.05942350332594235
0.8941918054930211,0.024763619990995047,0.020261143628995948,0.060783430886987844
0.8964589870013447,0.02330793366203496,0.018377409233527566,0.061855670103092786
0.902265659706797,0.02132385606397157,0.018658374055975122,0.05775211017325633
0.9048257372654156,0.022788203753351208,0.01831992850759607,0.054066130473637175
0.9086069210292813,0.02085181898846495,0.019077196095829637,0.05146406388642413
0.9052725647899911,0.023681858802502235,0.01966041108132261,0.05138516532618409
0.906347092765202,0.022636484687083888,0.022636484687083888,0.04837993786063027
0.9028087382969238,0.020954079358002677,0.02541239411502452,0.05082478823004904
0.9022082018927445,0.023433979269941414,0.023884632717440287,0.050473186119873815
0.9009329187027988,0.023545091070635273,0.025322079075966238,0.050199911150599734
0.8991111111111111,0.024,0.024888888888888887,0.052
0.8955555555555555,0.024,0.025333333333333333,0.05511111111111111
0.8960462016881386,0.023989338071968014,0.023545091070635273,0.056419369169258105
0.8966592427616926,0.023608017817371936,0.024944320712694878,0.054788418708240534
0.9012894619831036,0.02401067140951534,0.024455313472654512,0.05024455313472655
0.9039473684210526,0.02324561403508772,0.025,0.04780701754385965
0.9048900852400179,0.023777478689995513,0.02288021534320323,0.04845222072678331
0.9027149321266968,0.023076923076923078,0.024434389140271493,0.049773755656108594
0.9025573192239859,0.02204585537918871,0.023809523809523808,0.051587301587301584
0.8994685562444641,0.024800708591674048,0.025686448184233834,0.05004428697962799
0.9000444247001332,0.023989338071968014,0.025322079075966238,0.050644158151932475
0.8986486486486487,0.022072072072072072,0.025675675675675677,0.053603603603603604
0.8970588235294118,0.022281639928698752,0.026292335115864526,0.054367201426024955
0.8992007104795737,0.021314387211367674,0.027531083481349913,0.051953818827708706
0.902591599642538,0.02100089365504915,0.025915996425379804,0.050491510277033066
0.9025480554313813,0.021457308895842648,0.02592758158247653,0.05006705409029951
0.9014209591474245,0.021758436944937832,0.023978685612788632,0.05284191829484902
0.8970786516853932,0.023820224719101123,0.02651685393258427,0.052584269662921346
0.8987962550156041,0.0231832367365136,0.02719572001783326,0.05082478823004904
0.9003115264797508,0.02403204272363151,0.028037383177570093,0.047619047619047616
0.9017341040462428,0.023566029346376166,0.02712316585148955,0.04757670075589151
0.9005874378671487,0.024853140533212834,0.026208766380478987,0.04835065521915951
0.9010208610741234,0.023524189968930315,0.02663115845539281,0.048823790501553485
0.9009812667261374,0.025423728813559324,0.02631578947368421,0.04727921498661909
0.9013452914798207,0.02600896860986547,0.025560538116591928,0.04708520179372197
0.9041648007165248,0.024630541871921183,0.025078369905956112,0.04612628750559785
0.9050832208726945,0.02384165542060279,0.02564102564102564,0.04543409806567701
0.9039823008849558,0.024778761061946902,0.02920353982300885,0.0420353982300885
0.8976868327402135,0.026245551601423486,0.029804270462633453,0.046263345195729534
0.9002207505518763,0.02384105960264901,0.029580573951434878,0.046357615894039736
0.899955535793686,0.025344597598932858,0.029791018230324588,0.04490884837705647
0.8993348115299334,0.02261640798226164,0.032815964523281595,0.04523281596452328
0.8975044563279857,0.0213903743315508,0.03297682709447415,0.0481283422459893
0.8993738819320215,0.022808586762075134,0.03130590339892665,0.046511627906976744
0.8999110320284698,0.02224199288256228,0.029804270462633453,0.04804270462633452
0.8994685562444641,0.02612931798051373,0.02878653675819309,0.04561558901682905
0.9002247191011236,0.025168539325842697,0.028764044943820226,0.04584269662921348
0.8984269662921348,0.025617977528089888,0.029213483146067417,0.046741573033707864
0.896010757507844,0.027790228597041687,0.029583146571044376,0.04661586732406992
0.8981606101390758,0.026469268730372364,0.029161058770749215,0.0462090623598026
0.8985701519213584,0.027256478999106343,0.027256478999106343,0.04691689008042895
0.8955289951305887,0.0283311199645861,0.027888446215139442,0.048251438689685705
0.8974130240856378,0.029884032114183764,0.024531668153434435,0.04817127564674398
0.8948075201432408,0.02999104744852283,0.024171888988361683,0.051029543419874666
0.8931433659839715,0.031611754229741766,0.025378450578806767,0.04986642920747997
0.8928571428571429,0.03214285714285714,0.025892857142857145,0.049107142857142856
0.8950892857142857,0.029464285714285714,0.02857142857142857,0.046875
0.9042742653606411,0.024487978628673197,0.02715939447907391,0.04407836153161175
0.9030249110320284,0.02491103202846975,0.027135231316725978,0.0449288256227758
0.9091710758377425,0.024691358024691357,0.026455026455026454,0.03968253968253968
0.9090102086107412,0.024855747891699954,0.02663115845539281,0.039502885042166
0.9068021201413428,0.02429328621908127,0.02782685512367491,0.04107773851590106
0.9101073345259392,0.025044722719141325,0.025491949910554562,0.03935599284436494
0.9104084321475626,0.023715415019762844,0.025911286780852,0.039964866051822576
0.9095721217468019,0.022055580061755623,0.02690780767534186,0.04146449051610057
0.9103019538188277,0.023534635879218474,0.02575488454706927,0.040408525754884544
0.90754039497307,0.02378815080789946,0.027378815080789945,0.04129263913824058
0.912311780336581,0.022586359610274578,0.027900797165633304,0.03720106288751107
0.9144361562088635,0.021939447125932425,0.027643703378674857,0.035980693286529176
0.9136786188579017,0.02434705621956618,0.027003098716246128,0.03497122620628597
0.9132194244604317,0.025629496402877698,0.026528776978417268,0.03462230215827338
0.9147701918786256,0.026327532351628737,0.0249888442659527,0.03391343150379295
0.9154362416107382,0.026845637583892617,0.02371364653243848,0.03400447427293065
0.9167773351040284,0.0283311199645861,0.021691013722886232,0.033200531208499334
0.9156305506216696,0.02975133214920071,0.021758436944937832,0.03285968028419183
0.9161176987263944,0.028985507246376812,0.023715415019762844,0.031181379007465964
0.912850155624722,0.03023566029346376,0.023566029346376166,0.03334815473543797
0.911660777385159,0.028268551236749116,0.02517667844522968,0.03489399293286219
0.9109347442680776,0.027777777777777776,0.026895943562610228,0.03439153439153439
0.913081650570676,0.025899912203687446,0.025899912203687446,0.03511852502194908
0.9164844774814167,0.025360734586794928,0.026235242675994752,0.031919545255793616
0.9161810847153743,0.027790228597041687,0.025549081129538322,0.03047960555804572
0.9179236912156167,0.02839396628216504,0.025288376220053237,0.02839396628216504
0.9217702279839071,0.027715690657130084,0.024139472507822977,0.02637460885113992
0.9220142602495544,0.02807486631016043,0.023618538324420676,0.026292335115864526
0.9243697478991597,0.02830605926581159,0.022556390977443608,0.02476780185758514
0.9241622574955908,0.0291005291005291,0.02072310405643739,0.02601410934744268
0.9199644286349489,0.029791018230324588,0.02267674522009782,0.027567807914628723
0.9198931909212283,0.030707610146862484,0.022696929238985315,0.0267022696929239
0.9209014582412727,0.029164825452938577,0.024745912505523642,0.025187803800265134
0.9227678571428571,0.02857142857142857,0.023660714285714285,0.025
0.9223867205024675,0.02781516375056079,0.021085688649618663,0.028712427097353072
0.9193548387096774,0.026881720430107527,0.024193548387096774,0.02956989247311828
0.9187996469549867,0.027802294792586054,0.02206531332744925,0.03133274492497794
0.9210526315789473,0.028099910793933987,0.019625334522747548,0.031222123104371096
0.9161147902869757,0.029580573951434878,0.02075055187637969,0.033554083885209716
0.9161862527716186,0.028824833702882482,0.019068736141906874,0.03592017738359202
0.9161490683229814,0.02883762200532387,0.019077196095829637,0.03593611357586513
0.9162234042553191,0.02969858156028369,0.019060283687943262,0.0350177304964539
0.916331096196868,0.03087248322147651,0.018344519015659956,0.03445190156599553
0.918942731277533,0.026872246696035242,0.021145374449339206,0.03303964757709251
0.9161836825679893,0.028533214444939812,0.020954079358002677,0.034329023629068214
0.9197503343736068,0.025858225590726706,0.02229157378510923,0.03209986625055729
0.9194333776007083,0.02656042496679947,0.023019034971226208,0.03098716246126605
0.9175946547884187,0.026726057906458798,0.022271714922048998,0.0334075723830735
0.9178872614292055,0.024411895250776743,0.024411895250776743,0.033288948069241014
0.9190140845070423,0.022887323943661973,0.026848591549295774,0.03125
0.9203736654804271,0.02402135231316726,0.02491103202846975,0.03069395017793594
0.9221876389506447,0.02401067140951534,0.021787461093819474,0.03201422854602046
0.9218125277654375,0.024433585073300755,0.02265659706796979,0.03109729009329187
0.920627802690583,0.023318385650224215,0.0242152466367713,0.03183856502242152
0.9181130396083668,0.025367156208277702,0.0258121940364931,0.030707610146862484
0.9200355397601067,0.023989338071968014,0.02665482007996446,0.029320302087960905
0.919606967396159,0.025457793657882984,0.025457793657882984,0.029477445288075034
0.9195757843570481,0.029164825452938577,0.022978347326557666,0.02828104286345559
0.9187027987561084,0.028431808085295423,0.02221235006663705,0.03065304309195913
0.913215859030837,0.029955947136563875,0.024229074889867842,0.03259911894273128
0.9141212926073484,0.03010181496237273,0.023461708720672863,0.03231518370960602
0.9138240574506283,0.0296229802513465,0.024685816876122084,0.031867145421903054
0.911319073083779,0.027183600713012478,0.025846702317290554,0.035650623885918005
0.912249443207127,0.026726057906458798,0.025389755011135856,0.035634743875278395
0.914721723518851,0.026481149012567325,0.02423698384201077,0.034560143626570915
0.916892502258356,0.023486901535682024,0.026648599819331528,0.03297199638663053
0.916445623342175,0.022988505747126436,0.026525198938992044,0.03404067197170645
0.915073365940418,0.02267674522009782,0.026678523788350377,0.035571365051133834
0.9175897208684094,0.021710234824988923,0.02658396101019052,0.034116083296411165
0.9178143047534429,0.02087960906263883,0.02798756108396268,0.03331852509995557
0.9187996469549867,0.02206531332744925,0.027802294792586054,0.03133274492497794
0.9183764495985727,0.021855486173059768,0.026761819803746655,0.03300624442462088
0.9194542253521126,0.023327464788732395,0.023767605633802816,0.03345070422535211
0.9214031971580817,0.023534635879218474,0.023090586145648313,0.03197158081705151
0.9226322810137839,0.02267674522009782,0.02267674522009782,0.03201422854602046
0.9232475598935226,0.022626441881100266,0.022182786157941437,0.03194321206743567
0.9232134931202841,0.022192632046160676,0.022636484687083888,0.03195739014647137
0.9244108492663407,0.020898176967541128,0.020898176967541128,0.03379279679857715
0.9206208425720621,0.019068736141906874,0.024390243902439025,0.03592017738359202
0.9210174029451138,0.01963409192324855,0.023650156180276664,0.035698348951361
0.9205856255545697,0.021739130434782608,0.023070097604259095,0.03460514640638864
0.9201983769161407,0.023895401262398558,0.023895401262398558,0.032010820559062216
0.9265232974910395,0.022401433691756272,0.02060931899641577,0.03046594982078853
0.9307149161518093,0.02206531332744925,0.02030008826125331,0.026919682259488084
0.9290436315557514,0.021595416483032173,0.020273248126928163,0.02908770383428823
0.9256308100929614,0.021248339973439574,0.021691013722886232,0.03142983621071271
0.928031985784096,0.02132385606397157,0.02087960906263883,0.029764549089293647
0.9265611257695691,0.022867194371152155,0.019349164467897976,0.031222515391380826
0.9228723404255319,0.024822695035460994,0.01950354609929078,0.03280141843971631
0.9188240456340501,0.025010969723562967,0.020184291355857833,0.035980693286529176
0.9165931156222419,0.0264783759929391,0.02118270079435128,0.03574580759046778
0.9149313247673904,0.027470093043863535,0.022153300841825433,0.03544528134692069
0.915700267618198,0.02631578947368421,0.02096342551293488,0.037020517395182875
0.9148841354723708,0.026737967914438502,0.022281639928698752,0.03609625668449198
0.9172597864768683,0.026245551601423486,0.02224199288256228,0.03425266903914591
0.9177469825659366,0.025033527045149755,0.02011622708985248,0.037103263299061245
0.9149220489977729,0.024498886414253896,0.02271714922048998,0.0378619153674833
0.9168141592920354,0.022123893805309734,0.023893805309734513,0.03716814159292035
0.9178872614292055,0.022192632046160676,0.024411895250776743,0.03550821127385708
0.9192825112107623,0.021076233183856503,0.02600896860986547,0.033632286995515695
0.9163716814159292,0.02256637168141593,0.029646017699115044,0.031415929203539826
0.91651865008881,0.021314387211367674,0.02975133214920071,0.03241563055062167
0.917752808988764,0.020674157303370785,0.029213483146067417,0.032359550561797755
0.9189548272807795,0.023029229406554472,0.026572187776793623,0.031443755535872454
0.917220008853475,0.02257636122177955,0.027003098716246128,0.033200531208499334
0.9134701159678859,0.025869759143621766,0.027653880463871544,0.03300624442462088
0.9123275478415666,0.027592345349354695,0.027592345349354695,0.032487761459724075
0.9153297682709447,0.025846702317290554,0.027183600713012478,0.03163992869875223
0.9157706093189965,0.0264336917562724,0.026881720430107527,0.030913978494623656
0.9124505059392873,0.028596568411790584,0.026836779586449627,0.032116146062472505
0.911685994647636,0.031222123104371096,0.024977698483496878,0.032114183764495985
0.9148654609616232,0.031318923687692984,0.023820026466696075,0.02999558888398765
0.9137168141592921,0.031415929203539826,0.025221238938053097,0.029646017699115044
0.9171122994652406,0.027629233511586453,0.022727272727272728,0.03253119429590018
0.9181940098345999,0.027268663388466695,0.022351363433169423,0.03218596334376397
0.9197695035460993,0.027039007092198582,0.022163120567375887,0.03102836879432624
0.9204045734388743,0.028144239226033423,0.021547933157431837,0.02990325417766051
0.9193976970770593,0.02612931798051373,0.022143489813994686,0.032329495128432244
0.9158836689038031,0.025503355704697986,0.022818791946308724,0.035794183445190156
0.91651865008881,0.023978685612788632,0.02486678507992895,0.03463587921847247
0.9146772767462422,0.02475685234305924,0.027409372236958444,0.033156498673740056
0.9164444444444444,0.024444444444444446,0.025333333333333333,0.033777777777777775
0.9151488227454465,0.025322079075966238,0.025322079075966238,0.034207019102621056
0.9146666666666666,0.022222222222222223,0.027555555555555555,0.035555555555555556
0.9125998225377108,0.023513753327417924,0.026619343389529725,0.037267080745341616
0.911504424778761,0.023008849557522124,0.02920353982300885,0.036283185840707964
0.916256157635468,0.02239140170174653,0.026421854008060904,0.03493058665472459
0.9174475680499777,0.0214190093708166,0.026327532351628737,0.03480589022757698
0.91875,0.02142857142857143,0.024107142857142858,0.03571428571428571
0.9215513442044954,0.020713970912296167,0.023358307624504186,0.03437637725870427
0.9210643015521064,0.021286031042128603,0.02350332594235033,0.03414634146341464
0.9211581291759465,0.02093541202672606,0.024498886414253896,0.0334075723830735
0.9211581291759465,0.023608017817371936,0.023162583518930958,0.032071269487750555
0.9209821428571429,0.023660714285714285,0.023214285714285715,0.03214285714285714
0.9205711735832218,0.024096385542168676,0.024542614904060688,0.030789825970548863
0.9215336602764155,0.022737405260811413,0.024966562639322336,0.030762371823450735
0.9221183800623053,0.024477080551846907,0.02358700489541611,0.029817534490431688
0.9211691762621789,0.023472099202834367,0.024357838795394153,0.03100088573959256
0.9170731707317074,0.02394678492239468,0.027494456762749447,0.03148558758314856
0.9161518093556928,0.02294792586054722,0.028684907325684024,0.032215357458075904
0.913542126157918,0.02293780326422585,0.027790030877812087,0.03573003970004411
0.9098541758727353,0.024304021210782147,0.02695536897923111,0.038886433937251434
0.9123505976095617,0.02213368747233289,0.02611775121735281,0.03939796370075255
0.9074074074074074,0.026455026455026454,0.028659611992945325,0.03747795414462081
0.9024390243902439,0.028381374722838137,0.030598669623059866,0.038580931263858094
0.9048888888888889,0.029333333333333333,0.02711111111111111,0.03866666666666667
0.9016540008940546,0.029950827000447027,0.02682163611980331,0.041573535985695124
0.904042647712128,0.028876055086628164,0.025322079075966238,0.04175921812527766
0.9019607843137255,0.026737967914438502,0.026737967914438502,0.044563279857397504
0.9037433155080213,0.027629233511586453,0.024509803921568627,0.04411764705882353
0.9101475189986589,0.02548055431381314,0.02101028162717926,0.04336164506034868
0.9108647450110865,0.025720620842572064,0.019955654101995565,0.043458980044345896
0.9107541276215975,0.02320392681838465,0.02186523873270861,0.04417670682730924
0.9125827814569536,0.02207505518763797,0.02163355408388521,0.04370860927152318
0.9135913591359136,0.022952295229522954,0.022952295229522954,0.0405040504050405
0.91084229390681,0.0246415770609319,0.0246415770609319,0.039874551971326166
0.914260328742781,0.023989338071968014,0.024433585073300755,0.037316748111950244
0.9151785714285714,0.023660714285714285,0.023660714285714285,0.0375
0.9165557035064359,0.022636484687083888,0.022636484687083888,0.03817132711939636
0.9200176756517897,0.020326999558108707,0.022536456031816175,0.03711886875828546
0.9231456657730116,0.019213583556747096,0.02323503127792672,0.034405719392314564
0.9233169861792243,0.018279090503789567,0.024074899687917966,0.034329023629068214
0.9204244031830239,0.020778072502210435,0.022988505747126436,0.03580901856763926
0.9190981432360743,0.022988505747126436,0.022546419098143235,0.03536693191865606
0.9184491978609626,0.022727272727272728,0.024509803921568627,0.03431372549019608
0.9161862527716186,0.02394678492239468,0.024390243902439025,0.03547671840354767
0.9118689105403012,0.025686448184233834,0.025243578387953942,0.03720106288751107
0.9106666666666666,0.024,0.025777777777777778,0.03955555555555555
0.9158083296014331,0.02328705776981639,0.02418271383788625,0.03672189879086431
0.9193976970770593,0.023472099202834367,0.022143489813994686,0.034986713906111605
0.9177777777777778,0.023555555555555555,0.022222222222222223,0.036444444444444446
0.9160339437248772,0.02456453774006253,0.022331397945511387,0.03707012058954891
0.9176262178919398,0.024357838795394153,0.020814880425155006,0.03720106288751107
0.9209014582412727,0.022978347326557666,0.020326999558108707,0.035793194874060984
0.9193763919821827,0.023162583518930958,0.02182628062360802,0.035634743875278395
0.9195402298850575,0.020778072502210435,0.022988505747126436,0.03669319186560566
0.9245115452930728,0.019982238010657193,0.021314387211367674,0.034191829484902306
0.9235215651400622,0.020898176967541128,0.023566029346376166,0.03201422854602046
0.9228007181328546,0.02154398563734291,0.02378815080789946,0.031867145421903054
0.9225978647686833,0.021352313167259787,0.02402135231316726,0.03202846975088968
0.9232119350592365,0.02150065818341378,0.022378236068451074,0.03290917068889864
0.9223684210526316,0.02412280701754386,0.021929824561403508,0.031578947368421054
0.9193976970770593,0.02612931798051373,0.022586359610274578,0.03188662533215235
0.9188110026619344,0.026175687666370896,0.022626441881100266,0.0323868677905945
0.9195555555555556,0.024888888888888887,0.023555555555555555,0.032
0.9231456657730116,0.023681858802502235,0.02546916890080429,0.02770330652368186
0.9230429013710747,0.022556390977443608,0.026536930561698365,0.02786377708978328
0.9224910394265233,0.021953405017921146,0.027777777777777776,0.027777777777777776
0.9177158273381295,0.024280575539568347,0.02787769784172662,0.03012589928057554
0.9215336602764155,0.024074899687917966,0.024966562639322336,0.029424877396344182
0.9191111111111111,0.025777777777777778,0.025333333333333333,0.029777777777777778
0.9201235657546337,0.026037069726390114,0.025154457193292144,0.028684907325684024
0.9208888888888889,0.025333333333333333,0.025333333333333333,0.028444444444444446
0.9193548387096774,0.023745519713261647,0.0264336917562724,0.03046594982078853
0.9229406554472985,0.021700620017714792,0.025243578387953942,0.030115146147032774
0.9276841171251109,0.019964507542147295,0.02085181898846495,0.03149955634427684
0.9292704626334519,0.021352313167259787,0.019572953736654804,0.029804270462633453
0.9302222222222222,0.020444444444444446,0.01911111111111111,0.030222222222222223
0.9309734513274336,0.021238938053097345,0.01902654867256637,0.028761061946902654
0.929490022172949,0.020399113082039913,0.019068736141906874,0.031042128603104215
0.9317877842175658,0.018279090503789567,0.020954079358002677,0.028979045920642
0.924235711120957,0.01905183872396987,0.023482498892334957,0.03322995126273815
0.9234194122885129,0.019590382902938557,0.025378450578806767,0.031611754229741766
0.9250448833034112,0.020197486535008975,0.024685816876122084,0.03007181328545781
0.9207479964381122,0.02404274265360641,0.024487978628673197,0.030721282279608193
0.9169658886894075,0.026929982046678635,0.02333931777378815,0.032764811490125674
0.9207479964381122,0.026714158504007122,0.021816562778272486,0.030721282279608193
0.9226348364279399,0.026967285587975242,0.021220159151193633,0.029177718832891247
0.9226006191950464,0.02830605926581159,0.021229544449358692,0.02786377708978328
0.9238646482635797,0.029385574354407838,0.020035618878005344,0.026714158504007122
0.9227010217681031,0.030208796090626388,0.019546868058640605,0.027543314082629944
0.9229074889867841,0.028634361233480177,0.019823788546255508,0.028634361233480177
0.9238985313751669,0.0267022696929239,0.021806853582554516,0.027592345349354695
0.9232127096204766,0.02559576345984113,0.020741394527802295,0.030450132391879964
0.9210174029451138,0.0249888442659527,0.02320392681838465,0.030789825970548863
0.9205150976909414,0.023978685612788632,0.023978685612788632,0.03152753108348135
0.9175166297117516,0.02394678492239468,0.0270509977827051,0.03148558758314856
0.9176626826029216,0.025232403718459494,0.027003098716246128,0.03010181496237273
0.9168900804289544,0.025022341376228777,0.028596961572832886,0.029490616621983913
0.9182389937106918,0.026504941599281222,0.027403414195867025,0.027852650494159928
0.9197503343736068,0.026749888542131076,0.025858225590726706,0.027641551493535442
0.9147526501766784,0.026943462897526502,0.028268551236749116,0.030035335689045935
0.9174475680499777,0.02677376171352075,0.027666220437304774,0.028112449799196786
0.9147701918786256,0.025881302989736725,0.02900490852298081,0.03034359660865685
0.9148749451513822,0.02632733655111891,0.027643703378674857,0.031154014918824045
0.915958873491283,0.025033527045149755,0.028609745194456863,0.030397854269110416
0.9202866099417824,0.02373488580385132,0.026421854008060904,0.029556650246305417
0.9203382287494437,0.025367156208277702,0.02403204272363151,0.030262572318647086
0.9187388987566607,0.025310834813499113,0.02486678507992895,0.03108348134991119
0.9189548272807795,0.025243578387953942,0.023029229406554472,0.03277236492471213
0.9200883002207505,0.025607064017660046,0.022958057395143488,0.031346578366445915
0.9190031152647975,0.0262572318647085,0.023141967067200713,0.03159768580329328
0.920556552962298,0.02244165170556553,0.02244165170556553,0.034560143626570915
0.9235528060097216,0.02209456473707468,0.021652673442333185,0.032699955810870526
0.9178937974118697,0.02320392681838465,0.022757697456492636,0.03614457831325301
0.9212389380530973,0.023451327433628318,0.02256637168141593,0.03274336283185841
0.9211581291759465,0.023608017817371936,0.02182628062360802,0.0334075723830735
