R,A,S,N
0.0,0.0,1.0,0.0
0.0,0.3333333333333333,0.6666666666666666,0.0
0.0,0.3333333333333333,0.6666666666666666,0.0
0.0,0.3684210526315789,0.631578947368421,0.0
0.0,0.34375,0.65625,0.0
0.0,0.42857142857142855,0.5306122448979592,0.04081632653061224
0.0,0.4578313253012048,0.5060240963855421,0.03614457831325301
0.0,0.48031496062992124,0.4881889763779528,0.031496062992125984
0.0,0.4602272727272727,0.5,0.03977272727272727
0.0,0.44573643410852715,0.49612403100775193,0.05813953488372093
0.0058997050147492625,0.44837758112094395,0.4837758112094395,0.061946902654867256
0.013824884792626729,0.43317972350230416,0.47235023041474655,0.08064516129032258
0.023853211009174313,0.43853211009174314,0.43853211009174314,0.09908256880733946
0.03048780487804878,0.4329268292682927,0.4176829268292683,0.11890243902439024
0.035668789808917196,0.43312101910828027,0.3923566878980892,0.13885350318471337
0.03816793893129771,0.4296619411123228,0.37731733914940024,0.15485278080697928
0.04201680672268908,0.42857142857142855,0.3660130718954248,0.16339869281045752
0.04208754208754209,0.4234006734006734,0.3468013468013468,0.18771043771043772
0.041604754829123326,0.4323922734026746,0.3350668647845468,0.19093610698365526
0.04432505036937542,0.42175957018132976,0.32572196104768303,0.20819341840161182
0.04701397712833545,0.40724269377382466,0.3360864040660737,0.2096569250317662
0.049094097019286964,0.4272355347749854,0.32028053769725306,0.2033898305084746
0.05351170568561873,0.40746934225195097,0.32441471571906355,0.21460423634336678
0.054910242872228086,0.41077085533262936,0.3130939809926082,0.2212249208025343
0.05805805805805806,0.42242242242242245,0.3028028028028028,0.21671671671671672
0.06481939633844631,0.4210786739238001,0.2939139040079169,0.22018802572983673
0.07015065913370998,0.4110169491525424,0.2984934086629002,0.22033898305084745
0.07434944237918216,0.40985130111524165,0.2941449814126394,0.2216542750929368
0.07498835584536563,0.408011178388449,0.2827200745225897,0.2342803912435957
0.08271375464684015,0.4070631970260223,0.2746282527881041,0.23559479553903345
0.09212344541685859,0.40211883924458774,0.2630124366651313,0.24274527867342238
0.09894155545329038,0.40957202024850436,0.25126553152323977,0.24022089277496547
0.10276497695852535,0.4064516129032258,0.24930875576036865,0.24147465437788018
0.10767097966728281,0.4034195933456562,0.238909426987061,0.25
0.11325080238422743,0.40944520861989914,0.22420907840440166,0.2530949105914718
0.11270207852193996,0.40877598152424943,0.21986143187066975,0.2586605080831409
0.11689497716894977,0.4091324200913242,0.2100456621004566,0.2639269406392694
0.12038303693570451,0.4058367533059736,0.20656634746922026,0.2672138622891017
0.12556869881710647,0.408098271155596,0.20291173794358508,0.26342129208371245
0.1264786169244768,0.4067333939945405,0.19017288444040037,0.27661510464058237
0.13412408759124086,0.4032846715328467,0.18065693430656934,0.28193430656934304
0.1363842319891255,0.3978251019483462,0.17897598550067967,0.28681468056184867
0.14272727272727273,0.38772727272727275,0.16545454545454547,0.3040909090909091
0.1510392609699769,0.3856812933025404,0.1556581986143187,0.30762124711316396
0.15579710144927536,0.3858695652173913,0.14719202898550723,0.3111413043478261
0.16099773242630386,0.3768707482993197,0.15056689342403629,0.3115646258503401
0.15965626413387607,0.3808231569425599,0.13930348258706468,0.3202170963364993
0.17020316027088037,0.38284424379232507,0.13318284424379231,0.31376975169300225
0.18259693417493236,0.3751127141568981,0.1248872858431019,0.3174030658250676
0.185876993166287,0.37312072892938497,0.11981776765375854,0.3211845102505695
0.19308486753480017,0.37763807813201616,0.10282891782667265,0.326448136506511
0.20045045045045046,0.3752252252252252,0.09414414414414414,0.3301801801801802
0.20706618962432916,0.3725402504472272,0.0872093023255814,0.33318425760286224
0.2116331096196868,0.3727069351230425,0.0796420581655481,0.3360178970917226
0.21508255243195,0.3645693886657742,0.07719767960731816,0.3431503792949576
0.22554711924966503,0.3631085305940152,0.06520768200089326,0.34613666815542654
0.23300536672629696,0.35688729874776387,0.061270125223613595,0.3488372093023256
0.2410873440285205,0.3551693404634581,0.05659536541889483,0.3471479500891266
0.25123818099954975,0.35164340387212967,0.04682575416479064,0.35029266096352996
0.25735950044603034,0.3434433541480821,0.04415700267618198,0.35504014272970563
0.2611973392461197,0.33791574279379155,0.04212860310421286,0.35875831485587584
0.2688028482421006,0.3413440142412105,0.03649310191366266,0.35336003560302626
0.27701200533570475,0.3352601156069364,0.0377945753668297,0.3499333036905291
0.2793791574279379,0.33303769401330374,0.03636363636363636,0.35121951219512193
0.2836411609498681,0.32497801231310464,0.0316622691292876,0.3597185576077397
0.27992879394748554,0.33288829550511795,0.030262572318647086,0.35692033822874947
0.282560706401766,0.3337748344370861,0.027373068432671083,0.3562913907284768
0.28665496049165934,0.32748024582967517,0.025899912203687446,0.35996488147497807
0.29346866725507503,0.3270079435127979,0.02559576345984113,0.353927625772286
0.2979842243645925,0.3194566170026293,0.025416301489921123,0.35714285714285715
0.2992988606485539,0.31858019281332167,0.02147239263803681,0.36064855390008765
0.30543382997370727,0.3141980718667835,0.01971954425942156,0.36064855390008765
0.3058978873239437,0.31117957746478875,0.01936619718309859,0.363556338028169
0.31261101243339257,0.3130550621669627,0.017317939609236235,0.35701598579040855
0.31864257382106653,0.30453944468929045,0.01762891141472014,0.3591890700749229
0.3198218262806236,0.2975501113585746,0.01737193763919822,0.36525612472160357
0.3237347294938918,0.29930191972076786,0.01614310645724258,0.36082024432809773
0.3261443661971831,0.3019366197183099,0.014524647887323943,0.3573943661971831
0.3353927625772286,0.2965578111209179,0.01323918799646955,0.35481023830538394
0.3410683012259194,0.29203152364273205,0.013572679509632224,0.3533274956217163
0.35083848190644307,0.28773168578993824,0.014563106796116505,0.3468667255075022
0.35900841080123946,0.27976980965028775,0.01814962372731297,0.3430721558211598
0.3640331732867743,0.28328240942819727,0.014404190309908338,0.33828022697512006
0.36786188579017265,0.2731297034085879,0.015493581230633024,0.3435148295706065
0.37220517316966245,0.2779482683033757,0.016220955721174924,0.33362560280578696
0.3767605633802817,0.269806338028169,0.014524647887323943,0.3389084507042254
0.3748350197976243,0.27056753189617244,0.014518257809062912,0.34007919049714036
0.3868131868131868,0.26857142857142857,0.014945054945054945,0.32967032967032966
0.39263803680981596,0.2598597721297108,0.014460999123575811,0.33304119193689746
0.3996517196343056,0.2629516760992599,0.013060513713539399,0.3243360905528951
0.3986842105263158,0.26359649122807016,0.015789473684210527,0.3219298245614035
0.4079295154185022,0.2594713656387665,0.014977973568281937,0.31762114537444935
0.4163390126692879,0.24814329401485366,0.01529051987767584,0.32022717343818263
0.4261061946902655,0.24026548672566372,0.01327433628318584,0.32035398230088497
0.42744755244755245,0.24213286713286714,0.013986013986013986,0.31643356643356646
0.43465045592705165,0.24012158054711247,0.013026487190620929,0.31220147633521494
0.4388551604509974,0.23850823937554205,0.012575888985255855,0.31006071118820466
0.44759825327510916,0.2314410480349345,0.013100436681222707,0.3078602620087336
0.4547826086956522,0.23565217391304347,0.01217391304347826,0.29739130434782607
0.4570552147239264,0.2357581069237511,0.010517090271691499,0.29666958808063104
0.4535993061578491,0.2367736339982654,0.013009540329575022,0.2966175195143105
0.45695652173913043,0.23391304347826086,0.01217391304347826,0.29695652173913045
0.4616052060737527,0.23080260303687636,0.009978308026030369,0.29761388286334056
0.46689744699264385,0.22630895716140198,0.0099524015577672,0.29684119428818695
0.4828797190517998,0.21992976294995611,0.009218612818261633,0.28797190517998245
0.484375,0.22265625,0.009548611111111112,0.2834201388888889
0.4969352014010508,0.21935201401050788,0.00788091068301226,0.27583187390542907
0.5065847234416154,0.21553994732221246,0.007901668129938543,0.26997366110623355
0.5063961182179091,0.21658579620644022,0.009263343625937363,0.26775474194971327
0.5060449050086355,0.22020725388601037,0.009499136442141624,0.26424870466321243
0.5156521739130435,0.2117391304347826,0.009130434782608696,0.2634782608695652
0.5223621363438993,0.20712114633087278,0.007815892314372557,0.2627008250108554
0.5326460481099656,0.19802405498281786,0.006872852233676976,0.26245704467353953
0.5420641803989592,0.19297484822202948,0.009540329575021683,0.2554206418039896
0.55188884064264,0.18671298306556666,0.008250108554059922,0.2531480677377334
0.5580993520518358,0.18660907127429804,0.0064794816414686825,0.2488120950323974
0.5648228176318064,0.18452895419187554,0.006914433880726016,0.24373379429559205
0.5697674418604651,0.1843238587424634,0.006029285099052541,0.23987941429801896
0.584192439862543,0.1791237113402062,0.006013745704467354,0.23067010309278352
0.5882859603789836,0.1744186046511628,0.0068906115417743325,0.23040482342807925
0.5936151855047455,0.16911130284728215,0.006902502157031924,0.23037100949094047
0.5946758265349935,0.16487762988407043,0.006869901245169601,0.23357664233576642
0.6046409807355516,0.15980735551663747,0.0074430823117338,0.22810858143607707
0.6093344857389801,0.15384615384615385,0.007346585998271392,0.22947277441659464
0.6150878696956709,0.1495927989712816,0.006000857265323617,0.22931847406772396
0.6259706643658326,0.14322691975841242,0.007765314926660914,0.22303710094909404
0.625,0.15120274914089346,0.00902061855670103,0.21477663230240548
0.6353042727665085,0.14976262408286578,0.008631851532153647,0.20630125161847215
0.6411462788708298,0.1484174508126604,0.008982035928143712,0.20145423438836613
0.6458691910499139,0.14500860585197933,0.009036144578313253,0.20008605851979347
0.6512623020967052,0.14206247325631152,0.008557980316645272,0.19811724433033803
0.6602067183462532,0.13824289405684753,0.009905254091300603,0.1916451335055986
0.6636790439607341,0.13529662825437475,0.008962868117797696,0.19206145966709348
0.6719896417781615,0.13077255071212776,0.009926629261976695,0.18731117824773413
0.6788321167883211,0.13009875483039932,0.007728638900815801,0.18334048948046372
0.678740836567486,0.13497197067701597,0.009918068132815868,0.1763691246226822
0.6713978494623656,0.14021505376344087,0.011612903225806452,0.1767741935483871
0.6871772805507745,0.13080895008605853,0.00946643717728055,0.17254733218588642
0.6942041522491349,0.12673010380622837,0.010813148788927335,0.16825259515570934
0.699357601713062,0.12291220556745182,0.009421841541755889,0.1683083511777302
0.7038938810440736,0.12280701754385964,0.010269576379974325,0.16302952503209242
0.7114384748700173,0.11871750433275563,0.009532062391681109,0.16031195840554593
0.7184424475823705,0.11210954214805306,0.01069747539580659,0.15875053487376978
0.7196742391770253,0.11187312473210459,0.009858551221603087,0.15859408486926704
0.7159333618111918,0.11191798376762067,0.011533532678342588,0.16061512174284495
0.7217021276595744,0.10808510638297872,0.01276595744680851,0.1574468085106383
0.7258407833120477,0.1068539804171988,0.012345679012345678,0.15495955725840782
0.731457800511509,0.10272804774083547,0.014066496163682864,0.1517476555839727
0.736480686695279,0.10600858369098712,0.012446351931330472,0.14506437768240343
0.7442455242966752,0.10230179028132992,0.011082693947144074,0.1423699914748508
0.7450980392156863,0.10187553282182438,0.010230179028132993,0.14279624893435636
0.7534246575342466,0.0958904109589041,0.009845890410958904,0.1408390410958904
0.7522311942201445,0.09774755631109222,0.010199745006374841,0.13982150446238845
0.7579753296469588,0.09570395576350489,0.010633772862611655,0.13568694172692472
0.7699788583509514,0.0879492600422833,0.010993657505285413,0.13107822410147993
0.771687526974536,0.08761329305135952,0.012516184721622789,0.12818299525248167
0.7749786507258754,0.08283518360375747,0.011955593509820665,0.13023057216054654
0.7825715506193934,0.08500640751815464,0.012815036309269542,0.1196070055531824
0.78839590443686,0.08148464163822526,0.010238907849829351,0.11988054607508532
0.7925170068027211,0.08035714285714286,0.013180272108843538,0.11394557823129252
0.8080068876452863,0.07404218682737838,0.008609556607834697,0.10934136891950065
0.8112331081081081,0.07094594594594594,0.009290540540540541,0.1085304054054054
0.8179871520342612,0.06809421841541756,0.006852248394004282,0.10706638115631692
0.8186440677966101,0.06822033898305084,0.007627118644067797,0.10550847457627119
0.8200085506626763,0.06883283454467722,0.007268063274903805,0.10389055151774262
0.8228766538625694,0.0670081092616304,0.007255655142979087,0.10285958173282117
0.8240506329113924,0.06751054852320675,0.008438818565400843,0.1
0.8282785134557882,0.06407518154634771,0.007689021785561726,0.09995728321230243
0.8294736842105264,0.06231578947368421,0.00968421052631579,0.09852631578947368
0.8312236286919831,0.06329113924050633,0.012658227848101266,0.09282700421940929
0.8338968723584108,0.05959425190194421,0.013947590870667794,0.09256128486897718
0.8393234672304439,0.05750528541226216,0.010570824524312896,0.09260042283298098
0.8409863945578231,0.05824829931972789,0.012329931972789115,0.08843537414965986
0.8416175231676495,0.05812973883740522,0.014321819713563605,0.08593091828138164
0.8424396442185514,0.05506141465480729,0.011012282930961457,0.09148665819567979
0.8430953398888413,0.05472424112868747,0.011970927746900385,0.09020949123557076
0.8466101694915255,0.05211864406779661,0.01228813559322034,0.08898305084745763
0.8514724711907811,0.052496798975672214,0.013230900554844216,0.08279982927870252
0.8491996630160067,0.05054759898904802,0.013058129738837404,0.08719460825610784
0.8533389687235841,0.04818258664412511,0.01267962806424345,0.08579881656804733
0.8530038346825735,0.0489987217724755,0.01278227524499361,0.08521516829995739
0.8544839255499154,0.050338409475465314,0.012267343485617596,0.0829103214890017
0.8612054329371817,0.04923599320882852,0.008488964346349746,0.08106960950764007
0.8616484440706476,0.050462573591253154,0.010092514718250631,0.07779646761984861
0.8624047417442845,0.05080440304826418,0.009314140558848433,0.07747671464860288
0.8614864864864865,0.049408783783783786,0.010135135135135136,0.0789695945945946
0.864592094196804,0.0496215306980656,0.008830950378469302,0.07695542472666106
0.8731375053214133,0.04767986377181779,0.009365687526607066,0.06981694338016177
0.8773424190800682,0.046848381601362864,0.007240204429301534,0.06856899488926746
0.8792372881355932,0.04576271186440678,0.008050847457627118,0.06694915254237288
0.8836717428087987,0.04314720812182741,0.005499153976311337,0.0676818950930626
0.8816120906801007,0.04324097397145256,0.008396305625524769,0.06675062972292191
0.8910638297872341,0.0374468085106383,0.008936170212765958,0.0625531914893617
0.8911222780569514,0.038107202680067,0.008793969849246231,0.06197654941373534
0.8888888888888888,0.039141414141414144,0.007154882154882155,0.06481481481481481
0.8896377422072451,0.04212299915754002,0.007582139848357203,0.060657118786857624
0.8909090909090909,0.0427061310782241,0.008033826638477801,0.05835095137420719
0.8912768647281921,0.043404972608512435,0.0058997050147492625,0.05941845764854614
0.8964210526315789,0.04042105263157895,0.003368421052631579,0.059789473684210524
0.8957545187053384,0.03741067675493905,0.004203446826397646,0.06263135771332493
0.897089835512442,0.03753690425980599,0.003795866722901729,0.061577393504850274
0.904121110176619,0.03490328006728343,0.0037846930193439865,0.057190916736753576
0.9021509911429777,0.036693378321383384,0.005061155630535639,0.05609447490510333
0.9027484143763214,0.03551797040169133,0.0054968287526427064,0.05623678646934461
0.9036850921273032,0.03559463986599665,0.005862646566164154,0.05485762144053601
0.8985690235690236,0.03787878787878788,0.008838383838383838,0.054713804713804715
0.9038950042337003,0.03429297205757832,0.009314140558848433,0.05249788314987299
0.9026661024121879,0.033008887008040624,0.011002962336013541,0.053322048243757934
0.9070256625999159,0.030290281867900715,0.010096760622633571,0.05258729490954985
0.9100979974435449,0.030251384746484873,0.008095440988495952,0.05155517682147422
0.907672849915683,0.02993254637436762,0.011804384485666104,0.050590219224283306
0.9080556727119359,0.03163222269084774,0.009278785322648671,0.051033319274567696
0.9095925297113752,0.030135823429541596,0.00933786078098472,0.050933786078098474
0.9111394557823129,0.02806122448979592,0.00977891156462585,0.05102040816326531
0.9142736486486487,0.02702702702702703,0.009712837837837838,0.048986486486486486
0.9131534569983136,0.026559865092748734,0.01011804384485666,0.050168634064080946
0.9183241641980533,0.02581464240372408,0.011426153195090986,0.04443504020313161
0.9231094212082805,0.022813688212927757,0.008027038445289396,0.04604985213350232
0.9226588628762542,0.024247491638795988,0.005852842809364548,0.04724080267558529
0.9250418760469011,0.022613065326633167,0.006700167504187605,0.045644891122278056
0.9216589861751152,0.024298282362798494,0.007121910347716799,0.0469208211143695
0.9185997469422185,0.02741459299873471,0.006748207507380852,0.04723745255166596
0.9222362337116435,0.02564102564102564,0.007145859604875998,0.044976881042454814
0.9246861924686193,0.022594142259414227,0.006276150627615063,0.046443514644351466
0.9235318969159273,0.019856358259400086,0.008027038445289396,0.04858470637938318
0.9278785322648672,0.020244622522142555,0.008435259384226065,0.043441585828764236
0.928391959798995,0.021775544388609715,0.006700167504187605,0.04313232830820771
0.928480744815912,0.02158273381294964,0.006347862886161659,0.04358865848497673
0.9273486430062631,0.021711899791231733,0.008350730688935281,0.04258872651356994
0.9319526627218935,0.02197802197802198,0.005917159763313609,0.04015215553677092
0.926126878130217,0.02378964941569282,0.008764607679465776,0.041318864774624375
0.9264270613107822,0.026215644820295984,0.008456659619450317,0.03890063424947146
0.9266247379454927,0.024737945492662474,0.00880503144654088,0.039832285115303984
0.9278176445757703,0.026171380329252848,0.008442380751371888,0.0375685943436049
0.9291107382550335,0.027684563758389263,0.007130872483221477,0.03607382550335571
0.9328577423415862,0.027276542173730593,0.007973143096936634,0.03189257238774654
0.9313684210526316,0.029894736842105262,0.005894736842105263,0.032842105263157895
0.9323813523729525,0.031499370012599746,0.005879882402351953,0.030239395212095756
0.9324381032312211,0.03231221149811162,0.00629458665547629,0.028955098615190935
0.9324097397145256,0.02980688497061293,0.007136859781696054,0.030646515533165407
0.9310782241014799,0.027906976744186046,0.005919661733615222,0.03509513742071882
0.9314550042052144,0.025651808242220353,0.0054667788057190915,0.037426408746846086
0.9347917543121582,0.02524190155658393,0.005048380311316786,0.034917963819941104
0.9343096234309624,0.024686192468619247,0.00502092050209205,0.03598326359832636
0.9301547469677959,0.025512337933918862,0.007109995817649519,0.037222919280635716
0.9281210592686002,0.026061370323665407,0.008827238335435058,0.036990332072299285
0.9322105263157895,0.023578947368421053,0.008,0.03621052631578947
0.9309045226130653,0.022613065326633167,0.008375209380234505,0.038107202680067
0.932460953989025,0.019839594765723934,0.010130856901646263,0.0375685943436049
0.9338635412306404,0.019254918375889492,0.011720385098367517,0.03516115529510255
0.9403611927761445,0.019319613607727847,0.00881982360352793,0.031499370012599746
0.9412505245488879,0.017624842635333614,0.009232060428031893,0.03189257238774654
0.9403805496828752,0.019027484143763214,0.008456659619450317,0.032135306553911204
0.9429290809903483,0.01678556441460344,0.00839278220730172,0.03189257238774654
0.945193929173693,0.01517706576728499,0.008010118043844857,0.031618887015177066
0.9401673640167364,0.013807531380753139,0.010460251046025104,0.03556485355648536
0.9394957983193277,0.011764705882352941,0.012184873949579832,0.0365546218487395
0.9389376829778335,0.014219991635299039,0.010874111250522794,0.03596821413634463
0.9414490311710194,0.013900589721988205,0.010530749789385004,0.03411962931760741
0.9417967102488402,0.016026992830029525,0.009700548291859975,0.03247574862927035
0.9401923881221247,0.017984107068172314,0.00794646591384358,0.033877038895859475
0.9386733416770964,0.0196078431372549,0.007509386733416771,0.03420942845223195
0.9388609715242882,0.019262981574539362,0.007956448911222781,0.03391959798994975
0.9397489539748954,0.02092050209205021,0.007112970711297071,0.03221757322175732
0.9379454926624738,0.020545073375262055,0.008385744234800839,0.03312368972746331
0.9414243573535609,0.01938474504846186,0.006321112515802781,0.03286978508217446
0.9386113463166808,0.02286198137171888,0.006350550381033023,0.03217612193056731
0.9365750528541226,0.023678646934460888,0.00718816067653277,0.03255813953488372
0.9383389261744967,0.02307046979865772,0.00587248322147651,0.03271812080536913
0.9374207188160677,0.02241014799154334,0.006342494714587738,0.03382663847780127
0.9380234505862647,0.02135678391959799,0.005862646566164154,0.0347571189279732
0.9377628259041211,0.022287636669470142,0.005046257359125316,0.03490328006728343
0.939203354297694,0.021383647798742137,0.005031446540880503,0.034381551362683435
0.94001677852349,0.02097315436241611,0.004614093959731544,0.034395973154362415
0.9355518112889638,0.02527379949452401,0.005054759898904802,0.03411962931760741
0.932324506094998,0.024800336275746113,0.004623791509037411,0.03825136612021858
0.919409282700422,0.030379746835443037,0.008860759493670886,0.04135021097046414
0.9222644697929869,0.02703844528939586,0.008027038445289396,0.04267004647232784
0.9218880534670009,0.027151211361737676,0.00835421888053467,0.042606516290726815
0.9235318969159273,0.025348542458808618,0.008027038445289396,0.043092522179974654
0.9274328859060402,0.022231543624161073,0.007130872483221477,0.04320469798657718
0.927257525083612,0.0225752508361204,0.00919732441471572,0.04096989966555184
0.9289019772822886,0.020193521245267142,0.010096760622633571,0.04080774084981069
0.9276703111858705,0.019764507989907486,0.011774600504625737,0.0407905803195963
0.9296249473240624,0.021491782553729456,0.012642225031605562,0.036241045090602615
0.9279696714406066,0.02232518955349621,0.013479359730412805,0.03622577927548441
0.9333614508646141,0.02361872627583298,0.009700548291859975,0.03331927456769296
0.9325795644891123,0.021775544388609715,0.009631490787269681,0.036013400335008376
0.9361344537815126,0.02142857142857143,0.008403361344537815,0.03403361344537815
0.9327165685449958,0.0248107653490328,0.00672834314550042,0.03574432296047098
0.9316848281642917,0.02347024308466052,0.0075440067057837385,0.03730092204526404
0.932296047098402,0.023128679562657694,0.008410428931875526,0.03616484440706476
0.9328547297297297,0.024070945945945946,0.007601351351351352,0.03547297297297297
0.9363867684478372,0.024173027989821884,0.007633587786259542,0.031806615776081425
0.934626739772248,0.026571067060312106,0.007169970476592155,0.03163222269084774
0.9317420435510888,0.02931323283082077,0.008793969849246231,0.03015075376884422
0.9253042383550147,0.03231221149811162,0.005874947545111205,0.03650860260176248
0.9255677039529016,0.03153910849453322,0.00672834314550042,0.03616484440706476
0.9255677039529016,0.03153910849453322,0.006307821698906644,0.036585365853658534
0.9275423728813559,0.030084745762711865,0.006779661016949152,0.03559322033898305
0.926890756302521,0.030252100840336135,0.007142857142857143,0.03571428571428571
0.9286017849553762,0.03144921376965576,0.0055248618784530384,0.034424139396515084
0.9290540540540541,0.030405405405405407,0.007601351351351352,0.032939189189189186
0.9295006294586655,0.029794376835921108,0.005455308434746118,0.03524968527066723
0.9290540540540541,0.030405405405405407,0.0046452702702702705,0.03589527027027027
0.9340937896070975,0.024926066751161807,0.0076045627376425855,0.033375580904098014
0.932324506094998,0.02564102564102564,0.009247583018074821,0.03278688524590164
0.9330543933054394,0.02594142259414226,0.007949790794979079,0.03305439330543933
0.9327448507776377,0.024800336275746113,0.008827238335435058,0.03362757461118117
0.9370012599748005,0.024359512809743807,0.007139857202855943,0.031499370012599746
0.9386892177589852,0.021987315010570826,0.0054968287526427064,0.03382663847780127
0.9386892177589852,0.02156448202959831,0.006342494714587738,0.03340380549682875
0.9375262054507337,0.02012578616352201,0.007547169811320755,0.03480083857442348
0.9368465077373483,0.020075282308657464,0.00794646591384358,0.03513174404015056
0.9345014601585315,0.02127659574468085,0.008343763037129746,0.035878181059657906
0.9337775926697209,0.02082465639316951,0.007913369429404415,0.037484381507705125
0.9320184641208561,0.02140159462861939,0.007553503986571549,0.039026437263953
0.9336691855583543,0.019731318219983206,0.008816120906801008,0.037783375314861464
0.9326599326599326,0.022306397306397305,0.007575757575757576,0.03745791245791246
0.9336413271734565,0.019739605207895843,0.009239815203695927,0.0373792524149517
0.9355246523388117,0.02107037505267594,0.008428150021070375,0.03497682258744206
0.934260429835651,0.021491782553729456,0.00969237252423093,0.034555415086388534
0.934801016088061,0.02032176121930567,0.009314140558848433,0.03556308213378493
0.9337552742616034,0.022362869198312235,0.007172995780590718,0.03670886075949367
0.9359190556492412,0.01981450252951096,0.006745362563237774,0.03752107925801012
0.9308176100628931,0.022222222222222223,0.009643605870020965,0.03731656184486373
0.9257861635220126,0.025576519916142557,0.007966457023060796,0.04067085953878407
0.9288421052631579,0.024421052631578948,0.007578947368421052,0.03915789473684211
0.9314550042052144,0.022287636669470142,0.009251471825063078,0.03700588730025231
0.9287510477787091,0.020955574182732608,0.009639564124056999,0.040653813914501256
0.9302030456852792,0.021573604060913704,0.008883248730964468,0.03934010152284264
0.9297433740008414,0.020193521245267142,0.007993268826251577,0.04206983592763988
0.930514859773964,0.019673503557974047,0.00795311845960653,0.041858518208455424
0.9331383201002925,0.0192227329711659,0.005014625992478061,0.04262432093606352
0.9319041614123581,0.018915510718789406,0.006725514922236234,0.042454812946616224
0.927791771620487,0.0218303946263644,0.0054575986565911,0.044920235096557515
0.9351032448377581,0.017699115044247787,0.0050568900126422255,0.04214075010535188
0.9365012615643398,0.017661900756938603,0.004205214465937763,0.04163162321278385
0.9330244313395114,0.018112889637742206,0.005054759898904802,0.04380791912384162
0.9305729820158929,0.019238812212463405,0.006691760769552488,0.043496445002091176
0.9324097397145256,0.018052057094878254,0.0054575986565911,0.04408060453400504
0.9317134478424801,0.019271051529116047,0.005865102639296188,0.043150397989107664
0.9290484140233722,0.02003338898163606,0.006260434056761269,0.044657762938230386
0.9301052631578948,0.02231578947368421,0.0046315789473684215,0.04294736842105263
0.928780896522832,0.02304147465437788,0.004608294930875576,0.04356933389191454
0.922980326496442,0.027208036835496024,0.006278777731268313,0.043532858936793636
0.9220008478168715,0.026706231454005934,0.0072064434082238235,0.04408647732089869
0.9204688154039347,0.0301381331100879,0.0058601925491837585,0.043532858936793636
0.9165261382799326,0.03246205733558179,0.00505902192242833,0.045952782462057334
0.9156829679595279,0.03035413153456998,0.0054806070826306915,0.048482293423271504
0.9146599070553443,0.03126320236586396,0.0063371356147021544,0.04773975496408957
0.9161399072903498,0.03202697008006743,0.005478297513695744,0.046354825115887066
0.9152970922882427,0.03076274757690687,0.007585335018963337,0.046354825115887066
0.9172963895885811,0.030226700251889168,0.007556675062972292,0.044920235096557515
0.9164216715665686,0.030659386812263753,0.008399832003359933,0.044519109617807646
0.9130801687763713,0.03080168776371308,0.009704641350210971,0.046413502109704644
0.9152970922882427,0.029077117572692796,0.008849557522123894,0.04677623261694058
0.9162810265039967,0.030710980227177113,0.00715187210769878,0.04585612116112747
0.919714165615805,0.029003783102143757,0.005044136191677175,0.04623791509037411
0.920253164556962,0.0270042194092827,0.006329113924050633,0.046413502109704644
0.9225915018931427,0.026924694993689526,0.004206983592763988,0.04627681952040387
0.9225263157894736,0.028210526315789474,0.004210526315789474,0.045052631578947365
0.9175387191293428,0.029300962745918795,0.0050230221850146506,0.04813729593972373
0.9161073825503355,0.031879194630872486,0.00587248322147651,0.04614093959731544
0.9165618448637316,0.030607966457023062,0.005870020964360587,0.0469601677148847
0.9219143576826196,0.026028547439126783,0.0054575986565911,0.04659949622166247
0.9225915018931427,0.026083298275136727,0.006310475389145982,0.04501472444257468
0.9254918375889494,0.02678945165341147,0.007115948095437421,0.04060276266220176
0.929377350605934,0.025073129962390306,0.0071040534893439195,0.0384454659423318
0.9304274937133278,0.025984911986588432,0.00586756077116513,0.037720033528918694
0.9282136894824707,0.025041736227045076,0.005008347245409015,0.041736227045075125
0.9283319362950545,0.024308466051969825,0.006286672254819782,0.04107292539815591
0.9320305862361937,0.021240441801189464,0.006372132540356839,0.04035683942225998
0.9308466051969824,0.020955574182732608,0.0075440067057837385,0.040653813914501256
0.9330808080808081,0.01936026936026936,0.008417508417508417,0.039141414141414144
0.9295952782462057,0.021500843170320406,0.00885328836424958,0.04005059021922428
0.9313807531380753,0.02092050209205021,0.008786610878661089,0.03891213389121339
0.9301255230125522,0.0200836820083682,0.007112970711297071,0.042677824267782424
0.9242742953302482,0.023138409760201935,0.009255363904080775,0.04333193100546908
0.9229157938835358,0.024298282362798494,0.009216589861751152,0.04356933389191454
0.9224283305227656,0.024873524451939293,0.008010118043844857,0.04468802698145025
0.9174819225861336,0.025946405784772437,0.008081667375584857,0.04849000425350915
0.914501257334451,0.025146689019279127,0.007124895222129086,0.05322715842414082
0.9148038802193167,0.026149304091100802,0.008013496415014762,0.051033319274567696
0.9164535379369139,0.024296675191815855,0.008098891730605285,0.05115089514066496
0.9170854271356784,0.026381909547738693,0.005862646566164154,0.05067001675041876
0.9165968147527243,0.025984911986588432,0.006286672254819782,0.05113160100586756
0.9175777964676198,0.025651808242220353,0.005887300252312868,0.05088309503784693
0.920253164556962,0.024472573839662448,0.00590717299578059,0.049367088607594936
0.9170506912442397,0.026392961876832845,0.005446166736489317,0.051110180142438205
0.9145622895622896,0.027356902356902357,0.007154882154882155,0.05092592592592592
0.9139100932994063,0.02544529262086514,0.008481764206955046,0.05216284987277354
0.9120100083402836,0.027105921601334446,0.008757297748123435,0.05212677231025855
0.9171247357293869,0.023255813953488372,0.01014799154334038,0.04947145877378435
0.9130434782608695,0.02508361204013378,0.00919732441471572,0.052675585284280936
0.914983164983165,0.025252525252525252,0.00968013468013468,0.050084175084175085
0.9167020824479388,0.022949426264343393,0.009349766255843604,0.050998725031874206
0.9157540016849199,0.02358887952822241,0.007582139848357203,0.05307497893850042
0.9139017219655607,0.024779504409911803,0.00881982360352793,0.05249895002099958
0.9172297297297297,0.024070945945945946,0.009290540540540541,0.049408783783783786
0.9159310634720471,0.02564102564102564,0.008827238335435058,0.049600672551492225
0.9175732217573221,0.023430962343096235,0.009205020920502092,0.0497907949790795
0.9147417051658967,0.02645947081058379,0.00881982360352793,0.0499790004199916
0.9139378673383711,0.02476910159529807,0.008816120906801008,0.05247691015952981
0.9170854271356784,0.024288107202680067,0.007537688442211055,0.05108877721943048
0.9147417051658967,0.027299454010919783,0.007559848803023939,0.0503989920201596
0.9111578947368421,0.026947368421052633,0.00968421052631579,0.05221052631578947
0.9137714524905818,0.025533696107157805,0.009208874005860193,0.051485977396400165
0.9180327868852459,0.02395964691046658,0.008406893652795292,0.049600672551492225
0.9205745669623997,0.02788339670468948,0.004647232784114913,0.046894803548795945
0.9196804037005887,0.028595458368376788,0.005046257359125316,0.04667788057190917
0.9165275459098498,0.02963272120200334,0.00667779632721202,0.04716193656093489
0.9204545454545454,0.0281986531986532,0.006734006734006734,0.04461279461279461
0.9201858108108109,0.028293918918918918,0.00633445945945946,0.045185810810810814
0.9217354317311782,0.030625265844321566,0.005104210974053594,0.04253509145044662
0.9196988707653702,0.033877038895859475,0.005018820577164366,0.04140526976160602
0.9217245709501883,0.033486814566764334,0.004185851820845542,0.04060276266220176
0.9145622895622896,0.0361952861952862,0.005892255892255892,0.04335016835016835
0.9183501683501684,0.03535353535353535,0.004208754208754209,0.04208754208754209
0.9166666666666666,0.03493265993265993,0.006734006734006734,0.041666666666666664
0.9133165829145728,0.038944723618090454,0.006700167504187605,0.04103852596314908
0.9134089953762085,0.03488860865910046,0.007986548970155528,0.04371584699453552
0.9127659574468086,0.036170212765957444,0.006808510638297872,0.04425531914893617
0.9090139652983495,0.03639441388066018,0.006771053745239103,0.047820567075751164
0.9100169779286927,0.038200339558573854,0.0050933786078098476,0.0466893039049236
0.906289573659772,0.04178978471929084,0.005065428450823132,0.04685521317011397
0.9058427910886927,0.03867171080285835,0.007566204287515763,0.04791929382093316
0.9048218029350105,0.04067085953878407,0.007966457023060796,0.04654088050314465
0.9084388185654009,0.038818565400843885,0.007172995780590718,0.04556962025316456
0.911504424778761,0.03666245259165613,0.0067425200168563,0.04509060261272651
0.9109243697478991,0.037815126050420166,0.005042016806722689,0.046218487394957986
0.9157540016849199,0.03580454928390901,0.005054759898904802,0.04338668913226622
0.9202015959680806,0.03317933641327173,0.005459890802183957,0.04115917681646367
0.9162128194386259,0.035609551738583996,0.005027230833682447,0.043150397989107664
0.9164204305614183,0.034613761080624736,0.0059096665259603205,0.043056141831996624
0.9193412162162162,0.033361486486486486,0.005489864864864865,0.041807432432432436
0.9175732217573221,0.032635983263598324,0.008368200836820083,0.04142259414225941
0.9199325747998315,0.032448377581120944,0.0067425200168563,0.04087652760219132
0.9227215455690886,0.030239395212095756,0.007559848803023939,0.039479210415791686
0.9237536656891495,0.03058232090490155,0.008378718056137411,0.03728529534981148
0.9276037256562235,0.029212531752751906,0.00550381033022862,0.03767993226079593
0.9278220730172052,0.03063365505665128,0.005455308434746118,0.0360889634913974
0.928,0.029052631578947368,0.00631578947368421,0.03663157894736842
0.9248628113127902,0.03123680878007598,0.007176023638666104,0.036724356268467706
0.9242105263157895,0.031157894736842107,0.008842105263157894,0.035789473684210524
0.922366764582459,0.03273185060847671,0.00839278220730172,0.03650860260176248
0.9232704402515723,0.031865828092243184,0.00880503144654088,0.03605870020964361
0.924968736973739,0.030846185910796166,0.008336807002917883,0.0358482701125469
0.9215274863617289,0.03189257238774654,0.008812421317666807,0.03776751993285774
0.9257070493879274,0.028704094554664415,0.008020261713803293,0.0375685943436049
0.9240453210239195,0.02643726395300042,0.01049097775912715,0.039026437263953
0.9247038917089678,0.0266497461928934,0.010998307952622674,0.03764805414551607
0.9234328986116954,0.027766091712242324,0.009676062263357174,0.03912494741270509
0.9236577181208053,0.025167785234899327,0.00964765100671141,0.041526845637583895
0.9267676767676768,0.023148148148148147,0.009259259259259259,0.040824915824915826
0.9289915966386555,0.020588235294117647,0.009243697478991597,0.041176470588235294
0.9273719563392108,0.0163727959697733,0.010075566750629723,0.04617968094038623
0.9278220730172052,0.014687368862778011,0.01174989509022241,0.045740663029794376
0.9253042383550147,0.01678556441460344,0.01049097775912715,0.04741921947125472
0.9263336155800169,0.016088060965283656,0.012701100762066046,0.04487722269263336
0.930976430976431,0.014730639730639731,0.012626262626262626,0.041666666666666664
0.9264087468460892,0.018502943650126155,0.010092514718250631,0.04499579478553406
0.9303209459459459,0.016047297297297296,0.010135135135135136,0.04349662162162162
0.9260518487037824,0.016999575010624733,0.009774755631109222,0.04717382065448364
0.922882427307206,0.02107037505267594,0.009270965023177412,0.04677623261694058
0.9198489299202686,0.020562316407889216,0.01049097775912715,0.049097775912715066
0.9201520912547528,0.022391212505280946,0.009294465568229826,0.048162230671736375
0.9221708035338663,0.02103491796381994,0.009255363904080775,0.04753891459823307
0.9200673117374842,0.02482120319730753,0.008413967185527976,0.04669751787968027
0.9236286919831224,0.021940928270042195,0.008016877637130802,0.046413502109704644
0.924672027084215,0.021159542953872196,0.008887008040626322,0.0452814219212865
0.9170875420875421,0.02356902356902357,0.010942760942760943,0.0484006734006734
0.920675105485232,0.024894514767932488,0.008016877637130802,0.046413502109704644
0.9200845665961945,0.025792811839323467,0.007610993657505285,0.046511627906976744
0.9193412162162162,0.02660472972972973,0.00633445945945946,0.04771959459459459
0.9179638199411022,0.027766091712242324,0.007572570466975179,0.04669751787968027
0.9179009733389759,0.026661024121878967,0.006771053745239103,0.048666948793906054
0.915475189234651,0.028595458368376788,0.007569386038687973,0.048359966358284275
0.9185558354324097,0.028967254408060455,0.0054575986565911,0.047019311502938706
0.9176421404682275,0.028010033444816052,0.006270903010033445,0.04807692307692308
0.9210304054054054,0.028716216216216218,0.00633445945945946,0.04391891891891892
0.9232704402515723,0.027253668763102725,0.0067085953878406705,0.042767295597484274
0.920908708456037,0.023559108119478336,0.009255363904080775,0.04627681952040387
0.9202015959680806,0.022259554808903823,0.00881982360352793,0.04871902561948761
0.9159628378378378,0.022381756756756757,0.010557432432432432,0.05109797297297297
0.9167019027484143,0.023678646934460888,0.011416490486257928,0.04820295983086681
0.9174777824798984,0.023275497249259414,0.01184934405416843,0.04739737621667372
0.917189460476788,0.022166457549142617,0.012965286491007947,0.04767879548306148
0.9157184997892962,0.021491782553729456,0.01390644753476612,0.048883270122208174
0.9144654088050315,0.022222222222222223,0.01509433962264151,0.04821802935010482
0.9170176916596462,0.02232518955349621,0.013479359730412805,0.04717775905644482
0.9187129551227773,0.02243861134631668,0.012701100762066046,0.04614733276883996
0.9196127946127947,0.022727272727272728,0.013047138047138047,0.04461279461279461
0.9178197064989518,0.02431865828092243,0.01090146750524109,0.0469601677148847
0.9162810265039967,0.02440050483803113,0.011358855700462769,0.047959612957509466
0.9189531447868299,0.022794428028704093,0.010975094976783452,0.047277332207682564
0.9269734065006332,0.021528070915998312,0.007598142676234698,0.04390037990713381
0.9256926952141058,0.019731318219983206,0.008396305625524769,0.04617968094038623
0.9240882103477523,0.019508057675996608,0.008481764206955046,0.04792196776929601
0.922883487007544,0.020536462699077954,0.00796311818943839,0.04861693210393965
0.924672027084215,0.02073635209479475,0.008463817181548879,0.04612780363944139
0.9260193358554014,0.0201765447667087,0.007566204287515763,0.04623791509037411
0.9279696714406066,0.019797809604043808,0.008424599831508003,0.04380791912384162
0.932741116751269,0.01988155668358714,0.0071912013536379014,0.04018612521150592
