R,A,S,N
1.0,0.0,0.0,0.0
1.0,0.0,0.0,0.0
0.6666666666666666,0.0,0.3333333333333333,0.0
0.5,0.0,0.25,0.25
0.5,0.0,0.25,0.25
0.7142857142857143,0.0,0.0,0.2857142857142857
0.5,0.0,0.25,0.25
0.5,0.0,0.25,0.25
0.5333333333333333,0.0,0.26666666666666666,0.2
0.4782608695652174,0.0,0.21739130434782608,0.30434782608695654
0.53125,0.0,0.09375,0.375
0.5217391304347826,0.043478260869565216,0.06521739130434782,0.3695652173913043
0.5303030303030303,0.030303030303030304,0.07575757575757576,0.36363636363636365
0.5113636363636364,0.03409090909090909,0.06818181818181818,0.38636363636363635
0.504424778761062,0.035398230088495575,0.04424778761061947,0.415929203539823
0.4748201438848921,0.04316546762589928,0.05755395683453238,0.4244604316546763
0.46994535519125685,0.060109289617486336,0.07650273224043716,0.39344262295081966
0.4625,0.058333333333333334,0.058333333333333334,0.42083333333333334
0.4607142857142857,0.07857142857142857,0.05,0.4107142857142857
0.4494047619047619,0.07142857142857142,0.050595238095238096,0.42857142857142855
0.43414634146341463,0.07317073170731707,0.041463414634146344,0.45121951219512196
0.4426559356136821,0.07645875251509054,0.04426559356136821,0.43661971830985913
0.4403361344537815,0.08067226890756303,0.047058823529411764,0.4319327731092437
0.4323922734026746,0.08172362555720654,0.04606240713224369,0.4398216939078752
0.42362002567394097,0.0834403080872914,0.03979460847240052,0.45314505776636715
0.42338251986379116,0.08286038592508513,0.03518728717366629,0.4585698070374574
0.40899795501022496,0.08588957055214724,0.03374233128834356,0.47137014314928427
0.4168987929433612,0.0872794800371402,0.031569173630454965,0.46425255338904364
0.40871021775544386,0.08710217755443886,0.031825795644891124,0.4723618090452261
0.394856278366112,0.08774583963691376,0.03252647503782148,0.4848714069591528
0.40112596762843067,0.08515130190007038,0.030260380014074596,0.48346235045742436
0.4010249839846252,0.08456117873158232,0.029468289557975657,0.4849455477258168
0.39568345323741005,0.08992805755395683,0.030575539568345324,0.48381294964028776
0.38474295190713104,0.09010503040353787,0.029850746268656716,0.4953012714206744
0.3818565400843882,0.0859704641350211,0.03059071729957806,0.5015822784810127
0.3830321285140562,0.08885542168674698,0.028112449799196786,0.5
0.3821138211382114,0.09086561453849833,0.028694404591104734,0.4983261597321856
0.37919776119402987,0.08908582089552239,0.029850746268656716,0.5018656716417911
0.3774712643678161,0.09011494252873563,0.030344827586206897,0.5020689655172413
0.3840939900587438,0.09263443289652055,0.03298689561680976,0.4902846814279259
0.38596491228070173,0.09671614934772829,0.03148897885739991,0.48582995951417
0.39317773788150806,0.09964093357271095,0.03052064631956912,0.47666068222621183
0.386796632698272,0.10101905183872396,0.03322995126273815,0.4789543642002658
0.38667251205611575,0.10477860587461639,0.029811486190267425,0.47873739587900044
0.38315696649029984,0.10670194003527336,0.03130511463844797,0.47883597883597884
0.3835920177383592,0.10598669623059867,0.031042128603104215,0.4793791574279379
0.3913816081741448,0.10528653931585961,0.030208796090626388,0.4731230564193692
0.3845132743362832,0.1084070796460177,0.031415929203539826,0.4756637168141593
0.3844463971880492,0.10896309314586995,0.033391915641476276,0.47319859402460457
0.3829881004847951,0.10753635962979285,0.03613926840017629,0.47333627148523577
0.37856829161176986,0.10935441370223979,0.03689064558629776,0.4751866490996926
0.3747787610619469,0.11238938053097346,0.03761061946902655,0.47522123893805307
0.3827433628318584,0.11106194690265486,0.04026548672566372,0.46592920353982303
0.3810160427807487,0.11720142602495544,0.03832442067736185,0.46345811051693403
0.3815439219165927,0.11801242236024845,0.03904170363797693,0.4614019520851819
0.3793103448275862,0.121131741821397,0.038903625110521665,0.46065428824049515
0.3878894251864853,0.11627906976744186,0.03905221588415972,0.4567792891619131
0.38893844781445136,0.11819803746654772,0.038804638715432646,0.45405887600356826
0.39008336989907855,0.1184730144800351,0.03861342694164107,0.4528301886792453
0.392511013215859,0.12026431718061674,0.039207048458149776,0.44801762114537447
0.38099467140319715,0.12433392539964476,0.03907637655417407,0.455595026642984
0.38249666814749,0.12616614837849843,0.03953798311861395,0.4517992003553976
0.37917398945518455,0.12521968365553604,0.04305799648506151,0.45254833040421794
0.38195356986421375,0.12264564169951818,0.04029785370127026,0.4551029347349978
0.38030035335689044,0.12146643109540636,0.04107773851590106,0.4571554770318021
0.3748898678414097,0.12422907488986784,0.044933920704845816,0.45594713656387664
0.38061360604713207,0.1231658514895509,0.04579813250333482,0.45042240995998223
0.3758359340169416,0.12349531876950513,0.04859563085153812,0.45207311636201514
0.37560122431132487,0.12286838653257542,0.04722343681679055,0.4543069523393091
0.385499557913351,0.1242263483642794,0.04862953138815208,0.4416445623342175
0.3847173144876325,0.12367491166077739,0.04991166077738516,0.4416961130742049
0.39082487869430965,0.12615791795324216,0.04808116453462726,0.4349360388178209
0.3894316163410302,0.12744227353463589,0.04662522202486678,0.43650088809946713
0.3927143491781431,0.12527765437583296,0.04531319413593958,0.4366948023100844
0.38809946714031973,0.11989342806394317,0.04706927175843695,0.44493783303730017
0.39001766784452296,0.11881625441696113,0.04549469964664311,0.4456713780918728
0.38997338065661047,0.11756876663708962,0.04525288376220053,0.4472049689440994
0.38523131672597866,0.11788256227758007,0.045373665480427046,0.4515124555160142
0.3797802197802198,0.12527472527472527,0.041758241758241756,0.4531868131868132
0.386443661971831,0.12235915492957747,0.04005281690140845,0.4511443661971831
0.38515901060070673,0.12058303886925795,0.04063604240282685,0.4536219081272085
0.3787477954144621,0.1247795414462081,0.043209876543209874,0.4532627865961199
0.3819229065130704,0.12494461674789543,0.042977403633141335,0.45015507310589276
0.37917222963951935,0.12594570538495772,0.039163328882955054,0.45571873609256786
0.3824049513704686,0.1282051282051282,0.03978779840848806,0.4496021220159151
0.3898678414096916,0.12687224669603525,0.039207048458149776,0.4440528634361233
0.392148213498015,0.12483458314953683,0.04014115571239524,0.44287604764005295
0.3960836671117045,0.12416555407209613,0.04005340453938585,0.43969737427681355
0.387987724682157,0.13327487943884261,0.039017974572555895,0.43971942130644454
0.3932038834951456,0.13150926743159752,0.03971756398940865,0.4355692850838482
0.40096618357487923,0.13131313131313133,0.041282389108476064,0.4264382960035134
0.40633245382585753,0.13060686015831136,0.04177660510114336,0.4212840809146878
0.40502423975319524,0.13001322168356105,0.03878360511238431,0.4261789334508594
0.4078656650463986,0.13521873619089703,0.03800265134776845,0.4189129474149359
0.4093333333333333,0.13377777777777777,0.03422222222222222,0.4226666666666667
0.4126627750336776,0.13515940727436013,0.0327795240233498,0.4193982936686125
0.4166666666666667,0.13219895287958114,0.031413612565445025,0.41972076788830714
0.42712014134275617,0.127208480565371,0.030477031802120143,0.41519434628975266
0.42505494505494507,0.1279120879120879,0.02857142857142857,0.41846153846153844
0.42479047198941333,0.12792236435818263,0.02867225408028231,0.4186149095721218
0.4273656152820968,0.12661039537983118,0.029320302087960905,0.4167036872501111
0.4286983562860951,0.12261217236783652,0.03154153709462461,0.4171479342514438
0.4251968503937008,0.12117235345581802,0.0336832895888014,0.4199475065616798
0.42788038698328934,0.11829375549692173,0.03605980650835532,0.4177660510114336
0.4216549295774648,0.11795774647887323,0.03609154929577465,0.4242957746478873
0.42838196286472147,0.11715296198054818,0.03536693191865606,0.41909814323607425
0.42321270962047663,0.12180052956751986,0.03751103265666372,0.4174757281553398
0.42538975501113585,0.12026726057906459,0.035634743875278395,0.41870824053452116
0.422874671340929,0.12094653812445223,0.03680981595092025,0.4193689745836985
0.4194407456724368,0.1220594762538837,0.03595206391478029,0.42254771415889925
0.4187582562747688,0.11845002201673271,0.03830911492734478,0.4244826067811537
0.40894993354009745,0.1178555604785113,0.03987594151528578,0.43331856446610545
0.40825285338015804,0.1202809482001756,0.04170324846356453,0.42976294995610187
0.4174413457281983,0.11420982735723771,0.04028331119964586,0.42806551571491813
0.4199463327370304,0.1131484794275492,0.03980322003577817,0.4271019677996422
0.4200351493848858,0.11511423550087874,0.04173989455184534,0.4231107205623902
0.4206140350877193,0.1118421052631579,0.04078947368421053,0.4267543859649123
0.41648106904231624,0.11180400890868597,0.042761692650334075,0.4289532293986637
0.42673179396092364,0.11145648312611012,0.04218472468916518,0.41962699822380106
0.4298901098901099,0.10681318681318681,0.04087912087912088,0.4224175824175824
0.42063492063492064,0.11243386243386243,0.04409171075837742,0.4228395061728395
0.4261789334508594,0.11370647862494491,0.042309387395328336,0.4178052005288673
0.4231274638633377,0.11476127901883487,0.04336399474375821,0.41874726237406923
0.42505494505494507,0.11692307692307692,0.041758241758241756,0.41626373626373625
0.4293809938971229,0.11028770706190061,0.043591979075850044,0.4167393199651264
0.4291958041958042,0.11494755244755245,0.04108391608391608,0.4147727272727273
0.43138974134151686,0.11310828583954406,0.039017974572555895,0.41648399824638316
0.43873517786561267,0.11198945981554677,0.03864734299516908,0.4106280193236715
0.4385026737967914,0.11007130124777184,0.0392156862745098,0.41221033868092694
0.4392605633802817,0.11091549295774648,0.03697183098591549,0.4128521126760563
0.43802014892685065,0.11738939991239597,0.0337275514673675,0.4108628996933859
0.4393342093736312,0.11957950065703023,0.035479632063074903,0.4056066579062637
0.4354697102721686,0.11720807726075505,0.03687445127304653,0.41044776119402987
0.43691899070385126,0.11420982735723771,0.03851261620185923,0.4103585657370518
0.43694885361552027,0.11243386243386243,0.040123456790123455,0.4104938271604938
0.43617021276595747,0.1148049645390071,0.041666666666666664,0.4073581560283688
0.44278169014084506,0.11575704225352113,0.0409330985915493,0.4005281690140845
0.43405381561535067,0.11557123952359948,0.043228936921041024,0.4071460079400088
0.43976970770593443,0.11780336581045173,0.04074402125775022,0.4016829052258636
0.43608017817371936,0.11714922048997772,0.03964365256124722,0.4071269487750557
0.4415929203539823,0.11150442477876106,0.04070796460176991,0.4061946902654867
0.44326710816777043,0.11037527593818984,0.040176600441501106,0.40618101545253865
0.43176831943835015,0.11101360245721807,0.04168494953927161,0.41553312856516017
0.43386243386243384,0.10714285714285714,0.0427689594356261,0.41622574955908287
0.4294615042278594,0.10636404094348019,0.04361370716510903,0.4205607476635514
0.4293909973521624,0.10414827890556046,0.04236540158870256,0.4240953221535746
0.43679163034001744,0.1002615518744551,0.044027898866608545,0.4189189189189189
0.43824701195219123,0.09915891987605135,0.04293935369632581,0.4196547144754316
0.43987483236477426,0.09789897183728208,0.04514975413500223,0.41707644166294144
0.43725055432372506,0.10066518847006652,0.04700665188470066,0.4150776053215078
0.44180939833113747,0.10101010101010101,0.04743083003952569,0.40974967061923584
0.44660194174757284,0.1001765225066196,0.04810238305383936,0.40511915269196824
0.433761630482942,0.10456357997341603,0.047408063801506424,0.4142667257421356
0.4411635081533715,0.10224768620537682,0.04671661524900837,0.40987219039224326
0.43888396811337466,0.10628875110717449,0.04738706820194863,0.40744021257750224
0.4418912947414936,0.10649580203269995,0.04595669465311533,0.40565620857269113
0.445704317488007,0.10684692542520716,0.044483209768861755,0.4029655473179241
0.45017482517482516,0.10795454545454546,0.041520979020979024,0.40034965034965037
0.447032967032967,0.10901098901098902,0.03912087912087912,0.40483516483516485
0.4480633802816901,0.11003521126760564,0.04005281690140845,0.40184859154929575
0.45108455068614434,0.11199645861000443,0.03762726870296591,0.39929172200088536
0.45543237250554325,0.11219512195121951,0.03547671840354767,0.3968957871396896
0.4502202643171806,0.11541850220264317,0.03612334801762115,0.39823788546255506
0.4434087882822903,0.1220594762538837,0.03550821127385708,0.39902352418996895
0.4463350785340314,0.12609075043630016,0.034031413612565446,0.393542757417103
0.44101001306051374,0.12538093164997824,0.034392686112320416,0.3992163691771876
0.44434628975265017,0.12190812720848057,0.037985865724381625,0.3957597173144876
0.44014084507042256,0.12940140845070422,0.04005281690140845,0.3904049295774648
0.44473684210526315,0.12763157894736843,0.04078947368421053,0.3868421052631579
0.4376377258704275,0.13221683561040107,0.042309387395328336,0.3878360511238431
0.4421798848028356,0.1333628710677891,0.043420469649977846,0.38103677447939743
0.4338952972493345,0.129547471162378,0.04702750665483585,0.3895297249334516
0.43586329338659563,0.13093652907234798,0.04216600088770528,0.3910341766533511
0.42945874001774625,0.13309671694764863,0.04259094942324756,0.3948535936113576
0.43257443082311736,0.12828371278458844,0.04246935201401051,0.3966725043782837
0.4344552701505757,0.13197519929140833,0.0420726306465899,0.39149689991142606
0.44027898866608545,0.12946817785527462,0.04097646033129904,0.38927637314734087
0.4409965034965035,0.12194055944055944,0.042395104895104896,0.3946678321678322
0.4484581497797357,0.11585903083700441,0.04405286343612335,0.39162995594713657
0.44331715924128806,0.11910013233348037,0.04278782531980591,0.39479488310542565
0.4469964664310954,0.1157243816254417,0.04240282685512368,0.3948763250883392
0.4501323918799647,0.11562224183583407,0.04236540158870256,0.3918799646954987
0.4473569244211446,0.1183923110528615,0.04237658366098733,0.3918741808650065
0.4524546660769571,0.11985846970367094,0.045112781954887216,0.38257408226448475
0.45189761694616065,0.11606354810238305,0.0441306266548985,0.3879082082965578
0.45635799734160387,0.11386796632698272,0.04474966770048737,0.385024368630926
0.46089630931458697,0.10456942003514938,0.04569420035149385,0.38884007029876977
0.46024734982332155,0.1073321554770318,0.046819787985865724,0.38560070671378094
0.4589222614840989,0.10777385159010601,0.04858657243816254,0.3847173144876325
0.45297249334516415,0.10425909494232476,0.051907719609582965,0.3908606921029281
0.45302897278314314,0.10623353819139596,0.050921861281826165,0.38981562774363476
0.4571045576407507,0.10232350312779268,0.04825737265415549,0.3923145665773012
0.4620780359491451,0.1052170100832968,0.052170100832968,0.38053485313459007
0.4593406593406593,0.10593406593406593,0.05098901098901099,0.38373626373626374
0.46296296296296297,0.10758377425044091,0.04805996472663139,0.38139329805996475
0.46502419709634846,0.11262648482182139,0.04399472063352398,0.3783545974483062
0.46728558797524317,0.11582670203359859,0.042440318302387266,0.374447391688771
0.46908127208480566,0.11749116607773852,0.04240282685512368,0.3710247349823322
0.46578947368421053,0.11973684210526316,0.042105263157894736,0.37236842105263157
0.4645704162976085,0.1200177147918512,0.04118689105403012,0.3742249778565102
0.47219770520741394,0.12268314210061783,0.04148278905560459,0.36363636363636365
0.4659090909090909,0.1215034965034965,0.04501748251748252,0.36756993006993005
0.45609436435124506,0.12931411096548712,0.043687199650502405,0.3709043250327654
0.4624889673433363,0.12488967343336276,0.04236540158870256,0.3702559576345984
0.4637938693913816,0.1257219013771657,0.03953798311861395,0.3709462461128387
0.4496021220159151,0.127763041556145,0.04332449160035367,0.3793103448275862
0.45253863134657835,0.1271523178807947,0.04194260485651214,0.3783664459161148
0.45585664335664333,0.13111888111888112,0.04108391608391608,0.3719405594405594
0.459265890778872,0.13339301700984782,0.04073410922112802,0.3666069829901522
0.45873573309920984,0.13169446883230904,0.038191395961369626,0.3713784021071115
0.4590604026845638,0.13020134228187918,0.03758389261744966,0.3731543624161074
0.4589585172109444,0.1262135922330097,0.038834951456310676,0.3759929390997352
0.45942350332594234,0.12815964523281598,0.04212860310421286,0.37028824833702884
0.45826010544815465,0.12873462214411246,0.04173989455184534,0.37126537785588754
0.45366284201235657,0.1293027360988526,0.038834951456310676,0.37819947043248014
0.450989010989011,0.13362637362637364,0.03868131868131868,0.3767032967032967
0.45764966740576496,0.13170731707317074,0.03902439024390244,0.3716186252771619
0.45422379478107033,0.12737726669615215,0.04290137107474569,0.37549756744803187
0.4570155902004454,0.12561247216035634,0.03964365256124722,0.377728285077951
0.4605496453900709,0.12810283687943264,0.037677304964539006,0.37367021276595747
0.45418502202643174,0.12819383259911896,0.039207048458149776,0.37841409691629957
0.4599734630694383,0.12118531623175587,0.04024767801857585,0.37859354268023
0.46048565121412804,0.1205298013245033,0.039293598233995586,0.37969094922737306
0.46405228758169936,0.11982570806100218,0.03790849673202614,0.37821350762527234
0.46337157987643424,0.1209179170344219,0.040158870255957636,0.3755516328331862
0.4638447971781305,0.11860670194003527,0.04144620811287478,0.37610229276895946
0.46409807355516636,0.12171628721541156,0.03809106830122592,0.37609457092819615
0.46994295743747255,0.12110574813514699,0.03729706011408512,0.3716542343132953
0.4679824561403509,0.12587719298245614,0.03684210526315789,0.36929824561403507
0.4683768244139761,0.1251658558160106,0.039805395842547546,0.3666519239274657
0.48248337028824834,0.12106430155210643,0.039467849223946784,0.35698447893569846
0.47750109217999126,0.12101354303189166,0.03669724770642202,0.36478811708169506
0.481239092495637,0.12303664921465969,0.03534031413612566,0.36038394415357766
0.48398576512455516,0.12277580071174377,0.033807829181494664,0.3594306049822064
0.482514386896857,0.12306330234617087,0.033643204957945996,0.3607791057990261
0.48228520814880427,0.12400354295837024,0.03675819309123118,0.3569530558015943
0.4872471416007036,0.1248900615655233,0.03825857519788918,0.3496042216358839
0.48647469458987785,0.12260034904013961,0.03795811518324607,0.3529668411867365
0.4806678383128295,0.13268892794376097,0.03734622144112478,0.3492970123022847
0.4763796909492274,0.13333333333333333,0.040176600441501106,0.3501103752759382
0.4826982041173894,0.1314060446780552,0.037669732807709154,0.34822601839684625
0.4766725352112676,0.1329225352112676,0.03917253521126761,0.3512323943661972
0.4804910127137221,0.1328364752301622,0.04077159140727751,0.3459009206488382
0.4821664464993395,0.130779392338177,0.038749449581682076,0.3483047115808014
0.4868421052631579,0.13640350877192983,0.03640350877192983,0.34035087719298246
0.48117338003502624,0.13485113835376533,0.03502626970227671,0.3489492119089317
0.4796640141467728,0.13085764809902742,0.034924845269672856,0.35455349248452694
0.47961420429636126,0.13064445418676018,0.03638754932047348,0.35335379219640506
0.47854931446262716,0.13401149933657674,0.0367094206103494,0.3507297655904467
0.47818422212428385,0.1361833406787131,0.03393565447333627,0.35169678272366683
0.48224462954844366,0.13590530469092504,0.03551074090311267,0.3463393248575186
0.4827586206896552,0.13660477453580902,0.03404067197170645,0.34659593280282935
0.4863556338028169,0.13908450704225353,0.03301056338028169,0.3415492957746479
0.485977212971078,0.1446099912357581,0.035056967572304996,0.3343558282208589
0.4917960088691796,0.14323725055432374,0.03325942350332594,0.33170731707317075
0.49062363715656343,0.14129960750109027,0.033580462276493674,0.3344962930658526
0.49401330376940134,0.13924611973392462,0.03458980044345898,0.3321507760532151
0.49514134275618377,0.13825088339222616,0.03356890459363958,0.3330388692579505
0.49114260407440213,0.1328609388839681,0.033215234720992026,0.34278122232063774
0.4916812609457093,0.1339754816112084,0.03283712784588441,0.3415061295971979
0.4907570422535211,0.1329225352112676,0.03477112676056338,0.3415492957746479
0.4949227373068433,0.13068432671081678,0.03487858719646799,0.33951434878587194
0.49691901408450706,0.12940140845070422,0.03433098591549296,0.33934859154929575
0.4962439239946973,0.1312417145382236,0.032699955810870526,0.3398144056562086
0.5004405286343613,0.13127753303964756,0.033480176211453744,0.33480176211453744
0.5015263846489315,0.13257740950719582,0.032272132577409504,0.33362407326646315
0.4958057395143488,0.1346578366445916,0.03090507726269316,0.33863134657836647
0.5019797624285086,0.13110426748790144,0.03255609326880774,0.33435987681478224
0.5065905096660809,0.1313708260105448,0.03427065026362039,0.327768014059754
0.5037494486104984,0.13233348037053375,0.032642258491398325,0.33127481252756946
0.5094422485726834,0.13306982872200263,0.03293807641633729,0.3245498462889767
0.5064415815193247,0.13727232341181697,0.03065304309195913,0.3256330519768992
0.5071895424836601,0.13376906318082787,0.02962962962962963,0.32941176470588235
0.5086321381142098,0.13590084108012396,0.03142983621071271,0.3240371845949535
0.5037134119702927,0.1328090869375273,0.0327653997378768,0.3307121013543032
0.499781181619256,0.13654266958424507,0.03194748358862144,0.33172866520787747
0.5137046861184792,0.13351016799292661,0.02961980548187445,0.32316534040671974
0.5157427937915743,0.13702882483370288,0.03148558758314856,0.31574279379157427
0.5214912280701754,0.13333333333333333,0.03070175438596491,0.3144736842105263
0.525438596491228,0.1368421052631579,0.031578947368421054,0.306140350877193
0.5267817618415228,0.13545816733067728,0.03275785745905268,0.3050022133687472
0.5288928098808998,0.1310101455668284,0.03484781649757389,0.30524922805469784
0.5357618836072856,0.12972012438916036,0.03287427809862283,0.30164371390493117
0.5369960124058485,0.12981834293309702,0.03234381922906513,0.30084182543198934
0.5379523389232127,0.1328331862312445,0.03089143865842895,0.29832303618711387
0.5369393139841688,0.13192612137203166,0.031222515391380826,0.29991204925241866
0.5356673960612691,0.13260393873085338,0.031072210065645513,0.30065645514223194
0.538866930171278,0.12955643390426,0.02854633289415898,0.30303030303030304
0.5355094838994265,0.12880458756065286,0.027790030877812087,0.3078958976621085
0.528169014084507,0.13424295774647887,0.030809859154929578,0.3067781690140845
0.530008826125331,0.13592233009708737,0.03177405119152692,0.30229479258605474
0.5279007971656333,0.13950398582816653,0.03277236492471213,0.29982285208148807
0.5318961724593049,0.13594368675758908,0.0365156181258249,0.29564452265728114
0.5330084182543199,0.13026140894993354,0.03633141338059371,0.30039875941515287
0.5313459009206488,0.13327487943884261,0.03551074090311267,0.29986847873739586
0.5309346204475647,0.13075910487055725,0.03422553751645459,0.30408073716542344
0.5308804204993429,0.13096802452912834,0.03416557161629435,0.30398598335523436
0.5281097830898628,0.12837538733953077,0.038069942452412575,0.3054448871181939
0.5324561403508772,0.12631578947368421,0.039912280701754385,0.3013157894736842
0.5372269282211324,0.12661613909942043,0.04012483281319661,0.29603209986625056
0.5327144120247569,0.1286472148541114,0.03934571175950486,0.29929266136162685
0.5277777777777778,0.13051146384479717,0.03968253968253968,0.3020282186948854
0.541077738515901,0.12765017667844522,0.04151943462897526,0.28975265017667845
0.5375824175824175,0.13054945054945055,0.04131868131868132,0.2905494505494505
0.5463371579876434,0.1328331862312445,0.04236540158870256,0.27846425419240955
0.5547219770520742,0.12753751103265668,0.04060017652250662,0.27714033539276256
0.5524229074889868,0.12290748898678414,0.04229074889867841,0.2823788546255507
0.549363756033348,0.12373848179025888,0.04475647213690215,0.282141290039491
0.546583850931677,0.12555456965394854,0.04569653948535936,0.2821650399290151
0.5629728526924789,0.11748998664886515,0.04183355585224744,0.27770360480640854
0.5589899869394863,0.11449717022202874,0.04484109708315194,0.28167174575533305
0.5572183098591549,0.1153169014084507,0.04665492957746479,0.28080985915492956
0.5595968448729185,0.11568799298860649,0.04820333041191937,0.27651183172655563
0.5570796460176991,0.11592920353982301,0.049557522123893805,0.2774336283185841
0.5589270008795075,0.11961301671064203,0.04661389621811785,0.2748460861917326
0.5520879120879121,0.12483516483516484,0.04395604395604396,0.27912087912087913
0.5529359430604982,0.12411032028469751,0.04225978647686833,0.28069395017793597
0.5630728939327805,0.11828895678742907,0.04146660846791794,0.27717154081187256
0.5587079877782628,0.11828895678742907,0.04103011785246617,0.281972937581842
0.5571177504393673,0.11643233743409491,0.037785588752196834,0.28866432337434095
0.5570233377366799,0.11756935270805813,0.041391457507705856,0.28401585204755614
0.5468476357267951,0.12390542907180385,0.04246935201401051,0.28677758318739055
0.5553097345132744,0.12168141592920353,0.04336283185840708,0.27964601769911507
0.5525274725274725,0.12395604395604395,0.041758241758241756,0.28175824175824177
0.5549183943537715,0.12130569033965594,0.04102337891486546,0.2827525363917071
0.5507246376811594,0.12209046991655688,0.04216073781291173,0.28502415458937197
0.558231173380035,0.11952714535901926,0.04246935201401051,0.2797723292469352
0.5536574682435392,0.12220762155059132,0.040735873850197106,0.2833990363556724
0.555210643015521,0.12328159645232815,0.041685144124168516,0.2798226164079823
0.5592841163310962,0.11677852348993288,0.042953020134228186,0.2809843400447427
0.5563380281690141,0.1113556338028169,0.04181338028169014,0.2904929577464789
0.5522847100175747,0.11379613356766256,0.043497363796133566,0.29042179261862916
0.5542857142857143,0.11692307692307692,0.04395604395604396,0.28483516483516486
0.5545774647887324,0.11619718309859155,0.0409330985915493,0.28829225352112675
0.5537918871252204,0.11331569664902998,0.0427689594356261,0.29012345679012347
0.5554577464788732,0.1153169014084507,0.04225352112676056,0.2869718309859155
0.5593667546174143,0.11785400175901495,0.04309586631486367,0.2796833773087071
0.5566918630502445,0.11827478879502001,0.04357492218763895,0.28145842596709647
0.5569339831634914,0.11475409836065574,0.04563579973416039,0.2826761187416925
0.5584872471416007,0.11125769569041337,0.04661389621811785,0.2836411609498681
0.5496485061511424,0.11115992970123023,0.04525483304042179,0.29393673110720564
0.5544772827525364,0.11116012351124835,0.044111160123511246,0.290251433612704
0.5570175438596491,0.1118421052631579,0.0456140350877193,0.2855263157894737
0.5572755417956656,0.11455108359133127,0.045112781954887216,0.2830605926581159
0.5555064130915525,0.11233967271118973,0.04599734630694383,0.286156567890314
0.5550641309155241,0.11012826183104821,0.04555506413091552,0.28925254312251214
0.5581291759465479,0.111358574610245,0.044097995545657014,0.2864142538975501
0.5509483899426555,0.1133656815174239,0.044993383325981476,0.2906925452139391
0.5499557913351016,0.10831122900088418,0.04774535809018567,0.29398762157382846
0.5421581476627348,0.1162079510703364,0.051550895587592835,0.290083005679336
0.5464098073555166,0.11602451838879159,0.050788091068301226,0.28677758318739055
0.5425155004428698,0.11603188662533215,0.054030115146147036,0.28742249778565104
0.545615589016829,0.11824623560673161,0.05358724534986714,0.28255093002657217
0.5464190981432361,0.11626878868258178,0.052166224580017684,0.28514588859416445
0.549079754601227,0.11218229623137599,0.053023663453111304,0.2857142857142857
0.5384615384615384,0.11427301022676745,0.05246776345042241,0.2947976878612717
0.540204353620613,0.11061750333185251,0.05553087516659263,0.2936472678809418
0.5396755808855765,0.11661551950898728,0.05436212187637001,0.2893467777290662
0.537855579868709,0.11334792122538294,0.052954048140043765,0.29584245076586435
0.535006605019815,0.11580801409070894,0.05328049317481286,0.29590488771466317
0.5388026607538803,0.11352549889135255,0.05188470066518847,0.2957871396895787
0.5476923076923077,0.11340659340659341,0.05098901098901099,0.2879120879120879
0.5487156775907883,0.11027457927369354,0.04827280779450841,0.29273693534100975
0.551907719609583,0.10869565217391304,0.04924578527062999,0.290150842945874
0.5460555310709564,0.11546936976641692,0.04715733803437638,0.2913177611282503
0.5454142667257421,0.11519716437749225,0.047851129818342934,0.29153743907842267
0.545816733067729,0.11243913235945109,0.05002213368747233,0.2917220008853475
0.5458916083916084,0.11057692307692307,0.05113636363636364,0.2923951048951049
0.5529567519858782,0.11429832303618712,0.048984995586937335,0.28375992939099737
0.5584872471416007,0.11301671064204045,0.0505716798592788,0.27792436235708
0.559449866903283,0.10559006211180125,0.05102040816326531,0.2839396628216504
0.5625554569653949,0.10825199645075421,0.05102040816326531,0.27817213842058564
0.5581705150976909,0.10968028419182949,0.051953818827708706,0.2801953818827709
0.5684536996012406,0.10500664599025254,0.04918032786885246,0.2773593265396544
0.5728798586572438,0.10247349823321555,0.05035335689045936,0.2742932862190813
0.5660460992907801,0.10638297872340426,0.04964539007092199,0.2779255319148936
0.5692307692307692,0.10593406593406593,0.04835164835164835,0.2764835164835165
0.5748135146994295,0.10355419043440105,0.045634050021939446,0.2759982448442299
0.5830373001776199,0.10390763765541741,0.04662522202486678,0.2664298401420959
0.5833703868385949,0.10493552690084482,0.04579813250333482,0.2658959537572254
0.5855816010614773,0.10305174701459531,0.04599734630694383,0.26536930561698363
0.5845881310894597,0.10274579273693533,0.046058458813108945,0.26660761736049604
0.5772968197879859,0.1068904593639576,0.04814487632508834,0.2676678445229682
0.577040593627237,0.10999563509384548,0.048886948930597994,0.26407682234831953
0.5713032031592804,0.11101360245721807,0.04738920579201404,0.2702939885914875
0.5712406839105656,0.11398509425690487,0.05129329241560719,0.2634809294169224
0.5771100309323907,0.11444984533804684,0.04904993371630579,0.25939019001325675
0.5784357048166151,0.11356606274856386,0.04418912947414936,0.26380910296067167
0.5735099337748344,0.11434878587196468,0.044591611479028695,0.2675496688741722
0.5877694676638804,0.10514738231412231,0.04399472063352398,0.2630884293884734
0.5931608943445857,0.1052170100832968,0.04471722928540114,0.2569048662867163
0.5934600088378259,0.1042863455589925,0.044631020768890854,0.25762262483429077
0.5979427549194991,0.10241502683363149,0.04561717352415027,0.25402504472271914
0.601401664476566,0.1038107752956636,0.04117389399912396,0.2536136662286465
0.5970873786407767,0.10414827890556046,0.0410414827890556,0.25772285966460723
0.6029151943462897,0.10379858657243816,0.03842756183745583,0.25485865724381623
0.6083885209713025,0.1011037527593819,0.03708609271523179,0.25342163355408387
0.6121291448516579,0.10034904013961606,0.03534031413612566,0.25218150087260033
0.6097240473061761,0.10030661410424879,0.03504161191414805,0.25492772667542707
0.6141975308641975,0.09832451499118165,0.033950617283950615,0.2535273368606702
0.6185657721073471,0.09942806863176419,0.03343598768147822,0.24857017157941047
0.6174259177355153,0.09862892525431226,0.03494029190623618,0.24900486510393632
0.6203991130820399,0.09889135254988914,0.03592017738359202,0.24478935698447893
0.6197985107314936,0.09636443276390715,0.03679369250985545,0.24704336399474375
0.6122721209426412,0.09915518008003557,0.04090706980880391,0.24766562916851934
0.6126604692341744,0.10314298362107127,0.043382027445772464,0.24081451969898185
0.61331569664903,0.10317460317460317,0.0427689594356261,0.24074074074074073
0.6159260888693356,0.1007479102507699,0.04487461504619446,0.23845138583369996
0.6096916299559472,0.10396475770925111,0.04317180616740088,0.2431718061674009
0.6122359154929577,0.10519366197183098,0.04181338028169014,0.24075704225352113
0.6080246913580247,0.10052910052910052,0.04409171075837742,0.24735449735449735
0.61133069828722,0.103645147123408,0.04259991216512956,0.24242424242424243
0.6168599464763604,0.09768064228367529,0.04460303300624442,0.2408563782337199
0.6148767605633803,0.09507042253521127,0.0448943661971831,0.24515845070422534
0.6202974628171478,0.09448818897637795,0.04286964129483815,0.24234470691163604
0.6238572050500653,0.09098824553765782,0.0413582934262081,0.24379625598606877
0.6225339763261727,0.09425690486628671,0.042525208241999124,0.24068391056554142
0.6200353045013239,0.09620476610767872,0.041924095322153576,0.2418358340688438
0.6193232413178985,0.09795191451469279,0.0427426536064114,0.23998219056099732
0.621763931548925,0.09872751206669592,0.04387889425186485,0.23562966213251427
0.6189024390243902,0.09886759581881534,0.043118466898954703,0.23911149825783973
0.6216688510266491,0.1000436871996505,0.04237658366098733,0.23591087811271297
0.6252189141856392,0.09982486865148861,0.043782837127845885,0.23117338003502627
0.618334067871309,0.10401057734684883,0.042309387395328336,0.2353459673865139
0.6265006669630947,0.09959982214317474,0.04224099599822143,0.23165851489550912
0.6260522817899867,0.10367744793974303,0.03987594151528578,0.2303943287549845
0.6252212389380531,0.10221238938053097,0.04336283185840708,0.22920353982300884
0.6275465013286093,0.10097431355181577,0.043401240035429584,0.22807794508414525
0.6281318681318682,0.09582417582417582,0.04835164835164835,0.2276923076923077
0.6324371970030851,0.09651828999559277,0.04627589246364037,0.2247686205376818
0.637604579480405,0.09335094671950682,0.046235138705416116,0.22280933509467196
0.640652557319224,0.09082892416225749,0.04894179894179894,0.21957671957671956
0.6386073159982371,0.09519612163948876,0.049801674746584396,0.21639488761568973
0.6407894736842106,0.09429824561403509,0.04824561403508772,0.21666666666666667
0.6337593653591891,0.09960334949316879,0.0502423975319524,0.21639488761568973
0.6390611160318866,0.09698848538529672,0.04738706820194863,0.21656333038086803
0.6435512367491166,0.09628975265017668,0.045936395759717315,0.2142226148409894
0.6432360742705571,0.09770114942528736,0.04553492484526967,0.21352785145888595
0.6518289995592772,0.09387395328338476,0.04495372410753636,0.2093433230498017
0.6559612846458425,0.08578970523537176,0.04487461504619446,0.2133743950725913
0.657606313020605,0.08198158702323542,0.04384042086804033,0.21657167908811925
0.6470846120122753,0.08592722490135905,0.04471722928540114,0.2222709338009645
0.6563330380868024,0.0841452612931798,0.04561558901682905,0.21390611160318868
0.6585689045936396,0.08215547703180212,0.04284452296819788,0.21643109540636044
0.6537273930304367,0.08337009263343625,0.0458756065284517,0.21702690780767533
0.6544894366197183,0.08318661971830986,0.04621478873239437,0.21610915492957747
0.6566901408450704,0.0840669014084507,0.04621478873239437,0.2130281690140845
0.6647577092511013,0.0828193832599119,0.04361233480176212,0.20881057268722467
0.6674008810572687,0.08458149779735682,0.04229074889867841,0.20572687224669603
0.6648983200707339,0.08267020335985853,0.04288240495137047,0.20954907161803712
0.6615249008373733,0.08285588364918467,0.042309387395328336,0.21330982811811372
0.6620720320142286,0.08314806580702534,0.04535349044019564,0.20942641173855048
0.664320281566212,0.08051033875934888,0.04575450945886494,0.20941487021557414
0.6666666666666666,0.07957559681697612,0.044650751547303275,0.20910698496905394
0.6649076517150396,0.08355321020228672,0.04793315743183817,0.20360598065083554
0.6668135742617893,0.08550022036139268,0.045835169678272364,0.20185103569854562
0.6672512056115739,0.08680403331871986,0.046470846120122755,0.19947391494958353
0.6646045072912063,0.0897039328325232,0.04418912947414936,0.20150243040212107
0.6653474054529463,0.09058927000879508,0.044415127528583995,0.1996481970096746
0.6666666666666666,0.08776595744680851,0.04299645390070922,0.2025709219858156
0.667107001321004,0.08630559225011009,0.04095112285336856,0.2056362835755174
0.6684468179795282,0.08099688473520249,0.039163328882955054,0.2113929684023142
0.665063401836467,0.080017490161784,0.041539134236991695,0.2133799737647573
0.6583850931677019,0.08518189884649512,0.041259982253771074,0.21517302573203195
0.6663701067615658,0.08318505338078291,0.04048042704626335,0.2099644128113879
0.6652097902097902,0.08085664335664336,0.04195804195804196,0.21197552447552448
0.6601135867190913,0.08387942332896461,0.04325032765399738,0.2127566622979467
0.6543372963452224,0.08806693086745927,0.04535446939674152,0.21224130339057684
0.6509683098591549,0.0897887323943662,0.0448943661971831,0.21434859154929578
0.6518847006651884,0.09312638580931264,0.04567627494456763,0.20931263858093127
0.6589902568644819,0.09300265721877768,0.046058458813108945,0.20194862710363154
0.6650506831203173,0.09167033935654473,0.042309387395328336,0.2009695901278096
0.6634189548272807,0.09078830823737821,0.04162976085031001,0.204162976085031
0.6572562858403176,0.09131010145566829,0.043228936921041024,0.20820467578297308
0.6550199026979213,0.09243697478991597,0.040689960194604156,0.2118531623175586
0.6597802197802198,0.090989010989011,0.041758241758241756,0.20747252747252748
0.6657718120805369,0.09082774049217002,0.043400447427293064,0.2
0.6646045072912063,0.08793636765355722,0.043747238179407864,0.20371188687582856
0.6695919262834577,0.08556384379113646,0.0434401053093462,0.20140412461605967
0.6656374062637848,0.08601676224084694,0.04675782973092192,0.2015880017644464
0.662882096069869,0.0890829694323144,0.045414847161572056,0.20262008733624454
0.6643078283945157,0.09022556390977443,0.045112781954887216,0.20035382574082264
0.6662228140257435,0.085219707057257,0.04438526409232135,0.2041722148246782
0.6627088830255057,0.08619173262972735,0.04397537379067722,0.20712401055408972
0.6651962946625496,0.0811645346272607,0.04146449051610057,0.2121746801940891
0.6644851657940664,0.08289703315881326,0.04057591623036649,0.21204188481675393
0.6688948306595366,0.08467023172905526,0.0392156862745098,0.2072192513368984
0.66431718061674,0.0828193832599119,0.040969162995594714,0.2118942731277533
0.6671099290780141,0.08244680851063829,0.041223404255319146,0.20921985815602837
0.6666666666666666,0.0816509645580978,0.04486316733961418,0.20681920143562135
0.6663732394366197,0.08142605633802817,0.04445422535211268,0.20774647887323944
0.6604938271604939,0.08156966490299823,0.047619047619047616,0.21031746031746032
0.6693191865605659,0.07559681697612732,0.046861184792219276,0.20822281167108753
0.6724061810154526,0.07682119205298013,0.047240618101545256,0.20353200883002207
0.674592690444738,0.07309555261999119,0.046235138705416116,0.20607661822985468
0.6767543859649123,0.07675438596491228,0.04473684210526316,0.20175438596491227
0.6800176056338029,0.07658450704225352,0.043133802816901406,0.20026408450704225
0.6757111597374179,0.0774617067833698,0.04113785557986871,0.20568927789934355
0.679137323943662,0.0761443661971831,0.04225352112676056,0.20246478873239437
0.6759875721260542,0.08033732800710164,0.040834442964935644,0.20284065690190856
0.6765618077093487,0.0815241470979176,0.03898980948161276,0.20292423571112095
0.6772786742259049,0.08111644134321849,0.03663323157435674,0.20497165285651983
0.6779735682819383,0.08149779735682819,0.03480176211453744,0.20572687224669603
0.6815371024734982,0.0799469964664311,0.03401060070671378,0.2045053003533569
0.6808604038630377,0.08121158911325724,0.03424056189640035,0.20368744512730466
0.6733712286838653,0.08220376038478355,0.036292085701792744,0.20813292522955837
0.671304347826087,0.08347826086956522,0.03826086956521739,0.20695652173913043
0.6801940891045435,0.08337009263343625,0.03617115130127922,0.20026466696074108
0.6802660753880266,0.08470066518847007,0.03636363636363636,0.19866962305986696
0.6761363636363636,0.08653846153846154,0.03583916083916084,0.20148601398601398
0.6723910171730515,0.08806693086745927,0.03302509907529723,0.20651695288419197
0.676612549363756,0.0877577885037297,0.030276437033786747,0.2053532250987275
0.6816182937554969,0.08751099384344767,0.031222515391380826,0.1996481970096746
0.6812362030905077,0.08785871964679912,0.032671081677704196,0.19823399558498897
0.6889179755671903,0.08158813263525305,0.03446771378708551,0.1950261780104712
