R,A,S,N
0.0,1.0,0.0,0.0
0.0,0.6,0.0,0.4
0.0,0.6666666666666666,0.0,0.3333333333333333
0.0,0.6521739130434783,0.0,0.34782608695652173
0.0,0.6578947368421053,0.0,0.34210526315789475
0.0,0.6285714285714286,0.0,0.37142857142857144
0.0,0.5643564356435643,0.0,0.43564356435643564
0.0,0.5855263157894737,0.0,0.4144736842105263
0.0,0.5813953488372093,0.004651162790697674,0.413953488372093
0.0,0.5876288659793815,0.010309278350515464,0.4020618556701031
0.0,0.5412371134020618,0.023195876288659795,0.43556701030927836
0.007874015748031496,0.5393700787401575,0.027559055118110236,0.4251968503937008
0.012121212121212121,0.5015151515151515,0.03787878787878788,0.4484848484848485
0.015,0.49,0.04875,0.44625
0.018769551616266946,0.4681960375391032,0.05943691345151199,0.45359749739311783
0.01895306859205776,0.45577617328519854,0.06949458483754513,0.45577617328519854
0.0178988326848249,0.4443579766536965,0.08171206225680934,0.45603112840466925
0.018379850238257316,0.42886317222600406,0.089857045609258,0.4628999319264806
0.020506634499396863,0.4221954161640531,0.09650180940892641,0.46079613992762364
0.02558519324986391,0.40174197060424605,0.11213935764833968,0.46053347849755033
0.027207392197125257,0.38655030800821355,0.12474332648870637,0.46149897330595485
0.03218059558117195,0.3818443804034582,0.13112391930835735,0.4548511047070125
0.034722222222222224,0.38287037037037036,0.1398148148148148,0.4425925925925926
0.034747292418772564,0.3731949458483754,0.14259927797833935,0.44945848375451264
0.04044943820224719,0.3680898876404494,0.14696629213483145,0.44449438202247193
0.04051078819903126,0.3712021136063408,0.14751210920299426,0.44077498899163364
0.04533450704225352,0.3772007042253521,0.14084507042253522,0.43661971830985913
0.05263157894736842,0.36134453781512604,0.14727996461742593,0.4387439186200796
0.0566622399291722,0.3607791057990261,0.14918105356352368,0.433377600708278
0.0611353711790393,0.36331877729257644,0.14454148471615721,0.4310043668122271
0.06347826086956522,0.35478260869565215,0.14956521739130435,0.43217391304347824
0.06678383128295255,0.3523725834797891,0.1515817223198594,0.42926186291739893
0.06945054945054945,0.34901098901098904,0.1556043956043956,0.4259340659340659
0.07420340462680053,0.3566128328240943,0.14666084679179398,0.4225229157573112
0.07570422535211267,0.3560739436619718,0.15096830985915494,0.41725352112676056
0.07513181019332162,0.36115992970123023,0.15421792618629174,0.4094903339191564
0.07655502392344497,0.3549369290996085,0.16006959547629404,0.40843845150065244
0.07603890362511052,0.3532272325375774,0.15826702033598586,0.4124668435013263
0.08076751450245426,0.3485051316376618,0.15930388219544847,0.41142347166443555
0.08314806580702534,0.3423743886171632,0.15829257447754558,0.4161849710982659
0.0799469964664311,0.34452296819787986,0.16386925795053003,0.411660777385159
0.07931638913234006,0.3409290096406661,0.16082383873794917,0.4189307624890447
0.08117595436594997,0.3391838525669153,0.1689337428696797,0.410706450197455
0.08670774647887323,0.3358274647887324,0.1624119718309859,0.41505281690140844
0.08578970523537176,0.3264408271007479,0.17201935767707874,0.41575010998680156
0.0868223887174967,0.3265755839576906,0.16879682679594535,0.4178052005288673
0.08548882069267864,0.33494081543182813,0.16396317404647084,0.41560718982902234
0.086784140969163,0.3356828193832599,0.16255506607929515,0.4149779735682819
0.08538732394366197,0.3397887323943662,0.16285211267605634,0.4119718309859155
0.08880994671403197,0.33658969804618116,0.16518650088809947,0.40941385435168737
0.09067131647776809,0.34306887532693986,0.16129032258064516,0.4049694856146469
0.091674047829938,0.3410097431355182,0.16209034543844109,0.40522586359610274
0.09653356735410268,0.3391838525669153,0.16103554190434402,0.403247038174638
0.09727112676056338,0.33670774647887325,0.1619718309859155,0.4040492957746479
0.1009700176366843,0.3342151675485009,0.16225749559082892,0.4025573192239859
0.10736196319018405,0.3299737072743208,0.16432953549517967,0.3983347940403155
0.1045109423849933,0.331397945511389,0.16748548459133542,0.3966056275122823
0.10092145677928917,0.33655111891180345,0.16937253181219833,0.3931548924967091
0.10238305383936452,0.3283318623124448,0.1707855251544572,0.39849955869373344
0.10244988864142539,0.3287305122494432,0.16926503340757237,0.399554565701559
0.10507880910683012,0.3235551663747811,0.1777583187390543,0.3936077057793345
0.10286458333333333,0.3246527777777778,0.1779513888888889,0.39453125
0.10257548845470693,0.3299289520426288,0.18206039076376554,0.38543516873889877
0.10851345390383767,0.3281870313189237,0.1795324217026908,0.38376709307454787
0.10936132983377078,0.3289588801399825,0.1784776902887139,0.38320209973753283
0.10862899693385895,0.3232588699080158,0.18396846254927726,0.384143670608848
0.108837614279495,0.3291249455811929,0.18763604701784936,0.37440139312146276
0.10717410323709536,0.32808398950131235,0.18985126859142606,0.37489063867016625
0.10589277802392556,0.3331856446610545,0.19140451927337174,0.3695170580416482
0.10031069684864626,0.33022636484687085,0.18908122503328895,0.38038171327119397
0.10197802197802198,0.3283516483516484,0.18813186813186814,0.38153846153846155
0.10296067167476801,0.3225806451612903,0.1917808219178082,0.38267786124613345
0.1020586946999562,0.3232588699080158,0.19404292597459483,0.3806395094174332
0.1004891062694531,0.3272565584704313,0.19519786571809694,0.37705646954201866
0.0985977212971078,0.32865907099035935,0.2007011393514461,0.3720420683610868
0.10391897842360194,0.3276089828269485,0.202113606340819,0.3663584324086306
0.10909090909090909,0.31529933481152994,0.20709534368070953,0.36851441241685146
0.11262648482182139,0.31016278046634405,0.20413550373955125,0.37307523097228334
0.11286780851998243,0.31796223100570925,0.20333772507685552,0.3658322353974528
0.11703056768558952,0.3183406113537118,0.20131004366812227,0.36331877729257644
0.1215566243987757,0.3191954525579362,0.20376038478355923,0.3554875382597289
0.12483516483516484,0.3178021978021978,0.1991208791208791,0.35824175824175825
0.12439560439560439,0.3098901098901099,0.19824175824175824,0.36747252747252745
0.1284891448825875,0.30350022153300843,0.20203810367744793,0.3659725299069561
0.12206988058381248,0.30429013710747455,0.20079610791685096,0.372843874391862
0.12214411247803164,0.3071177504393673,0.19903339191564148,0.37170474516695956
0.12654320987654322,0.3134920634920635,0.1966490299823633,0.36331569664902996
0.12687224669603525,0.3162995594713656,0.19339207048458149,0.3634361233480176
0.13470820535322509,0.3137340939008337,0.19394471259324264,0.35761298815269854
0.12924569916188797,0.3202470224966917,0.19276576973974416,0.35774150860167625
0.13885180240320427,0.31241655540720964,0.19537160658655986,0.35336003560302626
0.13119789381307592,0.31241772707327775,0.19394471259324264,0.36243966652040366
0.13598233995584988,0.31125827814569534,0.2022075055187638,0.35055187637969093
0.13602457218078104,0.30671347082053535,0.20008775778850374,0.3571741992101799
0.13802197802197802,0.3059340659340659,0.2021978021978022,0.35384615384615387
0.13666519239274658,0.3038478549314463,0.20300751879699247,0.3564794338788147
0.14000886132033674,0.306601683650864,0.20868409392999557,0.34470536109880373
0.1419753086419753,0.31216931216931215,0.20590828924162258,0.33994708994708994
0.13922942206654992,0.30823117338003503,0.21234676007005254,0.3401926444833625
0.1375497567448032,0.3069438301636444,0.21406457319770014,0.3414418398938523
0.14366812227074235,0.30393013100436683,0.2165938864628821,0.3358078602620087
0.14204545454545456,0.3068181818181818,0.21241258741258742,0.3387237762237762
0.14104803493449783,0.3026200873362445,0.21441048034934498,0.3419213973799127
0.13912272928666372,0.3030571555161719,0.2157731501993797,0.3420469649977847
0.13896218117854,0.29815303430079154,0.2198768689533861,0.34300791556728233
0.13815789473684212,0.3043859649122807,0.2149122807017544,0.3425438596491228
0.13922942206654992,0.29947460595446584,0.21891418563922943,0.3423817863397548
0.13908450704225353,0.29797535211267606,0.21830985915492956,0.34463028169014087
0.13628318584070798,0.30221238938053097,0.21814159292035398,0.3433628318584071
0.13610251878038002,0.29474149359257623,0.22315510384445428,0.3460008837825895
0.13876651982378854,0.29955947136563876,0.2251101321585903,0.3365638766519824
0.13518273888154997,0.29590488771466317,0.22589167767503301,0.3430206957287539
0.1286215978928885,0.305531167690957,0.2295873573309921,0.3362598770851624
0.13134851138353765,0.3042907180385289,0.22985989492119088,0.3345008756567426
0.1301098901098901,0.31164835164835164,0.22153846153846155,0.3367032967032967
0.13342082239720035,0.3127734033245844,0.21916010498687663,0.3346456692913386
0.13157894736842105,0.3171052631578947,0.21578947368421053,0.3355263157894737
0.13377777777777777,0.30977777777777776,0.212,0.34444444444444444
0.13353900396650506,0.3080652269722345,0.21683561040105773,0.34156015866020273
0.13779353123615418,0.309260079751883,0.21311475409836064,0.33983163491360213
0.13796133567662566,0.31370826010544817,0.21045694200351495,0.3378734622144112
0.13782474680757376,0.31704095112285335,0.20959929546455305,0.33553500660501984
0.14147201410312912,0.31070956368444247,0.20669898633759365,0.34111943587483473
0.14048140043763677,0.3137855579868709,0.20350109409190373,0.3422319474835886
0.14412811387900357,0.30782918149466193,0.20685053380782917,0.34119217081850534
0.1410989010989011,0.3037362637362637,0.20703296703296703,0.34813186813186814
0.14179431072210066,0.3063457330415755,0.20525164113785557,0.3466083150984683
0.13761061946902656,0.3084070796460177,0.20663716814159291,0.3473451327433628
0.14148471615720523,0.29912663755458513,0.20829694323144105,0.35109170305676857
0.14298323036187113,0.3067078552515446,0.2003530450132392,0.3499558693733451
0.14033539276257723,0.3084730803177405,0.19726390114739628,0.353927625772286
0.1412655971479501,0.31016042780748665,0.19875222816399288,0.3498217468805704
0.14341761115954665,0.3134263295553618,0.1952920662598082,0.34786399302528337
0.14893617021276595,0.3065566652192792,0.20234476769431176,0.3421623968736431
0.15530973451327434,0.3017699115044248,0.20442477876106194,0.33849557522123896
0.16259808195292066,0.3038360941586748,0.2031386224934612,0.3304272013949433
0.16102067751869775,0.3079630444346678,0.20545534535855697,0.32556093268807745
0.16496220542463316,0.30502445531347266,0.2009782125389062,0.329035126722988
0.16762240846934273,0.3034847816497574,0.20291133656815175,0.3259814733127481
0.176081200353045,0.2961165048543689,0.20653133274492497,0.3212709620476611
0.18181818181818182,0.2992056487202118,0.20211827007943514,0.31685789938217124
0.1843154630039876,0.30128489144882586,0.19539211342490032,0.3190075321222862
0.1864257382106655,0.29925077126487437,0.19479947113265755,0.3195240193918026
0.18854625550660792,0.30176211453744495,0.19911894273127753,0.31057268722466963
0.1905393457117595,0.3010610079575597,0.1989389920424403,0.3094606542882405
0.18525021949078138,0.2989464442493415,0.20237050043898155,0.31343283582089554
0.18257443082311733,0.29640980735551664,0.19964973730297722,0.3213660245183888
0.18346595932802828,0.30238726790450926,0.1962864721485411,0.3178603006189213
0.18150087260034903,0.2988656195462478,0.19720767888307156,0.32242582897033156
0.1850877192982456,0.2982456140350877,0.20219298245614034,0.3144736842105263
0.18588338448049102,0.3011836913634371,0.2073651907058308,0.30556773345024113
0.18596491228070175,0.3,0.21140350877192982,0.3026315789473684
0.19051799824407376,0.3028972783143108,0.2032484635645303,0.3033362598770852
0.1854945054945055,0.30021978021978024,0.20835164835164835,0.3059340659340659
0.18661971830985916,0.292693661971831,0.20994718309859156,0.3107394366197183
0.1941747572815534,0.2961165048543689,0.21050308914386584,0.2992056487202118
0.19606126914660832,0.2884026258205689,0.21400437636761488,0.3015317286652079
0.2,0.28761061946902655,0.2084070796460177,0.30398230088495576
0.2008869179600887,0.28292682926829266,0.21019955654101996,0.30598669623059865
0.20193576770787505,0.278926528816542,0.21205455345358556,0.3070831500219974
0.20296813618507203,0.2789175032736796,0.2130074203404627,0.30510694020078566
0.2013215859030837,0.2748898678414097,0.21894273127753303,0.3048458149779736
0.20447564721369021,0.2711715664765248,0.2224659938569548,0.3018867924528302
0.20709534368070953,0.2753880266075388,0.2164079822616408,0.30110864745011084
0.20502645502645503,0.27821869488536155,0.2173721340388007,0.2993827160493827
0.20844327176781002,0.2757255936675462,0.21635883905013192,0.2994722955145119
0.20978404583516969,0.28029969149405026,0.21859850154252974,0.2913177611282503
0.21268163804491413,0.2747688243064729,0.2188463232056363,0.29370321444297665
0.2168141592920354,0.27876106194690264,0.2150442477876106,0.28938053097345134
0.2154793315743184,0.2678100263852243,0.21459982409850484,0.3021108179419525
0.2233948988566403,0.2642919964819701,0.2167985927880387,0.2955145118733509
0.2169894366197183,0.27244718309859156,0.21919014084507044,0.2913732394366197
0.21969365426695842,0.27964989059080964,0.2087527352297593,0.29190371991247266
0.2227112676056338,0.27420774647887325,0.21214788732394366,0.2909330985915493
0.22850877192982455,0.2657894736842105,0.21403508771929824,0.2916666666666667
0.230837394771821,0.26406734603455917,0.21754541426672575,0.2875498449268941
0.23178807947019867,0.2640176600441501,0.22075055187637968,0.28344370860927154
0.23266022827041263,0.2664618086040386,0.21949078138718173,0.28138718173836696
0.2319610447100487,0.2740150509074812,0.2151394422310757,0.2788844621513944
0.23002633889376647,0.27436347673397715,0.21729587357330993,0.2783143107989464
0.23039859833552342,0.2781427945685502,0.21550591327201052,0.2759526938239159
0.23226090788893786,0.27677390921110623,0.21683561040105773,0.2741295724988982
0.23145268769435806,0.2701021768103065,0.2176810306530431,0.2807641048422923
0.226890756302521,0.2724458204334365,0.22158337019018134,0.27908005307386113
0.22486772486772486,0.2760141093474427,0.21781305114638447,0.281305114638448
0.22992056487202117,0.26963812886142985,0.2237422771403354,0.2766990291262136
0.22945054945054946,0.2725274725274725,0.2254945054945055,0.2725274725274725
0.23555166374781086,0.27189141856392296,0.2202276707530648,0.2723292469352014
0.2290748898678414,0.2713656387665198,0.21894273127753303,0.2806167400881057
0.23242530755711774,0.27548330404217924,0.218804920913884,0.273286467486819
0.2362758014931928,0.2736056214317084,0.21958717610891523,0.27053140096618356
0.24059492563429571,0.2751531058617673,0.21478565179352582,0.2694663167104112
0.23707274320771254,0.2721297107800175,0.22348816827344434,0.26730937773882557
0.2440737489025461,0.2712906057945566,0.21817383669885865,0.2664618086040386
0.24060150375939848,0.2706766917293233,0.22202565236620964,0.26669615214506853
0.23788738542121343,0.27848101265822783,0.21213443910955915,0.27149716281099956
0.24338624338624337,0.281305114638448,0.21825396825396826,0.2570546737213404
0.2465753424657534,0.27220503756076003,0.21696862571807335,0.26425099425541315
0.2453580901856764,0.27453580901856767,0.22502210433244915,0.2550839964633068
0.24337455830388693,0.27340989399293286,0.22217314487632508,0.26104240282685515
0.24157801418439717,0.2752659574468085,0.2220744680851064,0.26108156028368795
0.23922603342128407,0.2774846086191733,0.22295514511873352,0.26033421284080915
0.24835164835164836,0.27472527472527475,0.2189010989010989,0.258021978021978
0.24382716049382716,0.2716049382716049,0.22310405643738976,0.26146384479717816
0.24591611479028697,0.27240618101545255,0.21986754966887417,0.2618101545253863
0.2474546259406817,0.26914563966356797,0.21779548472775564,0.2656042496679947
0.2456217162872154,0.27189141856392296,0.21978984238178634,0.2626970227670753
0.24119718309859156,0.272887323943662,0.2266725352112676,0.2592429577464789
0.2427055702917772,0.27674624226348365,0.22104332449160036,0.2595048629531388
0.2446106467223933,0.27628684557853056,0.21953365596128466,0.2595688517377915
0.24227714033539277,0.27890556045895853,0.21315092674315975,0.265666372462489
0.2401242787394585,0.2791833111407013,0.21571238348868177,0.26498002663115844
0.24933333333333332,0.2791111111111111,0.21288888888888888,0.25866666666666666
0.24716157205240175,0.2786026200873362,0.21441048034934498,0.259825327510917
0.24551422319474836,0.2814004376367615,0.21269146608315098,0.2603938730853392
0.24504186866460997,0.28250330542089025,0.2124283825473777,0.2600264433671221
0.24879120879120878,0.28,0.20747252747252748,0.26373626373626374
0.24680475980608196,0.2794182459233142,0.20978404583516969,0.26399294843543414
0.24389160373167482,0.2812083518436251,0.209240337627721,0.26565970679697914
0.24725516029863856,0.28019323671497587,0.2090469916556873,0.2635046113306983
0.24625550660792953,0.28370044052863436,0.21145374449339208,0.25859030837004404
0.24068391056554142,0.28496273564226215,0.2135028496273564,0.26085050416483996
0.2435505028421513,0.29033668561434195,0.20594665500655882,0.26016615653694797
0.24394539850286218,0.29326287978863935,0.2043152796125055,0.25847644209599296
0.25296964364276286,0.28596568411790585,0.2089749230092389,0.25208974923009236
0.2509907529722589,0.2950242184059885,0.20123293703214443,0.2527520915896081
0.2545054945054945,0.2958241758241758,0.19692307692307692,0.25274725274725274
0.2590809628008753,0.29059080962800876,0.19693654266958424,0.25339168490153174
0.2623239436619718,0.2834507042253521,0.19982394366197184,0.25440140845070425
0.26077396657871593,0.29023746701846964,0.19085312225153914,0.25813544415127526
0.26409232134931204,0.29027962716378164,0.19174434087882822,0.25388371060807813
0.2671654929577465,0.29005281690140844,0.19014084507042253,0.25264084507042256
0.2652613087395696,0.2898550724637681,0.1919191919191919,0.25296442687747034
0.2664024658740643,0.28797886393659183,0.1924262439453985,0.2531924262439454
0.26369257950530034,0.2875441696113074,0.19522968197879859,0.25353356890459366
0.26195699868363315,0.2891619131197894,0.18736287845546293,0.2615182097411145
0.2636443661971831,0.29005281690140844,0.19014084507042253,0.25616197183098594
0.26128890837352037,0.28540113985094256,0.18982902235861465,0.2634809294169224
0.26292725679228746,0.2787028921998247,0.19325153374233128,0.2651183172655565
0.2672831351827389,0.28313518273888155,0.18978423601937472,0.25979744605900484
0.26730937773882557,0.2813321647677476,0.1866783523225241,0.26468010517090274
0.26557666813963765,0.28413610251878035,0.19089703932832522,0.25939019001325675
0.26742656729504605,0.2889083735203858,0.18982902235861465,0.2538360368259535
0.26794471689701294,0.282657155595185,0.19349086045474811,0.25590726705305394
0.2693156732891832,0.27947019867549666,0.18896247240618103,0.26225165562913905
0.26669634906500445,0.28138913624220835,0.18388245770258238,0.2680320569902048
0.26745718050065875,0.2841458058849363,0.17786561264822134,0.27053140096618356
0.27132805628847845,0.2854001759014952,0.17810026385224276,0.26517150395778366
0.2736056214317084,0.282389108476065,0.17830478700043917,0.26570048309178745
0.2720173535791757,0.2806941431670282,0.17613882863340563,0.27114967462039047
0.2699468085106383,0.2783687943262411,0.17819148936170212,0.27349290780141844
0.2677861246133451,0.2814847547503314,0.17543084401237297,0.2752982766239505
0.2720070422535211,0.2834507042253521,0.1795774647887324,0.2649647887323944
0.27336551118911806,0.282141290039491,0.18209741114523914,0.26239578762615184
0.27055702917771884,0.2864721485411141,0.1781609195402299,0.26480990274093724
0.268859649122807,0.2837719298245614,0.18026315789473685,0.26710526315789473
0.2662565905096661,0.28427065026362036,0.18233743409490333,0.2671353251318102
0.2656042496679947,0.2868525896414343,0.18415227976980966,0.2633908809207614
0.2666959578207381,0.28383128295254834,0.18585237258347978,0.26362038664323373
0.26469307792773183,0.2777535916412712,0.18720069656073138,0.2703526338702656
0.2641509433962264,0.2773146116717859,0.18867924528301888,0.26985519964896887
0.26205083260297984,0.27344434706397897,0.18886941279579317,0.275635407537248
0.27016306743058616,0.27148523578669015,0.18510356985456147,0.2732481269281622
0.27453580901856767,0.27320954907161804,0.1847922192749779,0.26746242263483644
0.27824175824175823,0.2756043956043956,0.18637362637362637,0.25978021978021976
0.2795085563843791,0.26985519964896887,0.18429135585783238,0.2663448881088197
0.28010586678429644,0.2730480811645346,0.18614909572121746,0.2606969563299515
0.2756043956043956,0.2795604395604396,0.17978021978021977,0.26505494505494503
0.27924362357080035,0.2770448548812665,0.17985927880386984,0.2638522427440633
0.28313518273888155,0.2712461470717745,0.18450022016732717,0.2611184500220167
0.2891725352112676,0.26848591549295775,0.18617957746478872,0.25616197183098594
0.2871636524040582,0.2642258491398324,0.1901191001323335,0.25849139832377593
0.28452797202797203,0.26617132867132864,0.18706293706293706,0.26223776223776224
0.28390201224846895,0.268591426071741,0.189413823272091,0.25809273840769903
0.28440366972477066,0.2691131498470948,0.1891655744866754,0.25731760594145914
0.28118113706478626,0.26795945350374617,0.19039224327897752,0.2604671661524901
0.282560706401766,0.26843267108167773,0.18410596026490067,0.26490066225165565
0.27340008707009145,0.2699172834131476,0.18415324336090552,0.2725293861558555
0.2728066346573549,0.2697512003491925,0.18376254910519424,0.2736796158882584
0.2735723771580345,0.26693227091633465,0.1868083222664896,0.2726870296591412
0.2751322751322751,0.26102292768959434,0.18871252204585537,0.2751322751322751
0.2777288732394366,0.26100352112676056,0.18529929577464788,0.27596830985915494
0.27180616740088104,0.25903083700440527,0.18898678414096917,0.2801762114537445
0.27076923076923076,0.2632967032967033,0.19032967032967033,0.2756043956043956
0.2781954887218045,0.25873507297655907,0.18487394957983194,0.2781954887218045
0.2846458424989001,0.25252969643642764,0.18609766827980642,0.27672679278486584
0.2826855123674912,0.2513250883392226,0.1868374558303887,0.2791519434628975
0.2881578947368421,0.2442982456140351,0.19078947368421054,0.2767543859649123
0.28419654714475434,0.24258521469676847,0.1961044710048694,0.2771137671536078
0.28244610646722396,0.2454905411350638,0.1948966124065112,0.27716673999120106
0.2858376511226252,0.23963730569948186,0.1878238341968912,0.2867012089810017
0.2826373626373626,0.24,0.19164835164835164,0.2857142857142857
0.285089637079143,0.2365544381285527,0.19370354175776125,0.28465238303454304
0.284,0.2368888888888889,0.18933333333333333,0.2897777777777778
0.28796498905908097,0.24157549234135667,0.18555798687089717,0.2849015317286652
0.28633975481611207,0.24299474605954466,0.18651488616462347,0.2841506129597198
0.2925531914893617,0.2375886524822695,0.18439716312056736,0.2854609929078014
0.2965244170699516,0.2358117025956885,0.18433787945446548,0.2833260008798944
0.2982532751091703,0.2353711790393013,0.1812227074235808,0.2851528384279476
0.30539710399297937,0.23080298376480912,0.18253620008775778,0.2812637121544537
0.30633802816901406,0.2306338028169014,0.18221830985915494,0.28080985915492956
0.2931937172774869,0.23472949389179756,0.18455497382198952,0.287521815008726
0.2963940193491645,0.23087071240105542,0.18733509234828497,0.2854001759014952
0.3031496062992126,0.22528433945756782,0.18722659667541558,0.28433945756780404
0.30136383633963926,0.23185217773867137,0.18565772107347117,0.28112626484821823
0.2964426877470356,0.23364075537988582,0.18840579710144928,0.2815107597716293
0.29458740017746227,0.23558118899733807,0.19210292812777285,0.2777284826974268
0.3011994669035984,0.23989338071968014,0.18347401155042203,0.27543314082629944
0.30013106159895153,0.24027959807776322,0.18479685452162517,0.2747924858016601
0.3017543859649123,0.2394736842105263,0.18333333333333332,0.2754385964912281
0.301629238221048,0.24174372523117568,0.18273888154997797,0.27388815499779834
0.2988656195462478,0.24389179755671903,0.1863001745200698,0.2709424083769634
0.29912280701754385,0.24166666666666667,0.18596491228070175,0.27324561403508774
0.301978021978022,0.24,0.18945054945054945,0.26857142857142857
0.29597197898423816,0.2425569176882662,0.1957092819614711,0.2657618213660245
0.2928540113985094,0.2507672073651907,0.19333625602805787,0.263042525208242
0.2958241758241758,0.24967032967032968,0.189010989010989,0.2654945054945055
0.29491673970201576,0.24189307624890447,0.19500438212094653,0.26818580192813324
0.29414354909731394,0.24174372523117568,0.19462791721708497,0.26948480845442535
0.29334500875656744,0.24605954465849386,0.19352014010507881,0.2670753064798599
0.2973568281938326,0.24008810572687225,0.19559471365638767,0.2669603524229075
0.2997370727432077,0.2467134092900964,0.18974583698510078,0.26380368098159507
0.29261862917398945,0.24736379613356765,0.19068541300527242,0.2693321616871705
0.29321663019693656,0.24945295404814005,0.18905908096280089,0.26827133479212256
0.28533451484271155,0.2467877713779353,0.1949490474080638,0.2729286663712893
0.2931110136024572,0.24352786309784993,0.1961386573058359,0.26722246599385696
0.2980599647266314,0.2447089947089947,0.18606701940035272,0.27116402116402116
0.2971905179982441,0.24582967515364354,0.18437225636523266,0.2726075504828797
0.30080213903743314,0.25044563279857396,0.18493761140819964,0.2638146167557932
0.2981366459627329,0.2440106477373558,0.18633540372670807,0.27151730257320317
0.29683377308707126,0.2497801231310466,0.18161829375549693,0.2717678100263852
0.29391151992991676,0.2483574244415243,0.17608409986859397,0.28164695575996496
0.2996914940502424,0.24812692816218598,0.1745262230057294,0.2776553547818422
0.29925405879771827,0.250987275120667,0.17858709960508995,0.2711715664765248
0.2945326278659612,0.25793650793650796,0.17680776014109348,0.2707231040564374
0.29586056644880177,0.25925925925925924,0.17559912854030502,0.269281045751634
0.2971078001752848,0.25766871165644173,0.1761612620508326,0.26906222611744085
0.2913177611282503,0.255178492728074,0.18113706478624944,0.2723666813574262
0.2892199824715162,0.254601226993865,0.1827344434706398,0.27344434706397897
0.294478527607362,0.25547765118317267,0.18054338299737072,0.26950043821209463
0.2898936170212766,0.25354609929078015,0.1804078014184397,0.27615248226950356
0.29558373414954087,0.25010931351114996,0.17971141233056406,0.2745955400087451
0.2915929203539823,0.2491150442477876,0.17876106194690267,0.28053097345132744
0.2973568281938326,0.23920704845814977,0.17753303964757708,0.28590308370044054
0.3022747156605424,0.2384076990376203,0.17497812773403323,0.28433945756780404
0.2987352812908853,0.23506323593545572,0.17706061927605757,0.2891408634976014
0.2937554969217238,0.23878627968337732,0.1785400175901495,0.28891820580474936
0.2958241758241758,0.24,0.17186813186813188,0.2923076923076923
0.2931411096548711,0.24202708606378331,0.17955439056356487,0.2852774137177807
0.2886053673559173,0.24373075230972283,0.1803783545974483,0.2872855257369116
0.2835820895522388,0.24187884108867427,0.18437225636523266,0.2901668129938543
0.2858399296394019,0.24142480211081793,0.17810026385224276,0.29463500439753737
0.28105726872246695,0.24801762114537446,0.17753303964757708,0.2933920704845815
0.28452066842568163,0.24670184696569922,0.17634124890061564,0.29243623570800353
0.2838852097130243,0.247682119205298,0.17218543046357615,0.29624724061810154
0.2912621359223301,0.2418358340688438,0.176963812886143,0.28993821712268314
0.2898806893504198,0.24524966858152894,0.17631462660185596,0.28855501546619533
0.28147163120567376,0.24689716312056736,0.17641843971631205,0.29521276595744683
0.2871636524040582,0.23775915306572562,0.17776797529775032,0.29730921923246584
0.285089637079143,0.23480542195015303,0.1814604285089637,0.2986445124617403
0.2810715854194115,0.233201581027668,0.18401405357927098,0.30171277997364954
0.2793791574279379,0.23547671840354767,0.18536585365853658,0.29977827050997785
0.2808738296923763,0.23227819884083817,0.18591172536781098,0.30093624609897457
0.28147163120567376,0.2349290780141844,0.1870567375886525,0.29654255319148937
0.2795138888888889,0.2400173611111111,0.18272569444444445,0.2977430555555556
0.26989010989010986,0.2408791208791209,0.18417582417582418,0.30505494505494507
0.2756494936151475,0.2408630559225011,0.1809775429326288,0.30250990752972257
0.275635407537248,0.2427695004382121,0.1796669588080631,0.30192813321647677
0.27580149319279756,0.2463768115942029,0.1769872639437857,0.3008344312692139
0.27188737351517817,0.24593048834139902,0.18345798504179497,0.2987241531016278
0.2705207413945278,0.24757281553398058,0.1849073256840247,0.2969991173874669
0.2722859664607237,0.2444836716681377,0.18270079435127978,0.30052956751985876
0.2711267605633803,0.24471830985915494,0.18529929577464788,0.2988556338028169
0.2719259585720582,0.24063464081092992,0.18422212428382548,0.3032172763331864
0.27966475518306133,0.2368769298632554,0.18923687692986327,0.29422143802382
0.28677433435181143,0.23526844172850284,0.1907463989524225,0.2872108249672632
0.2888402625820569,0.23676148796498905,0.1899343544857768,0.2844638949671772
0.2848914488258751,0.23260965883916704,0.19406291537439077,0.2884359769605671
0.2814004376367615,0.23413566739606126,0.19168490153172865,0.29277899343544855
0.28421512898994317,0.2404897245299519,0.18583296895496285,0.2894621775251421
0.2847740236946029,0.24045634050021938,0.18429135585783238,0.2904782799473453
0.2911336568151742,0.23952359947066607,0.18482576091751213,0.28451698279664756
0.2868995633187773,0.24541484716157205,0.18427947598253275,0.2834061135371179
0.2914462081128748,0.24162257495590828,0.18342151675485008,0.28350970017636684
0.28558875219683655,0.24560632688927944,0.17926186291739896,0.28954305799648505
0.29305799648506153,0.2491212653778559,0.17882249560632688,0.2789982425307557
0.2908770383428823,0.24592331423534597,0.18025561921551345,0.28294402820625825
0.2969858156028369,0.24645390070921985,0.18085106382978725,0.27570921985815605
0.29925077126487437,0.24856765094755398,0.17937417364477742,0.2728074041427942
0.29442738043001315,0.24528301886792453,0.1799034664326459,0.2803861342694164
0.2994325621999127,0.24836316019205587,0.17415975556525534,0.2780445220427761
0.29895104895104896,0.24475524475524477,0.17482517482517482,0.28146853146853146
0.30664916885389326,0.2384076990376203,0.17279090113735784,0.2821522309711286
0.30131004366812225,0.2410480349344978,0.17641921397379912,0.2812227074235808
0.30823117338003503,0.2403677758318739,0.17075306479859895,0.28064798598949214
0.3065083553210202,0.2405452946350044,0.17502198768689534,0.27792436235708
0.31291028446389496,0.23413566739606126,0.1737417943107221,0.2792122538293217
0.30630233583076244,0.2375495813133539,0.17628911414720141,0.27985896870868227
0.30957683741648107,0.23697104677060132,0.17906458797327393,0.27438752783964365
0.3053602811950791,0.23637961335676624,0.18014059753954306,0.2781195079086116
0.30309638028783253,0.23724378543392935,0.1831661578717837,0.27649367640645445
0.30571555161719094,0.23881258307487815,0.179441736818786,0.2760301284891449
0.30398230088495576,0.23495575221238937,0.1831858407079646,0.2778761061946903
0.30505494505494507,0.22857142857142856,0.18813186813186814,0.27824175824175823
0.3073192239858907,0.2279541446208113,0.18738977072310406,0.27733686067019403
0.3081597222222222,0.2309027777777778,0.18663194444444445,0.2743055555555556
0.30346947738252084,0.23012736056214317,0.18972332015810275,0.2766798418972332
0.3064373897707231,0.2292768959435626,0.18562610229276896,0.2786596119929453
0.31131660061646854,0.2294143549097314,0.18670189343901364,0.27256715103478646
0.31462660185594343,0.22801590808661068,0.1855943437914273,0.27176314626601855
0.3164113785557987,0.2336980306345733,0.18205689277899342,0.26783369803063456
0.3127224199288256,0.23087188612099643,0.1943950177935943,0.26201067615658363
0.30978499341816584,0.23211935059236508,0.19087318999561212,0.26722246599385696
0.30647291941875826,0.2399823866138265,0.18846323205636284,0.2650814619110524
0.3104203152364273,0.23861646234676007,0.18388791593695272,0.2670753064798599
0.3075230972283326,0.2336119665640123,0.18829740431148262,0.27056753189617244
0.30476606908613907,0.23480542195015303,0.18976825535636205,0.27066025360734586
0.30930537352555704,0.23503713411970292,0.18610747051114024,0.26955002184359983
0.30918727915194344,0.23895759717314488,0.18418727915194347,0.2676678445229682
0.3054704595185996,0.24288840262582057,0.18336980306345732,0.26827133479212256
0.31233480176211453,0.24713656387665198,0.17885462555066078,0.2616740088105727
0.3019034971226206,0.25143868968570166,0.1814962372731297,0.26516157591854805
0.2984154929577465,0.258362676056338,0.17693661971830985,0.2662852112676056
0.29736842105263156,0.262719298245614,0.17412280701754385,0.2657894736842105
0.29509632224168125,0.2587565674255692,0.18476357267950963,0.2613835376532399
0.3023767605633803,0.25264084507042256,0.1817781690140845,0.2632042253521127
0.3033006244424621,0.2546833184656557,0.1824264049955397,0.25958965209634255
0.30167844522968196,0.25485865724381623,0.18639575971731448,0.2570671378091873
0.3053839364518976,0.2471315092674316,0.18402471315092675,0.263459841129744
0.3090430201931519,0.2497805092186128,0.1839332748024583,0.257243195785777
0.3106194690265487,0.2482300884955752,0.1827433628318584,0.2584070796460177
0.31569664902998235,0.24426807760141092,0.1882716049382716,0.2517636684303351
0.3153947948831054,0.24878694309660343,0.19232465813850905,0.2434936038817821
0.312967032967033,0.24747252747252746,0.19164835164835164,0.2479120879120879
0.3218543046357616,0.24415011037527592,0.18896247240618103,0.24503311258278146
0.32319223985890655,0.24118165784832452,0.19091710758377425,0.2447089947089947
0.32762406675450156,0.2450592885375494,0.1888449714536671,0.23847167325428195
0.3195057369814651,0.24492497793468668,0.19461606354810237,0.2409532215357458
0.3222270933800965,0.24287593160894344,0.19333625602805787,0.24156071898290224
0.31828242585214694,0.24391323594510844,0.19654714475431606,0.2412571934484285
0.31868131868131866,0.24351648351648353,0.19384615384615383,0.24395604395604395
0.3204787234042553,0.23448581560283688,0.19636524822695037,0.24867021276595744
0.3187250996015936,0.2381584772023019,0.199203187250996,0.24391323594510844
0.3274021352313167,0.23398576512455516,0.19395017793594305,0.24466192170818504
0.3257343270495397,0.2341078474353354,0.19640508548882069,0.24375274002630426
0.32310390179745724,0.23323103901797457,0.19947391494958353,0.24419114423498467
0.3178021978021978,0.23692307692307693,0.20131868131868133,0.24395604395604395
0.3158359064843405,0.2368769298632554,0.20644022937803264,0.24084693427437143
0.32155322862129143,0.2369109947643979,0.2020069808027923,0.2395287958115183
0.3257343270495397,0.22972380534853135,0.19772029811486191,0.24682156948706707
0.3212869105332746,0.23005729396209784,0.2009695901278096,0.24768620537681799
0.31687968267959454,0.23402379903040987,0.20713970912296165,0.24195680916703394
0.31735463826009763,0.2334664891256103,0.21260541500221927,0.2365734576120728
0.3211647109952195,0.23468057366362452,0.21251629726205998,0.23163841807909605
0.32075471698113206,0.2360684510750329,0.20447564721369021,0.2387011847301448
0.3158590308370044,0.23744493392070484,0.213215859030837,0.23348017621145375
0.31956043956043956,0.23956043956043957,0.21010989010989012,0.23076923076923078
0.3171265878230399,0.24529128339903636,0.20718353044240034,0.23039859833552342
0.3124452234881683,0.2432077125328659,0.20946538124452235,0.23488168273444346
0.30953417501088376,0.24466695690030474,0.20896821941663038,0.2368306486721811
0.3115114235500879,0.23637961335676624,0.2148506151142355,0.23725834797891038
0.31176213379973766,0.2334936598163533,0.21119370354175776,0.2435505028421513
0.3111111111111111,0.23422222222222222,0.2111111111111111,0.24355555555555555
0.3096802452912834,0.23477879982479194,0.2084975908891809,0.24704336399474375
0.30385288966725044,0.23248686514886166,0.2136602451838879,0.25
0.3046153846153846,0.23868131868131867,0.20747252747252748,0.24923076923076923
0.3017279574656624,0.24280017722640673,0.20646876384581303,0.24900310146211785
0.3057017543859649,0.23640350877192984,0.20614035087719298,0.2517543859649123
0.2968197879858657,0.23630742049469966,0.2142226148409894,0.25265017667844525
0.2941700044503783,0.2376502002670227,0.2162883845126836,0.25189141076991545
0.2953345070422535,0.23459507042253522,0.21390845070422534,0.25616197183098594
0.29973474801061006,0.23430592396109637,0.21175950486295314,0.2541998231653404
0.28866432337434095,0.23681898066783832,0.21528998242530756,0.2592267135325132
0.28239929947460596,0.24168126094570927,0.21760070052539404,0.2583187390542907
0.29349269588313415,0.23727312970340858,0.21248339973439576,0.25675077467906154
0.2873362445414847,0.23449781659388647,0.21441048034934498,0.26375545851528387
0.2824661128115435,0.23874070835155226,0.21381722780935725,0.264975951027547
0.2809917355371901,0.2379295345802523,0.2161809482383645,0.26489778164419314
0.277119016249451,0.23539745278875715,0.22134387351778656,0.26613965744400525
0.2701048951048951,0.24562937062937062,0.22115384615384615,0.2631118881118881
0.26882661996497376,0.2425569176882662,0.22854640980735552,0.2600700525394046
0.2733274647887324,0.23899647887323944,0.230193661971831,0.2574823943661972
0.2783641160949868,0.23350923482849603,0.22955145118733508,0.25857519788918204
0.2777535916412712,0.22942969090117546,0.23247714410100132,0.260339573356552
0.2799646174259177,0.22556390977443608,0.23529411764705882,0.25917735515258733
0.2733274647887324,0.22403169014084506,0.2425176056338028,0.2601232394366197
0.27872433377020533,0.22455220620358235,0.2415902140672783,0.25513324595893405
0.27768014059753954,0.22100175746924428,0.23813708260105448,0.2631810193321617
0.27985896870868227,0.21903922432789774,0.24239753195240193,0.25870427501101806
0.27955555555555556,0.21733333333333332,0.25066666666666665,0.25244444444444447
0.2760898282694848,0.2162043152796125,0.25891677675033026,0.24878907970057243
0.2767895878524946,0.21301518438177874,0.25683297180043385,0.2533622559652928
0.27604395604395604,0.21362637362637363,0.2558241758241758,0.2545054945054945
0.26917960088691795,0.2155210643015521,0.25631929046563195,0.258980044345898
0.2720879120879121,0.2153846153846154,0.25362637362637364,0.2589010989010989
0.2668428005284016,0.22148833113166005,0.25495376486129456,0.2567151034786438
0.26625386996904027,0.22335249889429457,0.2574082264484741,0.2529854046881911
0.26850635129215944,0.22076215505913271,0.25711782742006134,0.2536136662286465
0.2783866725120561,0.21701008329679966,0.25865848312143797,0.24594476106970628
0.27391874180865006,0.21887287024901703,0.25513324595893405,0.25207514198339886
0.2728074041427942,0.22300572939620977,0.25341560158660204,0.250771264874394
0.2788546255506608,0.22687224669603523,0.2488986784140969,0.24537444933920705
0.2820738137082601,0.22759226713532513,0.24956063268892795,0.24077328646748683
0.28209606986899566,0.2262008733624454,0.2519650655021834,0.23973799126637554
0.2855227882037534,0.2287756925826631,0.24754244861483468,0.23815907059874888
0.28226514486391574,0.2221246707638279,0.25548726953467954,0.24012291483757683
0.28100263852242746,0.21767810026385223,0.2537379067722076,0.24758135444151275
0.27890556045895853,0.21888790820829657,0.2594880847308032,0.24271844660194175
0.27308533916849015,0.2201312910284464,0.2612691466083151,0.24551422319474836
0.27292768959435626,0.21649029982363316,0.263668430335097,0.24691358024691357
0.26371215445370777,0.22992540587977184,0.2650285212812637,0.2413339183852567
0.2713968957871397,0.2212860310421286,0.2660753880266075,0.24124168514412417
0.2717198581560284,0.22650709219858156,0.261968085106383,0.2398049645390071
0.26884531590413946,0.2252723311546841,0.25664488017429193,0.24923747276688454
0.2625,0.22589285714285715,0.26205357142857144,0.24955357142857143
0.26570048309178745,0.2231005709266579,0.2635046113306983,0.24769433465085638
0.2706140350877193,0.21973684210526315,0.26359649122807016,0.24605263157894736
0.2711267605633803,0.21919014084507044,0.2654049295774648,0.2442781690140845
