R,A,S,N
0.0,0.0,1.0,0.0
0.0,0.0,1.0,0.0
0.0,0.0,0.8333333333333334,0.16666666666666666
0.09090909090909091,0.0,0.7727272727272727,0.13636363636363635
0.10256410256410256,0.0,0.7692307692307693,0.1282051282051282
0.11666666666666667,0.016666666666666666,0.7,0.16666666666666666
0.14772727272727273,0.0,0.6704545454545454,0.18181818181818182
0.1721311475409836,0.00819672131147541,0.6311475409836066,0.1885245901639344
0.1893491124260355,0.011834319526627219,0.621301775147929,0.17751479289940827
0.21296296296296297,0.023148148148148147,0.5740740740740741,0.18981481481481483
0.23843416370106763,0.02491103202846975,0.5658362989323843,0.1708185053380783
0.26857142857142857,0.03142857142857143,0.5257142857142857,0.1742857142857143
0.29398663697104677,0.042316258351893093,0.49665924276169265,0.16703786191536749
0.29814814814814816,0.053703703703703705,0.48148148148148145,0.16666666666666666
0.32200886262924666,0.0620384047267356,0.4549483013293944,0.16100443131462333
0.32606060606060605,0.06787878787878789,0.4448484848484848,0.16121212121212122
0.3278520041109969,0.07708119218910586,0.4409044193216855,0.15416238437821173
0.33391455972101136,0.08282476024411509,0.4315605928509154,0.15170008718395817
0.33232399697199094,0.09159727479182438,0.429220287660863,0.1468584405753217
0.328135593220339,0.10508474576271186,0.4264406779661017,0.14033898305084747
0.3249075215782984,0.11713933415536375,0.4204685573366215,0.1374845869297164
0.31867504283266707,0.12735579668760708,0.4129069103369503,0.14106225014277557
0.30971128608923887,0.13280839895013125,0.4152230971128609,0.14225721784776904
0.3057356608478803,0.14413965087281796,0.40648379052369077,0.14364089775561098
0.3023798413439104,0.1451236584227718,0.4041063929071395,0.14839010732617824
0.2971014492753623,0.14945652173913043,0.4003623188405797,0.15307971014492755
0.3011565836298932,0.14813167259786478,0.39368327402135234,0.1570284697508897
0.2982766239505082,0.1515687140963323,0.3932832523199293,0.15687140963323024
0.2984478935698448,0.15432372505543238,0.3858093126385809,0.1614190687361419
0.29708222811671087,0.15428824049513704,0.3859416445623342,0.16268788682581786
0.29618117229129665,0.15364120781527532,0.3827708703374778,0.16740674955595028
0.2994325621999127,0.14753382802269752,0.3841117415975557,0.16892186817983412
0.29765590446705,0.14816452896948254,0.3861123396727112,0.16806722689075632
0.2837719298245614,0.156140350877193,0.3868421052631579,0.17324561403508773
0.2842058952925649,0.16014078310602728,0.3801143862736472,0.17553893532776066
0.28407079646017697,0.15752212389380532,0.38008849557522123,0.17831858407079645
0.28998242530755713,0.15509666080843584,0.38093145869947276,0.17398945518453426
0.2923076923076923,0.15692307692307692,0.3740659340659341,0.1767032967032967
0.29747675962815406,0.16246126604692343,0.3656485170429394,0.17441345728198318
0.2910284463894967,0.16105032822757112,0.36586433260393875,0.18205689277899342
0.2884699693117054,0.16308636562911005,0.3691363437088996,0.17930732135028496
0.285650623885918,0.16488413547237077,0.3680926916221034,0.18137254901960784
0.2826761187416925,0.17235268054940187,0.36552946389011964,0.179441736818786
0.28378378378378377,0.16434176111595467,0.36965998256320837,0.1822144725370532
0.2796798577145398,0.16362827923521564,0.3748332592263228,0.18185860382392174
0.28295254833040423,0.163884007029877,0.36731107205623903,0.18585237258347978
0.28103146853146854,0.16695804195804195,0.36451048951048953,0.1875
0.28027984258854394,0.16878006121556624,0.3620463489287276,0.1888937472671622
0.2853380158033363,0.16900790166812993,0.35645302897278314,0.18920105355575065
0.28413610251878035,0.16880247459125056,0.3583738400353513,0.18868758285461776
0.28659885006634234,0.17116320212295444,0.3502874834144184,0.19195046439628483
0.2927472527472528,0.1731868131868132,0.34593406593406595,0.18813186813186814
0.29146608315098466,0.17024070021881837,0.3461706783369803,0.19212253829321663
0.2938847338319402,0.17157941047074352,0.3453585569731632,0.1891772987241531
0.29248152976966535,0.1703607127335941,0.34724033029117773,0.1899174272055628
0.29708222811671087,0.16843501326259946,0.34084880636604775,0.19363395225464192
0.29547471162378,0.17391304347826086,0.33895297249334516,0.19165927240461403
0.29567519858781993,0.17299205648720212,0.34024713150926744,0.1910856134157105
0.29785370127025845,0.17783618046430136,0.3320192728865528,0.19229084537888744
0.2924028268551237,0.1793286219081272,0.3295053003533569,0.19876325088339222
0.29675699689027096,0.1808085295424256,0.3251888049755664,0.197245668591737
0.29254385964912283,0.1793859649122807,0.32587719298245615,0.20219298245614034
0.2923280423280423,0.18253968253968253,0.318342151675485,0.20679012345679013
0.28998242530755713,0.18409490333919157,0.320298769771529,0.2056239015817223
0.29117259552042163,0.1844532279314888,0.3157663592446201,0.20860781730346947
0.2916484477481417,0.18976825535636205,0.3095758635767381,0.2090074333187582
0.2967032967032967,0.18813186813186814,0.3112087912087912,0.20395604395604397
0.2922192749778957,0.1883289124668435,0.31741821396993813,0.20203359858532272
0.29429960229783475,0.19089703932832522,0.30799823243482105,0.206805125939019
0.28760476400529333,0.19276576973974416,0.3065725628584032,0.21305690339655933
0.2904636920384952,0.1889763779527559,0.30577427821522307,0.21478565179352582
0.2919772029811486,0.19245944761069705,0.30030688294607627,0.21525646646207802
0.28734622144112476,0.19024604569420034,0.3071177504393673,0.21528998242530756
0.28546020453534904,0.19919964428634948,0.3010226767452201,0.21431747443308136
0.28293545534924847,0.1971706454465075,0.2979664014146773,0.22192749778956675
0.2869718309859155,0.20026408450704225,0.2887323943661972,0.22403169014084506
0.2874617737003058,0.20401922236784623,0.28789864569681084,0.22062035823503715
0.29288888888888887,0.2071111111111111,0.2822222222222222,0.21777777777777776
0.29564452265728114,0.20545534535855697,0.278926528816542,0.21997360316761988
0.29172141918528255,0.2067455102934735,0.2820849759088918,0.21944809461235218
0.297787610619469,0.2097345132743363,0.27477876106194693,0.2176991150442478
0.29584245076586435,0.20612691466083152,0.27833698030634574,0.21969365426695842
0.3,0.20837004405286344,0.2709251101321586,0.22070484581497798
0.29943007452871545,0.2117492327926348,0.27005699254712845,0.21876370013152127
0.2964269960299956,0.2192324658138509,0.26775474194971327,0.21658579620644022
0.29375276916260523,0.22463447053610988,0.2627381479840496,0.21887461231723526
0.29554477282752534,0.23070136744596384,0.2606969563299515,0.21305690339655933
0.2969374167776298,0.23302263648468707,0.25787838437638705,0.21216156236129605
0.28691423519009723,0.23916887709991158,0.25862068965517243,0.21529619805481875
0.2862206468763846,0.23969871510855117,0.2565352237483385,0.21754541426672575
0.28602715724923344,0.2448532632501095,0.24967148488830487,0.21944809461235218
0.2845849802371542,0.23978919631093545,0.2490118577075099,0.22661396574440051
0.285336856010568,0.24174372523117568,0.24702774108322326,0.22589167767503301
0.28314310798946446,0.2370500438981563,0.25417032484635643,0.22563652326602282
0.28734622144112476,0.23857644991212654,0.2438488576449912,0.23022847100175747
0.28711985688729874,0.23881932021466906,0.24239713774597496,0.23166368515205724
0.2836218375499334,0.24101198402130491,0.2401242787394585,0.23524189968930315
0.2772407732864675,0.2438488576449912,0.24560632688927944,0.23330404217926187
0.27598407784166296,0.24281291463954002,0.25210084033613445,0.22910216718266255
0.27980427046263345,0.23709964412811388,0.25222419928825623,0.23087188612099643
0.27424308907415534,0.2461605967529618,0.24659938569548048,0.23299692847740236
0.2719720157411456,0.24136423261915171,0.2479230432881504,0.23874070835155226
0.2680906713164778,0.24803836094158674,0.24455100261551874,0.23931996512641673
0.262621789193977,0.2471213463241807,0.25022143489813997,0.2400354295837024
0.2657281126264848,0.24681038275406952,0.24637043554773427,0.2410910690717114
0.2604259094942325,0.2466725820763088,0.24933451641526175,0.243566992014197
0.26434245366284204,0.24889673433362755,0.2440423654015887,0.24271844660194175
0.26672535211267606,0.25044014084507044,0.23503521126760563,0.24779929577464788
0.2635017421602787,0.2495644599303136,0.23562717770034844,0.25130662020905925
0.26176858776946765,0.25604927408710954,0.2331720193576771,0.24901011878574572
0.26276408450704225,0.2522007042253521,0.23371478873239437,0.25132042253521125
0.2594713656387665,0.2581497797356828,0.22951541850220264,0.252863436123348
0.2611209964412811,0.25533807829181493,0.23176156583629892,0.251779359430605
0.2581497797356828,0.25903083700440527,0.2286343612334802,0.25418502202643173
0.263986013986014,0.2583041958041958,0.22465034965034966,0.2530594405594406
0.2550245645377401,0.2541313086199196,0.23358642251004913,0.2572577043322912
0.26257722859664606,0.25419240953221534,0.22815533980582525,0.25507502206531335
0.25921052631578945,0.25087719298245614,0.22850877192982455,0.2614035087719298
0.2531700918233494,0.2540445999125492,0.23480542195015303,0.2579798863139484
0.2555066079295154,0.2511013215859031,0.2365638766519824,0.25682819383259914
0.2511013215859031,0.2537444933920705,0.2356828193832599,0.2594713656387665
0.24854975457385095,0.2565818830879072,0.24051762605979474,0.2543507362784471
0.24868189806678384,0.257908611599297,0.23725834797891038,0.2561511423550088
0.25120772946859904,0.25867369345630215,0.233201581027668,0.25691699604743085
0.2521045635799734,0.25963668586619404,0.22773593265396544,0.2605228178998671
0.24801412180052956,0.2599293909973522,0.235216240070609,0.25684024713150927
0.2554131683605833,0.25673884224480775,0.23110914714980116,0.25673884224480775
0.2548055431381314,0.2516763522574877,0.23558337058560572,0.25793473401877515
0.2562637362637363,0.24747252747252746,0.2342857142857143,0.261978021978022
0.2484608619173263,0.2515391380826737,0.23834652594547054,0.2616534740545295
0.2516614975631369,0.24944616747895437,0.24235711120957024,0.2565352237483385
0.24977777777777777,0.2528888888888889,0.24177777777777779,0.25555555555555554
0.2456217162872154,0.2574430823117338,0.24299474605954466,0.2539404553415061
0.24286341677646026,0.26130873956960915,0.23847167325428195,0.25735617039964864
0.24174372523117568,0.2646411272567151,0.23293703214442976,0.26067811536767943
0.24165202108963094,0.2649384885764499,0.23637961335676624,0.2570298769771529
0.24128919860627177,0.2621951219512195,0.23867595818815332,0.2578397212543554
0.24385964912280703,0.25833333333333336,0.23508771929824562,0.262719298245614
0.24879544459045116,0.25624178712220763,0.231712658782304,0.26325010950503724
0.23809523809523808,0.2654320987654321,0.23236331569664903,0.2641093474426808
0.2413491020586947,0.26544021024967146,0.231712658782304,0.2614980289093298
0.2437636761487965,0.262144420131291,0.22932166301969364,0.2647702407002188
0.24178712220762155,0.26325010950503724,0.22733245729303547,0.26763031099430573
0.2427055702917772,0.26790450928381965,0.22590627763041557,0.2634836427939876
0.2436570428696413,0.27034120734908135,0.22440944881889763,0.2615923009623797
0.24472759226713534,0.2710896309314587,0.21836555360281196,0.265817223198594
0.24757281553398058,0.2731685789938217,0.2175639894086496,0.2616946160635481
0.2466725820763088,0.26974267968056787,0.2178349600709849,0.2657497781721384
0.23891843971631205,0.274822695035461,0.2176418439716312,0.26861702127659576
0.2474546259406817,0.266489597166888,0.22089420097388224,0.26516157591854805
0.24265028521281265,0.26327336551118913,0.22027204914436158,0.2738043001316367
0.2425588627276766,0.26166148378498444,0.21545979564637938,0.2803198578409596
0.2367957746478873,0.26188380281690143,0.2227112676056338,0.27860915492957744
0.23147340889276374,0.2680906713164778,0.2227550130775937,0.27768090671316475
0.23157894736842105,0.2679824561403509,0.21929824561403508,0.28114035087719297
0.22607189259419663,0.267215244694673,0.2191424859246427,0.28757037678648767
0.22759538598047915,0.26175687666370895,0.21694764862466726,0.2937000887311446
0.22735268249780125,0.2594547053649956,0.21328056288478453,0.29991204925241866
0.22657281126264847,0.26176858776946765,0.21821381434227893,0.2934447866256049
0.22473867595818817,0.26742160278745647,0.2190766550522648,0.2887630662020906
0.2343132953049583,0.26371215445370777,0.21720052654673103,0.2847740236946029
0.23457330415754923,0.26652078774617066,0.20962800875273524,0.28927789934354486
0.2352156514006225,0.26900844819919967,0.20497999110715873,0.29079590929301913
0.240473061760841,0.26412614980289095,0.20805957074025405,0.287341217696014
0.2389302937308198,0.2656729504603244,0.2099956159579132,0.28540113985094256
0.2363556338028169,0.269806338028169,0.21214788732394366,0.28169014084507044
0.23660130718954248,0.26753812636165575,0.21176470588235294,0.2840958605664488
0.23904382470119523,0.267817618415228,0.21868083222664897,0.27445772465692786
0.2413793103448276,0.26702033598585323,0.21971706454465076,0.2718832891246684
0.24477351916376305,0.26742160278745647,0.21689895470383275,0.27090592334494773
0.24802804557405783,0.26380368098159507,0.2147239263803681,0.27344434706397897
0.24649122807017543,0.26403508771929823,0.2131578947368421,0.27631578947368424
0.24617402710975075,0.26366418889374726,0.2094446873633581,0.28071709663314387
0.24889282550930025,0.2612931798051373,0.20814880425155005,0.2816651904340124
0.24494283201407213,0.2669305189094107,0.21152154793315744,0.27660510114335973
0.24593763724198506,0.26262626262626265,0.21695212999560826,0.27448397013614406
0.2494510320597277,0.26745718050065875,0.2147562582345191,0.2683355292050944
0.2498900131984162,0.258688957325121,0.2133743950725913,0.27804663440387156
0.24912280701754386,0.26096491228070173,0.21578947368421053,0.2741228070175439
0.24605263157894736,0.2596491228070175,0.21359649122807017,0.2807017543859649
0.2489025460930641,0.2594381035996488,0.21422300263388938,0.2774363476733977
0.249008373732922,0.2622300572939621,0.2119876597620097,0.27677390921110623
0.24922532093846836,0.25630810092961487,0.217352810978309,0.2771137671536078
0.24649122807017543,0.2535087719298246,0.21578947368421053,0.28421052631578947
0.242756804214223,0.2546093064091308,0.21817383669885865,0.2844600526777875
0.24770240700218818,0.25733041575492344,0.2161925601750547,0.2787746170678337
0.24890829694323144,0.25327510917030566,0.21353711790393012,0.2842794759825327
0.25573192239858905,0.2508818342151676,0.2156084656084656,0.2777777777777778
0.25820568927789933,0.24682713347921226,0.21312910284463896,0.2818380743982494
0.25596816976127323,0.2475685234305924,0.21618037135278514,0.28028293545534927
0.2583074878156845,0.2472308373947718,0.2042534337616305,0.29020824102791315
0.263019693654267,0.24945295404814005,0.2,0.287527352297593
0.2668711656441718,0.24758983347940403,0.19982471516213848,0.2857142857142857
0.27015057573073514,0.24933569530558017,0.1979627989371125,0.28255093002657217
0.27846425419240955,0.2444836716681377,0.19593998234774934,0.28111209179170343
0.278503046127067,0.2506527415143603,0.1919060052219321,0.2789382071366406
0.2812914639540027,0.24635117204776646,0.18885448916408668,0.28350287483414416
0.28051486906347095,0.24766977363515313,0.18597425654682645,0.2858411007545495
0.27256792287467135,0.2467134092900964,0.18886941279579317,0.2918492550394391
0.274622892635315,0.24800354924578527,0.19032830523513752,0.2870452528837622
0.2753303964757709,0.25198237885462554,0.18546255506607928,0.2872246696035242
0.2672831351827389,0.2527520915896081,0.18582122413033905,0.29414354909731394
0.27240773286467485,0.2539543057996485,0.19024604569420034,0.28339191564147626
0.2720879120879121,0.25758241758241757,0.18461538461538463,0.2857142857142857
0.269687637483502,0.25824901011878576,0.18829740431148262,0.2837659480862297
0.2761820592134335,0.2509942554131684,0.18515245249668583,0.2876712328767123
0.2685388328214129,0.2531812198332602,0.18385256691531374,0.29442738043001315
0.2683790965456156,0.2537643932683791,0.18423383525243578,0.2936226749335695
0.26548672566371684,0.25,0.1827433628318584,0.3017699115044248
0.26818580192813324,0.254601226993865,0.18229623137598597,0.29491673970201576
0.26672535211267606,0.25088028169014087,0.18265845070422534,0.29973591549295775
0.272202486678508,0.2562166962699822,0.17984014209591473,0.291740674955595
0.2708516242317823,0.25548726953467954,0.18086040386303776,0.29280070237050043
0.26728723404255317,0.25310283687943264,0.18617021276595744,0.29343971631205673
0.2621870882740448,0.2507685551163812,0.18972332015810275,0.29732103645147123
0.26371681415929205,0.25486725663716814,0.1995575221238938,0.28185840707964605
0.261645624727906,0.2542446669569003,0.20548541575968654,0.2786242925555072
0.2602197802197802,0.2479120879120879,0.2079120879120879,0.28395604395604396
0.2611353711790393,0.251528384279476,0.2017467248908297,0.28558951965065504
0.25594713656387663,0.2475770925110132,0.20572687224669603,0.2907488986784141
0.2527667109340416,0.2456839309428951,0.20717131474103587,0.29437804338202744
0.25229558373414956,0.2514210756449497,0.20069960647135987,0.29558373414954087
0.25557986870897154,0.24682713347921226,0.20525164113785557,0.2923413566739606
0.2532981530343008,0.24934036939313983,0.20492524186455585,0.29243623570800353
0.24934036939313983,0.24758135444151275,0.20536499560246263,0.29771328056288476
0.249890590809628,0.24332603938730854,0.20218818380743983,0.30459518599562363
0.25297487880123404,0.24283825473776993,0.1996474217717056,0.30453944468929045
0.25011027790030876,0.250992501102779,0.19364799294221438,0.30524922805469784
0.24867724867724866,0.25044091710758376,0.19929453262786595,0.30158730158730157
0.2501106684373617,0.24922532093846836,0.19787516600265603,0.30278884462151395
0.2579928952042629,0.2508880994671403,0.19271758436944939,0.2984014209591474
0.2552724077328647,0.2535149384885764,0.18321616871704746,0.30799648506151145
0.2558037669732808,0.2527376259307928,0.18134034165571616,0.31011826544021026
0.25602805786935556,0.2569048662867163,0.1832529592284086,0.3038141166155195
0.25594713656387663,0.25903083700440527,0.18193832599118942,0.3030837004405286
0.2559576345984113,0.2594880847308032,0.18005295675198588,0.30450132391879964
0.2547714158899245,0.25920994229915667,0.18375499334221038,0.3022636484687084
0.25758241758241757,0.2562637362637363,0.18285714285714286,0.3032967032967033
0.2629955947136564,0.2599118942731278,0.1801762114537445,0.29691629955947135
0.2607158638974812,0.2633672116659302,0.17631462660185596,0.29960229783473263
0.2658450704225352,0.2623239436619718,0.17297535211267606,0.2988556338028169
0.26369257950530034,0.26325088339222613,0.18109540636042404,0.2919611307420495
0.2537182852143482,0.27296587926509186,0.17235345581802275,0.3009623797025372
0.262071992976295,0.2642669007901668,0.1742756804214223,0.2993854258121159
0.25366503776099514,0.26610395379831187,0.17903154153709464,0.3011994669035984
0.2532981530343008,0.2678100263852243,0.1772207563764292,0.3016710642040457
0.25906277630415564,0.2661361626878868,0.17329796640141468,0.3015030946065429
0.264049955396967,0.26360392506690455,0.1694915254237288,0.3028545941123996
0.2558654271801682,0.26693227091633465,0.17352810978308986,0.30367419212040725
0.2561295971978984,0.2714535901926445,0.1659369527145359,0.3064798598949212
0.25654682645361737,0.27785175321793165,0.16289391921881935,0.3027075011096316
0.2598770851624232,0.2783143107989464,0.16330114135206322,0.29850746268656714
0.2607158638974812,0.28590366769774633,0.15731330092797172,0.29606716747680073
0.25492772667542707,0.28383705650459923,0.15768725361366623,0.3035479632063075
0.25843188786684185,0.27901883486640383,0.16031537450722733,0.30223390275952694
0.24922532093846836,0.2793271359008411,0.15980522355024346,0.3116423196104471
0.25978021978021976,0.2742857142857143,0.1635164835164835,0.30241758241758243
0.2519788918205805,0.27132805628847845,0.1723834652594547,0.3043095866314864
0.2542894852617686,0.27056753189617244,0.17465904091509019,0.30048394192696876
0.24934268185801928,0.2747589833479404,0.17747589833479405,0.29842243645924627
0.24856765094755398,0.27589246364037023,0.1749669457910974,0.3005729396209784
0.24646017699115044,0.28230088495575223,0.17699115044247787,0.2942477876106195
0.24482606781153676,0.2796125055041832,0.17569352708058125,0.2998678996036988
0.24416042309387395,0.2776553547818422,0.17584839136183342,0.3023358307624504
0.24560632688927944,0.27636203866432335,0.17882249560632688,0.2992091388400703
0.24573677306515085,0.2763445561871447,0.17708788806296458,0.30083078268473984
0.24989020641194554,0.279754062362758,0.1756697408871322,0.2946859903381642
0.2505484861781483,0.2795085563843791,0.1737604212373848,0.2961825362000878
0.2487847989394609,0.27750773309765797,0.17454706142288998,0.29916040653999115
0.2482394366197183,0.2772887323943662,0.17473591549295775,0.29973591549295775
0.25241864555848725,0.2770448548812665,0.1759014951627089,0.29463500439753737
0.25396825396825395,0.281305114638448,0.17372134038800705,0.291005291005291
0.2553846153846154,0.27824175824175823,0.17494505494505494,0.2914285714285714
0.2556620209059233,0.2844076655052265,0.17290940766550522,0.28702090592334495
0.25624178712220763,0.2833990363556724,0.1721419185282523,0.2882172579938677
0.25207877461706785,0.28533916849015317,0.17330415754923414,0.28927789934354486
0.26029798422436456,0.28264680105170903,0.1722173531989483,0.2848378615249781
0.2619360490582567,0.28164695575996496,0.17608409986859397,0.2803328953131844
0.2655293088363955,0.28608923884514437,0.17060367454068243,0.2777777777777778
0.26285714285714284,0.2874725274725275,0.17142857142857143,0.27824175824175823
0.26610767872903796,0.2908208296557811,0.1703442188879082,0.2727272727272727
0.2643478260869565,0.28956521739130436,0.17304347826086958,0.27304347826086955
0.2621145374449339,0.2889867841409692,0.17092511013215858,0.2779735682819383
0.25999121651295565,0.287659200702679,0.17215634606938954,0.28019323671497587
0.25261324041811845,0.289198606271777,0.17465156794425088,0.28353658536585363
0.2564551422319475,0.2888402625820569,0.17024070021881837,0.2844638949671772
0.25746924428822493,0.28734622144112476,0.1678383128295255,0.28734622144112476
0.25894829871851527,0.28722934158197083,0.16394167034909413,0.2898806893504198
0.2632281013783904,0.2876834148510449,0.16407292129835482,0.2850155624722099
0.266900790166813,0.2848990342405619,0.16374012291483758,0.2844600526777875
0.2652881654201496,0.28684557853057635,0.16014078310602728,0.2877254729432468
0.2597864768683274,0.2878113879003559,0.16058718861209964,0.2918149466192171
0.26448474126492705,0.2812914639540027,0.16143299425033172,0.29279080053073864
0.2674107142857143,0.27767857142857144,0.15982142857142856,0.2950892857142857
0.27045951859956235,0.27964989059080964,0.16280087527352297,0.287089715536105
0.27113447218572057,0.278580814717477,0.16732369689005694,0.2829610162067455
0.2712975098296199,0.27522935779816515,0.16644823066841416,0.2870249017038008
0.27699115044247785,0.2778761061946903,0.16106194690265488,0.28407079646017697
0.27137870855148344,0.2792321116928447,0.15881326352530542,0.2905759162303665
0.26435773783428324,0.27882507672073653,0.16220955721174923,0.29460762823323106
0.2640845070422535,0.27860915492957744,0.15536971830985916,0.3019366197183099
0.2645620275678079,0.2796798577145398,0.16007114273010226,0.29568697198755
0.2737676056338028,0.27992957746478875,0.15360915492957747,0.292693661971831
0.26941641070645017,0.27775340061430454,0.15269855199648968,0.3001316366827556
0.27011494252873564,0.2749778956675508,0.15517241379310345,0.29973474801061006
0.27164310954063603,0.2703180212014134,0.15768551236749118,0.3003533568904594
0.27580149319279756,0.2696530522617479,0.15151515151515152,0.30303030303030304
0.2779973649538867,0.26613965744400525,0.1484409310496267,0.30742204655248134
0.2760763426542388,0.2725255215268531,0.14957833999112294,0.3018197958277852
0.27976980965028775,0.27047366091190794,0.1509517485613103,0.29880478087649404
0.2804931748128578,0.27300748568912375,0.15367679436371642,0.29282254513430206
0.2739606126914661,0.2735229759299781,0.15711159737417943,0.29540481400437635
0.27976980965028775,0.2726870296591412,0.15493581230633025,0.2926073483842408
0.2796312554872695,0.2704126426690079,0.1549604916593503,0.29499561018437226
0.2851511169513798,0.2689443714410863,0.15199299167761718,0.29391151992991676
0.2812914639540027,0.27598407784166296,0.14904909332153915,0.2936753648827952
0.2808888888888889,0.2773333333333333,0.14577777777777778,0.296
0.2751439964554719,0.2835622507753655,0.1448825875055383,0.29641116526362427
0.2741364038972542,0.2812223206377325,0.13906111603188662,0.30558015943312666
0.2779735682819383,0.2762114537444934,0.14273127753303966,0.3030837004405286
0.27580149319279756,0.28063241106719367,0.14404918752744839,0.2995169082125604
0.27372583479789103,0.28690685413005274,0.140597539543058,0.29876977152899825
0.2747156605424322,0.2821522309711286,0.1399825021872266,0.3031496062992126
0.2738770170082861,0.27954644570431747,0.14609681639773223,0.3004797208896642
0.27855887521968364,0.2702108963093146,0.14411247803163443,0.3071177504393673
0.28118113706478626,0.2732481269281622,0.1397091229616571,0.30586161304539444
0.2820175438596491,0.275,0.1425438596491228,0.30043859649122806
0.2884191985909291,0.27300748568912375,0.14134742404227213,0.29722589167767505
0.29509632224168125,0.26663747810858146,0.14404553415061297,0.29422066549912435
0.29370321444297665,0.265962131219727,0.1457507705856451,0.29458388375165123
0.2891725352112676,0.27024647887323944,0.14744718309859156,0.29313380281690143
0.2923280423280423,0.27116402116402116,0.14638447971781304,0.29012345679012347
0.293909973521624,0.2722859664607237,0.1416593115622242,0.2921447484554281
0.2869641294838145,0.27209098862642167,0.14435695538057744,0.29658792650918636
0.2855251544571933,0.27846425419240955,0.13592233009708737,0.3000882612533098
0.2852760736196319,0.27651183172655563,0.13628396143733568,0.30192813321647677
0.2857771906649053,0.27917217084984586,0.13914575077058564,0.29590488771466317
0.28308501314636286,0.275635407537248,0.14636283961437335,0.29491673970201576
0.27917217084984586,0.277851166886834,0.14222809335094672,0.3007485689123734
0.280794701986755,0.2781456953642384,0.14657836644591613,0.2944812362030905
0.2771929824561403,0.2802631578947368,0.14342105263157895,0.29912280701754385
0.2775564409030544,0.27578574590526783,0.14431164231961044,0.3023461708720673
0.28295254833040423,0.2750439367311072,0.14674868189806678,0.29525483304042177
0.2842526690391459,0.2722419928825623,0.15080071174377224,0.29270462633451955
0.2830687830687831,0.27292768959435626,0.1490299823633157,0.294973544973545
0.2762114537444934,0.2762114537444934,0.15286343612334802,0.2947136563876652
0.2778021978021978,0.27296703296703295,0.15208791208791209,0.29714285714285715
0.2742504409171076,0.2791005291005291,0.1490299823633157,0.2976190476190476
0.27300748568912375,0.27873183619550856,0.15147512109202993,0.29678555702333775
0.2769297863061492,0.2782381160052333,0.15351068469254253,0.291321412996075
0.28005226480836237,0.27264808362369336,0.1528745644599303,0.29442508710801396
0.27906976744186046,0.2720491443615621,0.15138218516893373,0.2974989030276437
0.2778993435448578,0.2774617067833698,0.15098468271334792,0.2936542669584245
0.28264680105170903,0.27256792287467135,0.15074496056091147,0.29404031551270815
0.28986784140969163,0.26784140969162995,0.15286343612334802,0.2894273127753304
0.2813186813186813,0.2712087912087912,0.15164835164835164,0.2958241758241758
0.2751971954425942,0.27607361963190186,0.15425065731814197,0.294478527607362
0.2818141787758697,0.2637604579480405,0.15940114487010126,0.2950242184059885
0.2761946514686541,0.265234546251644,0.16440157825515125,0.29416922402455065
0.2727272727272727,0.26696230598669624,0.16585365853658537,0.29445676274944566
0.27073277753400615,0.2676612549363756,0.16586222027204914,0.29574374725756913
0.26871657754010697,0.27049910873440286,0.16443850267379678,0.2963458110516934
0.2688927943760984,0.27152899824253074,0.15905096660808435,0.30052724077328646
0.2696728558797524,0.26480990274093724,0.15915119363395225,0.3063660477453581
0.2750766535260622,0.27639071397284276,0.15243101182654403,0.29610162067455104
0.2719336534264513,0.27717154081187256,0.16062854648625055,0.2902662592754256
0.2769028871391076,0.2769028871391076,0.15923009623797024,0.2869641294838145
0.2783641160949868,0.27792436235708,0.16402814423922604,0.2796833773087071
0.2775098640946953,0.2761946514686541,0.16747040771591407,0.27882507672073653
0.27775340061430454,0.28345765686704694,0.1636682755594559,0.27512066695919263
0.27296819787985865,0.28975265017667845,0.16342756183745583,0.27385159010600707
0.2712014134275618,0.2928445229681979,0.16166077738515902,0.2742932862190813
0.27015057573073514,0.2883082373782108,0.162533215234721,0.27900797165633306
0.2673179396092362,0.29307282415630553,0.15808170515097691,0.28152753108348133
0.271036315323295,0.2883082373782108,0.1616474756421612,0.27900797165633306
0.2657894736842105,0.2894736842105263,0.15964912280701754,0.2850877192982456
0.2710526315789474,0.2850877192982456,0.15657894736842104,0.28728070175438597
0.2724030316540348,0.2839946500222916,0.15737851092287117,0.2862238074008025
0.27425786442179884,0.2826761187416925,0.1581745680106336,0.2848914488258751
0.27454464682363394,0.2820968458462905,0.15770768547312305,0.28565082185695245
0.2719964269763287,0.28539526574363555,0.15810629745422064,0.2845020098258151
0.27067014795474326,0.2885117493472585,0.15796344647519583,0.2828546562228024
0.2632042253521127,0.29401408450704225,0.1619718309859155,0.28080985915492956
0.2647961420429636,0.29986847873739586,0.16089434458570803,0.2744410346339325
0.2602739726027397,0.30092797171895713,0.15775519222271323,0.28104286345558993
0.257243195785777,0.3015803336259877,0.16330114135206322,0.2778753292361721
0.25066666666666665,0.304,0.16177777777777777,0.28355555555555556
0.25196850393700787,0.30446194225721784,0.15879265091863518,0.2847769028871391
0.24749017896115233,0.30336097773897863,0.1610650371017023,0.28808380619816676
0.2484472049689441,0.308340727595386,0.16104702750665484,0.2821650399290151
0.25362000877577884,0.30627468187801665,0.16059675296182535,0.2795085563843791
0.2527376259307928,0.3044240035041612,0.16294349540078842,0.27989487516425754
0.250886524822695,0.3120567375886525,0.15868794326241134,0.2783687943262411
0.2503311258278146,0.30772626931567326,0.1629139072847682,0.2790286975717439
0.2457516339869281,0.3115468409586057,0.16514161220043572,0.2775599128540305
0.24458204334365324,0.31225121627598407,0.16452896948252985,0.2786377708978328
0.24912280701754386,0.3043859649122807,0.16666666666666666,0.27982456140350875
0.258362676056338,0.2988556338028169,0.1619718309859155,0.28080985915492956
0.2553846153846154,0.29626373626373625,0.16483516483516483,0.2835164835164835
0.2615923009623797,0.2926509186351706,0.16491688538932633,0.28083989501312334
0.2577680525164114,0.29409190371991245,0.16542669584245076,0.2827133479212254
0.25440140845070425,0.2988556338028169,0.1624119718309859,0.28433098591549294
0.25726872246696036,0.2964757709251101,0.16387665198237886,0.2823788546255507
0.2521968365553603,0.30096660808435854,0.16739894551845344,0.27943760984182775
0.2489025460930641,0.2967515364354697,0.1707638279192274,0.2835820895522388
0.2424511545293073,0.29928952042628776,0.17095914742451154,0.2873001776198934
0.24694055944055945,0.3076923076923077,0.16171328671328672,0.28365384615384615
0.2491243432574431,0.30691768826619964,0.1615586690017513,0.28239929947460596
0.2459800086918731,0.30812690134724036,0.16514558887440242,0.28074750108648416
0.2526178010471204,0.3006108202443281,0.1631762652705061,0.2835951134380454
0.25557011795543905,0.2996941896024465,0.16688510266491918,0.2778505897771953
0.25485008818342153,0.30158730158730157,0.16490299823633156,0.2786596119929453
0.26018396846254926,0.2943495400788436,0.16688567674113008,0.278580814717477
0.2559262510974539,0.2967515364354697,0.16374012291483758,0.2835820895522388
0.25666812418014867,0.2942719720157411,0.15828596414516835,0.2907739396589418
0.256092157731502,0.29862649534780683,0.16127603012848915,0.28400531679220203
0.2520860781730347,0.29907773386034253,0.16161616161616163,0.2872200263504611
0.2485776805251641,0.2949671772428884,0.16542669584245076,0.2910284463894967
0.25010893246187366,0.29150326797385623,0.1690631808278867,0.28932461873638343
0.25342768686421935,0.29544449358690844,0.167624944714728,0.28350287483414416
0.2472308373947718,0.29419583517944176,0.17102348249889235,0.2875498449268941
0.2556291390728477,0.2922737306843267,0.16688741721854305,0.28520971302428255
0.2572178477690289,0.2874015748031496,0.17410323709536307,0.28127734033245844
0.260507880910683,0.28371278458844135,0.17206654991243434,0.28371278458844135
0.25857519788918204,0.2805628847845207,0.17370272647317503,0.28715919085312225
0.24944714727996462,0.2848297213622291,0.17647058823529413,0.28925254312251214
0.24802458296751537,0.2848990342405619,0.1777875329236172,0.28928884986830555
0.24718614718614718,0.28225108225108225,0.1774891774891775,0.2930735930735931
0.24691901408450703,0.28389084507042256,0.17825704225352113,0.2909330985915493
0.24498692240627726,0.2807323452484743,0.18134263295553618,0.29293809938971227
0.23464912280701755,0.2850877192982456,0.18596491228070175,0.2942982456140351
0.24065112186537616,0.2820061592608887,0.18345798504179497,0.2938847338319402
0.23867595818815332,0.2804878048780488,0.1833623693379791,0.29747386759581884
0.24431818181818182,0.28059440559440557,0.17963286713286714,0.29545454545454547
0.24749455337690632,0.281917211328976,0.17559912854030502,0.2949891067538126
0.2444933920704846,0.28810572687224667,0.17753303964757708,0.28986784140969163
0.24889086069210292,0.28926353149955636,0.17613132209405502,0.2857142857142857
0.2529854046881911,0.2839451570101725,0.18133569217160547,0.28173374613003094
0.2497801231310466,0.29023746701846964,0.1772207563764292,0.2827616534740545
0.24911660777385158,0.28931095406360424,0.17579505300353357,0.2857773851590106
0.24890061565523308,0.28935795954265614,0.18249780123131046,0.27924362357080035
0.2496732026143791,0.2840958605664488,0.18213507625272332,0.2840958605664488
0.25141859450021825,0.28153644696639024,0.18070711479703186,0.2863378437363597
0.24549846288976723,0.28809837505489677,0.18225735617039965,0.2841458058849363
0.2467820683533067,0.2822902796271638,0.17976031957390146,0.29116733244562804
0.24768620537681799,0.28338475099162624,0.1749669457910974,0.29396209784045835
0.2464726631393298,0.2848324514991182,0.17548500881834214,0.2932098765432099
0.2478108581436077,0.28064798598949214,0.18038528896672504,0.29115586690017514
0.25323227819884087,0.27819884083816315,0.17877842175657602,0.28979045920642
0.24607329842931938,0.2831588132635253,0.18019197207678883,0.2905759162303665
0.24681598594642074,0.28194993412384717,0.18489240228370662,0.28634167764602547
0.24444444444444444,0.28278867102396515,0.1803921568627451,0.2923747276688453
0.24757281553398058,0.2828773168578994,0.18446601941747573,0.2850838481906443
0.2529960053262317,0.28273413226808697,0.17576564580559254,0.2885042166000888
0.2582752613240418,0.2857142857142857,0.17378048780487804,0.28222996515679444
0.25199645075421473,0.2834960070984916,0.17701863354037267,0.28748890860692106
0.25394736842105264,0.2864035087719298,0.17280701754385966,0.2868421052631579
0.2546174142480211,0.2862796833773087,0.17150395778364116,0.287598944591029
0.26150442477876107,0.28185840707964605,0.17123893805309734,0.2853982300884956
0.2582781456953642,0.27770419426048565,0.17086092715231788,0.29315673289183225
0.2528334786399303,0.2785527462946818,0.17567567567567569,0.29293809938971227
0.25417032484635643,0.27568042142230026,0.1769095697980685,0.2932396839332748
0.250987275120667,0.274681878016674,0.17770952172005267,0.2966213251426064
0.2480106100795756,0.2833775419982317,0.17064544650751548,0.2979664014146773
0.25209343323049804,0.2851476421330983,0.16527104451300131,0.2974878801234024
0.25264084507042256,0.28125,0.1681338028169014,0.29797535211267606
0.25583443416996915,0.27873183619550856,0.16556583003082342,0.2998678996036988
0.250771264874394,0.2780960775672102,0.1635081533715293,0.3076245041868665
0.24825174825174826,0.2875874125874126,0.1604020979020979,0.30375874125874125
0.2513134851138354,0.2819614711033275,0.1659369527145359,0.30078809106830123
0.2503317116320212,0.2839451570101725,0.15966386554621848,0.30605926581158777
0.2509907529722589,0.2769704975781594,0.16380449141347425,0.30823425803610743
0.2532523850823938,0.2762359063313096,0.16652211621856028,0.3039895923677363
0.24735449735449735,0.27821869488536155,0.1697530864197531,0.304673721340388
0.2551602986385595,0.27009222661396576,0.17039964866051824,0.30434782608695654
0.2495583038869258,0.27208480565371024,0.1696113074204947,0.30874558303886923
0.24857017157941047,0.27584689837219534,0.16893972723273207,0.3066432028156621
0.24758983347940403,0.26818580192813324,0.17177914110429449,0.3124452234881683
0.249889819303658,0.26795945350374617,0.16703393565447333,0.3151167915381225
0.25435540069686413,0.26480836236933797,0.1681184668989547,0.3127177700348432
0.2599118942731278,0.2577092511013216,0.1682819383259912,0.3140969162995595
0.25520602569782896,0.2556490917146655,0.17058041648205582,0.3185644661054497
0.2517513134851138,0.2583187390542907,0.1681260945709282,0.32180385288966723
0.2537313432835821,0.25680421422300265,0.16769095697980685,0.3217734855136084
0.2562747688243065,0.2571554381329811,0.166446499339498,0.32012329370321446
0.2559055118110236,0.26202974628171477,0.1679790026246719,0.31408573928258965
0.25711782742006134,0.25930792816469556,0.1721419185282523,0.3114323258869908
0.2518747243052492,0.26290251433612705,0.17556241729157476,0.30966034406704895
0.2507699076110867,0.2608886933567972,0.17421909370875496,0.3141223053233612
0.2479010163499779,0.26866990720282813,0.1657092355280601,0.3177198409191339
0.2438380281690141,0.2649647887323944,0.16901408450704225,0.3221830985915493
0.2517543859649123,0.26359649122807016,0.17192982456140352,0.312719298245614
0.2529335071707953,0.2598870056497175,0.17253368100825728,0.3146458061712299
0.25786713286713286,0.25743006993006995,0.17657342657342656,0.3081293706293706
0.25526315789473686,0.2649122807017544,0.18026315789473685,0.2995614035087719
0.25663331883427576,0.2583732057416268,0.17964332318399304,0.30535015224010437
0.25645592163846836,0.26357969723953695,0.1736420302760463,0.30632235084594833
0.25715524718126626,0.25845620121422375,0.17519514310494363,0.30919340849956634
0.2571554381329811,0.261558784676354,0.1787758696609423,0.30250990752972257
0.2577409507195813,0.2612298299171391,0.17444395987788922,0.30658525948539034
0.2611408199643494,0.2571301247771836,0.17379679144385027,0.30793226381461675
0.2605820105820106,0.25970017636684306,0.1715167548500882,0.3082010582010582
0.26643295354951796,0.2567922874671341,0.1687116564417178,0.30806310254163016
0.2645620275678079,0.26100489106269453,0.16629613161405069,0.30813694975544687
0.27004405286343613,0.2621145374449339,0.16387665198237886,0.3039647577092511
0.26914660831509846,0.262144420131291,0.16323851203501094,0.3054704595185996
0.26767452200978215,0.26100489106269453,0.16362827923521564,0.3076923076923077
0.2716049382716049,0.2588183421516755,0.16049382716049382,0.3090828924162258
0.2719259585720582,0.2617893345085941,0.16130453944468928,0.30498016747465845
0.2761820592134335,0.25320371188687585,0.16305788775961114,0.3075563411400795
0.26918018412976763,0.25822007891275756,0.16440157825515125,0.30819815870232353
0.26999558108705257,0.25850640742377373,0.16261599646486966,0.308882015024304
0.2697715289982425,0.2631810193321617,0.1634446397188049,0.30360281195079086
0.2659010600706714,0.26148409893992935,0.16210247349823323,0.31051236749116606
0.2696035242290749,0.2647577092511013,0.15506607929515417,0.31057268722466963
0.2642418930762489,0.26292725679228746,0.16082383873794917,0.31200701139351444
