R,A,S,N
0.0,0.0,1.0,0.0
0.5,0.0,0.5,0.0
0.5,0.5,0.0,0.0
0.625,0.375,0.0,0.0
0.5882352941176471,0.35294117647058826,0.058823529411764705,0.0
0.5333333333333333,0.36666666666666664,0.03333333333333333,0.06666666666666667
0.5106382978723404,0.3404255319148936,0.02127659574468085,0.1276595744680851
0.4605263157894737,0.3157894736842105,0.039473684210526314,0.18421052631578946
0.44537815126050423,0.33613445378151263,0.01680672268907563,0.20168067226890757
0.3977272727272727,0.32954545454545453,0.011363636363636364,0.26136363636363635
0.3983739837398374,0.3130081300813008,0.008130081300813009,0.2804878048780488
0.37846153846153846,0.28307692307692306,0.006153846153846154,0.3323076923076923
0.3768472906403941,0.2955665024630542,0.009852216748768473,0.31773399014778325
0.3586744639376218,0.28460038986354774,0.015594541910331383,0.341130604288499
0.344391785150079,0.2796208530805687,0.020537124802527645,0.35545023696682465
0.33902759526938236,0.2720105124835742,0.024967148488830485,0.3639947437582129
0.34577387486278816,0.2579582875960483,0.03293084522502744,0.3633369923161361
0.33890436397400187,0.24976787372330547,0.039925719591457756,0.3714020427112349
0.334136546184739,0.24497991967871485,0.05060240963855422,0.37028112449799194
0.3319088319088319,0.24358974358974358,0.05555555555555555,0.36894586894586895
0.3260325406758448,0.23404255319148937,0.0688360450563204,0.3710888610763454
0.3260011280315849,0.23068245910885504,0.07839819514946418,0.36491821771009586
0.3252452245740836,0.22612287041817244,0.0862157976251936,0.3624161073825503
0.3177570093457944,0.22872602065912445,0.08804722085587802,0.36546974913920316
0.31586402266288954,0.23135033050047216,0.09254013220018886,0.3602455146364495
0.3133086876155268,0.23151571164510165,0.09611829944547134,0.3590573012939002
0.3057813911472448,0.23215898825654924,0.1020776874435411,0.35998193315266486
0.3003565062388592,0.23529411764705882,0.10561497326203209,0.35873440285204994
0.2876712328767123,0.24083075563411402,0.1042863455589925,0.3672116659301812
0.28874172185430463,0.23885209713024283,0.10772626931567329,0.36467991169977926
0.28441163699522365,0.24229266174554928,0.10638297872340426,0.36691272253582286
0.2850934376358105,0.24293785310734464,0.10691003911342895,0.3650586701434159
0.2898550724637681,0.24154589371980675,0.1067193675889328,0.3618796662274923
0.28590308370044054,0.2431718061674009,0.11233480176211454,0.3585903083700441
0.2848965213562307,0.23866138265081463,0.11933069132540731,0.3571114046675473
0.28727590730214253,0.23830345430695235,0.11937035417577613,0.35505028421512896
0.2847740236946029,0.23519087318999563,0.12066695919262835,0.35936814392277316
0.2874331550802139,0.23440285204991088,0.11898395721925134,0.3591800356506239
0.2872711421098518,0.23888404533565824,0.11900610287707061,0.3548387096774194
0.28162185985015425,0.2353459673865139,0.11855442926399296,0.3644777434993389
0.28021248339973437,0.24612660469234174,0.11509517485613104,0.35856573705179284
0.28105726872246695,0.24581497797356827,0.1145374449339207,0.3585903083700441
0.2812223206377325,0.24402125775022143,0.12223206377325066,0.3525243578387954
0.2745183887915937,0.25,0.12040280210157618,0.3550788091068301
0.27162707306140743,0.2528014343343792,0.11878081577767817,0.3567906768265352
0.2618006993006993,0.2534965034965035,0.12194055944055944,0.36276223776223776
0.26162018592297476,0.2549800796812749,0.12262062859672422,0.3607791057990261
0.2660228270412643,0.25417032484635643,0.12423178226514486,0.3555750658472344
0.2581069237510955,0.2506573181419807,0.13277826468010517,0.3584574934268186
0.255896751223854,0.25278148642634624,0.1348464619492657,0.35647530040053405
0.25749559082892415,0.24735449735449735,0.1349206349206349,0.3602292768959436
0.2548161120840631,0.2486865148861646,0.13791593695271454,0.3585814360770578
0.2523076923076923,0.2523076923076923,0.1402197802197802,0.35516483516483516
0.24452234881682736,0.2532865907099036,0.1441717791411043,0.35801928133216476
0.24694055944055945,0.2478146853146853,0.145979020979021,0.35926573426573427
0.2478146853146853,0.2517482517482518,0.14772727272727273,0.3527097902097902
0.25736911570611526,0.24857017157941047,0.1491421029476463,0.344918609766828
0.2524357838795394,0.25022143489813997,0.14526129317980513,0.3520814880425155
0.24802804557405783,0.25766871165644173,0.14285714285714285,0.3514460999123576
0.25240174672489085,0.25633187772925764,0.1423580786026201,0.34890829694323144
0.25820568927789933,0.25601750547045954,0.13566739606126915,0.350109409190372
0.25252525252525254,0.2534036012296882,0.13658322353974528,0.357487922705314
0.25428194993412384,0.2577953447518665,0.13790074659639878,0.3500219587176109
0.24879755137735024,0.25360734586794925,0.14210756449497158,0.3554875382597289
0.2513134851138354,0.25,0.14492119089316988,0.35376532399299476
0.249890590809628,0.25339168490153174,0.1474835886214442,0.3492341356673961
0.24548259144997797,0.2622300572939621,0.14499779638607316,0.3472895548699868
0.24307692307692308,0.26065934065934065,0.14813186813186813,0.34813186813186814
0.24433585073300756,0.258996001776988,0.14971123944913373,0.3469569080408707
0.24288840262582057,0.26433260393873087,0.14967177242888402,0.34310722100656454
0.2447460595446585,0.26882661996497376,0.15148861646234676,0.334938704028021
0.24339788732394366,0.27024647887323944,0.15625,0.3301056338028169
0.2462154942119323,0.2715939447907391,0.15449688334817455,0.327693677649154
0.24258521469676847,0.2749003984063745,0.15847720230190349,0.3240371845949535
0.251105216622458,0.27541998231653403,0.15694076038903626,0.3165340406719717
0.2462751971954426,0.2738825591586328,0.15907099035933392,0.32077125328659073
0.24636403702071397,0.2780960775672102,0.1626267078007933,0.3129131776112825
0.24911971830985916,0.2662852112676056,0.16681338028169015,0.31778169014084506
0.249008373732922,0.2719259585720582,0.16086381665932128,0.31820185103569854
0.24835164835164836,0.2681318681318681,0.1665934065934066,0.3169230769230769
0.25746924428822493,0.2649384885764499,0.16124780316344464,0.3163444639718805
0.26,0.26666666666666666,0.15511111111111112,0.31822222222222224
0.2632042253521127,0.2640845070422535,0.15492957746478872,0.31778169014084506
0.26132864056313243,0.26748790145182577,0.1517817861856577,0.31940167179938406
0.25589519650655024,0.26768558951965066,0.15327510917030568,0.3231441048034934
0.2640845070422535,0.2658450704225352,0.15360915492957747,0.3164612676056338
0.26505494505494503,0.26373626373626374,0.15120879120879122,0.32
0.2625994694960212,0.2612732095490716,0.15163572060123784,0.3244916003536693
0.26162018592297476,0.26516157591854805,0.14652501106684374,0.32669322709163345
0.265666372462489,0.2563989408649603,0.15180935569285084,0.3261253309796999
0.27308707124010556,0.2532981530343008,0.1517150395778364,0.32189973614775724
0.2683677958644963,0.2595688517377915,0.15002199736031677,0.3220413550373955
0.27128363475959416,0.25937362152624616,0.15086016762240848,0.31848257609175123
0.26573426573426573,0.26267482517482516,0.1472902097902098,0.3243006993006993
0.26215738284703805,0.26525198938992045,0.15207780725022105,0.32051282051282054
0.2623674911660777,0.2623674911660777,0.1519434628975265,0.32332155477031804
0.254962505513895,0.2655491839435377,0.15086016762240848,0.3286281429201588
0.2566021126760563,0.2680457746478873,0.15140845070422534,0.323943661971831
0.26136865342163357,0.2653421633554084,0.14922737306843267,0.3240618101545254
0.2653862941946748,0.2680052378873854,0.14666084679179398,0.3199476211261458
0.2599197503343736,0.2670530539456086,0.1506910387873384,0.3223361569326795
0.2642258491398324,0.27393030436700483,0.14909572121746803,0.31274812527569473
0.26663766855154414,0.2683775554588952,0.15311004784688995,0.31187472814267075
0.26675485008818345,0.27028218694885364,0.15035273368606702,0.31261022927689597
0.2633889376646181,0.27480245829675154,0.15057067603160668,0.3112379280070237
0.2618629173989455,0.273286467486819,0.15685413005272408,0.30799648506151145
0.2644444444444444,0.26844444444444443,0.164,0.3031111111111111
0.27165354330708663,0.27077865266841644,0.1557305336832896,0.30183727034120733
0.27660510114335973,0.2673702726473175,0.15611257695690414,0.29991204925241866
0.2750551876379691,0.27019867549668874,0.15496688741721854,0.2997792494481236
0.27276746242263483,0.2718832891246684,0.15561450044208666,0.29973474801061006
0.2693156732891832,0.2785871964679912,0.1545253863134658,0.2975717439293598
0.26681318681318683,0.2804395604395604,0.15384615384615385,0.2989010989010989
0.2672566371681416,0.28053097345132744,0.15353982300884955,0.29867256637168144
0.2719181130396084,0.2696929238985314,0.1588785046728972,0.29951045838896306
0.2706866197183099,0.2772887323943662,0.1580105633802817,0.29401408450704225
0.2644736842105263,0.27982456140350875,0.15921052631578947,0.2964912280701754
0.2642669007901668,0.2783143107989464,0.1575943810359965,0.29982440737489024
0.262854609929078,0.28368794326241137,0.15780141843971632,0.29565602836879434
0.2578366445916115,0.2878587196467991,0.1620309050772627,0.2922737306843267
0.26294995610184374,0.2857769973661106,0.15935030728709393,0.2919227392449517
0.25976305397103994,0.2803861342694164,0.16322948661693726,0.2966213251426064
0.26017699115044246,0.2809734513274336,0.16460176991150444,0.2942477876106195
0.2631346578366446,0.2838852097130243,0.16556291390728478,0.28741721854304636
0.2615182097411145,0.27775340061430454,0.17112768758227292,0.28960070206230804
0.2655838454784899,0.28226514486391574,0.17120280948200176,0.28094820017559263
0.26264848218213815,0.2837659480862297,0.17289925208974924,0.28068631764188295
0.26593406593406593,0.2857142857142857,0.17362637362637362,0.27472527472527475
0.2630646589902569,0.2843224092116918,0.17404782993799822,0.2785651018600531
0.26652078774617066,0.2831509846827133,0.17461706783369804,0.27571115973741794
0.27555555555555555,0.2702222222222222,0.17333333333333334,0.2808888888888889
0.2783143107989464,0.2704126426690079,0.1707638279192274,0.28050921861281825
0.27570921985815605,0.2730496453900709,0.17375886524822695,0.2774822695035461
0.2791005291005291,0.26763668430335097,0.17195767195767195,0.281305114638448
0.28089395267309375,0.26380368098159507,0.1687116564417178,0.28659070990359337
0.2826278659611993,0.25749559082892415,0.1728395061728395,0.28703703703703703
0.2826373626373626,0.26681318681318683,0.17142857142857143,0.27912087912087913
0.2888595332452664,0.2664024658740643,0.17173051519154559,0.27300748568912375
0.28514588859416445,0.26436781609195403,0.16887709991158267,0.28160919540229884
0.2779482683033757,0.2661113546690048,0.16922402455063568,0.2867163524769838
0.27615248226950356,0.2655141843971631,0.17464539007092197,0.28368794326241137
0.2702108963093146,0.2666959578207381,0.1695957820738137,0.29349736379613356
0.26631393298059963,0.26940035273368607,0.1715167548500882,0.2927689594356261
0.2692138779095301,0.2709705753184014,0.1686429512516469,0.29117259552042163
0.2708516242317823,0.26997366110623355,0.16417910447761194,0.29499561018437226
0.27057793345008757,0.27714535901926446,0.165061295971979,0.287215411558669
0.2777047744196233,0.27376259307928164,0.16294349540078842,0.2855891371003066
0.27640156453715775,0.2733594089526293,0.1568883094306823,0.29335071707953064
0.27036547776309994,0.2765301629238221,0.15984147952443858,0.29326287978863935
0.27596830985915494,0.28125,0.15713028169014084,0.28565140845070425
0.27099911582670205,0.2833775419982317,0.15915119363395225,0.2864721485411141
0.27161035541904344,0.27906976744186046,0.16147433084686266,0.2878455462922334
0.27439570277529096,0.27708146821844226,0.1629364368845121,0.2855863921217547
0.2689260563380282,0.27860915492957744,0.1619718309859155,0.2904929577464789
0.2710239651416122,0.2775599128540305,0.15947712418300652,0.29193899782135074
0.26452464788732394,0.28257042253521125,0.16153169014084506,0.2913732394366197
0.2681191640729213,0.28012449977767895,0.1578479324144064,0.29390840373499333
0.26745718050065875,0.2779973649538867,0.16161616161616163,0.29292929292929293
0.26605504587155965,0.2778505897771953,0.16076889471384884,0.29532546963739625
0.27164835164835166,0.2712087912087912,0.1621978021978022,0.29494505494505496
0.26745718050065875,0.2736056214317084,0.16161616161616163,0.29732103645147123
0.2639683238011439,0.27804663440387156,0.16058073031236253,0.2974043114826221
0.26077396657871593,0.2673702726473175,0.16754617414248021,0.3043095866314864
0.26206285967242143,0.266489597166888,0.16777335104028332,0.30367419212040725
0.26973684210526316,0.2649122807017544,0.1649122807017544,0.30043859649122806
0.2682602921646746,0.2580787959274015,0.16821602478972997,0.3054448871181939
0.26503923278116825,0.24803836094158674,0.17611159546643418,0.3108108108108108
0.26652078774617066,0.24901531728665208,0.17199124726477025,0.312472647702407
0.27384615384615385,0.24307692307692308,0.1701098901098901,0.312967032967033
0.27593818984547464,0.2401766004415011,0.17130242825607064,0.3125827814569536
0.2680683311432326,0.24091108190976784,0.17608409986859397,0.3149364870784056
0.27053140096618356,0.23232323232323232,0.18489240228370662,0.31225296442687744
0.27244718309859156,0.2323943661971831,0.18529929577464788,0.30985915492957744
0.27256637168141595,0.23495575221238937,0.18805309734513273,0.30442477876106194
0.2818703131892369,0.23070136744596384,0.1879135421261579,0.2995147772386414
0.28325991189427313,0.23259911894273128,0.18634361233480176,0.29779735682819386
0.2785871964679912,0.2304635761589404,0.1911699779249448,0.2997792494481236
0.2758169934640523,0.23137254901960785,0.19302832244008714,0.29978213507625273
0.27883340698188247,0.23641184268669907,0.18912947414935927,0.2956252761820592
0.2804878048780488,0.23519163763066203,0.18858885017421603,0.29573170731707316
0.28233231039017975,0.23366944322665498,0.19026742656729503,0.29373081981587024
0.28357551739321885,0.23645970937912814,0.18494055482166447,0.2950242184059885
0.28773168578993824,0.23698146513680493,0.17784642541924095,0.2974404236540159
0.29035087719298247,0.23771929824561402,0.17763157894736842,0.2942982456140351
0.2909330985915493,0.23151408450704225,0.17869718309859156,0.2988556338028169
0.2899955927721463,0.23490524460114587,0.17893345085940943,0.2961657117672984
0.29365079365079366,0.22486772486772486,0.18121693121693122,0.3002645502645503
0.28986784140969163,0.22687224669603523,0.17929515418502204,0.3039647577092511
0.29010989010989013,0.229010989010989,0.17406593406593407,0.3068131868131868
0.28964613368283093,0.23154215814766274,0.17038007863695936,0.308431629532547
0.2959895379250218,0.23060156931124673,0.16826503923278116,0.3051438535309503
0.2922134733158355,0.23403324584426946,0.17191601049868765,0.30183727034120733
0.2922192749778957,0.23916887709991158,0.16357206012378425,0.3050397877984085
0.29071803852889666,0.24080560420315236,0.15893169877408056,0.3095446584938704
0.2862129144851658,0.2486910994764398,0.15837696335078533,0.3067190226876091
0.28565082185695245,0.25055530875166593,0.1519324744557974,0.3118613949355842
0.28886925795053003,0.247791519434629,0.1515017667844523,0.3118374558303887
0.2818380743982494,0.24551422319474836,0.1549234135667396,0.3177242888402626
0.28671943711521547,0.24010554089709762,0.15567282321899736,0.3175021987686895
0.2892561983471074,0.24140930839495434,0.156589821661592,0.3127446715963462
0.2867288060363959,0.23612960497114957,0.1584553928095872,0.3186861961828673
0.2855274629468178,0.23670444638186575,0.15649520488230165,0.3212728857890148
0.28302712160979876,0.2388451443569554,0.1557305336832896,0.3223972003499563
0.28069395017793597,0.23798932384341637,0.1552491103202847,0.326067615658363
0.28628318584070794,0.2345132743362832,0.1504424778761062,0.32876106194690263
0.2891939769707706,0.233392382639504,0.14924712134632417,0.3281665190434012
0.2886734244160423,0.23049801674746584,0.15204936095196123,0.32877919788453064
0.2814292015880018,0.23114247904719895,0.15483017203352448,0.3325981473312748
0.27956521739130435,0.2308695652173913,0.15260869565217391,0.33695652173913043
0.2762237762237762,0.2298951048951049,0.15253496503496503,0.34134615384615385
0.2749125874125874,0.22727272727272727,0.15515734265734266,0.34265734265734266
0.27991169977924946,0.22472406181015453,0.14966887417218544,0.3456953642384106
0.27179715302491103,0.2353202846975089,0.15480427046263345,0.33807829181494664
0.2730465320456541,0.23529411764705882,0.14442493415276558,0.3472344161545215
0.2730465320456541,0.23266022827041263,0.14574187884108866,0.3485513608428446
0.2728066346573549,0.22828459188127456,0.1505892623308599,0.3483195111305107
0.2751971954425942,0.23049956178790534,0.1485539000876424,0.34574934268185803
0.27296703296703295,0.2276923076923077,0.1476923076923077,0.3516483516483517
0.2746631899174272,0.22859626249456758,0.15123859191655803,0.3455019556714472
0.27336860670194,0.22971781305114639,0.15299823633156967,0.3439153439153439
0.2745183887915937,0.22504378283712784,0.15236427320490367,0.3480735551663748
0.2708516242317823,0.22519754170324846,0.15013169446883232,0.353819139596137
0.27661469933184857,0.22538975501113587,0.1514476614699332,0.3465478841870824
0.2749445676274945,0.21995565410199558,0.15388026607538802,0.35121951219512193
0.27651183172655563,0.21691498685363717,0.15249780893952672,0.3540753724802805
0.2745702952842662,0.2124283825473777,0.15601586602027326,0.35698545614808286
0.28295254833040423,0.2086994727592267,0.14718804920913883,0.36115992970123023
0.2761820592134335,0.20592134334953602,0.15466195315952275,0.36323464427750773
0.27450980392156865,0.20855614973262032,0.1573083778966132,0.35962566844919786
0.28221132411948285,0.20374498439589836,0.15827017387427553,0.3557735176103433
0.2775564409030544,0.20717131474103587,0.15980522355024346,0.3554670208056662
0.28064798598949214,0.2084063047285464,0.16243432574430824,0.34851138353765326
0.27467248908296943,0.21048034934497817,0.15764192139737992,0.3572052401746725
0.2695690413368514,0.21416007036059806,0.15875109938434476,0.3575197889182058
0.2691629955947137,0.21585903083700442,0.1647577092511013,0.3502202643171806
0.2668428005284016,0.21840598855129897,0.15852047556142668,0.35623073535887273
0.26352530541012215,0.22164048865619546,0.15575916230366493,0.35907504363001747
0.2673223066607063,0.22217255252570406,0.15556548949485918,0.35493965131873045
0.2696929238985314,0.22207387627948375,0.157543391188251,0.3506898086337339
0.2641758241758242,0.22329670329670329,0.16175824175824177,0.3507692307692308
0.2683790965456156,0.21567759078830823,0.1616474756421612,0.354295837023915
0.2672831351827389,0.21532364597093792,0.16600616468516072,0.3513870541611625
0.27537511032656664,0.21094439541041482,0.1650485436893204,0.34863195057369817
0.2768287341217696,0.211125711782742,0.16557161629434955,0.34647393780113883
0.27328918322295803,0.21721854304635763,0.1620309050772627,0.34746136865342164
0.2774108322324967,0.2162043152796125,0.16116248348745046,0.34522236900044034
0.27495621716287216,0.21935201401050788,0.1659369527145359,0.3397548161120841
0.27677390921110623,0.21771705597179375,0.16527104451300131,0.34023799030409874
0.27200353825740825,0.22777532065457762,0.16320212295444494,0.3370190181335692
0.26856380613606046,0.2218763895064473,0.16851934192974655,0.34104046242774566
0.2695536897923111,0.22934158197083518,0.1665930181175431,0.33451171011931063
0.26362823949955316,0.2323503127792672,0.16532618409294011,0.3386952636282395
0.25937227550130776,0.23190932868352224,0.16695727986050568,0.34176111595466435
0.26380910296067167,0.23066725585505965,0.16394167034909413,0.34158197083517455
0.2659667541557305,0.23447069116360456,0.16272965879265092,0.336832895888014
0.26174496644295303,0.23400447427293064,0.15794183445190157,0.34630872483221475
0.2710526315789474,0.23684210526315788,0.1570175438596491,0.3350877192982456
0.26746242263483644,0.23474801061007958,0.15826702033598586,0.3395225464190981
0.26897762176393153,0.22904782799473453,0.1601579640193067,0.3418165862220272
0.2635283765948086,0.23141223053233612,0.161460624725033,0.34359876814782225
0.26262626262626265,0.23144488361879667,0.16469038208168643,0.3412384716732543
0.2633201232937032,0.22765301629238222,0.16380449141347425,0.34522236900044034
0.25650066108417807,0.2260907888937858,0.17144116350815336,0.34596738651388276
0.25920994229915667,0.22636484687083888,0.170439414114514,0.34398579671549046
0.25675675675675674,0.22929380993897122,0.17306015693112467,0.34088927637314737
0.25588491717523976,0.23278116826503922,0.16652136006974716,0.34481255448997383
0.25386996904024767,0.23131357806280406,0.17072091994692615,0.3440955329500221
0.2540659340659341,0.23076923076923078,0.16615384615384615,0.34901098901098904
0.25559947299077734,0.23100570926657882,0.16952129995608256,0.3438735177865613
0.24934497816593887,0.22969432314410482,0.17161572052401747,0.34934497816593885
0.25121412803532006,0.23178807947019867,0.1686534216335541,0.3483443708609272
0.2505465675557499,0.23567993003935286,0.1639702667249672,0.34980323567993005
0.24451273046532046,0.23661106233538193,0.16505706760316066,0.353819139596137
0.2427695004382121,0.2392638036809816,0.17046450482033304,0.34750219106047325
0.2401402278702892,0.24496056091148116,0.16739702015775634,0.34750219106047325
0.24406332453825857,0.24582233948988566,0.16974494283201408,0.3403693931398417
0.24180148666375165,0.2444250109313511,0.17358985570616528,0.34018364669873197
0.24342105263157895,0.2482456140350877,0.17105263157894737,0.33728070175438596
0.24373075230972283,0.2454905411350638,0.17157941047074352,0.33919929608446986
0.24537444933920705,0.25242290748898677,0.173568281938326,0.32863436123348017
0.2464726631393298,0.2526455026455027,0.1697530864197531,0.33112874779541446
0.24528301886792453,0.24923211935059236,0.1689337428696797,0.33655111891180345
0.24571428571428572,0.24967032967032968,0.1657142857142857,0.3389010989010989
0.23894967177242887,0.25164113785557984,0.16630196936542668,0.34310722100656454
0.23973509933774834,0.24900662251655628,0.1717439293598234,0.33951434878587194
0.23666813574261789,0.24944909651829,0.16703393565447333,0.34684883208461875
0.23421052631578948,0.25263157894736843,0.17105263157894737,0.34210526315789475
0.23407079646017698,0.24601769911504426,0.17123893805309734,0.3486725663716814
0.2407079646017699,0.24424778761061947,0.17610619469026548,0.33893805309734515
0.24121265377855888,0.23945518453427064,0.17530755711775045,0.34402460456942
0.24080560420315236,0.24211908931698775,0.16943957968476359,0.3476357267950963
0.24428822495606328,0.23725834797891038,0.16827768014059755,0.3501757469244288
0.24669603524229075,0.23392070484581498,0.17224669603524229,0.347136563876652
0.24879544459045116,0.2325886990801577,0.16819973718791065,0.3504161191414805
0.24675905230219045,0.23245417970496202,0.1627179257934734,0.3580688421993742
0.247074122236671,0.23840485478977028,0.16384915474642392,0.3506718682271348
0.24612660469234174,0.23904382470119523,0.16644532979194335,0.3483842408145197
0.24278215223097113,0.23622047244094488,0.1662292213473316,0.3547681539807524
0.24588706091596266,0.23966207203201423,0.16585148955091153,0.3485993775011116
0.24444444444444444,0.24222222222222223,0.1622222222222222,0.3511111111111111
0.24154589371980675,0.23100570926657882,0.16556873078612208,0.3618796662274923
0.23895759717314488,0.23895759717314488,0.15945229681978798,0.3626325088339223
0.2378236068451075,0.24265028521281265,0.1645458534444932,0.35498025449758663
0.24029982363315697,0.2429453262786596,0.1609347442680776,0.3558201058201058
0.23898822503270825,0.24422154382904493,0.15612734409071086,0.36066288704753596
0.23876651982378855,0.23920704845814977,0.16079295154185022,0.36123348017621143
0.24691358024691357,0.23897707231040563,0.16313932980599646,0.3509700176366843
0.23954205195948922,0.2413033905768384,0.15940114487010126,0.35975341259357113
0.24019391802556192,0.2379903040987219,0.16130453944468928,0.3605112384310269
0.23992994746059546,0.2447460595446585,0.1628721541155867,0.3524518388791594
0.24307692307692308,0.23912087912087912,0.16703296703296702,0.3507692307692308
0.24406332453825857,0.23878627968337732,0.16754617414248021,0.3496042216358839
0.24635117204776646,0.23839009287925697,0.16983635559486954,0.34542237947810706
0.24867724867724866,0.24514991181657847,0.1644620811287478,0.34171075837742504
0.2442781690140845,0.25,0.1641725352112676,0.3415492957746479
0.24610051993067592,0.24956672443674177,0.16031195840554593,0.3440207972270364
0.24565217391304348,0.2482608695652174,0.1617391304347826,0.3443478260869565
0.24835454146555508,0.24659938569548048,0.16322948661693726,0.3418165862220272
0.24923211935059236,0.2505484861781483,0.16849495392716105,0.3317244405440983
0.249008373732922,0.24592331423534597,0.16879682679594535,0.3362714852357867
0.24332740213523132,0.24466192170818504,0.16637010676156583,0.3456405693950178
0.23593545573484517,0.24683820322721325,0.1665939816833842,0.35063235935455733
0.23975319524019392,0.24768620537681799,0.16438959894226532,0.3481710004407228
0.2399650959860384,0.24956369982547993,0.16230366492146597,0.3481675392670157
0.24395604395604395,0.24571428571428572,0.1665934065934066,0.34373626373626376
0.249670908293111,0.24659938569548048,0.16586222027204914,0.3378674857393594
0.25109170305676853,0.2427947598253275,0.16812227074235808,0.33799126637554583
0.24934152765583845,0.24495171202809482,0.17339771729587358,0.33230904302019315
0.24424778761061947,0.24513274336283186,0.17699115044247787,0.33362831858407077
0.2432195975503062,0.2458442694663167,0.17672790901137359,0.3342082239720035
0.2406675450153711,0.2481335090030742,0.181379007465964,0.3298199385155907
0.23446452181577787,0.24944909651829,0.1859850154252975,0.33010136624063463
0.2347252747252747,0.24835164835164836,0.18857142857142858,0.3283516483516484
0.23275109170305677,0.251528384279476,0.18471615720524018,0.33100436681222706
0.2353198948290973,0.25109553023663456,0.18974583698510078,0.3238387379491674
0.23650724001755155,0.24528301886792453,0.1917507678806494,0.3264589732338745
0.23513870541611626,0.24790841039189784,0.1933069132540731,0.3236459709379128
0.23642732049036777,0.2548161120840631,0.19001751313485113,0.318739054290718
0.2357298474945534,0.2579520697167756,0.19041394335511982,0.3159041394335512
0.24072438162544169,0.2539752650176678,0.19478798586572438,0.31051236749116606
0.24715660542432197,0.2559055118110236,0.18853893263342084,0.3083989501312336
0.24624226348364278,0.248894783377542,0.19230769230769232,0.3125552608311229
0.2438488576449912,0.24956063268892795,0.19200351493848858,0.3145869947275923
0.24029982363315697,0.2447089947089947,0.19223985890652556,0.32275132275132273
0.24304021210782148,0.2479010163499779,0.18780380026513477,0.3212549712770658
0.24043956043956044,0.2545054945054945,0.18153846153846154,0.32351648351648354
0.23666813574261789,0.2560599382988101,0.18422212428382548,0.32304980167474656
0.23344947735191637,0.25914634146341464,0.18554006968641115,0.32186411149825783
0.22466960352422907,0.2599118942731278,0.1947136563876652,0.320704845814978
0.2357904085257549,0.2553285968028419,0.19404973357015987,0.3148312611012433
0.23661106233538193,0.25636523266022826,0.19315188762071994,0.31387181738366987
0.23423026025584473,0.2576091751213057,0.19144243493603882,0.3167181296868108
0.23666813574261789,0.2600264433671221,0.1890700749228735,0.3142353459673865
0.23555166374781086,0.26663747810858146,0.1830122591943958,0.3147985989492119
0.24014178112538767,0.2658396101019052,0.18210013291980506,0.31191847585290206
0.23403305046895936,0.2639571237159446,0.18088432335864224,0.32112550245645377
0.2328767123287671,0.26866990720282813,0.1798497569597879,0.3186036235086169
0.23447069116360456,0.2751531058617673,0.17716535433070865,0.3132108486439195
0.24119718309859156,0.2706866197183099,0.17209507042253522,0.3160211267605634
0.2493321460373998,0.27337488869100623,0.16918967052537845,0.3081032947462155
0.24856765094755398,0.2723666813574262,0.16923754958131335,0.3098281181137065
0.24836029733275033,0.2780935723655444,0.16571928290336685,0.30782684739833843
0.24571428571428572,0.28,0.1657142857142857,0.30857142857142855
0.25032822757111595,0.2774617067833698,0.16542669584245076,0.3067833698030635
0.24703817463799913,0.27643703378674855,0.16937253181219833,0.307152259763054
0.2482547993019197,0.27356020942408377,0.16535776614310646,0.31282722513089006
0.24923076923076923,0.2720879120879121,0.16835164835164834,0.31032967032967035
0.23856063971568192,0.27676588183029766,0.1634828964904487,0.32119058196357175
0.2371967654986523,0.2834681042228212,0.16082659478885894,0.31850853548966757
0.23923657345761207,0.28051486906347095,0.15934309809143365,0.3209054593874834
0.24503311258278146,0.27549668874172184,0.15938189845474612,0.3200883002207506
0.24723573639982308,0.2724458204334365,0.15656789031402035,0.32375055285272003
0.2482547993019197,0.27225130890052357,0.15837696335078533,0.32111692844677137
0.24339788732394366,0.27684859154929575,0.15845070422535212,0.32130281690140844
0.24801762114537446,0.2665198237885463,0.16299559471365638,0.3224669603524229
0.24557522123893805,0.27256637168141595,0.16460176991150444,0.3172566371681416
0.2487847989394609,0.27132125497127707,0.16349977905435262,0.3163941670349094
0.24425795053003532,0.2698763250883392,0.16166077738515902,0.32420494699646646
0.24370860927152319,0.27196467991169976,0.16335540838852097,0.32097130242825606
0.2479010163499779,0.27264692885550157,0.16217410517012815,0.3172779496243924
0.24353920280332894,0.2759526938239159,0.16469557599649584,0.3158125273762593
0.2504393673110721,0.27636203866432335,0.1625659050966608,0.31063268892794377
0.2511032656663725,0.27537511032656664,0.1646072374227714,0.3089143865842895
0.24524966858152894,0.2898806893504198,0.1643835616438356,0.30048608042421565
0.2486888111888112,0.2906468531468531,0.16171328671328672,0.29895104895104896
0.24680475980608196,0.28206258263552225,0.16791538122520935,0.3032172763331864
0.24724061810154527,0.27770419426048565,0.1629139072847682,0.3121412803532009
0.24716157205240175,0.2724890829694323,0.16724890829694322,0.3131004366812227
0.24488908220965638,0.28316659417137885,0.16572422792518487,0.3062200956937799
0.24505059392872855,0.28024637043554773,0.1680598328200616,0.3066432028156621
0.2437417654808959,0.27887571365832237,0.16820377689942909,0.30917874396135264
0.24113785557986872,0.28096280087527353,0.16805251641137856,0.3098468271334792
0.24823321554770317,0.2712014134275618,0.1696113074204947,0.31095406360424027
0.25507502206531335,0.2687555163283319,0.16548984995586938,0.3106796116504854
0.2563764291996482,0.26561125769569044,0.16578715919085313,0.3122251539138083
0.2600700525394046,0.26532399299474607,0.16987740805604204,0.30472854640980734
0.26434245366284204,0.26434245366284204,0.16681376875551632,0.30450132391879964
0.26546731022378234,0.25537516454585346,0.17200526546731024,0.307152259763054
0.26445916114790285,0.26136865342163357,0.16777041942604856,0.306401766004415
0.266369710467706,0.2592427616926503,0.16748329621380847,0.3069042316258352
0.25817706061927603,0.26995202791103357,0.16964675098124726,0.3022241604884431
0.25597874224977857,0.27059344552701503,0.16607617360496013,0.3073516386182462
0.25594713656387663,0.27048458149779736,0.16123348017621145,0.31233480176211453
0.2498900131984162,0.2740871095468544,0.1636603607567092,0.3123625164980202
0.25264084507042256,0.26936619718309857,0.1637323943661972,0.3142605633802817
0.25087719298245614,0.26842105263157895,0.1692982456140351,0.31140350877192985
0.2487847989394609,0.27441449403446755,0.15952275740167918,0.3172779496243924
0.24569916188795765,0.27393030436700483,0.1588001764446405,0.321570357300397
0.24472759226713534,0.27943760984182775,0.1594903339191564,0.3163444639718805
0.2383053839364519,0.2802294792586055,0.16284201235657547,0.31862312444836716
0.23872679045092837,0.28293545534924847,0.16312997347480107,0.3152077807250221
0.23705357142857142,0.2830357142857143,0.165625,0.3142857142857143
0.2371766768960982,0.28233231039017975,0.16483998246383166,0.3156510302498904
0.23809523809523808,0.2809086937527305,0.16426387068588905,0.3167321974661424
0.24411508282476024,0.2728857890148213,0.16564952048823017,0.31734960767218834
0.24189307624890447,0.2778264680105171,0.16476774758983348,0.31551270815074495
0.24922805469783854,0.2818703131892369,0.16144684605205117,0.3074547860608734
0.2440737489025461,0.28182616330114135,0.16374012291483758,0.310359964881475
0.2505456132693147,0.2789175032736796,0.1610650371017023,0.30947184635530334
0.2518615856329391,0.28996933858957513,0.16031537450722733,0.29785370127025845
0.24878694309660343,0.28760476400529333,0.16012351124834584,0.3034847816497574
0.25,0.2902654867256637,0.1588495575221239,0.3008849557522124
0.2564551422319475,0.29146608315098466,0.1588621444201313,0.29321663019693656
0.2517543859649123,0.28903508771929826,0.1587719298245614,0.30043859649122806
0.247450110864745,0.2957871396895787,0.15875831485587583,0.29800443458980047
0.24845814977973568,0.29295154185022027,0.16387665198237886,0.2947136563876652
0.24901011878574572,0.2974043114826221,0.16058073031236253,0.2930048394192697
0.240905057675244,0.29991126885536823,0.1650399290150843,0.29414374445430347
0.24212860310421286,0.29977827050997785,0.16762749445676275,0.29046563192904656
0.2421564295183385,0.30092797171895713,0.17057003977021654,0.28634555899248787
0.23913997367266346,0.30408073716542344,0.17068889863975428,0.28609039052215884
0.23252747252747252,0.30725274725274726,0.17142857142857143,0.2887912087912088
0.2334370831480658,0.30680302356602934,0.17207647843485993,0.2876834148510449
0.23244444444444445,0.3088888888888889,0.16933333333333334,0.28933333333333333
0.22980017376194614,0.30668983492615115,0.17723718505647262,0.28627280625543006
0.22992056487202117,0.3049426301853486,0.18049426301853486,0.2846425419240953
0.23299692847740236,0.3093462044756472,0.17683194383501535,0.2808249232119351
0.2325066430469442,0.30558015943312666,0.17936226749335696,0.28255093002657217
0.2290845378887429,0.30836618484450284,0.18309242225142355,0.2794568550153307
0.23636363636363636,0.30776053215077603,0.17516629711751663,0.28070953436807095
0.2382847038019452,0.3063660477453581,0.1794871794871795,0.27586206896551724
0.24338624338624337,0.30599647266313934,0.17504409171075838,0.27557319223985893
0.23903508771929824,0.3109649122807018,0.175,0.275
0.2441048034934498,0.3034934497816594,0.17685589519650655,0.2755458515283843
0.24481693868548743,0.3105425672695192,0.17644464049404499,0.2681958535509484
0.24324324324324326,0.3128046078865751,0.17013735046521933,0.2738147984049623
0.24375274002630426,0.31784305129329243,0.1701008329679965,0.26830337571240687
0.24139452780229478,0.3177405119152692,0.16946160635481025,0.27140335392762577
0.23851203501094093,0.31422319474835886,0.17067833698030635,0.2765864332603939
0.23676148796498905,0.3133479212253829,0.17199124726477025,0.2778993435448578
0.2318141980718668,0.3133216476774759,0.175284837861525,0.27957931638913236
0.24217026907807676,0.3070136744596383,0.16850463167181298,0.282311424790472
0.2465934065934066,0.3054945054945055,0.16263736263736264,0.28527472527472525
0.24900662251655628,0.30066225165562915,0.1629139072847682,0.28741721854304636
0.2541557305336833,0.29615048118985127,0.1662292213473316,0.28346456692913385
0.25,0.30288461538461536,0.16433566433566432,0.28277972027972026
0.24900662251655628,0.3011037527593819,0.16821192052980133,0.28167770419426047
0.25385632437197003,0.3093873953283385,0.1617452622300573,0.2750110180696342
0.25547765118317267,0.3141980718667835,0.16389132340052587,0.26643295354951796
0.25354609929078015,0.3058510638297872,0.16932624113475178,0.2712765957446808
0.2530594405594406,0.30288461538461536,0.17351398601398602,0.270541958041958
0.2516469038208169,0.3052261747913922,0.17786561264822134,0.2652613087395696
0.25187803800265135,0.3026955368979231,0.17852408307556342,0.26690234202386215
0.25793650793650796,0.30423280423280424,0.17239858906525574,0.2654320987654321
0.2535211267605634,0.30809859154929575,0.1698943661971831,0.26848591549295775
0.2530701754385965,0.306140350877193,0.17543859649122806,0.26535087719298245
0.2561295971978984,0.2999124343257443,0.17600700525394045,0.2679509632224168
0.2560386473429952,0.3008344312692139,0.17742643829600352,0.26570048309178745
0.256092157731502,0.2995126273814798,0.179441736818786,0.26495347806823216
0.25619469026548675,0.2973451327433628,0.17964601769911503,0.2668141592920354
0.2578366445916115,0.2944812362030905,0.18233995584988963,0.2653421633554084
0.2646669607410675,0.29422143802382,0.17909131010145568,0.2620202911336568
0.25623087013554874,0.3003935286401399,0.18189768255356362,0.2614779186707477
0.2571680635200706,0.3026025584472872,0.1799735333039259,0.2602558447287164
0.2574823943661972,0.2984154929577465,0.17869718309859156,0.2654049295774648
0.25662544169611307,0.29770318021201414,0.1784452296819788,0.267226148409894
0.2554420257663261,0.29498000888494,0.17814304753442914,0.27143491781430473
0.25426695842450764,0.2989059080962801,0.1772428884026258,0.26958424507658646
0.2472695500218436,0.30930537352555704,0.17955439056356487,0.2638706858890345
0.249889819303658,0.3142353459673865,0.17232260907888938,0.2635522256500661
0.2479120879120879,0.3134065934065934,0.17494505494505494,0.26373626373626374
0.245792736935341,0.31178033658104515,0.1758193091231178,0.26660761736049604
0.246684350132626,0.3147656940760389,0.1724137931034483,0.2661361626878868
0.2455376578145407,0.3156290814105355,0.174140182847192,0.26469307792773183
0.24273127753303964,0.31101321585903086,0.1801762114537445,0.26607929515418505
0.2359699513919576,0.31285903667697745,0.18382677861246133,0.26734423331860363
0.23544973544973544,0.31216931216931215,0.18606701940035272,0.26631393298059963
0.23736263736263735,0.31384615384615383,0.18285714285714286,0.26593406593406593
0.24497816593886462,0.3165938864628821,0.17860262008733624,0.259825327510917
0.24867724867724866,0.31569664902998235,0.1763668430335097,0.25925925925925924
0.2469352014010508,0.3169877408056042,0.17206654991243434,0.2640105078809107
0.24867724867724866,0.3082010582010582,0.18077601410934743,0.2623456790123457
0.24857017157941047,0.3132424109106907,0.17641882974043116,0.26176858776946765
0.24581497797356827,0.31013215859030835,0.1748898678414097,0.2691629955947137
0.24681038275406952,0.31148262208534977,0.17509898812142544,0.2666080070391553
0.24438573315719947,0.31131660061646854,0.17701453104359313,0.2672831351827389
0.2423043095866315,0.3144239226033421,0.17370272647317503,0.2695690413368514
0.2406675450153711,0.32498902064119456,0.16820377689942909,0.26613965744400525
0.24732620320855614,0.31907308377896615,0.17067736185383245,0.2629233511586453
0.2465034965034965,0.31993006993006995,0.17001748251748253,0.26354895104895104
0.24834874504623514,0.3148392778511669,0.16424482606781154,0.27256715103478646
0.2519893899204244,0.3112290008841733,0.16489832007073385,0.2718832891246684
0.2515391380826737,0.3148636763412489,0.1644678979771328,0.2691292875989446
0.25121412803532006,0.3165562913907285,0.16335540838852097,0.26887417218543047
0.2563876651982379,0.3145374449339207,0.1616740088105727,0.2674008810572687
0.2525386313465784,0.3090507726269316,0.1598233995584989,0.2785871964679912
0.24822380106571937,0.31216696269982236,0.1625222024866785,0.27708703374777977
0.24514134275618374,0.30962897526501765,0.16210247349823323,0.2831272084805654
0.2438488576449912,0.3022847100175747,0.17003514938488576,0.28383128295254834
0.2535398230088496,0.29867256637168144,0.17212389380530974,0.2756637168141593
0.25762262483429077,0.30092797171895713,0.16173221387538667,0.27971718957136543
0.2630208333333333,0.2951388888888889,0.1636284722222222,0.2782118055555556
0.268591426071741,0.2847769028871391,0.1657917760279965,0.28083989501312334
0.26974267968056787,0.29414374445430347,0.16104702750665484,0.27506654835847383
0.2742504409171076,0.294973544973545,0.16005291005291006,0.2707231040564374
0.26997366110623355,0.29367866549604915,0.15935030728709393,0.27699736611062337
0.27292576419213976,0.2908296943231441,0.16200873362445414,0.274235807860262
