R,A,S,N
0.0,0.0,0.0,1.0
0.0,0.0,1.0,0.0
0.3333333333333333,0.0,0.6666666666666666,0.0
0.25,0.0,0.5,0.25
0.1111111111111111,0.0,0.4444444444444444,0.4444444444444444
0.11764705882352941,0.0,0.47058823529411764,0.4117647058823529
0.15384615384615385,0.0,0.4230769230769231,0.4230769230769231
0.2,0.0,0.3333333333333333,0.4666666666666667
0.275,0.0,0.325,0.4
0.22916666666666666,0.0,0.3125,0.4583333333333333
0.23880597014925373,0.0,0.26865671641791045,0.4925373134328358
0.26136363636363635,0.022727272727272728,0.22727272727272727,0.48863636363636365
0.2767857142857143,0.026785714285714284,0.25,0.44642857142857145
0.2913907284768212,0.033112582781456956,0.24503311258278146,0.4304635761589404
0.31016042780748665,0.0374331550802139,0.22994652406417113,0.42245989304812837
0.28205128205128205,0.042735042735042736,0.24786324786324787,0.42735042735042733
0.2873134328358209,0.055970149253731345,0.23880597014925373,0.417910447761194
0.28343949044585987,0.06687898089171974,0.20382165605095542,0.445859872611465
0.26881720430107525,0.07526881720430108,0.21505376344086022,0.44086021505376344
0.2945205479452055,0.0776255707762557,0.182648401826484,0.4452054794520548
0.3096646942800789,0.07889546351084813,0.16765285996055226,0.4437869822485207
0.3128205128205128,0.08376068376068375,0.17606837606837608,0.42735042735042733
0.3144560357675112,0.08643815201192251,0.17287630402384502,0.4262295081967213
0.3143989431968296,0.08586525759577279,0.16248348745046234,0.4372523117569353
0.3142523364485981,0.08411214953271028,0.16121495327102803,0.44042056074766356
0.3389473684210526,0.09157894736842105,0.14947368421052631,0.42
0.35394862036156044,0.09800190294957184,0.15033301617507136,0.3977164605137964
0.3682373472949389,0.10209424083769633,0.14485165794066318,0.38481675392670156
0.36428009441384734,0.1077891424075531,0.14162077104642015,0.38630999213217937
0.3829479768786127,0.10982658959537572,0.13005780346820808,0.37716763005780346
0.3915094339622642,0.09973045822102426,0.11994609164420485,0.3888140161725067
0.39384220654265556,0.10583707504810776,0.11674150096215523,0.38357921744708146
0.3993939393939394,0.10484848484848484,0.10909090909090909,0.38666666666666666
0.4043528064146621,0.09679266895761741,0.10939289805269187,0.38946162657502864
0.4099890230515917,0.09714599341383096,0.10976948408342481,0.38309549945115257
0.42157894736842105,0.09631578947368422,0.10105263157894737,0.38105263157894737
0.4179867143587123,0.09810935104752172,0.08942258559018906,0.3944813490035769
0.4218033622007132,0.10086602139582272,0.0891492613346918,0.38818135506877227
0.41907661085743275,0.1035007610350076,0.07711821410451547,0.4003044140030441
0.43166918809884014,0.09884014120020171,0.0751386787695411,0.39435199193141707
0.42857142857142855,0.10541871921182266,0.06798029556650247,0.3980295566502463
0.4273589615576635,0.09985022466300549,0.0654018971542686,0.4073889166250624
0.43320235756385067,0.1031434184675835,0.057465618860510805,0.406188605108055
0.44679802955665027,0.10295566502463054,0.054187192118226604,0.3960591133004926
0.4608610567514677,0.1012720156555773,0.0474559686888454,0.3904109589041096
0.46696472925981125,0.09935419771485346,0.05067064083457526,0.3830104321907601
0.4672293942403178,0.10625620655412116,0.04220456802383317,0.3843098311817279
0.4721669980119284,0.10785288270377734,0.036779324055666,0.3832007952286282
0.470106075216972,0.11378977820636452,0.03664416586306654,0.37945998071359693
0.47947214076246336,0.10997067448680352,0.02932551319648094,0.3812316715542522
0.4816983894582723,0.11176183504148365,0.02537823328452904,0.38116154221571497
0.49853658536585366,0.1,0.025853658536585365,0.375609756097561
0.5073457394711067,0.09941234084231146,0.02595494613124388,0.3672869735553379
0.5213130818226359,0.09064184223419892,0.022048015678588925,0.3659970602645762
0.5250481695568401,0.08863198458574181,0.022157996146435453,0.36416184971098264
0.527992277992278,0.08494208494208494,0.019787644787644786,0.3672779922779923
0.537864077669903,0.08398058252427185,0.016019417475728156,0.36213592233009706
0.552467656923814,0.08337326305701964,0.01581217057977959,0.3483469094393867
0.5537505972288581,0.0802675585284281,0.017200191113234592,0.34878165312947923
0.5581947743467933,0.0826603325415677,0.014251781472684086,0.34489311163895486
0.5629170638703527,0.08484270734032412,0.013822688274547188,0.33841754051477596
0.575,0.07688679245283019,0.013679245283018868,0.33443396226415095
0.5872563005230623,0.07560627674750357,0.012838801711840228,0.32429862101759394
0.5956232159847764,0.071360608943863,0.010941960038058992,0.32207421503330164
0.5963085660198769,0.0776147657359205,0.00946521533364884,0.3166114529105537
0.6045845272206304,0.07449856733524356,0.012893982808022923,0.30802292263610315
0.6230062832286128,0.07153214113098115,0.011116481391976801,0.2943450942484292
0.6231203007518797,0.07330827067669173,0.012218045112781954,0.29135338345864664
0.6357584403233476,0.07085116500237755,0.00903471231573942,0.2843556823585354
0.6444866920152091,0.06606463878326996,0.0076045627376425855,0.2818441064638783
0.6391654812707445,0.07302038880986249,0.008534850640113799,0.27927927927927926
0.6547733847637416,0.06605593056894889,0.006750241080038573,0.27242044358727097
0.652803738317757,0.06448598130841121,0.005607476635514018,0.27710280373831775
0.6611295681063123,0.06407214048410062,0.005220692928334125,0.26957759848125296
0.6681013868962219,0.06121472979435677,0.00430416068866571,0.2663797226207556
0.6751173708920187,0.05868544600938967,0.0018779342723004694,0.2643192488262911
0.6858762399622107,0.055739253660840815,0.0033065658951346244,0.25507794048181387
0.6836210919272049,0.06066262249183388,0.003733084461035931,0.25198320111992534
0.6941066417212348,0.05706267539756782,0.004677268475210477,0.2441534144059869
0.6881670533642691,0.058004640371229696,0.004176334106728539,0.24965197215777263
0.7023364485981308,0.05420560747663551,0.004205607476635514,0.23925233644859814
0.7114754098360656,0.05011709601873536,0.00234192037470726,0.2360655737704918
0.7128060263653484,0.05790960451977401,0.0018832391713747645,0.2274011299435028
0.7112048757618378,0.06000937646507267,0.0028129395218002813,0.22597280825128926
0.7155493482309124,0.05260707635009311,0.004189944134078212,0.2276536312849162
0.7074640704682429,0.057950857672693555,0.0037088548910523874,0.23087621696801114
0.7122133832475432,0.056621431913897985,0.0028076743097800653,0.22835751052877867
0.7160148975791434,0.05446927374301676,0.00186219739292365,0.2276536312849162
0.7170252572497662,0.055659494855004675,0.002806361085126286,0.2245088868101029
0.7239925023430178,0.05529522024367385,0.0023430178069353325,0.21836925960637302
0.7234338747099768,0.054292343387471,0.0027842227378190253,0.21948955916473317
0.7303579730357973,0.05439330543933055,0.0032543003254300326,0.21199442119944212
0.7407233442930954,0.046031000469704084,0.0032879286049788633,0.2099577266322217
0.7471910112359551,0.04260299625468165,0.003745318352059925,0.20646067415730338
0.7559943582510579,0.040432534085566525,0.005171603196991067,0.19840150446638458
0.76699484294421,0.04125644631973746,0.006094702297233943,0.18565400843881857
0.7686601761706073,0.041261010662957814,0.006954102920723227,0.18312471024571164
0.7736720554272517,0.03926096997690531,0.006928406466512702,0.18013856812933027
0.7729157070474436,0.035006909258406264,0.005988023952095809,0.18608935974205434
0.7736284001844168,0.035961272475795295,0.005532503457814661,0.18487782388197327
0.7704618198445359,0.037037037037037035,0.007315957933241884,0.18518518518518517
0.7819687212511499,0.034958601655933765,0.0068997240110395585,0.17617295308187672
0.793709528214616,0.03515263644773358,0.005550416281221091,0.16558741905642924
0.793418647166362,0.03473491773308958,0.006855575868372943,0.1649908592321755
0.7920475319926874,0.03473491773308958,0.006855575868372943,0.1663619744058501
0.7970882620564149,0.03366696997270246,0.0077343039126478615,0.16151046405823477
0.8028624192059095,0.03185595567867036,0.007386888273314866,0.15789473684210525
0.8020211299954065,0.03353238401469913,0.006890215893431328,0.15755627009646303
0.8015546410608139,0.03429355281207133,0.006401463191586648,0.15775034293552812
0.801477377654663,0.03508771929824561,0.007386888273314866,0.15604801477377656
0.8098558809855881,0.03393770339377034,0.006508600650860065,0.1496978149697815
0.8097876269621422,0.03185595567867036,0.006925207756232687,0.15143120960295475
0.8129032258064516,0.03087557603686636,0.0069124423963133645,0.14930875576036867
0.8193160813308688,0.02911275415896488,0.005083179297597043,0.1464879852125693
0.8307050092764379,0.025974025974025976,0.0055658627087198514,0.1377551020408163
0.8305860805860806,0.024725274725274724,0.005494505494505495,0.1391941391941392
0.8367065317387304,0.019779208831646734,0.006439742410303588,0.13707451701931922
0.8359981726815897,0.0219278209227958,0.007309273640931932,0.1347647327546825
0.843101061375173,0.019843101061375174,0.0046146746654360865,0.1324411628980157
0.8468965517241379,0.019770114942528734,0.005977011494252874,0.12735632183908047
0.8434180138568129,0.019399538106235566,0.006466512702078522,0.13071593533487297
0.8445977011494253,0.01839080459770115,0.005057471264367816,0.13195402298850575
0.8452987494210282,0.018990273274664196,0.006484483557202408,0.12922649374710515
0.8481651376146789,0.01834862385321101,0.003669724770642202,0.12981651376146788
0.8483870967741935,0.01889400921658986,0.004608294930875576,0.12811059907834102
0.8485543827443781,0.021569527306103717,0.005048187241854061,0.12482790270766407
0.8503865393360619,0.021828103683492497,0.004547521600727604,0.12323783537971805
0.8514129443938013,0.01959890610756609,0.004557885141294439,0.1244302643573382
0.8479667282809612,0.028188539741219962,0.0013863216266173752,0.12245841035120147
0.8443935926773455,0.027917620137299773,0.0009153318077803204,0.12677345537757437
0.8487894015532207,0.0269529465509365,0.0009136592051164915,0.12334399269072636
0.8487084870848709,0.03044280442804428,0.0009225092250922509,0.11992619926199262
0.8539843390142792,0.02487333026255182,0.0036849378166743437,0.1174573929064947
0.8603582912264585,0.024345429490124023,0.0036747818098300414,0.1116214974735875
0.8603145235892692,0.024051803885291396,0.0037002775208140612,0.11193339500462535
0.8639890460976722,0.023733455043359195,0.004564125969876769,0.10771337288909173
0.8654729109274564,0.024793388429752067,0.004591368227731864,0.10514233241505969
0.8681922196796339,0.02654462242562929,0.007322654462242563,0.09794050343249427
0.8664825046040515,0.0285451197053407,0.005985267034990792,0.09898710865561694
0.8717830882352942,0.025735294117647058,0.00505514705882353,0.0974264705882353
0.864010989010989,0.029304029304029304,0.003663003663003663,0.10302197802197802
0.8764867337602927,0.022872827081427266,0.003202195791399817,0.09743824336688015
0.8799448022079117,0.020699172033118676,0.005519779208831647,0.09383624655013799
0.8768878718535469,0.022425629290617848,0.005491990846681922,0.09519450800915331
0.8869129046967624,0.020975832193342453,0.005927952576379389,0.08618331053351573
0.8837962962962963,0.024074074074074074,0.003703703703703704,0.08842592592592592
0.8818140174072377,0.02702702702702703,0.004580852038479157,0.08657810352725608
0.8807763401109058,0.02634011090573013,0.006469500924214418,0.08641404805914972
0.8867837338262476,0.025878003696857672,0.0046210720887245845,0.08271719038817006
0.8908675799086758,0.026027397260273973,0.0036529680365296802,0.07945205479452055
0.8970656730321379,0.025151374010246856,0.0032603632976245926,0.07452258965999069
0.8939814814814815,0.024074074074074074,0.004166666666666667,0.07777777777777778
0.8957280661460726,0.023426734037666513,0.0036747818098300414,0.07717041800643087
0.903625516291877,0.02065167508031207,0.0027535566773749425,0.07296925195043598
0.9058500914076782,0.018738574040219377,0.0031992687385740404,0.07221206581352833
0.9075011504832029,0.017487344684767602,0.004601932811780948,0.0704095720202485
0.9172727272727272,0.017727272727272727,0.003181818181818182,0.06181818181818182
0.9158576051779935,0.01849283402681461,0.004160887656033287,0.061488673139158574
0.9167803547066848,0.021828103683492497,0.004092769440654843,0.0572987721691678
0.9215328467153284,0.01916058394160584,0.004105839416058394,0.0552007299270073
0.9192377495462795,0.02041742286751361,0.0027223230490018148,0.057622504537205084
0.919634703196347,0.0228310502283105,0.005479452054794521,0.052054794520547946
0.9160236041761235,0.02315024965955515,0.005447117566954153,0.05537902859736723
0.9226190476190477,0.019230769230769232,0.004578754578754579,0.05357142857142857
0.9225865209471766,0.020947176684881604,0.004098360655737705,0.052367941712204005
0.9267618608935975,0.019806540764624597,0.0032243205895900505,0.05020727775218793
0.9281464530892448,0.020137299771167048,0.0018306636155606408,0.04988558352402746
0.9337899543378996,0.014611872146118721,0.0027397260273972603,0.04885844748858448
0.9326966803092315,0.01318781264211005,0.004092769440654843,0.05002273760800364
0.9351598173515981,0.012785388127853882,0.0036529680365296802,0.048401826484018265
0.9376432828977533,0.012379642365887207,0.0009170105456212746,0.049060064190738197
0.9401553220648698,0.015532206486980357,0.001827318410232983,0.042485153037916855
0.9465509365006852,0.015532206486980357,0.001827318410232983,0.036089538602101415
0.94811753902663,0.014692378328741965,0.0018365472910927456,0.03535353535353535
0.9364214350590372,0.020435967302452316,0.0036330608537693005,0.039509536784741145
0.9426605504587156,0.01834862385321101,0.0022935779816513763,0.03669724770642202
0.9423697556477639,0.01751959428307976,0.0027662517289073307,0.03734439834024896
0.9414187643020595,0.017391304347826087,0.002745995423340961,0.038443935926773455
0.9437070938215103,0.015560640732265447,0.002288329519450801,0.038443935926773455
0.9411496350364964,0.015967153284671534,0.0018248175182481751,0.04105839416058394
0.9475620975160993,0.013799448022079117,0.0022999080036798527,0.03633854645814168
0.9425815342214056,0.014699127239320165,0.003215434083601286,0.03950390445567294
0.9420955882352942,0.012867647058823529,0.003216911764705882,0.04181985294117647
0.9392956441149212,0.016218721037998145,0.003243744207599629,0.041241890639481
0.941738734638143,0.013199817933545745,0.002275830678197542,0.04278561675011379
0.9447992700729927,0.010948905109489052,0.0018248175182481751,0.04242700729927007
0.9447488584474886,0.011872146118721462,0.0027397260273972603,0.040639269406392696
0.9471526195899772,0.010933940774487472,0.004100227790432802,0.03781321184510251
0.9516711833785004,0.011291779584462511,0.002258355916892502,0.03477868112014453
0.9494356659142212,0.011738148984198645,0.004514672686230248,0.03431151241534989
0.9524249422632795,0.013394919168591224,0.003695150115473441,0.03048498845265589
0.9595821980018165,0.011807447774750226,0.0036330608537693005,0.024977293369663943
0.9568411386593205,0.010101010101010102,0.0032139577594123047,0.029843893480257115
0.9565416285452882,0.010978956999085087,0.004117108874656907,0.028362305580969808
0.9591651542649727,0.011796733212341199,0.0013611615245009074,0.027676950998185117
0.9529837251356239,0.015370705244122965,0.003616636528028933,0.02802893309222423
0.9517523896222121,0.016841147018661812,0.0009103322712790169,0.030496131087847066
0.9542961608775137,0.014625228519195612,0.0013711151736745886,0.029707495429616086
0.9551076500229042,0.013742556115437472,0.0018323408153916628,0.029317453046266605
0.9515178975985501,0.014952424105120073,0.0031717263253285004,0.03035795197100136
0.9525979945305378,0.013673655423883319,0.004102096627164996,0.029626253418413857
0.9536271808999082,0.013774104683195593,0.002295684113865932,0.030303030303030304
0.9524897213339424,0.015532206486980357,0.001827318410232983,0.03015075376884422
0.9560238204306001,0.015574896930829134,0.001374255611543747,0.02702702702702703
0.9511415525114155,0.01643835616438356,0.0031963470319634705,0.029223744292237442
0.949748743718593,0.01735952489721334,0.0022841480127912287,0.03060758337140247
0.9434742647058824,0.01838235294117647,0.006433823529411764,0.03170955882352941
0.9480937069361507,0.018833256775378962,0.004593477262287551,0.02847955902618282
0.9513538320330427,0.015603487838458009,0.005048187241854061,0.02799449288664525
0.9541073887104177,0.013767783386874713,0.004130335016062414,0.02799449288664525
0.9560841720036597,0.010978956999085087,0.0036596523330283625,0.0292772186642269
0.9572143832498862,0.010468821119708694,0.004096495220755576,0.028220300409649523
0.9545661063153112,0.01226715129486597,0.006360745115856429,0.02680599727396638
0.9579139981701739,0.012808783165599268,0.004117108874656907,0.02516010978956999
0.9554950045413261,0.01407811080835604,0.004995458673932788,0.025431425976385105
0.9562413634269922,0.014739751266697375,0.005066789497927222,0.023952095808383235
0.9575342465753425,0.012328767123287671,0.006392694063926941,0.023744292237442923
0.9568181818181818,0.011363636363636364,0.005454545454545455,0.026363636363636363
0.9559491371480472,0.01226158038147139,0.0036330608537693005,0.02815622161671208
0.9548802946593001,0.012430939226519336,0.004143646408839779,0.0285451197053407
0.9588344125809436,0.012488436632747455,0.0027752081406105457,0.025901942645698426
0.9547970479704797,0.014760147601476014,0.0036900369003690036,0.026752767527675275
0.9615384615384616,0.012362637362637362,0.0022893772893772895,0.023809523809523808
0.9601449275362319,0.014492753623188406,0.0022644927536231885,0.02309782608695652
0.9575237234523272,0.013104383190239493,0.0031631269769543608,0.026208766380478987
0.9602194787379973,0.013717421124828532,0.0013717421124828531,0.024691358024691357
0.9507205950720595,0.017201301720130173,0.0041841004184100415,0.02789400278940028
0.9510745313214449,0.01828989483310471,0.003200731595793324,0.027434842249657063
0.9495412844036697,0.019724770642201836,0.0027522935779816515,0.02798165137614679
0.9492687385740403,0.02056672760511883,0.004113345521023766,0.026051188299817184
0.9461781999095432,0.024423337856173677,0.004070556309362279,0.02532790592492085
0.9480637813211845,0.0214123006833713,0.005466970387243736,0.025056947608200455
0.9494305239179954,0.01685649202733485,0.007289293849658315,0.02642369020501139
0.9496336996336996,0.01694139194139194,0.00641025641025641,0.027014652014652016
0.9496106275767293,0.015574896930829134,0.005955107650022904,0.02885936784241869
0.9505494505494505,0.014652014652014652,0.003205128205128205,0.03159340659340659
0.9489516864175023,0.015496809480401094,0.0027347310847766638,0.032816773017319965
0.9483546617915904,0.015082266910420476,0.0018281535648994515,0.03473491773308958
0.9479981592268752,0.016106764841233318,0.0032213529682466636,0.03267372296364473
0.94811753902663,0.012855831037649219,0.005050505050505051,0.03397612488521579
0.9473924977127173,0.01738334858188472,0.0054894784995425435,0.029734675205855442
0.9523373052245646,0.011915673693858845,0.005957836846929423,0.029789184234647114
0.9558488848429677,0.010013654984069186,0.0036413290851160674,0.030496131087847066
0.9524245196706312,0.012351326623970723,0.004574565416285453,0.030649588289112534
0.9545867393278837,0.014532243415077202,0.004087193460490463,0.026793823796548592
0.9528604118993135,0.014645308924485127,0.005034324942791762,0.02745995423340961
0.9493321050207277,0.01566098572086596,0.005066789497927222,0.029940119760479042
0.9505827505827505,0.016783216783216783,0.004662004662004662,0.027972027972027972
0.9464040311497939,0.01832340815391663,0.0036646816307833257,0.03160787906550618
0.9510204081632653,0.015419501133786848,0.0013605442176870747,0.03219954648526077
0.9507593189139438,0.014726184997699034,0.0027611596870685687,0.031753336401288544
0.9581224114127934,0.011044638748274275,0.0027611596870685687,0.02807179015186378
0.9570835256114444,0.010613751730503,0.003230272265805261,0.029072450392247345
0.957388939256573,0.01042611060743427,0.0022665457842248413,0.029918404351767906
0.958658704639412,0.011483693155718878,0.0013780431786862655,0.02847955902618282
0.9628454916175804,0.008608971454463071,0.001359311282283643,0.02718622564567286
0.9625451263537906,0.008574007220216607,0.0013537906137184115,0.027527075812274367
0.9597467209407508,0.009950248756218905,0.002261420171867933,0.02804161013116237
0.9622040072859745,0.006375227686703097,0.0018214936247723133,0.02959927140255009
0.9594163246694026,0.009119927040583675,0.0009119927040583675,0.030551755585955312
0.9651056014692379,0.006427915518824609,0.0009182736455463728,0.027548209366391185
0.9662562699498404,0.006839945280437756,0.0013679890560875513,0.02553579571363429
0.960496095544327,0.006430868167202572,0.002756086357372531,0.03031694993109784
0.9650317892824705,0.006357856494096276,0.0027247956403269754,0.025885558583106268
0.9641885766092475,0.006799637352674524,0.0027198549410698096,0.02629193109700816
0.9584664536741214,0.009584664536741214,0.003651300775901415,0.028297581013235967
0.9546896239238786,0.014046216583597644,0.0009062075215224287,0.03035795197100136
0.9541950113378684,0.012698412698412698,0.0031746031746031746,0.029931972789115645
0.9567985447930878,0.01273306048203729,0.002728512960436562,0.02773988176443838
0.9572806614607258,0.013780431786862656,0.0009186954524575103,0.028020211299954065
0.9589228662711091,0.012323140118667275,0.004107713372889092,0.02464628023733455
0.9545454545454546,0.016988062442607896,0.0036730945821854912,0.024793388429752067
0.959651535992664,0.012838147638697846,0.0036680421824850985,0.02384227418615314
0.9582377237264801,0.012391005048187242,0.0027535566773749425,0.02661771454795778
0.9629629629629629,0.010059442158207591,0.0027434842249657062,0.02423411065386374
0.9639104613978986,0.01187756966651439,0.003654636820465966,0.02055733211512106
0.9638609332113449,0.010978956999085087,0.0022872827081427266,0.022872827081427266
0.9631315430131998,0.010013654984069186,0.002275830678197542,0.024578971324533454
0.9579716765646414,0.010507080858839652,0.003654636820465966,0.027866605756052994
0.9601648351648352,0.009157509157509158,0.003205128205128205,0.027472527472527472
0.9578231292517007,0.009070294784580499,0.005442176870748299,0.027664399092970523
0.9601465872652314,0.007787448465414567,0.0036646816307833257,0.028401282638570773
0.9584474885844749,0.0073059360730593605,0.0045662100456621,0.02968036529680365
0.9534033805390589,0.010507080858839652,0.0031978072179077205,0.0328917313841937
0.953125,0.01011029411764706,0.004136029411764706,0.03262867647058824
0.956184390689183,0.011866727521679598,0.0027384755819260614,0.02921040620721132
0.9522510231923602,0.013642564802182811,0.002728512960436562,0.03137789904502047
0.9538812785388128,0.014155251141552512,0.0031963470319634705,0.028767123287671233
0.9500680889695869,0.015887426236949616,0.0022696323195642307,0.03177485247389923
0.9432753888380604,0.019670631290027447,0.004117108874656907,0.03293687099725526
0.9450346420323326,0.016628175519630486,0.003233256351039261,0.03510392609699769
0.943002780352178,0.014828544949026877,0.0037071362372567192,0.038461538461538464
0.9415887850467289,0.013551401869158878,0.005607476635514018,0.03925233644859813
0.9483870967741935,0.012903225806451613,0.003686635944700461,0.035023041474654376
0.9479502533394749,0.011515430677107323,0.005066789497927222,0.03546752648549056
0.9443671766342142,0.012517385257301807,0.005563282336578581,0.037552155771905425
0.9415525114155251,0.01780821917808219,0.0036529680365296802,0.036986301369863014
0.9471992653810836,0.013314967860422406,0.0013774104683195593,0.03810835629017447
0.9405895691609978,0.015419501133786848,0.0027210884353741495,0.04126984126984127
0.9452054794520548,0.011872146118721462,0.00410958904109589,0.03881278538812785
0.9506172839506173,0.009602194787379973,0.003200731595793324,0.03657978966620942
0.9493150684931507,0.0073059360730593605,0.0045662100456621,0.03881278538812785
0.9445958219800181,0.011353315168029064,0.0036330608537693005,0.04041780199818347
0.9390354868061874,0.01364877161055505,0.004549590536851683,0.042766151046405826
0.9484253765403925,0.00867183934276586,0.003651300775901415,0.03925148334094021
0.9502055733211512,0.00867976244860667,0.005025125628140704,0.036089538602101415
0.9519890260631001,0.012345679012345678,0.0027434842249657062,0.03292181069958848
0.9558488848429677,0.009558488848429678,0.002275830678197542,0.0323167956304051
0.9566408032861707,0.010497489730716568,0.0027384755819260614,0.030123231401186674
0.9596700274977086,0.011457378551787351,0.002749770852428964,0.02612282309807516
0.9607571560480148,0.009695290858725761,0.0023084025854108957,0.02723915050784857
0.9615036231884058,0.010416666666666666,0.002717391304347826,0.025362318840579712
0.96289592760181,0.01085972850678733,0.0009049773755656109,0.025339366515837104
0.9603825136612022,0.012295081967213115,0.0018214936247723133,0.025500910746812388
0.9596371882086168,0.009523809523809525,0.0031746031746031746,0.027664399092970523
0.9536271808999082,0.009641873278236915,0.004132231404958678,0.032598714416896234
0.9581993569131833,0.008268259072117593,0.0018373909049150207,0.0316949931097841
0.9602376599634369,0.009597806215722121,0.0013711151736745886,0.028793418647166363
0.9599453800637232,0.009103322712790168,0.0018206645425580337,0.02913063268092854
0.9609623241034952,0.009078529278256923,0.0027235587834770767,0.02723558783477077
0.9610154125113327,0.008612873980054397,0.004986400725294651,0.025385312783318223
0.9592021758839528,0.009972801450589302,0.005439709882139619,0.025385312783318223
0.9608655616942909,0.010128913443830571,0.0050644567219152855,0.02394106813996317
0.9585798816568047,0.010013654984069186,0.005461993627674101,0.02594446973145198
0.9601087941976428,0.009519492293744334,0.004986400725294651,0.025385312783318223
0.9606512890094979,0.008593396653098146,0.004522840343735866,0.026232473993668022
0.9638009049773756,0.008597285067873304,0.0027149321266968325,0.024886877828054297
0.9607126541799909,0.00867976244860667,0.0045682960255824575,0.02603928734582001
0.9590536851683349,0.010464058234758872,0.004549590536851683,0.025932666060054597
0.9568807339449541,0.011467889908256881,0.003669724770642202,0.02798165137614679
0.9597035664659564,0.008337193144974525,0.002315886984715146,0.029643353404353867
0.9559834938101788,0.012379642365887207,0.002751031636863824,0.02888583218707015
0.9550408719346049,0.01407811080835604,0.002270663033605813,0.02861035422343324
0.9566982408660352,0.012629679747406405,0.0040595399188092015,0.026612539467749212
0.9595454545454546,0.013181818181818182,0.003181818181818182,0.02409090909090909
0.9615208428767751,0.013284470911589555,0.0018323408153916628,0.0233623453962437
0.9610983981693364,0.013272311212814645,0.003203661327231121,0.022425629290617848
0.9608735213830755,0.01364877161055505,0.0031847133757961785,0.022292993630573247
0.9631294964028777,0.011241007194244604,0.0022482014388489208,0.023381294964028777
0.9666366095581606,0.009467989179440937,0.002705139765554554,0.021190261496844005
0.9684499314128944,0.011431184270690443,0.0009144947416552355,0.019204389574759947
0.9675205855443733,0.013266239707227814,0.0018298261665141812,0.01738334858188472
0.9691609977324263,0.011337868480725623,0.0031746031746031746,0.0163265306122449
0.9706943192064923,0.010369702434625788,0.002254283137962128,0.016681695220919748
0.9692237023426734,0.010564997703261369,0.004134129536058797,0.01607717041800643
0.9665914221218962,0.011286681715575621,0.005417607223476298,0.016704288939051917
0.973791233619521,0.0072300045187528245,0.0036150022593764122,0.015363759602349751
0.9724106739032112,0.008593396653098146,0.004522840343735866,0.014473089099954772
0.9757990867579909,0.008675799086757991,0.0031963470319634705,0.012328767123287671
0.972596585804133,0.009433962264150943,0.005390835579514825,0.012578616352201259
0.9709090909090909,0.009545454545454546,0.005,0.014545454545454545
0.9699590350477925,0.010468821119708694,0.004096495220755576,0.015475648611743286
0.9688929551692589,0.010064043915827997,0.004117108874656907,0.016925892040256175
0.9698905109489051,0.009124087591240875,0.0036496350364963502,0.017335766423357664
0.9677565849227975,0.009536784741144414,0.004995458673932788,0.017711171662125342
0.9657194406856112,0.009472259810554804,0.004961659900766802,0.019846639603067207
0.965296803652968,0.008675799086757991,0.00502283105022831,0.021004566210045664
0.9672727272727273,0.009545454545454546,0.004545454545454545,0.018636363636363635
0.968018018018018,0.00945945945945946,0.005855855855855856,0.016666666666666666
0.9631483166515014,0.011828935395814377,0.005004549590536852,0.020018198362147407
0.9602169981916817,0.014918625678119348,0.005877034358047016,0.0189873417721519
0.9621523027815777,0.012311901504787962,0.005471956224350205,0.020063839489284085
0.9622727272727273,0.012272727272727272,0.004545454545454545,0.02090909090909091
0.9623507805325987,0.012855831037649219,0.0018365472910927456,0.02295684113865932
0.9611339734796525,0.010516689529035207,0.003200731595793324,0.025148605395518976
0.9627103228740337,0.010004547521600727,0.002728512960436562,0.02455661664392906
0.9610859728506788,0.007692307692307693,0.004977375565610859,0.026244343891402715
0.959409594095941,0.011531365313653136,0.004151291512915129,0.024907749077490774
0.9615736505032022,0.012351326623970723,0.0022872827081427266,0.023787740164684355
0.9587534372135655,0.011457378551787351,0.00229147571035747,0.027497708524289642
0.9621867881548974,0.010022779043280182,0.0031890660592255125,0.02460136674259681
0.9631650750341064,0.010914051841746248,0.0031832651205093224,0.022737608003638016
0.9641873278236914,0.008723599632690543,0.005050505050505051,0.02203856749311295
0.9687786960514233,0.0073461891643709825,0.0018365472910927456,0.02203856749311295
0.9644160583941606,0.009124087591240875,0.002737226277372263,0.023722627737226276
0.9685649202733485,0.00683371298405467,0.002277904328018223,0.02232346241457859
0.9670027497708524,0.008249312557286892,0.0032080659945004585,0.02153987167736022
0.9673321234119783,0.006805807622504537,0.004083484573502722,0.021778584392014518
0.9689639434048379,0.009128251939753538,0.0013692377909630307,0.020538566864445457
0.9670726206585476,0.008119079837618403,0.0013531799729364006,0.02345511953089761
0.9701149425287356,0.0073563218390804595,0.0022988505747126436,0.020229885057471263
0.965158371040724,0.00904977375565611,0.004072398190045249,0.02171945701357466
0.965675057208238,0.010068649885583524,0.0036613272311212816,0.020594965675057208
0.9670631290027447,0.00777676120768527,0.003202195791399817,0.021957913998170174
0.9675205855443733,0.008234217749313814,0.0027447392497712718,0.021500457456541628
0.9663483401546157,0.009095043201455207,0.002728512960436562,0.021828103683492497
0.9658986175115207,0.00783410138248848,0.003686635944700461,0.02258064516129032
0.9663023679417122,0.008652094717668488,0.00273224043715847,0.022313296903460837
0.9648401826484019,0.012328767123287671,0.00228310502283105,0.02054794520547945
0.9634703196347032,0.0136986301369863,0.0045662100456621,0.0182648401826484
0.959404600811908,0.015336039693279206,0.0027063599458728013,0.02255299954894001
0.9610040340654415,0.012550425818018825,0.003585835948005379,0.02285970416853429
0.9556672760511883,0.01416819012797075,0.005027422303473492,0.025137111517367458
0.9551076500229042,0.015116811726981219,0.004580852038479157,0.025194686211635363
0.9550561797752809,0.015730337078651686,0.002696629213483146,0.02651685393258427
0.9568769859282796,0.014979573309123922,0.0027235587834770767,0.02541988197911938
0.9575237234523272,0.012200632625395391,0.0022593764121102574,0.028016267510167194
0.958786231884058,0.012681159420289856,0.0036231884057971015,0.024909420289855072
0.9552102376599635,0.012797074954296161,0.005941499085923218,0.026051188299817184
0.9586363636363636,0.012272727272727272,0.004090909090909091,0.025
0.9575620767494357,0.01309255079006772,0.0036117381489841984,0.025733634311512415
0.9571686203787195,0.013074842200180343,0.001352569882777277,0.028403967538322812
0.9577464788732394,0.010449795547478418,0.00408905043162199,0.027714675147660156
0.9605263157894737,0.009528130671506351,0.004537205081669692,0.025408348457350273
0.9583710407239819,0.011312217194570135,0.004072398190045249,0.026244343891402715
0.9545454545454546,0.012727272727272728,0.007727272727272728,0.025
0.9597254004576659,0.010983981693363844,0.005491990846681922,0.02379862700228833
0.9589228662711091,0.014148790506617983,0.005020538566864446,0.02190780465540849
0.9623069936421436,0.01226158038147139,0.0036330608537693005,0.021798365122615803
0.9622727272727273,0.012272727272727272,0.0027272727272727275,0.022727272727272728
0.9658314350797267,0.010022779043280182,0.0018223234624145787,0.02232346241457859
0.9617660446062813,0.01137915339098771,0.0031861629494765588,0.023668639053254437
0.9611339734796525,0.012345679012345678,0.002286236854138089,0.02423411065386374
0.963081130355515,0.010483135824977211,0.0018231540565177757,0.024612579762989972
0.959890610756609,0.010938924339106655,0.0036463081130355514,0.02552415679124886
0.9620484682213077,0.010516689529035207,0.0027434842249657062,0.024691358024691357
0.9588235294117647,0.014027149321266969,0.0036199095022624436,0.023529411764705882
0.958997722095672,0.012300683371298405,0.004555808656036446,0.024145785876993165
0.9609800362976406,0.010435571687840291,0.0054446460980036296,0.023139745916515426
0.9622467771639043,0.010128913443830571,0.004143646408839779,0.023480662983425413
0.9625912408759124,0.010036496350364963,0.0036496350364963502,0.023722627737226276
0.9598540145985401,0.010492700729927007,0.004562043795620438,0.02509124087591241
0.958276020174232,0.01192113709307657,0.005960568546538285,0.02384227418615314
0.957623215108245,0.011976047904191617,0.006909258406264394,0.02349147858129894
0.9561042524005487,0.013260173754000914,0.00411522633744856,0.026520347508001828
0.9562010142923006,0.013370216689718764,0.003227293683725219,0.027201475334255418
0.9581224114127934,0.009664058904739991,0.0050621260929590425,0.027151403589507593
0.9604779411764706,0.009191176470588236,0.004136029411764706,0.02619485294117647
0.9593908629441624,0.010613751730503,0.0027688047992616522,0.02722658052607291
0.956343792633015,0.01273306048203729,0.002728512960436562,0.02819463392451114
0.9613108784706418,0.010468821119708694,0.002275830678197542,0.02594446973145198
0.9602558245774326,0.0109639104613979,0.002740977615349475,0.02603928734582001
0.9653579676674365,0.009237875288683603,0.003695150115473441,0.021709006928406466
0.9639598540145985,0.010492700729927007,0.004105839416058394,0.02144160583941606
0.959981809913597,0.01273306048203729,0.004547521600727604,0.022737608003638016
0.9621350364963503,0.00958029197080292,0.005018248175182482,0.023266423357664233
0.9620137299771166,0.010068649885583524,0.005034324942791762,0.02288329519450801
0.9625399725902238,0.010050251256281407,0.004111466423024212,0.023298309730470534
0.962229387379088,0.011054813450023031,0.0032243205895900505,0.02349147858129894
0.9602376599634369,0.009140767824497258,0.003656307129798903,0.02696526508226691
0.9643662607126748,0.008119079837618403,0.005863779882724403,0.02165087956698241
0.9678878335594754,0.009045680687471733,0.002261420171867933,0.020805065581184983
0.9678733031674208,0.008597285067873304,0.0022624434389140274,0.021266968325791856
0.9664830119375574,0.010560146923783287,0.0027548209366391185,0.020202020202020204
0.9643510054844607,0.012340036563071298,0.002742230347349177,0.02056672760511883
0.9665444546287809,0.014207149404216315,0.0018331805682859762,0.017415215398716773
0.9619565217391305,0.018115942028985508,0.003170289855072464,0.016757246376811596
0.9602771362586605,0.019399538106235566,0.003233256351039261,0.017090069284064664
0.9600367478180983,0.017914561322921452,0.004593477262287551,0.017455213596692696
0.9638609332113449,0.016010978956999086,0.0027447392497712718,0.01738334858188472
0.9664399092970521,0.013605442176870748,0.0009070294784580499,0.01904761904761905
0.9698492462311558,0.009593421653723162,0.002740977615349475,0.017816354499771585
0.9721461187214612,0.009589041095890411,0.0013698630136986301,0.016894977168949773
0.9721588315837517,0.008215426745778184,0.0013692377909630307,0.018256503879507075
0.9741964689904934,0.004979628791308284,0.0009053870529651426,0.019918515165233137
0.9728260869565217,0.006793478260869565,0.0004528985507246377,0.019927536231884056
0.9723104857013164,0.005901044030866999,0.0013617793917385383,0.020426690876078075
0.9728260869565217,0.007246376811594203,0.0009057971014492754,0.019021739130434784
0.9679046309032554,0.007336084364970197,0.002751031636863824,0.02200825309491059
0.9686363636363636,0.006363636363636364,0.0022727272727272726,0.022727272727272728
0.9643672910004568,0.010050251256281407,0.004111466423024212,0.02147099132023755
0.9658198614318707,0.007852193995381063,0.005080831408775982,0.021247113163972285
0.9647597254004576,0.009610983981693364,0.005949656750572082,0.019679633867276888
0.961044912923923,0.011457378551787351,0.005041246562786435,0.022456461961503207
0.9624604251469923,0.009497964721845319,0.004070556309362279,0.02397105382180009
0.9654702407996365,0.00817810086324398,0.0027260336210813267,0.023625624716038164
0.9691689008042895,0.0071492403932082215,0.0035746201966041107,0.020107238605898123
0.969531605275125,0.005911778080945885,0.0036380172805820826,0.020918599363346977
0.9687924016282226,0.005427408412483039,0.004975124378109453,0.020805065581184983
0.9682395644283122,0.006805807622504537,0.003629764065335753,0.02132486388384755
0.9658040665434381,0.010166358595194085,0.0027726432532347504,0.021256931608133085
0.9700322729368372,0.009220839096357769,0.0013831258644536654,0.019363762102351315
0.9670932358318098,0.011425959780621572,0.0018281535648994515,0.019652650822669104
0.9666516448850834,0.013068949977467327,0.0009013068949977468,0.019378098242451555
0.966742596810934,0.01366742596810934,0.0018223234624145787,0.01776765375854214
0.9624885635864593,0.012808783165599268,0.004117108874656907,0.02058554437328454
0.961973743775464,0.010864644635581712,0.005432322317790856,0.021729289271163424
0.9642372114078769,0.011317338162064282,0.004074241738343142,0.020371208691715707
0.9666209419295839,0.010059442158207591,0.003657978966620942,0.019661636945587563
0.9719152854511971,0.008287292817679558,0.001841620626151013,0.017955801104972375
0.971285323609845,0.007748404740200547,0.0027347310847766638,0.018231540565177756
0.9722222222222222,0.006830601092896175,0.0009107468123861566,0.020036429872495445
0.9750679963735267,0.004986400725294651,0.001813236627379873,0.01813236627379873
0.9721588315837517,0.005476951163852123,0.0027384755819260614,0.019625741670470105
0.969286359530262,0.0076784101174345075,0.0018066847335140017,0.02122854561878952
0.9718565592374036,0.005901044030866999,0.0022696323195642307,0.01997276441216523
0.9714026327734907,0.007262823422605538,0.0027235587834770767,0.01861098502042669
0.9709042076991943,0.008057296329453895,0.0013428827215756492,0.019695613249776187
0.9693140794223827,0.00947653429602888,0.0009025270758122744,0.020306859205776174
0.9711581793600721,0.0067598017124831005,0.0027039206849932404,0.019378098242451555
0.9744408945686901,0.008215426745778184,0.0027384755819260614,0.01460520310360566
0.9704276615104641,0.009099181073703366,0.00272975432211101,0.017743403093721567
0.9690909090909091,0.00909090909090909,0.0036363636363636364,0.01818181818181818
0.9729233593391464,0.008719596145020651,0.0004589261128958238,0.017898118402937126
0.9761476147614762,0.0049504950495049506,0.0018001800180018,0.017101710171017102
0.9749544626593807,0.007285974499089253,0.00273224043715847,0.015027322404371584
0.9730579254602605,0.007633587786259542,0.001796138302649304,0.017512348450830714
0.975909090909091,0.005909090909090909,0.0018181818181818182,0.016363636363636365
0.9743119266055046,0.006880733944954129,0.003669724770642202,0.015137614678899083
0.9722979109900091,0.005903723887375113,0.004541326067211626,0.01725703905540418
