R,A,S,N
0.0,0.0,0.0,1.0
0.0,0.0,0.25,0.75
0.0,0.0,0.42857142857142855,0.5714285714285714
0.0,0.0,0.5,0.5
0.043478260869565216,0.0,0.4782608695652174,0.4782608695652174
0.029411764705882353,0.058823529411764705,0.4411764705882353,0.47058823529411764
0.04,0.12,0.34,0.5
0.0410958904109589,0.1506849315068493,0.3561643835616438,0.4520547945205479
0.041666666666666664,0.16666666666666666,0.3229166666666667,0.46875
0.061068702290076333,0.20610687022900764,0.2900763358778626,0.44274809160305345
0.08196721311475409,0.25136612021857924,0.2677595628415301,0.3989071038251366
0.08097165991902834,0.2591093117408907,0.2793522267206478,0.3805668016194332
0.06818181818181818,0.2987012987012987,0.2792207792207792,0.3538961038961039
0.06217616580310881,0.3160621761658031,0.25647668393782386,0.36528497409326427
0.056768558951965066,0.3471615720524017,0.2423580786026201,0.3537117903930131
0.055077452667814115,0.33907056798623064,0.24440619621342513,0.3614457831325301
0.06276747503566334,0.3309557774607703,0.24821683309557774,0.35805991440798857
0.06781750924784218,0.32675709001233044,0.23921085080147966,0.36621454993834773
0.07627118644067797,0.336864406779661,0.2298728813559322,0.3569915254237288
0.0835680751173709,0.34178403755868547,0.2140845070422535,0.36056338028169016
0.08699186991869919,0.33983739837398375,0.1975609756097561,0.375609756097561
0.08581818181818182,0.3367272727272727,0.19418181818181818,0.38327272727272726
0.08953258722843976,0.3495720868992758,0.18630678077682686,0.3745885450954575
0.08848484848484849,0.34484848484848485,0.1709090909090909,0.39575757575757575
0.08942632170978627,0.34758155230596177,0.16141732283464566,0.4015748031496063
0.09296218487394958,0.3550420168067227,0.15966386554621848,0.39233193277310924
0.09666339548577037,0.36162904808635915,0.1491658488714426,0.39254170755642787
0.09598108747044917,0.36784869976359336,0.15224586288416075,0.3839243498817967
0.09935602575896964,0.37074517019319225,0.15041398344066237,0.3794848206071757
0.10447080291970803,0.37135036496350365,0.14324817518248176,0.38093065693430656
0.10570544007076514,0.37770897832817335,0.14374170720919946,0.372843874391862
0.10943730615861763,0.384138236597253,0.13424900310146212,0.3721754541426673
0.10960105217010083,0.38360368259535294,0.13634370889960543,0.3704515563349408
0.11116031886625333,0.3804251550044287,0.13640389725420726,0.3720106288751107
0.10706352732119058,0.38827187916481565,0.13460684140382054,0.3700577521101733
0.10896309314586995,0.38927943760984185,0.13708260105448156,0.36467486818980666
0.11494252873563218,0.3868258178603006,0.13527851458885942,0.3629531388152078
0.11313220940550132,0.38997338065661047,0.13398402839396628,0.3629103815439219
0.11283873833851621,0.38960462016881386,0.13194135939582408,0.36561528209684585
0.11370647862494491,0.39092111062141915,0.12825033054208904,0.36712208021154696
0.11874169251218432,0.38723969871510855,0.12715994683207799,0.36685866194062916
0.11886875828546177,0.38753866548828986,0.12461334511710119,0.36897923110914715
0.12362030905077263,0.38145695364238413,0.12362030905077263,0.3713024282560706
0.1277533039647577,0.381057268722467,0.12070484581497798,0.37048458149779734
0.1293027360988526,0.3857016769638129,0.11606354810238305,0.36893203883495146
0.12833990363556724,0.38020148926850633,0.11870346035917652,0.37275514673674986
0.13232682060390763,0.38099467140319715,0.11234458259325045,0.3743339253996448
0.12953138815207782,0.3868258178603006,0.11317418213969938,0.3704686118479222
0.1337719298245614,0.3815789473684211,0.11710526315789474,0.3675438596491228
0.13736749116607774,0.3878091872791519,0.1157243816254417,0.3590989399293286
0.13808076422058185,0.3890577507598784,0.11115935735996527,0.3617021276595745
0.14437086092715232,0.38631346578366443,0.11125827814569536,0.35805739514348783
0.1458149779735683,0.38237885462555066,0.11189427312775331,0.35991189427312775
0.1444297666226332,0.3910171730515192,0.10656098634962571,0.3579920739762219
0.14677276746242263,0.3819628647214854,0.11007957559681697,0.36118479221927496
0.15489249670908292,0.3799912242211496,0.10267661254936375,0.36243966652040366
0.15135608048993876,0.3775153105861767,0.1062992125984252,0.3648293963254593
0.15317667536988686,0.3825065274151436,0.10400348128807659,0.360313315926893
0.1543564794338788,0.38213180008845643,0.10349402919062362,0.36001769128704114
0.15745614035087718,0.38070175438596493,0.1013157894736842,0.3605263157894737
0.15734265734265734,0.38374125874125875,0.10139860139860139,0.3575174825174825
0.16144684605205117,0.3758270842523158,0.10366122629025143,0.3590648434053816
0.16399286987522282,0.37655971479500894,0.10338680926916222,0.3560606060606061
0.15947136563876652,0.37709251101321584,0.10837004405286343,0.35506607929515416
0.1563047285464098,0.3787215411558669,0.1085814360770578,0.3563922942206655
0.16289391921881935,0.3794940079893475,0.10785619174434088,0.3497558810474922
0.16851934192974655,0.3810582481102712,0.10671409515340151,0.3437083148065807
0.1636603607567092,0.37791465024197096,0.10426748790145182,0.354157501099868
0.17110432125709296,0.3793103448275862,0.1056307289393278,0.343954604975993
0.16979484941073766,0.37712789175032735,0.10650371017023134,0.3465735486687036
0.17481285777190664,0.37296345222369,0.10568031704095113,0.3465433729634522
0.17406749555950266,0.37877442273534634,0.10435168738898756,0.3428063943161634
0.17188188629352139,0.3851917144116351,0.10092551784927281,0.3420008814455707
0.17899867080194948,0.3783783783783784,0.0979175897208684,0.34470536109880373
0.17634027470093044,0.384138236597253,0.0974745237040319,0.3420469649977847
0.17526223776223776,0.3868006993006993,0.09746503496503496,0.34047202797202797
0.18113706478624944,0.37902159541648306,0.09519612163948876,0.34464521815777877
0.18101153504880213,0.3766637089618456,0.09361135758651287,0.3487133984028394
0.18582122413033905,0.3747247908410392,0.09423161602818142,0.34522236900044034
0.18722466960352424,0.3696035242290749,0.09823788546255506,0.3449339207048458
0.19051799824407376,0.37708516242317824,0.09086918349429324,0.3415276558384548
0.18986216096042685,0.3681636282792352,0.09159626500666963,0.3503779457536683
0.19649122807017544,0.36578947368421055,0.09210526315789473,0.3456140350877193
0.19585355094838994,0.36965152183502425,0.09042787825319806,0.34406704896338774
0.19249448123620308,0.36644591611479027,0.09094922737306843,0.3501103752759382
0.18898678414096917,0.37092511013215856,0.09030837004405286,0.3497797356828194
0.19360490582566797,0.37056504599211565,0.09198423127463863,0.34384581690757776
0.2002629272567923,0.37116564417177916,0.08720420683610867,0.3413672217353199
0.20193576770787505,0.37307523097228334,0.08271007479102507,0.34227892652881653
0.20985481742190937,0.37131544214694234,0.08446986361636603,0.33435987681478224
0.21293444786625604,0.3664760228772547,0.08315002199736031,0.3374395072591289
0.21024498886414253,0.36703786191536747,0.0775055679287305,0.34521158129175944
0.210989010989011,0.3718681318681319,0.07516483516483516,0.34197802197802196
0.2167985927880387,0.36895338610378187,0.0712401055408971,0.34300791556728233
0.21862527716186253,0.37028824833702884,0.07006651884700665,0.341019955654102
0.22961657117672984,0.3666813574261789,0.06831203173204055,0.3353900396650507
0.23286467486818982,0.36511423550087874,0.06282952548330405,0.3391915641476274
0.2307021369385085,0.368512865242041,0.0641081552551243,0.33667684256432623
0.22872340425531915,0.3679078014184397,0.06294326241134751,0.3404255319148936
0.22835689045936397,0.36174911660777387,0.0627208480565371,0.3471731448763251
0.23555359505955006,0.3550948389942655,0.06219673577415086,0.3471548301720335
0.24100087796312555,0.35074626865671643,0.06628621597892889,0.3419666374012291
0.24408413672217352,0.3461875547765118,0.06748466257668712,0.3422436459246275
0.24391323594510844,0.3430721558211598,0.06728640991589199,0.34572819831783974
0.2465631929046563,0.34811529933481156,0.06873614190687362,0.33658536585365856
0.24154804270462635,0.3487544483985765,0.0653914590747331,0.34430604982206403
0.2479120879120879,0.3498901098901099,0.0654945054945055,0.3367032967032967
0.2563540753724803,0.34574934268185803,0.06310254163014899,0.3347940403155127
0.2575957727873184,0.34125935711140465,0.06164685160722149,0.3394980184940555
0.2537248028045574,0.3422436459246275,0.05828220858895705,0.34574934268185803
0.2577680525164114,0.3435448577680525,0.05689277899343545,0.34179431072210065
0.2609271523178808,0.3426048565121413,0.05827814569536424,0.33818984547461367
0.2671654929577465,0.3336267605633803,0.055897887323943664,0.34330985915492956
0.2662251655629139,0.3315673289183223,0.05739514348785872,0.3448123620309051
0.26382791922739246,0.3301141352063213,0.05662862159789289,0.3494293239683933
0.2676923076923077,0.3261538461538461,0.056263736263736264,0.3498901098901099
0.27055702917771884,0.32935455349248455,0.05702917771883289,0.34305923961096374
0.2696728558797524,0.3253757736516357,0.052608311229000886,0.35234305923961096
0.27436347673397715,0.3270412642669008,0.05443371378402107,0.34416154521510095
0.2772626931567329,0.32450331125827814,0.052538631346578366,0.3456953642384106
0.2748898678414097,0.32599118942731276,0.05286343612334802,0.34625550660792953
0.27465723131357805,0.3233082706766917,0.05484298982750995,0.3471915081822203
0.2741364038972542,0.32418069087688217,0.058015943312666074,0.3436669619131975
0.2738043001316367,0.32338745063624397,0.055287406757349715,0.3475208424747696
0.27972027972027974,0.32255244755244755,0.05506993006993007,0.34265734265734266
0.2850877192982456,0.3140350877192982,0.05526315789473684,0.3456140350877193
0.2827525363917071,0.317600352889281,0.054697838553153945,0.34494927216585797
0.2872711421098518,0.3177855274629468,0.05623365300784656,0.3387096774193548
0.2899122807017544,0.31140350877192985,0.056140350877192984,0.3425438596491228
0.290407358738502,0.3105562855891371,0.05387647831800263,0.3451598773543583
0.28969482529854046,0.31225121627598407,0.05174701459531181,0.34630694383016364
0.29290718038528896,0.3134851138353765,0.050788091068301226,0.3428196147110333
0.29574374725756913,0.31856077226853885,0.051338306274681875,0.3343571741992102
0.2938053097345133,0.30973451327433627,0.05353982300884956,0.34292035398230086
0.29263992948435436,0.3146760687527545,0.05509034817100044,0.3375936535918907
0.29137010676156583,0.31717081850533807,0.05693950177935943,0.33451957295373663
0.29053461875547765,0.31200701139351444,0.05828220858895705,0.33917616126205086
0.29706927175843695,0.31438721136767317,0.05595026642984014,0.33259325044404975
0.29747675962815406,0.3191677733510403,0.054891544931385566,0.3284639220894201
0.30448154657293497,0.320298769771529,0.05360281195079086,0.3216168717047452
0.2985468956406869,0.3227653016292382,0.05195948921180097,0.32672831351827386
0.30419426048565124,0.3227373068432671,0.053421633554083886,0.3196467991169978
0.3056882327399045,0.3269648284845853,0.0486322188449848,0.3187147199305254
0.2992021276595745,0.3257978723404255,0.05274822695035461,0.32225177304964536
0.3,0.31541850220264317,0.052422907488986786,0.33215859030837
0.29912663755458513,0.32139737991266376,0.05152838427947598,0.32794759825327513
0.3023767605633803,0.31778169014084506,0.04973591549295775,0.3301056338028169
0.30543382997370727,0.31507449605609117,0.05214723926380368,0.3273444347063979
0.3078958976621085,0.31274812527569473,0.05381561535068372,0.325540361711513
0.3149536832818703,0.3083370092633436,0.05249228054697839,0.3242170269078077
0.317439293598234,0.3072847682119205,0.052097130242825605,0.32317880794701986
0.31966490299823636,0.31216931216931215,0.05026455026455026,0.31790123456790126
0.3212094653812445,0.30192813321647677,0.05083260297984225,0.32602979842243646
0.3157894736842105,0.30361026533275337,0.05263157894736842,0.3279686820356677
0.31620903454384414,0.30070859167404784,0.054030115146147036,0.32905225863596105
0.317404647084612,0.29679964927663305,0.052170100832968,0.33362560280578696
0.32275132275132273,0.2932098765432099,0.05246913580246913,0.3315696649029982
0.3168360583296509,0.2965090587715422,0.053468846663720725,0.3331860362350862
0.3209444687363358,0.2995190205509401,0.05115872321818977,0.32837778749453433
0.32625994694960214,0.29354553492484525,0.05481874447391689,0.3253757736516357
0.32744924977934686,0.293909973521624,0.050750220653133275,0.32789055604589584
0.33260297984224363,0.28439964943032425,0.05433829973707274,0.32865907099035935
0.33391992960844696,0.2828860536735592,0.052353717553893536,0.3308402991641003
0.334211682037769,0.28194993412384717,0.051822573561704,0.33201581027667987
0.33687943262411346,0.2828014184397163,0.05230496453900709,0.3280141843971631
0.34334953601414053,0.27750773309765797,0.053468846663720725,0.3256738842244808
0.3502874834144184,0.27200353825740825,0.05218929677134011,0.32551968155683325
0.3438735177865613,0.27755819060166886,0.051822573561704,0.32674571805006586
0.3389232127096205,0.2780229479258605,0.05560458958517211,0.32744924977934686
0.3390576838397182,0.2800528401585205,0.054601497137824744,0.32628797886393657
0.3394495412844037,0.2804718217562254,0.05417212756662298,0.3259065093927479
0.34419014084507044,0.2790492957746479,0.055897887323943664,0.320862676056338
0.34617048896581565,0.2803980960623107,0.056252704456945045,0.3171787105149286
0.3433761630482942,0.2835622507753655,0.05494018608772707,0.3181214000886132
0.3489399293286219,0.27296819787985865,0.054328621908127206,0.32376325088339225
0.3527863097849934,0.2786309784993418,0.04914436156208864,0.31943835015357613
0.3519823788546256,0.27973568281938327,0.048458149779735685,0.3198237885462555
0.35062056737588654,0.2854609929078014,0.04609929078014184,0.3178191489361702
0.34940291906236176,0.28350287483414416,0.05218929677134011,0.3149049093321539
0.3498452012383901,0.27952233524988945,0.0508624502432552,0.31977001326846527
0.3539202803328953,0.2759526938239159,0.05081033727551467,0.3193166885676741
0.3542483660130719,0.2762527233115468,0.05359477124183006,0.3159041394335512
0.35654473336271486,0.27148523578669015,0.05112384310268841,0.3208461877479066
0.35859929078014185,0.2699468085106383,0.05186170212765957,0.3195921985815603
0.35563380281690143,0.26672535211267606,0.0528169014084507,0.3248239436619718
0.3560804899387577,0.2637795275590551,0.05511811023622047,0.32502187226596674
0.3484381874175099,0.267927848658161,0.05895292564892213,0.32468103827540695
0.35296722763507526,0.2728077945084145,0.05934455270150576,0.3148804251550044
0.3470562195661797,0.27667109340416113,0.059318282425852145,0.31695440460380697
0.34774933804060015,0.27493380406001766,0.059576345984112974,0.3177405119152692
0.3461199294532628,0.28174603174603174,0.05864197530864197,0.3134920634920635
0.3452855245683931,0.27667109340416113,0.05976095617529881,0.31828242585214694
0.3410097431355182,0.27812223206377323,0.05934455270150576,0.32152347209920284
0.3413672217353199,0.28001752848378614,0.056091148115687994,0.32252410166520595
0.33654688869412797,0.28615249780893953,0.056091148115687994,0.3212094653812445
0.3368936359590565,0.28304405874499333,0.05384957721406319,0.32621272808188695
0.33878814683768244,0.2750995134896064,0.05484298982750995,0.33126934984520123
0.34225537516454585,0.274681878016674,0.05089951733216323,0.3321632294866169
0.33775419982316535,0.2749778956675508,0.04951370468611848,0.33775419982316535
0.3448729184925504,0.27256792287467135,0.04645048203330412,0.33610867659947413
0.3499558693733451,0.2687555163283319,0.04942630185348632,0.3318623124448367
0.3516386182462356,0.27059344552701503,0.04650132860938884,0.3312666076173605
0.35008818342151676,0.26940035273368607,0.0445326278659612,0.335978835978836
0.34683098591549294,0.2680457746478873,0.04137323943661972,0.34375
0.3494081543182815,0.26698816308636564,0.041209995615957916,0.342393686979395
0.3540564373897707,0.2570546737213404,0.04365079365079365,0.34523809523809523
0.3513157894736842,0.256140350877193,0.0456140350877193,0.34692982456140353
0.35188431200701137,0.2589833479404032,0.04513584574934268,0.34399649430324275
0.3512323943661972,0.2566021126760563,0.04621478873239437,0.3459507042253521
0.3502202643171806,0.25682819383259914,0.04361233480176212,0.34933920704845817
0.3550531914893617,0.25398936170212766,0.04521276595744681,0.34574468085106386
0.35894039735099337,0.2507726269315673,0.04194260485651214,0.3483443708609272
0.352317880794702,0.24724061810154527,0.04326710816777042,0.35717439293598235
0.35623073535887273,0.24658740642888596,0.04007045354469397,0.3571114046675473
0.3479596314172883,0.24659938569548048,0.0434401053093462,0.362000877577885
0.3531746031746032,0.23897707231040563,0.0427689594356261,0.36507936507936506
0.3526824978012313,0.24274406332453827,0.04617414248021108,0.35839929639401935
0.354796320630749,0.24660534384581692,0.04555409548839247,0.3530442400350416
0.3576158940397351,0.24724061810154527,0.04415011037527594,0.3509933774834437
0.35904255319148937,0.2495567375886525,0.044326241134751775,0.3470744680851064
0.36391571553994734,0.24802458296751537,0.04433713784021071,0.3437225636523266
0.3623954205195949,0.2509907529722589,0.04667547335975341,0.33993835314839277
0.36117184083952775,0.2505465675557499,0.047660690861390465,0.3406209007433319
0.3615992970123023,0.24868189806678384,0.04657293497363796,0.3431458699472759
0.3589515770768547,0.24744557974233675,0.047534429142603286,0.34606841403820526
0.35809018567639256,0.2453580901856764,0.04730327144120248,0.34924845269672855
0.36359629792860293,0.25165271044513,0.045835169678272364,0.3389158219479947
0.3631971892841458,0.24549846288976723,0.048748353096179184,0.3425559947299078
0.3644484144707459,0.24653863331844572,0.05180884323358642,0.337204108977222
0.3709964412811388,0.24555160142348753,0.05204626334519573,0.33140569395017794
0.36897923110914715,0.23862129916040653,0.0547945205479452,0.3376049491825011
0.37247141600703604,0.23922603342128407,0.055848724714160074,0.3324538258575198
0.36479367866549606,0.24100087796312555,0.05794556628621598,0.3362598770851624
0.3679120879120879,0.24615384615384617,0.05758241758241758,0.3283516483516484
0.3623954205195949,0.24702774108322326,0.062087186261558784,0.3284896521356231
0.36611062335381916,0.247585601404741,0.05926251097453907,0.3270412642669008
0.36933333333333335,0.25066666666666665,0.059111111111111114,0.3208888888888889
0.3678665496049166,0.2537313432835821,0.058823529411764705,0.31957857769973663
0.36876929863255403,0.2514336127040141,0.05910895456550507,0.3206881340979268
0.36872501110617506,0.25322079075966236,0.05952909817858729,0.3185250999555753
0.36484098939929327,0.2508833922261484,0.060954063604240286,0.32332155477031804
0.36423841059602646,0.24415011037527592,0.06357615894039735,0.3280353200883002
0.3671943711521548,0.25021987686895336,0.06244503078276165,0.3201407211961302
0.36856010568031705,0.24658740642888596,0.06296785557023338,0.32188463232056364
0.3644818423383525,0.24977856510186006,0.0633303808680248,0.3224092116917626
0.371529308065227,0.25165271044513,0.05993829881004848,0.31687968267959454
0.37330415754923413,0.2551422319474836,0.05601750547045952,0.31553610503282276
0.3712522045855379,0.25573192239858905,0.05423280423280423,0.3187830687830688
0.37825894829871853,0.2540874944763588,0.0547945205479452,0.31285903667697745
0.3723076923076923,0.2562637362637363,0.05978021978021978,0.31164835164835164
0.374173644777435,0.2622300572939621,0.05905685323931247,0.30453944468929045
0.3763111888111888,0.25743006993006995,0.05856643356643357,0.3076923076923077
0.37785588752196836,0.25746924428822493,0.05975395430579965,0.30492091388400705
0.3764861294583884,0.2523117569352708,0.05812417437252312,0.3130779392338177
0.38135218736190896,0.24613345117101193,0.0618647812638091,0.31064958020327
0.37735849056603776,0.2479157525230364,0.060991663010092144,0.3137340939008337
0.3815615350683723,0.2439347154830172,0.05955006616674018,0.3149536832818703
0.3818342151675485,0.24867724867724866,0.05511463844797178,0.31437389770723106
0.3838695460555311,0.24724548259145,0.05509034817100044,0.3137946231820185
0.37212389380530975,0.24778761061946902,0.05486725663716814,0.3252212389380531
0.3723923657345761,0.24545051043053706,0.056813138038171326,0.3253439857967155
0.37566137566137564,0.24250440917107582,0.05335097001763668,0.32848324514991184
0.37841409691629957,0.24140969162995596,0.05286343612334802,0.3273127753303965
0.38164251207729466,0.24286341677646026,0.052700922266139656,0.3227931488801054
0.38237885462555066,0.24361233480176211,0.05462555066079295,0.31938325991189426
0.38678414096916297,0.24361233480176211,0.055947136563876655,0.3136563876651982
0.3815155497152869,0.24704336399474375,0.05781865965834428,0.31362242663162504
0.38719646799116997,0.24282560706401765,0.05739514348785872,0.3125827814569536
0.3866138265081462,0.23557904007045355,0.059445178335535004,0.31836195508586523
0.38675496688741723,0.23620309050772628,0.05827814569536424,0.31876379690949225
0.39097744360902253,0.23087129588677577,0.05661211853162318,0.3215391419725785
0.39204545454545453,0.23382867132867133,0.055944055944055944,0.3181818181818182
0.39225289403383795,0.23285841495992876,0.05565449688334818,0.3192341941228851
0.3868258178603006,0.23165340406719717,0.054376657824933686,0.3271441202475685
0.389326334208224,0.23403324584426946,0.05380577427821522,0.3228346456692913
0.3871527777777778,0.2378472222222222,0.055121527777777776,0.3198784722222222
0.3802878325337985,0.2398604448320977,0.054949847361535104,0.3249018752725687
0.3827751196172249,0.234884732492388,0.056111352762070466,0.32622879512831665
0.3859030837004405,0.2356828193832599,0.05638766519823789,0.32202643171806167
0.3844797178130511,0.23809523809523808,0.05423280423280423,0.32319223985890655
0.38492063492063494,0.23633156966490299,0.05423280423280423,0.32451499118165783
0.37384412153236457,0.23954205195948922,0.05592250110083664,0.33069132540730956
0.3700787401574803,0.24234470691163604,0.05599300087489064,0.331583552055993
0.377945753668297,0.23076923076923078,0.055135615829257446,0.3361493997332148
0.3776192599197503,0.2336156932679447,0.055283102987070884,0.33348194382523405
0.37815126050420167,0.24148606811145512,0.05174701459531181,0.32861565678903143
0.374777183600713,0.23885918003565063,0.05303030303030303,0.3333333333333333
0.3761508110477861,0.2354230600613766,0.05611573871109163,0.33231039017974573
0.37200174443959877,0.23724378543392935,0.05843872655909289,0.332315743567379
0.3742249778565102,0.23604960141718334,0.060673162090345435,0.32905225863596105
0.3689277899343545,0.24113785557986872,0.06389496717724288,0.32603938730853393
0.3705337450374945,0.22981914424349362,0.06219673577415086,0.3374503749448611
0.36874183717892905,0.2350892468437092,0.06399651719634306,0.33217239878101873
0.36512866015971607,0.23203194321206744,0.06299911268855368,0.3398402839396628
0.3699294532627866,0.22883597883597884,0.06349206349206349,0.3377425044091711
0.3684907325684025,0.2263901147396293,0.0648720211827008,0.34024713150926744
0.369916921731526,0.22431132487975514,0.06733712286838653,0.3384346305203323
0.3752204585537919,0.22354497354497355,0.06393298059964726,0.3373015873015873
0.3717553893532776,0.22393312802463705,0.06379234491860977,0.3405191377034756
0.37985865724381623,0.22570671378091872,0.0636042402826855,0.3308303886925795
0.381858407079646,0.2243362831858407,0.061504424778761065,0.3323008849557522
0.3845474613686534,0.22339955849889626,0.058719646799116995,0.3333333333333333
0.38441330998248685,0.2276707530647986,0.06085814360770578,0.32705779334500873
0.38120567375886527,0.2247340425531915,0.06648936170212766,0.3275709219858156
0.38317757009345793,0.22474410324877614,0.06141522029372497,0.33066310636404095
0.380806310254163,0.22743207712532865,0.05959684487291849,0.33216476774758985
0.38319401671799386,0.225692916849978,0.05807303123625165,0.3330400351957765
0.38769230769230767,0.22153846153846155,0.05978021978021978,0.330989010989011
0.38667251205611575,0.22314774221832528,0.06006137658921526,0.3301183691363437
0.39118825100133514,0.22741433021806853,0.05785491766800178,0.3235425011125946
0.39010507880910683,0.22985989492119088,0.05823117338003503,0.32180385288966723
0.38893844781445136,0.22747546833184656,0.056199821587867974,0.32738626226583406
0.387817703768624,0.22480280455740578,0.05828220858895705,0.3290972830850131
0.38363954505686787,0.22484689413823272,0.05774278215223097,0.3337707786526684
0.38417329796640143,0.21927497789566755,0.0605658709106985,0.3359858532272325
0.3895015438906043,0.21305690339655933,0.05866784296426996,0.3387737097485664
0.38756613756613756,0.21781305114638447,0.0564373897707231,0.33818342151675485
0.38276465441819774,0.2226596675415573,0.0542432195975503,0.34033245844269466
0.3797634691195795,0.22163819535698642,0.05431449846692948,0.3442838370565046
0.3839050131926121,0.21943711521547934,0.055848724714160074,0.34080914687774844
0.3873114463176575,0.21960958296362024,0.05634427684117125,0.336734693877551
0.3853849499782514,0.2231404958677686,0.05698129621574598,0.33449325793823403
0.3854625550660793,0.21762114537444935,0.05418502202643172,0.34273127753303967
0.3879272081668886,0.20949844651575678,0.05503772747447847,0.34753661784287615
0.39867549668874175,0.20750551876379691,0.053863134657836646,0.33995584988962474
0.4021257750221435,0.21036315323294952,0.05181576616474756,0.3356953055801594
0.3963684676705049,0.21479185119574845,0.05270150575730735,0.3361381753764393
0.39720034995625547,0.21478565179352582,0.049868766404199474,0.33814523184601925
0.4007971656333038,0.2112488928255093,0.05093002657218778,0.33702391496899914
0.3972296693476318,0.2158176943699732,0.04825737265415549,0.3386952636282395
0.39136183340678715,0.2124283825473777,0.049801674746584396,0.34640810929925075
0.3859030837004405,0.20837004405286344,0.051982378854625554,0.3537444933920705
0.37743362831858407,0.2172566371681416,0.05176991150442478,0.35353982300884956
0.3810160427807487,0.21212121212121213,0.05169340463458111,0.3551693404634581
0.376377258704275,0.2146319964742177,0.05244601145879242,0.35654473336271486
0.3758300132802125,0.21558211598052235,0.053563523683045594,0.35502434705621955
0.3839050131926121,0.2102022867194371,0.05408970976253298,0.3518029903254178
0.3830734966592428,0.2155902004454343,0.058351893095768374,0.3429844097995546
0.3813298106560986,0.21400264200792601,0.057243505063848524,0.3474240422721268
0.3847494553376906,0.22309368191721132,0.05664488017429194,0.3355119825708061
0.38279192273924495,0.22168568920105355,0.05750658472344162,0.33801580333625986
0.38122520934332305,0.2115469369766417,0.05729396209784046,0.3499338915821948
0.3803493449781659,0.21222707423580786,0.06157205240174673,0.34585152838427946
0.38227513227513227,0.20899470899470898,0.06040564373897707,0.34832451499118167
0.38451443569553806,0.20909886264216973,0.06080489938757655,0.3455818022747157
0.38043001316366826,0.21632294866169371,0.060114085125054846,0.34313295304958313
0.38350785340314136,0.20767888307155322,0.061518324607329845,0.3472949389179756
0.3844463971880492,0.21133567662565905,0.06063268892794376,0.343585237258348
0.38221047996477325,0.21268163804491413,0.05856450902686042,0.3465433729634522
0.3834782608695652,0.20869565217391303,0.06391304347826086,0.34391304347826085
0.3854674346477625,0.2060256978289765,0.06247230837394772,0.34603455914931325
0.39379157427937916,0.2031042128603104,0.05942350332594235,0.3436807095343681
0.3896386591205921,0.20330866347409665,0.05703090988245538,0.3500217675228559
0.39849955869373344,0.2003530450132392,0.05516328331862312,0.34598411297440423
0.404320987654321,0.1970899470899471,0.05952380952380952,0.3390652557319224
0.4021881838074398,0.19956236323851204,0.05908096280087528,0.33916849015317285
0.4009747452370403,0.20115197164377493,0.057155516171909615,0.3407177669472751
0.40645731977001326,0.20212295444493586,0.05218929677134011,0.33923042901371075
0.4124616059675296,0.19833260201842914,0.051777095217200524,0.33742869679684073
0.411293908403735,0.19831036016007114,0.04802134281903068,0.3423743886171632
0.40844444444444444,0.19866666666666666,0.04755555555555555,0.3453333333333333
0.411660777385159,0.19832155477031801,0.04549469964664311,0.34452296819787986
0.40724574421649934,0.19816673941510257,0.04364906154517678,0.3509384548232213
0.40645731977001326,0.19902697921273774,0.04290137107474569,0.3516143299425033
0.4074239713774597,0.19230769230769232,0.04427549194991055,0.3559928443649374
0.41495992876224397,0.19323241317898487,0.0458593054318789,0.3459483526268923
0.4169626998223801,0.19538188277087035,0.04440497335701599,0.3432504440497336
0.4203598069328653,0.19569986836331724,0.045634050021939446,0.338306274681878
0.4154315605928509,0.1983435047951177,0.04838709677419355,0.33783783783783783
0.4208916083916084,0.19536713286713286,0.05113636363636364,0.3326048951048951
0.4174757281553398,0.19461606354810237,0.05648720211827008,0.33142100617828774
0.41264927023440956,0.1959310039805396,0.055285272003538256,0.33613445378151263
0.41031291317761126,0.1974438078448656,0.05420890260026443,0.3380343763772587
0.4143744454303461,0.19831410825199644,0.05456965394853593,0.33274179236912155
0.4057142857142857,0.2043956043956044,0.05406593406593407,0.33582417582417584
0.4074237737516571,0.20592134334953602,0.052585064074237735,0.33406981882456915
0.41692375495813133,0.1978845306302336,0.055531070956368445,0.32966064345526663
0.4182139699381079,0.1931918656056587,0.05570291777188329,0.3328912466843501
0.425317564607972,0.19491896627244854,0.053438458169075775,0.3263250109505037
0.4235190097259063,0.1958443854995579,0.05614500442086649,0.3244916003536693
0.4276315789473684,0.1969298245614035,0.05175438596491228,0.3236842105263158
0.4263803680981595,0.2002629272567923,0.05083260297984225,0.32252410166520595
0.42465156794425085,0.1990418118466899,0.051829268292682924,0.32447735191637633
0.42159040426477123,0.20568636161705908,0.05286539315859618,0.31985784095957354
0.42724867724867727,0.2019400352733686,0.05114638447971781,0.31966490299823636
0.42749445676274944,0.20044345898004434,0.04878048780487805,0.3232815964523282
0.4295805739514349,0.20794701986754968,0.046357615894039736,0.3161147902869757
0.4280070237050044,0.21202809482001755,0.04697102721685689,0.31299385425812115
0.4271887373515178,0.214694236691597,0.046194456665200175,0.311922569291685
0.4295272078501338,0.21543264942016058,0.04192685102586976,0.31311329170383584
0.4252212389380531,0.2163716814159292,0.04292035398230089,0.3154867256637168
0.4316069057104914,0.217352810978309,0.0451527224435591,0.3058875608676406
0.42654238792720817,0.21793164669329781,0.04349755881047492,0.3120284065690191
0.42694164107064503,0.2198332602018429,0.0443176831943835,0.30890741553312856
0.4223794781070323,0.22291021671826625,0.0437859354268023,0.31092436974789917
0.42417582417582417,0.22065934065934065,0.04395604395604396,0.3112087912087912
0.4211224038886434,0.22315510384445428,0.04639858594785683,0.3093239063190455
0.4183092422251424,0.22426631625054752,0.04424003504161191,0.3131844064826982
0.4160808435852373,0.22231985940246046,0.04745166959578207,0.3141476274165202
0.4236172080772608,0.22388059701492538,0.04477611940298507,0.3077260755048288
0.422739244951712,0.21905179982440737,0.04697102721685689,0.3112379280070237
0.4224364592462752,0.22392638036809817,0.04557405784399649,0.30806310254163016
0.42218325295922843,0.22183252959228408,0.04515563349408154,0.31082858395440593
0.4278695846359982,0.22286735149620365,0.045556051808843236,0.3037070120589549
0.425764192139738,0.22096069868995633,0.048034934497816595,0.3052401746724891
0.4321959755030621,0.2204724409448819,0.049431321084864394,0.2979002624671916
0.43459174714661986,0.2221246707638279,0.046532045654082525,0.2967515364354697
0.43733567046450483,0.21647677475898336,0.047765118317265556,0.29842243645924627
0.43361270401411556,0.2223202470224967,0.04631671812968681,0.29775033083370095
0.4248567650947554,0.2269722344645218,0.05332745702952843,0.29484354341119434
0.42418930762489043,0.2252410166520596,0.056091148115687994,0.294478527607362
0.42661965623622744,0.22036139268400176,0.06081974438078449,0.29219920669898636
0.4216549295774648,0.21875,0.0625,0.2970950704225352
0.42706037902159544,0.21639488761568973,0.0625826355222565,0.29396209784045835
0.4248567650947554,0.21859850154252974,0.05993829881004848,0.2966064345526664
0.432408630559225,0.2188463232056363,0.05812417437252312,0.2906208718626156
0.4356043956043956,0.21802197802197804,0.058021978021978025,0.28835164835164834
0.43231441048034935,0.211353711790393,0.05982532751091703,0.2965065502183406
0.4352992957746479,0.21566901408450703,0.061179577464788734,0.2878521126760563
0.42882172579938677,0.21944809461235218,0.060884800700832235,0.29084537888742884
0.4320879120879121,0.2210989010989011,0.05934065934065934,0.2874725274725275
0.43207712532865905,0.21647677475898336,0.05959684487291849,0.2918492550394391
0.42794182459233143,0.21947994711326577,0.06170118995152049,0.2908770383428823
0.417910447761194,0.22388059701492538,0.06277436347673397,0.29543459174714665
0.4191985909291061,0.22236900044033464,0.06428885953324527,0.29414354909731394
0.41895482728077943,0.22586359610274578,0.0633303808680248,0.29185119574845
0.42592592592592593,0.22707231040564374,0.06525573192239859,0.28174603174603174
0.42724867724867727,0.22663139329805995,0.06746031746031746,0.2786596119929453
0.42951541850220265,0.22555066079295155,0.06519823788546256,0.27973568281938327
0.4352580927384077,0.22484689413823272,0.06692913385826772,0.27296587926509186
0.4300745287154757,0.23016220955721176,0.06444541867601929,0.2753178430512933
0.43275109170305676,0.22838427947598253,0.06462882096069869,0.274235807860262
0.42542894852617685,0.23625164980202376,0.062032556093268805,0.27628684557853056
0.4281926646045073,0.23243482103402563,0.06363234644277507,0.275740167918692
0.4233318603623509,0.2328767123287671,0.06098099867432612,0.2828104286345559
0.43008381120423467,0.22717247463608292,0.06307895897662108,0.27966475518306133
0.4214031971580817,0.22868561278863234,0.06127886323268206,0.2886323268206039
0.42567269519188355,0.22761358623731803,0.055580061755624174,0.2911336568151742
0.4230430958663149,0.22867194371152155,0.055848724714160074,0.29243623570800353
0.4224857268335529,0.22793148880105402,0.05357927097057532,0.29600351339481773
0.4251101321585903,0.2356828193832599,0.05330396475770925,0.28590308370044054
0.42806707855251547,0.23389232127096204,0.05339805825242718,0.2846425419240953
0.4335540838852097,0.2326710816777042,0.052980132450331126,0.280794701986755
0.4344552701505757,0.22719220549158547,0.05093002657218778,0.28742249778565104
0.43612334801762115,0.22466960352422907,0.052422907488986786,0.286784140969163
0.4349736379613357,0.22451669595782073,0.054042179261862916,0.28646748681898065
0.43136383829409153,0.22079075966237227,0.05330964015992892,0.2945357618836073
0.4293809938971229,0.22188317349607672,0.05710549258936356,0.2916303400174368
0.440423654015887,0.21932921447484555,0.05560458958517211,0.2846425419240953
0.44024604569420034,0.2139718804920914,0.06063268892794376,0.2851493848857645
0.43703378674857396,0.22027204914436158,0.05835892935498026,0.2843352347520842
0.43897122929380994,0.22144725370531823,0.05797733217088056,0.2816041848299913
0.4400532859680284,0.21580817051509768,0.06216696269982238,0.28197158081705154
0.44248567650947557,0.21903922432789774,0.06346408109299251,0.2750110180696342
0.43744454303460517,0.21694764862466726,0.0616681455190772,0.2839396628216504
0.4371152154793316,0.2102022867194371,0.0633245382585752,0.28935795954265614
0.43783068783068785,0.20943562610229277,0.062169312169312166,0.29056437389770723
0.4326241134751773,0.21409574468085107,0.06515957446808511,0.28812056737588654
0.433377600708278,0.2151394422310757,0.06418769366976539,0.2872952633908809
0.4450892857142857,0.209375,0.06473214285714286,0.28080357142857143
0.44439579684763575,0.20884413309982486,0.0617338003502627,0.2850262697022767
0.44675209898365004,0.2072470172337605,0.06407423773751657,0.2819266460450729
0.4435127978817299,0.20785525154457193,0.06575463371579876,0.2828773168578994
0.45050593928728555,0.20325560932688078,0.06687197536295644,0.27936647602287723
0.44527145359019266,0.20140105078809106,0.06830122591943957,0.2850262697022767
0.43626806833114323,0.20718353044240034,0.0657030223390276,0.29084537888742884
0.43579595426561124,0.20932277924362358,0.06596306068601583,0.28891820580474936
0.44664031620553357,0.20641194554238032,0.06675450153711024,0.28019323671497587
0.44395796847635727,0.20665499124343256,0.06786339754816112,0.28152364273204905
0.44263736263736264,0.21142857142857144,0.06417582417582418,0.28175824175824177
0.434705621956618,0.2129260734838424,0.06684373616644533,0.2855245683930943
0.4384344766930519,0.2102022867194371,0.06200527704485488,0.28935795954265614
0.4401766004415011,0.20264900662251656,0.06710816777041943,0.2900662251655629
0.43624454148471614,0.20873362445414848,0.06331877729257641,0.29170305676855895
0.4348392701998262,0.20721112076455256,0.06255430060816682,0.2953953084274544
0.43012625163256424,0.2020026121027427,0.06443186765346104,0.30343926861123205
0.4377738825591586,0.203330411919369,0.06310254163014899,0.2957931638913234
0.4406926406926407,0.20735930735930735,0.06103896103896104,0.2909090909090909
0.4411116012351125,0.20379355977062197,0.06484340538156154,0.290251433612704
0.44049187527448397,0.20377689942907334,0.06324110671936758,0.2924901185770751
0.43374558303886923,0.21024734982332155,0.06404593639575971,0.2919611307420495
0.43340659340659343,0.210989010989011,0.06197802197802198,0.2936263736263736
0.43441901408450706,0.20598591549295775,0.061619718309859156,0.29797535211267606
0.4361938639395287,0.2072032014228546,0.06269453090262339,0.29390840373499333
0.433761630482942,0.2095702259636686,0.05848471422241914,0.2981834293309703
0.4433126660761736,0.20903454384410983,0.058015943312666074,0.2896368467670505
0.43655723158828746,0.21517302573203195,0.05856255545696539,0.28970718722271516
0.44043956043956045,0.20835164835164835,0.05978021978021978,0.2914285714285714
0.44035087719298244,0.20789473684210527,0.06403508771929825,0.28771929824561404
0.4474966770048737,0.20558263181214,0.06424457244129375,0.2826761187416925
0.4379172229639519,0.210057854917668,0.06186025812194036,0.2901646639964397
0.4386042402826855,0.20936395759717313,0.05962897526501767,0.2924028268551237
0.4386042402826855,0.21201413427561838,0.055212014134275615,0.2941696113074205
0.43733451015004415,0.20962047661076788,0.05736981465136805,0.29567519858781993
0.4396818382677861,0.2054794520547945,0.0547945205479452,0.30004418912947417
0.4372523117569353,0.20783795684720388,0.054601497137824744,0.3003082342580361
0.43333333333333335,0.21644444444444444,0.05333333333333334,0.29688888888888887
0.42913558578323824,0.2088635366388767,0.05221588415971917,0.30978499341816584
0.4336555360281195,0.21309314586994726,0.054481546572934976,0.29876977152899825
0.42800528401585203,0.22060766182298547,0.05856450902686042,0.29282254513430206
0.432,0.21822222222222223,0.05466666666666667,0.2951111111111111
0.43614670790985416,0.21696862571807335,0.052585064074237735,0.29429960229783475
0.4361562088635366,0.22071083808688022,0.05397103992979377,0.2891619131197894
0.43522178304787,0.22002635046113306,0.05753184014053579,0.2872200263504611
0.43736263736263736,0.2145054945054945,0.05582417582417582,0.2923076923076923
0.437636761487965,0.212253829321663,0.05733041575492341,0.29277899343544855
0.44273127753303965,0.20484581497797358,0.06255506607929516,0.28986784140969163
0.4532627865961199,0.20149911816578484,0.059964726631393295,0.28527336860670194
0.4508340649692713,0.20017559262510976,0.06233538191395961,0.28665496049165934
0.44661921708185054,0.20640569395017794,0.06005338078291815,0.28692170818505336
0.445326278659612,0.2019400352733686,0.06261022927689594,0.29012345679012347
0.44967032967032966,0.20351648351648352,0.06065934065934066,0.28615384615384615
0.4446922390722569,0.21008028545941124,0.056199821587867974,0.28902765388046386
0.4553846153846154,0.20483516483516484,0.055384615384615386,0.2843956043956044
