R,A,S,N
0.0,0.0,0.0,1.0
0.5,0.0,0.0,0.5
0.3333333333333333,0.6666666666666666,0.0,0.0
0.2,0.4,0.4,0.0
0.25,0.25,0.25,0.25
0.23076923076923078,0.3076923076923077,0.23076923076923078,0.23076923076923078
0.2222222222222222,0.2777777777777778,0.2777777777777778,0.2222222222222222
0.18181818181818182,0.2727272727272727,0.3181818181818182,0.22727272727272727
0.17391304347826086,0.2608695652173913,0.2608695652173913,0.30434782608695654
0.17857142857142858,0.21428571428571427,0.2857142857142857,0.32142857142857145
0.11428571428571428,0.22857142857142856,0.34285714285714286,0.3142857142857143
0.15384615384615385,0.3076923076923077,0.28205128205128205,0.2564102564102564
0.14285714285714285,0.3333333333333333,0.23809523809523808,0.2857142857142857
0.16981132075471697,0.33962264150943394,0.22641509433962265,0.2641509433962264
0.23076923076923078,0.3384615384615385,0.16923076923076924,0.26153846153846155
0.2235294117647059,0.32941176470588235,0.16470588235294117,0.2823529411764706
0.22448979591836735,0.32653061224489793,0.17346938775510204,0.2755102040816326
0.2396694214876033,0.3140495867768595,0.1652892561983471,0.2809917355371901
0.22875816993464052,0.3137254901960784,0.1503267973856209,0.30718954248366015
0.24867724867724866,0.30158730158730157,0.1164021164021164,0.3333333333333333
0.23148148148148148,0.30092592592592593,0.1111111111111111,0.35648148148148145
0.23846153846153847,0.3192307692307692,0.10384615384615385,0.3384615384615385
0.2403846153846154,0.3076923076923077,0.11538461538461539,0.33653846153846156
0.25271739130434784,0.30978260869565216,0.10326086956521739,0.3342391304347826
0.27380952380952384,0.3,0.1,0.3261904761904762
0.2711864406779661,0.2838983050847458,0.11016949152542373,0.3347457627118644
0.2641509433962264,0.27735849056603773,0.12075471698113208,0.33773584905660375
0.26700680272108845,0.282312925170068,0.10884353741496598,0.34183673469387754
0.2739938080495356,0.28173374613003094,0.10835913312693499,0.33591331269349844
0.2809457579972184,0.2865090403337969,0.1070931849791377,0.325452016689847
0.29389312977099236,0.27735368956743,0.10687022900763359,0.32188295165394404
0.29849012775842043,0.2857142857142857,0.09639953542392567,0.31939605110336816
0.29562433297758806,0.2753468516542156,0.10352187833511206,0.3255069370330843
0.2966601178781925,0.27013752455795675,0.10609037328094302,0.32711198428290766
0.3016605166051661,0.2656826568265683,0.1088560885608856,0.3238007380073801
0.3055555555555556,0.25084175084175087,0.10858585858585859,0.335016835016835
0.30738993710691825,0.2617924528301887,0.10455974842767296,0.32625786163522014
0.3135095447870778,0.2577092511013216,0.09838472834067548,0.3303964757709251
0.32044198895027626,0.25,0.09944751381215469,0.3301104972375691
0.326758711374096,0.24786324786324787,0.10059171597633136,0.3247863247863248
0.33562071116656267,0.2464129756706176,0.09544603867747972,0.32252027448534
0.3317422434367542,0.24701670644391407,0.09725536992840096,0.32398568019093077
0.3384615384615385,0.23988603988603988,0.10028490028490028,0.3213675213675214
0.34084661902144037,0.23309510720175922,0.1011544804837823,0.32490379329301816
0.34243697478991597,0.23266806722689076,0.09821428571428571,0.32668067226890757
0.3452502553626149,0.22625127681307455,0.10010214504596528,0.32839632277834524
0.34765625,0.23486328125,0.0947265625,0.32275390625
0.3553444180522565,0.23135391923990498,0.09168646080760096,0.3216152019002375
0.354382657869934,0.22148916116870876,0.08906691800188501,0.3350612629594722
0.35539102267468764,0.23044886626561778,0.0879222582137899,0.3262378528459047
0.35694572217111314,0.22723091076356947,0.0906163753449862,0.3252069917203312
0.3607451158564289,0.22035438437074056,0.08677873693775556,0.33212176283507494
0.36573236889692584,0.2179023508137432,0.08499095840867993,0.33137432188065097
0.3601446000903751,0.2209670131043832,0.087663804789878,0.33122458201536376
0.368705035971223,0.21807553956834533,0.08767985611510791,0.3255395683453237
0.3732014388489209,0.2158273381294964,0.08588129496402877,0.32508992805755393
0.37642239417387346,0.20710059171597633,0.08784706417842512,0.32862994993172506
0.37545454545454543,0.20681818181818182,0.08590909090909091,0.33181818181818185
0.3726541554959786,0.2068811438784629,0.08757819481680071,0.33288650580875784
0.3840217884702678,0.20108942351339082,0.08896958692691784,0.3259192010894235
0.38191632928475033,0.1970310391363023,0.09266756635177688,0.3283850652271705
0.3808443032228779,0.20335905583295505,0.08896958692691784,0.3268270540172492
0.38499550763701706,0.20080862533692723,0.0876010781671159,0.3265947888589398
0.38530066815144765,0.20044543429844097,0.08864142538975502,0.3256124721603563
0.39282511210762333,0.1914798206278027,0.08968609865470852,0.32600896860986545
0.3996423781850693,0.18730442556995977,0.08627626285203398,0.32677693339293695
0.3907581875280395,0.18932256617317184,0.08524001794526694,0.33467922835352176
0.3920250896057348,0.18593189964157705,0.08512544802867383,0.33691756272401435
0.39649753030983387,0.18994162550516389,0.07813201616524472,0.33542882801975754
0.38873994638069703,0.18856121537086684,0.08221626452189455,0.34048257372654156
0.39316239316239315,0.18173639226270805,0.08412055780476833,0.34098065677013045
0.39793629430237776,0.17900403768506057,0.08075370121130551,0.3423059668012562
0.40541740674955595,0.17939609236234458,0.07992895204262877,0.3352575488454707
0.4031390134529148,0.18206278026905828,0.07623318385650224,0.33856502242152464
0.41408703454463885,0.17048003589053387,0.0762673844773441,0.3391655450874832
0.42102867546654527,0.1665908056440601,0.07328174783796086,0.33909877105143377
0.4220430107526882,0.1581541218637993,0.07078853046594982,0.34901433691756273
0.4268402154398564,0.15439856373429084,0.07046678635547576,0.348294434470377
0.4218540080609046,0.15763546798029557,0.06672637707120466,0.3537841468875952
0.42384993300580615,0.15899955337204108,0.06610093791871371,0.35104957570343903
0.42444444444444446,0.16,0.06444444444444444,0.3511111111111111
0.42920353982300885,0.1588495575221239,0.059734513274336286,0.35221238938053095
0.4281263907432132,0.15398308856252782,0.060970182465509566,0.35692033822874947
0.43800178412132024,0.15165031222123104,0.05798394290811775,0.35236396074933096
0.4403547671840355,0.14988913525498893,0.06119733924611973,0.3485587583148559
0.4504664593513994,0.1505997334517992,0.05952909817858729,0.3394047090182141
0.45573622402890696,0.14724480578139115,0.06052393857271906,0.33649503161698285
0.4587443946188341,0.14618834080717488,0.05560538116591928,0.33946188340807176
0.4682645361739902,0.13981358189081225,0.0559254327563249,0.3359964491788726
0.4590017825311943,0.14928698752228164,0.057932263814616754,0.33377896613190733
0.46769091730682333,0.149118843199277,0.06235878897424311,0.32083145051965656
0.46497099509147705,0.1499330655957162,0.06291834002677377,0.322177599286033
0.4606791778373548,0.14968722073279714,0.064343163538874,0.32529043789097406
0.46278026905829595,0.14798206278026907,0.06233183856502242,0.32690582959641257
0.4658329611433676,0.14426083072800358,0.0611880303707012,0.32871817775792767
0.47438752783964366,0.14209354120267262,0.058351893095768374,0.32516703786191536
0.47712127943136384,0.14127054642381165,0.05553087516659263,0.3260772989782319
0.4767233661593554,0.1432408236347359,0.05595344673231871,0.32408236347359
0.4758956214064573,0.14241486068111456,0.054400707651481646,0.32728881026094647
0.48149799375835933,0.14177440927329468,0.051270619705751225,0.32545697726259476
0.4852809991079393,0.14272970561998216,0.05129348795718109,0.3206958073148974
0.48544558889386474,0.14017017465293327,0.05194805194805195,0.32243618450515005
0.4899148363962349,0.13581353653070372,0.05154639175257732,0.3227252353204841
0.4941860465116279,0.13640429338103757,0.04740608228980322,0.3220035778175313
0.49684400360685305,0.13525698827772767,0.045536519386834985,0.3223624887285843
0.4989001319841619,0.1293444786625605,0.046194456665200175,0.32556093268807745
0.5002219263204616,0.12694185530403906,0.045272969374167776,0.32756324900133155
0.503779457536683,0.12939084037349932,0.04490884837705647,0.32192085371276125
0.5042966983265491,0.12709181365897784,0.04568068747173225,0.3229308005427408
0.5064818953956192,0.12650871703173894,0.04604380867232901,0.3209655789003129
0.5055778670236502,0.1285140562248996,0.04506916555109326,0.32083891120035696
0.5149620366234926,0.12639571237159447,0.047342563644484144,0.3112996873604288
0.5144637294170005,0.12639074321317312,0.045838896306186025,0.31330663106364043
0.51295799821269,0.1264521894548704,0.04423592493297587,0.3163538873994638
0.5166444740346205,0.12738570794496226,0.04349755881047492,0.3124722592099423
0.5216614560071461,0.1272889682894149,0.04376953997320232,0.3072800357302367
0.518800358102059,0.12309758281110117,0.045210384959713516,0.3128916741271262
0.5200534759358288,0.12344028520499109,0.04500891265597148,0.3114973262032086
0.5163164953062137,0.11890925346446134,0.047384890478319175,0.3173893607510058
0.5193075898801598,0.11673324456280515,0.0461606746560142,0.31779849090102086
0.5283102987070887,0.11145786892554614,0.04681230494872938,0.31341952741863577
0.538325210456358,0.10367744793974303,0.04519273371732388,0.3128046078865751
0.5349044019564251,0.10004446420631392,0.04490884837705647,0.3201422854602045
0.5425909494232476,0.09494232475598935,0.04525288376220053,0.31721384205856257
0.5441306266548985,0.09046778464254192,0.04501323918799647,0.32038834951456313
0.5482300884955752,0.08849557522123894,0.04380530973451328,0.31946902654867254
0.5470614228899691,0.09147149801148917,0.04286345558992488,0.3186036235086169
0.5460204535349044,0.09070698088039128,0.041351711871943087,0.32192085371276125
0.5513105286539316,0.09329187027987561,0.040870724122612175,0.3145268769435806
0.5583370585605721,0.09476978095663835,0.037103263299061245,0.3097898971837282
0.5564516129032258,0.09005376344086022,0.04121863799283154,0.31227598566308246
0.5589421783953384,0.08695652173913043,0.04168534289556253,0.3124159569699686
0.5650821856952466,0.0844069302532208,0.043536206130608615,0.30697467792092403
0.5714285714285714,0.08348214285714285,0.04375,0.3013392857142857
0.5701058201058201,0.07848324514991181,0.0445326278659612,0.30687830687830686
0.5699734278122232,0.07573073516386182,0.04738706820194863,0.3069087688219663
0.5773651635720601,0.07515473032714412,0.04553492484526967,0.3019451812555261
0.579155672823219,0.07299912049252419,0.044415127528583995,0.3034300791556728
0.5755684351315203,0.0722246990637539,0.049487293802942485,0.30271957200178334
0.5770419426048565,0.07196467991169977,0.046799116997792496,0.30419426048565124
0.5814469596094097,0.07856191744340879,0.04660452729693742,0.2933865956502441
0.576,0.08044444444444444,0.04622222222222222,0.29733333333333334
0.5819635717458908,0.07952021323856064,0.043980453131941356,0.2945357618836073
0.5815289438798056,0.07998232434821034,0.04595669465311533,0.29253203711886877
0.5833701901813357,0.08093763821318001,0.043343653250773995,0.2923485183547103
0.5882094148702156,0.08446986361636603,0.04135503739551254,0.28596568411790585
0.5878438331854481,0.08385093167701864,0.04392191659272405,0.28438331854480925
0.5906666666666667,0.08044444444444444,0.04533333333333334,0.28355555555555556
0.5965456155890169,0.08370239149689991,0.042515500442869794,0.27723649247121346
0.6,0.07973568281938326,0.04185022026431718,0.27841409691629954
0.6003536693191865,0.08045977011494253,0.038461538461538464,0.2807250221043324
0.6025641025641025,0.07692307692307693,0.03934571175950486,0.28116710875331563
0.6046923417441346,0.0796812749003984,0.038955289951305885,0.27667109340416113
0.6048140043763676,0.0787746170678337,0.04288840262582057,0.2735229759299781
0.6077298978231896,0.07996446023989338,0.04620168813860506,0.26610395379831187
0.6122994652406417,0.07887700534759358,0.04322638146167558,0.26559714795008915
0.6153846153846154,0.07869142351900972,0.042440318302387266,0.2634836427939876
0.6164810690423163,0.08062360801781737,0.042316258351893093,0.26057906458797325
0.6179875333926982,0.07791629563668745,0.040516473731077474,0.26357969723953695
0.6187082405345211,0.07661469933184856,0.042761692650334075,0.2619153674832962
0.618921308576481,0.07206012378426171,0.040671971706454466,0.26834659593280286
0.6254997778764994,0.07063527321190582,0.04175921812527766,0.2621057307863172
0.617686467172845,0.07146047342563644,0.04242965609647164,0.2684234033050469
0.6190049305244285,0.0712684894666069,0.041237113402061855,0.26848946660690276
0.6221928665785997,0.06825187142228094,0.04447380008806693,0.2650814619110524
0.6267921146953405,0.06630824372759857,0.04032258064516129,0.26657706093189965
0.6312997347480106,0.0636604774535809,0.040229885057471264,0.26480990274093724
0.628029969149405,0.06478624944909651,0.04010577346848832,0.2670780079330101
0.6298098186643079,0.06722689075630252,0.039805395842547546,0.2631578947368421
0.6290251433612704,0.06307895897662108,0.04102337891486546,0.26687251874724305
0.6371364653243848,0.060850111856823264,0.04161073825503356,0.26040268456375837
0.6401062416998672,0.06064630367419212,0.04161133244798584,0.25763612217795484
0.6403353927625772,0.061341571050308914,0.04236540158870256,0.2559576345984113
0.6414926699244781,0.05952909817858729,0.04486894713460684,0.25410928476232786
0.6426373626373626,0.056263736263736264,0.043076923076923075,0.258021978021978
0.6437389770723104,0.05599647266313933,0.0445326278659612,0.25573192239858905
0.6437335670464505,0.053023663453111304,0.044697633654688866,0.25854513584574934
0.6496703296703297,0.05142857142857143,0.04527472527472527,0.25362637362637364
0.6483032172763332,0.052886734244160426,0.044072278536800354,0.254737769942706
0.6476063829787234,0.05629432624113475,0.044326241134751775,0.25177304964539005
0.6550956831330663,0.05028927458834001,0.044058744993324434,0.25055629728526924
0.6539145907473309,0.05382562277580071,0.04359430604982206,0.24866548042704625
0.6475044563279857,0.059714795008912656,0.0392156862745098,0.2535650623885918
0.6490448689471346,0.05952909817858729,0.040870724122612175,0.25055530875166593
0.6496447602131439,0.05994671403197158,0.038632326820603906,0.25177619893428066
0.650417215634607,0.061484409310496264,0.03820816864295125,0.24989020641194554
0.6462014134275619,0.0636042402826855,0.03842756183745583,0.25176678445229683
0.64711071901191,0.06263784737538597,0.037935597706219674,0.2523158359064843
0.6416007036059806,0.06464379947229551,0.04133685136323659,0.25241864555848725
0.6465899025686448,0.0633303808680248,0.04384410983170948,0.2462356067316209
0.6429840142095915,0.06438721136767318,0.043072824156305506,0.24955595026642985
0.6508355321020228,0.06112576956904134,0.04221635883905013,0.24582233948988566
0.6490384615384616,0.0625,0.04501748251748252,0.24344405594405594
0.6457319770013269,0.062361786819991154,0.04688191065900044,0.24502432551968156
0.6504209127159947,0.06114311032343819,0.04209127159946832,0.24634470536109881
0.650022094564737,0.06363234644277507,0.040653999116217414,0.24569155987627045
0.6521158129175947,0.06280623608017817,0.04320712694877506,0.24187082405345212
0.6544642857142857,0.06473214285714286,0.04241071428571429,0.23839285714285716
0.6530612244897959,0.06743566992014197,0.0417036379769299,0.2377994676131322
0.6542767577250336,0.06538289296909987,0.04209583519928348,0.23824451410658307
0.6583629893238434,0.06405693950177936,0.042704626334519574,0.23487544483985764
0.6629711751662971,0.06341463414634146,0.03991130820399113,0.2337028824833703
0.6600265604249668,0.06285967242142541,0.0398406374501992,0.23727312970340858
0.676326348640214,0.05840392331698618,0.036558181007579134,0.22871154703522067
0.670964873277012,0.057803468208092484,0.035571365051133834,0.23566029346376166
0.6706454465075155,0.05481874447391689,0.03669319186560566,0.23784261715296198
0.6688829787234043,0.05585106382978723,0.03945035460992908,0.23581560283687944
0.6746347941567065,0.054006197432492256,0.038069942452412575,0.23328906595838866
0.6779059449866903,0.055013309671694766,0.03948535936113576,0.22759538598047915
0.6784101174345076,0.051942186088527555,0.04065040650406504,0.22899728997289973
0.6849800620292423,0.05449712007089056,0.03810367744793974,0.22241914045192734
0.6729836932569414,0.059497576024680476,0.038342882327016305,0.22917584839136185
0.6693476318141197,0.06076854334226988,0.03663985701519214,0.23324396782841822
0.675663517768781,0.05713000449842555,0.03553756185335133,0.2316689158794422
0.6734603455914931,0.056269384138236594,0.03943287549844927,0.230837394771821
0.6749226006191951,0.057054400707651484,0.03847854931446263,0.22954444935869084
0.6796979120390937,0.053753887161261664,0.0346512661039538,0.2318969346956908
0.6769366197183099,0.05765845070422535,0.03477112676056338,0.2306338028169014
0.6733156028368794,0.05806737588652482,0.03679078014184397,0.23182624113475178
0.6703345070422535,0.058538732394366196,0.03609154929577465,0.23503521126760563
0.66651904340124,0.05978742249778565,0.034986713906111605,0.23870682019486272
0.6644503546099291,0.06028368794326241,0.03723404255319149,0.23803191489361702
0.6660761736049602,0.06111603188662533,0.038529672276350756,0.23427812223206376
0.6677060133630289,0.054788418708240534,0.03875278396436525,0.23875278396436525
0.6743261157755193,0.05125939019001326,0.03844454264250994,0.2359699513919576
0.6753880266075388,0.04966740576496674,0.039467849223946784,0.23547671840354767
0.6770462633451957,0.050266903914590745,0.03692170818505338,0.23576512455516013
0.687527352297593,0.04945295404814004,0.0350109409190372,0.22800875273522975
0.6821978021978022,0.05318681318681319,0.03472527472527472,0.22989010989010988
0.6837909654561559,0.05137289636846767,0.03675819309123118,0.22807794508414525
0.6813138038171327,0.052374611628939194,0.040834442964935644,0.22547714158899246
0.6802660753880266,0.050110864745011086,0.039467849223946784,0.23015521064301553
0.6794300979519146,0.048975957257346395,0.0427426536064114,0.2288512911843277
0.6767050487156776,0.04738706820194863,0.0420726306465899,0.23383525243578387
0.6754229741763135,0.047640249332146035,0.04363312555654497,0.23330365093499555
0.6716417910447762,0.04960491659350307,0.0456540825285338,0.233099209833187
0.6746347941567065,0.05002213368747233,0.046923417441345726,0.22841965471447542
0.6791277258566978,0.0516243880729862,0.04316866933689364,0.22607921673342235
0.6746347941567065,0.05267817618415228,0.041168658698539175,0.23151837096060204
0.6663701067615658,0.05827402135231317,0.04225978647686833,0.23309608540925267
0.668596881959911,0.060133630289532294,0.04142538975501114,0.22984409799554567
0.6717993840739112,0.05807303123625165,0.040475142982842056,0.22965244170699517
0.6713780918727915,0.06007067137809187,0.04019434628975265,0.22835689045936397
0.6660761736049602,0.06023029229406555,0.03897254207263064,0.23472099202834368
0.6715167548500882,0.05731922398589065,0.03747795414462081,0.23368606701940034
0.6717420510523959,0.05553067622033139,0.040304523063143756,0.23242274966412899
0.66900790166813,0.05750658472344162,0.04170324846356453,0.2317822651448639
0.6763796909492273,0.054304635761589407,0.04415011037527594,0.2251655629139073
0.6737494466578132,0.0566622399291722,0.04648074369189907,0.22310756972111553
0.6723985890652557,0.05731922398589065,0.04585537918871252,0.2244268077601411
0.6676950198325253,0.05729396209784046,0.050683120317320404,0.2243278977523138
0.675330396475771,0.05330396475770925,0.050220264317180616,0.2211453744493392
0.6754617414248021,0.05452946350043975,0.04661389621811785,0.2233948988566403
0.6748548459133542,0.052702099151406875,0.047342563644484144,0.2251004912907548
0.6795945350374615,0.052886734244160426,0.04671661524900837,0.22080211546936976
0.6710758377425045,0.05114638447971781,0.04894179894179894,0.22883597883597884
0.6778910057598582,0.052724856003544526,0.04563579973416039,0.22374833850243686
0.6747572815533981,0.05383936451897617,0.0441306266548985,0.22727272727272727
0.678729037952339,0.05516328331862312,0.0441306266548985,0.22197705207413945
0.6808322266489597,0.057104913678618856,0.04426737494466578,0.21779548472775564
0.681030653043092,0.056863616170590846,0.0444247001332741,0.2176810306530431
0.681191640729213,0.05824811027123166,0.046242774566473986,0.21431747443308136
0.6829052258635961,0.05757307351638618,0.046944198405668734,0.21257750221434898
0.6854625550660793,0.05462555066079295,0.04317180616740088,0.21674008810572687
0.6865605658709107,0.054376657824933686,0.04111405835543767,0.21794871794871795
0.7006255585344057,0.049597855227882036,0.040214477211796246,0.209562109025916
0.6997792494481236,0.05077262693156733,0.039735099337748346,0.2097130242825607
0.6987207763564182,0.054256726951918834,0.038376709307454786,0.2086457873842082
0.698237885462555,0.05638766519823789,0.04140969162995595,0.2039647577092511
0.7044749667700487,0.05405405405405406,0.03898980948161276,0.20248116969428445
0.7063246351172048,0.05307386112339673,0.039805395842547546,0.20079610791685096
0.7060123784261715,0.05526083112290009,0.03934571175950486,0.19938107869142352
0.706090026478376,0.0529567519858782,0.04060017652250662,0.2003530450132392
0.7108325872873769,0.051029543419874666,0.04073410922112802,0.19740376007162042
0.7115808014090709,0.048436811977102597,0.04227212681638045,0.19771025979744605
0.7186544342507645,0.05024027959807777,0.03669724770642202,0.1944080384447357
0.7131544214694236,0.051473823141223056,0.03607567091948966,0.1992960844698636
0.7163716814159292,0.048230088495575224,0.03584070796460177,0.1995575221238938
0.7130669061517737,0.051189941625505164,0.0345756623259991,0.20116748989672203
0.7145405887600357,0.04950936663693131,0.03746654772524532,0.19848349687778769
0.716688800354139,0.04869411243913236,0.03629924745462594,0.1983178397521027
0.7237544483985765,0.04848754448398576,0.03291814946619217,0.19483985765124556
0.729693741677763,0.04704837993786063,0.02929427430093209,0.1939636040834443
0.7299107142857143,0.046875,0.029017857142857144,0.19419642857142858
0.7281983178397521,0.04957945993802568,0.03098716246126605,0.19123505976095617
0.7250221043324492,0.052166224580017684,0.03227232537577365,0.1905393457117595
0.7259488084730803,0.05339805825242718,0.03133274492497794,0.18932038834951456
0.7267493356953055,0.0491585473870682,0.02878653675819309,0.19530558015943314
0.731211317418214,0.04862953138815208,0.028735632183908046,0.1914235190097259
0.7342105263157894,0.05043859649122807,0.02763157894736842,0.18771929824561404
0.7282463186077643,0.04730031236055333,0.03302097278000892,0.19143239625167335
0.7216630196936543,0.053391684901531726,0.03413566739606127,0.19080962800875273
0.7222222222222222,0.053791887125220456,0.031746031746031744,0.19223985890652556
0.7219991075412762,0.053993752788933515,0.03168228469433289,0.1923248549754574
0.7243675099866844,0.056813138038171326,0.031069684864624945,0.1877496671105193
0.7194851309365291,0.05814469596094097,0.03151353750554816,0.1908566355969818
0.7260334212840809,0.0584872471416007,0.03210202286719437,0.18337730870712401
0.7284826974267968,0.05989352262644188,0.034161490683229816,0.1774622892635315
0.7308882015024304,0.06009721608484313,0.034909412284577994,0.17410517012814847
0.738495575221239,0.05752212389380531,0.033628318584070796,0.17035398230088494
0.7415630550621669,0.05728241563055062,0.03285968028419183,0.16829484902309058
0.7387827632163483,0.05553087516659263,0.03553976010661928,0.1701466015104398
0.7423367392270103,0.054198134162594405,0.03509551310528654,0.16836961350510884
0.7475685234305924,0.04995579133510168,0.03669319186560566,0.16578249336870027
0.741280353200883,0.05077262693156733,0.04105960264900662,0.16688741721854305
0.7351638618246236,0.05580159433126661,0.04074402125775022,0.1682905225863596
0.7322306660706303,0.05498435404559678,0.04023245417970496,0.17255252570406795
0.734188412206988,0.05572755417956656,0.03803626713843432,0.17204776647501105
0.731858407079646,0.05575221238938053,0.04070796460176991,0.17168141592920355
0.7326250553342187,0.0566622399291722,0.041168658698539175,0.16954404603806994
0.7415929203539823,0.05309734513274336,0.03761061946902655,0.16769911504424778
0.7424911660777385,0.05079505300353357,0.0357773851590106,0.1709363957597173
0.7443509082853346,0.05183872396987151,0.0358883473637572,0.16792202038103676
0.741733690795353,0.050044682752457555,0.03485254691689008,0.17336907953529937
0.7391688770999116,0.050397877984084884,0.034482758620689655,0.17595048629531387
0.7389205792014041,0.055287406757349715,0.03466432645897324,0.17112768758227292
0.7486795774647887,0.05149647887323944,0.032570422535211266,0.16725352112676056
0.7431838170624451,0.0505716798592788,0.032981530343007916,0.17326297273526825
0.7425786442179885,0.05405405405405406,0.03145768719539211,0.17190961453256534
0.745575221238938,0.05,0.031415929203539826,0.17300884955752213
0.7484472049689441,0.04835847382431233,0.032830523513753325,0.17036379769299023
0.7530487804878049,0.04529616724738676,0.033101045296167246,0.16855400696864112
0.7515583259127337,0.04674977738201247,0.03383793410507569,0.1678539626001781
0.7497793468667255,0.04457193292144748,0.03442188879082083,0.17122683142100617
0.7518830305715551,0.04652193176783341,0.035002215330084185,0.16659282233052725
0.7513416815742398,0.05143112701252236,0.03443649373881932,0.16279069767441862
0.7587119541243935,0.04808116453462726,0.03440670489633877,0.1588001764446405
0.7520035618878005,0.04808548530721282,0.0365093499554764,0.16340160284951025
0.752,0.04844444444444444,0.03688888888888889,0.16266666666666665
0.7517636684303352,0.04673721340388007,0.03747795414462081,0.164021164021164
0.751437417072092,0.04732419283502875,0.038920831490490936,0.16231755860238833
0.751099384344767,0.04661389621811785,0.0395778364116095,0.1627088830255057
0.753635962979286,0.045835169678272364,0.04010577346848832,0.1604230938739533
0.757602468047598,0.04495372410753636,0.038342882327016305,0.15910092551784927
0.7574676772180116,0.04502897904592064,0.03789567543468569,0.15960766830138207
0.7630999559665346,0.04579480405107882,0.038749449581682076,0.15235579040070454
0.7649667405764967,0.04611973392461197,0.038580931263858094,0.15033259423503326
0.7627721012883163,0.04842292314526877,0.03998223011994669,0.14882274544646823
0.7657142857142857,0.046153846153846156,0.03912087912087912,0.149010989010989
0.7664750110570544,0.04688191065900044,0.03847854931446263,0.14816452896948254
0.7701149425287356,0.04774535809018567,0.03757736516357206,0.14456233421750664
0.7683089214380826,0.047936085219707054,0.04216600088770528,0.1415889924545051
0.771806167400881,0.044933920704845816,0.04052863436123348,0.14273127753303966
0.7707317073170732,0.04523281596452328,0.04124168514412417,0.14279379157427938
0.7672375933245499,0.04655248133509003,0.039525691699604744,0.1466842336407554
0.7671721677074042,0.047725245316681535,0.040588760035682424,0.14451382694023193
0.7750111160515785,0.04490884837705647,0.0377945753668297,0.14228546020453534
0.7739207832665776,0.04717400979083222,0.03827325322652426,0.14063195371606588
0.7684210526315789,0.04649122807017544,0.041666666666666664,0.14342105263157895
0.7690949227373068,0.045474613686534215,0.0423841059602649,0.14304635761589404
0.7679362267493357,0.04738706820194863,0.043401240035429584,0.14127546501328608
0.7673903411608329,0.04962339388568897,0.0407620735489588,0.14222419140451928
0.7627494456762749,0.05232815964523282,0.04124168514412417,0.14368070953436807
0.7677078750549934,0.05411350637923449,0.03915530136383634,0.13902331720193578
0.775709219858156,0.05230496453900709,0.03856382978723404,0.13342198581560283
0.7756721022476862,0.052886734244160426,0.038342882327016305,0.13309828118113706
0.7815126050420168,0.0508624502432552,0.03803626713843432,0.12958867757629366
0.7784115840280825,0.05309346204475647,0.040807371654234315,0.12768758227292673
0.7781222320637733,0.053144375553587246,0.0420726306465899,0.1266607617360496
0.7811942959001783,0.05169340463458111,0.040106951871657755,0.1270053475935829
0.7744661921708185,0.05249110320284697,0.04048042704626335,0.13256227758007116
0.7757336837494525,0.04862023653088042,0.039859833552343404,0.1357862461673237
0.7737719693555656,0.04821991888237945,0.03965750337990086,0.13835060838215413
0.7777777777777778,0.044710048694112436,0.03718459495351926,0.14032757857459052
0.7774798927613941,0.04602323503127793,0.03663985701519214,0.13985701519213584
0.7746354396818382,0.04993371630578878,0.03535130357931949,0.14007954043305346
0.775,0.05178571428571429,0.033928571428571426,0.1392857142857143
0.7750773309765797,0.05081749889527176,0.03711886875828546,0.136986301369863
0.7718832891246684,0.052166224580017684,0.03757736516357206,0.13837312113174183
0.7766004415011037,0.04900662251655629,0.03708609271523179,0.13730684326710818
0.7779237844940867,0.04993429697766097,0.03504161191414805,0.13710030661410424
0.7788120567375887,0.04920212765957447,0.03546099290780142,0.13652482269503546
0.7820683533067022,0.05015534842432313,0.036395916555703504,0.13138038171327118
0.7845744680851063,0.04565602836879433,0.038120567375886524,0.13164893617021275
0.7866901718818863,0.045835169678272364,0.03922432789775231,0.12825033054208904
0.7817213842058562,0.05013309671694765,0.03771073646850044,0.13043478260869565
0.7859340659340659,0.05054945054945055,0.037802197802197804,0.12571428571428572
0.7798769771528998,0.05228471001757469,0.03734622144112478,0.1304920913884007
0.7735596248325145,0.055381866904868245,0.04064314426083073,0.13041536400178652
0.7806707855251545,0.05339805825242718,0.040158870255957636,0.12577228596646073
0.7819218955682317,0.05265467310223782,0.041246160596752963,0.12417727073277754
0.7748898678414097,0.05066079295154185,0.046255506607929514,0.12819383259911896
0.7758696609423161,0.05151915455746367,0.04491413474240423,0.12769704975781593
0.772566371681416,0.05088495575221239,0.050442477876106194,0.1261061946902655
0.7738359201773836,0.05055432372505543,0.050997782705099776,0.1246119733924612
0.7778764993336295,0.050199911150599734,0.04797867614393603,0.12394491337183473
0.7809734513274337,0.048672566371681415,0.04513274336283186,0.1252212389380531
0.778169014084507,0.05017605633802817,0.04137323943661972,0.13028169014084506
0.7808098591549296,0.050616197183098594,0.043133802816901406,0.12544014084507044
0.7762052189296771,0.04820875718708536,0.04555506413091552,0.13003095975232198
0.7736607142857143,0.045535714285714284,0.04732142857142857,0.13348214285714285
0.775692582663092,0.0451295799821269,0.04691689008042895,0.1322609472743521
0.7823189693469569,0.04531319413593958,0.04620168813860506,0.12616614837849843
0.7778264680105171,0.04645048203330412,0.044697633654688866,0.13102541630148992
0.7787532923617209,0.046093064091308165,0.04697102721685689,0.12818261633011413
0.7815836298932385,0.04893238434163701,0.041370106761565835,0.12811387900355872
0.7760532150776053,0.04878048780487805,0.04212860310421286,0.13303769401330376
0.7767421216156236,0.05104305370616955,0.04216600088770528,0.13004882379050156
0.7795275590551181,0.047244094488188976,0.04374453193350831,0.1294838145231846
0.7695019832525342,0.05156456588805641,0.04627589246364037,0.13265755839576907
0.7755281690140845,0.051056338028169015,0.04225352112676056,0.1311619718309859
0.7748667850799289,0.047957371225577264,0.04262877442273535,0.13454706927175844
0.777826660800704,0.05103387593488781,0.04003519577650682,0.13110426748790144
0.7846425419240953,0.048984995586937335,0.03927625772285966,0.12709620476610767
0.7815533980582524,0.05030891438658429,0.0410414827890556,0.12709620476610767
0.7810703228659885,0.04953560371517028,0.042459088898717384,0.12693498452012383
0.7816245006657789,0.04837993786063027,0.04305370616955171,0.12694185530403906
0.7804128238910848,0.05006587615283267,0.041721563460693896,0.12779973649538867
0.7841918294849023,0.04884547069271759,0.04129662522202487,0.12566607460035523
0.7823039859833553,0.04862023653088042,0.04161191414805081,0.12746386333771353
0.7822829440282063,0.0502423975319524,0.04275011018069634,0.124724548259145
0.7762923351158645,0.05392156862745098,0.044563279857397504,0.12522281639928698
0.7743362831858407,0.05619469026548673,0.045575221238938056,0.12389380530973451
0.7766429840142096,0.05772646536412078,0.0452930728241563,0.12033747779751332
0.7841312056737588,0.05319148936170213,0.041666666666666664,0.12101063829787234
0.7854625550660793,0.055506607929515416,0.04052863436123348,0.11850220264317181
0.7873563218390804,0.05349248452696728,0.041998231653404064,0.11715296198054818
0.7893797411869701,0.0535475234270415,0.038821954484605084,0.11825078090138331
0.7928007023705005,0.05004389815627744,0.03775241439859526,0.11940298507462686
0.7958553791887125,0.05114638447971781,0.036155202821869487,0.11684303350970017
0.7960264900662252,0.04988962472406181,0.037527593818984545,0.11655629139072848
0.7938053097345132,0.05,0.03761061946902655,0.11858407079646018
0.7943136383829409,0.04886717014660151,0.0368725011106175,0.11994669035984007
0.7920924033762772,0.054642381163927146,0.0346512661039538,0.11861394935584185
0.7930881701373504,0.056269384138236594,0.03145768719539211,0.11918475852902083
0.7903083700440529,0.059030837004405284,0.03039647577092511,0.12026431718061674
0.7852081488042516,0.05757307351638618,0.03587245349867139,0.12134632418069087
0.7871681415929204,0.060619469026548675,0.03185840707964602,0.12035398230088495
0.7873100983020554,0.058534405719392314,0.03261840929401251,0.12153708668453976
0.7928888888888889,0.05688888888888889,0.029333333333333333,0.12088888888888889
0.7987616099071208,0.053516143299425036,0.03184431667403804,0.11587793011941619
0.8014028934677773,0.04997807978956598,0.030688294607628234,0.1179307321350285
0.7982222222222223,0.04933333333333333,0.029777777777777778,0.12266666666666666
0.8004366812227074,0.05109170305676856,0.02794759825327511,0.1205240174672489
0.8015165031222123,0.05084745762711865,0.028991971454058876,0.11864406779661017
0.8028231142479048,0.050286722540802825,0.02690780767534186,0.1199823555359506
0.8029424877396344,0.049487293802942485,0.028533214444939812,0.11903700401248328
0.8024745912505523,0.05081749889527176,0.027839151568714096,0.11886875828546177
0.8013274336283186,0.05132743362831858,0.02743362831858407,0.11991150442477876
0.803125,0.05133928571428571,0.028125,0.11741071428571428
0.7984014209591475,0.05106571936056838,0.02886323268206039,0.1216696269982238
0.8001776198934281,0.05150976909413854,0.03108348134991119,0.1172291296625222
0.7994676131322094,0.05013309671694765,0.031055900621118012,0.11934338952972494
0.7921620431527961,0.05063848524878908,0.03346543372963452,0.12373403786878027
0.7949288256227758,0.05204626334519573,0.03158362989323844,0.12144128113879003
0.7995565410199557,0.05365853658536585,0.031929046563192905,0.11485587583148558
0.8,0.05175438596491228,0.03070175438596491,0.11754385964912281
0.8025561921551344,0.052886734244160426,0.030850594975760245,0.11370647862494491
0.7983340640070145,0.051731696624287594,0.031126698816308637,0.1188075405523893
0.799381352187362,0.05081749889527176,0.03137428192664605,0.11842686699072029
0.8033807829181495,0.05115658362989324,0.033807829181494664,0.11165480427046263
0.809419014084507,0.05193661971830986,0.03477112676056338,0.10387323943661972
0.8078118064802485,0.05104305370616955,0.037283621837549935,0.10386151797603196
0.8091637010676157,0.04893238434163701,0.03603202846975089,0.10587188612099645
0.81072695035461,0.05053191489361702,0.03679078014184397,0.10195035460992907
0.8026548672566372,0.05398230088495575,0.04115044247787611,0.10221238938053097
0.8002651347768449,0.054352629253203714,0.04197967300044189,0.1034025629695095
0.7917034421888791,0.058693733451015,0.04324801412180053,0.10635481023830538
0.7912621359223301,0.05825242718446602,0.04501323918799647,0.10547219770520741
0.7910313901345292,0.05650224215246637,0.045739910313901344,0.10672645739910314
0.7941824592331423,0.05597179374173645,0.04495372410753636,0.10489202291758484
0.7953941541186891,0.05358724534986714,0.045172719220549155,0.10584588131089459
0.7955849889624724,0.05121412803532009,0.04900662251655629,0.10419426048565121
0.8078947368421052,0.05,0.0456140350877193,0.09649122807017543
0.8112042346713718,0.049404499338332596,0.04455227172474636,0.09483899426554919
0.8152414709791759,0.04962339388568897,0.044306601683650866,0.09082853345148427
0.820738137082601,0.04964850615114236,0.04437609841827768,0.0852372583479789
0.8168273444347064,0.05214723926380368,0.04557405784399649,0.08545135845749342
0.8197443807844865,0.0493609519612164,0.045394446892904367,0.08550022036139268
0.8224092116917626,0.04827280779450841,0.045172719220549155,0.0841452612931798
0.8197596795727636,0.0516243880729862,0.04494882064975523,0.08366711170449488
0.8199556541019956,0.05055432372505543,0.04212860310421286,0.08736141906873614
0.8106535362578334,0.05461056401074306,0.043867502238137866,0.09086839749328558
0.8127507802050825,0.05171645118145341,0.0463664734730272,0.08916629514043692
0.8185448092280391,0.04924578527062999,0.04480922803904171,0.08740017746228926
0.8161732213875387,0.054352629253203714,0.0410958904109589,0.08837825894829872
0.8209021884769987,0.05180884323358642,0.03841000446627959,0.08887896382313533
0.8218442256042973,0.048791405550581916,0.03939122649955237,0.08997314234556848
0.821221578243424,0.05171645118145341,0.04012483281319661,0.08693713776192599
0.8238387379491674,0.04645048203330412,0.039000876424189306,0.09070990359333918
0.8203753351206434,0.045576407506702415,0.040214477211796246,0.0938337801608579
0.8226666666666667,0.043555555555555556,0.03688888888888889,0.09688888888888889
0.8247330960854092,0.04448398576512456,0.037366548042704624,0.09341637010676157
0.8220940550133097,0.04214729370008873,0.03682342502218278,0.09893522626441881
0.8230049041462327,0.04101649576460098,0.03744984395898351,0.09852875613018279
0.823503127792672,0.040214477211796246,0.0388739946380697,0.09740840035746202
0.8296557811120918,0.038393645189761696,0.03971756398940865,0.09223300970873786
0.8228469433288711,0.04194556001784917,0.040160642570281124,0.09504685408299866
0.824,0.04088888888888889,0.03822222222222222,0.09688888888888889
0.8240248226950354,0.03900709219858156,0.0398936170212766,0.09707446808510638
0.8185821224130339,0.04227212681638045,0.041391457507705856,0.0977542932628798
0.8084918177797434,0.04467049977885891,0.04467049977885891,0.1021671826625387
0.8066518847006652,0.04745011086474501,0.042572062084257206,0.1033259423503326
0.8079146287238773,0.048465984882169855,0.04090706980880391,0.10271231658514896
0.8084918177797434,0.047766475011057054,0.039805395842547546,0.10393631136665192
0.8145487202514594,0.04535249214189493,0.03547373147732375,0.10462505612932196
0.8130261408949934,0.04652193176783341,0.034116083296411165,0.10633584404076207
0.8162374508948058,0.04495853339153208,0.03579223046704496,0.1030117852466172
0.8164165931156222,0.045454545454545456,0.0353045013239188,0.1028243601059135
0.8229580573951435,0.04944812362030905,0.033112582781456956,0.09448123620309051
0.8271714922048998,0.04855233853006682,0.029844097995545656,0.09443207126948774
0.8235815602836879,0.051418439716312055,0.03280141843971631,0.09219858156028368
0.8192771084337349,0.0535475234270415,0.03257474341811691,0.09460062472110665
0.8178226514486392,0.050921861281826165,0.033801580333625986,0.09745390693590869
0.8183023872679045,0.05128205128205128,0.033156498673740056,0.09725906277630415
0.8186252771618625,0.04966740576496674,0.03370288248337029,0.09800443458980045
0.8241758241758241,0.04879120879120879,0.03164835164835165,0.09538461538461539
0.8229537366548043,0.046263345195729534,0.03202846975088968,0.09875444839857651
0.8258948298718515,0.04551480335837384,0.033583738400353516,0.09500662836942113
0.8245923314235346,0.045835169678272364,0.035698545614808286,0.09387395328338476
0.8215694870670759,0.04734765453748356,0.03638754932047348,0.09469530907496712
0.8186643078283945,0.04599734630694383,0.0367094206103494,0.09862892525431226
0.8215398308856253,0.04672897196261682,0.03871829105473965,0.09301290609701825
