R,A,S,N
0.0,0.0,1.0,0.0
0.0,0.0,1.0,0.0
0.0,0.0,0.875,0.125
0.0,0.0,0.9333333333333333,0.06666666666666667
0.08695652173913043,0.0,0.8695652173913043,0.043478260869565216
0.15384615384615385,0.0,0.7948717948717948,0.05128205128205128
0.18032786885245902,0.0,0.7377049180327869,0.08196721311475409
0.19148936170212766,0.02127659574468085,0.723404255319149,0.06382978723404255
0.22556390977443608,0.022556390977443608,0.6616541353383458,0.09022556390977443
0.23626373626373626,0.03296703296703297,0.6208791208791209,0.10989010989010989
0.28076923076923077,0.03461538461538462,0.5615384615384615,0.12307692307692308
0.2961876832844575,0.03812316715542522,0.5219941348973607,0.1436950146627566
0.30616740088105726,0.05726872246696035,0.486784140969163,0.14977973568281938
0.296875,0.06076388888888889,0.4670138888888889,0.1753472222222222
0.31600547195622436,0.06566347469220246,0.4363885088919289,0.18194254445964433
0.31046119235095615,0.0686164229471316,0.41732283464566927,0.20359955005624297
0.3092105263157895,0.06860902255639098,0.41353383458646614,0.20864661654135339
0.30268510984540276,0.06997558991049634,0.403580146460537,0.22375915378356387
0.298220640569395,0.07402135231316725,0.39786476868327403,0.2298932384341637
0.3059796437659033,0.07697201017811704,0.38104325699745545,0.2360050890585242
0.3022452504317789,0.07829591249280368,0.38399539435808866,0.23546344271732872
0.2989801395598497,0.07997852925389157,0.37359098228663445,0.24745034889962425
0.2957957957957958,0.08208208208208208,0.3688688688688689,0.25325325325325326
0.29150943396226414,0.0900943396226415,0.36650943396226415,0.2518867924528302
0.30036463081130355,0.08568824065633546,0.36052871467639014,0.2534184138559708
0.2938517179023508,0.09177215189873418,0.3562386980108499,0.2581374321880651
0.2954341987466428,0.09489704565801253,0.3446732318710833,0.26499552372426144
0.28825622775800713,0.09919928825622776,0.34341637010676157,0.26912811387900354
0.2913732394366197,0.10123239436619719,0.34683098591549294,0.2605633802816901
0.2867225408028231,0.10674900749889722,0.3453903837670931,0.2611380679311866
0.2873362445414847,0.10349344978165939,0.3445414847161572,0.2646288209606987
0.2916117698726394,0.10715854194115064,0.3425559947299078,0.25867369345630215
0.2866578599735799,0.1083223249669749,0.3425803610744166,0.2624394539850286
0.29161118508655126,0.1114070128717266,0.3382157123834887,0.25876608965823344
0.2900130832969908,0.1077191452245966,0.3388573920627998,0.26341037941561274
0.28822495606326887,0.11159929701230228,0.3387521968365554,0.26142355008787344
0.28797886393659183,0.11492734478203434,0.33157199471598414,0.2655217965653897
0.2892092616863259,0.11970292704237659,0.32983835736129313,0.26124945391000437
0.27964601769911507,0.12123893805309735,0.3292035398230089,0.26991150442477874
0.2852112676056338,0.12323943661971831,0.3305457746478873,0.26100352112676056
0.283311199645861,0.1239486498450642,0.32580787959274016,0.26693227091633465
0.27324561403508774,0.13114035087719297,0.32456140350877194,0.2710526315789474
0.2703768624014023,0.13146362839614373,0.32164767747589834,0.27651183172655563
0.2720425343376163,0.1382365972529907,0.3212228622064688,0.26849800620292424
0.2706766917293233,0.13976116762494473,0.3215391419725785,0.2680229986731535
0.27069351230425054,0.14541387024608501,0.32170022371364654,0.2621923937360179
0.26984834968777877,0.14495985727029437,0.31801962533452277,0.2671721677074041
0.26487439400617013,0.14499779638607316,0.31820185103569854,0.2719259585720582
0.26334208223972005,0.14129483814523183,0.31539807524059493,0.2799650043744532
0.26605504587155965,0.14809960681520315,0.30974224552206203,0.2761031017911752
0.26757469244288223,0.14147627416520211,0.30887521968365556,0.2820738137082601
0.2727272727272727,0.1407766990291262,0.30714916151809357,0.2793468667255075
0.2664930555555556,0.15147569444444445,0.30078125,0.28125
0.2666372851476421,0.15821947994711327,0.2974878801234024,0.2776553547818422
0.26936619718309857,0.15360915492957747,0.29797535211267606,0.2790492957746479
0.2628797886393659,0.15191545574636725,0.301629238221048,0.28357551739321885
0.268141592920354,0.15442477876106195,0.3013274336283186,0.2761061946902655
0.2637411347517731,0.15647163120567376,0.299645390070922,0.2801418439716312
0.2614578786556089,0.16019205587079877,0.2981230903535574,0.2802269751200349
0.26174791392182695,0.1629336846728151,0.2920509442248573,0.28326745718050067
0.2580078982009653,0.17025010969723564,0.29223343571741994,0.2795085563843791
0.2545293857711003,0.17410517012814847,0.2973928413610252,0.273972602739726
0.254962505513895,0.17115130127922365,0.29201588001764445,0.2818703131892369
0.250330542089026,0.1767298369325694,0.2979286029087704,0.2750110180696342
0.247682119205298,0.1805739514348786,0.295364238410596,0.2763796909492274
0.24283231972198088,0.18071242397914858,0.30364900086880975,0.2728062554300608
0.24010439321444105,0.18312309699869508,0.2992605480643758,0.27751196172248804
0.24217026907807676,0.18659020732245257,0.2968681076312307,0.27437141596823994
0.24299065420560748,0.1864708500222519,0.29283489096573206,0.27770360480640854
0.24611973392461198,0.1893569844789357,0.29312638580931266,0.2713968957871397
0.24373075230972283,0.19313682358117026,0.28948526176858774,0.2736471623405191
0.24174372523117568,0.20123293703214443,0.28401585204755614,0.27300748568912375
0.24379625598606877,0.20243796255986068,0.28297779712668697,0.27078798432738355
0.24637043554773427,0.2023757149142103,0.2833260008798944,0.267927848658161
0.248562582927908,0.20300751879699247,0.2843874391862008,0.26404245908889873
0.2474636082928981,0.20335244816938686,0.278341420379356,0.27084252315835905
0.24613345117101193,0.1992929739284136,0.28413610251878035,0.27043747238179405
0.24789356984478936,0.1942350332594235,0.28159645232815966,0.27627494456762747
0.24559082892416226,0.2006172839506173,0.2839506172839506,0.2698412698412698
0.24879544459045116,0.1953569864213754,0.28164695575996496,0.2742006132282085
0.2572944297082228,0.1962864721485411,0.27541998231653403,0.27099911582670205
0.2506619593998235,0.1977052074139453,0.2819947043248014,0.26963812886142985
0.24757281553398058,0.21094439541041482,0.27493380406001766,0.26654898499558694
0.2514310876265962,0.20959929546455305,0.27344782034346105,0.2655217965653897
0.2517574692442882,0.20738137082601055,0.2750439367311072,0.265817223198594
0.24319578577699735,0.2080772607550483,0.2791922739244952,0.26953467954345917
0.24101665205959685,0.20946538124452235,0.2852760736196319,0.2642418930762489
0.24649737302977234,0.20796847635726795,0.2841506129597198,0.2613835376532399
0.24336283185840707,0.2088495575221239,0.2809734513274336,0.2668141592920354
0.24075704225352113,0.21566901408450703,0.2834507042253521,0.2601232394366197
0.24437582708425232,0.22408469342743714,0.27701808557565066,0.2545213939126599
0.2380114386273647,0.22481302243730752,0.2754069511658601,0.26176858776946765
0.2356043956043956,0.23252747252747252,0.2672527472527473,0.26461538461538464
0.23083661848445028,0.23083661848445028,0.2724485326325011,0.2658782303985983
0.23368606701940034,0.23368606701940034,0.2786596119929453,0.25396825396825395
0.23742277140335394,0.23345101500441306,0.2705207413945278,0.2586054721977052
0.2412726469288555,0.23110914714980116,0.26866990720282813,0.25894829871851527
0.23776223776223776,0.2285839160839161,0.26573426573426573,0.2679195804195804
0.24364592462751972,0.21910604732690622,0.26205083260297984,0.2751971954425942
0.23725055432372505,0.2261640798226164,0.26740576496674057,0.26917960088691795
0.24418093983311376,0.22485726833552921,0.25911286780852,0.27184892402283706
0.24314765694076038,0.22104332449160036,0.2639257294429708,0.2718832891246684
0.2506619593998235,0.22330097087378642,0.25684024713150927,0.26919682259488087
0.2512249443207127,0.22717149220489977,0.25478841870824054,0.266815144766147
0.23583662714097497,0.23364075537988582,0.2577953447518665,0.2727272727272727
0.24569155987627045,0.22978347326557666,0.25850640742377373,0.26601855943437913
0.23843416370106763,0.2393238434163701,0.2566725978647687,0.2655693950177936
0.24118165784832452,0.24338624338624337,0.25132275132275134,0.2641093474426808
0.23838737949167396,0.24408413672217352,0.25109553023663456,0.26643295354951796
0.23763250883392226,0.24293286219081273,0.2539752650176678,0.26545936395759717
0.24162257495590828,0.24162257495590828,0.2495590828924162,0.2671957671957672
0.2408630559225011,0.23910171730515192,0.2518714222809335,0.26816380449141347
0.2406675450153711,0.24154589371980675,0.24549846288976723,0.2722880983750549
0.24423758865248227,0.2349290780141844,0.24822695035460993,0.2726063829787234
0.243231247225921,0.237017310252996,0.24633821571238348,0.2734132268086995
0.24318381706244502,0.2357080035180299,0.2436235708003518,0.2774846086191733
0.23393885688967656,0.24014178112538767,0.2419140451927337,0.28400531679220203
0.23467137185707984,0.2434936038817821,0.2434936038817821,0.278341420379356
0.23036419482229048,0.25010969723562965,0.249670908293111,0.26985519964896887
0.22483370288248336,0.2532150776053215,0.25543237250554324,0.2665188470066519
0.22955145118733508,0.24890061565523308,0.256816182937555,0.2647317502198769
0.2257495590828924,0.2464726631393298,0.2552910052910053,0.2724867724867725
0.22532093846834883,0.24656927844178841,0.2594068171757415,0.2687029659141213
0.22413033905768384,0.2531924262439454,0.25583443416996915,0.2668428005284016
0.22587719298245615,0.2513157894736842,0.24868421052631579,0.2741228070175439
0.22911169744942833,0.2510993843447669,0.2497801231310466,0.2700087950747581
0.23080298376480912,0.25362000877577884,0.24177270732777534,0.2738043001316367
0.22281167108753316,0.25862068965517243,0.242263483642794,0.27630415561450045
0.22541340295909487,0.25630983463881635,0.2402088772845953,0.2780678851174935
0.22084805653710246,0.2628091872791519,0.24293286219081273,0.27340989399293286
0.22163588390501318,0.2620932277924362,0.24010554089709762,0.27616534740545295
0.22320247022496692,0.26334362593736216,0.23599470666078518,0.2774591971768858
0.22148541114058357,0.2634836427939876,0.23740053050397877,0.27763041556145
0.22519754170324846,0.2589991220368745,0.23617208077260754,0.2796312554872695
0.2252410166520596,0.26292725679228746,0.2432077125328659,0.268624014022787
0.2273924495171203,0.2594381035996488,0.24187884108867427,0.2712906057945566
0.2311756935270806,0.2509907529722589,0.24350506384852488,0.27432848965213563
0.2328042328042328,0.25573192239858905,0.23941798941798942,0.27204585537918874
0.22934158197083518,0.25231992929739283,0.24392399469730447,0.27441449403446755
0.23046532045654083,0.257243195785777,0.24714661984196665,0.26514486391571557
0.22723292469352013,0.2565674255691769,0.2486865148861646,0.26751313485113837
0.2261061946902655,0.25309734513274335,0.252212389380531,0.2685840707964602
0.2277533039647577,0.26255506607929513,0.2488986784140969,0.2607929515418502
0.22134038800705466,0.2654320987654321,0.24691358024691357,0.26631393298059963
0.21639488761568973,0.26487439400617013,0.25209343323049804,0.2666372851476421
0.21723834652594548,0.26297273526824977,0.2510993843447669,0.26868953386103783
0.2175253192426244,0.2637604579480405,0.2514310876265962,0.2672831351827389
0.2230971128608924,0.2642169728783902,0.24453193350831146,0.26815398075240593
0.22183098591549297,0.2676056338028169,0.2425176056338028,0.2680457746478873
0.22359699513919576,0.26425099425541315,0.24392399469730447,0.2682280159080866
0.22626441881100265,0.26663708961845606,0.243566992014197,0.26353149955634425
0.2215909090909091,0.26617132867132864,0.24606643356643357,0.26617132867132864
0.2180385288966725,0.2670753064798599,0.24737302977232925,0.26751313485113837
0.22134387351778656,0.26174791392182695,0.24725516029863856,0.2696530522617479
0.22548161120840632,0.2526269702276708,0.24605954465849386,0.27583187390542907
0.2192257503262288,0.2557633753806003,0.2387994780339278,0.28621139625924313
0.21739130434782608,0.2551602986385595,0.23276240667545015,0.2946859903381642
0.21450685537372843,0.2565236620964175,0.23175586023883238,0.29721362229102166
0.2103645147123408,0.26130873956960915,0.2318840579710145,0.2964426877470356
0.2152624614027349,0.25584472871636527,0.23423026025584473,0.2946625496250551
0.2205240174672489,0.2480349344978166,0.2318777292576419,0.2995633187772926
0.21957671957671956,0.2482363315696649,0.2328042328042328,0.2993827160493827
0.22857142857142856,0.2531868131868132,0.22725274725274724,0.290989010989011
0.22850877192982455,0.2535087719298246,0.22280701754385965,0.2951754385964912
0.2206468763845813,0.2565352237483385,0.2259636685866194,0.2968542312804608
0.22506619593998234,0.2612533097969991,0.21800529567519858,0.29567519858781993
0.2234831951113051,0.26582278481012656,0.20951549541684852,0.3011785246617198
0.22505494505494505,0.2672527472527473,0.21010989010989012,0.2975824175824176
0.22572062084257205,0.2616407982261641,0.2097560975609756,0.3028824833702882
0.22545134302069572,0.2637604579480405,0.21356230735358872,0.29722589167767505
0.22637362637362637,0.26461538461538464,0.2123076923076923,0.2967032967032967
0.22591943957968477,0.2640105078809107,0.21628721541155868,0.29378283712784586
0.22707231040564374,0.25749559082892415,0.2257495590828924,0.2896825396825397
0.22416048844308767,0.25817706061927603,0.22023549934583514,0.29742695159180116
0.2254945054945055,0.25846153846153846,0.22505494505494505,0.290989010989011
0.2255206025697829,0.25254762959680993,0.22463447053610988,0.2972972972972973
0.22895769733972962,0.25076319232446576,0.22154382904491932,0.2987352812908853
0.22876106194690266,0.25663716814159293,0.2176991150442478,0.29690265486725664
0.22961657117672984,0.24768620537681799,0.21859850154252974,0.30409872190392245
0.2309043020193152,0.252414398595259,0.21466198419666374,0.30201931518876207
0.231236442516269,0.2503253796095445,0.21822125813449023,0.30021691973969633
0.23179396092362345,0.24955595026642985,0.21980461811722912,0.2988454706927176
0.2296756996890271,0.24655708573967125,0.2190137716570413,0.3047534429142603
0.2258491398323776,0.24966916629907365,0.22055580061755625,0.3039258932509925
0.2294143549097314,0.24746807573756055,0.22148833113166005,0.301629238221048
0.2303245887060916,0.24544241885282347,0.2285460204535349,0.29568697198755
0.2237422771403354,0.2436010591350397,0.22594880847308033,0.3067078552515446
0.22364924712134632,0.24446412754650132,0.22896368467670505,0.3029229406554473
0.2223194748358862,0.24945295404814005,0.2301969365426696,0.29803063457330414
0.22369000440334655,0.2531924262439454,0.22148833113166005,0.301629238221048
0.2246153846153846,0.2501098901098901,0.21978021978021978,0.3054945054945055
0.22452580502867225,0.2505513895015439,0.21305690339655933,0.3118659020732245
0.22333916083916083,0.24956293706293706,0.21547202797202797,0.3116258741258741
0.22364358182620203,0.2514336127040141,0.20952801058667844,0.3153947948831054
0.22350332594235034,0.25144124168514415,0.2057649667405765,0.31929046563192903
0.21965065502183406,0.24759825327510918,0.20611353711790392,0.3266375545851528
0.22493345164152617,0.24889086069210292,0.20718722271517304,0.31898846495119787
0.23402379903040987,0.24680475980608196,0.1996474217717056,0.3195240193918026
0.23026025584472873,0.24305249228054698,0.2015880017644464,0.3250992501102779
0.23124722592099423,0.23790501553484245,0.20461606746560143,0.3262316910785619
0.23080298376480912,0.2360684510750329,0.20666959192628345,0.3264589732338745
0.230566534914361,0.23407992973210365,0.2028985507246377,0.33245498462889767
0.22962313759859773,0.2283085013146363,0.2085889570552147,0.3334794040315513
0.22999120492524186,0.22559366754617413,0.21284080914687775,0.33157431838170626
0.23042901371074745,0.22025652366209642,0.21539141972578504,0.3339230429013711
0.23218997361477572,0.21899736147757257,0.21591908531222515,0.33289357959542654
0.23326039387308534,0.2201312910284464,0.2100656455142232,0.33654266958424506
0.23601398601398602,0.22202797202797203,0.2089160839160839,0.333041958041958
0.2364774251229325,0.2253017434063478,0.2056325435851587,0.332588287885561
0.2327209098862642,0.2283464566929134,0.20866141732283464,0.33027121609798776
0.2380114386273647,0.22173339199296085,0.20545534535855697,0.33479982402111746
0.2392935982339956,0.2260485651214128,0.19823399558498897,0.33642384105960266
0.23933128024637043,0.22525296964364278,0.192696876374835,0.3427188737351518
0.23809523809523808,0.22586282219309742,0.19178680646570556,0.3442551332459589
0.24125874125874125,0.22377622377622378,0.19230769230769232,0.34265734265734266
0.2432908051033876,0.22657281126264847,0.18741750989881215,0.3427188737351518
0.24356176342208644,0.23003055434308162,0.18681798341335662,0.3395896988214753
0.25132042253521125,0.22403169014084506,0.18882042253521128,0.3358274647887324
0.2524314765694076,0.21971706454465076,0.1883289124668435,0.3395225464190981
0.25620567375886527,0.2176418439716312,0.19148936170212766,0.3346631205673759
0.254601226993865,0.21866783523225242,0.18930762489044697,0.3374233128834356
0.25428194993412384,0.21299956082564778,0.1901624945103206,0.3425559947299078
0.2541630148992112,0.21340929009640666,0.19193689745836984,0.34049079754601225
0.2537379067722076,0.2106420404573439,0.19525065963060687,0.3403693931398417
0.2531426094495015,0.21153012570437799,0.19375812743823148,0.341569137407889
0.2508787346221441,0.2117750439367311,0.19727592267135324,0.3400702987697715
0.2562637362637363,0.2087912087912088,0.19692307692307692,0.33802197802197803
0.24569155987627045,0.21254971277065843,0.19973486522315512,0.34202386212991603
0.24472759226713534,0.20826010544815465,0.19815465729349738,0.34885764499121263
0.2440318302387268,0.20645446507515472,0.20159151193633953,0.347922192749779
0.2483429076447194,0.21166593018117544,0.2010605391073796,0.3389306230667256
0.24812362030905077,0.2052980132450331,0.2044150110375276,0.34216335540838855
0.25478841870824054,0.20801781737193764,0.1977728285077951,0.3394209354120267
0.25296442687747034,0.21124286341677645,0.1945542380324989,0.3412384716732543
0.25675675675675674,0.20967741935483872,0.1948561464690497,0.3387096774193548
0.2558746736292428,0.2145343777197563,0.19103568320278502,0.33855526544821585
0.2546337157987643,0.21800529567519858,0.18446601941747573,0.3428949691085613
0.25584472871636527,0.2152624614027349,0.18129686810763124,0.34759594177326864
0.2536327608982827,0.22148833113166005,0.17569352708058125,0.349185380889476
0.25065616797900264,0.21391076115485563,0.18110236220472442,0.3543307086614173
0.2641843971631206,0.21409574468085107,0.17065602836879432,0.35106382978723405
0.26537785588752194,0.2086994727592267,0.17091388400702986,0.35500878734622143
0.2660590277777778,0.20833333333333334,0.1736111111111111,0.3519965277777778
0.27461368653421636,0.20662251655629138,0.17527593818984546,0.3434878587196468
0.27456140350877195,0.2057017543859649,0.17719298245614035,0.3425438596491228
0.2733245729303548,0.2058694699956198,0.1712658782303986,0.3495400788436268
0.2734065934065934,0.20131868131868133,0.17098901098901098,0.35428571428571426
0.2789982425307557,0.19332161687170474,0.1704745166959578,0.3572056239015817
0.27463863337713534,0.19097678493210687,0.1721419185282523,0.3622426631625055
0.27665198237885463,0.19030837004405288,0.173568281938326,0.3594713656387665
0.2695536897923111,0.19752540874944763,0.17012814847547503,0.36279275298276625
0.27152899824253074,0.19112478031634447,0.17486818980667837,0.3624780316344464
0.26722246599385696,0.19394471259324264,0.17419921017990347,0.3646336112329969
0.27537511032656664,0.18932038834951456,0.17210944395410416,0.36319505736981467
0.27717154081187256,0.189873417721519,0.1732867743343518,0.35966826713225664
0.2731297034085879,0.19787516600265603,0.16954404603806994,0.35945108455068614
0.2783229259589652,0.2016057091882248,0.1672613737734166,0.3528099910793934
0.2804186655037069,0.2006105538595726,0.17095508068033144,0.34801569995638904
0.28227960819234194,0.20213713268032057,0.170080142475512,0.3455031166518255
0.2851476421330983,0.1996474217717056,0.17276333186425738,0.3424416042309387
0.27839643652561247,0.20044543429844097,0.1714922048997773,0.34966592427616927
0.2820738137082601,0.2060632688927944,0.1665202108963093,0.3453427065026362
0.2848914488258751,0.20558263181214,0.16570669029685423,0.3438192290651307
0.28175824175824177,0.20351648351648352,0.1701098901098901,0.3446153846153846
0.2895313184406483,0.2014892685063513,0.16995181778361804,0.33902759526938236
0.28565082185695245,0.20524211461572633,0.1688138605064416,0.3402932030208796
0.2890453145622525,0.2045754509458865,0.17201935767707874,0.33435987681478224
0.28666371289322107,0.20292423571112095,0.17279574656623836,0.33761630482941957
0.29133858267716534,0.20253718285214348,0.17060367454068243,0.33552055993000873
0.2922192749778957,0.20291777188328913,0.17020335985853227,0.33465959328028294
0.29528426619656234,0.19876597620096959,0.16791538122520935,0.3380343763772587
0.2973568281938326,0.19515418502202644,0.16255506607929515,0.3449339207048458
0.29722589167767505,0.20343461030383092,0.16160281814178776,0.3377366798767063
0.2994275649493615,0.20651695288419197,0.16028181417877588,0.3337736679876706
0.2989010989010989,0.20659340659340658,0.15912087912087913,0.3353846153846154
0.29424681598594643,0.20948616600790515,0.16073781291172595,0.33552920509442247
0.2945357618836073,0.2047978676143936,0.16215015548645045,0.3385162150155486
0.28835978835978837,0.21296296296296297,0.15961199294532627,0.3390652557319224
0.29023746701846964,0.21152154793315744,0.16314863676341249,0.33509234828496043
0.2925974594831362,0.21506789312308366,0.15462111257117828,0.33771353482260186
0.28891820580474936,0.21284080914687775,0.1613896218117854,0.3368513632365875
0.28779840848806365,0.21441202475685234,0.15561450044208666,0.3421750663129973
0.29073909171861084,0.21237756010685663,0.1585040071237756,0.3383793410507569
0.2920509442248573,0.20202020202020202,0.16073781291172595,0.3451910408432148
0.28249336870026526,0.20733863837312114,0.16136162687886826,0.34880636604774534
0.2830188679245283,0.2071083808688021,0.16279069767441862,0.34708205353225097
0.28865527814279457,0.2102496714848883,0.1616294349540079,0.3394656154183092
0.28257042253521125,0.21214788732394366,0.16109154929577466,0.34419014084507044
0.28160919540229884,0.21529619805481875,0.16622458001768348,0.33687002652519893
0.2887912087912088,0.21406593406593408,0.16615384615384615,0.330989010989011
0.28948526176858774,0.21249450065992082,0.16673999120105587,0.33128024637043557
0.2884275618374558,0.21289752650176677,0.16740282685512367,0.33127208480565373
0.28264680105170903,0.21954425942156003,0.17002629272567923,0.32778264680105174
0.2745792736935341,0.22364924712134632,0.17493356953055803,0.32683790965456155
0.27649154051647373,0.22217275155832591,0.17186108637577915,0.3294746215494212
0.2782381160052333,0.22721325774095072,0.17095508068033144,0.3235935455734845
0.2749778956675508,0.23121131741821396,0.17020335985853227,0.32360742705570295
0.2703768624014023,0.23356704645048204,0.17090271691498685,0.32515337423312884
0.2698689956331878,0.23624454148471616,0.16550218340611353,0.32838427947598253
0.2786309784993418,0.23168056164984643,0.1636682755594559,0.3260201842913559
0.2786813186813187,0.229010989010989,0.16395604395604396,0.3283516483516484
0.27881205673758863,0.22872340425531915,0.16445035460992907,0.3280141843971631
0.2832014072119613,0.22999120492524186,0.16182937554969218,0.32497801231310464
0.28440366972477066,0.22935779816513763,0.16251638269986893,0.3237221494102228
0.2820738137082601,0.22759226713532513,0.16608084358523725,0.3242530755711775
0.2842058952925649,0.2300923889133304,0.16102067751869775,0.32468103827540695
0.2855245683930943,0.22355024347056218,0.16290393979637008,0.3280212483399734
0.2883082373782108,0.21700620017714792,0.16740478299379982,0.32728077945084144
0.2881729920564872,0.22462488967343336,0.16637246248896734,0.3208296557811121
0.2838852097130243,0.22339955849889626,0.16997792494481237,0.3227373068432671
0.286281429201588,0.2258491398323776,0.16541685046316718,0.32245258050286724
0.291832229580574,0.21677704194260486,0.16600441501103752,0.32538631346578367
0.28835978835978837,0.22134038800705466,0.16181657848324515,0.32848324514991184
0.28508189464364764,0.2244355909694555,0.1637892872952634,0.32669322709163345
0.28546020453534904,0.2218763895064473,0.16051578479324144,0.3321476211649622
0.28431372549019607,0.22638146167557932,0.16532976827094475,0.32397504456327986
0.28444838280903856,0.23216659282233051,0.16393442622950818,0.31945059813912274
0.27525363917071016,0.2364358182620203,0.1658579620644023,0.32245258050286724
0.2738147984049623,0.23482498892334958,0.16216216216216217,0.32919805050952594
0.2750551876379691,0.23532008830022075,0.16335540838852097,0.3262693156732892
0.2680906713164778,0.23888404533565824,0.15998256320836965,0.3330427201394943
0.26904447380008806,0.24878907970057243,0.15808014090708938,0.3240863055922501
0.2674825174825175,0.2478146853146853,0.16258741258741258,0.32211538461538464
0.26239578762615184,0.2558139534883721,0.1584028082492321,0.32338745063624397
0.25921109666233205,0.25487646293888166,0.16644993498049415,0.31946250541829213
0.2569048662867163,0.2595352915387988,0.16659359929855327,0.3169662428759316
0.2557218309859155,0.2548415492957746,0.16901408450704225,0.3204225352112676
0.24624226348364278,0.2546419098143236,0.1724137931034483,0.3267020335985853
0.24468085106382978,0.2637411347517731,0.17198581560283688,0.3195921985815603
0.24769433465085638,0.26613965744400525,0.1717171717171717,0.3144488361879666
0.24933804060017653,0.265666372462489,0.1676963812886143,0.3172992056487202
0.24622892635314997,0.26663708961845606,0.1699201419698314,0.31721384205856257
0.24823321554770317,0.27164310954063603,0.16563604240282687,0.31448763250883394
0.24858016601135868,0.2747924858016601,0.16470074268239407,0.3119266055045872
0.24411508282476024,0.27768090671316475,0.16826503923278116,0.3099389712292938
0.24649122807017543,0.27149122807017545,0.17324561403508773,0.3087719298245614
0.24280017722640673,0.27337173238812584,0.179441736818786,0.3043863535666814
0.24572180781044317,0.2702939885914875,0.17463799912242212,0.3093462044756472
0.24452234881682736,0.26950043821209463,0.17484662576687116,0.31113058720420683
0.23977122745270568,0.267927848658161,0.17289925208974924,0.31940167179938406
0.24635761589403973,0.26136865342163357,0.1695364238410596,0.3227373068432671
0.2423043095866315,0.26561125769569044,0.1693051890941073,0.3227792436235708
0.239647577092511,0.26563876651982377,0.1696035242290749,0.3251101321585903
0.24559859154929578,0.2654049295774648,0.17121478873239437,0.31778169014084506
0.2454905411350638,0.26264848218213815,0.17157941047074352,0.32028156621205456
0.24679345422379478,0.26271561256081377,0.17027863777089783,0.3202122954444936
0.2448442299254059,0.2663448881088197,0.16849495392716105,0.3203159280386134
0.23943661971830985,0.2711267605633803,0.17297535211267606,0.3164612676056338
0.2437417654808959,0.27580149319279756,0.16996047430830039,0.31049626701800614
0.24548259144997797,0.27589246364037023,0.1736447774349934,0.30498016747465845
0.2412726469288555,0.27971718957136543,0.17057003977021654,0.30844012372956253
0.24537444933920705,0.27841409691629954,0.1696035242290749,0.3066079295154185
0.24160488443087658,0.2721325774095072,0.17662450937636284,0.30963802878325336
0.23671497584541062,0.27624066754501536,0.17303469477382522,0.3140096618357488
0.23076923076923078,0.2786813186813187,0.1810989010989011,0.30945054945054945
0.23259911894273128,0.2748898678414097,0.18546255506607928,0.3070484581497797
0.22803904170363798,0.2826086956521739,0.18322981366459629,0.30612244897959184
0.23083700440528634,0.27709251101321586,0.18325991189427313,0.30881057268722467
0.23912087912087912,0.27912087912087913,0.18021978021978022,0.30153846153846153
0.23516483516483516,0.27692307692307694,0.18153846153846154,0.30637362637362636
0.2373029772329247,0.2788966725043783,0.18169877408056043,0.3021015761821366
0.23809523809523808,0.27916120576671033,0.18130187854958496,0.30144167758846657
0.23692307692307693,0.2804395604395604,0.18285714285714286,0.2997802197802198
0.2364358182620203,0.2814292015880018,0.18041464490516101,0.30172033524481695
0.23539823008849559,0.2809734513274336,0.17964601769911503,0.30398230088495576
0.23090586145648312,0.28374777975133214,0.1771758436944938,0.30817051509769094
0.2388913330400352,0.2828860536735592,0.17509898812142544,0.3031236251649802
0.24481693868548743,0.27569475077194533,0.18085575650639613,0.29863255403617117
0.24282560706401765,0.2768211920529801,0.176158940397351,0.30419426048565124
0.24313551815766166,0.2821080602302923,0.17094774136403898,0.3038086802480071
0.24561403508771928,0.2793859649122807,0.16798245614035087,0.30701754385964913
0.25044091710758376,0.27557319223985893,0.1675485008818342,0.3064373897707231
0.24803836094158674,0.2785527462946818,0.17175239755884916,0.3016564952048823
0.2545374059318282,0.2740150509074812,0.16777335104028332,0.30367419212040725
0.2536520584329349,0.2735723771580345,0.17352810978308986,0.29924745462594066
0.24989020641194554,0.2709705753184014,0.1712779973649539,0.30786122090469914
0.24497816593886462,0.27292576419213976,0.17685589519650655,0.3052401746724891
0.2509907529722589,0.2650814619110524,0.1787758696609423,0.3051519154557464
0.2517636684303351,0.2641093474426808,0.18342151675485008,0.30070546737213405
0.25320938468348825,0.2589641434262948,0.18016821602478972,0.30765825586542717
0.25478841870824054,0.25879732739420935,0.18173719376391984,0.3046770601336303
0.25692916849978004,0.25736911570611526,0.18081830180378355,0.30488341399032115
0.25208241999123193,0.2617273125822008,0.1863217886891714,0.29986847873739586
0.2528786536758193,0.25642161204605846,0.18600531443755536,0.3046944198405669
0.254259501965924,0.25688073394495414,0.18872870249017037,0.30013106159895153
0.252863436123348,0.2594713656387665,0.19251101321585903,0.29515418502202645
0.25520602569782896,0.25520602569782896,0.19229065130704476,0.2972972972972973
0.2597345132743363,0.2553097345132743,0.1911504424778761,0.2938053097345133
0.2626041209995616,0.25602805786935556,0.1845681718544498,0.29679964927663305
0.2573203194321207,0.25510204081632654,0.18322981366459629,0.30434782608695654
0.26406734603455917,0.2534337616304829,0.179441736818786,0.3030571555161719
0.2643979057591623,0.2591623036649215,0.17233856893542757,0.30410122164048864
0.2654945054945055,0.2624175824175824,0.16923076923076924,0.3028571428571429
0.26194690265486725,0.26548672566371684,0.1747787610619469,0.297787610619469
0.2631115028646981,0.2666372851476421,0.17055971793741737,0.2996914940502424
0.2605042016806723,0.2649270234409553,0.17337461300309598,0.3011941618752764
0.2639683238011439,0.2644082710074791,0.16981962164540254,0.3018037835459745
0.2664631487134758,0.26166593981683384,0.1735717400784998,0.29829917139119055
0.26445916114790285,0.2671081677704194,0.16777041942604856,0.30066225165562915
0.2627834593152512,0.27212094264117387,0.1676300578034682,0.29746554024010674
0.2685433422698838,0.2743521000893655,0.1675603217158177,0.289544235924933
0.26928162185985016,0.26972234464521816,0.16703393565447333,0.29396209784045835
0.26914660831509846,0.2739606126914661,0.16673960612691466,0.2901531728665208
0.2757562472599737,0.27005699254712845,0.16659359929855327,0.2875931608943446
0.2737676056338028,0.27596830985915494,0.16857394366197184,0.28169014084507044
0.26704545454545453,0.28103146853146854,0.16564685314685315,0.2862762237762238
0.27292672224659936,0.2738043001316367,0.16498464238701185,0.2882843352347521
0.27292672224659936,0.2781921895568232,0.16586222027204914,0.2830188679245283
0.2755458515283843,0.27467248908296943,0.1663755458515284,0.2834061135371179
0.2745270567531896,0.27804663440387156,0.16278046634403873,0.2846458424989001
0.26724890829694326,0.2759825327510917,0.16069868995633188,0.2960698689956332
0.26909569798068483,0.28050921861281825,0.1527655838454785,0.2976294995610184
0.268141592920354,0.27964601769911507,0.1517699115044248,0.3004424778761062
0.2705464238116393,0.2812083518436251,0.15459795646379387,0.2936472678809418
0.26548672566371684,0.28230088495575223,0.15530973451327434,0.29690265486725664
0.2664024658740643,0.28313518273888155,0.1554381329810656,0.2950242184059885
0.2644082710074791,0.2820061592608887,0.15750109986801583,0.29608446986361636
0.26851851851851855,0.281305114638448,0.1574074074074074,0.2927689594356261
0.2629253203711887,0.28413610251878035,0.1581970835174547,0.29474149359257623
0.26060070671378094,0.2826855123674912,0.15945229681978798,0.29726148409893993
0.2576091751213057,0.2867225408028231,0.15483017203352448,0.30083811204234673
0.2590149516270888,0.2854001759014952,0.1547933157431838,0.3007915567282322
0.26054806437581557,0.28621139625924313,0.15050021748586342,0.30274032187907784
0.2618629173989455,0.28295254833040423,0.15509666080843584,0.30008787346221444
0.25296442687747034,0.2845849802371542,0.15766359244620115,0.30478700043917434
0.2503299604047514,0.29036515618125824,0.15882094148702156,0.30048394192696876
0.2523281596452328,0.2811529933481153,0.1605321507760532,0.30598669623059865
0.2550218340611354,0.28209606986899566,0.15764192139737992,0.3052401746724891
0.25229960578186594,0.28602715724923344,0.15418309242225142,0.30749014454664914
0.2552245442418853,0.28546020453534904,0.15206758559359715,0.3072476656291685
0.25341560158660204,0.2794182459233142,0.15954164830321726,0.3076245041868665
0.26222222222222225,0.27955555555555556,0.15422222222222223,0.304
0.2656729504603244,0.2753178430512933,0.15563349408154317,0.3033757124068391
0.263986013986014,0.27403846153846156,0.15515734265734266,0.3068181818181818
0.26868953386103783,0.27396657871591906,0.15303430079155672,0.3043095866314864
0.26117751217352814,0.2810978308986277,0.15670650730411687,0.3010181496237273
0.26689925861317054,0.27649367640645445,0.1587440034888792,0.2978630614914959
0.266489597166888,0.2735723771580345,0.16423196104471005,0.2957060646303674
0.2676923076923077,0.27384615384615385,0.16307692307692306,0.2953846153846154
0.2592429577464789,0.2790492957746479,0.16857394366197184,0.29313380281690143
0.2525120139799039,0.2761031017911752,0.1712538226299694,0.30013106159895153
0.25197541703248466,0.27568042142230026,0.1681299385425812,0.3042142230026339
0.25055432372505543,0.2793791574279379,0.16984478935698447,0.3002217294900222
0.24833997343957503,0.27622841965471445,0.17751217352810977,0.2979194333776007
0.2479230432881504,0.28377787494534323,0.17271534761696547,0.29558373414954087
0.24691901408450703,0.2847711267605634,0.16725352112676056,0.301056338028169
0.24679345422379478,0.2839451570101725,0.16497125165855817,0.30429013710747455
0.24582233948988566,0.28671943711521547,0.16182937554969218,0.30562884784520666
0.24967148488830487,0.28690319754708715,0.15856329391151994,0.30486202365308807
0.25165562913907286,0.293598233995585,0.15717439293598234,0.2975717439293598
0.25806451612903225,0.2889969067609368,0.1586389748121962,0.29429960229783475
0.25594713656387663,0.28854625550660795,0.15859030837004406,0.29691629955947135
0.2586975914362177,0.29348795718108833,0.1543264942016057,0.29348795718108833
0.2598944591029024,0.287598944591029,0.15919085312225154,0.29331574318381703
0.25793650793650796,0.2848324514991182,0.16710758377425045,0.29012345679012347
0.25713032031592803,0.2781921895568232,0.16410706450197454,0.30057042562527425
0.25552608311229,0.28116710875331563,0.16312997347480107,0.3001768346595933
0.25857519788918204,0.27660510114335973,0.16842568161829374,0.2963940193491645
0.26276076342654237,0.2769640479360852,0.17265867731913004,0.28761651131824234
0.2589833479404032,0.275635407537248,0.1761612620508326,0.2892199824715162
0.2572304995617879,0.2791411042944785,0.1691498685363716,0.294478527607362
0.2619047619047619,0.2804232804232804,0.1693121693121693,0.28835978835978837
0.2566137566137566,0.27557319223985893,0.17328042328042328,0.2945326278659612
0.25822007891275756,0.2766330556773345,0.1709776413853573,0.29416922402455065
0.26067811536767943,0.27432848965213563,0.17040951122853368,0.29458388375165123
0.2615182097411145,0.2650285212812637,0.17463799912242212,0.29881526985519963
0.25903083700440527,0.26784140969162995,0.1748898678414097,0.2982378854625551
0.26264848218213815,0.267927848658161,0.16849978002639684,0.300923889133304
0.27177242888402625,0.2722100656455142,0.16105032822757112,0.2949671772428884
0.2768287341217696,0.26237406920718354,0.16688567674113008,0.29391151992991676
0.2733245729303548,0.2645641699518178,0.16644765659220323,0.2956636005256242
0.27324561403508774,0.2662280701754386,0.15964912280701754,0.30087719298245613
0.275621456607065,0.26559092891408637,0.1591801133885739,0.29960750109027473
0.2845132743362832,0.2610619469026549,0.1561946902654867,0.2982300884955752
0.2820061592608887,0.25824901011878576,0.1583809942806863,0.30136383633963926
0.2779003087781209,0.2580502867225408,0.16012351124834584,0.3039258932509925
0.2817777777777778,0.25733333333333336,0.15777777777777777,0.3031111111111111
0.27992957746478875,0.26100352112676056,0.15669014084507044,0.3023767605633803
0.28558797524314766,0.2595048629531388,0.15428824049513704,0.3006189213085765
0.27802101576182137,0.2618213660245184,0.159369527145359,0.30078809106830123
0.27465723131357805,0.2618310482087572,0.15966386554621848,0.3038478549314463
0.27456140350877195,0.26403508771929823,0.1570175438596491,0.3043859649122807
0.274622892635315,0.26441881100266196,0.1574977817213842,0.3034605146406389
0.2796125055041832,0.2611184500220167,0.15279612505504184,0.30647291941875826
0.27824175824175823,0.26285714285714284,0.1564835164835165,0.30241758241758243
0.2774822695035461,0.262854609929078,0.1573581560283688,0.30230496453900707
0.28444838280903856,0.2614089499335401,0.1581745680106336,0.2959680992467878
0.2769640479360852,0.26142920550377274,0.16200621393697293,0.2996005326231691
0.2794894366197183,0.2517605633802817,0.15492957746478872,0.31382042253521125
0.28054697838553155,0.2505513895015439,0.15791795324217026,0.3109836788707543
0.2820738137082601,0.2521968365553603,0.1546572934973638,0.3110720562390158
0.2803198578409596,0.2501110617503332,0.1581519324744558,0.31141714793425146
0.2820061592608887,0.24593048834139902,0.1539815222173339,0.31808183018037833
0.27807017543859647,0.24342105263157895,0.15526315789473685,0.3232456140350877
0.27860915492957744,0.2460387323943662,0.15669014084507044,0.31866197183098594
0.27901883486640383,0.24791940429259746,0.15549715286903198,0.31756460797196673
0.2786309784993418,0.25362000877577884,0.1553312856516016,0.31241772707327775
0.2793468667255075,0.2546337157987643,0.15357458075904679,0.3124448367166814
0.28094820017559263,0.2559262510974539,0.15364354697102722,0.3094820017559263
0.2791519434628975,0.2623674911660777,0.1515017667844523,0.30697879858657245
0.2732506643046944,0.26483613817537643,0.15544729849424269,0.30646589902568644
0.2738043001316367,0.2641509433962264,0.15796401930671347,0.30408073716542344
0.2779973649538867,0.2547211242863417,0.1585419411506368,0.30873956960913485
0.2728081886960392,0.2639074321317312,0.15309301290609703,0.31019136626613264
0.2660427807486631,0.266934046345811,0.1590909090909091,0.30793226381461675
0.26246140273489194,0.26687251874724305,0.15968239964711073,0.3109836788707543
0.2597459483136224,0.26412614980289095,0.15856329391151994,0.31756460797196673
0.258165548098434,0.25906040268456376,0.15704697986577182,0.3257270693512304
0.26048951048951047,0.25917832167832167,0.1590909090909091,0.32124125874125875
0.2611184500220167,0.2633201232937032,0.16160281814178776,0.3139586085424923
0.26017699115044246,0.26371681415929205,0.16327433628318583,0.31283185840707967
0.25587583148558757,0.2620842572062084,0.16452328159645233,0.31751662971175165
0.26282909415439537,0.25167336010709507,0.1570727353859884,0.3284248103525212
0.256993006993007,0.2618006993006993,0.16083916083916083,0.32036713286713286
0.26174791392182695,0.2621870882740448,0.16161616161616163,0.3144488361879666
0.26188380281690143,0.2592429577464789,0.16725352112676056,0.31161971830985913
