R,A,S,N
1.0,0.0,0.0,0.0
0.5,0.0,0.0,0.5
0.3333333333333333,0.0,0.0,0.6666666666666666
0.25,0.0,0.25,0.5
0.125,0.25,0.125,0.5
0.375,0.125,0.125,0.375
0.35714285714285715,0.14285714285714285,0.14285714285714285,0.35714285714285715
0.3157894736842105,0.15789473684210525,0.15789473684210525,0.3684210526315789
0.375,0.125,0.125,0.375
0.4,0.1,0.1,0.4
0.39473684210526316,0.10526315789473684,0.13157894736842105,0.3684210526315789
0.4,0.06666666666666667,0.13333333333333333,0.4
0.42105263157894735,0.05263157894736842,0.10526315789473684,0.42105263157894735
0.4126984126984127,0.047619047619047616,0.14285714285714285,0.3968253968253968
0.4246575342465753,0.0547945205479452,0.136986301369863,0.3835616438356164
0.44565217391304346,0.043478260869565216,0.13043478260869565,0.3804347826086957
0.42,0.07,0.12,0.39
0.4049586776859504,0.09090909090909091,0.11570247933884298,0.3884297520661157
0.3706293706293706,0.11888111888111888,0.13286713286713286,0.3776223776223776
0.358974358974359,0.10256410256410256,0.14102564102564102,0.3974358974358974
0.36416184971098264,0.11560693641618497,0.13872832369942195,0.3815028901734104
0.3526315789473684,0.11578947368421053,0.14210526315789473,0.3894736842105263
0.36893203883495146,0.10194174757281553,0.13592233009708737,0.3932038834951456
0.3644067796610169,0.11864406779661017,0.13135593220338984,0.3855932203389831
0.3590733590733591,0.13513513513513514,0.11583011583011583,0.38996138996138996
0.36428571428571427,0.14285714285714285,0.125,0.3678571428571429
0.36507936507936506,0.1492063492063492,0.11428571428571428,0.37142857142857144
0.3560830860534125,0.142433234421365,0.11572700296735905,0.3857566765578635
0.3351063829787234,0.15425531914893617,0.11436170212765957,0.3962765957446808
0.31990521327014215,0.15639810426540285,0.13270142180094788,0.3909952606635071
0.32505643340857787,0.16930022573363432,0.12866817155756208,0.37697516930022573
0.32786885245901637,0.17008196721311475,0.1290983606557377,0.3729508196721312
0.30902111324376197,0.18426103646833014,0.12667946257197696,0.3800383877159309
0.2972972972972973,0.1891891891891892,0.12972972972972974,0.3837837837837838
0.2913907284768212,0.21026490066225165,0.12582781456953643,0.37251655629139074
0.29017160686427457,0.21684867394695787,0.11856474258970359,0.374414976599064
0.2895125553914328,0.22895125553914328,0.11964549483013294,0.361890694239291
0.28416779431664413,0.2449255751014885,0.11772665764546685,0.3531799729364005
0.27686472819216185,0.25663716814159293,0.11378002528445007,0.3527180783817952
0.2822966507177033,0.2535885167464115,0.11602870813397129,0.3480861244019139
0.2734375,0.2622767857142857,0.1171875,0.3470982142857143
0.27689030883919064,0.26091586794462196,0.11714589989350373,0.3450479233226837
0.2694248234106963,0.26538849646821394,0.12209889001009082,0.343087790110999
0.27714285714285714,0.25523809523809526,0.13047619047619047,0.33714285714285713
0.26715462031107046,0.25709057639524246,0.1280878316559927,0.34766697163769444
0.25961538461538464,0.26486013986013984,0.12412587412587413,0.3513986013986014
0.26333615580016934,0.25994919559695173,0.12870448772226925,0.34801016088060965
0.2621753246753247,0.25892857142857145,0.12824675324675325,0.35064935064935066
0.2536066818526955,0.2627182991647684,0.12908124525436598,0.3545937737281701
0.2582538517975055,0.26265590608950845,0.12839325018341893,0.35069699192956716
0.2503576537911302,0.26180257510729615,0.13447782546494993,0.35336194563662376
0.25105782792665726,0.24964739069111425,0.1389280677009873,0.3603667136812412
0.25239398084815323,0.259233926128591,0.12995896032831739,0.35841313269493846
0.24242424242424243,0.2602108036890646,0.1310935441370224,0.3662714097496706
0.241180243745991,0.2604233483001924,0.1340602950609365,0.36433611289288004
0.23788546255506607,0.2567652611705475,0.14285714285714285,0.36249213341724357
0.2330736968244458,0.26123427201917315,0.14919113241461954,0.35650089874176155
0.23577712609970675,0.2563049853372434,0.1501466275659824,0.35777126099706746
0.23665893271461716,0.2511600928074246,0.15603248259860789,0.3561484918793503
0.23413812464907355,0.24705221785513756,0.16619876473891074,0.3526108927568782
0.23431426985008327,0.24708495280399778,0.17046085508051081,0.34813992226540813
0.23645058448459086,0.24442082890541977,0.16578108395324123,0.35334750265674814
0.2363157894736842,0.24210526315789474,0.17473684210526316,0.3468421052631579
0.2370757180156658,0.2464751958224543,0.17023498694516973,0.3462140992167102
0.23898392949714878,0.24727838258164853,0.16951788491446346,0.34421980300673927
0.23705583756345178,0.25076142131979695,0.16446700507614212,0.3477157360406091
0.23893360160965796,0.25201207243460766,0.16046277665995975,0.3485915492957746
0.23209876543209876,0.2508641975308642,0.1674074074074074,0.3496296296296296
0.23933300637567434,0.24472780774889652,0.1706718979892104,0.34526728788621874
0.2448092708836311,0.2491549975857074,0.16803476581361662,0.3380009657170449
0.2534672405547585,0.2458153993304639,0.16881874701099953,0.3318986131037781
0.25036390101892286,0.24211547792333818,0.170790878214459,0.33672974284327994
0.2532312111057922,0.24509334609861178,0.1685016754427956,0.3331737673528004
0.25202092249167857,0.24631478839752735,0.17023300047551118,0.33143128863528293
0.25666666666666665,0.2438095238095238,0.16666666666666666,0.33285714285714285
0.2554502369668246,0.23696682464454977,0.17014218009478674,0.33744075829383885
0.25523809523809526,0.24,0.1680952380952381,0.33666666666666667
0.25797239409804856,0.23607805806758686,0.16991908614945264,0.33603046168491196
0.25864519185220275,0.23922311700615823,0.17385125532922785,0.3282804358124112
0.25832540437678403,0.23834443387250237,0.17554709800190296,0.32778306374881067
0.25651967757230915,0.24039829302987198,0.17449027975343764,0.3285917496443812
0.26303428839830906,0.23860967590418036,0.17942696101456082,0.31892907468294973
0.26914044152184124,0.23297322686707375,0.185533114138093,0.312353217472992
0.2771764705882353,0.22870588235294118,0.18635294117647058,0.30776470588235294
0.27798507462686567,0.2271455223880597,0.1837686567164179,0.3111007462686567
0.28113382899628253,0.22815985130111524,0.17936802973977695,0.31133828996282525
0.28095238095238095,0.23047619047619047,0.18285714285714286,0.3057142857142857
0.2776735459662289,0.2303001876172608,0.18198874296435272,0.3100375234521576
0.2773069679849341,0.23022598870056496,0.18220338983050846,0.3102636534839925
0.28330995792426367,0.22767648433847593,0.17999064983637214,0.30902290790088827
0.27900552486187846,0.23572744014732966,0.17449355432780847,0.31077348066298344
0.276230269266481,0.23862581244196843,0.17827298050139276,0.30687093779015784
0.2778034148592524,0.233502538071066,0.17951084448546378,0.30918320258421783
0.2768022181146026,0.22966728280961182,0.18853974121996303,0.3049907578558225
0.27752081406105455,0.23543015726179464,0.18501387604070305,0.30203515263644776
0.2753354928273947,0.23183711244794078,0.18509949097639983,0.3077279037482647
0.27281191806331473,0.23649906890130354,0.18668528864059591,0.30400372439478585
0.26805555555555555,0.2351851851851852,0.1865740740740741,0.3101851851851852
0.27009345794392525,0.2294392523364486,0.18271028037383177,0.3177570093457944
0.2699300699300699,0.2386946386946387,0.17762237762237762,0.31375291375291375
0.2714016933207902,0.23800564440263405,0.18062088428974601,0.30997177798682973
0.2671648762260626,0.23166744511910323,0.1835590845399346,0.31760859411489956
0.2669491525423729,0.2349340866290019,0.17937853107344634,0.3187382297551789
0.2698412698412698,0.22875816993464052,0.18020541549953314,0.3211951447245565
0.2722562411681583,0.22373999057936883,0.18040508714083844,0.3235986811116345
0.2741020793950851,0.22164461247637052,0.1819470699432892,0.3223062381852552
0.27429906542056076,0.22383177570093457,0.18878504672897195,0.3130841121495327
0.28005657708628007,0.22112211221122113,0.1867043847241867,0.31211692597831214
0.28071833648393196,0.2273156899810964,0.1843100189035917,0.30765595463137996
0.2722937529804483,0.23557463042441584,0.18693371483071053,0.30519790176442535
0.26904985888993416,0.2323612417685795,0.1876763875823142,0.31091251175917217
0.27242990654205607,0.23130841121495327,0.19018691588785047,0.3060747663551402
0.2787878787878788,0.23216783216783216,0.18834498834498833,0.3006993006993007
0.2766355140186916,0.23925233644859814,0.18504672897196262,0.29906542056074764
0.27539608574091334,0.23998136067101583,0.1831314072693383,0.30149114631873253
0.27450980392156865,0.23249299719887956,0.18907563025210083,0.30392156862745096
0.26784881007932804,0.23471768548763416,0.19272048530097993,0.30471301913205784
0.2594995366079703,0.24467099165894346,0.19647822057460612,0.29935125115848005
0.2603826411572562,0.24078394773681755,0.1950536630891274,0.30377974801679886
0.2627599243856333,0.24574669187145556,0.1899810964083176,0.30151228733459357
0.2623181604880338,0.24260910370717972,0.19239793524167056,0.3026748005631159
0.2648018648018648,0.2400932400932401,0.19347319347319347,0.3016317016317016
0.2630605640314378,0.241793804900601,0.1900138696255201,0.30513176144244103
0.2641157256182921,0.23985067662155857,0.19598693420438637,0.3000466635557629
0.2610516519311308,0.2415076779897627,0.19962773382968824,0.29781293624941835
0.25866916588566075,0.23570759137769448,0.19775070290534208,0.3078725398313027
0.25980160604629193,0.23712801133679737,0.19839395370807747,0.30467642890883323
0.2577464788732394,0.2403755868544601,0.19201877934272302,0.30985915492957744
0.25613207547169814,0.23537735849056604,0.19150943396226416,0.3169811320754717
0.25,0.2350467289719626,0.20046728971962616,0.3144859813084112
0.2444653791804051,0.23834196891191708,0.19500706547338673,0.32218558643429107
0.25035360678925034,0.23526638378123527,0.19896275341819897,0.31541725601131543
0.25368871965730605,0.23607805806758686,0.19609709662065683,0.31413612565445026
0.256011315417256,0.23385195662423386,0.19283356907119284,0.3173031588873173
0.25832540437678403,0.23311132254995243,0.19790675547098002,0.3106565176022835
0.2573153738968881,0.23084068741291222,0.20065025545750115,0.3111936832326986
0.26180458158017766,0.22954651706404863,0.19775596072931276,0.31089294062646095
0.2614530310041647,0.22813512262841276,0.1980564553447478,0.3123553910226747
0.26296296296296295,0.23148148148148148,0.19814814814814816,0.3074074074074074
0.26564673157162727,0.23504867872044508,0.19610570236439498,0.3031988873435327
0.2646920545369064,0.23413258110014104,0.19887165021156558,0.3023037141513869
0.26666666666666666,0.23990610328638498,0.19953051643192488,0.29389671361502345
0.26207219878105953,0.24050632911392406,0.2011251758087201,0.2962962962962963
0.2652113330236879,0.24384579656293545,0.19786344635392475,0.2930794240594519
0.2721726888784608,0.24307836696386673,0.19474425152510558,0.2900046926325669
0.2760879737950398,0.23210107627515209,0.2021525503041647,0.28965839962564344
0.2791023842917251,0.22720897615708274,0.2061711079943899,0.28751753155680226
0.27153558052434457,0.22705992509363296,0.21301498127340823,0.2883895131086142
0.2802784222737819,0.21948955916473317,0.21160092807424594,0.288631090487239
0.2680169571361281,0.2265661799340556,0.20913801224682055,0.29627885068299575
0.26937618147448017,0.22637051039697542,0.20652173913043478,0.29773156899810965
0.2749173358526216,0.23193197921587153,0.2017005196032121,0.29145016532829476
0.2725129655822725,0.22866572371522867,0.20462046204620463,0.2942008486562942
0.2733333333333333,0.23523809523809525,0.20047619047619047,0.29095238095238096
0.27543776620918126,0.23946994794131565,0.1992427827733081,0.285849503076195
0.27543776620918126,0.23946994794131565,0.1982962612399432,0.2867960246095599
0.2772511848341232,0.24218009478672986,0.1966824644549763,0.2838862559241706
0.2786885245901639,0.24402810304449649,0.2,0.27728337236533956
0.27780384795870483,0.25199436884091975,0.18958235570154858,0.28061942749882685
0.2738317757009346,0.2607476635514019,0.1911214953271028,0.27429906542056076
0.2688919796012981,0.2619378766805749,0.18961520630505332,0.2795549374130737
0.2696786213320913,0.2631578947368421,0.18770377270610153,0.27945971122496505
0.2779833487511563,0.25624421831637373,0.19241443108233117,0.27335800185013875
0.2779086198775318,0.25906735751295334,0.19453603391427227,0.2684879886952426
0.2777260018639329,0.2590866728797763,0.19384902143522834,0.26933830382106244
0.2779329608938548,0.24860335195530725,0.1978584729981378,0.2756052141527002
0.2764489420423183,0.24701011959521618,0.20377184912603497,0.27276908923643056
0.278498609823911,0.24420759962928637,0.20389249304911955,0.27340129749768305
0.2743280815569972,0.2571825764596849,0.1978683966635774,0.2706209453197405
0.2744186046511628,0.2609302325581395,0.19069767441860466,0.27395348837209305
0.2702576112412178,0.2641686182669789,0.19250585480093677,0.2730679156908665
0.27661596958174905,0.2585551330798479,0.19296577946768062,0.2718631178707224
0.2831524303916942,0.25908447380840016,0.1901840490797546,0.26757904672015104
0.2906542056074766,0.25981308411214954,0.18738317757009346,0.26214953271028035
0.2805451127819549,0.26550751879699247,0.19078947368421054,0.2631578947368421
0.2799065420560748,0.26401869158878505,0.19065420560747665,0.26542056074766357
0.28451492537313433,0.2630597014925373,0.18703358208955223,0.2653917910447761
0.2787569573283859,0.2606679035250464,0.19573283858998144,0.26484230055658625
0.2686008423022929,0.270004679457183,0.19232569021993448,0.2690687880205896
0.26869158878504673,0.2607476635514019,0.19766355140186917,0.27289719626168224
0.26626111371080957,0.2648572765559195,0.19981282171268133,0.2690687880205896
0.26502095947834187,0.26502095947834187,0.19841639496972518,0.2715416860735911
0.26394052044609667,0.26812267657992567,0.19842007434944237,0.2695167286245353
0.26688402421984164,0.26548672566371684,0.19329296693060083,0.2743362831858407
0.2663857677902622,0.26217228464419473,0.19241573033707865,0.27902621722846443
0.2749414519906323,0.26276346604215456,0.18922716627634661,0.2730679156908665
0.27780362959516053,0.2629129827826896,0.19404374127501164,0.2652396463471382
0.2705992509363296,0.26779026217228463,0.19147940074906367,0.2701310861423221
0.2693032015065913,0.2693032015065913,0.18973634651600754,0.2716572504708098
0.26685133887349954,0.27146814404432135,0.1925207756232687,0.2691597414589104
0.26697892271662765,0.26885245901639343,0.19625292740046837,0.2679156908665105
0.27136150234741785,0.2671361502347418,0.19014084507042253,0.27136150234741785
0.27289807421324563,0.26397369657116015,0.1883513386566463,0.2747768905589479
0.27058823529411763,0.2748235294117647,0.18305882352941177,0.2715294117647059
0.2640977443609023,0.28148496240601506,0.17716165413533835,0.27725563909774437
0.26750115901715343,0.28372739916550765,0.1743161798794622,0.27445526193787667
0.27128157156220767,0.2778297474275023,0.17633302151543498,0.274555659494855
0.26614026939154667,0.2851834649326521,0.17464003715745471,0.27403622851834647
0.2623716153127918,0.28664799253034545,0.176937441643324,0.2740429505135388
0.2618488972313468,0.28296574378226186,0.18019709056780855,0.2749882684185828
0.2643089809213588,0.2824569567240577,0.1810144253140996,0.27221963704048396
0.25901639344262295,0.2866510538641686,0.17985948477751756,0.27447306791569087
0.24895300139599813,0.28664495114006516,0.18194509073987902,0.2824569567240577
0.25244527247321846,0.29576152771308806,0.17140195621797857,0.28039124359571493
0.25375234521575984,0.2875234521575985,0.17636022514071295,0.28236397748592873
0.2566744730679157,0.2758782201405152,0.17330210772833723,0.29414519906323183
0.25875118259224217,0.2753074739829707,0.17644276253547778,0.28949858088930935
0.2716927453769559,0.2754860123281176,0.1716453295400664,0.28117591275486015
0.26613283089967027,0.2717852096090438,0.17286858219500706,0.28921337729627883
0.2603826411572562,0.2762482501166589,0.17452169855342978,0.28884741017265514
0.2607058823529412,0.27105882352941174,0.17882352941176471,0.28941176470588237
0.2628356099858691,0.2670748940178992,0.17804992934526614,0.2920395666509656
0.25934690014197825,0.2702318977756744,0.17510648367250356,0.2953147184098438
0.2596606974552309,0.2761545711592837,0.17200754005655042,0.292177191328935
0.2575266327003242,0.27095877721167205,0.17369152385363595,0.2978230662343678
0.2548476454293629,0.2719298245614035,0.1731301939058172,0.30009233610341646
0.2568764568764569,0.2787878787878788,0.17296037296037295,0.2913752913752914
0.26101218369259604,0.28209934395501407,0.1682286785379569,0.28865979381443296
0.26952022577610535,0.2779868297271872,0.1669802445907808,0.28551269990592665
0.2646920545369064,0.2778561354019746,0.17066290550070523,0.2867889045604137
0.25523986958546807,0.27852817885421516,0.16627852817885422,0.2999534233814625
0.2557919621749409,0.2784869976359338,0.16453900709219857,0.3011820330969267
0.25308056872037915,0.2777251184834123,0.16255924170616115,0.3066350710900474
0.24976258309591642,0.27635327635327633,0.16381766381766383,0.3100664767331434
0.25223529411764706,0.28094117647058825,0.16,0.3068235294117647
0.2564827911362565,0.2842998585572843,0.15841584158415842,0.3008015087223008
0.26045627376425856,0.28422053231939165,0.15541825095057035,0.29990494296577946
0.2538933459178858,0.2892873997168476,0.15667767815007078,0.3001415762151958
0.2535014005602241,0.28898225957049484,0.1549953314659197,0.3025210084033613
0.25069508804448565,0.29471733086190915,0.1566265060240964,0.2979610750695088
0.25104993000466636,0.3019132057862809,0.15212319178721417,0.2949136724218385
0.25621773815110277,0.2970436414828719,0.14828718911309244,0.2984514312529329
0.24402573529411764,0.30514705882352944,0.15211397058823528,0.29871323529411764
0.23802882380288237,0.30590423059042304,0.15248721524872152,0.30357973035797303
0.2431299487657196,0.30274802049371213,0.15556590591523056,0.29855612482533767
0.24929311969839774,0.30113100848256363,0.1540999057492931,0.2954759660697455
0.24819971195391263,0.30244839174267885,0.15458473355736918,0.29476716274603937
0.24964539007092199,0.30685579196217494,0.1536643026004728,0.28983451536643023
0.2470643494598403,0.30812588069516206,0.15641146077970877,0.28839830906528885
0.2511737089201878,0.3028169014084507,0.160093896713615,0.2859154929577465
0.24976437323279924,0.30207351555136663,0.16116870876531575,0.28699340245051835
0.25319451017510647,0.3014671083767156,0.16138192143871274,0.28395646000946523
0.25023562676720074,0.30348727615457116,0.16069745523091422,0.2855796418473139
0.25023430178069356,0.29662605435801315,0.16494845360824742,0.2881911902530459
0.24343675417661098,0.3073985680190931,0.15894988066825777,0.2902147971360382
0.24477186311787072,0.30750950570342206,0.15541825095057035,0.29230038022813687
0.23921200750469043,0.3100375234521576,0.15666041275797374,0.29409005628517826
0.23748819641170915,0.3125590179414542,0.15769593956562794,0.29225684608120867
0.23905882352941177,0.3044705882352941,0.16141176470588237,0.29505882352941176
0.23026004728132388,0.3115839243498818,0.166903073286052,0.2912529550827423
0.22029934518241348,0.32039289055191766,0.166510757717493,0.29279700654817586
0.2237464522232734,0.31267738883632923,0.16603595080416272,0.2975402081362346
0.23065902578796563,0.31470869149952246,0.16427889207258833,0.2903533906399236
0.22301136363636365,0.3158143939393939,0.16714015151515152,0.2940340909090909
0.22912713472485768,0.3192599620493359,0.16318785578747627,0.2884250474383302
0.23048153342683497,0.32071061243571763,0.16690042075736325,0.28190743338008417
0.22893258426966293,0.324438202247191,0.16666666666666666,0.2799625468164794
0.22383177570093457,0.32897196261682243,0.1677570093457944,0.2794392523364486
0.22487143525011688,0.33473585787751287,0.16877045348293596,0.2716222533894343
0.21588785046728973,0.33598130841121493,0.16682242990654206,0.28130841121495326
0.21854613233923578,0.32805219012115566,0.16589002795899346,0.2875116495806151
0.222483537158984,0.3222013170272813,0.17074317968015051,0.2845719661335842
0.2261116367076632,0.3192999053926206,0.16603595080416272,0.28855250709555347
0.225093984962406,0.31296992481203006,0.16400375939849623,0.29793233082706766
0.23253633380215658,0.3136427566807314,0.16268166901078293,0.2911392405063291
0.2272938984629716,0.31811830461108526,0.16441546343735444,0.29017233348858873
0.22807835820895522,0.3208955223880597,0.16557835820895522,0.28544776119402987
0.2290292177191329,0.32092365692742697,0.1696512723845429,0.28039585296889724
0.225130890052356,0.3269871489766778,0.16373155640171347,0.2841504045692527
0.22753074739829707,0.3254493850520341,0.16461684011352887,0.28240302743614004
0.22790697674418606,0.3172093023255814,0.16744186046511628,0.2874418604651163
0.23381462505822076,0.319981369352585,0.1616208663251048,0.2845831392640894
0.23066104078762306,0.31879981247069855,0.1617440225035162,0.2887951242381622
0.23434535104364326,0.321157495256167,0.15891840607210625,0.2855787476280835
0.22908745247148288,0.32129277566539927,0.16492395437262358,0.2846958174904943
0.2259294566253575,0.32221163012392756,0.16920877025738798,0.28265014299332697
0.22690667929891048,0.31833254381809567,0.16816674561819042,0.28659403126480343
0.2296157450796626,0.3233364573570759,0.15979381443298968,0.2872539831302718
0.23320719016083255,0.32355723746452225,0.15515610217596973,0.28807947019867547
0.2295004712535344,0.32045240339302544,0.15551366635249764,0.2945334590009425
0.23601316408086506,0.3215796897038082,0.152797367183827,0.28960977903149976
0.23743016759776536,0.31517690875232773,0.15083798882681565,0.29655493482309125
0.2342857142857143,0.31857142857142856,0.1457142857142857,0.30142857142857143
0.23649289099526066,0.32132701421800947,0.13981042654028436,0.3023696682464455
0.23051643192488264,0.32347417840375586,0.14178403755868543,0.30422535211267604
0.2271010387157696,0.3314447592067989,0.14117091595845138,0.3002832861189802
0.2322853120600657,0.332707648991084,0.14500234631628345,0.2900046926325669
0.23847601128880527,0.319379115710254,0.14111006585136407,0.30103480714957664
0.2315247895229186,0.3199251637043966,0.1449953227315248,0.30355472404115996
0.23384472338447235,0.31892143189214317,0.1390051139005114,0.3082287308228731
0.22807835820895522,0.3208955223880597,0.14505597014925373,0.30597014925373134
0.22774621212121213,0.31865530303030304,0.1434659090909091,0.31013257575757575
0.22175141242937854,0.3159133709981168,0.1445386064030132,0.3177966101694915
0.22274657857479943,0.32090608777725343,0.13732892873997168,0.31901840490797545
0.21901608325449384,0.32781456953642385,0.13812677388836328,0.315042573320719
0.22350674373795762,0.3236994219653179,0.13728323699421965,0.3155105973025048
0.21687321258341277,0.3198284080076263,0.13918017159199236,0.32411820781696854
0.22085308056872038,0.3184834123222749,0.13791469194312797,0.3227488151658768
0.22275107091861018,0.3188957639219419,0.1346977629700143,0.3236554021894336
0.2226432970156324,0.3254381809568925,0.13169114163903364,0.3202273803884415
0.23094795539033458,0.3201672862453532,0.12964684014869887,0.31923791821561337
0.23444080486663546,0.3196069255966308,0.13430042115114646,0.3116518483855873
0.23874940786357177,0.3140691615348176,0.13642823306489815,0.31075319753671243
0.24170616113744076,0.3104265402843602,0.13791469194312797,0.30995260663507107
0.24067164179104478,0.3101679104477612,0.13619402985074627,0.31296641791044777
0.23694029850746268,0.3111007462686567,0.13619402985074627,0.31576492537313433
0.23822843822843823,0.3067599067599068,0.13566433566433567,0.31934731934731936
0.23668081093823667,0.3102310231023102,0.132013201320132,0.32107496463932106
0.23628691983122363,0.3061415846225973,0.14111579934364746,0.31645569620253167
0.2328511432571162,0.30471301913205784,0.14232384507699486,0.3201119925338311
0.2296227293898463,0.304145319049837,0.14345598509548207,0.32277596646483464
0.22843601895734597,0.3066350710900474,0.14691943127962084,0.3180094786729858
0.22425952045133993,0.304184297132111,0.14950634696755993,0.3220498354489892
0.2226930320150659,0.3074387947269303,0.14736346516007534,0.3225047080979284
0.22237960339943344,0.307837582625118,0.1534466477809254,0.31633616619452315
0.2234192037470726,0.3114754098360656,0.15644028103044497,0.30866510538641684
0.21960414703110273,0.31291234684260133,0.15692742695570217,0.3105560791705938
0.2154280338664158,0.3123236124176858,0.16133584195672623,0.31091251175917217
0.21869158878504674,0.3126168224299065,0.16121495327102803,0.3074766355140187
0.22149225715626467,0.30924448615673394,0.15954950727358047,0.30971374941342095
0.22373999057936883,0.3028732925105982,0.15591144606688648,0.3174752708431465
0.23015500234852043,0.3010803193987788,0.1512447158290277,0.3175199624236731
0.23018867924528302,0.30849056603773584,0.14481132075471698,0.31650943396226416
0.22415413533834586,0.32142857142857145,0.14285714285714285,0.31156015037593987
0.23253633380215658,0.3206751054852321,0.13877168307548055,0.3080168776371308
0.2363125877398222,0.3172671970051474,0.1357042583060365,0.3107159569489939
0.24215456674473068,0.3199063231850117,0.13489461358313817,0.30304449648711945
0.24232404345772318,0.32120925838450637,0.13273500236183278,0.3037316957959377
0.2457627118644068,0.3102636534839925,0.13606403013182675,0.307909604519774
0.24666359871145882,0.30878969167050163,0.13575701794753797,0.30878969167050163
0.244246124941287,0.3067167684358854,0.13997181775481446,0.30906528886801315
0.24535493091948546,0.30728918532634586,0.13863744640304906,0.3087184373511196
0.24542468324730174,0.31112153918348195,0.1337400281557954,0.30971374941342095
0.25140449438202245,0.3089887640449438,0.13342696629213482,0.3061797752808989
0.24489795918367346,0.30890538033395176,0.1377551020408163,0.30844155844155846
0.2468205369759774,0.30852567121997176,0.13801224682053698,0.30664154498351387
0.24893717524799244,0.30751062824752007,0.13840340103920643,0.30514879546528106
0.24893917963224893,0.30174446016030176,0.14002828854314003,0.30928807166430927
0.24307836696386673,0.3026748005631159,0.13890192397935242,0.3153449084936649
0.23981264637002342,0.2983606557377049,0.14660421545667449,0.3152224824355972
0.24894316580554252,0.2902771254109911,0.15171441991545326,0.30906528886801315
0.2469654528478058,0.2931839402427638,0.14892623716153128,0.31092436974789917
0.25383542538354253,0.29102742910274293,0.14644351464435146,0.3086936308693631
0.25409452503509594,0.28685072531586336,0.14553111839026672,0.31352363125877397
0.25,0.2877094972067039,0.15130353817504655,0.31098696461824954
0.2504655493482309,0.2877094972067039,0.15363128491620112,0.30819366852886404
0.25129411764705883,0.2912941176470588,0.14541176470588235,0.312
0.26173541963015645,0.2925557136083452,0.14319582740635373,0.3025130393551446
0.2587181903864279,0.2992459943449576,0.1423185673892554,0.2997172478793591
0.2554296506137866,0.29981114258734654,0.14117091595845138,0.3035882908404155
0.2559774964838256,0.29535864978902954,0.14299109235818097,0.3056727613689639
0.2618595825426945,0.286527514231499,0.1484819734345351,0.3031309297912713
0.26180458158017766,0.27816736792893876,0.15614773258532025,0.30388031790556336
0.26234855545200375,0.2749301025163094,0.15237651444547995,0.3103448275862069
0.2607476635514019,0.2822429906542056,0.15093457943925234,0.3060747663551402
0.26113172541743973,0.28014842300556586,0.1525974025974026,0.30612244897959184
0.25936329588014984,0.2799625468164794,0.15262172284644196,0.3080524344569288
0.2662307333021952,0.2713685193834657,0.15787015413358244,0.30453059318075665
0.2682696841112683,0.2776991984912777,0.157001414427157,0.297029702970297
0.2670748940178992,0.2722562411681583,0.16580310880829016,0.2948657560056524
0.27204853009799346,0.26784881007932804,0.16052263182454504,0.29958002799813344
0.2666034155597723,0.2656546489563567,0.16650853889943074,0.3012333965844402
0.27098880597014924,0.26399253731343286,0.16557835820895522,0.2994402985074627
0.27307146237576907,0.26171320397539044,0.17084713677236157,0.2943681968764789
0.2686849574266793,0.2696310312204352,0.1707663197729423,0.29091769157994324
0.2579121398205007,0.2749173358526216,0.16910722720831364,0.298063297118564
0.2621404997642621,0.2758132956152758,0.16831683168316833,0.29372937293729373
0.2660121552127162,0.2791023842917251,0.16830294530154277,0.2865825151940159
0.27302477793361385,0.2720897615708275,0.16503038803179054,0.2898550724637681
0.27323680523120036,0.272302662307333,0.16394208313872022,0.2905184493227464
0.2719174871073605,0.27285513361462727,0.16549460853258322,0.28973277074542897
0.2738205365402405,0.27150786308973174,0.16466234967622573,0.290009250693802
0.27928341754708313,0.27285254937988057,0.16352779053743685,0.28433624253559947
0.2764378478664193,0.27411873840445267,0.16651205936920221,0.2829313543599258
0.2741403674046161,0.28120584079133304,0.16156382477626002,0.2830899670277909
0.27345591702027344,0.2842998585572843,0.157001414427157,0.28524280999528523
0.27285513361462727,0.2808251289263948,0.16268166901078293,0.28363806844819506
0.27340823970037453,0.28698501872659177,0.15730337078651685,0.28230337078651685
0.2751152073732719,0.28525345622119813,0.15391705069124423,0.2857142857142857
0.2706592386258124,0.287372330547818,0.15691736304549675,0.2850510677808728
0.2765661252900232,0.28955916473317866,0.15591647331786543,0.2779582366589327
0.278393351800554,0.2820867959372115,0.15974145891043398,0.27977839335180055
0.27408096789204284,0.2824569567240577,0.15821312238250348,0.285248953001396
0.27187646233036966,0.2854468881609733,0.15722976134768366,0.2854468881609733
0.2666978047641289,0.28397944885567494,0.16207379729098553,0.28724894908921067
0.2676649508656996,0.2877866167524567,0.15676181562938699,0.2877866167524567
0.2687617260787992,0.28330206378986866,0.16604127579737335,0.28189493433395874
0.2776230269266481,0.2748375116063138,0.16434540389972144,0.28319405756731664
0.28057889822595705,0.27684407096171804,0.16106442577030813,0.2815126050420168
0.27699530516431925,0.2812206572769953,0.16619718309859155,0.2755868544600939
0.2779597566682265,0.2854468881609733,0.1647168928404305,0.27187646233036966
0.2749173358526216,0.29192253188474254,0.16816249409541806,0.2649976381672178
0.2729857819905213,0.290521327014218,0.16161137440758294,0.27488151658767773
0.2840962718263332,0.291647003303445,0.1562057574327513,0.2680509674374705
0.27952941176470586,0.2912941176470588,0.16188235294117648,0.26729411764705885
0.2780121894045945,0.28504453820909514,0.1589310829817159,0.2780121894045945
0.2753149790013999,0.28184787680821277,0.16518898740083995,0.27764815678954735
0.27845149253731344,0.2868470149253731,0.166044776119403,0.26865671641791045
0.27320075757575757,0.29450757575757575,0.16382575757575757,0.2684659090909091
0.27845719661335844,0.29350893697083724,0.16227657572906867,0.26575729068673565
0.27906976744186046,0.3,0.16093023255813954,0.26
0.28130841121495326,0.2911214953271028,0.15981308411214953,0.2677570093457944
0.28108869075551385,0.2904739558892539,0.15861098076020647,0.2698263725950258
0.2814538676607642,0.29217148182665426,0.1602982292637465,0.266076421248835
0.2805219012115564,0.2912395153774464,0.16169617893755825,0.26654240447343897
0.27780362959516053,0.28850628199162404,0.16612377850162866,0.2675663099115868
0.2817497648165569,0.28363123236124177,0.16933207902163688,0.26528692380056446
0.2802816901408451,0.2812206572769953,0.16901408450704225,0.26948356807511736
0.2795497185741088,0.27861163227016883,0.174953095684803,0.2668855534709193
0.2800743149094287,0.2754296330701347,0.17185322805387832,0.2726428239665583
0.2755868544600939,0.28169014084507044,0.16854460093896714,0.27417840375586855
0.2791569086651054,0.27775175644028105,0.17049180327868851,0.27259953161592504
0.2792959703566466,0.2755905511811024,0.17044928207503474,0.2746641963872163
0.27890841813135986,0.2802960222016651,0.16604995374653098,0.27474560592044406
0.28431828757561656,0.2764076314564914,0.1670544439274081,0.27221963704048396
0.2839851024208566,0.2648975791433892,0.17458100558659218,0.276536312849162
0.2868544600938967,0.2661971830985915,0.1704225352112676,0.2765258215962441
0.2806361085126286,0.26192703461178674,0.1744621141253508,0.2829747427502339
0.2766251728907331,0.2627939142461964,0.17657906869525128,0.28400184416781926
0.28106095858538854,0.2587249883666822,0.18008375988832015,0.28013029315960913
0.2791353383458647,0.25892857142857145,0.18703007518796994,0.274906015037594
0.2767562470532768,0.2522395096652522,0.19141914191419143,0.2795851013672796
0.2776190476190476,0.25523809523809526,0.19285714285714287,0.2742857142857143
0.27753934191702434,0.2608488316642823,0.19360991893180735,0.268001907486886
0.27775153519130846,0.26074633915918755,0.19744922059518186,0.26405290505432216
0.277698525915359,0.2548739895387542,0.20256776034236804,0.2648597242035188
0.27984898537045777,0.2524775837659273,0.20245398773006135,0.26521944313355356
0.26933962264150946,0.2608490566037736,0.2018867924528302,0.2679245283018868
0.27281368821292773,0.25665399239543724,0.20484790874524714,0.2656844106463878
0.26392823418319167,0.254957507082153,0.20585457979225685,0.2752596789423985
0.26229508196721313,0.2651053864168618,0.20655737704918034,0.26604215456674474
0.262004662004662,0.2662004662004662,0.21072261072261073,0.26107226107226106
0.2603189493433396,0.27345215759849906,0.2101313320825516,0.25609756097560976
0.2529439472444654,0.27602449364107395,0.20772491756947717,0.2633066415449835
0.25432445067788684,0.27302477793361385,0.2099111734455353,0.262739597942964
0.2587181903864279,0.27379830348727613,0.21394910461828465,0.2535344015080113
0.25311004784688995,0.2751196172248804,0.21483253588516746,0.2569377990430622
0.25727699530516435,0.27417840375586855,0.2084507042253521,0.26009389671361505
0.25929368029739774,0.2736988847583643,0.21096654275092938,0.25604089219330856
0.25784966698382494,0.2687916270218839,0.21408182683158897,0.2592768791627022
0.2569674067076051,0.2725555030703826,0.2135096835144072,0.2569674067076051
0.24614666043904718,0.2765063054647361,0.21531994395142456,0.26202709014479214
0.25256290773532153,0.2721342031686859,0.21388630009319665,0.2614165890027959
0.25825965565379244,0.2684969753373662,0.21498371335504887,0.25825965565379244
0.25280898876404495,0.27762172284644193,0.21161048689138576,0.25795880149812733
0.25870178739416744,0.2756349952963311,0.2116650987770461,0.2539981185324553
0.2577224527431996,0.27431996311664364,0.21853388658367912,0.24942369755647764
0.25393883225208524,0.27340129749768305,0.21037998146431883,0.2622798887859129
0.25523986958546807,0.26921285514671633,0.20819748486259898,0.26734979040521656
0.2559329920893439,0.27175430432759423,0.21219171707771056,0.2601209865053513
0.25573770491803277,0.2754098360655738,0.20749414519906323,0.2613583138173302
0.25082977714556665,0.2802275960170697,0.20388809862494073,0.2650545282124229
0.2512892639474918,0.2841068917018284,0.20440693858415376,0.26019690576652604
0.25759700794763907,0.27956989247311825,0.20663861617578308,0.25619448340345957
0.25245901639344265,0.28149882903981266,0.2046838407494145,0.2613583138173302
0.2517385257301808,0.27862772369031064,0.2076958738989337,0.2619378766805749
0.25290562529056254,0.27150162715016274,0.2082752208275221,0.2673175267317527
0.25396825396825395,0.2679738562091503,0.2119514472455649,0.2661064425770308
0.25161887141535616,0.27520814061054577,0.20952821461609622,0.26364477335800185
0.2550925925925926,0.26435185185185184,0.20972222222222223,0.2708333333333333
0.2541436464088398,0.2559852670349908,0.2154696132596685,0.27440147329650094
0.2555190230155002,0.2550493189290747,0.21559417566932831,0.2738374823860968
0.2585160989267382,0.2585160989267382,0.21278581427904805,0.2701819878674755
0.25539906103286386,0.26103286384976526,0.21502347417840376,0.26854460093896715
0.25071090047393363,0.26540284360189575,0.21137440758293838,0.2725118483412322
0.2593480345158197,0.26174496644295303,0.2037392138063279,0.2751677852348993
0.25154541131716596,0.26438421302900617,0.20922491678554447,0.27484545886828343
0.24988235294117647,0.2644705882352941,0.20847058823529413,0.2771764705882353
0.2488306828811974,0.264733395696913,0.2128157156220767,0.2736202057998129
0.2507029053420806,0.2614807872539831,0.21836925960637302,0.2694470477975633
0.25279850746268656,0.2513992537313433,0.22201492537313433,0.2737873134328358
0.25011753643629525,0.2548189938881053,0.21814762576398683,0.2769158439116126
0.24225352112676057,0.25539906103286386,0.2215962441314554,0.28075117370892017
0.24578651685393257,0.24906367041198502,0.21722846441947566,0.28792134831460675
0.2494161606725829,0.2456795889771135,0.2111163007940215,0.2937879495562821
0.2516525023607177,0.24362606232294617,0.2096317280453258,0.29508970727101036
0.2480037576326914,0.24847346171911697,0.20713950211366838,0.29638327853452323
0.2539081004263382,0.24348649928943628,0.2089057318806253,0.2936996684036002
0.24584717607973422,0.24537256763170384,0.2159468438538206,0.2928334124347413
0.24206537186167693,0.25485551871151113,0.21127427759355755,0.2918048318332544
0.2458862247296662,0.2628114715561824,0.2059238363892807,0.2853784673248707
0.24858757062146894,0.262241054613936,0.2062146892655367,0.2829566854990584
0.24578651685393257,0.26217228464419473,0.20880149812734083,0.28323970037453183
0.24459078080903104,0.26952022577610535,0.19990592662276577,0.28598306679209784
0.2530689329556185,0.26487252124645894,0.20113314447592068,0.2809254013220019
0.25200566304860783,0.26285983954695613,0.20245398773006135,0.2826805096743747
0.25245901639344265,0.268384074941452,0.19953161592505855,0.2796252927400468
0.2522310944105214,0.26632221700328795,0.20197275716298732,0.27947393142320337
0.2633066415449835,0.2633066415449835,0.20489872821479038,0.2684879886952426
0.2635039924847346,0.2677313292625646,0.20291216533583842,0.26585251291686235
0.26195028680688337,0.26864244741873805,0.20076481835564053,0.26864244741873805
0.26126126126126126,0.2750118539592224,0.1934566145092461,0.2702702702702703
0.2579271178419309,0.2707051585423568,0.19309039280643633,0.2782773308092759
0.2563619227144204,0.2690857681432611,0.19132893496701225,0.2832233741753063
0.2516462841015992,0.2779868297271872,0.18814675446848542,0.28222013170272814
0.25270079849694693,0.2780648191639267,0.18882104274307188,0.28041333959605447
0.24929311969839774,0.2766258246936852,0.1885014137606032,0.2855796418473139
0.25656660412757976,0.28095684803001875,0.18339587242026267,0.2790806754221388
0.25672487022180274,0.2826805096743747,0.17744218971212836,0.2831524303916942
0.2532956685499058,0.282015065913371,0.17937853107344634,0.2853107344632768
0.25972808251289264,0.2817627754336615,0.17580872011251758,0.28270042194092826
0.266258246936852,0.27945334590009424,0.17247879359095195,0.28180961357210177
0.2680169571361281,0.2783796514366463,0.1723975506358926,0.28120584079133304
0.2693208430913349,0.2786885245901639,0.17236533957845435,0.2796252927400468
0.26980428704566634,0.2805219012115564,0.1691519105312209,0.2805219012115564
0.2707648991083998,0.28202721726888785,0.17362740497419052,0.2735804786485218
0.26452527161076994,0.2810581010864431,0.17902692489371752,0.27538970240906946
0.2627358490566038,0.27452830188679245,0.17688679245283018,0.2858490566037736
0.2648295189163942,0.28351237739374124,0.17888836992059784,0.2727697337692667
0.26022304832713755,0.28066914498141265,0.1770446096654275,0.2820631970260223
0.25757575757575757,0.2784090909090909,0.17660984848484848,0.28740530303030304
0.25721040189125294,0.27754137115839245,0.1768321513002364,0.28841607565011823
0.25513616817964646,0.2718585762064023,0.17964644051600573,0.29335881509794554
0.2590304182509506,0.27709125475285173,0.1796577946768061,0.28422053231939165
0.2647754137115839,0.26761229314420804,0.18014184397163122,0.28747044917257686
0.25908221797323133,0.26720841300191206,0.18021032504780116,0.29349904397705545
0.2660637791527844,0.2598762494050452,0.1846739647786768,0.28938600666349357
0.27135441245870695,0.26191599811231714,0.18310523831996225,0.2836243511090137
0.27230046948356806,0.25821596244131456,0.18685446009389672,0.28262910798122065
0.27080394922425954,0.2637517630465444,0.18382698636577338,0.28161730136342267
