R,A,S,N
0.0,0.0,1.0,0.0
0.3333333333333333,0.0,0.6666666666666666,0.0
0.2727272727272727,0.0,0.7272727272727273,0.0
0.2727272727272727,0.0,0.7272727272727273,0.0
0.2926829268292683,0.0,0.7073170731707317,0.0
0.2878787878787879,0.0,0.7121212121212122,0.0
0.3235294117647059,0.0,0.6764705882352942,0.0
0.3525641025641026,0.019230769230769232,0.6282051282051282,0.0
0.35714285714285715,0.04017857142857143,0.59375,0.008928571428571428
0.36065573770491804,0.04918032786885246,0.5770491803278689,0.013114754098360656
0.3640776699029126,0.055825242718446605,0.5631067961165048,0.01699029126213592
0.3521400778210117,0.07003891050583658,0.5544747081712063,0.023346303501945526
0.3401253918495298,0.0877742946708464,0.54858934169279,0.023510971786833857
0.3465085638998682,0.1067193675889328,0.5217391304347826,0.025032938076416336
0.32808988764044944,0.13146067415730336,0.5123595505617977,0.028089887640449437
0.3367826904985889,0.14205079962370648,0.49482596425211667,0.02634054562558796
0.32716568544995794,0.16736753574432295,0.4760302775441548,0.02943650126156434
0.3306213017751479,0.1863905325443787,0.4474852071005917,0.03550295857988166
0.3331103678929766,0.19063545150501673,0.43478260869565216,0.04147157190635452
0.33152173913043476,0.21195652173913043,0.41183574879227053,0.04468599033816425
0.3242165242165242,0.22393162393162394,0.4011396011396011,0.05071225071225071
0.326608505997819,0.2415485278080698,0.3751363140676118,0.05670665212649945
0.3155464340687532,0.2514109799897383,0.36788096459722935,0.06516162134427912
0.31633663366336634,0.2623762376237624,0.35099009900990097,0.0702970297029703
0.3103946102021174,0.2757459095283927,0.3421559191530318,0.07170356111645813
0.3049348230912477,0.2811918063314711,0.3319366852886406,0.08193668528864059
0.3051621745089082,0.2900867976244861,0.323435358611238,0.08131566925536775
0.30710431654676257,0.2886690647482014,0.3147482014388489,0.08947841726618705
0.3094606542882405,0.28735632183908044,0.3107869142351901,0.09239610963748895
0.30677290836653387,0.2903939796370075,0.31119964586100046,0.09163346613545817
0.3042712461470718,0.29238221047996477,0.30691325407309555,0.0964332892998679
0.31359649122807015,0.28464912280701754,0.3057017543859649,0.09605263157894736
0.3167972149695387,0.2863359442993908,0.2989556135770235,0.097911227154047
0.3173415492957746,0.28829225352112675,0.2953345070422535,0.09903169014084508
0.31496062992125984,0.2926509186351706,0.29308836395450566,0.09930008748906387
0.31341301460823373,0.29393536963258077,0.2903939796370075,0.10225763612217796
0.31305114638447973,0.2896825396825397,0.28835978835978837,0.10890652557319223
0.3169446883230904,0.28928884986830555,0.2870939420544337,0.10667251975417033
0.31762114537444935,0.2916299559471366,0.2828193832599119,0.10792951541850221
0.31505046072838966,0.298376480912681,0.2773146116717859,0.10925844668714349
0.31384615384615383,0.29494505494505496,0.28087912087912087,0.11032967032967032
0.31277533039647576,0.2947136563876652,0.2841409691629956,0.10837004405286343
0.30935569285083847,0.2996469549867608,0.28067078552515445,0.11032656663724624
0.3114610673665792,0.3005249343832021,0.2742782152230971,0.1137357830271216
0.3065725628584032,0.3043670048522276,0.2717247463608293,0.11733568592853992
0.30603258476442097,0.3007485689123734,0.26860413914575076,0.12461470717745486
0.3099389712292938,0.2968613775065388,0.2689625108979948,0.12423714036617263
0.31274638633377133,0.3026719229084538,0.26325010950503724,0.12133158125273763
0.3110914714980115,0.308882015024304,0.25983208130799823,0.12019443216968625
0.31101321585903086,0.30837004405286345,0.2616740088105727,0.11894273127753303
0.3074561403508772,0.3057017543859649,0.262719298245614,0.12412280701754386
0.3076923076923077,0.3032714412024757,0.2625994694960212,0.12643678160919541
0.3045977011494253,0.3015030946065429,0.26436781609195403,0.12953138815207782
0.30816505706760317,0.30114135206321335,0.25768217734855137,0.13301141352063214
0.3074912891986063,0.30313588850174217,0.257404181184669,0.13196864111498258
0.3106625713032032,0.30276437033786746,0.250987275120667,0.1355857832382624
0.312417145382236,0.2982766239505082,0.25231992929739283,0.136986301369863
0.315929203539823,0.29867256637168144,0.2491150442477876,0.13628318584070798
0.3104203152364273,0.30253940455341505,0.2539404553415061,0.1330998248686515
0.3194200351493849,0.2961335676625659,0.2517574692442882,0.13268892794376097
0.3108167770419426,0.2958057395143488,0.2578366445916115,0.13554083885209714
0.31497797356828194,0.2916299559471366,0.2550660792951542,0.13832599118942732
0.3086040386303775,0.29631255487269537,0.25417032484635643,0.14091308165057068
0.30604203152364273,0.29903677758318736,0.2565674255691769,0.138353765323993
0.3072893932780445,0.30161501527717155,0.25229157573112176,0.13880401571366216
0.3075230972283326,0.30136383633963926,0.24857017157941047,0.14254289485261767
0.3063660477453581,0.3045977011494253,0.2502210433244916,0.138815207780725
0.30857142857142855,0.3010989010989011,0.2479120879120879,0.14241758241758243
0.30627468187801665,0.3001316366827556,0.2448442299254059,0.14874945151382185
0.30092797171895713,0.30092797171895713,0.24569155987627045,0.1524524966858153
0.3058823529411765,0.2971677559912854,0.23965141612200436,0.15729847494553376
0.30524922805469784,0.3030436700485223,0.23114247904719895,0.16056462284958095
0.3054448871181939,0.30057547587428063,0.2297476759628154,0.16423196104471005
0.3055187637969095,0.2980132450331126,0.2282560706401766,0.16821192052980133
0.306948109058927,0.29683377308707126,0.22163588390501318,0.17458223394898856
0.3153034300791557,0.29771328056288476,0.21459982409850484,0.1723834652594547
0.3111888111888112,0.2932692307692308,0.21896853146853146,0.17657342657342656
0.3076923076923077,0.290989010989011,0.22373626373626374,0.17758241758241758
0.30358705161854765,0.2926509186351706,0.22615923009623798,0.17760279965004375
0.3067484662576687,0.2997370727432077,0.21735319894829097,0.1761612620508326
0.3114463176574978,0.3021295474711624,0.21472937000887313,0.17169476486246674
0.31352549889135256,0.30687361419068737,0.20798226164079822,0.17161862527716187
0.3229486616937253,0.30057042562527425,0.20184291355857834,0.17463799912242212
0.3151167915381225,0.30586161304539444,0.20405464962538564,0.1749669457910974
0.3129973474801061,0.30857648099027407,0.20203359858532272,0.17639257294429708
0.30685290266259274,0.3103448275862069,0.20515058926233087,0.17765168048886948
0.3168921868179834,0.3116542994325622,0.19991270187690965,0.17154081187254475
0.3123885918003565,0.31016042780748665,0.20454545454545456,0.17290552584670232
0.301827909050379,0.3102987070887205,0.20820329915292018,0.17967008470798038
0.30096660808435854,0.3084358523725835,0.20650263620386644,0.18409490333919157
0.30140597539543057,0.3101933216168717,0.2100175746924429,0.17838312829525482
0.3023767605633803,0.3107394366197183,0.21214788732394366,0.17473591549295775
0.3102076889085285,0.3093239063190455,0.21210782147591692,0.16836058329650905
0.31161971830985913,0.3076584507042254,0.20774647887323944,0.17297535211267606
0.30966034406704895,0.31274812527569473,0.20732245258050286,0.17026907807675343
0.31236055332440876,0.30834448906738066,0.20972780008924588,0.16956715751896476
0.31654034774855105,0.3085153811859117,0.20285332144449397,0.17209094962104324
0.3183023872679045,0.3152077807250221,0.19982316534040673,0.16666666666666666
0.31343283582089554,0.3165057067603161,0.20237050043898155,0.16769095697980685
0.30575221238938055,0.3256637168141593,0.20265486725663717,0.16592920353982302
0.3072502210433245,0.3209549071618037,0.20468611847922194,0.16710875331564987
0.31870061457418786,0.3173836698858648,0.20061457418788411,0.16330114135206322
0.3102992957746479,0.31866197183098594,0.20642605633802816,0.16461267605633803
0.32216835610401057,0.3115910092551785,0.1996474217717056,0.16659321286910533
0.318544809228039,0.3167701863354037,0.20008873114463177,0.16459627329192547
0.32144429766622634,0.30779392338177014,0.202113606340819,0.1686481726111845
0.3229074889867841,0.30572687224669604,0.20176211453744494,0.1696035242290749
0.3207215134183898,0.30928288605367354,0.1992960844698636,0.17069951605807304
0.32316534040671974,0.3050397877984085,0.19805481874447392,0.17374005305039789
0.32690622261174407,0.30499561787905344,0.19456617002629273,0.17353198948290974
0.32189973614775724,0.3021108179419525,0.19876868953386104,0.1772207563764292
0.31706244503078274,0.2985927880386983,0.20668425681618294,0.17766051011433598
0.31870567375886527,0.30141843971631205,0.20301418439716312,0.1768617021276596
0.31876379690949225,0.304635761589404,0.2044150110375276,0.17218543046357615
0.32460035523978686,0.2997335701598579,0.20071047957371227,0.17495559502664298
0.3134394341290893,0.3099027409372237,0.1962864721485411,0.18037135278514588
0.3189806678383128,0.3031634446397188,0.19551845342706503,0.18233743409490333
0.3188022897402025,0.3051519154557464,0.19110523998238663,0.18494055482166447
0.32381370826010547,0.2961335676625659,0.19332161687170474,0.18673110720562391
0.3260008798944127,0.2965244170699516,0.18873735151781787,0.18873735151781787
0.32149122807017544,0.2964912280701754,0.1956140350877193,0.18640350877192982
0.31601920558707985,0.29986905281536447,0.19947621126145787,0.18463553033609778
0.3206618962432916,0.295169946332737,0.19856887298747763,0.18559928443649373
0.3162770180855756,0.29289810322011467,0.2015880017644464,0.18923687692986327
0.31131660061646854,0.29766622633201234,0.19947159841479525,0.19154557463672392
0.32377591530657257,0.29289810322011467,0.19761799735333038,0.18570798411998235
0.3218491059747056,0.29219363279546445,0.19755778456170955,0.18839947666812037
0.3218390804597701,0.29133510167992926,0.1962864721485411,0.1905393457117595
0.3229074889867841,0.2894273127753304,0.1973568281938326,0.19030837004405288
0.3295154185022026,0.2920704845814978,0.18634361233480176,0.1920704845814978
0.33013937282229966,0.2922473867595819,0.18684668989547037,0.19076655052264807
0.33362714852357866,0.28338475099162624,0.18951079770824153,0.19347730277655356
0.32787610619469026,0.28584070796460176,0.19690265486725664,0.18938053097345134
0.32980132450331123,0.28211920529801326,0.19823399558498897,0.18984547461368653
0.32391879964695497,0.2819947043248014,0.20741394527802295,0.18667255075022066
0.32686369651521835,0.27966475518306133,0.2051168945743273,0.18835465372739302
0.3306808134394341,0.27674624226348365,0.20159151193633953,0.1909814323607427
0.3271604938271605,0.27821869488536155,0.20149911816578484,0.1931216931216931
0.3274336283185841,0.2761061946902655,0.20353982300884957,0.1929203539823009
0.331151832460733,0.27225130890052357,0.2024432809773124,0.19415357766143107
0.33112582781456956,0.2710816777041943,0.1986754966887417,0.19911699779249448
0.3318642573821067,0.2745702952842662,0.19876597620096959,0.19479947113265755
0.3324538258575198,0.27088830255057167,0.19700967458223395,0.1996481970096746
0.3323144104803493,0.2663755458515284,0.19694323144104803,0.20436681222707423
0.3299737072743208,0.2659947414548642,0.19894829097283084,0.20508326029798424
0.3330404217926186,0.2631810193321617,0.19156414762741653,0.21221441124780316
0.3368513632365875,0.26341248900615655,0.19393139841688653,0.20580474934036938
0.3291870279875611,0.2678809418036428,0.19235895157707686,0.21057307863171923
0.3284896521356231,0.26904447380008806,0.18802289740202555,0.2144429766622633
0.3276614310645724,0.2643979057591623,0.1932809773123909,0.21465968586387435
0.32713590084108013,0.26206285967242143,0.19566179725542276,0.2151394422310757
0.3318642573821067,0.26443367122080214,0.19083296606434552,0.2128691053327457
0.3390501319261214,0.26341248900615655,0.1882145998240985,0.20932277924362358
0.33893805309734515,0.2575221238938053,0.19070796460176992,0.21283185840707963
0.3376792698826597,0.25771403737505433,0.192090395480226,0.21251629726205998
0.3371478873239437,0.258362676056338,0.1914612676056338,0.2130281690140845
0.33480956598759964,0.25730735163861823,0.18910540301151463,0.2187776793622675
0.33964757709251103,0.2594713656387665,0.18237885462555067,0.2185022026431718
0.33570159857904086,0.25932504440497334,0.1825044404973357,0.22246891651865008
0.3391915641476274,0.2592267135325132,0.1757469244288225,0.22583479789103691
0.34173297966401417,0.2519893899204244,0.1768346595932803,0.22944297082228116
0.341929746554024,0.2565584704313028,0.17341040462427745,0.22810137839039574
0.34225537516454585,0.25625274243089075,0.17200526546731024,0.22948661693725317
0.3429571303587052,0.2567804024496938,0.16535433070866143,0.23490813648293962
0.3437908496732026,0.2522875816993464,0.1655773420479303,0.2383442265795207
0.3418389793224813,0.25604927408710954,0.1658600967883854,0.23625164980202376
0.34080914687774844,0.2559366754617414,0.1613896218117854,0.2418645558487247
0.3459507042253521,0.2539612676056338,0.16329225352112675,0.2367957746478873
0.3498683055311677,0.2497805092186128,0.16242317822651448,0.237928007023705
0.34658329611433675,0.25636444841447076,0.16123269316659222,0.23581956230460027
0.3451910408432148,0.2560386473429952,0.1572244180939833,0.24154589371980675
0.3482849604221636,0.2497801231310466,0.15963060686015831,0.2423043095866315
0.3387665198237885,0.25594713656387663,0.16255506607929515,0.24273127753303964
0.3434343434343434,0.2516469038208169,0.16337285902503293,0.24154589371980675
0.34496293065852596,0.2529437418229394,0.16136066288704753,0.24073266463148713
0.3400614304519526,0.2540587977182975,0.16410706450197454,0.24177270732777534
0.34212840809146877,0.256816182937555,0.16226912928759896,0.23878627968337732
0.34971226206285966,0.2558654271801682,0.15582115980522354,0.23860115095174855
0.3448729184925504,0.2589833479404032,0.1516213847502191,0.24452234881682736
0.34463028169014087,0.26452464788732394,0.15096830985915494,0.23987676056338028
0.34353146853146854,0.25917832167832167,0.1590909090909091,0.2381993006993007
0.3403973509933775,0.2618101545253863,0.1598233995584989,0.2379690949227373
0.34158197083517455,0.2620415377817057,0.15731330092797172,0.23906319045514804
0.3426818580192813,0.25942156003505695,0.15907099035933392,0.2388255915863278
0.34725274725274724,0.2624175824175824,0.1578021978021978,0.23252747252747252
0.34464285714285714,0.2611607142857143,0.15535714285714286,0.23883928571428573
0.3425925925925926,0.2619047619047619,0.15696649029982362,0.23853615520282187
0.339396628216504,0.25865128660159714,0.15350488021295475,0.2484472049689441
0.3390425999121651,0.25691699604743085,0.15502854633289415,0.2490118577075099
0.33826730518067044,0.25772747061384416,0.15367871136264694,0.25032651284283847
0.3388718845649322,0.2588543944031482,0.15435067774376912,0.2479230432881504
0.3340630472854641,0.2583187390542907,0.15805604203152365,0.24956217162872155
0.33700926334362596,0.25981473312748127,0.15394794883105425,0.24922805469783854
0.335249889429456,0.2556390977443609,0.16187527642636002,0.24723573639982308
0.3315696649029982,0.25617283950617287,0.16666666666666666,0.24559082892416226
0.32863436123348017,0.252863436123348,0.17224669603524229,0.24625550660792953
0.32096069868995636,0.25589519650655024,0.17554585152838428,0.24759825327510918
0.3219298245614035,0.2548245614035088,0.17324561403508773,0.25
0.31985940246045697,0.2596660808435852,0.16915641476274165,0.2513181019332162
0.31778169014084506,0.2632042253521127,0.16593309859154928,0.25308098591549294
0.3225377107364685,0.25643300798580304,0.16770186335403728,0.25332741792369123
0.3244562805148691,0.25122059476253883,0.17132711939636042,0.2529960053262317
0.3287305122494432,0.2583518930957684,0.16703786191536749,0.24587973273942093
0.32653965440850685,0.25520602569782896,0.1696942844483828,0.24856003544528135
0.3263157894736842,0.2482456140350877,0.16842105263157894,0.25701754385964914
0.3206971677559913,0.2549019607843137,0.17167755991285402,0.25272331154684097
0.32182381584772024,0.2549800796812749,0.16423196104471005,0.2589641434262948
0.31583552055993,0.24934383202099739,0.173665791776028,0.26115485564304464
0.3204054649625386,0.254737769942706,0.17320405464962538,0.25165271044513
0.32772364924712133,0.245792736935341,0.17847652790079716,0.24800708591674048
0.32690622261174407,0.24715162138475022,0.17791411042944785,0.24802804557405783
0.3232949512843224,0.2519929140832595,0.17316209034543845,0.25155004428697963
0.3270412642669008,0.24539069359086918,0.17164179104477612,0.2559262510974539
0.33274570295284267,0.24944909651829,0.16659321286910533,0.251211987659762
0.3305457746478873,0.25440140845070425,0.1681338028169014,0.24691901408450703
0.3343531468531469,0.25393356643356646,0.16958041958041958,0.24213286713286714
0.3343531468531469,0.2526223776223776,0.1687062937062937,0.24431818181818182
0.3328906595838867,0.25232403718459495,0.16777335104028332,0.24701195219123506
0.32908051033875935,0.25252969643642764,0.16937967443906732,0.24901011878574572
0.32847038019451813,0.251105216622458,0.17197170645446508,0.2484526967285588
0.33274021352313166,0.24733096085409254,0.1699288256227758,0.25
0.32847038019451813,0.2502210433244916,0.17197170645446508,0.2493368700265252
0.3360071301247772,0.24554367201426025,0.17201426024955438,0.2464349376114082
0.32981065609863497,0.2527520915896081,0.17393218846323205,0.24350506384852488
0.3284313725490196,0.25133689839572193,0.17201426024955438,0.2482174688057041
0.3281870313189237,0.24614027348919276,0.16982796647551832,0.25584472871636527
0.32981530343007914,0.24494283201407213,0.17282321899736147,0.25241864555848725
0.3314509122502172,0.24804517810599477,0.16898349261511728,0.25152041702867073
0.33217088055797733,0.24498692240627726,0.16957279860505667,0.25326939843068874
0.3331879633667684,0.2402965547317924,0.1718273004797209,0.2546881814217183
0.3283318623124448,0.2471315092674316,0.1703442188879082,0.25419240953221534
0.33436395759717313,0.24734982332155478,0.16342756183745583,0.25485865724381623
0.3358440407620735,0.2459016393442623,0.1634913602126717,0.25476295968099244
0.33041191936897457,0.24452234881682736,0.16301489921121823,0.26205083260297984
0.32953049583150507,0.2448442299254059,0.16103554190434402,0.26458973233874505
0.3331868131868132,0.24483516483516485,0.16043956043956045,0.26153846153846155
0.3320017754105637,0.24855747891699956,0.15934309809143365,0.2600976475810031
0.3312910284463895,0.24595185995623634,0.16586433260393874,0.25689277899343543
0.3308303886925795,0.23895759717314488,0.1700530035335689,0.26015901060070673
0.3252212389380531,0.24469026548672565,0.16681415929203539,0.26327433628318586
0.32398071021481806,0.24594476106970628,0.16483998246383166,0.265234546251644
0.3244916003536693,0.242263483642794,0.16445623342175067,0.268788682581786
0.3256330519768992,0.24344735673034207,0.1625944024877832,0.2683251888049756
0.32216835610401057,0.24416042309387395,0.16615249008373734,0.2675187307183781
0.32338745063624397,0.24396665204036858,0.15928038613426942,0.27336551118911806
0.31685789938217124,0.24801412180052956,0.1615180935569285,0.2736098852603707
0.3167321974661424,0.24770642201834864,0.16339012669287897,0.27217125382262997
0.3162770180855756,0.24834583149536832,0.1658579620644023,0.2695191883546537
0.318859649122807,0.2513157894736842,0.16578947368421051,0.26403508771929823
0.3171052631578947,0.2565789473684211,0.16666666666666666,0.2596491228070175
0.3119752540874945,0.2540874944763588,0.1643835616438356,0.2695536897923111
0.30863656291100394,0.25602805786935556,0.16747040771591407,0.26786497150372646
0.31222123104371097,0.2528991971454059,0.1703835860838537,0.2644959857270294
0.31305114638447973,0.26102292768959434,0.17195767195767195,0.25396825396825395
0.3154657293497364,0.2526362038664323,0.1766256590509666,0.2552724077328647
0.31205985915492956,0.24735915492957747,0.1756161971830986,0.2649647887323944
0.31255448997384483,0.24542284219703575,0.17698343504795117,0.26503923278116825
0.30755711775043937,0.2429701230228471,0.18101933216168717,0.26845342706502634
0.3079630444346678,0.24417069951605808,0.17685877694676638,0.2710074791025077
0.3037362637362637,0.24835164835164836,0.17406593406593407,0.27384615384615385
0.30556773345024113,0.2476983779044279,0.17448487505480054,0.27224901359053044
0.3016710642040457,0.24758135444151275,0.17370272647317503,0.2770448548812665
0.30718954248366015,0.2553376906318083,0.17167755991285402,0.2657952069716776
0.3064091308165057,0.25768217734855137,0.17032484635645304,0.2655838454784899
0.30752405949256345,0.2572178477690289,0.16929133858267717,0.2659667541557305
0.30616740088105726,0.2687224669603524,0.1656387665198238,0.2594713656387665
0.3052863436123348,0.26387665198237886,0.1696035242290749,0.26123348017621145
0.3030837004405286,0.27004405286343613,0.17224669603524229,0.25462555066079295
0.3059239610963749,0.27011494252873564,0.17020335985853227,0.2537577365163572
0.30765864332603937,0.26783369803063456,0.16936542669584245,0.2551422319474836
0.31330092797171893,0.25939019001325675,0.17145382235969953,0.2558550596553248
0.31051236749116606,0.2667844522968198,0.1687279151943463,0.2539752650176678
0.31084656084656087,0.26322751322751325,0.1693121693121693,0.2566137566137566
0.313922942206655,0.2578809106830123,0.17206654991243434,0.2561295971978984
0.3036419482229048,0.2641509433962264,0.17200526546731024,0.2602018429135586
0.2996057818659658,0.26018396846254926,0.17520805957074026,0.26500219010074466
0.2952255803766973,0.2645641699518178,0.17564607971966711,0.2645641699518178
0.2981691368788143,0.26939843068875324,0.16870095902353968,0.26373147340889275
0.2912621359223301,0.2687555163283319,0.1676963812886143,0.2722859664607237
0.29414354909731394,0.26023778071334214,0.17084984588287097,0.2747688243064729
0.30065934065934063,0.25978021978021976,0.1665934065934066,0.27296703296703295
0.3017958826106001,0.26325010950503724,0.16338151554971528,0.2715724923346474
0.3035479632063075,0.261060008760403,0.1616294349540079,0.27376259307928164
0.30995177553704517,0.2656729504603244,0.15300306882946077,0.2713722051731697
0.3138556883576804,0.2633908809207614,0.1553784860557769,0.2673749446657813
0.3136482939632546,0.26290463692038496,0.15616797900262466,0.2672790901137358
0.31828242585214694,0.26162018592297476,0.15183709606020362,0.2682602921646746
0.3207215134183898,0.25736911570611526,0.15442146942366916,0.26748790145182577
0.307487815684537,0.2605228178998671,0.1581745680106336,0.2738147984049623
0.3024989039894783,0.25734327049539674,0.16396317404647084,0.2761946514686541
0.29504603244191147,0.2647961420429636,0.16703200350723366,0.27312582200789126
0.2975243147656941,0.26657824933687,0.17152961980548187,0.26436781609195403
0.2988100484795064,0.2635522256500661,0.1740855002203614,0.2635522256500661
0.29991204925241866,0.2678100263852243,0.17326297273526825,0.2590149516270888
0.2986445124617403,0.26672496720594663,0.17315260166156538,0.2614779186707477
0.29574374725756913,0.2738043001316367,0.17595436594997807,0.2544975866608161
0.29910714285714285,0.26607142857142857,0.18035714285714285,0.2544642857142857
0.2937249666221629,0.27859368046283933,0.1802403204272363,0.24744103248776145
0.2920550377274745,0.2734132268086995,0.18375499334221038,0.2507767421216156
0.2947462154942119,0.2747105966162066,0.18076580587711488,0.2497773820124666
0.29499561018437226,0.26909569798068483,0.18525021949078138,0.25065847234416155
0.2968542312804608,0.26894107221976077,0.18121400088613204,0.25299069561364645
0.2976085031000886,0.2728077945084145,0.17759078830823738,0.2519929140832595
0.2971905179982441,0.2739244951712028,0.17383669885864794,0.2550482879719052
0.30026572187776795,0.275022143489814,0.17360496014171833,0.25110717449069975
0.29829917139119055,0.2690798081116441,0.18011338857392062,0.25250763192324466
0.2974290780141844,0.2730496453900709,0.17952127659574468,0.25
0.2974156811213316,0.2689443714410863,0.1782742006132282,0.2553657468243539
0.29814487632508835,0.2623674911660777,0.1775618374558304,0.2619257950530035
0.3076245041868665,0.25782282944028206,0.17011899515204937,0.26443367122080214
0.3066964285714286,0.2674107142857143,0.16830357142857144,0.2575892857142857
0.2988606485539001,0.2708150744960561,0.1691498685363716,0.26117440841367223
0.30286975717439296,0.26490066225165565,0.1673289183222958,0.26490066225165565
0.30137594318686195,0.2698624056813138,0.16688859298712827,0.26187305814469597
0.2996914940502424,0.2657558395769061,0.16791538122520935,0.2666372851476421
0.3033905768383972,0.2575957727873184,0.17217084984588288,0.2668428005284016
0.3042720139494333,0.2619877942458588,0.16870095902353968,0.26503923278116825
0.3028045574057844,0.26205083260297984,0.16958808063102543,0.26555652936021035
0.2982766239505082,0.2633672116659302,0.16747680070702606,0.2708793636765356
0.30004342162396874,0.25879287885366914,0.1654363873208858,0.27572731220147634
0.2972493345164153,0.2577639751552795,0.16903283052351376,0.2759538598047915
0.29955947136563876,0.2599118942731278,0.16916299559471365,0.2713656387665198
0.2960176991150443,0.26194690265486725,0.16946902654867257,0.27256637168141595
0.29130052724077327,0.2623022847100176,0.17706502636203866,0.2693321616871705
0.28797886393659183,0.25891677675033026,0.1787758696609423,0.27432848965213563
0.28797190517998245,0.25768217734855137,0.1791044776119403,0.2752414398595259
0.2906468531468531,0.2556818181818182,0.17832167832167833,0.27534965034965037
0.291958041958042,0.25743006993006995,0.1791958041958042,0.2714160839160839
0.29600351339481773,0.25120772946859904,0.18050065876152832,0.2722880983750549
0.29540481400437635,0.25164113785557984,0.18424507658643327,0.2687089715536105
0.29429960229783475,0.25629695095006627,0.19045514803358374,0.25894829871851527
0.288946910356832,0.25718015665796345,0.1888598781549173,0.2650130548302872
0.2886232846392209,0.25675077467906154,0.18902169101372288,0.2656042496679947
0.2879858657243816,0.2592756183745583,0.19037102473498232,0.2623674911660777
0.2865367581930912,0.2599645704162976,0.18910540301151463,0.26439326837909655
0.28278867102396515,0.265359477124183,0.18823529411764706,0.2636165577342048
0.2827433628318584,0.26371681415929205,0.18628318584070797,0.2672566371681416
0.2809038546743465,0.2627381479840496,0.18697385910500663,0.26938413823659724
0.28289473684210525,0.2675438596491228,0.18157894736842106,0.2679824561403509
0.2894621775251421,0.2675994752951465,0.17490161783996502,0.26803672933974637
0.29393536963258077,0.26117751217352814,0.1699867197875166,0.2749003984063745
0.29297392841361025,0.2646928855501547,0.1723376049491825,0.26999558108705257
0.29678555702333775,0.26023778071334214,0.17525319242624396,0.2677234698370762
0.2919772029811486,0.25734327049539674,0.1731696624287593,0.2775098640946953
0.2881504153913424,0.25972890249234803,0.17621337997376477,0.27590730214254483
0.2857142857142857,0.2583774250440917,0.1710758377425044,0.2848324514991182
0.28136042402826855,0.2628091872791519,0.17137809187279152,0.284452296819788
0.2795936395759717,0.2592756183745583,0.17667844522968199,0.284452296819788
0.27846425419240955,0.2621359223300971,0.17387466902030008,0.2855251544571933
0.2768758227292672,0.2615182097411145,0.17683194383501535,0.2847740236946029
0.2779232111692845,0.26090750436300175,0.17844677137870854,0.28272251308900526
0.28008849557522125,0.26946902654867255,0.1743362831858407,0.2761061946902655
0.272202486678508,0.2650976909413854,0.1802841918294849,0.2824156305506217
0.26973684210526316,0.26666666666666666,0.18201754385964913,0.28157894736842104
0.26906222611744085,0.26818580192813324,0.1796669588080631,0.28308501314636286
0.26746242263483644,0.26790450928381965,0.17595048629531387,0.28868258178603007
0.2692476902771667,0.2683677958644963,0.17685877694676638,0.2855257369115706
0.2718791648156375,0.26565970679697914,0.1776988005330964,0.28476232785428696
0.2642825992150022,0.26951591801133884,0.18273004797208897,0.28347143480157
0.2546800174140183,0.2751414888985633,0.18807139747496734,0.282107096212451
0.25719344842850816,0.27047366091190794,0.1868083222664896,0.2855245683930943
0.25663716814159293,0.2668141592920354,0.18849557522123894,0.28805309734513274
0.2567269519188355,0.26775474194971327,0.1874724305249228,0.28804587560652845
0.2519788918205805,0.26824978012313105,0.18557607739665788,0.2941952506596306
0.25548726953467954,0.26251097453906935,0.18437225636523266,0.2976294995610184
0.25594713656387663,0.26563876651982377,0.18237885462555067,0.2960352422907489
0.2537577365163572,0.26746242263483644,0.1812555260831123,0.2975243147656941
0.25846702317290554,0.26158645276292336,0.17914438502673796,0.30080213903743314
0.25196850393700787,0.2677165354330709,0.18285214348206474,0.2974628171478565
0.2506527415143603,0.26718885987815494,0.1823324630113142,0.2998259355961706
0.2554131683605833,0.2624834290764472,0.18205921343349535,0.30004418912947417
0.26548672566371684,0.2628318584070796,0.17787610619469027,0.2938053097345133
0.2665788317962231,0.26613965744400525,0.17479139218269654,0.2924901185770751
0.26416739319965127,0.2619877942458588,0.17654751525719267,0.2972972972972973
0.26187305814469597,0.26764314247669774,0.17887261429205503,0.29161118508655126
0.2621057307863172,0.26565970679697914,0.1808085295424256,0.2914260328742781
0.2650709219858156,0.262854609929078,0.18439716312056736,0.287677304964539
0.265962131219727,0.26992514310876264,0.178335535006605,0.2857771906649053
0.26991150442477874,0.2628318584070796,0.18008849557522125,0.28716814159292037
0.26993865030674846,0.2589833479404032,0.18229623137598597,0.2887817703768624
0.26546731022378234,0.2602018429135586,0.18297498903027642,0.2913558578323826
0.2647058823529412,0.2589991220368745,0.1839332748024583,0.2923617208077261
0.26705048715677593,0.25730735163861823,0.18821966341895482,0.28742249778565104
0.26940035273368607,0.2535273368606702,0.18915343915343916,0.2879188712522046
0.2760898282694848,0.25011008366358434,0.18802289740202555,0.2857771906649053
0.27985896870868227,0.2560599382988101,0.18113706478624944,0.28294402820625825
0.2766798418972332,0.25735617039964864,0.1743522178304787,0.2916117698726394
0.28270412642669007,0.26119402985074625,0.16856892010535557,0.28753292361720806
0.2819614711033275,0.2596322241681261,0.1672504378283713,0.29115586690017514
0.2794894366197183,0.2658450704225352,0.16637323943661972,0.28829225352112675
0.28313518273888155,0.25891677675033026,0.16776750330250992,0.2901805372082783
0.27955133735979293,0.2635893011216566,0.16695427092320966,0.2899050905953408
0.2827154979901742,0.26574363555158553,0.16837874050915588,0.2831621259490844
0.2781921895568232,0.26985519964896887,0.16937253181219833,0.28258007898200965
0.2738043001316367,0.2676612549363756,0.17068889863975428,0.2878455462922334
0.2766143106457243,0.27486910994764396,0.16230366492146597,0.2862129144851658
0.28174603174603174,0.26807760141093473,0.16181657848324515,0.28835978835978837
0.2831743278404163,0.2645273200346921,0.15871639202081528,0.29358196010407633
0.28034934497816594,0.262882096069869,0.16069868995633188,0.2960698689956332
0.28291814946619215,0.25756227758007116,0.1552491103202847,0.304270462633452
0.27972027972027974,0.2556818181818182,0.1569055944055944,0.3076923076923077
0.2901805372082783,0.2567151034786438,0.15279612505504184,0.3003082342580361
0.28565121412803535,0.25386313465783666,0.1562913907284768,0.30419426048565124
0.29071803852889666,0.2491243432574431,0.1584938704028021,0.30166374781085814
0.29244871235268444,0.24836316019205587,0.15626364033173287,0.3029244871235268
0.290083005679336,0.25076452599388377,0.15508955875928354,0.3040629095674967
0.29072347980470487,0.2534398579671549,0.15046604527296936,0.30537061695517087
0.2796798577145398,0.2530013339261894,0.1578479324144064,0.3094708759448644
0.28452797202797203,0.2583041958041958,0.1547202797202797,0.30244755244755245
0.2855883649184663,0.255178492728074,0.15513442044953724,0.30409872190392245
0.28884986830553117,0.25636523266022826,0.15320456540825286,0.3015803336259877
0.2885876694359423,0.2645386969829471,0.14910362920857018,0.2977700043725404
0.28783253379851725,0.2647187091146969,0.14914958569559528,0.29829917139119055
0.286281429201588,0.27128363475959416,0.14953683281870314,0.29289810322011467
0.2874779541446208,0.27116402116402116,0.15211640211640212,0.2892416225749559
0.2910943730615862,0.2680549401860877,0.15019937970757644,0.2906513070447497
0.2901960784313726,0.2727668845315904,0.15381263616557733,0.28322440087145967
0.2898806893504198,0.2708793636765356,0.15775519222271323,0.2814847547503314
0.2922874671340929,0.2708150744960561,0.15994741454864153,0.27695004382120947
0.2910284463894967,0.27439824945295405,0.1601750547045952,0.27439824945295405
0.29341581970835173,0.27485638532920903,0.15775519222271323,0.273972602739726
0.28766519823788544,0.27224669603524226,0.160352422907489,0.27973568281938327
0.2867163524769838,0.2718106093818501,0.16133274879438841,0.2801402893467777
0.289612676056338,0.2662852112676056,0.16461267605633803,0.2794894366197183
0.2904929577464789,0.2689260563380282,0.16109154929577466,0.2794894366197183
0.2857142857142857,0.2773882559158633,0.15950920245398773,0.2773882559158633
0.28439964943032425,0.27695004382120947,0.16170026292725678,0.27695004382120947
0.2798605056669573,0.2785527462946818,0.16521360069747165,0.2763731473408893
0.28766519823788544,0.27180616740088104,0.16079295154185022,0.27973568281938327
0.2884026258205689,0.2726477024070022,0.16586433260393874,0.27308533916849015
0.28145842596709647,0.2747887950200089,0.16496220542463316,0.2787905735882614
0.2847682119205298,0.2728476821192053,0.16423841059602648,0.2781456953642384
0.2885375494071146,0.27053140096618356,0.1585419411506368,0.282389108476065
0.2826855123674912,0.2667844522968198,0.15591872791519434,0.2946113074204947
0.2796312554872695,0.2677787532923617,0.15803336259877085,0.29455662862159787
0.27936647602287723,0.2608886933567972,0.15794104707435108,0.3018037835459745
0.28189390618149934,0.2604120999561596,0.15387987724682156,0.3038141166155195
0.2826761187416925,0.26007975188303056,0.1537439078422685,0.30350022153300843
0.2837189000436491,0.25403753819292885,0.15233522479266695,0.30990833697075515
0.2737210319195453,0.25929164844774816,0.15522518583296896,0.31176213379973766
0.27939876215738285,0.2564102564102564,0.15384615384615385,0.3103448275862069
0.2799650043744532,0.25809273840769903,0.15660542432195976,0.30533683289588803
0.2787746170678337,0.262144420131291,0.15798687089715535,0.3010940919037199
0.2857142857142857,0.2574082264484741,0.15524104378593542,0.30163644405130474
0.28979771328056286,0.2642919964819701,0.15611257695690414,0.28979771328056286
0.2923413566739606,0.2617067833698031,0.1540481400437637,0.29190371991247266
0.2919254658385093,0.25510204081632654,0.15350488021295475,0.29946761313220943
0.30048823790501555,0.2472259209942299,0.15446071904127828,0.29782512205947625
0.2905525846702317,0.25267379679144386,0.15196078431372548,0.3048128342245989
0.2904929577464789,0.25264084507042256,0.1544894366197183,0.3023767605633803
0.29526339088092074,0.24701195219123506,0.16113324479858343,0.2965914121292607
0.29574374725756913,0.25537516454585346,0.16147433084686266,0.28740675734971477
0.2971905179982441,0.25768217734855137,0.1584723441615452,0.28665496049165934
0.29878048780487804,0.25522648083623695,0.15810104529616725,0.28789198606271776
0.2965396408234779,0.2606219886114761,0.15549715286903198,0.287341217696014
0.2953345070422535,0.25880281690140844,0.15977112676056338,0.2860915492957746
0.2996469549867608,0.2594880847308032,0.1557811120917917,0.2850838481906443
0.28965819456617004,0.26643295354951796,0.15030674846625766,0.2936021034180543
0.28846153846153844,0.26617132867132864,0.1534090909090909,0.291958041958042
0.2839506172839506,0.2671957671957672,0.15388007054673722,0.294973544973545
0.28445618670189343,0.25979744605900484,0.154557463672391,0.3011889035667107
0.28239929947460596,0.2609457092819615,0.15586690017513136,0.30078809106830123
0.27763041556145,0.26171529619805484,0.15694076038903626,0.3037135278514589
0.2762114537444934,0.260352422907489,0.15770925110132158,0.30572687224669604
0.27839643652561247,0.26102449888641427,0.15679287305122494,0.30378619153674835
0.27587719298245617,0.2631578947368421,0.16096491228070176,0.3
0.27135900841080124,0.2602921646746348,0.16555998229305002,0.30278884462151395
0.27045951859956235,0.25733041575492344,0.16673960612691466,0.3054704595185996
0.2779012894619831,0.25700311249444197,0.16318363717207648,0.30191196087149846
0.2705207413945278,0.2581641659311562,0.1650485436893204,0.3062665489849956
0.27151730257320317,0.26175687666370895,0.15882874889086068,0.30789707187222715
0.28244610646722396,0.2534095908490981,0.1592608886933568,0.30488341399032115
0.2809335094671951,0.25451343020695727,0.1567591369440775,0.30779392338177014
0.2838254737769943,0.25826355222565006,0.1494050242397532,0.3085059497576025
0.2882327016306743,0.25782282944028206,0.14631996474217718,0.3076245041868665
0.2921847246891652,0.25266429840142096,0.1483126110124334,0.30683836589698044
0.2945084145261293,0.25066430469441986,0.14614703277236493,0.30868024800708593
0.290519877675841,0.254259501965924,0.14591524683267804,0.30930537352555704
0.29350196249454863,0.2511993022241605,0.14042738770170082,0.31487134757959007
0.29094922737306844,0.2520971302428256,0.14392935982339955,0.3130242825607064
0.2903225806451613,0.25673884224480775,0.14273088820150243,0.3102076889085285
0.2865367581930912,0.2533215234720992,0.1474756421612046,0.312666076173605
0.2833333333333333,0.26096491228070173,0.14473684210526316,0.3109649122807018
0.2814292015880018,0.2571680635200706,0.14203793559770622,0.31936479929422146
0.27957931638913236,0.2528483786152498,0.14285714285714285,0.324715162138475
0.2740150509074812,0.2580787959274015,0.1460823373173971,0.32182381584772024
0.27775340061430454,0.2558139534883721,0.14611671785870997,0.3203159280386134
0.2729693741677763,0.25920994229915667,0.14824678206835332,0.3195739014647137
0.26992514310876264,0.261558784676354,0.14707177454865697,0.32144429766622634
0.2710074791025077,0.2635283765948086,0.14474263088429387,0.3207215134183898
0.27244718309859156,0.2592429577464789,0.1483274647887324,0.3199823943661972
0.27895667550839964,0.2564102564102564,0.15119363395225463,0.3134394341290893
0.276623950508175,0.25629695095006627,0.1520106053910738,0.3150684931506849
0.2751766784452297,0.26060070671378094,0.15282685512367492,0.3113957597173145
0.28029969149405026,0.2604671661524901,0.1489643014543852,0.31026884089907447
0.2724867724867725,0.26940035273368607,0.1455026455026455,0.31261022927689597
0.27308533916849015,0.26389496717724287,0.1461706783369803,0.31684901531728665
0.2723253757736516,0.2656940760389036,0.14721485411140584,0.3147656940760389
0.2676923076923077,0.2725274725274725,0.14505494505494507,0.31472527472527473
0.26906222611744085,0.26730937773882557,0.14548641542506574,0.31814198071866784
0.26758071649712517,0.27200353825740825,0.14639540026536932,0.3140203449800973
0.2662280701754386,0.27324561403508774,0.14736842105263157,0.3131578947368421
0.274681878016674,0.2702939885914875,0.14129003949100483,0.3137340939008337
0.2660228270412643,0.2778753292361721,0.14574187884108866,0.310359964881475
0.2667852378835038,0.2787905735882614,0.14762116496220543,0.30680302356602934
0.26672535211267606,0.2772887323943662,0.14524647887323944,0.3107394366197183
0.25914499779638606,0.28338475099162624,0.14764213309828117,0.3098281181137065
0.26142355008787344,0.28383128295254834,0.1515817223198594,0.3031634446397188
0.2585517547756553,0.2785428698356286,0.15104398045313194,0.3118613949355842
0.2543859649122807,0.28596491228070176,0.15526315789473685,0.3043859649122807
0.24725032996040475,0.2872855257369116,0.1570611526616806,0.3084029916410031
0.2574561403508772,0.2793859649122807,0.15482456140350878,0.30833333333333335
0.2560706401766004,0.2865342163355408,0.15055187637969095,0.3068432671081678
0.25956521739130434,0.2773913043478261,0.1565217391304348,0.3065217391304348
0.25930851063829785,0.28058510638297873,0.15115248226950354,0.30895390070921985
0.26054150022192635,0.2867288060363959,0.15002219263204616,0.3027075011096316
0.26593406593406593,0.2821978021978022,0.1463736263736264,0.3054945054945055
