R,A,S,N
0.0,0.0,0.0,1.0
0.0,0.0,0.0,1.0
0.3333333333333333,0.0,0.0,0.6666666666666666
0.16666666666666666,0.0,0.16666666666666666,0.6666666666666666
0.1111111111111111,0.1111111111111111,0.1111111111111111,0.6666666666666666
0.16666666666666666,0.16666666666666666,0.08333333333333333,0.5833333333333334
0.25,0.125,0.0625,0.5625
0.21052631578947367,0.2631578947368421,0.05263157894736842,0.47368421052631576
0.28,0.28,0.04,0.4
0.2857142857142857,0.3142857142857143,0.02857142857142857,0.37142857142857144
0.3170731707317073,0.24390243902439024,0.024390243902439025,0.4146341463414634
0.3076923076923077,0.2692307692307692,0.038461538461538464,0.38461538461538464
0.373134328358209,0.22388059701492538,0.029850746268656716,0.373134328358209
0.39759036144578314,0.21686746987951808,0.024096385542168676,0.3614457831325301
0.4351851851851852,0.23148148148148148,0.018518518518518517,0.3148148148148148
0.42857142857142855,0.24812030075187969,0.015037593984962405,0.3082706766917293
0.4556213017751479,0.23668639053254437,0.01775147928994083,0.28994082840236685
0.49246231155778897,0.20603015075376885,0.01507537688442211,0.2864321608040201
0.538135593220339,0.16101694915254236,0.012711864406779662,0.288135593220339
0.5311355311355311,0.1684981684981685,0.018315018315018316,0.28205128205128205
0.54375,0.159375,0.01875,0.278125
0.5523560209424084,0.14921465968586387,0.01832460732984293,0.2801047120418848
0.5417607223476298,0.15124153498871332,0.01805869074492099,0.28893905191873587
0.5538461538461539,0.14615384615384616,0.023076923076923078,0.27692307692307694
0.5494137353433836,0.1407035175879397,0.021775544388609715,0.288107202680067
0.540785498489426,0.13897280966767372,0.019637462235649546,0.30060422960725075
0.5433070866141733,0.14304461942257218,0.02230971128608924,0.29133858267716534
0.5541327124563445,0.14668218859138532,0.023282887077997673,0.2759022118742724
0.5519828510182208,0.1489817792068596,0.02572347266881029,0.2733118971061093
0.5618305744888024,0.14703018500486856,0.02629016553067186,0.26484907497565724
0.5548561151079137,0.1564748201438849,0.02787769784172662,0.2607913669064748
0.5694557270511779,0.15597075548334688,0.02761982128350934,0.2469536961819659
0.5712109672505712,0.15765422696115766,0.028941355674028942,0.2421934501142422
0.5751222921034241,0.15793151642208245,0.03004891684136967,0.23689727463312368
0.578042328042328,0.15542328042328044,0.03571428571428571,0.23082010582010581
0.5804455445544554,0.15037128712871287,0.0426980198019802,0.2264851485148515
0.5706650831353919,0.15380047505938244,0.047505938242280284,0.22802850356294538
0.5737521031968592,0.1525518788558609,0.04711160964666293,0.22658440830061694
0.5683414370610481,0.15235008103727715,0.05294435440302539,0.22636412749864937
0.5695538057742782,0.15328083989501312,0.05826771653543307,0.2188976377952756
0.5629405840886204,0.15709969788519637,0.057905337361530716,0.22205438066465258
0.5609874152952565,0.14956437560503388,0.06243949661181026,0.22700871248789933
0.5589792970630717,0.1478093403948002,0.06836783822821377,0.2248435243139143
0.558435438265787,0.146559849198869,0.07163053722902922,0.2233741753063148
0.562962962962963,0.14722222222222223,0.07361111111111111,0.2162037037037037
0.559322033898305,0.14246449839670178,0.07787448465414568,0.22033898305084745
0.5576140985088116,0.14414821509263442,0.07907817442385902,0.219159511974695
0.5631768953068592,0.14620938628158844,0.07536101083032491,0.21525270758122744
0.5619686800894854,0.1476510067114094,0.07427293064876958,0.21610738255033557
0.5693563009972802,0.14641885766092474,0.0743427017225748,0.2098821396192203
0.5643564356435643,0.1476147614761476,0.07650765076507651,0.21152115211521152
0.5600533807829181,0.14991103202846975,0.07339857651245552,0.2166370106761566
0.5620172648796001,0.14675147660154475,0.07542026351658337,0.2158109950022717
0.569349704411096,0.14142792178262847,0.07412460209185993,0.21509777171441563
0.5733573357335734,0.13681368136813682,0.07785778577857785,0.21197119711971196
0.5794223826714802,0.1322202166064982,0.0703971119133574,0.21796028880866425
0.5738661876964526,0.1311180960933992,0.07004939380332285,0.22496632240682532
0.5742397137745975,0.1283542039355993,0.0742397137745975,0.22316636851520572
0.5723186470850022,0.1344014241210503,0.07654650645304852,0.21673342234089898
0.5760286225402504,0.13372093023255813,0.07468694096601074,0.21556350626118068
0.5826666666666667,0.12844444444444444,0.07777777777777778,0.2111111111111111
0.5832959137853615,0.12483161203412663,0.07903008531656938,0.21284238886394252
0.582109479305741,0.1277258566978193,0.0796617712505563,0.2105028927458834
0.5827433628318585,0.12654867256637167,0.07699115044247788,0.21371681415929203
0.5858540925266904,0.11788256227758007,0.076067615658363,0.22019572953736655
0.5947856827220503,0.11842686699072029,0.068935041979673,0.21785240830755634
0.5930755395683454,0.12005395683453238,0.0683453237410072,0.2185251798561151
0.5924764890282131,0.12315270935960591,0.06180026869682042,0.2225705329153605
0.5944024877832075,0.12216792536650378,0.06619280319857841,0.21723678365171034
0.6032099866250558,0.11725367810967455,0.06509139545251895,0.21444493981275078
0.6054880791722898,0.12055780476833108,0.06387764282501125,0.21007647323436798
0.6033243486073675,0.11904761904761904,0.07053009883198562,0.20709793351302785
0.5976909413854352,0.11856127886323269,0.07504440497335702,0.20870337477797513
0.5915178571428571,0.11875,0.07455357142857143,0.21517857142857144
0.6033243486073675,0.11410601976639713,0.07232704402515723,0.21024258760107817
0.605484298982751,0.11455108359133127,0.07563025210084033,0.2043343653250774
0.6066160035762181,0.10773357174787662,0.07778274474742959,0.20786767992847563
0.6085599643334819,0.11368702630405707,0.07623718234507357,0.20151582701738743
0.6134228187919463,0.11364653243847875,0.07516778523489932,0.19776286353467562
0.6106194690265486,0.11415929203539824,0.0747787610619469,0.2004424778761062
0.6083072800357302,0.10674408217954444,0.07682000893255918,0.20812862885216615
0.6146017699115044,0.10353982300884956,0.07345132743362832,0.2084070796460177
0.6153498871331828,0.1038374717832957,0.07539503386004515,0.2054176072234763
0.6226583407671722,0.09901873327386262,0.0735950044603033,0.2047279214986619
0.625,0.09608540925266904,0.076067615658363,0.20284697508896798
0.630057803468208,0.09648732770120054,0.07292129835482436,0.200533570475767
0.6363636363636364,0.09266578831796222,0.0707070707070707,0.2002635046113307
0.6385060026678524,0.0938194753223655,0.06625166740773678,0.20142285460204534
0.6495802032699955,0.0905877154220062,0.06539991162174105,0.19443216968625718
0.6467439785905441,0.09188224799286351,0.06155218554861731,0.19982158786797502
0.6498661909009813,0.0927743086529884,0.06333630686886708,0.19402319357716324
0.6482142857142857,0.09241071428571429,0.06339285714285714,0.19598214285714285
0.6499118165784833,0.08818342151675485,0.06349206349206349,0.1984126984126984
0.6563604240282686,0.08789752650176678,0.05918727915194346,0.1965547703180212
0.653966831017481,0.09009412819363515,0.05737337516808606,0.19856566562079786
0.6526410026857654,0.08952551477170993,0.05819158460161146,0.19964189794091317
0.6511524822695035,0.09042553191489362,0.05939716312056738,0.19902482269503546
0.6504246759052302,0.09566383549396514,0.058113544926240504,0.19579794367456416
0.6546985815602837,0.09397163120567376,0.057624113475177305,0.19370567375886524
0.6543264942016057,0.08519179304192685,0.060660124888492414,0.19982158786797502
0.6543921916592724,0.08562555456965394,0.061224489795918366,0.19875776397515527
0.6619406291537439,0.0824102791315906,0.057155516171909615,0.19849357554275587
0.669029685423128,0.08063801506424458,0.057598582188746125,0.19273371732388125
0.6619469026548672,0.07876106194690266,0.061061946902654866,0.19823008849557522
0.6694764862466726,0.0740905057675244,0.055013309671694766,0.20141969831410825
0.6768888888888889,0.07422222222222222,0.051555555555555556,0.19733333333333333
0.6826029216467463,0.07171314741035857,0.051350154935812305,0.1943337760070828
0.6895628902765388,0.06913470115967886,0.047725245316681535,0.1935771632471008
0.6868374558303887,0.06978798586572438,0.046819787985865724,0.1965547703180212
0.6910137228862329,0.06994245241257194,0.04780876494023904,0.19123505976095617
0.690190856635597,0.07012871726586774,0.0492676431424767,0.1904127829560586
0.6903914590747331,0.07161921708185054,0.04937722419928826,0.18861209964412812
0.6916890080428955,0.07059874888293119,0.050044682752457555,0.1876675603217158
0.6920338228749444,0.06764574988874054,0.04984423676012461,0.19047619047619047
0.6947879858657244,0.06890459363957598,0.04726148409893993,0.18904593639575973
0.6995994659546061,0.06497552291944815,0.045838896306186025,0.18958611481975968
0.6928191489361702,0.0700354609929078,0.04521276595744681,0.19193262411347517
0.6944567627494457,0.07139689578713969,0.04390243902439024,0.1902439024390244
0.6949378330373002,0.06838365896980461,0.04662522202486678,0.19005328596802842
0.7019572953736655,0.07028469750889679,0.045373665480427046,0.18238434163701067
0.7051224944320713,0.06592427616926504,0.042761692650334075,0.1861915367483296
0.7101193106495802,0.06672558550596554,0.039770216526734424,0.18338488731771985
0.7046153846153846,0.0698901098901099,0.04131868131868132,0.18417582417582418
0.7070572569906791,0.06879715934309809,0.041278295605858856,0.18286728806036395
0.7036379769299024,0.06921029281277728,0.04081632653061224,0.18633540372670807
0.7004424778761061,0.07123893805309735,0.04115044247787611,0.18716814159292036
0.698943661971831,0.0682218309859155,0.04181338028169014,0.19102112676056338
0.6980880391285016,0.07025344597598933,0.03868385949310805,0.19297465540240108
0.6976950354609929,0.07047872340425532,0.03634751773049645,0.19547872340425532
0.6964601769911505,0.07300884955752213,0.03716814159292035,0.19336283185840708
0.6978385531539479,0.06969563299514778,0.0388178209086899,0.19364799294221438
0.6875834445927904,0.07387627948375612,0.04183355585224744,0.19670672007120604
0.693569844789357,0.07184035476718403,0.04212860310421286,0.19246119733924613
0.6907171139463264,0.07215134183897932,0.04355477342718874,0.1935767707875055
0.6948480845442536,0.06869220607661823,0.04271246147071774,0.19374724790841039
0.701058201058201,0.06922398589065255,0.04188712522045855,0.18783068783068782
0.700354609929078,0.0678191489361702,0.04476950354609929,0.1870567375886525
0.7032286598850066,0.07032286598850067,0.0437859354268023,0.1826625386996904
0.6949823943661971,0.07174295774647887,0.04709507042253521,0.18617957746478872
0.6966993755575379,0.07002676181980375,0.04817127564674398,0.18510258697591436
0.6986725663716814,0.06858407079646017,0.048230088495575224,0.18451327433628317
0.7009304386353566,0.06601683650863979,0.046964997784669914,0.18608772707133364
0.7055160142348754,0.06628113879003558,0.04848754448398576,0.1797153024911032
0.7090420769919427,0.06311548791405551,0.048343777976723366,0.17949865711727842
0.7118868758285462,0.0627485638532921,0.04684047724259832,0.17852408307556342
0.7070435172723194,0.06460296096904442,0.048900852400179454,0.17945266935845672
0.7152930806522697,0.062141912736888495,0.0502423975319524,0.17232260907888938
0.7186243858865565,0.06699419383653417,0.04778919160339437,0.16659222867351497
0.7214912280701754,0.06535087719298245,0.04649122807017544,0.16666666666666666
0.7189973614775725,0.06684256816182937,0.047493403693931395,0.16666666666666666
0.7192749778956675,0.0680813439434129,0.04730327144120248,0.16534040671971706
0.7200532386867791,0.07009760425909495,0.04702750665483585,0.16282165039929014
0.7200704225352113,0.06998239436619719,0.04621478873239437,0.1637323943661972
0.7229398663697104,0.07349665924276169,0.0467706013363029,0.15679287305122494
0.7202828104286345,0.07070260715863898,0.05037560760053027,0.1586389748121962
0.7144124168514412,0.07228381374722838,0.04789356984478936,0.16541019955654102
0.713074520303436,0.07184292726461401,0.047746541722445336,0.16733601070950468
0.7228163992869875,0.07040998217468805,0.045454545454545456,0.16131907308377896
0.7191358024691358,0.06657848324514991,0.04585537918871252,0.16843033509700175
0.7216540684748777,0.0658070253445976,0.04535349044019564,0.16718541574032902
0.7106778910057598,0.06734603455914931,0.04519273371732388,0.17678334071776694
0.7128408091468778,0.0712401055408971,0.03913808267370272,0.17678100263852242
0.7171895713654441,0.06628369421122404,0.039770216526734424,0.17675651789659744
0.7169394073418841,0.06811145510835913,0.04113224237063246,0.17381689517912427
0.7154830172033525,0.06616674018526687,0.03925893250992501,0.17909131010145568
0.7182910547396528,0.06230529595015576,0.040498442367601244,0.17890520694259013
0.7223456241670368,0.059973345179920035,0.03509551310528654,0.18258551754775657
0.7264614011601963,0.05979473449352968,0.03391343150379295,0.17983043284248104
0.7235844850646456,0.05929558626839055,0.03611234953187695,0.18100757913508694
0.7179261862917399,0.05711775043936731,0.03866432337434095,0.18629173989455183
0.7240316901408451,0.05501760563380282,0.03873239436619718,0.18221830985915494
0.7228116710875332,0.05570291777188329,0.03934571175950486,0.18213969938107868
0.7247216035634744,0.055233853006681516,0.03830734966592428,0.18173719376391984
0.7249119718309859,0.0528169014084507,0.03697183098591549,0.18529929577464788
0.7164902998236331,0.05731922398589065,0.03791887125220458,0.1882716049382716
0.7175368139223561,0.0571173583221776,0.0392681838464971,0.18607764390896922
0.7222222222222222,0.056878306878306875,0.040123456790123455,0.18077601410934743
0.7197170645446508,0.05614500442086649,0.041998231653404064,0.18213969938107868
0.7245989304812834,0.05570409982174688,0.04055258467023173,0.17914438502673796
0.7264276228419655,0.056219566179725546,0.038069942452412575,0.17928286852589642
0.7285087719298246,0.05394736842105263,0.039473684210526314,0.1780701754385965
0.7331594958713603,0.05171664493698392,0.03780964797913951,0.1773142112125163
0.7279929577464789,0.05017605633802817,0.04005281690140845,0.1817781690140845
0.7324384787472036,0.04876957494407159,0.040268456375838924,0.17852348993288591
0.7423908248786943,0.05116894574327305,0.03749448610498456,0.1689457432730481
0.7402197802197802,0.04923076923076923,0.035164835164835165,0.1753846153846154
0.7416629613161405,0.050689195197865716,0.03334815473543797,0.1742996887505558
0.7406920718353044,0.04862023653088042,0.032413491020586944,0.1782742006132282
0.7365350089766607,0.0466786355475763,0.034560143626570915,0.1822262118491921
0.7322939866369711,0.0467706013363029,0.03518930957683741,0.18574610244988865
0.7321988356471115,0.04970891177787729,0.035826242722794444,0.18226600985221675
0.7319770013268465,0.04953560371517028,0.03759398496240601,0.18089340999557718
0.7308377896613191,0.053475935828877004,0.035650623885918005,0.1800356506238859
0.7366327883340699,0.054352629253203714,0.034909412284577994,0.17410517012814847
0.7415329768270945,0.05080213903743316,0.03342245989304813,0.17424242424242425
0.7433274021352313,0.051601423487544484,0.03469750889679715,0.17037366548042704
0.7462555066079295,0.05066079295154185,0.03656387665198238,0.16651982378854627
0.7529827662395051,0.052585064074237735,0.033583738400353516,0.16084843128590368
0.7471985656656208,0.05468399820708202,0.033168982519049754,0.16494845360824742
0.7409719126170308,0.054837271511368704,0.03789567543468569,0.16629514043691485
0.739188586714222,0.05572893446277307,0.04012483281319661,0.16495764600980828
0.7387862796833773,0.05408970976253298,0.0395778364116095,0.16754617414248021
0.7374227714033539,0.05339805825242718,0.03927625772285966,0.16990291262135923
0.7418213969938108,0.052166224580017684,0.038461538461538464,0.16755083996463307
0.747791519434629,0.05079505300353357,0.0357773851590106,0.16563604240282687
0.7505577867023651,0.04863900044622936,0.03748326639892905,0.16331994645247658
0.7422907488986784,0.051982378854625554,0.04008810572687225,0.1656387665198238
0.744821507271926,0.05200528867342442,0.03922432789775231,0.16394887615689732
0.7431597528684908,0.05339805825242718,0.04060017652250662,0.16284201235657547
0.7394179894179894,0.054673721340388004,0.04365079365079365,0.16225749559082892
0.7371908127208481,0.055212014134275615,0.04328621908127209,0.16431095406360424
0.7368187859991139,0.05494018608772707,0.044306601683650866,0.16393442622950818
0.7389575971731449,0.05830388692579505,0.04284452296819788,0.1598939929328622
0.7441137272323411,0.05819635717458907,0.04264771212794314,0.15504220346512662
0.748792270531401,0.05709266578831796,0.04479578392621871,0.14931927975406237
0.7537777777777778,0.05288888888888889,0.04133333333333333,0.152
0.7495583038869258,0.05123674911660778,0.04196113074204947,0.15724381625441697
0.7598039215686274,0.05080213903743316,0.04055258467023173,0.14884135472370766
0.7590252707581228,0.053700361010830325,0.04061371841155235,0.1466606498194946
0.7611676249447147,0.0508624502432552,0.04157452454666077,0.14639540026536932
0.7581354441512753,0.051890941072999124,0.04573438874230431,0.1442392260334213
0.7627865961199295,0.05114638447971781,0.04409171075837742,0.1419753086419753
0.7680140597539543,0.05228471001757469,0.04437609841827768,0.13532513181019332
0.7651183172655566,0.05565293602103418,0.043382997370727434,0.13584574934268187
0.764367816091954,0.05349248452696728,0.04288240495137047,0.13925729442970822
0.7642602495543672,0.05303030303030303,0.0427807486631016,0.13992869875222816
0.7649122807017544,0.05570175438596491,0.04298245614035088,0.13640350877192983
0.7604212373848179,0.0596752961825362,0.04300131636682756,0.13690215006581835
0.756043956043956,0.056263736263736264,0.044395604395604395,0.1432967032967033
0.7583148558758315,0.05720620842572062,0.04301552106430155,0.14146341463414633
0.753968253968254,0.056878306878306875,0.045414462081128745,0.1437389770723104
0.7606499780412824,0.05489679402722881,0.04655248133509003,0.13790074659639878
0.75718708536046,0.05484298982750995,0.04732419283502875,0.14064573197700134
0.7605321507760532,0.05809312638580931,0.04567627494456763,0.13569844789356986
0.7660896582334665,0.05370616955170883,0.044829116733244564,0.1353750554815801
0.763986013986014,0.04938811188811189,0.04501748251748252,0.14160839160839161
0.7612472160356347,0.049888641425389756,0.044097995545657014,0.1447661469933185
0.7558190601668863,0.052700922266139656,0.04391743522178305,0.14756258234519104
0.7615248226950354,0.05053191489361702,0.04210992907801418,0.14583333333333334
0.7641255605381166,0.0515695067264574,0.04035874439461883,0.14394618834080716
0.7601078167115903,0.05211141060197664,0.03863432165318958,0.14914645103324348
0.7634598411297441,0.05163283318623124,0.03751103265666372,0.147396293027361
0.7621763931548925,0.054848617814831066,0.03992979376919702,0.14304519526107942
0.7614879649890591,0.05514223194748359,0.04157549234135667,0.14179431072210066
0.7610697062691801,0.052170100832968,0.04384042086804033,0.1429197720298115
0.7636122177954847,0.05090748118636565,0.04426737494466578,0.14121292607348385
0.7600352889280988,0.05205116894574327,0.044993383325981476,0.14292015880017644
0.7621380846325168,0.05211581291759466,0.04498886414253898,0.14075723830734965
0.7627268702965914,0.05223550243470562,0.0451527224435591,0.13988490482514387
0.7567204301075269,0.053763440860215055,0.04614695340501792,0.14336917562724014
0.7616534740545294,0.051890941072999124,0.047053649956024624,0.13940193491644678
0.7668439716312057,0.050088652482269506,0.04920212765957447,0.13386524822695037
0.7639446675591254,0.053993752788933515,0.049085229808121376,0.13297634984381973
0.7695051270619706,0.05171645118145341,0.04770396790013375,0.13107445385644226
0.7672028596961573,0.05317247542448615,0.04781054512957998,0.13181411974977658
0.7695364238410596,0.05033112582781457,0.047240618101545256,0.13289183222958056
0.7715555555555556,0.051111111111111114,0.04888888888888889,0.12844444444444444
0.7677619893428064,0.05106571936056838,0.052397868561278864,0.12877442273534637
0.7653333333333333,0.05333333333333334,0.051555555555555556,0.12977777777777777
0.7650976909413855,0.05017761989342807,0.053730017761989345,0.13099467140319715
0.760898282694848,0.0479964773227653,0.05592250110083664,0.13518273888154997
0.7612732095490716,0.04597701149425287,0.05526083112290009,0.1374889478337754
0.7591436217662801,0.04727921498661909,0.054861730597680645,0.13871543264942016
0.7569968902709907,0.04620168813860506,0.05286539315859618,0.14393602843180808
0.7571556350626119,0.04740608228980322,0.055456171735241505,0.13998211091234347
0.7562582345191041,0.0461133069828722,0.05577514273166447,0.14185331576635923
0.7558035714285715,0.046875,0.05357142857142857,0.14375
0.757346393588602,0.0458593054318789,0.053428317008014245,0.1433659839715049
0.758988015978695,0.044829116733244564,0.05503772747447847,0.1411451398135819
0.7573756054601497,0.048436811977102597,0.05548216644649934,0.13870541611624834
0.7553191489361702,0.04964539007092199,0.05629432624113475,0.13874113475177305
0.7498887405429462,0.051179350244770806,0.056074766355140186,0.14285714285714285
0.7468916518650088,0.05106571936056838,0.055062166962699825,0.14698046181172292
0.7508944543828264,0.04830053667262969,0.053220035778175315,0.1475849731663685
0.7492314448836188,0.046991655687307864,0.04962670180061485,0.1541501976284585
0.7549933422103862,0.045272969374167776,0.05015534842432313,0.14957833999112294
0.759169244365886,0.04197967300044189,0.0481661511268228,0.1506849315068493
0.757602468047598,0.040546496253856326,0.04759806081974438,0.15425297487880124
0.7632743362831859,0.04380530973451328,0.046902654867256637,0.14601769911504425
0.7643956043956044,0.0421978021978022,0.04527472527472527,0.14813186813186813
0.7639751552795031,0.03992901508429459,0.04525288376220053,0.15084294587400177
0.7690941385435168,0.037300177619893425,0.04396092362344583,0.14964476021314388
0.7744227353463587,0.03907637655417407,0.04396092362344583,0.14253996447602132
0.7688219663418955,0.043401240035429584,0.04738706820194863,0.1403897254207263
0.7758085954807267,0.042977403633141335,0.04519273371732388,0.13602126716880816
0.7696056712450156,0.046964997784669914,0.04474966770048737,0.1386796632698272
0.7746913580246914,0.04982363315696649,0.04144620811287478,0.13403880070546736
0.7720160929816718,0.04917299955297273,0.04112650871703174,0.13768439874832364
0.7688888888888888,0.052444444444444446,0.042222222222222223,0.13644444444444445
0.7678018575851393,0.05174701459531181,0.039805395842547546,0.14064573197700134
0.7710526315789473,0.05175438596491228,0.03859649122807018,0.13859649122807016
0.7736013986013986,0.050699300699300696,0.039335664335664336,0.13636363636363635
0.7754650132860939,0.04827280779450841,0.042515500442869794,0.1337466784765279
0.775022143489814,0.05137289636846767,0.043401240035429584,0.13020372010628875
0.7751662971175166,0.05321507760532151,0.04390243902439024,0.12771618625277162
0.7751662971175166,0.05454545454545454,0.04478935698447894,0.12549889135254988
0.7741508601676224,0.056021173356859286,0.04278782531980591,0.12704014115571238
0.7689243027888446,0.05887560867640549,0.04293935369632581,0.12926073483842407
0.7694013303769401,0.057649667405764965,0.04390243902439024,0.12904656319290467
0.7678650687971593,0.05770084332001776,0.04438526409232135,0.13004882379050156
0.7699509585376728,0.057958091841284,0.043245653143111906,0.12884529647793133
0.7728482697426797,0.05944986690328305,0.04214729370008873,0.12555456965394854
0.7703768624014022,0.06222611744084137,0.042068361086765996,0.12532865907099036
0.7779255319148937,0.06028368794326241,0.040336879432624116,0.12145390070921985
0.7807250221043325,0.0605658709106985,0.03801945181255526,0.1206896551724138
0.7811536767943638,0.06296785557023338,0.03742844561867019,0.11845002201673271
0.7759391771019678,0.06305903398926654,0.04114490161001789,0.11985688729874776
0.7812777284826974,0.05944986690328305,0.0417036379769299,0.11756876663708962
0.7800443458980044,0.06031042128603104,0.041685144124168516,0.11796008869179601
0.7784166298098186,0.06324635117204777,0.042459088898717384,0.11587793011941619
0.7783229259589652,0.06422836752899197,0.042818911685994644,0.11462979482604817
0.7736185383244206,0.06729055258467023,0.04367201426024955,0.11541889483065954
0.7726063829787234,0.06693262411347518,0.04609929078014184,0.11436170212765957
0.7688908528501989,0.06716747680070703,0.04551480335837384,0.11842686699072029
0.7701808557565064,0.06660785178650198,0.04455227172474636,0.11865902073224525
0.7715422006186479,0.06495802032699956,0.044631020768890854,0.11886875828546177
0.7721179624664879,0.07015192135835567,0.04423592493297587,0.11349419124218052
0.7706584180291648,0.07114449845338047,0.04551480335837384,0.11268228015908087
0.7711376715360779,0.07259849490925188,0.045595396193005754,0.11066843736166446
0.766607617360496,0.07218777679362268,0.046058458813108945,0.11514614703277236
0.7736771898621609,0.07025344597598933,0.044464206313917294,0.11160515784793242
0.7754919499105546,0.06708407871198568,0.046958855098389984,0.11046511627906977
0.7793594306049823,0.0653914590747331,0.045373665480427046,0.10987544483985764
0.7785145888594165,0.0636604774535809,0.044650751547303275,0.11317418213969938
0.782279608192342,0.059216384683882455,0.041852181656277826,0.11665182546749778
0.7787494534324443,0.062090074333187584,0.03979011805859204,0.11937035417577613
0.7867256637168142,0.061504424778761065,0.03938053097345133,0.11238938053097346
0.7871308946672543,0.06170118995152049,0.04275011018069634,0.10841780520052886
0.7874564459930313,0.06097560975609756,0.043118466898954703,0.10844947735191637
0.7885891198584697,0.06059265811587793,0.04024767801857585,0.11057054400707651
0.7935024477080552,0.059190031152647975,0.039163328882955054,0.1081441922563418
0.7948604342046965,0.05937084625609216,0.03943287549844927,0.10633584404076207
0.790543526292532,0.06142288996906761,0.03623508616880247,0.11179849756959788
0.7924944812362031,0.05783664459161148,0.03576158940397351,0.11390728476821192
0.7946350043975374,0.05452946350043975,0.03518029903254178,0.11565523306948108
0.7940655447298495,0.05535872453498671,0.03454384410983171,0.11603188662533215
0.8056288478452067,0.05408970976253298,0.03430079155672823,0.1059806508355321
0.7963700752545374,0.056219566179725546,0.035856573705179286,0.11155378486055777
0.796164139161463,0.058876003568242644,0.03612845673505798,0.10883140053523639
0.7947810703228659,0.058823529411764705,0.0362671384343211,0.11012826183104821
0.8005342831700801,0.05699020480854853,0.03428317008014248,0.10819234194122886
0.7982261640798226,0.05543237250554324,0.03458980044345898,0.11175166297117517
0.7946902654867256,0.05796460176991151,0.036283185840707964,0.11106194690265486
0.8002680965147453,0.05674709562109026,0.035746201966041107,0.10723860589812333
0.7975352112676056,0.05721830985915493,0.03653169014084507,0.10871478873239436
0.8027240773286467,0.056678383128295255,0.03646748681898067,0.10413005272407733
0.8016896398399288,0.057803468208092484,0.036905291240551356,0.1036016007114273
0.800890868596882,0.058351893095768374,0.037416481069042315,0.10334075723830735
0.7968957871396896,0.05942350332594235,0.03680709534368071,0.10687361419068736
0.8004405286343612,0.06255506607929516,0.033480176211453744,0.10352422907488987
0.7955849889624724,0.06490066225165562,0.03443708609271523,0.10507726269315673
0.7941696113074205,0.06669611307420495,0.0353356890459364,0.10379858657243816
0.7924276169265033,0.06904231625835189,0.03830734966592428,0.10022271714922049
0.7948947604120018,0.06627854903716973,0.04209583519928348,0.096730855351545
0.7951914514692787,0.06678539626001781,0.040516473731077474,0.097506678539626
0.7937279151943463,0.06625441696113074,0.04107773851590106,0.0989399293286219
0.7886323268206039,0.06394316163410302,0.046181172291296625,0.10124333925399645
0.7944839857651246,0.061832740213523134,0.0449288256227758,0.09875444839857651
0.7978676143936029,0.059973345179920035,0.043536206130608615,0.0986228342958685
0.796271637816245,0.06125166444740346,0.04172214824678207,0.10075454948956947
0.789923526765632,0.06432748538011696,0.04363472784525416,0.10211426000899686
0.7923691215616682,0.06388642413487133,0.04525288376220053,0.09849157054125998
0.7956073509636934,0.06230389959659346,0.04078888390856118,0.10129986553115194
0.7984084880636605,0.0658709106984969,0.040671971706454466,0.09504862953138815
0.7925793473401878,0.06660706303084488,0.0424675905230219,0.09834599910594546
0.7988454706927176,0.06660746003552398,0.03996447602131439,0.09458259325044405
0.798941798941799,0.06393298059964726,0.03835978835978836,0.09876543209876543
0.7991130820399113,0.06563192904656319,0.03636363636363636,0.09889135254988914
0.7985865724381626,0.06757950530035335,0.03842756183745583,0.09540636042402827
0.7943387881468377,0.06501547987616099,0.042459088898717384,0.09818664307828394
0.794404973357016,0.0674955595026643,0.04129662522202487,0.09680284191829484
0.7952961672473867,0.06533101045296168,0.043118466898954703,0.09625435540069686
0.7927369353410098,0.06687333923826395,0.04472984942426927,0.09565987599645705
0.7937000887311446,0.062111801242236024,0.04480922803904171,0.09937888198757763
0.7913508693713777,0.06241640659830584,0.0463664734730272,0.09986625055728934
0.7936860827034238,0.05869275233437083,0.04757670075589151,0.10004446420631392
0.7982182628062361,0.058797327394209356,0.04365256124721604,0.09933184855233854
0.8017699115044248,0.05353982300884956,0.04424778761061947,0.10044247787610619
0.8033509700176367,0.05246913580246913,0.045414462081128745,0.09876543209876543
0.8025675077467906,0.05179282868525897,0.04249667994687915,0.10314298362107127
0.8023820026466696,0.05249228054697839,0.04058226731363035,0.10454344949272165
0.8020237571491421,0.05455345358556973,0.040475142982842056,0.10294764628244611
0.8018494055482166,0.054601497137824744,0.04007045354469397,0.10347864376926465
0.8107869142351901,0.050397877984084884,0.03978779840848806,0.09902740937223696
0.8098214285714286,0.05133928571428571,0.038839285714285715,0.1
0.8124721603563474,0.049443207126948774,0.03830734966592428,0.09977728285077951
0.8142414860681114,0.047766475011057054,0.03847854931446263,0.09951348960636887
0.8123063302346171,0.04736609119079239,0.041168658698539175,0.09915891987605135
0.8079146287238773,0.04979991107158737,0.04313028012449978,0.09915518008003557
0.8137687555163283,0.04589585172109444,0.041924095322153576,0.09841129744042365
0.8078621908127208,0.05035335689045936,0.04284452296819788,0.0989399293286219
0.8144876325088339,0.04726148409893993,0.04019434628975265,0.0980565371024735
0.8130261408949934,0.047408063801506424,0.04031900753212229,0.09924678777137794
0.8145054945054945,0.04483516483516484,0.03912087912087912,0.10153846153846154
0.8115942028985508,0.0461133069828722,0.04259991216512956,0.09969257795344752
0.8095238095238095,0.048500881834215165,0.043209876543209874,0.09876543209876543
0.8111455108359134,0.04688191065900044,0.0437859354268023,0.09818664307828394
0.8118113706478625,0.04627589246364037,0.04451300132216836,0.09739973556632878
0.8122775800711743,0.04448398576512456,0.04759786476868327,0.09564056939501779
0.8122520934332305,0.04847950639048039,0.045394446892904367,0.09387395328338476
0.8114790286975717,0.04856512141280353,0.04415011037527594,0.09580573951434879
0.8050089445438283,0.0518783542039356,0.04382826475849732,0.09928443649373882
0.8145695364238411,0.046799116997792496,0.044591611479028695,0.09403973509933775
0.8086802480070859,0.0491585473870682,0.04561558901682905,0.09654561558901682
0.8087649402390438,0.04957945993802568,0.046923417441345726,0.09473218238158478
0.8030905077262693,0.051655629139072845,0.04944812362030905,0.09580573951434879
0.8103448275862069,0.04907161803713528,0.048187444739168875,0.09239610963748895
0.8125275694750772,0.048963387737097484,0.04675782973092192,0.0917512130569034
0.8124448367166813,0.05030891438658429,0.04589585172109444,0.09135039717563989
0.809184128399465,0.04770396790013375,0.04681230494872938,0.09629959875167186
0.8144513826940232,0.04594112399643176,0.04103479036574487,0.09857270294380018
0.8205467372134039,0.04365079365079365,0.03835978835978836,0.0974426807760141
0.8198398576512456,0.046708185053380785,0.037366548042704624,0.09608540925266904
0.82560706401766,0.04370860927152318,0.03708609271523179,0.09359823399558499
0.8294091514882275,0.0422034651266104,0.03287427809862283,0.09551310528653932
0.8279090503789568,0.04057066428889879,0.034329023629068214,0.09719126170307624
0.8289765175011077,0.0358883473637572,0.034116083296411165,0.10101905183872396
0.8337765957446809,0.038120567375886524,0.031471631205673756,0.09663120567375887
0.8372093023255814,0.03466432645897324,0.03334795963141729,0.09477841158402808
0.8347978910369068,0.03866432337434095,0.03471001757469244,0.09182776801405976
0.8337765957446809,0.03945035460992908,0.03679078014184397,0.0899822695035461
0.8350923482849604,0.03825857519788918,0.03605980650835532,0.09058927000879508
0.8343585237258347,0.03866432337434095,0.03602811950790861,0.09094903339191564
0.8334064007014468,0.0398947829899167,0.03682595352915388,0.08987286277948268
0.8333333333333334,0.03747795414462081,0.03791887125220458,0.09126984126984126
0.834072759538598,0.0385980479148181,0.03904170363797693,0.08828748890860692
0.836555360281195,0.03690685413005272,0.03910369068541301,0.08743409490333919
0.8400881057268722,0.03656387665198238,0.038766519823788544,0.08458149779735682
0.8350153576129882,0.03817463799912242,0.03992979376919702,0.0868802106186924
0.8359788359788359,0.03880070546737213,0.04188712522045855,0.08333333333333333
0.8345798504179498,0.03607567091948966,0.04223493180818302,0.08710954685437748
0.8310104529616724,0.037456445993031356,0.04355400696864112,0.08797909407665505
0.8328900709219859,0.03546099290780142,0.043882978723404256,0.08776595744680851
0.8321554770318021,0.03312720848056537,0.044169611307420496,0.09054770318021202
0.8284832451499118,0.034832451499118164,0.04409171075837742,0.09259259259259259
0.8224092116917626,0.03454384410983171,0.046058458813108945,0.09698848538529672
0.8236074270557029,0.03801945181255526,0.044650751547303275,0.09372236958443855
0.8229305002213368,0.03851261620185923,0.045595396193005754,0.09296148738379814
0.8260869565217391,0.034255599472990776,0.045234958278436536,0.09442248572683355
0.8228520814880426,0.03587245349867139,0.046058458813108945,0.09521700620017715
0.8250883392226148,0.03842756183745583,0.04284452296819788,0.09363957597173145
0.8259325044404974,0.03818827708703375,0.043072824156305506,0.09280639431616342
0.8264499121265377,0.03998242530755712,0.04173989455184534,0.09182776801405976
0.8261253309796999,0.043689320388349516,0.04236540158870256,0.08781994704324801
0.8267543859649122,0.04254385964912281,0.04078947368421053,0.08991228070175439
0.8262599469496021,0.04288240495137047,0.04155614500442087,0.08930150309460655
0.824569155987627,0.04197967300044189,0.04286345558992488,0.0905877154220062
0.8221925133689839,0.04322638146167558,0.04367201426024955,0.09090909090909091
0.8242343541944075,0.043941411451398134,0.041278295605858856,0.09054593874833555
0.8201058201058201,0.04188712522045855,0.0427689594356261,0.09523809523809523
0.8168578993821712,0.03927625772285966,0.04280670785525154,0.10105913503971757
0.8181011535048802,0.03948535936113576,0.043478260869565216,0.09893522626441881
0.8236331569664903,0.03791887125220458,0.0427689594356261,0.09567901234567901
0.8231353282715498,0.0401965163019205,0.041536400178651185,0.09513175524787852
0.822508896797153,0.03914590747330961,0.042704626334519574,0.09564056939501779
0.8241758241758241,0.03560439560439561,0.04263736263736264,0.09758241758241758
0.8200799644602399,0.03953798311861395,0.043980453131941356,0.0964015992892048
0.8273703041144902,0.03488372093023256,0.044722719141323794,0.09302325581395349
0.8292898103220114,0.03617115130127922,0.044993383325981476,0.08954565505072784
0.8265947888589398,0.038185085354896675,0.0426774483378257,0.09254267744833783
0.8295053003533569,0.037544169611307424,0.04019434628975265,0.09275618374558305
0.8276623950508175,0.03844454264250994,0.0410958904109589,0.09279717189571365
0.8266905508284819,0.0438871473354232,0.04120017913121361,0.08822212270488132
0.8176991150442477,0.048672566371681415,0.04336283185840708,0.09026548672566372
0.814945054945055,0.05098901098901099,0.0421978021978022,0.09186813186813186
0.8168141592920354,0.05265486725663717,0.04469026548672567,0.08584070796460178
0.8120535714285714,0.05178571428571429,0.04642857142857143,0.08973214285714286
0.8148479427549195,0.050983899821109124,0.04561717352415027,0.0885509838998211
0.8140257434531736,0.05104305370616955,0.044829116733244564,0.09010208610741234
0.8137900746596399,0.05006587615283267,0.046991655687307864,0.08915239350021958
0.8241272646928856,0.048608042421564294,0.044631020768890854,0.0826336721166593
0.8195488721804511,0.0508624502432552,0.04555506413091552,0.08403361344537816
0.8113957597173145,0.05123674911660778,0.04858657243816254,0.0887809187279152
0.8136865342163355,0.052097130242825605,0.05033112582781457,0.08388520971302428
0.8144375553587245,0.05181576616474756,0.04827280779450841,0.08547387068201949
0.8134162594402488,0.053753887161261664,0.04797867614393603,0.08485117725455353
0.8075388026607538,0.056762749445676275,0.04745011086474501,0.08824833702882483
0.8100484795063905,0.05509034817100044,0.04715733803437638,0.0877038342882327
0.8100706713780919,0.054770318021201414,0.04637809187279152,0.0887809187279152
0.8181019332161688,0.05140597539543058,0.04525483304042179,0.0852372583479789
0.8247100802854594,0.045495093666369314,0.045495093666369314,0.08429973238180197
0.8267260579064588,0.044543429844097995,0.046325167037861915,0.08240534521158129
0.8305235137533274,0.04392191659272405,0.04525288376220053,0.080301685891748
0.8279522335249889,0.0437859354268023,0.04643962848297214,0.08182220256523662
0.8217602830605927,0.04599734630694383,0.04467049977885891,0.0875718708536046
0.8226731363034848,0.04675782973092192,0.044111160123511246,0.08645787384208205
0.8203194321206744,0.046583850931677016,0.04614019520851819,0.08695652173913043
0.8207964601769911,0.046902654867256637,0.045575221238938056,0.08672566371681416
0.8203883495145631,0.04677846425419241,0.045454545454545456,0.08737864077669903
0.8235551663747811,0.0446584938704028,0.04203152364273205,0.08975481611208407
0.8226666666666667,0.04577777777777778,0.04488888888888889,0.08666666666666667
0.821113074204947,0.045936395759717315,0.046819787985865724,0.08613074204946997
0.8228798586572438,0.045936395759717315,0.046819787985865724,0.08436395759717315
0.8169075777485765,0.04818221638195357,0.04774419623302672,0.08716600963644328
0.8138489208633094,0.047212230215827336,0.049010791366906475,0.08992805755395683
0.81951871657754,0.04723707664884135,0.04590017825311943,0.0873440285204991
0.8170786516853933,0.0498876404494382,0.04449438202247191,0.08853932584269662
0.8190687361419069,0.048337028824833705,0.041685144124168516,0.09090909090909091
0.8220940550133097,0.04791481810115351,0.04214729370008873,0.0878438331854481
0.8209876543209876,0.04938271604938271,0.041005291005291,0.08862433862433862
0.8178209086898985,0.05205116894574327,0.04014115571239524,0.08998676665196295
0.8158127208480566,0.05256183745583039,0.04019434628975265,0.09143109540636042
0.8158127208480566,0.05256183745583039,0.03931095406360424,0.09231448763250884
0.8191816981962164,0.050593928728552576,0.0409150901891773,0.08930928288605368
0.8159859464207291,0.050944224857268336,0.04040404040404041,0.09266578831796222
0.8182628062360802,0.05256124721603563,0.040979955456570155,0.08819599109131403
0.8170570039770216,0.04728236853733982,0.04507291206363235,0.0905877154220062
0.8200707338638373,0.046419098143236075,0.04553492484526967,0.08797524314765694
0.8233199821984869,0.047619047619047616,0.042723631508678236,0.08633733867378728
0.8275709219858156,0.04565602836879433,0.04299645390070922,0.08377659574468085
0.8265845070422535,0.04533450704225352,0.040492957746478875,0.08758802816901408
