R,A,S,N
1.0,0.0,0.0,0.0
0.6,0.4,0.0,0.0
0.6,0.3,0.1,0.0
0.5555555555555556,0.3333333333333333,0.1111111111111111,0.0
0.5714285714285714,0.32142857142857145,0.10714285714285714,0.0
0.5319148936170213,0.2978723404255319,0.1276595744680851,0.0425531914893617
0.5,0.3108108108108108,0.10810810810810811,0.08108108108108109
0.509090909090909,0.2818181818181818,0.11818181818181818,0.09090909090909091
0.4768211920529801,0.2913907284768212,0.10596026490066225,0.12582781456953643
0.445,0.29,0.115,0.15
0.4139194139194139,0.2783882783882784,0.12087912087912088,0.18681318681318682
0.3904494382022472,0.28370786516853935,0.1151685393258427,0.21067415730337077
0.36971046770601335,0.267260579064588,0.11804008908685969,0.24498886414253898
0.35628227194492257,0.27538726333907054,0.11703958691910499,0.2512908777969019
0.33975240715268223,0.27785419532324623,0.11004126547455295,0.2723521320495186
0.3302857142857143,0.2742857142857143,0.11314285714285714,0.2822857142857143
0.3168604651162791,0.2751937984496124,0.11627906976744186,0.2916666666666667
0.30523731587561376,0.2823240589198036,0.1276595744680851,0.28477905073649756
0.2928779069767442,0.28851744186046513,0.12936046511627908,0.28924418604651164
0.2962962962962963,0.28671775223499363,0.1360153256704981,0.280970625798212
0.28472622478386167,0.29452449567723343,0.13544668587896252,0.28530259365994237
0.2751605995717345,0.2917558886509636,0.13704496788008566,0.2960385438972163
0.2665655032878098,0.30045523520485584,0.1345472938796156,0.2984319676277188
0.26979611190137504,0.301090564248459,0.13608345187292556,0.2930298719772404
0.2667893284268629,0.30266789328426863,0.13707451701931922,0.2934682612695492
0.2625448028673835,0.30197132616487454,0.14112903225806453,0.29435483870967744
0.2591111111111111,0.30933333333333335,0.14266666666666666,0.28888888888888886
0.25925925925925924,0.3132530120481928,0.13609995537706382,0.29138777331548416
0.26123348017621145,0.3096916299559471,0.13612334801762113,0.29295154185022027
0.25958572058175405,0.3093873953283385,0.14059056853239313,0.2904363155575143
0.25630810092961487,0.31297034085878706,0.1438689685701638,0.2868525896414343
0.26327532351628735,0.30655957161981257,0.14368585452922802,0.28647925033467203
0.254737769942706,0.3142353459673865,0.14764213309828117,0.28338475099162624
0.25736911570611526,0.3132424109106907,0.14958205015398152,0.2798064232292125
0.2653333333333333,0.3088888888888889,0.14133333333333334,0.28444444444444444
0.25824901011878576,0.3216014078310603,0.1438627364716234,0.27628684557853056
0.25961963732861565,0.31800088456435205,0.14241486068111456,0.2799646174259177
0.25914499779638606,0.3151167915381225,0.14543851917144116,0.28029969149405026
0.25308098591549294,0.31778169014084506,0.1430457746478873,0.2860915492957746
0.2553191489361702,0.3173758865248227,0.14450354609929078,0.2828014184397163
0.25355239786856126,0.32460035523978686,0.14031971580817051,0.28152753108348133
0.25198587819947044,0.323036187113857,0.14518976169461606,0.2797881729920565
0.24858264282599216,0.33057130396860007,0.14042738770170082,0.2804186655037069
0.24517543859649124,0.33245614035087717,0.14035087719298245,0.2820175438596491
0.24405286343612334,0.3303964757709251,0.1378854625550661,0.28766519823788544
0.25,0.3274956217162872,0.13485113835376533,0.28765323992994746
0.24812692816218598,0.3204054649625386,0.1366240634640811,0.29484354341119434
0.2413793103448276,0.32605848974247054,0.1396769969445657,0.2928852029681362
0.2422251423565484,0.32150678931230836,0.1410424879544459,0.2952255803766973
0.24801412180052956,0.3172992056487202,0.14210061782877317,0.2925860547219771
0.24494283201407213,0.3175021987686895,0.14160070360598065,0.2959542656112577
0.2528684907325684,0.3159752868490733,0.1434245366284201,0.28773168578993824
0.2511032656663725,0.31641659311562226,0.14607237422771405,0.28640776699029125
0.24878694309660343,0.3158359064843405,0.1407146007940009,0.2946625496250551
0.24812030075187969,0.31667403803626715,0.14020344980097302,0.2950022114108801
0.23857644991212654,0.32073813708260107,0.14015817223198593,0.30052724077328646
0.2422907488986784,0.3198237885462555,0.14140969162995595,0.2964757709251101
0.2375495813133539,0.31643895989422655,0.1392684001762891,0.30674305861613044
0.2342857142857143,0.31384615384615383,0.1397802197802198,0.3120879120879121
0.2396873643074251,0.3139383412939644,0.13460703430308293,0.3117672600955276
0.23757149142102948,0.31148262208534977,0.13594368675758908,0.31500219973603166
0.23936869793950022,0.30995177553704517,0.14072775098640947,0.30995177553704517
0.24192139737991267,0.30436681222707423,0.14410480349344978,0.30960698689956334
0.2401592215833702,0.30605926581158777,0.14993365767359576,0.3038478549314463
0.24352786309784993,0.2961825362000878,0.15269855199648968,0.30759104870557263
0.24110671936758893,0.2981993851559069,0.15678524374176547,0.3039086517347387
0.24060150375939848,0.2923485183547103,0.16143299425033172,0.3056169836355595
0.24260089686098654,0.2865470852017937,0.1609865470852018,0.30986547085201793
0.23834652594547054,0.2880386983289358,0.16314863676341249,0.31046613896218117
0.24174372523117568,0.2866578599735799,0.16160281814178776,0.3099955966534566
0.24040582267313632,0.286281429201588,0.16012351124834584,0.31318923687692984
0.24234470691163604,0.28171478565179353,0.15616797900262466,0.31977252843394577
0.2383053839364519,0.2881729920564872,0.15092674315975288,0.32259488084730803
0.238556338028169,0.28741197183098594,0.15580985915492956,0.3182218309859155
0.2400354295837024,0.28742249778565104,0.1474756421612046,0.325066430469442
0.23508771929824562,0.2881578947368421,0.1513157894736842,0.3254385964912281
0.2319610447100487,0.2926073483842408,0.15183709606020362,0.3235945108455069
0.23273207215134184,0.29256489221293447,0.1517817861856577,0.322921249450066
0.22977777777777778,0.2951111111111111,0.152,0.3231111111111111
0.23201754385964912,0.2912280701754386,0.15175438596491228,0.325
0.23257839721254356,0.2926829268292683,0.15026132404181183,0.32447735191637633
0.232640424590889,0.29455992923485186,0.14727996461742593,0.32551968155683325
0.23070136744596384,0.2871636524040582,0.14865460961623292,0.333480370533745
0.23297966401414677,0.2917771883289125,0.14323607427055704,0.33200707338638374
0.23392070484581498,0.29427312775330394,0.1370044052863436,0.33480176211453744
0.22934158197083518,0.2898806893504198,0.13345117101193107,0.347326557666814
0.23427812223206376,0.2936226749335695,0.13640389725420726,0.3356953055801594
0.23596491228070177,0.29736842105263156,0.13640350877192983,0.33026315789473687
0.22852081488042517,0.3046944198405669,0.13020372010628875,0.3365810451727192
0.23402379903040987,0.2970471573380344,0.13353900396650506,0.3353900396650507
0.23722149410222804,0.2961992136304063,0.12975098296199214,0.33682830930537355
0.2359451084550686,0.29924745462594066,0.1301460823373174,0.3346613545816733
0.23311546840958605,0.2906318082788671,0.13333333333333333,0.34291938997821353
0.23868131868131867,0.29010989010989013,0.12835164835164836,0.34285714285714286
0.23807439824945295,0.2910284463894967,0.12516411378555797,0.34573304157549234
0.23625164980202376,0.2943246810382754,0.12142542894852618,0.34799824021117465
0.2375495813133539,0.2961657117672984,0.11987659762009696,0.34640810929925075
0.23669159700835898,0.29696436427628686,0.12230532336119665,0.3440387153541575
0.23614775725593667,0.29199648197009676,0.12532981530343007,0.3465259454705365
0.22607550482879718,0.2971905179982441,0.12291483757682177,0.353819139596137
0.22931338028169015,0.29973591549295775,0.12235915492957747,0.3485915492957746
0.23446452181577787,0.30365799911855446,0.12075804319083297,0.34111943587483473
0.23681898066783832,0.30360281195079086,0.12170474516695957,0.3378734622144112
0.23654015887025595,0.3049426301853486,0.12268314210061783,0.3358340688437776
0.23357015985790408,0.29928952042628776,0.12744227353463589,0.3396980461811723
0.23093873953283384,0.3001322168356104,0.12692816218598502,0.3420008814455707
0.23033216783216784,0.2958916083916084,0.13243006993006992,0.34134615384615385
0.22345624167036873,0.2998667258996002,0.1288316303864949,0.3478454020435362
0.2252212389380531,0.2991150442477876,0.12876106194690265,0.34690265486725663
0.22519754170324846,0.291044776119403,0.13081650570676032,0.35294117647058826
0.22701021768103066,0.29542425588627275,0.13238560639715682,0.34517992003553977
0.22707423580786026,0.28864628820960697,0.13580786026200872,0.34847161572052404
0.23654015887025595,0.2881729920564872,0.13018534863195058,0.3451015004413063
0.22828014184397163,0.287677304964539,0.13076241134751773,0.3532801418439716
0.2261640798226164,0.28780487804878047,0.1286031042128603,0.3574279379157428
0.22689443714410862,0.2864651773981603,0.1252737625930793,0.36136662286465177
0.23477100933748332,0.28234771009337484,0.12449977767896843,0.3583815028901734
0.230566534914361,0.28634167764602547,0.12340799297321037,0.35968379446640314
0.23270163067430585,0.2869105332745703,0.12340237990304098,0.35698545614808286
0.2344095532950022,0.28217602830605926,0.12206988058381248,0.36134453781512604
0.230837394771821,0.2875498449268941,0.12228622064687639,0.3593265396544085
0.23107221006564552,0.2862144420131291,0.12166301969365427,0.3610503282275711
0.22593406593406593,0.2821978021978022,0.1221978021978022,0.36967032967032964
0.2350597609561753,0.27667109340416113,0.11642319610447101,0.37184594953519257
0.23282275711159736,0.2818380743982494,0.11859956236323851,0.36673960612691464
0.233392382639504,0.28565101860053144,0.11824623560673161,0.36271036315323296
0.23107394366197184,0.2887323943661972,0.12147887323943662,0.3587147887323944
0.22774869109947643,0.28970331588132636,0.1243455497382199,0.35820244328097733
0.23192239858906524,0.29056437389770723,0.12654320987654322,0.3509700176366843
0.22764936764064544,0.2856519843000436,0.1190580026166594,0.36764064544265157
0.225976305397104,0.28872312417727075,0.11803422553751645,0.36726634488810883
0.22661396574440051,0.28634167764602547,0.11550285463328941,0.3715415019762846
0.22325375773651635,0.28824049513704686,0.1206896551724138,0.367816091954023
0.22508741258741258,0.2906468531468531,0.11363636363636363,0.3706293706293706
0.23141223053233612,0.28684557853057635,0.11570611526616806,0.3660360756709195
0.22397891963109354,0.29117259552042163,0.11945542380324989,0.36539306104523495
0.2234464521815778,0.2851476421330983,0.12252093433230499,0.36888497135301895
0.22528433945756782,0.28608923884514437,0.12117235345581802,0.3674540682414698
0.2169728783902012,0.289588801399825,0.12029746281714786,0.3731408573928259
0.21378402107111502,0.2901668129938543,0.11808604038630377,0.37796312554872696
0.210989010989011,0.28703296703296705,0.12131868131868132,0.38065934065934065
0.2108994240141781,0.2875498449268941,0.11564023039432876,0.38591050066459903
0.20619469026548673,0.2867256637168142,0.11238938053097346,0.39469026548672564
0.21224130339057684,0.2857771906649053,0.11052399823866138,0.39145750770585647
0.2155662439877569,0.28071709663314387,0.11106252732837779,0.39265413205072147
0.22164048865619546,0.28272251308900526,0.10602094240837696,0.38961605584642234
0.2166446499339498,0.2848965213562307,0.10612065169528842,0.39233817701453105
0.21403353927625773,0.29170344218887906,0.10723742277140336,0.38702559576345985
0.2206468763845813,0.2835622507753655,0.10855117412494461,0.38723969871510855
0.22143802382002647,0.28892809880899867,0.10807234230260256,0.3815615350683723
0.2204585537918871,0.29012345679012347,0.10934744268077601,0.3800705467372134
0.22100175746924428,0.29305799648506153,0.10896309314586995,0.37697715289982425
0.22090469916556874,0.29600351339481773,0.10408432147562582,0.3790074659639877
0.22901785714285713,0.2892857142857143,0.09955357142857142,0.3821428571428571
0.22685788787483702,0.2859626249456758,0.10082572794437202,0.38635375923511517
0.22416812609457093,0.28677758318739055,0.10332749562171628,0.38572679509632224
0.2250987275120667,0.2838964458095656,0.10048266783677051,0.3905221588415972
0.22930500221336875,0.2815405046480744,0.10092961487383798,0.3882248782647189
0.23026025584472873,0.2827525363917071,0.09880899867666519,0.388178209086899
0.22892635314995563,0.27639751552795033,0.09893522626441881,0.39574090505767523
0.22654867256637168,0.27831858407079646,0.1,0.3951327433628319
0.23016564952048824,0.2759372275501308,0.1002615518744551,0.3936355710549259
0.2347252747252747,0.2712087912087912,0.09978021978021978,0.3942857142857143
0.23090353557398516,0.2754255783500655,0.10082933216935835,0.39284155390659103
0.22893692104102337,0.27393030436700483,0.09836788707543008,0.3987648875165417
0.22900088417329797,0.27939876215738285,0.09946949602122016,0.392130857648099
0.22920353982300884,0.28805309734513274,0.09690265486725663,0.3858407079646018
0.22354497354497355,0.2914462081128748,0.09832451499118165,0.38668430335097004
0.22178477690288714,0.2926509186351706,0.09492563429571303,0.3906386701662292
0.21658579620644022,0.2964269960299956,0.09880899867666519,0.388178209086899
0.22173723264949805,0.29419467481449146,0.09951986032300306,0.38454823221300743
0.2198581560283688,0.2916666666666667,0.09973404255319149,0.3887411347517731
0.21986754966887417,0.29094922737306844,0.10154525386313466,0.38763796909492276
0.22236842105263158,0.2942982456140351,0.10307017543859649,0.38026315789473686
0.21356230735358872,0.29722589167767505,0.10215763980625275,0.3870541611624835
0.2163355408388521,0.3011037527593819,0.1011037527593819,0.38145695364238413
0.21601407831060274,0.2987241531016278,0.10206775186977562,0.38319401671799386
0.2144429766622633,0.30779392338177014,0.10083663584324086,0.3769264641127257
0.21441202475685234,0.3125552608311229,0.10079575596816977,0.372236958443855
0.21851357365376056,0.30663106364040943,0.1032487761459724,0.37160658655985757
0.21796565389696168,0.309114927344782,0.10215763980625275,0.3707617789520035
0.2192324658138509,0.30966034406704895,0.1027790030877812,0.3683281870313189
0.21675531914893617,0.3204787234042553,0.10106382978723404,0.3617021276595745
0.21500218054949846,0.31879633667684254,0.1003052769297863,0.36589620584387267
0.21320921985815602,0.313386524822695,0.09884751773049645,0.3745567375886525
0.21779548472775564,0.3103142983621071,0.099601593625498,0.37228862328463924
0.21277533039647578,0.31233480176211453,0.10220264317180616,0.3726872246696035
0.21102909248805907,0.3126356925749023,0.10030395136778116,0.3760312635692575
0.2116820377689943,0.3096179183135705,0.10101010101010101,0.3776899429073342
0.21706783369803062,0.3085339168490153,0.10065645514223195,0.3737417943107221
0.21324503311258278,0.30949227373068433,0.10154525386313466,0.37571743929359824
0.2129916040653999,0.3110914714980115,0.10207688908528502,0.37384003535130356
0.20938468348826914,0.3138556883576804,0.10668437361664453,0.3700752545374059
0.212784588441331,0.31129597197898423,0.10595446584938704,0.36996497373029774
0.20689655172413793,0.313836752509821,0.10475774770842426,0.37450894805761675
0.2111746590409151,0.3031236251649802,0.10250769907611086,0.38319401671799386
0.20773576705780095,0.30073880921338547,0.10386788352890047,0.3876575401999131
0.20849933598937584,0.301460823373174,0.10358565737051793,0.38645418326693226
0.2120942641173855,0.305913739439751,0.10315695864828812,0.3788350377945754
0.20811287477954143,0.3082010582010582,0.10052910052910052,0.38315696649029984
0.2103861517976032,0.303595206391478,0.10252996005326231,0.38348868175765644
0.2078900709219858,0.3049645390070922,0.10460992907801418,0.3825354609929078
0.20553359683794467,0.3100570926657883,0.1080368906455863,0.3763724198506807
0.20831490490933216,0.30429013710747455,0.10747456877487838,0.3799203892083149
0.20974760661444736,0.3072236727589208,0.10879025239338555,0.3742384682332463
0.21662245800176835,0.3045977011494253,0.10654288240495137,0.372236958443855
0.21441124780316345,0.30799648506151145,0.10896309314586995,0.36862917398945516
0.21316477768090672,0.3090671316477768,0.1059285091543156,0.37183958151700086
0.21494505494505495,0.30857142857142855,0.1076923076923077,0.3687912087912088
0.2150727192595857,0.30630233583076244,0.11018069634200088,0.36844424856765096
0.2132514260640632,0.307152259763054,0.11101360245721807,0.36858271171566476
0.21339840283939662,0.3052351375332742,0.1126885536823425,0.3686779059449867
0.2112676056338028,0.3028169014084507,0.11223591549295775,0.37367957746478875
0.20853497580290364,0.29916410030796303,0.11130664320281566,0.38099428068631763
0.21237384817902588,0.2966213251426064,0.1075032909170689,0.3835015357612988
0.21406727828746178,0.30013106159895153,0.10703363914373089,0.37876802096985585
0.21284080914687775,0.30474934036939316,0.10554089709762533,0.37686895338610377
0.21602787456445993,0.3044425087108014,0.10235191637630663,0.37717770034843207
0.21943711521547934,0.30299032541776605,0.09762532981530343,0.37994722955145116
0.2170849845882871,0.3042712461470718,0.09907529722589167,0.37956847203874944
0.22158081705150978,0.29484902309058614,0.09902309058614565,0.3845470692717584
0.22300572939620977,0.2957249889819304,0.1000440722785368,0.38122520934332305
0.23012367491166077,0.28886925795053003,0.10114840989399293,0.37985865724381623
0.2262222222222222,0.2937777777777778,0.10177777777777777,0.37822222222222224
0.2240245506356861,0.2919772029811486,0.10258658483121438,0.3814116615519509
0.23468057366362452,0.28683181225554105,0.09995654063450674,0.3785310734463277
0.23154215814766274,0.28309305373525556,0.10310179117518567,0.382262996941896
0.22905759162303665,0.28534031413612565,0.09991273996509599,0.3856893542757417
0.2317822651448639,0.2844600526777875,0.0961369622475856,0.38762071992976294
0.226423487544484,0.28692170818505336,0.10142348754448399,0.38523131672597866
0.22929380993897122,0.2881429816913688,0.1015693112467306,0.38099389712292936
0.22658340767172166,0.28768956289027653,0.1008028545941124,0.3849241748438894
0.22733303847854933,0.2874834144183989,0.102609464838567,0.38257408226448475
0.22904782799473453,0.2891619131197894,0.1039929793769197,0.3777972795085564
0.2318840579710145,0.28809837505489677,0.1023276240667545,0.3776899429073342
0.23207126948775056,0.288641425389755,0.10467706013363029,0.37461024498886414
0.23043095866314864,0.28935795954265614,0.10817941952506596,0.3720316622691293
0.2365734576120728,0.2858411007545495,0.10652463382157124,0.3710608078118065
0.23283450704225353,0.2887323943661972,0.10299295774647887,0.37544014084507044
0.23190932868352224,0.2877070619006103,0.1024411508282476,0.3779424585876199
0.23706324635117204,0.28527200353825743,0.10526315789473684,0.3724015922158337
0.2357080035180299,0.28144239226033424,0.11301671064204045,0.3698328935795954
0.23732517482517482,0.27884615384615385,0.10795454545454546,0.3758741258741259
0.23786407766990292,0.27493380406001766,0.10723742277140336,0.37996469549867606
0.23954205195948922,0.2796125055041832,0.1087626596213122,0.3720827829150154
0.23642732049036777,0.27583187390542907,0.10901926444833625,0.3787215411558669
0.24533333333333332,0.2786666666666667,0.10977777777777778,0.3662222222222222
0.24060150375939848,0.28040689960194604,0.11189739053516143,0.367094206103494
0.2375886524822695,0.2872340425531915,0.10815602836879433,0.3670212765957447
0.23686514886164622,0.2819614711033275,0.10683012259194395,0.37434325744308233
0.24231782265144863,0.28753292361720806,0.10755048287971905,0.36259877085162423
0.23891843971631205,0.2845744680851064,0.10948581560283688,0.3670212765957447
0.23422222222222222,0.29244444444444445,0.108,0.36533333333333334
0.23165340406719717,0.29045092838196285,0.10565870910698497,0.372236958443855
0.23352247926669575,0.2963771278917503,0.10606721955477957,0.3640331732867743
0.2371766768960982,0.2954844366505918,0.10477860587461639,0.36256028057869355
0.23393885688967656,0.29508196721311475,0.1076650420912716,0.3633141338059371
0.22932985204525674,0.29808529155787644,0.11183637946040034,0.3607484769364665
0.23399558498896247,0.2900662251655629,0.11125827814569536,0.36467991169977926
0.232640424590889,0.2936753648827952,0.11012826183104821,0.3635559486952676
0.23308270676691728,0.2932330827067669,0.10703228659885007,0.3666519239274657
0.2313167259786477,0.2918149466192171,0.11254448398576512,0.3643238434163701
0.23555555555555555,0.29155555555555557,0.11066666666666666,0.3622222222222222
0.23198594024604569,0.2961335676625659,0.1063268892794376,0.3655536028119508
0.23845138583369996,0.29124505059392874,0.10690717113946327,0.36339639243290806
0.23140857392825898,0.2926509186351706,0.10498687664041995,0.37095363079615046
0.22840859272249014,0.29767645769399387,0.10740903112669882,0.3665059184568172
0.22555066079295155,0.30440528634361236,0.10484581497797357,0.3651982378854626
0.22644847412649272,0.3051747014595312,0.1021671826625387,0.36620964175143744
0.2304635761589404,0.3086092715231788,0.10022075055187638,0.36070640176600444
0.2285839160839161,0.3076923076923077,0.09659090909090909,0.36713286713286714
0.23261915172715347,0.30170529077393965,0.09881941407958024,0.36685614341932665
0.2315227070347284,0.30320569902048083,0.097506678539626,0.36776491540516476
0.23498233215547704,0.30167844522968196,0.09982332155477032,0.36351590106007065
0.23956043956043957,0.2936263736263736,0.10153846153846154,0.36527472527472526
0.24128804587560654,0.2893692104102338,0.10145566828407587,0.3678870754300838
0.23857644991212654,0.29086115992970124,0.10720562390158173,0.3633567662565905
0.24139452780229478,0.2921447484554281,0.10326566637246248,0.36319505736981467
0.2432908051033876,0.29168499780026397,0.10206775186977562,0.36295644522657283
0.2388717496694579,0.3005729396209784,0.09784045835169679,0.3627148523578669
0.23161120840630472,0.3021015761821366,0.09719789842381786,0.3690893169877408
0.23342175066312998,0.2988505747126437,0.09416445623342175,0.3735632183908046
0.23161120840630472,0.29422066549912435,0.09413309982486866,0.38003502626970226
0.22364358182620203,0.2999558888398765,0.09704455227172475,0.37935597706219676
0.2274923144488362,0.30434782608695654,0.09574000878348704,0.37241985068072025
0.21609604268563806,0.3028012449977768,0.09648732770120054,0.38461538461538464
0.21954425942156003,0.30762489044697633,0.08939526730937773,0.3834355828220859
0.21558211598052235,0.30278884462151395,0.09163346613545817,0.38999557326250556
0.22280933509467196,0.2954645530603259,0.09158960810215765,0.3901365037428446
0.22329246935201402,0.29509632224168125,0.08756567425569177,0.39404553415061294
0.22301199466903598,0.2883163038649489,0.08929364726788094,0.39937805419813416
0.22076788830715532,0.2949389179755672,0.08856893542757417,0.3957242582897033
0.2191780821917808,0.2938577110030932,0.08705258506407423,0.3999116217410517
0.21687279151943462,0.2928445229681979,0.09054770318021202,0.3997349823321555
0.21943711521547934,0.29683377308707126,0.0901495162708883,0.3935795954265611
0.2239858906525573,0.2945326278659612,0.09215167548500881,0.38932980599647266
0.2171806167400881,0.2933920704845815,0.09118942731277534,0.39823788546255506
0.22032413491020586,0.29303547963206306,0.09110819097678494,0.3955321944809461
0.21851689337428698,0.2882843352347521,0.0903905221588416,0.40280824923211933
0.21274725274725276,0.2914285714285714,0.09406593406593407,0.40175824175824176
0.21528998242530756,0.28602811950790863,0.09446397188049209,0.40421792618629176
0.21497797356828194,0.28854625550660795,0.09515418502202644,0.4013215859030837
0.2149822695035461,0.2845744680851064,0.09397163120567376,0.40647163120567376
0.21621621621621623,0.2829119442022668,0.0937227550130776,0.4071490845684394
0.2147239263803681,0.29053461875547765,0.09114811568799298,0.40359333917616125
0.21506312581628212,0.2908141053548106,0.09360034828036569,0.4005224205485416
0.2138804015713662,0.28808380619816676,0.09253601047577477,0.40549978175469226
0.21308576480990274,0.2891246684350133,0.09372236958443855,0.40406719717064543
0.2124283825473777,0.2886734244160423,0.09651828999559277,0.4023799030409872
0.21746801940891045,0.29245699161887956,0.09131010145566829,0.3987648875165417
0.21739130434782608,0.2898550724637681,0.09617918313570488,0.3965744400527009
0.2145374449339207,0.28986784140969163,0.09515418502202644,0.40044052863436125
0.21312197269925143,0.28445618670189343,0.0959929546455306,0.40642888595332455
0.21629955947136564,0.2828193832599119,0.1013215859030837,0.39955947136563874
0.21479185119574845,0.2887511071744907,0.09743135518157661,0.39902568644818426
0.21590404264771212,0.2803198578409596,0.09773434029320302,0.4060417592181253
0.21835024261138067,0.28363475959417733,0.09969122187913543,0.3983237759153066
0.21879135421261578,0.28804587560652845,0.10057344508160565,0.3925893250992501
0.2200618647812638,0.28104286345558993,0.10163499779054352,0.3972602739726027
0.2276103101791175,0.2765399737876802,0.10048055919615553,0.39536915683704676
0.22562056737588654,0.2703900709219858,0.09884751773049645,0.4051418439716312
0.22739361702127658,0.2650709219858156,0.09663120567375887,0.4109042553191489
0.2269315673289183,0.26799116997792494,0.09580573951434879,0.40927152317880794
0.225976305397104,0.2676612549363756,0.09828872312417727,0.40807371654234315
0.2251101321585903,0.26343612334801764,0.1,0.41145374449339206
0.22687224669603523,0.2616740088105727,0.1,0.41145374449339206
0.2317822651448639,0.2559262510974539,0.10052677787532924,0.4117647058823529
0.23671497584541062,0.2520860781730347,0.1023276240667545,0.4088713219148002
0.23158359064843406,0.2571680635200706,0.10189677988531098,0.4093515659461844
0.2363556338028169,0.2596830985915493,0.09639084507042253,0.40757042253521125
0.23555555555555555,0.2608888888888889,0.10088888888888889,0.4026666666666667
0.23228346456692914,0.26246719160104987,0.10323709536307961,0.4020122484689414
0.2352168199737188,0.26018396846254926,0.10074463425317565,0.4038545773105563
0.22771403353927624,0.25728155339805825,0.10414827890556046,0.41085613415710504
0.2306338028169014,0.2557218309859155,0.1073943661971831,0.40625
0.23413566739606126,0.24770240700218818,0.112472647702407,0.40568927789934356
0.23066725585505965,0.24524966858152894,0.1095890410958904,0.414494034467521
0.2357049323439546,0.24967263203841117,0.11261457878655609,0.40200785683107815
0.2343612334801762,0.2488986784140969,0.10969162995594714,0.40704845814977975
0.2370860927152318,0.24194260485651214,0.1130242825607064,0.40794701986754967
0.23107394366197184,0.24163732394366197,0.1131161971830986,0.4141725352112676
0.23506151142355008,0.23681898066783832,0.11555360281195079,0.4125659050966608
0.24201312910284464,0.24070021881838075,0.11553610503282276,0.40175054704595187
0.2379690949227373,0.2370860927152318,0.11434878587196468,0.4105960264900662
0.23266022827041263,0.23661106233538193,0.11589113257243196,0.41483757682177347
0.23740692071835304,0.23434077967586509,0.11563731931668857,0.4126149802890933
0.24457244129375277,0.2259636685866194,0.11342490031014621,0.4160389898094816
0.24394539850286218,0.23645970937912814,0.10744165565830031,0.41215323645970936
0.23851590106007067,0.23674911660777384,0.11042402826855123,0.41431095406360424
0.24326710816777042,0.23090507726269316,0.11346578366445915,0.4123620309050773
0.23985890652557318,0.23412698412698413,0.10758377425044091,0.4184303350970018
0.2395925597874225,0.23737821080602303,0.1120460584588131,0.41098317094774134
0.24293286219081273,0.232773851590106,0.11484098939929328,0.409452296819788
0.23857644991212654,0.23637961335676624,0.1225834797891037,0.4024604569420035
0.2410279131590607,0.23172352680549402,0.11962782454585734,0.40762073548958794
0.2408791208791209,0.23032967032967033,0.12087912087912088,0.40791208791208794
0.2425438596491228,0.2267543859649123,0.12368421052631579,0.4070175438596491
0.24185022026431718,0.22202643171806166,0.12466960352422908,0.41145374449339206
0.2415929203539823,0.2243362831858407,0.12168141592920353,0.41238938053097346
0.24049513704686118,0.22413793103448276,0.1242263483642794,0.41114058355437666
0.2355263157894737,0.22631578947368422,0.12763157894736843,0.4105263157894737
0.23409893992932862,0.2252650176678445,0.12676678445229683,0.41386925795053003
0.2337604949182501,0.22403888643393724,0.1237295625276182,0.4184710561201944
0.23457330415754923,0.22582056892778993,0.13085339168490154,0.4087527352297593
0.23164835164835165,0.23296703296703297,0.12879120879120878,0.4065934065934066
0.2384310268840899,0.2357866901718819,0.12384310268840899,0.4019391802556192
0.23826239578762615,0.23519087318999563,0.12110574813514699,0.40544098288723124
0.23868131868131867,0.23384615384615384,0.12131868131868132,0.40615384615384614
0.23389232127096204,0.23786407766990292,0.1235657546337158,0.40467784642541926
0.23147742218325296,0.2371766768960982,0.12319158263919333,0.4081543182814555
0.23194748358862144,0.23194748358862144,0.12822757111597374,0.40787746170678335
0.23151837096060204,0.23151837096060204,0.12660469234174412,0.4103585657370518
0.23862129916040653,0.22934158197083518,0.1232876712328767,0.40874944763588156
0.24165202108963094,0.22847100175746923,0.1256590509666081,0.40421792618629176
0.24040582267313632,0.23158359064843406,0.12527569475077194,0.4027348919276577
0.23970524490680536,0.2306025140875596,0.12483745123537061,0.4048547897702644
0.23658751099384345,0.23218997361477572,0.13148636763412488,0.3997361477572559
0.23719081272084805,0.22747349823321555,0.12941696113074205,0.40591872791519434
0.23397717295873574,0.23002633889376647,0.12554872695346794,0.41044776119402987
0.2357866901718819,0.23005729396209784,0.12296165711767298,0.4111943587483473
0.23903508771929824,0.22543859649122808,0.12324561403508771,0.41228070175438597
0.23851203501094093,0.22188183807439826,0.12516411378555797,0.41444201312910284
0.2364358182620203,0.22849580943978826,0.12307013674459638,0.41199823555359505
0.23847167325428195,0.22705314009661837,0.12604303908651734,0.40843214756258234
0.2435505028421513,0.22868386532575427,0.12374289462177525,0.40402273721031917
0.23865619546247818,0.22469458987783594,0.12347294938917976,0.4131762652705061
0.2392638036809816,0.22304995617879053,0.1231375985977213,0.4145486415425066
0.23219814241486067,0.22733303847854933,0.12295444493586909,0.4175143741707209
0.238556338028169,0.2262323943661972,0.12059859154929578,0.414612676056338
0.2350109409190372,0.23238512035010941,0.11728665207877462,0.4153172866520788
0.23652561247216036,0.2289532293986637,0.11625835189309577,0.4182628062360802
0.2413339183852567,0.2343132953049583,0.11364633611232997,0.410706450197455
0.23503521126760563,0.23415492957746478,0.11047535211267606,0.4203345070422535
0.23945518453427064,0.23286467486818982,0.11028119507908611,0.4173989455184534
0.23611718408395277,0.23567993003935286,0.11456055968517709,0.41364232619151725
0.2338638373121132,0.23519009725906279,0.1184792219274978,0.4124668435013263
0.2373180414644905,0.2333480370533745,0.12351124834583149,0.4058226731363035
0.23365300784655624,0.23234524847428073,0.12031386224934612,0.41368788142981694
0.23860115095174855,0.2297476759628154,0.1239486498450642,0.4077025232403719
0.2331720193576771,0.2336119665640123,0.12142542894852618,0.41179058512978445
0.23333333333333334,0.23377777777777778,0.12488888888888888,0.408
0.23645970937912814,0.2311756935270806,0.12593571114046676,0.40642888595332455
0.2315227070347284,0.23107747105966162,0.13089937666963491,0.40650044523597506
0.22747349823321555,0.23498233215547704,0.1356007067137809,0.4019434628975265
0.22701275846898372,0.23273207215134184,0.13814342278926528,0.40211174659040916
0.22632281013783903,0.23432636727434417,0.1382836816362828,0.401067140951534
0.2263064658990257,0.23870682019486272,0.13906111603188662,0.395925597874225
0.22877254729432467,0.2358117025956885,0.14078310602727673,0.3946326440827101
0.2249119718309859,0.23459507042253522,0.14392605633802816,0.3965669014084507
0.22709338009644892,0.2362998684787374,0.1459886014905743,0.3906181499342394
0.23161120840630472,0.2351138353765324,0.14054290718038528,0.3927320490367776
0.2319542253521127,0.23151408450704225,0.1426056338028169,0.3939260563380282
0.2287467134092901,0.24145486415425066,0.14329535495179668,0.38650306748466257
0.22819383259911893,0.23788546255506607,0.14185022026431718,0.3920704845814978
0.22723253757736517,0.24005305039787797,0.14633068081343945,0.3863837312113174
0.22158337019018134,0.24502432551968156,0.1468376824413976,0.3865546218487395
0.22373626373626374,0.24615384615384617,0.14725274725274726,0.38285714285714284
0.2237422771403354,0.2418358340688438,0.14872021182700795,0.3857016769638129
0.2191780821917808,0.24348210340256296,0.15112682280159082,0.3862129916040654
0.2257495590828924,0.24514991181657847,0.15079365079365079,0.3783068783068783
0.23399558498896247,0.23885209713024283,0.14437086092715232,0.3827814569536424
0.2379690949227373,0.23576158940397351,0.1434878587196468,0.3827814569536424
0.2357111209570226,0.2405848471422242,0.14665485157288435,0.3770491803278688
0.23956043956043957,0.24,0.14505494505494507,0.37538461538461537
0.2373029772329247,0.24387040280210157,0.14273204903677758,0.37609457092819615
0.24077328646748683,0.2469244288224956,0.14103690685413006,0.37126537785588754
0.2427055702917772,0.2475685234305924,0.14058355437665782,0.3691423519009726
0.24441524310118265,0.24967148488830487,0.1366622864651774,0.3692509855453351
0.2439877568867512,0.24529951902055094,0.13686051595977264,0.37385220813292525
0.23885209713024283,0.24415011037527592,0.141280353200883,0.37571743929359824
0.24116877453118185,0.24247710423026603,0.14696903619712168,0.3693850850414304
0.24585152838427948,0.24672489082969432,0.15152838427947599,0.3558951965065502
0.24945581192860253,0.24292555507183283,0.15106660861993906,0.3565520243796256
0.2511993022241605,0.23593545573484517,0.15089402529437418,0.36197121674662014
0.2537643932683791,0.2382639503985828,0.14658990256864482,0.36138175376439324
0.24670184696569922,0.2343887423043096,0.14995602462620933,0.36895338610378187
0.248894783377542,0.24005305039787797,0.14677276746242263,0.36427939876215737
0.2474636082928981,0.24084693427437143,0.1482134980149978,0.3634759594177327
0.23832599118942732,0.24493392070484582,0.14933920704845816,0.3674008810572687
0.2410873440285205,0.2428698752228164,0.1408199643493761,0.375222816399287
0.24791940429259746,0.24660534384581692,0.1366622864651774,0.36881296539640823
0.2409269785745518,0.25273283777874944,0.1320507214691736,0.3742894621775251
0.23918799646954986,0.25728155339805825,0.1319505736981465,0.3715798764342454
0.2420494699646643,0.25574204946996465,0.13074204946996468,0.37146643109540634
0.2459016393442623,0.2507753655294639,0.13424900310146212,0.36907399202481167
0.2497797356828194,0.24537444933920705,0.1378854625550661,0.3669603524229075
0.2424645390070922,0.24689716312056736,0.13962765957446807,0.37101063829787234
0.24559859154929578,0.25,0.13776408450704225,0.366637323943662
0.2466112811543507,0.25185832968954963,0.1390467861827722,0.3624836029733275
0.24813678211310827,0.2538360368259535,0.13634370889960543,0.36168347216133273
0.24550635686102587,0.25602805786935556,0.1328364752301622,0.36562911003945636
0.24857268335529206,0.2551602986385595,0.12911725955204217,0.3671497584541063
0.250886524822695,0.25443262411347517,0.13342198581560283,0.3612588652482269
0.24624889673433362,0.25507502206531335,0.1323918799646955,0.3662842012356575
0.24744557974233675,0.2603287427809862,0.12749888938249668,0.36472678809418035
0.24421144604630843,0.25906509392747923,0.12756662297946703,0.3691568370467453
0.24624889673433362,0.2594880847308032,0.12797881729920565,0.3662842012356575
0.242263483642794,0.2564102564102564,0.127763041556145,0.3735632183908046
0.24618070711479703,0.2614578786556089,0.12701876909646442,0.36534264513312964
0.2407982261640798,0.26518847006651886,0.12239467849223946,0.3716186252771619
0.24392399469730447,0.2629253203711887,0.12770658418029165,0.3654441007512152
0.24337244676227726,0.2616253802694481,0.12733594089526293,0.36766623207301175
0.2471213463241807,0.2657218777679362,0.1271036315323295,0.3600531443755536
0.24373075230972283,0.2683677958644963,0.1271447426308843,0.3607567091948966
0.2478972996901284,0.2656042496679947,0.12527667109340415,0.3612217795484728
0.24704336399474375,0.2671922908453789,0.12352168199737187,0.3622426631625055
0.25065847234416155,0.266900790166813,0.1154521510096576,0.3669885864793679
0.24491600353669318,0.27055702917771884,0.1184792219274978,0.3660477453580902
0.24482606781153676,0.2765301629238221,0.11712901805372083,0.3615147512109203
0.24944909651829,0.2728074041427942,0.12031732040546496,0.35742617893345086
0.2504424778761062,0.27168141592920353,0.1163716814159292,0.36150442477876105
0.25109553023663456,0.2668711656441718,0.11831726555652936,0.3637160385626643
0.2576091751213057,0.2651080723423026,0.11601235112483459,0.36127040141155714
0.2615317667536989,0.26631853785900783,0.11009573542210618,0.36205395996518713
0.2642669007901668,0.26514486391571557,0.11150131694468832,0.35908691834942935
0.2621870882740448,0.2665788317962231,0.11155028546332894,0.35968379446640314
0.2606194690265487,0.26238938053097344,0.11327433628318584,0.363716814159292
0.2590968873301184,0.2639193336256028,0.11486190267426567,0.36212187637001314
0.25914499779638606,0.2631115028646981,0.11370647862494491,0.3640370207139709
0.25394736842105264,0.2706140350877193,0.1118421052631579,0.3635964912280702
0.26024411508282475,0.26503923278116825,0.10810810810810811,0.3666085440278989
0.2565789473684211,0.27324561403508774,0.10526315789473684,0.3649122807017544
0.25629695095006627,0.27927529827662395,0.10737958462218294,0.35704816615112683
0.266754270696452,0.26938239159001315,0.10775295663600526,0.35611038107752957
0.27216035634743874,0.27260579064587975,0.09933184855233854,0.355902004454343
0.2754069511658601,0.2701275846898372,0.10206775186977562,0.35239771227452704
0.2695035460992908,0.2637411347517731,0.10682624113475177,0.3599290780141844
0.26891123742894624,0.27153476169654567,0.10056843025797989,0.3589855706165282
0.26246140273489194,0.2730480811645346,0.10719011910013233,0.35730039700044114
0.2663448881088197,0.27512066695919263,0.10530934620447564,0.35322509872751207
0.2695536897923111,0.2664604507291206,0.10472823685373397,0.3592576226248343
0.27296587926509186,0.2668416447944007,0.10323709536307961,0.3569553805774278
0.26958424507658646,0.2700218818380744,0.10328227571115974,0.3571115973741794
0.2636443661971831,0.2764084507042254,0.09991197183098592,0.3600352112676056
0.2685308477585442,0.27652019529516203,0.0985352862849534,0.35641367066134044
0.2638522427440633,0.27792436235708,0.0980650835532102,0.36015831134564646
0.2623674911660777,0.28091872791519434,0.09849823321554771,0.3582155477031802
0.2680229986731535,0.2843874391862008,0.09774436090225563,0.3498452012383901
0.26848591549295775,0.27992957746478875,0.09595070422535211,0.35563380281690143
0.26865671641791045,0.27611940298507465,0.10228270412642669,0.35294117647058826
0.2713968957871397,0.26917960088691795,0.10110864745011086,0.3583148558758315
0.2721685689201054,0.2633889376646181,0.10272168568920105,0.3617208077260755
0.2748460861917326,0.2638522427440633,0.10158311345646438,0.3597185576077397
0.2785651018600531,0.262621789193977,0.09787422497785651,0.36093888396811336
0.27059344552701503,0.27059344552701503,0.10053144375553587,0.35828166519043403
0.27456140350877195,0.2675438596491228,0.1,0.35789473684210527
0.27876106194690264,0.26415929203539823,0.09734513274336283,0.3597345132743363
0.2798064232292125,0.2630884293884734,0.10206775186977562,0.3550373955125385
0.2813321647677476,0.26117440841367223,0.10035056967572305,0.35714285714285715
0.2790492957746479,0.26100352112676056,0.10431338028169014,0.35563380281690143
0.27568042142230026,0.2633889376646181,0.1009657594381036,0.35996488147497807
0.27365615282096845,0.26521545979564637,0.10350955131052865,0.3576188360728565
0.2747589833479404,0.2589833479404032,0.10604732690622261,0.3602103418054338
0.2695536897923111,0.26380910296067167,0.1104728236853734,0.3561643835616438
0.26649076517150394,0.2700087950747581,0.1090589270008795,0.3544415127528584
0.27135900841080124,0.2695883134130146,0.1133244798583444,0.34572819831783974
