R,A,S,N
0.0,1.0,0.0,0.0
0.0,1.0,0.0,0.0
0.2857142857142857,0.7142857142857143,0.0,0.0
0.23076923076923078,0.7692307692307693,0.0,0.0
0.17647058823529413,0.7647058823529411,0.058823529411764705,0.0
0.19047619047619047,0.7142857142857143,0.09523809523809523,0.0
0.16666666666666666,0.6666666666666666,0.1,0.06666666666666667
0.2,0.6,0.125,0.075
0.18181818181818182,0.6181818181818182,0.10909090909090909,0.09090909090909091
0.13414634146341464,0.6219512195121951,0.10975609756097561,0.13414634146341464
0.10256410256410256,0.6068376068376068,0.1111111111111111,0.1794871794871795
0.09395973154362416,0.610738255033557,0.11409395973154363,0.18120805369127516
0.1065989847715736,0.5989847715736041,0.1218274111675127,0.17258883248730963
0.09561752988047809,0.5776892430278885,0.13147410358565736,0.1952191235059761
0.10126582278481013,0.560126582278481,0.14556962025316456,0.1930379746835443
0.11428571428571428,0.5298701298701298,0.15844155844155844,0.1974025974025974
0.12236286919831224,0.5126582278481012,0.17088607594936708,0.1940928270042194
0.14154411764705882,0.4852941176470588,0.16727941176470587,0.20588235294117646
0.16300940438871472,0.46394984326018807,0.15987460815047022,0.21316614420062696
0.15748031496062992,0.44881889763779526,0.17585301837270342,0.2178477690288714
0.16065192083818394,0.43655413271245636,0.17927823050058206,0.22351571594877764
0.18384697130712008,0.4218916046758767,0.1636556854410202,0.230605738575983
0.18353831598864712,0.41248817407757804,0.17123935666982024,0.23273415326395458
0.19010416666666666,0.4001736111111111,0.16927083333333334,0.2404513888888889
0.20078740157480315,0.38661417322834646,0.16141732283464566,0.2511811023622047
0.20802919708029197,0.3708029197080292,0.15328467153284672,0.2678832116788321
0.21443158611300203,0.3580667120490129,0.16201497617426822,0.26548672566371684
0.22658227848101264,0.360126582278481,0.15063291139240506,0.2626582278481013
0.23539928486293207,0.3533969010727056,0.14243146603098927,0.2687723480333731
0.23103057757644394,0.3527746319365798,0.14665911664779163,0.2695356738391846
0.23403083700440527,0.3408590308370044,0.14757709251101322,0.2775330396475771
0.2364402317008952,0.33438651922064244,0.14323328067403895,0.2859399684044234
0.24008138351983724,0.3367243133265514,0.14496439471007122,0.2782299084435402
0.24800796812749004,0.33067729083665337,0.13794820717131473,0.28336653386454186
0.24576681180454765,0.32607643928398644,0.1456216739235607,0.2825350749879052
0.24196597353497165,0.32561436672967864,0.14697542533081284,0.28544423440453687
0.23645784267545925,0.31794630240226096,0.15167216203485634,0.2939236928874235
0.23798521256931607,0.3156192236598891,0.14926062846580407,0.29713493530499074
0.23376029277218663,0.3142726440988106,0.15233302836230558,0.29963403476669714
0.23822463768115942,0.3115942028985507,0.14719202898550723,0.3029891304347826
0.23715058611361586,0.3146979260595131,0.14878268710550044,0.2993688007213706
0.24239713774597496,0.3085867620751342,0.14445438282647585,0.30456171735241505
0.2401242787394585,0.31025299600532624,0.14558366622281402,0.30403905903240125
0.24419642857142856,0.3053571428571429,0.14285714285714285,0.30758928571428573
0.2437417654808959,0.3126921387790953,0.14009661835748793,0.30346947738252084
0.24546660769570985,0.3087129588677576,0.13976116762494473,0.30605926581158777
0.24060150375939848,0.3082706766917293,0.1375497567448032,0.31357806280406897
0.2485776805251641,0.30897155361050327,0.13698030634573305,0.3054704595185996
0.24933920704845816,0.307488986784141,0.13392070484581498,0.3092511013215859
0.25111308993766696,0.3116651825467498,0.13045414069456812,0.3067675868210151
0.2521083000443853,0.31069684864624947,0.13093652907234798,0.3062583222370173
0.2545374059318282,0.3151837096060204,0.12439132359451084,0.3058875608676406
0.24822064056939502,0.31895017793594305,0.12544483985765126,0.30738434163701067
0.24265360641139805,0.3227960819234194,0.1246660730186999,0.3098842386464826
0.25121412803532006,0.31390728476821195,0.12406181015452539,0.3108167770419426
0.2539045069165551,0.31057563587684067,0.1253904506916555,0.3101294065149487
0.2506654835847382,0.30967169476486245,0.12422360248447205,0.31543921916592726
0.2550930026572188,0.31133746678476526,0.12134632418069087,0.3122232063773251
0.26371681415929205,0.3066371681415929,0.12256637168141593,0.3070796460176991
0.26136865342163357,0.30596026490066225,0.12317880794701987,0.30949227373068433
0.2523158359064843,0.30966034406704895,0.12174680194089105,0.3162770180855756
0.2537912578055308,0.31043710972346117,0.11864406779661017,0.31712756467439784
0.2539964476021314,0.3086145648312611,0.12078152753108348,0.316607460035524
0.255896751223854,0.3115264797507788,0.11704494882064975,0.31553182020471743
0.2545616377392078,0.312861593235425,0.11437472185135737,0.3182020471740098
0.2592267135325132,0.31195079086115995,0.11511423550087874,0.31370826010544817
0.25963668586619404,0.31058927780239254,0.11253876827647319,0.3172352680549402
0.25853658536585367,0.30687361419068737,0.11263858093126386,0.32195121951219513
0.2596830985915493,0.30633802816901406,0.1113556338028169,0.3226232394366197
0.261968085106383,0.31117021276595747,0.10593971631205673,0.32092198581560283
0.2602858380251191,0.31225638804677347,0.10653962754439152,0.3209181463837159
0.25653310104529614,0.3127177700348432,0.10757839721254356,0.3231707317073171
0.25333333333333335,0.31422222222222224,0.10577777777777778,0.32666666666666666
0.25719344842850816,0.3094289508632138,0.10402833111996458,0.3293492695883134
0.25389061805246776,0.31036016007114275,0.10271231658514896,0.3330369052912405
0.25749559082892415,0.31128747795414463,0.10008818342151675,0.33112874779541446
0.25355871886120995,0.3122775800711744,0.09564056939501779,0.33852313167259784
0.2625994694960212,0.3107869142351901,0.09814323607427056,0.32847038019451813
0.26336898395721925,0.3146167557932264,0.09670231729055258,0.3253119429590018
0.26393884892086333,0.30890287769784175,0.09937050359712231,0.3277877697841727
0.26693227091633465,0.3058875608676406,0.10004426737494466,0.32713590084108013
0.27829150154117127,0.3051519154557464,0.0977542932628798,0.3188022897402025
0.27534965034965037,0.3146853146853147,0.09833916083916083,0.3116258741258741
0.2713656387665198,0.3185022026431718,0.09911894273127753,0.31101321585903086
0.2777777777777778,0.30621172353455817,0.09973753280839895,0.31627296587926507
0.2760600706713781,0.31095406360424027,0.09319787985865724,0.3197879858657244
0.27107364685004437,0.30656610470275064,0.09760425909494233,0.32475598935226263
0.2795031055900621,0.3136645962732919,0.09361135758651287,0.3132209405501331
0.2751766784452297,0.31581272084805656,0.0896643109540636,0.31934628975265017
0.27200353825740825,0.31711632021229547,0.08668730650154799,0.32419283502874835
0.2756637168141593,0.31150442477876106,0.08849557522123894,0.32433628318584073
0.27848101265822783,0.31252728066346575,0.08598865124399825,0.3230030554343082
0.2806167400881057,0.31101321585903086,0.08458149779735682,0.3237885462555066
0.2897278314310799,0.3042142230026339,0.08911325724319578,0.3169446883230904
0.28418708240534524,0.3042316258351893,0.08864142538975502,0.32293986636971045
0.2840605520926091,0.30053428317008013,0.0917186108637578,0.323686553873553
0.2896825396825397,0.29894179894179895,0.0873015873015873,0.32407407407407407
0.28998242530755713,0.2992091388400703,0.08787346221441125,0.3229349736379613
0.29372791519434627,0.2946113074204947,0.08568904593639576,0.32597173144876324
0.30239786856127887,0.2935168738898757,0.08348134991119005,0.3206039076376554
0.30140597539543057,0.29261862917398945,0.07908611599297012,0.3268892794376098
0.29969284774023697,0.2939885914874945,0.08073716542343133,0.32558139534883723
0.30697879858657245,0.29019434628975266,0.08215547703180212,0.3206713780918728
0.3003970004411116,0.2867225408028231,0.0811645346272607,0.3317159241288046
0.305678793256433,0.277284826974268,0.08429458740017746,0.33274179236912155
0.30250990752972257,0.2796125055041832,0.08058124174372523,0.337296345222369
0.3013882669055083,0.27854903716972684,0.07881773399014778,0.3412449619346171
0.3065083553210202,0.2796833773087071,0.07783641160949868,0.335971855760774
0.30524922805469784,0.2814292015880018,0.07675341861490957,0.3365681517423908
0.3056169836355595,0.27465723131357805,0.07828394515701018,0.3414418398938523
0.30619469026548674,0.2778761061946903,0.0752212389380531,0.3407079646017699
0.30505494505494507,0.27516483516483514,0.07472527472527472,0.34505494505494505
0.30577777777777776,0.2817777777777778,0.07155555555555555,0.3408888888888889
0.3070484581497797,0.2748898678414097,0.07444933920704846,0.3436123348017621
0.30742049469964666,0.2835689045936396,0.07022968197879859,0.3387809187279152
0.3045977011494253,0.2838196286472148,0.07382847038019452,0.33775419982316535
0.30579964850615116,0.28558875219683655,0.07073813708260106,0.3378734622144112
0.31180893409995575,0.2826183104820876,0.06855373728438743,0.3370190181335692
0.31387181738366987,0.2791922739244952,0.06540825285338016,0.3415276558384548
0.3171265878230399,0.2833990363556724,0.06351292159439334,0.33596145422689444
0.31581272084805656,0.284452296819788,0.06007067137809187,0.33966431095406363
0.3265845070422535,0.2790492957746479,0.06029929577464789,0.3340669014084507
0.33113166006164685,0.27036547776309994,0.06252752091589608,0.33597534125935713
0.3303886925795053,0.2782685512367491,0.062279151943462896,0.3290636042402827
0.32744924977934686,0.28067078552515445,0.061341571050308914,0.3305383936451898
0.32685512367491165,0.28136042402826855,0.061837455830388695,0.3299469964664311
0.33362714852357866,0.2723666813574262,0.06170118995152049,0.3323049801674747
0.3361196656401232,0.27144742630884294,0.06071271447426309,0.3317201935767708
0.3387237762237762,0.26573426573426573,0.06643356643356643,0.3291083916083916
0.3383658969804618,0.2673179396092362,0.06394316163410302,0.33037300177619894
0.3312937062937063,0.26617132867132864,0.06293706293706294,0.3395979020979021
0.3375824175824176,0.258021978021978,0.06285714285714286,0.3415384615384615
0.3383947939262473,0.2598698481561822,0.06290672451193059,0.3388286334056399
0.33507853403141363,0.26657940663176266,0.0606457242582897,0.337696335078534
0.3355408388520971,0.2653421633554084,0.06136865342163356,0.33774834437086093
0.34209373631187034,0.2606219886114761,0.06132282084975909,0.33596145422689444
0.34376377258704277,0.2631115028646981,0.05993829881004848,0.33318642573821067
0.35398230088495575,0.2553097345132743,0.05929203539823009,0.33141592920353985
0.35218165627782727,0.25111308993766696,0.059216384683882455,0.3374888691006233
0.3552278820375335,0.2511170688114388,0.058981233243967826,0.33467381590705986
0.35597706219673575,0.25011027790030876,0.05955006616674018,0.33436259373621524
0.36895338610378187,0.2436235708003518,0.06112576956904134,0.32629727352682497
0.37211367673179396,0.23845470692717585,0.058170515097690945,0.33126110124333924
0.3691834942932397,0.2392449517120281,0.061457418788410885,0.3301141352063213
0.36644591611479027,0.24370860927152319,0.060044150110375276,0.32980132450331123
0.36902654867256635,0.23761061946902653,0.061946902654867256,0.33141592920353985
0.3709106984969054,0.23607427055702918,0.0614500442086649,0.33156498673740054
0.3678665496049166,0.237928007023705,0.06057945566286216,0.33362598770851626
0.36074270557029176,0.24005305039787797,0.0623342175066313,0.33687002652519893
0.3685373398144057,0.2359699513919576,0.06407423773751657,0.3314184710561202
0.370583038869258,0.2398409893992933,0.06316254416961131,0.32641342756183744
0.37705646954201866,0.23743886171631837,0.062249888839484215,0.32325477990217877
0.3758241758241758,0.23956043956043957,0.055384615384615386,0.3292307692307692
0.37660611431103236,0.23836951705804166,0.05538325210456358,0.3296411165263624
0.38050734312416556,0.23809523809523808,0.05740987983978638,0.32398753894080995
0.38202744577246567,0.2350597609561753,0.05887560867640549,0.3240371845949535
0.38952464788732394,0.23151408450704225,0.05897887323943662,0.3199823943661972
0.38753866548828986,0.23552806009721608,0.06009721608484313,0.3168360583296509
0.3926056338028169,0.22931338028169015,0.06382042253521127,0.3142605633802817
0.3841758241758242,0.22857142857142856,0.0654945054945055,0.32175824175824175
0.3885238720981165,0.22514235654840123,0.06701708278580815,0.3193166885676741
0.39426048565121413,0.22560706401766004,0.06357615894039735,0.3165562913907285
0.3989431968295905,0.22148833113166005,0.06164685160722149,0.31792162043152794
0.3992059991177768,0.22364358182620203,0.060873400970445524,0.3162770180855756
0.40193067134708205,0.2250987275120667,0.060552874067573495,0.31241772707327775
0.4018526687251875,0.22849580943978826,0.05866784296426996,0.3109836788707543
0.40141467727674623,0.23563218390804597,0.058797524314765696,0.3041556145004421
0.4058226731363035,0.23246581385090428,0.055580061755624174,0.30613145125716806
0.41114058355437666,0.22634836427939875,0.05570291777188329,0.3068081343943413
0.40612516644474034,0.22547714158899246,0.060363959165557035,0.30803373280071017
0.4068996019460416,0.2251216275984078,0.06059265811587793,0.3073861123396727
0.4041519434628975,0.22703180212014135,0.060954063604240286,0.30786219081272087
0.40726159230096237,0.22178477690288714,0.06561679790026247,0.30533683289588803
0.4096703296703297,0.21802197802197804,0.06901098901098901,0.3032967032967033
0.4052028218694885,0.2204585537918871,0.07098765432098765,0.30335097001763667
0.4052028218694885,0.2191358024691358,0.06701940035273368,0.30864197530864196
0.4072598494909252,0.21602478972996902,0.06595838866755202,0.3107569721115538
0.41692375495813133,0.21110621419127368,0.06434552666372852,0.3076245041868665
0.41495992876224397,0.20970614425645592,0.06366874443455031,0.3116651825467498
0.41218319253001334,0.20942641173855048,0.06669630947087594,0.3116940862605602
0.4093333333333333,0.20533333333333334,0.06577777777777778,0.31955555555555554
0.4125441696113074,0.20759717314487633,0.06757950530035335,0.3122791519434629
0.40893015030946067,0.20733863837312114,0.06763925729442971,0.3160919540229885
0.40398230088495574,0.2097345132743363,0.0668141592920354,0.31946902654867254
0.4085927224901359,0.2121876370013152,0.06751424813678211,0.31170539237176675
0.41135063792344917,0.20633523977122745,0.06775186977562693,0.31456225252969644
0.4160839160839161,0.2089160839160839,0.06555944055944056,0.3094405594405594
0.4144183989385228,0.20964175143741706,0.06324635117204777,0.3126934984520124
0.42528735632183906,0.19672855879752432,0.0641025641025641,0.3138815207780725
0.4284456186701893,0.19682959048877147,0.06164685160722149,0.3130779392338177
0.4295682511993022,0.1927605756650676,0.05974705625817706,0.31792411687745314
0.4346103038309115,0.19154557463672392,0.0607661822985469,0.3130779392338177
0.43705985915492956,0.18838028169014084,0.058538732394366196,0.3160211267605634
0.4418502202643172,0.18458149779735683,0.05726872246696035,0.3162995594713656
0.4403470715835141,0.1843817787418655,0.05726681127982646,0.3180043383947939
0.4450354609929078,0.17907801418439717,0.05895390070921986,0.31693262411347517
0.44920494699646646,0.18197879858657243,0.05962897526501767,0.30918727915194344
0.44380784486557956,0.1754076685764654,0.05685323931247246,0.3239312472454826
0.44420226678291197,0.17959895379250218,0.05623365300784656,0.3199651264167393
0.44248567650947557,0.17893345085940943,0.05509034817100044,0.3234905244601146
0.44528134692069116,0.18032786885245902,0.052281789986708016,0.3221089942401418
0.44976076555023925,0.17703349282296652,0.05350152240104393,0.3197042192257503
0.4536219081272085,0.1771201413427562,0.052120141342756186,0.31713780918727913
0.45719329214474846,0.17563989408649602,0.05339805825242718,0.3137687555163283
0.4582608695652174,0.18,0.05347826086956522,0.30826086956521737
0.4620780359491451,0.1731696624287593,0.053485313459009205,0.31126698816308634
0.4622892635314996,0.1774622892635315,0.05146406388642413,0.3087843833185448
0.46065428824049515,0.17418213969938107,0.05305039787798409,0.3121131741821397
0.4656623836951706,0.1745680106335844,0.05095259193619849,0.3088170137350465
0.4579982126899017,0.1769436997319035,0.049597855227882036,0.3154602323503128
0.45272969374167776,0.17354638260097646,0.052374611628939194,0.32134931202840655
0.45442477876106196,0.17787610619469027,0.05221238938053097,0.3154867256637168
0.4446389496717724,0.17549234135667396,0.051203501094091906,0.32866520787746173
0.4458740017746229,0.1774622892635315,0.05323868677905945,0.3234250221827862
0.4477152899824253,0.1757469244288225,0.056239015817223195,0.320298769771529
0.449868073878628,0.17458223394898856,0.051890941072999124,0.32365875109938436
0.4521815777875716,0.17276333186425738,0.05420890260026443,0.3208461877479066
0.45285524568393093,0.1761841522797698,0.0566622399291722,0.314298362107127
0.4539823008849557,0.17743362831858406,0.05442477876106195,0.3141592920353982
0.4564352056612119,0.18089340999557718,0.05218929677134011,0.31048208757187085
0.45963828848698723,0.17909131010145568,0.05249228054697839,0.30877812086457873
0.45438519171441166,0.1745262230057294,0.05156456588805641,0.3195240193918026
0.4548245614035088,0.17543859649122806,0.05087719298245614,0.318859649122807
0.45964912280701753,0.17149122807017544,0.05350877192982456,0.31535087719298244
0.45611702127659576,0.17641843971631205,0.054078014184397165,0.313386524822695
0.4519273371732388,0.17634027470093044,0.056712450155073105,0.31501993797075767
0.45167037861915366,0.17861915367483297,0.055233853006681516,0.31447661469933186
0.45650263620386644,0.18014059753954306,0.0531634446397188,0.3101933216168717
0.4565121412803532,0.176158940397351,0.051655629139072845,0.31567328918322296
0.449890590809628,0.17680525164113786,0.053391684901531726,0.3199124726477024
0.44943330427201394,0.1774193548387097,0.05536181342632956,0.3177855274629468
0.45076586433260396,0.17943107221006566,0.05689277899343545,0.31291028446389496
0.45253863134657835,0.1814569536423841,0.05518763796909492,0.3108167770419426
0.4567243675099867,0.18375499334221038,0.05326231691078562,0.3062583222370173
0.4562637362637363,0.18021978021978022,0.05318681318681319,0.31032967032967035
0.4585152838427948,0.17467248908296942,0.05502183406113537,0.31179039301310046
0.4606643356643357,0.17045454545454544,0.05419580419580419,0.3146853146853147
0.46704745166959577,0.1687170474516696,0.054042179261862916,0.3101933216168717
0.4619110523998239,0.17217084984588288,0.057243505063848524,0.3086745926904447
0.46630968317715304,0.1713520749665328,0.053993752788933515,0.30834448906738066
0.46967684816290395,0.16954404603806994,0.051350154935812305,0.3094289508632138
0.4762532981530343,0.16666666666666666,0.051451187335092345,0.30562884784520666
0.4741907261592301,0.16447944006999124,0.0542432195975503,0.30708661417322836
0.4841549295774648,0.16109154929577466,0.0528169014084507,0.3019366197183099
0.4815297696653629,0.15862668405041286,0.054324206866579745,0.3055193394176445
0.478606087340097,0.16365240405822673,0.055580061755624174,0.30216144684605206
0.48007008322382827,0.1721419185282523,0.05431449846692948,0.2934734997809899
0.4841409691629956,0.1748898678414097,0.052422907488986786,0.28854625550660795
0.4852617685877695,0.17509898812142544,0.05323361196656401,0.2864056313242411
0.4868421052631579,0.18464912280701753,0.04912280701754386,0.2793859649122807
0.49338040600176525,0.17917034421888792,0.052515445719329215,0.27493380406001766
0.5004393673110721,0.17618629173989456,0.0531634446397188,0.2702108963093146
0.49717268377555457,0.18138321009134406,0.05176163549369291,0.2696824706394084
0.4991251093613298,0.1784776902887139,0.051181102362204724,0.27121609798775154
0.49621043245653146,0.17521176995095855,0.05260811413285778,0.2759696834596522
0.4977934686672551,0.17299205648720212,0.052515445719329215,0.2766990291262136
0.5048415492957746,0.17297535211267606,0.04929577464788732,0.272887323943662
0.5056867891513561,0.17060367454068243,0.048118985126859144,0.2755905511811024
0.5050683120317321,0.16879682679594535,0.050683120317320404,0.2754517408550022
0.5021891418563923,0.17162872154115585,0.050788091068301226,0.2753940455341506
0.5024498886414254,0.1710467706013363,0.049443207126948774,0.27706013363028953
0.5015384615384615,0.17406593406593407,0.052307692307692305,0.2720879120879121
0.5079575596816976,0.16976127320954906,0.05349248452696728,0.268788682581786
0.5088888888888888,0.1648888888888889,0.052444444444444446,0.2737777777777778
0.5044091710758377,0.1626984126984127,0.05423280423280423,0.2786596119929453
0.5073041168658698,0.1615759185480301,0.056219566179725546,0.2749003984063745
0.5105145413870246,0.15704697986577182,0.05727069351230425,0.2751677852348993
0.5139442231075697,0.15582115980522354,0.05754758742806552,0.2726870296591412
0.5123893805309735,0.1570796460176991,0.05530973451327434,0.2752212389380531
0.5057167985927881,0.16051011433597184,0.05672823218997362,0.2770448548812665
0.5103024989039895,0.16045594037702762,0.051731696624287594,0.2775098640946953
0.5114840989399293,0.15768551236749118,0.05565371024734982,0.2751766784452297
0.5048715677590788,0.1616474756421612,0.05580159433126661,0.27767936226749335
0.5067833698030635,0.15667396061269145,0.05557986870897155,0.28096280087527353
0.5092592592592593,0.15564373897707232,0.05952380952380952,0.27557319223985893
0.5111111111111111,0.156,0.058222222222222224,0.27466666666666667
0.5151648351648351,0.15076923076923077,0.055384615384615386,0.2786813186813187
0.5117516629711751,0.15210643015521064,0.05188470066518847,0.2842572062084257
0.5164545853444493,0.1474330846862659,0.051777095217200524,0.2843352347520842
0.5099955575299867,0.15015548645046645,0.05508662816525989,0.28476232785428696
0.5174978127734033,0.14304461942257218,0.05643044619422572,0.28302712160979876
0.506401766004415,0.1421633554083885,0.05827814569536424,0.29315673289183225
0.5090667846085802,0.14108801415302963,0.05926581158779301,0.2905793896505971
0.5035304501323918,0.1381288614298323,0.05913503971756399,0.2992056487202118
0.5035180299032542,0.13940193491644678,0.060246262093227795,0.29683377308707126
0.5037627268702966,0.1394422310756972,0.05976095617529881,0.2970340858787074
0.5002215330084182,0.13912272928666372,0.06070004430660168,0.29995569339831635
0.49889331562638334,0.1394422310756972,0.05976095617529881,0.3019034971226206
0.49669166299073664,0.13850904278782533,0.05910895456550507,0.30569033965593295
0.4971652856519843,0.13650239860444832,0.06149149585695595,0.30484081988661144
0.4959964412811388,0.13834519572953738,0.060498220640569395,0.30516014234875444
0.49845474613686536,0.1434878587196468,0.05562913907284768,0.30242825607064017
0.49383259911894273,0.14317180616740088,0.05814977973568282,0.3048458149779736
0.4881786339754816,0.14141856392294222,0.05866900175131348,0.3117338003502627
0.4912434325744308,0.14054290718038528,0.0595446584938704,0.3086690017513135
0.49185380889476,0.142668428005284,0.06164685160722149,0.3038309114927345
0.500218818380744,0.1400437636761488,0.060831509846827135,0.2989059080962801
0.49823321554770317,0.142226148409894,0.05874558303886926,0.30079505300353354
0.4975566414926699,0.14926699244780098,0.056419369169258105,0.29675699689027096
0.5,0.14596273291925466,0.05767524401064774,0.2963620230700976
0.5002182453077259,0.14927979048450457,0.058053251855085114,0.29244871235268444
0.4966828836797877,0.15612560813799203,0.058823529411764705,0.28836797877045556
0.5,0.15580357142857143,0.060267857142857144,0.2839285714285714
0.5044014084507042,0.15713028169014084,0.05369718309859155,0.2847711267605634
0.512694877505568,0.155011135857461,0.053006681514476614,0.27928730512249444
0.5053050397877984,0.16224580017683465,0.053934571175950484,0.27851458885941643
0.5046113306982872,0.16029863855950813,0.05577514273166447,0.27931488801054016
0.5037297060114085,0.15884159719175076,0.05353225098727512,0.2838964458095656
0.5041721563460694,0.15766359244620115,0.05489679402722881,0.28326745718050067
0.5116279069767442,0.15445370776656428,0.054848617814831066,0.27906976744186046
0.5155361050328228,0.1487964989059081,0.05645514223194748,0.2792122538293217
0.5172566371681416,0.14823008849557523,0.05353982300884956,0.2809734513274336
0.5199291408325952,0.1408325952170062,0.05225863596102746,0.2869796279893711
0.5154457193292145,0.1407766990291262,0.0498676081200353,0.293909973521624
0.50625,0.146875,0.049107142857142856,0.29776785714285714
0.5080821319353429,0.14678899082568808,0.045434687636522496,0.2996941896024465
0.5112682280159081,0.136986301369863,0.048608042421564294,0.3031374281926646
0.5046275892463641,0.1361833406787131,0.05156456588805641,0.3076245041868665
0.5068012286090391,0.13865730583589295,0.051777095217200524,0.30276437033786746
0.5115468409586057,0.14030501089324618,0.05185185185185185,0.2962962962962963
0.507343124165554,0.14285714285714285,0.0534045393858478,0.2963951935914553
0.5055580257892397,0.1378390395731436,0.05380168963983993,0.3028012449977768
0.5039473684210526,0.13640350877192983,0.05526315789473684,0.3043859649122807
0.5105726872246696,0.13215859030837004,0.05330396475770925,0.3039647577092511
0.5137777777777778,0.13155555555555556,0.052,0.30266666666666664
0.5112881806108898,0.13368747233289066,0.051350154935812305,0.30367419212040725
0.5118838028169014,0.13028169014084506,0.0528169014084507,0.3050176056338028
0.5178492728074041,0.13001322168356105,0.055531070956368445,0.2966064345526664
0.5156456588805641,0.13221683561040107,0.05376817981489643,0.2983693256941384
0.5135964912280702,0.1324561403508772,0.054385964912280704,0.2995614035087719
0.5173487544483986,0.12944839857651247,0.05338078291814947,0.2998220640569395
0.5176522506619594,0.1323918799646955,0.052515445719329215,0.2974404236540159
0.5209528010586678,0.13365681517423908,0.05249228054697839,0.29289810322011467
0.5216819973718791,0.13491020586947,0.04730617608409987,0.29610162067455104
0.5203900709219859,0.13342198581560283,0.04920212765957447,0.2969858156028369
0.5269382391590013,0.13009198423127463,0.04555409548839247,0.2974156811213316
0.5252969643642763,0.1271447426308843,0.04927408710954685,0.2982842058952926
0.5223748338502436,0.13070447496677004,0.04918032786885246,0.2977403633141338
0.5258964143426295,0.1301460823373174,0.05002213368747233,0.29393536963258077
0.5307017543859649,0.12763157894736843,0.04868421052631579,0.2929824561403509
0.5291283399036356,0.1279018834866404,0.04818221638195357,0.2947875602277705
0.5297249334516415,0.12866015971606035,0.052795031055900624,0.2888198757763975
0.524546660769571,0.12693498452012383,0.05484298982750995,0.2936753648827952
0.5247787610619469,0.1261061946902655,0.05353982300884956,0.29557522123893804
0.5177777777777778,0.12977777777777777,0.05688888888888889,0.29555555555555557
0.5136203866432337,0.1304920913884007,0.059314586994727594,0.29657293497363796
0.5171813832100913,0.12962157459765114,0.060896041757285774,0.2923010004349717
0.5214317277949624,0.12947414935925763,0.062306672558550595,0.28678745028722935
0.516629711751663,0.1303769401330377,0.06164079822616408,0.2913525498891353
0.5206208425720621,0.1303769401330377,0.05631929046563193,0.2926829268292683
0.5209343323049802,0.13133539003966505,0.052886734244160426,0.29484354341119434
0.5237040319007532,0.13159060700044306,0.051395657953035,0.2933097031457687
0.52088772845953,0.12967798085291557,0.05308964316797215,0.2963446475195822
0.5204216073781291,0.13219148001756698,0.05138339920948617,0.29600351339481773
0.5147772386413763,0.13542126157917952,0.05116894574327305,0.29863255403617117
0.5197715289982425,0.13400702987697716,0.04745166959578207,0.29876977152899825
0.523117569352708,0.1334214002642008,0.04711580801409071,0.29634522236900046
0.5181301878549585,0.1397990388816077,0.047182175622542594,0.2948885976408912
0.5217773867135944,0.139463264408271,0.046194456665200175,0.29256489221293447
0.5225580376697329,0.13710030661410424,0.04774419623302672,0.2925974594831362
0.5300618921308576,0.1317418213969938,0.04774535809018567,0.29045092838196285
0.5305226174791392,0.1339481774264383,0.04830917874396135,0.2872200263504611
0.5256183745583038,0.13250883392226148,0.0446113074204947,0.29726148409893993
0.5199824330259113,0.1326306543697848,0.046991655687307864,0.30039525691699603
0.522566371681416,0.1314159292035398,0.05088495575221239,0.29513274336283185
0.5215100965759438,0.13169446883230904,0.05267778753292362,0.29411764705882354
0.5251322751322751,0.1318342151675485,0.054673721340388004,0.28835978835978837
0.5226264418811003,0.13220940550133098,0.05456965394853593,0.2905944986690328
0.516043956043956,0.130989010989011,0.056703296703296706,0.29626373626373625
0.520017406440383,0.12924281984334204,0.05918189730200174,0.2915578764142733
0.5225464190981433,0.1290893015030946,0.05968169761273209,0.28868258178603007
0.5214535901926445,0.1256567425569177,0.05866900175131348,0.29422066549912435
0.5227574016791869,0.1237295625276182,0.0618647812638091,0.29164825452938575
0.523117569352708,0.12373403786878027,0.059445178335535004,0.29370321444297665
0.5252082419991232,0.12187637001315213,0.05786935554581324,0.29504603244191147
0.5257142857142857,0.12439560439560439,0.05318681318681319,0.2967032967032967
0.5238095238095238,0.12257495590828923,0.05246913580246913,0.3011463844797178
0.5215859030837005,0.11894273127753303,0.05330396475770925,0.30616740088105726
0.5290748898678415,0.1171806167400881,0.05418502202643172,0.29955947136563876
0.5284697508896797,0.11432384341637011,0.05338078291814947,0.3038256227758007
0.5297225891677675,0.11316600616468515,0.05063848524878908,0.30647291941875826
0.5267543859649123,0.11271929824561404,0.04912280701754386,0.31140350877192985
0.5275310834813499,0.10790408525754884,0.05106571936056838,0.31349911190053287
0.534740545294635,0.11213720316622691,0.048372911169744945,0.30474934036939316
0.5366284201235657,0.1147396293027361,0.045454545454545456,0.3031774051191527
0.5403155127081507,0.11437335670464505,0.04513584574934268,0.30017528483786154
0.5305309734513274,0.11460176991150442,0.050442477876106194,0.30442477876106194
0.5238938053097345,0.12035398230088495,0.05309734513274336,0.30265486725663715
0.5263388937664618,0.11501316944688324,0.05794556628621598,0.30070237050043896
0.5275451740855002,0.11723226090788894,0.05861613045394447,0.2966064345526664
0.5248570171579411,0.11746590409150902,0.05983282006159261,0.2978442586889573
0.533303925893251,0.12086457873842082,0.05734450816056462,0.28848698720776356
0.5205479452054794,0.12019443216968625,0.0618647812638091,0.2973928413610252
0.5178650198500221,0.12086457873842082,0.05866784296426996,0.3026025584472872
0.5208974923009239,0.12098548174219094,0.05807303123625165,0.30004399472063353
0.5302161446846052,0.11689457432730481,0.060873400970445524,0.29201588001764445
0.5300668151447662,0.11937639198218263,0.062360801781737196,0.28819599109131405
0.5265234546251644,0.11749232792634809,0.060938185006576065,0.29504603244191147
0.5275451740855002,0.11987659762009696,0.060379021595416485,0.29219920669898636
0.5397452788757137,0.11638120333772507,0.058410188844971456,0.2854633289415898
0.5422163588390502,0.11961301671064203,0.05760773966578716,0.2805628847845207
0.539795464650956,0.11960871498443752,0.06002667852378835,0.28056914184081816
0.5478793178836904,0.11980760822037603,0.05815478793178837,0.27415828596414515
0.550705467372134,0.11728395061728394,0.059964726631393295,0.27204585537918874
0.5389010989010989,0.12,0.06285714285714286,0.27824175824175823
0.5435555555555556,0.12266666666666666,0.059555555555555556,0.2742222222222222
0.5449288256227758,0.12144128113879003,0.05604982206405694,0.2775800711743772
0.5447368421052632,0.12105263157894737,0.05701754385964912,0.2771929824561403
0.5424549054113507,0.1249450065992081,0.061152661680598325,0.27144742630884294
0.5419611307420494,0.127208480565371,0.05874558303886926,0.27208480565371024
0.5434210526315789,0.1267543859649123,0.05701754385964912,0.27280701754385966
0.5403050108932462,0.13159041394335513,0.05620915032679739,0.2718954248366013
0.5439440314822912,0.12986445124617402,0.055094009619588984,0.2710975076519458
0.5384953805543334,0.1315442146942367,0.056313242410910694,0.2736471623405191
0.5421052631578948,0.12719298245614036,0.05570175438596491,0.275
0.5475251861585633,0.12833990363556724,0.05519053876478318,0.2689443714410863
0.5517088326675543,0.12916111850865514,0.0559254327563249,0.2632046160674656
0.5472112428634168,0.12472551602986386,0.059727711901624944,0.2683355292050944
0.5511013215859031,0.12070484581497798,0.05814977973568282,0.27004405286343613
0.5523230568823274,0.12158054711246201,0.05557967867998263,0.270516717325228
0.5567781690140845,0.1210387323943662,0.05501760563380282,0.2671654929577465
0.5604249667994687,0.11819389110225764,0.056219566179725546,0.26516157591854805
0.5622241835834069,0.11650485436893204,0.05560458958517211,0.265666372462489
0.5730088495575221,0.1168141592920354,0.050442477876106194,0.2597345132743363
0.5711140466754734,0.12197269925143109,0.046235138705416116,0.26067811536767943
0.5715539947322212,0.12203687445127305,0.04521510096575944,0.26119402985074625
0.5698545614808286,0.12384310268840899,0.04715733803437638,0.25914499779638606
0.5680813439434129,0.1237842617152962,0.04509283819628647,0.2630415561450044
0.5712395235994706,0.12351124834583149,0.04631671812968681,0.25893250992501105
0.5706783369803063,0.12516411378555797,0.045076586433260395,0.2590809628008753
0.5743657042869641,0.12467191601049869,0.04505686789151356,0.2559055118110236
0.5663716814159292,0.13053097345132744,0.04601769911504425,0.2570796460176991
0.5701179554390564,0.13062472695500219,0.04630843162953255,0.2529488859764089
0.5715551617190961,0.12760301284891448,0.05050952591936198,0.25033229951262737
0.5656387665198238,0.12555066079295155,0.05330396475770925,0.2555066079295154
0.5662280701754386,0.12105263157894737,0.05350877192982456,0.25921052631578945
0.5639431616341031,0.1216696269982238,0.05550621669626998,0.2588809946714032
0.5541958041958042,0.12543706293706294,0.056818181818181816,0.26354895104895104
0.5648553900087643,0.12357581069237511,0.05521472392638037,0.2563540753724803
0.574374725756911,0.11540149188240456,0.05748135146994296,0.25274243089074155
0.579225352112676,0.12147887323943662,0.05501760563380282,0.2442781690140845
0.5749778172138421,0.11801242236024845,0.05235137533274179,0.2546583850931677
0.5747581354441513,0.12137203166226913,0.052330694810905895,0.2515391380826737
0.5724923346473938,0.12089356110381078,0.05562855891371003,0.25098554533508544
0.5735099337748344,0.11920529801324503,0.05783664459161148,0.24944812362030905
0.5751318101933216,0.12082601054481547,0.05755711775043937,0.24648506151142355
0.5859929078014184,0.11923758865248227,0.05540780141843971,0.2393617021276596
0.5812003530450133,0.12444836716681378,0.05516328331862312,0.23918799646954986
0.5843585237258347,0.12082601054481547,0.05711775043936731,0.23769771528998243
0.5810154525386313,0.11876379690949228,0.060044150110375276,0.2401766004415011
0.5888888888888889,0.12355555555555556,0.057777777777777775,0.22977777777777778
0.588314005352364,0.12265834076717216,0.058429973238180194,0.23059768064228367
0.5830748781568453,0.12140008861320337,0.06070004430660168,0.23482498892334958
0.588054457619675,0.12077294685990338,0.05665349143610013,0.23451910408432147
0.5879287885366913,0.12201476335214936,0.0547112462006079,0.23534520191055144
0.5825199645075422,0.12023070097604259,0.05634427684117125,0.240905057675244
0.5814469596094097,0.11895250776742122,0.060363959165557035,0.23923657345761207
0.5862373180414645,0.11821790913101014,0.05866784296426996,0.2368769298632554
0.5798245614035088,0.12192982456140351,0.06271929824561404,0.2355263157894737
0.5871761089152393,0.11682037768994291,0.06104523495827844,0.2349582784365393
0.5833698030634573,0.11816192560175055,0.06520787746170678,0.23326039387308534
0.5792709705753184,0.12165129556433904,0.06675450153711024,0.23232323232323232
0.5740498034076016,0.12101354303189166,0.07164700742682394,0.23328964613368283
0.5762489044697634,0.12182296231375986,0.07142857142857142,0.23049956178790534
0.5756506396118218,0.12218791354212616,0.07278341420379356,0.22937803264225848
0.570862676056338,0.12279929577464789,0.0743838028169014,0.2319542253521127
0.5729442970822282,0.1220159151193634,0.07161803713527852,0.23342175066312998
0.5703605980650835,0.1218117854001759,0.07255936675461741,0.23526824978012312
0.5704903677758318,0.1212784588441331,0.06961471103327496,0.23861646234676007
0.572121746801941,0.12174680194089105,0.06660785178650198,0.23952359947066607
0.5716814159292035,0.1163716814159292,0.06991150442477877,0.2420353982300885
0.5694989106753813,0.12069716775599129,0.06840958605664488,0.24139433551198258
0.5685053380782918,0.12322064056939502,0.0653914590747331,0.24288256227758007
0.5699020480854853,0.1219946571682992,0.06455921638468388,0.2435440783615316
0.5662703654777631,0.12417437252311757,0.06516952884191986,0.24438573315719947
0.5685144124168514,0.12195121951219512,0.06563192904656319,0.24390243902439024
0.5667980727113447,0.12352168199737187,0.06438896189224705,0.24529128339903636
0.5672566371681416,0.12212389380530973,0.059734513274336286,0.25088495575221237
0.5638061360604714,0.1218319253001334,0.057803468208092484,0.2565584704313028
0.5692102928127772,0.1233362910381544,0.06078083407275954,0.2466725820763088
0.5739014647137151,0.1220594762538837,0.06080781180648025,0.243231247225921
0.5718736092567869,0.12283044058744993,0.05829995549621718,0.24699599465954605
0.5754091110128262,0.12030075187969924,0.057938965059708095,0.24635117204776646
0.581140350877193,0.11973684210526316,0.05745614035087719,0.24166666666666667
0.5774522858411008,0.11673324456280515,0.05947625388371061,0.24633821571238348
0.574989068648885,0.12068211630957586,0.06034105815478793,0.2439877568867512
0.5735617039964866,0.1181379007465964,0.06236275801493193,0.24593763724198506
0.5806167400881057,0.11409691629955947,0.06079295154185022,0.2444933920704846
0.5762262483429077,0.1179849756959788,0.05788775961113566,0.2479010163499779
0.5741963892558344,0.11668868339938353,0.05592250110083664,0.2531924262439454
0.5773468488320846,0.11458792419568092,0.05200528867342442,0.2560599382988101
0.5809018567639257,0.11671087533156499,0.04995579133510168,0.2524314765694076
0.5781594011448701,0.11492734478203434,0.047556142668428,0.25935711140466755
0.5844444444444444,0.11244444444444444,0.049777777777777775,0.25333333333333335
0.5783926218708827,0.11286780851998243,0.05006587615283267,0.25867369345630215
0.5856134157105031,0.1147396293027361,0.05030891438658429,0.24933804060017653
0.5827017387427552,0.1185911725367811,0.04993312527864467,0.24877396344181898
0.5865384615384616,0.11756993006993006,0.048513986013986016,0.24737762237762237
0.5844327176781002,0.12093227792436236,0.047053649956024624,0.24758135444151275
0.5902654867256637,0.12079646017699115,0.046460176991150445,0.2424778761061947
0.5816907577748577,0.12089356110381078,0.045116075339465614,0.25229960578186594
0.5816907577748577,0.12089356110381078,0.04467805519053877,0.2527376259307928
0.5879265091863517,0.11854768153980752,0.04330708661417323,0.25021872265966755
0.5893403232852774,0.11489733508082133,0.045871559633027525,0.24989078200087375
0.58994708994709,0.11904761904761904,0.04805996472663139,0.2429453262786596
0.5892152564664621,0.1183691363437089,0.04734765453748356,0.24506795265234546
0.5883649184662847,0.11899515204936095,0.045835169678272364,0.24680475980608196
0.5921689397272327,0.11966564012318522,0.04575450945886494,0.2424109106907171
0.5923817863397548,0.12040280210157618,0.047723292469352016,0.239492119089317
0.5946420729029425,0.1181379007465964,0.04830917874396135,0.23891084760649978
0.5985178727114211,0.11944202266782912,0.05187445510026155,0.23016564952048824
0.6028181417877587,0.12197269925143109,0.04931748128577719,0.22589167767503301
0.6073781291172595,0.12296881862099253,0.048748353096179184,0.22090469916556874
0.6058073031236252,0.12186537615486141,0.050593928728552576,0.22173339199296085
0.6042031523642732,0.11952714535901926,0.050788091068301226,0.22548161120840632
