R,A,S,N
1.0,0.0,0.0,0.0
0.5,0.5,0.0,0.0
0.3333333333333333,0.4444444444444444,0.2222222222222222,0.0
0.2727272727272727,0.45454545454545453,0.2727272727272727,0.0
0.125,0.5625,0.3125,0.0
0.21739130434782608,0.5217391304347826,0.21739130434782608,0.043478260869565216
0.24242424242424243,0.45454545454545453,0.2727272727272727,0.030303030303030304
0.2619047619047619,0.42857142857142855,0.23809523809523808,0.07142857142857142
0.3508771929824561,0.40350877192982454,0.15789473684210525,0.08771929824561403
0.2857142857142857,0.4155844155844156,0.19480519480519481,0.1038961038961039
0.29523809523809524,0.38095238095238093,0.20952380952380953,0.11428571428571428
0.3308270676691729,0.3609022556390977,0.18045112781954886,0.12781954887218044
0.34146341463414637,0.32926829268292684,0.20121951219512196,0.12804878048780488
0.34782608695652173,0.2995169082125604,0.21256038647342995,0.14009661835748793
0.36398467432950193,0.2720306513409962,0.2222222222222222,0.1417624521072797
0.3583061889250814,0.26058631921824105,0.247557003257329,0.13355048859934854
0.375,0.25555555555555554,0.24166666666666667,0.12777777777777777
0.35714285714285715,0.24285714285714285,0.25,0.15
0.3619631901840491,0.2331288343558282,0.25357873210633947,0.15132924335378323
0.3501742160278746,0.21428571428571427,0.26480836236933797,0.17073170731707318
0.3497615262321145,0.21462639109697934,0.2575516693163752,0.178060413354531
0.35080645161290325,0.20026881720430106,0.2594086021505376,0.18951612903225806
0.3515439429928741,0.19714964370546317,0.2589073634204275,0.19239904988123516
0.3457844183564568,0.192102454642476,0.2529348986125934,0.20917822838847386
0.3491912464319695,0.19314938154138916,0.25404376784015226,0.20361560418648905
0.35314384151593453,0.18863049095607234,0.2558139534883721,0.20241171403962102
0.3611111111111111,0.18571428571428572,0.2492063492063492,0.20396825396825397
0.3631123919308357,0.18227665706051874,0.24855907780979827,0.20605187319884727
0.3758300132802125,0.17330677290836655,0.250332005312085,0.20053120849933598
0.36086956521739133,0.18695652173913044,0.24596273291925466,0.2062111801242236
0.3665315576143602,0.18934568616097278,0.2478286045165026,0.19629415170816444
0.3565459610027855,0.1905292479108635,0.2568245125348189,0.19610027855153203
0.3594080338266385,0.193446088794926,0.24682875264270612,0.20031712473572938
0.3525287931897847,0.19178768152228343,0.2543815723585378,0.2013019529293941
0.35631067961165047,0.1966019417475728,0.24757281553398058,0.1995145631067961
0.3579895685158843,0.19013750592697962,0.2503556187766714,0.20151730678046467
0.3538602941176471,0.18566176470588236,0.25643382352941174,0.20404411764705882
0.35571687840290384,0.18874773139745918,0.2572595281306715,0.19827586206896552
0.3460490463215259,0.18755676657584014,0.2688465031789282,0.19754768392370572
0.35439068100358423,0.18593189964157705,0.26030465949820786,0.19937275985663083
0.35472370766488415,0.18805704099821746,0.2522281639928699,0.20499108734402852
0.3598400710795202,0.18791648156374943,0.25277654375832964,0.19946690359840072
0.3567950420540062,0.1845949535192563,0.2558654271801682,0.20274457724656927
0.35580357142857144,0.18839285714285714,0.24821428571428572,0.20758928571428573
0.3506379234491861,0.19093708754949407,0.24901011878574572,0.20941487021557414
0.3536748329621381,0.18173719376391984,0.2525612472160356,0.21202672605790646
0.3589515770768547,0.18924922256774768,0.24300310972900932,0.20879609062638826
0.36165480427046265,0.18416370106761565,0.23976868327402134,0.21441281138790036
0.3614564831261101,0.18428063943161635,0.2468916518650089,0.20737122557726465
0.3627886323268206,0.18383658969804617,0.24289520426287745,0.21047957371225579
0.3648827952233525,0.18531623175586023,0.24148606811145512,0.20831490490933216
0.36271036315323296,0.18644818423383525,0.2391496899911426,0.21169176262178918
0.3682581786030062,0.18037135278514588,0.24049513704686118,0.21087533156498675
0.3617582417582418,0.1832967032967033,0.25054945054945055,0.2043956043956044
0.36527472527472526,0.18065934065934067,0.24747252747252746,0.20659340659340658
0.3742716270730614,0.18108471537427162,0.2429403854773644,0.20170327207530256
0.3762157382847038,0.1816976127320955,0.23740053050397877,0.20468611847922194
0.3745019920318725,0.1806108897742364,0.23771580345285526,0.20717131474103587
0.37142857142857144,0.17767857142857144,0.23839285714285716,0.2125
0.3818019625334523,0.17885816235504015,0.23416592328278324,0.20517395182872436
0.38393645189761694,0.176963812886143,0.2325684024713151,0.20653133274492497
0.3825088339222615,0.18197879858657243,0.22703180212014135,0.20848056537102475
0.3847173144876325,0.18021201413427562,0.22659010600706714,0.20848056537102475
0.38891372373714794,0.18417523468931604,0.22798390701832813,0.19892713455520786
0.39238263950398583,0.1762621789193977,0.23073516386182463,0.20062001771479185
0.394020526550647,0.17983043284248104,0.22400713966979027,0.20214190093708165
0.3981275078020508,0.17967008470798038,0.22336156932679446,0.19884083816317433
0.3966131907308378,0.17780748663101603,0.22014260249554368,0.2054367201426025
0.4021210782147592,0.17101193106495802,0.2209456473707468,0.20592134334953602
0.4027348919276577,0.1733568592853992,0.22055580061755625,0.20335244816938686
0.4066079295154185,0.1682819383259912,0.22070484581497798,0.20440528634361232
0.41406945681211044,0.16918967052537845,0.21727515583259127,0.19946571682991987
0.4149689991142604,0.17006200177147918,0.21656333038086803,0.19840566873339238
0.4149029982363316,0.1693121693121693,0.20943562610229277,0.20634920634920634
0.41231178033658106,0.17006200177147918,0.21169176262178918,0.20593445527015058
0.41061946902654867,0.16681415929203539,0.21371681415929203,0.2088495575221239
0.4076822348319511,0.16761239633347882,0.21038847664775207,0.214316892186818
0.41098901098901097,0.17142857142857143,0.20703296703296703,0.21054945054945054
0.41060473269062225,0.1726555652936021,0.20201577563540754,0.2147239263803681
0.4175485008818342,0.17548500881834214,0.19268077601410935,0.21428571428571427
0.41725352112676056,0.1756161971830986,0.19190140845070422,0.21522887323943662
0.424922941435491,0.1712901805372083,0.18978423601937472,0.21400264200792601
0.42750110180696343,0.1740855002203614,0.19127368884971352,0.20713970912296165
0.4229055258467023,0.17245989304812834,0.18850267379679145,0.2161319073083779
0.427437141596824,0.1689457432730481,0.1901191001323335,0.21349801499779444
0.4383073496659243,0.16169265033407573,0.18752783964365255,0.21247216035634744
0.43458980044345896,0.17028824833702882,0.18536585365853658,0.2097560975609756
0.43780433820274456,0.16733067729083664,0.18238158477202301,0.21248339973439576
0.4343612334801762,0.16872246696035242,0.1801762114537445,0.21674008810572687
0.4358974358974359,0.16976127320954906,0.1724137931034483,0.22192749778956675
0.4370271473075211,0.17356475300400534,0.16466399643969737,0.22474410324877614
0.44163337771859745,0.17177097203728361,0.16378162450066577,0.2228140257434532
0.4405501330967169,0.17080745341614906,0.16770186335403728,0.2209405501330967
0.44664902998236333,0.16710758377425045,0.1675485008818342,0.21869488536155202
0.4438573315719947,0.1695288419198591,0.1682078379568472,0.21840598855129897
0.4478009773434029,0.16392714349178142,0.16836961350510884,0.2199022656597068
0.44247001332741004,0.16525988449577966,0.1625944024877832,0.2296756996890271
0.4446412754650133,0.1682905225863596,0.15899025686448184,0.22807794508414525
0.4393063583815029,0.17296576256113827,0.15829257447754558,0.22943530457981326
0.43923994697304464,0.16836058329650905,0.15642951833848873,0.2359699513919576
0.4440465532676813,0.16786034019695614,0.1602506714413608,0.2278424350940018
0.44419840566873336,0.1678476527900797,0.15854738706820196,0.22940655447298494
0.437609841827768,0.16695957820738136,0.16608084358523725,0.22934973637961337
0.4429203539823009,0.16460176991150444,0.16283185840707964,0.22964601769911505
0.43747218513573655,0.16777926123720516,0.16332888295505119,0.2314196706720071
0.45161290322580644,0.1657092355280601,0.1586389748121962,0.22403888643393724
0.4464601769911504,0.17123893805309734,0.16327433628318583,0.21902654867256638
0.4517408550022036,0.16571176729836934,0.1604230938739533,0.22212428382547378
0.45608559964333484,0.16362015158270174,0.15827017387427553,0.22202407489968792
0.4523281596452328,0.16674057649667406,0.15521064301552107,0.22572062084257205
0.45273851590106007,0.1687279151943463,0.15459363957597172,0.22393992932862192
0.4507356219349086,0.1698617922425323,0.15247436469014714,0.22692822113241196
0.44628469113697405,0.17502238137869292,0.1495076096687556,0.22918531781557744
0.4508849557522124,0.17743362831858406,0.14292035398230088,0.22876106194690266
0.4537405931828243,0.18105356352368304,0.14298362107127047,0.2222222222222222
0.4500659920809503,0.17949846018477783,0.14122305323361198,0.22921249450065992
0.46194926568758343,0.17846016911437473,0.1352914997774811,0.22429906542056074
0.4683600713012478,0.17290552584670232,0.13458110516934046,0.22415329768270945
0.47038174637999125,0.16498464238701185,0.13953488372093023,0.2250987275120667
0.47035398230088493,0.16061946902654867,0.13849557522123893,0.23053097345132742
0.4746136865342163,0.16247240618101547,0.13598233995584988,0.2269315673289183
0.4689991142604074,0.16696191319751993,0.13861824623560673,0.2254207263064659
0.47401155042203463,0.16659262549977788,0.13593958240781875,0.22345624167036873
0.46701846965699206,0.16754617414248021,0.14204045734388743,0.2233948988566403
0.4626398210290828,0.1704697986577181,0.141834451901566,0.2250559284116331
0.4698526127735596,0.16927199642697632,0.14024117909781153,0.2206342117016525
0.48092280390417036,0.16770186335403728,0.1344276841171251,0.21694764862466726
0.480606330806955,0.1654034774855105,0.13241194828354882,0.22157824342398574
0.4808622965244171,0.16761988561372634,0.12978442586889574,0.22173339199296085
0.4811529933481153,0.17073170731707318,0.1286031042128603,0.21951219512195122
0.47749338040600176,0.1703442188879082,0.12797881729920565,0.22418358340688438
0.481917211328976,0.1690631808278867,0.1289760348583878,0.22004357298474944
0.4886312973695943,0.161836825679893,0.13107445385644226,0.21845742309407043
0.49043168669336895,0.16154873164218958,0.1317311971517579,0.2162883845126836
0.49274087109546855,0.15662120545534536,0.1350637923449186,0.21557413110426749
0.5008764241893077,0.15994741454864153,0.12927256792287467,0.20990359333917616
0.4979847738468428,0.15763546798029557,0.13166144200626959,0.21271831616659204
0.49383259911894273,0.15462555066079295,0.13171806167400882,0.2198237885462555
0.4995567375886525,0.15780141843971632,0.12101063829787234,0.22163120567375885
0.49867957746478875,0.1602112676056338,0.11707746478873239,0.22403169014084506
0.49318081830180377,0.1636603607567092,0.11922569291684998,0.22393312802463705
0.4946855624446413,0.16076173604960142,0.12267493356953056,0.22187776793622674
0.49715037264357737,0.156510302498904,0.1188075405523893,0.22753178430512933
0.4958351600175362,0.15563349408154317,0.11661551950898728,0.23191582639193337
0.49560246262093227,0.15699208443271767,0.11917326297273527,0.22823218997361477
0.5048458149779735,0.1515418502202643,0.12202643171806167,0.22158590308370044
0.5059445178335535,0.154557463672391,0.12241303390576838,0.2170849845882871
0.5033288948069241,0.15446071904127828,0.11939636040834443,0.2228140257434532
0.5075622775800712,0.1494661921708185,0.11966192170818506,0.22330960854092527
0.5061619718309859,0.15096830985915494,0.11575704225352113,0.22711267605633803
0.5055383252104564,0.14665485157288435,0.11741249446167479,0.2303943287549845
0.49933949801849403,0.14663143989431968,0.11977102597974461,0.23425803610744167
0.494050242397532,0.1498457470251212,0.11987659762009696,0.2362274129572499
0.5013309671694764,0.14729370008873113,0.11756876663708962,0.23380656610470274
0.5011135857461024,0.1447661469933185,0.11804008908685969,0.23608017817371937
0.5019815059445178,0.1457507705856451,0.11580801409070894,0.23645970937912814
0.5136084284460053,0.1431079894644425,0.11501316944688324,0.228270412642669
0.5150984682713348,0.14398249452954048,0.11597374179431072,0.224945295404814
0.5129348795718108,0.14451382694023193,0.11552185548617305,0.22702943800178413
0.517683465959328,0.14367816091954022,0.11317418213969938,0.22546419098143236
0.5176056338028169,0.14568661971830985,0.11663732394366197,0.22007042253521128
0.5242077464788732,0.14348591549295775,0.11399647887323944,0.21830985915492956
0.5256811076373381,0.1460473425636445,0.11121036176864672,0.2170611880303707
0.5321585903083701,0.1436123348017621,0.1092511013215859,0.21497797356828194
0.5312090790048014,0.14622435617634222,0.10955914447839371,0.2130074203404627
0.5325991189427313,0.1422907488986784,0.1092511013215859,0.21585903083700442
0.5317460317460317,0.1455026455026455,0.10537918871252204,0.2173721340388007
0.5268014059753954,0.14191564147627417,0.10764499121265378,0.22363796133567662
0.5313881520778072,0.14058355437665782,0.10742705570291777,0.22060123784261715
0.5283862315601252,0.13857845328565044,0.11041573535985695,0.22261957979436744
0.531820204717401,0.13840676457498888,0.10769915442812639,0.22207387627948375
0.5355094838994265,0.13586237318041464,0.11027790030877813,0.21835024261138067
0.5336581045172719,0.13507528786536757,0.11426040744021258,0.21700620017714792
0.5335689045936396,0.13648409893992933,0.11307420494699646,0.21687279151943462
0.539375274967004,0.13770347558293006,0.11130664320281566,0.21161460624725034
0.5442536327608983,0.1329810656098635,0.11140466754733598,0.21136063408190225
0.5451713395638629,0.1295060080106809,0.11348464619492657,0.2118380062305296
0.5518909410729991,0.13060686015831136,0.10949868073878628,0.20800351802990324
0.5531151949798296,0.1331241595696997,0.105333930972658,0.20842671447781264
0.5595555555555556,0.12711111111111112,0.10488888888888889,0.20844444444444443
0.5563876651982379,0.12422907488986784,0.10704845814977973,0.21233480176211453
0.5596085409252669,0.12055160142348754,0.10498220640569395,0.2148576512455516
0.5579839429081177,0.11864406779661017,0.10838537020517396,0.2149866190900981
0.5600527936647602,0.11262648482182139,0.11086669599648043,0.21645402551693796
0.5615350683722982,0.11071901191001324,0.10674900749889722,0.22099691221879136
0.5624450307827616,0.11169744942832015,0.10729991204925242,0.2185576077396658
0.5561946902654867,0.11106194690265486,0.11061946902654868,0.22212389380530972
0.562444641275465,0.1120460584588131,0.10806023029229407,0.2174490699734278
0.5607600530269554,0.10826336721166593,0.11400795404330534,0.21696862571807335
0.553674832962138,0.11046770601336303,0.11625835189309577,0.21959910913140313
0.5606860158311345,0.11125769569041337,0.11345646437994723,0.21459982409850484
0.5647163120567376,0.1125886524822695,0.10682624113475177,0.21586879432624115
0.5749778172138421,0.11091393078970718,0.09893522626441881,0.21517302573203195
0.5674725274725275,0.11032967032967032,0.1054945054945055,0.21670329670329672
0.5706690296854231,0.11431103234381923,0.09836065573770492,0.21665928223305272
0.5707338638373121,0.11582670203359859,0.09328028293545534,0.22015915119363394
0.5778670236501562,0.11334225792057118,0.09326193663543061,0.21552878179384202
0.5809312638580931,0.11086474501108648,0.09312638580931264,0.21507760532150777
0.584,0.10844444444444444,0.09022222222222222,0.21733333333333332
0.5940943146760688,0.10356985456148082,0.09167033935654473,0.21066549140590568
0.590728476821192,0.106401766004415,0.09183222958057395,0.211037527593819
0.6001753616834722,0.10390179745725558,0.08987286277948268,0.20604997807978956
0.6037902159541648,0.10401057734684883,0.0872631115028647,0.20493609519612163
0.6022927689594356,0.1009700176366843,0.08862433862433862,0.20811287477954143
0.5960264900662252,0.10154525386313466,0.08874172185430464,0.21368653421633554
0.5934744268077602,0.10449735449735449,0.09082892416225749,0.21119929453262787
0.596830985915493,0.10431338028169014,0.0897887323943662,0.20906690140845072
0.5953859804791481,0.10603371783496007,0.08961845607808341,0.20896184560780834
0.5956043956043956,0.10725274725274725,0.09230769230769231,0.20483516483516484
0.5873573309920983,0.11106233538191396,0.09701492537313433,0.20456540825285338
0.5899152164212406,0.1111111111111111,0.09504685408299866,0.2039268183846497
0.5949932945909701,0.10683951721054985,0.0925346446133214,0.2056325435851587
0.5947391885867143,0.1069995541685243,0.0954079358002675,0.20285332144449397
0.5898123324396782,0.10500446827524576,0.09740840035746202,0.20777479892761394
0.5864332603938731,0.10196936542669584,0.10065645514223195,0.21094091903719914
0.5922974767596282,0.10314298362107127,0.10048694112439133,0.20407259849490925
0.6009764758100311,0.09764758100310697,0.0954283177984909,0.20594762538837105
0.6007067137809188,0.09717314487632508,0.09496466431095406,0.20715547703180212
0.6013274336283185,0.10398230088495575,0.09336283185840707,0.2013274336283186
0.5990295544772828,0.10719011910013233,0.09439788266431408,0.19938244375827086
0.6011535048802129,0.10692102928127772,0.08740017746228926,0.20452528837622005
0.6020590868397493,0.10295434198746643,0.08818263205013428,0.20680393912264997
0.6056149732620321,0.1051693404634581,0.08689839572192513,0.20231729055258468
0.6061143110323438,0.09880372175454143,0.0921577315019938,0.20292423571112095
0.6055900621118012,0.09760425909494233,0.09494232475598935,0.20186335403726707
0.6076005302695537,0.09986743261157756,0.09456473707467963,0.19796730004418914
0.6037234042553191,0.10106382978723404,0.09441489361702128,0.20079787234042554
0.6042402826855123,0.10424028268551237,0.09496466431095406,0.1965547703180212
0.6090192644483362,0.09938704028021016,0.09588441330998249,0.1957092819614711
0.6143992932862191,0.0989399293286219,0.09717314487632508,0.1894876325088339
0.6110619469026549,0.09734513274336283,0.10044247787610619,0.1911504424778761
0.6124945391000437,0.09567496723460026,0.1000436871996505,0.19178680646570556
0.6125608137992039,0.09597523219814241,0.1017249004865104,0.18973905351614329
0.612846458424989,0.09018917729872415,0.09942806863176419,0.19753629564452266
0.6122629025143361,0.08954565505072784,0.09969122187913543,0.1985002205558006
0.6156236129604972,0.09054593874833555,0.09631602308033733,0.19751442521083
0.6214664310954063,0.09098939929328621,0.09717314487632508,0.19037102473498232
0.617893345085941,0.09034817100044072,0.09828118113706479,0.19347730277655356
0.6191744340878829,0.08788282290279627,0.09631602308033733,0.1966267199289836
0.6182462356067316,0.09034543844109831,0.09787422497785651,0.19353410097431356
0.6266548984995587,0.0939982347749338,0.09267431597528684,0.18667255075022066
0.6251105216622458,0.09637488947833775,0.09195402298850575,0.1865605658709107
0.6311366651923928,0.09287925696594428,0.09111012826183104,0.18487394957983194
0.6325906509392748,0.09742245522062036,0.08606378331148973,0.18392311052861512
0.6350109409190372,0.09234135667396061,0.08927789934354485,0.18336980306345732
0.6317641882974043,0.09238891333040035,0.09370875494940607,0.18213814342278928
0.6297440423654016,0.09488084730803177,0.09223300970873786,0.18314210061782876
0.632183908045977,0.09991158267020336,0.09460654288240496,0.17329796640141468
0.6283340620900744,0.09663314385658067,0.10100568430257979,0.17402710975076519
0.6291887125220459,0.09832451499118165,0.10052910052910052,0.17195767195767195
0.6292682926829268,0.09401330376940133,0.10376940133037695,0.1729490022172949
0.6305114638447972,0.09567901234567901,0.1027336860670194,0.1710758377425044
0.6342531756460797,0.09461235216819974,0.1011826544021025,0.16995181778361804
0.6357267950963222,0.09413309982486866,0.10157618213660245,0.16856392294220665
0.6382884869872077,0.09351565946184384,0.10322011468901632,0.16497573886193206
0.639170710189678,0.08998676665196295,0.10454344949272165,0.1662990736656374
0.6439628482972136,0.08889871738168952,0.1021671826625387,0.16497125165855817
0.6534090909090909,0.08610139860139861,0.10227272727272728,0.15821678321678323
0.6562774363476734,0.09086918349429324,0.09877085162423178,0.15408252853380158
0.6561668145519077,0.0940550133096717,0.09849157054125998,0.1512866015971606
0.6581385090427878,0.09704455227172475,0.09395677106307895,0.15086016762240848
0.6628369421122404,0.09456473707467963,0.09721608484312859,0.1453822359699514
0.661790780141844,0.09618794326241134,0.09574468085106383,0.14627659574468085
0.6632471008028545,0.09812667261373774,0.09009812667261374,0.14852809991079394
0.6647347302719572,0.1012037449843959,0.08782880071333037,0.14623272403031654
0.6653261840929401,0.09740840035746202,0.08668453976764968,0.15058087578194818
0.6619406291537439,0.10544971200708905,0.08373947718210013,0.1488701816570669
0.6694839857651246,0.10542704626334519,0.08185053380782918,0.14323843416370108
0.6669646848457756,0.10594546267322306,0.08404112650871703,0.1430487259722843
0.6754966887417219,0.10286975717439294,0.08388520971302428,0.13774834437086092
0.680071492403932,0.10053619302949061,0.08221626452189455,0.13717605004468275
0.6843987483236478,0.10147518998658918,0.07822977201609298,0.1358962896736701
0.698943661971831,0.09507042253521127,0.07702464788732394,0.1289612676056338
0.6971175166297118,0.09844789356984479,0.07893569844789357,0.12549889135254988
0.6938954765041722,0.09749670619235837,0.08036890645586298,0.1282389108476065
0.6954986760812003,0.09796999117387467,0.07766990291262135,0.12886142983230361
0.6941855304039058,0.0954283177984909,0.07944962272525521,0.13093652907234798
0.6965486329000449,0.09636934110264456,0.0761990138951143,0.13088301210219633
0.704225352112676,0.09198943661971831,0.0743838028169014,0.12940140845070422
0.7058307759754494,0.08811924594476107,0.07189829022358615,0.13415168785620343
0.712967032967033,0.08307692307692308,0.06901098901098901,0.13494505494505493
0.715472027972028,0.08173076923076923,0.07036713286713286,0.13243006993006992
0.7119089316987741,0.08274956217162872,0.07005253940455342,0.13528896672504379
0.7142224191404519,0.08639787328311918,0.06778910057598582,0.13159060700044306
0.7171895713654441,0.08395934600088378,0.07070260715863898,0.12814847547503314
0.7145374449339207,0.08325991189427313,0.06960352422907488,0.13259911894273127
0.7131403118040089,0.08062360801781737,0.07706013363028953,0.1291759465478842
0.7176522899066252,0.07959092930191196,0.07781236104935527,0.1249444197421076
0.7129018053720828,0.07970057243505063,0.07837956847203875,0.12901805372082784
0.7218831734960767,0.07541412380122058,0.07497820401046207,0.12772449869224062
0.7227592267135325,0.07337434094903339,0.07513181019332162,0.12873462214411246
0.7164377492246344,0.07797961896322551,0.07620735489587949,0.12937527691626052
0.7157941047074351,0.07611086669599648,0.07699076110866696,0.13110426748790144
0.7200353825740823,0.07607253427686864,0.0734188412206988,0.13047324192835028
0.7165704131497113,0.07818747223456242,0.0759662372278987,0.12927587738782764
0.7171717171717171,0.077733860342556,0.07685551163812034,0.1282389108476065
0.7149142102947647,0.0818301803783546,0.07787065552133744,0.12538495380554335
0.7071459886014906,0.08811924594476107,0.08022797018851381,0.12450679526523455
0.7096060203629925,0.08853474988933156,0.07613988490482515,0.12571934484285083
0.7093942054433714,0.09086918349429324,0.07857769973661106,0.12115891132572432
0.702423698384201,0.09649910233393177,0.07495511669658887,0.12612208258527827
0.7044162658504591,0.10013117621337997,0.07389593353738522,0.1215566243987757
0.7019018133569217,0.09730207872622733,0.07386112339672711,0.12693498452012383
0.7029791018230325,0.09293019119608716,0.07692307692307693,0.12716763005780346
0.7033259423503326,0.09223946784922395,0.07716186252771619,0.12727272727272726
0.7007492287351256,0.09078889378580873,0.07712648743940062,0.13133539003966505
0.7009142359599477,0.09011754462342185,0.08010448410970832,0.12886373530692208
0.6977562692476903,0.08842938847338319,0.08227012758468984,0.1315442146942367
0.7014660151043981,0.08529542425588628,0.08396268325188805,0.12927587738782764
0.701486013986014,0.08741258741258741,0.08129370629370629,0.12980769230769232
0.7045654082528534,0.08999122036874452,0.08077260755048288,0.12467076382791922
0.7060646303674192,0.08764940239043825,0.08233731739707835,0.1239486498450642
0.7143485915492958,0.08714788732394366,0.08142605633802817,0.11707746478873239
0.7098468271334792,0.08796498905908097,0.08446389496717724,0.11772428884026258
0.7035555555555556,0.08755555555555555,0.08533333333333333,0.12355555555555556
0.70501999111506,0.08262994224788983,0.08618391825855176,0.12616614837849843
0.7114449845338047,0.08351745470614229,0.08749447635881573,0.1175430844012373
0.7090345438441098,0.08503100088573959,0.08857395925597875,0.11736049601417184
0.7175639894086496,0.0820829655781112,0.08605472197705208,0.11429832303618712
0.7127706584180291,0.08528501988510827,0.08528501988510827,0.11665930181175431
0.7126998223801065,0.08614564831261101,0.08570159857904085,0.11545293072824156
0.7161921708185054,0.08629893238434164,0.08629893238434164,0.11120996441281139
0.7164244826067812,0.08586525759577279,0.08674592690444738,0.11096433289299867
0.7158638974812196,0.08882015024304021,0.0830755634114008,0.11224038886433937
0.7230295024218406,0.08146191105239982,0.08146191105239982,0.11404667547335975
0.726274165202109,0.08216168717047452,0.07996485061511424,0.11159929701230228
0.7287538529282255,0.08234258036107442,0.07926023778071334,0.1096433289299868
0.7295737122557726,0.08259325044404973,0.07726465364120781,0.1105683836589698
0.7269503546099291,0.08466312056737589,0.0726950354609929,0.11569148936170212
0.7306843267108167,0.08388520971302428,0.07373068432671082,0.11169977924944813
0.7281893906181499,0.08241999123191583,0.07496711968434897,0.11442349846558526
0.7256715103478644,0.07970057243505063,0.07970057243505063,0.11492734478203434
0.7285208148804252,0.07573073516386182,0.07883082373782108,0.11691762621789194
0.73215859030837,0.07577092511013216,0.07577092511013216,0.11629955947136564
0.7252212389380531,0.07610619469026549,0.07743362831858407,0.12123893805309735
0.7218045112781954,0.07828394515701018,0.07651481645289694,0.12339672711189739
0.7198218262806236,0.07928730512249443,0.07394209354120267,0.12694877505567928
0.721419185282523,0.08059570740254052,0.07402540516863776,0.12395970214629873
0.7188188629352138,0.08373732921992066,0.0749228735125606,0.12252093433230499
0.7152930806522697,0.0877038342882327,0.07360070515645659,0.12340237990304098
0.7085181898846495,0.09006211180124224,0.07453416149068323,0.12688553682342502
0.7064741907261592,0.0857392825896763,0.07436570428696412,0.13342082239720035
0.7053959965187119,0.08398607484769365,0.07441253263707572,0.1362053959965187
0.7023337736679877,0.08498458828709819,0.07485689123734038,0.13782474680757376
0.7040319007532122,0.08285334514842711,0.07576428887904298,0.13735046521931768
0.7059344552701505,0.0845881310894597,0.07395925597874226,0.1355181576616475
0.7030411449016101,0.08586762075134168,0.0755813953488372,0.1355098389982111
0.7117672983693257,0.08417805200528868,0.07183781401498457,0.13221683561040107
0.7117672983693257,0.08153371529308065,0.06743058616130454,0.1392684001762891
0.7135879218472468,0.08214920071047957,0.06438721136767318,0.13987566607460036
0.7154115586690017,0.08056042031523643,0.06260945709281962,0.14141856392294222
0.7138461538461538,0.08043956043956044,0.0632967032967033,0.14241758241758243
0.7164244826067812,0.07573756054601496,0.06472919418758256,0.1431087626596213
0.7094774136403897,0.07883082373782108,0.06731620903454384,0.14437555358724535
0.7096348438187418,0.0840299164100308,0.0664320281566212,0.13990321161460625
0.7114957833999113,0.08300044385264092,0.06258322237017311,0.14292055037727475
0.7126385809312639,0.08248337028824834,0.0598669623059867,0.14501108647450112
0.7221731448763251,0.07773851590106007,0.05609540636042403,0.1439929328621908
0.7144124168514412,0.07804878048780488,0.05720620842572062,0.15033259423503326
0.712577502214349,0.08060230292294066,0.06023029229406555,0.14658990256864482
0.7118270079435128,0.07855251544571933,0.058693733451015,0.15092674315975288
0.7066371681415929,0.08097345132743362,0.060619469026548675,0.1517699115044248
0.7063773250664305,0.08237378210806023,0.060673162090345435,0.15057573073516387
0.7087549494060713,0.07919049714034315,0.05851297844258689,0.1535415750109987
0.7074139452780229,0.08164165931156223,0.06001765225066196,0.15092674315975288
0.7054945054945055,0.0843956043956044,0.06065934065934066,0.14945054945054945
0.7061422889969068,0.08616880247459124,0.06142288996906761,0.14626601855943439
0.7061674008810572,0.0841409691629956,0.06035242290748899,0.14933920704845816
0.7082779991146525,0.08277999114652501,0.05976095617529881,0.14918105356352368
0.7043633125556545,0.08593054318788958,0.06411398040961709,0.14559216384683882
0.7044052863436123,0.08546255506607929,0.06299559471365639,0.14713656387665197
0.7035064358632934,0.08655126498002663,0.06480248557478917,0.14513981358189082
0.7047366091190792,0.08543603364320496,0.06374501992031872,0.1460823373173971
0.7027379400260756,0.08822251195132551,0.06431986093003042,0.14471968709256844
0.7089877835951134,0.09205933682373472,0.061518324607329845,0.13743455497382198
0.7060123784261715,0.09372236958443855,0.0623342175066313,0.13793103448275862
0.7144754316069057,0.08986277113767153,0.0650730411686587,0.13058875608676407
0.7114711033274956,0.09238178633975482,0.06567425569176882,0.13047285464098074
0.7103051747014595,0.09376382131800089,0.06280406899601947,0.13312693498452013
0.7145382235969951,0.09456473707467963,0.06009721608484313,0.1307998232434821
0.7123348017621145,0.0960352422907489,0.05726872246696035,0.1343612334801762
0.7151675485008818,0.09303350970017636,0.056878306878306875,0.1349206349206349
0.7169642857142857,0.09330357142857143,0.05669642857142857,0.13303571428571428
0.7233377956269522,0.0892458723784025,0.055778670236501564,0.13163766175814368
0.7233289065958388,0.08676405489154493,0.059318282425852145,0.13058875608676407
0.7140311804008909,0.08953229398663697,0.06146993318485523,0.13496659242761694
0.7203728362183754,0.085219707057257,0.05903240124278739,0.1353750554815801
0.7152930806522697,0.08594094314676069,0.06081974438078449,0.13794623182018512
0.7201773835920178,0.08425720620842572,0.05898004434589801,0.13658536585365855
0.7173626373626374,0.08571428571428572,0.05714285714285714,0.1397802197802198
0.7100538599640933,0.08842010771992818,0.059245960502693,0.14228007181328545
0.7147934251443803,0.08751665926254998,0.060417592181252776,0.13727232341181697
0.7163461538461539,0.08741258741258741,0.0625,0.13374125874125875
0.7152899824253075,0.08787346221441125,0.06370826010544815,0.13312829525483305
0.7120070890562694,0.08817013735046522,0.06867523260965884,0.13114754098360656
0.7120070890562694,0.08595480726628267,0.07133362871067789,0.13070447496677004
0.7210433244916004,0.08134394341290893,0.06675508399646331,0.13085764809902742
0.724076546506453,0.0774365821094793,0.06853582554517133,0.1299510458388963
0.7210319195452558,0.07826847398338435,0.069960647135986,0.13073895933537386
0.7146654851572884,0.08595480726628267,0.07133362871067789,0.128046078865751
0.7181858212241303,0.083223249669749,0.071334214002642,0.12725671510347863
0.7150419056021173,0.08248786943096603,0.07631230701367446,0.12615791795324216
0.7126436781609196,0.08532272325375774,0.07869142351900972,0.123342175066313
0.7143489813994686,0.08104517271922054,0.07705934455270151,0.1275465013286094
0.7168888888888889,0.08266666666666667,0.07866666666666666,0.12177777777777778
0.720971302428256,0.0781456953642384,0.08079470198675497,0.12008830022075055
0.7238010657193605,0.08170515097690942,0.07682060390763766,0.11767317939609236
0.7253521126760564,0.08098591549295775,0.0743838028169014,0.1192781690140845
0.7263111502864699,0.08065226972234464,0.07227853680035258,0.12075804319083297
0.7301236749116607,0.07950530035335689,0.07332155477031801,0.11704946996466431
0.7295263390880921,0.0818946436476317,0.07171314741035857,0.11686586985391766
0.7300884955752213,0.084070796460177,0.06637168141592921,0.11946902654867257
0.7304270462633452,0.0849644128113879,0.06761565836298933,0.11699288256227758
0.7349290780141844,0.08200354609929078,0.07092198581560284,0.11214539007092199
0.7277580071174378,0.08140569395017794,0.07473309608540925,0.11610320284697509
0.7188188629352138,0.08109299250771265,0.07756721022476862,0.12252093433230499
0.7171139463264409,0.07611086669599648,0.08095028596568411,0.12582490101187857
0.7174490699734278,0.08060230292294066,0.08015943312666077,0.12178919397697077
0.7174688057040999,0.08333333333333333,0.08377896613190731,0.11541889483065954
0.7177348551360843,0.08165057067603161,0.08165057067603161,0.1189640035118525
0.7218777679362267,0.08193091231178033,0.07705934455270151,0.1191319751992914
0.7145390070921985,0.0851063829787234,0.0797872340425532,0.12056737588652482
0.7211453744493392,0.08370044052863436,0.07488986784140969,0.12026431718061674
0.7230565371024735,0.08083038869257951,0.071113074204947,0.125
0.7284275076653526,0.08015768725361366,0.06657906263688129,0.12483574244415244
0.7249448123620309,0.08079470198675497,0.06490066225165562,0.1293598233995585
0.7320405464962538,0.08241516086381666,0.06302335830762451,0.12252093433230499
0.7303220035778175,0.08228980322003578,0.0648479427549195,0.12254025044722719
0.7345406360424028,0.0812720848056537,0.06404593639575971,0.12014134275618374
0.7291393621668851,0.08169506334643949,0.06378331148973351,0.12538226299694188
0.7312444836716682,0.0825242718446602,0.06266548984995587,0.1235657546337158
0.7351517817861857,0.08139023317201936,0.06027276726792785,0.12318521777386714
0.7342995169082126,0.077733860342556,0.06499780412823891,0.12296881862099253
0.7385707944962272,0.07412339103417666,0.06613404349755882,0.12117177097203728
0.7382222222222222,0.07422222222222222,0.06533333333333333,0.12222222222222222
0.7437163375224417,0.07585278276481149,0.06328545780969479,0.11714542190305206
0.737885462555066,0.07841409691629955,0.06343612334801763,0.12026431718061674
0.7383385162150156,0.0790759662372279,0.06219458018658374,0.12039093736117282
0.7405119152691968,0.0763459841129744,0.06222418358340689,0.1209179170344219
0.7340052585451359,0.07712532865907099,0.0635407537248028,0.12532865907099036
0.7298850574712644,0.08001768346595933,0.0623342175066313,0.127763041556145
0.7294685990338164,0.07905138339920949,0.06587615283267458,0.12560386473429952
0.7262693156732892,0.07682119205298013,0.06975717439293598,0.1271523178807947
0.7251975417032485,0.07901668129938542,0.0697980684811238,0.12598770851624233
0.723376049491825,0.07998232434821034,0.07114449845338047,0.1254971277065842
0.7265901060070671,0.07862190812720848,0.06846289752650177,0.12632508833922262
0.7260213143872114,0.07682060390763766,0.06927175843694494,0.12788632326820604
0.737280701754386,0.07236842105263158,0.06359649122807018,0.1267543859649123
0.7381370826010545,0.070298769771529,0.0632688927943761,0.1282952548330404
0.7430951337132836,0.06839105655414292,0.06313020604997809,0.12538360368259535
0.7390146471371505,0.06968486462494451,0.06347092765201953,0.1278295605858855
0.7353846153846154,0.07428571428571429,0.0632967032967033,0.12703296703296704
0.7361664453297919,0.07525453740593183,0.0619743249225321,0.12660469234174412
0.7395696091348265,0.07290294246815986,0.06368028107158542,0.12384716732542819
0.7354497354497355,0.07583774250440917,0.06305114638447971,0.12566137566137567
0.7336572438162544,0.07685512367491167,0.06448763250883392,0.125
0.7347386912604303,0.0764163372859025,0.06675450153711024,0.12209046991655688
0.7281167108753316,0.08178603006189213,0.0680813439434129,0.1220159151193634
0.7272727272727273,0.08647450110864745,0.06341463414634146,0.12283813747228381
0.7318460192475941,0.08530183727034121,0.0621172353455818,0.12073490813648294
0.7365135978600089,0.0838163174320107,0.0606330806954971,0.11903700401248328
0.7404647084612013,0.08110477860587462,0.060938185006576065,0.11749232792634809
0.733568592853992,0.08072342302602559,0.06572562858403176,0.1199823555359506
0.7305976806422837,0.08385370205173952,0.06467439785905442,0.12087421944692239
0.7293133802816901,0.08274647887323944,0.06514084507042253,0.12279929577464789
0.7287610619469026,0.0827433628318584,0.06415929203539823,0.12433628318584071
0.7255936675461742,0.08047493403693931,0.06728232189973615,0.1266490765171504
0.731729055258467,0.0766488413547237,0.0659536541889483,0.12566844919786097
0.7326602282704127,0.07726075504828797,0.06760316066725197,0.12247585601404741
0.7327168648172612,0.07617789520035227,0.07001321003963012,0.1210920299427565
0.7301587301587301,0.08333333333333333,0.06922398589065255,0.11728395061728394
0.7277580071174378,0.08318505338078291,0.07072953736654804,0.11832740213523131
0.7294324681038276,0.08051033875934888,0.07259128904531456,0.11746590409150902
0.7272727272727273,0.07910839160839161,0.07386363636363637,0.11975524475524475
0.7309058614564832,0.07682060390763766,0.0741563055062167,0.11811722912966252
0.7308031774051191,0.07546337157987644,0.07546337157987644,0.11827007943512798
0.7322380106571936,0.07682060390763766,0.07238010657193605,0.11856127886323269
0.7323008849557522,0.07876106194690266,0.07123893805309735,0.11769911504424779
0.7297178130511464,0.08112874779541446,0.07142857142857142,0.11772486772486772
0.7309555261999119,0.07926023778071334,0.0726552179656539,0.11712901805372083
0.7231514084507042,0.0840669014084507,0.0743838028169014,0.11839788732394366
0.7229341581970835,0.08705258506407423,0.07556341140079541,0.11444984533804684
0.7251975417032485,0.08911325724319578,0.07594381035996488,0.10974539069359086
0.7223933128024637,0.08974923009238892,0.07699076110866696,0.11086669599648043
0.7205623901581723,0.08787346221441125,0.07952548330404217,0.11203866432337434
0.725187472430525,0.08292898103220114,0.07851786501985002,0.1133656815174239
0.7290379523389232,0.08605472197705208,0.0763459841129744,0.10856134157105031
0.7318141980718668,0.0880806310254163,0.07493426818580193,0.10517090271691498
0.7234503684438665,0.08799306458604247,0.07802340702210664,0.11053315994798439
0.725143614670791,0.0897039328325232,0.0764471939902784,0.10870525850640743
0.7265108072342302,0.08998676665196295,0.07498897220996913,0.10851345390383767
0.7229398663697104,0.08685968819599109,0.0779510022271715,0.11224944320712694
0.7145390070921985,0.08953900709219859,0.07624113475177305,0.1196808510638298
0.707855251544572,0.09179170344218888,0.07855251544571933,0.12180052956751986
0.7004405286343612,0.09030837004405286,0.08370044052863436,0.12555066079295155
0.7091388400702988,0.08743409490333919,0.0812829525483304,0.12214411247803164
0.7081128747795414,0.08774250440917107,0.08289241622574955,0.12125220458553791
0.7101063829787234,0.08466312056737589,0.08244680851063829,0.12278368794326242
0.7145998240985049,0.08311345646437995,0.079155672823219,0.12313104661389622
0.7088663431848258,0.08337009263343625,0.08292898103220114,0.12483458314953683
0.7147934251443803,0.08174144824522435,0.07863171923589515,0.12483340737450022
0.7112582781456953,0.08388520971302428,0.08344370860927153,0.12141280353200883
0.7148558758314856,0.08292682926829269,0.08381374722838138,0.11840354767184036
0.7088441330998249,0.08669001751313485,0.08712784588441332,0.11733800350262696
0.7182786157941438,0.08473824312333629,0.08163265306122448,0.11535048802129548
0.7216814159292035,0.0831858407079646,0.07964601769911504,0.11548672566371682
0.7231514084507042,0.07966549295774648,0.0801056338028169,0.11707746478873239
0.7264276228419655,0.0787959274015051,0.0787959274015051,0.11598052235502435
0.7212253829321663,0.0774617067833698,0.0787746170678337,0.12253829321663019
0.7160385626643295,0.08150744960560911,0.07843996494303243,0.12401402278702892
0.7166813768755517,0.07987643424536628,0.07987643424536628,0.1235657546337158
0.7110817941952506,0.08443271767810026,0.07827616534740545,0.12620932277924363
0.7096204766107679,0.08693733451015004,0.07590467784642542,0.12753751103265668
0.714160455940377,0.08548882069267864,0.07233669443226655,0.12801402893467778
