R,A,S,N
0.0,0.0,1.0,0.0
0.5,0.0,0.5,0.0
0.4,0.0,0.2,0.4
0.3333333333333333,0.0,0.3333333333333333,0.3333333333333333
0.3333333333333333,0.1111111111111111,0.2222222222222222,0.3333333333333333
0.4,0.1,0.1,0.4
0.18181818181818182,0.09090909090909091,0.09090909090909091,0.6363636363636364
0.13333333333333333,0.06666666666666667,0.06666666666666667,0.7333333333333333
0.15,0.05,0.1,0.7
0.16666666666666666,0.041666666666666664,0.08333333333333333,0.7083333333333334
0.1724137931034483,0.034482758620689655,0.10344827586206896,0.6896551724137931
0.1891891891891892,0.05405405405405406,0.08108108108108109,0.6756756756756757
0.2653061224489796,0.04081632653061224,0.061224489795918366,0.6326530612244898
0.31666666666666665,0.05,0.06666666666666667,0.5666666666666667
0.35526315789473684,0.05263157894736842,0.05263157894736842,0.5394736842105263
0.3563218390804598,0.034482758620689655,0.05747126436781609,0.5517241379310345
0.3619047619047619,0.02857142857142857,0.05714285714285714,0.5523809523809524
0.392,0.008,0.056,0.544
0.4028776978417266,0.014388489208633094,0.050359712230215826,0.5323741007194245
0.4233128834355828,0.024539877300613498,0.03680981595092025,0.5153374233128835
0.4101123595505618,0.028089887640449437,0.028089887640449437,0.5337078651685393
0.4365482233502538,0.025380710659898477,0.030456852791878174,0.5076142131979695
0.42857142857142855,0.022321428571428572,0.03125,0.5178571428571429
0.4150197628458498,0.02766798418972332,0.03162055335968379,0.525691699604743
0.42857142857142855,0.02564102564102564,0.029304029304029304,0.5164835164835165
0.4197952218430034,0.030716723549488054,0.027303754266211604,0.5221843003412969
0.40764331210191085,0.03184713375796178,0.01910828025477707,0.5414012738853503
0.4045584045584046,0.03133903133903134,0.019943019943019943,0.5441595441595442
0.40700808625336926,0.029649595687331536,0.018867924528301886,0.5444743935309974
0.4183168316831683,0.03712871287128713,0.022277227722772276,0.5222772277227723
0.4272930648769575,0.029082774049217,0.02237136465324385,0.5212527964205816
0.43584521384928715,0.026476578411405296,0.020366598778004074,0.5173116089613035
0.44571428571428573,0.022857142857142857,0.01904761904761905,0.5123809523809524
0.4450354609929078,0.02127659574468085,0.02127659574468085,0.5124113475177305
0.45901639344262296,0.021311475409836064,0.019672131147540985,0.5
0.4504643962848297,0.02476780185758514,0.017027863777089782,0.5077399380804953
0.46984572230014027,0.023842917251051893,0.015427769985974754,0.4908835904628331
0.4718954248366013,0.022222222222222223,0.01437908496732026,0.4915032679738562
0.4740740740740741,0.028395061728395062,0.012345679012345678,0.48518518518518516
0.46825396825396826,0.030612244897959183,0.01473922902494331,0.48639455782312924
0.4716577540106952,0.029946524064171122,0.011764705882352941,0.48663101604278075
0.4751269035532995,0.03248730964467005,0.01116751269035533,0.4812182741116751
0.4813039309683605,0.02588686481303931,0.014381591562799617,0.4784276126558006
0.4827272727272727,0.02909090909090909,0.012727272727272728,0.47545454545454546
0.4847161572052402,0.026200873362445413,0.01222707423580786,0.47685589519650656
0.4765045342126958,0.030502885408079144,0.010717230008244023,0.482275350370981
0.49098039215686273,0.03294117647058824,0.014901960784313726,0.4611764705882353
0.47816265060240964,0.03463855421686747,0.01430722891566265,0.47289156626506024
0.4861717612809316,0.03711790393013101,0.015283842794759825,0.46142649199417757
0.47752808988764045,0.037921348314606744,0.014747191011235955,0.46980337078651685
0.4893190921228304,0.03471295060080107,0.014018691588785047,0.46194926568758343
0.48646907216494845,0.030927835051546393,0.01288659793814433,0.4697164948453608
0.490426189005559,0.02964793082149475,0.012970969734403953,0.4669549104385423
0.48568019093078757,0.030429594272076373,0.013126491646778043,0.47076372315035797
0.4851830331202789,0.02789076118535735,0.01336432306798373,0.47356188262638
0.4805852560495217,0.027574563871693866,0.012380416432189083,0.47945976364659537
0.4860426929392447,0.02736726874657909,0.012588943623426382,0.47400109469074986
0.4931289640591966,0.026955602536997886,0.013213530655391121,0.4667019027484144
0.49055613850996854,0.027806925498426022,0.012591815320041973,0.4690451206715635
0.4920877998979071,0.026033690658499236,0.017355793772332824,0.46452271567126086
0.4942298043151029,0.027094831911690917,0.01655795283492223,0.462117410938284
0.4892661008487269,0.02895656515227159,0.018472291562656017,0.46330504243634546
0.48492217898832685,0.029669260700389104,0.01848249027237354,0.4669260700389105
0.489351403678606,0.02952565343659245,0.02032913843175218,0.46079380445304935
0.489805595068753,0.028923660502607872,0.01991465149359886,0.4613560929350403
0.4943661971830986,0.02629107981220657,0.01784037558685446,0.46150234741784035
0.49250936329588013,0.026685393258426966,0.020131086142322098,0.4606741573033708
0.4955628211116301,0.027557216254086876,0.02148528724894909,0.45539467538533396
0.4944029850746269,0.029384328358208957,0.0228544776119403,0.4533582089552239
0.4983833718244804,0.03002309468822171,0.021247113163972285,0.4503464203233256
0.5018148820326679,0.030399274047186932,0.020871143375680582,0.4469147005444646
0.4975391498881432,0.032662192393736016,0.02192393736017897,0.44787472035794185
0.49613108784706417,0.030951297223486572,0.02230314064633591,0.45061447428311335
0.4959349593495935,0.032068654019873535,0.023035230352303523,0.44896115627822947
0.49239713774597493,0.03354203935599284,0.023255813953488372,0.45080500894454384
0.4871567759078831,0.0354295837023915,0.024800708591674048,0.4526129317980514
0.4930834448906738,0.03346720214190094,0.027219991075412762,0.4462293618920125
0.48736141906873615,0.03414634146341464,0.028824833702882482,0.4496674057649667
0.4814977973568282,0.03656387665198238,0.029515418502202642,0.4524229074889868
0.4837705646954202,0.03423743886171632,0.03201422854602046,0.449977767896843
0.4836283185840708,0.03672566371681416,0.02920353982300885,0.4504424778761062
0.4802134281903068,0.037349933303690526,0.028901734104046242,0.45353490440195643
0.4822631342613381,0.037269869779973056,0.02918724741805119,0.4512797485406376
0.48429898275099514,0.03494029190623618,0.028748341441839895,0.4520123839009288
0.4842572062084257,0.037694013303769404,0.026607538802660754,0.4514412416851441
0.4826820603907638,0.03774422735346359,0.025310834813499113,0.45426287744227356
0.4862099644128114,0.03870106761565836,0.027135231316725978,0.44795373665480426
0.48879928315412186,0.038978494623655914,0.028225806451612902,0.44399641577060933
0.4944763588157313,0.038886433937251434,0.026513477684489615,0.4401237295625276
0.4944271065537227,0.03744984395898351,0.02719572001783326,0.44092732946946056
0.4966562639322336,0.03923316986179224,0.028533214444939812,0.43557735176103435
0.49977668602054487,0.037516748548459135,0.028584189370254576,0.4341223760607414
0.5049327354260089,0.036771300448430494,0.028699551569506727,0.4295964125560538
0.5075960679177838,0.03753351206434316,0.02680965147453083,0.4280607685433423
0.5099075297225891,0.03522677234698371,0.027300748568912372,0.42756494936151473
0.5186500888099467,0.03596802841918295,0.02575488454706927,0.41962699822380106
0.5217584369449378,0.03507992895204263,0.02486678507992895,0.4182948490230906
0.5124333925399644,0.03641207815275311,0.024422735346358793,0.42673179396092364
0.5185020062416407,0.03165403477485511,0.024520731163620153,0.4253232278198841
0.5246119733924612,0.030598669623059866,0.025720620842572064,0.4190687361419069
0.5198041833555852,0.032487761459724075,0.0262572318647085,0.4214508233199822
0.5295162006213937,0.028406569019085663,0.02529960053262317,0.4167776298268975
0.5289403383793411,0.029385574354407838,0.023597506678539625,0.41807658058771147
0.5289367429340511,0.03095558546433378,0.02332884701659937,0.4167788245850157
0.5303842716711349,0.03038427167113494,0.022788203753351208,0.4164432529043789
0.5303231518370961,0.03054448871181939,0.02213368747233289,0.4169986719787517
0.5347903657448706,0.032114183764495985,0.020517395182872437,0.4125780553077609
0.534780682321666,0.03145768719539211,0.02259636685866194,0.41116526362428
0.5385300668151448,0.03162583518930958,0.022271714922048998,0.40757238307349664
0.5465893892108783,0.03209986625055729,0.02229157378510923,0.3990191707534552
0.544762757385855,0.03088630259623993,0.022381378692927483,0.40196956132497763
0.5495775900400178,0.03156958648288128,0.024899955535793685,0.39395286794130724
0.5518617021276596,0.034131205673758866,0.027039007092198582,0.386968085106383
0.5565410199556541,0.03547671840354767,0.026607538802660754,0.38137472283813745
0.5568783068783069,0.03527336860670194,0.026455026455026454,0.38139329805996475
0.5653536257833482,0.03446732318710832,0.024171888988361683,0.37600716204118173
0.5637732506643047,0.033215234720992026,0.021700620017714792,0.38131089459698847
0.565584704313028,0.03334815473543797,0.0213428190306803,0.3797243219208537
0.5696594427244582,0.03361344537815126,0.019902697921273773,0.37682441397611677
0.5716837874050915,0.03126395712371594,0.020991514068780706,0.3760607414024118
0.5827338129496403,0.027428057553956834,0.01933453237410072,0.37050359712230213
0.5834072759538598,0.025732031943212066,0.01774622892635315,0.373114463176575
0.5891022778025904,0.025011165698972757,0.01965163019205002,0.36623492630638677
0.5856179775280899,0.02606741573033708,0.019325842696629212,0.3689887640449438
0.5890227576974565,0.02677376171352075,0.018295403837572513,0.36590807675145026
0.58915770609319,0.027329749103942653,0.018369175627240143,0.36514336917562723
0.5990165400089406,0.02548055431381314,0.019222172552525705,0.3562807331247206
0.5928411633109619,0.026398210290827742,0.021476510067114093,0.3592841163310962
0.5900537634408602,0.026881720430107527,0.025089605734767026,0.3579749103942652
0.5908889871738169,0.0291906236178682,0.024325519681556832,0.35559486952675806
0.5900759946356727,0.030844881537773806,0.025033527045149755,0.3540455967814037
0.5975828111011638,0.03088630259623993,0.02685765443151298,0.3446732318710833
0.596522514489523,0.03299152920196166,0.02630405706642889,0.3441818992420865
0.5967669510552313,0.03367759317467445,0.02694207453973956,0.34261338123035473
0.6048714479025711,0.03067207938655841,0.026612539467749212,0.33784393324312134
0.6091438816674137,0.02868668758404303,0.024652622142536978,0.3375168086060063
0.6206285967242142,0.03098716246126605,0.023019034971226208,0.3253652058432935
0.6221322537112011,0.03148897885739991,0.024741340530814216,0.3216374269005848
0.6231427285006754,0.0315173345339937,0.026114362899594776,0.31922557406573615
0.6219730941704036,0.03587443946188341,0.025112107623318385,0.3170403587443946
0.6289391921881935,0.033732800710164226,0.024855747891699954,0.3124722592099423
0.6222619579794367,0.03442109968708091,0.02548055431381314,0.3178363880196692
0.6278127812781278,0.034203420342034205,0.027002700270027002,0.310981098109811
0.637539010254124,0.030762371823450735,0.025858225590726706,0.30584039233169863
0.6355515855292542,0.02813756141134435,0.026797677534613668,0.30951317552478785
0.644136078782453,0.025962399283795883,0.025067144136078783,0.30483437779767236
0.6453333333333333,0.025777777777777778,0.025777777777777778,0.3031111111111111
0.649867374005305,0.02564102564102564,0.026083112290008842,0.2984084880636605
0.6575892857142858,0.025,0.028125,0.2892857142857143
0.6634016028495102,0.02715939447907391,0.028495102404274265,0.2809439002671416
0.6678716674197921,0.02937189335743335,0.02711251694532309,0.27564392227745144
0.6596694953104064,0.029030817329164807,0.026351049575703438,0.28494863778472534
0.6657777777777778,0.030222222222222223,0.02666666666666667,0.2773333333333333
0.6653368794326241,0.02969858156028369,0.026152482269503546,0.27881205673758863
0.6591908531222516,0.0316622691292876,0.024186455584872472,0.2849604221635884
0.6615180935569285,0.03133274492497794,0.02294792586054722,0.28420123565754635
0.6635388739946381,0.032171581769437,0.021447721179624665,0.2828418230563003
0.6635220125786163,0.032794249775381853,0.01931716082659479,0.284366576819407
0.6690140845070423,0.032570422535211266,0.01716549295774648,0.28125
0.6802690582959642,0.028251121076233184,0.017937219730941704,0.273542600896861
0.6856502242152467,0.028251121076233184,0.01748878923766816,0.268609865470852
0.6875840430300314,0.02823845809054236,0.019722097714029583,0.2644554011653967
0.687080911935628,0.029950827000447027,0.018328118015198926,0.26464014304872596
0.6959609409675988,0.02796271637816245,0.019973368841544607,0.2561029738126942
0.7043517272319426,0.029161058770749215,0.020188425302826378,0.24629878869448182
0.7013045434098065,0.0310391363022942,0.023391812865497075,0.24426450742240216
0.7041685342895563,0.029583146571044376,0.023756163155535633,0.24249215598386373
0.7040998217468806,0.031194295900178252,0.023618538324420676,0.2410873440285205
0.7020426287744227,0.02797513321492007,0.023534635879218474,0.2464476021314387
0.700354609929078,0.027925531914893616,0.02349290780141844,0.24822695035460993
0.6976950354609929,0.028812056737588652,0.024379432624113476,0.24911347517730498
0.6951490876724522,0.02892745883400089,0.0267022696929239,0.24922118380062305
0.7080357142857143,0.02857142857142857,0.025,0.23839285714285716
0.71511888739345,0.026469268730372364,0.02602063705697622,0.23239120681920145
0.711864406779661,0.028099910793933987,0.024977698483496878,0.2350579839429081
0.7156291983878191,0.03134796238244514,0.02328705776981639,0.22973578145991938
0.7214128035320089,0.030463576158940398,0.024282560706401765,0.223841059602649
0.7177097203728362,0.03062583222370173,0.023524189968930315,0.22814025743453173
0.7290264692687304,0.031852848811126065,0.021085688649618663,0.2180349932705249
0.7312305641936917,0.03243003109729009,0.019102621057307864,0.21723678365171034
0.7300312360553325,0.031236055332440876,0.01963409192324855,0.21909861668897815
0.7275938189845474,0.031346578366445915,0.019867549668874173,0.22119205298013245
0.7246891651865008,0.03197158081705151,0.020426287744227355,0.22291296625222023
0.7254116599910992,0.03204272363150868,0.022696929238985315,0.21984868713840677
0.725201072386059,0.03306523681858802,0.021447721179624665,0.22028596961572833
0.7289803220035778,0.03354203935599284,0.022361359570661897,0.21511627906976744
0.7273129703408587,0.033643204957945996,0.02390438247011952,0.2151394422310757
0.735581188997338,0.030168589174800354,0.022182786157941437,0.21206743566992015
0.7367718986216096,0.03023566029346376,0.023566029346376166,0.20942641173855048
0.7388224878264719,0.029659141212926073,0.02434705621956618,0.20717131474103587
0.7436241610738255,0.02953020134228188,0.02192393736017897,0.20492170022371364
0.7539010254123941,0.028979045920642,0.019170753455193937,0.19794917521176994
0.755338078291815,0.02802491103202847,0.02001779359430605,0.19661921708185054
0.7572641931157801,0.027715690657130084,0.019669199821189094,0.19535091640590077
0.7583774250440917,0.027777777777777776,0.01984126984126984,0.19400352733686066
0.7665335108743897,0.027075011096316024,0.020861074123391034,0.18553040390590325
0.7683142100617829,0.0264783759929391,0.020741394527802295,0.18446601941747573
0.766459074733096,0.028469750889679714,0.02090747330960854,0.18416370106761565
0.7687527740790058,0.02529960053262317,0.022192632046160676,0.18375499334221038
0.7711003093239063,0.029164825452938577,0.022978347326557666,0.17675651789659744
0.7640597539543058,0.02899824253075571,0.02592267135325132,0.18101933216168717
0.7632978723404256,0.02969858156028369,0.025709219858156027,0.18129432624113476
0.7714922048997773,0.027616926503340758,0.024053452115812918,0.17683741648106904
0.770017793594306,0.025800711743772242,0.02402135231316726,0.18016014234875444
0.7713143872113677,0.023534635879218474,0.02486678507992895,0.1802841918294849
0.7711003093239063,0.022536456031816175,0.026513477684489615,0.1798497569597879
0.7678650687971593,0.02529960053262317,0.027518863737239236,0.17931646693297826
0.7727879057358826,0.024455313472654512,0.02712316585148955,0.17563361493997331
0.7669340463458111,0.027183600713012478,0.027629233511586453,0.17825311942959002
0.7729872415310163,0.024197096348438186,0.025956885173779146,0.17685877694676638
0.7743820224719101,0.02696629213483146,0.025168539325842697,0.17348314606741572
0.7772277227722773,0.0279027902790279,0.024752475247524754,0.1701170117011701
0.7758467023172906,0.029857397504456328,0.024955436720142603,0.16934046345811052
0.7737355811889973,0.029724933451641525,0.023957409050576754,0.1725820763087844
0.778176919622811,0.02784014369106421,0.02334979793444095,0.17063313875168387
0.7828215398308856,0.027592345349354695,0.023141967067200713,0.16644414775255897
0.7895436420026584,0.02702702702702703,0.024811696942844484,0.1586176340274701
0.7907706093189965,0.027329749103942653,0.0246415770609319,0.15725806451612903
0.7942222222222223,0.02711111111111111,0.025333333333333333,0.15333333333333332
0.7989252127183162,0.027317510076130765,0.02328705776981639,0.15047021943573669
0.8019669199821189,0.02548055431381314,0.022798390701832812,0.14975413500223514
0.8037550290567724,0.025033527045149755,0.022351363433169423,0.14886008046490837
0.8025618374558304,0.02429328621908127,0.022526501766784453,0.15061837455830387
0.8052120141342756,0.024734982332155476,0.02120141342756184,0.14885159010600707
0.8102836879432624,0.02526595744680851,0.019060283687943262,0.1453900709219858
0.8059370846256092,0.027470093043863535,0.01949490474080638,0.14709791758972088
0.8088888888888889,0.028444444444444446,0.01911111111111111,0.14355555555555555
0.8134692069118299,0.027913159060700046,0.020824102791315906,0.13779353123615418
0.8147163120567376,0.026152482269503546,0.02171985815602837,0.1374113475177305
0.8170947741364039,0.023472099202834367,0.021700620017714792,0.13773250664304695
0.8199470432480142,0.02206531332744925,0.021624007060900265,0.13636363636363635
0.8200615926088869,0.02375714914210295,0.02287725472943247,0.13330400351957766
0.8236853733981441,0.024304021210782147,0.0207688908528502,0.1312417145382236
0.8226950354609929,0.02526595744680851,0.020833333333333332,0.13120567375886524
0.8242640499553969,0.023639607493309546,0.0191793041926851,0.13291703835860838
0.8242640499553969,0.024531668153434435,0.0191793041926851,0.1320249776984835
0.8363148479427549,0.024597495527728087,0.01744186046511628,0.12164579606440072
0.8411045722046174,0.023087369850611137,0.018560434585785424,0.11724762335898596
0.8441850022451729,0.02334979793444095,0.017512348450830714,0.11495285136955545
0.847922192749779,0.019451812555260833,0.018125552608311227,0.11450044208664899
0.8504254366323332,0.019256605463502014,0.01701746529332736,0.11330049261083744
0.851502916105877,0.01794526693584567,0.016599371915657246,0.11395244504262
0.8527336860670194,0.021164021164021163,0.019400352733686066,0.10670194003527336
0.8495297805642633,0.02104791759964174,0.020152261531571878,0.10927004030452306
0.8502024291497976,0.022042285200179937,0.0206927575348628,0.10706252811515969
0.8487133984028394,0.023513753327417924,0.019964507542147295,0.10780834072759539
0.8500224517287831,0.025145936237090254,0.019757521329142345,0.10507409070498429
0.8454215775158658,0.027651858567543066,0.019038984587488667,0.10788757932910245
0.8546020453534905,0.02578923966207203,0.017341040462427744,0.10226767452200979
0.8569530558015943,0.025243578387953942,0.015943312666076175,0.10186005314437556
0.8512544802867383,0.0246415770609319,0.01881720430107527,0.10528673835125447
0.8523339317773788,0.02423698384201077,0.019748653500897665,0.10368043087971275
0.8501118568232662,0.024161073825503355,0.022818791946308724,0.1029082774049217
0.8509786476868327,0.025355871886120998,0.021352313167259787,0.10231316725978648
0.8571428571428571,0.024477080551846907,0.020471740097908322,0.09790832220738763
0.8519341929746554,0.02712316585148955,0.02267674522009782,0.09826589595375723
0.8583518930957684,0.025835189309576838,0.020489977728285078,0.09532293986636971
0.858274647887324,0.02420774647887324,0.02068661971830986,0.09683098591549295
0.8648288128056915,0.021787461093819474,0.020453534904401955,0.09293019119608716
0.8628673196794301,0.02315227070347284,0.021816562778272486,0.09216384683882457
0.870181657066903,0.022153300841825433,0.020824102791315906,0.08684093929995569
0.8737306843267109,0.02207505518763797,0.023399558498896248,0.08079470198675497
0.8786666666666667,0.021777777777777778,0.023555555555555555,0.076
0.8808359270787016,0.020453534904401955,0.0213428190306803,0.0773677189862161
0.8805704099821747,0.020053475935828877,0.021836007130124777,0.07754010695187166
0.8810375670840788,0.020572450805008944,0.024150268336314847,0.0742397137745975
0.8801801801801802,0.022972972972972974,0.024324324324324326,0.07252252252252252
0.8798932384341637,0.024466192170818506,0.02491103202846975,0.07072953736654804
0.8812056737588653,0.026152482269503546,0.024822695035460994,0.0678191489361702
0.8829787234042553,0.024822695035460994,0.026152482269503546,0.06604609929078015
0.8836589698046181,0.023090586145648313,0.026198934280639432,0.06705150976909414
0.886859688195991,0.024053452115812918,0.024498886414253896,0.0645879732739421
0.8827708703374778,0.023534635879218474,0.024422735346358793,0.06927175843694494
0.8833406981882457,0.026513477684489615,0.024745912505523642,0.06539991162174105
0.8868838028169014,0.02464788732394366,0.025088028169014086,0.06338028169014084
0.8893333333333333,0.021777777777777778,0.024,0.06488888888888888
0.8878963823135329,0.022778025904421618,0.02456453774006253,0.06476105404198303
0.8892857142857142,0.024107142857142858,0.021875,0.06473214285714286
0.8942692136828077,0.024877832074633496,0.019102621057307864,0.061750333185251
0.8977678571428571,0.02544642857142857,0.019196428571428573,0.05758928571428571
0.9030085316569376,0.022002694207453974,0.019757521329142345,0.0552312528064661
0.9029255319148937,0.02171985815602837,0.019060283687943262,0.05629432624113475
0.904,0.022222222222222223,0.019555555555555555,0.05422222222222222
0.8991111111111111,0.023555555555555555,0.020888888888888887,0.05644444444444444
0.906430155210643,0.021729490022172948,0.01862527716186253,0.05321507760532151
0.905982905982906,0.020242914979757085,0.02114260008996851,0.05263157894736842
0.9064430714916152,0.020741394527802295,0.021624007060900265,0.05119152691968226
0.9084444444444445,0.018666666666666668,0.020888888888888887,0.052
0.9126170307623718,0.017387427552385197,0.020062416406598307,0.04993312527864467
0.910873440285205,0.017379679144385027,0.02094474153297683,0.05080213903743316
0.9090106007067138,0.0176678445229682,0.022526501766784453,0.05079505300353357
0.9071332436069987,0.018393898609241812,0.02243158366980709,0.05204127411395244
0.9068934646374217,0.017905102954341987,0.021486123545210387,0.05371530886302596
0.910762331838565,0.017937219730941704,0.021076233183856503,0.05022421524663677
0.9087248322147651,0.017897091722595078,0.019686800894854587,0.053691275167785234
0.9119356280733125,0.019669199821189094,0.019222172552525705,0.04917299955297273
0.9102507699076111,0.02067751869775627,0.01847778266608007,0.050593928728552576
0.9106822262118492,0.02064631956912029,0.018402154398563735,0.05026929982046679
0.9110813226094727,0.01966041108132261,0.019213583556747096,0.050044682752457555
0.9159626500666963,0.01823032458870609,0.020453534904401955,0.04535349044019564
0.9158174568010634,0.015064244572441293,0.022153300841825433,0.046964997784669914
0.9197884530630234,0.015425297487880123,0.021154693697664168,0.04363155575143235
0.9180327868852459,0.015064244572441293,0.01993797075764289,0.046964997784669914
0.9155180080035571,0.0164517563361494,0.022232103156958647,0.04579813250333482
0.9184758529020824,0.014178112538768276,0.02259636685866194,0.04474966770048737
0.9151193633952255,0.016357206012378427,0.022546419098143235,0.04597701149425287
0.9138627187079408,0.01794526693584567,0.023777478689995513,0.04441453566621804
0.9122103386809269,0.017379679144385027,0.024955436720142603,0.045454545454545456
0.9117514633048176,0.01846015308419631,0.025664115263394866,0.04412426834759117
0.9145796064400715,0.019230769230769232,0.02370304114490161,0.042486583184257604
0.9167037861915367,0.017817371937639197,0.025389755011135856,0.0400890868596882
0.9147902869757174,0.018543046357615896,0.0282560706401766,0.038410596026490065
0.9161887957653286,0.0176444640494045,0.02690780767534186,0.03925893250992501
0.9134657836644592,0.018101545253863136,0.026490066225165563,0.04194260485651214
0.9135857461024499,0.01826280623608018,0.028062360801781736,0.0400890868596882
0.9172566371681415,0.018584070796460177,0.02654867256637168,0.03761061946902655
0.9209821428571429,0.020089285714285716,0.022321428571428572,0.03660714285714286
0.9183222958057395,0.02119205298013245,0.022516556291390728,0.037969094922737305
0.9138160817414482,0.023545091070635273,0.02310084406930253,0.03953798311861395
0.9157378510922871,0.024520731163620153,0.02050824788230049,0.03923316986179224
0.9133333333333333,0.023555555555555555,0.023555555555555555,0.03955555555555555
0.9104543449492721,0.023820026466696075,0.025143361270401413,0.04058226731363035
0.911804008908686,0.026280623608017816,0.022271714922048998,0.03964365256124722
0.9089686098654709,0.028251121076233184,0.022869955156950672,0.03991031390134529
0.909865470852018,0.028251121076233184,0.02242152466367713,0.039461883408071746
0.9075144508670521,0.03023566029346376,0.022232103156958647,0.040017785682525564
0.9111012826183105,0.028748341441839895,0.022998673153471916,0.03715170278637771
0.9086879432624113,0.03102836879432624,0.022163120567375887,0.038120567375886524
0.9091710758377425,0.0291005291005291,0.021604938271604937,0.040123456790123455
0.9057777777777778,0.028444444444444446,0.023555555555555555,0.042222222222222223
0.9073170731707317,0.027494456762749447,0.023059866962305987,0.04212860310421286
0.9028571428571428,0.027252747252747254,0.025494505494505496,0.044395604395604395
0.9066427289048474,0.026481149012567325,0.024685816876122084,0.0421903052064632
0.9057873485868102,0.02736653207716465,0.023777478689995513,0.04306864064602961
0.9051224944320713,0.027616926503340758,0.025835189309576838,0.04142538975501114
0.9027531083481349,0.02886323268206039,0.02664298401420959,0.041740674955595025
0.9007599463567277,0.028162717925793473,0.02682163611980331,0.04425569959767546
0.899911426040744,0.0283436669619132,0.027015057573073518,0.04472984942426927
0.9041278295605859,0.026187305814469597,0.02796271637816245,0.04172214824678207
0.9039145907473309,0.026690391459074734,0.026245551601423486,0.04314946619217082
0.9028697571743929,0.025607064017660046,0.026048565121412803,0.045474613686534215
0.9093345243412237,0.025457793657882984,0.025011165698972757,0.0401965163019205
0.9042316258351893,0.028062360801781736,0.025389755011135856,0.042316258351893093
0.904320987654321,0.027777777777777776,0.02601410934744268,0.04188712522045855
0.9049107142857142,0.028125,0.025,0.04196428571428571
0.9036036036036036,0.02927927927927928,0.02252252252252252,0.0445945945945946
0.9041889483065954,0.02807486631016043,0.023172905525846704,0.044563279857397504
0.9065004452359751,0.030276046304541407,0.020035618878005344,0.043187889581478185
0.9089293647267881,0.03065304309195913,0.01821412705464238,0.0422034651266104
0.9089301503094607,0.03094606542882405,0.01900972590627763,0.04111405835543767
0.9068432671081678,0.031346578366445915,0.019426048565121413,0.0423841059602649
0.9034267912772586,0.032932799287939477,0.02091677792612372,0.042723631508678236
0.9072164948453608,0.029583146571044376,0.020170327207530255,0.043030031376064544
0.9105945462673223,0.027268663388466695,0.019222172552525705,0.042914617791685296
0.9131213613972234,0.02821316614420063,0.018360949395432154,0.040304523063143756
0.9125998225377108,0.026619343389529725,0.02085181898846495,0.03992901508429459
0.9139307897071872,0.026619343389529725,0.02085181898846495,0.0385980479148181
0.9135472370766489,0.027183600713012478,0.019162210338680926,0.040106951871657755
0.9124444444444444,0.025777777777777778,0.02,0.041777777777777775
0.9100177304964538,0.027925531914893616,0.020833333333333332,0.041223404255319146
0.9118173679498657,0.026410026857654433,0.020590868397493287,0.04118173679498657
0.9077196095829636,0.026175687666370896,0.022182786157941437,0.04392191659272405
0.9057284618854308,0.02796571944068561,0.021199819576003608,0.04510599909788002
0.9061946902654867,0.030530973451327433,0.02079646017699115,0.04247787610619469
0.9078299776286354,0.02953020134228188,0.021029082774049218,0.04161073825503356
0.9061805246776345,0.03023566029346376,0.020453534904401955,0.04313028012449978
0.9055013309671694,0.02839396628216504,0.023070097604259095,0.04303460514640639
0.9044019564250778,0.029346376167185415,0.021787461093819474,0.044464206313917294
0.9043824701195219,0.03054448871181939,0.023461708720672863,0.04161133244798584
0.9053148727110317,0.030370701205895488,0.022778025904421618,0.041536400178651185
0.8970718722271517,0.031055900621118012,0.026619343389529725,0.04525288376220053
0.9033837934105076,0.028495102404274265,0.026714158504007122,0.04140694568121104
0.9073581560283688,0.028812056737588652,0.025709219858156027,0.038120567375886524
0.903183023872679,0.028735632183908046,0.026967285587975242,0.04111405835543767
0.904846598488217,0.03156958648288128,0.02401067140951534,0.039573143619386394
0.9056772463120251,0.03218596334376397,0.024139472507822977,0.03799731783638802
0.9102736653207717,0.028712427097353072,0.023777478689995513,0.037236428891879766
0.9178807947019868,0.026931567328918323,0.020309050772626933,0.03487858719646799
0.9134103019538188,0.02664298401420959,0.021314387211367674,0.038632326820603906
0.9143633892161305,0.026733121884911646,0.02174898051653829,0.03715450838241957
0.9160035366931919,0.02564102564102564,0.021220159151193633,0.03713527851458886
0.9131789848619768,0.02626892252894034,0.0213713268032057,0.039180765805877114
0.9107379584622183,0.029164825452938577,0.019001325673884226,0.0410958904109589
0.9118825100133512,0.030262572318647086,0.018691588785046728,0.039163328882955054
0.9088878963823135,0.02992407324698526,0.01965163019205002,0.041536400178651185
0.9084851177254554,0.03065304309195913,0.019991115059973346,0.040870724122612175
0.9098250336473755,0.03140421713772992,0.01973979362943024,0.039030955585464336
0.9095697980684812,0.03160667251975417,0.018437225636523266,0.04038630377524144
0.9052258635961028,0.031443755535872454,0.021257750221434897,0.0420726306465899
0.9043594306049823,0.03336298932384341,0.02224199288256228,0.0400355871886121
0.9066784608580274,0.033171163202122954,0.020787262273330383,0.03936311366651924
0.9056687333923826,0.03277236492471213,0.022586359610274578,0.03897254207263064
0.9030115146147033,0.03454384410983171,0.021257750221434897,0.04118689105403012
0.905417406749556,0.03374777975133215,0.020870337477797513,0.03996447602131439
0.9051029543419875,0.03312444046553268,0.019695613249776187,0.04207699194270367
0.9049107142857142,0.030357142857142857,0.020982142857142855,0.04375
0.9031682284694333,0.0285586791610888,0.02186523873270861,0.0464078536367693
0.9002227171492205,0.027616926503340758,0.023162583518930958,0.04899777282850779
0.8987566607460036,0.02797513321492007,0.022202486678507993,0.05106571936056838
0.9007599463567277,0.025033527045149755,0.02101028162717926,0.053196244970943225
0.9029126213592233,0.022506619593998235,0.022506619593998235,0.05207413945278023
0.9022988505747126,0.023430592396109638,0.020778072502210435,0.05349248452696728
0.904424778761062,0.02256637168141593,0.01991150442477876,0.05309734513274336
0.9074561403508772,0.02412280701754386,0.01929824561403509,0.04912280701754386
0.9086859688195991,0.024053452115812918,0.018708240534521157,0.04855233853006682
0.9100623330365093,0.020926090828138913,0.020926090828138913,0.04808548530721282
0.908325952170062,0.021700620017714792,0.02037201062887511,0.049601417183348095
0.908566355969818,0.022192632046160676,0.020861074123391034,0.04837993786063027
0.9038972542072631,0.023472099202834367,0.021700620017714792,0.05093002657218778
0.9016979445933869,0.026362823949955316,0.022341376228775692,0.049597855227882036
0.9004484304932735,0.026457399103139014,0.021076233183856503,0.05201793721973094
0.901060070671378,0.024734982332155476,0.020318021201413426,0.053886925795053005
0.8982597054886211,0.024542614904060688,0.022311468094600623,0.05488621151271754
0.9005352363960749,0.023639607493309546,0.022747546833184657,0.05307760927743087
0.900355871886121,0.023576512455516015,0.023131672597864767,0.052935943060498224
0.9041278295605859,0.023524189968930315,0.0230803373280071,0.0492676431424767
0.9014401440144014,0.024752475247524754,0.022952295229522954,0.050855085508550855
0.9030817329164805,0.02456453774006253,0.022778025904421618,0.049575703439035286
0.9013895114298521,0.02734199910354101,0.02330793366203496,0.04796055580457194
0.9033112582781457,0.026931567328918323,0.02163355408388521,0.04812362030905077
0.9043594306049823,0.025355871886120998,0.023131672597864767,0.04715302491103203
0.9027341999103541,0.02868668758404303,0.024652622142536978,0.04392649036306589
0.9020572450805009,0.029516994633273702,0.02370304114490161,0.044722719141323794
0.9077951002227171,0.027616926503340758,0.023608017817371936,0.040979955456570155
0.9135086937137762,0.025858225590726706,0.021845742309407043,0.03878733838609006
0.915673289183223,0.026490066225165563,0.020309050772626933,0.037527593818984545
0.9188948306595366,0.025846702317290554,0.0196078431372549,0.035650623885918005
0.9180474697716077,0.025078369905956112,0.020152261531571878,0.03672189879086431
0.914563966356795,0.027003098716246128,0.021691013722886232,0.036741921204072596
0.9142728904847397,0.025583482944344704,0.02244165170556553,0.03770197486535009
0.9156679982245894,0.024855747891699954,0.0230803373280071,0.036395916555703504
0.9220894200973883,0.023019034971226208,0.021248339973439574,0.033643204957945996
0.9231793960923623,0.022202486678507993,0.022202486678507993,0.03241563055062167
0.9242692648361381,0.020814880425155006,0.022143489813994686,0.03277236492471213
0.9232495511669659,0.02244165170556553,0.02154398563734291,0.032764811490125674
0.9201793721973094,0.025112107623318385,0.021524663677130046,0.033183856502242155
0.9178635547576302,0.02423698384201077,0.02199281867145422,0.03590664272890485
0.9191470457574411,0.02221235006663705,0.02087960906263883,0.037760995113282986
0.9186046511627907,0.023255813953488372,0.020572450805008944,0.03756708407871199
0.9112582781456954,0.02384105960264901,0.02384105960264901,0.04105960264900662
0.9116591928251121,0.022869955156950672,0.02466367713004484,0.04080717488789238
0.9116591928251121,0.0242152466367713,0.023318385650224215,0.04080717488789238
0.9073655671034795,0.026208766380478987,0.02349751468594668,0.04292815183009489
0.9138311975254088,0.024745912505523642,0.021210782147591693,0.04021210782147592
0.9113475177304965,0.024822695035460994,0.02127659574468085,0.0425531914893617
0.9154428126390743,0.02358700489541611,0.020026702269692925,0.040943480195816645
0.9144648454993283,0.024630541871921183,0.020152261531571878,0.04075235109717868
0.9159964253798034,0.023681858802502235,0.020554066130473638,0.039767649687220734
0.9127126230975828,0.022381378692927483,0.021486123545210387,0.043419874664279316
0.9122103386809269,0.023172905525846704,0.024509803921568627,0.040106951871657755
0.9132791327913279,0.023035230352303523,0.023486901535682024,0.04019873532068654
0.9148745519713262,0.0228494623655914,0.021505376344086023,0.04077060931899642
0.9176262178919398,0.023472099202834367,0.020814880425155006,0.03808680248007086
0.9152317880794701,0.025607064017660046,0.019867549668874173,0.039293598233995586
0.9137931034482759,0.027409372236958444,0.021662245800176835,0.03713527851458886
0.9117125110913931,0.027950310559006212,0.02085181898846495,0.03948535936113576
0.9124890061565524,0.026824978012313105,0.022427440633245383,0.03825857519788918
0.9116465863453815,0.02677376171352075,0.02320392681838465,0.038375725122713075
0.9136183340678713,0.026443367122080213,0.02379903040987219,0.03613926840017629
0.9205002233139794,0.025457793657882984,0.0241179097811523,0.02992407324698526
0.9181858603823921,0.028012449977767896,0.021787461093819474,0.03201422854602046
0.9167785234899329,0.025950782997762864,0.022818791946308724,0.03445190156599553
0.9154118689105403,0.025686448184233834,0.023472099202834367,0.0354295837023915
0.9152466367713005,0.02376681614349776,0.02376681614349776,0.037219730941704034
0.9113980409617097,0.024933214603739984,0.025378450578806767,0.03829029385574354
0.9155814997754828,0.02155365963179165,0.025594970812752582,0.037269869779973056
0.9156305506216696,0.021314387211367674,0.025310834813499113,0.03774422735346359
0.9155987627043747,0.021210782147591693,0.02562969509500663,0.037560760053026956
0.9131975199291408,0.022586359610274578,0.02612931798051373,0.03808680248007086
0.9098979138925877,0.022636484687083888,0.02663115845539281,0.040834442964935644
0.9094558429973238,0.025423728813559324,0.027207850133809098,0.03791257805530776
0.9129852744310576,0.022757697456492636,0.0249888442659527,0.0392681838464971
0.9145907473309609,0.02402135231316726,0.02402135231316726,0.037366548042704624
0.9153439153439153,0.023368606701940034,0.024250440917107582,0.037037037037037035
0.9123275478415666,0.024477080551846907,0.025367156208277702,0.037828215398308856
0.9134487350199734,0.023968042609853527,0.02529960053262317,0.037283621837549935
0.9151488227454465,0.02087960906263883,0.024433585073300755,0.03953798311861395
0.9134103019538188,0.023534635879218474,0.022202486678507993,0.04085257548845471
0.9118942731277533,0.023348017621145373,0.024669603524229075,0.04008810572687225
0.9028520499108734,0.027183600713012478,0.026737967914438502,0.04322638146167558
0.904170363797693,0.027062999112688554,0.025732031943212066,0.04303460514640639
0.9000448229493501,0.027790228597041687,0.02510085163603765,0.047064096817570594
0.9028213166144201,0.027317510076130765,0.02418271383788625,0.04567845947156292
0.905592841163311,0.024608501118568233,0.023266219239373602,0.046532438478747204
0.9077540106951871,0.023618538324420676,0.022281639928698752,0.04634581105169341
0.9125,0.021875,0.020089285714285716,0.045535714285714284
0.9085285019885109,0.022978347326557666,0.019443216968625717,0.04904993371630579
0.9030680302356603,0.024899955535793685,0.021787461093819474,0.05024455313472655
0.9092930191196087,0.021787461093819474,0.020008892841262782,0.048910626945309024
0.9115948467347845,0.02310084406930253,0.019546868058640605,0.04575744113727232
0.9101073345259392,0.022361359570661897,0.022808586762075134,0.044722719141323794
0.9084348218313035,0.02435723951285521,0.02390617952187641,0.04330175913396482
0.9139399372478709,0.022411474675033616,0.021963245181532944,0.04168534289556253
0.913312693498452,0.022998673153471916,0.022114108801415303,0.04157452454666077
0.9137549756744803,0.022114108801415303,0.021229544449358692,0.04290137107474569
0.9097004917299956,0.024139472507822977,0.0232454179704962,0.042914617791685296
0.9111111111111111,0.024888888888888887,0.022222222222222223,0.041777777777777775
0.9155180080035571,0.023566029346376166,0.020453534904401955,0.04046242774566474
0.916037316748112,0.02310084406930253,0.019102621057307864,0.04175921812527766
0.9150355871886121,0.022686832740213523,0.020462633451957295,0.04181494661921708
0.9107856191744341,0.023524189968930315,0.020861074123391034,0.044829116733244564
0.9083222073876279,0.02403204272363151,0.022251891410769914,0.04539385847797063
0.9063753901025412,0.023629068212215783,0.024966562639322336,0.04502897904592064
0.9058876003568243,0.02408563782337199,0.02631578947368421,0.043710972346119537
0.9102277802590442,0.023224653863331845,0.02456453774006253,0.04198302813756141
0.9139928698752228,0.024955436720142603,0.023618538324420676,0.0374331550802139
0.9103541012998655,0.02510085163603765,0.025997310623038995,0.03854773644105782
