R,A,S,N
0.0,1.0,0.0,0.0
0.0,0.6,0.4,0.0
0.0,0.5,0.5,0.0
0.0,0.42857142857142855,0.42857142857142855,0.14285714285714285
0.0,0.47368421052631576,0.3684210526315789,0.15789473684210525
0.043478260869565216,0.30434782608695654,0.4782608695652174,0.17391304347826086
0.10256410256410256,0.3076923076923077,0.38461538461538464,0.20512820512820512
0.15254237288135594,0.3050847457627119,0.3220338983050847,0.22033898305084745
0.22093023255813954,0.2558139534883721,0.27906976744186046,0.2441860465116279
0.3017241379310345,0.22413793103448276,0.2413793103448276,0.23275862068965517
0.3312883435582822,0.22699386503067484,0.20245398773006135,0.2392638036809816
0.35807860262008734,0.2096069868995633,0.18777292576419213,0.2445414847161572
0.38513513513513514,0.18243243243243243,0.18243243243243243,0.25
0.3951612903225806,0.1774193548387097,0.1935483870967742,0.23387096774193547
0.3939393939393939,0.17965367965367965,0.19047619047619047,0.23593073593073594
0.41906474820143885,0.1672661870503597,0.17805755395683454,0.2356115107913669
0.43202416918429004,0.1510574018126888,0.17673716012084592,0.24018126888217523
0.44328552803129073,0.15254237288135594,0.1694915254237288,0.23468057366362452
0.46952595936794583,0.1399548532731377,0.16027088036117382,0.23024830699774265
0.4608610567514677,0.1360078277886497,0.162426614481409,0.24070450097847357
0.47186147186147187,0.1367965367965368,0.15497835497835497,0.23636363636363636
0.4746932515337423,0.13190184049079753,0.1549079754601227,0.23849693251533743
0.471280276816609,0.1259515570934256,0.15294117647058825,0.24982698961937716
0.47145606157793457,0.12379730596536241,0.1507376523412444,0.25400898011545864
0.47647409172126265,0.11971411554496725,0.14532459797498512,0.258487194758785
0.47456679709334826,0.11458915595304639,0.1475684740078256,0.26327557294577975
0.4780771262546223,0.11251980982567353,0.14315900686740624,0.2662440570522979
0.4722502522704339,0.10544904137235116,0.13925327951564076,0.2830474268415742
0.4679078882900539,0.10730034296913278,0.14159725624693778,0.28319451249387556
0.4599906410856341,0.10762751520823584,0.1375760411792232,0.29480580252690686
0.46382189239332094,0.10667903525046382,0.13218923933209648,0.29730983302411873
0.45684113865932047,0.10606060606060606,0.13131313131313133,0.30578512396694213
0.4597752808988764,0.10696629213483146,0.12943820224719102,0.30382022471910114
0.4533690316822847,0.1111111111111111,0.13029897367246765,0.30522088353413657
0.4523281596452328,0.11263858093126386,0.13082039911308205,0.3042128603104213
0.46017699115044247,0.11238938053097346,0.1252212389380531,0.30221238938053097
0.45928196147110334,0.11120840630472854,0.11996497373029773,0.3095446584938704
0.4572555896536607,0.10784743533537922,0.12056115738711091,0.3143358176238492
0.4584805653710247,0.10821554770318022,0.12411660777385158,0.30918727915194344
0.46041574524546663,0.1092436974789916,0.12074303405572756,0.30959752321981426
0.467020805666224,0.10801239486498451,0.11376715360779106,0.31119964586100046
0.46103327495621715,0.10814360770577934,0.11558669001751314,0.31523642732049034
0.46499339498018494,0.10656098634962571,0.11977102597974461,0.3086745926904447
0.47012302284710017,0.11072056239015818,0.12038664323374342,0.29876977152899825
0.4696230598669623,0.11219512195121951,0.11352549889135255,0.3046563192904656
0.46769911504424777,0.1168141592920354,0.10973451327433628,0.30575221238938055
0.47084421235857266,0.11488250652741515,0.11488250652741515,0.299390774586597
0.46613545816733065,0.11509517485613104,0.11553784860557768,0.30323151837096063
0.47640052933392146,0.1164534627260697,0.11027790030877813,0.2968681076312307
0.4748455428067079,0.11694616063548102,0.10900264783759929,0.2992056487202118
0.46978984238178634,0.11558669001751314,0.10726795096322242,0.3073555166374781
0.46068904593639576,0.11704946996466431,0.10644876325088339,0.31581272084805656
0.46385017421602787,0.12325783972125436,0.10322299651567944,0.3096689895470383
0.4640810929925077,0.12163948876156898,0.10312913177611283,0.31115028646981047
0.46760687527545175,0.12208021154693698,0.1000440722785368,0.31026884089907447
0.4690265486725664,0.11769911504424779,0.09823008849557523,0.31504424778761064
0.4739168877099912,0.11361626878868258,0.09460654288240496,0.3178603006189213
0.46774901272487934,0.12242211496270294,0.09565598946906538,0.3141728828433524
0.4617764030048608,0.1237295625276182,0.09721608484312859,0.3172779496243924
0.46343612334801765,0.12334801762114538,0.0973568281938326,0.3158590308370044
0.4646954986760812,0.12268314210061783,0.1001765225066196,0.3124448367166814
0.4669603524229075,0.11674008810572688,0.0986784140969163,0.31762114537444935
0.47434181169120926,0.11334225792057118,0.09772423025435073,0.31459170013386883
0.47806823216659283,0.11253876827647319,0.10013291980505096,0.309260079751883
0.47820343461030385,0.11360634081902246,0.09907529722589167,0.309114927344782
0.47979139504563234,0.11647109952194698,0.09647979139504563,0.30725771403737506
0.4794701986754967,0.1152317880794702,0.09713024282560706,0.30816777041942606
0.47361419068736144,0.11840354767184036,0.09534368070953436,0.31263858093126384
0.4734982332155477,0.12234982332155477,0.09319787985865724,0.31095406360424027
0.4691735898557062,0.12505465675557498,0.09357236554438128,0.31219938784433754
0.4743533537921964,0.12845243314335816,0.09425690486628671,0.30293730819815873
0.47537379067722074,0.12313104661389622,0.09542656112576957,0.30606860158311344
0.4738920579201404,0.12373848179025888,0.09565598946906538,0.30671347082053535
0.4733127481252757,0.12792236435818263,0.09439788266431408,0.3043670048522276
0.4722222222222222,0.1283068783068783,0.09259259259259259,0.30687830687830686
0.4704837993786063,0.1318242343541944,0.09054593874833555,0.3071460275188637
0.46646341463414637,0.13153310104529617,0.08754355400696864,0.3144599303135889
0.46891418563922943,0.1300350262697023,0.08318739054290718,0.3178633975481611
0.4688191065900044,0.13003095975232198,0.08270676691729323,0.31844316674038037
0.4697957409821817,0.13689700130378096,0.08170360712733594,0.3116036505867014
0.4606938954765042,0.1414141414141414,0.08124725516029864,0.31664470794905575
0.4673144876325088,0.13692579505300354,0.08259717314487633,0.3131625441696113
0.46728151075977165,0.14009661835748793,0.0821256038647343,0.31049626701800614
0.4674922600619195,0.14462627156125607,0.07961079168509509,0.3082706766917293
0.4686540990793512,0.14730381411661553,0.07540552389302937,0.30863656291100394
0.4662280701754386,0.14692982456140352,0.07456140350877193,0.312280701754386
0.47115384615384615,0.1437937062937063,0.07386363636363637,0.3111888111888112
0.46970367094206106,0.145953118089341,0.07430340557275542,0.3100398053958425
0.4781456953642384,0.14260485651214128,0.07196467991169977,0.3072847682119205
0.4707435107787066,0.14298284205895292,0.07215134183897932,0.3141223053233612
0.46941489361702127,0.13696808510638298,0.07402482269503546,0.3195921985815603
0.4749667700487373,0.1333628710677891,0.07089056269384138,0.32077979618963226
0.4709507042253521,0.13952464788732394,0.07042253521126761,0.3191021126760563
0.47123893805309736,0.14115044247787611,0.07345132743362832,0.3141592920353982
0.4738938053097345,0.14026548672566372,0.07389380530973451,0.31194690265486724
0.4640638864241349,0.14463176574977818,0.07453416149068323,0.3167701863354037
0.468075737560546,0.1453104359313078,0.07001321003963012,0.31660061646851606
0.4667547335975341,0.14619110523998238,0.06781153676794363,0.3192426243945399
0.47167325428194995,0.1414141414141414,0.06719367588932806,0.3197189284145806
0.47187091146969035,0.14435237679895332,0.06890536415176625,0.31487134757959007
0.4760228772547294,0.13990321161460625,0.07127144742630884,0.3128024637043555
0.4789103690685413,0.14147627416520211,0.06942003514938488,0.3101933216168717
0.47701149425287354,0.14279398762157383,0.0636604774535809,0.3165340406719717
0.47219770520741394,0.14607237422771405,0.06354810238305383,0.3181818181818182
0.4787985865724382,0.1435512367491166,0.060954063604240286,0.3166961130742049
0.4875886524822695,0.1453900709219858,0.057180851063829786,0.3098404255319149
0.47568523430592397,0.15207780725022105,0.05968169761273209,0.3125552608311229
0.484526967285588,0.14898320070733864,0.05570291777188329,0.3107869142351901
0.47864376926464114,0.15147512109202993,0.05812417437252312,0.31175693527080584
0.479185119574845,0.15190434012400356,0.05845881310894597,0.3104517271922055
0.47658643326039385,0.1527352297592998,0.05733041575492341,0.3133479212253829
0.4794759825327511,0.15283842794759825,0.058078602620087336,0.30960698689956334
0.48013967699694454,0.1532082060235705,0.05979921431689219,0.30685290266259274
0.4818744473916888,0.14898320070733864,0.05968169761273209,0.3094606542882405
0.48528765920070266,0.14492753623188406,0.05577514273166447,0.3140096618357488
0.4896247240618102,0.14392935982339955,0.05739514348785872,0.3090507726269316
0.4863915715539947,0.15057067603160668,0.053994732221246705,0.3090430201931519
0.4907488986784141,0.15506607929515417,0.05330396475770925,0.30088105726872244
0.4964943032427695,0.15644171779141106,0.05214723926380368,0.29491673970201576
0.4989049496276829,0.16031537450722733,0.05037231712658782,0.290407358738502
0.4989097252507632,0.16048844308765808,0.04928041866550371,0.291321412996075
0.49780893952673094,0.16389132340052587,0.051709027169149865,0.28659070990359337
0.5032765399737876,0.16251638269986893,0.05111402359108781,0.28309305373525556
0.49934065934065935,0.1635164835164835,0.05010989010989011,0.28703296703296705
0.4997798326728313,0.16204315279612505,0.05019815059445178,0.28797886393659183
0.5055187637969095,0.1598233995584989,0.04944812362030905,0.28520971302428255
0.5004440497335702,0.15763765541740674,0.0497335701598579,0.2921847246891652
0.4968916518650089,0.15719360568383658,0.05150976909413854,0.294404973357016
0.5017652250661959,0.1557811120917917,0.048984995586937335,0.29346866725507503
0.5024347056219566,0.15670650730411687,0.04648074369189907,0.29437804338202744
0.5021853146853147,0.1555944055944056,0.04501748251748252,0.2972027972027972
0.509010989010989,0.15736263736263736,0.04351648351648352,0.29010989010989013
0.5186649099692578,0.1598594642072903,0.041721563460693896,0.279754062362758
0.5152049360951961,0.1635081533715293,0.04186866460996033,0.2794182459233142
0.5109553023663453,0.16827344434706398,0.043382997370727434,0.2773882559158633
0.507908611599297,0.1704745166959578,0.046133567662565905,0.27548330404217924
0.5087565674255692,0.1690017513134851,0.043345008756567424,0.2788966725043783
0.5089872862779483,0.1709776413853573,0.04384042086804033,0.2761946514686541
0.5098901098901099,0.1701098901098901,0.04395604395604396,0.27604395604395604
0.5154320987654321,0.16313932980599646,0.04365079365079365,0.2777777777777778
0.5176010430247718,0.16123424598000868,0.04563233376792699,0.27553237722729246
0.5149253731343284,0.16022827041264268,0.04784899034240562,0.27699736611062337
0.5106940200785683,0.16193801833260585,0.046268005237887384,0.28109995635093843
0.5129442738043001,0.15928038613426942,0.0451952610794208,0.28258007898200965
0.5114035087719299,0.15964912280701754,0.04429824561403509,0.28464912280701754
0.5085264538696983,0.1565369479667687,0.047660690861390465,0.28727590730214253
0.50330542089026,0.1604230938739533,0.04495372410753636,0.2913177611282503
0.49647577092511014,0.16299559471365638,0.048458149779735685,0.2920704845814978
0.49780701754385964,0.16228070175438597,0.04736842105263158,0.29254385964912283
0.49736842105263157,0.15921052631578947,0.04692982456140351,0.2964912280701754
0.49645704162976084,0.1612046058458813,0.049601417183348095,0.29273693534100975
0.5065963060686016,0.15567282321899736,0.04925241864555849,0.2884784520668426
0.5081533715293081,0.15910092551784927,0.0493609519612164,0.28338475099162624
0.5115248226950354,0.15824468085106383,0.04964539007092199,0.28058510638297873
0.5155004428697962,0.1536758193091231,0.049601417183348095,0.2812223206377325
0.5159433126660762,0.15544729849424269,0.049601417183348095,0.27900797165633306
0.5142982842058953,0.15530136383633963,0.04927408710954685,0.28112626484821823
0.5207514198339886,0.15203145478374835,0.051550895587592835,0.27566622979467015
0.5198412698412699,0.15343915343915343,0.053791887125220456,0.27292768959435626
0.5217200526546731,0.14874945151382185,0.05353225098727512,0.2759982448442299
0.521835024261138,0.15086016762240848,0.054256726951918834,0.2730480811645346
0.5204395604395604,0.15208791208791209,0.05186813186813187,0.2756043956043956
0.5242114615726344,0.1505997334517992,0.04931141714793425,0.27587738782763216
0.5183406113537118,0.15152838427947599,0.04978165938864629,0.28034934497816594
0.5195776506819182,0.15310162780466344,0.052353717553893536,0.27496700395952484
0.5124074880278624,0.15585546364823682,0.05354810622551154,0.2781889420983892
0.5117101193106496,0.15775519222271323,0.05170128148475475,0.27883340698188247
0.5173017958826106,0.15155497152869032,0.04993429697766097,0.2812089356110381
0.5242077464788732,0.14744718309859156,0.050616197183098594,0.2777288732394366
0.5177935943060499,0.1534697508896797,0.0498220640569395,0.27891459074733094
0.5202108963093146,0.15289982425307558,0.04745166959578207,0.27943760984182775
0.5181576616474757,0.1545615589016829,0.047829937998228524,0.27945084145261295
0.5189260563380281,0.15272887323943662,0.051056338028169015,0.2772887323943662
0.5210084033613446,0.14727996461742593,0.0513047324192835,0.28040689960194604
0.5195948921180097,0.14971378247468076,0.0488771466314399,0.2818141787758697
0.5220813292522956,0.15128989943156973,0.048535198950590296,0.2780935723655444
0.5255506607929515,0.14845814977973568,0.051541850220264314,0.27444933920704845
0.5232403718459495,0.14829570606463036,0.05002213368747233,0.2784417884019478
0.5174825174825175,0.15297202797202797,0.048513986013986016,0.28103146853146854
0.5204444444444445,0.14933333333333335,0.050222222222222224,0.28
0.5236634531113059,0.1516213847502191,0.04864154250657318,0.27607361963190186
0.5203857957036387,0.15256466462078036,0.04910127137220517,0.2779482683033757
0.5240193918025562,0.15293080652269722,0.04671661524900837,0.27633318642573823
0.5270979020979021,0.15297202797202797,0.04589160839160839,0.27403846153846156
0.5256076388888888,0.1545138888888889,0.044270833333333336,0.2756076388888889
0.5296182536200088,0.15752523036419483,0.04387889425186485,0.26897762176393153
0.5270092226613966,0.1572244180939833,0.039964866051822576,0.27580149319279756
0.5291240551356158,0.16140506891951978,0.040017785682525564,0.2694530902623388
0.5291811846689896,0.16550522648083624,0.04006968641114982,0.2652439024390244
0.5284516982796648,0.16541685046316718,0.04014115571239524,0.2659902955447728
0.5368328187031319,0.16188795765328629,0.04190560211733568,0.25937362152624616
0.5301573426573427,0.166520979020979,0.040646853146853144,0.26267482517482516
0.5285588752196837,0.16520210896309315,0.04481546572934974,0.26142355008787344
0.5246478873239436,0.16681338028169015,0.04401408450704225,0.26452464788732394
0.5234305923961097,0.16887709991158267,0.04332449160035367,0.26436781609195403
0.5224077328646749,0.1687170474516696,0.04261862917398945,0.2662565905096661
0.5263620386643234,0.1695957820738137,0.04305799648506151,0.2609841827768014
0.5195555555555555,0.1688888888888889,0.044444444444444446,0.26711111111111113
0.5198430004361099,0.16964675098124726,0.04273877017008286,0.26777147841255994
0.5206574855619724,0.17059084851177256,0.0444247001332741,0.2643269657929809
0.5257867132867133,0.17045454545454544,0.04108391608391608,0.26267482517482516
0.5276916260522818,0.1643774922463447,0.04164820558263181,0.2662826761187417
0.5236842105263158,0.1675438596491228,0.04298245614035088,0.2657894736842105
0.5266608391608392,0.16346153846153846,0.042395104895104896,0.2674825174825175
0.5219683655536028,0.1678383128295255,0.04261862917398945,0.26757469244288223
0.5223684210526316,0.1692982456140351,0.0456140350877193,0.262719298245614
0.5267108167770419,0.16821192052980133,0.045916114790286976,0.25916114790286976
0.5284516982796648,0.1662990736656374,0.04764005293339215,0.2576091751213057
0.5214477211796247,0.17113494191242182,0.04691689008042895,0.2605004468275246
0.5271283634759594,0.16056462284958095,0.04543449492721659,0.26687251874724305
0.5252747252747253,0.1635164835164835,0.04395604395604396,0.2672527472527473
0.5264307557885539,0.16601135867190914,0.04281345565749235,0.26474442988204455
0.5278875713658322,0.16908212560386474,0.039525691699604744,0.2635046113306983
0.5280948200175593,0.17251975417032483,0.04302019315188762,0.25636523266022826
0.5338046840477243,0.17012814847547503,0.04286345558992488,0.25320371188687585
0.5299334811529933,0.17383592017738358,0.04301552106430155,0.2532150776053215
0.5379219640508549,0.16571679088119246,0.04515563349408154,0.2512056115738711
0.5292050944224858,0.17391304347826086,0.04259991216512956,0.25428194993412384
0.5263157894736842,0.1793859649122807,0.041666666666666664,0.25263157894736843
0.5252883762200532,0.17701863354037267,0.04303460514640639,0.2546583850931677
0.526595744680851,0.17907801418439717,0.04210992907801418,0.2522163120567376
0.5318401405357928,0.1756697408871322,0.04084321475625823,0.2516469038208169
0.5365961199294532,0.1715167548500882,0.042328042328042326,0.2495590828924162
0.5330995177553705,0.1687856203419553,0.04559403770276195,0.25252082419991234
0.5344449319877139,0.1636682755594559,0.04387889425186485,0.2580078982009653
0.5304878048780488,0.16332752613240417,0.041811846689895474,0.2643728222996516
0.5280600972160848,0.16349977905435262,0.04595669465311533,0.2624834290764472
0.5257867132867133,0.16215034965034966,0.04632867132867133,0.26573426573426573
0.5218157778757162,0.1626267078007933,0.04715733803437638,0.26840017628911417
0.5246119733924612,0.16186252771618626,0.04700665188470066,0.2665188470066519
0.527032967032967,0.16263736263736264,0.04527472527472527,0.26505494505494503
0.5293598233995584,0.15894039735099338,0.047240618101545256,0.26445916114790285
0.5270693512304251,0.15794183445190157,0.04832214765100671,0.26666666666666666
0.536745406824147,0.1504811898512686,0.047681539807524057,0.2650918635170604
0.5284339457567804,0.15223097112860892,0.048118985126859144,0.27121609798775154
0.5305580159433126,0.15057573073516387,0.049601417183348095,0.26926483613817537
0.5270567531896172,0.1513418389793225,0.05015398152221733,0.27144742630884294
0.5236013986013986,0.15603146853146854,0.04938811188811189,0.270979020979021
0.5268959435626103,0.15476190476190477,0.04805996472663139,0.27028218694885364
0.5257867132867133,0.1520979020979021,0.04938811188811189,0.2727272727272727
0.5224669603524229,0.15550660792951543,0.04537444933920705,0.27665198237885463
0.5228584110075455,0.15623612960497116,0.0426098535286285,0.2782956058588549
0.5326278659611993,0.15388007054673722,0.040123456790123455,0.27336860670194
0.5354469396741524,0.14971378247468076,0.041831792162043156,0.27300748568912375
0.5392461197339247,0.14501108647450112,0.040798226164079826,0.2749445676274945
0.5413929040735874,0.1427945685501533,0.04204993429697766,0.27376259307928164
0.541795665634675,0.1393188854489164,0.043343653250773995,0.2755417956656347
0.5390693590869183,0.13784021071115013,0.04521510096575944,0.2778753292361721
0.5377524143985952,0.1382791922739245,0.04697102721685689,0.27699736611062337
0.5287912087912088,0.14065934065934066,0.04791208791208791,0.2826373626373626
0.528169014084507,0.1386443661971831,0.04973591549295775,0.2834507042253521
0.5287610619469026,0.13716814159292035,0.049557522123893805,0.2845132743362832
0.5280353200883002,0.13774834437086092,0.04856512141280353,0.28565121412803535
0.5285019885108263,0.1391957578435705,0.0481661511268228,0.28413610251878035
0.5306479859894921,0.14010507880910683,0.04597197898423818,0.28327495621716287
0.5340360122968819,0.1466842336407554,0.04435660957400088,0.27492314448836186
0.5318777292576419,0.14585152838427948,0.045414847161572056,0.27685589519650655
0.5311111111111111,0.14933333333333335,0.04622222222222222,0.2733333333333333
0.5297984224364592,0.15074496056091147,0.046012269938650305,0.27344434706397897
0.5361552028218695,0.1490299823633157,0.04409171075837742,0.2707231040564374
0.5294117647058824,0.15789473684210525,0.04599734630694383,0.26669615214506853
0.5355575065847235,0.15583845478489902,0.043898156277436345,0.2647058823529412
0.5320175438596492,0.15833333333333333,0.04429824561403509,0.26535087719298245
0.5337127845884413,0.159369527145359,0.04159369527145359,0.26532399299474607
0.5365961199294532,0.16005291005291006,0.042328042328042326,0.26102292768959434
0.5387323943661971,0.1602112676056338,0.04181338028169014,0.2592429577464789
0.5434210526315789,0.15745614035087718,0.04298245614035088,0.256140350877193
0.5566371681415929,0.1579646017699115,0.04115044247787611,0.24424778761061947
0.5539280958721704,0.15978695073235685,0.039502885042166,0.2467820683533067
0.5437279151943463,0.16651943462897525,0.03975265017667844,0.25
0.5491051942383238,0.16193801833260585,0.03972064600611087,0.2492361414229594
0.556,0.16044444444444445,0.03911111111111111,0.24444444444444444
0.5527128363475959,0.15924128804587562,0.04146449051610057,0.24658138509042787
0.5547765118317266,0.15731814198071867,0.04119193689745837,0.2467134092900964
0.5494940607127144,0.1592608886933568,0.04003519577650682,0.2512098548174219
0.5523434077967586,0.15724923346473937,0.04117389399912396,0.24923346473937802
0.554625550660793,0.1590308370044053,0.03788546255506608,0.24845814977973568
0.5539345711759505,0.15870910698496907,0.03536693191865606,0.2519893899204244
0.5561921551344204,0.1599823710885853,0.035698545614808286,0.24812692816218598
0.552199022656597,0.16170590848511773,0.033762772101288314,0.25233229675699687
0.5492895204262878,0.1660746003552398,0.03330373001776199,0.25133214920071045
0.5511741249446167,0.1630482941958352,0.03544528134692069,0.25033229951262737
0.5534535855697317,0.1592608886933568,0.03607567091948966,0.2512098548174219
0.5515734265734266,0.1604020979020979,0.03802447552447553,0.25
0.5559502664298401,0.1603019538188277,0.03507992895204263,0.24866785079928952
0.5561019222172553,0.16227089852481003,0.03352704514975414,0.2481001341081806
0.5524352786309785,0.15796401930671347,0.03378674857393594,0.2558139534883721
0.5558992487847989,0.15642951833848873,0.031816173221387536,0.2558550596553248
0.5580159433126661,0.15721877767936226,0.033215234720992026,0.25155004428697963
0.5584821428571428,0.15,0.03482142857142857,0.25669642857142855
0.5555064130915525,0.15524104378593542,0.03449800973020787,0.2547545333923043
0.5609114811568799,0.15030674846625766,0.03680981595092025,0.25197195442594217
0.5591493132476739,0.1479840496233939,0.03633141338059371,0.2565352237483385
0.552597119161938,0.1505892623308599,0.03841117415975556,0.2584024443474465
0.551270815074496,0.15293602103418055,0.03856266432953549,0.2572304995617879
0.555849889624724,0.15496688741721854,0.038410596026490065,0.2507726269315673
0.5518306131451257,0.14777238641376267,0.04146449051610057,0.25893250992501105
0.5525854513584575,0.15074496056091147,0.04294478527607362,0.2537248028045574
0.5551632833186231,0.15180935569285084,0.041924095322153576,0.2511032656663725
0.5521472392638037,0.1520595968448729,0.039000876424189306,0.2567922874671341
0.5539885412075805,0.14764213309828117,0.03966505068312032,0.25870427501101806
0.5565293602103418,0.14022787028921999,0.039000876424189306,0.2642418930762489
0.565063961182179,0.13983237759153067,0.03925893250992501,0.25584472871636527
0.5643520566121185,0.1375497567448032,0.038920831490490936,0.25917735515258733
0.5589924878479894,0.13654441007512153,0.03667697746354397,0.2677861246133451
0.5589788732394366,0.13512323943661972,0.03873239436619718,0.2671654929577465
0.5534535855697317,0.13550373955125386,0.04135503739551254,0.269687637483502
0.5606457242582897,0.13394415357766143,0.04406631762652705,0.2613438045375218
0.5587583148558758,0.1303769401330377,0.04478935698447894,0.2660753880266075
0.557632398753894,0.1295060080106809,0.042723631508678236,0.27013796172674676
0.5563411400795404,0.13433495360141406,0.03800265134776845,0.27132125497127707
0.5581395348837209,0.13426941641070644,0.040368582711715666,0.26722246599385696
0.5575492341356674,0.1361050328227571,0.03982494529540481,0.26652078774617066
0.5566873339238264,0.1328609388839681,0.03720106288751107,0.2732506643046944
0.5599118942731277,0.13127753303964756,0.037444933920704845,0.2713656387665198
0.5552631578947368,0.13421052631578947,0.037719298245614034,0.27280701754385966
0.5570736007051564,0.13397972675187308,0.03922432789775231,0.26972234464521816
0.5566739606126915,0.13129102844638948,0.03982494529540481,0.2722100656455142
0.5524444444444444,0.13155555555555556,0.042222222222222223,0.2737777777777778
0.5588495575221238,0.12964601769911505,0.04336283185840708,0.268141592920354
0.5544899738448126,0.13121185701830862,0.042284219703574544,0.27201394943330426
0.5507502206531333,0.13415710503089143,0.04457193292144748,0.2705207413945278
0.5543813298106561,0.13562307353588726,0.04579480405107882,0.26420079260237783
0.5434878587196468,0.13951434878587196,0.04812362030905077,0.26887417218543047
0.552619991193307,0.13782474680757376,0.05063848524878908,0.25891677675033026
0.5481448763250883,0.13692579505300354,0.04991166077738516,0.26501766784452296
0.5450910706352732,0.13682807641048422,0.05153265215459796,0.2665482007996446
0.5518763796909493,0.13774834437086092,0.05077262693156733,0.2596026490066225
0.5496283340620901,0.1386095321381723,0.052907739396589416,0.2588543944031482
0.5531728665207878,0.14179431072210066,0.04989059080962801,0.2551422319474836
0.5529463890119628,0.14000886132033674,0.04962339388568897,0.25742135578201153
0.5577092511013216,0.13876651982378854,0.04889867841409692,0.25462555066079295
0.5446939674152356,0.142668428005284,0.05107881990312638,0.261558784676354
0.5420149582050154,0.1416630004399472,0.05103387593488781,0.2652881654201496
0.5452127659574468,0.14361702127659576,0.050088652482269506,0.26108156028368795
0.5492021276595744,0.14406028368794327,0.05053191489361702,0.25620567375886527
0.557853057633084,0.14078310602727673,0.04927408710954685,0.25208974923009236
0.5593445527015057,0.13728963684676704,0.048715677590788306,0.2546501328609389
0.5541259982253771,0.1388642413487134,0.051907719609582965,0.25510204081632654
0.5538393645189762,0.1407766990291262,0.0529567519858782,0.2524271844660194
0.557853057633084,0.139463264408271,0.05191377034755829,0.2507699076110867
0.5539885412075805,0.14411635081533716,0.05332745702952843,0.24856765094755398
0.5496485061511424,0.14894551845342707,0.054042179261862916,0.24736379613356765
0.5462516440157825,0.15124945199473916,0.05655414291977203,0.24594476106970628
0.54673721340388,0.15211640211640212,0.05335097001763668,0.24779541446208111
0.5436507936507936,0.15123456790123457,0.05423280423280423,0.2508818342151676
0.5357773851590106,0.1519434628975265,0.05256183745583039,0.2597173144876325
0.5325754263226935,0.15916047223436816,0.05421950153038916,0.2540445999125492
0.5338345864661654,0.15789473684210525,0.055285272003538256,0.2529854046881911
0.5283355644801427,0.15796519410977242,0.0535475234270415,0.26015171798304326
0.524288840262582,0.1601750547045952,0.051203501094091906,0.26433260393873087
0.5263620386643234,0.15992970123022848,0.05052724077328647,0.2631810193321617
0.5270629991126885,0.1592724046140195,0.04835847382431233,0.2653061224489796
0.5214696768481629,0.15891987605135016,0.04957945993802568,0.27003098716246127
0.513070447496677,0.1586176340274701,0.05361098803721755,0.27470093043863536
0.5087260034904014,0.16055846422338568,0.051919720767888304,0.2787958115183246
0.5152049360951961,0.15954164830321726,0.050683120317320404,0.2745702952842662
0.5185832968954963,0.15784871010056842,0.047660690861390465,0.27590730214254483
0.5203180212014135,0.1598939929328622,0.04726148409893993,0.27252650176678445
0.5194862710363153,0.1563330380868025,0.049601417183348095,0.2745792736935341
0.5150984682713348,0.16236323851203502,0.05032822757111598,0.2722100656455142
0.5182899955927721,0.15954164830321726,0.050683120317320404,0.27148523578669015
0.5202464788732394,0.15977112676056338,0.05237676056338028,0.2676056338028169
0.5214506855373728,0.15745245466607696,0.05174701459531181,0.2693498452012384
0.5266637285147642,0.15601586602027326,0.04759806081974438,0.26972234464521816
0.539543057996485,0.15026362038664323,0.04701230228471002,0.2631810193321617
0.5306479859894921,0.15586690017513136,0.0446584938704028,0.26882661996497376
0.5310435931307794,0.16072214883311317,0.044033465433729636,0.26420079260237783
0.5245183887915937,0.15805604203152365,0.04246935201401051,0.27495621716287216
0.5251766784452296,0.16298586572438162,0.04637809187279152,0.26545936395759717
0.5179124281291464,0.16231755860238833,0.04732419283502875,0.2724458204334365
0.5152722443559097,0.16777335104028332,0.05046480743691899,0.266489597166888
0.5182060390763765,0.1669626998223801,0.047957371225577264,0.26687388987566607
0.513986013986014,0.17132867132867133,0.0472027972027972,0.2674825174825175
0.5127640845070423,0.16593309859154928,0.04929577464788732,0.2720070422535211
0.5147772386413763,0.16806352007057784,0.048963387737097484,0.2681958535509484
0.5206684256816183,0.17018469656992086,0.04793315743183817,0.2612137203166227
0.5181937746602368,0.1696624287593161,0.04910127137220517,0.263042525208242
0.5197865718096932,0.17163183637172078,0.05202312138728324,0.2565584704313028
0.5184049079754601,0.17002629272567923,0.050394390885188434,0.26117440841367223
0.5245249668581529,0.16836058329650905,0.05037560760053027,0.25673884224480775
0.5196121639488761,0.17232260907888938,0.04671661524900837,0.2613486117232261
0.51395657953035,0.1750110766504209,0.0460788657509969,0.26495347806823216
0.5154954168485377,0.17677869925796597,0.046704495853339155,0.2610213880401571
0.5099689853788214,0.18077093486929552,0.047851129818342934,0.2614089499335401
0.5118317265556529,0.1761612620508326,0.04820333041191937,0.26380368098159507
0.5106951871657754,0.17379679144385027,0.04946524064171123,0.2660427807486631
0.5144380275433141,0.17414482452243446,0.04975566414926699,0.26166148378498444
0.5169230769230769,0.17450549450549452,0.05054945054945055,0.258021978021978
0.5182222222222223,0.17777777777777778,0.05288888888888889,0.2511111111111111
0.5198218262806236,0.17861915367483297,0.05211581291759466,0.24944320712694878
0.5174085500220361,0.1740855002203614,0.054649625385632436,0.25385632437197003
0.5201952951620062,0.17976031957390146,0.052818464269862406,0.2472259209942299
0.5151648351648351,0.1789010989010989,0.05318681318681319,0.25274725274725274
0.5170603674540682,0.18066491688538933,0.051181102362204724,0.2510936132983377
0.5145154086645825,0.1817775792764627,0.05493523894595802,0.24877177311299686
0.5113735783027121,0.17935258092738407,0.05380577427821522,0.2554680664916885
0.5178492728074041,0.17849272807404143,0.052886734244160426,0.250771264874394
0.5123456790123457,0.18342151675485008,0.05555555555555555,0.24867724867724866
0.5145502645502645,0.17548500881834214,0.05731922398589065,0.2526455026455027
0.5106194690265486,0.17920353982300885,0.05663716814159292,0.2535398230088496
0.5077194530216145,0.18085575650639613,0.05381561535068372,0.2576091751213057
0.5115872321818977,0.18014866637516397,0.05596851770878881,0.25229558373414956
0.5112483458314954,0.1874724305249228,0.055580061755624174,0.24569916188795765
0.5048629531388152,0.1878868258178603,0.05614500442086649,0.251105216622458
0.5041539134236992,0.19064276344556186,0.057717533887188456,0.2474857892435505
0.5076519457804984,0.18670747704416266,0.05465675557498907,0.2509838216003498
0.5008748906386702,0.18853893263342084,0.05336832895888014,0.2572178477690289
0.5022007042253521,0.18970070422535212,0.05457746478873239,0.2535211267605634
0.5083406496927129,0.1865671641791045,0.05267778753292362,0.252414398595259
0.5123565754633715,0.1915269196822595,0.0529567519858782,0.24315975286849073
0.5041831792162044,0.19859092910612064,0.052840158520475564,0.24438573315719947
0.5094422485726834,0.19499341238471674,0.052261747913921824,0.24330259112867808
0.5081967213114754,0.19539211342490032,0.05494018608772707,0.24147097917589722
0.5151650312221231,0.18465655664585193,0.05575379125780553,0.24442462087421946
0.5163716814159292,0.18495575221238938,0.05398230088495575,0.24469026548672565
0.5205843293492696,0.18548030101814963,0.05267817618415228,0.2412571934484285
0.5118317265556529,0.1866783523225241,0.05521472392638037,0.2462751971954426
0.5077194530216145,0.19276576973974416,0.054697838553153945,0.24481693868548743
0.5098468271334792,0.1886214442013129,0.05601750547045952,0.24551422319474836
0.5079505300353356,0.19302120141342757,0.054328621908127206,0.24469964664310953
0.5125827814569537,0.1902869757174393,0.052097130242825605,0.24503311258278146
0.5123239436619719,0.1914612676056338,0.051056338028169015,0.24515845070422534
0.5094671950682519,0.18758256274768825,0.05151915455746367,0.2514310876265962
0.5153105861767279,0.18547681539807523,0.05205599300087489,0.24715660542432197
0.5226972234464522,0.18510356985456147,0.05376817981489643,0.2384310268840899
0.5171052631578947,0.18903508771929825,0.05307017543859649,0.24078947368421053
0.5159010600706714,0.1877208480565371,0.055212014134275615,0.2411660777385159
0.5176522506619594,0.18887908208296558,0.05516328331862312,0.2383053839364519
0.520997375328084,0.1889763779527559,0.05380577427821522,0.23622047244094488
0.5203359858532273,0.1847922192749779,0.05570291777188329,0.23916887709991158
0.5132508833922261,0.18330388692579505,0.054770318021201414,0.24867491166077738
0.5130013221683561,0.1868664609960335,0.05332745702952843,0.24680475980608196
0.5113282985339849,0.185250999555753,0.0519768991559307,0.2514438027543314
0.5106477373558119,0.18322981366459629,0.052795031055900624,0.25332741792369123
0.5125939019001325,0.1789659743703049,0.05214317277949625,0.25629695095006627
0.5074496056091148,0.17440841367221735,0.053023663453111304,0.2651183172655565
0.5126835781041389,0.17356475300400534,0.05562972852692479,0.258121940364931
0.5088183421516755,0.17945326278659612,0.0564373897707231,0.2552910052910053
0.5176211453744494,0.1726872246696035,0.05814977973568282,0.2515418502202643
0.516725352112676,0.17517605633802816,0.05897887323943662,0.24911971830985916
0.5230013398838768,0.17105850826261723,0.05984814649397052,0.24609200535953552
0.5274967003959525,0.1702595688517378,0.06291245050593929,0.23933128024637043
0.526085050416484,0.17273125822007893,0.057430951337132836,0.24375274002630426
0.528045574057844,0.16827344434706398,0.05696757230499562,0.2467134092900964
0.5254762959680992,0.16747895436420027,0.06247230837394772,0.24457244129375277
0.5332446808510638,0.16578014184397163,0.05939716312056738,0.24157801418439717
0.5308098591549296,0.16637323943661972,0.05941901408450704,0.24339788732394366
0.533068783068783,0.16887125220458554,0.059964726631393295,0.23809523809523808
0.5339506172839507,0.167989417989418,0.06040564373897707,0.23765432098765432
0.5446902654867256,0.16504424778761062,0.05619469026548673,0.23407079646017698
0.5492708793636766,0.16305788775961114,0.05656208572691118,0.23110914714980116
0.5459294732259469,0.1676099259904223,0.06094906399651719,0.22551153678711364
0.5441880713974749,0.16804527644754028,0.06094906399651719,0.22681758815846756
0.5453345070422535,0.16725352112676056,0.06073943661971831,0.2266725352112676
0.5472614840989399,0.16607773851590105,0.05918727915194346,0.22747349823321555
0.5468131868131868,0.16615384615384615,0.056263736263736264,0.23076923076923078
0.5513895015438907,0.16100573445081606,0.05513895015438906,0.23246581385090428
0.5503296703296703,0.16439560439560438,0.05406593406593407,0.2312087912087912
0.5549715286903197,0.16075339465615418,0.053438458169075775,0.23083661848445028
0.5580159433126661,0.15721877767936226,0.0566873339238264,0.22807794508414525
0.5609756097560976,0.1563588850174216,0.05966898954703833,0.2229965156794425
0.5604732690622262,0.16082383873794917,0.06134969325153374,0.21735319894829097
0.5601933216168717,0.1647627416520211,0.058875219683655534,0.21616871704745166
0.5600886917960088,0.16496674057649668,0.06031042128603104,0.2146341463414634
0.5647943387881469,0.15745245466607696,0.06103494029190624,0.21671826625386997
0.5673415492957746,0.15580985915492956,0.05941901408450704,0.21742957746478872
0.5622791519434629,0.1607773851590106,0.06007067137809187,0.21687279151943462
0.5577178239716939,0.16585581601061478,0.059708093763821316,0.21671826625386997
0.5592105263157895,0.16535087719298244,0.05964912280701754,0.21578947368421053
0.5569395017793595,0.16414590747330962,0.06005338078291815,0.2188612099644128
0.5587455830388692,0.16519434628975266,0.05874558303886926,0.21731448763250882
0.5516483516483517,0.16791208791208792,0.056263736263736264,0.22417582417582418
0.5465372739303044,0.16762240846934273,0.05822673136303485,0.22761358623731803
0.5456148082855884,0.16879682679594535,0.060379021595416485,0.22520934332304982
0.5511811023622047,0.16885389326334208,0.05818022747156605,0.22178477690288714
0.5463736263736264,0.16835164835164834,0.05714285714285714,0.22813186813186814
0.5481448763250883,0.16651943462897525,0.05918727915194346,0.22614840989399293
0.5506161971830986,0.1641725352112676,0.06073943661971831,0.2244718309859155
0.5520243796255986,0.1676099259904223,0.061384414453635176,0.21898127993034391
0.5498220640569395,0.16770462633451957,0.06138790035587188,0.22108540925266904
0.5504183179216204,0.16556583003082342,0.059885512989872304,0.22413033905768384
0.554625550660793,0.15991189427312774,0.059030837004405284,0.226431718061674
0.5562444641275465,0.15323294951284322,0.061558901682905225,0.22896368467670505
0.5547186530793088,0.1586176340274701,0.06025697828976517,0.22640673460345592
0.5540421792618629,0.16300527240773285,0.06239015817223199,0.22056239015817222
0.5520559930008749,0.16185476815398075,0.06036745406824147,0.22572178477690288
0.5576584507042254,0.1637323943661972,0.05897887323943662,0.21963028169014084
0.5549132947976878,0.16407292129835482,0.06002667852378835,0.22098710538016897
0.5535872453498671,0.16209034543844109,0.05890168290522586,0.2254207263064659
0.5532102022867195,0.16314863676341249,0.059366754617414245,0.22427440633245382
0.5507880910683012,0.16199649737302976,0.05910683012259194,0.22810858143607707
0.5562884784520669,0.15435356200527706,0.058927000879507474,0.23043095866314864
0.5575065847234416,0.15452151009657594,0.056189640035118525,0.2317822651448639
0.5579040070453545,0.1576398062527521,0.05812417437252312,0.2263320123293703
0.5633741258741258,0.15428321678321677,0.057692307692307696,0.22465034965034966
0.5664335664335665,0.1547202797202797,0.05812937062937063,0.22071678321678323
0.5682316805616499,0.15664765247915752,0.05704256252742431,0.2180781044317683
0.571682201509099,0.15667998224589436,0.05858854860186418,0.21304926764314247
0.5702917771883289,0.15340406719717065,0.0610079575596817,0.21529619805481875
0.5674725274725275,0.15428571428571428,0.06065934065934066,0.2175824175824176
0.563188022897402,0.15808014090708938,0.05680317040951123,0.22192866578599735
0.5687140963323023,0.16040653999116217,0.05567830313742819,0.21520106053910737
0.5704162976085031,0.15854738706820196,0.05535872453498671,0.21567759078830823
0.5672489082969432,0.1589519650655022,0.05589519650655022,0.21790393013100437
0.5694690265486726,0.1508849557522124,0.05398230088495575,0.22566371681415928
0.5710503089143866,0.14872021182700795,0.05560458958517211,0.22462488967343336
0.5745054945054945,0.15296703296703296,0.05582417582417582,0.21670329670329672
0.5730684326710817,0.1509933774834437,0.05562913907284768,0.22030905077262694
0.5712389380530973,0.15309734513274337,0.05619469026548673,0.21946902654867256
0.5684720387494496,0.1554381329810656,0.05328049317481286,0.22280933509467196
0.5635964912280702,0.15833333333333333,0.052192982456140354,0.22587719298245615
0.5609436435124509,0.16164263870685888,0.05242463958060288,0.22498907820008737
