R,A,S,N
1.0,0.0,0.0,0.0
0.6,0.4,0.0,0.0
0.375,0.375,0.0,0.25
0.26666666666666666,0.4,0.06666666666666667,0.26666666666666666
0.23333333333333334,0.4,0.1,0.26666666666666666
0.2037037037037037,0.4074074074074074,0.09259259259259259,0.2962962962962963
0.20481927710843373,0.4457831325301205,0.08433734939759036,0.26506024096385544
0.2,0.4434782608695652,0.10434782608695652,0.25217391304347825
0.2,0.40625,0.13125,0.2625
0.18636363636363637,0.39090909090909093,0.18181818181818182,0.2409090909090909
0.20132013201320131,0.36633663366336633,0.22112211221122113,0.21122112211221122
0.189873417721519,0.35443037974683544,0.2430379746835443,0.21265822784810126
0.18613861386138614,0.3306930693069307,0.26534653465346536,0.21782178217821782
0.18053375196232338,0.32967032967032966,0.2778649921507064,0.2119309262166405
0.18369987063389392,0.3182406209573092,0.2988357050452781,0.19922380336351875
0.18703506907545164,0.3177470775770457,0.3028692879914984,0.19234856535600425
0.17550274223034734,0.31078610603290674,0.3162705667276051,0.19744058500914077
0.17577197149643706,0.3000791765637371,0.3238321456848773,0.20031670625494855
0.17699724517906337,0.29476584022038566,0.33884297520661155,0.1893939393939394
0.17107692307692307,0.2935384615384615,0.3403076923076923,0.19507692307692306
0.17391304347826086,0.2791762013729977,0.34610983981693366,0.20080091533180777
0.16978193146417445,0.2834890965732087,0.3442367601246106,0.20249221183800623
0.17244796828543113,0.28344895936570863,0.3389494549058474,0.2051536174430129
0.17362428842504743,0.27466793168880455,0.34297912713472484,0.20872865275142316
0.17991821899136756,0.2744207178555202,0.328032712403453,0.21762835074965925
0.18541574032903513,0.2663405958203646,0.32814584259670965,0.22009782125389063
0.18065934065934067,0.2641758241758242,0.327032967032967,0.22813186813186814
0.18305531167690958,0.2664618086040386,0.3165057067603161,0.23397717295873574
0.18206278026905828,0.26547085201793724,0.3201793721973094,0.23228699551569507
0.18173797970886635,0.2620202911336568,0.31980591089545657,0.2364358182620203
0.17828773168578993,0.25728155339805825,0.31906443071491614,0.24536628420123566
0.17797356828193833,0.2594713656387665,0.32158590308370044,0.2409691629955947
0.1794078656650464,0.2629253203711887,0.3172779496243924,0.2403888643393725
0.1745262230057294,0.25650066108417807,0.3256941383869546,0.24327897752313796
0.17791411042944785,0.25109553023663456,0.3299737072743208,0.24101665205959685
0.17891939769707707,0.2555358724534987,0.32108060230292296,0.24446412754650132
0.1749669457910974,0.2613486117232261,0.31732040546496254,0.24636403702071397
0.17876106194690267,0.26238938053097344,0.3141592920353982,0.24469026548672565
0.18205574912891986,0.26001742160278746,0.31489547038327526,0.24303135888501742
0.1873071837814015,0.2613486117232261,0.3085059497576025,0.24283825473776993
0.1887620719929763,0.2642669007901668,0.3042142230026339,0.242756804214223
0.18615856329391153,0.26500219010074466,0.31099430573806397,0.2378449408672799
0.19229084537888744,0.261060008760403,0.30486202365308807,0.24178712220762155
0.19278169014084506,0.26100352112676056,0.3067781690140845,0.23943661971830985
0.19333625602805787,0.2604120999561596,0.3077597544936431,0.2384918895221394
0.1977152899824253,0.26449912126537783,0.2992091388400703,0.23857644991212654
0.20096533567354102,0.26371215445370777,0.29793769197016234,0.23738481790258886
0.20491443615620886,0.26195699868363315,0.28960070206230804,0.24352786309784993
0.2002635046113307,0.25999121651295565,0.2946859903381642,0.2450592885375494
0.1999123191582639,0.2634809294169224,0.29110039456378783,0.24550635686102587
0.20270270270270271,0.2646033129904098,0.2881429816913688,0.24455100261551874
0.20334507042253522,0.2596830985915493,0.2918133802816901,0.24515845070422534
0.2025539409951563,0.2633201232937032,0.28269484808454426,0.2514310876265962
0.2020951549541685,0.27149716281099956,0.27979048450458316,0.2466171977302488
0.2043859649122807,0.26973684210526316,0.27280701754385966,0.2530701754385965
0.2058432934926959,0.27091633466135456,0.2740150509074812,0.24922532093846836
0.20857017927415827,0.2675994752951465,0.2754700480979449,0.24836029733275033
0.21204072598494908,0.26693227091633465,0.27135900841080124,0.249667994687915
0.21068904593639576,0.26457597173144876,0.2712014134275618,0.25353356890459366
0.21390611160318868,0.258193091231178,0.275022143489814,0.2528786536758193
0.2210899424014178,0.2609658839167036,0.2680549401860877,0.24988923349579087
0.2257495590828924,0.25396825396825395,0.26631393298059963,0.25396825396825395
0.22626441881100265,0.2528837622005324,0.2688553682342502,0.25199645075421473
0.22340425531914893,0.2526595744680851,0.2703900709219858,0.25354609929078015
0.2234831951113051,0.2501091226538629,0.2697512003491925,0.25665648188563944
0.2224168126094571,0.2539404553415061,0.2714535901926445,0.2521891418563923
0.2218804920913884,0.2561511423550088,0.27065026362038663,0.2513181019332162
0.22285714285714286,0.25362637362637364,0.27296703296703295,0.25054945054945055
0.22393312802463705,0.2547294324681038,0.2736471623405191,0.24769027716674
0.22687224669603523,0.2550660792951542,0.27180616740088104,0.24625550660792953
0.21872265966754156,0.2559055118110236,0.27252843394575677,0.25284339457567806
0.2231005709266579,0.25296442687747034,0.27053140096618356,0.2534036012296882
0.22546419098143236,0.2493368700265252,0.27630415561450045,0.248894783377542
0.22844638949671772,0.25032822757111595,0.26783369803063456,0.25339168490153174
0.2252410166520596,0.24934268185801928,0.2677475898334794,0.25766871165644173
0.22820284697508897,0.24777580071174377,0.2637900355871886,0.26023131672597866
0.23032967032967033,0.2518681318681319,0.25978021978021976,0.258021978021978
0.22687224669603523,0.24845814977973568,0.260352422907489,0.2643171806167401
0.23080298376480912,0.2540587977182975,0.2566915313734094,0.258446687143484
0.2247787610619469,0.2570796460176991,0.2584070796460177,0.2597345132743363
0.22621657167908812,0.2529592284085927,0.2621657167908812,0.25865848312143797
0.22717149220489977,0.25300668151447664,0.25968819599109133,0.2601336302895323
0.23387450636243967,0.2531812198332602,0.2523036419482229,0.2606406318560772
0.22725293861558554,0.2477144101001306,0.260339573356552,0.26469307792773183
0.2341910161360663,0.24247710423026603,0.25425207152202356,0.2690798081116441
0.23164835164835165,0.24967032967032968,0.25362637362637364,0.26505494505494503
0.22952255803766974,0.2483574244415243,0.2575558475689882,0.2645641699518178
0.23601937472479084,0.24482606781153676,0.24790841039189784,0.2712461470717745
0.24344405594405594,0.24125874125874125,0.2491258741258741,0.26617132867132864
0.24077328646748683,0.24648506151142355,0.24868189806678384,0.2640597539543058
0.24,0.24533333333333332,0.24844444444444444,0.26622222222222225
0.23683045595396193,0.24524125719344844,0.24612660469234174,0.2718016821602479
0.23719081272084805,0.25,0.24425795053003532,0.26855123674911663
0.24145583666222814,0.24900133155792276,0.24234354194407456,0.2671992898357745
0.24375274002630426,0.24156071898290224,0.24594476106970628,0.2687417799210872
0.24192139737991267,0.24497816593886462,0.2462882096069869,0.2668122270742358
0.24602473498233215,0.24469964664310953,0.24558303886925795,0.26369257950530034
0.24531590413943355,0.24618736383442266,0.24313725490196078,0.265359477124183
0.24369016536118362,0.24586597040905134,0.2506527415143603,0.2597911227154047
0.2394736842105263,0.25087719298245614,0.24736842105263157,0.26228070175438595
0.23912087912087912,0.24835164835164836,0.24923076923076923,0.2632967032967033
0.2392935982339956,0.24812362030905077,0.24856512141280354,0.2640176600441501
0.24691901408450703,0.24515845070422534,0.25,0.2579225352112676
0.24934152765583845,0.24451273046532046,0.24451273046532046,0.26163301141352063
0.24713656387665198,0.24273127753303964,0.24801762114537446,0.2621145374449339
0.24812362030905077,0.2379690949227373,0.24856512141280354,0.2653421633554084
0.2501098901098901,0.24175824175824176,0.24747252747252746,0.26065934065934065
0.25298013245033113,0.2410596026490066,0.24856512141280354,0.25739514348785875
0.24934268185801928,0.2397020157756354,0.24802804557405783,0.26292725679228746
0.24714160070360597,0.24406332453825857,0.24670184696569922,0.2620932277924362
0.2452504317789292,0.24870466321243523,0.24481865284974094,0.26122625215889467
0.24,0.24835164835164836,0.24263736263736263,0.269010989010989
0.24569155987627045,0.23950508174988952,0.2465753424657534,0.2682280159080866
0.24412937527691625,0.24014178112538767,0.24811696942844483,0.2676118741692512
0.24344735673034207,0.23900488671701467,0.2501110617503332,0.2674366948023101
0.24395604395604395,0.2408791208791209,0.24615384615384617,0.269010989010989
0.24778761061946902,0.22964601769911505,0.2504424778761062,0.2721238938053097
0.25,0.22679509632224168,0.24518388791593695,0.27802101576182137
0.24465765372873965,0.22634103794156127,0.24727431312690798,0.2817269952027911
0.24739130434782608,0.23,0.23782608695652174,0.2847826086956522
0.2497793468667255,0.22727272727272727,0.2409532215357458,0.2819947043248014
0.24945006599208094,0.22877254729432467,0.24505059392872855,0.27672679278486584
0.24684370918589466,0.22681758815846756,0.24814976055724858,0.2781889420983892
0.24406332453825857,0.227792436235708,0.2519788918205805,0.27616534740545295
0.24558303886925795,0.22659010600706714,0.2508833922261484,0.2769434628975265
0.24988942945599293,0.22733303847854933,0.24281291463954002,0.2799646174259177
0.24923480542195015,0.22474857892435504,0.2439877568867512,0.2820288587669436
0.2535149384885764,0.22627416520210897,0.2429701230228471,0.2772407732864675
0.2533976326172731,0.22709338009644892,0.24550635686102587,0.2740026304252521
0.2539543057996485,0.22715289982425307,0.2429701230228471,0.2759226713532513
0.2509907529722589,0.2311756935270806,0.24394539850286218,0.27388815499779834
0.2556093268807743,0.22965244170699517,0.24637043554773427,0.2683677958644963
0.2562166962699822,0.22513321492007105,0.24467140319715808,0.27397868561278865
0.25809312638580933,0.2261640798226164,0.2452328159645233,0.270509977827051
0.25719344842850816,0.22841965471447542,0.23638778220451528,0.2779991146525011
0.25044014084507044,0.2227112676056338,0.23723591549295775,0.289612676056338
0.24394539850286218,0.2263320123293703,0.24438573315719947,0.285336856010568
0.24287593160894344,0.22139412538360367,0.25208241999123193,0.283647523016221
0.2475770925110132,0.2198237885462555,0.24713656387665198,0.2854625550660793
0.24670184696569922,0.2233948988566403,0.24626209322779244,0.2836411609498681
0.24379432624113476,0.22030141843971632,0.2473404255319149,0.28856382978723405
0.239647577092511,0.22466960352422907,0.24493392070484582,0.2907488986784141
0.24310118265440211,0.22777047744196233,0.240473061760841,0.28865527814279457
0.23809523809523808,0.23148148148148148,0.24250440917107582,0.2879188712522046
0.23715415019762845,0.23144488361879667,0.24330259112867808,0.28809837505489677
0.23950508174988952,0.22889969067609367,0.2421564295183385,0.2894387980556783
0.23539823008849559,0.22920353982300884,0.24424778761061947,0.2911504424778761
0.2371088585279859,0.2260907888937858,0.24239753195240193,0.29440282062582634
0.24243752740026303,0.21744848750548004,0.24375274002630426,0.29636124506795264
0.24082167832167833,0.22246503496503497,0.23776223776223776,0.29895104895104896
0.24235711120957024,0.22286220646876384,0.23969871510855117,0.29508196721311475
0.24217026907807676,0.22540802823114248,0.23599470666078518,0.2964269960299956
0.24045634050021938,0.2268538832821413,0.2369460289600702,0.29574374725756913
0.2416958041958042,0.21634615384615385,0.23863636363636365,0.30332167832167833
0.2466289691170074,0.21574597651152674,0.24401913875598086,0.293605915615485
0.24879120879120878,0.22021978021978023,0.24483516483516485,0.28615384615384615
0.2551602986385595,0.21563460693895475,0.2450592885375494,0.2841458058849363
0.2537444933920705,0.21762114537444935,0.24669603524229075,0.28193832599118945
0.25353356890459366,0.21775618374558303,0.24646643109540636,0.28224381625441697
0.25942350332594233,0.2164079822616408,0.24124168514412417,0.28292682926829266
0.2612691466083151,0.21925601750547047,0.24026258205689277,0.2792122538293217
0.2562747688243065,0.21972699251431088,0.23822104799647734,0.2857771906649053
0.2582897033158813,0.22207678883071552,0.2399650959860384,0.27966841186736474
0.2547993019197208,0.22076788830715532,0.2395287958115183,0.2849040139616056
0.2525120139799039,0.22586282219309742,0.24333770205329838,0.2782874617737003
0.25108979947689625,0.23060156931124673,0.24324324324324326,0.2750653879686138
0.248894783377542,0.22944297082228116,0.24182139699381078,0.27984084880636606
0.24369747899159663,0.23573639982308714,0.24369747899159663,0.2768686421937196
0.2426243945398503,0.23425803610744167,0.24702774108322326,0.2760898282694848
0.2504416961130742,0.23895759717314488,0.24028268551236748,0.2703180212014134
0.24659938569548048,0.24045634050021938,0.24440544098288722,0.2685388328214129
0.24529951902055094,0.23567993003935286,0.2439877568867512,0.275032794053345
0.2427055702917772,0.24005305039787797,0.24491600353669318,0.2723253757736516
0.2437745740498034,0.23328964613368283,0.24945391000436873,0.27348186981214506
0.25021834061135373,0.2318777292576419,0.2497816593886463,0.26812227074235806
0.25384953805543337,0.2358117025956885,0.24373075230972283,0.2666080070391553
0.24569155987627045,0.23862129916040653,0.24569155987627045,0.26999558108705257
0.2528837622005324,0.23824312333629105,0.24134871339840283,0.2675244010647737
0.25524475524475526,0.23863636363636365,0.24256993006993008,0.26354895104895104
0.25622775800711745,0.2451067615658363,0.24154804270462635,0.2571174377224199
0.25530035335689044,0.24646643109540636,0.24514134275618374,0.25309187279151946
0.25065502183406113,0.24148471615720524,0.25065502183406113,0.2572052401746725
0.2551602986385595,0.24681598594642074,0.24242424242424243,0.25559947299077734
0.2543352601156069,0.24766562916851934,0.23966207203201423,0.2583370386838595
0.25540361711513015,0.25319805910895454,0.23864137626819584,0.25275694750771943
0.25515124945199474,0.2516440157825515,0.2371766768960982,0.25602805786935556
0.25206431986093003,0.258148631029987,0.23511516731855714,0.25467188179052586
0.25539409951563186,0.25891677675033026,0.23029502421840597,0.25539409951563186
0.2488986784140969,0.2621145374449339,0.23612334801762114,0.252863436123348
0.24545051043053706,0.2720816688859299,0.2339103417665335,0.24855747891699956
0.24934036939313983,0.26605101143359716,0.23218997361477572,0.25241864555848725
0.2454905411350638,0.2692476902771667,0.22965244170699517,0.2556093268807743
0.2425176056338028,0.27244718309859156,0.23151408450704225,0.2535211267605634
0.25054466230936817,0.2727668845315904,0.22701525054466232,0.2496732026143791
0.24912280701754386,0.27149122807017545,0.22763157894736843,0.2517543859649123
0.24669020300088262,0.27184466019417475,0.22859664607237423,0.2528684907325684
0.2412739965095986,0.2683246073298429,0.2356020942408377,0.2547993019197208
0.24333770205329838,0.27304499781564,0.2276103101791175,0.2560069899519441
0.2422907488986784,0.27973568281938327,0.21938325991189428,0.25859030837004404
0.2413339183852567,0.2808249232119351,0.22027204914436158,0.25756910925844667
0.23853211009174313,0.2761031017911752,0.22280471821756226,0.26256006989951947
0.2440944881889764,0.27252843394575677,0.2222222222222222,0.26115485564304464
0.2432195975503062,0.2751531058617673,0.2178477690288714,0.2637795275590551
0.24900662251655628,0.2710816777041943,0.21280353200883,0.2671081677704194
0.2442781690140845,0.27420774647887325,0.21742957746478872,0.2640845070422535
0.24502432551968156,0.27775320654577623,0.22114108801415303,0.2560813799203892
0.2463011314186249,0.27763272410791995,0.21845082680591818,0.257615317667537
0.24669020300088262,0.2815533980582524,0.2149161518093557,0.25684024713150927
0.24465765372873965,0.2865242040994331,0.21238552115133014,0.2564326210204972
0.24224977856510185,0.28565101860053144,0.21169176262178918,0.2604074402125775
0.24,0.28703296703296705,0.21142857142857144,0.26153846153846155
0.25296964364276286,0.27936647602287723,0.20633523977122745,0.26132864056313243
0.24725032996040475,0.2833260008798944,0.21205455345358556,0.25736911570611526
0.24648506151142355,0.2781195079086116,0.2100175746924429,0.26537785588752194
0.2489025460930641,0.2783143107989464,0.20632133450395082,0.2664618086040386
0.24478935698447893,0.282039911308204,0.20221729490022172,0.2709534368070953
0.2425176056338028,0.2852112676056338,0.198943661971831,0.2733274647887324
0.2469298245614035,0.28464912280701754,0.19429824561403508,0.2741228070175439
0.2486607142857143,0.2799107142857143,0.20223214285714286,0.26919642857142856
0.247682119205298,0.28211920529801326,0.1977924944812362,0.27240618101545255
0.2510993843447669,0.27616534740545295,0.19656992084432717,0.27616534740545295
0.25197195442594217,0.2751971954425942,0.20157756354075373,0.2712532865907099
0.2482300884955752,0.27477876106194693,0.20575221238938052,0.27123893805309734
0.25154457193292146,0.2740511915269197,0.2082965578111209,0.26610767872903796
0.2511032656663725,0.2819947043248014,0.20211827007943514,0.264783759929391
0.25824901011878576,0.27804663440387156,0.19973603167619886,0.2639683238011439
0.2552910052910053,0.2751322751322751,0.19797178130511464,0.2716049382716049
0.2542744410346339,0.2744410346339325,0.1955282770714599,0.2757562472599737
0.25726872246696036,0.27180616740088104,0.1920704845814978,0.2788546255506608
0.2583774250440917,0.27028218694885364,0.19444444444444445,0.2768959435626102
0.2559055118110236,0.27209098862642167,0.19728783902012248,0.2747156605424322
0.2515418502202643,0.2691629955947137,0.19383259911894274,0.2854625550660793
0.2517574692442882,0.2671353251318102,0.18892794376098418,0.29217926186291737
0.25675077467906154,0.26604692341744135,0.18813634351482958,0.28906595838866755
0.2571053782247486,0.26891123742894624,0.18583296895496285,0.2881504153913424
0.25264084507042256,0.2720070422535211,0.1795774647887324,0.29577464788732394
0.2541776605101143,0.27352682497801234,0.18117854001759015,0.2911169744942832
0.248894783377542,0.27365163572060125,0.1861184792219275,0.29133510167992926
0.25684024713150927,0.2766990291262136,0.18093556928508384,0.2855251544571933
0.254962505513895,0.27569475077194533,0.18438464931627702,0.28495809439788267
0.2550306211723535,0.2773403324584427,0.1815398075240595,0.28608923884514437
0.2575558475689882,0.2720105124835742,0.18221638195356987,0.2882172579938677
0.25537516454585346,0.2702939885914875,0.1834137779727951,0.29091706888986396
0.2579505300353357,0.27164310954063603,0.18286219081272084,0.2875441696113074
0.2537313432835821,0.2704126426690079,0.1865671641791045,0.28928884986830555
0.2585601404741001,0.2664618086040386,0.18964003511852504,0.2853380158033363
0.26152482269503546,0.2632978723404255,0.1879432624113475,0.2872340425531915
0.2653421633554084,0.2600441501103753,0.18763796909492272,0.2869757174392936
0.2586054721977052,0.26831421006178285,0.18623124448367168,0.2868490732568402
0.2514336127040141,0.27040141155712394,0.19144243493603882,0.2867225408028231
0.2550218340611354,0.2689956331877729,0.18908296943231442,0.2868995633187773
0.2594402487783207,0.2665482007996446,0.18613949355841847,0.28787205686361617
0.2597345132743363,0.2584070796460177,0.18893805309734513,0.2929203539823009
0.25402348847324924,0.2644628099173554,0.1918225315354502,0.2896911700739452
0.2559366754617414,0.262532981530343,0.1851363236587511,0.2963940193491645
0.25992150021805493,0.25861317051897076,0.18796336676842565,0.29350196249454863
0.2543352601156069,0.2530013339261894,0.19919964428634948,0.2934637616718542
0.25579361609094886,0.2540445999125492,0.19282903366856144,0.29733275032794054
0.250989010989011,0.25274725274725274,0.1986813186813187,0.2975824175824176
0.2526269702276708,0.2526269702276708,0.19964973730297722,0.29509632224168125
0.24793028322440086,0.25272331154684097,0.20217864923747278,0.2971677559912854
0.2496685815289439,0.2554131683605833,0.19840919133893062,0.2965090587715422
0.24052863436123348,0.2511013215859031,0.1986784140969163,0.3096916299559471
0.25809312638580933,0.24700665188470067,0.1951219512195122,0.29977827050997785
0.2520860781730347,0.24593763724198506,0.1919191919191919,0.3100570926657883
0.25925925925925924,0.24514991181657847,0.19135802469135801,0.30423280423280424
0.25520602569782896,0.24988923349579087,0.1958351794417368,0.29906956136464335
0.25520602569782896,0.24856003544528135,0.19361984935755427,0.3026140894993354
0.2609658839167036,0.23881258307487815,0.19849357554275587,0.3017279574656624
0.25772285966460723,0.24227714033539277,0.20079435127978817,0.2992056487202118
0.25809273840769903,0.23928258967629046,0.19860017497812774,0.30402449693788275
0.26436781609195403,0.2382847038019452,0.2002652519893899,0.29708222811671087
0.2626970227670753,0.24080560420315236,0.19746059544658495,0.29903677758318736
0.26388271879164815,0.2403376277210129,0.20302087960906265,0.2927587738782763
0.26663747810858146,0.24430823117338005,0.1978984238178634,0.29115586690017514
0.262071992976295,0.242756804214223,0.1997366110623354,0.29543459174714665
0.261968085106383,0.24113475177304963,0.20168439716312056,0.29521276595744683
0.27188737351517817,0.23757149142102948,0.20325560932688078,0.2872855257369116
0.26900844819919967,0.24055135615829257,0.20320142285460205,0.2872387727879057
0.26795945350374617,0.2357866901718819,0.20361392684001764,0.29263992948435436
0.27070619006102875,0.23714036617262424,0.1965998256320837,0.2955536181342633
0.27586206896551724,0.23032714412024757,0.20114942528735633,0.2926613616268789
0.2682819383259912,0.23524229074889869,0.20881057268722467,0.28766519823788544
0.26702033598585323,0.23209549071618038,0.20954907161803712,0.29133510167992926
0.26605101143359716,0.23482849604221637,0.20536499560246263,0.2937554969217238
0.2676678445229682,0.23454063604240283,0.20715547703180212,0.29063604240282687
0.262882096069869,0.2318777292576419,0.20786026200873362,0.29737991266375546
0.2624834290764472,0.2346442775077331,0.2072470172337605,0.2956252761820592
0.26136865342163357,0.23885209713024283,0.20397350993377483,0.2958057395143488
0.2636165577342048,0.24313725490196078,0.20435729847494552,0.28888888888888886
0.26887417218543047,0.2423841059602649,0.20176600441501102,0.2869757174392936
0.2693498452012384,0.24369747899159663,0.19814241486068113,0.2888102609464839
0.2728077945084145,0.23472099202834368,0.20239149689991143,0.29007971656333037
0.2726870296591412,0.23683045595396193,0.2089420097388225,0.2815405046480744
0.2793468667255075,0.23389232127096204,0.2087378640776699,0.2780229479258605
0.2749554367201426,0.23841354723707664,0.20499108734402852,0.2816399286987522
0.27024647887323944,0.23459507042253522,0.20862676056338028,0.28653169014084506
0.2695035460992908,0.24069148936170212,0.21010638297872342,0.2796985815602837
0.27180616740088104,0.239647577092511,0.21762114537444935,0.2709251101321586
0.2681958535509484,0.2364358182620203,0.2192324658138509,0.27613586237318044
0.27180616740088104,0.23876651982378855,0.21365638766519823,0.2757709251101322
0.27405764966740576,0.2328159645232816,0.2155210643015521,0.2776053215077605
0.2728471001757469,0.23330404217926187,0.21309314586994726,0.28075571177504394
0.27415026833631484,0.22808586762075134,0.21422182468694095,0.28354203935599287
0.2733274647887324,0.23899647887323944,0.20862676056338028,0.2790492957746479
0.2752492414390984,0.23840485478977028,0.20806241872561768,0.27828348504551365
0.27324561403508774,0.23640350877192984,0.20833333333333334,0.2820175438596491
0.275022143489814,0.23737821080602303,0.2112488928255093,0.2763507528786537
0.2734891927657697,0.23378914865460962,0.21393912659902956,0.2787825319805911
0.27208480565371024,0.23586572438162545,0.21687279151943462,0.2751766784452297
0.2726069695632995,0.23114247904719895,0.2223202470224967,0.27393030436700483
0.27025843188786686,0.23434077967586509,0.21550591327201052,0.27989487516425754
0.2689295039164491,0.23672758920800696,0.22193211488250653,0.2724107919930374
0.27557319223985893,0.23589065255731922,0.2208994708994709,0.26763668430335097
0.2742504409171076,0.23544973544973544,0.222663139329806,0.26763668430335097
0.27140974967061926,0.23539745278875715,0.22002635046113306,0.27316644707949056
0.2784313725490196,0.22962962962962963,0.2196078431372549,0.27233115468409586
0.2749003984063745,0.2297476759628154,0.2213368747233289,0.2740150509074812
0.27538126361655774,0.23398692810457516,0.2222222222222222,0.2684095860566449
0.27626970227670755,0.22635726795096323,0.22285464098073554,0.2745183887915937
0.2736888497135302,0.22873512560599382,0.22036139268400176,0.2772146319964742
0.2772887323943662,0.22755281690140844,0.21522887323943662,0.27992957746478875
0.28249336870026526,0.23032714412024757,0.21220159151193635,0.2749778956675508
0.2754517408550022,0.22124283825473778,0.2150727192595857,0.2882327016306743
0.2803532008830022,0.21545253863134659,0.22207505518763798,0.28211920529801326
0.2764654418197725,0.21653543307086615,0.2274715660542432,0.2795275590551181
0.278391515687141,0.2147591692443659,0.22492266902342023,0.2819266460450729
0.2752091589608102,0.22369000440334655,0.22148833113166005,0.2796125055041832
0.2790798611111111,0.2204861111111111,0.2191840277777778,0.28125
0.27980852915578763,0.21801566579634465,0.22019147084421237,0.2819843342036554
0.2841409691629956,0.21674008810572687,0.22422907488986785,0.2748898678414097
0.2838852097130243,0.21015452538631346,0.22913907284768212,0.2768211920529801
0.2835951134380454,0.20636998254799302,0.23211169284467714,0.2779232111692845
0.2838427947598253,0.2074235807860262,0.23799126637554585,0.27074235807860264
0.2839506172839506,0.20282186948853614,0.23589065255731922,0.27733686067019403
0.2779003087781209,0.2046757829730922,0.23952359947066607,0.2779003087781209
0.28450954283177987,0.2072791833111407,0.23213493120284065,0.2760763426542388
0.2794182459233142,0.2115469369766417,0.23226090788893786,0.27677390921110623
0.2795936395759717,0.20936395759717313,0.2318904593639576,0.2791519434628975
0.2793594306049822,0.2117437722419929,0.226423487544484,0.28247330960854095
0.2774846086191733,0.21372031662269128,0.22911169744942833,0.2796833773087071
0.2787958115183246,0.2081151832460733,0.231239092495637,0.28184991273996507
0.281983178397521,0.21027003098716246,0.23019034971226207,0.2775564409030544
0.2773626373626374,0.20615384615384616,0.2320879120879121,0.2843956043956044
0.27677390921110623,0.20581754076685765,0.23270163067430585,0.2847069193477303
0.2709251101321586,0.21145374449339208,0.23171806167400882,0.28590308370044054
0.2701863354037267,0.21029281277728482,0.2302573203194321,0.28926353149955636
0.269687637483502,0.21205455345358556,0.22921249450065992,0.2890453145622525
0.2721631205673759,0.212322695035461,0.23315602836879432,0.2823581560283688
0.2773333333333333,0.21688888888888888,0.22533333333333333,0.28044444444444444
0.278580814717477,0.21506789312308366,0.22601839684625494,0.2803328953131844
0.27941176470588236,0.21345811051693406,0.2281639928698752,0.2789661319073084
0.27920353982300883,0.21460176991150443,0.22300884955752212,0.2831858407079646
0.278926528816542,0.21601407831060274,0.22305323361196655,0.2820061592608887
0.27846425419240955,0.21006178287731686,0.22771403353927624,0.28375992939099737
0.27873183619550856,0.21092029942756496,0.22721268163804492,0.28313518273888155
0.28163444639718804,0.2126537785588752,0.22319859402460457,0.28251318101933215
0.2731297034085879,0.2182381584772023,0.2213368747233289,0.2872952633908809
0.27093380096448927,0.21657167908811925,0.22665497588776853,0.285839544059623
0.2660831509846827,0.2175054704595186,0.2262582056892779,0.2901531728665208
0.26926483613817537,0.21434898139946856,0.22453498671390612,0.29185119574845
0.2625055334218681,0.2151394422310757,0.23019034971226207,0.2921646746347942
0.2590809628008753,0.21269146608315098,0.23544857768052516,0.29277899343544855
0.25570175438596493,0.21929824561403508,0.23289473684210527,0.29210526315789476
0.2566798072711345,0.21944809461235218,0.22996057818659657,0.29391151992991676
0.26019503546099293,0.2225177304964539,0.22872340425531915,0.28856382978723405
0.26257722859664606,0.21712268314210062,0.22992056487202117,0.2903795233892321
0.25663716814159293,0.21902654867256638,0.23185840707964603,0.2924778761061947
0.25772285966460723,0.2202118270079435,0.23300970873786409,0.2890556045895852
0.2518747243052492,0.2152624614027349,0.23246581385090428,0.3003970004411116
0.26094648385670055,0.21229544449358692,0.23573639982308714,0.29102167182662536
0.26085050416483996,0.20955721174923278,0.24156071898290224,0.28803156510302497
0.2653421633554084,0.2088300220750552,0.2392935982339956,0.2865342163355408
0.2660270388137811,0.20846053205407764,0.2381160052333188,0.28739642389882253
0.2750110180696342,0.20449537241075363,0.2353459673865139,0.2851476421330983
0.27676588183029766,0.20657485561972458,0.23545091070635274,0.2812083518436251
0.2753303964757709,0.20176211453744494,0.2409691629955947,0.28193832599118945
0.2766330556773345,0.20210434020166593,0.24419114423498467,0.2770714598860149
0.2810170977641385,0.19903551074090312,0.24243752740026303,0.2775098640946953
0.27802101576182137,0.19395796847635727,0.24080560420315236,0.287215411558669
0.2771929824561403,0.193859649122807,0.24517543859649124,0.2837719298245614
0.2727272727272727,0.19894598155467721,0.23978919631093545,0.2885375494071146
0.2722838137472284,0.1973392461197339,0.23902439024390243,0.2913525498891353
0.2735562310030395,0.19626574033868865,0.23881893182805036,0.29135909683022143
0.2741228070175439,0.1912280701754386,0.2412280701754386,0.29342105263157897
0.27168141592920353,0.1902654867256637,0.24690265486725663,0.2911504424778761
0.2738938053097345,0.19424778761061948,0.24469026548672565,0.28716814159292037
0.2728074041427942,0.19039224327897752,0.249008373732922,0.28779197884530633
0.2750110180696342,0.18995152049360953,0.24724548259145,0.28779197884530633
0.27300479720889664,0.19014391626689925,0.24814653292629743,0.28870475359790665
0.27240618101545255,0.19072847682119207,0.247682119205298,0.2891832229580574
0.27763041556145,0.1892130857648099,0.246684350132626,0.2864721485411141
0.2751439964554719,0.19140451927337174,0.24900310146211785,0.28444838280903856
0.2750995134896064,0.19548872180451127,0.24413976116762495,0.28527200353825743
0.2737210319195453,0.1945780498469611,0.2479230432881504,0.28377787494534323
0.27917217084984586,0.19991193306913255,0.23954205195948922,0.2813738441215324
0.2794894366197183,0.20158450704225353,0.24119718309859156,0.2777288732394366
0.28357551739321885,0.18714222809335096,0.24790841039189784,0.2813738441215324
0.28565121412803535,0.1902869757174393,0.24856512141280354,0.27549668874172184
0.2868525896414343,0.18857901726427623,0.2501106684373617,0.27445772465692786
0.2869718309859155,0.19410211267605634,0.24339788732394366,0.2755281690140845
0.2843224092116918,0.19619131975199292,0.2475642161204606,0.27192205491585475
0.28408592722490134,0.19377466023673828,0.24725997369574748,0.2748794388426129
0.2893467777290662,0.19596668128014028,0.24243752740026303,0.27224901359053044
0.2904782799473453,0.1943835015357613,0.24001755155770074,0.27512066695919263
0.2886142983230362,0.19638128861429832,0.23918799646954986,0.2758164165931156
0.28326745718050067,0.19499341238471674,0.24330259112867808,0.2784365393061045
0.27557683935568134,0.2002612102742708,0.24466695690030474,0.27949499346974316
0.2736013986013986,0.19493006993006992,0.2517482517482518,0.27972027972027974
0.2722880983750549,0.1945542380324989,0.2450592885375494,0.28809837505489677
0.27080581241743723,0.19726992514310876,0.24966974900924702,0.28225451343020697
0.2730480811645346,0.20026466696074108,0.24481693868548743,0.2818703131892369
0.27631578947368424,0.20482456140350877,0.2394736842105263,0.2793859649122807
0.2802269751200349,0.19816673941510257,0.23745089480576168,0.28415539065910084
0.27861579414374443,0.19875776397515527,0.24001774622892635,0.2826086956521739
0.2836411609498681,0.19744942832014073,0.24142480211081793,0.2774846086191733
0.28421512898994317,0.20201136860515959,0.23611718408395277,0.27765631832094445
0.28174603174603174,0.2006172839506173,0.24426807760141092,0.27336860670194
0.2777777777777778,0.20238095238095238,0.24691358024691357,0.27292768959435626
0.27887571365832237,0.20202020202020202,0.24681598594642074,0.2722880983750549
0.2778761061946903,0.19823008849557522,0.24690265486725663,0.27699115044247785
0.2736888497135302,0.20229175848391362,0.25341560158660204,0.27060379021595415
0.27268722466960355,0.20220264317180617,0.25682819383259914,0.2682819383259912
0.2767543859649123,0.20482456140350877,0.25,0.26842105263157895
0.27887571365832237,0.207290294246816,0.24769433465085638,0.26613965744400525
0.28427065026362036,0.2016695957820738,0.2508787346221441,0.2631810193321617
0.28370663153271847,0.1945542380324989,0.25252525252525254,0.2692138779095301
0.2838137472283814,0.2031042128603104,0.24878048780487805,0.26430155210643014
0.28189390618149934,0.20517316966242877,0.24725997369574748,0.2656729504603244
0.28602715724923344,0.2041173893999124,0.2483574244415243,0.2614980289093298
0.28848698720776356,0.19938244375827086,0.2474636082928981,0.2646669607410675
0.28804587560652845,0.20688134097926775,0.24481693868548743,0.2602558447287164
0.29181184668989546,0.20470383275261325,0.2452090592334495,0.2582752613240418
0.29804270462633453,0.20551601423487545,0.23220640569395018,0.26423487544483987
0.30524922805469784,0.2055580061755624,0.22937803264225848,0.25981473312748127
0.30488341399032115,0.19973603167619886,0.2344918609766828,0.2608886933567972
0.30465320456540823,0.20237050043898155,0.2370500438981563,0.2559262510974539
0.30511463844797176,0.19929453262786595,0.23589065255731922,0.25970017636684306
0.30940704413731607,0.19884083816317433,0.23004904146232724,0.26170307623718236
0.3140604467805519,0.1962330267192291,0.22777047744196233,0.2619360490582567
0.31539807524059493,0.19597550306211722,0.22878390201224846,0.25984251968503935
0.3146513680494263,0.19196822594880847,0.22683142100617829,0.26654898499558694
0.31690140845070425,0.19586267605633803,0.2266725352112676,0.2605633802816901
0.3177242888402626,0.19956236323851204,0.22275711159737419,0.25995623632385123
0.3141338059370846,0.19893664155959237,0.2210899424014178,0.2658396101019052
0.3119752540874945,0.20503756076005303,0.21961997348652232,0.2633672116659302
0.30806100217864923,0.20043572984749455,0.2222222222222222,0.269281045751634
0.3123625164980202,0.20721513418389792,0.21249450065992082,0.267927848658161
0.3065236818588025,0.21090259159964253,0.2131367292225201,0.26943699731903487
0.307152259763054,0.20228170250109698,0.22114962702939886,0.26941641070645017
0.3138780804150454,0.19844357976653695,0.22006052745352356,0.26761781236489407
0.3153947948831054,0.19761799735333038,0.22011468901632114,0.26687251874724305
0.31562774363476737,0.1984196663740123,0.21905179982440737,0.266900790166813
0.3126376045794804,0.19859092910612064,0.2192866578599736,0.26948480845442535
0.3136482939632546,0.1968503937007874,0.22178477690288714,0.2677165354330709
0.3168273444347064,0.19763365468886943,0.22129710780017528,0.2642418930762489
0.31072210065645517,0.19649890590809627,0.22056892778993437,0.2722100656455142
0.31408573928258965,0.19860017497812774,0.22003499562554682,0.2672790901137358
0.30826737027264733,0.20008795074758134,0.22075637642919965,0.27088830255057167
0.30556773345024113,0.20210434020166593,0.21832529592284086,0.2740026304252521
0.3030701754385965,0.2057017543859649,0.21666666666666667,0.27456140350877195
0.2948661693725318,0.20754716981132076,0.2250987275120667,0.2724879333040807
0.29766622633201234,0.20871862615587847,0.22104799647732276,0.27256715103478646
0.2975133214920071,0.21314387211367672,0.21936056838365897,0.2699822380106572
0.30124223602484473,0.209849157054126,0.21827861579414373,0.2706299911268855
0.3038698328935796,0.21108179419525067,0.21767810026385223,0.2673702726473175
0.2979467016164264,0.21100917431192662,0.21887287024901703,0.27217125382262997
0.30149647887323944,0.20994718309859156,0.21654929577464788,0.2720070422535211
0.30429013710747455,0.2118531623175586,0.21892967713401149,0.2649270234409553
0.2938325991189427,0.2171806167400881,0.22334801762114537,0.26563876651982377
0.2949671772428884,0.2210065645514223,0.2223194748358862,0.2617067833698031
0.29427312775330394,0.21806167400881057,0.2211453744493392,0.2665198237885463
0.2996500437445319,0.2121609798775153,0.22528433945756782,0.26290463692038496
0.29800443458980047,0.2088691796008869,0.23015521064301553,0.26297117516629714
0.29833040421792617,0.21528998242530756,0.22056239015817222,0.265817223198594
0.2970950704225352,0.21566901408450703,0.21566901408450703,0.2715669014084507
0.303245887060916,0.2169853268119164,0.21831925300133392,0.2614495331258337
0.2979101823032459,0.22454424188528235,0.21742996887505558,0.26011560693641617
0.2975824175824176,0.22593406593406593,0.21582417582417582,0.26065934065934065
0.2950242184059885,0.22721268163804492,0.2170849845882871,0.26067811536767943
0.2866578599735799,0.23293703214442976,0.2166446499339498,0.2637604579480405
0.2880174291938998,0.2318082788671024,0.20958605664488017,0.27058823529411763
0.2839506172839506,0.23544973544973544,0.20811287477954143,0.2724867724867725
0.28451698279664756,0.24084693427437143,0.21085134539038378,0.26378473753859727
0.2847711267605634,0.2442781690140845,0.20906690140845072,0.26188380281690143
0.2838964458095656,0.2461605967529618,0.20930232558139536,0.2606406318560772
0.286281429201588,0.24569916188795765,0.21041023378914867,0.2576091751213057
0.291005291005291,0.25308641975308643,0.2037037037037037,0.25220458553791886
0.29411764705882354,0.2476780185758514,0.20123839009287925,0.25696594427244585
0.2960176991150443,0.2482300884955752,0.20088495575221238,0.25486725663716814
0.2933097031457687,0.2459016393442623,0.2051395657953035,0.2556490917146655
0.2941696113074205,0.2416077738515901,0.2058303886925795,0.2583922261484099
0.2950242184059885,0.24570673712021135,0.2043152796125055,0.25495376486129456
0.287521815008726,0.24389179755671903,0.20767888307155322,0.26090750436300175
0.28954305799648505,0.2451669595782074,0.2069420035149385,0.2583479789103691
0.2944542253521127,0.24867957746478872,0.2011443661971831,0.2557218309859155
0.29871851524524967,0.24922669023420238,0.2001767565178966,0.25187803800265135
0.2988962472406181,0.24194260485651214,0.20309050772626933,0.2560706401766004
0.3019451812555261,0.24491600353669318,0.19938107869142352,0.2537577365163572
0.2999124343257443,0.2456217162872154,0.2040280210157618,0.2504378283712785
0.3018037835459745,0.2410910690717114,0.20369555653321603,0.2534095908490981
0.3033362598770852,0.24187884108867427,0.199297629499561,0.25548726953467954
0.301460823373174,0.23992917220008853,0.20318725099601595,0.25542275343072157
0.3046909250328803,0.2389302937308198,0.19903551074090312,0.25734327049539674
0.3072916666666667,0.23828125,0.1935763888888889,0.2608506944444444
0.3063811188811189,0.23295454545454544,0.19755244755244755,0.2631118881118881
0.3049583150504607,0.23562966213251427,0.19745502413339183,0.26195699868363315
0.3080298376480913,0.23738481790258886,0.19482229047827995,0.25976305397103994
0.30863656291100394,0.23191582639193337,0.19465146865409907,0.2647961420429636
0.32180851063829785,0.22340425531914893,0.18882978723404256,0.26595744680851063
0.3199476211261458,0.2234831951113051,0.18900043649061546,0.26756874727193364
0.31542158147662736,0.2254259501965924,0.1913499344692005,0.26780253385757974
0.31537450722733246,0.22295225580376699,0.19448094612352168,0.2671922908453789
0.31529933481152994,0.22305986696230598,0.1960088691796009,0.2656319290465632
0.3073555166374781,0.22329246935201402,0.19658493870402802,0.27276707530647987
0.30657894736842106,0.22280701754385965,0.2026315789473684,0.2679824561403509
0.3065436978480457,0.22793148880105402,0.19894598155467721,0.2665788317962231
