R,A,S,N
0.0,0.0,1.0,0.0
0.0,0.0,0.5,0.5
0.0,0.0,0.5714285714285714,0.42857142857142855
0.0,0.0,0.6153846153846154,0.38461538461538464
0.0,0.08695652173913043,0.5652173913043478,0.34782608695652173
0.0,0.17142857142857143,0.4857142857142857,0.34285714285714286
0.03636363636363636,0.18181818181818182,0.45454545454545453,0.32727272727272727
0.033707865168539325,0.20224719101123595,0.4157303370786517,0.34831460674157305
0.031746031746031744,0.20634920634920634,0.40476190476190477,0.35714285714285715
0.049723756906077346,0.23204419889502761,0.3756906077348066,0.3425414364640884
0.0603448275862069,0.24568965517241378,0.34913793103448276,0.3448275862068966
0.08135593220338982,0.24067796610169492,0.3152542372881356,0.36271186440677966
0.08446866485013624,0.2615803814713896,0.3106267029972752,0.34332425068119893
0.10158013544018059,0.25733634311512416,0.2866817155756208,0.3544018058690745
0.10964083175803403,0.24574669187145556,0.2835538752362949,0.3610586011342155
0.1267387944358578,0.2426584234930448,0.2797527047913447,0.3508500772797527
0.12779973649538867,0.24110671936758893,0.2753623188405797,0.3557312252964427
0.12694877505567928,0.25389755011135856,0.26948775055679286,0.34966592427616927
0.13339640491958374,0.25165562913907286,0.25922421948912017,0.35572374645222327
0.14104729729729729,0.2491554054054054,0.26013513513513514,0.34966216216216217
0.15273556231003038,0.24468085106382978,0.25987841945288753,0.3427051671732523
0.15714285714285714,0.24897959183673468,0.2612244897959184,0.3326530612244898
0.16420664206642066,0.25092250922509224,0.25522755227552274,0.3296432964329643
0.16987542468856173,0.2548131370328426,0.24858437146092865,0.32672706681766706
0.17254076801683324,0.26196738558653343,0.2467122567069963,0.31877958968963704
0.18208955223880596,0.25671641791044775,0.2417910447761194,0.3194029850746269
0.18306527909176915,0.26348155156102177,0.23178807947019867,0.3216650898770104
0.1906293063849334,0.26688102893890675,0.2191088654111162,0.32338079926504365
0.18794964028776978,0.2670863309352518,0.2221223021582734,0.322841726618705
0.18973905351614329,0.2693498452012384,0.21716054842989826,0.32375055285272003
0.19172597864768684,0.26868327402135234,0.2157473309608541,0.3238434163701068
0.1913770347558293,0.267927848658161,0.2133743950725913,0.3273207215134184
0.1901840490797546,0.2659947414548642,0.20990359333917616,0.3339176161262051
0.18928414580588493,0.2727272727272727,0.207290294246816,0.33069828722002637
0.19051838723969872,0.27470093043863536,0.20824102791315907,0.32653965440850685
0.19393139841688653,0.27924362357080035,0.20844327176781002,0.31838170624450307
0.19215513442044954,0.2842661965623623,0.20185103569854562,0.32172763331864257
0.19217238346525944,0.2757255936675462,0.202726473175022,0.32937554969217236
0.19261213720316622,0.2770448548812665,0.19700967458223395,0.3333333333333333
0.19008264462809918,0.2805567638103523,0.19704219225750327,0.3323183993040452
0.19239274657231314,0.2786377708978328,0.19283502874834144,0.33613445378151263
0.19956331877729258,0.28078602620087334,0.1868995633187773,0.3327510917030568
0.20159151193633953,0.27984084880636606,0.1874447391688771,0.3311229000884173
0.19528178243774574,0.28440366972477066,0.18829183049366535,0.3320227173438183
0.19841619005719313,0.2740871095468544,0.1869775626924769,0.3405191377034756
0.19460415745245466,0.2830605926581159,0.18487394957983194,0.33746130030959753
0.19566179725542276,0.28508189464364764,0.18238158477202301,0.3368747233289066
0.1938018332605849,0.2872108249672632,0.184199039720646,0.3347883020515059
0.18930762489044697,0.287467134092901,0.1792287467134093,0.34399649430324275
0.18909410729991205,0.2911169744942832,0.17678100263852242,0.34300791556728233
0.19118942731277533,0.2933920704845815,0.17841409691629956,0.3370044052863436
0.1886293521375055,0.2979286029087704,0.1771705597179374,0.3362714852357867
0.18766404199475065,0.3009623797025372,0.17672790901137359,0.3346456692913386
0.1819377466023674,0.30644454186760195,0.1819377466023674,0.3296799649276633
0.18089340999557718,0.3065015479876161,0.18575851393188855,0.32684652808491815
0.17956656346749225,0.3073861123396727,0.18708536045997345,0.32596196373286157
0.18189768255356362,0.3060778312199388,0.18189768255356362,0.33012680367293396
0.1835024261138068,0.3123070136744596,0.17644464049404499,0.32774591971768857
0.17800353356890458,0.3136042402826855,0.18065371024734983,0.32773851590106007
0.1760283060592658,0.32507739938080493,0.1751437417072092,0.32375055285272003
0.176963812886143,0.3212709620476611,0.17475728155339806,0.3270079435127979
0.18169877408056043,0.3108581436077058,0.18038528896672504,0.32705779334500873
0.17634124890061564,0.3148636763412489,0.1741424802110818,0.33465259454705365
0.17956656346749225,0.3188854489164087,0.1685095090667846,0.33303847854931445
0.18309859154929578,0.3164612676056338,0.1694542253521127,0.33098591549295775
0.18518518518518517,0.31922398589065254,0.16710758377425045,0.32848324514991184
0.18213814342278928,0.311922569291685,0.16893972723273207,0.3369995600527937
0.18896247240618103,0.30993377483443707,0.16335540838852097,0.33774834437086093
0.18681798341335662,0.31340026189436926,0.16019205587079877,0.3395896988214753
0.18245307725883894,0.31776516804888694,0.1615015277171541,0.33828022697512006
0.18314855875831484,0.316629711751663,0.16097560975609757,0.3392461197339246
0.18854625550660792,0.3136563876651982,0.15991189427312774,0.3378854625550661
0.18995152049360953,0.31732040546496254,0.15425297487880124,0.3384750991626267
0.1872791519434629,0.31095406360424027,0.15856890459363956,0.34319787985865724
0.18494342906875544,0.31418624891209745,0.16405570060922542,0.3368146214099217
0.1875274483970136,0.3144488361879666,0.16512955643390426,0.3328941589811155
0.18016821602478972,0.3160690571049137,0.17131474103585656,0.33244798583444
0.17918313570487485,0.3188405797101449,0.16820377689942909,0.33377250768555117
0.1805739514348786,0.3152317880794702,0.1704194260485651,0.3337748344370861
0.1801051709027169,0.3141980718667835,0.1722173531989483,0.3334794040315513
0.1762652705061082,0.3163176265270506,0.17015706806282724,0.33726003490401396
0.18197879858657243,0.31581272084805656,0.16475265017667845,0.3374558303886926
0.17613636363636365,0.31993006993006995,0.16258741258741258,0.34134615384615385
0.1805183199285076,0.3199285075960679,0.15415549597855227,0.3453976764968722
0.1763668430335097,0.318342151675485,0.16049382716049382,0.3447971781305115
0.1837979094076655,0.32447735191637633,0.15766550522648085,0.33405923344947736
0.1809023215067893,0.3272010512483574,0.15374507227332457,0.3381515549715287
0.17657419638925584,0.3293703214442977,0.15059445178335534,0.34346103038309117
0.17962231005709267,0.32367149758454106,0.1466842336407554,0.3500219587176109
0.18098560837331007,0.3235935455734845,0.14609681639773223,0.34932402965547316
0.17982456140350878,0.3236842105263158,0.14342105263157895,0.3530701754385965
0.18225524475524477,0.32517482517482516,0.14248251748251747,0.3500874125874126
0.1781609195402299,0.32935455349248455,0.14677276746242263,0.34571175950486294
0.1812555260831123,0.3275862068965517,0.14323607427055704,0.347922192749779
0.18011591618368256,0.335711101203745,0.13820775746767722,0.34596522514489525
0.17313563017880507,0.34321849105974706,0.13824683820322722,0.3453990405582207
0.17644464049404499,0.33965593295103663,0.13895015438906044,0.34494927216585797
0.1799912625600699,0.33726518130187855,0.1349934469200524,0.34775010921799915
0.1785400175901495,0.33948988566402816,0.13676341248900617,0.34520668425681617
0.18045112781954886,0.3334807607253428,0.13666519239274658,0.34940291906236176
0.18736383442265794,0.33725490196078434,0.13246187363834422,0.34291938997821353
0.18796336676842565,0.3362407326646315,0.1343218491059747,0.34147405146096815
0.18555798687089717,0.33960612691466086,0.13216630196936544,0.3426695842450766
0.18222222222222223,0.3453333333333333,0.1328888888888889,0.33955555555555555
0.18157894736842106,0.34517543859649125,0.13157894736842105,0.3416666666666667
0.17822651448639157,0.3410886742756804,0.13784021071115013,0.3428446005267779
0.19329214474845544,0.33848190644307147,0.13592233009708737,0.3323036187113857
0.19271290605794555,0.33933274802458296,0.1360842844600527,0.33187006145741876
0.19491896627244854,0.33858957512045557,0.13009198423127463,0.3363994743758213
0.19053876478318002,0.3399036355672361,0.13096802452912834,0.33858957512045557
0.19247787610619468,0.3345132743362832,0.134070796460177,0.33893805309734515
0.1941747572815534,0.32524271844660196,0.13459841129744043,0.34598411297440423
0.19500438212094653,0.31989482909728306,0.1375985977212971,0.34750219106047325
0.1925438596491228,0.3192982456140351,0.13596491228070176,0.35219298245614034
0.18270079435127978,0.324801412180053,0.13415710503089143,0.35834068843777583
0.18896247240618103,0.3227373068432671,0.1337748344370861,0.3545253863134658
0.18435998252512015,0.3180428134556575,0.1328090869375273,0.36478811708169506
0.18181818181818182,0.31906443071491614,0.1297440423654016,0.36937334510150044
0.18694885361552027,0.3152557319223986,0.13051146384479717,0.36728395061728397
0.1834862385321101,0.3149847094801223,0.1310615989515072,0.3704674530362604
0.18036428254109285,0.3149711239449134,0.13282985339848957,0.3718347401155042
0.18503762726870296,0.31297034085878706,0.13147410358565736,0.3705179282868526
0.18322295805739514,0.31037527593818987,0.13774834437086092,0.3686534216335541
0.1816976127320955,0.3059239610963749,0.14014146772767463,0.372236958443855
0.1841297676457694,0.3042525208241999,0.13809732573432704,0.3735203857957036
0.179441736818786,0.30394328754984495,0.14000886132033674,0.37660611431103236
0.18254319893664156,0.29862649534780683,0.14133805937084626,0.37749224634470535
0.18533157663592445,0.29863855950812473,0.14097496706192358,0.3750548967940272
0.1873071837814015,0.2957249889819304,0.13794623182018512,0.37902159541648306
0.19072615923009623,0.2922134733158355,0.1399825021872266,0.37707786526684167
0.18992932862190812,0.2963780918727915,0.13692579505300354,0.37676678445229683
0.1920879120879121,0.2958241758241758,0.13230769230769232,0.3797802197802198
0.19580731489741302,0.29348795718108833,0.13247100802854594,0.37823371989295274
0.19279754062362758,0.29863855950812473,0.13306982872200263,0.37549407114624506
0.19700967458223395,0.30035180299032543,0.13148636763412488,0.37115215479331576
0.19964507542147295,0.2985803016858917,0.12732919254658384,0.3744454303460515
0.20284065690190856,0.2960497114957834,0.12827341322680869,0.37283621837549935
0.2084975908891809,0.2947875602277705,0.12702584318878668,0.36968900569426194
0.2044642857142857,0.2995535714285714,0.12946428571428573,0.3665178571428571
0.20333772507685552,0.30786122090469914,0.12560386473429952,0.3631971892841458
0.20561157387110915,0.3011836913634371,0.12406839105655414,0.3691363437088996
0.2026431718061674,0.30352422907488985,0.12687224669603525,0.3669603524229075
0.2079859587538394,0.30539710399297937,0.12286090390522159,0.36375603334795964
0.20647419072615922,0.3114610673665792,0.12379702537182852,0.35826771653543305
0.2046757829730922,0.2968681076312307,0.12439347154830172,0.37406263784737537
0.20729537366548043,0.2998220640569395,0.11743772241992882,0.37544483985765126
0.2095702259636686,0.2968542312804608,0.1178555604785113,0.3757199822773593
0.20938468348826914,0.29305002213368747,0.12217795484727756,0.3753873395307658
0.21131741821396993,0.28868258178603007,0.12157382847038019,0.3784261715296198
0.21141088014153028,0.29677134011499334,0.12074303405572756,0.3710747456877488
0.21419185282522996,0.29303547963206306,0.11957950065703023,0.3731931668856767
0.2119613016710642,0.2928759894459103,0.12269129287598944,0.37247141600703604
0.21847635726795098,0.28633975481611207,0.12259194395796848,0.37259194395796846
0.2166446499339498,0.289740202553941,0.12549537648612946,0.36811977102597976
0.2191659272404614,0.29547471162378,0.12555456965394854,0.3598047914818101
0.22330097087378642,0.2890556045895852,0.1262135922330097,0.3614298323036187
0.2210065645514223,0.29934354485776804,0.12428884026258205,0.35536105032822757
0.22661396574440051,0.29117259552042163,0.1225296442687747,0.35968379446640314
0.22202643171806166,0.2955947136563877,0.12202643171806167,0.360352422907489
0.22532093846834883,0.30367419212040725,0.12306330234617087,0.34794156706507307
0.22801590808661068,0.3035793194874061,0.12107821475916924,0.347326557666814
0.22979467016164265,0.2992573176059415,0.12276103101791175,0.34818698121450414
0.22466960352422907,0.3022026431718062,0.12422907488986784,0.34889867841409694
0.22563652326602282,0.29982440737489024,0.12467076382791922,0.3498683055311677
0.22601839684625494,0.3044240035041612,0.12133158125273763,0.34822601839684625
0.22587719298245615,0.31140350877192985,0.11535087719298245,0.3473684210526316
0.22611744084136723,0.3063102541630149,0.1196319018404908,0.3479404031551271
0.22546419098143236,0.3094606542882405,0.11803713527851459,0.34703801945181256
0.22869757174392935,0.3011037527593819,0.11699779249448124,0.35320088300220753
0.2323943661971831,0.3076584507042254,0.11355633802816902,0.34639084507042256
0.22982991713911904,0.31094635848233754,0.113388573920628,0.3458351504579154
0.22601839684625494,0.31274638633377133,0.11213315812527376,0.34910205869469996
0.22939866369710468,0.31536748329621384,0.11625835189309577,0.33897550111358576
0.23127463863337713,0.31274638633377133,0.11914148050810337,0.33683749452474815
0.23226090788893786,0.31026884089907447,0.11943587483472895,0.3380343763772587
0.24060150375939848,0.3051747014595312,0.11941618752764263,0.3348076072534277
0.23759791122715404,0.30983463881636203,0.11879895561357702,0.3337684943429069
0.24447391688771,0.3037135278514589,0.11715296198054818,0.33465959328028294
0.24890829694323144,0.3052401746724891,0.11397379912663755,0.3318777292576419
0.24944419742107604,0.3041351711871943,0.11249444197421075,0.3339261894175189
0.2503299604047514,0.30576330840299165,0.10866695996480423,0.3352397712274527
0.24770642201834864,0.3071210135430319,0.10878112712975098,0.3363914373088685
0.2504370629370629,0.305506993006993,0.10926573426573427,0.3347902097902098
0.24480777728678746,0.30844012372956253,0.11179849756959788,0.3349536014140521
0.24690265486725663,0.3106194690265487,0.11106194690265486,0.33141592920353985
0.24436588599204595,0.3168360583296509,0.11356606274856386,0.3252319929297393
0.25011008366358434,0.31616028181417877,0.11096433289299867,0.3227653016292382
0.24660534384581692,0.3219448094612352,0.10775295663600526,0.32369689005694263
0.24415011037527592,0.32538631346578367,0.10596026490066225,0.32450331125827814
0.24206349206349206,0.33377425044091713,0.10802469135802469,0.31613756613756616
0.2460456942003515,0.3339191564147627,0.10852372583479789,0.3115114235500879
0.2445414847161572,0.3314410480349345,0.1131004366812227,0.3109170305676856
0.25100133511348466,0.33377837116154874,0.10947930574098798,0.30574098798397864
0.2490135905304691,0.33494081543182813,0.10872424375274002,0.3073213502849627
0.24529128339903636,0.33683749452474815,0.10950503723171266,0.30836618484450284
0.2432192085371276,0.33970653623832814,0.10893730546909737,0.30813694975544687
0.24801762114537446,0.3299559471365639,0.10881057268722467,0.313215859030837
0.24489795918367346,0.3300043421623969,0.11289622231871473,0.31220147633521494
0.24547461368653423,0.3337748344370861,0.11125827814569536,0.30949227373068433
0.2537379067722076,0.3311345646437995,0.11257695690413369,0.30255057167985927
0.2588183421516755,0.32936507936507936,0.10802469135802469,0.3037918871252205
0.26052631578947366,0.32105263157894737,0.10964912280701754,0.3087719298245614
0.2602558447287164,0.3202470224966917,0.1129245699161888,0.3065725628584032
0.2638146167557932,0.32887700534759357,0.1140819964349376,0.29322638146167557
0.26731363034847816,0.333480370533745,0.11248345831495368,0.2867225408028231
0.27340332458442695,0.3293963254593176,0.1137357830271216,0.28346456692913385
0.27011494252873564,0.33244916003536695,0.11140583554376658,0.28603006189213087
0.2721658579620644,0.33083370092633435,0.11601235112483459,0.28098808998676666
0.2707501109631602,0.33999112294718153,0.1118508655126498,0.2774079005770084
0.27264692885550157,0.34158197083517455,0.11268228015908087,0.27308882015024305
0.2761946514686541,0.3419552827707146,0.10916264796142043,0.27268741779921085
0.2784865816102068,0.34227892652881653,0.11262648482182139,0.2666080070391553
0.27336860670194,0.3509700176366843,0.11155202821869488,0.2641093474426808
0.273568281938326,0.3497797356828194,0.11277533039647578,0.26387665198237886
0.2712014134275618,0.3498233215547703,0.10821554770318022,0.2707597173144876
0.2649647887323944,0.35563380281690143,0.10695422535211267,0.27244718309859156
0.26154529307282415,0.3521314387211368,0.10879218472468917,0.2775310834813499
0.26256006989951947,0.3521188291830494,0.11402359108781127,0.2712975098296199
0.2643524699599466,0.35202492211838005,0.11748998664886515,0.2661326212728082
0.25904677846425417,0.353045013239188,0.11120917917034422,0.2766990291262136
0.2646017699115044,0.35353982300884956,0.1075221238938053,0.2743362831858407
0.2638580931263858,0.34944567627494455,0.11352549889135255,0.2731707317073171
0.2656042496679947,0.35502434705621955,0.10934041611332448,0.27003098716246127
0.26411815812337097,0.3531711555169418,0.10773240660295395,0.2749782797567333
0.261060008760403,0.3556723609286027,0.10950503723171266,0.27376259307928164
0.2636001769128704,0.3573639982308713,0.10526315789473684,0.27377266696152147
0.26625927542557837,0.35835879528590137,0.10344827586206896,0.2719336534264513
0.26919682259488087,0.3596646072374228,0.10061782877316858,0.2705207413945278
0.2682926829268293,0.3558362369337979,0.09886759581881534,0.2770034843205575
0.27048458149779736,0.3458149779735683,0.10440528634361233,0.27929515418502204
0.27467248908296943,0.3475982532751092,0.10087336244541485,0.27685589519650655
0.27288810260946483,0.34630694383016364,0.09818664307828394,0.2826183104820876
0.27252650176678445,0.3454063604240283,0.09938162544169611,0.2826855123674912
0.2766143106457243,0.34336823734729494,0.10471204188481675,0.27530541012216403
0.2734132268086995,0.349312028406569,0.1051930758988016,0.2720816688859299
0.27188737351517817,0.34447866256049275,0.10646722393312802,0.27716673999120106
0.26860413914575076,0.3474240422721268,0.10435931307793923,0.2796125055041832
0.26857142857142857,0.3410989010989011,0.1054945054945055,0.28483516483516486
0.26992514310876264,0.33553500660501984,0.10391897842360194,0.2906208718626156
0.27224901359053044,0.33581762384918895,0.10565541429197721,0.2862779482683034
0.27709251101321586,0.33524229074889866,0.10396475770925111,0.28370044052863436
0.27256715103478646,0.3337736679876706,0.10656098634962571,0.2870981946279172
0.2758164165931156,0.3393645189761695,0.10503089143865843,0.2797881729920565
0.2760600706713781,0.33436395759717313,0.10247349823321555,0.2871024734982332
0.2773882559158633,0.34312007011393514,0.10078878177037687,0.2787028921998247
0.2756637168141593,0.3345132743362832,0.10973451327433628,0.28008849557522125
0.2718791648156375,0.334517992003554,0.10661928031985785,0.28698356286095067
0.27349290780141844,0.33156028368794327,0.1077127659574468,0.2872340425531915
0.2740150509074812,0.33510402833111996,0.10624169986719788,0.28463922089420096
0.27344090710859137,0.3249018752725687,0.11033580462276493,0.291321412996075
0.2687089715536105,0.3212253829321663,0.11641137855579868,0.2936542669584245
0.2735723771580345,0.31252766710934043,0.11819389110225764,0.2957060646303674
0.273972602739726,0.31330092797171893,0.11179849756959788,0.30092797171895713
0.27525363917071016,0.3167181296868108,0.1129245699161888,0.2951036612262902
0.2704485488126649,0.31266490765171506,0.11609498680738786,0.3007915567282322
0.2703423743886172,0.31213872832369943,0.11871943085815918,0.2987994664295242
0.27080581241743723,0.3108762659621312,0.11889035667107001,0.2994275649493615
0.2703296703296703,0.3054945054945055,0.12263736263736263,0.30153846153846153
0.2673960612691466,0.30897155361050327,0.12341356673960613,0.300218818380744
0.2646669607410675,0.3026025584472872,0.12439347154830172,0.3083370092633436
0.25663331883427576,0.3075250108742932,0.12396694214876033,0.31187472814267075
0.2621231979030144,0.3075578855395369,0.1236347750109218,0.30668414154652685
0.26060070671378094,0.31404593639575973,0.12190812720848057,0.3034452296819788
0.2682926829268293,0.3095343680709534,0.11662971175166297,0.3055432372505543
0.2661361626878868,0.3138815207780725,0.11007957559681697,0.3099027409372237
0.2671922908453789,0.30398598335523436,0.11651335961454228,0.3123083661848445
0.26666666666666666,0.30419426048565124,0.11699779249448124,0.3121412803532009
0.2681318681318681,0.2997802197802198,0.12043956043956044,0.31164835164835164
0.27007943512797883,0.3049426301853486,0.11518093556928509,0.30979699911738745
0.2712087912087912,0.3037362637362637,0.11164835164835164,0.3134065934065934
0.27233115468409586,0.29978213507625273,0.11198257080610022,0.3159041394335512
0.27074235807860264,0.2995633187772926,0.11877729257641921,0.3109170305676856
0.2679767753461367,0.3054935238945958,0.11299687360428763,0.3135328271549799
0.27090592334494773,0.30226480836236935,0.1093205574912892,0.3175087108013937
0.275,0.30043859649122806,0.10570175438596491,0.318859649122807
0.2751766784452297,0.29858657243816256,0.11086572438162544,0.31537102473498235
0.2724046140195209,0.29591836734693877,0.10869565217391304,0.32298136645962733
0.2698763250883392,0.29372791519434627,0.11174911660777385,0.3246466431095406
0.2682280159080866,0.28811312417145385,0.11356606274856386,0.3300927971718957
0.2742932862190813,0.2862190812720848,0.10909893992932862,0.3303886925795053
0.275022143489814,0.28255093002657217,0.11071744906997343,0.3317094774136404
0.26999558108705257,0.2770658418029165,0.11135660627485638,0.34158197083517455
0.2764731945059814,0.26982720425343376,0.11120957022596367,0.34249003101462117
0.28162717925793473,0.2682163611980331,0.10773357174787662,0.34242288779615554
0.28096280087527353,0.26914660831509846,0.10634573304157549,0.3435448577680525
0.2850838481906443,0.2687555163283319,0.10370697263901148,0.34245366284201234
0.2810978308986277,0.27445772465692786,0.10447100486941124,0.3399734395750332
0.2804878048780488,0.27090592334494773,0.10322299651567944,0.34538327526132406
0.28152753108348133,0.2655417406749556,0.10390763765541741,0.34902309058614567
0.275740167918692,0.26866990720282813,0.10207688908528502,0.3535130357931949
0.2773626373626374,0.2632967032967033,0.10197802197802198,0.35736263736263735
0.2772146319964742,0.26531511679153813,0.10577346848832085,0.35169678272366683
0.2717678100263852,0.2691292875989446,0.11125769569041337,0.34784520668425684
0.2702108963093146,0.2693321616871705,0.11115992970123023,0.3492970123022847
0.27156125608137993,0.2693498452012384,0.11366651923927466,0.34542237947810706
0.26914660831509846,0.26783369803063456,0.11159737417943107,0.3514223194748359
0.27569475077194533,0.2655491839435377,0.10939567710630789,0.3493603881782091
0.27677390921110623,0.2622300572939621,0.10973997355663288,0.35125605993829884
0.27768014059753954,0.2596660808435852,0.11159929701230228,0.3510544815465729
0.2855233853006682,0.26547884187082404,0.10779510022271716,0.3412026726057906
0.2862144420131291,0.2647702407002188,0.10547045951859957,0.3435448577680525
0.28350970017636684,0.26146384479717816,0.10626102292768959,0.3487654320987654
0.2832014072119613,0.25725593667546176,0.10554089709762533,0.3540017590149516
0.28804587560652845,0.26246140273489194,0.1027790030877812,0.3467137185707984
0.2923280423280423,0.2566137566137566,0.10449735449735449,0.34656084656084657
0.2952173913043478,0.2669565217391304,0.09869565217391305,0.3391304347826087
0.29815303430079154,0.2638522427440633,0.10026385224274406,0.33773087071240104
0.2927689594356261,0.26146384479717816,0.10361552028218694,0.3421516754850088
0.29386155855463647,0.261645624727906,0.10491946016543317,0.33957335655202436
0.2902097902097902,0.2674825174825175,0.10664335664335664,0.3356643356643357
0.2868525896414343,0.267817618415228,0.10889774236387782,0.33643204957945994
0.28452797202797203,0.25874125874125875,0.10926573426573427,0.34746503496503495
0.2851476421330983,0.25297487880123404,0.11679153812252094,0.34508594094314676
0.28162185985015425,0.249889819303658,0.11679153812252094,0.35169678272366683
0.2823788546255507,0.25462555066079295,0.11585903083700441,0.347136563876652
0.2841409691629956,0.2537444933920705,0.11013215859030837,0.3519823788546256
0.2835820895522388,0.2633889376646181,0.10491659350307288,0.3481123792800702
0.28368794326241137,0.26906028368794327,0.10638297872340426,0.3408687943262411
0.28302731751007615,0.2651141961486789,0.109717868338558,0.34214061800268697
0.28433098591549294,0.2676056338028169,0.11267605633802817,0.335387323943662
0.27860915492957744,0.26936619718309857,0.11223591549295775,0.3397887323943662
0.2786885245901639,0.2724856003544528,0.11342490031014621,0.33540097474523706
0.27525363917071016,0.2774591971768858,0.11468901632112924,0.3325981473312748
0.27441449403446755,0.2770658418029165,0.11621741051701281,0.3323022536456032
0.27917217084984586,0.2809335094671951,0.11272567151034786,0.3271686481726112
0.28145550197281893,0.27224901359053044,0.11530030688294608,0.3309951775537045
0.2774617067833698,0.2687089715536105,0.12166301969365427,0.3321663019693654
0.2774617067833698,0.26783369803063456,0.1212253829321663,0.3334792122538293
0.2802269751200349,0.2710606721955478,0.1178524661719773,0.33085988651243997
0.2857142857142857,0.2595385980479148,0.11978704525288376,0.3349600709849157
0.2847740236946029,0.25888547608600265,0.12022817025010969,0.33611232996928475
0.2883082373782108,0.2537643932683791,0.12311780336581045,0.33480956598759964
0.281917211328976,0.25577342047930285,0.12156862745098039,0.34074074074074073
0.27989487516425754,0.2527376259307928,0.11738939991239597,0.34997809899255367
0.2839614373356705,0.24934268185801928,0.11437335670464505,0.3523225241016652
0.27972027972027974,0.2517482517482518,0.11276223776223776,0.3557692307692308
0.2847769028871391,0.2458442694663167,0.11286089238845144,0.3565179352580927
0.27851458885941643,0.2484526967285588,0.11229000884173299,0.36074270557029176
0.2777777777777778,0.2482363315696649,0.11331569664902998,0.36067019400352734
0.2784365393061045,0.24462011418533158,0.11550285463328941,0.3614404918752745
0.27989487516425754,0.24660534384581692,0.10906701708278581,0.36443276390713975
0.2857775808595481,0.24767390341160833,0.11165263624280018,0.3548958794860434
0.28104286345558993,0.2412726469288555,0.11489173663278833,0.36279275298276625
0.2850262697022767,0.2425569176882662,0.11558669001751314,0.35683012259194397
0.2847740236946029,0.2387011847301448,0.11320754716981132,0.363317244405441
0.28773168578993824,0.2409532215357458,0.11209179170344219,0.3592233009708738
0.28886925795053003,0.24293286219081273,0.11174911660777385,0.35644876325088337
0.2944542253521127,0.24295774647887325,0.1113556338028169,0.3512323943661972
0.2916666666666667,0.24210526315789474,0.11052631578947368,0.3557017543859649
0.29177602799650043,0.23622047244094488,0.11504811898512686,0.3569553805774278
0.29463500439753737,0.23306948109058928,0.1169744942832014,0.35532102022867196
0.2957559681697613,0.23342175066312998,0.11494252873563218,0.35587975243147657
0.2918848167539267,0.231239092495637,0.12216404886561955,0.35471204188481675
0.29414354909731394,0.2307353588727433,0.12505504183179217,0.35006605019815057
0.2944812362030905,0.23002207505518762,0.1262693156732892,0.34922737306843266
0.29584245076586435,0.22669584245076588,0.12385120350109409,0.3536105032822757
0.29190371991247266,0.2350109409190372,0.12210065645514223,0.35098468271334793
0.2902654867256637,0.23761061946902653,0.1252212389380531,0.34690265486725663
0.2912793271359008,0.23461708720672864,0.12306330234617087,0.35104028331119963
0.2906925452139391,0.2368769298632554,0.12659902955447727,0.3458314953683282
0.29442970822281167,0.23342175066312998,0.12245800176834659,0.34969053934571176
0.29925077126487437,0.23093873953283384,0.11855442926399296,0.35125605993829884
0.3038698328935796,0.23131046613896217,0.11741424802110818,0.34740545294635006
0.30615861763402746,0.2259636685866194,0.11386796632698272,0.3540097474523704
0.31526016615653696,0.2133799737647573,0.11456055968517709,0.35679930039352864
0.32346442775077333,0.21034025629695094,0.11533362792752982,0.35086168802474593
0.3254385964912281,0.21447368421052632,0.11535087719298245,0.3447368421052632
0.32497801231310464,0.2088830255057168,0.11565523306948108,0.35048372911169745
0.32677165354330706,0.21566054243219598,0.11592300962379702,0.3416447944006999
0.3318642573821067,0.21330982811811372,0.11458792419568092,0.34023799030409874
0.3318603623508617,0.21210782147591692,0.1179849756959788,0.3380468404772426
0.33510167992926615,0.21131741821396993,0.11450044208664899,0.3390804597701149
0.33625602805786936,0.208680403331872,0.11617711530030689,0.33888645330995176
0.33083700440528635,0.20969162995594715,0.12026431718061674,0.3392070484581498
0.32982917214191854,0.21638195356986423,0.11519929916776171,0.33858957512045557
0.3287731685789938,0.21315092674315975,0.11959399823477493,0.33848190644307147
0.3321663019693654,0.21969365426695842,0.11859956236323851,0.3295404814004376
0.32517482517482516,0.21678321678321677,0.12106643356643357,0.3369755244755245
0.32284840541721277,0.2219309742245522,0.12145041502839668,0.33377020532983837
0.32556093268807745,0.21865376154861416,0.12186537615486141,0.33391992960844696
0.3276165347405453,0.218117854001759,0.12269129287598944,0.33157431838170626
0.3277161862527716,0.21995565410199558,0.12017738359201774,0.3321507760532151
0.32691466083150983,0.2201312910284464,0.11597374179431072,0.33698030634573306
0.32441911442349847,0.2253397632617273,0.11091626479614204,0.3393248575186322
0.32270916334661354,0.2319610447100487,0.10978308986277113,0.33554670208056664
0.3141728828433524,0.23387450636243967,0.11101360245721807,0.3409390083369899
0.3220338983050847,0.23163841807909605,0.11169056931768796,0.33463711429813126
0.31060272767267927,0.23977122745270568,0.11482622085349758,0.33479982402111746
0.3118899733806566,0.23425022182786157,0.11401952085181899,0.3398402839396628
0.31132487975513773,0.23436816790555312,0.11412330564057717,0.34018364669873197
0.3131578947368421,0.22807017543859648,0.11842105263157894,0.34035087719298246
0.30602302922940655,0.2382639503985828,0.11426040744021258,0.34145261293179807
0.3059340659340659,0.24307692307692308,0.10813186813186813,0.34285714285714286
0.3054101221640489,0.2395287958115183,0.11169284467713787,0.34336823734729494
0.30245829675153646,0.23661106233538193,0.11325724319578578,0.3476733977172959
0.30087719298245613,0.2381578947368421,0.11798245614035088,0.3429824561403509
0.29590488771466317,0.24350506384852488,0.11096433289299867,0.3496257155438133
0.29543459174714665,0.24012291483757683,0.11281826163301141,0.35162423178226515
0.29598214285714286,0.2392857142857143,0.1125,0.3522321428571429
0.2974628171478565,0.2440944881889764,0.11242344706911636,0.3460192475940507
0.2923485183547103,0.25785050862450243,0.11322423706324636,0.3365767359575409
0.2879581151832461,0.2530541012216405,0.11474694589877836,0.34424083769633507
0.2857773851590106,0.25176678445229683,0.11881625441696113,0.34363957597173145
0.2804395604395604,0.2549450549450549,0.12571428571428572,0.3389010989010989
0.282141290039491,0.2549363756033348,0.12637121544537078,0.33655111891180345
0.27643703378674855,0.258446687143484,0.12593242650285214,0.3391838525669153
0.27699115044247785,0.25486725663716814,0.12389380530973451,0.34424778761061947
0.2786026200873362,0.2541484716157205,0.125764192139738,0.3414847161572052
0.2839451570101725,0.25696594427244585,0.12605042016806722,0.33303847854931445
0.2886734244160423,0.2613486117232261,0.12340237990304098,0.3265755839576906
0.28998242530755713,0.2609841827768014,0.12038664323374342,0.3286467486818981
0.29102167182662536,0.2574082264484741,0.12118531623175587,0.33038478549314465
0.2872108249672632,0.26233085988651245,0.11828895678742907,0.3321693583587953
0.2845779938135219,0.2682280159080866,0.11842686699072029,0.3287671232876712
0.28558797524314766,0.2625994694960212,0.11494252873563218,0.33687002652519893
0.28727590730214253,0.26366418889374726,0.11674682990817666,0.33231307389593356
0.2926613616268789,0.25906277630415564,0.1220159151193634,0.32625994694960214
0.2872952633908809,0.26073483842408146,0.12040725984949092,0.3315626383355467
0.2864035087719298,0.2662280701754386,0.11842105263157894,0.32894736842105265
0.28838625489343195,0.2640278381905176,0.11831230969986951,0.32927359721618094
0.29094922737306844,0.2662251655629139,0.11346578366445915,0.3293598233995585
0.292415607189829,0.25865848312143797,0.11530030688294608,0.33362560280578696
0.2926829268292683,0.2613240418118467,0.11280487804878049,0.33318815331010454
0.29372791519434627,0.2575088339222615,0.11219081272084806,0.3365724381625442
0.2945533769063181,0.2579520697167756,0.110239651416122,0.33725490196078434
0.2950391644908616,0.25326370757180156,0.11183637946040034,0.3398607484769365
0.2953436807095344,0.25587583148558757,0.1130820399113082,0.33569844789356984
0.28659885006634234,0.25873507297655907,0.11853162317558602,0.33613445378151263
0.2857142857142857,0.258021978021978,0.11604395604395605,0.3402197802197802
0.2889083735203858,0.25734327049539674,0.11661551950898728,0.3371328364752302
0.28870475359790665,0.2577409507195813,0.11426079372001745,0.3392935019624945
0.2894387980556783,0.2620415377817057,0.1104728236853734,0.3380468404772426
0.291044776119403,0.2581211589113257,0.11194029850746269,0.3388937664618086
0.291832229580574,0.258719646799117,0.11346578366445915,0.33598233995584986
0.2941696113074205,0.26104240282685515,0.11219081272084806,0.3325971731448763
0.2951754385964912,0.2578947368421053,0.11052631578947368,0.3364035087719298
0.29906956136464335,0.25786442179884805,0.10943730615861763,0.333628710677891
0.30417582417582417,0.2610989010989011,0.10813186813186813,0.3265934065934066
0.2989782318969347,0.2603287427809862,0.10839626832518881,0.33229675699689026
0.29429960229783475,0.25894829871851527,0.1100309323906319,0.3367211665930181
0.2981148619026743,0.25471284524331433,0.11354669004822446,0.33362560280578696
0.29440282062582634,0.25914499779638606,0.11414720141031291,0.3323049801674747
0.29225352112676056,0.258362676056338,0.1153169014084507,0.3340669014084507
0.2915015411712902,0.27080581241743723,0.10656098634962571,0.33113166006164685
0.2885042166000888,0.27385707944962273,0.1083000443852641,0.3293386595650244
0.28678745028722935,0.27750773309765797,0.10737958462218294,0.32832523199292973
0.28728070175438597,0.27456140350877195,0.1074561403508772,0.3307017543859649
0.2853982300884956,0.26946902654867255,0.11106194690265486,0.334070796460177
0.2862206468763846,0.27558706247230835,0.1076650420912716,0.33052724856003546
0.28703296703296705,0.2712087912087912,0.1076923076923077,0.33406593406593404
0.29292929292929293,0.26701800614844096,0.10935441370223979,0.33069828722002637
0.2882172579938677,0.26850635129215944,0.11300919842312747,0.3302671922908454
0.2814159292035398,0.2752212389380531,0.1079646017699115,0.33539823008849556
0.28793256433007985,0.26974267968056787,0.10825199645075421,0.33407275953859805
0.29185119574845,0.26483613817537643,0.1120460584588131,0.3312666076173605
0.29086115992970124,0.2702108963093146,0.11467486818980668,0.3242530755711775
0.29050772626931565,0.26578366445916113,0.11699779249448124,0.32671081677704195
0.2935301780286583,0.2653061224489796,0.11550151975683891,0.32566217976552325
0.2951111111111111,0.26666666666666666,0.11422222222222222,0.324
0.29318681318681317,0.26065934065934065,0.11516483516483517,0.330989010989011
0.29706011408512506,0.2549363756033348,0.12066695919262835,0.3273365511189118
0.29554477282752534,0.24878694309660343,0.12174680194089105,0.33392148213498013
0.29726148409893993,0.2539752650176678,0.11704946996466431,0.33171378091872794
0.3013698630136986,0.2421564295183385,0.11886875828546177,0.3376049491825011
0.30225364560318163,0.24348210340256296,0.11665930181175431,0.3376049491825011
0.30407801418439717,0.2398049645390071,0.11569148936170212,0.3404255319148936
0.3012205754141238,0.23931996512641673,0.11377506538796861,0.3456843940714908
0.2996005326231691,0.24500665778961384,0.11717709720372836,0.3382157123834887
0.300923889133304,0.24725032996040475,0.11042674879014518,0.3413990321161461
0.29782512205947625,0.24234354194407456,0.11096316023080337,0.3488681757656458
0.2952255803766973,0.2483574244415243,0.11519929916776171,0.34121769601401664
0.29853398489560196,0.2501110617503332,0.11195024433585073,0.3394047090182141
0.2983693256941384,0.25341560158660204,0.11106214191273689,0.3371529308065227
0.3011889035667107,0.24966974900924702,0.11316600616468515,0.33597534125935713
0.29243623570800353,0.24802110817941952,0.11345646437994723,0.3460861917326297
0.2848914488258751,0.2419140451927337,0.11918475852902083,0.3540097474523704
0.28835978835978837,0.24911816578483245,0.11684303350970017,0.345679012345679
0.28046078865750995,0.25033229951262737,0.12095702259636686,0.3482498892334958
0.28533916849015317,0.25076586433260395,0.12560175054704595,0.33829321663019696
0.28021248339973437,0.24524125719344844,0.12970340858787074,0.34484285081894644
0.2892199824715162,0.23838737949167396,0.12971078001752848,0.3426818580192813
0.28182616330114135,0.237928007023705,0.13652326602282705,0.3437225636523266
0.2831858407079646,0.2420353982300885,0.13584070796460176,0.33893805309734515
0.2748460861917326,0.24318381706244502,0.13852242744063326,0.3434476693051891
0.2744227353463588,0.2433392539964476,0.14298401420959148,0.3392539964476021
0.2768758227292672,0.2378236068451075,0.1421676173760421,0.34313295304958313
0.2833990363556724,0.23696890056942618,0.1401664476565922,0.3394656154183092
0.29188712522045857,0.23192239858906524,0.13977072310405644,0.33641975308641975
0.2925229558373415,0.23305640577175338,0.14779186707477043,0.32662877131613466
0.2894158981115503,0.22880983750548967,0.1422924901185771,0.339481774264383
0.2914462081128748,0.2257495590828924,0.13977072310405644,0.3430335097001764
0.2932330827067669,0.2260061919504644,0.1384343210968598,0.3423264042459089
0.2884275618374558,0.22438162544169613,0.14001766784452296,0.3471731448763251
0.29040852575488457,0.22513321492007105,0.13454706927175844,0.34991119005328597
0.2939885914874945,0.22729267222465993,0.13295304958315052,0.34576568670469504
0.2890556045895852,0.22771403353927624,0.1328331862312445,0.3503971756398941
0.2907801418439716,0.22695035460992907,0.1351950354609929,0.3470744680851064
0.2910777385159011,0.22703180212014135,0.13162544169611307,0.3502650176678445
0.29554477282752534,0.22408469342743714,0.13321570357300397,0.3471548301720335
0.29263992948435436,0.2238871749669458,0.13001322168356105,0.3534596738651388
0.29969284774023697,0.22027204914436158,0.13251426064063185,0.3475208424747696
0.30535015224010437,0.2192257503262288,0.1291866028708134,0.3462374945628534
0.3043286219081272,0.21996466431095407,0.12897526501766785,0.3467314487632509
0.30680302356602934,0.2254335260115607,0.1302801244997777,0.3374833259226323
0.3060513713539399,0.2237701349586417,0.13365259033521984,0.3365259033521985
0.30367419212040725,0.22487826471890218,0.1341301460823373,0.33731739707835323
0.30398230088495576,0.22566371681415928,0.13539823008849558,0.3349557522123894
0.3071210135430319,0.22411533420707733,0.13848842289209262,0.3302752293577982
0.3038698328935796,0.22207563764291996,0.13720316622691292,0.3368513632365875
0.3021710234824989,0.22241914045192734,0.13557820115197164,0.33983163491360213
0.29969284774023697,0.2250987275120667,0.13821851689337428,0.3369899078543221
0.29867256637168144,0.21814159292035398,0.13893805309734514,0.34424778761061947
0.30718378140149843,0.21859850154252974,0.1366240634640811,0.3375936535918907
0.3033112582781457,0.22649006622516557,0.1293598233995585,0.3408388520971302
