R,A,S,N
0.0,0.0,0.0,1.0
0.4,0.0,0.0,0.6
0.2727272727272727,0.0,0.18181818181818182,0.5454545454545454
0.3157894736842105,0.0,0.21052631578947367,0.47368421052631576
0.2857142857142857,0.0,0.2,0.5142857142857142
0.288135593220339,0.0,0.23728813559322035,0.4745762711864407
0.3146067415730337,0.0,0.25842696629213485,0.42696629213483145
0.3161764705882353,0.014705882352941176,0.2647058823529412,0.40441176470588236
0.3556701030927835,0.010309278350515464,0.27319587628865977,0.36082474226804123
0.3660377358490566,0.022641509433962263,0.27547169811320754,0.33584905660377357
0.36443148688046645,0.03498542274052478,0.29737609329446063,0.3032069970845481
0.3544018058690745,0.04740406320541761,0.3002257336343115,0.2979683972911964
0.3486725663716814,0.061946902654867256,0.2938053097345133,0.29557522123893804
0.3390804597701149,0.07902298850574713,0.28879310344827586,0.29310344827586204
0.3411764705882353,0.09176470588235294,0.29058823529411765,0.27647058823529413
0.3217477656405164,0.10724925521350546,0.29096325719960275,0.2800397219463754
0.30999146029035013,0.11784799316823227,0.2852263023057216,0.28693424423569597
0.3059087509349289,0.12789827973074047,0.2931937172774869,0.27299925205684367
0.29735099337748344,0.13642384105960265,0.2867549668874172,0.27947019867549666
0.2943952802359882,0.1463126843657817,0.2914454277286136,0.26784660766961654
0.2843347639484979,0.15396995708154507,0.29130901287553645,0.2703862660944206
0.28730964467005077,0.16395939086294417,0.27715736040609135,0.2715736040609137
0.29127579737335835,0.1674484052532833,0.27345215759849906,0.2678236397748593
0.29981884057971014,0.16983695652173914,0.26992753623188404,0.2604166666666667
0.3025322079075966,0.16703687250111063,0.2674366948023101,0.26299422478898266
0.2992988606485539,0.1730937773882559,0.268624014022787,0.2589833479404032
0.2982842058952926,0.16981962164540254,0.27232732072151344,0.2595688517377915
0.2910612065169529,0.178335535006605,0.265962131219727,0.2646411272567151
0.29084537888742884,0.1747700394218134,0.2724485326325011,0.2619360490582567
0.2927689594356261,0.17239858906525574,0.26675485008818345,0.26807760141093473
0.28891820580474936,0.17458223394898856,0.262532981530343,0.27396657871591906
0.2906925452139391,0.17468019408910454,0.2606969563299515,0.27393030436700483
0.2923485183547103,0.17116320212295444,0.25961963732861565,0.2768686421937196
0.28665207877461707,0.1737417943107221,0.2603938730853392,0.2792122538293217
0.2888402625820569,0.17199124726477025,0.26258205689277897,0.2765864332603939
0.28822495606326887,0.1726713532513181,0.2618629173989455,0.2772407732864675
0.2977602108036891,0.17039964866051824,0.2520860781730347,0.279754062362758
0.29378283712784586,0.17381786339754815,0.2583187390542907,0.27408056042031526
0.298021978021978,0.1701098901098901,0.25054945054945055,0.2813186813186813
0.2936753648827952,0.18133569217160547,0.24502432551968156,0.2799646174259177
0.2869757174392936,0.18233995584988963,0.24415011037527592,0.2865342163355408
0.29096545615589015,0.18290522586359612,0.23604960141718334,0.29007971656333037
0.29208570179274157,0.18320944468736336,0.2334936598163533,0.29121119370354176
0.28789864569681084,0.18173875054608998,0.23765836609873306,0.2927042376583661
0.29161118508655126,0.18686196182867287,0.22947181535730138,0.2920550377274745
0.29409190371991245,0.18949671772428883,0.22669584245076588,0.2897155361050328
0.29634522236900046,0.19374724790841039,0.22545134302069572,0.28445618670189343
0.29571303587051617,0.19597550306211722,0.2283464566929134,0.2799650043744532
0.3099955966534566,0.19638925583443417,0.2192866578599736,0.27432848965213563
0.3091703056768559,0.18951965065502183,0.225764192139738,0.2755458515283843
0.30245829675153646,0.19271290605794555,0.2212467076382792,0.2835820895522388
0.3051519154557464,0.19815059445178335,0.21532364597093792,0.2813738441215324
0.2984084880636605,0.20247568523430592,0.22236958443854996,0.27674624226348365
0.30560420315236425,0.2031523642732049,0.2149737302977233,0.27626970227670755
0.2993827160493827,0.2037037037037037,0.2222222222222222,0.27469135802469136
0.3048672566371681,0.20486725663716815,0.21460176991150443,0.2756637168141593
0.3076923076923077,0.20017482517482518,0.21896853146853146,0.2731643356643357
0.3043863535666814,0.20336730172795747,0.22330527248560036,0.26894107221976077
0.3044631020768891,0.20371188687582856,0.22624834290764473,0.26557666813963765
0.3070521243977223,0.20280332895313186,0.22426631625054752,0.2658782303985983
0.3069087688219663,0.20194862710363154,0.22586359610274578,0.2652790079716563
0.30368098159509205,0.20289219982471515,0.22392638036809817,0.26950043821209463
0.302683677958645,0.2014958205015398,0.22173339199296085,0.2740871095468544
0.2994275649493615,0.2038749449581682,0.22545134302069572,0.2712461470717745
0.3022847100175747,0.2060632688927944,0.22012302284710017,0.27152899824253074
0.2982300884955752,0.2084070796460177,0.2234513274336283,0.26991150442477874
0.2924901185770751,0.21695212999560826,0.2231005709266579,0.26745718050065875
0.3004405286343612,0.2105726872246696,0.2171806167400881,0.27180616740088104
0.29978118161925604,0.212253829321663,0.21706783369803062,0.2708971553610503
0.2996005326231691,0.21615623612960497,0.20861074123391035,0.2756324900133156
0.30402449693788275,0.21303587051618547,0.20866141732283464,0.2742782152230971
0.31252766710934043,0.21956617972554227,0.19964586100044268,0.2682602921646746
0.310586176727909,0.22178477690288714,0.20253718285214348,0.2650918635170604
0.303968600087222,0.22372437854339294,0.20279110335804623,0.26951591801133884
0.297787610619469,0.23141592920353982,0.20265486725663717,0.268141592920354
0.3005729396209784,0.22829440282062582,0.20361392684001764,0.2675187307183781
0.30035026269702275,0.22942206654991243,0.20052539404553416,0.26970227670753066
0.29832303618711387,0.22992056487202117,0.19549867608120036,0.2762577228596646
0.29498000888494,0.2310084406930253,0.19991115059973344,0.2741003998223012
0.2960352422907489,0.2290748898678414,0.19955947136563876,0.2753303964757709
0.2873100983020554,0.22966934763181412,0.20017873100983022,0.2828418230563003
0.29,0.23391304347826086,0.2008695652173913,0.2752173913043478
0.28584070796460176,0.23893805309734514,0.20176991150442478,0.2734513274336283
0.2875816993464052,0.2326797385620915,0.20784313725490197,0.2718954248366013
0.2893356643356643,0.23513986013986013,0.20585664335664336,0.2696678321678322
0.2906208718626156,0.2404227212681638,0.2056362835755174,0.2633201232937032
0.2883435582822086,0.24145486415425066,0.20201577563540754,0.26818580192813324
0.29183049366535607,0.23940585408475318,0.20227173438182613,0.26649191786806464
0.2960352422907489,0.24052863436123348,0.19691629955947137,0.2665198237885463
0.29645824223874073,0.2435505028421513,0.18933100131176214,0.27066025360734586
0.2989556135770235,0.2454308093994778,0.18711923411662315,0.26849434290687557
0.2945804195804196,0.24825174825174826,0.18138111888111888,0.2757867132867133
0.29157573112178087,0.24879965080750763,0.1802706241815801,0.2793539938891314
0.28884986830553117,0.2510974539069359,0.1804214223002634,0.2796312554872695
0.2828282828282828,0.2560386473429952,0.17742643829600352,0.28370663153271847
0.2872855257369116,0.2578090629124505,0.18125824901011878,0.2736471623405191
0.28136042402826855,0.2628091872791519,0.18109540636042404,0.2747349823321555
0.28471309680245294,0.25843188786684185,0.18134034165571616,0.27551467367498905
0.29175848391361836,0.2626707800793301,0.1767298369325694,0.26884089907448216
0.2955250332299513,0.2565352237483385,0.18342933097031458,0.26451041205139564
0.2951036612262902,0.2562858403176004,0.18085575650639613,0.26775474194971327
0.2984154929577465,0.2557218309859155,0.18045774647887325,0.2654049295774648
0.29352580927384075,0.25809273840769903,0.18110236220472442,0.2672790901137358
0.29442970822281167,0.2546419098143236,0.1847922192749779,0.2661361626878868
0.2914462081128748,0.25970017636684306,0.17945326278659612,0.26940035273368607
0.2920901458241273,0.2571807335395493,0.1811754308440124,0.2695536897923111
0.29696436427628686,0.2591289045314562,0.18301803783545975,0.2608886933567972
0.29565602836879434,0.25975177304964536,0.18395390070921985,0.26063829787234044
0.2927689594356261,0.2583774250440917,0.18694885361552027,0.2619047619047619
0.2934447866256049,0.258688957325121,0.18169819621645403,0.26616805983282005
0.29699084169210643,0.2529437418229394,0.18360226777147842,0.2664631487134758
0.29908176650634016,0.25010931351114996,0.1810231744643638,0.26978574551814605
0.30026338893766463,0.2510974539069359,0.17822651448639157,0.2704126426690079
0.2966549295774648,0.25044014084507044,0.17781690140845072,0.27508802816901406
0.2926073483842408,0.25630810092961487,0.17397078353253653,0.2771137671536078
0.2900662251655629,0.25695364238410595,0.17439293598233996,0.2785871964679912
0.2903930131004367,0.25633187772925764,0.17336244541484716,0.27991266375545854
0.2935739436619718,0.25264084507042256,0.1738556338028169,0.27992957746478875
0.2992957746478873,0.25704225352112675,0.1738556338028169,0.269806338028169
0.29767645769399387,0.25208241999123193,0.17711530030688294,0.27312582200789126
0.3006189213085765,0.257736516357206,0.17329796640141468,0.26834659593280286
0.29713024282560707,0.25518763796909494,0.17483443708609273,0.2728476821192053
0.29094922737306844,0.2565121412803532,0.17086092715231788,0.28167770419426047
0.29835482436638505,0.25477990217874613,0.1694086260560249,0.2774566473988439
0.290956749672346,0.2564438619484491,0.17256443861948448,0.2800349497597204
0.2872340425531915,0.261968085106383,0.16843971631205673,0.2823581560283688
0.2931184668989547,0.2626306620209059,0.1720383275261324,0.272212543554007
0.2913732394366197,0.2640845070422535,0.1742957746478873,0.27024647887323944
0.28722934158197083,0.26734423331860363,0.1780821917808219,0.26734423331860363
0.2892670157068063,0.26657940663176266,0.1793193717277487,0.2648342059336824
0.2798605056669573,0.26721883173496075,0.18352223190932868,0.26939843068875324
0.2844600526777875,0.26382791922739246,0.1839332748024583,0.2677787532923617
0.28690319754708715,0.25843188786684185,0.18396846254927726,0.2706964520367937
0.2891352549889135,0.2611973392461197,0.18580931263858094,0.2638580931263858
0.2884955752212389,0.26194690265486725,0.18893805309734513,0.2606194690265487
0.2891246684350133,0.259946949602122,0.1878868258178603,0.2630415561450044
0.2956171735241503,0.25894454382826476,0.1851520572450805,0.26028622540250446
0.2944867772299417,0.25997310623038994,0.18691169878978037,0.25862841774988793
0.3037918871252205,0.25749559082892415,0.17989417989417988,0.2588183421516755
0.3037918871252205,0.2583774250440917,0.17680776014109348,0.26102292768959434
0.3020017406440383,0.2628372497824195,0.17580504786771106,0.25935596170583114
0.3024369016536118,0.2650130548302872,0.17711053089643167,0.2554395126196693
0.3085339168490153,0.26258205689277897,0.17024070021881837,0.25864332603938733
0.3099647266313933,0.26278659611992944,0.167989417989418,0.25925925925925924
0.30823737821080605,0.26660761736049604,0.16607617360496013,0.25907883082373784
0.31161971830985913,0.27244718309859156,0.1602112676056338,0.2557218309859155
0.31176213379973766,0.2763445561871447,0.1574114560559685,0.2544818539571491
0.3170838823012736,0.28019323671497587,0.15590689503732982,0.24681598594642074
0.31422319474835886,0.287527352297593,0.15054704595185994,0.24770240700218818
0.32097130242825606,0.28123620309050773,0.15408388520971303,0.24370860927152319
0.31457687195392114,0.2871067789100576,0.15197164377492248,0.24634470536109881
0.3147902869757174,0.284326710816777,0.1532008830022075,0.247682119205298
0.3150684931506849,0.2819266460450729,0.15510384445426426,0.2479010163499779
0.3129637712789175,0.2828459188127455,0.15888258402444347,0.2453077258838935
0.3216348289649045,0.2794313638382941,0.15504220346512662,0.24389160373167482
0.32028156621205456,0.27672679278486584,0.15442146942366916,0.24857017157941047
0.32555066079295153,0.2748898678414097,0.1524229074889868,0.24713656387665198
0.32639503985828167,0.27723649247121346,0.15279007971656333,0.24357838795394154
0.33362989323843417,0.26868327402135234,0.15258007117437722,0.2451067615658363
0.3239929947460595,0.2626970227670753,0.1628721541155867,0.2504378283712785
0.3185644661054497,0.2676118741692512,0.16083296411165263,0.25299069561364645
0.3216035634743875,0.266369710467706,0.1603563474387528,0.2516703786191537
0.32164767747589834,0.26117440841367223,0.15775635407537247,0.25942156003505695
0.31943835015357613,0.26722246599385696,0.1509433962264151,0.26239578762615184
0.3206140350877193,0.2657894736842105,0.14956140350877192,0.26403508771929823
0.3153271848924023,0.2678963548528766,0.15239350021958717,0.26438296003513395
0.31993006993006995,0.26267482517482516,0.1520979020979021,0.2652972027972028
0.3140826299422479,0.2612172367836517,0.1505997334517992,0.2741003998223012
0.31858019281332167,0.2572304995617879,0.15249780893952672,0.27169149868536374
0.31084656084656087,0.26322751322751325,0.14947089947089948,0.27645502645502645
0.3080279232111693,0.26090750436300175,0.15357766143106458,0.2774869109947644
0.30897155361050327,0.2673960612691466,0.1536105032822757,0.2700218818380744
0.3069087688219663,0.27015057573073514,0.15544729849424269,0.2674933569530558
0.306948109058927,0.27308707124010556,0.1534740545294635,0.26649076517150394
0.30407801418439717,0.27349290780141844,0.15425531914893617,0.26817375886524825
0.3024608501118568,0.2738255033557047,0.1534675615212528,0.2702460850111857
0.306140350877193,0.27324561403508774,0.15219298245614035,0.26842105263157895
0.31266490765171506,0.2717678100263852,0.1517150395778364,0.2638522427440633
0.3121131741821397,0.27586206896551724,0.14721485411140584,0.26480990274093724
0.3058720420683611,0.2747589833479404,0.1485539000876424,0.2708150744960561
0.3068432671081678,0.2772626931567329,0.15055187637969095,0.2653421633554084
0.3099955966534566,0.2774108322324967,0.14795244385733158,0.2646411272567151
0.3100088573959256,0.27723649247121346,0.1470327723649247,0.2657218777679362
0.3043859649122807,0.268859649122807,0.1530701754385965,0.2736842105263158
0.3141223053233612,0.2639683238011439,0.1469423669159701,0.27496700395952484
0.31092801387684305,0.2710320901994796,0.14614050303555942,0.27189939288811793
0.3114247904719894,0.26731363034847816,0.1482134980149978,0.2730480811645346
0.3158359064843405,0.27040141155712394,0.145125716806352,0.2686369651521835
0.3209444687363358,0.2710975076519458,0.1429820725841714,0.264975951027547
0.31590509666080846,0.2702108963093146,0.14499121265377857,0.2688927943760984
0.31558098591549294,0.2640845070422535,0.14744718309859156,0.272887323943662
0.3114463176574978,0.26619343389529726,0.1468500443655723,0.2755102040816326
0.30566534914361,0.26570048309178745,0.14800175669740886,0.28063241106719367
0.30078809106830123,0.271015761821366,0.14623467600700527,0.2819614711033275
0.30286975717439296,0.26490066225165565,0.14392935982339955,0.2883002207505519
0.3013274336283186,0.2676991150442478,0.14823008849557523,0.2827433628318584
0.3018867924528302,0.26985519964896887,0.1500658183413778,0.2781921895568232
0.30975395430579966,0.25746924428822493,0.1515817223198594,0.281195079086116
0.30367419212040725,0.26117751217352814,0.14741035856573706,0.2877379371403276
0.30959752321981426,0.2636001769128704,0.1450685537372844,0.28173374613003094
0.30742204655248134,0.25999121651295565,0.1484409310496267,0.2841458058849363
0.3099647266313933,0.2623456790123457,0.14858906525573193,0.2791005291005291
0.31008771929824563,0.2649122807017544,0.1442982456140351,0.2807017543859649
0.3101487314085739,0.26290463692038496,0.1399825021872266,0.2869641294838145
0.3129973474801061,0.2612732095490716,0.14058355437665782,0.28514588859416445
0.3083989501312336,0.26246719160104987,0.14129483814523183,0.2878390201224847
0.3082010582010582,0.2588183421516755,0.14638447971781304,0.2865961199294533
0.3028571428571429,0.2589010989010989,0.14813186813186813,0.29010989010989013
0.31375108790252393,0.24760661444734552,0.1453437771975631,0.29329852045256743
0.3099647266313933,0.25440917107583777,0.14462081128747795,0.291005291005291
0.3126376045794804,0.2571554381329811,0.13914575077058564,0.2910612065169529
0.31063268892794377,0.26142355008787344,0.14323374340949033,0.28471001757469244
0.3063143752798925,0.2624272279444693,0.14151365875503807,0.2897447380206001
0.3062583222370173,0.26142920550377274,0.1411451398135819,0.29116733244562804
0.30826410144293837,0.25623087013554874,0.14341932662877133,0.29208570179274157
0.30974224552206203,0.25906509392747923,0.14154652686762778,0.28964613368283093
0.30978499341816584,0.2566915313734094,0.14348398420359806,0.2900394910048267
0.3,0.2592920353982301,0.14601769911504425,0.29469026548672567
0.29815303430079154,0.2598944591029024,0.1437994722955145,0.29815303430079154
0.29894179894179895,0.26278659611992944,0.1424162257495591,0.2958553791887125
0.2993854258121159,0.25680421422300265,0.1417910447761194,0.30201931518876207
0.30614973262032086,0.25668449197860965,0.13903743315508021,0.29812834224598933
0.3087129588677576,0.2503317116320212,0.14020344980097302,0.3007518796992481
0.31007067137809186,0.24911660777385158,0.1413427561837456,0.299469964664311
0.30408073716542344,0.24659938569548048,0.14480035103115402,0.3045195261079421
0.29911894273127754,0.2515418502202643,0.14185022026431718,0.307488986784141
0.295873573309921,0.25417032484635643,0.14486391571553994,0.3050921861281826
0.29045092838196285,0.25287356321839083,0.14633068081343945,0.3103448275862069
0.29164825452938575,0.25762262483429077,0.14670790985417587,0.3040212107821476
0.2966213251426064,0.25625274243089075,0.14041246160596754,0.30671347082053535
0.2963780918727915,0.25618374558303886,0.13604240282685512,0.3113957597173145
0.2966064345526664,0.25297487880123404,0.1361833406787131,0.3142353459673865
0.29411764705882354,0.2556390977443609,0.13710747456877487,0.3131357806280407
0.29491673970201576,0.26205083260297984,0.13540753724802804,0.30762489044697633
0.292415607189829,0.2634809294169224,0.13502849627356422,0.30907496711968435
0.29010989010989013,0.26461538461538464,0.13934065934065934,0.3059340659340659
0.29383471797114125,0.2606034105815479,0.14035854831657193,0.30520332313073895
0.28960070206230804,0.2602018429135586,0.13821851689337428,0.3119789381307591
0.2958685028876055,0.25233229675699687,0.1408262994224789,0.3109729009329187
0.3073878627968338,0.25021987686895336,0.13544415127528583,0.306948109058927
0.30391304347826087,0.25565217391304346,0.13260869565217392,0.30782608695652175
0.3028972783143108,0.25768217734855137,0.1321334503950834,0.30728709394205445
0.30833333333333335,0.25526315789473686,0.1337719298245614,0.3026315789473684
0.3034934497816594,0.25807860262008736,0.13537117903930132,0.30305676855895197
0.3014354066985646,0.2622879512831666,0.1339712918660287,0.3023053501522401
0.3005679335954565,0.254259501965924,0.13892529488859764,0.30624726955002185
0.30158730158730157,0.25,0.1419753086419753,0.3064373897707231
0.2998220640569395,0.24822064056939502,0.14056939501779359,0.3113879003558719
0.30375874125874125,0.24956293706293706,0.14204545454545456,0.30463286713286714
0.30092797171895713,0.25187803800265135,0.14096332302253645,0.30623066725585507
0.3021519543258674,0.2547211242863417,0.13746157224418093,0.30566534914361
0.30610452349582784,0.25384277558190604,0.13438735177865613,0.30566534914361
0.2999124343257443,0.2552539404553415,0.138353765323993,0.3064798598949212
0.2951036612262902,0.2518747243052492,0.13850904278782533,0.3145125716806352
0.29295154185022027,0.24713656387665198,0.13876651982378854,0.3211453744493392
0.29080510338759347,0.2498900131984162,0.13462384513858336,0.32468103827540695
0.28932461873638343,0.2522875816993464,0.13202614379084968,0.32636165577342047
0.28975265017667845,0.25176678445229683,0.13162544169611307,0.32685512367491165
0.289740202553941,0.24790841039189784,0.13562307353588726,0.32672831351827386
0.2912280701754386,0.2442982456140351,0.1394736842105263,0.325
0.2890556045895852,0.24536628420123566,0.14033539276257723,0.32524271844660196
0.2896703296703297,0.24879120879120878,0.13406593406593406,0.3274725274725275
0.28596724214254093,0.24656927844178841,0.1394422310756972,0.3280212483399734
0.2958500669344043,0.24408746095493083,0.13699241410084784,0.32307005800981703
0.29507475813544415,0.24098504837291118,0.14204045734388743,0.32189973614775724
0.29279080053073864,0.24148606811145512,0.14639540026536932,0.31932773109243695
0.28779840848806365,0.24447391688771,0.14942528735632185,0.3183023872679045
0.29676573426573427,0.24562937062937062,0.1472902097902098,0.3103146853146853
0.29911894273127754,0.2475770925110132,0.1444933920704846,0.30881057268722467
0.2998673153471915,0.24590888987173817,0.1468376824413976,0.3073861123396727
0.29626373626373625,0.24967032967032968,0.1454945054945055,0.30857142857142855
0.2946389011962782,0.256092157731502,0.1431103234381923,0.30615861763402746
0.29584245076586435,0.25557986870897154,0.14179431072210066,0.3067833698030635
0.2859048465984882,0.2618941751889729,0.14895509115162295,0.303245887060916
0.2915387987724682,0.25515124945199474,0.1442349846558527,0.30907496711968435
0.29078947368421054,0.25526315789473686,0.14078947368421052,0.3131578947368421
0.2869641294838145,0.2585301837270341,0.1426071741032371,0.3118985126859143
0.28302712160979876,0.2642169728783902,0.14348206474190725,0.3092738407699038
0.2858399296394019,0.26824978012313105,0.1437994722955145,0.3021108179419525
0.28690685413005274,0.26362038664323373,0.14455184534270651,0.30492091388400705
0.28420123565754635,0.2669902912621359,0.14474845542806708,0.30406001765225066
0.28797886393659183,0.265962131219727,0.14002642007926025,0.30603258476442097
0.2904363155575143,0.25782282944028206,0.14103129131776113,0.31070956368444247
0.2838427947598253,0.2646288209606987,0.1423580786026201,0.3091703056768559
0.28628318584070794,0.2628318584070796,0.1407079646017699,0.3101769911504425
0.28848698720776356,0.26687251874724305,0.13718570798411997,0.3074547860608734
0.28182616330114135,0.2726075504828797,0.1382791922739245,0.30728709394205445
0.28484054172127565,0.26955002184359983,0.14110965487112276,0.30449978156400176
0.28665207877461707,0.2700218818380744,0.14179431072210066,0.3015317286652079
0.28074041427941826,0.2745702952842662,0.14235345967386515,0.3023358307624504
0.27939876215738285,0.27541998231653403,0.1419098143236074,0.3032714412024757
0.2813186813186813,0.27472527472527475,0.1468131868131868,0.29714285714285715
0.2887817703768624,0.26993865030674846,0.147239263803681,0.29404031551270815
0.28100263852242746,0.2726473175021988,0.14951627088830255,0.29683377308707126
0.2848324514991182,0.2707231040564374,0.14506172839506173,0.2993827160493827
0.2845814977973568,0.2682819383259912,0.14405286343612334,0.3030837004405286
0.28696796840719613,0.2702939885914875,0.14260640631856078,0.3001316366827556
0.2927256792287467,0.2677475898334794,0.1411042944785276,0.29842243645924627
0.2944542253521127,0.26936619718309857,0.13776408450704225,0.2984154929577465
0.2967372134038801,0.2619047619047619,0.1353615520282187,0.30599647266313934
0.3017543859649123,0.268859649122807,0.13421052631578947,0.2951754385964912
0.30061619718309857,0.26936619718309857,0.13512323943661972,0.2948943661971831
0.29775033083370095,0.26687251874724305,0.13365681517423908,0.30172033524481695
0.30022075055187636,0.2631346578366446,0.13289183222958056,0.30375275938189844
0.30013106159895153,0.26605504587155965,0.1380515508955876,0.29576234163390125
0.30004399472063353,0.25692916849978004,0.13902331720193578,0.3040035195776507
0.30017528483786154,0.26205083260297984,0.13847502191060473,0.2992988606485539
0.2983835736129314,0.2599388379204893,0.14329401485364787,0.2983835736129314
0.2990736656374063,0.2576091751213057,0.14600794000882222,0.29730921923246584
0.2970471573380344,0.2560599382988101,0.14543851917144116,0.3014543851917144
0.30135786246167323,0.24791940429259746,0.14673674989049496,0.30398598335523436
0.30163644405130474,0.25829279080053075,0.14020344980097302,0.2998673153471915
0.30759104870557263,0.25625274243089075,0.1439227731461167,0.29223343571741994
0.31261022927689597,0.25044091710758376,0.14682539682539683,0.29012345679012347
0.3045195261079421,0.2566915313734094,0.1474330846862659,0.2913558578323826
0.3042907180385289,0.2596322241681261,0.14798598949211908,0.28809106830122594
0.3038478549314463,0.2529854046881911,0.15214506855373727,0.29102167182662536
0.30176211453744495,0.2515418502202643,0.1524229074889868,0.29427312775330394
0.3022847100175747,0.2543936731107206,0.15377855887521968,0.28954305799648505
0.2960209881941408,0.25666812418014867,0.160034980323568,0.28727590730214253
0.30040232454179705,0.25838176128743856,0.15601251676352257,0.2852033974072418
0.29871851524524967,0.25497127706584183,0.16084843128590368,0.28546177640300485
0.29293809938971227,0.25414123801220573,0.16434176111595467,0.2885789014821273
0.29006968641114983,0.25435540069686413,0.16637630662020905,0.289198606271777
0.29219920669898636,0.25341560158660204,0.15910092551784927,0.29528426619656234
0.28337028824833704,0.25809312638580933,0.15964523281596452,0.29889135254988913
0.2831936479929422,0.25319805910895454,0.16365240405822673,0.2999558888398765
0.28533568904593637,0.247791519434629,0.16386925795053003,0.3030035335689046
0.2841506129597198,0.2486865148861646,0.16024518388791595,0.30691768826619964
0.2793468667255075,0.2524271844660194,0.1557811120917917,0.3124448367166814
0.27456140350877195,0.2482456140350877,0.16096491228070176,0.3162280701754386
0.27385159010600707,0.2495583038869258,0.16519434628975266,0.3113957597173145
0.27393030436700483,0.24614027348919276,0.16321129245699162,0.3167181296868108
0.27396657871591906,0.25021987686895336,0.1565523306948109,0.31926121372031663
0.2703768624014023,0.25197195442594217,0.1551270815074496,0.32252410166520595
0.2708150744960561,0.2537248028045574,0.15337423312883436,0.3220858895705521
0.26807760141093473,0.2508818342151676,0.15388007054673722,0.3271604938271605
0.26887821911828896,0.25141859450021825,0.15102575294631165,0.32867743343518113
0.2778021978021978,0.2553846153846154,0.1454945054945055,0.3213186813186813
0.27240773286467485,0.2513181019332162,0.14894551845342707,0.3273286467486819
0.2779973649538867,0.2494510320597277,0.14448836187966624,0.32806324110671936
0.27699736611062337,0.25636523266022826,0.1417910447761194,0.32484635645302895
0.28103146853146854,0.2548076923076923,0.14117132867132867,0.32298951048951047
0.28463922089420096,0.2580787959274015,0.14032757857459052,0.31695440460380697
0.2774108322324967,0.2672831351827389,0.13782474680757376,0.31748128577719065
0.27440633245382584,0.26297273526824977,0.13808267370272648,0.3245382585751979
0.27116402116402116,0.26675485008818345,0.13756613756613756,0.32451499118165783
0.27848101265822783,0.26756874727193364,0.13051069402007856,0.32343954604975994
0.2772146319964742,0.26840017628911417,0.13089466725429705,0.3234905244601146
0.27137870855148344,0.268760907504363,0.12827225130890052,0.33158813263525305
0.2709620476610768,0.2709620476610768,0.12444836716681378,0.33362753751103263
0.2696530522617479,0.27755819060166886,0.12340799297321037,0.32938076416337286
0.2709424083769634,0.2787958115183246,0.11954624781849912,0.3307155322862129
0.2660831509846827,0.2761487964989059,0.12166301969365427,0.3361050328227571
0.269757174392936,0.2693156732891832,0.12362030905077263,0.3373068432671082
0.27804663440387156,0.27056753189617244,0.12098548174219094,0.33040035195776507
0.2796312554872695,0.2739244951712028,0.11984196663740122,0.32660228270412645
0.2833775419982317,0.27144120247568526,0.123342175066313,0.3218390804597701
0.2874331550802139,0.26871657754010697,0.12477718360071301,0.31907308377896615
0.28753852928225454,0.27432848965213563,0.11889035667107001,0.3192426243945399
0.2828860536735592,0.278926528816542,0.12362516498020237,0.31456225252969644
0.28403141361256545,0.27966841186736474,0.12085514834205933,0.31544502617801046
0.28948526176858774,0.2754069511658601,0.11966564012318522,0.31544214694236694
0.2898550724637681,0.27316644707949056,0.12033377250768555,0.31664470794905575
0.28995130588756085,0.2775564409030544,0.11730854360336432,0.3151837096060204
0.28558797524314766,0.27320954907161804,0.121131741821397,0.32007073386383733
0.28,0.2725274725274725,0.12131868131868132,0.3261538461538461
0.28167770419426047,0.2728476821192053,0.1196467991169978,0.3258278145695364
0.2855257369115706,0.27144742630884294,0.11482622085349758,0.32820061592608885
0.28289473684210525,0.2754385964912281,0.12236842105263158,0.3192982456140351
0.2838795394154119,0.27192205491585475,0.12134632418069087,0.3228520814880425
0.284452296819788,0.2712014134275618,0.12279151943462897,0.3215547703180212
0.2906619903551074,0.26698816308636564,0.12669881630863655,0.3156510302498904
0.29042179261862916,0.2640597539543058,0.12170474516695957,0.32381370826010547
0.29789103690685415,0.2623022847100176,0.11994727592267135,0.31985940246045697
0.291832229580574,0.26048565121412803,0.12141280353200883,0.3262693156732892
0.28608923884514437,0.26115485564304464,0.1220472440944882,0.33070866141732286
0.2886053673559173,0.26132864056313243,0.1271447426308843,0.322921249450066
0.2820061592608887,0.2652881654201496,0.12978442586889574,0.322921249450066
0.28324468085106386,0.262854609929078,0.1320921985815603,0.32180851063829785
0.2792236435818262,0.26643140714600794,0.12880458756065286,0.325540361711513
0.2830605926581159,0.2649270234409553,0.12958867757629366,0.32242370632463513
0.28565121412803535,0.26136865342163357,0.12671081677704193,0.3262693156732892
0.28495809439788267,0.26246140273489194,0.12704014115571238,0.325540361711513
0.2767379679144385,0.267825311942959,0.1270053475935829,0.3284313725490196
0.2820061592608887,0.2745270567531896,0.12010558732952045,0.32336119665640123
0.2809734513274336,0.27256637168141595,0.11946902654867257,0.3269911504424779
0.27467248908296943,0.26724890829694326,0.1205240174672489,0.3375545851528384
0.2745702952842662,0.27060379021595415,0.12428382547377699,0.33054208902600263
0.27415828596414515,0.2693484914735461,0.1289899431569742,0.3275032794053345
0.27337173238812584,0.2671688081524147,0.12715994683207799,0.3322995126273815
0.2721631205673759,0.274822695035461,0.12455673758865249,0.32845744680851063
0.27065026362038663,0.27460456942003514,0.12609841827768015,0.3286467486818981
0.27768014059753954,0.26845342706502634,0.12609841827768015,0.327768014059754
0.2753880266075388,0.2753880266075388,0.12549889135254988,0.3237250554323725
0.2793468667255075,0.2780229479258605,0.12224183583406885,0.32038834951456313
0.28264680105170903,0.27344434706397897,0.12094653812445223,0.3229623137598598
0.282039911308204,0.27671840354767185,0.11840354767184036,0.3228381374722838
0.2855245683930943,0.2793271359008411,0.11686586985391766,0.31828242585214694
0.2924988903683977,0.27518863737239235,0.11495783399911229,0.31735463826009763
0.2882327016306743,0.2776553547818422,0.10973997355663288,0.3243719700308506
0.29053461875547765,0.27607361963190186,0.10999123575810692,0.32340052585451357
0.28993821712268314,0.2727272727272727,0.1147396293027361,0.32259488084730803
0.2821522309711286,0.2747156605424322,0.11504811898512686,0.32808398950131235
0.28250330542089025,0.2750110180696342,0.11855442926399296,0.3239312472454826
0.28401585204755614,0.27256715103478646,0.11448701012769705,0.3289299867899604
0.289612676056338,0.2706866197183099,0.11487676056338028,0.3248239436619718
0.2946113074204947,0.2712014134275618,0.11086572438162544,0.32332155477031804
0.287467134092901,0.2721297107800175,0.11744084136722173,0.3229623137598598
0.28835164835164834,0.27472527472527475,0.11472527472527473,0.3221978021978022
0.28740675734971477,0.26985519964896887,0.11715664765247916,0.32558139534883723
0.2820968458462905,0.2794313638382941,0.11905819635717459,0.31941359395824076
0.28634167764602547,0.2722880983750549,0.1225296442687747,0.3188405797101449
0.28539724811362627,0.2756324900133156,0.12383488681757657,0.31513537505548156
0.28021015761821366,0.27495621716287216,0.1234676007005254,0.3213660245183888
0.2850262697022767,0.2736427320490368,0.12521891418563924,0.3161120840630473
0.28452797202797203,0.27797202797202797,0.12805944055944055,0.3094405594405594
0.280794701986755,0.2781456953642384,0.12980132450331125,0.31125827814569534
0.2795604395604396,0.27384615384615385,0.1265934065934066,0.32
0.28104286345558993,0.27485638532920903,0.12505523641184269,0.31904551480335835
0.2773626373626374,0.27824175824175823,0.12175824175824176,0.32263736263736265
0.2803532008830022,0.28344370860927154,0.11788079470198676,0.3183222958057395
0.28427065026362036,0.2820738137082601,0.11643233743409491,0.3172231985940246
0.2884108867427568,0.2853380158033363,0.11237928007023705,0.31387181738366987
0.28652668416447946,0.2755905511811024,0.11461067366579178,0.3232720909886264
0.29078947368421054,0.2793859649122807,0.11359649122807018,0.3162280701754386
0.29091706888986396,0.2803861342694164,0.11627906976744186,0.31241772707327775
0.2901531728665208,0.2849015317286652,0.11947483588621444,0.3054704595185996
0.28777923784494086,0.287341217696014,0.12352168199737187,0.30135786246167323
0.29086115992970124,0.2851493848857645,0.12126537785588752,0.30272407732864676
0.290251433612704,0.2831936479929422,0.12218791354212616,0.3043670048522276
0.287215411558669,0.27933450087565675,0.1256567425569177,0.30779334500875655
0.29280070237050043,0.276558384547849,0.12335381913959614,0.30728709394205445
0.2974156811213316,0.2680683311432326,0.12921594393342092,0.3053000438020149
0.2982456140350877,0.26842105263157895,0.13157894736842105,0.3017543859649123
0.2988556338028169,0.2623239436619718,0.1368838028169014,0.3019366197183099
0.3051747014595312,0.26581158779301195,0.13401149933657674,0.2950022114108801
0.3066079295154185,0.26343612334801764,0.13480176211453745,0.29515418502202645
0.2956252761820592,0.26866990720282813,0.13212549712770658,0.3035793194874061
0.29683377308707126,0.2704485488126649,0.13280562884784522,0.29991204925241866
0.295146480104941,0.27153476169654567,0.135111499781373,0.29820725841714035
0.2904363155575143,0.2772146319964742,0.13353900396650506,0.2988100484795064
0.2978817299205649,0.27537511032656664,0.13724624889673434,0.28949691085613416
0.29916040653999115,0.27353071144498453,0.14007954043305346,0.28722934158197083
0.30873956960913485,0.2683355292050944,0.13790074659639878,0.28502415458937197
0.3051948051948052,0.2714285714285714,0.1380952380952381,0.2852813852813853
0.3104359313077939,0.2712461470717745,0.130779392338177,0.28753852928225454
0.2992573176059415,0.2704237658366099,0.1288772389689821,0.30144167758846657
0.30616740088105726,0.26123348017621145,0.1299559471365639,0.3026431718061674
0.30524922805469784,0.2562858403176004,0.1310101455668284,0.3074547860608734
0.3064236111111111,0.2534722222222222,0.12977430555555555,0.3103298611111111
0.30282935455349247,0.2564102564102564,0.1273209549071618,0.3134394341290893
0.29911894273127754,0.25682819383259914,0.12334801762114538,0.320704845814978
0.29871851524524967,0.25231992929739283,0.12638091029606716,0.3225806451612903
0.3055555555555556,0.2517636684303351,0.12874779541446207,0.31393298059964725
0.2957871396895787,0.258980044345898,0.12727272727272726,0.317960088691796
0.2972972972972973,0.2618520159503766,0.12583074878156844,0.31501993797075767
0.3008888888888889,0.2617777777777778,0.12488888888888888,0.31244444444444447
0.29775280898876405,0.26707000864304237,0.12143474503025065,0.31374243733794294
0.2887723896898209,0.2691131498470948,0.11970292704237659,0.3224115334207077
0.2878521126760563,0.2636443661971831,0.12632042253521128,0.3221830985915493
0.28188214599824096,0.26605101143359716,0.13060686015831136,0.32145998240985046
0.27804663440387156,0.269687637483502,0.1271447426308843,0.3251209854817422
0.27841409691629954,0.2709251101321586,0.1277533039647577,0.3229074889867841
0.27264653641207814,0.2744227353463588,0.12522202486678508,0.327708703374778
0.2774869109947644,0.2696335078534031,0.12696335078534032,0.32591623036649214
0.27004405286343613,0.2748898678414097,0.12687224669603525,0.32819383259911894
0.26535087719298245,0.2741228070175439,0.12850877192982457,0.3320175438596491
0.26882661996497376,0.27583187390542907,0.13047285464098074,0.3248686514886165
0.26499118165784835,0.27380952380952384,0.12962962962962962,0.3315696649029982
0.2667829119442023,0.27898866608544026,0.12380122057541412,0.3304272013949433
0.2663115845539281,0.27518863737239235,0.12427873945849978,0.33422103861517977
0.2687029659141213,0.2726870296591412,0.1301460823373174,0.3284639220894201
0.2722838137472284,0.270509977827051,0.12682926829268293,0.3303769401330377
0.2750551876379691,0.26445916114790285,0.12759381898454747,0.3328918322295806
0.2701021768103065,0.2705464238116393,0.12838738338516215,0.33096401599289205
0.2738825591586328,0.2712532865907099,0.12795793163891322,0.32690622261174407
0.27641921397379915,0.27336244541484717,0.12838427947598252,0.32183406113537116
0.27296819787985865,0.2742932862190813,0.13162544169611307,0.321113074204947
0.278391515687141,0.2664604507291206,0.13300927971718957,0.32213875386654883
0.272202486678508,0.2690941385435169,0.141651865008881,0.31705150976909413
0.27312582200789126,0.2687417799210872,0.13853572994300745,0.319596668128014
0.2780678851174935,0.2650130548302872,0.14055700609225413,0.3163620539599652
0.26939843068875324,0.26765475152571927,0.14167393199651265,0.3212728857890148
0.27520553872782344,0.264820424058849,0.13890090869753355,0.321073128515794
0.27066666666666667,0.26266666666666666,0.14266666666666666,0.324
0.2702939885914875,0.26546731022378234,0.13997367266344887,0.32426502852128125
0.26444833625218916,0.2670753064798599,0.14273204903677758,0.3257443082311734
0.26593406593406593,0.27296703296703295,0.13846153846153847,0.32263736263736265
0.2661647475642161,0.27147918511957486,0.13684676705048715,0.3255093002657219
0.26354895104895104,0.2687937062937063,0.14248251748251747,0.32517482517482516
0.2709424083769634,0.26788830715532286,0.14048865619546247,0.3206806282722513
0.26690234202386215,0.26601855943437913,0.1444984533804684,0.3225806451612903
0.2708793636765356,0.25894829871851527,0.1453822359699514,0.3247901016349978
0.27312775330396477,0.26255506607929513,0.14405286343612334,0.32026431718061676
0.2705207413945278,0.26257722859664606,0.1443071491615181,0.32259488084730803
0.27461368653421636,0.25386313465783666,0.14701986754966886,0.32450331125827814
0.2692476902771667,0.2556093268807743,0.14958205015398152,0.32556093268807745
0.2662251655629139,0.2578366445916115,0.14834437086092717,0.3275938189845475
0.26532399299474607,0.25569176882662,0.1563047285464098,0.3226795096322242
0.263459841129744,0.2586054721977052,0.1553398058252427,0.32259488084730803
0.2624890446976337,0.26029798422436456,0.1551270815074496,0.3220858895705521
0.269687637483502,0.26044874615046193,0.14958205015398152,0.32028156621205456
0.2740511915269197,0.2599293909973522,0.14518976169461606,0.3208296557811121
0.27065026362038663,0.26142355008787344,0.14630931458699473,0.3216168717047452
0.268788682581786,0.25906277630415564,0.15163572060123784,0.32051282051282054
0.27441449403446755,0.2540874944763588,0.14670790985417587,0.3247901016349978
0.2750333778371162,0.2554517133956386,0.14285714285714285,0.32665776591010237
0.277851166886834,0.2575957727873184,0.13650374284456188,0.3280493174812858
0.2764731945059814,0.25387682764731945,0.14045192733717324,0.32919805050952594
0.2783687943262411,0.25310283687943264,0.14051418439716312,0.3280141843971631
0.2759982448442299,0.25010969723562965,0.14172882843352347,0.3321632294866169
0.2764835164835165,0.2549450549450549,0.13846153846153847,0.3301098901098901
0.27164835164835166,0.25846153846153846,0.13846153846153847,0.3314285714285714
0.2723292469352014,0.2570052539404553,0.14054290718038528,0.330122591943958
0.27336551118911806,0.25625274243089075,0.14348398420359806,0.32689776217639316
0.26702033598585323,0.2608311229000884,0.14235190097259062,0.3297966401414677
