R,A,S,N
0.0,1.0,0.0,0.0
0.3333333333333333,0.6666666666666666,0.0,0.0
0.4166666666666667,0.5833333333333334,0.0,0.0
0.43478260869565216,0.5652173913043478,0.0,0.0
0.4473684210526316,0.5,0.05263157894736842,0.0
0.44776119402985076,0.4925373134328358,0.05970149253731343,0.0
0.47115384615384615,0.4423076923076923,0.08653846153846154,0.0
0.4533333333333333,0.48,0.06666666666666667,0.0
0.43434343434343436,0.47474747474747475,0.08080808080808081,0.010101010101010102
0.42105263157894735,0.48872180451127817,0.07518796992481203,0.015037593984962405
0.39655172413793105,0.49137931034482757,0.08908045977011494,0.022988505747126436
0.3761467889908257,0.4954128440366973,0.0963302752293578,0.03211009174311927
0.3612167300380228,0.49049429657794674,0.10836501901140684,0.039923954372623575
0.3426356589147287,0.49147286821705427,0.11317829457364341,0.05271317829457364
0.3346456692913386,0.48293963254593175,0.1272965879265092,0.05511811023622047
0.32056892778993434,0.4671772428884026,0.14660831509846828,0.06564551422319474
0.30128205128205127,0.4633699633699634,0.16391941391941392,0.07142857142857142
0.2893081761006289,0.4559748427672956,0.17138364779874213,0.08333333333333333
0.2751540041067762,0.45242984257357977,0.1834360027378508,0.08898015058179329
0.26180257510729615,0.4488044144696505,0.19374616799509503,0.0956468424279583
0.2556976097832129,0.44969427459699834,0.19232907170650362,0.10227904391328516
0.2554931016862545,0.4522227899846704,0.19213081246806335,0.10015329586101175
0.2492753623188406,0.45458937198067634,0.1932367149758454,0.10289855072463767
0.25011579434923575,0.45067160722556737,0.19453450671607225,0.1046780917091246
0.2479010163499779,0.45779938135218734,0.18912947414935927,0.10517012814847547
0.256140350877193,0.45263157894736844,0.18201754385964913,0.10921052631578948
0.25381596162232883,0.4518098560837331,0.18621892716964675,0.10815525512429132
0.2506404782237404,0.448334756618275,0.19299743808710504,0.10802732707087959
0.2492453643811988,0.45579991375592926,0.18326865028029324,0.11168607158257869
0.2467755803955288,0.4548581255374033,0.18013757523645743,0.1182287188306105
0.24398625429553264,0.45919243986254293,0.17482817869415807,0.12199312714776632
0.24816889271865575,0.45325290822921155,0.17449375269280482,0.12408444635932787
0.24653979238754326,0.45112456747404844,0.1769031141868512,0.1254325259515571
0.24819071945508728,0.44870157513835673,0.17581949765857813,0.12728820774797786
0.2441760138050043,0.44823123382226054,0.17730802415875754,0.13028472821397757
0.24390243902439024,0.45614035087719296,0.17201540436456997,0.1279418057338468
0.2446351931330472,0.4532188841201717,0.16909871244635194,0.13304721030042918
0.24167747514051016,0.4561175961954172,0.16299178555987895,0.1392131431041937
0.23731728288907997,0.4591573516766982,0.16466036113499571,0.13886500429922613
0.24167378309137488,0.4645602049530316,0.1524338172502135,0.14133219470538003
0.24298662063012516,0.46094087181700477,0.15019421665947347,0.14587829089339663
0.24350787569178373,0.46275010642826736,0.14346530438484462,0.1502767134951043
0.24732563115104836,0.4638425331621737,0.13607188703465983,0.1527599486521181
0.24904377390565235,0.4594135146621334,0.13132171695707606,0.16022099447513813
0.2549187339606501,0.4602224123182207,0.12018819503849444,0.16467065868263472
0.25659574468085106,0.46,0.11914893617021277,0.16425531914893618
0.2507462686567164,0.47121535181236673,0.11130063965884861,0.16673773987206822
0.2519983172065629,0.46992006731173747,0.11190576356752209,0.16617585191417752
0.2552372808892689,0.46900384779820437,0.10517315091919624,0.17058572039333048
0.2543157894736842,0.46778947368421053,0.10863157894736843,0.16926315789473684
0.2552016985138004,0.4645435244161359,0.10021231422505308,0.1800424628450106
0.25687685146000844,0.460431654676259,0.10241218789674143,0.18027930596699113
0.25749261291684256,0.4617982271000422,0.09919797382861967,0.18151118615449557
0.2566596194503171,0.45961945031712476,0.0985200845665962,0.18520084566596196
0.25846023688663283,0.4619289340101523,0.0922165820642978,0.18739424703891708
0.2555084745762712,0.4648305084745763,0.08983050847457627,0.18983050847457628
0.25657336726039015,0.46140797285835455,0.08608990670059373,0.19592875318066158
0.2578059071729958,0.45864978902953585,0.08481012658227848,0.19873417721518988
0.257563025210084,0.4642857142857143,0.08361344537815125,0.19453781512605042
0.2621359223300971,0.4588433938370621,0.08400168847615028,0.1950189953566906
0.2579013906447535,0.45680573114201434,0.08386009270965024,0.20143278550358196
0.25892857142857145,0.4608843537414966,0.0782312925170068,0.20195578231292516
0.25848896434634977,0.45585738539898135,0.07427843803056026,0.21137521222410866
0.25910422771033903,0.4579321892005023,0.07115948095437422,0.21180410213478443
0.26013513513513514,0.46030405405405406,0.06883445945945946,0.21072635135135134
0.26362484157160965,0.4545838614279679,0.07182087029995775,0.20997042670046473
0.26455906821963393,0.45299500831946754,0.07029950083194675,0.21214642262895175
0.26491747778247987,0.4523910283537876,0.06686415573423614,0.2158273381294964
0.2713864306784661,0.4538558786346397,0.06278971765697429,0.21196797302991993
0.26872619551417687,0.45408379179009734,0.06305543800253914,0.2141345746931866
0.2699412258606213,0.4534005037783375,0.06213266162888329,0.21452560873215784
0.2687447346251053,0.45113732097725356,0.06023588879528222,0.21988205560235888
0.27019027484143765,0.4448202959830867,0.0613107822410148,0.22367864693446088
0.2721174004192872,0.4482180293501048,0.06079664570230608,0.2188679245283019
0.2714225411566062,0.4411143942591811,0.061629379485014776,0.22583368509919796
0.2742616033755274,0.4417721518987342,0.05907172995780591,0.22489451476793249
0.27219183845183004,0.44678165755153554,0.05721497686159024,0.22381152713504418
0.2719630096679277,0.44724674232870953,0.057166876839007986,0.22362337116435477
0.2799154334038055,0.43636363636363634,0.05623678646934461,0.22748414376321352
0.27563025210084036,0.43781512605042017,0.05672268907563025,0.22983193277310923
0.2818991097922849,0.4315387876218737,0.05553200508690123,0.23103009749894024
0.28830730265934995,0.42887294216969185,0.05149852258336851,0.2313212325875897
0.2854736842105263,0.4265263157894737,0.056842105263157895,0.23115789473684212
0.289242360820427,0.4311427375470908,0.053997488488907494,0.22561741314357472
0.28601427971440574,0.4279714405711886,0.05795884082318354,0.22805543889122218
0.2874476987447699,0.42845188284518826,0.055230125523012555,0.2288702928870293
0.29517819706498954,0.4226415094339623,0.050733752620545074,0.23144654088050315
0.29439055250948964,0.4213412062420919,0.05314213412062421,0.2311261071277942
0.29747899159663865,0.42142857142857143,0.04957983193277311,0.23151260504201682
0.3044564764681383,0.4144106622240733,0.04997917534360683,0.2311536859641816
0.3046192259675406,0.4190595089471494,0.04744069912609238,0.22888056595921766
0.30096679277007143,0.4190836485918453,0.04581757040773434,0.2341319882303489
0.30486257928118393,0.41733615221987314,0.041014799154334036,0.23678646934460887
0.30342237061769617,0.41736227045075125,0.040901502504173626,0.23831385642737896
0.3065662902551234,0.4127979924717691,0.03805938937682978,0.2425763278962777
0.3101424979044426,0.4115674769488684,0.037720033528918694,0.24056999161777032
0.3098827470686767,0.4074539363484087,0.03685092127303183,0.24581239530988275
0.31378299120234604,0.3984080435693339,0.03602848764139087,0.2517804775869292
0.3187919463087248,0.3976510067114094,0.034395973154362415,0.24916107382550334
0.31438127090301005,0.3975752508361204,0.03177257525083612,0.25627090301003347
0.3181247383842612,0.3993302637086647,0.02888237756383424,0.25366262034323983
0.3165557404326123,0.39642262895174707,0.03161397670549085,0.25540765391014975
0.3172268907563025,0.3983193277310924,0.03361344537815126,0.2508403361344538
0.3193916349809886,0.39205745669624,0.033375580904098014,0.25517532741867344
0.3164029975020816,0.3930058284762698,0.03288925895087427,0.25770191507077433
0.3205181780192227,0.3882156289176766,0.03384872544922691,0.2574174676138738
0.3233935321293574,0.3838723225535489,0.03527929441411172,0.2574548509029819
0.32749269920734253,0.3804755944931164,0.03629536921151439,0.2557363370880267
0.32636857501044714,0.37818637693272045,0.035102381947346425,0.260342666109486
0.3296795952782462,0.3718381112984823,0.03752107925801012,0.26096121416526136
0.3283395755305868,0.3741156887224303,0.03620474406991261,0.26133999167707034
0.3269311064718163,0.3803757828810021,0.03465553235908142,0.2580375782881002
0.3316561844863732,0.37358490566037733,0.033542976939203356,0.2612159329140461
0.33152627189324435,0.37155963302752293,0.03628023352793995,0.26063386155129276
0.33642887294216967,0.37188687209793164,0.03208104685521317,0.2596032081046855
0.3400588482555696,0.367801597309794,0.031946195880622114,0.26019335855401426
0.34537152345371525,0.36031548360315485,0.031133250311332503,0.26317974263179744
0.34531772575250835,0.35744147157190637,0.031354515050167224,0.26588628762541805
0.34472696957065446,0.36390162567736556,0.0283451438099208,0.26302626094205916
0.34474123539232054,0.36185308848080133,0.03005008347245409,0.26335559265442404
0.34390651085141904,0.35934891485809684,0.030884808013355594,0.26585976627712854
0.34705882352941175,0.35756302521008404,0.029411764705882353,0.26596638655462185
0.35101533360961457,0.3530874430169913,0.029009531703273934,0.26688769167012016
0.35517529215358934,0.34724540901502504,0.02712854757929883,0.2704507512520868
0.3528922180607574,0.3495630461922597,0.027049521431543905,0.27049521431543905
0.3572929802437999,0.3442622950819672,0.026061370323665407,0.2723833543505675
0.35496023440770197,0.3428212641272499,0.02971954792800335,0.2724989535370448
0.3591344153141906,0.33915938410320434,0.029546400332917187,0.2721598002496879
0.3588456712672522,0.34295273943956506,0.028439983270598077,0.2697616060225847
0.3617376775271512,0.33959899749373434,0.027986633249791143,0.2706766917293233
0.3629505448449287,0.33654652137468566,0.024727577535624476,0.2757753562447611
0.3653523489932886,0.33221476510067116,0.025587248322147652,0.27684563758389263
0.3663324979114453,0.3312447786131997,0.025898078529657476,0.27652464494569756
0.36998327759197325,0.3277591973244147,0.027591973244147156,0.2746655518394649
0.36952861952861954,0.33291245791245794,0.027356902356902357,0.2702020202020202
0.3768844221105528,0.32537688442211055,0.02554438860971524,0.2721943048576214
0.38190120381901205,0.32046492320464925,0.027812370278123704,0.26982150269821503
0.38522870331514897,0.3227024758707511,0.028115820394460762,0.2639530004196391
0.38464747601168126,0.31998331247392575,0.026282853566958697,0.2690863579474343
0.3859722805543889,0.32045359092818143,0.026039479210415793,0.26753464930701387
0.380293501048218,0.31865828092243187,0.029350104821802937,0.27169811320754716
0.37641628199748217,0.3256399496433068,0.027696181284095678,0.2702475870751154
0.38212058212058214,0.32765072765072767,0.02577962577962578,0.26444906444906446
0.38580375782881005,0.32609603340292276,0.025887265135699375,0.26221294363256786
0.38694929343308393,0.3258520365752286,0.0228595178719867,0.26433915211970077
0.39424280350438046,0.31998331247392575,0.0229453483521068,0.26282853566958697
0.398744769874477,0.31464435146443515,0.023430962343096235,0.26317991631799165
0.3995026937422296,0.31703273932863657,0.02403646912556983,0.259428097803564
0.4049792531120332,0.3136929460580913,0.022406639004149378,0.25892116182572616
0.4064972927946689,0.3119533527696793,0.025406080799666806,0.256143273635985
0.41198501872659177,0.3116937161880982,0.02455264253017062,0.25176862255513943
0.4117158288325717,0.3132530120481928,0.02700457000415455,0.24802658911508102
0.412106135986733,0.30638474295190715,0.028192371475953566,0.2533167495854063
0.4122329283619606,0.3146208630079598,0.025555090071219103,0.24759111855886048
0.4132887588800669,0.304220643543669,0.022983702465524447,0.25950689511073965
0.41379310344827586,0.30037390943082676,0.023680930619027835,0.26215205650186957
0.41624790619765495,0.2981574539363484,0.023450586264656615,0.26214405360134
0.4145228215767635,0.295850622406639,0.024066390041493777,0.26556016597510373
0.4230769230769231,0.29222408026755853,0.02508361204013378,0.25961538461538464
0.4232538686741949,0.28941865328314514,0.027185278126306986,0.260142199916353
0.4252199413489736,0.28780896522832006,0.028068705488060328,0.258902387934646
0.42535446205170974,0.2877397831526272,0.02585487906588824,0.2610508757297748
0.425531914893617,0.28660826032540676,0.024614100959532748,0.26324572382144346
0.4361880772460118,0.28001679261125106,0.026028547439126783,0.2577665827036104
0.43376514834935226,0.28123694107814456,0.028416213957375678,0.2565816966151275
0.4431865828092243,0.2763102725366876,0.03018867924528302,0.25031446540880503
0.4467026130236416,0.2725010369141435,0.02861883036084612,0.2521775197013687
0.44820384294068505,0.27401837928153716,0.030910609857978277,0.24686716791979949
0.45367677606979645,0.2742002492729539,0.029497299542999584,0.2426256751142501
0.45514950166112955,0.27367109634551495,0.028654485049833887,0.2425249169435216
0.46096345514950166,0.26785714285714285,0.028654485049833887,0.2425249169435216
0.4621464226289517,0.26830282861896837,0.02870216306156406,0.24084858569051582
0.46246872393661387,0.2635529608006672,0.028773978315262717,0.24520433694745622
0.46249481972648154,0.2606713634479901,0.02859510982179859,0.2482387070037298
0.46560402684563756,0.26174496644295303,0.025167785234899327,0.24748322147651006
0.4752598752598753,0.25862785862785864,0.027442827442827444,0.23866943866943868
0.4762704745905082,0.25535489290214197,0.028559428811423773,0.23981520369592607
0.48020008336807,0.2563568153397249,0.027928303459774907,0.23551479783243018
0.48180677540777916,0.2530322040987035,0.028439983270598077,0.2367210372229193
0.48092868988391374,0.25082918739635157,0.02902155887230514,0.2392205638474295
0.479297365119197,0.2551233793391886,0.028021748222501044,0.23755750731911335
0.48172757475083056,0.2520764119601329,0.027408637873754152,0.2387873754152824
0.4825145711906744,0.25187343880099916,0.026644462947543714,0.23896752706078267
0.48812994585589337,0.24947938359017077,0.02790503956684715,0.23448563098708872
0.488981288981289,0.2498960498960499,0.028274428274428276,0.23284823284823286
0.4872651356993737,0.2509394572025052,0.02881002087682672,0.23298538622129436
0.4962248322147651,0.24328859060402686,0.02978187919463087,0.23070469798657717
0.49750830564784054,0.2425249169435216,0.029900332225913623,0.23006644518272426
0.49750415973377704,0.240432612312812,0.03161397670549085,0.23044925124792012
0.5016652789342215,0.24396336386344714,0.03164029975020816,0.22273105745212324
0.5066445182724253,0.23754152823920266,0.029485049833887042,0.22632890365448505
0.5093244923331952,0.23704931620389558,0.030252797347699957,0.2233733941152093
0.5154682274247492,0.23202341137123747,0.028846153846153848,0.22366220735785952
0.5253668763102726,0.23186582809224318,0.029769392033542976,0.2129979035639413
0.5301204819277109,0.22600747818861652,0.029912754466140425,0.2139592854175322
0.5336116910229645,0.2267223382045929,0.030062630480167014,0.20960334029227556
0.532117695814339,0.225445503522586,0.03108164111065064,0.21135515955242437
0.5380434782608695,0.2161371237458194,0.03595317725752508,0.20986622073578595
0.5355213959285418,0.21769837972579975,0.03697548815953469,0.2098047361861238
0.5385577323884952,0.21717382242601083,0.03459774906210921,0.20967069612338474
0.5372451102788182,0.22055763628797337,0.03079483978360383,0.21140241364960466
0.5391628677994198,0.21591380024865314,0.03315375051802735,0.2117695814338997
0.5439330543933054,0.21171548117154812,0.030543933054393305,0.21380753138075315
0.5492723492723492,0.20706860706860708,0.029521829521829523,0.21413721413721415
0.5480649188514357,0.20557636287973366,0.030378693300041615,0.21598002496878901
0.5473815461346634,0.20989193682460516,0.030340814630091438,0.21238570241064006
0.5523255813953488,0.2059800664451827,0.03197674418604651,0.20971760797342193
0.5557404326123128,0.20590682196339435,0.032029950083194675,0.20632279534109818
0.558982909545644,0.20425177157148813,0.03251354731137974,0.20425177157148813
0.5514096185737977,0.208955223880597,0.03150912106135987,0.20812603648424544
0.5558798999165971,0.20683903252710592,0.029608006672226857,0.20767306088407006
0.555463232239302,0.21022019110926465,0.028666389696717906,0.2056501869547154
0.5562941420855837,0.20689655172413793,0.029912754466140425,0.20689655172413793
0.5539033457249071,0.20859149111937217,0.03180503923998348,0.2057001239157373
0.5522263836870579,0.20724094881398253,0.03495630461922597,0.20557636287973366
0.5525227460711332,0.20388751033912325,0.036807278742762614,0.20678246484698098
0.5576285240464345,0.20024875621890548,0.03648424543946932,0.20563847429519072
0.5609147609147609,0.19916839916839918,0.035343035343035345,0.20457380457380459
0.5658169661512745,0.19431675720852487,0.03635603844546594,0.20351023819473466
0.5697528278173439,0.19187264348554672,0.03519061583577713,0.20318391286133222
0.5717247097844113,0.19444444444444445,0.03316749585406302,0.20066334991708126
0.5744416873449132,0.195616211745244,0.033085194375516956,0.1968569065343259
0.5751661129568106,0.19352159468438537,0.029900332225913623,0.20141196013289037
0.573905862923204,0.19570602807597026,0.028488852188274155,0.2018992568125516
0.5727874276261373,0.19644334160463192,0.02729528535980149,0.20347394540942929
0.5710156895127994,0.19405450041288191,0.027663088356729974,0.20726672171758878
0.5768747381650607,0.19396732299958105,0.025136154168412233,0.20402178466694595
0.5783783783783784,0.19376299376299377,0.026611226611226613,0.20124740124740126
0.5767946577629383,0.19198664440734559,0.02671118530884808,0.2045075125208681
0.5766514333194849,0.19152471956792688,0.028250934773577065,0.20357291233901123
0.5769230769230769,0.18610421836228289,0.027708850289495452,0.20926385442514475
0.5753820735233375,0.18793886823626602,0.03139198678232136,0.20528707145807518
0.5736820257368203,0.1843088418430884,0.031133250311332503,0.21087588210875882
0.5757701915070774,0.18151540383014156,0.03330557868442964,0.20940882597835137
0.5786189683860233,0.18178036605657238,0.030782029950083195,0.20881863560732114
0.5851151315789473,0.18009868421052633,0.030016447368421052,0.20476973684210525
0.5892561983471074,0.18016528925619835,0.02933884297520661,0.2012396694214876
0.5927001244296972,0.18000829531314808,0.026959767731231855,0.20033181252592286
0.5929460580912863,0.1817427385892116,0.025311203319502075,0.2
0.5961857379767828,0.17827529021558872,0.026533996683250415,0.19900497512437812
0.6011632737847944,0.17366015787287079,0.02575820523473203,0.19941836310760283
0.6045643153526971,0.17012448132780084,0.025726141078838173,0.1995850622406639
0.603405315614618,0.16943521594684385,0.025332225913621262,0.20182724252491693
0.6086594504579517,0.16736053288925895,0.025811823480432972,0.19816819317235637
0.6132665832290363,0.1610346266166041,0.026282853566958697,0.19941593658740092
0.6055578598092078,0.16507673164661965,0.027374533388635422,0.20199087515553713
0.6076574722107864,0.16550020584602718,0.025113215314944422,0.2017291066282421
0.608119304059652,0.164043082021541,0.026926263463131733,0.20091135045567524
0.610813041683863,0.1601320676846884,0.025175402393726783,0.20387948823772184
0.6141797197032152,0.15663643858202803,0.024319868095630668,0.20486397361912614
0.6114333057166529,0.15865782932891467,0.026926263463131733,0.20298260149130073
0.6090569173244703,0.15953469048608226,0.027835479850436228,0.20357291233901123
0.6107883817427386,0.15933609958506223,0.02863070539419087,0.2012448132780083
0.6115463917525773,0.16041237113402063,0.030515463917525774,0.19752577319587628
0.6147473073736537,0.16114333057166527,0.028169014084507043,0.19594034797017398
0.6172069825436409,0.16458852867830423,0.029093931837073983,0.1891105569409809
0.6210177906495655,0.16425320645428218,0.02772031443938767,0.18700868845676458
0.6229847044233154,0.166597767672592,0.02645721372467962,0.18396031417941297
0.6231763234681117,0.16340141725719048,0.026677782409337224,0.18674447686536055
0.6235489220563848,0.162106135986733,0.026533996683250415,0.18781094527363185
0.6230801162308012,0.1598173515981735,0.026567040265670402,0.19053549190535493
0.622712146422629,0.16098169717138103,0.024958402662229616,0.1913477537437604
0.6288445552784705,0.16043225270157938,0.02369077306733167,0.18703241895261846
0.6302277432712216,0.1606625258799172,0.022774327122153208,0.18633540372670807
0.6292181069958848,0.16008230452674896,0.025102880658436213,0.18559670781893003
0.6284650393049235,0.15763342987174184,0.023169218038891187,0.19073231278444353
0.6331114808652246,0.15349417637271215,0.022462562396006656,0.19093178036605657
0.6391880695940348,0.1491300745650373,0.02444076222038111,0.1872410936205468
0.6448675496688742,0.14486754966887416,0.024420529801324503,0.18584437086092714
0.6436544026457214,0.14468788755684167,0.02645721372467962,0.18520049607275735
0.648301574150787,0.14581607290803644,0.02775476387738194,0.17812758906379453
0.6499793131981796,0.14315266859743483,0.02689284236657013,0.17997517583781547
0.6493990882718608,0.14421881475341897,0.02652300041442188,0.1798590965602984
0.6531288852051388,0.14380439287194363,0.027351844177372565,0.17571487774554498
0.6546732837055418,0.1381306865177833,0.026881720430107527,0.18031430934656742
0.6558333333333334,0.13916666666666666,0.024166666666666666,0.18083333333333335
0.6585163696643183,0.13800248653128885,0.020721094073767096,0.1827600497306258
0.6625207296849088,0.13598673300165837,0.022388059701492536,0.1791044776119403
0.6695724366957244,0.13034454130344542,0.023661270236612703,0.1764217517642175
0.6713517982637454,0.1322860686233981,0.023563455973542785,0.17279867713931377
0.6732919254658385,0.13126293995859215,0.022774327122153208,0.17267080745341615
0.6736885584469228,0.1288723667905824,0.02271788517141677,0.17472118959107807
0.6776069796427088,0.13003739094308267,0.02201911092646448,0.1703365184877441
0.6774327122153209,0.13167701863354037,0.02194616977225673,0.168944099378882
0.6783794956593634,0.13104588673005374,0.02149648615130219,0.1690781314592807
0.6801332778009163,0.13119533527696792,0.02082465639316951,0.16784673052894628
0.6807104502271788,0.13341594382486577,0.021065675340768277,0.16480793060718713
0.6806584362139918,0.13333333333333333,0.02345679012345679,0.16255144032921812
0.6799171842650104,0.13291925465838508,0.02360248447204969,0.16356107660455488
0.6783216783216783,0.13122171945701358,0.024681201151789386,0.1657754010695187
0.6760214609987618,0.13248039620305407,0.02723895996698308,0.164259182831201
0.68019884009942,0.1304888152444076,0.02568351284175642,0.1636288318144159
0.6888429752066115,0.12851239669421488,0.023966942148760332,0.15867768595041323
0.6915070774354705,0.1228143213988343,0.022064945878434637,0.16361365528726063
0.6888705006206041,0.12536201903185767,0.022755482002482418,0.16301199834505586
0.6876301541024573,0.12703040399833404,0.021657642648896292,0.16368179925031237
0.6915732669157326,0.1261934412619344,0.019925280199252802,0.16230801162308012
0.6923395445134576,0.12629399585921325,0.020289855072463767,0.16107660455486542
0.6923395445134576,0.12629399585921325,0.020703933747412008,0.1606625258799172
0.6966804979253112,0.12282157676348547,0.01950207468879668,0.16099585062240665
0.6991769547325103,0.11934156378600823,0.020987654320987655,0.16049382716049382
0.6955088586732592,0.11825298722702926,0.024309847548413678,0.1619283065512979
0.6985507246376812,0.11677018633540373,0.02318840579710145,0.16149068322981366
0.6955980066445183,0.11710963455149502,0.022840531561461794,0.1644518272425249
0.6927860696517413,0.11857379767827529,0.02321724709784411,0.1654228855721393
0.6907514450867052,0.11849710982658959,0.022708505367464906,0.1680429397192403
0.6926263463131731,0.12096106048053024,0.02236951118475559,0.164043082021541
0.6911037891268533,0.1186161449752883,0.02512355848434926,0.16515650741350907
0.6927234927234928,0.11600831600831601,0.02702702702702703,0.16424116424116425
0.691036761668732,0.11689384551838083,0.02973977695167286,0.1623296158612144
0.6966804979253112,0.11452282157676348,0.026141078838174275,0.16265560165975104
0.6966804979253112,0.11203319502074689,0.026556016597510373,0.16473029045643153
0.6967314853123707,0.11377741001241208,0.026065370293752586,0.16342573438146463
0.6983471074380165,0.11446280991735537,0.024380165289256198,0.1628099173553719
0.6981054365733114,0.11449752883031301,0.02471169686985173,0.16268533772652388
0.6976744186046512,0.11420265780730897,0.02574750830564784,0.16237541528239202
0.6989648033126294,0.11055900621118013,0.02650103519668737,0.1639751552795031
0.7018196856906534,0.11207609594706369,0.024400330851943756,0.16170388751033912
0.703749484960857,0.1096003296250515,0.02595797280593325,0.16069221260815822
0.7060768912773874,0.1107895824720959,0.023563455973542785,0.15957007027697395
0.7037806398005816,0.11383464894058995,0.024927295388450354,0.15745741587037806
0.7102532171025322,0.10917393109173931,0.026567040265670402,0.1540058115400581
0.7118084227910817,0.1106523534269199,0.02436003303055326,0.1531791907514451
0.7145228215767635,0.10995850622406639,0.024481327800829875,0.15103734439834024
0.7151715584952459,0.11202976436544027,0.02315006200909467,0.1496486151302191
0.717705323978539,0.1110193974411886,0.021460998761865455,0.14981427981840692
0.716166186754422,0.11229946524064172,0.02262443438914027,0.14890991361579597
0.7158717105263158,0.1147203947368421,0.02138157894736842,0.14802631578947367
0.7144633236634894,0.11189390799834231,0.02154993783671778,0.15209283050145048
0.7123966942148761,0.11115702479338843,0.026446280991735537,0.15
0.7083160943318163,0.11543235415804716,0.028547786512205214,0.1477037649979313
0.7171381031613977,0.1127287853577371,0.026622296173044926,0.1435108153078203
0.7143447705663497,0.1149235221165771,0.026043819760231502,0.14468788755684167
0.721169686985173,0.11490939044481055,0.02512355848434926,0.1387973640856672
0.7253201156546881,0.1144155307724081,0.023130937629078894,0.13713341594382486
0.725328947368421,0.11389802631578948,0.02261513157894737,0.13815789473684212
0.7245065789473685,0.11554276315789473,0.023026315789473683,0.13692434210526316
0.7293825113966017,0.11313717364276833,0.02154993783671778,0.13593037712391215
0.7302767451466337,0.11193721602643536,0.020239570425444033,0.137546468401487
0.7306105610561056,0.11014851485148515,0.021864686468646866,0.1373762376237624
0.7362139917695473,0.10864197530864197,0.022222222222222223,0.13292181069958847
0.7370156636438582,0.10593569661995053,0.021434460016488046,0.13561417971970322
0.7362366474938373,0.10640920295809367,0.01972062448644207,0.13763352506162696
0.7347359735973598,0.10726072607260725,0.020214521452145213,0.1377887788778878
0.7357640311347808,0.10815239655878738,0.017615731257681278,0.1384678410487505
0.7375,0.10791666666666666,0.0175,0.13708333333333333
0.736231884057971,0.10848861283643893,0.01904761904761905,0.13623188405797101
0.7398843930635838,0.10817506193228736,0.017341040462427744,0.13459950454170108
0.738626964433416,0.10918114143920596,0.0206782464846981,0.1315136476426799
0.7407407407407407,0.10617283950617284,0.022222222222222223,0.1308641975308642
0.744944283945522,0.10524143623607099,0.020635575732562937,0.129178704085844
0.7434102141680395,0.1058484349258649,0.019357495881383854,0.1313838550247117
0.7443796835970025,0.10574521232306411,0.019150707743547043,0.13072439633638636
0.7485643970467596,0.10500410172272355,0.016817063166529943,0.12961443806398687
0.7446457990115322,0.10996705107084019,0.018121911037891267,0.1272652388797364
0.7491749174917491,0.10767326732673267,0.016914191419141914,0.12623762376237624
0.7478368355995055,0.10836423568191182,0.017717346518335394,0.1260815822002472
0.7480282274802823,0.10460772104607721,0.019925280199252802,0.1274387712743877
0.7424680148576145,0.1060668592653735,0.021048287247214196,0.13041683862979778
0.7423868312757201,0.10658436213991769,0.020987654320987655,0.13004115226337448
0.7411376751854906,0.10634789777411377,0.023083264633140973,0.12943116240725475
0.7383792677910325,0.10612916495269437,0.02385849444672974,0.1316330728095434
0.7367338543809132,0.11106540518305225,0.0213903743315508,0.13081036610448374
0.7370600414078675,0.11055900621118013,0.021532091097308487,0.1308488612836439
0.7415078707539354,0.10480530240265121,0.021541010770505385,0.13214581607290804
0.7390053431976983,0.10974106041923551,0.018906699547883273,0.13234689683518291
0.7394190871369295,0.1087136929460581,0.023236514522821577,0.12863070539419086
0.7432712215320911,0.10683229813664596,0.022774327122153208,0.12712215320910972
0.739867659222498,0.10711331679073614,0.02357320099255583,0.1294458229942101
0.7428101889893179,0.10558751027115859,0.021364009860312245,0.13023829087921118
0.7422680412371134,0.10515463917525773,0.01979381443298969,0.1327835051546392
0.7483361064891847,0.10440931780366057,0.01913477537437604,0.1281198003327787
0.7418422139611731,0.1036761668731929,0.022304832713754646,0.13217678645187939
0.746268656716418,0.09701492537313433,0.0236318407960199,0.13308457711442787
0.7471026490066225,0.0972682119205298,0.022350993377483443,0.13327814569536423
0.747721623860812,0.09776304888152444,0.021541010770505385,0.13297431648715824
0.746589499793303,0.0975609756097561,0.024390243902439025,0.13145928069450186
0.7476249483684428,0.09913258983890955,0.021065675340768277,0.13217678645187939
0.7522708505367465,0.09744013212221304,0.018166804293971925,0.13212221304706853
0.7509309060819197,0.09805544062887878,0.01985932974762102,0.13115432354158046
0.7552447552447552,0.09543397778691896,0.020156314273961334,0.12916495269436445
0.754436648782501,0.09451093685513826,0.01939744118860916,0.13165497317375155
0.7536112257531985,0.09739991745769706,0.01939744118860916,0.12959141560049525
0.7556935817805382,0.09358178053830228,0.020703933747412008,0.1300207039337474
0.7586490939044481,0.09390444810543658,0.02059308072487644,0.12685337726523888
0.7555923777961889,0.09527754763877382,0.021541010770505385,0.1275890637945319
0.7570132013201321,0.09364686468646864,0.02392739273927393,0.1254125412541254
0.7565217391304347,0.09316770186335403,0.021532091097308487,0.12877846790890268
0.7560774618871035,0.092295014421096,0.023485784919653894,0.12814173877214668
0.7529896907216495,0.09443298969072166,0.023917525773195877,0.128659793814433
0.7514498757249378,0.09610604805302403,0.024026512013256007,0.12841756420878211
0.7533112582781457,0.09437086092715231,0.024006622516556293,0.12831125827814568
0.7506193228736582,0.09372419488026425,0.02477291494632535,0.13088356729975226
0.7524752475247525,0.09364686468646864,0.023514851485148515,0.13036303630363036
0.7582508250825083,0.09158415841584158,0.021864686468646866,0.1283003300330033
0.7544147843942505,0.09240246406570841,0.024640657084188913,0.12854209445585216
0.7582101806239737,0.09113300492610837,0.02257799671592775,0.12807881773399016
0.7579250720461095,0.09386578839028406,0.02181967888019761,0.1263894606834088
0.7618654560462237,0.09451093685513826,0.01981015270326042,0.12381345439537764
0.7579512598099959,0.09624122263527468,0.0214787277984304,0.12432878975629905
0.7596867271228359,0.09439406430338004,0.021434460016488046,0.12448474855729597
0.7587628865979381,0.09567010309278351,0.020618556701030927,0.12494845360824743
0.7546545304095986,0.10095159288374017,0.021100537856847332,0.12329333884981382
0.7543352601156069,0.09991742361684558,0.023121387283236993,0.12262592898431049
0.75625,0.09708333333333333,0.02625,0.12041666666666667
0.7570364238410596,0.09933774834437085,0.024420529801324503,0.11920529801324503
0.7571780147662018,0.0955701394585726,0.025840853158326498,0.1214109926168991
0.7569129178704086,0.09286009079653322,0.025588113908378042,0.12463887742468015
0.7591601482091396,0.09221902017291066,0.02470152326060107,0.1239193083573487
0.7602654500207383,0.0904189133139776,0.022812111157196183,0.12650352550808794
0.7560376586164552,0.09496520671305772,0.024559967253376995,0.12443716741711011
0.7579776212184003,0.09697472026523,0.026108578532946538,0.11893907998342312
0.7610582885489872,0.09632079371641174,0.023976849937990905,0.11864406779661017
0.7644882860665845,0.09330045211672831,0.025893958076448828,0.1163173037402384
0.7650701899256812,0.09042113955408754,0.026837324525185797,0.11767134599504542
0.7651671481634338,0.08955839867932315,0.02765167148163434,0.11762278167560875
0.7693581780538302,0.08612836438923395,0.02774327122153209,0.11677018633540373
0.766735112936345,0.08459958932238193,0.028747433264887063,0.11991786447638604
0.76926246394726,0.08240626287597858,0.028018129377832716,0.12031314379892871
0.7695473251028807,0.08148148148148149,0.03168724279835391,0.11728395061728394
0.7726708074534161,0.07991718426501035,0.02732919254658385,0.12008281573498965
0.7699297810821975,0.07765386204047914,0.03180503923998348,0.12061131763733994
0.7714876033057851,0.07933884297520662,0.02809917355371901,0.12107438016528925
0.7714168039538715,0.07948929159802307,0.02759472817133443,0.12149917627677101
0.7698641416220667,0.08110333470564018,0.02840675174969123,0.12062577192260189
0.7718204488778054,0.08187863674147963,0.024522028262676642,0.12177888611803823
0.7710396039603961,0.08250825082508251,0.02433993399339934,0.12211221122112212
0.7666941467436109,0.08244023083264633,0.02679307502061006,0.12407254740313273
0.7668863261943987,0.08484349258649095,0.02512355848434926,0.12314662273476112
0.7732342007434945,0.0821974390747625,0.022304832713754646,0.12226352746798844
0.7755610972568578,0.08187863674147963,0.021612635078969242,0.12094763092269327
0.7708761826408885,0.08350473056355409,0.023035787741670095,0.12258329905388729
0.7760330578512397,0.0834710743801653,0.023966942148760332,0.11652892561983472
0.7790649565577161,0.08026479106330162,0.02399669011170873,0.11667356226727348
0.7814162914449447,0.08145722472370037,0.02128530495292673,0.11584117887842817
0.7825370675453048,0.0815485996705107,0.0214168039538715,0.11449752883031301
0.7880165289256198,0.07561983471074381,0.025206611570247933,0.11115702479338843
0.788041237113402,0.07628865979381444,0.02639175257731959,0.10927835051546392
0.7863599013968776,0.07559572719802794,0.026705012325390305,0.11133935907970419
0.7833607907742999,0.07619439868204284,0.027182866556836903,0.11326194398682043
0.7845645893520429,0.07882789929839043,0.02352455633512175,0.1130829550144449
0.7878912685337727,0.07537067545304778,0.022240527182866558,0.11449752883031301
0.7923746373808537,0.0741815167840862,0.02237878159966846,0.11106506423539163
0.7919933966157656,0.07139909203466777,0.02311184482047049,0.11349566652909616
0.7929042904290429,0.07136963696369637,0.023514851485148515,0.11221122112211221
0.7944696657036732,0.07139909203466777,0.022286421791167972,0.11184482047049113
0.7925619834710744,0.07107438016528926,0.021074380165289255,0.11528925619834711
0.7917525773195876,0.0688659793814433,0.02309278350515464,0.11628865979381443
0.7897562990499793,0.06815365551425032,0.02395704254440314,0.1181330028913672
0.7866831072749692,0.0694615700780929,0.025893958076448828,0.11796136457048911
0.7898848684210527,0.0678453947368421,0.02425986842105263,0.11800986842105263
0.7895167895167895,0.07002457002457002,0.02334152334152334,0.11711711711711711
0.7887612797374898,0.07054963084495489,0.026251025430680888,0.11443806398687449
0.7958007410456979,0.06792918896665294,0.02428983120625772,0.11198023878139152
0.7907830342577488,0.07177814029363784,0.02406199021207178,0.1133768352365416
0.7921440261865794,0.07078559738134206,0.02414075286415712,0.11292962356792144
0.7909278350515464,0.07092783505154639,0.02597938144329897,0.11216494845360825
0.790016501650165,0.07466996699669967,0.02599009900990099,0.10932343234323433
0.7898009950248757,0.06965174129353234,0.026533996683250415,0.11401326699834162
0.7909465020576132,0.06872427983539095,0.02633744855967078,0.11399176954732511
0.7947869259412494,0.06702523789822093,0.026065370293752586,0.112122465866777
0.7972027972027972,0.067461949814891,0.024269847799259565,0.11106540518305225
0.8000829531314807,0.06926586478639568,0.02073828287017835,0.10991289921194525
0.8005756578947368,0.06866776315789473,0.02138157894736842,0.109375
0.8031237155774764,0.06576243321002877,0.02055076037813399,0.11056309083436087
0.8036454018227009,0.06628003314001657,0.01739850869925435,0.11267605633802817
0.7994281045751634,0.068218954248366,0.01919934640522876,0.11315359477124183
0.8009888751545118,0.06468891635764318,0.020601565718994644,0.11372064276885044
0.7998366013071896,0.06535947712418301,0.01919934640522876,0.1156045751633987
0.7977020927369717,0.06565449322938038,0.019696347968814115,0.11694706606483381
0.7966241251543845,0.06545903664059284,0.02140798682585426,0.11650885137916839
0.7921971252566735,0.06940451745379876,0.020123203285420943,0.11827515400410678
0.7889301941346551,0.07021891780256093,0.0214787277984304,0.11937216026435357
0.7912541254125413,0.06848184818481848,0.0231023102310231,0.11716171617161716
0.7894519983518747,0.06880922950144211,0.023485784919653894,0.11825298722702926
0.7903225806451613,0.06865177832919768,0.02481389578163772,0.11621174524400331
0.7866228970045137,0.07098892080426754,0.0254411161263849,0.11694706606483381
0.7889301941346551,0.07187112763320942,0.024370095002065262,0.11482858323007022
0.78665568369028,0.0728995057660626,0.023476112026359144,0.11696869851729819
0.7865448504983389,0.071843853820598,0.024501661129568107,0.11710963455149502
0.7878038730943552,0.07045735475896168,0.023897816234033788,0.11784095591264936
0.7866611433305717,0.07207953603976802,0.021541010770505385,0.11971830985915492
0.7895387149917628,0.07207578253706755,0.022240527182866558,0.11614497528830313
0.7899298390425092,0.06892282294676022,0.021460998761865455,0.11968633924886504
0.7879917184265011,0.07080745341614907,0.022774327122153208,0.11842650103519668
0.7910633016135705,0.07488622258998759,0.01737691352916839,0.11667356226727348
0.7903425505571605,0.07387536112257533,0.01981015270326042,0.11597193561700371
0.7850390464447184,0.07768187422934648,0.02178380600082203,0.11549527332511303
0.7825729551993423,0.07891491985203453,0.02260583641594739,0.1159062885326757
0.783038287361054,0.08069164265129683,0.02387813915191437,0.11239193083573487
0.7847996695580338,0.07806691449814127,0.024370095002065262,0.1127633209417596
0.7825726141078838,0.07925311203319502,0.024896265560165973,0.11327800829875519
0.7814432989690722,0.07917525773195876,0.027216494845360824,0.11216494845360825
0.7821782178217822,0.08044554455445545,0.028465346534653466,0.10891089108910891
0.7795210569777044,0.08216350123864574,0.02972749793559042,0.10858794384805945
0.7758549649773383,0.08281829419035847,0.029254223320972394,0.11207251751133086
0.7756622516556292,0.08153973509933775,0.029387417218543047,0.11341059602649006
0.7751552795031056,0.08157349896480331,0.02981366459627329,0.1134575569358178
0.7775954041854739,0.08329913828477636,0.027903159622486663,0.11120229790726303
0.7828054298642534,0.08062525709584534,0.024681201151789386,0.11188811188811189
0.7896265560165975,0.07759336099585062,0.023651452282157676,0.10912863070539419
0.7897562990499793,0.07806691449814127,0.0214787277984304,0.11069805865344899
0.7852156057494867,0.07967145790554415,0.022587268993839837,0.11252566735112936
0.7886044591246903,0.0796862097440132,0.023121387283236993,0.10858794384805945
0.7861842105263158,0.08388157894736842,0.02261513157894737,0.10731907894736842
0.7871552079044875,0.08357348703170028,0.022231370934540962,0.1070399341292713
0.785831960461285,0.08525535420098847,0.022240527182866558,0.10667215815485996
0.7885010266940452,0.08706365503080082,0.020944558521560575,0.10349075975359343
0.7885010266940452,0.08459958932238193,0.022587268993839837,0.10431211498973306
0.7906018136850783,0.08656224237427865,0.021022258862324814,0.10181368507831821
0.7957078002476269,0.08666941807676434,0.018159306644655385,0.09946347503095336
