R,A,S,N
1.0,0.0,0.0,0.0
0.6666666666666666,0.0,0.0,0.3333333333333333
0.6363636363636364,0.0,0.0,0.36363636363636365
0.5714285714285714,0.047619047619047616,0.0,0.38095238095238093
0.5641025641025641,0.05128205128205128,0.0,0.38461538461538464
0.4915254237288136,0.0847457627118644,0.01694915254237288,0.4067796610169492
0.5172413793103449,0.09195402298850575,0.022988505747126436,0.367816091954023
0.4700854700854701,0.1282051282051282,0.042735042735042736,0.358974358974359
0.47058823529411764,0.12941176470588237,0.058823529411764705,0.3411764705882353
0.45493562231759654,0.13733905579399142,0.06866952789699571,0.33905579399141633
0.46308724832214765,0.1476510067114094,0.06040268456375839,0.3288590604026846
0.45112781954887216,0.16541353383458646,0.07017543859649122,0.3132832080200501
0.43661971830985913,0.16498993963782696,0.07847082494969819,0.3199195171026157
0.4318936877076412,0.15946843853820597,0.08970099667774087,0.31893687707641194
0.4147339699863574,0.17189631650750342,0.0927694406548431,0.32060027285129605
0.3972911963882618,0.1873589164785553,0.10270880361173815,0.3126410835214447
0.40115718418514945,0.18129218900675023,0.10028929604628736,0.3172613307618129
0.38564273789649417,0.18363939899833054,0.10767946577629382,0.32303839732888145
0.3895048041389505,0.18625277161862527,0.11012564671101256,0.31411677753141165
0.3870748299319728,0.18775510204081633,0.11224489795918367,0.3129251700680272
0.3805309734513274,0.1788874841972187,0.11188369152970923,0.32869785082174463
0.3793305930710511,0.17322372284204346,0.11450381679389313,0.33294186729301234
0.38382193268186754,0.1758957654723127,0.10640608034744843,0.3338762214983713
0.3770822816759212,0.17566885411408378,0.11357900050479555,0.3336698637051994
0.37816764132553604,0.17446393762183235,0.11354775828460038,0.3338206627680312
0.3703529411764706,0.1736470588235294,0.11811764705882354,0.33788235294117647
0.36321411983279145,0.18207152810032512,0.11797491871806781,0.3367394333488156
0.3576036866359447,0.18110599078341014,0.12258064516129032,0.3387096774193548
0.36027088036117383,0.17742663656884877,0.12189616252821671,0.34040632054176073
0.3605595667870036,0.17915162454873645,0.12364620938628158,0.33664259927797835
0.35622507753655297,0.17722640673460346,0.12405848471422241,0.34249003101462117
0.35221238938053095,0.18672566371681415,0.12212389380530973,0.33893805309734515
0.3475208424747696,0.19043440105309345,0.12154453707766565,0.3405002193944713
0.35764499121265375,0.18673110720562391,0.12126537785588752,0.3343585237258348
0.353486319505737,0.19902912621359223,0.12135922330097088,0.3261253309796999
0.34653024911032027,0.2001779359430605,0.11966192170818506,0.33362989323843417
0.3454945054945055,0.20307692307692307,0.11912087912087913,0.3323076923076923
0.34910205869469996,0.2014892685063513,0.12089356110381078,0.328515111695138
0.35513608428446003,0.1997366110623354,0.1154521510096576,0.329675153643547
0.34782608695652173,0.20070267896354854,0.11725955204216074,0.334211682037769
0.34679543459174716,0.2032484635645303,0.11589113257243196,0.3340649692712906
0.3447669305189094,0.2075637642919965,0.11081794195250659,0.3368513632365875
0.3432704953967558,0.2091188075405524,0.11398509425690487,0.33362560280578696
0.34394341290893016,0.21131741821396993,0.11671087533156499,0.3280282935455349
0.3422436459246275,0.2107800175284838,0.11086765994741454,0.33610867659947413
0.3363914373088685,0.21188291830493666,0.11358671909130624,0.3381389252948886
0.3278044522042776,0.22042776080314272,0.11741597555652554,0.33435181143605414
0.325066430469442,0.21479185119574845,0.1200177147918512,0.34012400354295835
0.3246581385090428,0.21261579179532422,0.12042346713718571,0.3423026025584473
0.3204054649625386,0.22080211546936976,0.12163948876156898,0.3371529308065227
0.3246696035242291,0.22422907488986785,0.12334801762114538,0.3277533039647577
0.3306878306878307,0.2138447971781305,0.11992945326278659,0.3355379188712522
0.33435987681478224,0.21249450065992082,0.11834579850417949,0.33479982402111746
0.32848324514991184,0.2156084656084656,0.12786596119929453,0.328042328042328
0.3248888888888889,0.212,0.12933333333333333,0.3337777777777778
0.3242530755711775,0.21133567662565905,0.12521968365553604,0.3391915641476274
0.32418069087688217,0.21567759078830823,0.12798937112488928,0.33215234720992026
0.3140969162995595,0.21894273127753303,0.12863436123348018,0.3383259911894273
0.3220413550373955,0.21425428948526176,0.12538495380554335,0.33831940167179936
0.3249336870026525,0.21529619805481875,0.1242263483642794,0.33554376657824936
0.31674008810572685,0.2171806167400881,0.13259911894273127,0.33348017621145376
0.3230769230769231,0.21582417582417582,0.1279120879120879,0.3331868131868132
0.32820061592608885,0.21733391992960846,0.12538495380554335,0.32908051033875935
0.32225177304964536,0.22739361702127658,0.12455673758865249,0.3257978723404255
0.3226514486391572,0.2295873573309921,0.12335381913959614,0.3244073748902546
0.32038834951456313,0.23080317740511916,0.12488967343336276,0.32391879964695497
0.318859649122807,0.23157894736842105,0.1307017543859649,0.318859649122807
0.31922398589065254,0.2279541446208113,0.13271604938271606,0.3201058201058201
0.32188463232056364,0.22677234698370763,0.13210039630118892,0.3192426243945399
0.3185840707964602,0.22876106194690266,0.13185840707964602,0.32079646017699115
0.3140350877192982,0.23421052631578948,0.13201754385964912,0.31973684210526315
0.3153947948831054,0.24172915747684165,0.12836347595941774,0.3145125716806352
0.31362242663162504,0.23477879982479194,0.1340341655716163,0.31756460797196673
0.3085436033643205,0.23683045595396193,0.13457281983178399,0.3200531208499336
0.3167701863354037,0.2329192546583851,0.13398402839396628,0.3163265306122449
0.3109729009329187,0.23145268769435806,0.13771657041314972,0.31985784095957354
0.30975395430579966,0.23330404217926187,0.13927943760984182,0.31766256590509667
0.3106796116504854,0.23786407766990292,0.13503971756398941,0.31641659311562226
0.311922569291685,0.23977122745270568,0.13066432028156622,0.3176418829740431
0.3113666519239275,0.23662096417514375,0.14197257850508624,0.3100398053958425
0.3157661647475642,0.23029229406554472,0.141718334809566,0.3122232063773251
0.31263858093126384,0.23059866962305986,0.14456762749445676,0.3121951219512195
0.3100570926657883,0.23144488361879667,0.14756258234519104,0.310935441370224
0.31064958020327,0.22713212549712772,0.1520106053910738,0.3102076889085285
0.30930537352555704,0.22455220620358235,0.15246832678025338,0.31367409349060726
0.3165340406719717,0.21839080459770116,0.15207780725022105,0.3129973474801061
0.31285903667697745,0.22359699513919576,0.15642951833848873,0.30711444984533803
0.3059539330725771,0.22511951325510648,0.15471534115601912,0.31421121251629724
0.3133539003966505,0.21903922432789774,0.15777875716174528,0.3098281181137065
0.31544214694236694,0.21557413110426749,0.1592608886933568,0.3097228332600088
0.3037135278514589,0.22148541114058357,0.15870910698496907,0.3160919540229885
0.3040035195776507,0.21821381434227893,0.16410030796304442,0.31368235811702594
0.3034300791556728,0.2198768689533861,0.1741424802110818,0.30255057167985927
0.30242825607064017,0.21766004415011037,0.17350993377483442,0.306401766004415
0.3025618374558304,0.21775618374558303,0.17623674911660778,0.3034452296819788
0.2976294995610184,0.2212467076382792,0.17559262510974538,0.305531167690957
0.2980132450331126,0.22163355408388521,0.1739514348785872,0.306401766004415
0.3043284248103525,0.22088353413654618,0.16956715751896476,0.30522088353413657
0.30297723292469353,0.22898423817863398,0.1681260945709282,0.2999124343257443
0.2995190205509401,0.22693484914735462,0.17402710975076519,0.2995190205509401
0.2970340858787074,0.23063302346170872,0.16688800354139,0.3054448871181939
0.30282935455349247,0.22679045092838196,0.16534040671971706,0.3050397877984085
0.2913907284768212,0.23311258278145697,0.16821192052980133,0.3072847682119205
0.29863855950812473,0.22968818620992534,0.16996047430830039,0.30171277997364954
0.29437804338202744,0.2319610447100487,0.16733067729083664,0.3063302346170872
0.29494505494505496,0.22725274725274724,0.17054945054945056,0.30725274725274726
0.29170344218887906,0.2325684024713151,0.16990291262135923,0.3058252427184466
0.2937803264225849,0.23202470224966917,0.17556241729157476,0.29863255403617117
0.29544449358690844,0.23087129588677577,0.1760283060592658,0.29765590446705
0.3034847816497574,0.2329069254521394,0.17865019850022057,0.28495809439788267
0.3033259423503326,0.22971175166297117,0.18181818181818182,0.2851441241685144
0.30303030303030304,0.233201581027668,0.17654808959156784,0.2872200263504611
0.3026955368979231,0.2337604949182501,0.171895713654441,0.29164825452938575
0.29899607158446095,0.2343954604975993,0.16892186817983412,0.29768659973810563
0.30079505300353354,0.23498233215547704,0.1687279151943463,0.2954946996466431
0.2963951935914553,0.23008455718736093,0.16688918558077437,0.30663106364040943
0.2949389179755672,0.23342059336823734,0.16535776614310646,0.306282722513089
0.2907801418439716,0.23625886524822695,0.16356382978723405,0.30939716312056736
0.2906057945566286,0.242756804214223,0.16417910447761194,0.30245829675153646
0.2915015411712902,0.23601937472479084,0.16204315279612505,0.3104359313077939
0.294351279788173,0.23698146513680493,0.16019417475728157,0.3084730803177405
0.2973568281938326,0.23788546255506607,0.1590308370044053,0.30572687224669604
0.2968197879858657,0.23851590106007067,0.1519434628975265,0.3127208480565371
0.2913732394366197,0.22843309859154928,0.15492957746478872,0.32526408450704225
0.2850877192982456,0.23333333333333334,0.1530701754385965,0.3285087719298246
0.28357551739321885,0.23381770145310435,0.1549977983267283,0.3276089828269485
0.28401585204755614,0.23029502421840597,0.15940114487010126,0.32628797886393657
0.28172138420585624,0.2391304347826087,0.15350488021295475,0.3256433007985803
0.27495621716287216,0.23598949211908932,0.15674255691768826,0.3323117338003503
0.2754385964912281,0.2425438596491228,0.15394736842105264,0.3280701754385965
0.2776066871975363,0.2388913330400352,0.15882094148702156,0.32468103827540695
0.27851458885941643,0.2427055702917772,0.15384615384615385,0.3249336870026525
0.2763507528786537,0.2409211691762622,0.15411868910540302,0.32860938883968116
0.2766990291262136,0.24227714033539277,0.1557811120917917,0.32524271844660196
0.27666083916083917,0.24388111888111888,0.1534090909090909,0.32604895104895104
0.2726075504828797,0.24714661984196665,0.1527655838454785,0.32748024582967517
0.27714535901926446,0.2373029772329247,0.1563047285464098,0.329246935201401
0.28433098591549294,0.2381161971830986,0.1544894366197183,0.3230633802816901
0.2776066871975363,0.24197096348438188,0.1539815222173339,0.3264408271007479
0.28118113706478626,0.24460114587924195,0.15557514323490523,0.31864257382106653
0.2732481269281622,0.24768620537681799,0.16130453944468928,0.31776112825033054
0.27420774647887325,0.24779929577464788,0.16461267605633803,0.31338028169014087
0.26993865030674846,0.24452234881682736,0.16520595968448729,0.3203330411919369
0.2743131269079808,0.24116877453118185,0.1665939816833842,0.31792411687745314
0.2776066871975363,0.23757149142102948,0.16717993840739112,0.3176418829740431
0.26914563966356797,0.2359451084550686,0.17220008853474988,0.32270916334661354
0.26970227670753066,0.23117338003502627,0.17644483362521893,0.3226795096322242
0.26420079260237783,0.23734037868780272,0.17965653896961692,0.3188022897402025
0.26894107221976077,0.24324324324324326,0.1750110766504209,0.3128046078865751
0.26995202791103357,0.23898822503270825,0.17793283907544702,0.31312690798081116
0.27077865266841644,0.2432195975503062,0.17191601049868765,0.31408573928258965
0.2668141592920354,0.2424778761061947,0.17035398230088494,0.32035398230088497
0.27024647887323944,0.2420774647887324,0.16461267605633803,0.3230633802816901
0.26629018245004343,0.24283231972198088,0.16898349261511728,0.3218940052128584
0.27268760907504364,0.2443280977312391,0.1662303664921466,0.31675392670157065
0.2751971954425942,0.24408413672217352,0.16432953549517967,0.31638913234005256
0.2719683655536028,0.24033391915641475,0.16520210896309315,0.3224956063268893
0.27895667550839964,0.2471264367816092,0.16136162687886826,0.3125552608311229
0.27992957746478875,0.25044014084507044,0.15889084507042253,0.3107394366197183
0.2812914639540027,0.25121627598407786,0.16364440513047324,0.3038478549314463
0.28502202643171803,0.2555066079295154,0.16123348017621145,0.2982378854625551
0.2915015411712902,0.25407309555262,0.1576398062527521,0.29678555702333775
0.29292929292929293,0.24769433465085638,0.16556873078612208,0.2938076416337286
0.2968136185072021,0.2505456132693147,0.1545176778699258,0.2981230903535574
0.30026338893766463,0.2515364354697103,0.15583845478489902,0.2923617208077261
0.30183727034120733,0.24978127734033245,0.157917760279965,0.2904636920384952
0.29854046881910656,0.254312251216276,0.15789473684210525,0.28925254312251214
0.30026338893766463,0.24934152765583845,0.15803336259877085,0.2923617208077261
0.28829225352112675,0.2535211267605634,0.16153169014084506,0.2966549295774648
0.28766519823788544,0.252863436123348,0.16079295154185022,0.2986784140969163
0.2883435582822086,0.2502191060473269,0.16389132340052587,0.29754601226993865
0.2898806893504198,0.24569155987627045,0.16880247459125056,0.2956252761820592
0.29120636323464427,0.24348210340256296,0.1643835616438356,0.30092797171895713
0.29352580927384075,0.23972003499562555,0.168416447944007,0.2983377077865267
0.2872108249672632,0.24443474465298995,0.16892186817983412,0.2994325621999127
0.29050772626931565,0.23973509933774834,0.17262693156732892,0.29713024282560707
0.29251101321585904,0.2365638766519824,0.17577092511013215,0.29515418502202645
0.29372791519434627,0.23674911660777384,0.17579505300353357,0.29372791519434627
0.291005291005291,0.23721340388007053,0.17768959435626103,0.2940917107583774
0.2952755905511811,0.2331583552055993,0.17804024496937884,0.29352580927384075
0.2891352549889135,0.2328159645232816,0.18314855875831484,0.29490022172949004
0.2857142857142857,0.232640424590889,0.18310482087571872,0.29854046881910656
0.28654188948306597,0.2393048128342246,0.178698752228164,0.29545454545454547
0.27807017543859647,0.2425438596491228,0.17982456140350878,0.2995614035087719
0.2850877192982456,0.24649122807017543,0.1763157894736842,0.29210526315789476
0.28175824175824177,0.24615384615384617,0.17846153846153845,0.2936263736263736
0.28678745028722935,0.24569155987627045,0.18073353954927088,0.28678745028722935
0.2820175438596491,0.25043859649122807,0.1780701754385965,0.2894736842105263
0.28590308370044054,0.23920704845814977,0.18105726872246697,0.2938325991189427
0.28125,0.24017857142857144,0.184375,0.2941964285714286
0.2836624775583483,0.23608617594254938,0.18850987432675045,0.2917414721723519
0.28320911880754057,0.2341078474353354,0.19596668128014028,0.2867163524769838
0.2793791574279379,0.23680709534368072,0.19645232815964522,0.28736141906873613
0.2801402893467777,0.2354230600613766,0.19903551074090312,0.28540113985094256
0.28115435067774375,0.23830345430695235,0.1985133362483603,0.2820288587669436
0.28144239226033424,0.24010554089709762,0.2022867194371152,0.27616534740545295
0.28251318101933215,0.2429701230228471,0.20035149384885764,0.2741652021089631
0.2804232804232804,0.24691358024691357,0.195326278659612,0.27733686067019403
0.27992957746478875,0.24163732394366197,0.1993838028169014,0.2790492957746479
0.28109995635093843,0.24879965080750763,0.19729375818419903,0.2728066346573549
0.2791922739244952,0.24846356453028973,0.19315188762071994,0.2791922739244952
0.2824561403508772,0.24868421052631579,0.19298245614035087,0.27587719298245617
0.278341420379356,0.2545213939126599,0.19541243934715483,0.2717247463608293
0.28192875760208513,0.2536924413553432,0.19244135534317985,0.2719374456993918
0.28029969149405026,0.250771264874394,0.19568091670339358,0.2732481269281622
0.2773593265396544,0.2507753655294639,0.20026583961010191,0.2715994683207798
0.2737676056338028,0.2482394366197183,0.20466549295774647,0.2733274647887324
0.27850877192982454,0.24517543859649124,0.20219298245614034,0.2741228070175439
0.28033658104517273,0.24313551815766166,0.19929140832595216,0.27723649247121346
0.2874725274725275,0.24,0.19428571428571428,0.27824175824175823
0.2901668129938543,0.24319578577699735,0.19183494293239683,0.27480245829675154
0.2840210711150132,0.24363476733977174,0.19666374012291485,0.27568042142230026
0.2780960775672102,0.24371970030850595,0.19479947113265755,0.28338475099162624
0.2772190642763446,0.2431132487975514,0.1919545255793616,0.28771316134674246
0.2773403324584427,0.2458442694663167,0.189413823272091,0.2874015748031496
0.2800702370500439,0.24495171202809482,0.1839332748024583,0.291044776119403
0.28452797202797203,0.24256993006993008,0.18138111888111888,0.291520979020979
0.28439964943032425,0.24145486415425066,0.18492550394390886,0.2892199824715162
0.28458844133099825,0.239492119089317,0.18388791593695272,0.29203152364273205
0.27621597501115575,0.2427487728692548,0.1892012494422133,0.2918340026773762
0.2768959435626102,0.2429453262786596,0.1882716049382716,0.29188712522045857
0.2795363352652697,0.2398573339277753,0.18323673651359787,0.29736959429335713
0.2832014072119613,0.24010554089709762,0.1772207563764292,0.2994722955145119
0.29050772626931565,0.23178807947019867,0.17660044150110377,0.3011037527593819
0.29253203711886877,0.23199292973928415,0.16880247459125056,0.30667255855059655
0.29297392841361025,0.24083075563411402,0.1661511268228016,0.30004418912947417
0.29854046881910656,0.23529411764705882,0.16408668730650156,0.30207872622733306
0.29995627459554003,0.22955837341495408,0.16134674245736774,0.3091386095321382
0.29745166959578206,0.23198594024604569,0.16212653778558875,0.3084358523725835
0.29732103645147123,0.22485726833552921,0.16249451032059728,0.3153271848924023
0.2967032967032967,0.22989010989010988,0.1556043956043956,0.3178021978021978
0.29332755632582325,0.23093587521663778,0.15641247833622185,0.3193240901213172
0.2966213251426064,0.23124177270732776,0.1553312856516016,0.3168056164984642
0.2906208718626156,0.22589167767503301,0.1554381329810656,0.3280493174812858
0.294404973357016,0.2180284191829485,0.15763765541740674,0.3299289520426288
0.29440282062582634,0.22300572939620977,0.16086381665932128,0.32172763331864257
0.29078947368421054,0.22763157894736843,0.15745614035087718,0.32412280701754387
0.2835820895522388,0.22388059701492538,0.15935030728709393,0.33318700614574187
0.2789473684210526,0.2219298245614035,0.1618421052631579,0.33728070175438596
0.2750439367311072,0.22759226713532513,0.1634446397188049,0.3339191564147627
0.27613586237318044,0.2227613586237318,0.16541685046316718,0.3356859285399206
0.2720491443615621,0.22729267222465993,0.16981132075471697,0.330846862659061
0.2710816777041943,0.22958057395143489,0.17086092715231788,0.32847682119205296
0.2692476902771667,0.23185217773867137,0.172459304883414,0.3264408271007479
0.26514486391571557,0.23485513608428446,0.17471466198419666,0.32528533801580334
0.26763668430335097,0.23589065255731922,0.16843033509700175,0.328042328042328
0.2654945054945055,0.2356043956043956,0.17450549450549452,0.3243956043956044
0.2744410346339325,0.22972380534853135,0.17843051293292417,0.317404647084612
0.2692138779095301,0.23451910408432147,0.17523056653491437,0.32103645147123405
0.2659902955447728,0.23158359064843406,0.17909131010145568,0.32333480370533746
0.2692138779095301,0.23144488361879667,0.17654808959156784,0.3227931488801054
0.26907630522088355,0.2289156626506024,0.18206157965194109,0.31994645247657294
0.26843267108167773,0.22737306843267108,0.1845474613686534,0.3196467991169978
0.26704795424549055,0.22965244170699517,0.18169819621645403,0.3216014078310603
0.26835664335664333,0.22202797202797203,0.1861888111888112,0.32342657342657344
0.2650814619110524,0.2192866578599736,0.18670189343901364,0.3289299867899604
0.2668416447944007,0.2174103237095363,0.18241469816272965,0.3333333333333333
0.26223776223776224,0.21241258741258742,0.1840034965034965,0.34134615384615385
0.25925925925925924,0.21693121693121692,0.17680776014109348,0.34700176366843033
0.2660228270412643,0.22080772607550483,0.1769095697980685,0.3362598770851624
0.26902654867256637,0.21371681415929203,0.17345132743362832,0.3438053097345133
0.26535087719298245,0.21578947368421053,0.1763157894736842,0.3425438596491228
0.26517150395778366,0.21591908531222515,0.17106420404573439,0.34784520668425684
0.2599118942731278,0.21806167400881057,0.16740088105726872,0.35462555066079293
0.2579646017699115,0.22079646017699114,0.16858407079646018,0.3526548672566372
0.26077298978231894,0.22212350066637052,0.16525988449577966,0.35184362505553085
0.26060070671378094,0.22659010600706714,0.16166077738515902,0.35114840989399293
0.2672831351827389,0.22060766182298547,0.16248348745046234,0.3496257155438133
0.26163301141352063,0.22870939420544337,0.16417910447761194,0.34547848990342406
0.2662565905096661,0.23198594024604569,0.1608084358523726,0.3409490333919156
0.26203904555314533,0.23470715835140998,0.16138828633405639,0.3418655097613883
0.25695364238410595,0.23443708609271524,0.16335540838852097,0.34525386313465783
0.25559947299077734,0.23539745278875715,0.16600790513833993,0.34299516908212563
0.2583370386838595,0.24099599822143175,0.16496220542463316,0.33570475767007557
0.2524271844660194,0.2418358340688438,0.16946160635481025,0.33627537511032657
0.2483574244415243,0.2474813841436706,0.16819973718791065,0.33596145422689444
0.24681598594642074,0.25120772946859904,0.16600790513833993,0.3359683794466403
0.24779541446208111,0.24735449735449735,0.16181657848324515,0.3430335097001764
0.25011027790030876,0.24878694309660343,0.1623290692545214,0.3387737097485664
0.25542275343072157,0.2456839309428951,0.16555998229305002,0.3333333333333333
0.25634178905206945,0.24477080551846908,0.1628838451268358,0.33600356030262574
0.24966974900924702,0.2518714222809335,0.16424482606781154,0.3342140026420079
0.24637043554773427,0.2503299604047514,0.16630004399472062,0.3369995600527937
0.2430647291941876,0.2509907529722589,0.16380449141347425,0.34214002642007924
0.24348210340256296,0.2527618205921343,0.1643835616438356,0.3393725143614671
0.24855491329479767,0.25700311249444197,0.15829257447754558,0.3361493997332148
0.2512098548174219,0.2512098548174219,0.15970083589969203,0.33787945446546414
0.2519650655021834,0.2462882096069869,0.1633187772925764,0.3384279475982533
0.2590809628008753,0.24463894967177244,0.1575492341356674,0.3387308533916849
0.2461605967529618,0.24835454146555508,0.16586222027204914,0.33962264150943394
0.2558550596553248,0.2496685815289439,0.16394167034909413,0.3305346884666372
0.2516440157825515,0.24550635686102587,0.16571679088119246,0.3371328364752302
0.25176678445229683,0.24646643109540636,0.16475265017667845,0.3370141342756184
0.25726872246696036,0.2444933920704846,0.16211453744493393,0.33612334801762117
0.2604074402125775,0.2409211691762622,0.162533215234721,0.3361381753764393
0.2568523430592396,0.2409372236958444,0.16534040671971706,0.33687002652519893
0.2625055334218681,0.2434705621956618,0.16423196104471005,0.3297919433377601
0.2547993019197208,0.2430191972076789,0.16535776614310646,0.3368237347294939
0.2598081952920663,0.24455100261551874,0.15998256320836965,0.33565823888404533
0.2626707800793301,0.24636403702071397,0.15513442044953724,0.3358307624504187
0.2579225352112676,0.25,0.15669014084507044,0.335387323943662
0.25308641975308643,0.25,0.15520282186948853,0.34171075837742504
0.2541776605101143,0.2510993843447669,0.15611257695690414,0.3386103781882146
0.2485776805251641,0.24814004376367615,0.16148796498905907,0.34179431072210065
0.24724548259145,0.25650066108417807,0.15910092551784927,0.3371529308065227
0.2467991169977925,0.25342163355408387,0.15849889624724062,0.341280353200883
0.24955752212389382,0.25486725663716814,0.1592920353982301,0.336283185840708
0.2517331022530329,0.25,0.15684575389948008,0.341421143847487
0.25512021371326804,0.24844167408726625,0.1580587711487088,0.3383793410507569
0.25619469026548675,0.24557522123893805,0.15752212389380532,0.3407079646017699
0.2558139534883721,0.24528301886792453,0.1619131197893813,0.3369899078543221
0.2607158638974812,0.2465753424657534,0.16349977905435262,0.32920901458241275
0.2587565674255692,0.23992994746059546,0.1628721541155867,0.3384413309982487
0.25618374558303886,0.2393992932862191,0.1607773851590106,0.34363957597173145
0.25384277558190604,0.23978919631093545,0.16205533596837945,0.3443126921387791
0.2510974539069359,0.2414398595258999,0.16198419666374012,0.34547848990342406
0.24636403702071397,0.24327897752313796,0.1635081533715293,0.34684883208461875
0.251105216622458,0.24182139699381078,0.16755083996463307,0.3395225464190981
0.2506619593998235,0.23609885260370697,0.17299205648720212,0.34024713150926744
0.2502206531332745,0.23389232127096204,0.1707855251544572,0.3451015004413063
0.24791940429259746,0.2290845378887429,0.1747700394218134,0.34822601839684625
0.2546916890080429,0.2287756925826631,0.17113494191242182,0.3453976764968722
0.25691699604743085,0.21826965305226176,0.17215634606938954,0.3526570048309179
0.25687666370896184,0.22315882874889087,0.17169476486246674,0.3482697426796806
0.2569906790945406,0.2210386151797603,0.170439414114514,0.35153129161118507
0.26205083260297984,0.22173531989482909,0.16389132340052587,0.3523225241016652
0.26439326837909655,0.2240921169176262,0.16519043401240036,0.3463241806908769
0.25692916849978004,0.22481302243730752,0.16937967443906732,0.34887813462384515
0.26366418889374726,0.21731526016615654,0.1670310450371666,0.3519895059029296
0.2588183421516755,0.21957671957671956,0.17372134038800705,0.3478835978835979
0.2588495575221239,0.22035398230088496,0.17123893805309734,0.3495575221238938
0.25921052631578945,0.22587719298245615,0.16885964912280702,0.3460526315789474
0.2646544181977253,0.22440944881889763,0.16491688538932633,0.3460192475940507
0.2622439893143366,0.21994657168299198,0.16963490650044524,0.3481745325022262
0.25998225377107365,0.225377107364685,0.16637089618456077,0.3482697426796806
0.26748790145182577,0.22305323361196655,0.16761988561372634,0.3418389793224813
0.26483613817537643,0.22143489813994685,0.16740478299379982,0.3463241806908769
0.265234546251644,0.22490135905304692,0.15738711091626478,0.3524769837790443
0.2604817127564674,0.22390722569134702,0.16101694915254236,0.35459411239964317
0.25730735163861823,0.23029229406554472,0.1616474756421612,0.3507528786536758
0.2570406794814484,0.22753687974966472,0.16227089852481003,0.3531515422440769
0.2575088339222615,0.2310070671378092,0.1598939929328622,0.35159010600706714
0.258362676056338,0.22975352112676056,0.1602112676056338,0.3516725352112676
0.2608695652173913,0.23012736056214317,0.1585419411506368,0.35046113306982873
0.25602805786935556,0.2341078474353354,0.1551950898728628,0.3546690048224463
0.25782282944028206,0.2353459673865139,0.15513442044953724,0.35169678272366683
0.258996001776988,0.2416703687250111,0.15504220346512662,0.34429142603287427
0.2530755711775044,0.2469244288224956,0.1577328646748682,0.3422671353251318
0.2483429076447194,0.24524966858152894,0.16084843128590368,0.345558992487848
0.25077399380804954,0.24413976116762495,0.1609907120743034,0.3440955329500221
0.25620567375886527,0.24113475177304963,0.16179078014184398,0.3408687943262411
0.24812362030905077,0.24326710816777042,0.16158940397350993,0.34701986754966885
0.24703296703296704,0.2443956043956044,0.16395604395604396,0.3446153846153846
0.247682119205298,0.24503311258278146,0.16467991169977925,0.3426048565121413
0.2526223776223776,0.24431818181818182,0.15865384615384615,0.34440559440559443
0.2608503100088574,0.2382639503985828,0.162533215234721,0.3383525243578388
0.25662544169611307,0.23498233215547704,0.16210247349823323,0.3462897526501767
0.2566798072711345,0.2413491020586947,0.1625054752518616,0.3394656154183092
0.2595352915387988,0.2384918895221394,0.16308636562911005,0.33888645330995176
0.26548672566371684,0.23805309734513275,0.16504424778761062,0.33141592920353985
0.2632978723404255,0.23803191489361702,0.16445035460992907,0.3342198581560284
0.2613486117232261,0.2371088585279859,0.16835610401057735,0.33318642573821067
0.2601484068092536,0.23657791357485813,0.16673941510257528,0.336534264513313
0.25623087013554874,0.2444250109313511,0.1639702667249672,0.3353738522081329
0.2558139534883721,0.2387011847301448,0.1645458534444932,0.3409390083369899
0.2606969563299515,0.24437582708425232,0.16762240846934273,0.32730480811645346
0.26415929203539823,0.24690265486725663,0.15973451327433627,0.3292035398230089
0.26631625054752517,0.24529128339903636,0.16119141480508103,0.3272010512483574
0.27316644707949056,0.2393500219587176,0.16469038208168643,0.3227931488801054
0.27437141596823994,0.24305249228054698,0.16012351124834584,0.32245258050286724
0.27598407784166296,0.24413976116762495,0.15391419725785052,0.32596196373286157
0.2775599128540305,0.2374727668845316,0.1542483660130719,0.330718954248366
0.27391874180865006,0.2455220620358235,0.15465268676277852,0.3259065093927479
0.2719298245614035,0.24649122807017543,0.1530701754385965,0.3285087719298246
0.2757709251101322,0.24537444933920705,0.15638766519823788,0.3224669603524229
0.26564551422319477,0.24726477024070023,0.1588621444201313,0.3282275711159737
0.27320954907161804,0.2502210433244916,0.15870910698496907,0.3178603006189213
0.26675485008818345,0.2566137566137566,0.1662257495590829,0.31040564373897706
0.26306543697848045,0.25384277558190604,0.16908212560386474,0.3140096618357488
0.2619047619047619,0.25573192239858905,0.16358024691358025,0.3187830687830688
0.2578090629124505,0.2534095908490981,0.16717993840739112,0.3216014078310603
0.2596491228070175,0.2578947368421053,0.16710526315789473,0.31535087719298244
0.2607538802660754,0.25809312638580933,0.16496674057649668,0.3161862527716186
0.26132864056313243,0.25736911570611526,0.16410030796304442,0.3172019357677079
0.2661965623622741,0.250771264874394,0.16703393565447333,0.31599823710885855
0.26666666666666666,0.24856512141280354,0.16247240618101547,0.32229580573951433
0.26102449888641427,0.2467706013363029,0.17015590200445435,0.3220489977728285
0.2618213660245184,0.24737302977232925,0.16768826619964974,0.3231173380035026
0.2595688517377915,0.2512098548174219,0.16849978002639684,0.3207215134183898
0.2570298769771529,0.24956063268892795,0.1678383128295255,0.3255711775043937
0.2535211267605634,0.2522007042253521,0.16461267605633803,0.3296654929577465
0.25558965366067515,0.2538360368259535,0.16747040771591407,0.32310390179745724
0.25772285966460723,0.25419240953221534,0.17166813768755515,0.31641659311562226
0.2592267135325132,0.2535149384885764,0.1687170474516696,0.3185413005272408
0.2599118942731278,0.25022026431718064,0.1726872246696035,0.31718061674008813
0.25868210151380233,0.25022261798753337,0.1731967943009795,0.3178984861976848
0.25122059476253883,0.2574345317354638,0.16910785619174434,0.322237017310253
0.24825174825174826,0.2534965034965035,0.16783216783216784,0.3304195804195804
0.24846356453028973,0.2510974539069359,0.16988586479367868,0.3305531167690957
0.24911660777385158,0.25176678445229683,0.17181978798586572,0.32729681978798586
0.24502432551968156,0.26094648385670055,0.16806722689075632,0.32596196373286157
0.24175824175824176,0.2545054945054945,0.16835164835164834,0.3353846153846154
0.24495171202809482,0.25021949078138717,0.1707638279192274,0.3340649692712906
0.24438573315719947,0.2514310876265962,0.17481285777190664,0.3293703214442977
0.24491600353669318,0.2475685234305924,0.17374005305039789,0.3337754199823165
0.25088028169014087,0.24515845070422534,0.17121478873239437,0.33274647887323944
0.24537444933920705,0.2577092511013216,0.173568281938326,0.3233480176211454
0.24857268335529206,0.25428194993412384,0.1712779973649539,0.3258673693456302
0.2567804024496938,0.2563429571303587,0.16272965879265092,0.3241469816272966
0.2589991220368745,0.2515364354697103,0.16681299385425813,0.3226514486391572
0.2534843205574913,0.257404181184669,0.16332752613240417,0.32578397212543553
0.25154457193292146,0.2621359223300971,0.1624007060900265,0.32391879964695497
0.255659121171771,0.25920994229915667,0.1646693297825122,0.32046160674656016
0.25033288948069243,0.26142920550377274,0.16910785619174434,0.3191300488237905
0.24434782608695652,0.26217391304347826,0.16869565217391305,0.3247826086956522
0.24635761589403973,0.2675496688741722,0.16158940397350993,0.32450331125827814
0.24253075571177504,0.26845342706502634,0.16300527240773285,0.3260105448154657
0.24089512944273805,0.2667836770513383,0.16235190873189995,0.3299692847740237
0.24724061810154527,0.2640176600441501,0.16026490066225166,0.32847682119205296
0.23973509933774834,0.2675496688741722,0.1629139072847682,0.32980132450331123
0.2398945518453427,0.27152899824253074,0.16608084358523725,0.3224956063268893
0.23786407766990292,0.26919682259488087,0.16902030008826124,0.32391879964695497
0.2266725352112676,0.26848591549295775,0.1698943661971831,0.33494718309859156
0.23147742218325296,0.27268741779921085,0.1709776413853573,0.3248575186321789
0.2310405643738977,0.27204585537918874,0.1715167548500882,0.3253968253968254
0.2288840262582057,0.2735229759299781,0.1711159737417943,0.3264770240700219
0.22844638949671772,0.2739606126914661,0.16673960612691466,0.3308533916849015
0.2285839160839161,0.2722902097902098,0.16564685314685315,0.333479020979021
0.2306338028169014,0.2720070422535211,0.16285211267605634,0.3345070422535211
0.22876106194690266,0.2752212389380531,0.16415929203539822,0.33185840707964603
0.23757149142102948,0.2683677958644963,0.16761988561372634,0.3264408271007479
0.2359402460456942,0.27152899824253074,0.16739894551845344,0.3251318101933216
0.23552983081032947,0.27292965271593944,0.16651825467497774,0.3250222617987533
0.23448581560283688,0.27393617021276595,0.15913120567375885,0.3324468085106383
0.24239753195240193,0.2728074041427942,0.1630674305861613,0.32172763331864257
0.24051191526919682,0.2727272727272727,0.16681376875551632,0.3199470432480141
0.24008810572687225,0.27048458149779736,0.17136563876651983,0.3180616740088106
0.23738481790258886,0.2628345765686705,0.17200526546731024,0.32777534006143044
0.24290083005679336,0.26299694189602446,0.16688510266491918,0.327217125382263
0.23746701846965698,0.26033421284080915,0.17150395778364116,0.3306948109058927
0.23736263736263735,0.2602197802197802,0.17098901098901098,0.3314285714285714
0.23182018510356986,0.25914499779638606,0.1749669457910974,0.33406787130894666
0.2349109856708641,0.2596613113330439,0.17542336083369517,0.3300043421623969
0.2463317029791018,0.259670964873277,0.1676300578034682,0.32636727434415297
0.24733096085409254,0.2597864768683274,0.1659252669039146,0.32695729537366547
0.24518388791593695,0.2591943957968476,0.165061295971979,0.3305604203152364
0.2471315092674316,0.2586054721977052,0.16195939982347748,0.3323036187113857
0.24868421052631579,0.256140350877193,0.15745614035087718,0.33771929824561403
0.2465934065934066,0.26065934065934065,0.15736263736263736,0.3353846153846154
0.24187884108867427,0.26163301141352063,0.16330114135206322,0.33318700614574187
0.24221149627029398,0.2663448881088197,0.16279069767441862,0.3286529179464677
0.24537444933920705,0.26784140969162995,0.1537444933920705,0.33303964757709253
0.24438573315719947,0.2619991193306913,0.1576398062527521,0.33597534125935713
0.2480106100795756,0.2581786030061892,0.16224580017683465,0.33156498673740054
0.2497797356828194,0.25726872246696036,0.1590308370044053,0.333920704845815
0.25642161204605846,0.25907883082373784,0.15323294951284322,0.3312666076173605
0.25859030837004404,0.2607929515418502,0.1511013215859031,0.3295154185022026
0.26541320507214694,0.2623524267599475,0.14560559685177088,0.32662877131613466
0.272887323943662,0.25616197183098594,0.14524647887323944,0.3257042253521127
0.26909569798068483,0.25680421422300265,0.14749780509218613,0.32660228270412645
0.27313167259786475,0.2580071174377224,0.14279359430604982,0.326067615658363
0.2787102473498233,0.26015901060070673,0.13913427561837455,0.3219964664310954
0.2719720157411456,0.26322693484914733,0.13686051595977264,0.3279405334499344
0.2674933569530558,0.26926483613817537,0.13330380868024802,0.3299379982285208
0.2659010600706714,0.26325088339222613,0.13780918727915195,0.3330388692579505
0.26306620209059234,0.2643728222996516,0.14111498257839722,0.3314459930313589
0.26564551422319477,0.26433260393873087,0.1422319474835886,0.3277899343544858
0.26631393298059963,0.26675485008818345,0.1402116402116402,0.32671957671957674
0.26152482269503546,0.2721631205673759,0.14051418439716312,0.3257978723404255
0.2635726795096322,0.2635726795096322,0.14535901926444833,0.3274956217162872
0.2672831351827389,0.26023778071334214,0.1444297666226332,0.3280493174812858
0.2709534368070953,0.26031042128603105,0.14146341463414633,0.32727272727272727
0.2665198237885463,0.25594713656387663,0.14537444933920704,0.33215859030837
0.2631810193321617,0.2539543057996485,0.14367311072056238,0.3391915641476274
0.26877470355731226,0.25252525252525254,0.14185331576635923,0.33684672815107597
0.270353982300885,0.24955752212389382,0.14690265486725665,0.3331858407079646
0.26963812886142985,0.24315975286849073,0.14563106796116504,0.3415710503089144
0.26748790145182577,0.24065112186537616,0.1491421029476463,0.3427188737351518
0.26775474194971327,0.24172915747684165,0.1517423908248787,0.3387737097485664
0.2665788317962231,0.2437417654808959,0.15502854633289415,0.3346508563899868
0.26868953386103783,0.23834652594547054,0.1534740545294635,0.33948988566402816
0.2658677319130049,0.23790501553484245,0.15357301375943186,0.34265423879272083
0.2722880983750549,0.23715415019762845,0.15327184892402285,0.3372859025032938
0.26306543697848045,0.23847167325428195,0.15810276679841898,0.3403601229688186
0.26795945350374617,0.23049801674746584,0.1617452622300573,0.33979726751873074
0.26451041205139564,0.23260965883916704,0.16083296411165263,0.3420469649977847
0.2604120999561596,0.2371766768960982,0.16133274879438841,0.3410784743533538
0.2605820105820106,0.24603174603174602,0.15828924162257496,0.3350970017636684
0.2623169107856192,0.24545051043053706,0.16378162450066577,0.328450954283178
0.26285963382737576,0.24193548387096775,0.16826503923278116,0.3269398430688753
0.25758241758241757,0.24703296703296704,0.16439560439560438,0.330989010989011
0.2600087989441267,0.24593048834139902,0.15882094148702156,0.3352397712274527
0.258021978021978,0.24835164835164836,0.15956043956043955,0.33406593406593404
0.25719344842850816,0.2501106684373617,0.16024789729969013,0.33244798583444
0.25222419928825623,0.25222419928825623,0.16459074733096085,0.3309608540925267
0.2546419098143236,0.24358974358974358,0.16578249336870027,0.3359858532272325
0.25518763796909494,0.24591611479028697,0.1673289183222958,0.3315673289183223
0.25274243089074155,0.24703817463799913,0.16761737604212373,0.33260201842913556
0.2516440157825515,0.2490135905304691,0.1696624287593161,0.3296799649276633
0.25154457193292146,0.24536628420123566,0.17166813768755515,0.33142100617828774
0.24778368794326242,0.24778368794326242,0.1750886524822695,0.32934397163120566
0.2515473032714412,0.2453580901856764,0.17285587975243147,0.3302387267904509
0.25388371060807813,0.24234354194407456,0.17842876165113183,0.3253439857967155
0.25287356321839083,0.2475685234305924,0.17595048629531387,0.32360742705570295
0.2546174142480211,0.24582233948988566,0.17766051011433598,0.32189973614775724
0.25165271044513,0.249008373732922,0.1740855002203614,0.3252534156015866
0.24800708591674048,0.24800708591674048,0.17360496014171833,0.3303808680248007
0.24978204010462074,0.2506538796861377,0.17000871839581516,0.3295553618134263
0.24802110817941952,0.2559366754617414,0.16842568161829374,0.3276165347405453
0.2491212653778559,0.24956063268892795,0.17706502636203866,0.3242530755711775
0.24736842105263157,0.24912280701754386,0.17543859649122806,0.3280701754385965
0.24733570159857904,0.25177619893428066,0.1771758436944938,0.32371225577264656
0.24500665778961384,0.25388371060807813,0.17620949844651576,0.3249001331557923
0.2431718061674009,0.25859030837004404,0.17709251101321585,0.3211453744493392
0.2429453262786596,0.24779541446208111,0.18165784832451498,0.32760141093474426
