R,A,S,N
0.0,0.0,0.0,1.0
0.0,0.0,0.2,0.8
0.0,0.16666666666666666,0.16666666666666666,0.6666666666666666
0.0,0.19047619047619047,0.23809523809523808,0.5714285714285714
0.0,0.125,0.3125,0.5625
0.0,0.1276595744680851,0.3191489361702128,0.5531914893617021
0.029411764705882353,0.14705882352941177,0.29411764705882354,0.5294117647058824
0.038461538461538464,0.1346153846153846,0.27884615384615385,0.5480769230769231
0.04225352112676056,0.13380281690140844,0.2887323943661972,0.5352112676056338
0.046632124352331605,0.17098445595854922,0.26424870466321243,0.5181347150259067
0.055970149253731345,0.16417910447761194,0.2873134328358209,0.4925373134328358
0.07536231884057971,0.17101449275362318,0.27246376811594203,0.4811594202898551
0.09172259507829977,0.1789709172259508,0.2639821029082774,0.465324384787472
0.09660107334525939,0.1967799642218247,0.24686940966010734,0.4597495527728086
0.10488505747126436,0.21839080459770116,0.2471264367816092,0.4295977011494253
0.11533888228299644,0.2235434007134364,0.24256837098692033,0.41854934601664684
0.11904761904761904,0.2361111111111111,0.24206349206349206,0.4027777777777778
0.11840968020743302,0.25583405358686256,0.23509075194468454,0.39066551426101986
0.13004484304932734,0.25186846038863975,0.23766816143497757,0.3804185351270553
0.13464140730717186,0.2591339648173207,0.2347767253044655,0.37144790257104193
0.1345208845208845,0.2573710073710074,0.2328009828009828,0.3753071253071253
0.13340870548332392,0.26681741096664785,0.23403052572074617,0.3657433578292821
0.12870762711864406,0.263771186440678,0.2378177966101695,0.3697033898305085
0.12625250501002003,0.2665330661322645,0.23597194388777556,0.3712424849699399
0.1241117953576504,0.266224538133586,0.23922311700615823,0.3704405495026054
0.12626262626262627,0.26216712580348944,0.24426078971533516,0.3673094582185491
0.1278434940855323,0.2656960873521383,0.2429481346678799,0.3635122838944495
0.12798937112488928,0.26970770593445526,0.23737821080602303,0.3649247121346324
0.12650334075723832,0.26859688195991094,0.2378619153674833,0.36703786191536747
0.13417832167832167,0.2722902097902098,0.23776223776223776,0.3557692307692308
0.13435448577680525,0.2739606126914661,0.2350109409190372,0.35667396061269147
0.13794642857142858,0.26919642857142856,0.23214285714285715,0.3607142857142857
0.14235190097259062,0.27099911582670205,0.2338638373121132,0.35278514588859416
0.14058355437665782,0.2723253757736516,0.23916887709991158,0.347922192749779
0.1388276773909211,0.26399294843543414,0.24239753195240193,0.3547818422212428
0.1421676173760421,0.26722246599385696,0.23475208424747696,0.355857832382624
0.13991228070175438,0.2675438596491228,0.23596491228070177,0.35657894736842105
0.13794623182018512,0.27104451300132215,0.23182018510356986,0.3591890700749229
0.14028144239226034,0.2691292875989446,0.23218997361477572,0.35839929639401935
0.14054290718038528,0.2775831873905429,0.22548161120840632,0.3563922942206655
0.14115044247787611,0.2752212389380531,0.22256637168141594,0.36106194690265486
0.1432408236347359,0.27618621307072516,0.22291853178155774,0.3576544315129812
0.1443071491615181,0.2793468667255075,0.21844660194174756,0.35789938217122685
0.1407702523240372,0.2775564409030544,0.22532093846834883,0.3563523683045595
0.14348398420359806,0.2768758227292672,0.2233435717419921,0.3562966213251426
0.1422924901185771,0.2841458058849363,0.2160737812911726,0.357487922705314
0.1375,0.2857142857142857,0.2200892857142857,0.3566964285714286
0.1412280701754386,0.2894736842105263,0.21578947368421053,0.35350877192982455
0.14172185430463577,0.28520971302428255,0.2163355408388521,0.35673289183222956
0.14544650751547303,0.2895667550839965,0.20910698496905394,0.35587975243147657
0.14816452896948254,0.29102167182662536,0.205218929677134,0.35559486952675806
0.15120879120879122,0.2896703296703297,0.20483516483516484,0.35428571428571426
0.15243101182654403,0.2895313184406483,0.20280332895313186,0.35523434077967586
0.15870910698496907,0.2917771883289125,0.20159151193633953,0.347922192749779
0.15752523036419483,0.29442738043001315,0.1961386573058359,0.35190873189995614
0.15956043956043955,0.28835164835164834,0.19736263736263737,0.3547252747252747
0.16476774758983348,0.2848378615249781,0.1936897458369851,0.3567046450482033
0.1668833983528392,0.29128738621586475,0.18422193324664066,0.3576072821846554
0.17305151915455746,0.2892998678996037,0.18582122413033905,0.3518273888154998
0.17437252311756934,0.2915015411712902,0.1814178775869661,0.3527080581241744
0.173256330519769,0.28476232785428696,0.18302976454908929,0.3589515770768547
0.17310252996005326,0.28894806924101196,0.17576564580559254,0.3621837549933422
0.1759014951627089,0.2880386983289358,0.17502198768689534,0.36103781882145997
0.17766051011433598,0.2858399296394019,0.1693051890941073,0.3671943711521548
0.17644464049404499,0.28098808998676666,0.17115130127922365,0.3714159682399647
0.17149122807017544,0.2824561403508772,0.17149122807017544,0.37456140350877193
0.1736447774349934,0.28338475099162624,0.16923754958131335,0.373732921992067
0.16940133037694013,0.2860310421286031,0.16940133037694013,0.37516629711751664
0.17580008768084174,0.285839544059623,0.16747040771591407,0.3708899605436212
0.17822651448639157,0.2932396839332748,0.16856892010535557,0.35996488147497807
0.17994746059544658,0.28984238178633975,0.1672504378283713,0.36295971978984237
0.18205921343349535,0.28678745028722935,0.16482545293857712,0.3663278833406982
0.18440648269820412,0.28383705650459923,0.1625054752518616,0.3692509855453351
0.18859649122807018,0.28596491228070176,0.15570175438596492,0.36973684210526314
0.1879964695498676,0.28949691085613416,0.1526919682259488,0.3698146513680494
0.19041336851363236,0.29199648197009676,0.1534740545294635,0.3641160949868074
0.19222367846221058,0.2887723896898209,0.15771079073831368,0.3612931411096549
0.19576719576719576,0.291005291005291,0.15343915343915343,0.35978835978835977
0.1936619718309859,0.2891725352112676,0.1500880281690141,0.3670774647887324
0.1965547703180212,0.2875441696113074,0.15636042402826855,0.35954063604240283
0.1891891891891892,0.29375276916260523,0.1599468320779796,0.35711120957022596
0.1914235190097259,0.29664014146772766,0.15075154730327145,0.36118479221927496
0.19215513442044954,0.2904363155575143,0.14587924195680918,0.371529308065227
0.19274475524475523,0.2923951048951049,0.14160839160839161,0.3732517482517482
0.19434628975265017,0.2915194346289753,0.13913427561837455,0.375
0.1968155683325962,0.28704113224237066,0.13489606368863336,0.38124723573639985
0.19401671799384074,0.29608446986361636,0.12890453145622524,0.38099428068631763
0.1922739244951712,0.2919227392449517,0.12949956101843724,0.3863037752414399
0.19411506368028106,0.2938076416337286,0.12867808519982432,0.383399209486166
0.19814241486068113,0.2980981866430783,0.13268465280849182,0.3710747456877488
0.20142285460204534,0.2979101823032459,0.13250333481547355,0.3681636282792352
0.1978021978021978,0.3032967032967033,0.130989010989011,0.3679120879120879
0.1948853615520282,0.3011463844797178,0.12874779541446207,0.3752204585537919
0.19673577415086016,0.3043670048522276,0.1310101455668284,0.3678870754300838
0.19768477292965272,0.30365093499554763,0.13134461264470168,0.36731967943009797
0.20176600441501102,0.2997792494481236,0.12362030905077263,0.3748344370860927
0.20765508139023317,0.29256489221293447,0.1227452705675319,0.37703475582930046
0.2074235807860262,0.29912663755458513,0.12270742358078603,0.3707423580786026
0.20750551876379691,0.29624724061810154,0.1293598233995585,0.36688741721854307
0.20633523977122745,0.29476462824461064,0.13110426748790144,0.36779586449626045
0.20820467578297308,0.2968681076312307,0.12880458756065286,0.36612262902514336
0.20692678649715038,0.29416922402455065,0.1323980710214818,0.3665059184568172
0.21145374449339208,0.29691629955947135,0.126431718061674,0.3651982378854626
0.20992028343666963,0.2976085031000886,0.12798937112488928,0.3644818423383525
0.20456540825285338,0.2923617208077261,0.1321334503950834,0.37093942054433715
0.20685111989459815,0.30566534914361,0.12428634167764603,0.3631971892841458
0.20857017927415827,0.3069523393091386,0.1215566243987757,0.3629208570179274
0.20634920634920634,0.3020282186948854,0.12125220458553791,0.37037037037037035
0.21080368906455862,0.29907773386034253,0.12428634167764603,0.3658322353974528
0.21293444786625604,0.2987241531016278,0.1205455345358557,0.36779586449626045
0.21450685537372843,0.29279080053073864,0.11985846970367094,0.372843874391862
0.21006178287731686,0.30052956751985876,0.12135922330097088,0.3680494263018535
0.21075837742504408,0.304673721340388,0.12345679012345678,0.3611111111111111
0.2118421052631579,0.30219298245614035,0.12412280701754386,0.3618421052631579
0.21224307417336907,0.30116175156389635,0.12332439678284182,0.3632707774798928
0.22305323361196655,0.30004399472063353,0.12186537615486141,0.3550373955125385
0.22085349758029035,0.30004399472063353,0.1205455345358557,0.35855697316322044
0.21735319894829097,0.30543382997370727,0.11744084136722173,0.35977212971078004
0.22051731696624288,0.3038141166155195,0.1179307321350285,0.3577378342832091
0.21897163120567376,0.30097517730496454,0.11923758865248227,0.3608156028368794
0.2178304787000439,0.2995169082125604,0.12121212121212122,0.3614404918752745
0.21859850154252974,0.29528426619656234,0.11679153812252094,0.36932569413838695
0.21968365553602812,0.29217926186291737,0.11818980667838312,0.36994727592267135
0.22359154929577466,0.2913732394366197,0.11883802816901408,0.36619718309859156
0.22436459246275198,0.29316389132340054,0.11744084136722173,0.36503067484662577
0.2262323943661972,0.28829225352112675,0.1153169014084507,0.3701584507042254
0.22575032622879512,0.2896911700739452,0.11352762070465419,0.3710308829926055
0.2276103101791175,0.2874617737003058,0.11358671909130624,0.37134119702927043
0.2313167259786477,0.28291814946619215,0.11432384341637011,0.37144128113879005
0.23194748358862144,0.2857768052516411,0.11072210065645514,0.3715536105032823
0.23640350877192984,0.28596491228070176,0.11008771929824561,0.3675438596491228
0.23991130820399112,0.2811529933481153,0.11130820399113082,0.36762749445676274
0.23874669020300088,0.28773168578993824,0.11297440423654016,0.36054721977052073
0.24081451969898185,0.2855245683930943,0.10934041611332448,0.36432049579459935
0.24206349206349206,0.2777777777777778,0.10846560846560846,0.3716931216931217
0.24591611479028697,0.2763796909492274,0.1055187637969095,0.37218543046357616
0.24801412180052956,0.2762577228596646,0.10414827890556046,0.3715798764342454
0.248471615720524,0.27510917030567683,0.11004366812227075,0.3663755458515284
0.25144124168514415,0.2771618625277162,0.11086474501108648,0.3605321507760532
0.2501095050372317,0.2794568550153307,0.11213315812527376,0.35830048182216384
0.24559082892416226,0.281305114638448,0.11552028218694885,0.3575837742504409
0.2475770925110132,0.2748898678414097,0.11762114537444934,0.35991189427312775
0.24669020300088262,0.2727272727272727,0.11738746690203,0.36319505736981467
0.24669020300088262,0.2727272727272727,0.11871138570167697,0.36187113857016767
0.24649122807017543,0.2723684210526316,0.12236842105263158,0.3587719298245614
0.2518681318681319,0.27516483516483514,0.12087912087912088,0.35208791208791207
0.24724548259145,0.27633318642573823,0.11811370647862494,0.35830762450418685
0.24956369982547993,0.27268760907504364,0.11954624781849912,0.35820244328097733
0.25142606406318563,0.27292672224659936,0.11978938130759105,0.355857832382624
0.2445414847161572,0.27510917030567683,0.12445414847161572,0.3558951965065502
0.24547461368653423,0.2781456953642384,0.11876379690949228,0.3576158940397351
0.254416961130742,0.27164310954063603,0.1166077738515901,0.3573321554770318
0.2554680664916885,0.2690288713910761,0.11592300962379702,0.35958005249343833
0.25295404814004374,0.2708971553610503,0.11641137855579868,0.3597374179431072
0.25739514348785875,0.2710816777041943,0.11699779249448124,0.3545253863134658
0.25799386771791505,0.2728865527814279,0.11519929916776171,0.3539202803328953
0.2543046357615894,0.27770419426048565,0.11390728476821192,0.354083885209713
0.25625274243089075,0.27775340061430454,0.11671785870996051,0.34927599824484423
0.2579928952042629,0.28596802841918295,0.1172291296625222,0.338809946714032
0.26073483842408146,0.27622841965471445,0.11730854360336432,0.34572819831783974
0.25925925925925924,0.28061002178649236,0.11895424836601307,0.3411764705882353
0.25935711140466755,0.28445618670189343,0.11800968736239542,0.3381770145310436
0.254259501965924,0.28658802970729574,0.12276103101791175,0.3363914373088685
0.2556390977443609,0.28925254312251214,0.11941618752764263,0.3356921716054843
0.2605042016806723,0.2932330827067669,0.12074303405572756,0.32551968155683325
0.26631625054752517,0.2943495400788436,0.11563731931668857,0.32369689005694263
0.2627381479840496,0.29862649534780683,0.11475409836065574,0.3238812583074878
0.2618520159503766,0.29153743907842267,0.11564023039432876,0.3309703145768719
0.2663427561837456,0.2875441696113074,0.11749116607773852,0.3286219081272085
0.26546731022378234,0.2882843352347521,0.11584028082492322,0.33040807371654235
0.26904447380008806,0.2906208718626156,0.11052399823866138,0.32981065609863497
0.27078701645175635,0.2912405513561583,0.10760337927967986,0.33036905291240554
0.27411610650371016,0.28502837189000435,0.10868616324749018,0.3321693583587953
0.26860413914575076,0.289740202553941,0.11096433289299867,0.33069132540730956
0.26783369803063456,0.29190371991247266,0.11028446389496718,0.3299781181619256
0.27030625832223704,0.2898357745228584,0.11362627607634265,0.3262316910785619
0.2669305189094107,0.28935795954265614,0.11521547933157432,0.32849604221635886
0.26909569798068483,0.2906057945566286,0.11720807726075505,0.3230904302019315
0.26617773943054357,0.2903364969801553,0.1182053494391717,0.3252804141501294
0.2671922908453789,0.2947875602277705,0.12264564169951818,0.31537450722733246
0.2722859664607237,0.29346866725507503,0.12135922330097088,0.31288614298323036
0.2713523131672598,0.2860320284697509,0.125,0.31761565836298933
0.27057793345008757,0.29159369527145357,0.12040280210157618,0.31742556917688264
0.2723684210526316,0.2850877192982456,0.11842105263157894,0.32412280701754387
0.26687251874724305,0.2893692104102338,0.1133656815174239,0.33039258932509924
0.2647577092511013,0.2916299559471366,0.11541850220264317,0.32819383259911894
0.26684397163120566,0.28900709219858156,0.11657801418439716,0.3275709219858156
0.2752091589608102,0.2862175253192426,0.11228533685601057,0.32628797886393657
0.2774363476733977,0.2840210711150132,0.10798946444249341,0.3305531167690957
0.27709251101321586,0.28590308370044054,0.10704845814977973,0.3299559471365639
0.2724856003544528,0.2933097031457687,0.10500664599025254,0.32919805050952594
0.2790594498669033,0.2852706299911269,0.10692102928127772,0.3287488908606921
0.28313518273888155,0.28401585204755614,0.10127697049757815,0.33157199471598414
0.2907431551499348,0.2816166883963494,0.09908735332464146,0.3285528031290743
0.28959074733096085,0.275355871886121,0.10186832740213524,0.3331850533807829
0.2872952633908809,0.27622841965471445,0.10004426737494466,0.33643204957945994
0.28761651131824234,0.2774079005770084,0.10075454948956947,0.33422103861517977
0.28748890860692106,0.2759538598047915,0.10070984915705412,0.33584738243123335
0.28880070546737213,0.2795414462081129,0.09788359788359788,0.33377425044091713
0.27966475518306133,0.2853992059991178,0.09572121746801941,0.3392148213498015
0.28408592722490134,0.28233231039017975,0.0911880754055239,0.342393686979395
0.2801590808661069,0.28060097216084845,0.09147149801148917,0.34776844896155545
0.2744747429593205,0.2869915064818954,0.09164059007599464,0.34689316048278945
0.28433098591549294,0.2790492957746479,0.0897887323943662,0.34683098591549294
0.2820849759088918,0.27726675427069647,0.08891809023215068,0.3517301795882611
0.28495102404274264,0.2742653606411398,0.085040071237756,0.3557435440783615
0.2862779482683034,0.2779482683033757,0.08329679964927664,0.3524769837790443
0.2902097902097902,0.2731643356643357,0.07954545454545454,0.3570804195804196
0.2848297213622291,0.2773109243697479,0.07607253427686864,0.36178681999115436
0.2897278314310799,0.2787532923617208,0.07594381035996488,0.3555750658472344
0.2826278659611993,0.27557319223985893,0.07936507936507936,0.36243386243386244
0.28338475099162624,0.27633318642573823,0.08065226972234464,0.3596297928602909
0.28677758318739055,0.27276707530647987,0.08056042031523643,0.35989492119089317
0.28377787494534323,0.2754700480979449,0.080017490161784,0.36073458679492787
0.28471001757469244,0.27548330404217924,0.07996485061511424,0.35984182776801404
0.2880386983289358,0.27660510114335973,0.08355321020228672,0.3518029903254178
0.2922473867595819,0.2739547038327526,0.08405923344947736,0.34973867595818814
0.29730921923246584,0.2730480811645346,0.07984119982355536,0.3498014997794442
0.2932692307692308,0.27928321678321677,0.08129370629370629,0.34615384615384615
0.29373081981587024,0.27268741779921085,0.08110477860587462,0.3524769837790443
0.29780701754385963,0.27587719298245617,0.07412280701754385,0.35219298245614034
0.29458740017746227,0.27861579414374443,0.0740905057675244,0.35270629991126884
0.292693661971831,0.2852112676056338,0.07570422535211267,0.34639084507042256
0.2987751531058618,0.28083989501312334,0.07742782152230972,0.3429571303587052
0.29986847873739586,0.2805786935554581,0.0789127575624726,0.3406400701446734
0.3028972783143108,0.2844600526777875,0.07901668129938542,0.33362598770851626
0.3009623797025372,0.28171478565179353,0.0778652668416448,0.3394575678040245
0.2980599647266314,0.27469135802469136,0.08156966490299823,0.345679012345679
0.29934065934065934,0.2725274725274725,0.08615384615384615,0.34197802197802196
0.2995555555555556,0.2808888888888889,0.08488888888888889,0.33466666666666667
0.3023566029346376,0.282792352156514,0.08270342374388617,0.3321476211649622
0.3033259423503326,0.2793791574279379,0.08470066518847007,0.3325942350332594
0.30486202365308807,0.28252299605781866,0.08760402978537013,0.3250109505037232
0.2991566799822459,0.28051486906347095,0.09054593874833555,0.3297825122059476
0.2966934763181412,0.2828418230563003,0.08847184986595175,0.3319928507596068
0.30048394192696876,0.28112626484821823,0.09194896612406511,0.3264408271007479
0.3025283347863993,0.28378378378378377,0.08849171752397558,0.32519616390584133
0.29626373626373625,0.29010989010989013,0.08791208791208792,0.32571428571428573
0.2976190476190476,0.29012345679012347,0.09038800705467372,0.3218694885361552
0.2958553791887125,0.2927689594356261,0.09171075837742504,0.31966490299823636
0.3030170529077394,0.289899431569742,0.09269785745518146,0.31438565806733715
0.29921602787456447,0.2874564459930314,0.09712543554006968,0.3162020905923345
0.3011836913634371,0.2928540113985094,0.09557211749232793,0.3103901797457256
0.3065083553210202,0.28715919085312225,0.09762532981530343,0.3087071240105541
0.3077597544936431,0.28803156510302497,0.09601052170100834,0.30819815870232353
0.3084070796460177,0.2827433628318584,0.09513274336283185,0.31371681415929203
0.3047703180212014,0.2795936395759717,0.10203180212014135,0.3136042402826855
0.29858657243816256,0.2831272084805654,0.0989399293286219,0.31934628975265017
0.3051224944320713,0.28106904231625834,0.09977728285077951,0.31403118040089084
0.30052264808362367,0.28702090592334495,0.09843205574912892,0.31402439024390244
0.30241758241758243,0.2813186813186813,0.1010989010989011,0.3151648351648352
0.2932564330079858,0.2888198757763975,0.09849157054125998,0.3194321206743567
0.2961487383798141,0.2815405046480744,0.10048694112439133,0.32182381584772024
0.29569420035149385,0.2741652021089631,0.10017574692442882,0.3299648506151142
0.2967515364354697,0.27699736611062337,0.0961369622475856,0.3301141352063213
0.2904363155575143,0.2838254737769943,0.09078889378580873,0.33494931687968266
0.29736842105263156,0.2833333333333333,0.09429824561403509,0.325
0.29722589167767505,0.28225451343020697,0.09731395860854249,0.3232056362835755
0.30110864745011084,0.28159645232815966,0.09223946784922395,0.32505543237250556
0.30579964850615116,0.27855887521968364,0.08919156414762741,0.3264499121265378
0.3084358523725835,0.27987697715289983,0.0913884007029877,0.320298769771529
0.30453944468929045,0.2842661965623623,0.09519612163948876,0.31599823710885855
0.29929266136162685,0.28426171529619804,0.09549071618037135,0.3209549071618037
0.2996040475142983,0.2855257369115706,0.09766827980642323,0.3172019357677079
0.305835892935498,0.28609039052215884,0.09477841158402808,0.31329530495831504
0.30248799650807506,0.2898297686599738,0.09515495416848538,0.31252728066346575
0.3073516386182462,0.2860938883968113,0.09344552701505757,0.31310894596988487
0.30915524104378594,0.28527200353825743,0.0946483856700575,0.31092436974789917
0.3118374558303887,0.2875441696113074,0.09363957597173145,0.30697879858657245
0.3186188811188811,0.2784090909090909,0.09484265734265734,0.3081293706293706
0.3217429577464789,0.2733274647887324,0.09727112676056338,0.3076584507042254
0.3194200351493849,0.2741652021089631,0.09226713532513181,0.3141476274165202
0.31782265144863914,0.2721685689201054,0.09482001755926252,0.315188762071993
0.3102094240837696,0.2705061082024433,0.09511343804537521,0.3241710296684119
0.3054945054945055,0.2756043956043956,0.0989010989010989,0.32
0.3141223053233612,0.27056753189617244,0.09810822701275847,0.3172019357677079
0.314611671785871,0.2724879333040807,0.09653356735410268,0.3163668275559456
0.31537450722733246,0.2689443714410863,0.09680245291283399,0.31887866841874724
0.3201754385964912,0.2631578947368421,0.10175438596491228,0.31491228070175437
0.31868131868131866,0.2602197802197802,0.09978021978021978,0.3213186813186813
0.32189973614775724,0.25725593667546176,0.10026385224274406,0.32058047493403696
0.3256738842244808,0.2540874944763588,0.10030932390631904,0.31992929739284137
0.3251209854817422,0.25164980202375714,0.10250769907611086,0.3207215134183898
0.3224381625441696,0.2592756183745583,0.09982332155477032,0.31846289752650175
0.32463511720477667,0.25917735515258733,0.09862892525431226,0.31755860238832373
0.32422907488986785,0.25726872246696036,0.0973568281938326,0.3211453744493392
0.32484635645302895,0.26251097453906935,0.09745390693590869,0.315188762071993
0.3257243195785777,0.262071992976295,0.09877085162423178,0.31343283582089554
0.3201046663759267,0.2642825992150022,0.09943305713039687,0.31617967727867424
0.3228241563055062,0.2664298401420959,0.10035523978685613,0.31039076376554176
0.3229486616937253,0.26107942079859586,0.10267661254936375,0.31329530495831504
0.32458442694663164,0.26027996500437445,0.10279965004374453,0.3123359580052493
0.3255711775043937,0.2631810193321617,0.10500878734622145,0.3062390158172232
0.3297777777777778,0.2653333333333333,0.09955555555555555,0.30533333333333335
0.3191673894189072,0.2662619254119688,0.10277536860364267,0.3117953165654814
0.32103645147123405,0.27009222661396576,0.10496267018006149,0.3039086517347387
0.32238282961016207,0.2658782303985983,0.11038107752956636,0.30135786246167323
0.3244425010931351,0.26278968080454745,0.11368605159597726,0.29908176650634016
0.3247787610619469,0.2592920353982301,0.11061946902654868,0.3053097345132743
0.3286405631324241,0.2512098548174219,0.10382754069511659,0.3163220413550374
0.3240174672489083,0.25807860262008736,0.10131004366812227,0.3165938864628821
0.3282275711159737,0.25426695842450764,0.09452954048140044,0.32297592997811814
0.3288530465949821,0.2594086021505376,0.09722222222222222,0.31451612903225806
0.3304233958969882,0.25665648188563944,0.09428197293758184,0.3186381492797905
0.33318719859710655,0.2590968873301184,0.09557211749232793,0.31214379658044716
0.3333333333333333,0.2619047619047619,0.09126984126984126,0.3134920634920635
0.327032967032967,0.26945054945054947,0.09714285714285714,0.30637362637362636
0.3282275711159737,0.26958424507658646,0.09234135667396061,0.3098468271334792
0.32956029603831083,0.26861123204179366,0.09490639965171964,0.30692207226817586
0.33480565371024734,0.2667844522968198,0.09231448763250884,0.30609540636042404
0.3334794040315513,0.2677475898334794,0.0915863277826468,0.30718667835232255
0.33068432671081677,0.26843267108167773,0.09183222958057395,0.3090507726269316
0.33013937282229966,0.2656794425087108,0.09843205574912892,0.3057491289198606
0.3302222222222222,0.26755555555555555,0.09688888888888889,0.30533333333333335
0.3321616871704745,0.26449912126537783,0.09666080843585237,0.30667838312829526
0.33858267716535434,0.2659667541557305,0.09580052493438321,0.2996500437445319
0.33670774647887325,0.2654049295774648,0.09551056338028169,0.3023767605633803
0.33451015004413065,0.26257722859664606,0.09664607237422772,0.3062665489849956
0.3309828118113706,0.2675187307183781,0.09828118113706479,0.3032172763331864
0.3281527531083481,0.26953818827708703,0.09813499111900532,0.30417406749555953
0.323477493380406,0.2762577228596646,0.09929390997352162,0.30097087378640774
0.32428825622775803,0.27669039145907476,0.09564056939501779,0.30338078291814946
0.33025099075297226,0.26904447380008806,0.09555261999119331,0.3051519154557464
0.33083700440528635,0.2691629955947137,0.09559471365638766,0.30440528634361236
0.3276614310645724,0.27137870855148344,0.09860383944153578,0.3023560209424084
0.33377250768555117,0.27009222661396576,0.0966183574879227,0.2995169082125604
0.3334805653710247,0.2742932862190813,0.0980565371024735,0.2941696113074205
0.3386034255599473,0.27448397013614406,0.0966183574879227,0.2902942468159859
0.33524229074889866,0.27312775330396477,0.09515418502202644,0.2964757709251101
0.33552920509442247,0.2722880983750549,0.09354413702239789,0.29863855950812473
0.33857579729139364,0.26780253385757974,0.09349060725207514,0.30013106159895153
0.3403601229688186,0.26613965744400525,0.09486166007905138,0.29863855950812473
0.34137779727950857,0.27292672224659936,0.09521720052654672,0.2904782799473453
0.34121769601401664,0.28252299605781866,0.09242225142356549,0.28383705650459923
0.3388718845649322,0.28377787494534323,0.09226060341058155,0.285089637079143
0.33554670208056664,0.28286852589641437,0.09694555112881806,0.28463922089420096
0.35028496273564225,0.2757562472599737,0.09381850065760632,0.2801402893467777
0.3519577650681918,0.2784865816102068,0.09590849098108227,0.2736471623405191
0.3517454706142289,0.27353071144498453,0.09544851966416261,0.27927529827662395
0.3488168273444347,0.28001752848378614,0.09333917616126206,0.2778264680105171
0.35692171605484296,0.26758071649712517,0.09111012826183104,0.2843874391862008
0.3584574934268186,0.268624014022787,0.08851884312007012,0.28439964943032425
0.3573959255978742,0.2674933569530558,0.09344552701505757,0.2816651904340124
0.35711120957022596,0.2724856003544528,0.09392999556933983,0.2764731945059814
0.3608428446005268,0.2655838454784899,0.09482001755926252,0.2787532923617208
0.3595258999122037,0.2660228270412643,0.09877085162423178,0.27568042142230026
0.36220472440944884,0.26334208223972005,0.09798775153105861,0.2764654418197725
0.36280087527352295,0.25689277899343543,0.09846827133479212,0.2818380743982494
0.3647162340519138,0.2622085349758029,0.09942806863176419,0.2736471623405191
0.3611353711790393,0.262882096069869,0.09388646288209607,0.28209606986899566
0.3647162340519138,0.2635283765948086,0.09282886053673559,0.278926528816542
0.36043956043956044,0.27076923076923076,0.09186813186813186,0.27692307692307694
0.36809815950920244,0.2703768624014023,0.09027169149868536,0.2712532865907099
0.37016093953893,0.2631578947368421,0.09090909090909091,0.275772074815137
0.36830553116769094,0.26163301141352063,0.09306409130816505,0.27699736611062337
0.36577777777777776,0.2604444444444444,0.09377777777777778,0.28
0.3710387323943662,0.2557218309859155,0.09683098591549295,0.2764084507042254
0.36957474791758,0.2626041209995616,0.0916264796142043,0.2761946514686541
0.37110232762406675,0.2604303908651735,0.09003074220465525,0.2784365393061045
0.374447391688771,0.25552608311229,0.09018567639257294,0.27984084880636606
0.3813298106560986,0.2531924262439454,0.0964332892998679,0.26904447380008806
0.37209302325581395,0.25274243089074155,0.10004387889425187,0.27512066695919263
0.3713024282560706,0.24944812362030905,0.0988962472406181,0.2803532008830022
0.3725231175693527,0.25011008366358434,0.09819462791721709,0.27917217084984586
0.3725318121983326,0.25142606406318563,0.09565598946906538,0.2803861342694164
0.3729562527618206,0.25055236411842685,0.0963323022536456,0.2801590808661069
0.3747247908410392,0.24526640246587406,0.10039630118890357,0.2796125055041832
0.3783902012248469,0.2440944881889764,0.09973753280839895,0.2777777777777778
0.37949167397020156,0.24233128834355827,0.09772129710780017,0.28045574057843997
0.3787812362998685,0.24199912319158265,0.09820254274441034,0.2810170977641385
0.3809106830122592,0.23992994746059546,0.09763572679509633,0.28152364273204905
0.3848873177198409,0.241714538223597,0.09412284577993814,0.27927529827662395
0.3921916592724046,0.24046140195208518,0.08917480035492457,0.27817213842058564
0.3948535936113576,0.24489795918367346,0.08740017746228926,0.27284826974267967
0.38893766461808604,0.242756804214223,0.09174714661984197,0.276558384547849
0.387011847301448,0.24089512944273805,0.09346204475647214,0.2786309784993418
0.37940140845070425,0.238556338028169,0.09639084507042253,0.28565140845070425
0.3824049513704686,0.23872679045092837,0.09416445623342175,0.28470380194518125
0.3797243219208537,0.23743886171631837,0.09604268563806136,0.28679413072476656
0.37577092511013216,0.24052863436123348,0.0973568281938326,0.28634361233480177
0.37219533655961284,0.23977122745270568,0.0985481742190937,0.28948526176858774
0.37961335676625657,0.23769771528998243,0.09402460456942004,0.28866432337434095
0.3739514348785872,0.24150110375275938,0.09094922737306843,0.293598233995585
0.374294398610508,0.2396873643074251,0.09161962657403387,0.294398610508033
0.3764861294583884,0.2426243945398503,0.08674592690444738,0.29414354909731394
0.3817626527050611,0.2425828970331588,0.0868237347294939,0.28883071553228623
0.38641376268195854,0.24040582267313632,0.08778120864578738,0.2853992059991178
0.3847167325428195,0.2362758014931928,0.09090909090909091,0.28809837505489677
0.38099428068631763,0.24153101627804663,0.09238891333040035,0.28508578970523535
0.3732981993851559,0.24593763724198506,0.08915239350021958,0.2916117698726394
0.37560333479596314,0.24879333040807372,0.09082931110136025,0.2847740236946029
0.37715803452855245,0.24833997343957503,0.09163346613545817,0.28286852589641437
0.3794759825327511,0.2445414847161572,0.0943231441048035,0.2816593886462882
0.38886433937251436,0.24701723376049492,0.08926204153778171,0.27485638532920903
0.38311975254087494,0.2509942554131684,0.08882015024304021,0.2770658418029165
0.3794466403162055,0.2494510320597277,0.08871321914800176,0.282389108476065
0.3745583038869258,0.24911660777385158,0.09187279151943463,0.284452296819788
0.37305469097376615,0.2498888394842152,0.09559804357492219,0.28145842596709647
0.3793254489706526,0.24441524310118265,0.09724047306176084,0.27901883486640383
0.36613475177304966,0.24512411347517732,0.10106382978723404,0.287677304964539
0.3684210526315789,0.24473684210526317,0.09912280701754386,0.28771929824561404
0.3631578947368421,0.2482456140350877,0.09956140350877193,0.28903508771929826
0.37040280210157617,0.2530647985989492,0.0989492119089317,0.2775831873905429
0.3665059184568172,0.25471284524331433,0.09601052170100834,0.28277071459886016
0.36187113857016767,0.25728155339805825,0.09179170344218888,0.2890556045895852
0.363031914893617,0.25,0.09219858156028368,0.29476950354609927
0.3629955947136564,0.24801762114537446,0.09295154185022027,0.2960352422907489
0.3663278833406982,0.2403888643393725,0.09368095448519664,0.29960229783473263
0.3683978873239437,0.24295774647887325,0.09154929577464789,0.2970950704225352
0.36192560175054705,0.2437636761487965,0.09234135667396061,0.30196936542669583
0.35966826713225664,0.23832387603666522,0.08991706678306416,0.312090790048014
0.36119665640123183,0.24065112186537616,0.09326880774307084,0.30488341399032115
0.36220472440944884,0.24278215223097113,0.09317585301837271,0.30183727034120733
0.3644818423383525,0.245792736935341,0.08945969884853854,0.30026572187776795
0.3650022094564737,0.24701723376049492,0.08528501988510827,0.3026955368979231
0.3654441007512152,0.2465753424657534,0.08086610693769333,0.30711444984533803
0.363395225464191,0.24358974358974358,0.08222811671087533,0.3107869142351901
0.35879218472468916,0.24733570159857904,0.08436944937833037,0.3095026642984014
0.3621071270473661,0.25320938468348825,0.08277999114652501,0.3019034971226206
0.3631601920558708,0.2570929725010912,0.08162374508948057,0.2981230903535574
0.36311366651923926,0.254312251216276,0.07784166298098187,0.30473241928350286
0.3574580759046778,0.2612533097969991,0.07766990291262135,0.3036187113857017
0.35325365205843295,0.26117751217352814,0.0787959274015051,0.30677290836653387
0.3535936113575865,0.26353149955634425,0.08118899733806566,0.30168589174800353
0.3560804899387577,0.26071741032370954,0.08267716535433071,0.3005249343832021
0.36070640176600444,0.2609271523178808,0.08256070640176601,0.2958057395143488
0.3605263157894737,0.2649122807017544,0.08201754385964913,0.29254385964912283
0.355193661971831,0.2649647887323944,0.08670774647887323,0.29313380281690143
0.3542402826855124,0.2712014134275618,0.08524734982332155,0.28931095406360424
0.3561341571050309,0.26963812886142985,0.08340688437775816,0.2908208296557811
0.36049601417183347,0.26660761736049604,0.08237378210806023,0.29052258635961026
0.3616366036075671,0.26616805983282005,0.08095028596568411,0.29124505059392874
0.363556338028169,0.2706866197183099,0.08142605633802817,0.28433098591549294
0.3580301685891748,0.274622892635315,0.07941437444543034,0.28793256433007985
0.3601769911504425,0.27300884955752214,0.0752212389380531,0.2915929203539823
0.35667107001321,0.27212681638044917,0.07793923381770146,0.29326287978863935
0.3627148523578669,0.2719259585720582,0.07933010136624064,0.2860290877038343
0.36190053285968027,0.2730905861456483,0.08170515097690942,0.283303730017762
0.3580517770952172,0.26722246599385696,0.07810443176831944,0.2966213251426064
0.357487922705314,0.2696530522617479,0.08036890645586298,0.2924901185770751
0.3468846663720725,0.27971718957136543,0.07954043305346885,0.2938577110030932
0.3499338915821948,0.2666372851476421,0.08461877479065667,0.2988100484795064
0.3399734395750332,0.2731297034085879,0.08455068614431165,0.3023461708720673
0.3371529308065227,0.2736888497135302,0.08638166593212869,0.3027765535478184
0.33643617021276595,0.26817375886524825,0.08953900709219859,0.3058510638297872
0.3355263157894737,0.27149122807017545,0.09035087719298246,0.3026315789473684
0.3305346884666372,0.2695536897923111,0.0905877154220062,0.3093239063190455
0.32867743343518113,0.27324312527280664,0.0907900480139677,0.3072893932780445
0.32848324514991184,0.27733686067019403,0.09038800705467372,0.3037918871252205
0.3305640577175339,0.2754700480979449,0.08745080891998251,0.3065150852645387
0.3222707423580786,0.28253275109170306,0.08427947598253276,0.3109170305676856
0.3266843971631206,0.27881205673758863,0.08732269503546099,0.3071808510638298
0.32202643171806167,0.2757709251101322,0.09118942731277534,0.31101321585903086
0.3249336870026525,0.27409372236958446,0.08974358974358974,0.3112290008841733
0.32686369651521835,0.278341420379356,0.09131010145566829,0.3034847816497574
0.32229965156794427,0.2748257839721254,0.0975609756097561,0.30531358885017423
0.3227373068432671,0.27549668874172184,0.09845474613686535,0.3033112582781457
0.3212869105332746,0.2776553547818422,0.09255178492728074,0.3085059497576025
0.3170731707317073,0.2802660753880266,0.09090909090909091,0.3117516629711752
0.3149955634427684,0.2808340727595386,0.09050576752440107,0.3136645962732919
0.31757950530035334,0.28047703180212014,0.08745583038869258,0.31448763250883394
0.32622222222222225,0.2782222222222222,0.08177777777777778,0.31377777777777777
0.32272132577409507,0.2856519843000436,0.08155255124291322,0.3100741386829481
0.31842105263157894,0.28596491228070176,0.08157894736842106,0.3140350877192982
0.31459170013386883,0.28112449799196787,0.08389112003569835,0.320392681838465
0.31734960767218834,0.27898866608544026,0.08369659982563209,0.3199651264167393
0.31297034085878706,0.28375387339530767,0.08543603364320496,0.3178397521027003
0.31195079086115995,0.29261862917398945,0.08611599297012303,0.3093145869947276
0.3072893932780445,0.28764731558271495,0.08511567001309472,0.3199476211261458
0.31357048748353095,0.2828282828282828,0.0878348704435661,0.3157663592446201
0.3125548726953468,0.28138718173836696,0.08779631255487269,0.3182616330114135
0.3170943888647238,0.27925184862983904,0.09221400608960417,0.311439756415833
0.3124724548259145,0.28118113706478626,0.0987219039224328,0.3076245041868665
0.3163716814159292,0.27920353982300883,0.09469026548672567,0.30973451327433627
0.3168402777777778,0.2847222222222222,0.09375,0.3046875
0.3141476274165202,0.28954305799648505,0.09622144112478032,0.30008787346221444
0.3191677733510403,0.28021248339973437,0.09606020362992475,0.3045595396193006
0.31514622435617634,0.2863378437363597,0.09428197293758184,0.30423395896988215
0.31699779249448123,0.28211920529801326,0.09536423841059603,0.3055187637969095
0.31148262208534977,0.28508578970523535,0.09106907171139464,0.3123625164980202
0.31427304964539005,0.2770390070921986,0.09042553191489362,0.3182624113475177
0.31674008810572685,0.2779735682819383,0.0907488986784141,0.3145374449339207
0.3221830985915493,0.27684859154929575,0.0840669014084507,0.31690140845070425
0.3225377107364685,0.2759538598047915,0.08118899733806566,0.3203194321206744
0.3253439857967155,0.2756324900133156,0.08388814913448735,0.31513537505548156
0.32213875386654883,0.27927529827662395,0.08351745470614229,0.3150684931506849
0.3309828118113706,0.26884089907448216,0.08285588364918467,0.31732040546496254
0.3309513175524788,0.270656543099598,0.07860652076820009,0.3197856185797231
0.3264042459088899,0.27333038478549315,0.08182220256523662,0.31844316674038037
0.3291759465478842,0.2734966592427617,0.07884187082405346,0.3184855233853007
0.32556093268807745,0.27144742630884294,0.08095028596568411,0.3220413550373955
0.3298199385155907,0.27053140096618356,0.07685551163812034,0.3227931488801054
0.3327518534670737,0.2690798081116441,0.08068033144352377,0.3174880069777584
0.3303886925795053,0.26545936395759717,0.08083038869257951,0.32332155477031804
0.33141592920353985,0.2584070796460177,0.08053097345132744,0.32964601769911506
0.32774591971768857,0.26246140273489194,0.07851786501985002,0.33127481252756946
0.332306338028169,0.2605633802816901,0.07922535211267606,0.3279049295774648
0.3349644128113879,0.26512455516014233,0.0809608540925267,0.31895017793594305
0.3337777777777778,0.2644444444444444,0.08355555555555555,0.31822222222222224
0.3302671922908454,0.2645641699518178,0.08409986859395532,0.3210687691633815
0.3323144104803493,0.26550218340611353,0.08471615720524017,0.3174672489082969
0.33260393873085337,0.2634573304157549,0.08358862144420132,0.3203501094091904
0.3314285714285714,0.26461538461538464,0.08483516483516483,0.3191208791208791
0.34073745002221234,0.2558862727676588,0.08307418924922257,0.32030208796090626
0.34328358208955223,0.247585601404741,0.08735733099209833,0.3217734855136084
0.3361196656401232,0.25252969643642764,0.08710954685437748,0.32424109106907173
0.33654688869412797,0.2581069237510955,0.08545135845749342,0.31989482909728306
0.3340640070144673,0.25515124945199474,0.08680403331871986,0.32398071021481806
0.3393725143614671,0.25231992929739283,0.08351745470614229,0.3247901016349978
0.33818342151675485,0.2588183421516755,0.07980599647266313,0.32319223985890655
0.3385024368630926,0.25431989366415597,0.08196721311475409,0.32521045635799734
0.3407473309608541,0.24733096085409254,0.08407473309608542,0.327846975088968
0.34797891036906853,0.24121265377855888,0.08567662565905097,0.3251318101933216
0.33787945446546414,0.24417069951605808,0.08490981082270127,0.3330400351957765
0.33705357142857145,0.24241071428571428,0.0875,0.33303571428571427
0.3424956369982548,0.25043630017452007,0.08289703315881326,0.3241710296684119
