R,A,S,N
1.0,0.0,0.0,0.0
0.8,0.0,0.2,0.0
0.5454545454545454,0.0,0.2727272727272727,0.18181818181818182
0.5454545454545454,0.0,0.18181818181818182,0.2727272727272727
0.5142857142857142,0.0,0.17142857142857143,0.3142857142857143
0.5192307692307693,0.038461538461538464,0.17307692307692307,0.2692307692307692
0.5185185185185185,0.04938271604938271,0.1728395061728395,0.25925925925925924
0.4645669291338583,0.06299212598425197,0.2047244094488189,0.2677165354330709
0.4367816091954023,0.09195402298850575,0.21264367816091953,0.25862068965517243
0.43724696356275305,0.09716599190283401,0.22267206477732793,0.242914979757085
0.43843843843843844,0.0990990990990991,0.2222222222222222,0.24024024024024024
0.4229828850855746,0.10513447432762836,0.2371638141809291,0.23471882640586797
0.41338582677165353,0.11023622047244094,0.2440944881889764,0.23228346456692914
0.4124809741248097,0.1095890410958904,0.2648401826484018,0.213089802130898
0.40726817042606517,0.11403508771929824,0.2719298245614035,0.20676691729323307
0.4039460020768432,0.11734164070612668,0.28868120456905505,0.19003115264797507
0.4017857142857143,0.12767857142857142,0.2830357142857143,0.1875
0.4179447852760736,0.13496932515337423,0.28067484662576686,0.1664110429447853
0.424159231297186,0.13177762525737818,0.28414550446122167,0.15991763898421413
0.42973651191969886,0.13174404015056462,0.28419071518193223,0.15432873274780426
0.42201834862385323,0.13761467889908258,0.28784403669724773,0.15252293577981652
0.4261763115197404,0.13737155219037317,0.2877230935640887,0.14872904272579773
0.4228426395939086,0.13908629441624365,0.2928934010152284,0.14517766497461929
0.4232466895537028,0.13437959784207945,0.295242766061795,0.14713094654242276
0.4179818268770923,0.13868962219033956,0.2965088474414156,0.14681970349115256
0.42258064516129035,0.13686635944700462,0.2981566820276498,0.1423963133640553
0.4107468123861566,0.1429872495446266,0.3055555555555556,0.1407103825136612
0.40999099909991,0.14356435643564355,0.30423042304230424,0.1422142214221422
0.41516086381665934,0.14323490524460114,0.29925077126487437,0.14235345967386515
0.4097560975609756,0.14501108647450112,0.3073170731707317,0.13791574279379157
0.4090509666080844,0.14323374340949033,0.3071177504393673,0.140597539543058
0.4105636928539725,0.14558366622281402,0.3062583222370173,0.13759431868619618
0.4126704795424549,0.1438627364716234,0.302683677958645,0.14078310602727673
0.4062776304155615,0.14809902740937222,0.30238726790450926,0.14323607427055704
0.4081451969898185,0.14696768481629038,0.3041168658698539,0.1407702523240372
0.4057971014492754,0.1466842336407554,0.3008344312692139,0.1466842336407554
0.4058226731363035,0.14689016321129245,0.2999558888398765,0.14733127481252756
0.4002630425252082,0.14993423936869793,0.30293730819815873,0.14686540990793512
0.4075221238938053,0.15132743362831858,0.2982300884955752,0.14292035398230088
0.39166666666666666,0.15394736842105264,0.3043859649122807,0.15
0.38992042440318303,0.15826702033598586,0.3006189213085765,0.15119363395225463
0.3883495145631068,0.1646072374227714,0.2961165048543689,0.15092674315975288
0.39017974572555897,0.15914072775098642,0.29943007452871545,0.15124945199473916
0.39050131926121373,0.15919085312225154,0.29683377308707126,0.1534740545294635
0.3912472647702407,0.16236323851203502,0.29715536105032825,0.14923413566739607
0.39371453513749455,0.15888258402444347,0.2963771278917503,0.15102575294631165
0.39232127096204766,0.16107678729037953,0.28949691085613416,0.15710503089143865
0.3910171730515192,0.1576398062527521,0.2910612065169529,0.16028181417877588
0.39334209373631185,0.16031537450722733,0.28777923784494086,0.15856329391151994
0.39243290805103387,0.15662120545534536,0.2890453145622525,0.16190057193136823
0.3956140350877193,0.15482456140350878,0.28596491228070176,0.16359649122807018
0.3902012248468941,0.16272965879265092,0.2777777777777778,0.16929133858267717
0.39323374340949035,0.16520210896309315,0.2741652021089631,0.16739894551845344
0.394341290893015,0.16445623342175067,0.27453580901856767,0.16666666666666666
0.39001766784452296,0.16740282685512367,0.2760600706713781,0.16651943462897525
0.3851819757365685,0.1655112651646447,0.27902946273830154,0.17027729636048528
0.38898836168307965,0.1656222023276634,0.27350044762757386,0.1718889883616831
0.3868421052631579,0.1706140350877193,0.27324561403508774,0.1692982456140351
0.38172278093572365,0.17227809357236554,0.2772190642763446,0.16878006121556624
0.38239217429968875,0.17563361493997331,0.2810137839039573,0.16096042685638062
0.38769230769230767,0.17978021978021977,0.2720879120879121,0.16043956043956045
0.3836283185840708,0.18141592920353983,0.27300884955752214,0.16194690265486725
0.3821174377224199,0.17526690391459074,0.27580071174377224,0.16681494661921709
0.3809102960671675,0.1780821917808219,0.2695536897923111,0.17145382235969953
0.3824823943661972,0.176056338028169,0.2671654929577465,0.1742957746478873
0.38296923762817653,0.1818992420864913,0.26437806509139544,0.1707534551939367
0.3903296703296703,0.18153846153846154,0.26681318681318683,0.16131868131868132
0.39009287925696595,0.183547103051747,0.2649270234409553,0.16143299425033172
0.39770216526734425,0.1789659743703049,0.25806451612903225,0.1652673442333186
0.3920529801324503,0.18101545253863136,0.2565121412803532,0.1704194260485651
0.39249448123620306,0.17350993377483442,0.26048565121412803,0.17350993377483442
0.3931214627775359,0.17718763604701784,0.2585981715280801,0.17109272964736613
0.3951859956236324,0.17680525164113786,0.25689277899343543,0.1711159737417943
0.39516483516483514,0.17802197802197803,0.2549450549450549,0.17186813186813188
0.39334209373631185,0.18221638195356987,0.2558037669732808,0.1686377573368375
0.3967699694456569,0.17154081187254475,0.2584024443474465,0.1732867743343518
0.3986813186813187,0.1723076923076923,0.261978021978022,0.16703296703296702
0.3973684210526316,0.17719298245614035,0.2600877192982456,0.16535087719298244
0.3914949583516002,0.18149934239368698,0.2617273125822008,0.16527838667251205
0.3905221588415972,0.18429135585783238,0.25537516454585346,0.16981132075471697
0.39176161262050835,0.18404907975460122,0.2537248028045574,0.17046450482033304
0.3899343544857768,0.187308533916849,0.25076586433260395,0.17199124726477025
0.38936075100581136,0.18685739830129638,0.24273580688421995,0.18104604380867234
0.3907488986784141,0.19118942731277533,0.23788546255506607,0.1801762114537445
0.3934715483017203,0.19188354653727394,0.23555359505955006,0.17909131010145568
0.38708260105448156,0.19244288224956063,0.23637961335676624,0.18409490333919157
0.38930293730819815,0.18807540552389304,0.2389302937308198,0.183691363437089
0.3895297249334516,0.1912156166814552,0.23735581188997337,0.18189884649511978
0.3796172674677348,0.19359145527369825,0.2389853137516689,0.1878059635068981
0.38145695364238413,0.19514348785871966,0.2379690949227373,0.18543046357615894
0.3845813026140895,0.19184758529020823,0.2352680549401861,0.18830305715551618
0.38461538461538464,0.1962864721485411,0.22855879752431477,0.1905393457117595
0.3910761154855643,0.19553805774278216,0.2274715660542432,0.18591426071741032
0.388913330400352,0.19621645402551693,0.22613286405631325,0.18873735151781787
0.3784843205574913,0.19729965156794424,0.2304006968641115,0.19381533101045295
0.3759299781181619,0.2,0.23719912472647703,0.18687089715536104
0.3875054608999563,0.19877675840978593,0.22411533420707733,0.18960244648318042
0.38886453309951774,0.19772029811486191,0.2253397632617273,0.18807540552389304
0.38265081461911055,0.20783795684720388,0.22104799647732276,0.18846323205636284
0.3880334359876815,0.2023757149142103,0.22525296964364278,0.18433787945446548
0.38762071992976294,0.20456540825285338,0.22431957857769974,0.18349429323968394
0.38407699037620296,0.20953630796150483,0.2178477690288714,0.18853893263342084
0.37823371989295274,0.21409455842997324,0.2136485280999108,0.19402319357716324
0.37846153846153846,0.21714285714285714,0.2175824175824176,0.18681318681318682
0.3787477954144621,0.21428571428571427,0.21649029982363316,0.19047619047619047
0.383399209486166,0.2134387351778656,0.21212121212121213,0.19104084321475626
0.3898901098901099,0.210989010989011,0.20967032967032967,0.18945054945054945
0.38657305835892936,0.21017990346643264,0.21369021500658184,0.18955682316805617
0.3889131383675251,0.21169794849410736,0.21213443910955915,0.18725447402880838
0.38458149779735684,0.21365638766519823,0.21806167400881057,0.18370044052863435
0.3898454746136865,0.20838852097130242,0.21986754966887417,0.18189845474613686
0.38266199649737304,0.20928196147110334,0.22197898423817863,0.18607705779334502
0.37870083959346,0.21652673442333187,0.21873619089703933,0.18603623508616882
0.3782722513089005,0.2198952879581152,0.21858638743455497,0.18324607329842932
0.3856640281442392,0.22207563764291996,0.20932277924362358,0.18293755496921724
0.38180235089246845,0.22115803221593383,0.21680452764475402,0.1802350892468437
0.37893356643356646,0.21896853146853146,0.2180944055944056,0.1840034965034965
0.3829225352112676,0.21522887323943662,0.21654929577464788,0.18529929577464788
0.3898230088495575,0.21460176991150443,0.2088495575221239,0.18672566371681415
0.38403880070546736,0.21649029982363316,0.21031746031746032,0.18915343915343916
0.38124452234881684,0.21691498685363717,0.2112182296231376,0.19062226117440842
0.37841409691629957,0.22334801762114537,0.20969162995594715,0.18854625550660792
0.3746724890829694,0.2262008733624454,0.2170305676855895,0.18209606986899562
0.3759894459102902,0.22383465259454705,0.21328056288478453,0.1868953386103782
0.3800964489259097,0.21964050854888206,0.210872424375274,0.18939061814993424
0.3776223776223776,0.21896853146853146,0.20935314685314685,0.19405594405594406
0.3757277205553068,0.2180922525750112,0.2122704881325571,0.19390953873712494
0.37389770723104054,0.21516754850088182,0.21604938271604937,0.1948853615520282
0.3726953467954346,0.21553994732221246,0.2151009657594381,0.19666374012291485
0.37054945054945054,0.21626373626373627,0.21802197802197804,0.19516483516483515
0.3691157061152662,0.21073471183457984,0.21777386713594368,0.2023757149142103
0.3676081200353045,0.21094439541041482,0.21888790820829657,0.20255957634598412
0.3717553893532776,0.21293444786625604,0.21821381434227893,0.1970963484381874
0.36675461741424803,0.21635883905013192,0.22075637642919965,0.1961301671064204
0.3696325807879593,0.21469676848162905,0.22355024347056218,0.1921204072598495
0.37035398230088495,0.21858407079646017,0.21814159292035398,0.1929203539823009
0.3656485170429394,0.22000885347498894,0.21691013722886232,0.19743249225320939
0.36130742049469966,0.2146643109540636,0.22747349823321555,0.1965547703180212
0.3594713656387665,0.22026431718061673,0.226431718061674,0.19383259911894274
0.35929203539823007,0.22256637168141594,0.2243362831858407,0.19380530973451326
0.36443276390713975,0.2264564169951818,0.22558037669732808,0.1835304424003504
0.3626760563380282,0.2249119718309859,0.22975352112676056,0.18265845070422534
0.35758106923751093,0.2252410166520596,0.2357581069237511,0.18141980718667836
0.36231884057971014,0.22441809398331136,0.23232323232323232,0.18093983311374615
0.36043956043956044,0.22285714285714286,0.23604395604395603,0.18065934065934067
0.3610251878038003,0.22934158197083518,0.2284577993813522,0.1811754308440124
0.368006993006993,0.22814685314685315,0.23208041958041958,0.17176573426573427
0.3683976919662672,0.22547714158899246,0.23257878384376388,0.17354638260097646
0.36977777777777776,0.22444444444444445,0.23155555555555554,0.17422222222222222
0.3706013363028953,0.22717149220489977,0.22717149220489977,0.17505567928730512
0.36978480456741325,0.22397891963109354,0.23100570926657882,0.17523056653491437
0.37677304964539005,0.21897163120567376,0.22695035460992907,0.1773049645390071
0.3703374777975133,0.2202486678507993,0.22602131438721138,0.18339253996447602
0.3708754949406071,0.21953365596128466,0.22437307523097227,0.18521777386713595
0.36729339746392653,0.21775251421075645,0.22343681679055533,0.1915172715347617
0.3652668416447944,0.22090988626421698,0.2204724409448819,0.19335083114610674
0.3572060123784262,0.22767462422634838,0.22325375773651635,0.1918656056587091
0.3503552397868561,0.22957371225577264,0.22424511545293072,0.1958259325044405
0.3446623093681917,0.22788671023965143,0.22788671023965143,0.19956427015250544
0.34338138925294887,0.22673656618610746,0.22935779816513763,0.20052424639580602
0.3441473038141166,0.23279263480929416,0.2222709338009645,0.20078912757562473
0.35126722987994663,0.2303245887060916,0.22054246331702979,0.19786571809693196
0.3501535761298815,0.23036419482229048,0.22202720491443614,0.19745502413339183
0.344993441189331,0.2264975951027547,0.22387407083515523,0.20463489287275907
0.3430816237450895,0.2304670449585334,0.21911828895678742,0.2073330423395897
0.3461024498886414,0.21959910913140313,0.22138084632516702,0.2129175946547884
0.345374449339207,0.22466960352422907,0.2185022026431718,0.21145374449339208
0.3421750663129973,0.23209549071618038,0.21396993810786913,0.21175950486295314
0.3422436459246275,0.22304995617879053,0.21428571428571427,0.22042068361086767
0.34097926775474197,0.22805469783855314,0.20996912218791355,0.22099691221879136
0.347326557666814,0.22448077772867875,0.2063632346442775,0.22182942996022978
0.3411504424778761,0.23097345132743363,0.2097345132743363,0.21814159292035398
0.34406704896338774,0.23246581385090428,0.21041023378914867,0.21305690339655933
0.3450087565674256,0.23905429071803852,0.2062171628721541,0.2097197898423818
0.3400261894369271,0.23788738542121343,0.20689655172413793,0.21518987341772153
0.3387237762237762,0.23994755244755245,0.2089160839160839,0.21241258741258742
0.343791427308882,0.24348210340256296,0.20503756076005303,0.207688908528502
0.33579817311874727,0.24706394084384514,0.2035667681600696,0.21357111787733798
0.33728070175438596,0.24166666666666667,0.20833333333333334,0.21271929824561403
0.33863837312113176,0.2427055702917772,0.20866489832007074,0.20999115826702033
0.3389756944444444,0.24348958333333334,0.2131076388888889,0.20442708333333334
0.34023799030409874,0.24107536359629794,0.21375055090348172,0.20493609519612163
0.3435966086568496,0.2391789379741187,0.21597501115573406,0.20124944221329763
0.3416666666666667,0.24385964912280703,0.21666666666666667,0.19780701754385965
0.3396309314586995,0.24165202108963094,0.22100175746924428,0.1977152899824253
0.3307121013543032,0.24814329401485366,0.22280471821756226,0.1983398864132809
0.3405096660808436,0.24077328646748683,0.22100175746924428,0.1977152899824253
0.3414203793559771,0.2434936038817821,0.21790913101014556,0.19717688575209527
0.33260584897424705,0.2492361414229594,0.21780881711043212,0.2003491924923614
0.3374233128834356,0.24934268185801928,0.2107800175284838,0.20245398773006135
0.3390728476821192,0.2445916114790287,0.21059602649006623,0.20573951434878587
0.33800964489259094,0.24331433581762385,0.210872424375274,0.20780359491451117
0.33157199471598414,0.24702774108322326,0.21312197269925143,0.20827829150154117
0.32760141093474426,0.2482363315696649,0.21825396825396826,0.20590828924162258
0.33494505494505494,0.24615384615384617,0.21626373626373627,0.20263736263736265
0.3334807607253428,0.25121627598407786,0.21229544449358692,0.20300751879699247
0.3306948109058927,0.2510993843447669,0.2102022867194371,0.20800351802990324
0.33629893238434166,0.25044483985765126,0.20640569395017794,0.20685053380782917
0.33274725274725275,0.2518681318681319,0.20659340659340658,0.2087912087912088
0.32699955810870523,0.2496685815289439,0.2147591692443659,0.208572691117985
0.3199470432480141,0.25507502206531335,0.2118270079435128,0.21315092674315975
0.3205869275233437,0.24766562916851934,0.21520675855935972,0.21654068474877725
0.3296654929577465,0.24339788732394366,0.20950704225352113,0.21742957746478872
0.32673702726473175,0.24318381706244502,0.20932277924362358,0.22075637642919965
0.3303964757709251,0.25198237885462554,0.19955947136563876,0.21806167400881057
0.32555066079295153,0.2563876651982379,0.20308370044052865,0.21497797356828194
0.32548845470692717,0.25177619893428066,0.20737122557726465,0.21536412078152753
0.3278322925958965,0.2488849241748439,0.20785013380909903,0.21543264942016058
0.32544897065265005,0.2457293035479632,0.20981165133596144,0.21901007446342532
0.3261821366024518,0.2447460595446585,0.21541155866900175,0.2136602451838879
0.3251996450754215,0.240905057675244,0.2129547471162378,0.2209405501330967
0.32351648351648354,0.2421978021978022,0.21054945054945054,0.22373626373626374
0.32215357458075905,0.24139452780229478,0.2122683142100618,0.22418358340688438
0.322707423580786,0.24541484716157205,0.21222707423580786,0.21965065502183406
0.3231111111111111,0.2511111111111111,0.2137777777777778,0.212
0.3265934065934066,0.2443956043956044,0.21802197802197804,0.210989010989011
0.3295154185022026,0.24140969162995596,0.21145374449339208,0.21762114537444935
0.3251318101933216,0.24253075571177504,0.2126537785588752,0.21968365553602812
0.3287731685789938,0.2444836716681377,0.2113857016769638,0.21535745807590467
0.3244562805148691,0.243231247225921,0.20772303595206393,0.22458943630714603
0.32487975513773504,0.24617402710975075,0.2120682116309576,0.21687800612155664
0.33054945054945056,0.24879120879120878,0.2057142857142857,0.21494505494505495
0.33229537366548045,0.24466192170818504,0.20373665480427047,0.21930604982206406
0.3334794040315513,0.24408413672217352,0.2002629272567923,0.22217353198948292
0.34120734908136485,0.23928258967629046,0.19553805774278216,0.22397200349956256
0.34582775546630967,0.24319500223114682,0.18964747880410532,0.2213297634984382
0.3502426113806793,0.2474636082928981,0.18041464490516101,0.2218791354212616
0.345679012345679,0.24382716049382716,0.18474426807760141,0.2257495590828924
0.3458646616541353,0.24325519681556834,0.18310482087571872,0.22777532065457762
0.3506435863293387,0.23568575233022637,0.18286728806036395,0.23080337328007103
0.35193321616871703,0.23506151142355008,0.17530755711775045,0.23769771528998243
0.35078299776286354,0.23847874720357942,0.1727069351230425,0.23803131991051454
0.34966887417218545,0.2410596026490066,0.17660044150110377,0.2326710816777042
0.3537715041905602,0.24217026907807676,0.17865019850022057,0.22540802823114248
0.35527462946817784,0.24106364428945073,0.18308631211857018,0.22057541412380122
0.3483047115808014,0.2408630559225011,0.18626155878467635,0.22457067371202113
0.3451015004413063,0.235657546337158,0.1910856134157105,0.22815533980582525
0.3422907488986784,0.2365638766519824,0.18898678414096917,0.23215859030837005
0.3380468404772426,0.2359699513919576,0.1931064958020327,0.2328767123287671
0.3390425999121651,0.23803249890206413,0.1919191919191919,0.23100570926657882
0.3434476693051891,0.23746701846965698,0.1882145998240985,0.23087071240105542
0.3452329124945581,0.2281236395298215,0.19329560296038312,0.23334784501523725
0.3415168785620342,0.22972380534853135,0.19289785181937746,0.235861464270057
0.3380406001765225,0.235216240070609,0.19020300088261252,0.23654015887025595
0.3323008849557522,0.23628318584070795,0.19778761061946903,0.2336283185840708
0.33961437335670464,0.2353198948290973,0.1936897458369851,0.23137598597721298
0.3423817863397548,0.2351138353765324,0.1904553415061296,0.23204903677758318
0.33728070175438596,0.24035087719298245,0.18640350877192982,0.23596491228070177
0.3342140026420079,0.2531924262439454,0.18450022016732717,0.2280933509467195
0.3331868131868132,0.2567032967032967,0.1824175824175824,0.2276923076923077
0.33883579496090355,0.24934839270199827,0.17854039965247612,0.23327541268462207
0.3356735410267661,0.24747696358051777,0.18034225537516455,0.23650724001755155
0.33671668137687555,0.2533097969991174,0.17740511915269197,0.2325684024713151
0.3349644128113879,0.25533807829181493,0.17793594306049823,0.23176156583629892
0.33289357959542654,0.2590149516270888,0.1723834652594547,0.2357080035180299
0.33068432671081677,0.2635761589403974,0.1704194260485651,0.23532008830022075
0.33127208480565373,0.2663427561837456,0.1682862190812721,0.23409893992932862
0.3366900175131349,0.2600700525394046,0.1733800350262697,0.22985989492119088
0.3324456280514869,0.26142920550377274,0.17310252996005326,0.23302263648468707
0.3314435237679895,0.26035761011774966,0.17706061927605757,0.23113824683820322
0.3375936535918907,0.255178492728074,0.17849272807404143,0.22873512560599382
0.3401567944250871,0.2547909407665505,0.17421602787456447,0.2308362369337979
0.3352549889135255,0.26031042128603105,0.17960088691796008,0.22483370288248336
0.3250992501102779,0.26378473753859727,0.18129686810763124,0.22981914424349362
0.3247100802854594,0.264049955396967,0.18822479928635147,0.22301516503122212
0.3273207215134184,0.2644082710074791,0.1891772987241531,0.2190937087549494
0.3328941589811155,0.25559947299077734,0.18928414580588493,0.2222222222222222
0.3323022536456032,0.2474591250552364,0.19089703932832522,0.22934158197083518
0.3320035460992908,0.24645390070921985,0.1901595744680851,0.23138297872340424
0.3346508563899868,0.24725516029863856,0.1875274483970136,0.230566534914361
0.33304157549234137,0.24507658643326038,0.1912472647702407,0.23063457330415754
0.3304309969525468,0.24902046147148454,0.18981279930343928,0.23073574227252938
0.3248575186321789,0.24813678211310827,0.19070583077597544,0.2362998684787374
0.325530035335689,0.24469964664310953,0.18904593639575973,0.24072438162544169
0.3209444687363358,0.2435505028421513,0.18976825535636205,0.24573677306515085
0.3230225364560318,0.2465753424657534,0.18515245249668583,0.24524966858152894
0.32397504456327986,0.24420677361853832,0.1876114081996435,0.24420677361853832
0.31492932862190814,0.2539752650176678,0.1956713780918728,0.23542402826855124
0.3124452234881683,0.254601226993865,0.19807186678352323,0.23488168273444346
0.3109836788707543,0.25584472871636527,0.2007057785619762,0.23246581385090428
0.31170539237176675,0.2542744410346339,0.20341955282770716,0.23060061376589217
0.3224115334207077,0.2516382699868938,0.1965923984272608,0.22935779816513763
0.313943161634103,0.2522202486678508,0.20204262877442272,0.23179396092362345
0.31133746678476526,0.258193091231178,0.1975199291408326,0.2329495128432241
0.31112091791703445,0.25684024713150927,0.2030008826125331,0.2290379523389232
0.31010145566828407,0.25408028231142477,0.2011468901632113,0.23467137185707984
0.3028169014084507,0.258362676056338,0.20158450704225353,0.23723591549295775
0.3016564952048823,0.26024411508282475,0.2013949433304272,0.23670444638186575
0.3028571428571429,0.2602197802197802,0.1986813186813187,0.23824175824175825
0.29973474801061006,0.257736516357206,0.20159151193633953,0.2409372236958444
0.3003970004411116,0.26246140273489194,0.19982355535950597,0.2373180414644905
0.30137594318686195,0.25787838437638705,0.20284065690190856,0.23790501553484245
0.2976294995610184,0.2598770851624232,0.20061457418788411,0.24187884108867427
0.3018951079770824,0.25650066108417807,0.2005288673424416,0.24107536359629794
0.29815303430079154,0.2519788918205805,0.2075637642919965,0.2423043095866315
0.29141104294478526,0.25854513584574934,0.19938650306748465,0.2506573181419807
0.28888888888888886,0.25466666666666665,0.20266666666666666,0.25377777777777777
0.2927484333034915,0.24888093106535364,0.19874664279319607,0.25962399283795884
0.29569420035149385,0.2438488576449912,0.20035149384885764,0.2601054481546573
0.29429960229783475,0.2496685815289439,0.19973486522315512,0.25629695095006627
0.29615048118985127,0.2489063867016623,0.19641294838145232,0.2585301837270341
0.2992957746478873,0.24955985915492956,0.19102112676056338,0.2601232394366197
0.292415607189829,0.2498903989478299,0.1955282770714599,0.2621657167908812
0.2867163524769838,0.2542744410346339,0.19421306444541866,0.2647961420429636
0.2865853658536585,0.2569686411149826,0.19250871080139373,0.26393728222996515
0.29416922402455065,0.2476983779044279,0.19245944761069705,0.2656729504603244
0.2943246810382754,0.24593048834139902,0.19313682358117026,0.2666080070391553
0.2958057395143488,0.24591611479028697,0.18940397350993377,0.26887417218543047
0.28808380619816676,0.24487123526844173,0.19467481449148843,0.2723701440419031
0.2869105332745703,0.24856765094755398,0.19435874834728956,0.27016306743058616
0.28969482529854046,0.24635117204776646,0.1901813356921716,0.27377266696152147
0.28740675734971477,0.24572180781044317,0.18911803422553752,0.27775340061430454
0.2872200263504611,0.24857268335529206,0.18972332015810275,0.27448397013614406
0.2936753648827952,0.24635117204776646,0.18398938522777533,0.27598407784166296
0.2907488986784141,0.24801762114537446,0.18458149779735683,0.27665198237885463
0.2928540113985094,0.24594476106970628,0.18281455501972818,0.2783866725120561
0.28880070546737213,0.24779541446208111,0.18121693121693122,0.2821869488536155
0.2950174825174825,0.24475524475524477,0.18269230769230768,0.27753496503496505
0.2904363155575143,0.24327897752313796,0.1873071837814015,0.2789775231379462
0.2950108459869848,0.24338394793926246,0.1822125813449024,0.27939262472885035
0.2938847338319402,0.24153101627804663,0.18301803783545975,0.28156621205455346
0.29190371991247266,0.24507658643326038,0.17680525164113786,0.2862144420131291
0.287341217696014,0.24704336399474375,0.1800262812089356,0.2855891371003066
0.2870452528837622,0.243566992014197,0.1836734693877551,0.2857142857142857
0.2887511071744907,0.2475642161204606,0.183348095659876,0.28033658104517273
0.2894273127753304,0.25198237885462554,0.17753303964757708,0.28105726872246695
0.2842794759825327,0.25283842794759825,0.18646288209606987,0.27641921397379915
0.28691423519009723,0.25862068965517243,0.1794871794871795,0.2749778956675508
0.2886053673559173,0.26264848218213815,0.17729872415310163,0.27144742630884294
0.2880386983289358,0.26033421284080915,0.17634124890061564,0.2752858399296394
0.2841506129597198,0.2618213660245184,0.17732049036777583,0.276707530647986
0.290223586146427,0.2590968873301184,0.17623849188952215,0.2744410346339325
0.2869641294838145,0.26071741032370954,0.17935258092738407,0.27296587926509186
0.2846458424989001,0.25604927408710954,0.18389793224813022,0.2754069511658601
0.28809837505489677,0.26130873956960915,0.18093983311374615,0.2696530522617479
0.28366013071895424,0.26100217864923747,0.1812636165577342,0.2740740740740741
0.28350970017636684,0.25925925925925924,0.18253968253968253,0.27469135802469136
0.2879188712522046,0.25970017636684306,0.17724867724867724,0.2751322751322751
0.290956749672346,0.26430755788553956,0.1743119266055046,0.2704237658366099
0.2927256792287467,0.2581069237510955,0.1761612620508326,0.27300613496932513
0.290519877675841,0.2651813018785496,0.17474879860200962,0.26955002184359983
0.2897851819377466,0.2687417799210872,0.1718544498027181,0.26961858833844804
0.29491673970201576,0.26906222611744085,0.1691498685363716,0.2668711656441718
0.294973544973545,0.26763668430335097,0.16710758377425045,0.27028218694885364
0.3003487358326068,0.26503923278116825,0.16564952048823017,0.2689625108979948
0.29815303430079154,0.262532981530343,0.16578715919085313,0.27352682497801234
0.30360281195079086,0.2539543057996485,0.1647627416520211,0.27768014059753954
0.3021519543258674,0.25559947299077734,0.16556873078612208,0.2766798418972332
0.30786122090469914,0.25384277558190604,0.1598594642072903,0.2784365393061045
0.30548187444739167,0.251105216622458,0.16180371352785147,0.28160919540229884
0.3061760840998686,0.25624178712220763,0.16119141480508103,0.27639071397284276
0.30299032541776605,0.25857519788918204,0.16182937554969218,0.27660510114335973
0.30288461538461536,0.256993006993007,0.16346153846153846,0.27666083916083917
0.3007452871547567,0.256466462078036,0.16571679088119246,0.2770714598860149
0.29772329246935203,0.25569176882662,0.16637478108581435,0.28021015761821366
0.2911504424778761,0.2584070796460177,0.168141592920354,0.28230088495575223
0.29816112084063046,0.2552539404553415,0.1668126094570928,0.2797723292469352
0.30479148181011534,0.2528837622005324,0.16637089618456077,0.2759538598047915
0.29849424269264835,0.25155004428697963,0.162533215234721,0.28742249778565104
0.29767645769399387,0.2533976326172731,0.16220955721174923,0.2867163524769838
0.3034207019102621,0.247001332741004,0.16836961350510884,0.2812083518436251
0.30057042562527425,0.24879333040807372,0.16586222027204914,0.2847740236946029
0.2964426877470356,0.24725516029863856,0.16644707949055776,0.2898550724637681
0.29846153846153844,0.24615384615384617,0.16175824175824177,0.2936263736263736
0.2978442586889573,0.2446106467223933,0.16058073031236253,0.29696436427628686
0.29676573426573427,0.2521853146853147,0.16258741258741258,0.28846153846153844
0.29697766097240474,0.2518615856329391,0.1651335961454227,0.28602715724923344
0.29401408450704225,0.2517605633802817,0.15889084507042253,0.2953345070422535
0.2939885914874945,0.25537516454585346,0.16147433084686266,0.2891619131197894
0.2884108867427568,0.26119402985074625,0.15978928884986832,0.2906057945566286
0.2927587738782763,0.25410928476232786,0.1528209684584629,0.3003109729009329
0.2921447484554281,0.2528684907325684,0.15710503089143865,0.2978817299205649
0.29765590446705,0.2503317116320212,0.15568332596196374,0.2963290579389651
0.294478527607362,0.2541630148992112,0.15731814198071867,0.29404031551270815
0.2954946996466431,0.24646643109540636,0.15856890459363956,0.299469964664311
0.2912621359223301,0.23962930273609886,0.16593115622241836,0.3031774051191527
0.290083005679336,0.24814329401485366,0.16644823066841416,0.29532546963739625
0.2944517256443862,0.24814329401485366,0.1712538226299694,0.28615115771079075
0.2888402625820569,0.2485776805251641,0.1737417943107221,0.2888402625820569
0.2897155361050328,0.24682713347921226,0.17286652078774617,0.29059080962800876
0.2897851819377466,0.24638316527838666,0.17799210872424376,0.285839544059623
0.28803156510302497,0.24813678211310827,0.17667689609820253,0.2871547566856642
0.28777923784494086,0.24967148488830487,0.1747700394218134,0.28777923784494086
0.28252299605781866,0.24967148488830487,0.18134034165571616,0.2864651773981603
0.27770419426048565,0.2507726269315673,0.1845474613686534,0.2869757174392936
0.2862175253192426,0.24614707177454867,0.17701453104359313,0.2906208718626156
0.29316389132340054,0.2427695004382121,0.17747589833479405,0.28659070990359337
0.29261862917398945,0.24077328646748683,0.179701230228471,0.28690685413005274
0.29273693534100975,0.2400354295837024,0.1762621789193977,0.29096545615589015
0.2915737851092287,0.2403031654034775,0.17967008470798038,0.2884529647793134
0.289740202553941,0.24614707177454867,0.17525319242624396,0.2888595332452664
0.29019434628975266,0.2508833922261484,0.17491166077738515,0.2840106007067138
0.28790534618755476,0.25197195442594217,0.17747589833479405,0.28264680105170903
0.2865853658536585,0.25261324041811845,0.18292682926829268,0.2778745644599303
0.2814847547503314,0.2545293857711003,0.18515245249668583,0.27883340698188247
0.28173374613003094,0.254312251216276,0.18310482087571872,0.28084918177797435
0.2782874617737003,0.2577544779379642,0.18042813455657492,0.2835299257317606
0.28421052631578947,0.25701754385964914,0.17763157894736842,0.28114035087719297
0.28494863778472534,0.2594908441268423,0.17329164805716837,0.28226887003126394
0.2921646746347942,0.25232403718459495,0.17352810978308986,0.281983178397521
0.2888986013986014,0.24606643356643357,0.18181818181818182,0.28321678321678323
0.2857771906649053,0.25055041831792163,0.1787758696609423,0.2848965213562307
0.28819599109131405,0.2489977728285078,0.17861915367483297,0.28418708240534524
0.28533916849015317,0.24726477024070023,0.18161925601750548,0.2857768052516411
0.28234265734265734,0.24825174825174826,0.18269230769230768,0.2867132867132867
0.28015734265734266,0.2521853146853147,0.1791958041958042,0.28846153846153844
0.28948526176858774,0.24637043554773427,0.17861856577210736,0.2855257369115706
0.28907637655417406,0.2477797513321492,0.1802841918294849,0.28285968028419184
0.28294402820625825,0.249889819303658,0.18289995592772146,0.2842661965623623
0.2832523199292974,0.24701723376049492,0.18912947414935927,0.28060097216084845
0.2772887323943662,0.25044014084507044,0.19278169014084506,0.2794894366197183
0.27639071397284276,0.24923346473937802,0.19185282522996058,0.28252299605781866
0.2748460861917326,0.24890061565523308,0.18953386103781883,0.28671943711521547
0.27169646750981247,0.2529437418229394,0.1853467073702573,0.2900130832969908
0.27161035541904344,0.2479157525230364,0.19131197893813076,0.2891619131197894
0.27440633245382584,0.24582233948988566,0.18909410729991205,0.2906772207563764
0.27448397013614406,0.24593763724198506,0.19060166886253843,0.2889767237593325
0.2732481269281622,0.24680475980608196,0.1881886293521375,0.29175848391361836
0.2744328097731239,0.24650959860383945,0.18717277486910994,0.2918848167539267
0.27018769096464423,0.2544740288083806,0.1815800960279354,0.2937581841990397
0.27073277753400615,0.250987275120667,0.18385256691531374,0.29442738043001315
0.26918018412976763,0.24857518632178868,0.17755370451556335,0.3046909250328803
0.27324561403508774,0.24561403508771928,0.17675438596491228,0.3043859649122807
0.27622841965471445,0.24656927844178841,0.1761841522797698,0.3010181496237273
0.28230088495575223,0.2482300884955752,0.1756637168141593,0.2938053097345133
0.2830605926581159,0.2556390977443609,0.17116320212295444,0.2901371074745688
0.2777292576419214,0.2550218340611354,0.17467248908296942,0.2925764192139738
0.27660510114335973,0.26077396657871593,0.17634124890061564,0.2862796833773087
0.27525363917071016,0.2615791795324217,0.17776797529775032,0.2853992059991178
0.27405764966740576,0.2607538802660754,0.18004434589800444,0.2851441241685144
0.2734548688305914,0.26100489106269453,0.17963539350822588,0.2859048465984882
0.2788966725043783,0.2613835376532399,0.18345008756567427,0.27626970227670755
0.2847161572052402,0.26724890829694326,0.17685589519650655,0.27117903930131004
0.2846458424989001,0.2652881654201496,0.18169819621645403,0.2683677958644963
0.28458844133099825,0.2613835376532399,0.18695271453590193,0.2670753064798599
0.2856516015796402,0.2650285212812637,0.18121983326020183,0.26810004387889425
0.2836283185840708,0.26017699115044246,0.18008849557522125,0.2761061946902655
0.2798226164079823,0.25809312638580933,0.17915742793791575,0.28292682926829266
0.2779469334493258,0.26272292301000433,0.17920835145715527,0.28012179208351456
0.2793468667255075,0.2594880847308032,0.17828773168578993,0.2828773168578994
0.2744924977934687,0.26831421006178285,0.17740511915269197,0.2797881729920565
0.2715669014084507,0.26452464788732394,0.17913732394366197,0.2847711267605634
0.2674825174825175,0.2618006993006993,0.18487762237762237,0.28583916083916083
0.2633187772925764,0.2646288209606987,0.1868995633187773,0.2851528384279476
0.26742656729504605,0.26085050416483996,0.1863217886891714,0.28540113985094256
0.2690288713910761,0.26115485564304464,0.18678915135608049,0.28302712160979876
0.26985519964896887,0.25976305397103994,0.18253620008775778,0.2878455462922334
0.2712765957446808,0.25620567375886527,0.17553191489361702,0.2969858156028369
0.27091633466135456,0.25675077467906154,0.18548030101814963,0.2868525896414343
0.2695191883546537,0.25981473312748127,0.17776797529775032,0.29289810322011467
0.270509977827051,0.26031042128603105,0.17738359201773837,0.2917960088691796
0.2795085563843791,0.26327336551118913,0.16849495392716105,0.28872312417727075
0.28169014084507044,0.25704225352112675,0.17253521126760563,0.2887323943661972
0.2792236435818262,0.25849139832377593,0.17600352889280987,0.286281429201588
0.278580814717477,0.2597459483136224,0.17520805957074026,0.2864651773981603
0.27884187082405343,0.2552338530066815,0.18084632516703786,0.28507795100222716
0.2845744680851064,0.2548758865248227,0.1697695035460993,0.2907801418439716
0.2778264680105171,0.2506573181419807,0.17353198948290974,0.2979842243645925
0.27654867256637167,0.24557522123893805,0.1747787610619469,0.3030973451327434
0.2760141093474427,0.25044091710758376,0.17372134038800705,0.2998236331569665
0.27324312527280664,0.25578350065473593,0.1724137931034483,0.29855958096900914
0.2718832891246684,0.253315649867374,0.17462422634836428,0.3001768346595933
0.27078701645175635,0.2565584704313028,0.1680746998666074,0.3045798132503335
0.27785175321793165,0.25787838437638705,0.1673324456280515,0.2969374167776298
0.2695690413368514,0.25857519788918204,0.17150395778364116,0.30035180299032543
0.2695690413368514,0.2620932277924362,0.17150395778364116,0.29683377308707126
0.27465723131357805,0.2631578947368421,0.17160548429898276,0.2905793896505971
0.2778264680105171,0.25942156003505695,0.17134092900964065,0.29141104294478526
0.27898866608544026,0.25806451612903225,0.16782911944202267,0.2951176983435048
0.2860927152317881,0.25518763796909494,0.16909492273730684,0.28962472406181017
0.28894806924101196,0.25388371060807813,0.16955170883266754,0.28761651131824234
0.2833629893238434,0.2566725978647687,0.17348754448398576,0.28647686832740216
0.2838254737769943,0.25738210665491407,0.16703393565447333,0.29175848391361836
0.2795936395759717,0.26545936395759717,0.16784452296819788,0.2871024734982332
0.2845315904139434,0.25882352941176473,0.16427015250544663,0.2923747276688453
0.2838795394154119,0.262621789193977,0.1612046058458813,0.29229406554472986
0.2874564459930314,0.2539198606271777,0.16071428571428573,0.2979094076655052
0.2889767237593325,0.2534036012296882,0.1585419411506368,0.29907773386034253
0.2871547566856642,0.25252082419991234,0.15738711091626478,0.30293730819815873
0.2961672473867596,0.2495644599303136,0.1602787456445993,0.2939895470383275
0.2965547317924117,0.25250763192324466,0.15830789358918448,0.2926297426951592
0.29586056644880177,0.25272331154684097,0.15642701525054467,0.2949891067538126
0.2961825362000878,0.2531812198332602,0.15752523036419483,0.2931110136024572
0.29318681318681317,0.2553846153846154,0.1578021978021978,0.2936263736263736
0.294973544973545,0.25440917107583777,0.15784832451499117,0.2927689594356261
0.2906208718626156,0.24834874504623514,0.15852047556142668,0.30250990752972257
0.29540481400437635,0.25207877461706785,0.15317286652078774,0.29934354485776804
0.2909728308501315,0.25547765118317267,0.15249780893952672,0.30105170902716916
0.30241758241758243,0.24747252747252746,0.149010989010989,0.3010989010989011
0.30191138140747176,0.24804517810599477,0.1520417028670721,0.29800173761946136
0.2974878801234024,0.24504186866460997,0.15910092551784927,0.2983693256941384
0.2963290579389651,0.24590888987173817,0.16231755860238833,0.29544449358690844
0.2964912280701754,0.25043859649122807,0.1570175438596491,0.29605263157894735
0.29832303618711387,0.2533097969991174,0.15489849955869373,0.29346866725507503
0.2980392156862745,0.2540305010893246,0.15076252723311548,0.2971677559912854
0.3002217294900222,0.25543237250554324,0.152549889135255,0.2917960088691796
0.301460823373174,0.25320938468348825,0.1522797698096503,0.29305002213368747
0.3077264653641208,0.2464476021314387,0.1483126110124334,0.2975133214920071
0.3113666519239275,0.24060150375939848,0.1468376824413976,0.3011941618752764
0.30817051509769094,0.2411190053285968,0.14253996447602132,0.30817051509769094
0.3072502210433245,0.2413793103448276,0.14146772767462423,0.3099027409372237
0.3030837004405286,0.24052863436123348,0.14757709251101322,0.30881057268722467
0.29871851524524967,0.2479010163499779,0.14714980114891738,0.30623066725585507
0.2982456140350877,0.24517543859649124,0.1425438596491228,0.3140350877192982
0.2982842058952926,0.24153101627804663,0.14518257809062912,0.31500219973603166
0.29881526985519963,0.24352786309784993,0.14436156208863538,0.31329530495831504
0.29390840373499333,0.24588706091596266,0.14406402845709204,0.316140506891952
0.2907488986784141,0.24669603524229075,0.1444933920704846,0.3180616740088106
0.29071803852889666,0.24124343257443082,0.14229422066549913,0.3257443082311734
0.2884784520668426,0.2405452946350044,0.14643799472295516,0.3245382585751979
0.29052258635961026,0.2409211691762622,0.14614703277236493,0.3224092116917626
0.2900964066608238,0.2357581069237511,0.14592462751971955,0.3282208588957055
0.287527352297593,0.23851203501094093,0.1474835886214442,0.3264770240700219
0.2886053673559173,0.24065112186537616,0.14562252529696437,0.3251209854817422
