R,A,S,N
0.0,0.0,0.0,1.0
0.0,0.0,0.0,1.0
0.0,0.16666666666666666,0.0,0.8333333333333334
0.0,0.17391304347826086,0.08695652173913043,0.7391304347826086
0.047619047619047616,0.21428571428571427,0.07142857142857142,0.6666666666666666
0.06060606060606061,0.21212121212121213,0.09090909090909091,0.6363636363636364
0.06862745098039216,0.19607843137254902,0.09803921568627451,0.6372549019607843
0.06040268456375839,0.2348993288590604,0.10738255033557047,0.5973154362416108
0.05825242718446602,0.25728155339805825,0.10679611650485436,0.5776699029126213
0.04642857142857143,0.29285714285714287,0.11428571428571428,0.5464285714285714
0.05217391304347826,0.3159420289855073,0.12753623188405797,0.5043478260869565
0.04943820224719101,0.32808988764044944,0.1348314606741573,0.48764044943820223
0.048598130841121495,0.34205607476635513,0.14953271028037382,0.45981308411214955
0.043209876543209874,0.36419753086419754,0.16203703703703703,0.4305555555555556
0.04871794871794872,0.3717948717948718,0.17692307692307693,0.4025641025641026
0.050716648291069456,0.3880926130099228,0.18302094818081588,0.37816979051819183
0.04784240150093809,0.399624765478424,0.18855534709193245,0.36397748592870544
0.046875,0.40789473684210525,0.19325657894736842,0.3519736842105263
0.047899778924097275,0.421518054532056,0.20117907148120856,0.32940309506263815
0.04966887417218543,0.42317880794701984,0.20728476821192052,0.31986754966887415
0.05166051660516605,0.4280442804428044,0.2109471094710947,0.3093480934809348
0.05113636363636364,0.4318181818181818,0.21704545454545454,0.3
0.05352266521026761,0.4352812670671764,0.2206444565811032,0.2905516111414528
0.05465055176037835,0.4345769837099317,0.22911192853389384,0.2816605359957961
0.05172413793103448,0.4249492900608519,0.2383367139959432,0.28498985801217036
0.05200594353640416,0.4338781575037147,0.2436849925705795,0.2704309063893016
0.05695301376364499,0.43094447081158044,0.2406264831514001,0.27147603227337447
0.05764760576476058,0.4309623430962343,0.24267782426778242,0.2687122268712227
0.06438356164383562,0.4246575342465753,0.2511415525114155,0.25981735159817354
0.07097649186256781,0.4213381555153707,0.2445750452079566,0.2631103074141049
0.07009760425909495,0.41881100266193433,0.24755989352262645,0.26353149955634425
0.07692307692307693,0.41158267020335987,0.2506631299734748,0.2608311229000884
0.07804232804232804,0.4175485008818342,0.24735449735449735,0.2570546737213404
0.08012259194395797,0.4163747810858144,0.2478108581436077,0.25569176882662
0.07987643424536628,0.4258605472197705,0.24889673433362755,0.24536628420123566
0.08289473684210526,0.41754385964912283,0.25219298245614036,0.24736842105263157
0.08490981082270127,0.41619005719313684,0.2498900131984162,0.24901011878574572
0.0887809187279152,0.4134275618374558,0.24911660777385158,0.24867491166077738
0.08595480726628267,0.4142667257421356,0.24944616747895437,0.25033229951262737
0.08792650918635171,0.4138232720909886,0.24934383202099739,0.2489063867016623
0.09318681318681318,0.41274725274725277,0.2465934065934066,0.24747252747252746
0.09494505494505495,0.41098901098901097,0.24395604395604395,0.2501098901098901
0.09605263157894736,0.40964912280701754,0.23728070175438595,0.25701754385964914
0.1020497165285652,0.41343218491059747,0.22982991713911904,0.2546881814217183
0.10281195079086115,0.4182776801405975,0.22407732864674867,0.2548330404217926
0.1059135039717564,0.4165931156222418,0.22462488967343336,0.2528684907325684
0.1123843102688409,0.4081092992507713,0.2247686205376818,0.254737769942706
0.11899515204936095,0.40634640810929923,0.21947994711326577,0.255178492728074
0.12126537785588752,0.4103690685413005,0.21704745166959577,0.2513181019332162
0.1251105216622458,0.4036251105216622,0.21750663129973474,0.2537577365163572
0.1279431363838294,0.4042647712127943,0.209240337627721,0.2585517547756553
0.13083700440528634,0.405726872246696,0.20704845814977973,0.2563876651982379
0.12805691418408183,0.4050689195197866,0.21253890618052468,0.2543352601156069
0.12625600698995196,0.4093490607252075,0.2092616863259065,0.25513324595893405
0.13024475524475523,0.40865384615384615,0.20716783216783216,0.25393356643356646
0.12764084507042253,0.4110915492957746,0.2130281690140845,0.2482394366197183
0.13668122270742358,0.4043668122270742,0.21353711790393012,0.24541484716157205
0.13580246913580246,0.404320987654321,0.20899470899470898,0.2508818342151676
0.13459009206488382,0.4055238930293731,0.20780359491451117,0.25208241999123193
0.1318000884564352,0.40380362671384346,0.2127377266696152,0.2516585581601061
0.13312963771278918,0.4089917066783064,0.20951549541684852,0.24836316019205587
0.1323594510845507,0.40150509074811863,0.2129260734838424,0.25320938468348825
0.1329810656098635,0.4090708938793483,0.2069572875385293,0.2509907529722589
0.13259423503325943,0.41108647450110863,0.2017738359201774,0.2545454545454545
0.13330380868024802,0.40744021257750224,0.20372010628875112,0.2555358724534987
0.13526570048309178,0.4000878348704436,0.20421607378129117,0.2604303908651735
0.14141856392294222,0.39929947460595444,0.20577933450087565,0.2535026269702277
0.1448825875055383,0.39743021710234827,0.204696499778467,0.25299069561364645
0.14417989417989419,0.3990299823633157,0.1988536155202822,0.25793650793650796
0.14203284509542832,0.39280958721704395,0.20328450954283178,0.26187305814469597
0.14718804920913883,0.3844463971880492,0.20430579964850615,0.2640597539543058
0.1532008830022075,0.3841059602649007,0.19823399558498897,0.26445916114790285
0.1562774363476734,0.38191395961369623,0.2019315188762072,0.2598770851624232
0.1562913907284768,0.37748344370860926,0.20353200883002207,0.26269315673289184
0.16124721603563474,0.3692650334075724,0.20311804008908685,0.266369710467706
0.1694468832309043,0.3595258999122037,0.199297629499561,0.271729587357331
0.16784452296819788,0.3626325088339223,0.20097173144876326,0.26855123674911663
0.16395604395604396,0.3648351648351648,0.20131868131868133,0.26989010989010986
0.1615586690017513,0.3690893169877408,0.19658493870402802,0.27276707530647987
0.16238572050500652,0.3630822812363953,0.19068350021767522,0.28384849804092294
0.16346992153443765,0.36006974716652135,0.1935483870967742,0.2829119442022668
0.16681574239713776,0.3573345259391771,0.1909660107334526,0.28488372093023256
0.16958808063102543,0.3523225241016652,0.19237510955302367,0.2857142857142857
0.17620949844651576,0.3444296493564137,0.19529516200621394,0.28406569019085665
0.17402710975076519,0.3467424573677306,0.19239177962396153,0.28683865325754265
0.17406593406593407,0.35296703296703297,0.189010989010989,0.28395604395604396
0.17794376098418277,0.3462214411247803,0.19024604569420034,0.28558875219683655
0.1809067131647777,0.3491717523975589,0.1874455100261552,0.28247602441150826
0.1793859649122807,0.35175438596491226,0.18640350877192982,0.2824561403508772
0.1766256590509666,0.3602811950790861,0.18409490333919157,0.2789982425307557
0.1748220640569395,0.35587188612099646,0.18193950177935944,0.2873665480427046
0.1773981603153745,0.3587385019710907,0.18134034165571616,0.28252299605781866
0.1752212389380531,0.3530973451327434,0.18539823008849557,0.28628318584070794
0.17652173913043478,0.3556521739130435,0.18130434782608695,0.28652173913043477
0.16799645390070922,0.3599290780141844,0.18617021276595744,0.2859042553191489
0.17025010969723564,0.3606845107503291,0.1834137779727951,0.2856516015796402
0.17937417364477742,0.35213750550903483,0.18289995592772146,0.2855883649184663
0.18461538461538463,0.3463736263736264,0.181978021978022,0.28703296703296705
0.18025561921551345,0.34067871308946673,0.1859850154252975,0.29308065226972235
0.17821350762527233,0.3389978213507625,0.1860566448801743,0.29673202614379085
0.178915135608049,0.3464566929133858,0.18635170603674542,0.2882764654418198
0.17621337997376477,0.3484914735461303,0.1845212068211631,0.2907739396589418
0.17553893532776066,0.34315882094148703,0.18873735151781787,0.29256489221293447
0.17086092715231788,0.34216335540838855,0.18940397350993377,0.2975717439293598
0.18036428254109285,0.3367392270102177,0.18436250555308753,0.29853398489560196
0.1777482269503546,0.3377659574468085,0.1879432624113475,0.29654255319148937
0.18185821224130339,0.33597534125935713,0.18670189343901364,0.2954645530603259
0.1802403204272363,0.3364485981308411,0.1842456608811749,0.29906542056074764
0.18126094570928197,0.3384413309982487,0.17994746059544658,0.30035026269702275
0.1836283185840708,0.334070796460177,0.18628318584070797,0.2960176991150443
0.18799298860648553,0.3273444347063979,0.18886941279579317,0.2957931638913234
0.19486271036315322,0.3237378210806023,0.1886625332152347,0.29273693534100975
0.19462791721708497,0.32672831351827386,0.190224570673712,0.2884191985909291
0.19064430714916153,0.3300970873786408,0.19064430714916153,0.2886142983230362
0.1868374558303887,0.3308303886925795,0.1881625441696113,0.2941696113074205
0.19073083778966132,0.3306595365418895,0.18672014260249553,0.29188948306595364
0.1868664609960335,0.33010136624063463,0.18422212428382548,0.2988100484795064
0.1879964695498676,0.3300970873786408,0.18446601941747573,0.2974404236540159
0.18777484608619174,0.3311345646437995,0.18425681618293754,0.29683377308707126
0.19215513442044954,0.32745702952842665,0.18245923314235346,0.2979286029087704
0.1982261640798226,0.32416851441241684,0.18181818181818182,0.2957871396895787
0.19876868953386104,0.3254177660510114,0.17502198768689534,0.3007915567282322
0.20149253731343283,0.3283582089552239,0.17032484635645304,0.29982440737489024
0.20035460992907803,0.32402482269503546,0.17109929078014185,0.3045212765957447
0.20573951434878587,0.3262693156732892,0.16777041942604856,0.30022075055187636
0.20712401055408972,0.32497801231310464,0.16842568161829374,0.2994722955145119
0.20211827007943514,0.33715798764342453,0.16946160635481025,0.2912621359223301
0.1983065953654189,0.34001782531194297,0.1680035650623886,0.2936720142602496
0.20390070921985815,0.34308510638297873,0.16356382978723405,0.2894503546099291
0.2017738359201774,0.34767184035476717,0.1614190687361419,0.2891352549889135
0.20530973451327433,0.3438053097345133,0.1592920353982301,0.2915929203539823
0.2001759788825341,0.3466783985921689,0.16322041355037395,0.289925208974923
0.20159503766061143,0.34647762516614977,0.1634913602126717,0.2884359769605671
0.19868995633187772,0.34890829694323144,0.16069868995633188,0.29170305676855895
0.20106288751107174,0.35473870682019487,0.15411868910540302,0.29007971656333037
0.20573951434878587,0.3545253863134658,0.15364238410596026,0.2860927152317881
0.208955223880597,0.34460052677787534,0.1514486391571554,0.29499561018437226
0.20612691466083152,0.33916849015317285,0.1562363238512035,0.29846827133479215
0.208,0.3408888888888889,0.15022222222222223,0.3008888888888889
0.21169176262178918,0.3410097431355182,0.1488042515500443,0.29849424269264835
0.21763931548924967,0.3317244405440983,0.1483106625713032,0.3023255813953488
0.2163716814159292,0.33539823008849556,0.1486725663716814,0.2995575221238938
0.21898454746136867,0.3350993377483444,0.1509933774834437,0.29492273730684326
0.21716054842989826,0.3334807607253428,0.1525873507297656,0.29677134011499334
0.2195015303891561,0.33187581985133363,0.15260166156536947,0.2960209881941408
0.21518987341772153,0.3360977738978612,0.1518987341772152,0.2968136185072021
0.21739130434782608,0.33377250768555117,0.155467720685112,0.2933684672815108
0.21494913754975675,0.340999557717824,0.15568332596196374,0.28836797877045556
0.21658579620644022,0.34009704455227174,0.16056462284958095,0.2827525363917071
0.22367275892080069,0.3359442993907746,0.15709312445604873,0.283289817232376
0.22450765864332603,0.33654266958424506,0.15229759299781181,0.28665207877461707
0.22868386532575427,0.3270660253607346,0.15041539134236992,0.29383471797114125
0.23625886524822695,0.3280141843971631,0.14804964539007093,0.287677304964539
0.23521739130434782,0.32869565217391306,0.1491304347826087,0.28695652173913044
0.2412739965095986,0.3276614310645724,0.14397905759162305,0.2870855148342059
0.2352168199737188,0.3302671922908454,0.1462987297415681,0.2882172579938677
0.2337719298245614,0.32280701754385965,0.14956140350877192,0.29385964912280704
0.24647887323943662,0.3107394366197183,0.1505281690140845,0.29225352112676056
0.24199912319158265,0.3134590092064884,0.15212626041209995,0.292415607189829
0.24177777777777779,0.31466666666666665,0.15688888888888888,0.2866666666666667
0.24115334207077327,0.308868501529052,0.15727391874180865,0.2927042376583661
0.24648506151142355,0.31195079086115995,0.15246045694200352,0.28910369068541303
0.24682713347921226,0.312472647702407,0.1536105032822757,0.287089715536105
0.24681038275406952,0.3035635723713154,0.1570611526616806,0.29256489221293447
0.2515391380826737,0.2994722955145119,0.15875109938434476,0.29023746701846964
0.25022143489813997,0.30115146147032773,0.1563330380868025,0.29229406554472986
0.25625274243089075,0.3010092145677929,0.15620886353663888,0.2865291794646775
0.2535026269702277,0.3021015761821366,0.15761821366024517,0.28677758318739055
0.25505716798592787,0.2937554969217238,0.15611257695690414,0.29507475813544415
0.25165562913907286,0.291832229580574,0.1629139072847682,0.293598233995585
0.24845542806707854,0.2969991173874669,0.16681376875551632,0.28773168578993824
0.2491212653778559,0.29745166959578206,0.16608084358523725,0.28734622144112476
0.24547461368653423,0.2988962472406181,0.16556291390728478,0.2900662251655629
0.2520860781730347,0.2964426877470356,0.16512955643390426,0.28634167764602547
0.25252969643642764,0.29520457545094586,0.16849978002639684,0.2837659480862297
0.24005305039787797,0.3001768346595933,0.16976127320954906,0.29000884173297964
0.2350861688024746,0.3026955368979231,0.16703490941228458,0.2951833848873177
0.24259832081307997,0.2982766239505082,0.1665930181175431,0.29253203711886877
0.24194260485651214,0.30154525386313463,0.16423841059602648,0.2922737306843267
0.2384918895221394,0.29636124506795264,0.15914072775098642,0.30600613765892154
0.24614707177454867,0.2915015411712902,0.16336415675913693,0.2989872302950242
0.24361233480176211,0.29691629955947135,0.15726872246696036,0.3022026431718062
0.2507753655294639,0.2835622507753655,0.1581745680106336,0.307487815684537
0.25229157573112176,0.28939327804452203,0.1571366215626364,0.3011785246617198
0.24569155987627045,0.28678745028722935,0.1590808661069377,0.30844012372956253
0.24922805469783854,0.2871636524040582,0.15747684164093514,0.30613145125716806
0.24912891986062718,0.2813588850174216,0.15810104529616725,0.311411149825784
0.2489025460930641,0.2857769973661106,0.15452151009657594,0.3107989464442493
0.24880590534085975,0.28484585323491096,0.15414676508901434,0.31220147633521494
0.2512098548174219,0.28684557853057635,0.15574131104267488,0.3062032556093269
0.2498890368397692,0.28450954283177987,0.15579227696404793,0.309809143364403
0.24590888987173817,0.28217602830605926,0.1609907120743034,0.31092436974789917
0.2398230088495575,0.2902654867256637,0.1579646017699115,0.31194690265486724
0.24116877453118185,0.2895769733972961,0.15351068469254253,0.3157435673789795
0.23851590106007067,0.28931095406360424,0.15901060070671377,0.3131625441696113
0.23891843971631205,0.2925531914893617,0.15647163120567376,0.3120567375886525
0.2432908051033876,0.29564452265728114,0.1535415750109987,0.3075230972283326
0.24438573315719947,0.29370321444297665,0.1549977983267283,0.30691325407309555
0.24426807760141092,0.2927689594356261,0.15828924162257496,0.304673721340388
0.24417069951605808,0.29520457545094586,0.15970083589969203,0.300923889133304
0.24417069951605808,0.2982842058952926,0.1570611526616806,0.30048394192696876
0.2497805092186128,0.2901668129938543,0.1575943810359965,0.30245829675153646
0.24390243902439024,0.2940133037694013,0.15077605321507762,0.3113082039911308
0.25022143489813997,0.2940655447298494,0.15013286093888398,0.30558015943312666
0.25142857142857145,0.2914285714285714,0.15824175824175823,0.2989010989010989
0.25132275132275134,0.2923280423280423,0.16137566137566137,0.294973544973545
0.2497789566755084,0.29133510167992926,0.16180371352785147,0.29708222811671087
0.2484769364664926,0.288946910356832,0.16144473455178415,0.30113141862489123
0.2491212653778559,0.28910369068541303,0.16124780316344464,0.30052724077328646
0.2447089947089947,0.28835978835978837,0.16534391534391535,0.30158730158730157
0.25,0.2885964912280702,0.16271929824561404,0.2986842105263158
0.24572180781044317,0.2891619131197894,0.16322948661693726,0.3018867924528302
0.24779929577464788,0.2909330985915493,0.16065140845070422,0.30061619718309857
0.251105216622458,0.2891246684350133,0.16003536693191867,0.29973474801061006
0.2506631299734748,0.29310344827586204,0.15738284703801944,0.2988505747126437
0.24845814977973568,0.29691629955947135,0.15770925110132158,0.29691629955947135
0.2587565674255692,0.28809106830122594,0.15805604203152365,0.29509632224168125
0.25843694493783304,0.29307282415630553,0.16296625222024866,0.2855239786856128
0.25241864555848725,0.297273526824978,0.16226912928759896,0.2880386983289358
0.2559576345984113,0.29832303618711387,0.1588702559576346,0.2868490732568402
0.26022628372497825,0.3050478677110531,0.15491731940818101,0.27980852915578763
0.2588389349628983,0.31078131820165866,0.14797031863814927,0.28240942819729375
0.2565236620964175,0.3140203449800973,0.15037593984962405,0.27908005307386113
0.257243195785777,0.3173836698858648,0.1479367866549605,0.2774363476733977
0.25639874270318813,0.3179164795689268,0.14907947911989222,0.2766052986079928
0.2535398230088496,0.3176991150442478,0.1508849557522124,0.2778761061946903
0.24911190053285967,0.32637655417406747,0.14742451154529307,0.27708703374777977
0.25515124945199474,0.32135028496273566,0.1477422183252959,0.2757562472599737
0.25577342047930285,0.31808278867102396,0.14814814814814814,0.27799564270152505
0.2512056115738711,0.3169662428759316,0.14861902674265673,0.28320911880754057
0.2515418502202643,0.3224669603524229,0.14801762114537445,0.2779735682819383
0.25252525252525254,0.32103645147123405,0.1497584541062802,0.2766798418972332
0.25730735163861823,0.32063773250664307,0.14924712134632417,0.2728077945084145
0.2674933569530558,0.3228520814880425,0.13950398582816653,0.27015057573073514
0.25975177304964536,0.3333333333333333,0.14184397163120568,0.2650709219858156
0.26517150395778366,0.31882145998240985,0.1437994722955145,0.272207563764292
0.2647317502198769,0.3201407211961302,0.14467897977132807,0.2704485488126649
0.25865848312143797,0.319596668128014,0.14555019728189392,0.2761946514686541
0.2611209964412811,0.31316725978647686,0.14902135231316727,0.27669039145907476
0.2625381596162233,0.3139991277802006,0.15089402529437418,0.2725686873092019
0.26299422478898266,0.32030208796090626,0.14749000444247,0.2692136828076411
0.2608886933567972,0.31896172459304883,0.1482622085349758,0.27188737351517817
0.26859688195991094,0.31403118040089084,0.1487750556792873,0.26859688195991094
0.26501766784452296,0.30874558303886923,0.14575971731448764,0.28047703180212014
0.2628091872791519,0.3118374558303887,0.14664310954063603,0.2787102473498233
0.2712087912087912,0.31032967032967035,0.1454945054945055,0.27296703296703295
0.2747688243064729,0.309114927344782,0.1435490973139586,0.27256715103478646
0.27042628774422733,0.3174955595026643,0.14298401420959148,0.2690941385435169
0.2708240534521158,0.3135857461024499,0.14387527839643652,0.2717149220489978
0.2757255936675462,0.316622691292876,0.14291996481970096,0.2647317502198769
0.2646928855501547,0.3243482103402563,0.14714980114891738,0.26380910296067167
0.2632046160674656,0.3217931646693298,0.1509098979138926,0.26409232134931204
0.2571554381329811,0.32144429766622634,0.15411712901805372,0.2672831351827389
0.2612732095490716,0.3165340406719717,0.16047745358090185,0.26171529619805484
0.2628797886393659,0.32100396301188905,0.15896081021576397,0.2571554381329811
0.261612620508326,0.3238387379491674,0.15994741454864153,0.254601226993865
0.2607550482879719,0.3283582089552239,0.16154521510096576,0.24934152765583845
0.2600264433671221,0.3261348611723226,0.1630674305861613,0.250771264874394
0.26359649122807016,0.32456140350877194,0.1631578947368421,0.24868421052631579
0.2625994694960212,0.3222811671087533,0.16666666666666666,0.2484526967285588
0.26414273281114015,0.3233246301131419,0.16971279373368145,0.24281984334203655
0.2653421633554084,0.3200883002207506,0.16600441501103752,0.24856512141280354
0.26077396657871593,0.32673702726473175,0.1662269129287599,0.24626209322779244
0.2593242650285213,0.3317244405440983,0.16586222027204914,0.2430890741553313
0.2653421633554084,0.3218543046357616,0.1686534216335541,0.24415011037527592
0.25589519650655024,0.3262008733624454,0.16812227074235808,0.2497816593886463
0.25522648083623695,0.32186411149825783,0.1672473867595819,0.2556620209059233
0.25485865724381623,0.3206713780918728,0.1687279151943463,0.25574204946996465
0.25099778270509976,0.3215077605321508,0.1671840354767184,0.26031042128603105
0.24480777728678746,0.3243482103402563,0.16703490941228458,0.26380910296067167
0.24527472527472527,0.3208791208791209,0.16439560439560438,0.26945054945054947
0.24716157205240175,0.32139737991266376,0.16812227074235808,0.2633187772925764
0.2452328159645233,0.32416851441241684,0.1614190687361419,0.26917960088691795
0.24586597040905134,0.32724107919930373,0.16231505657093123,0.26457789382071367
0.24715660542432197,0.3289588801399825,0.15879265091863518,0.2650918635170604
0.24100087796312555,0.3270412642669008,0.1611062335381914,0.2708516242317823
0.24052863436123348,0.31762114537444935,0.17224669603524229,0.2696035242290749
0.24271844660194175,0.32568402471315094,0.1676963812886143,0.263901147396293
0.23874669020300088,0.3283318623124448,0.16637246248896734,0.26654898499558694
0.2436235708003518,0.32497801231310464,0.16358839050131926,0.2678100263852243
0.24168514412416853,0.3228381374722838,0.17161862527716187,0.2638580931263858
0.23752759381898456,0.3275938189845475,0.17130242825607064,0.2635761589403974
0.243231247225921,0.3191300488237905,0.16910785619174434,0.2685308477585442
0.24213286713286714,0.319493006993007,0.17045454545454544,0.2679195804195804
0.24065112186537616,0.32028156621205456,0.172459304883414,0.2666080070391553
0.2358117025956885,0.31940167179938406,0.1737791465024197,0.2710074791025077
0.2357581069237511,0.32077125328659073,0.1757230499561788,0.2677475898334794
0.23066783831282953,0.3211775043936731,0.17442882249560632,0.27372583479789103
0.23367392270102177,0.3260772989782319,0.17103509551310528,0.2692136828076411
0.23393885688967656,0.32786885245901637,0.17058041648205582,0.2676118741692512
0.2363556338028169,0.3287852112676056,0.16329225352112675,0.2715669014084507
0.23836698858647937,0.3270412642669008,0.1584723441615452,0.27611940298507465
0.23853211009174313,0.3241590214067278,0.15902140672782875,0.2782874617737003
0.24187884108867427,0.32660228270412645,0.1575943810359965,0.2739244951712028
0.24646643109540636,0.3303886925795053,0.15547703180212014,0.2676678445229682
0.24592331423534597,0.32833847509916264,0.15910092551784927,0.2666372851476421
0.24648506151142355,0.3347978910369069,0.15377855887521968,0.2649384885764499
0.24646643109540636,0.33127208480565373,0.1501766784452297,0.27208480565371024
0.24369016536118362,0.33855526544821585,0.14708442123585727,0.27067014795474326
0.24704336399474375,0.3403416557161629,0.14542268944371442,0.2671922908453789
0.24734513274336284,0.32831858407079645,0.14380530973451328,0.28053097345132744
0.2429453262786596,0.33377425044091713,0.14417989417989419,0.2791005291005291
0.24387040280210157,0.3358143607705779,0.14404553415061297,0.27626970227670755
0.2375379280450802,0.3381014304291287,0.14781100996965757,0.2765496315561335
0.23418277680140598,0.3374340949033392,0.14762741652021089,0.28075571177504394
0.2413793103448276,0.33554376657824936,0.14898320070733864,0.27409372236958446
0.23885209713024283,0.34172185430463575,0.14966887417218544,0.269757174392936
0.23933855526544823,0.34551784160139254,0.15056570931244562,0.26457789382071367
0.24168126094570927,0.3423817863397548,0.15017513134851138,0.2657618213660245
0.24437582708425232,0.3418614909572122,0.1482134980149978,0.2655491839435377
0.244097995545657,0.3429844097995546,0.1465478841870824,0.266369710467706
0.24989078200087375,0.3416339012669288,0.14678899082568808,0.2616863259065094
0.24879333040807372,0.33655111891180345,0.1500658183413778,0.26458973233874505
0.2474636082928981,0.3392148213498015,0.14689016321129245,0.26643140714600794
0.2503288031565103,0.33274879438842614,0.14730381411661553,0.26961858833844804
0.25165562913907286,0.32671081677704195,0.14922737306843267,0.27240618101545255
0.2501110617503332,0.3274100399822301,0.1505997334517992,0.2718791648156375
0.2518714222809335,0.325407309555262,0.14795244385733158,0.2747688243064729
0.25419240953221534,0.32215357458075905,0.14783759929390997,0.2758164165931156
0.252414398595259,0.32528533801580334,0.14618086040386305,0.27611940298507465
0.24912280701754386,0.3267543859649123,0.14166666666666666,0.2824561403508772
0.24758983347940403,0.3343558282208589,0.13847502191060473,0.27957931638913236
0.2508896797153025,0.3318505338078292,0.14190391459074733,0.275355871886121
0.24656927844178841,0.3382027445772466,0.14209827357237717,0.2731297034085879
0.24119718309859156,0.34507042253521125,0.14128521126760563,0.27244718309859156
0.24259832081307997,0.345558992487848,0.137870083959346,0.273972602739726
0.24614027348919276,0.34362593736215263,0.13983237759153067,0.27040141155712394
0.24480777728678746,0.34069818824569154,0.13566062748563854,0.27883340698188247
0.24701195219123506,0.33953076582558656,0.1394422310756972,0.2740150509074812
0.24266316250547526,0.34121769601401664,0.1375383267630311,0.278580814717477
0.24452234881682736,0.33567046450482035,0.13496932515337423,0.2848378615249781
0.23936869793950022,0.3318719859710653,0.13853572994300745,0.290223586146427
0.2429453262786596,0.328042328042328,0.1384479717813051,0.29056437389770723
0.24733570159857904,0.3272646536412078,0.14298401420959148,0.2824156305506217
0.25,0.32934397163120566,0.14406028368794327,0.2765957446808511
0.24515845070422534,0.335387323943662,0.14656690140845072,0.272887323943662
0.24416042309387395,0.3239312472454826,0.15204936095196123,0.27985896870868227
0.24003504161191414,0.3302671922908454,0.14761279018834866,0.2820849759088918
0.24790841039189784,0.332892998678996,0.1431087626596213,0.2760898282694848
0.24625550660792953,0.32687224669603526,0.1444933920704846,0.2823788546255507
0.24691358024691357,0.3271604938271605,0.14109347442680775,0.2848324514991182
0.24683820322721325,0.3296990841692106,0.141735717400785,0.2817269952027911
0.24891020052310375,0.32999128160418484,0.14341761115954665,0.27768090671316475
0.24551422319474836,0.3295404814004376,0.14573304157549233,0.2792122538293217
0.24473684210526317,0.3267543859649123,0.14298245614035088,0.2855263157894737
0.24856512141280354,0.33024282560706403,0.1403973509933775,0.280794701986755
0.24601769911504426,0.3256637168141593,0.14690265486725665,0.2814159292035398
0.24868189806678384,0.31985940246045697,0.14806678383128294,0.28339191564147626
0.24801412180052956,0.324801412180053,0.14210061782877317,0.2850838481906443
0.2462751971954426,0.3159509202453988,0.13847502191060473,0.2992988606485539
0.23801065719360567,0.31927175843694494,0.14209591474245115,0.3006216696269982
0.2425588627276766,0.32074633496223903,0.14571301643713905,0.2909817858729454
0.2441189525077674,0.31380381713271194,0.15268530847758544,0.2893919218819352
0.2475770925110132,0.3114537444933921,0.14757709251101322,0.2933920704845815
0.24618736383442266,0.3037037037037037,0.1542483660130719,0.29586056644880177
0.24166305760069295,0.30879168471199653,0.15201385881333912,0.2975313988739714
0.23948649845064188,0.30898627711376714,0.1509517485613103,0.30057547587428063
0.2377994676131322,0.30789707187222715,0.15394853593611357,0.3003549245785271
0.23737821080602303,0.3077945084145261,0.15013286093888398,0.3046944198405669
0.23826239578762615,0.30890741553312856,0.15138218516893373,0.30144800351031154
0.24396665204036858,0.29925405879771827,0.15313734093900833,0.3036419482229048
0.24472759226713534,0.29876977152899825,0.15377855887521968,0.30272407732864676
0.2507767421216156,0.3062583222370173,0.1478029294274301,0.29516200621393696
0.24933920704845816,0.2964757709251101,0.14889867841409693,0.3052863436123348
0.24618736383442266,0.3028322440087146,0.15076252723311548,0.3002178649237473
0.2506573181419807,0.30105170902716916,0.14899211218229624,0.2992988606485539
0.25197195442594217,0.2979842243645925,0.1476774758983348,0.3023663453111306
0.2549363756033348,0.30276437033786746,0.14436156208863538,0.29793769197016234
0.24878264718902168,0.3050022133687472,0.14121292607348385,0.3050022133687472
0.2528483786152498,0.3058720420683611,0.14022787028921999,0.30105170902716916
0.24967032967032968,0.30857142857142855,0.1410989010989011,0.30065934065934063
0.2436010591350397,0.3137687555163283,0.13945278022947927,0.3031774051191527
0.24658138509042787,0.3145125716806352,0.141155712395236,0.29775033083370095
0.24879544459045116,0.32063074901445465,0.1392904073587385,0.2912833990363557
0.24645390070921985,0.3151595744680851,0.14450354609929078,0.29388297872340424
0.24650959860383945,0.31282722513089006,0.1431064572425829,0.2975567190226876
0.24206349206349206,0.31216931216931215,0.14506172839506173,0.30070546737213405
0.2451067615658363,0.3047153024911032,0.1445729537366548,0.3056049822064057
0.2413339183852567,0.30408073716542344,0.1518209741114524,0.30276437033786746
0.240052470485352,0.30476606908613907,0.15172715347616966,0.3034543069523393
0.23941798941798942,0.30511463844797176,0.15035273368606702,0.30511463844797176
0.2324159021406728,0.3075578855395369,0.14984709480122324,0.3101791175185671
0.23565484012264565,0.307928164695576,0.15243101182654403,0.30398598335523436
0.23864137626819584,0.30613145125716806,0.14953683281870314,0.30569033965593295
0.23928258967629046,0.30752405949256345,0.15354330708661418,0.2996500437445319
0.2392449517120281,0.30597014925373134,0.14969271290605796,0.3050921861281826
0.23936869793950022,0.3024989039894783,0.14730381411661553,0.31082858395440593
0.2369460289600702,0.31241772707327775,0.1500658183413778,0.30057042562527425
0.23622047244094488,0.3114610673665792,0.15441819772528434,0.2979002624671916
0.23516483516483516,0.31032967032967035,0.15252747252747254,0.301978021978022
0.23558118899733807,0.3114463176574978,0.15350488021295475,0.29946761313220943
0.2408888888888889,0.31466666666666665,0.14888888888888888,0.29555555555555557
0.23848827106863596,0.31841876629018245,0.14813205907906168,0.2949609035621199
0.24136423261915171,0.31219938784433754,0.14822912111937037,0.29820725841714035
0.23908248786943095,0.3180414644905161,0.14689016321129245,0.2959858844287605
0.2376940133037694,0.31352549889135256,0.1476718403547672,0.30110864745011084
0.23328964613368283,0.3180428134556575,0.1419833988641328,0.30668414154652685
0.23674911660777384,0.3197879858657244,0.142226148409894,0.30123674911660775
0.23994697304463103,0.3177198409191339,0.14052143172779497,0.30181175430844015
0.23565484012264565,0.3131844064826982,0.143670608848007,0.30749014454664914
0.23259911894273128,0.3180616740088106,0.14405286343612334,0.3052863436123348
0.2371850564726325,0.31016507384882713,0.1472632493483927,0.3053866203301477
0.23215859030837005,0.31277533039647576,0.1444933920704846,0.31057268722466963
0.23209549071618038,0.3160919540229885,0.13969938107869143,0.3121131741821397
0.24444444444444444,0.31066666666666665,0.1351111111111111,0.30977777777777776
0.2341078474353354,0.31828145550197284,0.13590530469092504,0.31170539237176675
0.23765432098765432,0.31128747795414463,0.13624338624338625,0.3148148148148148
0.2407982261640798,0.30687361419068737,0.13791574279379157,0.3144124168514412
0.24256993006993008,0.3068181818181818,0.1333041958041958,0.3173076923076923
0.2413491020586947,0.3044240035041612,0.14060446780551905,0.31362242663162504
0.23539823008849559,0.3035398230088496,0.13849557522123893,0.32256637168141594
0.24659938569548048,0.3023255813953488,0.1338306274681878,0.31724440544098287
0.24352786309784993,0.30759104870557263,0.13514699429574376,0.3137340939008337
0.24735449735449735,0.3117283950617284,0.13095238095238096,0.3099647266313933
0.24758983347940403,0.3089395267309378,0.12839614373356706,0.31507449605609117
0.2513181019332162,0.30492091388400705,0.1304920913884007,0.3132688927943761
0.2525386313465784,0.2980132450331126,0.13068432671081678,0.31876379690949225
0.25228360156589824,0.29882557633753803,0.13049151805132667,0.3183993040452371
0.25164980202375714,0.2996040475142983,0.12758468983721954,0.32116146062472506
0.25232403718459495,0.300132802124834,0.13058875608676407,0.31695440460380697
0.2554395126196693,0.29852045256744997,0.12489120974760662,0.32114882506527415
0.2544975866608161,0.3018867924528302,0.12681000438788942,0.3168056164984642
0.2606969563299515,0.30216144684605206,0.12174680194089105,0.3153947948831054
0.2574430823117338,0.3073555166374781,0.12171628721541156,0.3134851138353765
0.25806451612903225,0.30711444984533803,0.12593901900132567,0.308882015024304
0.2619257950530035,0.3052120141342756,0.12411660777385158,0.30874558303886923
0.260352422907489,0.3004405286343612,0.1299559471365639,0.3092511013215859
0.2616740088105727,0.2973568281938326,0.12863436123348018,0.31233480176211453
0.26067811536767943,0.301629238221048,0.1312197269925143,0.30647291941875826
0.2645386969829471,0.3030170529077394,0.13030170529077395,0.3021425448185396
0.26299694189602446,0.30493665356050675,0.13368283093053734,0.2983835736129314
0.26844444444444443,0.3008888888888889,0.13733333333333334,0.29333333333333333
0.2648861646234676,0.30560420315236425,0.14229422066549913,0.287215411558669
0.25906277630415564,0.3107869142351901,0.14279398762157383,0.28735632183908044
0.26060070671378094,0.3127208480565371,0.1417844522968198,0.2848939929328622
0.2657894736842105,0.3144736842105263,0.13903508771929823,0.2807017543859649
0.2740447957839262,0.3069828722002635,0.13482652613087395,0.2841458058849363
0.27040141155712394,0.3070136744596383,0.13586237318041464,0.2867225408028231
0.268859649122807,0.31140350877192985,0.1280701754385965,0.2916666666666667
0.27152899824253074,0.3031634446397188,0.13488576449912126,0.29042179261862916
0.2722838137472284,0.30155210643015523,0.13968957871396895,0.2864745011086475
0.27252650176678445,0.2999116607773852,0.13869257950530034,0.28886925795053003
0.26595744680851063,0.30186170212765956,0.13652482269503546,0.29565602836879434
0.26882661996497376,0.30297723292469353,0.1361646234676007,0.29203152364273205
0.2704485488126649,0.3038698328935796,0.13676341248900617,0.28891820580474936
0.2738825591586328,0.2997370727432077,0.13628396143733568,0.2900964066608238
0.2664618086040386,0.29982440737489024,0.1391571553994732,0.29455662862159787
0.25695364238410595,0.30375275938189844,0.14260485651214128,0.29668874172185433
0.2540659340659341,0.30241758241758243,0.14197802197802198,0.30153846153846153
0.25164980202375714,0.30488341399032115,0.14474263088429387,0.2987241531016278
0.25141859450021825,0.30554343081623747,0.14709733740724573,0.29594063727629855
0.24491600353669318,0.30238726790450926,0.15075154730327145,0.3019451812555261
0.24357838795394154,0.3051372896368468,0.1474756421612046,0.3038086802480071
0.25199645075421473,0.2981366459627329,0.14995563442768411,0.29991126885536823
0.24802110817941952,0.2963940193491645,0.15303430079155672,0.30255057167985927
0.24318381706244502,0.30606860158311344,0.14951627088830255,0.30123131046613894
0.2434589800443459,0.30687361419068737,0.14634146341463414,0.3033259423503326
0.2466171977302488,0.29986905281536447,0.14578786556089043,0.3077258838934963
0.248471615720524,0.29563318777292574,0.14759825327510917,0.308296943231441
0.23857644991212654,0.29569420035149385,0.15333919156414763,0.312390158172232
0.2417247386759582,0.2961672473867596,0.15026132404181183,0.3118466898954704
0.23773751657092354,0.29916040653999115,0.1520106053910738,0.3110914714980115
0.2362998684787374,0.29504603244191147,0.15431828145550197,0.3143358176238492
0.23992994746059546,0.29378283712784586,0.1563047285464098,0.30998248686514884
0.23794781070322865,0.2905793896505971,0.15214506855373727,0.31932773109243695
0.2317822651448639,0.30070237050043896,0.14705882352941177,0.32045654082528535
0.23414634146341465,0.29490022172949004,0.14634146341463414,0.3246119733924612
0.22613286405631325,0.2982842058952926,0.14782226132864057,0.3277606687197536
0.23480176211453743,0.2920704845814978,0.15330396475770924,0.3198237885462555
0.22985989492119088,0.29509632224168125,0.1510507880910683,0.3239929947460595
0.22538293216630198,0.2936542669584245,0.15448577680525163,0.3264770240700219
0.22611744084136723,0.2887817703768624,0.1546888694127958,0.33041191936897457
0.22867194371152155,0.2836411609498681,0.15743183817062445,0.3302550571679859
0.22857142857142856,0.2804395604395604,0.15692307692307692,0.33406593406593404
0.23464912280701755,0.2771929824561403,0.15657894736842104,0.33157894736842103
0.23977122745270568,0.27936647602287723,0.15442146942366916,0.3264408271007479
0.2353711790393013,0.27467248908296943,0.15633187772925763,0.33362445414847164
0.23539823008849559,0.27964601769911507,0.15486725663716813,0.33008849557522124
0.23049801674746584,0.2842661965623623,0.15689731159100925,0.32833847509916264
0.23110720562390158,0.28163444639718804,0.15202108963093147,0.3352372583479789
0.2339103417665335,0.2836218375499334,0.15268530847758544,0.3297825122059476
0.23919685726756876,0.28415539065910084,0.15408118725447403,0.32256656481885637
0.23392070484581498,0.28370044052863436,0.1568281938325991,0.32555066079295153
0.23550087873462214,0.28558875219683655,0.15421792618629174,0.3246924428822496
0.23022536456031817,0.2920901458241273,0.15024304021210783,0.32744144940344677
0.22989010989010988,0.2918681318681319,0.15912087912087913,0.3191208791208791
0.23134328358208955,0.29367866549604915,0.15452151009657594,0.32045654082528535
0.23172352680549402,0.29508196721311475,0.15728843597696057,0.31590607000443066
0.23454063604240283,0.2946113074204947,0.15459363957597172,0.31625441696113077
0.2324561403508772,0.2951754385964912,0.15570175438596492,0.31666666666666665
0.237928007023705,0.29543459174714665,0.15671641791044777,0.3099209833187006
0.23919685726756876,0.2911392405063291,0.15800960279353993,0.3116542994325622
0.2436235708003518,0.2906772207563764,0.15919085312225154,0.3065083553210202
0.24701195219123506,0.2877379371403276,0.1593625498007968,0.3058875608676406
0.25220848056537104,0.2840106007067138,0.1598939929328622,0.303886925795053
0.25133214920071045,0.28374777975133214,0.16163410301953818,0.3032859680284192
0.245792736935341,0.2860938883968113,0.16076173604960142,0.3073516386182462
0.24846356453028973,0.286215978928885,0.16417910447761194,0.30114135206321335
0.2506619593998235,0.2881729920564872,0.16107678729037953,0.3000882612533098
0.24625550660792953,0.29030837004405285,0.16123348017621145,0.3022026431718062
0.2515473032714412,0.28868258178603007,0.16445623342175067,0.2953138815207781
0.2559262510974539,0.28797190517998245,0.16066725197541704,0.29543459174714665
0.2579787234042553,0.28324468085106386,0.1671099290780142,0.2916666666666667
0.25625274243089075,0.28170250109697237,0.16805616498464238,0.2939885914874945
0.2549450549450549,0.2835164835164835,0.16703296703296702,0.2945054945054945
0.254259501965924,0.28134556574923547,0.1708169506334644,0.29357798165137616
0.2474813841436706,0.2812089356110381,0.1765221200175208,0.2947875602277705
0.2542147293700089,0.2808340727595386,0.17125110913930788,0.2937000887311446
0.24539069359086918,0.2884108867427568,0.17120280948200176,0.29499561018437226
0.24339788732394366,0.2869718309859155,0.1742957746478873,0.2953345070422535
0.2447089947089947,0.2945326278659612,0.1728395061728395,0.2879188712522046
0.242503259452412,0.29900043459365494,0.17427205562798784,0.2842242503259452
0.2458442694663167,0.2979002624671916,0.16972878390201224,0.28652668416447946
0.24318381706244502,0.2994722955145119,0.17282321899736147,0.28452066842568163
0.24212860310421286,0.3042128603104213,0.16984478935698447,0.2838137472283814
