R,A,S,N
1.0,0.0,0.0,0.0
1.0,0.0,0.0,0.0
0.75,0.25,0.0,0.0
0.75,0.25,0.0,0.0
0.8,0.2,0.0,0.0
0.6666666666666666,0.3333333333333333,0.0,0.0
0.5555555555555556,0.4444444444444444,0.0,0.0
0.5454545454545454,0.45454545454545453,0.0,0.0
0.5384615384615384,0.46153846153846156,0.0,0.0
0.5789473684210527,0.42105263157894735,0.0,0.0
0.5416666666666666,0.375,0.08333333333333333,0.0
0.5185185185185185,0.37037037037037035,0.07407407407407407,0.037037037037037035
0.5142857142857142,0.34285714285714286,0.08571428571428572,0.05714285714285714
0.5263157894736842,0.34210526315789475,0.10526315789473684,0.02631578947368421
0.5348837209302325,0.3023255813953488,0.11627906976744186,0.046511627906976744
0.47368421052631576,0.3333333333333333,0.14035087719298245,0.05263157894736842
0.4696969696969697,0.3787878787878788,0.12121212121212122,0.030303030303030304
0.46153846153846156,0.3717948717948718,0.1282051282051282,0.038461538461538464
0.4367816091954023,0.3563218390804598,0.16091954022988506,0.04597701149425287
0.45454545454545453,0.35353535353535354,0.15151515151515152,0.04040404040404041
0.49107142857142855,0.30357142857142855,0.16071428571428573,0.044642857142857144
0.49193548387096775,0.29838709677419356,0.16129032258064516,0.04838709677419355
0.46153846153846156,0.3146853146853147,0.16083916083916083,0.06293706293706294
0.44966442953020136,0.3221476510067114,0.18120805369127516,0.04697986577181208
0.42857142857142855,0.3333333333333333,0.18452380952380953,0.05357142857142857
0.42857142857142855,0.3439153439153439,0.1693121693121693,0.0582010582010582
0.44554455445544555,0.32673267326732675,0.16831683168316833,0.0594059405940594
0.42731277533039647,0.32599118942731276,0.19383259911894274,0.05286343612334802
0.416,0.336,0.204,0.044
0.4151624548736462,0.33212996389891697,0.20938628158844766,0.04332129963898917
0.4276315789473684,0.3256578947368421,0.19407894736842105,0.05263157894736842
0.4338461538461538,0.3261538461538461,0.19692307692307692,0.043076923076923075
0.4369747899159664,0.30532212885154064,0.21288515406162464,0.04481792717086835
0.44080604534005036,0.28463476070528965,0.22670025188916876,0.04785894206549118
0.4361948955916473,0.28074245939675174,0.2296983758700696,0.05336426914153132
0.434878587196468,0.2847682119205298,0.22737306843267108,0.052980132450331126
0.4344262295081967,0.2786885245901639,0.22540983606557377,0.06147540983606557
0.42418426103646834,0.2821497120921305,0.22648752399232247,0.0671785028790787
0.4114583333333333,0.28125,0.2309027777777778,0.0763888888888889
0.40765391014975044,0.2778702163061564,0.23294509151414308,0.08153078202995008
0.4119448698315467,0.26952526799387444,0.22970903522205208,0.0888208269525268
0.40228245363766046,0.2867332382310984,0.2253922967189729,0.08559201141226819
0.41568627450980394,0.28366013071895424,0.2235294117647059,0.07712418300653595
0.41341463414634144,0.275609756097561,0.22926829268292684,0.08170731707317073
0.40934371523915464,0.2814238042269188,0.23136818687430477,0.0778642936596218
0.407098121085595,0.278705636743215,0.22964509394572025,0.08455114822546973
0.40521564694082246,0.28084252758274825,0.22768304914744233,0.08625877632898696
0.3998091603053435,0.28053435114503816,0.2299618320610687,0.08969465648854962
0.40161725067385445,0.2893081761006289,0.21293800539083557,0.09613656783468104
0.4,0.2831168831168831,0.22077922077922077,0.09610389610389611
0.38205980066445183,0.2931893687707641,0.22009966777408638,0.10465116279069768
0.38836477987421386,0.2908805031446541,0.2099056603773585,0.11084905660377359
0.3853141559424678,0.2967448902346707,0.2043906131718395,0.11355034065102196
0.39296187683284456,0.28885630498533726,0.20087976539589442,0.11730205278592376
0.3933287004864489,0.2897845726198749,0.2050034746351633,0.11188325225851285
0.39693128752501666,0.2921947965310207,0.1961307538358906,0.11474316210807205
0.38501628664495113,0.2944625407166124,0.2026058631921824,0.11791530944625407
0.38676844783715014,0.29834605597964375,0.20165394402035625,0.11323155216284987
0.3786764705882353,0.30392156862745096,0.20098039215686275,0.11642156862745098
0.3742550655542312,0.30274135876042907,0.20381406436233612,0.11918951132300358
0.3741217798594848,0.3050351288056206,0.20023419203747073,0.12060889929742388
0.3730921424533635,0.29960429621254947,0.2035048049745619,0.12379875635952516
0.369281045751634,0.3028322440087146,0.20261437908496732,0.12527233115468409
0.37337662337662336,0.29978354978354976,0.1958874458874459,0.13095238095238096
0.37802313354363826,0.3007360672975815,0.19137749737118823,0.129863301787592
0.3739539748953975,0.3023012552301255,0.1903765690376569,0.13336820083682008
0.3678947368421053,0.30473684210526314,0.19210526315789472,0.13526315789473684
0.3591331269349845,0.30959752321981426,0.19246646026831785,0.1388028895768834
0.3528816986855409,0.3149646107178969,0.1870576339737108,0.14509605662285135
0.3582089552238806,0.3079601990049751,0.1880597014925373,0.14577114427860696
0.35907525823905556,0.3059517953762912,0.18888342351205115,0.14608952287260207
0.3521675596687774,0.3102776424744277,0.1919142717973697,0.14564052605942523
0.3558492413117964,0.3069016152716593,0.18844836025452766,0.14880078316201664
0.3503861003861004,0.3079150579150579,0.1891891891891892,0.1525096525096525
0.355866731047803,0.30468372766779334,0.18686624818928055,0.15258329309512314
0.3547313361864004,0.30337612933903946,0.18925344745601522,0.15263908701854492
0.3547008547008547,0.30484330484330485,0.18518518518518517,0.15527065527065528
0.35127478753541075,0.3021718602455146,0.18602455146364494,0.16052880075542966
0.3495512517713746,0.295701464336325,0.19367028814359943,0.161076995748701
0.3431647940074906,0.2949438202247191,0.1947565543071161,0.16713483146067415
0.3376443418013857,0.29607390300230946,0.19491916859122402,0.17136258660508083
0.3403361344537815,0.29598506069094305,0.19094304388422034,0.17273576097105509
0.340215861098076,0.2984514312529329,0.19286719849835757,0.16846550915063352
0.3391263503992485,0.29779239079379993,0.19163926726162517,0.17144199154532644
0.347949080622348,0.2894860914662895,0.19471947194719472,0.16784535596416786
0.3419811320754717,0.28915094339622643,0.2028301886792453,0.1660377358490566
0.3418079096045198,0.2838983050847458,0.20056497175141244,0.17372881355932204
0.3344155844155844,0.29359925788497215,0.2017625231910946,0.1702226345083488
0.3322429906542056,0.2985981308411215,0.20420560747663552,0.1649532710280374
0.3283790060380864,0.2977241058987459,0.20483046911286576,0.16906641895030192
0.3252900232018561,0.2951276102088167,0.21160092807424594,0.1679814385150812
0.3191985088536813,0.2940354147250699,0.212022367194781,0.17474370922646784
0.3177132146204311,0.2910028116213683,0.21836925960637302,0.17291471415182755
0.31474480151228734,0.2939508506616257,0.21928166351606806,0.1720226843100189
0.31884742560226736,0.28719886632026453,0.22579121398205007,0.16816249409541806
0.3136792452830189,0.28773584905660377,0.22641509433962265,0.1721698113207547
0.3121468926553672,0.2871939736346516,0.2278719397363465,0.17278719397363465
0.3117729176361098,0.2880409492787343,0.22568636575151232,0.17449976733364356
0.31026474686483974,0.2930794240594519,0.2238736646539712,0.1727821644217371
0.30934579439252335,0.3,0.2177570093457944,0.17289719626168223
0.308274231678487,0.29598108747044916,0.21560283687943263,0.18014184397163122
0.31869688385269124,0.29508970727101036,0.21482530689329557,0.17138810198300283
0.31494578029231496,0.2960867515322961,0.2197076850542197,0.16925978312116927
0.3065490013934046,0.30004644681839293,0.2196934509986066,0.17371110078959592
0.30899908172635443,0.29981634527089074,0.21763085399449036,0.17355371900826447
0.31247123791992637,0.2926829268292683,0.21767142199723885,0.1771744132535665
0.3076923076923077,0.29463869463869463,0.21724941724941724,0.18041958041958042
0.3146171693735499,0.29466357308584684,0.2111368909512761,0.17958236658932714
0.3126447429365447,0.28485409911996296,0.2125984251968504,0.18990273274664196
0.31031264582361173,0.2916472235184321,0.21278581427904805,0.18525431637890807
0.31089294062646095,0.2903225806451613,0.20944366526414213,0.18934081346423562
0.31316891577477896,0.29036761284318285,0.20614239181014427,0.1903210795718939
0.30729893072989306,0.28870292887029286,0.20362622036262204,0.200371920037192
0.3021821631878558,0.2903225806451613,0.2030360531309298,0.20445920303605314
0.3090047393364929,0.2848341232227488,0.204739336492891,0.2014218009478673
0.3071802187351403,0.28768426058012364,0.20637184973846887,0.19876367094626723
0.3072866730584851,0.2857142857142857,0.2080536912751678,0.19894534995206137
0.31026252983293556,0.2883054892601432,0.2071599045346062,0.19427207637231503
0.3124701385570951,0.2828475871954133,0.20974677496416627,0.19493549928332538
0.30728918532634586,0.2806098141972368,0.21248213434969032,0.19961886612672702
0.3069590085795996,0.2797902764537655,0.2111534795042898,0.2020972354623451
0.31058823529411766,0.27576470588235297,0.2131764705882353,0.20047058823529412
0.30528284244974285,0.2772323515661524,0.21271622253389436,0.20476858345021037
0.3026315789473684,0.2781954887218045,0.21522556390977443,0.20394736842105263
0.30656589513462446,0.27775153519130846,0.2158715162966462,0.1998110533774209
0.3101983002832861,0.279508970727101,0.21671388101983002,0.1935788479697828
0.30823199251637046,0.28578110383536015,0.21608980355472404,0.18989710009354538
0.30278696268304206,0.28247520075578647,0.22059518186112423,0.19414265470004724
0.3089887640449438,0.2705992509363296,0.22612359550561797,0.19428838951310862
0.3100848256361923,0.267200754005655,0.22478793590951932,0.19792648444863337
0.3126168224299065,0.26542056074766357,0.2252336448598131,0.19672897196261682
0.31247080803362914,0.2662307333021952,0.22139187295656235,0.19990658570761327
0.30902290790088827,0.27489481065918653,0.22206638616175783,0.19401589527816737
0.3071090047393365,0.27677725118483415,0.22037914691943128,0.1957345971563981
0.30089749645725083,0.27727916863486063,0.22106754841757204,0.20075578649031647
0.3022055373064289,0.2731112153918348,0.2261848897231347,0.1984983575786016
0.3044496487119438,0.2711943793911007,0.22669789227166276,0.19765807962529275
0.30451127819548873,0.2673872180451128,0.22979323308270677,0.19830827067669174
0.29327146171693735,0.27470997679814385,0.23480278422273781,0.19721577726218098
0.2840646651270208,0.27251732101616627,0.23787528868360278,0.20554272517321015
0.283595922150139,0.27201112140871175,0.23493975903614459,0.20945319740500462
0.28184787680821277,0.2641157256182921,0.2375174988334111,0.21651889874008398
0.28757561656584457,0.26058631921824105,0.23266635644485809,0.2191717077710563
0.2802607076350093,0.260707635009311,0.23556797020484171,0.22346368715083798
0.2693208430913349,0.2693208430913349,0.23138173302107728,0.22997658079625294
0.26544082979726547,0.27015558698727016,0.22772277227722773,0.23668081093823667
0.27061611374407585,0.2734597156398104,0.22701421800947869,0.22890995260663508
0.27440758293838863,0.26398104265402844,0.22748815165876776,0.23412322274881517
0.273719165085389,0.265180265654649,0.22675521821631878,0.23434535104364326
0.2783018867924528,0.25801886792452833,0.2320754716981132,0.23160377358490566
0.27887323943661974,0.2591549295774648,0.2295774647887324,0.2323943661971831
0.2784629981024668,0.25901328273244784,0.22912713472485768,0.2333965844402277
0.27648698884758366,0.258364312267658,0.22862453531598512,0.23652416356877323
0.2701819878674755,0.25711619225384974,0.22445170321978536,0.2482501166588894
0.27319109461966606,0.2592764378478664,0.21567717996289426,0.25185528756957326
0.26919475655430714,0.26170411985018727,0.21722846441947566,0.25187265917602997
0.2714285714285714,0.2619047619047619,0.21619047619047618,0.25047619047619046
0.27632205812291566,0.26393520724154357,0.20962363030014292,0.2501191043353978
0.27129186602870814,0.261244019138756,0.20574162679425836,0.2617224880382775
0.269248937175248,0.26074633915918755,0.21114785073216816,0.2588568729333963
0.25842696629213485,0.2640449438202247,0.21348314606741572,0.2640449438202247
0.2545624707533926,0.27047262517547965,0.21431913897987834,0.2606457650912494
0.2470643494598403,0.2738374823860968,0.21747299201503054,0.2616251761390324
0.2514177693761815,0.2712665406427221,0.21219281663516068,0.2651228733459357
0.25626477541371157,0.2680851063829787,0.21560283687943263,0.26004728132387706
0.2558795860771402,0.2634054562558796,0.21777986829727186,0.2629350893697084
0.2595526561043802,0.26328052190121154,0.2124883504193849,0.2646784715750233
0.261660447761194,0.259794776119403,0.20988805970149255,0.26865671641791045
0.26506024096385544,0.2548656163113994,0.20806302131603335,0.27201112140871175
0.27024525682554373,0.25682554372975475,0.2026839426191578,0.27024525682554373
0.26476014760147604,0.257380073800738,0.2061808118081181,0.2716789667896679
0.2641421224871435,0.25479195885928,0.21131369798971483,0.2697522206638616
0.2629594721960415,0.2530631479736098,0.20829406220546653,0.2756833176248822
0.2580037664783427,0.256120527306968,0.2085687382297552,0.2773069679849341
0.26407129455909945,0.2518761726078799,0.2073170731707317,0.2767354596622889
0.26401869158878505,0.252803738317757,0.20747663551401868,0.2757009345794392
0.26614026939154667,0.24988388295401764,0.2127264282396656,0.2712494194147701
0.256011315417256,0.2545968882602546,0.20839226779820838,0.280999528524281
0.2509487666034156,0.2571157495256167,0.21015180265654648,0.28178368121442127
0.25355450236966826,0.25971563981042656,0.2099526066350711,0.27677725118483415
0.25435704192180875,0.25906735751295334,0.20819594912859163,0.2783796514366463
0.25272124940842405,0.261239943208708,0.20728821580690962,0.27875059157595833
0.23950381679389313,0.2695610687022901,0.21087786259541985,0.2800572519083969
0.23366243535496004,0.2740949694405266,0.2063939821344617,0.2858486130700517
0.23413258110014104,0.2759755524212506,0.2068641278796427,0.2830277385989657
0.23450905624404195,0.28217349857006674,0.20162059103908483,0.2816968541468065
0.24165491302303715,0.2825575928537847,0.19746121297602257,0.27832628114715563
0.24785918173168411,0.27164605137963843,0.1983824928639391,0.2821122740247383
0.24859022556390978,0.2791353383458647,0.19689849624060152,0.27537593984962405
0.25,0.27888257575757575,0.19839015151515152,0.2727272727272727
0.24730173627404975,0.28108869075551385,0.1989676208352886,0.2726419521351478
0.24836295603367634,0.27876520112254444,0.20018709073900842,0.27268475210477083
0.2555503070382617,0.271610769957487,0.1998110533774209,0.2730278696268304
0.24860335195530725,0.2737430167597765,0.19925512104283055,0.2783985102420857
0.25057577153385535,0.2676186089359742,0.1957623215108245,0.2860432980193459
0.24208566108007448,0.26536312849162014,0.2011173184357542,0.2914338919925512
0.2441643323996265,0.27124183006535946,0.19981325863678806,0.28478057889822594
0.2422949265054528,0.2650545282124229,0.1981981981981982,0.29445234708392604
0.2531527323680523,0.2634283045305932,0.1975712283979449,0.28584773470340963
0.24988323213451658,0.2690331620737973,0.19243344231667445,0.28865016347501166
0.2508173750583839,0.2643624474544605,0.1952358710882765,0.28958430639887905
0.2448323380799265,0.26182820395039047,0.19889756545705098,0.2944418925126321
0.24040684234858992,0.2602866389274156,0.19787332408691632,0.30143319463707813
0.2491833877741484,0.2543163789080728,0.19645356976201586,0.3000466635557629
0.24766355140186916,0.2518691588785047,0.19906542056074766,0.3014018691588785
0.24619640387275243,0.25311203319502074,0.1996311664361457,0.30106039649608113
0.24630314232902034,0.24676524953789278,0.19963031423290203,0.30730129390018485
0.2481447124304267,0.2537105751391466,0.20222634508348794,0.29591836734693877
0.24895494658615885,0.2549930329772411,0.19832791453785414,0.2977241058987459
0.253514526710403,0.26288659793814434,0.1944704779756326,0.2891283973758201
0.25573770491803277,0.2637002341920375,0.19297423887587822,0.28758782201405153
0.25245441795231416,0.262739597942964,0.19261337073398785,0.292192613370734
0.2611731843575419,0.25931098696461824,0.1904096834264432,0.28910614525139666
0.25608614232209737,0.25374531835205993,0.1952247191011236,0.2949438202247191
0.25905030559473435,0.24917724494593324,0.19322990126939352,0.29854254818993886
0.2615675165250236,0.24834749763928235,0.19405099150141644,0.29603399433427763
0.2562294311236483,0.24917724494593324,0.19746121297602257,0.29713211095439584
0.251180358829084,0.24787535410764872,0.19924457034938622,0.301699716713881
0.2531824611032532,0.23998114097124,0.20462046204620463,0.30221593587930223
0.2603578154425612,0.2405838041431262,0.2033898305084746,0.295668549905838
0.2547830144657023,0.24731684554363043,0.2001866542230518,0.29771348576761547
0.25833724753405357,0.24894316580554252,0.19868482855800845,0.2940347581023955
0.2661971830985915,0.24835680751173708,0.20093896713615023,0.28450704225352114
0.2644705882352941,0.2475294117647059,0.19858823529411765,0.28941176470588237
0.2619385342789598,0.2486997635933806,0.20378250591016547,0.2855791962174941
0.261116367076632,0.24881740775780511,0.21050141911069065,0.2795648060548723
0.25549836218998595,0.25035095928872253,0.21619092185306504,0.2779597566682265
0.26328052190121154,0.25442684063373716,0.21015843429636533,0.2721342031686859
0.26557377049180325,0.25105386416861825,0.20608899297423888,0.27728337236533956
0.26591230551626593,0.2494106553512494,0.20744931636020744,0.27722772277227725
0.26563234602726843,0.2538787023977433,0.2073342736248237,0.27315467795016457
0.27075471698113207,0.25330188679245286,0.20518867924528303,0.27075471698113207
0.27574906367041196,0.25795880149812733,0.19803370786516855,0.26825842696629215
0.2694276407631456,0.2610516519311308,0.1959050721265705,0.2736156351791531
0.2679738562091503,0.2586367880485528,0.20588235294117646,0.26750700280112044
0.2667910447761194,0.2574626865671642,0.20522388059701493,0.27052238805970147
0.26103286384976526,0.2596244131455399,0.20328638497652582,0.27605633802816903
0.2570621468926554,0.2608286252354049,0.20386064030131826,0.2782485875706215
0.2587181903864279,0.26107445805843543,0.20499528746465598,0.27521206409048066
0.26288167938931295,0.2652671755725191,0.2032442748091603,0.26860687022900764
0.25841631104789,0.2678994784257942,0.2034139402560455,0.2702702702702703
0.2634076886568581,0.27005220692928333,0.19838633127669672,0.2681537731371618
0.26727012863268224,0.266793711291091,0.1991424487851358,0.266793711291091
0.2604411074612858,0.2646644767714688,0.2055373064289066,0.2693571093383388
0.26584673604541154,0.26017029328287605,0.20340586565752128,0.27057710501419113
0.26578699340245054,0.26154571159283696,0.20499528746465598,0.26767200754005654
0.25999059708509636,0.2632816173013634,0.2007522331922896,0.2759755524212506
0.26381792847189967,0.2540640966093823,0.20297259637714818,0.2791453785415699
0.26641825803446667,0.2501164415463437,0.2007452258965999,0.2827200745225897
0.26822429906542056,0.25327102803738316,0.19906542056074766,0.2794392523364486
0.2631826741996234,0.2532956685499058,0.19821092278719396,0.2853107344632768
0.2587087784486763,0.25685090571295865,0.19414770088248956,0.29029261495587555
0.2511825922421949,0.25496688741721857,0.1977294228949858,0.2961210974456008
0.25731822474032107,0.2530689329556185,0.20066100094428707,0.28895184135977336
0.2567503552818569,0.2567503552818569,0.20180009474182853,0.2846991946944576
0.2663507109004739,0.24597156398104264,0.2004739336492891,0.28720379146919434
0.25841631104789,0.24656235182550973,0.20578473210052156,0.28923660502607873
0.25716972261401033,0.24917724494593324,0.20310296191819463,0.29055007052186177
0.26019690576652604,0.25269573370839193,0.19784341303328645,0.28926394749179557
0.25749063670411987,0.25702247191011235,0.199438202247191,0.2860486891385768
0.2654784240150094,0.25375234521575984,0.1946529080675422,0.2861163227016886
0.2637259502580948,0.25105584232754574,0.1984983575786016,0.2867198498357579
0.27069457659372026,0.25166508087535683,0.19980970504281637,0.27783063748810655
0.2734047508150908,0.2496506753609688,0.20540288775034932,0.2715416860735911
0.2804307116104869,0.24812734082397003,0.20646067415730338,0.2649812734082397
0.2737089201877934,0.2516431924882629,0.20751173708920187,0.2671361502347418
0.2663857677902622,0.24906367041198502,0.2144194756554307,0.2701310861423221
0.27033380347907854,0.2444757874941232,0.21156558533145275,0.2736248236953456
0.26946386946386947,0.24615384615384617,0.2111888111888112,0.2731934731934732
0.27019498607242337,0.24187558031569173,0.2149489322191272,0.27298050139275765
0.26770538243626063,0.24268177525967893,0.22001888574126535,0.2695939565627951
0.2671361502347418,0.23849765258215963,0.21830985915492956,0.27605633802816903
0.2652582159624413,0.23849765258215963,0.22300469483568075,0.27323943661971833
0.26672905942910624,0.24052409920449228,0.21338324754328497,0.27936359382311654
0.2646920545369064,0.24118476727785615,0.21156558533145275,0.2825575928537847
0.26401869158878505,0.24626168224299066,0.20934579439252338,0.2803738317757009
0.2566162570888469,0.2556710775047259,0.2060491493383743,0.28166351606805295
0.2581406323737612,0.25058990089664934,0.19773478055686644,0.293534686172723
0.25250596658711216,0.2534606205250597,0.2,0.29403341288782814
0.2549019607843137,0.2511671335200747,0.20354808590102708,0.2903828197945845
0.25910364145658266,0.2507002801120448,0.20354808590102708,0.28664799253034545
0.2531409958120056,0.24429967426710097,0.20707305723592367,0.29548627268496974
0.25184842883548986,0.24630314232902034,0.20702402957486138,0.2948243992606285
0.24687933425797504,0.24919093851132687,0.21035598705501618,0.29357374017568194
0.24701011959521618,0.25206991720331184,0.20561177552897883,0.2953081876724931
0.2482758620689655,0.2501149425287356,0.21057471264367816,0.2910344827586207
0.2550023266635644,0.2424383434155421,0.21405304792926944,0.28850628199162404
0.25618292113859076,0.24638357442837144,0.20858609426038263,0.28884741017265514
0.26026119402985076,0.25466417910447764,0.19869402985074627,0.28638059701492535
0.25315863359850255,0.26017781937295276,0.19981282171268133,0.28685072531586336
0.25162488393686167,0.26090993500464255,0.19962859795728877,0.2878365831012071
0.24626168224299066,0.25794392523364484,0.1985981308411215,0.297196261682243
0.24402810304449649,0.2613583138173302,0.1990632318501171,0.2955503512880562
0.25047709923664124,0.2609732824427481,0.19751908396946566,0.29103053435114506
0.24798864174159962,0.261239943208708,0.195929957406531,0.2948414576431614
0.24881516587677724,0.2672985781990521,0.1981042654028436,0.285781990521327
0.24765478424015008,0.27204502814258913,0.20309568480300189,0.2772045028142589
0.24466571834992887,0.2721669037458511,0.2034139402560455,0.2797534376481745
0.24141176470588235,0.28047058823529414,0.1971764705882353,0.28094117647058825
0.24719101123595505,0.2762172284644195,0.19428838951310862,0.28230337078651685
0.24373259052924792,0.27390900649953576,0.20009285051067782,0.2822655524605385
0.24066390041493776,0.2729368372521899,0.19778699861687413,0.28861226371599813
0.2431796801505174,0.2685794920037629,0.19285042333019756,0.2953904045155221
0.24347014925373134,0.26632462686567165,0.19496268656716417,0.29524253731343286
0.24349442379182157,0.26022304832713755,0.19423791821561337,0.3020446096654275
0.24213984045049272,0.2571562646644768,0.2003754106053496,0.3003284842796809
0.25,0.2584745762711864,0.1925612052730697,0.2989642184557439
0.2501184272856466,0.2581714827096163,0.19090478446234013,0.300805305542397
0.25451092117758783,0.2564102564102564,0.18945868945868946,0.2996201329534663
0.2502360717658168,0.2554296506137866,0.19452313503305005,0.29981114258734654
0.25069637883008355,0.26508820798514393,0.18755803156917364,0.2966573816155989
0.24835988753514526,0.26710402999062793,0.1949390815370197,0.28959700093720714
0.25082664147378364,0.2706660368445914,0.19650448748228624,0.2820028341993387
0.2543735224586288,0.27328605200945627,0.18770685579196217,0.28463356973995274
0.2524822695035461,0.28132387706855794,0.18486997635933805,0.28132387706855794
0.2574679943100996,0.2754860123281176,0.1816026552868658,0.285443338074917
0.2558361124344926,0.274892806098142,0.18627918056217246,0.28299190090519294
0.2556390977443609,0.27349624060150374,0.18937969924812031,0.28148496240601506
0.2507042253521127,0.2746478873239437,0.19530516431924883,0.2793427230046948
0.252112676056338,0.2830985915492958,0.19577464788732393,0.26901408450704223
0.2501184272856466,0.2846991946944576,0.19327333017527237,0.2719090478446234
0.25034835113794707,0.28425452856479333,0.18996748722712495,0.2754296330701347
0.2532771535580524,0.2841760299625468,0.19194756554307116,0.2705992509363296
0.2554880896777207,0.28865016347501166,0.1835590845399346,0.272302662307333
0.2527881040892193,0.2862453531598513,0.1812267657992565,0.27973977695167285
0.25507794048181387,0.28908833254605576,0.18327822390174775,0.2725555030703826
0.26009389671361505,0.28075117370892017,0.18450704225352113,0.2746478873239437
0.25924192793635936,0.2788956481048198,0.18717828731867103,0.27468413664014973
0.25743977326405293,0.28247520075578647,0.1894189891355692,0.2706660368445914
0.26056003796867583,0.2857142857142857,0.18604651162790697,0.26767916468913144
0.2600663192799621,0.29038370440549505,0.18048318332543817,0.2690667929891047
0.25427756653992395,0.2956273764258555,0.18155893536121673,0.2685361216730038
0.2563619227144204,0.29783223374175305,0.17530631479736097,0.2704995287464656
0.25153374233128833,0.29966965549787633,0.17885795186408684,0.26993865030674846
0.2538787023977433,0.28913963328631875,0.18288669487541137,0.2740949694405266
0.25268566090611866,0.2900513778608127,0.17935544138253154,0.27790751985053713
0.2596377148165351,0.29725963771481656,0.1751045053413841,0.2679981421272643
0.2529002320185615,0.29559164733178656,0.1814385150812065,0.2700696055684455
0.2489311163895487,0.301187648456057,0.1838479809976247,0.2660332541567696
0.24352331606217617,0.30664154498351387,0.18134715025906736,0.2684879886952426
0.24352331606217617,0.30852567121997176,0.17993405558172398,0.2680169571361281
0.2405123339658444,0.3045540796963947,0.18121442125237192,0.273719165085389
0.24079320113314448,0.3031161473087819,0.1794145420207743,0.2766761095372993
0.24320524835988752,0.30740393626991563,0.18088097469540768,0.2685098406747891
0.24121779859484777,0.3091334894613583,0.18266978922716628,0.26697892271662765
0.2437880918893577,0.3080168776371308,0.18096577590248478,0.2672292545710267
0.24506114769520226,0.30761994355597366,0.18250235183443086,0.2648165569143932
0.2489451476793249,0.3037974683544304,0.18096577590248478,0.26629160806375995
0.2532771535580524,0.30196629213483145,0.18398876404494383,0.2607677902621723
0.24801123069723913,0.30369677117454374,0.19138979878334114,0.256902199344876
0.24400369003690037,0.30904059040590404,0.19280442804428044,0.25415129151291516
0.242354031510658,0.30444856348470806,0.19138090824837814,0.2618164967562558
0.23896713615023474,0.3004694835680751,0.18685446009389672,0.2737089201877934
0.24634261444077396,0.3015573383671543,0.18310523831996225,0.26899480887210947
0.25011731581417174,0.2961051149694979,0.17878930079774755,0.2749882684185828
0.2507082152974504,0.3021718602455146,0.17563739376770537,0.27148253068932954
0.24716981132075472,0.30141509433962266,0.17641509433962263,0.275
0.24824026278742375,0.3003284842796809,0.17409666823087752,0.27733458470201783
0.24520355638745905,0.29948525970987366,0.17220402433317736,0.28310715956948995
0.24307836696386673,0.3007977475363679,0.17268887846081651,0.28343500703894886
0.24343339587242027,0.29315196998123827,0.17401500938086303,0.2893996247654784
0.24295112781954886,0.2932330827067669,0.17575187969924813,0.2880639097744361
0.242080378250591,0.29692671394799053,0.1706855791962175,0.2903073286052009
0.23877068557919623,0.29267139479905435,0.17541371158392435,0.29314420803782504
0.23847601128880527,0.29068673565381,0.17497648165569143,0.2958607714016933
0.2412199630314233,0.2897412199630314,0.18114602587800369,0.28789279112754157
0.23996265172735762,0.2913165266106443,0.1792717086834734,0.28944911297852477
0.24171721885207653,0.2921138590760616,0.1791880541297247,0.2869808679421372
0.24543325526932083,0.29601873536299766,0.17142857142857143,0.28711943793911004
0.24777099953073675,0.2979821679962459,0.16799624589394652,0.2862505865790709
0.24330671676843588,0.3024894316580554,0.17426021606387976,0.2799436355096289
0.24158878504672898,0.30327102803738315,0.17196261682242991,0.28317757009345795
0.24585504500236854,0.30317385125532925,0.16674561819043107,0.28422548555187116
0.23651844843897823,0.3107852412488174,0.16792809839167455,0.2847682119205298
0.24543325526932083,0.30585480093676815,0.16393442622950818,0.28477751756440284
0.24368568755846587,0.3058933582787652,0.16604303086997194,0.284377923292797
0.23756906077348067,0.3001841620626151,0.17081031307550645,0.2914364640883978
0.24756154203437064,0.29586623316302835,0.1723176962378077,0.28425452856479333
0.24789915966386555,0.29411764705882354,0.176937441643324,0.28104575163398693
0.24368568755846587,0.29466791393826003,0.1796071094480823,0.28203928905519177
0.246601031411158,0.2883263009845288,0.180028129395218,0.28504453820909514
0.24530075187969924,0.2918233082706767,0.18421052631578946,0.27866541353383456
0.24836601307189543,0.2838468720821662,0.1876750700280112,0.2801120448179272
0.24628942486085342,0.2820037105751391,0.18877551020408162,0.2829313543599258
0.24110486891385768,0.28885767790262173,0.18632958801498128,0.28370786516853935
0.23966165413533835,0.28101503759398494,0.18796992481203006,0.29135338345864664
0.23596035865974516,0.2822085889570552,0.18924020764511562,0.292590844738084
0.23000940733772343,0.28410159924741296,0.19520225776105363,0.29068673565381
0.23149457802923148,0.29184347006129185,0.1933050447901933,0.28335690711928335
0.22697368421052633,0.2932330827067669,0.19031954887218044,0.2894736842105263
0.225,0.2957547169811321,0.19245283018867926,0.28679245283018867
0.22305529522024367,0.2952202436738519,0.19540768509840675,0.28631677600749766
0.21808761186999528,0.2939236928874235,0.18888365520489872,0.2991050400376825
0.21918443002780352,0.2979610750695088,0.18489341983317886,0.2979610750695088
0.22019635343618513,0.29967274427302476,0.1846657316503039,0.2954651706404862
0.2244039270687237,0.29873772791023845,0.1827956989247312,0.29406264609630667
0.22227421619092186,0.2952737482452036,0.1881141787552644,0.2943378568086102
0.2232101076275152,0.28965839962564344,0.18483855872718766,0.30229293401965374
0.22606258757589912,0.28865016347501166,0.18449322746380195,0.3007940214852872
0.23008015087223008,0.28854314002828857,0.18576143328618577,0.2956152758132956
0.23349056603773585,0.2830188679245283,0.18962264150943398,0.2938679245283019
0.23152941176470587,0.2856470588235294,0.19294117647058823,0.2898823529411765
0.2320675105485232,0.29207688701359585,0.1875293014533521,0.2883263009845288
0.2344632768361582,0.2937853107344633,0.1850282485875706,0.2867231638418079
0.2359338061465721,0.29929078014184396,0.18534278959810874,0.2794326241134752
0.24147727272727273,0.29545454545454547,0.18276515151515152,0.2803030303030303
0.24639076034648702,0.2882579403272377,0.1809432146294514,0.2844080846968239
0.24173748819641172,0.29414542020774315,0.17138810198300283,0.2927289896128423
0.22979323308270677,0.29699248120300753,0.17481203007518797,0.2984022556390977
0.22997658079625294,0.2927400468384075,0.18079625292740048,0.2964871194379391
0.2353217472992015,0.2921559417566933,0.1737905119774542,0.29873179896665103
0.23427230046948358,0.2962441314553991,0.1751173708920188,0.2943661971830986
0.23394280356305672,0.2967651195499297,0.17252695733708392,0.2967651195499297
0.23358348968105067,0.3025328330206379,0.17589118198874296,0.2879924953095685
0.23603941811356172,0.3007977475363679,0.17832003754106054,0.28484279680900987
0.23986804901036757,0.30113100848256363,0.17389255419415645,0.28510838831291235
0.2452561669829222,0.29411764705882354,0.17362428842504743,0.2870018975332068
0.24453941120607786,0.30009496676163344,0.16191832858499525,0.2934472934472934
0.2439487422876127,0.29140958709065024,0.16611295681063123,0.29852871381110585
0.24389097744360902,0.28900375939849626,0.17011278195488722,0.29699248120300753
0.24589394650398874,0.29188174565931485,0.1689347724073205,0.29328953542937586
0.24930619796484738,0.2904717853839038,0.16975023126734506,0.2904717853839038
0.24706985466479137,0.2869198312236287,0.16408813877168307,0.30192217533989685
0.24633569739952718,0.28747044917257686,0.16264775413711585,0.30354609929078014
0.2528142589118199,0.28095684803001875,0.16604127579737335,0.300187617260788
0.2540056550424128,0.2747408105560792,0.1701225259189444,0.30113100848256363
0.25910364145658266,0.2773109243697479,0.16339869281045752,0.30018674136321194
0.2651337400281558,0.2740497419052088,0.1665884561238855,0.29422806194274986
0.26192703461178674,0.27502338634237605,0.16604303086997194,0.2970065481758653
0.25957049486461253,0.27124183006535946,0.16293183940242764,0.3062558356676004
0.26869158878504673,0.26869158878504673,0.16121495327102803,0.3014018691588785
0.26158165652784277,0.26579316799251285,0.16518483855872718,0.30744033692091716
0.2575687005123428,0.27713088029809035,0.1630181648812296,0.3022822543083372
0.2533957845433255,0.27775175644028105,0.16580796252927402,0.30304449648711945
0.2551166111375536,0.2746311280342694,0.1661113755354593,0.30414088529271777
0.25615530303030304,0.2774621212121212,0.16761363636363635,0.2987689393939394
0.24810246679316889,0.2784629981024668,0.17362428842504743,0.2998102466793169
0.25140977443609025,0.2725563909774436,0.17293233082706766,0.3031015037593985
0.2528248587570621,0.2707156308851224,0.1713747645951036,0.3050847457627119
0.2498814604077762,0.2721669037458511,0.17117117117117117,0.30678046467520154
0.24073205068043171,0.2684185828249648,0.17878930079774755,0.31206006569685596
0.2512820512820513,0.2680652680652681,0.17156177156177158,0.3090909090909091
0.25244983667755483,0.27344843677088193,0.16705552963135792,0.3070461969202053
0.25929368029739774,0.26812267657992567,0.17053903345724908,0.3020446096654275
0.2613583138173302,0.27259953161592504,0.17704918032786884,0.2889929742388759
0.26139534883720933,0.27348837209302324,0.17488372093023255,0.29023255813953486
0.25488372093023254,0.27674418604651163,0.17116279069767443,0.2972093023255814
0.2611764705882353,0.2776470588235294,0.168,0.2931764705882353
0.2662337662337662,0.2717996289424861,0.1679035250463822,0.2940630797773655
0.26177285318559557,0.270544783010157,0.1722068328716528,0.29547553093259465
0.2606088560885609,0.2656826568265683,0.17804428044280443,0.29566420664206644
0.2580195258019526,0.26638772663877264,0.17201301720130172,0.30357973035797303
0.2601209865053513,0.2684969753373662,0.17124243834341554,0.3001395998138669
0.2637002341920375,0.2641686182669789,0.17002341920374708,0.30210772833723654
0.2598791259879126,0.2701069270106927,0.17294281729428174,0.29707112970711297
0.2584529874942103,0.27327466419638724,0.1727651690597499,0.29550717924965264
0.2567441860465116,0.27395348837209305,0.173953488372093,0.29534883720930233
0.2581699346405229,0.2707749766573296,0.17133520074696545,0.29971988795518206
0.25560747663551403,0.2696261682242991,0.17009345794392525,0.30467289719626167
0.2576112412177986,0.26697892271662765,0.17330210772833723,0.30210772833723654
0.25590004627487273,0.26469227209625174,0.17306802406293384,0.30633965756594167
0.251890359168242,0.26417769376181477,0.17438563327032136,0.30954631379962194
0.24859287054409004,0.26172607879924953,0.18105065666041276,0.30863039399624764
0.2497648165569144,0.2610536218250235,0.17779868297271872,0.31138287864534336
0.24330671676843588,0.2724283701268201,0.17426021606387976,0.31000469704086425
0.2473416551086454,0.27230698104484513,0.17059639389736478,0.3097549699491447
0.24871435250116877,0.2669471715755026,0.17625058438522676,0.3080878915381019
0.25235849056603776,0.27169811320754716,0.17783018867924527,0.2981132075471698
0.2534149788035798,0.26895902025435703,0.17899199246349506,0.2986340084785681
0.25281954887218044,0.2683270676691729,0.1762218045112782,0.3026315789473684
0.2528248587570621,0.2707156308851224,0.17419962335216574,0.3022598870056497
0.2496487119437939,0.2702576112412178,0.1765807962529274,0.3035128805620609
0.25223529411764706,0.2687058823529412,0.17976470588235294,0.2992941176470588
0.2498812351543943,0.27790973871733965,0.17244655581947743,0.2997624703087886
0.2513014671083767,0.2768575485092286,0.17415996213913867,0.29768102224325604
0.2560226735947095,0.27538970240906946,0.1752479924421351,0.293339631554086
0.2524775837659273,0.28079282680509676,0.17319490325625295,0.293534686172723
0.25738396624472576,0.28270042194092826,0.17862165963431786,0.2812939521800281
0.2549295774647887,0.28497652582159627,0.18262910798122065,0.2774647887323944
0.2572906867356538,0.2831608654750706,0.1763875823142051,0.2831608654750706
0.2606837606837607,0.27730294396961064,0.17711301044634378,0.2849002849002849
0.25977653631284914,0.28212290502793297,0.17039106145251395,0.2877094972067039
0.2631578947368421,0.2827200745225897,0.17047042384722869,0.28365160689333957
0.2636792452830189,0.28443396226415096,0.16981132075471697,0.2820754716981132
0.2685794920037629,0.27845719661335844,0.17262464722483536,0.28033866415804326
0.27049559981472904,0.2788327929597036,0.17369152385363595,0.2769800833719315
0.2701819878674755,0.2799813345776948,0.17172188520765283,0.27811479234717684
0.2637002341920375,0.28149882903981266,0.16721311475409836,0.28758782201405153
0.2661365762394761,0.27970065481758655,0.17118802619270346,0.2829747427502339
0.26170411985018727,0.2808988764044944,0.17088014981273408,0.28651685393258425
0.2594317652538426,0.27666511411271544,0.17419655333022824,0.2897065673032138
0.25609756097560976,0.2772045028142589,0.1772983114446529,0.2893996247654784
0.2504716981132076,0.2839622641509434,0.17688679245283018,0.28867924528301886
0.25059101654846333,0.28037825059101656,0.18014184397163122,0.28888888888888886
0.25105584232754574,0.27921163772876584,0.17644298451431253,0.29328953542937586
0.2518867924528302,0.27641509433962264,0.1820754716981132,0.28962264150943395
0.24824026278742375,0.27874237447207884,0.18301267010793054,0.2900046926325669
0.248711943793911,0.2791569086651054,0.18266978922716628,0.2894613583138173
0.2536470588235294,0.27905882352941175,0.18023529411764705,0.28705882352941176
0.252835538752363,0.27551984877126656,0.18525519848771266,0.28638941398865786
0.25469924812030076,0.274906015037594,0.18468045112781956,0.2857142857142857
0.251661918328585,0.26875593542260207,0.18803418803418803,0.29154795821462487
0.2591721542803387,0.2634054562558796,0.18203198494825965,0.2953904045155221
0.25858015984955335,0.2623413258110014,0.17959567465914433,0.29948283968030087
0.2581093605189991,0.2622798887859129,0.1793327154772938,0.3002780352177943
0.26074633915918755,0.25507794048181387,0.18516769012753898,0.2990080302314596
0.26180257510729615,0.2565569861707201,0.18168812589413447,0.2999523128278493
0.2685660906118636,0.26202709014479214,0.18122372723026622,0.288183092013078
0.26449787835926447,0.2668552569542669,0.181989627534182,0.28665723715228664
0.2558795860771402,0.2685794920037629,0.18297271872060206,0.2925682031984948
0.2621176470588235,0.2644705882352941,0.18258823529411763,0.2908235294117647
0.26579316799251285,0.258306036499766,0.185774450163781,0.2901263453439401
0.26433566433566436,0.26433566433566436,0.1836829836829837,0.28764568764568765
0.26107445805843543,0.2681432610744581,0.18190386427898209,0.2888784165881244
0.25864519185220275,0.26859308384651825,0.17621980104216012,0.2965419232591189
0.2596606974552309,0.27191328934967013,0.176248821866164,0.292177191328935
0.25976470588235295,0.272,0.1703529411764706,0.2978823529411765
0.2588069516204791,0.26585251291686235,0.17426021606387976,0.3010803193987788
0.25716972261401033,0.26657263751763044,0.1772449459332393,0.29901269393511987
0.2576112412177986,0.26323185011709604,0.1765807962529274,0.30257611241217797
