R,A,S,N
0.0,1.0,0.0,0.0
0.0,0.5,0.5,0.0
0.0,0.3333333333333333,0.3333333333333333,0.3333333333333333
0.0,0.2,0.4,0.4
0.0,0.26666666666666666,0.4,0.3333333333333333
0.0,0.34615384615384615,0.2692307692307692,0.38461538461538464
0.023809523809523808,0.38095238095238093,0.2619047619047619,0.3333333333333333
0.03389830508474576,0.3898305084745763,0.1864406779661017,0.3898305084745763
0.023255813953488372,0.4186046511627907,0.16279069767441862,0.3953488372093023
0.05,0.425,0.15833333333333333,0.36666666666666664
0.049689440993788817,0.42857142857142855,0.16149068322981366,0.36024844720496896
0.0593607305936073,0.4292237442922374,0.1552511415525114,0.3561643835616438
0.06405693950177936,0.4377224199288256,0.1494661921708185,0.3487544483985765
0.07605633802816901,0.4535211267605634,0.13802816901408452,0.3323943661971831
0.07918552036199095,0.4434389140271493,0.13800904977375567,0.3393665158371041
0.09398496240601503,0.44548872180451127,0.13345864661654136,0.32706766917293234
0.10426540284360189,0.4518167456556082,0.12322274881516587,0.320695102685624
0.11605937921727395,0.4318488529014845,0.12280701754385964,0.3292847503373819
0.11353211009174312,0.4334862385321101,0.12729357798165136,0.3256880733944954
0.1171259842519685,0.41633858267716534,0.11811023622047244,0.3484251968503937
0.10862068965517241,0.4163793103448276,0.11896551724137931,0.3560344827586207
0.11016291698991466,0.41039565554693563,0.11249030256012413,0.3669511249030256
0.11103253182461104,0.4101838755304102,0.11244695898161244,0.36633663366336633
0.1071663379355687,0.4076265614727153,0.10848126232741617,0.3767258382642998
0.10709987966305656,0.4001203369434416,0.10108303249097472,0.3916967509025271
0.10923423423423423,0.3997747747747748,0.09234234234234234,0.39864864864864863
0.09962706446457112,0.40277037826318596,0.09163558870538092,0.40596696856686204
0.10426065162907268,0.3954887218045113,0.09273182957393483,0.4075187969924812
0.10241545893719807,0.3961352657004831,0.08888888888888889,0.41256038647342996
0.10717614165890028,0.39422180801491147,0.08201304753028892,0.41658900279589933
0.1082427536231884,0.3999094202898551,0.08152173913043478,0.41032608695652173
0.11324977618621307,0.39883616830796775,0.0774395702775291,0.41047448522829005
0.11502452073116362,0.39411502452073116,0.08203299152920196,0.40882746321890323
0.11378848728246319,0.3958054439982151,0.07942882641677822,0.4109772423025435
0.11361626878868258,0.3974358974358974,0.07957559681697612,0.4093722369584439
0.11652636242800177,0.39299955693398314,0.08108108108108109,0.409392999556934
0.11775043936731107,0.3936731107205624,0.0804042179261863,0.40817223198594027
0.11803713527851459,0.39036251105216624,0.08090185676392574,0.41069849690539345
0.12008830022075055,0.3858719646799117,0.0781456953642384,0.41589403973509936
0.12042346713718571,0.3877370974856639,0.07984119982355536,0.41199823555359505
0.1225834797891037,0.3927943760984183,0.07776801405975395,0.4068541300527241
0.12200435729847495,0.3904139433551198,0.07712418300653595,0.41045751633986927
0.12037037037037036,0.3959435626102293,0.07583774250440917,0.4078483245149912
0.1195748449955713,0.39769707705934454,0.07395925597874226,0.4087688219663419
0.12141280353200883,0.39602649006622515,0.0772626931567329,0.4052980132450331
0.11919368974583698,0.39658194566170024,0.07712532865907099,0.40709903593339175
0.1196467991169978,0.3938189845474614,0.07991169977924945,0.4066225165562914
0.11633011413520632,0.39727831431079896,0.0781387181738367,0.40825285338015804
0.12175824175824176,0.3934065934065934,0.07692307692307693,0.40791208791208794
0.1196808510638298,0.3958333333333333,0.07934397163120567,0.4051418439716312
0.12450851900393185,0.3857579729139362,0.0799475753604194,0.40978593272171254
0.12604303908651734,0.38559508124725517,0.07597716293368467,0.41238471673254284
0.1297676457693994,0.38842612889083733,0.07803594914511179,0.40377027619465145
0.13087395696091347,0.38559508124725517,0.07905138339920949,0.4044795783926219
0.13542126157917952,0.3890604322893692,0.07631230701367446,0.3992059991177768
0.1374113475177305,0.38475177304964536,0.07712765957446809,0.40070921985815605
0.13898756660746003,0.38410301953818826,0.07859680284191829,0.39831261101243337
0.13903508771929823,0.3925438596491228,0.07631578947368421,0.39210526315789473
0.14000886132033674,0.38635356668143556,0.07753655294638902,0.3961010190518387
0.1416630004399472,0.3836339639243291,0.0774307083150022,0.39727232732072154
0.13630348478164975,0.3877370974856639,0.07587119541243935,0.40008822232024704
0.13820775746767722,0.38698172090949623,0.07356219349086046,0.4012483281319661
0.14329942503317117,0.37638213180008845,0.07563025210084033,0.40468819106590004
0.1426654740608229,0.37790697674418605,0.07468694096601074,0.40474060822898034
0.14462081128747795,0.3800705467372134,0.0736331569664903,0.40167548500881833
0.14929328621908128,0.3825088339222615,0.07243816254416961,0.3957597173144876
0.14725274725274726,0.38505494505494503,0.07252747252747253,0.39516483516483514
0.15102575294631165,0.38018332605848976,0.07376691401134876,0.3950240069838499
0.14814814814814814,0.38139329805996475,0.07539682539682539,0.3950617283950617
0.15172715347616966,0.3839090511587232,0.07170966331438566,0.39265413205072147
0.15745614035087718,0.38026315789473686,0.07280701754385965,0.3894736842105263
0.15875109938434476,0.38214599824098505,0.07475813544415127,0.3843447669305189
0.16079295154185022,0.3828193832599119,0.07400881057268723,0.38237885462555066
0.16282165039929014,0.38553682342502216,0.0740905057675244,0.37755102040816324
0.16585365853658537,0.3827050997782705,0.07317073170731707,0.3782705099778271
0.1644678979771328,0.38830255057167984,0.0712401055408971,0.3759894459102902
0.1677762982689747,0.3883710608078118,0.07101642254771416,0.37283621837549935
0.1612190812720848,0.3909010600706714,0.0706713780918728,0.37720848056537104
0.16265850459116746,0.38871884564932224,0.07258417140358549,0.3760384783559248
0.1651335961454227,0.39202803328953134,0.07533946561541831,0.36749890494962767
0.16213847502191062,0.3939526730937774,0.07800175284837861,0.3659070990359334
0.16454025516937967,0.3893532776066872,0.07875054993400792,0.3673559172899252
0.16821602478972997,0.38556883576803896,0.08100929614873838,0.3652058432934927
0.16747040771591407,0.38974134151687856,0.0775975449364314,0.36519070583077595
0.1625441696113074,0.3962014134275618,0.07464664310954064,0.3666077738515901
0.16652059596844873,0.3908851884312007,0.07230499561787905,0.3702892199824715
0.1627701808557565,0.3917071018967799,0.0776356418173798,0.3678870754300838
0.16725507502206532,0.38923212709620475,0.07722859664607237,0.3662842012356575
0.16070640176600443,0.39249448123620306,0.07858719646799117,0.36821192052980134
0.16234051913770348,0.38759348878134625,0.0774307083150022,0.37263528376594807
0.15945229681978798,0.38825088339222613,0.07906360424028269,0.37323321554770317
0.16519823788546256,0.3881057268722467,0.07577092511013216,0.37092511013215856
0.16564952048823017,0.3901482127288579,0.07323452484742807,0.3709677419354839
0.16784452296819788,0.3833922261484099,0.07553003533568904,0.37323321554770317
0.17004405286343613,0.3841409691629956,0.07268722466960352,0.37312775330396475
0.17156647652479157,0.3821851689337429,0.07064501974550241,0.37560333479596314
0.1694468832309043,0.37928007023705007,0.06935908691834942,0.38191395961369623
0.16733067729083664,0.3767153607791058,0.07215582115980522,0.3837981407702523
0.16718266253869968,0.3803626713843432,0.06634232640424591,0.3861123396727112
0.17209507042253522,0.3842429577464789,0.06338028169014084,0.38028169014084506
0.17543084401237297,0.37560760053026954,0.06937693327441449,0.379584622182943
0.18173797970886635,0.36965152183502425,0.06969563299514778,0.37891486546096165
0.18794642857142857,0.378125,0.06651785714285714,0.3674107142857143
0.18826619964973731,0.36777583187390545,0.07092819614711034,0.37302977232924694
0.19251101321585903,0.3682819383259912,0.06563876651982378,0.373568281938326
0.19334811529933482,0.3631929046563193,0.06740576496674058,0.3760532150776053
0.19533655961284646,0.3655961284645842,0.06423229212494501,0.3748350197976243
0.20203359858532272,0.35853227232537577,0.060123784261715295,0.3793103448275862
0.20245937637241984,0.35529205094422484,0.06104523495827844,0.38120333772507686
0.20778072502210435,0.3541114058355438,0.0614500442086649,0.376657824933687
0.20996912218791355,0.36082928981032203,0.0564622849580944,0.37273930304367003
0.21153846153846154,0.3631993006993007,0.05638111888111888,0.3688811188811189
0.21036315323294952,0.36093888396811336,0.05580159433126661,0.3728963684676705
0.21412900394910048,0.35498025449758663,0.05748135146994296,0.3734093900833699
0.2139991083370486,0.3553276861346411,0.05751226036558181,0.37316094516272846
0.214316892186818,0.3579223046704496,0.06154517677869926,0.36621562636403315
0.21742996887505558,0.3597154290795909,0.0609159626500667,0.3619386393952868
0.21387790953008345,0.3645147123407993,0.06411945542380325,0.357487922705314
0.21631205673758866,0.3608156028368794,0.06338652482269504,0.3594858156028369
0.2137809187279152,0.3621908127208481,0.06669611307420495,0.3573321554770318
0.213743864346274,0.3605533244087461,0.07050423917893797,0.35519857206604194
0.20964912280701756,0.3618421052631579,0.06754385964912281,0.36096491228070177
0.20679012345679013,0.36067019400352734,0.06966490299823633,0.3628747795414462
0.2108274647887324,0.3591549295774648,0.06910211267605634,0.3609154929577465
0.21096491228070174,0.3539473684210526,0.0662280701754386,0.368859649122807
0.21169176262178918,0.3534100974313552,0.06554472984942426,0.36935341009743133
0.2173721340388007,0.3492063492063492,0.06790123456790123,0.3655202821869489
0.21415929203539824,0.35398230088495575,0.06415929203539823,0.3676991150442478
0.21371681415929203,0.3508849557522124,0.061946902654867256,0.3734513274336283
0.21220159151193635,0.347922192749779,0.06542882404951371,0.374447391688771
0.21518987341772153,0.34526407682234833,0.06198166739415103,0.37756438236577916
0.21507760532150777,0.3490022172949002,0.05898004434589801,0.376940133037694
0.21802197802197804,0.34813186813186814,0.05846153846153846,0.37538461538461537
0.2166885102664919,0.35255570117955437,0.0581039755351682,0.37265181301878547
0.21176470588235294,0.3485838779956427,0.0579520697167756,0.38169934640522873
0.21695212999560826,0.3407992973210365,0.052700922266139656,0.3895476504172156
0.21349801499779444,0.3431848257609175,0.050727834142037936,0.3925893250992501
0.2172202797202797,0.34309440559440557,0.05113636363636364,0.38854895104895104
0.2265315116791538,0.33318642573821067,0.05332745702952843,0.3869546055531071
0.2233902759526938,0.33377135348226017,0.05475251861585633,0.38808585194918965
0.21979938944614041,0.33362407326646315,0.05756650675970344,0.38901003052769295
0.225,0.3263157894736842,0.05570175438596491,0.3929824561403509
0.22466960352422907,0.32422907488986785,0.05638766519823789,0.3947136563876652
0.22364924712134632,0.3246235606731621,0.05491585473870682,0.39681133746678476
0.22300572939620977,0.3314235345967387,0.054649625385632436,0.39092111062141915
0.2169853268119164,0.3445975989328591,0.05380168963983993,0.38461538461538464
0.21656333038086803,0.3410097431355182,0.054030115146147036,0.3883968113374668
0.20912715994683206,0.33761630482941957,0.05449712007089056,0.3987594151528578
0.2119876597620097,0.33979726751873074,0.052886734244160426,0.3953283384750992
0.21253286590709902,0.3343558282208589,0.05390008764241893,0.39921121822962313
0.20987654320987653,0.33377425044091713,0.053791887125220456,0.4025573192239859
0.2067286409915892,0.3368747233289066,0.05267817618415228,0.4037184594953519
0.21160558464223386,0.331151832460733,0.051919720767888304,0.40532286212914487
0.21316477768090672,0.33478639930252835,0.05231037489102005,0.3997384481255449
0.21785240830755634,0.3367211665930181,0.052585064074237735,0.3928413610251878
0.21347331583552057,0.3442694663167104,0.0542432195975503,0.3880139982502187
0.21289752650176677,0.3401060070671378,0.053886925795053005,0.3931095406360424
0.21672504378283713,0.3340630472854641,0.053415061295971976,0.3957968476357268
0.21829429960229785,0.3384887317719841,0.05125939019001326,0.39195757843570483
0.2201062887511072,0.3330380868024801,0.04738706820194863,0.39946855624446415
0.21810154525386313,0.3337748344370861,0.04944812362030905,0.39867549668874175
0.21896853146853146,0.3317307692307692,0.050699300699300696,0.3986013986013986
0.21868179834133566,0.33129637712789173,0.05194238323876037,0.3980794412920122
0.2178919397697077,0.3255093002657219,0.05225863596102746,0.40434012400354297
0.21212121212121213,0.32323232323232326,0.054457619675010976,0.4101888449714537
0.21819787985865724,0.31890459363957596,0.05565371024734982,0.40724381625441697
0.21760283060592658,0.3219814241486068,0.055285272003538256,0.40513047324192836
0.21731448763250882,0.32420494699646646,0.05697879858657244,0.4015017667844523
0.21469173589855706,0.32487975513773504,0.057280279842588544,0.40314822912111936
0.21576398062527521,0.32012329370321446,0.06120651695288419,0.40290620871862615
0.21956617972554227,0.31208499335989376,0.05887560867640549,0.40947321823815847
0.21441202475685234,0.3156498673740053,0.0658709106984969,0.40406719717064543
0.21763931548924967,0.31592803861342694,0.06230802983764809,0.4041246160596753
0.21190581963571745,0.32207907596623725,0.059973345179920035,0.4060417592181253
0.20595968448729185,0.3220858895705521,0.05915863277826468,0.4127957931638913
0.207688908528502,0.3230225364560318,0.058329650905877155,0.410958904109589
0.2092414995640802,0.3225806451612903,0.05448997384481256,0.41368788142981694
0.21535745807590467,0.3212709620476611,0.05516328331862312,0.4082082965578111
0.2149161518093557,0.32391879964695497,0.057811120917917035,0.40335392762577227
0.21733391992960846,0.32028156621205456,0.05675318961724593,0.40563132424109105
0.22076788830715532,0.3241710296684119,0.05759162303664921,0.3974694589877836
0.22192866578599735,0.32188463232056364,0.054601497137824744,0.40158520475561427
0.22025652366209642,0.3206545776205219,0.059708093763821316,0.3993808049535604
0.22498907820008737,0.3237221494102228,0.062035823503713415,0.3892529488859764
0.22807017543859648,0.3201754385964912,0.06271929824561404,0.38903508771929823
0.22797018851380974,0.3261727312582201,0.05962297238053485,0.38623410784743534
0.23171806167400882,0.3246696035242291,0.05859030837004405,0.38502202643171807
0.2318840579710145,0.3285024154589372,0.058410188844971456,0.38120333772507686
0.22707231040564374,0.33112874779541446,0.059082892416225746,0.38271604938271603
0.22671353251318102,0.3268892794376098,0.059314586994727594,0.38708260105448156
0.22765301629238222,0.3232056362835755,0.059445178335535004,0.38969616908850724
0.22729267222465993,0.3247038174637999,0.06230802983764809,0.38569548047389207
0.23266022827041263,0.31957857769973663,0.06189640035118525,0.3858647936786655
0.2295873573309921,0.3165057067603161,0.06540825285338016,0.38849868305531166
0.22699386503067484,0.3098159509202454,0.06485539000876424,0.3983347940403155
0.23231441048034934,0.30043668122270745,0.06593886462882097,0.4013100436681223
0.23342175066312998,0.29708222811671087,0.0645446507515473,0.40495137046861185
0.23888639425235744,0.29501571621014816,0.061068702290076333,0.40502918724741804
0.24028268551236748,0.29858657243816256,0.06007067137809187,0.4010600706713781
0.24447391688771,0.29664014146772766,0.06321839080459771,0.39566755083996463
0.24473684210526317,0.29254385964912283,0.058333333333333334,0.4043859649122807
0.2508818342151676,0.2940917107583774,0.05246913580246913,0.4025573192239859
0.254458460200087,0.2866463679860809,0.05132666376685516,0.407568508046977
0.25736911570611526,0.2881654201495821,0.051473823141223056,0.4029916410030796
0.25663716814159293,0.28584070796460176,0.05088495575221239,0.4066371681415929
0.2541630148992112,0.2813321647677476,0.05214723926380368,0.41235758106923753
0.25636523266022826,0.276558384547849,0.051360842844600525,0.4157155399473222
0.2589676290463692,0.2777777777777778,0.05074365704286964,0.4125109361329834
0.25959860383944156,0.27705061082024435,0.053228621291448515,0.41012216404886565
0.25903083700440527,0.27973568281938327,0.05286343612334802,0.4083700440528634
0.25675077467906154,0.2731297034085879,0.05223550243470562,0.417884019477645
0.24813678211310827,0.27970188513809735,0.05085488820692679,0.4213064445418676
0.25177304964539005,0.2841312056737589,0.04920212765957447,0.4148936170212766
0.2491150442477876,0.2845132743362832,0.05265486725663717,0.413716814159292
0.24978089395267308,0.28790534618755476,0.05565293602103418,0.406660823838738
0.25011047282368537,0.28590366769774633,0.05391073795846222,0.41007512152010606
0.2467877713779353,0.2875498449268941,0.057155516171909615,0.408506867523261
0.24814004376367615,0.2862144420131291,0.052078774617067836,0.4135667396061269
0.25077399380804954,0.28217602830605926,0.053516143299425036,0.41353383458646614
0.2484472049689441,0.2777284826974268,0.05678793256433008,0.417036379769299
0.24891020052310375,0.2728857890148213,0.05666957279860506,0.42153443766346993
0.2549889135254989,0.2749445676274945,0.0541019955654102,0.41596452328159644
0.2506573181419807,0.2791411042944785,0.05521472392638037,0.41498685363716037
0.24944812362030905,0.2803532008830022,0.053863134657836646,0.4163355408388521
0.25384277558190604,0.27448397013614406,0.052700922266139656,0.4189723320158103
0.25403753819292885,0.2697512003491925,0.04975993016150153,0.42645133129637713
0.2560069899519441,0.2691131498470948,0.04849279161205767,0.42638706858890346
0.2574082264484741,0.26846528084918175,0.0508624502432552,0.4232640424590889
0.2582781456953642,0.27417218543046357,0.052980132450331126,0.41456953642384103
0.256092157731502,0.2662826761187417,0.05361098803721755,0.4240141781125388
0.25650066108417807,0.2657558395769061,0.05376817981489643,0.4239753195240194
0.2569048662867163,0.2634809294169224,0.05436212187637001,0.42525208241999124
0.26124945391000437,0.25731760594145914,0.05679335954565312,0.42463958060288337
0.2655637788419678,0.260339573356552,0.05920766216804527,0.4148889856334349
0.26590609916630104,0.2566915313734094,0.05923650724001755,0.418165862220272
0.26254997778764994,0.2585517547756553,0.05730786317192359,0.42159040426477123
0.26643295354951796,0.2572304995617879,0.054776511831726556,0.4215600350569676
0.2635522256500661,0.2622300572939621,0.05244601145879242,0.42177170559717936
0.26790450928381965,0.2630415561450044,0.05305039787798409,0.41600353669319184
0.27099911582670205,0.26436781609195403,0.05526083112290009,0.4093722369584439
0.2749003984063745,0.2673749446657813,0.056219566179725546,0.40150509074811863
0.27113447218572057,0.26412614980289095,0.05606657906263688,0.40867279894875164
0.2703768624014023,0.2642418930762489,0.057843996494303246,0.4075372480280456
0.2730465320456541,0.2660228270412643,0.05706760316066725,0.4038630377524144
0.27695004382120947,0.2677475898334794,0.058720420683610865,0.39658194566170024
0.279842588543944,0.2658504591167468,0.05902929602098819,0.39527765631832096
0.2803738317757009,0.2719181130396084,0.059635068980863376,0.38807298620382735
0.2824258521469677,0.26914563966356797,0.05843293492695883,0.38999557326250556
0.27998236331569665,0.2707231040564374,0.05952380952380952,0.3897707231040564
0.2812083518436251,0.2696579298089738,0.06086183918258552,0.38827187916481565
0.2845918812745526,0.26407682234831953,0.06198166739415103,0.38934962898297687
0.28116710875331563,0.2608311229000884,0.06321839080459771,0.3947833775419982
0.27947019867549666,0.26136865342163357,0.0640176600441501,0.39514348785871967
0.28577817531305905,0.25983899821109124,0.06350626118067978,0.39087656529516995
0.29305799648506153,0.2513181019332162,0.06546572934973638,0.39015817223198596
0.2906772207563764,0.24626209322779244,0.07036059806508356,0.39270008795074757
0.29483814523184604,0.23753280839895013,0.0699912510936133,0.39763779527559057
0.28857269897732324,0.2383281458425967,0.07381058248110271,0.39928857269897733
0.29893711248892824,0.23870682019486272,0.06908768821966342,0.3932683790965456
0.30472854640980734,0.23905429071803852,0.06742556917688267,0.38879159369527144
0.29876977152899825,0.2359402460456942,0.07205623901581722,0.39323374340949035
0.2970950704225352,0.23899647887323944,0.07130281690140845,0.3926056338028169
0.3024390243902439,0.22971175166297117,0.07450110864745012,0.39334811529933483
0.31023830538393643,0.235657546337158,0.0706090026478376,0.38349514563106796
0.308296943231441,0.2336244541484716,0.06724890829694323,0.39082969432314413
0.3161862527716186,0.2221729490022173,0.06607538802660753,0.39556541019955654
0.3209549071618037,0.21794871794871795,0.06675508399646331,0.394341290893015
0.3233743409490334,0.22363796133567662,0.06634446397188049,0.3866432337434095
0.32908051033875935,0.225692916849978,0.06819181698196217,0.37703475582930046
0.33201581027667987,0.2231005709266579,0.06543697848045674,0.3794466403162055
0.33612334801762117,0.22422907488986785,0.06696035242290749,0.3726872246696035
0.33992094861660077,0.22529644268774704,0.06543697848045674,0.36934563021519545
0.3367032967032967,0.2254945054945055,0.06681318681318682,0.370989010989011
0.33964757709251103,0.22555066079295155,0.06651982378854626,0.3682819383259912
0.34384581690757776,0.22120017520805957,0.06701708278580815,0.3679369250985545
0.3495575221238938,0.22035398230088496,0.0668141592920354,0.36327433628318584
0.35327760668719754,0.2190937087549494,0.06159260888693357,0.3660360756709195
0.3603167619885614,0.21777386713594368,0.06247250329960405,0.3594368675758909
0.36150442477876105,0.21460176991150443,0.06460176991150443,0.35929203539823007
0.3569553805774278,0.21653543307086615,0.06561679790026247,0.36089238845144356
0.36315557514323493,0.2119876597620097,0.06302335830762451,0.3618334067871309
0.3588957055214724,0.21209465381244522,0.06617002629272568,0.3628396143733567
0.3600525624178712,0.20981165133596144,0.06351292159439334,0.36662286465177396
0.36427320490367776,0.2105954465849387,0.06042031523642732,0.36471103327495624
0.37346760070052537,0.202276707530648,0.06129597197898424,0.36295971978984237
0.3695364238410596,0.20176600441501102,0.06181015452538632,0.36688741721854307
0.375609756097561,0.2031042128603104,0.06341463414634146,0.3578713968957871
0.3748894783377542,0.20247568523430592,0.0627763041556145,0.3598585322723254
0.3742844561867019,0.20079260237780713,0.06120651695288419,0.36371642448260677
0.37730870712401055,0.20360598065083554,0.05980650835532102,0.3592788038698329
0.3726953467954346,0.19754170324846357,0.05750658472344162,0.3722563652326602
0.37280701754385964,0.19473684210526315,0.05482456140350877,0.37763157894736843
0.3675176056338028,0.19454225352112675,0.05369718309859155,0.3842429577464789
0.3708462560921577,0.19361984935755427,0.052724856003544526,0.3828090385467435
0.36675461741424803,0.19832893579595426,0.0505716798592788,0.3843447669305189
0.3681462140992167,0.20060922541340295,0.05308964316797215,0.3781549173194082
0.3691834942932397,0.19534679543459174,0.05311676909569798,0.38235294117647056
0.3712418300653595,0.19389978213507625,0.05228758169934641,0.3825708061002179
0.3694127957931639,0.19675723049956179,0.051709027169149865,0.38212094653812445
0.37533039647577093,0.19559471365638767,0.04977973568281938,0.379295154185022
0.3765541740674956,0.1989342806394316,0.05106571936056838,0.3734458259325044
0.3802197802197802,0.1956043956043956,0.04835164835164835,0.3758241758241758
0.3732456140350877,0.1956140350877193,0.04868421052631579,0.3824561403508772
0.372843874391862,0.19416187527642637,0.05218929677134011,0.38080495356037153
0.3651635720601238,0.1971706454465075,0.052608311229000886,0.3850574712643678
0.3649890590809628,0.19212253829321663,0.05645514223194748,0.3864332603938731
0.36010709504685406,0.19678714859437751,0.052655064703257475,0.39045069165551094
0.36198493575542756,0.19716437749224636,0.048294195835179445,0.39255649091714667
0.36033643204957944,0.2014165559982293,0.05267817618415228,0.38556883576803896
0.35513608428446003,0.2032484635645303,0.056189640035118525,0.3854258121158911
0.34773123909249565,0.20680628272251309,0.05759162303664921,0.3878708551483421
0.34354194407456723,0.20639147802929428,0.05814469596094097,0.3919218819351975
0.3455978975032852,0.20367936925098554,0.05913272010512484,0.3915900131406045
0.3358307624504187,0.20978404583516969,0.05641251652710445,0.39797267518730717
0.3418054338299737,0.20902716914986855,0.058720420683610865,0.3904469763365469
0.34251443802754333,0.2079075966237228,0.05952909817858729,0.3900488671701466
0.34463028169014087,0.2055457746478873,0.05985915492957746,0.3899647887323944
0.33816425120772947,0.204655248133509,0.06587615283267458,0.391304347826087
0.34373626373626376,0.2043956043956044,0.06769230769230769,0.3841758241758242
0.3420008814455707,0.20493609519612163,0.06698986337593654,0.3860731599823711
0.3429973238180196,0.21008028545941124,0.060660124888492414,0.3862622658340767
0.34630520332313075,0.20682116309575863,0.06077831219938785,0.38609532138172276
0.3488681757656458,0.20372836218375498,0.05992010652463382,0.38748335552596536
0.35193321616871703,0.2100175746924429,0.059314586994727594,0.37873462214411246
0.35625,0.20848214285714287,0.060267857142857144,0.375
0.35814360770577935,0.2097197898423818,0.06085814360770578,0.3712784588441331
0.363031914893617,0.20700354609929078,0.06161347517730496,0.3683510638297872
0.3653591890700749,0.20273248126928162,0.06522697223446453,0.3666813574261789
0.3662842012356575,0.20388349514563106,0.06310679611650485,0.3667255075022065
0.36644591611479027,0.20397350993377483,0.06181015452538632,0.36777041942604854
0.3621837549933422,0.20505992010652463,0.05903240124278739,0.37372392365734575
0.37273930304367003,0.20202911336568152,0.05778561976179974,0.3674459638288487
0.3755516328331862,0.20255957634598412,0.05648720211827008,0.36540158870255957
0.3888888888888889,0.20238095238095238,0.053791887125220456,0.3549382716049383
0.37964601769911505,0.2079646017699115,0.05132743362831858,0.36106194690265486
0.3762681958535509,0.20599911777679752,0.054256726951918834,0.3634759594177327
0.3759299781181619,0.20525164113785557,0.05689277899343545,0.36192560175054705
0.3839718185821224,0.20343461030383092,0.05812417437252312,0.35446939674152356
0.3737991266375546,0.20436681222707423,0.062445414847161575,0.3593886462882096
0.37746602367382726,0.2104340201665936,0.06006137658921526,0.3520385795703639
0.37434094903339193,0.21221441124780316,0.05975395430579965,0.35369068541300525
0.37220517316966245,0.21131082858395442,0.06049978079789566,0.3559842174484875
0.3643581826202029,0.21879135421261578,0.0599911777679753,0.35685928539920597
0.37285902503293805,0.20860781730346947,0.06455862977602109,0.3539745278875714
0.37037037037037035,0.21208112874779542,0.06393298059964726,0.35361552028218696
0.37059859154929575,0.21390845070422534,0.06470070422535211,0.35079225352112675
0.3757655293088364,0.21128608923884515,0.06692913385826772,0.3460192475940507
0.3706140350877193,0.21052631578947367,0.06666666666666667,0.35219298245614034
0.3712522045855379,0.2156084656084656,0.06261022927689594,0.3505291005291005
0.3719806763285024,0.2116820377689943,0.05884936319718929,0.357487922705314
0.36786188579017265,0.20938468348826914,0.0619743249225321,0.3607791057990261
0.36775043936731105,0.21309314586994726,0.06019332161687171,0.35896309314586994
0.371677559912854,0.20958605664488017,0.06100217864923747,0.3577342047930283
0.3663716814159292,0.2163716814159292,0.06017699115044248,0.3570796460176991
0.36753648827952234,0.22025652366209642,0.06015037593984962,0.3520566121185316
0.3695170580416482,0.22153300841825432,0.06335844040762073,0.3455914931324767
0.37247141600703604,0.22075637642919965,0.06420404573438875,0.34256816182937555
0.37439293598233997,0.22119205298013245,0.0640176600441501,0.3403973509933775
0.3827540695116586,0.21557413110426749,0.06599208095028597,0.33567971843378797
0.37587719298245614,0.21973684210526315,0.06885964912280702,0.3355263157894737
0.37600716204118173,0.21844225604297224,0.0684870188003581,0.3370635631154879
0.3719485130936529,0.22237017310252996,0.06746560142032845,0.3382157123834887
0.37305469097376615,0.2254335260115607,0.06669630947087594,0.33481547354379726
0.3691363437088996,0.23366944322665498,0.0657606313020605,0.3314335817623849
0.3746678476527901,0.2325066430469442,0.06643046944198405,0.32639503985828167
0.37738301559792026,0.23006932409012132,0.0658578856152513,0.3266897746967071
0.37570991699432066,0.23722149410222804,0.06596767147225863,0.3211009174311927
0.3747247908410392,0.23866138265081463,0.06428885953324527,0.32232496697490093
0.3789198606271777,0.23693379790940766,0.06489547038327526,0.3192508710801394
0.3763111888111888,0.23601398601398602,0.06774475524475525,0.31993006993006995
0.36959370904325034,0.24071647007426825,0.06771515945827872,0.3219746614242027
0.37829525483304044,0.2390158172231986,0.06766256590509666,0.3150263620386643
0.3763969602145731,0.23871256146624945,0.06884219937416182,0.31604827894501564
0.376,0.2391111111111111,0.06622222222222222,0.31866666666666665
0.37715803452855245,0.23683045595396193,0.06595838866755202,0.3200531208499336
0.38304482911673327,0.23834886817576564,0.06613404349755882,0.3124722592099423
0.3807860262008734,0.2445414847161572,0.05982532751091703,0.3148471615720524
0.38421052631578945,0.24078947368421053,0.05964912280701754,0.31535087719298244
0.3902012248468941,0.23928258967629046,0.05818022747156605,0.3123359580052493
0.39520426287744226,0.24023090586145648,0.05728241563055062,0.30728241563055064
0.3970201577563541,0.23838737949167396,0.056091148115687994,0.30850131463628394
0.4008830022075055,0.23576158940397351,0.053863134657836646,0.30949227373068433
0.39312472454825914,0.24107536359629794,0.055531070956368445,0.31026884089907447
0.39391265990295543,0.24261138067931187,0.0529333921482135,0.3105425672695192
0.40625,0.23459507042253522,0.051056338028169015,0.30809859154929575
0.3985828166519043,0.23472099202834368,0.049601417183348095,0.3170947741364039
0.39752650176678445,0.2314487632508834,0.05079505300353357,0.3202296819787986
0.410761154855643,0.22353455818022747,0.048993875765529306,0.31671041119860016
0.4090505767524401,0.22715173025732033,0.048802129547471165,0.3149955634427684
0.4060980998674326,0.22934158197083518,0.05081749889527176,0.31374281926646047
0.400352733686067,0.2244268077601411,0.05291005291005291,0.322310405643739
0.4076822348319511,0.22697512003491924,0.05237887385421213,0.3129637712789175
0.4029126213592233,0.2228596646072374,0.05163283318623124,0.32259488084730803
0.40544098288723124,0.2242211496270294,0.04914436156208864,0.3211935059236507
0.4018364669873196,0.2229995627459554,0.050284215128989944,0.32487975513773504
0.4007060900264784,0.22550750220653135,0.04854368932038835,0.32524271844660196
0.4058614564831261,0.21847246891651864,0.04706927175843695,0.3285968028419183
0.40855002203613927,0.21992066989863376,0.050683120317320404,0.3208461877479066
0.40846934274371416,0.22011468901632114,0.048963387737097484,0.32245258050286724
0.4056437389770723,0.21869488536155202,0.051587301587301584,0.32407407407407407
0.4055360281195079,0.22715289982425307,0.05008787346221441,0.3172231985940246
0.4144824522434474,0.22567747667703242,0.0519768991559307,0.30786317192358953
0.4097070397901181,0.23130738959335373,0.055094009619588984,0.3038915609969392
0.40598855129898725,0.23381770145310435,0.05063848524878908,0.3095552619991193
0.41323400525854515,0.2291849255039439,0.05258545135845749,0.30499561787905344
0.41552712836347594,0.2192324658138509,0.05337450374944861,0.3118659020732245
0.4130530004380201,0.22295225580376699,0.052562417871222074,0.3114323258869908
0.41199823555359505,0.22143802382002647,0.050727834142037936,0.3158359064843405
0.40495137046861185,0.22590627763041557,0.04774535809018567,0.3213969938107869
0.4084136722173532,0.2283085013146363,0.04951796669588081,0.3137598597721297
0.40209332751853466,0.22939380723942435,0.051897078063672046,0.31661578717836897
0.4042365401588703,0.22859664607237423,0.04854368932038835,0.31862312444836716
0.4146341463414634,0.22660753880266074,0.049223946784922396,0.3095343680709534
0.4246880570409982,0.22281639928698752,0.049910873440285206,0.3025846702317291
0.42268944371441086,0.22295225580376699,0.05168637757336837,0.3026719229084538
0.4149956408020924,0.22711421098517873,0.05187445510026155,0.3060156931124673
0.41469933184855234,0.22405345211581293,0.055233853006681516,0.3060133630289532
0.4192835028748341,0.22777532065457762,0.053516143299425036,0.2994250331711632
0.41228070175438597,0.22587719298245615,0.054385964912280704,0.3074561403508772
0.4151705565529623,0.21947935368043087,0.059245960502693,0.30610412926391384
0.42082239720035,0.2152230971128609,0.05599300087489064,0.3079615048118985
0.4199556541019956,0.21507760532150777,0.05454545454545454,0.31042128603104213
0.41085613415710504,0.22153574580759047,0.054280670785525155,0.31332744924977934
0.41271929824561404,0.2179824561403509,0.05087719298245614,0.31842105263157894
0.40429259745948315,0.22163819535698642,0.05081033727551467,0.3232588699080158
0.40825285338015804,0.21992976294995611,0.050921861281826165,0.3208955223880597
0.4067131647776809,0.22144725370531823,0.05231037489102005,0.31952920662598083
0.40509666080843587,0.22231985940246046,0.0492091388400703,0.3233743409490334
0.4096119929453263,0.2204585537918871,0.048500881834215165,0.32142857142857145
0.41048422923145267,0.21812527765437584,0.04886717014660151,0.32252332296756997
0.41160949868073876,0.22119613016710643,0.052330694810905895,0.3148636763412489
0.40713028169014087,0.22359154929577466,0.05369718309859155,0.31558098591549294
0.4169951817783618,0.22076215505913271,0.05168637757336837,0.3105562855891371
0.4130530004380201,0.22382829610162067,0.052562417871222074,0.3105562855891371
0.41020052310374894,0.2262423714036617,0.05318221447253706,0.31037489102005233
0.40816326530612246,0.21827861579414373,0.05634427684117125,0.31721384205856257
0.4161191414805081,0.2120017520805957,0.05694261936049058,0.3149364870784056
0.41746724890829695,0.21615720524017468,0.05764192139737991,0.3087336244541485
0.4213085764809903,0.21220159151193635,0.058355437665782495,0.3081343943412909
0.4231107205623902,0.2139718804920914,0.05799648506151142,0.30492091388400705
0.4165554072096128,0.2091677792612372,0.05829995549621718,0.3159768580329328
0.41732283464566927,0.2152230971128609,0.05993000874890639,0.30752405949256345
0.4216549295774648,0.21214788732394366,0.06029929577464789,0.3058978873239437
0.42324755989352264,0.20718722271517304,0.06033717834960071,0.30922803904170365
0.4311324879755138,0.20725841714035856,0.05684302579798863,0.30476606908613907
0.4230260255844729,0.21482134980149978,0.05690339655932951,0.30524922805469784
0.42079859587538393,0.21588415971917507,0.05704256252742431,0.30627468187801665
0.4174028268551237,0.22217314487632508,0.055212014134275615,0.3052120141342756
0.4123076923076923,0.2189010989010989,0.053626373626373625,0.3151648351648352
0.41677646025472115,0.21563460693895475,0.050505050505050504,0.3170838823012736
0.4171806167400881,0.21674008810572687,0.05110132158590308,0.31497797356828194
0.4242027086063783,0.2162516382699869,0.04980340760157274,0.30974224552206203
0.4213753832676303,0.21901007446342532,0.049058256679807274,0.3105562855891371
0.43064729194187584,0.21312197269925143,0.04931748128577719,0.30691325407309555
0.4194542253521127,0.21830985915492956,0.050616197183098594,0.31161971830985913
0.42468159859464205,0.21739130434782608,0.048748353096179184,0.30917874396135264
0.4237885462555066,0.21365638766519823,0.04757709251101322,0.31497797356828194
0.42781222320637735,0.21346324180690876,0.05004428697962799,0.30868024800708593
0.4310798946444249,0.20983318700614575,0.048287971905179985,0.3107989464442493
0.42744410346339323,0.2104340201665936,0.048224462954844366,0.3138974134151688
0.42725679228746716,0.21297107800175286,0.05390008764241893,0.3058720420683611
0.4294532627865961,0.2072310405643739,0.05599647266313933,0.3073192239858907
0.432967032967033,0.20615384615384616,0.056703296703296706,0.30417582417582417
0.4303242769500438,0.20595968448729185,0.05521472392638037,0.30850131463628394
0.4234354194407457,0.20994229915667997,0.056813138038171326,0.309809143364403
0.4338461538461538,0.21010989010989012,0.055384615384615386,0.30065934065934063
0.439647577092511,0.20484581497797358,0.055506607929515416,0.3
0.4396135265700483,0.1985068072024594,0.06060606060606061,0.3012736056214317
0.4393342093736312,0.19973718791064388,0.060884800700832235,0.30004380201489267
0.4295805739514349,0.20176600441501102,0.060044150110375276,0.3086092715231788
0.4264250994255413,0.208572691117985,0.057445868316394165,0.3075563411400795
0.4296527159394479,0.20658949243098843,0.05832591273374889,0.3054318788958148
0.42990239574090505,0.2036379769299024,0.05634427684117125,0.3101153504880213
0.43127753303964755,0.2,0.05682819383259912,0.3118942731277533
0.4374170720919947,0.19637328615656788,0.054400707651481646,0.31180893409995575
0.43411194358748345,0.19524019391802555,0.05376817981489643,0.31687968267959454
0.4384885764499121,0.18892794376098418,0.05228471001757469,0.320298769771529
0.4430379746835443,0.1911828895678743,0.0515058926233086,0.3142732431252728
0.4421052631578947,0.1868421052631579,0.05307017543859649,0.31798245614035087
0.4500222123500666,0.18258551754775657,0.05330964015992892,0.3140826299422479
0.4476232394366197,0.1817781690140845,0.05545774647887324,0.31514084507042256
0.44818539571491034,0.1845212068211631,0.05421950153038916,0.3130738959335374
0.45,0.18289473684210528,0.05526315789473684,0.3118421052631579
0.45066666666666666,0.18355555555555556,0.05333333333333334,0.31244444444444447
0.4504862953138815,0.18213969938107868,0.05128205128205128,0.3160919540229885
0.45624167036872504,0.185250999555753,0.04975566414926699,0.30875166592625497
0.45339168490153176,0.187746170678337,0.04989059080962801,0.30897155361050327
0.4524546660769571,0.19150818222025653,0.04997788589119859,0.30605926581158777
0.4517992003553976,0.19235895157707686,0.05153265215459796,0.3043091959129276
0.44649122807017544,0.19956140350877194,0.052192982456140354,0.3017543859649123
0.4412280701754386,0.19912280701754387,0.05043859649122807,0.3092105263157895
0.447450110864745,0.1973392461197339,0.04878048780487805,0.30643015521064304
0.4482150727192596,0.1996474217717056,0.048038783605112385,0.30409872190392245
0.44854881266490765,0.19656992084432717,0.048372911169744945,0.3065083553210202
0.4535855697316322,0.1935767707875055,0.047954245490541135,0.30488341399032115
0.44740288083806196,0.19991270187690965,0.05106940200785683,0.30161501527717155
0.4408791208791209,0.20703296703296703,0.05010989010989011,0.301978021978022
0.4375277901289462,0.21031569586482882,0.0493552690084482,0.3028012449977768
0.4414494034467521,0.21254971277065843,0.05037560760053027,0.2956252761820592
0.44478662560492743,0.20765508139023317,0.05103387593488781,0.2965244170699516
0.4351687388987567,0.2113676731793961,0.049289520426287745,0.30417406749555953
0.4374449339207048,0.20616740088105726,0.051541850220264314,0.3048458149779736
0.43807439824945293,0.21181619256017506,0.05076586433260394,0.29934354485776804
0.442188879082083,0.20520741394527803,0.05030891438658429,0.30229479258605474
0.4412670479542455,0.2111746590409151,0.05191377034755829,0.29564452265728114
0.4464993394980185,0.21180096873623955,0.05195948921180097,0.289740202553941
0.4479717813051146,0.21296296296296297,0.05026455026455026,0.28880070546737213
0.43897026187305815,0.2134931202840657,0.05015534842432313,0.29738126941855303
0.43476337903582485,0.21583370190181336,0.0508624502432552,0.29854046881910656
0.43464912280701756,0.22017543859649122,0.04956140350877193,0.2956140350877193
0.4282560706401766,0.2229580573951435,0.04900662251655629,0.2997792494481236
0.4352629253203712,0.2209456473707468,0.04993371630578878,0.2938577110030932
0.4284456186701893,0.21796565389696168,0.05195948921180097,0.301629238221048
