R,A,S,N
0.0,0.0,0.0,1.0
0.5,0.0,0.0,0.5
0.42857142857142855,0.0,0.14285714285714285,0.42857142857142855
0.4166666666666667,0.0,0.16666666666666666,0.4166666666666667
0.42857142857142855,0.0,0.23809523809523808,0.3333333333333333
0.4473684210526316,0.0,0.23684210526315788,0.3157894736842105
0.4642857142857143,0.03571428571428571,0.16071428571428573,0.3392857142857143
0.4069767441860465,0.046511627906976744,0.18604651162790697,0.36046511627906974
0.4596774193548387,0.024193548387096774,0.1774193548387097,0.3387096774193548
0.48255813953488375,0.03488372093023256,0.19186046511627908,0.29069767441860467
0.48,0.04888888888888889,0.2088888888888889,0.26222222222222225
0.44816053511705684,0.06354515050167224,0.23745819397993312,0.2508361204013378
0.45454545454545453,0.08831168831168831,0.21558441558441557,0.24155844155844156
0.4420131291028446,0.0962800875273523,0.2210065645514223,0.24070021881838075
0.4430604982206406,0.11921708185053381,0.21352313167259787,0.22419928825622776
0.445095168374817,0.1171303074670571,0.20497803806734993,0.232796486090776
0.43875,0.1175,0.21375,0.23
0.43666666666666665,0.12,0.2222222222222222,0.22111111111111112
0.43816942551119764,0.11976630963972736,0.2171372930866602,0.2249269717624148
0.4400345125107852,0.11044003451251079,0.2200172562553926,0.22950819672131148
0.44076923076923075,0.11461538461538462,0.21846153846153846,0.22615384615384615
0.4421864050455501,0.11492641906096707,0.22214435879467415,0.2207428170988087
0.43197936814958093,0.12250161186331399,0.2192134107027724,0.2263056092843327
0.42670623145400594,0.12344213649851632,0.22492581602373887,0.22492581602373887
0.42105263157894735,0.12541993281075028,0.22564389697648377,0.22788353863381858
0.413148049171566,0.1293425975414217,0.22928915018706575,0.22822020309994656
0.40827797649463465,0.13949923352069493,0.23096576392437404,0.22125702606029637
0.3999021047479197,0.14586392559960842,0.22956436612824277,0.22466960352422907
0.39604891815616183,0.1415804327375353,0.23000940733772343,0.2323612417685795
0.3907040957202025,0.14634146341463414,0.23147722043258168,0.23147722043258168
0.39656729900632337,0.14182475158084915,0.22809394760614274,0.23351400180668475
0.39541160593792174,0.1385515069725596,0.2285200179937022,0.23751686909581646
0.3936869793950022,0.13722051731696625,0.23279263480929416,0.2362998684787374
0.3886675520141656,0.14032757857459052,0.234174413457282,0.23683045595396193
0.3870541611624835,0.14134742404227213,0.23293703214442976,0.23866138265081463
0.37809187279151946,0.14620141342756185,0.2318904593639576,0.24381625441696114
0.389326334208224,0.1395450568678915,0.23490813648293962,0.23622047244094488
0.39053516143299427,0.13622291021671826,0.22733303847854933,0.24590888987173817
0.39249448123620306,0.13333333333333333,0.23002207505518762,0.24415011037527592
0.39424778761061946,0.13584070796460176,0.22300884955752212,0.24690265486725663
0.3979591836734694,0.13664596273291926,0.2209405501330967,0.24445430346051464
0.3979815708644142,0.13690215006581835,0.21851689337428698,0.24659938569548048
0.40061565523306947,0.1358839050131926,0.2185576077396658,0.24494283201407213
0.40857392825896766,0.13167104111986003,0.21959755030621173,0.24015748031496062
0.40328305235137535,0.13531499556344276,0.22271517302573204,0.23868677905944988
0.40550133096716945,0.1326530612244898,0.2222715173025732,0.23957409050576753
0.3987538940809969,0.1344014241210503,0.21940364931019138,0.24744103248776145
0.4038715354157501,0.13066432028156622,0.21733391992960846,0.24813022437307522
0.3939796370075255,0.1341301460823373,0.2151394422310757,0.25675077467906154
0.4009747452370403,0.13026140894993354,0.21665928223305272,0.2521045635799734
0.4048865619546248,0.12783595113438045,0.21335078534031413,0.25392670157068065
0.40642888595332455,0.12989872302950242,0.21356230735358872,0.25011008366358434
0.4052143172779496,0.13875386654882899,0.2063632346442775,0.2496685815289439
0.4073748902546093,0.13652326602282705,0.2080772607550483,0.24802458296751537
0.4056813138038171,0.13759431868619618,0.20461606746560143,0.2521083000443853
0.4092526690391459,0.13345195729537365,0.20862989323843417,0.24866548042704625
0.40645731977001326,0.13401149933657674,0.20919946926138877,0.2503317116320212
0.41522797698096503,0.13590084108012396,0.20628596724214254,0.24258521469676847
0.4118421052631579,0.13464912280701755,0.20394736842105263,0.24956140350877193
0.40971302428256073,0.1368653421633554,0.20794701986754968,0.24547461368653423
0.40638670166229224,0.1399825021872266,0.20559930008748906,0.24803149606299213
0.4111111111111111,0.13644444444444445,0.20355555555555555,0.24888888888888888
0.4179498460184778,0.13374395072591289,0.19841619005719313,0.2498900131984162
0.42063139172965763,0.1378390395731436,0.19964428634948866,0.2418852823477101
0.4185430463576159,0.1381898454746137,0.1977924944812362,0.24547461368653423
0.41932662877131616,0.14079580236117184,0.19588981198076083,0.2439877568867512
0.42575558475689884,0.13972842750766534,0.1927288655278143,0.24178712220762155
0.42297535211267606,0.14172535211267606,0.19102112676056338,0.2442781690140845
0.43190832966064346,0.14014984574702513,0.18510356985456147,0.24283825473776993
0.4276286845578531,0.13858336999560053,0.18609766827980642,0.24769027716674
0.4318381706244503,0.14028144239226034,0.1868953386103782,0.24098504837291118
0.4323008849557522,0.14026548672566372,0.18716814159292036,0.24026548672566372
0.4305923961096375,0.13925729442970822,0.1905393457117595,0.2396109637488948
0.4310421286031042,0.14057649667405764,0.18713968957871396,0.24124168514412417
0.426431718061674,0.14493392070484581,0.1894273127753304,0.23920704845814977
0.4337879454465464,0.1416630004399472,0.1847778266608007,0.23977122745270568
0.43441901408450706,0.14172535211267606,0.18529929577464788,0.238556338028169
0.4348958333333333,0.1467013888888889,0.18359375,0.2348090277777778
0.43796580447172295,0.1477422183252959,0.17930732135028496,0.23498465585269618
0.43470639789658194,0.14548641542506574,0.1827344434706398,0.23707274320771254
0.4342857142857143,0.15076923076923077,0.18461538461538463,0.23032967032967033
0.4343257443082312,0.1510507880910683,0.1830122591943958,0.23161120840630472
0.426056338028169,0.15184859154929578,0.18617957746478872,0.23591549295774647
0.4325991189427313,0.1502202643171806,0.18237885462555067,0.23480176211453743
0.4336870026525199,0.14765694076038904,0.1861184792219275,0.23253757736516356
0.4270650263620387,0.14674868189806678,0.19200351493848858,0.23418277680140598
0.43327480245829675,0.14486391571553994,0.1861281826163301,0.23573309920983318
0.42812777284826975,0.14108251996450755,0.19387755102040816,0.23691215616681455
0.43392070484581496,0.14405286343612334,0.18634361233480176,0.2356828193832599
0.4334226988382484,0.14119749776586238,0.18588025022341376,0.23949955317247543
0.43097345132743364,0.1433628318584071,0.184070796460177,0.2415929203539823
0.44489067380633646,0.13877733154841587,0.18250780901383312,0.23382418563141455
0.4393805309734513,0.1415929203539823,0.18584070796460178,0.2331858407079646
0.4446412754650133,0.13728963684676704,0.1837909654561559,0.23427812223206376
0.4482001755926251,0.13476733977172958,0.17998244073748904,0.2370500438981563
0.4467429577464789,0.13600352112676056,0.18309859154929578,0.23415492957746478
0.44551845342706503,0.1366432337434095,0.17838312829525482,0.23945518453427064
0.44380530973451326,0.13185840707964602,0.18053097345132743,0.24380530973451328
0.44370860927152317,0.13024282560706402,0.18498896247240618,0.2410596026490066
0.43824701195219123,0.13368747233289066,0.1899070385126162,0.2381584772023019
0.4372236958443855,0.1374889478337754,0.1852343059239611,0.24005305039787797
0.429140832595217,0.13728963684676704,0.1886625332152347,0.24490699734278124
0.4286349488661627,0.14006224988883947,0.19164072921298356,0.23966207203201423
0.42545616377392076,0.14419225634178906,0.19003115264797507,0.24032042723631508
0.42963940193491645,0.1468777484608619,0.18865435356200527,0.23482849604221637
0.43558282208588955,0.14636283961437335,0.18755477651183172,0.23049956178790534
0.44361562088635365,0.1439227731461167,0.1851689337428697,0.22729267222465993
0.4440993788819876,0.13842058562555457,0.1867790594498669,0.23070097604259096
0.4449319877139096,0.13997367266344887,0.18385256691531374,0.23124177270732776
0.4410729991204925,0.13896218117854,0.1851363236587511,0.23482849604221637
0.4343612334801762,0.14052863436123347,0.18193832599118942,0.2431718061674009
0.43609022556390975,0.14108801415302963,0.17779743476337903,0.24502432551968156
0.43284248103525214,0.1468094600624721,0.17447568049977688,0.2458723784024989
0.4385425812115891,0.14223002633889376,0.17164179104477612,0.247585601404741
0.43614670790985416,0.14582412726469288,0.17145382235969953,0.2465753424657534
0.4447893569844789,0.14279379157427938,0.17028824833702882,0.24212860310421286
0.4456140350877193,0.1412280701754386,0.16885964912280702,0.2442982456140351
0.4395796847635727,0.14667250437828372,0.1690017513134851,0.2447460595446585
0.4367562802996915,0.14764213309828117,0.1630674305861613,0.25253415601586604
0.44024604569420034,0.15202108963093147,0.15905096660808435,0.24868189806678384
0.43950725912890454,0.15442146942366916,0.15750109986801583,0.24857017157941047
0.4324801412180053,0.1526919682259488,0.1615180935569285,0.2533097969991174
0.43022222222222223,0.15555555555555556,0.16577777777777777,0.24844444444444444
0.43686309260079753,0.15551617190961453,0.1590607000443066,0.24856003544528135
0.43124165554072097,0.1588785046728972,0.1602136181575434,0.24966622162883845
0.4385425812115891,0.1584723441615452,0.15013169446883232,0.2528533801580334
0.4433126660761736,0.15544729849424269,0.15190434012400356,0.24933569530558017
0.4458204334365325,0.14772224679345422,0.15037593984962405,0.2560813799203892
0.4510061242344707,0.14698162729658792,0.14741907261592302,0.2545931758530184
0.4531590413943355,0.15163398692810456,0.14727668845315905,0.24793028322440086
0.44590451160753397,0.1533070521243977,0.14936487078405605,0.2514235654840123
0.4390997352162401,0.15710503089143865,0.1562224183583407,0.24757281553398058
0.4398066783831283,0.15641476274165203,0.15685413005272408,0.2469244288224956
0.44300979519145145,0.1580587711487088,0.15182546749777381,0.2471059661620659
0.44914134742404227,0.15984147952443858,0.14046675473359754,0.25055041831792163
0.4452747252747253,0.16483516483516483,0.14197802197802198,0.2479120879120879
0.43908851884312006,0.16739702015775634,0.14285714285714285,0.2506573181419807
0.44043956043956045,0.1665934065934066,0.1397802197802198,0.2531868131868132
0.44836716681376876,0.16725507502206532,0.13459841129744043,0.2497793468667255
0.44833625218914186,0.1703152364273205,0.12915936952714535,0.2521891418563923
0.4480633802816901,0.17209507042253522,0.13336267605633803,0.24647887323943662
0.4623182018510357,0.16835610401057735,0.13353900396650506,0.2357866901718819
0.4610051993067591,0.16074523396880416,0.13648180242634314,0.24176776429809357
0.46072374227714036,0.1676963812886143,0.13062665489849956,0.2409532215357458
0.4568010633584404,0.16792202038103676,0.12760301284891448,0.24767390341160833
0.45842498900131984,0.16498020237571492,0.13022437307523096,0.24637043554773427
0.4590308370044053,0.1656387665198238,0.13127753303964756,0.24405286343612334
0.46273291925465837,0.16104702750665484,0.1344276841171251,0.24179236912156166
0.46895640686922063,0.16336415675913693,0.13518273888154997,0.23249669749009247
0.4687636522498908,0.16688510266491918,0.1349934469200524,0.22935779816513763
0.46455306032584764,0.16468516072214884,0.13430206957287538,0.23645970937912814
0.46772068511198944,0.16820377689942909,0.13175230566534915,0.23232323232323232
0.46728151075977165,0.17391304347826086,0.13043478260869565,0.22837066315327184
0.4654255319148936,0.17065602836879432,0.1325354609929078,0.23138297872340424
0.466079295154185,0.16872246696035242,0.1303964757709251,0.23480176211453743
0.4730144800351031,0.17156647652479157,0.12988152698551997,0.22553751645458534
0.47396293027360986,0.16990291262135923,0.12753751103265668,0.22859664607237423
0.4768620537681798,0.17188188629352139,0.12869105332745703,0.22256500661084178
0.4769094138543517,0.16651865008880995,0.12877442273534637,0.227797513321492
0.47749338040600176,0.16681376875551632,0.12709620476610767,0.22859664607237423
0.47989394608926206,0.16217410517012815,0.1303579319487406,0.2275740167918692
0.48312611012433393,0.16296625222024866,0.12566607460035523,0.22824156305506216
0.4826526130873957,0.15590689503732982,0.12999560825647782,0.23144488361879667
0.48166151126822804,0.15466195315952275,0.12991604065399912,0.2337604949182501
0.4838852097130243,0.15673289183222958,0.1315673289183223,0.22781456953642384
0.4825298540468819,0.15391419725785052,0.13666519239274658,0.226890756302521
0.482514386896857,0.14918105356352368,0.1416555998229305,0.2266489597166888
0.4797891036906854,0.1555360281195079,0.14499121265377857,0.21968365553602812
0.47824175824175824,0.15868131868131868,0.13934065934065934,0.22373626373626374
0.4823321554770318,0.15415194346289754,0.14001766784452296,0.2234982332155477
0.4872021182700794,0.15180935569285084,0.13592233009708737,0.22506619593998234
0.48269742679680566,0.15661047027506655,0.13176574977817213,0.22892635314995563
0.48784798939460894,0.15510384445426426,0.13345117101193107,0.22359699513919576
0.4890638670166229,0.15660542432195976,0.13123359580052493,0.2230971128608924
0.4919642857142857,0.1549107142857143,0.1263392857142857,0.22678571428571428
0.494050242397532,0.15204936095196123,0.127368884971353,0.2265315116791538
0.48789079700572435,0.15059445178335534,0.12769704975781593,0.23381770145310435
0.49295774647887325,0.14920774647887325,0.125,0.23283450704225353
0.4945151382185169,0.14787187362878457,0.12724879333040806,0.23036419482229048
0.4887912087912088,0.15076923076923077,0.1265934065934066,0.23384615384615384
0.4858906525573192,0.15520282186948853,0.12522045855379188,0.23368606701940034
0.4865579550462759,0.15337152930806522,0.12648743940061702,0.23358307624504188
0.4865934065934066,0.15428571428571428,0.12747252747252746,0.23164835164835165
0.49054945054945054,0.1498901098901099,0.13054945054945055,0.229010989010989
0.4905328049317481,0.15147512109202993,0.13033905768383972,0.22765301629238222
0.4789473684210526,0.15526315789473685,0.13508771929824562,0.2307017543859649
0.47537379067722074,0.15391380826737028,0.1358839050131926,0.23482849604221637
0.47471162377994675,0.15394853593611357,0.13842058562555457,0.2329192546583851
0.476713532513181,0.15333919156414763,0.1375219683655536,0.23242530755711774
0.4713403880070547,0.15784832451499117,0.13756613756613756,0.23324514991181658
0.47294324681038274,0.16014078310602728,0.13770347558293006,0.22921249450065992
0.46916299559471364,0.1568281938325991,0.1436123348017621,0.23039647577092512
0.47721297107800176,0.15249780893952672,0.13628396143733568,0.23400525854513585
0.4736147757255937,0.15611257695690414,0.14116094986807387,0.22911169744942833
0.4743816254416961,0.15636042402826855,0.13692579505300354,0.23233215547703182
0.46936976641692374,0.15733803437637725,0.1388276773909211,0.23446452181577787
0.4638128861429832,0.1553398058252427,0.1496028243601059,0.23124448367166814
0.4601847778266608,0.16014078310602728,0.14782226132864057,0.23185217773867137
0.46575943810359965,0.16286215978928886,0.14574187884108866,0.22563652326602282
0.45963828848698723,0.16365240405822673,0.14733127481252756,0.22937803264225848
0.46279172170849847,0.16072214883311317,0.142668428005284,0.23381770145310435
0.45968448729184924,0.16301489921121823,0.14241893076248904,0.23488168273444346
0.4580388692579505,0.1612190812720848,0.13957597173144876,0.2411660777385159
0.46150481189851267,0.163167104111986,0.13823272090988625,0.23709536307961504
0.45458534444931986,0.1654234313295305,0.14480035103115402,0.23519087318999563
0.45622525296964367,0.1636603607567092,0.14254289485261767,0.23757149142102948
0.45755968169761274,0.15694076038903626,0.14279398762157383,0.2427055702917772
0.4629223343571742,0.15664765247915752,0.1421676173760421,0.23826239578762615
0.45526663728514766,0.1604230938739533,0.14543851917144116,0.2388717496694579
0.45910290237467016,0.15259454705364994,0.1437994722955145,0.24450307827616535
0.45992115637319314,0.15724923346473937,0.1427945685501533,0.24003504161191414
0.45811287477954143,0.15520282186948853,0.14329805996472664,0.24338624338624337
0.4569798068481124,0.15671641791044777,0.13871817383669885,0.247585601404741
0.45522717247463607,0.15747684164093514,0.1345390383767093,0.25275694750771943
0.4533392304290137,0.16187527642636002,0.13533834586466165,0.24944714727996462
0.45478841870824055,0.1621380846325167,0.1358574610244989,0.24721603563474387
0.4569155987627044,0.16305788775961114,0.13477684489615555,0.24524966858152894
0.4530630233583076,0.16747465843984133,0.13397972675187308,0.24548259144997797
0.455220620358235,0.16644823066841416,0.13411970292704237,0.24421144604630843
0.4564459930313589,0.16376306620209058,0.1293554006968641,0.25043554006968644
0.45482591449977966,0.16879682679594535,0.127809607756721,0.24856765094755398
0.4570035460992908,0.16843971631205673,0.12677304964539007,0.24778368794326242
0.46177504393673113,0.16915641476274165,0.12390158172231985,0.2451669595782074
0.4610361340879408,0.16630387461906834,0.12712233347845014,0.2455376578145407
0.4653812445223488,0.16126205083260298,0.12839614373356706,0.24496056091148116
0.46784140969162996,0.1581497797356828,0.13171806167400882,0.2422907488986784
0.4738691260430391,0.1572244180939833,0.12779973649538867,0.24110671936758893
0.46581945661700264,0.16213847502191062,0.12971078001752848,0.24233128834355827
0.4719750889679715,0.1610320284697509,0.12722419928825623,0.23976868327402134
0.4771618625277162,0.15521064301552107,0.13170731707317074,0.23592017738359203
0.4720387494495817,0.15852047556142668,0.1329810656098635,0.23645970937912814
0.4684047724259832,0.16217410517012815,0.13521873619089703,0.2342023862129916
0.4629548443665059,0.16440157825515125,0.13415168785620343,0.2384918895221394
0.4579273693534101,0.1682905225863596,0.13684676705048715,0.23693534100974314
0.4551083591331269,0.17027863777089783,0.14020344980097302,0.2344095532950022
0.4551907719609583,0.17125110913930788,0.13753327417923691,0.2360248447204969
0.4610989010989011,0.16923076923076924,0.13758241758241757,0.2320879120879121
0.4577246569278442,0.1691013722886233,0.13722886232846393,0.2359451084550686
0.4621145374449339,0.1696035242290749,0.13964757709251102,0.2286343612334802
0.4654498044328553,0.16731855714906563,0.13689700130378096,0.23033463711429814
0.46996931170539236,0.16440157825515125,0.13809732573432704,0.22753178430512933
0.46830985915492956,0.1624119718309859,0.14040492957746478,0.22887323943661972
0.4744942832014072,0.15963060686015831,0.13808267370272648,0.227792436235708
0.47181535730137597,0.16023080337328008,0.1353750554815801,0.23257878384376388
0.47424042272126815,0.16116248348745046,0.1338617349185381,0.2307353588727433
0.46903820816864294,0.16512955643390426,0.1414141414141414,0.22441809398331136
0.47400881057268723,0.17004405286343613,0.13083700440528634,0.2251101321585903
0.46936056838365897,0.17095914742451154,0.13454706927175844,0.22513321492007105
0.4675663909447105,0.16586852416195036,0.13626469307792774,0.2303003918154114
0.4634794156706507,0.16821602478972997,0.1385568835768039,0.2297476759628154
0.45740905057675246,0.16725820763087842,0.1401952085181899,0.23513753327417924
0.4554585152838428,0.1703056768558952,0.14541484716157205,0.22882096069868996
0.45720620842572063,0.16807095343680709,0.14545454545454545,0.22926829268292684
0.46434859154929575,0.167693661971831,0.14040492957746478,0.22755281690140844
0.4576048951048951,0.16477272727272727,0.14029720279720279,0.23732517482517482
0.45414266725742136,0.1683650863978733,0.14000886132033674,0.23748338502436864
0.4564260563380282,0.1681338028169014,0.13776408450704225,0.23767605633802816
0.4490599038041102,0.1705290773939659,0.13773502404897245,0.24267599475295146
0.4508670520231214,0.16985326811916407,0.1378390395731436,0.2414406402845709
0.4442988204456094,0.17343818261249455,0.1380515508955876,0.24421144604630843
0.446113074204947,0.1682862190812721,0.13913427561837455,0.24646643109540636
0.44150110375275936,0.1717439293598234,0.1390728476821192,0.247682119205298
0.4416961130742049,0.1691696113074205,0.13869257950530034,0.2504416961130742
0.44052863436123346,0.1696035242290749,0.13744493392070484,0.25242290748898677
0.43549097313958607,0.17173051519154559,0.13430206957287538,0.25847644209599296
0.4348969750109601,0.16834721613327489,0.13502849627356422,0.2617273125822008
0.42304270462633453,0.17170818505338079,0.13701067615658363,0.2682384341637011
0.42774822695035464,0.1697695035460993,0.1400709219858156,0.2624113475177305
0.42505494505494507,0.16747252747252747,0.14373626373626375,0.26373626373626374
0.4233958969882147,0.17023134002618945,0.14185945002182454,0.2645133129637713
0.4247594050743657,0.1679790026246719,0.14391951006124235,0.26334208223972005
0.42850799289520425,0.16119005328596803,0.1460923623445826,0.2642095914742451
0.4300087489063867,0.15660542432195976,0.14960629921259844,0.2637795275590551
0.42844600526777876,0.15671641791044777,0.1527655838454785,0.262071992976295
0.4300745287154757,0.15563349408154317,0.14949583516001755,0.2647961420429636
0.43419326628771315,0.15260166156536947,0.15041539134236992,0.26278968080454745
0.43210968597965504,0.1468376824413976,0.15922158337019018,0.2618310482087572
0.42875931608943446,0.15124945199473916,0.15607189829022358,0.2639193336256028
0.4392523364485981,0.14997774810858924,0.14864263462394303,0.2621272808188696
0.4392810170977641,0.14730381411661553,0.14905743095133714,0.26435773783428324
0.4376646180860404,0.1431079894644425,0.1562774363476734,0.26294995610184374
0.4383073496659243,0.14075723830734965,0.15322939866369711,0.26770601336302896
0.4392935982339956,0.14172185430463577,0.1554083885209713,0.2635761589403974
0.4354553492484527,0.13925729442970822,0.15605658709106984,0.2692307692307692
0.4383016364440513,0.14285714285714285,0.15391419725785052,0.2649270234409553
0.43599825251201396,0.145041502839668,0.15771079073831368,0.26124945391000437
0.44024604569420034,0.15114235500878734,0.15026362038664323,0.2583479789103691
0.436644591611479,0.1479028697571744,0.1598233995584989,0.2556291390728477
0.437854339293502,0.1474051460968164,0.15961622328826863,0.255124291321413
0.4386584289496911,0.146954986760812,0.16019417475728157,0.25419240953221534
0.4310043668122271,0.14323144104803492,0.16419213973799127,0.26157205240174675
0.43470639789658194,0.14899211218229624,0.16126205083260298,0.25503943908851884
0.4391208791208791,0.1468131868131868,0.15824175824175823,0.2558241758241758
0.4473684210526316,0.1412280701754386,0.1600877192982456,0.2513157894736842
0.44891640866873067,0.1450685537372844,0.15524104378593542,0.25077399380804954
0.450989010989011,0.1454945054945055,0.15428571428571428,0.24923076923076923
0.4529463500439754,0.148636763412489,0.15083553210202286,0.24758135444151275
0.45875606528451696,0.14424349360388178,0.15262461402734892,0.24437582708425232
0.4569653948535936,0.14241348713398402,0.15838509316770186,0.2422360248447205
0.4580759046778464,0.13989408649602825,0.15666372462488967,0.24536628420123566
0.46024734982332155,0.13825088339222616,0.15459363957597172,0.24690812720848057
0.4594476106970627,0.14072775098640947,0.15256466462078036,0.24725997369574748
0.46649029982363316,0.13447971781305115,0.15432098765432098,0.2447089947089947
0.46786971830985913,0.13556338028169015,0.15140845070422534,0.24515845070422534
0.4745762711864407,0.13646240764884832,0.14819643633202956,0.24076488483268144
0.4745912505523641,0.13300927971718957,0.14847547503314185,0.24392399469730447
0.4748233215547703,0.13913427561837455,0.14796819787985865,0.23807420494699646
0.46783369803063457,0.13960612691466084,0.15317286652078774,0.23938730853391685
0.4766146993318486,0.1398663697104677,0.14164810690423163,0.24187082405345212
0.47138488422892094,0.13324595893403232,0.14941022280471822,0.24595893403232852
0.47831858407079647,0.12743362831858407,0.1508849557522124,0.24336283185840707
0.4788795020008893,0.12939084037349932,0.1493997332147621,0.24232992441084927
0.47897299690128375,0.12881806108897742,0.14962372731297033,0.24258521469676847
0.47663139329806,0.13139329805996472,0.15079365079365079,0.24118165784832452
0.47144112478031636,0.1335676625659051,0.15114235500878734,0.2438488576449912
0.46996931170539236,0.131521262604121,0.14905743095133714,0.2494519947391495
0.4757670075589151,0.13072476656291684,0.1462872387727879,0.24722098710538018
0.47619047619047616,0.13403880070546736,0.14462081128747795,0.24514991181657847
0.4749667700487373,0.13779353123615418,0.13912272928666372,0.24811696942844483
0.46733888645330995,0.13809732573432704,0.13809732573432704,0.256466462078036
0.46293027360988526,0.14033539276257723,0.1381288614298323,0.2586054721977052
0.463620230700976,0.14596273291925466,0.129547471162378,0.2608695652173913
0.4603386809269162,0.14349376114081996,0.1319073083778966,0.2642602495543672
0.46130167106420406,0.1424802110817942,0.1345646437994723,0.2616534740545295
0.4535495179666959,0.1446099912357581,0.13453111305872043,0.26730937773882557
0.45925597874224977,0.14393268379096547,0.13330380868024802,0.26350752878653677
0.4620447564721369,0.1421676173760421,0.12768758227292673,0.26810004387889425
0.46766388033435985,0.14298284205895292,0.12406511218653761,0.2652881654201496
0.46089995631280034,0.14460463084316294,0.13062472695500219,0.2638706858890345
0.46851272889682893,0.1380080393032604,0.12773559624832515,0.26574363555158553
0.4695767195767196,0.140652557319224,0.12522045855379188,0.26455026455026454
0.4675843694493783,0.141651865008881,0.12433392539964476,0.2664298401420959
0.4684095860566449,0.14248366013071895,0.12156862745098039,0.26753812636165575
0.46898047722342734,0.14143167028199566,0.12624728850325379,0.2633405639913232
0.4610646722393313,0.14474263088429387,0.12802463704355477,0.26616805983282005
0.4565121412803532,0.14657836644591613,0.1271523178807947,0.269757174392936
0.4469964664310954,0.14664310954063603,0.13030035335689047,0.2760600706713781
0.4494971578487101,0.14210756449497158,0.1329252295583734,0.2754700480979449
0.445326278659612,0.14858906525573193,0.1318342151675485,0.2742504409171076
0.44813829787234044,0.14849290780141844,0.1400709219858156,0.2632978723404255
0.4501763668430335,0.1472663139329806,0.1424162257495591,0.2601410934744268
0.4483062032556093,0.1469423669159701,0.14122305323361198,0.2635283765948086
0.4501098901098901,0.1454945054945055,0.14417582417582417,0.2602197802197802
0.44710491946016545,0.14627775359164127,0.14148889856334348,0.2651284283848498
0.4420866489832007,0.14677276746242263,0.14235190097259062,0.268788682581786
0.4356699201419698,0.14862466725820764,0.1495119787045253,0.26619343389529726
0.439647577092511,0.14625550660792952,0.14757709251101322,0.2665198237885463
0.44395214887018164,0.14532565352237484,0.14532565352237484,0.2653965440850687
0.4453227931488801,0.13526570048309178,0.15063680281071584,0.26877470355731226
0.44410075121520104,0.14096332302253645,0.14935925762262484,0.26557666813963765
0.4492753623188406,0.1414141414141414,0.14624505928853754,0.26306543697848045
0.4453227931488801,0.14404918752744839,0.14097496706192358,0.2696530522617479
0.44670499778858913,0.14108801415302963,0.14462627156125607,0.26758071649712517
0.4504424778761062,0.13893805309734514,0.13982300884955753,0.27079646017699116
0.4507042253521127,0.1386443661971831,0.13776408450704225,0.272887323943662
0.4530701754385965,0.14166666666666666,0.14035087719298245,0.2649122807017544
0.4537852112676056,0.14172535211267606,0.14172535211267606,0.26276408450704225
0.4520971302428256,0.14525386313465782,0.13951434878587196,0.2631346578366446
0.45598591549295775,0.14040492957746478,0.1386443661971831,0.2649647887323944
0.45652173913043476,0.13797692990239574,0.14152617568766637,0.2639751552795031
0.45905267817618417,0.13811420982735723,0.14032757857459052,0.2625055334218681
0.4590888987173817,0.13533834586466165,0.14197257850508624,0.2636001769128704
0.45274725274725275,0.1389010989010989,0.14285714285714285,0.2654945054945055
0.4554673721340388,0.1384479717813051,0.14285714285714285,0.26322751322751325
0.45721807810443177,0.13953488372093023,0.14041246160596754,0.2628345765686705
0.45366284201235657,0.13857016769638128,0.14033539276257723,0.2674315975286849
0.4551056338028169,0.13600352112676056,0.1426056338028169,0.2662852112676056
0.45975989328590483,0.13872832369942195,0.1431747443308137,0.2583370386838595
0.4574468085106383,0.1356382978723404,0.14760638297872342,0.25930851063829785
0.45530603258476443,0.13782474680757376,0.14927344782034346,0.2575957727873184
0.45273851590106007,0.13869257950530034,0.15415194346289754,0.254416961130742
0.4523281596452328,0.14057649667405764,0.15121951219512195,0.25587583148558757
0.45980565371024734,0.13648409893992933,0.14885159010600707,0.25485865724381623
0.4621112571178274,0.13534822601839686,0.15067893123083662,0.2518615856329391
0.45658880564125165,0.12869105332745703,0.15513442044953724,0.25958572058175405
0.46013071895424834,0.13115468409586056,0.15555555555555556,0.25315904139433554
0.4554280670785525,0.13327449249779347,0.1553398058252427,0.2559576345984113
0.4563787812362999,0.13371328364752302,0.15168785620341954,0.25822007891275756
0.4445904511607534,0.1410424879544459,0.15374507227332457,0.2606219886114761
0.44332161687170474,0.14191564147627417,0.15289982425307558,0.2618629173989455
0.445868316394167,0.1449403446752099,0.1506849315068493,0.25850640742377373
0.4525709219858156,0.14583333333333334,0.14671985815602837,0.2548758865248227
0.45178335535006603,0.1444297666226332,0.14795244385733158,0.25583443416996915
0.4563405002193945,0.14480035103115402,0.15050460728389645,0.24835454146555508
0.45330396475770923,0.14669603524229075,0.14801762114537445,0.25198237885462554
0.4526223005729396,0.15293080652269722,0.1516086381665932,0.24283825473776993
0.44282560706401763,0.15805739514348785,0.1545253863134658,0.2445916114790287
0.4500659920809503,0.1539815222173339,0.1535415750109987,0.2424109106907171
0.44370860927152317,0.1598233995584989,0.14746136865342163,0.24900662251655628
0.44803184431667403,0.1609907120743034,0.1468376824413976,0.24413976116762495
0.45223488168273446,0.16038562664329536,0.14680105170902716,0.24057843996494302
0.43872113676731794,0.1603019538188277,0.1514209591474245,0.24955595026642985
0.4388520971302428,0.15938189845474612,0.14922737306843267,0.2525386313465784
0.43733567046450483,0.1656441717791411,0.14943032427695005,0.24758983347940403
0.43188786684187475,0.16732369689005694,0.1471747700394218,0.2536136662286465
0.43747218513573655,0.16822429906542055,0.14463729417000445,0.24966622162883845
0.4326584507042254,0.16857394366197184,0.1505281690140845,0.2482394366197183
0.43077601410934746,0.1715167548500882,0.15343915343915343,0.24426807760141092
0.42863340563991326,0.17440347071583515,0.15574837310195228,0.24121475054229935
0.4288240495137047,0.17020335985853227,0.15428824049513704,0.246684350132626
0.4333627537511033,0.1703442188879082,0.1553398058252427,0.2409532215357458
0.42982842058952925,0.17553893532776066,0.14562252529696437,0.24901011878574572
0.42230026338893767,0.17954345917471468,0.14837576821773485,0.2497805092186128
0.42488888888888887,0.17822222222222223,0.14622222222222223,0.25066666666666665
0.42838196286472147,0.1799292661361627,0.14412024756852343,0.2475685234305924
0.427689594356261,0.18033509700176367,0.14594356261022928,0.24603174603174602
0.43227792436235707,0.17985927880386984,0.14643799472295516,0.24142480211081793
0.42466960352422906,0.18370044052863435,0.14889867841409693,0.24273127753303964
0.436077057793345,0.17644483362521893,0.14929947460595447,0.2381786339754816
0.44095532950022115,0.17249004865103937,0.15170278637770898,0.23485183547103053
0.4381972333779563,0.17313699241410085,0.15439535921463632,0.23427041499330656
0.4504424778761062,0.17079646017699116,0.15265486725663716,0.2261061946902655
0.44984533804684046,0.17145382235969953,0.1524524966858153,0.22624834290764473
0.44503782821539833,0.17133956386292834,0.1548731642189586,0.22874944370271474
0.4489615554573575,0.17101193106495802,0.1586389748121962,0.2213875386654883
0.44327639071397285,0.16995181778361804,0.1590013140604468,0.22777047744196233
0.4529049295774648,0.1742957746478873,0.15096830985915494,0.22183098591549297
0.446113074204947,0.17491166077738515,0.15061837455830387,0.22835689045936397
0.4389279437609842,0.17618629173989456,0.15070298769771528,0.23418277680140598
0.44454225352112675,0.1694542253521127,0.14788732394366197,0.2381161971830986
0.44731088762571053,0.16965456930476608,0.14560559685177088,0.2374289462177525
0.4502664298401421,0.1705150976909414,0.14253996447602132,0.2366785079928952
0.4481842338352524,0.1687333923826395,0.14437555358724535,0.23870682019486272
0.449403446752099,0.16349977905435262,0.14317277949624393,0.24392399469730447
0.44763146458061714,0.17079530638852672,0.14558887440243373,0.23598435462842243
0.4429383471797114,0.1670310450371666,0.1425448185395715,0.2474857892435505
0.44380784486557956,0.16879682679594535,0.13838695460555311,0.249008373732922
0.4400173235166739,0.1715028150714595,0.13988739714161974,0.24859246427024687
0.4410075121520106,0.17145382235969953,0.14052143172779497,0.24701723376049492
0.445916114790287,0.16777041942604856,0.13730684326710818,0.24900662251655628
0.4408888888888889,0.1711111111111111,0.1368888888888889,0.2511111111111111
0.44058098591549294,0.17517605633802816,0.13468309859154928,0.24955985915492956
0.44813829787234044,0.17198581560283688,0.1356382978723404,0.24423758865248227
0.4468929043631556,0.17232260907888938,0.13221683561040107,0.24856765094755398
0.44644424934152765,0.17383669885864794,0.1369622475856014,0.242756804214223
0.44517833553500663,0.17040951122853368,0.13606340819022458,0.24834874504623514
0.44439579684763575,0.17294220665499124,0.13528896672504379,0.24737302977232925
0.44395214887018164,0.17545414266725742,0.1382365972529907,0.24235711120957024
0.45111111111111113,0.17066666666666666,0.1391111111111111,0.2391111111111111
0.4378827646544182,0.1710411198600175,0.14129483814523183,0.24978127734033245
0.44836716681376876,0.16107678729037953,0.1416593115622242,0.24889673433362755
0.4406854130052724,0.16520210896309315,0.14015817223198593,0.2539543057996485
0.4461674789543642,0.1590607000443066,0.14399645547186532,0.2507753655294639
0.45357618836072855,0.16037316748111952,0.1386050644158152,0.24744557974233675
0.4555899248784799,0.16040653999116217,0.13212549712770658,0.25187803800265135
0.45702952842661965,0.1599823710885853,0.13045394446892905,0.25253415601586604
0.45486569793042714,0.16292382210479964,0.13033905768383972,0.2518714222809335
0.4549412276882891,0.16369177187636047,0.12929908576404006,0.2520679146713104
0.455584872471416,0.1627088830255057,0.12884784520668427,0.25285839929639403
0.4545056867891514,0.16754155730533685,0.1294838145231846,0.2484689413823272
0.46279172170849847,0.16776750330250992,0.12197269925143109,0.24746807573756055
0.4587924195680917,0.17011899515204937,0.12692816218598502,0.24416042309387395
0.4590451160753395,0.16819973718791065,0.12746386333771353,0.24529128339903636
0.4587033747779751,0.17184724689165187,0.1261101243339254,0.2433392539964476
0.46293027360988526,0.16637246248896734,0.1297440423654016,0.2409532215357458
0.4672566371681416,0.16415929203539822,0.1256637168141593,0.24292035398230089
0.4739858906525573,0.16005291005291006,0.12389770723104056,0.24206349206349206
0.4670499778858912,0.16231755860238833,0.12693498452012383,0.24369747899159663
0.4609960334949317,0.16438959894226532,0.12340237990304098,0.251211987659762
0.4668727915194346,0.16298586572438162,0.12367491166077739,0.24646643109540636
0.45771578029642546,0.16477768090671316,0.12554489973844812,0.25196163905841323
0.4582787243337702,0.17212756662297946,0.12450851900393185,0.24508519003931847
0.4576719576719577,0.17416225749559083,0.12389770723104056,0.24426807760141092
0.4577620521892968,0.17204776647501105,0.124281291463954,0.24590888987173817
0.4635004397537379,0.17546174142480211,0.11609498680738786,0.24494283201407213
0.4571678321678322,0.1743881118881119,0.11931818181818182,0.2491258741258741
0.4496910856134157,0.18314210061782876,0.11606354810238305,0.2511032656663725
0.4530701754385965,0.18157894736842106,0.11578947368421053,0.24956140350877193
0.4572441293752769,0.17899867080194948,0.11652636242800177,0.2472308373947718
0.45824223874070835,0.17839965019676432,0.1184958460865763,0.24486226497595104
0.45534924845269675,0.17329796640141468,0.1206896551724138,0.2506631299734748
0.45714285714285713,0.17142857142857143,0.12571428571428572,0.24571428571428572
0.45298769771528996,0.16739894551845344,0.13005272407732865,0.24956063268892795
0.44787985865724383,0.1696113074204947,0.13206713780918727,0.2504416961130742
0.4478203434610304,0.1682078379568472,0.1325407309555262,0.2514310876265962
0.4382960035133948,0.16996047430830039,0.13219148001756698,0.2595520421607378
0.4414612676056338,0.1698943661971831,0.13512323943661972,0.2535211267605634
0.44434706397896584,0.1691498685363716,0.13365468886941279,0.2528483786152498
0.4530216144684605,0.16453462726069695,0.13586237318041464,0.24658138509042787
0.4625220458553792,0.1626984126984127,0.13447971781305115,0.24029982363315697
0.46621923937360177,0.16062639821029082,0.13020134228187918,0.24295302013422818
0.4698636163660361,0.161460624725033,0.12846458424989002,0.2402111746590409
0.47240618101545256,0.1620309050772627,0.13200883002207506,0.2335540838852097
0.46949602122015915,0.16357206012378425,0.13218390804597702,0.23474801061007958
0.47585601404741,0.16417910447761194,0.13037752414398596,0.2295873573309921
0.4687774846086192,0.16490765171503957,0.12884784520668427,0.23746701846965698
0.4744718309859155,0.16329225352112675,0.125,0.23723591549295775
0.4788732394366197,0.15889084507042253,0.12235915492957747,0.23987676056338028
0.4818904593639576,0.15945229681978798,0.12058303886925795,0.23807420494699646
0.48389982110912344,0.1511627906976744,0.13148479427549195,0.2334525939177102
0.4836716681376876,0.15092674315975288,0.1262135922330097,0.23918799646954986
0.4924712134632418,0.1479185119574845,0.12223206377325066,0.23737821080602303
0.49144361562088634,0.14962702939885913,0.12066695919262835,0.23826239578762615
0.4977934686672551,0.14651368049426303,0.12003530450132392,0.235657546337158
0.49868073878627966,0.14467897977132807,0.11917326297273527,0.23746701846965698
0.499558693733451,0.14210061782877317,0.11959399823477493,0.23874669020300088
0.49498035792230466,0.1436054124836316,0.12178088171104322,0.23963334788302051
0.4951754385964912,0.14868421052631578,0.1206140350877193,0.2355263157894737
0.49448123620309054,0.15496688741721854,0.12141280353200883,0.22913907284768212
0.49823321554770317,0.15282685512367492,0.12234982332155477,0.22659010600706714
0.4942882249560633,0.1577328646748682,0.12302284710017575,0.22495606326889278
0.4971478718736288,0.1570864414216762,0.12242211496270294,0.2233435717419921
0.4953560371517028,0.15745245466607696,0.12206988058381248,0.2251216275984078
0.4889380530973451,0.15575221238938053,0.12433628318584071,0.23097345132743363
0.4909332153914197,0.15656789031402035,0.12251216275984078,0.22998673153471916
0.4868881118881119,0.15428321678321677,0.12325174825174826,0.23557692307692307
0.484368119771026,0.1576398062527521,0.12329370321444298,0.23469837076177896
0.4907325684024713,0.15754633715798763,0.12135922330097088,0.23036187113857018
0.4891736632788334,0.15642951833848873,0.1232876712328767,0.23110914714980116
0.48946444249341525,0.1549604916593503,0.12686567164179105,0.22870939420544337
0.4850877192982456,0.15964912280701754,0.12631578947368421,0.22894736842105262
0.4888304862023653,0.16075339465615418,0.12395970214629873,0.2264564169951818
0.4893805309734513,0.16504424778761062,0.12477876106194691,0.22079646017699114
