R,A,S,N
0.0,0.0,0.0,1.0
0.0,0.5,0.0,0.5
0.16666666666666666,0.5,0.0,0.3333333333333333
0.09090909090909091,0.45454545454545453,0.0,0.45454545454545453
0.11764705882352941,0.4117647058823529,0.0,0.47058823529411764
0.047619047619047616,0.42857142857142855,0.0,0.5238095238095238
0.03225806451612903,0.3225806451612903,0.0,0.6451612903225806
0.02631578947368421,0.42105263157894735,0.0,0.5526315789473685
0.018518518518518517,0.5,0.0,0.48148148148148145
0.02702702702702703,0.44594594594594594,0.0,0.527027027027027
0.033707865168539325,0.5056179775280899,0.011235955056179775,0.449438202247191
0.018018018018018018,0.5225225225225225,0.009009009009009009,0.45045045045045046
0.0234375,0.484375,0.0234375,0.46875
0.03164556962025317,0.5126582278481012,0.03164556962025317,0.4240506329113924
0.047872340425531915,0.5585106382978723,0.031914893617021274,0.3617021276595745
0.049773755656108594,0.5203619909502263,0.049773755656108594,0.38009049773755654
0.06201550387596899,0.5038759689922481,0.06201550387596899,0.37209302325581395
0.05555555555555555,0.5034722222222222,0.07291666666666667,0.3680555555555556
0.06140350877192982,0.5029239766081871,0.09064327485380116,0.34502923976608185
0.05789473684210526,0.5236842105263158,0.08157894736842106,0.3368421052631579
0.06487695749440715,0.5167785234899329,0.087248322147651,0.33109619686800895
0.080078125,0.501953125,0.091796875,0.326171875
0.08108108108108109,0.4966216216216216,0.08952702702702703,0.3327702702702703
0.08709175738724728,0.4867807153965785,0.08087091757387248,0.3452566096423017
0.08823529411764706,0.49019607843137253,0.08123249299719888,0.3403361344537815
0.08987341772151898,0.5,0.0810126582278481,0.3291139240506329
0.09070294784580499,0.5011337868480725,0.08616780045351474,0.3219954648526077
0.09391124871001032,0.5108359133126935,0.08152734778121776,0.3137254901960784
0.09590316573556797,0.49813780260707635,0.0856610800744879,0.3202979515828678
0.10507880910683012,0.4973730297723292,0.09019264448336252,0.3073555166374781
0.10466067048242028,0.4922322158626329,0.09157808667211774,0.3115290269828291
0.10804597701149425,0.4812260536398467,0.09885057471264368,0.3118773946360153
0.11158798283261803,0.4871244635193133,0.09155937052932761,0.30972818311874106
0.12139503688799463,0.4721663313212609,0.0925553319919517,0.31388329979879276
0.13141025641025642,0.4705128205128205,0.09166666666666666,0.30641025641025643
0.1398644485520641,0.4688847812692545,0.09673444239063463,0.2945163277880468
0.1436077057793345,0.47869235259778165,0.09281961471103327,0.28488032691185056
0.14751286449399656,0.47398513436249284,0.09777015437392796,0.2807318467695826
0.15452054794520548,0.4684931506849315,0.09424657534246575,0.2827397260273973
0.15460697553357627,0.46382092660072877,0.09057782404997397,0.29099427381572096
0.15636177823198774,0.46959632089933573,0.09402146142054164,0.28002043944813493
0.15660847880299253,0.4598503740648379,0.09526184538653366,0.28827930174563593
0.15951219512195122,0.4497560975609756,0.10097560975609757,0.2897560975609756
0.1593172119487909,0.4570886676149834,0.09625414888572784,0.28733997155049784
0.16290018832391714,0.4519774011299435,0.09792843691148775,0.2871939736346516
0.16397228637413394,0.44757505773672057,0.10161662817551963,0.2868360277136259
0.1632183908045977,0.4496551724137931,0.10114942528735632,0.28597701149425286
0.16561085972850678,0.4447963800904977,0.10271493212669683,0.2868778280542986
0.17144156434743066,0.44201909959072305,0.10050022737608004,0.28603910868576626
0.17771763644564728,0.4406856111862878,0.10148849797023005,0.28010825439783493
0.17503392130257803,0.438715513342379,0.10628674807779286,0.2799638172772501
0.17768780926675665,0.4381466486729645,0.10751237067026541,0.2766531713900135
0.1793041926851026,0.4322033898305085,0.11195361284567351,0.27653880463871544
0.1832437275985663,0.4274193548387097,0.11514336917562724,0.27419354838709675
0.18276173285198555,0.42824909747292417,0.11507220216606498,0.2739169675090253
0.18666069829901522,0.42211280214861235,0.11504028648164727,0.27618621307072516
0.1843400447427293,0.41655480984340043,0.11722595078299776,0.28187919463087246
0.1799910674408218,0.42027690933452433,0.12014292094685128,0.2795891022778026
0.18092252575011195,0.41782355575459024,0.11957008508732647,0.2816838334079713
0.18165548098434003,0.41252796420581656,0.11812080536912752,0.2876957494407159
0.18438761776581428,0.4104979811574697,0.11888739344997756,0.28622700762673847
0.18210573881608677,0.40939900587437866,0.12291007681879801,0.28558517849073656
0.18503584229390682,0.40949820788530467,0.11917562724014337,0.2862903225806452
0.1794871794871795,0.40665766981556456,0.12550607287449392,0.28834907782276203
0.18079350766456267,0.40577096483318303,0.12623985572587917,0.2871956717763751
0.18145519077196096,0.3992901508429459,0.13043478260869565,0.2888198757763975
0.18353576248313092,0.3967611336032389,0.1313540260908682,0.28834907782276203
0.183206106870229,0.3938033228558599,0.13336326897171083,0.28962730130220027
0.19073083778966132,0.3859180035650624,0.13368983957219252,0.2896613190730838
0.1888392857142857,0.39375,0.12901785714285716,0.2883928571428571
0.18889883616830797,0.39301700984780663,0.13025962399283797,0.28782452999104746
0.19367764915405164,0.38512911843276937,0.13268032056990206,0.28851291184327693
0.19292748433303492,0.38854073410922113,0.12981199641897942,0.28871978513876456
0.18982300884955752,0.3845132743362832,0.13097345132743363,0.29469026548672567
0.19489247311827956,0.37992831541218636,0.1335125448028674,0.2916666666666667
0.19909706546275396,0.3778781038374718,0.13905191873589165,0.28397291196388263
0.20382732532265244,0.37472185135736535,0.14063195371606588,0.28081886960391633
0.19756975697569756,0.37803780378037805,0.13816381638163816,0.28622862286228623
0.205208801077683,0.3735967669510552,0.1396497530309834,0.2815446789402784
0.20622743682310468,0.36958483754512633,0.14034296028880866,0.28384476534296027
0.20911528150134048,0.3646112600536193,0.14209115281501342,0.28418230563002683
0.20987105380168963,0.3734993330369053,0.14228546020453534,0.2743441529568697
0.20684993240198288,0.36457863902658855,0.14285714285714285,0.2857142857142857
0.20672645739910314,0.3609865470852018,0.14573991031390135,0.2865470852017937
0.20566121185316233,0.3635559486952676,0.14727996461742593,0.28350287483414416
0.20358744394618833,0.37533632286995516,0.142152466367713,0.2789237668161435
0.2046783625730994,0.3738191632928475,0.13990103463787673,0.28160143949617633
0.20764044943820226,0.3752808988764045,0.13707865168539327,0.28
0.20374498439589836,0.37984841729826124,0.13330361123495318,0.2831029870708872
0.20842671447781264,0.38458090542357687,0.13222770058269834,0.27476467951591216
0.20618556701030927,0.38323621694307486,0.13043478260869565,0.2801434334379202
0.2066815144766147,0.3839643652561247,0.13229398663697103,0.27706013363028953
0.20680393912264997,0.38227394807520143,0.13160250671441362,0.279319606087735
0.21087533156498675,0.378868258178603,0.1330680813439434,0.27718832891246686
0.20786767992847563,0.3795261510952168,0.13500223513634332,0.27760393383996423
0.20992028343666963,0.37112488928255094,0.14481842338352524,0.2741364038972542
0.21189092534644613,0.37371479660259277,0.14438980777827448,0.27000447027268665
0.21370604147880973,0.369702434625789,0.1460775473399459,0.27051397655545534
0.21473495058400718,0.3674752920035939,0.1495956873315364,0.26819407008086255
0.21758636159712877,0.36473755047106327,0.14984297891431134,0.26783310901749663
0.22563417890520696,0.35558522474410326,0.14819759679572764,0.2705829995549622
0.22315882874889087,0.3615794143744454,0.14773735581189,0.2675244010647737
0.22415329768270945,0.35472370766488415,0.1483957219251337,0.2727272727272727
0.21654068474877725,0.36638506002667853,0.14495331258337038,0.27212094264117387
0.21676430824695808,0.36863452005407843,0.14511041009463724,0.2694907616043263
0.22073279714030383,0.3708668453976765,0.14075067024128687,0.2676496872207328
0.2219215155615697,0.37392873252142533,0.14433919711321605,0.2598105548037889
0.22388737511353315,0.37693006357856496,0.14259763851044505,0.25658492279745687
0.22711111111111112,0.37422222222222223,0.14444444444444443,0.25422222222222224
0.22478898267436695,0.3780541981341626,0.14438027543314083,0.25277654375832964
0.22321828776333483,0.38009861048857013,0.14119229045271178,0.25549081129538326
0.2297476759628154,0.3714032757857459,0.14121292607348385,0.25763612217795484
0.22690582959641256,0.3717488789237668,0.14394618834080716,0.25739910313901343
0.22147349505840072,0.3746630727762803,0.14555256064690028,0.2583108715184187
0.23263110712684895,0.3697893321380547,0.1425369789332138,0.25504258180188255
0.23387096774193547,0.3709677419354839,0.14336917562724014,0.2517921146953405
0.23463436518618214,0.3764019739793629,0.14490803050695378,0.24405563032750113
0.2336322869955157,0.3721973094170404,0.14439461883408072,0.24977578475336323
0.2402334979793444,0.3682083520431073,0.14234396048495734,0.24921418949259094
0.2374326750448833,0.36714542190305205,0.14766606822262118,0.24775583482944344
0.24509803921568626,0.3609625668449198,0.1497326203208556,0.24420677361853832
0.23773075191355245,0.37280504277352544,0.15443493921656912,0.235029266096353
0.23994638069705093,0.3672922252010724,0.15147453083109919,0.24128686327077747
0.23131357806280406,0.37019018133569215,0.15656789031402035,0.2419283502874834
0.23018699910952806,0.3748886910062333,0.1527159394479074,0.24220837043633126
0.23280898876404493,0.36269662921348317,0.15775280898876404,0.24674157303370786
0.23015165031222123,0.3617305976806423,0.1592328278322926,0.2488849241748439
0.23276240667545015,0.35529205094422484,0.1585419411506368,0.2534036012296882
0.22789871168369613,0.3593958240781875,0.16081741448245224,0.25188804975566415
0.2285843101893598,0.36158701532912535,0.15599639314697927,0.2538322813345356
0.22927927927927927,0.36486486486486486,0.15315315315315314,0.2527027027027027
0.22827555155335436,0.36109860423232776,0.1535344439441693,0.2570914002701486
0.2273542600896861,0.3524663677130045,0.15784753363228698,0.2623318385650224
0.22735507246376813,0.358695652173913,0.151268115942029,0.26268115942028986
0.22582076308784382,0.36335403726708076,0.14995563442768411,0.2608695652173913
0.23391812865497075,0.36257309941520466,0.1484480431848853,0.2550607287449393
0.23909171861086376,0.3557435440783615,0.15048975957257346,0.25467497773820125
0.23371989295272078,0.35013380909901876,0.15611061552185548,0.260035682426405
0.23272403031654035,0.35621934908604547,0.15202853321444493,0.25902808738296923
0.238585496866607,0.3487018800358102,0.15264100268576544,0.26007162041181736
0.24091520861372812,0.3494840735755944,0.14490803050695378,0.26469268730372364
0.24426807760141092,0.3403880070546737,0.15255731922398588,0.26278659611992944
0.2407079646017699,0.3438053097345133,0.15265486725663716,0.2628318584070796
0.23949955317247543,0.3436103663985702,0.15192135835567472,0.2649687220732797
0.246415770609319,0.34274193548387094,0.14740143369175626,0.26344086021505375
0.25011225864391556,0.3520431073192636,0.14369106421194433,0.2541535698248765
0.25201432408236346,0.34735899731423453,0.1396598030438675,0.26096687555953446
0.25513851653261843,0.34584450402144773,0.13985701519213584,0.25915996425379806
0.2520107238605898,0.34718498659517427,0.14700625558534405,0.2537980339588919
0.25495495495495496,0.3436936936936937,0.1463963963963964,0.25495495495495496
0.25279142474318894,0.34301027244305493,0.14738722644037516,0.25681107637338096
0.25316455696202533,0.3449367088607595,0.1491862567811935,0.2527124773960217
0.2589245368278355,0.3492995933122458,0.14505196565747855,0.24672390420244011
0.257026291931097,0.35086128739800543,0.14505893019038985,0.2470534904805077
0.25797752808988766,0.3541573033707865,0.1393258426966292,0.24853932584269664
0.25790424570912374,0.34598012646793136,0.14046973803071364,0.25564588979223124
0.2563405797101449,0.3500905797101449,0.14402173913043478,0.24954710144927536
0.25269299820466784,0.3518850987432675,0.144524236983842,0.2508976660682226
0.261968085106383,0.3453014184397163,0.14716312056737588,0.24556737588652483
0.2615658362989324,0.3376334519572954,0.148576512455516,0.25222419928825623
0.26455026455026454,0.33818342151675485,0.14858906525573193,0.24867724867724866
0.2629233511586453,0.33778966131907306,0.1497326203208556,0.24955436720142601
0.26344086021505375,0.335573476702509,0.15143369175627241,0.24955197132616488
0.2628494138863841,0.3345356176735798,0.1478809738503156,0.25473399458972046
0.2626852267624607,0.3295913785361473,0.14997754827121687,0.2577458464301751
0.2601698703620921,0.3299061242735807,0.15154224407688868,0.25838176128743856
0.25879732739420935,0.333184855233853,0.1492204899777283,0.25879732739420935
0.2576101771921854,0.3348477964561563,0.15129486597001363,0.2562471603816447
0.26376554174067496,0.33037300177619894,0.15452930728241562,0.25133214920071045
0.26454789615040286,0.3357206803939123,0.14637421665174574,0.25335720680393914
0.266304347826087,0.33242753623188404,0.14402173913043478,0.2572463768115942
0.2670891806247171,0.3309189678587596,0.14622000905387053,0.2557718424626528
0.26573110004526934,0.3232231779085559,0.15074694431869623,0.2602987777274785
0.26551880380607157,0.3230629814227458,0.14725872224739464,0.26415949252378795
0.2673179396092362,0.3299289520426288,0.1447602131438721,0.2579928952042629
0.27647058823529413,0.3176470588235294,0.1497737556561086,0.25610859728506785
0.27583108715184185,0.31716082659478884,0.1509433962264151,0.2560646900269542
0.26741573033707866,0.31820224719101126,0.15191011235955057,0.26247191011235954
0.26900584795321636,0.3139901034637877,0.15519568151147098,0.26180836707152494
0.2722794446932378,0.3143752798925213,0.1509180474697716,0.2624272279444693
0.2750561797752809,0.3141573033707865,0.15191011235955057,0.25887640449438204
0.2752129090094128,0.31376064545047067,0.15419094576423129,0.25683549977588527
0.2740774077407741,0.31278127812781276,0.15436543654365437,0.2587758775877588
0.2796610169491525,0.3113291703835861,0.15521855486173058,0.2537912578055308
0.277753009362461,0.31475702184574234,0.15648684797146678,0.25100312082032994
0.27695749440715883,0.30827740492170025,0.15615212527964206,0.25861297539149886
0.2738147984049623,0.30571555161719094,0.1634913602126717,0.256978289765175
0.27612612612612614,0.3099099099099099,0.16126126126126125,0.2527027027027027
0.2710655372269282,0.31297369594293356,0.16005349977708427,0.25590726705305394
0.27098214285714284,0.30892857142857144,0.16205357142857144,0.2580357142857143
0.2647191011235955,0.3146067415730337,0.1644943820224719,0.25617977528089886
0.26425099425541315,0.31064958020327,0.16349977905435262,0.2615996464869642
0.26843525179856115,0.3098021582733813,0.1614208633093525,0.260341726618705
0.26681614349775784,0.30269058295964124,0.16950672645739912,0.2609865470852018
0.2700534759358289,0.30080213903743314,0.16711229946524064,0.2620320855614973
0.27113309352517984,0.306205035971223,0.16681654676258992,0.2558453237410072
0.2720323741007194,0.3107014388489209,0.16232014388489208,0.25494604316546765
0.26902417188898836,0.3088630259623993,0.16875559534467324,0.25335720680393914
0.2682280159080866,0.3049049933716306,0.17454706142288998,0.25231992929739283
0.27284886312973694,0.3000445831475702,0.1734284440481498,0.253678109674543
0.270353982300885,0.3035398230088496,0.1738938053097345,0.252212389380531
0.26521545979564637,0.3154153709462461,0.17414482452243446,0.24522434473567303
0.26952253458277553,0.3132530120481928,0.17224453369031684,0.24497991967871485
0.2670863309352518,0.30845323741007197,0.17535971223021582,0.24910071942446044
0.2629695885509839,0.30590339892665475,0.18023255813953487,0.2508944543828265
0.26365264100268576,0.30035810205908686,0.18352730528200537,0.25246195165622204
0.26253953908721195,0.2973339358337099,0.18617261635788523,0.25395390872119294
0.26238938053097344,0.29690265486725664,0.1831858407079646,0.2575221238938053
0.2619893428063943,0.29928952042628776,0.18206039076376554,0.2566607460035524
0.2580071174377224,0.29626334519572955,0.18994661921708186,0.2557829181494662
0.26187305814469597,0.2991566799822459,0.19440745672436752,0.24456280514869064
0.25500667556742324,0.30574098798397864,0.1886960391633289,0.25055629728526924
0.2526690391459075,0.30782918149466193,0.18905693950177935,0.25044483985765126
0.25,0.30303030303030304,0.19028520499108734,0.25668449197860965
0.25132978723404253,0.30274822695035464,0.18661347517730498,0.25930851063829785
0.24911660777385158,0.30565371024734983,0.1855123674911661,0.2597173144876325
0.24910554561717352,0.30456171735241505,0.17844364937388194,0.2678890876565295
0.25411659991099245,0.2946150422785937,0.1811303960836671,0.27013796172674676
0.2541313086199196,0.2925413130861992,0.18222420723537294,0.2711031710585083
0.2493285586392122,0.29498657117278426,0.18576544315129812,0.26991942703670546
0.25033527045149756,0.2919088064371927,0.1819400983459991,0.2758158247653107
0.2587601078167116,0.2866127583108715,0.18104222821203952,0.27358490566037735
0.2626852267624607,0.29097440502918726,0.17647058823529413,0.26986977997305794
0.2550698512843623,0.2960793150067598,0.17395223073456512,0.27489860297431273
0.24594594594594596,0.3,0.17657657657657658,0.2774774774774775
0.24966382787987448,0.2944867772299417,0.17794710891976692,0.27790228597041683
0.24966562639322337,0.29424877396344185,0.17877842175657602,0.2773071778867588
0.24571686203787196,0.2939585211902615,0.18394950405770966,0.2763751127141569
0.2555853440571939,0.29088471849865954,0.18230563002680966,0.2712243074173369
0.25199645075421473,0.29547471162378,0.18012422360248448,0.2724046140195209
0.260347129506008,0.28437917222963954,0.18157543391188252,0.27369826435246997
0.2548758865248227,0.2925531914893617,0.17641843971631205,0.27615248226950356
0.24911347517730498,0.2859042553191489,0.18218085106382978,0.2828014184397163
0.2535650623885918,0.28921568627450983,0.18270944741532977,0.27450980392156865
0.2586050724637681,0.28125,0.182518115942029,0.2776268115942029
0.2586975914362177,0.284121320249777,0.18376449598572703,0.2734165923282783
0.2628091872791519,0.284452296819788,0.18242049469964663,0.2703180212014134
0.2576769025367156,0.2839341344014241,0.1811303960836671,0.2772585669781931
0.2662801070472792,0.28278322925958965,0.1784121320249777,0.27252453166815344
0.26541554959785524,0.27837354781054513,0.17381590705987487,0.28239499553172476
0.2640144665461121,0.27622061482820975,0.1763110307414105,0.2834538878842676
0.26143497757847534,0.2789237668161435,0.17668161434977578,0.28295964125560535
0.2616279069767442,0.28577817531305905,0.17576028622540252,0.2768336314847943
0.26151095216808223,0.2829682610639249,0.17478766204738488,0.28073312472060796
0.2626852267624607,0.286484059272564,0.17018410417602156,0.2806466097889537
0.2571041948579161,0.29499323410013534,0.16914749661705006,0.2787550744248985
0.25346446133214123,0.28833258828788555,0.1743406347787215,0.2838623156012517
0.2564450474898236,0.2908186341022162,0.17277250113071008,0.2799638172772501
0.26048565121412803,0.28874172185430463,0.17086092715231788,0.27991169977924946
0.2571301247771836,0.2887700534759358,0.1751336898395722,0.2789661319073084
0.26011560693641617,0.28546020453534904,0.17385504668741664,0.28056914184081816
0.26201067615658363,0.28558718861209964,0.1748220640569395,0.2775800711743772
0.2666068222621185,0.28276481149012567,0.17728904847396768,0.27333931777378817
0.26504941599281223,0.2807726864330638,0.17879604672057503,0.275381850853549
0.2648648648648649,0.2833333333333333,0.17927927927927928,0.2725225225225225
0.2672998643147897,0.2908186341022162,0.17503392130257803,0.2668475802804161
0.2647058823529412,0.2874331550802139,0.16889483065953653,0.2789661319073084
0.26991150442477874,0.2849557522123894,0.17300884955752213,0.2721238938053097
0.2647189021691014,0.2903939796370075,0.17175741478530324,0.2731297034085879
0.26610767872903796,0.294351279788173,0.16857899382171226,0.2709620476610768
0.2640750670241287,0.29848078641644327,0.1648793565683646,0.2725647899910634
0.26162018592297476,0.301460823373174,0.16777335104028332,0.26914563966356797
0.26096687555953446,0.29946284691136976,0.1683079677708147,0.2712623097582811
0.2557098074339454,0.3072100313479624,0.16927899686520376,0.2678011643528885
0.261123595505618,0.3042696629213483,0.1644943820224719,0.2701123595505618
0.261455525606469,0.30682839173405213,0.16352201257861634,0.26819407008086255
0.25738972260118237,0.31241473396998637,0.16780354706684858,0.26239199636198274
0.26159387663214767,0.31517334533993696,0.1670418730301666,0.25619090499774877
0.26179875333926983,0.3143365983971505,0.1651825467497774,0.25868210151380233
0.2589126559714795,0.31907308377896615,0.1622103386809269,0.25980392156862747
0.26559714795008915,0.31194295900178254,0.1626559714795009,0.25980392156862747
0.26852267624607096,0.31387516838796586,0.16344858554108666,0.2541535698248765
0.2621923937360179,0.30827740492170025,0.16599552572706935,0.26353467561521254
0.2651080723423026,0.3030436700485223,0.16453462726069695,0.26731363034847816
0.2663716814159292,0.3004424778761062,0.17079646017699116,0.26238938053097344
0.26986977997305794,0.29950606196677143,0.163897620116749,0.26672653794342166
0.2642095914742451,0.29928952042628776,0.16873889875666073,0.2677619893428064
0.2664604507291206,0.30225364560318163,0.16482545293857712,0.2664604507291206
0.26517857142857143,0.290625,0.16964285714285715,0.27455357142857145
0.26669634906500445,0.280053428317008,0.1772039180765806,0.27604630454140694
0.2676496872207328,0.28596961572832885,0.16845397676496873,0.2779267202859696
0.25983899821109124,0.287567084078712,0.1708407871198569,0.2817531305903399
0.2642696629213483,0.28359550561797753,0.17123595505617978,0.2808988764044944
0.26612539467749213,0.2823635543527289,0.17410915651781686,0.2774018944519621
0.2722419928825623,0.2846975088967972,0.17215302491103202,0.2709074733096085
0.26639892904953144,0.29049531459170014,0.17447568049977688,0.2686300758589915
0.2638888888888889,0.289426523297491,0.17697132616487454,0.26971326164874554
0.2673579801623084,0.2840396753832281,0.17583408476104598,0.2727682596934175
0.27522522522522525,0.27837837837837837,0.17387387387387387,0.2725225225225225
0.2756611385029135,0.28641864634692965,0.17436127297176154,0.2635589421783953
0.2784243509400179,0.28245299910474486,0.18039391226499552,0.25872873769024174
0.2754142409314823,0.28750559785042545,0.17330944917151814,0.2637707120465741
0.27439570277529096,0.29140555058191586,0.17547000895255147,0.25872873769024174
0.2736607142857143,0.29285714285714287,0.175,0.2584821428571429
0.2790489008524002,0.29161058770749215,0.17092866756393002,0.25841184387617766
0.2820627802690583,0.28565022421524666,0.16771300448430493,0.2645739910313901
0.28217821782178215,0.2866786678667867,0.17281728172817282,0.2583258325832583
0.2814451382694023,0.2859054415700268,0.17528991971454058,0.25735950044603034
0.27575348627980206,0.2896986054880792,0.17498875393612237,0.2595591542959964
0.28125,0.2857142857142857,0.17142857142857143,0.26160714285714287
0.279027902790279,0.28532853285328535,0.16966696669666967,0.265976597659766
0.2796420581655481,0.2854586129753915,0.17136465324384786,0.26353467561521254
0.2800357302367128,0.28941491737382763,0.17239839213934793,0.25815096025011164
0.2852664576802508,0.2861621137483206,0.16793551276309898,0.2606359158083296
0.28750559785042545,0.2834751455441111,0.16614420062695925,0.26287505597850425
0.2878179384203481,0.2878179384203481,0.1686746987951807,0.2556894243641232
0.2797140303842717,0.28507596067917784,0.17828418230563003,0.25692582663092045
0.2853297442799462,0.28757290264692686,0.17541498429789143,0.25168236877523553
0.28034034930586654,0.2897447380206001,0.17062248096730856,0.2592924317062248
0.27980427046263345,0.28870106761565834,0.1632562277580071,0.2682384341637011
0.27797513321492007,0.2873001776198934,0.16563055062166962,0.2690941385435169
0.2756324900133156,0.30004438526409233,0.16245006657789615,0.26187305814469597
0.2693345323741007,0.30080935251798563,0.16276978417266186,0.2670863309352518
0.270656543099598,0.2974542206342117,0.16480571683787404,0.2670835194283162
0.2721575649059982,0.2981199641897941,0.16517457475380484,0.26454789615040286
0.27584650112866815,0.2898419864559819,0.16343115124153498,0.2708803611738149
0.2715724923346474,0.2925974594831362,0.1677617170389838,0.2680683311432326
0.27455357142857145,0.28794642857142855,0.16785714285714284,0.26964285714285713
0.276,0.2848888888888889,0.1688888888888889,0.2702222222222222
0.27312775330396477,0.286784140969163,0.16431718061674008,0.2757709251101322
0.2715939447907391,0.28495102404274264,0.16607301869991095,0.2773820124666073
0.26755555555555555,0.2831111111111111,0.16444444444444445,0.2848888888888889
0.26350752878653677,0.29096545615589015,0.16430469441984058,0.2812223206377325
0.2651036970243463,0.2957619477006312,0.16050495942290352,0.27862939585211904
0.26437301946582165,0.29379809868718876,0.16070620190131282,0.2811226799456768
0.2666967509025271,0.2924187725631769,0.1624548736462094,0.27842960288808666
0.26,0.29733333333333334,0.16044444444444445,0.2822222222222222
0.2705829995549622,0.2906097018246551,0.159768580329328,0.27903871829105475
0.27195340501792115,0.2862903225806452,0.16487455197132617,0.2768817204301075
0.2751346499102334,0.28276481149012567,0.16382405745062836,0.27827648114901254
0.27053571428571427,0.28169642857142857,0.1625,0.28526785714285713
0.27113309352517984,0.2814748201438849,0.16321942446043167,0.2841726618705036
0.2703423743886172,0.28457092040907067,0.16184971098265896,0.2832369942196532
0.2740150509074812,0.28508189464364764,0.16290393979637008,0.2779991146525011
0.27358490566037735,0.279874213836478,0.16711590296495957,0.27942497753818507
0.2755834829443447,0.27737881508078993,0.1687612208258528,0.27827648114901254
0.27231942575145807,0.2835352175863616,0.17003140421713772,0.2741139524450426
0.2720323741007194,0.2805755395683453,0.17176258992805754,0.2756294964028777
0.2723558783477077,0.2823422605537903,0.17294598275079437,0.2723558783477077
0.27697841726618705,0.2801258992805755,0.16861510791366907,0.27428057553956836
0.27695749440715883,0.2809843400447427,0.1691275167785235,0.27293064876957496
0.27626285203397405,0.28028609745194455,0.16942333482342423,0.27402771569065715
0.27644444444444444,0.2768888888888889,0.1688888888888889,0.2777777777777778
0.28375387339530767,0.2779991146525011,0.16865869853917662,0.2695883134130146
0.2864120781527531,0.2766429840142096,0.16740674955595028,0.26953818827708703
0.2887292321508756,0.2779524023349798,0.16524472384373598,0.26807364167040865
0.2947034857401539,0.28021729289271163,0.15708465368945224,0.2679945676776822
0.2909172661870504,0.2787769784172662,0.15782374100719423,0.27248201438848924
0.2879534258844604,0.2825794894760412,0.16077026421854007,0.2686968204209583
0.2875846501128668,0.2817155756207675,0.16343115124153498,0.2672686230248307
0.289237668161435,0.27937219730941704,0.16278026905829596,0.268609865470852
0.2949350067234424,0.27969520394441955,0.15732855221873598,0.26804123711340205
0.3004041311180961,0.27885047148630443,0.1522227211495285,0.26852267624607096
0.29440715883668905,0.28456375838926173,0.15257270693512304,0.2684563758389262
0.29220489977728287,0.29086859688195993,0.1492204899777283,0.26770601336302896
0.28820375335120646,0.2899910634495085,0.15415549597855227,0.2676496872207328
0.2906714736367733,0.28481297881928797,0.15187021180712032,0.2726453357368184
0.29422382671480146,0.28113718411552346,0.1552346570397112,0.2694043321299639
0.2942767012167643,0.2830103650292925,0.16178458765209555,0.2609283461018477
0.2993288590604027,0.2854586129753915,0.16062639821029082,0.254586129753915
0.2926609635299415,0.2895092300765421,0.15893741557856822,0.25889239081494825
0.2916666666666667,0.2885304659498208,0.15770609318996415,0.2620967741935484
0.2940651494868362,0.2878179384203481,0.15618027666220438,0.26193663543061135
0.2956366874443455,0.2858414959928762,0.15316117542297417,0.2653606411398041
0.29520457545094586,0.28068631764188295,0.1548614166300044,0.2692476902771667
0.2903657448706512,0.2832292595896521,0.15878679750223015,0.26761819803746656
0.2951404369148462,0.2795363352652697,0.15782434239857335,0.26749888542131073
0.289438202247191,0.28224719101123596,0.1546067415730337,0.27370786516853934
0.2866043613707165,0.27814864263462397,0.14997774810858924,0.28526924788607033
0.2900590104403087,0.28188833408987746,0.1525192918747163,0.2755333635950976
0.29073909171861084,0.2804986642920748,0.15004452359750667,0.27871772039180764
0.2852017937219731,0.27847533632286997,0.15246636771300448,0.2838565022421525
0.2821893225661732,0.28263795423956933,0.1516375056078959,0.2835352175863616
0.2838565022421525,0.27757847533632285,0.15246636771300448,0.2860986547085202
0.28236853733981443,0.28236853733981443,0.1515687140963323,0.2836942112240389
0.2824156305506217,0.2775310834813499,0.15541740674955595,0.28463587921847244
0.2842526690391459,0.28158362989323843,0.1543594306049822,0.27980427046263345
0.2796610169491525,0.27876895628902765,0.15834076717216772,0.2832292595896521
0.27994616419919244,0.2781516375056079,0.1579183490354419,0.2839838492597577
0.2757847533632287,0.27937219730941704,0.15426008968609867,0.2905829596412556
0.27583148558758314,0.2776053215077605,0.15787139689578714,0.2886917960088692
0.27507802050824787,0.2746321890325457,0.1591618368256799,0.2911279536335265
0.27506654835847383,0.2732919254658385,0.15882874889086068,0.29281277728482696
0.2783687943262411,0.2726063829787234,0.1573581560283688,0.2916666666666667
0.2838738338516215,0.26343847179031543,0.15992892047978677,0.2927587738782763
0.2903225806451613,0.2625448028673835,0.15546594982078854,0.2916666666666667
0.28507194244604317,0.26573741007194246,0.15467625899280577,0.29451438848920863
0.2835214446952596,0.27584650112866815,0.1525959367945824,0.2880361173814898
0.29217548620533695,0.2700135685210312,0.1519674355495251,0.2858435097241067
0.28615794143744455,0.2724046140195209,0.1557231588287489,0.2857142857142857
0.2821650399290151,0.27506654835847383,0.15039929015084294,0.29236912156166817
0.28755555555555556,0.2751111111111111,0.14888888888888888,0.28844444444444445
0.28775055679287304,0.2748329621380846,0.14743875278396437,0.28997772828507795
0.2834960070984916,0.27817213842058564,0.14773735581189,0.2905944986690328
0.2782222222222222,0.276,0.152,0.2937777777777778
0.2746415770609319,0.28136200716845877,0.15412186379928317,0.28987455197132617
0.26693584567070433,0.2857783759533423,0.15612382234185734,0.291161956034096
0.275355871886121,0.2873665480427046,0.14902135231316727,0.28825622775800713
0.2666969559291231,0.2894139027714675,0.15265788278055428,0.29123125851885506
0.26724531749657376,0.28688899040657834,0.1534947464595706,0.2923709456372773
0.27018493459630133,0.2855209742895805,0.15471357690572846,0.2895805142083897
0.2737777777777778,0.2853333333333333,0.148,0.29288888888888887
0.2657218777679362,0.28476527900797166,0.15411868910540302,0.2953941541186891
0.26648721399730824,0.28847016599371916,0.1579183490354419,0.2871242709735307
0.267825311942959,0.2803030303030303,0.16488413547237077,0.28698752228163993
0.257168458781362,0.2818100358422939,0.16621863799283154,0.2948028673835125
0.25504258180188255,0.2832810398924249,0.17077543702375617,0.29090094128193633
0.25145413870246086,0.28008948545861295,0.17718120805369128,0.2912751677852349
0.24435411020776873,0.2786811201445348,0.18066847335140018,0.2962962962962963
0.2421805183199285,0.2801608579088472,0.1867739052725648,0.29088471849865954
0.2445141065830721,0.277205553067622,0.18987908643081056,0.2884012539184953
0.24405563032750113,0.2741139524450426,0.19470614625392552,0.2871242709735307
0.24471434997750788,0.2681061628430049,0.19568151147098514,0.291497975708502
0.24285714285714285,0.26651785714285714,0.19598214285714285,0.29464285714285715
0.2461883408071749,0.2672645739910314,0.19820627802690582,0.2883408071748879
0.2448614834673816,0.26899016979445933,0.1961572832886506,0.2899910634495085
0.2507699076110867,0.2701275846898372,0.1922569291684998,0.28684557853057635
0.24755555555555556,0.2697777777777778,0.19733333333333333,0.2853333333333333
0.24267968056787934,0.2653061224489796,0.19920141969831412,0.29281277728482696
0.247001332741004,0.2581075077743225,0.20213238560639715,0.2927587738782763
0.24944021495745633,0.2601880877742947,0.1974921630094044,0.2928795342588446
0.25555052106932485,0.25781603987313095,0.19710013593112824,0.28953330312641595
0.25278644672313866,0.26081141328577795,0.1992866696388765,0.28711547035220686
0.250996015936255,0.26294820717131473,0.20097388224878265,0.28508189464364764
0.25177619893428066,0.2642095914742451,0.2002664298401421,0.28374777975133214
0.2501128668171558,0.26636568848758463,0.2018058690744921,0.2817155756207675
0.2507822977201609,0.26866338846669646,0.1975860527492177,0.2829682610639249
0.24977578475336323,0.27085201793721975,0.19641255605381167,0.28295964125560535
0.2516763522574877,0.26866338846669646,0.19848010728654447,0.2811801519892713
0.25616868550919697,0.2687303723642889,0.19156572454015253,0.2835352175863616
0.26028622540250446,0.26565295169946335,0.1981216457960644,0.2759391771019678
0.2636001769128704,0.25961963732861565,0.19814241486068113,0.2786377708978328
0.2608311229000884,0.259946949602122,0.20070733863837312,0.27851458885941643
0.2662192393736018,0.25906040268456376,0.1941834451901566,0.28053691275167786
0.26959247648902823,0.2552619793999104,0.19346171070309,0.2816838334079713
0.2736607142857143,0.253125,0.18794642857142857,0.28526785714285713
0.2779510022271715,0.25211581291759466,0.1844097995545657,0.2855233853006682
0.2829094154395359,0.25792057117358325,0.18206157965194109,0.27710843373493976
0.27909050378956757,0.26081141328577795,0.18056174765938476,0.2795363352652697
0.27555555555555555,0.26355555555555554,0.17466666666666666,0.2862222222222222
0.27128363475959416,0.2642258491398324,0.1795324217026908,0.28495809439788267
0.27389951089373055,0.2658959537572254,0.18008003557136504,0.28012449977767895
0.2746606334841629,0.2642533936651584,0.18009049773755656,0.2809954751131222
0.2714993246285457,0.2633948671769473,0.17829806393516434,0.28680774425934263
0.27397868561278865,0.2557726465364121,0.1771758436944938,0.29307282415630553
0.26955744300402323,0.25748770675011173,0.18819848010728654,0.28475637013857846
0.2688657930411206,0.2575689109805694,0.18707636692272933,0.28648892905558065
0.2644959857270294,0.2604817127564674,0.18599464763603926,0.28902765388046386
0.27196467991169976,0.2560706401766004,0.1836644591611479,0.2883002207505519
0.2800718132854578,0.25269299820466784,0.1867145421903052,0.28052064631956913
0.2816838334079713,0.25884460367218987,0.17733990147783252,0.28213166144200624
0.2865470852017937,0.2547085201793722,0.17757847533632287,0.2811659192825112
0.2842960288808664,0.2581227436823105,0.17779783393501805,0.27978339350180503
0.2881508078994614,0.25583482944344704,0.1745960502692998,0.28141831238779175
0.28674157303370784,0.251685393258427,0.17438202247191012,0.28719101123595503
0.28005402971634397,0.25393966681674923,0.17514633048176498,0.2908599729851418
0.2828507795100223,0.24810690423162585,0.1755011135857461,0.2935412026726058
0.2812223206377325,0.2546501328609389,0.17094774136403898,0.29317980513728964
0.2833775419982317,0.251105216622458,0.1724137931034483,0.29310344827586204
0.2788288288288288,0.25,0.17297297297297298,0.2981981981981982
0.2830188679245283,0.24528301886792453,0.1720575022461815,0.2996406109613657
0.28481862964621585,0.24944021495745633,0.1728616211374832,0.2928795342588446
0.28167770419426047,0.24503311258278146,0.1739514348785872,0.2993377483443709
0.2822222222222222,0.25066666666666665,0.17333333333333334,0.2937777777777778
0.2836218375499334,0.2458943630714603,0.17576564580559254,0.2947181535730138
0.2828014184397163,0.24379432624113476,0.17819148936170212,0.29521276595744683
0.2780772686433064,0.24573225516621744,0.1738544474393531,0.3023360287511231
0.28292682926829266,0.24700665188470067,0.1720620842572062,0.29800443458980047
0.28508189464364764,0.2478972996901284,0.16600265604249667,0.3010181496237273
0.28896828941491737,0.24787851719517642,0.16480571683787404,0.29834747655203214
0.29168519341929744,0.2449977767896843,0.16007114273010226,0.303245887060916
0.2967279246974451,0.24876736889287315,0.15912147019273867,0.29538323621694307
0.29714285714285715,0.2531868131868132,0.15516483516483517,0.2945054945054945
0.30106571936056836,0.25177619893428066,0.152753108348135,0.294404973357016
0.29977728285077954,0.25701559020044545,0.15322939866369711,0.28997772828507795
0.3020044543429844,0.2552338530066815,0.1514476614699332,0.2913140311804009
0.2998673153471915,0.2605042016806723,0.14993365767359576,0.28969482529854046
0.2946150422785937,0.2634623943035158,0.14775255896751224,0.2941700044503783
0.28749443702714733,0.26479750778816197,0.14775255896751224,0.2999554962171785
0.2831621259490844,0.2679767753461367,0.14694059848146493,0.30192050022331396
0.2895805142083897,0.2634190347316193,0.15110509697789806,0.29589535408209294
0.2887483054676909,0.2702214188883868,0.14460009037505647,0.2964301852688658
0.28073312472060796,0.2758158247653107,0.1479660259275816,0.2954850245864998
0.2783273381294964,0.2738309352517986,0.15422661870503598,0.29361510791366907
0.2805755395683453,0.27428057553956836,0.15467625899280577,0.2904676258992806
0.2765575974899148,0.27476467951591216,0.15822501120573734,0.2904527117884357
0.27695749440715883,0.28187919463087246,0.15302013422818792,0.28814317673378076
0.27402771569065715,0.2771569065713009,0.15780062583817614,0.29101475189986586
0.27232142857142855,0.27901785714285715,0.16026785714285716,0.2883928571428571
0.26734875444839856,0.27669039145907476,0.15969750889679715,0.29626334519572955
0.2744227353463588,0.27264653641207814,0.16563055062166962,0.2873001776198934
0.27644444444444444,0.2751111111111111,0.1648888888888889,0.28355555555555556
0.2776053215077605,0.2709534368070953,0.1671840354767184,0.2842572062084257
0.27812223206377323,0.2745792736935341,0.1678476527900797,0.27945084145261295
0.2733780760626398,0.2715883668903803,0.1651006711409396,0.28993288590604027
0.2723613595706619,0.27415026833631484,0.1592128801431127,0.29427549194991054
0.2714285714285714,0.2669642857142857,0.16741071428571427,0.2941964285714286
0.27641551493535443,0.2630405706642889,0.1707534551939367,0.28979045920642
0.2720816688859299,0.27030625832223704,0.1677762982689747,0.2898357745228584
0.26912691269126915,0.26912691269126915,0.17326732673267325,0.2884788478847885
0.26714158504007124,0.2715939447907391,0.1736420302760463,0.28762243989314334
0.27183161665920286,0.2682489923869234,0.17375727720555306,0.2861621137483206
0.27232142857142855,0.26607142857142857,0.18080357142857142,0.28080357142857143
0.27175843694493784,0.272202486678508,0.1714031971580817,0.28463587921847244
0.27211495285136955,0.2797485406376291,0.16883700044903457,0.2792995060619668
0.2723595505617977,0.2786516853932584,0.16584269662921347,0.28314606741573034
0.2654627539503386,0.2830699774266366,0.16749435665914222,0.28397291196388263
0.2620008972633468,0.28488111260655,0.16644235082996858,0.28667563930013457
0.2603655818100758,0.2857779759251003,0.1680784663397236,0.2857779759251003
0.26464014304872596,0.2753687974966473,0.17299955297273134,0.2869915064818954
0.25616868550919697,0.28263795423956933,0.17137729923732614,0.28981606101390756
0.2572837292693859,0.28103989242492156,0.17301658449125953,0.28865979381443296
0.25846702317290554,0.28475935828877,0.16532976827094475,0.2914438502673797
0.25821167883211676,0.2851277372262774,0.1656021897810219,0.29105839416058393
0.2602063705697622,0.291161956034096,0.16285329744279947,0.2857783759533423
0.2632524707996406,0.29380053908355797,0.15498652291105122,0.28796046720575025
0.26457597173144876,0.2946113074204947,0.15282685512367492,0.2879858657243816
0.25555555555555554,0.292,0.1582222222222222,0.2942222222222222
0.2567868268802848,0.2866043613707165,0.1557632398753894,0.3008455718736093
