R,A,S,N
0.0,0.0,1.0,0.0
0.5,0.0,0.5,0.0
0.25,0.5,0.25,0.0
0.5,0.16666666666666666,0.3333333333333333,0.0
0.5714285714285714,0.14285714285714285,0.14285714285714285,0.14285714285714285
0.36363636363636365,0.18181818181818182,0.18181818181818182,0.2727272727272727
0.5,0.21428571428571427,0.07142857142857142,0.21428571428571427
0.5,0.25,0.0,0.25
0.5,0.19230769230769232,0.038461538461538464,0.2692307692307692
0.47058823529411764,0.23529411764705882,0.029411764705882353,0.2647058823529412
0.5,0.16,0.02,0.32
0.48484848484848486,0.19696969696969696,0.015151515151515152,0.30303030303030304
0.494949494949495,0.18181818181818182,0.010101010101010102,0.31313131313131315
0.5116279069767442,0.16279069767441862,0.007751937984496124,0.3178294573643411
0.5279503105590062,0.15527950310559005,0.006211180124223602,0.3105590062111801
0.5510204081632653,0.1377551020408163,0.015306122448979591,0.29591836734693877
0.5541125541125541,0.1471861471861472,0.021645021645021644,0.27705627705627706
0.5481481481481482,0.12222222222222222,0.022222222222222223,0.3074074074074074
0.53125,0.1125,0.028125,0.328125
0.5471698113207547,0.1078167115902965,0.0215633423180593,0.32345013477088946
0.541371158392435,0.12056737588652482,0.018912529550827423,0.3191489361702128
0.5392561983471075,0.10950413223140495,0.022727272727272728,0.3285123966942149
0.556390977443609,0.09774436090225563,0.022556390977443608,0.3233082706766917
0.5700164744645799,0.09225700164744646,0.018121911037891267,0.31960461285008235
0.5731166912850812,0.08862629246676514,0.019202363367799114,0.3190546528803545
0.583989501312336,0.09448818897637795,0.015748031496062992,0.30577427821522307
0.5953216374269006,0.0912280701754386,0.0152046783625731,0.2982456140350877
0.6021390374331551,0.09946524064171124,0.014973262032085561,0.28342245989304815
0.5982490272373541,0.09727626459143969,0.01556420233463035,0.28891050583657585
0.5994694960212201,0.09549071618037135,0.020335985853227233,0.28470380194518125
0.6019736842105263,0.0962171052631579,0.02138157894736842,0.28042763157894735
0.6184012066365008,0.09577677224736049,0.01809954751131222,0.26772247360482654
0.6220527045769764,0.0970873786407767,0.02011095700416089,0.260748959778086
0.6310057655349135,0.0903267136450993,0.018577834721332478,0.2600896860986547
0.632183908045977,0.08953418027828192,0.017543859649122806,0.26073805202661826
0.6375496313102665,0.08848553601815087,0.018150879183210438,0.2558139534883721
0.6393972012917115,0.08503767491926803,0.015608180839612486,0.25995694294940797
0.6435233160621762,0.08704663212435233,0.01606217616580311,0.2533678756476684
0.6422764227642277,0.08689024390243902,0.02032520325203252,0.2505081300813008
0.6463116756228627,0.08353688324377137,0.021006350757205666,0.24914509037616023
0.6531204644412192,0.08176100628930817,0.02080309627479439,0.24431543299467828
0.650853889943074,0.0849146110056926,0.023719165085388995,0.2405123339658444
0.6517013232514177,0.08081285444234404,0.020793950850661626,0.24669187145557656
0.658662900188324,0.0748587570621469,0.02401129943502825,0.24246704331450095
0.6596426935409986,0.07650022904260192,0.023820430600091615,0.24003664681630785
0.6629834254143646,0.07688766114180479,0.023480662983425413,0.23664825046040516
0.6689497716894978,0.07397260273972603,0.026027397260273973,0.2310502283105023
0.6666666666666666,0.07447285778375953,0.029609690444145357,0.22925078510542846
0.6657836644591612,0.0772626931567329,0.0282560706401766,0.22869757174392935
0.6659311562224184,0.07590467784642542,0.029567519858781994,0.22859664607237423
0.6687527939204292,0.07867679928475638,0.030844881537773806,0.22172552525704067
0.6730257320319432,0.0771960958296362,0.027062999112688554,0.22271517302573204
0.6715686274509803,0.07620320855614973,0.025846702317290554,0.22638146167557932
0.6753996447602132,0.07815275310834814,0.027531083481349913,0.21891651865008882
0.6766651962946626,0.07543008381120424,0.02690780767534186,0.22099691221879136
0.6836331724440544,0.07152259763053971,0.027643703378674857,0.21720052654673103
0.676081200353045,0.07149161518093557,0.03089143865842895,0.22153574580759047
0.6836508639787329,0.07089056269384138,0.03234381922906513,0.21311475409836064
0.681999115435648,0.07209199469261389,0.03361344537815126,0.21229544449358692
0.6792951541850221,0.07400881057268723,0.033920704845814977,0.21277533039647578
0.6817375886524822,0.07358156028368794,0.03235815602836879,0.212322695035461
0.6831639416703491,0.07114449845338047,0.0344675209898365,0.21122403888643393
0.6828507795100223,0.06948775055679288,0.03429844097995546,0.2133630289532294
0.6847006651884701,0.07006651884700665,0.03370288248337029,0.21152993348115298
0.6842806394316163,0.06882770870337478,0.03507992895204263,0.21181172291296627
0.6918656056587091,0.0694076038903625,0.036251105216622455,0.20247568523430592
0.6851195748449955,0.06775907883082374,0.0354295837023915,0.21169176262178918
0.6858152894387981,0.06716747680070703,0.03800265134776845,0.20901458241272647
0.6886751202448622,0.06777437691298645,0.03585483165719283,0.20769567118495846
0.6924101198402131,0.06746560142032845,0.03462050599201065,0.20550377274744785
0.6854625550660793,0.06431718061674009,0.037444933920704845,0.21277533039647578
0.6854231280460789,0.06601683650863979,0.035002215330084185,0.21355782011519717
0.6890163211292457,0.06484340538156154,0.035288928098809,0.21085134539038378
0.6908447589562141,0.06457319770013269,0.03494029190623618,0.20964175143741706
0.695170580416482,0.06291537439078422,0.03544528134692069,0.20646876384581303
0.7013274336283186,0.05663716814159292,0.033185840707964605,0.2088495575221239
0.6974153297682709,0.05837789661319073,0.03297682709447415,0.21122994652406418
0.697560975609756,0.05809312638580931,0.03458980044345898,0.2097560975609756
0.7041942604856513,0.05783664459161148,0.033554083885209716,0.2044150110375276
0.699468085106383,0.05851063829787234,0.031914893617021274,0.21010638297872342
0.6976538291279327,0.06108897742363878,0.03187250996015936,0.20938468348826914
0.6956713780918727,0.06448763250883392,0.0353356890459364,0.2045053003533569
0.6964206805125939,0.06495802032699956,0.03314184710561202,0.2054794520547945
0.703851261620186,0.06064630367419212,0.03142983621071271,0.20407259849490925
0.6976021314387212,0.0608348134991119,0.03285968028419183,0.20870337477797513
0.6989773232547799,0.06402845709204091,0.03334815473543797,0.20364606491774123
0.698624056813138,0.06391478029294274,0.02885042166000888,0.20861074123391035
0.7069420035149385,0.06019332161687171,0.028558875219683654,0.20430579964850615
0.7028697571743929,0.0631346578366446,0.0282560706401766,0.20573951434878587
0.707306338028169,0.061619718309859156,0.028609154929577465,0.20246478873239437
0.7053849577214063,0.05562972852692479,0.02848242100578549,0.2105028927458834
0.7096774193548387,0.05241935483870968,0.030913978494623656,0.20698924731182797
0.7092198581560284,0.051418439716312055,0.026595744680851064,0.2127659574468085
0.7103051747014595,0.05263157894736842,0.025210084033613446,0.2118531623175586
0.7117595048629531,0.052166224580017684,0.023872679045092837,0.21220159151193635
0.7073277753400614,0.051777095217200524,0.02632733655111891,0.21456779289161912
0.7078900709219859,0.050088652482269506,0.027039007092198582,0.2149822695035461
0.7108647450110864,0.04700665188470066,0.02616407982261641,0.21596452328159646
0.7081866197183099,0.05017605633802817,0.02596830985915493,0.21566901408450703
0.7014134275618374,0.052120141342756186,0.02517667844522968,0.22128975265017667
0.7053886925795053,0.05079505300353357,0.026060070671378093,0.21775618374558303
0.7027027027027027,0.05183872396987151,0.0256978289765175,0.21976074435090828
0.7073712255772646,0.05284191829484902,0.02664298401420959,0.21314387211367672
0.6989389920424404,0.054376657824933686,0.026525198938992044,0.22015915119363394
0.7009222661396575,0.054457619675010976,0.02766798418972332,0.21695212999560826
0.707968476357268,0.05166374781085814,0.028458844133099823,0.2119089316987741
0.7069193477302776,0.05156456588805641,0.02908770383428823,0.2124283825473777
0.709706144256456,0.04942119323241318,0.028495102404274265,0.21237756010685663
0.7105850826261724,0.04600267976775346,0.029477445288075034,0.2139347923179991
0.7102721685689201,0.046093064091308165,0.03028972783143108,0.21334503950834066
0.7144124168514412,0.04567627494456763,0.028824833702882482,0.21108647450110865
0.7136583223539745,0.04567413263065437,0.028107158541941152,0.21256038647342995
0.7153641207815276,0.043072824156305506,0.03152753108348135,0.2100355239786856
0.7162400706090026,0.04324801412180053,0.032215357458075904,0.2082965578111209
0.7199471598414795,0.04491413474240423,0.03258476442095993,0.2025539409951563
0.7162101481814099,0.042209250112258644,0.03188145487202514,0.20969914683430624
0.7208278291501541,0.03963011889035667,0.029942756494936152,0.20959929546455305
0.7226928221132412,0.041462327240303166,0.03031654034774855,0.20552831029870708
0.7215077605321508,0.04523281596452328,0.02926829268292683,0.2039911308203991
0.7212094264117386,0.046242774566473986,0.02845709204090707,0.2040907069808804
0.7194907813871817,0.04741000877963126,0.027216856892010536,0.20588235294117646
0.7208278291501541,0.0479964773227653,0.027300748568912372,0.2038749449581682
0.7194213064445418,0.04910127137220517,0.028496273564226217,0.20298114861902675
0.7220744680851063,0.04875886524822695,0.027925531914893616,0.20124113475177305
0.7176211453744493,0.04801762114537445,0.029955947136563875,0.20440528634361232
0.7211453744493392,0.04933920704845815,0.03039647577092511,0.19911894273127753
0.7206654991243433,0.04816112084063047,0.02933450087565674,0.20183887915936952
0.7232537577365163,0.04774535809018567,0.029177718832891247,0.19982316534040673
0.7188057040998217,0.04723707664884135,0.026737967914438502,0.2072192513368984
0.7202486678507993,0.049289520426287745,0.02664298401420959,0.20381882770870338
0.7198768689533861,0.048812664907651716,0.028583992963940194,0.202726473175022
0.7158590308370044,0.05066079295154185,0.027312775330396475,0.20616740088105726
0.7128227960819234,0.05120213713268032,0.02715939447907391,0.20881567230632236
0.715939447907391,0.04942119323241318,0.024933214603739984,0.20970614425645592
0.7124068391056554,0.04910127137220517,0.026742656729504603,0.2117492327926348
0.7142226148409894,0.046819787985865724,0.02871024734982332,0.21024734982332155
0.7160385626643295,0.04688869412795793,0.02848378615249781,0.2085889570552147
0.7197339246119734,0.04745011086474501,0.02926829268292683,0.20354767184035477
0.7217582417582418,0.045714285714285714,0.02945054945054945,0.20307692307692307
0.7267441860465116,0.04561717352415027,0.02996422182468694,0.19767441860465115
0.7228116710875332,0.04420866489832007,0.030061892130857647,0.20291777188328913
0.7214854111405835,0.044650751547303275,0.03050397877984085,0.20335985853227231
0.7239263803680982,0.046012269938650305,0.027607361963190184,0.20245398773006135
0.7199297629499561,0.048287971905179985,0.02897278314310799,0.20280948200175591
0.7193832599118942,0.05110132158590308,0.028634361233480177,0.20088105726872246
0.7216540684748777,0.0493552690084482,0.029346376167185415,0.19964428634948866
0.7236379613356766,0.04789103690685413,0.028558875219683654,0.1999121265377856
0.7206851119894598,0.04743083003952569,0.031181379007465964,0.20070267896354854
0.7257850508624503,0.04732419283502875,0.0291906236178682,0.1977001326846528
0.7218777679362267,0.04738706820194863,0.030558015943312665,0.20017714791851196
0.7290465631929046,0.04478935698447894,0.03015521064301552,0.1960088691796009
0.7357330992098332,0.046093064091308165,0.028094820017559263,0.1900790166812994
0.7366091190792387,0.044710048694112436,0.027888446215139442,0.19079238601150952
0.737097485663873,0.04808116453462726,0.029113365681517425,0.18570798411998235
0.7414024117909781,0.04644930772666369,0.029477445288075034,0.18267083519428315
0.7348115299334812,0.04789356984478936,0.03015521064301552,0.18713968957871396
0.7359402460456942,0.0492091388400703,0.030755711775043937,0.18409490333919157
0.7335992907801419,0.047872340425531915,0.03235815602836879,0.18617021276595744
0.7463414634146341,0.04656319290465632,0.031042128603104215,0.17605321507760532
0.7462751971954426,0.04557405784399649,0.031113058720420684,0.17703768624014024
0.7413024085637824,0.05084745762711865,0.029884032114183764,0.17796610169491525
0.7433945364979848,0.050604567845947156,0.026869682042095836,0.17913121361397225
0.7397078353253652,0.04957945993802568,0.0283311199645861,0.18238158477202301
0.7377777777777778,0.04888888888888889,0.028888888888888888,0.18444444444444444
0.7340097044552272,0.050727834142037936,0.029554477282752536,0.18570798411998235
0.7375444839857651,0.04893238434163701,0.030249110320284697,0.18327402135231316
0.7401960784313726,0.04768270944741533,0.029857397504456328,0.18226381461675578
0.7421494913754976,0.04599734630694383,0.0291906236178682,0.1826625386996904
0.748890860692103,0.047471162377994675,0.02883762200532387,0.17480035492457852
0.7494476358815731,0.04507291206363235,0.02695536897923111,0.17852408307556342
0.7470093043863536,0.047851129818342934,0.028356225077536552,0.17678334071776694
0.7428696796840719,0.049583150504607286,0.027643703378674857,0.1799034664326459
0.7472430524922805,0.049404499338332596,0.026025584472871635,0.1773268636965152
0.752007136485281,0.04504906333630687,0.026761819803746655,0.17618198037466548
0.7508833922261484,0.04284452296819788,0.02871024734982332,0.1775618374558304
0.7558951965065502,0.043668122270742356,0.027510917030567687,0.17292576419213973
0.7541924095322153,0.04324801412180053,0.029567519858781994,0.17299205648720212
0.7548330404217927,0.043497363796133566,0.029437609841827767,0.17223198594024605
0.7507815989280929,0.04108977221974096,0.0321572130415364,0.17597141581062975
0.7566725978647687,0.03959074733096085,0.03202846975088968,0.17170818505338079
0.7555456965394853,0.041259982253771074,0.029724933451641525,0.17346938775510204
0.7503349709691827,0.042876284055381866,0.03305046895935686,0.1737382760160786
0.754517408550022,0.040546496253856326,0.03481710004407228,0.17011899515204937
0.7566254416961131,0.04107773851590106,0.03401060070671378,0.1682862190812721
0.756768752774079,0.040834442964935644,0.032845095428317796,0.16955170883266754
0.7598214285714285,0.039285714285714285,0.032589285714285716,0.16830357142857144
0.7599286033020973,0.03971441320838911,0.03480589022757698,0.16555109326193662
0.7580716497125166,0.03936311366651924,0.0362671384343211,0.16629809818664307
0.7565294378043382,0.038069942452412575,0.03762726870296591,0.16777335104028332
0.7613787008395935,0.039770216526734424,0.034909412284577994,0.16394167034909413
0.7634361233480176,0.04140969162995595,0.032158590308370046,0.16299559471365638
0.7620735489587949,0.0412051395657953,0.030571555161719097,0.16614975631369075
0.7599469496021221,0.041998231653404064,0.030061892130857647,0.16799292661361626
0.761756876663709,0.044365572315882874,0.032830523513753325,0.16104702750665484
0.7588967971530249,0.046263345195729534,0.033807829181494664,0.1610320284697509
0.7563701385784533,0.04917299955297273,0.03263299061242736,0.1618238712561466
0.7628684557853057,0.047954245490541135,0.03343598768147822,0.15574131104267488
0.7612137203166227,0.047053649956024624,0.03342128408091469,0.158311345646438
0.7624285085789705,0.04487461504619446,0.03167619885613726,0.16102067751869775
0.7566254416961131,0.0446113074204947,0.0353356890459364,0.16342756183745583
0.7561411344350156,0.04510942384993301,0.037516748548459135,0.16123269316659222
0.7518830305715551,0.046964997784669914,0.03898980948161276,0.16216216216216217
0.7554179566563467,0.04599734630694383,0.039805395842547546,0.15877930119416186
0.75355871886121,0.04448398576512456,0.04092526690391459,0.1610320284697509
0.7620096959012781,0.04098721903922433,0.04098721903922433,0.15601586602027326
0.7595725734639359,0.04407836153161175,0.041852181656277826,0.15449688334817455
0.7655693950177936,0.04314946619217082,0.0400355871886121,0.1512455516014235
0.7666220437304775,0.04239178937974119,0.040160642570281124,0.15082552431950022
0.7701863354037267,0.040372670807453416,0.037267080745341616,0.15217391304347827
0.7712274527056753,0.0409150901891773,0.0365156181258249,0.1513418389793225
0.7646017699115044,0.0420353982300885,0.03716814159292035,0.1561946902654867
0.7652519893899205,0.04111405835543767,0.034924845269672856,0.15870910698496907
0.7653239929947461,0.03852889667250438,0.03458844133099825,0.1615586690017513
0.7697397441552712,0.035288928098809,0.03440670489633877,0.16056462284958095
0.7698483496877788,0.03568242640499554,0.03300624442462088,0.16146297948260482
0.7745183887915937,0.03546409807355517,0.03546409807355517,0.15455341506129597
0.7748344370860927,0.037969094922737305,0.03443708609271523,0.15275938189845475
0.7720951099147599,0.039030955585464336,0.034993270524899055,0.15388066397487662
0.7719220549158547,0.0420726306465899,0.034100974313551816,0.15190434012400356
0.767226148409894,0.044169611307420496,0.03489399293286219,0.15371024734982333
0.767153607791058,0.04293935369632581,0.034528552456839307,0.1553784860557769
0.7701149425287356,0.040229885057471264,0.034924845269672856,0.15473032714412024
0.7709720372836218,0.03861517976031957,0.03683976919662672,0.15357301375943186
0.7726465364120781,0.03641207815275311,0.03907637655417407,0.15186500888099466
0.768270944741533,0.03609625668449198,0.0374331550802139,0.15819964349376114
0.7745664739884393,0.03423743886171632,0.03823921742996887,0.1529568697198755
0.7754741949713277,0.03484781649757389,0.0388178209086899,0.15086016762240848
0.7760141093474426,0.03747795414462081,0.03880070546737213,0.14770723104056438
0.7760070827799912,0.03497122620628597,0.0398406374501992,0.14918105356352368
0.7740088105726872,0.03656387665198238,0.040969162995594714,0.14845814977973568
0.7768485915492958,0.03477112676056338,0.04005281690140845,0.1483274647887324
0.77270732777534,0.03729706011408512,0.041246160596752963,0.14874945151382185
0.7745054945054946,0.03868131868131868,0.037802197802197804,0.149010989010989
0.7728678745028723,0.039770216526734424,0.03711886875828546,0.15024304021210783
0.7705494505494506,0.04,0.03956043956043956,0.1498901098901099
0.7677304964539007,0.040336879432624116,0.038120567375886524,0.15381205673758866
0.7700132684652808,0.0437859354268023,0.03847854931446263,0.14772224679345422
0.7675033025099075,0.04579480405107882,0.036547776309995596,0.15015411712901805
0.7738359201773836,0.04523281596452328,0.03325942350332594,0.1476718403547672
0.7738782763216349,0.04309195912927588,0.03287427809862283,0.15015548645046645
0.7776298268974701,0.043941411451398134,0.03195739014647137,0.14647137150466044
0.7837599293909974,0.04060017652250662,0.032215357458075904,0.1434245366284201
0.781978021978022,0.04087912087912088,0.033846153846153845,0.1432967032967033
0.7807367953839325,0.040390590324012425,0.03861517976031957,0.14025743453173548
0.7831162999550966,0.041311180960933995,0.037269869779973056,0.1383026493039964
0.7798853109836789,0.03970004411116013,0.03617115130127922,0.14424349360388178
0.7837116154873164,0.037828215398308856,0.03426791277258567,0.14419225634178906
0.7770952172005265,0.040368582711715666,0.03729706011408512,0.14523913997367266
0.7736263736263737,0.04131868131868132,0.037802197802197804,0.14725274725274726
0.7699822380106572,0.04396092362344583,0.03641207815275311,0.14964476021314388
0.7699154428126391,0.044058744993324434,0.03960836671117045,0.14641744548286603
0.7695364238410596,0.045916114790286976,0.04282560706401766,0.14172185430463577
0.770048737261852,0.04474966770048737,0.03987594151528578,0.14532565352237484
0.7677619893428064,0.046181172291296625,0.043516873889875664,0.14253996447602132
0.7690602836879432,0.043882978723404256,0.040780141843971635,0.14627659574468085
0.7708883025505717,0.04617414248021108,0.04133685136323659,0.14160070360598065
0.7701505757307352,0.04428697962798937,0.04295837023914969,0.14260407440212577
0.7703834288232702,0.04451300132216836,0.04495372410753636,0.14014984574702513
0.7689929328621908,0.04328621908127209,0.045936395759717315,0.1417844522968198
0.7723649247121346,0.04428697962798937,0.04561558901682905,0.13773250664304695
0.772202486678508,0.047957371225577264,0.043072824156305506,0.13676731793960922
0.7684444444444445,0.051111111111111114,0.042222222222222223,0.13822222222222222
0.7681095406360424,0.05167844522968198,0.044169611307420496,0.13604240282685512
0.7655480984340045,0.052348993288590606,0.04519015659955257,0.13691275167785236
0.7720685111989459,0.050944224857268336,0.043478260869565216,0.13350900307422048
0.7708883025505717,0.051451187335092345,0.044415127528583995,0.13324538258575197
0.7702464788732394,0.05017605633802817,0.04357394366197183,0.13600352112676056
0.7755731922398589,0.04673721340388007,0.040123456790123455,0.13756613756613756
0.7758544163337772,0.04571682201509099,0.040834442964935644,0.13759431868619618
0.768167632634864,0.047258136424431565,0.04101649576460098,0.14355773517610343
0.7742805755395683,0.046762589928057555,0.03866906474820144,0.14028776978417265
0.7766292134831461,0.04853932584269663,0.039550561797752806,0.1352808988764045
0.774597495527728,0.04964221824686941,0.03801431127012522,0.13774597495527727
0.784330985915493,0.04533450704225352,0.03829225352112676,0.13204225352112675
0.7897526501766784,0.04637809187279152,0.03666077738515901,0.127208480565371
0.7937279151943463,0.04549469964664311,0.03268551236749117,0.12809187279151943
0.788563829787234,0.047429078014184396,0.034574468085106384,0.12943262411347517
0.7882404951370469,0.04995579133510168,0.03404067197170645,0.127763041556145
0.7887817703768624,0.051709027169149865,0.03286590709903593,0.1266432953549518
0.7912234042553191,0.047872340425531915,0.03235815602836879,0.12854609929078015
0.7826855123674912,0.04770318021201413,0.03401060070671378,0.1356007067137809
0.7891005759858218,0.047851129818342934,0.034559149313247675,0.1284891448825875
0.785305763308403,0.04927408710954685,0.03519577650681918,0.13022437307523096
0.7865367581930912,0.0491585473870682,0.03808680248007086,0.1262178919397697
0.7852437417654808,0.051822573561704,0.03645147123407993,0.12648221343873517
0.788563829787234,0.050975177304964536,0.034131205673758866,0.12632978723404256
0.7856514084507042,0.05193661971830986,0.03653169014084507,0.12588028169014084
0.7875874125874126,0.052884615384615384,0.03671328671328671,0.12281468531468531
0.7849844513549533,0.05242114615726344,0.037760995113282986,0.12483340737450022
0.7822045152722443,0.054006197432492256,0.036741921204072596,0.1270473660911908
0.7793072824156305,0.055062166962699825,0.03596802841918295,0.12966252220248667
0.782051282051282,0.05658709106984969,0.034482758620689655,0.1268788682581786
0.7889667250437828,0.05604203152364273,0.03239929947460595,0.12259194395796848
0.7903296703296703,0.05582417582417582,0.032527472527472526,0.12131868131868132
0.7917580008768084,0.05830775975449364,0.032003507233669445,0.1179307321350285
0.7908930150309461,0.05658709106984969,0.032714412024756855,0.1198054818744474
0.7888446215139442,0.054891544931385566,0.035413899955732624,0.12084993359893759
0.7939339875111507,0.05575379125780553,0.034344335414808205,0.1159678858162355
0.7932414406402846,0.05469097376611828,0.0329035126722988,0.11916407292129835
0.7970822281167109,0.05305039787798409,0.034482758620689655,0.11538461538461539
0.7952021323856064,0.05508662816525989,0.03331852509995557,0.11639271434917814
0.8029036515618125,0.052353717553893536,0.030356357237131544,0.11438627364716233
0.8011413520632134,0.050921861281826165,0.030728709394205442,0.11720807726075505
0.797190517998244,0.05487269534679543,0.031167690956979806,0.11676909569798069
0.7904509283819628,0.058797524314765696,0.03138815207780725,0.11936339522546419
0.7881619937694704,0.059635068980863376,0.030707610146862484,0.12149532710280374
0.7898454746136865,0.060044150110375276,0.0282560706401766,0.12185430463576159
0.7909728308501315,0.05652936021034181,0.03067484662576687,0.12182296231375986
0.792511013215859,0.05506607929515418,0.027753303964757708,0.12466960352422908
0.792967032967033,0.05582417582417582,0.026813186813186812,0.12439560439560439
0.7935024477080552,0.05651980418335559,0.027592345349354695,0.12238540275923454
0.7985771453979547,0.050689195197865716,0.027567807914628723,0.1231658514895509
0.7909579230080573,0.051029543419874666,0.02730528200537153,0.13070725156669652
0.7929046563192904,0.05144124168514413,0.028381374722838137,0.12727272727272726
0.792967032967033,0.04835164835164835,0.02989010989010989,0.12879120879120878
0.7903368794326241,0.04698581560283688,0.031914893617021274,0.13076241134751773
0.7913159060700045,0.04962339388568897,0.031014621178555603,0.128046078865751
0.7944542253521126,0.04753521126760563,0.032570422535211266,0.12544014084507044
0.7997329773030708,0.04539385847797063,0.03337783711615487,0.12149532710280374
0.7975352112676056,0.05193661971830986,0.03301056338028169,0.11751760563380281
0.8007968127490039,0.056219566179725546,0.03142983621071271,0.11155378486055777
0.800705467372134,0.05599647266313933,0.031746031746031744,0.11155202821869488
0.8011489173663279,0.0547945205479452,0.034025629695095004,0.1100309323906319
0.8038783605112384,0.05420890260026443,0.03129131776112825,0.11062141912736889
0.7995584988962472,0.05739514348785872,0.031346578366445915,0.11169977924944813
0.799200355397601,0.053753887161261664,0.03331852509995557,0.11372723234118169
0.7972432192085371,0.05824811027123166,0.0329035126722988,0.11160515784793242
0.7998228520814881,0.05491585473870682,0.034100974313551816,0.11116031886625333
0.8047493403693932,0.05452946350043975,0.03342128408091469,0.10729991204925242
0.8038256227758007,0.054270462633451956,0.033807829181494664,0.10809608540925267
0.804481546572935,0.05755711775043937,0.03427065026362039,0.10369068541300527
0.8037217545414267,0.05848471422241914,0.03633141338059371,0.10146211785556047
0.8072662826761188,0.05449712007089056,0.03766061143110323,0.10057598582188747
0.8037918871252204,0.05555555555555555,0.03880070546737213,0.10185185185185185
0.8030973451327433,0.05575221238938053,0.03982300884955752,0.10132743362831859
0.8053097345132744,0.05796460176991151,0.03849557522123894,0.09823008849557523
0.8096931969764339,0.05869275233437083,0.03912850155624722,0.09248554913294797
0.8099647266313933,0.057760141093474424,0.03659611992945326,0.09567901234567901
0.8077093486929553,0.05361098803721755,0.03898980948161276,0.09968985378821445
0.8064373897707231,0.05599647266313933,0.03659611992945326,0.1009700176366843
0.8071808510638298,0.054078014184397165,0.03324468085106383,0.10549645390070922
0.7981115107913669,0.05845323741007194,0.0341726618705036,0.10926258992805755
0.805678793256433,0.05545696539485359,0.0323868677905945,0.1064773735581189
0.8071428571428572,0.05580357142857143,0.030357142857142857,0.10669642857142857
0.8112107623318385,0.054708520179372194,0.030493273542600896,0.10358744394618834
0.8126390743213173,0.056074766355140186,0.02892745883400089,0.10235870048954161
0.8114132857779759,0.05572893446277307,0.029424877396344182,0.10343290236290682
0.806049822064057,0.05604982206405694,0.030249110320284697,0.10765124555160142
0.810989010989011,0.056263736263736264,0.02857142857142857,0.10417582417582417
0.8115942028985508,0.052700922266139656,0.028985507246376812,0.1067193675889328
0.8156966490299824,0.051587301587301584,0.03042328042328042,0.10229276895943562
0.8168578993821712,0.05163283318623124,0.028684907325684024,0.1028243601059135
0.8145374449339207,0.053744493392070485,0.03259911894273128,0.09911894273127753
0.8120300751879699,0.04953560371517028,0.03272888102609465,0.10570544007076514
0.8145054945054945,0.04659340659340659,0.03120879120879121,0.1076923076923077
0.8184222124283825,0.04715733803437638,0.030409872190392245,0.10401057734684883
0.8138297872340425,0.04831560283687943,0.031914893617021274,0.10593971631205673
0.8167701863354038,0.04702750665483585,0.03371783496007098,0.10248447204968944
0.8146341463414634,0.050110864745011086,0.031929046563192905,0.1033259423503326
0.8180616740088106,0.04669603524229075,0.030837004405286344,0.10440528634361233
0.8201598579040853,0.04884547069271759,0.02886323268206039,0.10213143872113677
0.8222811671087533,0.04774535809018567,0.029177718832891247,0.10079575596816977
0.8225165562913908,0.045916114790286976,0.030022075055187638,0.10154525386313466
0.8224175824175824,0.044395604395604395,0.03428571428571429,0.0989010989010989
0.8200707338638373,0.04597701149425287,0.032714412024756855,0.10123784261715296
0.8177361853832442,0.0481283422459893,0.03208556149732621,0.10204991087344029
0.8207171314741036,0.04780876494023904,0.035856573705179286,0.09561752988047809
0.8178618565772108,0.04839419269687637,0.03519577650681918,0.0985481742190937
0.8181818181818182,0.04962670180061485,0.03645147123407993,0.09574000878348704
0.8191442434936039,0.050727834142037936,0.036612262902514334,0.09351565946184384
0.8174532502226179,0.051647373107747106,0.037399821905609976,0.09349955476402494
0.8215547703180212,0.04991166077738516,0.03666077738515901,0.09187279151943463
0.8269572953736655,0.04893238434163701,0.03469750889679715,0.08941281138790036
0.8273730684326711,0.052097130242825605,0.033112582781456956,0.08741721854304636
0.8269911504424778,0.050442477876106194,0.034955752212389384,0.08761061946902655
0.8283582089552238,0.048726953467954345,0.03731343283582089,0.08560140474100088
0.8361307420494699,0.04814487632508834,0.03268551236749117,0.08303886925795052
0.8328912466843501,0.05172413793103448,0.032714412024756855,0.08267020335985853
0.8359133126934984,0.048651039363113664,0.03361344537815126,0.08182220256523662
0.8345931525122277,0.0493552690084482,0.035126722987994664,0.08092485549132948
0.8325991189427313,0.04713656387665198,0.03656387665198238,0.08370044052863436
0.835774522858411,0.04571682201509099,0.03550821127385708,0.08300044385264092
0.8333333333333334,0.04673721340388007,0.03571428571428571,0.08421516754850088
0.8355379188712522,0.04805996472663139,0.034832451499118164,0.08156966490299823
0.8345765686704695,0.04914436156208864,0.03466432645897324,0.08161474330846863
0.8375992939099736,0.04942630185348632,0.03309796999117388,0.07987643424536628
0.8405797101449275,0.04787000439174352,0.031181379007465964,0.08036890645586298
0.8411297440423654,0.04766107678729038,0.03265666372462489,0.07855251544571933
0.8331870061457419,0.046532045654082525,0.03511852502194908,0.08516242317822652
0.8344312692138779,0.04435660957400088,0.037768994290733424,0.08344312692138779
0.8315789473684211,0.04692982456140351,0.037719298245614034,0.0837719298245614
0.8313359964491789,0.045272969374167776,0.03861517976031957,0.08477585441633377
0.8328173374613003,0.044228217602830605,0.03759398496240601,0.08536045997346307
0.8366445916114791,0.0423841059602649,0.038852097130242826,0.08211920529801324
0.8361233480176211,0.042731277533039645,0.039207048458149776,0.08193832599118943
0.834721613327488,0.04384042086804033,0.039017974572555895,0.08241999123191583
0.8331148973350808,0.047182175622542594,0.039318479685452164,0.08038444735692442
0.8352372583479789,0.04745166959578207,0.03910369068541301,0.07820738137082602
0.8334071776694727,0.0460788657509969,0.03943287549844927,0.08108108108108109
0.8341399032116146,0.045314562252529694,0.040475142982842056,0.08007039155301364
0.8302304964539007,0.04521276595744681,0.040336879432624116,0.08421985815602837
0.8300044385264093,0.047936085219707054,0.03550821127385708,0.08655126498002663
0.8306059265811587,0.048651039363113664,0.03449800973020787,0.08624502432551968
0.8265486725663717,0.047787610619469026,0.034955752212389384,0.09070796460176991
0.8306059265811587,0.04732419283502875,0.03361344537815126,0.08845643520566121
0.8285461776403005,0.047724259832081305,0.033583738400353516,0.0901458241272647
0.8280623608017817,0.04899777282850779,0.03474387527839644,0.08819599109131403
0.8291390728476821,0.05033112582781457,0.037969094922737305,0.08256070640176601
0.8237108858527986,0.05200528867342442,0.0374614367562803,0.0868223887174967
0.8271441202475686,0.04862953138815208,0.03757736516357206,0.08664898320070734
0.82560706401766,0.045916114790286976,0.039293598233995586,0.08918322295805739
0.8248337028824834,0.04789356984478936,0.03902439024390244,0.08824833702882483
0.8242530755711776,0.04701230228471002,0.03910369068541301,0.08963093145869948
0.8200615926088869,0.048834139903211615,0.03739551253849538,0.09370875494940607
0.820875718708536,0.04820875718708536,0.03847854931446263,0.09243697478991597
0.8250330542089026,0.048038783605112385,0.036579991185544294,0.09034817100044072
0.8221343873517787,0.0461133069828722,0.03645147123407993,0.09530083443126922
0.8155902004454343,0.046325167037861915,0.037416481069042315,0.10066815144766147
0.82258781680747,0.04490884837705647,0.0377945753668297,0.09470875944864385
0.8125,0.04831560283687943,0.0425531914893617,0.09663120567375887
0.8149293286219081,0.04946996466431095,0.04063604240282685,0.09496466431095406
0.811453744493392,0.048458149779735685,0.04317180616740088,0.09691629955947137
0.8146513680494263,0.05030891438658429,0.0410414827890556,0.0939982347749338
0.815512708150745,0.050394390885188434,0.04163014899211218,0.09246275197195443
0.8192717584369449,0.04840142095914742,0.041740674955595025,0.0905861456483126
0.8137168141592921,0.05,0.03938053097345133,0.09690265486725663
0.8186643078283945,0.04953560371517028,0.03847854931446263,0.09332153914197258
0.8160919540229885,0.04907161803713528,0.03978779840848806,0.09504862953138815
0.819672131147541,0.04962339388568897,0.03987594151528578,0.09082853345148427
0.8197443807844865,0.048038783605112385,0.03922432789775231,0.09299250771264875
0.823477493380406,0.04854368932038835,0.03795233892321271,0.09002647837599294
0.820615796519411,0.049085229808121376,0.038375725122713075,0.09192324854975457
0.8226950354609929,0.050975177304964536,0.03723404255319149,0.08909574468085106
0.8200707338638373,0.05128205128205128,0.036251105216622455,0.09239610963748895
0.8193891102257637,0.051350154935812305,0.03497122620628597,0.09428950863213811
0.8213028169014085,0.053257042253521125,0.03477112676056338,0.09066901408450705
0.8238938053097346,0.05221238938053097,0.035398230088495575,0.08849557522123894
0.8238938053097346,0.05398230088495575,0.03584070796460177,0.08628318584070796
0.8279714030384272,0.05138516532618409,0.03261840929401251,0.08802502234137623
0.8325188804975566,0.04931141714793425,0.03287427809862283,0.08529542425588628
0.8293755496921724,0.051890941072999124,0.0316622691292876,0.0870712401055409
0.8297117516629712,0.05188470066518847,0.03325942350332594,0.08514412416851441
0.83348134991119,0.053730017761989345,0.03507992895204263,0.07770870337477798
0.8350469378632096,0.05498435404559678,0.03620920876173447,0.07375949932945909
0.844,0.05333333333333334,0.03422222222222222,0.06844444444444445
0.8456375838926175,0.052348993288590606,0.033109619686800894,0.06890380313199106
0.8438331854480923,0.05368234250221828,0.03149955634427684,0.0709849157054126
0.8448275862068966,0.054376657824933686,0.03227232537577365,0.06852343059239611
0.8544809228039042,0.05235137533274179,0.030168589174800354,0.06299911268855368
0.8602292768959435,0.04982363315696649,0.0291005291005291,0.06084656084656084
0.8561310314298363,0.05223550243470562,0.03010181496237273,0.061531651173085435
0.8544891640866873,0.05307386112339673,0.03140203449800973,0.06103494029190624
0.8465934065934065,0.05450549450549451,0.03428571428571429,0.06461538461538462
0.8516556291390729,0.04944812362030905,0.03399558498896247,0.06490066225165562
0.8528099910793934,0.04683318465655665,0.03568242640499554,0.06467439785905442
0.8582887700534759,0.044563279857397504,0.034759358288770054,0.062388591800356503
0.8532920901458241,0.048608042421564294,0.033583738400353516,0.06451612903225806
0.8561278863232682,0.04706927175843695,0.034191829484902306,0.06261101243339254
0.8599204595669465,0.044631020768890854,0.0344675209898365,0.06098099867432612
0.8579112505602868,0.04392649036306589,0.0340654415060511,0.06409681757059614
0.8644289450741064,0.042720139494333044,0.03051438535309503,0.06233653007846556
0.8596568411790585,0.0431148262208535,0.032116146062472505,0.06511218653761548
0.8637757336837495,0.043802014892685065,0.02847130968024529,0.0639509417433202
0.8606411398040962,0.04407836153161175,0.02983081032947462,0.06544968833481746
0.8574571051473823,0.044434667839859214,0.030356357237131544,0.06775186977562693
0.8582188746123173,0.0460788657509969,0.03278688524590164,0.06291537439078422
0.8531499556344276,0.04614019520851819,0.0354924578527063,0.06521739130434782
0.8543133802816901,0.04621478873239437,0.035211267605633804,0.06426056338028169
0.855251544571933,0.04677846425419241,0.03574580759046778,0.06222418358340689
0.8568920105355575,0.04784899034240562,0.03467954345917471,0.06057945566286216
0.8564422648238965,0.04814979937583593,0.034774855104770394,0.0606330806954971
0.8573967125721902,0.04931141714793425,0.03553976010661928,0.05775211017325633
0.8579017264276229,0.04869411243913236,0.035856573705179286,0.05754758742806552
0.8645879732739421,0.046325167037861915,0.03518930957683741,0.05389755011135858
0.8638580931263858,0.04700665188470066,0.03503325942350333,0.0541019955654102
0.8615115771079074,0.04499781564001747,0.03582350371341197,0.057667103538663174
0.8622202720491443,0.0451952610794208,0.035980693286529176,0.05660377358490566
0.8606194690265486,0.04513274336283186,0.03584070796460177,0.0584070796460177
0.8574571051473823,0.046194456665200175,0.03563572371315442,0.06071271447426309
0.8553627058299955,0.047619047619047616,0.035603026257231864,0.06141522029372497
0.8563243719700309,0.0493609519612164,0.03525782282944028,0.05905685323931247
0.8592427616926503,0.049888641425389756,0.032071269487750555,0.058797327394209356
0.8631346578366446,0.04768211920529802,0.02913907284768212,0.060044150110375276
0.8599118942731278,0.04801762114537445,0.03171806167400881,0.06035242290748899
0.8560673162090345,0.0491585473870682,0.02967227635075288,0.06510186005314438
0.8597425654682646,0.047936085219707054,0.029738126941855306,0.06258322237017311
0.8626760563380281,0.04709507042253521,0.02948943661971831,0.06073943661971831
0.86389748121962,0.04595669465311533,0.027839151568714096,0.062306672558550595
0.8705985915492958,0.04225352112676056,0.02464788732394366,0.0625
0.8673960612691466,0.044201312910284465,0.02450765864332604,0.06389496717724288
0.8621752531924263,0.04491413474240423,0.02774108322324967,0.06516952884191986
0.866162738995109,0.04579813250333482,0.02845709204090707,0.059582036460649176
0.8635356668143553,0.046964997784669914,0.027470093043863535,0.06202924235711121
0.8637770897832817,0.04555506413091552,0.03007518796992481,0.06059265811587793
0.8667255075022066,0.04677846425419241,0.027802294792586054,0.058693733451015
0.8648888888888889,0.04755555555555555,0.029333333333333333,0.058222222222222224
0.8666371289322109,0.048294195835179445,0.030571555161719097,0.05449712007089056
0.866696191319752,0.05137289636846767,0.02745792736935341,0.05447298494242692
0.8633928571428572,0.053125,0.02544642857142857,0.05803571428571429
0.8669032830523514,0.05412599822537711,0.025732031943212066,0.05323868677905945
0.8666077738515902,0.053003533568904596,0.026501766784452298,0.053886925795053005
0.863395225464191,0.052166224580017684,0.027851458885941646,0.05658709106984969
0.8619320688134098,0.050727834142037936,0.031760035288928096,0.055580061755624174
0.8652826855123675,0.04946996466431095,0.030477031802120143,0.054770318021201414
0.8669048682447521,0.04912907548012506,0.03126395712371594,0.052702099151406875
0.8659292035398231,0.048672566371681415,0.032300884955752215,0.05309734513274336
0.8658374055975122,0.047090182141270545,0.03243003109729009,0.054642381163927146
0.8597802197802198,0.05098901098901099,0.03340659340659341,0.05582417582417582
0.8631111111111112,0.04933333333333333,0.03333333333333333,0.05422222222222222
0.8564487632508834,0.05256183745583039,0.03445229681978799,0.05653710247349823
