R,A,S,N
0.0,1.0,0.0,0.0
0.0,1.0,0.0,0.0
0.0,0.5,0.5,0.0
0.0,0.25,0.25,0.5
0.0,0.16666666666666666,0.16666666666666666,0.6666666666666666
0.0,0.14285714285714285,0.14285714285714285,0.7142857142857143
0.0,0.2,0.1,0.7
0.0,0.16666666666666666,0.0,0.8333333333333334
0.0,0.17647058823529413,0.0,0.8235294117647058
0.0,0.09090909090909091,0.0,0.9090909090909091
0.034482758620689655,0.06896551724137931,0.0,0.896551724137931
0.029411764705882353,0.058823529411764705,0.0,0.9117647058823529
0.0,0.023255813953488372,0.0,0.9767441860465116
0.019230769230769232,0.019230769230769232,0.0,0.9615384615384616
0.016129032258064516,0.016129032258064516,0.0,0.967741935483871
0.014492753623188406,0.014492753623188406,0.014492753623188406,0.9565217391304348
0.012658227848101266,0.012658227848101266,0.02531645569620253,0.9493670886075949
0.010638297872340425,0.02127659574468085,0.031914893617021274,0.9361702127659575
0.01834862385321101,0.027522935779816515,0.027522935779816515,0.926605504587156
0.024,0.032,0.016,0.928
0.020689655172413793,0.034482758620689655,0.013793103448275862,0.9310344827586207
0.024691358024691357,0.024691358024691357,0.012345679012345678,0.9382716049382716
0.02717391304347826,0.021739130434782608,0.010869565217391304,0.9402173913043478
0.019801980198019802,0.019801980198019802,0.024752475247524754,0.9356435643564357
0.014354066985645933,0.019138755980861243,0.028708133971291867,0.937799043062201
0.024691358024691357,0.01646090534979424,0.024691358024691357,0.934156378600823
0.03488372093023256,0.01937984496124031,0.023255813953488372,0.9224806201550387
0.03859649122807018,0.028070175438596492,0.021052631578947368,0.9122807017543859
0.04666666666666667,0.02666666666666667,0.02,0.9066666666666666
0.06461538461538462,0.027692307692307693,0.018461538461538463,0.8892307692307693
0.07225433526011561,0.02601156069364162,0.017341040462427744,0.884393063583815
0.08719346049046321,0.027247956403269755,0.021798365122615803,0.8637602179836512
0.1075,0.0275,0.02,0.845
0.11670480549199085,0.029748283752860413,0.013729977116704805,0.8398169336384439
0.13457556935817805,0.037267080745341616,0.012422360248447204,0.8157349896480331
0.14990138067061143,0.03747534516765286,0.013806706114398421,0.7988165680473372
0.1493624772313297,0.03460837887067395,0.012750455373406194,0.8032786885245902
0.15753424657534246,0.04452054794520548,0.0136986301369863,0.7842465753424658
0.16506410256410256,0.038461538461538464,0.019230769230769232,0.7772435897435898
0.1621212121212121,0.04393939393939394,0.021212121212121213,0.7727272727272727
0.17715959004392387,0.04538799414348463,0.021961932650073207,0.7554904831625183
0.1862348178137652,0.04183535762483131,0.021592442645074223,0.7503373819163293
0.19316688567674112,0.03942181340341656,0.018396846254927726,0.7490144546649146
0.19600499375780275,0.04244694132334582,0.01373283395755306,0.7478152309612984
0.20601851851851852,0.03587962962962963,0.015046296296296295,0.7430555555555556
0.2045701849836779,0.031556039173014146,0.01632208922742111,0.7475516866158868
0.21155830753353974,0.02889576883384933,0.017543859649122806,0.7420020639834881
0.21421616358325218,0.028237585199610515,0.016553067185978577,0.7409931840311588
0.22653429602888087,0.027978339350180504,0.018050541516245487,0.7274368231046932
0.23022847100175747,0.025483304042179262,0.01845342706502636,0.7258347978910369
0.2373022481265612,0.030807660283097418,0.018318068276436304,0.7135720233139051
0.24110032362459546,0.029935275080906147,0.01779935275080906,0.7111650485436893
0.2537878787878788,0.030303030303030304,0.01893939393939394,0.696969696969697
0.25562817719680464,0.03195352214960058,0.02251270878721859,0.6899055918663762
0.25607217210270644,0.02914642609299098,0.022900763358778626,0.6918806384455239
0.26228419654714474,0.024568393094289508,0.021912350597609563,0.6912350597609562
0.2755956213779781,0.022537025112685124,0.022537025112685124,0.6793303283966516
0.2718266253869969,0.02043343653250774,0.022910216718266253,0.6848297213622291
0.2732732732732733,0.02042042042042042,0.023423423423423424,0.6828828828828829
0.2755632582322357,0.022530329289428077,0.023108030040439053,0.6787983824378971
0.2820369334079463,0.02518186905428092,0.02182428651371013,0.6709569110240626
0.28532608695652173,0.02608695652173913,0.021195652173913043,0.6673913043478261
0.2845744680851064,0.02446808510638298,0.022872340425531913,0.6680851063829787
0.29149377593361,0.024896265560165973,0.01970954356846473,0.6639004149377593
0.2922374429223744,0.026889903602232368,0.017250126839167934,0.6636225266362252
0.30518518518518517,0.025185185185185185,0.018271604938271607,0.6513580246913581
0.3112391930835735,0.026897214217098942,0.0196926032660903,0.6421709894332372
0.3151201130475742,0.024493641073951956,0.019312293923692887,0.641073951954781
0.3153954141319607,0.02573701450631727,0.02105755732335049,0.6378100140383716
0.31471389645776565,0.024069028156221618,0.022252497729336965,0.6389645776566758
0.31309041835357626,0.02564102564102564,0.02249212775528565,0.6387764282501125
0.31604609929078015,0.025709219858156027,0.02349290780141844,0.6347517730496454
0.31906443071491614,0.026037069726390114,0.02383053839364519,0.6310679611650486
0.3194630872483222,0.026845637583892617,0.026398210290827742,0.6272930648769575
0.32505543237250556,0.025277161862527715,0.027494456762749447,0.6221729490022173
0.32316534040671974,0.028293545534924844,0.027851458885941646,0.6206896551724138
0.3244087460954931,0.03034359660865685,0.028112449799196786,0.6171352074966533
0.32654867256637166,0.02920353982300885,0.030530973451327433,0.613716814159292
0.32596196373286157,0.0291906236178682,0.029632905793896505,0.6152145068553737
0.3319928507596068,0.028596961572832886,0.027256478999106343,0.612153708668454
0.33377837116154874,0.02892745883400089,0.02892745883400089,0.6083667111704495
0.3398576512455516,0.02891459074733096,0.02891459074733096,0.6023131672597865
0.33273942093541203,0.027171492204899776,0.029398663697104678,0.6106904231625835
0.33987511150758254,0.028991971454058876,0.027207850133809098,0.6039250669045495
0.339126559714795,0.029411764705882353,0.0285204991087344,0.6029411764705882
0.33719892952720787,0.034344335414808205,0.028099910793933987,0.6003568242640499
0.33539823008849556,0.034513274336283185,0.027876106194690265,0.602212389380531
0.3406445837063563,0.03581020590868397,0.02820053715308863,0.5953446732318711
0.34591194968553457,0.03593890386343217,0.029200359389038633,0.5889487870619946
0.34589502018842533,0.036787797218483624,0.02781516375056079,0.5895020188425303
0.3415841584158416,0.038253825382538256,0.0279027902790279,0.5922592259225923
0.34618794326241137,0.03634751773049645,0.028812056737588652,0.5886524822695035
0.3461024498886414,0.0378619153674833,0.028062360801781736,0.5879732739420935
0.3564356435643564,0.03915391539153915,0.027452745274527453,0.576957695769577
0.358507330075522,0.03953798311861395,0.027099067081297203,0.5748556197245669
0.3633125556544969,0.03829029385574354,0.025823686553873553,0.572573463935886
0.3672825597115818,0.036953582694907616,0.02794051374493015,0.5678233438485805
0.36716681376875554,0.03486319505736982,0.02736098852603707,0.5706090026478376
0.37182345073562195,0.03522068658047258,0.02808738296923763,0.5648684797146678
0.37323321554770317,0.036219081272084806,0.02871024734982332,0.5618374558303887
0.3749446657813192,0.03939796370075255,0.027888446215139442,0.5577689243027888
0.3717207647843486,0.04046242774566474,0.02578923966207203,0.5620275678079146
0.3722172751558326,0.040516473731077474,0.024933214603739984,0.56233303650935
0.367831541218638,0.042114695340501794,0.023297491039426525,0.5667562724014337
0.37706381079875056,0.04060687193217314,0.020972780008924587,0.5613565372601517
0.3747739602169982,0.042043399638336344,0.020795660036166366,0.5623869801084991
0.38247191011235954,0.039550561797752806,0.019775280898876403,0.5582022471910112
0.3807829181494662,0.04048042704626335,0.02179715302491103,0.5569395017793595
0.38526785714285716,0.04151785714285714,0.020535714285714286,0.5526785714285715
0.3841707425522454,0.04313028012449978,0.02267674522009782,0.5500222321031569
0.38953488372093026,0.04382826475849732,0.022361359570661897,0.5442754919499105
0.39767129422301833,0.043439319301388266,0.0219435736677116,0.5369458128078818
0.39631956912028726,0.04578096947935368,0.02378815080789946,0.5341113105924596
0.40268456375838924,0.04697986577181208,0.02371364653243848,0.5266219239373602
0.40894854586129753,0.0447427293064877,0.02371364653243848,0.5225950782997763
0.4160714285714286,0.044196428571428574,0.025,0.5147321428571429
0.41500221926320463,0.04571682201509099,0.02574345317354638,0.513537505548158
0.41186970102632753,0.0464078536367693,0.026327532351628737,0.5153949129852744
0.42105263157894735,0.043710972346119537,0.025869759143621766,0.5093666369313113
0.4245535714285714,0.04285714285714286,0.023214285714285715,0.509375
0.42876224398931434,0.040516473731077474,0.02315227070347284,0.5075690115761353
0.4242152466367713,0.04080717488789238,0.022869955156950672,0.5121076233183857
0.4295242329924411,0.0426856380613606,0.02267674522009782,0.5051133837261005
0.4357014388489209,0.043615107913669064,0.024280575539568347,0.49640287769784175
0.4344919786096257,0.040998217468805706,0.026737967914438502,0.4977718360071301
0.44133574007220217,0.039711191335740074,0.02572202166064982,0.49323104693140796
0.44256455921638466,0.043187889581478185,0.024487978628673197,0.4897595725734639
0.4450402144772118,0.04334226988382484,0.023681858802502235,0.4879356568364611
0.44792132320071526,0.04112650871703174,0.024586499776486366,0.48636566830576666
0.4495779653487339,0.041314971123944916,0.02576632607729898,0.4833407374500222
0.45148427115640233,0.04209127159946832,0.027470093043863535,0.4789543642002658
0.45462633451957296,0.0449288256227758,0.028469750889679714,0.4719750889679715
0.4526268522676246,0.04265828468792097,0.030534351145038167,0.47418051189941623
0.4540954095409541,0.041404140414041404,0.0306030603060306,0.4738973897389739
0.467020805666224,0.04072598494909252,0.029659141212926073,0.4625940681717574
0.4720496894409938,0.03904170363797693,0.029281277728482696,0.45962732919254656
0.4755056179775281,0.03910112359550562,0.028764044943820226,0.45662921348314606
0.47356529597831,0.039313149570718485,0.027564392227745142,0.4595571622232264
0.4814483683504694,0.04067948144836835,0.024139472507822977,0.4537326776933393
0.48742138364779874,0.04177897574123989,0.02336028751123091,0.4474393530997305
0.4885803851321093,0.03851321092700403,0.02328705776981639,0.4496193461710703
0.4867653656348138,0.039030955585464336,0.02332884701659937,0.4508748317631225
0.49124382577458464,0.03816793893129771,0.022900763358778626,0.44768747193533903
0.5006711409395973,0.0348993288590604,0.02237136465324385,0.44205816554809846
0.5013404825737265,0.03663985701519214,0.022788203753351208,0.4392314566577301
0.505338078291815,0.037811387900355875,0.02179715302491103,0.43505338078291816
0.5068797159343098,0.037283621837549935,0.024855747891699954,0.4309809143364403
0.5114196148678908,0.03493058665472459,0.025078369905956112,0.42857142857142855
0.5106288751107174,0.034986713906111605,0.024800708591674048,0.4295837023914969
0.5079858030168589,0.035048802129547474,0.025288376220053237,0.43167701863354035
0.5148782687105501,0.032461677186654644,0.02479711451758341,0.4278629395852119
0.5215077605321508,0.03237250554323725,0.02483370288248337,0.4212860310421286
0.5217006200177148,0.033215234720992026,0.024357838795394153,0.42072630646589904
0.5323227819884084,0.03343736067766384,0.0231832367365136,0.41105662059741416
0.5378414688759516,0.03493058665472459,0.02239140170174653,0.40483654276757725
0.532114183764496,0.03300624442462088,0.02096342551293488,0.41391614629794826
0.5358255451713395,0.03515798842901647,0.020471740097908322,0.40854472630173566
0.546233649075327,0.035182679296346414,0.019846639603067207,0.39873703202525934
0.549910071942446,0.0368705035971223,0.021133093525179857,0.3920863309352518
0.5539149888143177,0.03758389261744966,0.02058165548098434,0.38791946308724834
0.5469097376611828,0.035571365051133834,0.02401067140951534,0.3935082258781681
0.5454142667257421,0.03677447939743022,0.02259636685866194,0.3952148870181657
0.5467914438502673,0.035204991087344026,0.023172905525846704,0.3948306595365419
0.550711743772242,0.03202846975088968,0.02179715302491103,0.3954626334519573
0.5548645046645935,0.03154153709462461,0.02310084406930253,0.39049311417147936
0.5517699115044248,0.034955752212389384,0.02168141592920354,0.3915929203539823
0.5612560813799203,0.03494029190623618,0.019460415745245468,0.38434321096859797
0.5530098831985625,0.03773584905660377,0.01931716082659479,0.389937106918239
0.5599467140319716,0.037300177619893425,0.019094138543516874,0.3836589698046181
0.5664893617021277,0.03723404255319149,0.019060283687943262,0.3772163120567376
0.5646743978590544,0.03479036574487065,0.020517395182872437,0.3800178412132025
0.5630590339892666,0.03801431127012522,0.02191413237924866,0.37701252236135957
0.5634427684117125,0.037267080745341616,0.022182786157941437,0.37710736468500444
0.5728285077951002,0.03697104677060133,0.02271714922048998,0.3674832962138085
0.578664276109368,0.037203047960555805,0.021515015688032272,0.36261766024204395
0.5785234899328859,0.03534675615212528,0.02237136465324385,0.363758389261745
0.5842245989304813,0.03297682709447415,0.021836007130124777,0.3609625668449198
0.5776481149012568,0.035457809694793535,0.02154398563734291,0.3653500897666068
0.5828468792096991,0.03188145487202514,0.02155365963179165,0.36371800628648404
0.5961624274877287,0.03168228469433289,0.01963409192324855,0.3525211958946899
0.5911949685534591,0.03189577717879605,0.02021563342318059,0.35669362084456424
0.5962650066696309,0.03156958648288128,0.019119608714984436,0.3530457981325033
0.5998217468805704,0.0338680926916221,0.020499108734402853,0.34581105169340465
0.6036476868327402,0.03425266903914591,0.01912811387900356,0.3429715302491103
0.6026666666666667,0.03688888888888889,0.018222222222222223,0.3422222222222222
0.5946918578497525,0.03688708951866847,0.019343229869545658,0.3490778227620333
0.6116504854368932,0.03662842012356576,0.02030008826125331,0.33142100617828774
0.6148016049933125,0.03700401248328132,0.020954079358002677,0.3272403031654035
0.6141134435015632,0.038856632425189816,0.021438142027690933,0.32559178204555606
0.6137184115523465,0.03835740072202166,0.021660649819494584,0.32626353790613716
0.6177797833935018,0.039711191335740074,0.021209386281588447,0.3212996389891697
0.6181491464510332,0.038185085354896675,0.0220125786163522,0.3216531895777179
0.6301123595505618,0.037303370786516854,0.021123595505617977,0.3114606741573034
0.6300940438871473,0.03493058665472459,0.019704433497536946,0.31527093596059114
0.6252791424743189,0.03707012058954891,0.01965163019205002,0.31799910674408216
0.6250555308751666,0.0368725011106175,0.02087960906263883,0.3171923589515771
0.6276690391459074,0.03603202846975089,0.02402135231316726,0.3122775800711744
0.6295302013422819,0.03445190156599553,0.02371364653243848,0.3123042505592841
0.632471008028546,0.03345227475468332,0.024977698483496878,0.3090990187332739
0.6371402877697842,0.03372302158273381,0.02473021582733813,0.3044064748201439
0.6476868327402135,0.032473309608540925,0.02491103202846975,0.2949288256227758
0.6432408236347359,0.03312444046553268,0.025962399283795883,0.29767233661593556
0.6478434859937751,0.03334815473543797,0.026233881725211204,0.2925744775455758
0.6473194505981391,0.0358883473637572,0.028356225077536552,0.2884359769605671
0.6469804618117229,0.03241563055062167,0.028419182948490232,0.2921847246891652
0.6492869875222816,0.030303030303030304,0.027629233511586453,0.2927807486631016
0.6519213583556747,0.03306523681858802,0.02770330652368186,0.2873100983020554
0.6559571619812584,0.030789825970548863,0.02900490852298081,0.28424810352521196
0.667262969588551,0.028622540250447227,0.02728085867620751,0.2768336314847943
0.6662216288384513,0.027147307521139297,0.03115264797507788,0.27547841566533154
0.6720720720720721,0.026126126126126126,0.02972972972972973,0.27207207207207207
0.673551863493489,0.025594970812752582,0.02784014369106421,0.27301302200269423
0.677752808988764,0.023370786516853932,0.028314606741573035,0.270561797752809
0.6892252894033838,0.02404274265360641,0.02715939447907391,0.25957257346393586
0.6856127886323268,0.026198934280639432,0.02664298401420959,0.26154529307282415
0.6900662251655629,0.026931567328918323,0.025607064017660046,0.25739514348785875
0.6893333333333334,0.025777777777777778,0.024,0.2608888888888889
0.6885612153708669,0.025022341376228777,0.02546916890080429,0.2609472743521001
0.6850605652759085,0.026917900403768506,0.02288021534320323,0.2651413189771198
0.6844919786096256,0.027183600713012478,0.024509803921568627,0.2638146167557932
0.6901471243869817,0.029870708872046365,0.024966562639322336,0.2550156041016496
0.6941021126760564,0.030369718309859156,0.02640845070422535,0.24911971830985916
0.6920353982300885,0.03274336283185841,0.025221238938053097,0.25
0.6911437472185136,0.03426791277258567,0.024477080551846907,0.25011125945705387
0.6951871657754011,0.031194295900178252,0.025846702317290554,0.24777183600713013
0.6961400359066428,0.03052064631956912,0.026032315978456014,0.24730700179533213
0.694170403587444,0.03094170403587444,0.026457399103139014,0.2484304932735426
0.6929941990182954,0.031236055332440876,0.0249888442659527,0.250780901383311
0.6899365367180417,0.034904805077062555,0.024932003626473256,0.25022665457842247
0.6954177897574124,0.03369272237196765,0.022461814914645103,0.24842767295597484
0.7080357142857143,0.03169642857142857,0.023660714285714285,0.23660714285714285
0.7055160142348754,0.03202846975088968,0.02491103202846975,0.23754448398576514
0.706067415730337,0.03146067415730337,0.025617977528089888,0.23685393258426965
0.7055406613047364,0.030831099195710455,0.025022341376228777,0.2386058981233244
0.7036048064085447,0.03159768580329328,0.022696929238985315,0.2421005785491767
0.7036048064085447,0.03204272363150868,0.024922118380062305,0.2394303515798843
0.7031881454872025,0.030983385720700495,0.02694207453973956,0.23888639425235744
0.7076991942703671,0.02954341987466428,0.025067144136078783,0.2376902417188899
0.7068039391226499,0.02999104744852283,0.025067144136078783,0.23813786929274844
0.7044334975369458,0.029556650246305417,0.02418271383788625,0.24182713837886252
0.7046263345195729,0.03113879003558719,0.02491103202846975,0.2393238434163701
0.7002247191011236,0.032359550561797755,0.027415730337078652,0.24
0.7069351230425056,0.029082774049217,0.026398210290827742,0.23758389261744967
0.7097637093178778,0.02808738296923763,0.02630405706642889,0.23584485064645563
0.7047279214986619,0.02631578947368421,0.025423728813559324,0.24353256021409456
0.7129506008010681,0.029372496662216287,0.024922118380062305,0.23275478415665332
0.7155172413793104,0.027676950998185117,0.023139745916515426,0.2336660617059891
0.721824686940966,0.02817531305903399,0.022808586762075134,0.22719141323792486
0.7256124721603563,0.029398663697104678,0.020489977728285078,0.2244988864142539
0.7266606822262118,0.026032315978456014,0.019748653500897665,0.22755834829443447
0.7279246974450919,0.024652622142536978,0.020170327207530255,0.22725235320484088
0.7294170004450379,0.024477080551846907,0.021361815754339118,0.22474410324877614
0.7358068842199375,0.024586499776486366,0.02011622708985248,0.21949038891372374
0.7389937106918238,0.026954177897574125,0.02021563342318059,0.2138364779874214
0.7355962483251451,0.02813756141134435,0.02188476998660116,0.21438142027690935
0.7380420205632544,0.028609745194456863,0.022798390701832812,0.21054984354045597
0.7422818791946308,0.028187919463087248,0.021476510067114093,0.2080536912751678
0.7486702127659575,0.027925531914893616,0.020390070921985817,0.20301418439716312
0.7531138790035588,0.02802491103202847,0.020462633451957295,0.19839857651245552
0.7522401433691757,0.028225806451612902,0.021953405017921146,0.1975806451612903
0.753480017961383,0.027391109115401886,0.02155365963179165,0.19757521329142344
0.7447474295932052,0.029056772463120252,0.02101028162717926,0.20518551631649531
0.7506702412868632,0.029490616621983913,0.01876675603217158,0.20107238605898123
0.752549889135255,0.029711751662971176,0.019955654101995565,0.19778270509977827
0.7549933422103862,0.03062583222370173,0.020417221482467822,0.1939636040834443
0.7578297309219233,0.030877812086457873,0.0211733568592854,0.1901191001323335
0.7562724014336918,0.030017921146953404,0.021953405017921146,0.1917562724014337
0.7618198037466548,0.027207850133809098,0.021409455842997322,0.1895628902765388
0.7616279069767442,0.027728085867620753,0.02146690518783542,0.18917710196779963
0.7695417789757413,0.029200359389038633,0.021114106019766397,0.18014375561545373
0.7670121676430824,0.030193780982424517,0.02118071203244705,0.18161333934204596
0.7746102449888641,0.028507795100222718,0.020489977728285078,0.17639198218262805
0.776092774308653,0.028991971454058876,0.02007136485280999,0.17484388938447815
0.7805419813416259,0.027543314082629944,0.020435362061306087,0.17147934251443803
0.7770842621489077,0.026749888542131076,0.0231832367365136,0.17298261257244762
0.7787729511867443,0.026421854008060904,0.02239140170174653,0.1724137931034483
0.7778272484416741,0.028495102404274265,0.02315227070347284,0.1705253784505788
0.7873945849977807,0.02663115845539281,0.0230803373280071,0.16289391921881935
0.7905405405405406,0.024774774774774775,0.025225225225225224,0.15945945945945947
0.7900179856115108,0.023381294964028777,0.026528776978417268,0.16007194244604317
0.7927046263345195,0.025800711743772242,0.026245551601423486,0.1552491103202847
0.7920924033762772,0.029320302087960905,0.02576632607729898,0.1528209684584629
0.8003589053387169,0.026469268730372364,0.023777478689995513,0.14939434724091522
0.8026845637583893,0.024608501118568233,0.02192393736017897,0.15078299776286352
0.8053691275167785,0.022818791946308724,0.02058165548098434,0.1512304250559284
0.8137962128043282,0.02028854824165915,0.018935978358881875,0.14697926059513075
0.819400983459991,0.018328118015198926,0.018328118015198926,0.1439427805096111
0.8193774660236738,0.01841297676457694,0.01972818939061815,0.14248136782113108
0.8181417877586966,0.01805372082782915,0.024218405988551298,0.13958608542492293
0.818384649709951,0.01651048639000446,0.025435073627844713,0.13966979027219992
0.8162090345438441,0.01771479185119575,0.025686448184233834,0.1403897254207263
0.8200799644602399,0.018658374055975122,0.025322079075966238,0.13593958240781875
0.8209821428571429,0.020535714285714286,0.025,0.13348214285714285
0.8192341941228851,0.021816562778272486,0.02804986642920748,0.13089937666963491
0.821826280623608,0.02182628062360802,0.024944320712694878,0.13140311804008908
0.8242585214696768,0.02080566622399292,0.023461708720672863,0.13147410358565736
0.8271441202475686,0.023430592396109638,0.02431476569407604,0.1251105216622458
0.825,0.026785714285714284,0.026339285714285714,0.121875
0.8255093002657219,0.026572187776793623,0.02745792736935341,0.1204605845881311
0.8278905560458959,0.02471315092674316,0.027802294792586054,0.11959399823477493
0.8286728806036396,0.0230803373280071,0.027075011096316024,0.12117177097203728
0.8292245629762438,0.024204392649036306,0.02689376961004034,0.11967727476467951
0.8315743183817063,0.02198768689533861,0.026824978012313105,0.11961301671064203
0.8276633840644584,0.023276633840644583,0.02909579230080573,0.11996418979409132
0.8351843625055531,0.02132385606397157,0.028431808085295423,0.11505997334517992
0.8368163628279235,0.02401067140951534,0.026678523788350377,0.11249444197421075
0.8310931899641577,0.025089605734767026,0.027329749103942653,0.11648745519713262
0.8295403837572513,0.02677376171352075,0.029451137884872823,0.1142347166443552
0.8284556506078343,0.028365601080594327,0.028815848716794237,0.11436289959477713
0.8325971731448764,0.026060070671378093,0.026943462897526502,0.11439929328621908
0.8325210456357998,0.02658396101019052,0.02658396101019052,0.11431103234381923
0.8300884955752212,0.02920353982300885,0.024336283185840708,0.1163716814159292
0.8342293906810035,0.03136200716845878,0.025537634408602152,0.10887096774193548
0.8367620751341681,0.029516994633273702,0.0259391771019678,0.10778175313059034
0.839821029082774,0.029082774049217,0.027293064876957495,0.10380313199105146
0.8431899641577061,0.028225806451612902,0.02867383512544803,0.09991039426523297
0.8438612099644128,0.029359430604982206,0.02802491103202847,0.09875444839857651
0.8424536628420124,0.028684907325684024,0.02912621359223301,0.0997352162400706
0.8441098317094774,0.029229406554472984,0.027900797165633304,0.0987599645704163
0.8477772788504715,0.02828917826672654,0.025594970812752582,0.0983385720700494
0.8534289556252801,0.025997310623038995,0.024652622142536978,0.09592111160914388
0.8613105924596051,0.027827648114901255,0.02333931777378815,0.08752244165170557
0.8574630210667862,0.02734199910354101,0.024652622142536978,0.09054235768713581
0.8598669623059867,0.027937915742793792,0.024390243902439025,0.08780487804878048
0.8641037103263299,0.027715690657130084,0.019669199821189094,0.08851139919535092
0.8614431164231962,0.027888446215139442,0.021248339973439574,0.08942009738822487
0.8613074204946997,0.026943462897526502,0.01987632508833922,0.09187279151943463
0.863975427819219,0.025888547608600262,0.019306713470820535,0.09082931110136025
0.8612099644128114,0.028469750889679714,0.02090747330960854,0.08941281138790036
0.8632286995515696,0.026905829596412557,0.02197309417040359,0.08789237668161436
0.8633318445734703,0.026351049575703438,0.022331397945511387,0.08798570790531487
0.8676731793960923,0.02486678507992895,0.023534635879218474,0.08392539964476022
0.8671701466015105,0.023545091070635273,0.023989338071968014,0.08529542425588628
0.8652135231316725,0.023576512455516015,0.023131672597864767,0.08807829181494661
0.8658918194009835,0.0232454179704962,0.024586499776486366,0.08627626285203398
0.867679928475637,0.025033527045149755,0.023692445239159587,0.08359409924005365
0.8693913816081742,0.024433585073300755,0.02310084406930253,0.08307418924922257
0.8721238938053097,0.024336283185840708,0.023008849557522124,0.08053097345132744
0.8700892857142857,0.025,0.024553571428571428,0.08035714285714286
0.8721603563474387,0.025389755011135856,0.023162583518930958,0.07928730512249443
0.8725402504472272,0.023255813953488372,0.022808586762075134,0.08139534883720931
0.8753339269813001,0.020480854853072127,0.0213713268032057,0.08281389136242208
0.8765541740674956,0.020870337477797513,0.020426287744227355,0.08214920071047957
0.8789497107254116,0.020026702269692925,0.020471740097908322,0.08055184690698709
0.8747763864042933,0.019230769230769232,0.020125223613595707,0.08586762075134168
0.8741039426523297,0.018369175627240143,0.020161290322580645,0.08736559139784947
0.8805031446540881,0.01931716082659479,0.018867924528301886,0.08131176999101528
0.8800178412132025,0.02007136485280999,0.016057091882247992,0.08385370205173952
0.8796296296296297,0.021164021164021163,0.01763668430335097,0.08156966490299823
0.8759448643841707,0.01956425077812361,0.020898176967541128,0.08359270787016451
0.876449598572703,0.019625334522747548,0.02096342551293488,0.08296164139161463
0.874166296131614,0.020453534904401955,0.023121387283236993,0.082258781680747
0.8765541740674956,0.017761989342806393,0.024422735346358793,0.08126110124333925
0.873220640569395,0.018683274021352312,0.025355871886120998,0.08274021352313167
0.8727353071144498,0.019885108263367212,0.026513477684489615,0.08086610693769333
0.8807624113475178,0.01773049645390071,0.024379432624113476,0.07712765957446809
0.8830022075055187,0.017218543046357615,0.022958057395143488,0.07682119205298013
0.8820649755229194,0.01824655095683133,0.02091677792612372,0.0787716955941255
0.8805506216696269,0.020426287744227355,0.022202486678507993,0.07682060390763766
0.8793180798564378,0.021534320323014805,0.021085688649618663,0.07806191117092867
0.87855871886121,0.020462633451957295,0.021352313167259787,0.07962633451957295
0.8753339269813001,0.020480854853072127,0.02404274265360641,0.08014247551202137
0.8696808510638298,0.019060283687943262,0.024822695035460994,0.08643617021276596
0.8726227333038479,0.019902697921273773,0.023883237505528527,0.08359133126934984
0.8708815672306323,0.0213713268032057,0.022707034728406055,0.085040071237756
0.8725402504472272,0.019230769230769232,0.022808586762075134,0.08542039355992845
0.8723784024988844,0.019187862561356538,0.023650156180276664,0.08478357875948238
0.8767857142857143,0.02142857142857143,0.02142857142857143,0.08035714285714286
0.8740675734971479,0.022817025010969723,0.02150065818341378,0.08161474330846863
0.8695079086115993,0.024165202108963092,0.021968365553602813,0.0843585237258348
0.8735529830810329,0.024487978628673197,0.020480854853072127,0.08147818343722173
0.8726625111308994,0.02404274265360641,0.0213713268032057,0.0819234194122885
0.8729670329670329,0.025494505494505496,0.01934065934065934,0.08219780219780219
0.8689898544331716,0.023820026466696075,0.021614468460520512,0.08557565063961182
0.8642951251646904,0.025032938076416336,0.024154589371980676,0.08651734738691261
0.8608657243816255,0.02429328621908127,0.027385159010600707,0.08745583038869258
0.859633437639696,0.02548055431381314,0.02548055431381314,0.08940545373267769
0.8555604785112981,0.027913159060700046,0.0256978289765175,0.09082853345148427
0.8538427365615282,0.02798756108396268,0.025322079075966238,0.09284762327854287
0.8532920901458241,0.029606716747680072,0.023862129916040652,0.09323906319045515
0.8523281596452328,0.03237250554323725,0.026607538802660754,0.08869179600886919
0.8651685393258427,0.025617977528089888,0.025617977528089888,0.08359550561797753
0.865093499554764,0.023597506678539625,0.025378450578806767,0.08593054318788958
0.8653333333333333,0.02266666666666667,0.02666666666666667,0.08533333333333333
0.8683859493108048,0.022232103156958647,0.024899955535793685,0.08448199199644287
0.8654970760233918,0.022941970310391364,0.021592442645074223,0.0899685110211426
0.8648648648648649,0.024811696942844484,0.021710234824988923,0.08861320336730173
0.8643238434163701,0.02402135231316726,0.02224199288256228,0.08941281138790036
0.8608270342374389,0.026233881725211204,0.020898176967541128,0.0920409070698088
0.8601429848078642,0.02680965147453083,0.022788203753351208,0.0902591599642538
0.862238074008025,0.027641551493535442,0.0231832367365136,0.08693713776192599
0.8583481349911191,0.02975133214920071,0.023534635879218474,0.08836589698046181
0.8607142857142858,0.03080357142857143,0.021875,0.08660714285714285
0.8594235033259423,0.031042128603104215,0.02350332594235033,0.0860310421286031
0.8596802841918295,0.03063943161634103,0.023978685612788632,0.08570159857904085
0.8587147887323944,0.030369718309859156,0.025088028169014086,0.08582746478873239
0.8578387953941541,0.030558015943312665,0.026572187776793623,0.08503100088573959
0.8614699331848552,0.028953229398663696,0.024944320712694878,0.08463251670378619
0.8656849620705043,0.03034359660865685,0.02320392681838465,0.08076751450245426
0.8679413072476656,0.02845709204090707,0.024899955535793685,0.07870164517563362
0.8637577916295637,0.02804986642920748,0.024933214603739984,0.08325912733748887
0.8615656789031402,0.0291906236178682,0.022998673153471916,0.08624502432551968
0.8543603364320496,0.03010181496237273,0.02478972996901284,0.09074811863656485
0.8564422648238965,0.027641551493535442,0.022737405260811413,0.09317877842175658
0.8658865886588659,0.025202520252025202,0.021602160216021602,0.08730873087308731
0.8737777777777778,0.024888888888888887,0.019555555555555555,0.08177777777777778
0.8722545943523083,0.025549081129538322,0.019722097714029583,0.08247422680412371
0.8748878923766816,0.026905829596412557,0.020179372197309416,0.07802690582959641
0.8660955816050496,0.028854824165915238,0.02164111812443643,0.08340847610459874
0.8681514476614699,0.029844097995545656,0.02182628062360802,0.0801781737193764
0.8666367310282892,0.029636281993713515,0.023798832510103278,0.07992815446789403
0.8661844484629295,0.03074141048824593,0.02305605786618445,0.08001808318264014
0.8673883626522327,0.02931889941362201,0.02480829950383401,0.07848443843031123
0.8725799189554255,0.029716343989194056,0.021611886537595677,0.07609185051778478
0.869915064818954,0.027268663388466695,0.024139472507822977,0.07867679928475638
0.8682581786030061,0.028293545534924844,0.023872679045092837,0.07957559681697612
0.8700614574187884,0.029411764705882353,0.023266022827041263,0.07726075504828797
0.8750557786702365,0.029451137884872823,0.02186523873270861,0.07362784471218206
0.8718626155878467,0.029502421840598855,0.02289740202553941,0.07573756054601496
0.8696428571428572,0.029910714285714287,0.022767857142857142,0.07767857142857143
0.8728737690241719,0.026410026857654433,0.025067144136078783,0.0756490599820949
0.8749445676274945,0.02394678492239468,0.027494456762749447,0.07361419068736141
0.8738938053097345,0.024336283185840708,0.026991150442477876,0.0747787610619469
0.8743853375055879,0.02592758158247653,0.027268663388466695,0.07241841752346893
0.8711131140153222,0.027489860297431275,0.028841820639927896,0.07255520504731862
0.8793947485536271,0.02403204272363151,0.027592345349354695,0.06898086337338674
0.8789237668161435,0.02466367713004484,0.02780269058295964,0.06860986547085202
0.881858407079646,0.02566371681415929,0.026106194690265486,0.06637168141592921
0.8821966341895483,0.027015057573073518,0.026572187776793623,0.06421612046058459
0.8755615453728661,0.02830188679245283,0.028751123090745734,0.0673854447439353
0.8808035714285715,0.026785714285714284,0.027232142857142858,0.06517857142857143
0.8804299149126735,0.025974025974025976,0.027317510076130765,0.06627854903716973
0.8808243727598566,0.026881720430107527,0.025985663082437275,0.06630824372759857
0.8862115127175368,0.026327532351628737,0.025435073627844713,0.062025881302989735
0.8855989232839838,0.02557200538358008,0.02512337371018394,0.06370569762225213
0.8881932021466905,0.026386404293381037,0.022361359570661897,0.06305903398926654
0.8904719501335708,0.025823686553873553,0.022707034728406055,0.0609973285841496
0.8902275769745649,0.025435073627844713,0.024096385542168676,0.060240963855421686
0.8911111111111111,0.025333333333333333,0.02311111111111111,0.060444444444444446
0.8902765388046388,0.027207850133809098,0.021855486173059768,0.060660124888492414
0.89332138054684,0.02823845809054236,0.021515015688032272,0.05692514567458539
0.897039328325232,0.0273972602739726,0.019885108263367212,0.05567830313742819
0.8958333333333334,0.028812056737588652,0.018173758865248225,0.057180851063829786
0.8931567328918323,0.026931567328918323,0.019426048565121413,0.060485651214128036
0.8959074733096085,0.025355871886120998,0.017348754448398576,0.06138790035587188
0.8958426464014305,0.02548055431381314,0.016987036209208762,0.06168976307554761
0.8918439716312057,0.02526595744680851,0.01950354609929078,0.06338652482269504
0.8936359590565198,0.0258121940364931,0.020026702269692925,0.06052514463729417
0.894971072541166,0.024922118380062305,0.01824655095683133,0.06186025812194036
0.8933450859409432,0.024239753195240195,0.018069634200088145,0.06434552666372852
0.8925399644760214,0.02575488454706927,0.019538188277087035,0.06216696269982238
0.8905494505494506,0.028131868131868132,0.02021978021978022,0.0610989010989011
0.8878923766816144,0.027354260089686097,0.021524663677130046,0.06322869955156951
0.8917594654788419,0.026726057906458798,0.021380846325167038,0.060133630289532294
0.8892348754448398,0.029359430604982206,0.02179715302491103,0.059608540925266906
0.8931127012522362,0.026386404293381037,0.023255813953488372,0.057245080500894455
0.8954305799648506,0.02460456942003515,0.021528998242530756,0.05843585237258348
0.8958517210944396,0.02383053839364519,0.02118270079435128,0.05913503971756399
0.8967828418230563,0.02323503127792672,0.02323503127792672,0.05674709562109026
0.8951791242812914,0.023883237505528527,0.022998673153471916,0.057938965059708095
0.8939460892620416,0.024304021210782147,0.021210782147591693,0.06053910737958462
0.8963823135328272,0.023224653863331845,0.022331397945511387,0.058061634658329614
0.8997349823321554,0.023409893992932862,0.021643109540636044,0.055212014134275615
0.8957409050576752,0.023070097604259095,0.023070097604259095,0.058118899733806566
0.8982300884955752,0.023451327433628318,0.02256637168141593,0.05575221238938053
0.8949450549450549,0.025934065934065935,0.0210989010989011,0.058021978021978025
0.8978779840848806,0.02564102564102564,0.021220159151193633,0.05526083112290009
0.8990744821507272,0.027324812692816218,0.020273248126928163,0.05332745702952843
0.8953436807095344,0.027494456762749447,0.022172949002217297,0.054988913525498895
0.8941964285714286,0.029464285714285714,0.020982142857142855,0.055357142857142855
0.8926654740608229,0.02728085867620751,0.02101967799642218,0.059033989266547404
0.8954219030520646,0.025134649910233394,0.02064631956912029,0.058797127468581685
0.8896306186025812,0.0258121940364931,0.02403204272363151,0.06052514463729417
0.892921146953405,0.024193548387096774,0.022401433691756272,0.06048387096774194
0.8882379450202794,0.023433979269941414,0.02253267237494367,0.06579540333483551
0.8944099378881988,0.023070097604259095,0.019964507542147295,0.06255545696539486
0.8960352422907489,0.02378854625550661,0.018061674008810574,0.06211453744493392
0.8962930273609885,0.021624007060900265,0.02030008826125331,0.0617828773168579
0.8974932855863921,0.021933751119068933,0.019247985675917637,0.06132497761862131
0.8931909212283045,0.019581664441477527,0.021361815754339118,0.06586559857587895
0.8926678445229682,0.019434628975265017,0.02075971731448763,0.06713780918727916
0.8910802330793366,0.0210667861945316,0.021515015688032272,0.06633796503809951
0.8889382496668148,0.02265659706796979,0.020435362061306087,0.06796979120390938
0.8944099378881988,0.022182786157941437,0.022182786157941437,0.061224489795918366
0.8962264150943396,0.022461814914645103,0.0215633423180593,0.059748427672955975
0.8969162995594714,0.02290748898678414,0.022026431718061675,0.05814977973568282
0.8965364120781527,0.022202486678507993,0.023534635879218474,0.05772646536412078
0.8931737588652482,0.01950354609929078,0.025709219858156027,0.06161347517730496
0.8919039145907474,0.021352313167259787,0.027135231316725978,0.059608540925266906
0.8902222222222222,0.020444444444444446,0.027555555555555555,0.06177777777777778
0.8910400720396218,0.0225123818099955,0.028365601080594327,0.058081945069788386
0.8927289048473968,0.02199281867145422,0.02827648114901257,0.057001795332136444
0.8960396039603961,0.020702070207020702,0.0279027902790279,0.05535553555355536
0.8947602131438721,0.019538188277087035,0.02797513321492007,0.05772646536412078
0.8961096374889478,0.022546419098143235,0.025198938992042442,0.05614500442086649
0.8967828418230563,0.021447721179624665,0.025022341376228777,0.05674709562109026
0.8947368421052632,0.021855486173059768,0.024531668153434435,0.058876003568242644
0.8927613941018767,0.024128686327077747,0.024128686327077747,0.058981233243967826
0.8913140311804009,0.02182628062360802,0.025835189309576838,0.06102449888641425
0.8911381016644174,0.02249212775528565,0.026090868196131354,0.06027890238416554
0.8934753661784287,0.02174877940523746,0.024411895250776743,0.060363959165557035
0.8939866369710467,0.022271714922048998,0.024053452115812918,0.05968819599109131
0.8927613941018767,0.02323503127792672,0.025022341376228777,0.058981233243967826
0.8979138925876609,0.023524189968930315,0.022192632046160676,0.056369285397248114
0.8977777777777778,0.023555555555555555,0.025333333333333333,0.05333333333333334
0.8937305469097376,0.026678523788350377,0.024899955535793685,0.05469097376611828
0.8948775055679288,0.025389755011135856,0.027616926503340758,0.05211581291759466
0.8935512367491166,0.02561837455830389,0.027385159010600707,0.0534452296819788
0.8931909212283045,0.024922118380062305,0.027592345349354695,0.054294615042278595
0.892328398384926,0.02512337371018394,0.029161058770749215,0.05338716913414087
0.8903254569772626,0.02630405706642889,0.028979045920642,0.05439144003566652
