R,A,S,N
1.0,0.0,0.0,0.0
0.5,0.0,0.0,0.5
0.0,0.3333333333333333,0.0,0.6666666666666666
0.0,0.4,0.0,0.6
0.0,0.2,0.2,0.6
0.0,0.2857142857142857,0.2857142857142857,0.42857142857142855
0.0,0.2,0.3,0.5
0.18181818181818182,0.18181818181818182,0.2727272727272727,0.36363636363636365
0.0625,0.3125,0.25,0.375
0.09090909090909091,0.22727272727272727,0.22727272727272727,0.45454545454545453
0.06060606060606061,0.24242424242424243,0.2727272727272727,0.42424242424242425
0.09090909090909091,0.22727272727272727,0.29545454545454547,0.38636363636363635
0.10344827586206896,0.20689655172413793,0.3275862068965517,0.3620689655172414
0.12790697674418605,0.20930232558139536,0.32558139534883723,0.3372093023255814
0.14035087719298245,0.20175438596491227,0.32456140350877194,0.3333333333333333
0.1518987341772152,0.22784810126582278,0.31645569620253167,0.3037974683544304
0.14084507042253522,0.215962441314554,0.3427230046948357,0.3004694835680751
0.14772727272727273,0.21212121212121213,0.3371212121212121,0.30303030303030304
0.14150943396226415,0.2169811320754717,0.3238993710691824,0.31761006289308175
0.14105793450881612,0.21158690176322417,0.3123425692695214,0.3350125944584383
0.13861386138613863,0.22574257425742575,0.2891089108910891,0.3465346534653465
0.13682432432432431,0.22804054054054054,0.28209459459459457,0.3530405405405405
0.14244604316546763,0.2316546762589928,0.26906474820143883,0.35683453237410073
0.14303482587064675,0.24129353233830847,0.26243781094527363,0.35323383084577115
0.14145810663764963,0.235038084874864,0.2611534276387378,0.36235038084874865
0.14669223394055608,0.24448705656759348,0.2569511025886865,0.35186960690316393
0.13748932536293765,0.2519214346712212,0.2596071733561059,0.35098206660973524
0.12980030721966207,0.2572964669738863,0.2588325652841782,0.35407066052227343
0.13601127554615927,0.2544045102184637,0.262861169837914,0.346723044397463
0.13674659753726506,0.2644199611147116,0.25534672715489304,0.34348671419313026
0.13398893669330056,0.2599877074370006,0.25322679778733864,0.35279655808236016
0.13035921205098494,0.2653534183082271,0.24855156431054462,0.35573580533024335
0.13081554460864805,0.26436781609195403,0.2435686918445539,0.361247947454844
0.12519809825673534,0.2694136291600634,0.2398309561542525,0.36555731642894873
0.13216957605985039,0.26932668329177056,0.2314214463840399,0.36708229426433914
0.1324828263002944,0.2644749754661433,0.23846908734052993,0.3645731108930324
0.1323943661971831,0.2619718309859155,0.2347417840375587,0.37089201877934275
0.13220815752461323,0.2517580872011252,0.24097515236755743,0.3750586029067042
0.13861845155308297,0.24432081594807603,0.2410755679184052,0.3759851645804358
0.14434389140271492,0.2411764705882353,0.24343891402714932,0.37104072398190047
0.14343343792021515,0.24069923800986104,0.23621694307485433,0.3796503809950695
0.14407924358397117,0.24268347591175146,0.235029266096353,0.37820801440792434
0.14694059848146493,0.23894595801697185,0.22956677087985708,0.3845466726217061
0.14775255896751224,0.2367601246105919,0.2376502002670227,0.37783711615487314
0.1556455240665767,0.2316689158794422,0.22807017543859648,0.38461538461538464
0.15558510638297873,0.23404255319148937,0.2296099290780142,0.3807624113475177
0.1568627450980392,0.232620320855615,0.22771836007130125,0.3827985739750446
0.16090425531914893,0.2300531914893617,0.22118794326241134,0.387854609929078
0.16556583003082342,0.22369000440334655,0.22721268163804492,0.38353148392778513
0.16851934192974655,0.2254335260115607,0.22054246331702979,0.38550466874166295
0.1657754010695187,0.22727272727272727,0.21524064171122995,0.3917112299465241
0.17219730941704037,0.22556053811659194,0.21345291479820627,0.3887892376681614
0.16931918656056588,0.22811671087533156,0.21529619805481875,0.38726790450928383
0.17723796671165093,0.22807017543859648,0.21547458389563653,0.3792172739541161
0.18351063829787234,0.2247340425531915,0.21586879432624115,0.375886524822695
0.18263205013428827,0.22649955237242614,0.21128021486123547,0.37958818263205013
0.18833481745325023,0.23063223508459482,0.20970614425645592,0.371326803205699
0.18688670829616413,0.227921498661909,0.2056199821587868,0.37957181088314007
0.190625,0.22901785714285713,0.20625,0.37410714285714286
0.19030837004405288,0.2286343612334802,0.20748898678414096,0.373568281938326
0.19410977242302543,0.22266845158411425,0.20169567157518964,0.3815261044176707
0.1955849889624724,0.22649006622516557,0.1986754966887417,0.3792494481236203
0.1941747572815534,0.2228596646072374,0.2003530450132392,0.38261253309797
0.19143239625167335,0.2248995983935743,0.1963409192324855,0.38732708612226685
0.1987353206865402,0.2240289069557362,0.1915085817524842,0.3857271906052394
0.2014260249554367,0.2179144385026738,0.1929590017825312,0.3877005347593583
0.20635631154879142,0.21754700089525514,0.18889883616830797,0.38719785138764545
0.20266075388026608,0.22172949002217296,0.19201773835920177,0.3835920177383592
0.20328450954283178,0.2205947625388371,0.19218819351975144,0.38393253439857966
0.2064975522919448,0.21851357365376056,0.18691588785046728,0.38807298620382735
0.20277529095792302,0.2153088630259624,0.18531781557743957,0.39659803043867503
0.20921985815602837,0.21719858156028368,0.19193262411347517,0.3816489361702128
0.21206743566992015,0.209849157054126,0.1867790594498669,0.391304347826087
0.21099290780141844,0.21409574468085107,0.17863475177304963,0.3962765957446808
0.21362229102167182,0.21229544449358692,0.18045112781954886,0.3936311366651924
0.21517302573203195,0.21162377994676132,0.1823425022182786,0.3908606921029281
0.21431727794962438,0.21210782147591692,0.18205921343349535,0.3915156871409633
0.21986754966887417,0.20927152317880796,0.1845474613686534,0.38631346578366443
0.22040636042402828,0.21333922261484098,0.18021201413427562,0.38604240282685515
0.22177954847277556,0.21336874723328905,0.18193891102257637,0.382912793271359
0.21752669039145908,0.21263345195729538,0.18016014234875444,0.3896797153024911
0.22562056737588654,0.21010638297872342,0.1750886524822695,0.3891843971631206
0.23670212765957446,0.20700354609929078,0.17109929078014185,0.38519503546099293
0.242184059885513,0.20299427564949363,0.17261118450022017,0.38221047996477325
0.24194260485651214,0.20662251655629138,0.17306843267108168,0.3783664459161148
0.24197860962566844,0.20677361853832443,0.1697860962566845,0.38146167557932265
0.2508880994671403,0.2069271758436945,0.1669626998223801,0.3752220248667851
0.24688612099644128,0.20818505338078291,0.1699288256227758,0.375
0.2574743418116912,0.20169567157518964,0.17224453369031684,0.3685854529228023
0.25756227758007116,0.20284697508896798,0.17215302491103202,0.36743772241992884
0.2588495575221239,0.20353982300884957,0.16902654867256636,0.36858407079646016
0.2665188470066519,0.2039911308203991,0.1623059866962306,0.3671840354767184
0.2706299911268855,0.20408163265306123,0.160603371783496,0.3646850044365572
0.269687637483502,0.21161460624725034,0.16234051913770348,0.3563572371315442
0.2720816688859299,0.20239680426098536,0.16378162450066577,0.361739902352419
0.2737676056338028,0.20202464788732394,0.1624119718309859,0.3617957746478873
0.27639751552795033,0.2005323868677906,0.160603371783496,0.3624667258207631
0.27908005307386113,0.19858469703670942,0.15877930119416186,0.3635559486952676
0.2879394748553627,0.19314641744548286,0.16243880729862037,0.35647530040053405
0.2867288060363959,0.19973368841544606,0.1584553928095872,0.3550821127385708
0.2972493345164153,0.19432120674356698,0.1526175687666371,0.35581188997338065
0.2973928413610252,0.1948740609809987,0.14803358373840036,0.3596995139195758
0.2966064345526664,0.2005288673424416,0.1494050242397532,0.3534596738651388
0.2988403211418377,0.20517395182872436,0.14763603925066904,0.34834968777876896
0.3015803336259877,0.20456540825285338,0.1466198419666374,0.3472344161545215
0.30450289790459206,0.20463664734730272,0.14578689255461436,0.34507356219349083
0.3095343680709534,0.19911308203991132,0.14944567627494457,0.3419068736141907
0.31311329170383584,0.2016057091882248,0.14362176628010706,0.3416592328278323
0.311219946571683,0.19946571682991987,0.14425645592163847,0.3450578806767587
0.31501993797075767,0.1998227735932654,0.1448825875055383,0.34027470093043866
0.32195121951219513,0.20266075388026608,0.1419068736141907,0.33348115299334813
0.3195187165775401,0.20632798573975045,0.1408199643493761,0.3333333333333333
0.32677693339293695,0.20429146177916854,0.13679034421099687,0.33214126061689764
0.3223361569326795,0.20820329915292018,0.1355327686134641,0.33392777530093626
0.3274021352313167,0.20774021352313168,0.13211743772241993,0.33274021352313166
0.3284896521356231,0.2069572875385293,0.13474240422721268,0.32981065609863497
0.33377600708278,0.20540061974324922,0.13191677733510404,0.3289065958388668
0.33020554066130475,0.21000893655049152,0.12779267202859695,0.3319928507596068
0.3248888888888889,0.21466666666666667,0.1302222222222222,0.3302222222222222
0.3256637168141593,0.2172566371681416,0.12699115044247788,0.33008849557522124
0.32754010695187163,0.21524064171122995,0.12923351158645277,0.32798573975044565
0.3283850652271705,0.20827710301394511,0.1318038686459739,0.3315339631129105
0.33096716947648624,0.20452528837622005,0.13354037267080746,0.33096716947648624
0.33584070796460175,0.20265486725663717,0.12743362831858407,0.334070796460177
0.3330392589325099,0.2011468901632113,0.1274812527569475,0.3383325981473313
0.3385933273219116,0.20333633904418394,0.12714156898106402,0.3309287646528404
0.34355555555555556,0.20444444444444446,0.12533333333333332,0.32666666666666666
0.34256816182937555,0.20184696569920843,0.1266490765171504,0.3289357959542656
0.3420353982300885,0.2,0.1256637168141593,0.3323008849557522
0.3453014184397163,0.1999113475177305,0.11879432624113476,0.33599290780141844
0.3494671403197158,0.19760213143872113,0.11900532859680284,0.3339253996447602
0.3541300527240773,0.1968365553602812,0.11687170474516696,0.3321616871704745
0.35406486006219456,0.19991115059973344,0.11728120835184362,0.32874278098622833
0.3506666666666667,0.20266666666666666,0.12,0.32666666666666666
0.36307146027518866,0.19440745672436752,0.11495783399911229,0.32756324900133155
0.3687002652519894,0.1918656056587091,0.11229000884173299,0.3271441202475685
0.37555555555555553,0.18755555555555556,0.11244444444444444,0.3244444444444444
0.3734513274336283,0.18849557522123894,0.11150442477876106,0.32654867256637166
0.3803249890206412,0.18840579710144928,0.10759771629336846,0.32367149758454106
0.3760421237384818,0.1899956121105748,0.11364633611232997,0.3203159280386134
0.3863837312113174,0.18346595932802828,0.11052166224580018,0.3196286472148541
0.38829311885612156,0.18498659517426275,0.1126005361930295,0.31411974977658624
0.39014647137150466,0.1841988459831336,0.1083000443852641,0.31735463826009763
0.387342908438061,0.18087971274685816,0.1063734290843806,0.3254039497307002
0.38355555555555554,0.1791111111111111,0.108,0.3293333333333333
0.383053839364519,0.176522506619594,0.10988526037069726,0.3305383936451898
0.38591050066459903,0.1692512184315463,0.11165263624280018,0.3331856446610545
0.3857395925597874,0.16651904340124005,0.11160318866253321,0.3361381753764393
0.38777331548415883,0.16912092815707275,0.10977242302543508,0.3333333333333333
0.3959435626102293,0.16887125220458554,0.10626102292768959,0.3289241622574956
0.3973741794310722,0.16761487964989058,0.10634573304157549,0.32866520787746173
0.40599820948970455,0.16875559534467324,0.10653536257833482,0.3187108325872874
0.4136722173531989,0.16783523225241018,0.10035056967572305,0.31814198071866784
0.4124890061565523,0.17282321899736147,0.1011433597185576,0.31354441512752856
0.41325622775800713,0.17437722419928825,0.10587188612099645,0.3064946619217082
0.419698314108252,0.17834960070984915,0.10248447204968944,0.29946761313220943
0.4266666666666667,0.1751111111111111,0.1,0.2982222222222222
0.4267487901451826,0.17421909370875496,0.1007479102507699,0.2982842058952926
0.43148558758314853,0.17383592017738358,0.09534368070953436,0.29933481152993346
0.43992932862190814,0.17623674911660778,0.09275618374558305,0.2910777385159011
0.4365393061045235,0.17479139218269654,0.08915239350021958,0.2995169082125604
0.43672014260249553,0.17557932263814616,0.09135472370766488,0.2963458110516934
0.43962848297213625,0.16983635559486954,0.09111012826183104,0.2994250331711632
0.44133333333333336,0.164,0.09333333333333334,0.30133333333333334
0.45276292335115864,0.16532976827094475,0.09670231729055258,0.28520499108734404
0.4616407982261641,0.16274944567627495,0.09490022172949002,0.28070953436807095
0.463620230700976,0.15882874889086068,0.09671694764862467,0.2808340727595386
0.46767050487156775,0.15721877767936226,0.09654561558901682,0.2785651018600531
0.46988485385296724,0.15323294951284322,0.09920283436669619,0.27767936226749335
0.4750445632798574,0.1590909090909091,0.09180035650623886,0.27406417112299464
0.48046181172291297,0.15719360568383658,0.08836589698046181,0.27397868561278865
0.4848619768477293,0.15360641139804096,0.08771148708815672,0.27382012466607303
0.4790552584670232,0.14928698752228164,0.08511586452762923,0.28654188948306597
0.48573935936814394,0.1483106625713032,0.08249232119350593,0.28345765686704694
0.4851044908848377,0.151622943530458,0.07870164517563362,0.28457092040907067
0.48674911660777387,0.15061837455830387,0.07641342756183746,0.2862190812720848
0.48082855883649184,0.1502864698104892,0.08417805200528868,0.2847069193477303
0.47713280562884786,0.14995602462620933,0.08179419525065963,0.2911169744942832
0.49001331557922767,0.14558366622281402,0.08300044385264092,0.28140257434531735
0.4922463447053611,0.14443952148870182,0.08506867523260966,0.27824545857332744
0.4966858152894388,0.14096332302253645,0.0830755634114008,0.27927529827662395
0.5004366812227075,0.13362445414847163,0.08384279475982533,0.28209606986899566
0.5030755711775043,0.13927943760984182,0.08304042179261863,0.27460456942003514
0.5086016762240847,0.13762681958535508,0.08557565063961182,0.2681958535509484
0.5135608048993876,0.13079615048118984,0.08442694663167104,0.27121609798775154
0.5050683120317321,0.13486117232260908,0.08417805200528868,0.27589246364037023
0.5094422485726834,0.13175230566534915,0.08388230127360562,0.27492314448836186
0.5108937305469098,0.12894619831036017,0.0871498443752779,0.2730102267674522
0.5091232754784156,0.1295060080106809,0.08900756564307966,0.27236315086782376
0.508624502432552,0.13401149933657674,0.08845643520566121,0.2689075630252101
0.5084219858156028,0.12898936170212766,0.09264184397163121,0.2699468085106383
0.5132508833922261,0.13074204946996468,0.09363957597173145,0.2623674911660777
0.5154593639575972,0.12588339222614842,0.09496466431095406,0.26369257950530034
0.5197889182058048,0.12401055408970976,0.09454705364995603,0.2616534740545295
0.5189141076991545,0.12016021361815754,0.09523809523809523,0.2656875834445928
0.5220264317180616,0.11629955947136564,0.09515418502202644,0.2665198237885463
0.5223352498894295,0.1167624944714728,0.09243697478991597,0.26846528084918175
0.5257548845470693,0.11767317939609236,0.09147424511545293,0.2650976909413854
0.5268054940186088,0.11431103234381923,0.08949933540097474,0.26938413823659724
0.5381205673758865,0.1077127659574468,0.08643617021276596,0.26773049645390073
0.5420017873100983,0.10589812332439678,0.09428060768543342,0.2578194816800715
0.5383928571428571,0.10982142857142857,0.09330357142857143,0.2584821428571429
0.5433035714285714,0.11160714285714286,0.09107142857142857,0.25401785714285713
0.5459363957597173,0.11130742049469965,0.08701413427561837,0.25574204946996465
0.5510835913312694,0.10659000442282177,0.08536045997346307,0.25696594427244585
0.5553097345132744,0.10265486725663717,0.08716814159292036,0.25486725663716814
0.5604157644001733,0.10480727587700303,0.08271979211779991,0.25205716760502384
0.5627782724844167,0.10552092609082814,0.08325912733748887,0.24844167408726625
0.5697316322041355,0.10690717113946327,0.07611086669599648,0.24725032996040475
0.5712389380530973,0.1079646017699115,0.0752212389380531,0.24557522123893805
0.5664765247915753,0.10267661254936375,0.08161474330846863,0.24923211935059236
0.570738137082601,0.10325131810193322,0.0804042179261863,0.24560632688927944
0.5731977001326847,0.10128261831048209,0.07784166298098187,0.2476780185758514
0.5723830734966593,0.10824053452115813,0.08151447661469934,0.2378619153674833
0.5725055432372506,0.10997782705099779,0.08070953436807095,0.23680709534368072
0.5723158828748891,0.10913930789707187,0.08251996450754215,0.2360248447204969
0.5801594331266607,0.10673162090345438,0.08237378210806023,0.23073516386182463
0.5825586542718016,0.10978308986277113,0.07835325365205843,0.22930500221336875
0.5860838537020517,0.1079393398751115,0.08206958073148975,0.22390722569134702
0.5893569844789357,0.10997782705099779,0.08381374722838138,0.21685144124168515
0.5912343470483006,0.10822898032200358,0.08318425760286226,0.21735241502683364
0.5944517833553501,0.1096433289299868,0.08146191105239982,0.2144429766622633
0.5913272010512484,0.11388523872098116,0.07971966710468681,0.21506789312308366
0.5859340659340659,0.11384615384615385,0.07912087912087912,0.2210989010989011
0.577708703374778,0.1127886323268206,0.0830373001776199,0.22646536412078153
0.5871886120996441,0.11165480427046263,0.0849644128113879,0.21619217081850534
0.5911091549295775,0.10475352112676056,0.08450704225352113,0.21963028169014084
0.5864527629233511,0.10784313725490197,0.0873440285204991,0.21836007130124777
0.5897321428571428,0.109375,0.09017857142857143,0.21071428571428572
0.5984217448487505,0.10784743533537922,0.08811924594476107,0.20561157387110915
0.5987654320987654,0.10537918871252204,0.0890652557319224,0.20679012345679013
0.5949646643109541,0.10556537102473498,0.09275618374558305,0.2067137809187279
0.6019546868058641,0.1008440693025322,0.09151488227454464,0.20568636161705908
0.6015104398045313,0.10262105730786317,0.09240337627721013,0.20346512661039537
0.6068752754517408,0.1004847950639048,0.09255178492728074,0.2000881445570736
0.5989328590484659,0.10137839039573143,0.09070698088039128,0.2089817696754113
0.6047027506654836,0.10070984915705412,0.08695652173913043,0.20763087843833186
0.6125608137992039,0.09995577178239717,0.08447589562140646,0.20300751879699247
0.6150088809946714,0.09458259325044405,0.08703374777975133,0.2033747779751332
0.6214912280701754,0.0956140350877193,0.08464912280701754,0.19824561403508772
0.6160394265232975,0.09722222222222222,0.08557347670250896,0.20116487455197132
0.6239615216440753,0.09138609532138173,0.08657630083078269,0.19807608220376038
0.6234979973297731,0.09078771695594126,0.08322207387627949,0.20249221183800623
0.6278046634403871,0.08666959964804223,0.08139023317201936,0.20413550373955125
0.6305592250110084,0.09114927344782034,0.07970057243505063,0.19859092910612064
0.6334065934065934,0.08571428571428572,0.08395604395604396,0.19692307692307692
0.6293675364882795,0.08270676691729323,0.08359133126934984,0.2043343653250774
0.6298586572438163,0.08303886925795052,0.08392226148409894,0.20318021201413428
0.6374889478337754,0.08311229000884174,0.08488063660477453,0.1945181255526083
0.627208480565371,0.08568904593639576,0.0896643109540636,0.1974381625441696
0.6233938856889677,0.08684093929995569,0.09038546743464776,0.1993797075764289
0.6224580017683466,0.09018567639257294,0.08885941644562334,0.19849690539345713
0.6240601503759399,0.08580274214949138,0.09199469261388767,0.19814241486068113
0.6316023080337329,0.08433200177541056,0.08921438082556592,0.19485130936529071
0.6326077298978232,0.08174144824522435,0.08929364726788094,0.19635717458907154
0.635920177383592,0.0811529933481153,0.09223946784922395,0.19068736141906872
0.6383731211317418,0.08178603006189213,0.09328028293545534,0.1865605658709107
0.6324900133155792,0.08433200177541056,0.09276520195295163,0.1904127829560586
0.6388767003071523,0.08512505484861782,0.08819657744624836,0.18780166739798157
0.6348857644991213,0.08787346221441125,0.09094903339191564,0.18629173989455183
0.6298586572438163,0.09010600706713781,0.08833922261484099,0.19169611307420495
0.6317404647084612,0.08592722490135905,0.08987286277948268,0.19245944761069705
0.6352257487706751,0.08448815377738042,0.08851139919535092,0.19177469825659366
0.6362433862433863,0.08862433862433862,0.08862433862433862,0.1865079365079365
0.6379613356766256,0.08479789103690685,0.0883128295254833,0.18892794376098418
0.6403508771929824,0.08596491228070176,0.08596491228070176,0.18771929824561404
0.6455026455026455,0.08421516754850088,0.0855379188712522,0.18474426807760141
0.6440528634361233,0.08854625550660793,0.08502202643171806,0.18237885462555067
0.6461267605633803,0.08758802816901408,0.08274647887323944,0.1835387323943662
0.6470588235294118,0.08624502432551968,0.08403361344537816,0.1826625386996904
0.6441202475685235,0.08797524314765694,0.08620689655172414,0.1816976127320955
0.6504639858594786,0.0826336721166593,0.0821917808219178,0.18471056120194432
0.6539991162174105,0.07909854175872735,0.08174988952717631,0.18515245249668583
0.6517150395778364,0.07695690413368514,0.08443271767810026,0.1868953386103782
0.6518452645620275,0.07647843485993774,0.08448199199644287,0.1871943085815918
0.6555213374395072,0.07611086669599648,0.08358996920369556,0.1847778266608007
0.6641526175687666,0.07763975155279502,0.080301685891748,0.17790594498669032
0.6698943661971831,0.07306338028169014,0.08098591549295775,0.176056338028169
0.6679929266136163,0.07382847038019452,0.08178603006189213,0.17639257294429708
0.6638766519823789,0.07312775330396476,0.08458149779735682,0.17841409691629956
0.6652059596844873,0.07843996494303243,0.08369851007887817,0.1726555652936021
0.6722763507528786,0.07794508414526129,0.07883082373782108,0.17094774136403898
0.6723985890652557,0.07716049382716049,0.07848324514991181,0.17195767195767195
0.6744906997342781,0.07838795394154119,0.0775022143489814,0.1696191319751993
0.6810834425513325,0.07688947138488422,0.07688947138488422,0.1651376146788991
0.6840719613865731,0.07547169811320754,0.07240017551557701,0.16805616498464238
0.6804395604395604,0.07736263736263736,0.07252747252747253,0.16967032967032966
0.6863957597173145,0.0799469964664311,0.071113074204947,0.1625441696113074
0.6865409907935116,0.07803594914511179,0.07145988601490574,0.16396317404647084
0.6858032932799288,0.07610146862483311,0.07298620382732532,0.16510903426791276
0.6823633940470902,0.07241226121723679,0.07507774322523322,0.1701466015104398
0.6830238726790451,0.07692307692307693,0.07294429708222812,0.16710875331564987
0.6929203539823009,0.07566371681415929,0.07212389380530973,0.1592920353982301
0.6996029995588884,0.07543008381120424,0.06837229819144243,0.15659461843846492
0.6995117620949844,0.07367953839325345,0.06790945406125166,0.15889924545051043
0.7059866962305986,0.06607538802660753,0.06740576496674058,0.1605321507760532
0.7084252315835906,0.06925452139391267,0.06396118217909132,0.1583590648434054
0.708185053380783,0.07072953736654804,0.0653914590747331,0.15569395017793594
0.7125827814569536,0.06710816777041943,0.06269315673289183,0.1576158940397351
0.7106753812636165,0.06753812636165578,0.06405228758169934,0.15773420479302833
0.7106307895897662,0.06572562858403176,0.061755624172915746,0.16188795765328629
0.7127516778523489,0.06890380313199106,0.059507829977628636,0.15883668903803133
0.7125274725274725,0.06681318681318682,0.05978021978021978,0.16087912087912087
0.7053140096618358,0.06763285024154589,0.06368028107158542,0.16337285902503293
0.7112299465240641,0.06550802139037433,0.06327985739750445,0.15998217468805703
0.7068432671081678,0.06754966887417219,0.06534216335540839,0.16026490066225166
0.7009304386353566,0.06823216659282233,0.06778910057598582,0.1630482941958352
0.7035242290748899,0.06916299559471366,0.06960352422907488,0.15770925110132158
0.7056990204808549,0.07168299198575245,0.06634016028495103,0.15627782724844166
0.7064260563380281,0.0721830985915493,0.06778169014084508,0.15360915492957747
0.7006145741878841,0.07111501316944688,0.07023705004389816,0.15803336259877085
0.7021834061135371,0.0703056768558952,0.07336244541484715,0.1541484716157205
0.698896247240618,0.07240618101545254,0.07240618101545254,0.1562913907284768
0.7040457343887423,0.0743183817062445,0.07080035180299032,0.15083553210202286
0.7006651884700665,0.07583148558758315,0.06873614190687362,0.1547671840354767
0.7024647887323944,0.07922535211267606,0.0682218309859155,0.1500880281690141
0.7046950416849496,0.0776656428258008,0.07064501974550241,0.14699429574374726
0.7036059806508356,0.07783641160949868,0.07255936675461741,0.14599824098504838
0.7099471830985915,0.07790492957746478,0.07130281690140845,0.14084507042253522
0.7018469656992085,0.07827616534740545,0.07299912049252419,0.1468777484608619
0.7019486271036315,0.07838795394154119,0.07307351638618247,0.14658990256864482
0.7064056939501779,0.07784697508896797,0.07028469750889679,0.14546263345195729
0.7115724381625441,0.07685512367491167,0.07243816254416961,0.13913427561837455
0.7143489813994686,0.07927369353410098,0.06820194862710363,0.13817537643932684
0.7204968944099379,0.07941437444543034,0.06521739130434782,0.13487133984028393
0.7222222222222222,0.07830271216097988,0.06605424321959755,0.13342082239720035
0.7199471598414795,0.07573756054601496,0.06605019815059446,0.13826508146191105
0.7243505063848524,0.07441655658300309,0.06605019815059446,0.13518273888154997
0.7235449735449735,0.07539682539682539,0.06349206349206349,0.13756613756613756
0.7277556440903055,0.07613988490482515,0.061531651173085435,0.13457281983178399
0.7299334811529934,0.07583148558758315,0.0647450110864745,0.129490022172949
0.7272727272727273,0.07678729037952339,0.06266548984995587,0.13327449249779347
0.7292768959435626,0.07627865961199294,0.05952380952380952,0.1349206349206349
0.7304309586631487,0.07783641160949868,0.05760773966578716,0.13412489006156553
0.7229074889867841,0.08149779735682819,0.05947136563876652,0.13612334801762113
0.72236727589208,0.08181026979982593,0.06005221932114883,0.13577023498694518
0.7171717171717171,0.08476064997804128,0.06411945542380325,0.1339481774264383
0.7169811320754716,0.08468626590609916,0.06186924089512944,0.13646336112329968
0.7082053532250987,0.08731899956121106,0.06406318560772269,0.14041246160596754
0.7119016249451032,0.08827404479578392,0.06411945542380325,0.13570487483530963
0.7102348249889233,0.08772707133362871,0.06601683650863979,0.13602126716880816
0.7093942054433714,0.08735733099209833,0.07243195785776997,0.13081650570676032
0.7084432717678101,0.08970976253298153,0.07387862796833773,0.1279683377308707
0.7091546211125712,0.09067017082785808,0.07095926412614981,0.12921594393342092
0.7085339168490153,0.09146608315098469,0.06958424507658643,0.13041575492341356
0.713215859030837,0.09118942731277534,0.06784140969162995,0.1277533039647577
0.71334214002642,0.08762659621312198,0.071334214002642,0.12769704975781593
0.7130782918149466,0.08763345195729537,0.06895017793594306,0.13033807829181496
0.7146047342563644,0.08709245198749442,0.06654756587762393,0.1317552478785172
0.7160603371783496,0.08296362023070097,0.06566104702750665,0.13531499556344276
0.7188188629352138,0.08241516086381666,0.06346408109299251,0.13530189510797708
0.7205491585473871,0.08104517271922054,0.0633303808680248,0.13507528786536757
0.7142857142857143,0.082010582010582,0.06525573192239859,0.1384479717813051
0.7155516171909615,0.07930881701373504,0.0664599025254763,0.1386796632698272
0.7129060579455663,0.08033362598770852,0.06716417910447761,0.1395961369622476
0.7006255585344057,0.08221626452189455,0.06970509383378017,0.14745308310991956
0.7063527321190582,0.08529542425588628,0.06574855619724566,0.14260328742780987
0.7061442564559216,0.0854853072128228,0.06411398040961709,0.14425645592163847
0.7081866197183099,0.0840669014084507,0.06426056338028169,0.14348591549295775
0.7190812720848057,0.0812720848056537,0.061837455830388695,0.13780918727915195
0.7212174680194089,0.07895897662108513,0.06352007057785619,0.13630348478164975
0.7294429708222812,0.07692307692307693,0.0627763041556145,0.13085764809902742
0.7279183311140701,0.08078118064802485,0.06125166444740346,0.13004882379050156
0.7157564905998209,0.0846016114592659,0.06132497761862131,0.13831692032229184
0.7142222222222222,0.08355555555555555,0.06488888888888888,0.13733333333333334
0.7151675485008818,0.08333333333333333,0.06128747795414462,0.1402116402116402
0.7109929078014184,0.08067375886524823,0.06427304964539007,0.14406028368794327
0.7125668449197861,0.08065953654188948,0.06417112299465241,0.14260249554367202
0.7135301895107977,0.08153371529308065,0.0639048038783605,0.14103129131776113
0.7086063783311489,0.08387942332896461,0.06465705548274356,0.14285714285714285
0.7044247787610619,0.084070796460177,0.06504424778761062,0.14646017699115044
0.7080194949047408,0.08329641116526362,0.06601683650863979,0.14266725742135578
0.7067833698030634,0.08358862144420132,0.0687089715536105,0.1409190371991247
0.7023134002618944,0.08467917939764295,0.06852902662592754,0.14447839371453514
0.7044052863436123,0.08590308370044053,0.06960352422907488,0.14008810572687225
0.7051845342706503,0.08567662565905097,0.0672231985940246,0.14191564147627417
0.7058307759754494,0.08548882069267864,0.06839105655414292,0.14028934677772906
0.7009717314487632,0.08701413427561837,0.06934628975265017,0.14266784452296818
0.7067736185383244,0.08600713012477719,0.06684491978609626,0.14037433155080214
0.7012302284710018,0.08655536028119508,0.07205623901581722,0.14015817223198593
0.7001763668430335,0.08509700176366843,0.0736331569664903,0.14109347442680775
0.7012758468983722,0.08666959964804223,0.07259128904531456,0.139463264408271
0.6975308641975309,0.0873015873015873,0.07054673721340388,0.14462081128747795
0.701645175633615,0.08803912850155625,0.06847487772343264,0.14184081814139618
0.7071554770318021,0.08613074204946997,0.06625441696113074,0.14045936395759717
0.70859167404783,0.08370239149689991,0.06643046944198405,0.14127546501328608
0.7107254116599911,0.08767245215843347,0.06497552291944815,0.13662661326212727
0.7174205105239588,0.08553515450067174,0.06448723690103,0.13255709807433946
0.7204063604240283,0.08524734982332155,0.06448763250883392,0.12985865724381626
0.7216494845360825,0.08381891528462573,0.06723442402510085,0.12729717615419095
0.7311636201515826,0.08024966562639323,0.06553722692822113,0.12304948729380294
0.7331560283687943,0.08333333333333333,0.06515957446808511,0.11835106382978723
0.7304116865869854,0.08056662239929172,0.06684373616644533,0.12217795484727756
0.7311446317657497,0.08074534161490683,0.06388642413487133,0.12422360248447205
0.7286719437115216,0.08311345646437995,0.0633245382585752,0.1248900615655233
0.7240921169176262,0.07883082373782108,0.06554472984942426,0.13153232949512844
0.7236958443854996,0.08267020335985853,0.0641025641025641,0.12953138815207782
0.7214912280701754,0.08201754385964913,0.06666666666666667,0.12982456140350876
0.7230295024218406,0.08234258036107442,0.06560986349625715,0.12901805372082784
0.7272727272727273,0.08124725516029864,0.06368028107158542,0.12779973649538867
0.7319859402460457,0.0812829525483304,0.06678383128295255,0.11994727592267135
0.7303618711385702,0.08031774051191527,0.06663724624889673,0.12268314210061783
0.7233096085409253,0.08229537366548043,0.0653914590747331,0.1290035587188612
0.7217545414266726,0.08063801506424458,0.06911829862649535,0.1284891448825875
0.7180052956751986,0.08384819064430715,0.06928508384819064,0.12886142983230361
0.7222467934542238,0.08491817779743477,0.06811145510835913,0.12472357363998231
0.7203687445127305,0.08340649692712906,0.06935908691834942,0.12686567164179105
0.7273530711444984,0.0830755634114008,0.06539991162174105,0.1241714538223597
0.7269550021843599,0.08082131935342944,0.06334643949322849,0.1288772389689821
0.7253521126760564,0.08362676056338028,0.06602112676056338,0.125
0.7193448428508189,0.0818946436476317,0.06684373616644533,0.13191677733510404
0.7199297629499561,0.08033362598770852,0.06760316066725197,0.1321334503950834
0.7247585601404741,0.08121158911325724,0.06672519754170325,0.1273046532045654
0.7211538461538461,0.08479020979020979,0.06643356643356643,0.12762237762237763
0.7231040564373897,0.08245149911816578,0.06701940035273368,0.12742504409171077
0.7273127753303965,0.0801762114537445,0.06519823788546256,0.12731277533039648
0.7201062887511072,0.0841452612931798,0.06598759964570416,0.12976085031000886
0.7195229681978799,0.09054770318021202,0.062279151943462896,0.12765017667844522
0.7131578947368421,0.09210526315789473,0.06140350877192982,0.13333333333333333
0.707850133809099,0.09232827832292596,0.061106155218554864,0.13871543264942016
0.7013796172674678,0.09657320872274143,0.06631063640409435,0.13573653760569648
0.7048963387737097,0.09307454786060873,0.06307895897662108,0.13895015438906044
0.7042750110180697,0.09211106214191274,0.061260467166152494,0.14235345967386515
0.7077402135231317,0.09208185053380782,0.06405693950177936,0.13612099644128114
0.7118794326241135,0.09175531914893617,0.06294326241134751,0.13342198581560283
0.7090988626421697,0.09536307961504811,0.06299212598425197,0.1325459317585302
0.7151060070671378,0.09452296819787986,0.05874558303886926,0.13162544169611307
0.7103051747014595,0.0946483856700575,0.05749668288367979,0.1375497567448032
0.7127753303964758,0.09515418502202644,0.05859030837004405,0.13348017621145375
0.7138447971781305,0.09391534391534391,0.0582010582010582,0.13403880070546736
0.7189973614775725,0.08795074758135445,0.056288478452066845,0.13676341248900617
0.7247017233760495,0.08749447635881573,0.05567830313742819,0.13212549712770658
0.7265144863915716,0.08472344161545214,0.053555750658472345,0.13520632133450394
0.7244094488188977,0.0831146106736658,0.05555555555555555,0.13692038495188102
0.7279183311140701,0.08033732800710164,0.0559254327563249,0.13581890812250333
0.7249119718309859,0.08318661971830986,0.05985915492957746,0.13204225352112675
0.7268722466960352,0.08546255506607929,0.05638766519823789,0.13127753303964756
0.7221482467820683,0.08477585441633377,0.05992010652463382,0.13315579227696406
0.7199297629499561,0.08077260755048288,0.061457418788410885,0.13784021071115013
0.7215077605321508,0.08381374722838138,0.06119733924611973,0.13348115299334812
0.7292035398230089,0.08185840707964602,0.05796460176991151,0.13097345132743363
0.728159645232816,0.08470066518847007,0.05853658536585366,0.1286031042128603
0.7287234042553191,0.08599290780141844,0.05895390070921986,0.12632978723404256
0.7241531016278047,0.08710954685437748,0.05675318961724593,0.13198416190057194
0.7255772646536413,0.08392539964476022,0.05728241563055062,0.13321492007104796
0.7288732394366197,0.08274647887323944,0.058538732394366196,0.12984154929577466
0.7266251113089938,0.08637577916295637,0.05699020480854853,0.13000890471950133
0.7289344627730718,0.0838163174320107,0.05394560855996433,0.13330361123495318
0.7233009708737864,0.08296557811120918,0.057811120917917035,0.13592233009708737
0.7227898711683696,0.07996446023989338,0.056863616170590846,0.14038205242114615
0.7265486725663717,0.07876106194690266,0.05663716814159292,0.13805309734513274
0.7251101321585903,0.07665198237885462,0.05726872246696035,0.14096916299559473
0.7270723104056437,0.0701058201058201,0.05599647266313933,0.14682539682539683
0.727032967032967,0.06857142857142857,0.0589010989010989,0.1454945054945055
0.7265033407572383,0.06993318485523385,0.05746102449888642,0.14610244988864143
0.7315765966949531,0.06833407771326486,0.05850826261723984,0.1415810629745422
0.727792436235708,0.06860158311345646,0.060246262093227795,0.14335971855760773
0.7269897732325478,0.06803023566029347,0.06358381502890173,0.141396176078257
0.7308882015024304,0.068935041979673,0.0618647812638091,0.1383119752540875
0.736,0.06977777777777777,0.060444444444444446,0.13377777777777777
0.741341516878562,0.07102148180622533,0.05523893029373082,0.1323980710214818
0.7406417112299465,0.07397504456327986,0.05392156862745098,0.13146167557932265
0.7406749555950266,0.07460035523978685,0.05550621669626998,0.12921847246891652
0.7467962881131242,0.06805125939019001,0.0547945205479452,0.1303579319487406
0.7486702127659575,0.06959219858156028,0.05319148936170213,0.12854609929078015
0.7535335689045937,0.06713780918727916,0.05123674911660778,0.12809187279151943
0.7557218309859155,0.06602112676056338,0.04973591549295775,0.12852112676056338
0.7589519650655022,0.062882096069869,0.051965065502183404,0.12620087336244543
0.7628458498023716,0.06236275801493193,0.05138339920948617,0.12340799297321037
0.761925601750547,0.06477024070021882,0.04989059080962801,0.12341356673960613
0.7647581003106968,0.06790945406125166,0.045272969374167776,0.1220594762538837
0.7595385980479148,0.06876663708961846,0.04924578527062999,0.12244897959183673
0.7562913907284768,0.07019867549668875,0.04988962472406181,0.12362030905077263
0.7569475077194531,0.0674900749889722,0.05116894574327305,0.12439347154830172
0.7565410199556541,0.06962305986696231,0.05055432372505543,0.12328159645232815
0.7572559366754618,0.06728232189973615,0.051011433597185574,0.12445030782761654
0.757602468047598,0.06919347730277656,0.05332745702952843,0.11987659762009696
0.7552539404553416,0.06611208406304729,0.05691768826619965,0.12171628721541156
0.74592690444738,0.0717745486569793,0.05548216644649934,0.12681638044914134
0.7506643046944198,0.06997342781222321,0.05713020372010629,0.12223206377325066
0.7496671105193076,0.07057256990679095,0.0559254327563249,0.12383488681757657
0.753315649867374,0.07029177718832891,0.05658709106984969,0.1198054818744474
0.75,0.07557117750439367,0.056239015817223195,0.11818980667838312
0.7503256621797655,0.07425097698653929,0.058619192357794184,0.116804168475901
0.7435555555555555,0.07333333333333333,0.06311111111111112,0.12
0.741523557904007,0.07001321003963012,0.062087186261558784,0.12637604579480405
0.7409190371991248,0.07308533916849015,0.05951859956236324,0.12647702407002187
0.7378048780487805,0.07229965156794425,0.0627177700348432,0.12717770034843207
0.7373333333333333,0.072,0.06311111111111112,0.12755555555555556
0.733184855233853,0.0757238307349666,0.05968819599109131,0.13140311804008908
0.7404614019520852,0.07497781721384206,0.061224489795918366,0.1233362910381544
0.7447474295932052,0.07375949932945909,0.05945462673223067,0.12203844434510505
0.7458223394898856,0.07211961301671065,0.06112576956904134,0.12093227792436236
0.7559893522626442,0.06832298136645963,0.05856255545696539,0.11712511091393078
0.7462356067316209,0.07307351638618247,0.06023029229406555,0.1204605845881311
0.7482363315696648,0.07495590828924162,0.059964726631393295,0.11684303350970017
0.7566974088713219,0.07246376811594203,0.05665349143610013,0.11418533157663592
0.7546337157987644,0.07237422771403354,0.057811120917917035,0.11518093556928509
0.7536295644522657,0.07391113066432028,0.05763308402991641,0.11482622085349758
0.75495813133539,0.07227853680035258,0.05773468488320846,0.11502864698104892
0.7519754170324846,0.07155399473222125,0.058823529411764705,0.11764705882352941
0.7443708609271523,0.07240618101545254,0.06181015452538632,0.12141280353200883
0.7421944692239072,0.07314897413024085,0.06199821587867975,0.12265834076717216
0.7442375886524822,0.07136524822695035,0.06427304964539007,0.1201241134751773
0.744103248776146,0.07343124165554073,0.06186025812194036,0.12060525144637294
0.7451241134751773,0.07313829787234043,0.060726950354609927,0.12101063829787234
0.7495583038869258,0.06846289752650177,0.06051236749116608,0.12146643109540636
0.7505489679402723,0.06851119894598155,0.06060606060606061,0.12033377250768555
0.746919014084507,0.07130281690140845,0.06205985915492958,0.11971830985915492
0.75,0.07192982456140351,0.06140350877192982,0.11666666666666667
0.7474791758000877,0.07189829022358615,0.060938185006576065,0.11968434896975011
0.7442982456140351,0.07192982456140351,0.060526315789473685,0.12324561403508771
0.7436347673397717,0.06935908691834942,0.06321334503950835,0.1237928007023705
0.7472479084103919,0.06560986349625715,0.06384852487890796,0.12329370321444298
0.751437417072092,0.06634232640424591,0.06191950464396285,0.12030075187969924
0.7472719336534265,0.07114797031863815,0.06241815800960279,0.11916193801833261
0.7489063867016623,0.07042869641294838,0.06036745406824147,0.12029746281714786
0.7440212577502214,0.07218777679362268,0.05934455270150576,0.12444641275465013
