R,A,S,N
0.0,0.0,0.0,1.0
0.0,0.0,0.0,1.0
0.0,0.1111111111111111,0.0,0.8888888888888888
0.0,0.06666666666666667,0.06666666666666667,0.8666666666666667
0.0,0.043478260869565216,0.08695652173913043,0.8695652173913043
0.0,0.05714285714285714,0.05714285714285714,0.8857142857142857
0.0,0.06521739130434782,0.06521739130434782,0.8695652173913043
0.0,0.07692307692307693,0.06153846153846154,0.8615384615384616
0.0,0.07317073170731707,0.06097560975609756,0.8658536585365854
0.008928571428571428,0.08035714285714286,0.0625,0.8482142857142857
0.0,0.10457516339869281,0.06535947712418301,0.8300653594771242
0.0,0.12365591397849462,0.07526881720430108,0.8010752688172043
0.016,0.156,0.068,0.76
0.019543973941368076,0.20195439739413681,0.05537459283387622,0.7231270358306189
0.020833333333333332,0.19270833333333334,0.057291666666666664,0.7291666666666666
0.031914893617021274,0.2,0.06382978723404255,0.7042553191489361
0.03903345724907063,0.20446096654275092,0.06691449814126393,0.6895910780669146
0.04477611940298507,0.20066334991708126,0.06633499170812604,0.6882255389718076
0.04512372634643377,0.19068413391557495,0.06550218340611354,0.6986899563318777
0.046134663341645885,0.20947630922693267,0.07356608478802992,0.6708229426433915
0.05493273542600897,0.20291479820627803,0.08295964125560538,0.6591928251121076
0.05325443786982249,0.20512820512820512,0.08678500986193294,0.6548323471400395
0.06244424620874219,0.19446922390722568,0.09009812667261374,0.6529884032114184
0.06443719412724307,0.21125611745513867,0.08727569331158239,0.6370309951060359
0.07806691449814127,0.2133828996282528,0.08475836431226766,0.6237918215613383
0.07791327913279132,0.21138211382113822,0.08604336043360433,0.6246612466124661
0.08075709779179811,0.216403785488959,0.08832807570977919,0.6145110410094637
0.08473592571096925,0.2106790481717934,0.09286128845037725,0.6117237376668602
0.08769994484280198,0.2167677881963596,0.09156094870380585,0.6039713182570325
0.09171907756813417,0.22012578616352202,0.09224318658280922,0.5959119496855346
0.09490156486622918,0.22311963654719838,0.08833922261484099,0.5936395759717314
0.0970873786407767,0.220873786407767,0.08883495145631068,0.5932038834951456
0.09910756223579145,0.21982151244715828,0.09112259276655707,0.5899483325504932
0.10166358595194085,0.2208872458410351,0.09195933456561922,0.5854898336414048
0.1038374717832957,0.23069977426636568,0.0835214446952596,0.581941309255079
0.10578216046615867,0.23263110712684895,0.08561183325862842,0.575974899148364
0.10976702508960573,0.23431899641577061,0.08557347670250896,0.5703405017921147
0.11536767943637165,0.2413033905768384,0.08190224570673713,0.5614266842800528
0.1126447016918967,0.24265360641139805,0.08281389136242208,0.5618878005342832
0.11263250883392226,0.2393992932862191,0.08083038869257951,0.5671378091872792
0.11091471498011489,0.2474591250552364,0.08042421564295184,0.5612019443216969
0.11481975967957277,0.24477080551846908,0.0814419225634179,0.5589675122385402
0.11352549889135255,0.2443458980044346,0.07982261640798226,0.5623059866962306
0.11923758865248227,0.24157801418439717,0.08023049645390071,0.5589539007092199
0.12156166814551908,0.240905057675244,0.07941437444543034,0.5581188997338066
0.11868131868131868,0.24307692307692308,0.08,0.5582417582417583
0.12220762155059132,0.2439772229522558,0.07971966710468681,0.554095488392466
0.12367021276595745,0.24689716312056736,0.07358156028368794,0.5558510638297872
0.12141280353200883,0.2467991169977925,0.07637969094922738,0.5554083885209713
0.12582781456953643,0.2507726269315673,0.07417218543046358,0.5492273730684327
0.13348115299334812,0.24301552106430155,0.07405764966740576,0.5494456762749446
0.1375166889185581,0.24432576769025366,0.07565643079661771,0.5425011125945706
0.13746157224418093,0.24154589371980675,0.07729468599033816,0.5436978480456741
0.13876651982378854,0.24052863436123348,0.07400881057268723,0.5466960352422907
0.137870083959346,0.24083075563411402,0.0764471939902784,0.5448519664162615
0.14361467079098542,0.23685373398144058,0.07777286787450287,0.5417587273530712
0.14222809335094672,0.24174372523117568,0.07045354469396742,0.5455746367239102
0.14506172839506173,0.24603174603174602,0.07054673721340388,0.5383597883597884
0.15211640211640212,0.2464726631393298,0.06746031746031746,0.5339506172839507
0.15766359244620115,0.24286341677646026,0.06763285024154589,0.5318401405357928
0.16036906854130054,0.2451669595782074,0.06546572934973638,0.5289982425307557
0.16279069767441862,0.24239713774597496,0.06082289803220036,0.5339892665474061
0.16084843128590368,0.24304021210782148,0.06319045514803358,0.5329209014582412
0.1609907120743034,0.24502432551968156,0.06103494029190624,0.5329500221141088
0.16134674245736774,0.24529951902055094,0.05859204197638828,0.534761696545693
0.15875109938434476,0.24626209322779244,0.05804749340369393,0.5369393139841688
0.1630674305861613,0.24592331423534597,0.055531070956368445,0.5354781842221242
0.16954404603806994,0.24878264718902168,0.0566622399291722,0.5250110668437362
0.1739514348785872,0.24326710816777042,0.05474613686534217,0.5280353200883002
0.1726872246696035,0.24537444933920705,0.05110132158590308,0.5308370044052864
0.176963812886143,0.24757281553398058,0.048984995586937335,0.5264783759929391
0.18157778757161747,0.2362274129572499,0.048920229175848394,0.5332745702952842
0.17887261429205503,0.23612960497114957,0.04749223257878384,0.5375055481580115
0.17871222076215507,0.2457293035479632,0.045992115637319315,0.5295663600525624
0.1883741258741259,0.2403846153846154,0.047639860139860137,0.5236013986013986
0.184958460865763,0.24223874070835155,0.04897245299519021,0.5238303454306953
0.193051890941073,0.24274406332453827,0.04529463500439754,0.5189094107299912
0.20097388224878265,0.24612660469234174,0.043382027445772464,0.5095174856131032
0.1999121265377856,0.24165202108963094,0.04481546572934974,0.5136203866432337
0.19555555555555557,0.24622222222222223,0.044444444444444446,0.5137777777777778
0.19568091670339358,0.24548259144997797,0.045394446892904367,0.5134420449537241
0.20132450331125828,0.247682119205298,0.045474613686534215,0.5055187637969095
0.2015810276679842,0.2419850680720246,0.050944224857268336,0.5054896794027229
0.1994750656167979,0.24759405074365703,0.049868766404199474,0.5030621172353456
0.19938244375827086,0.2399647110719012,0.050286722540802825,0.5103661226290251
0.20266075388026608,0.23813747228381374,0.05543237250554324,0.503769401330377
0.20368744512730466,0.237928007023705,0.0553116769095698,0.5030728709394205
0.20787746170678337,0.24507658643326038,0.05645514223194748,0.4905908096280088
0.21084864391951005,0.24278215223097113,0.05555555555555555,0.49081364829396323
0.21031569586482882,0.23432636727434417,0.05824811027123166,0.49710982658959535
0.2118942731277533,0.2409691629955947,0.05638766519823789,0.4907488986784141
0.22016732716864817,0.24174372523117568,0.052840158520475564,0.4852487890797006
0.22799295774647887,0.24559859154929578,0.04929577464788732,0.477112676056338
0.22917584839136185,0.24327897752313796,0.0502423975319524,0.4773027765535478
0.22574877067501117,0.24318283415288333,0.05185516316495306,0.47921323200715243
0.22771836007130125,0.24331550802139038,0.04857397504456328,0.4803921568627451
0.23325942350332593,0.23458980044345898,0.04878048780487805,0.48337028824833705
0.23654015887025595,0.23168578993821712,0.04942630185348632,0.4823477493380406
0.23401420959147423,0.23490230905861456,0.047513321492007106,0.4835701598579041
0.2346002621231979,0.23416339012669288,0.04849279161205767,0.48274355613805153
0.22839506172839505,0.23809523809523808,0.046296296296296294,0.48721340388007056
0.23255813953488372,0.23650724001755155,0.045634050021939446,0.4853005704256253
0.2331397945511389,0.2367128182224207,0.04376953997320232,0.48637784725323807
0.2343887423043096,0.23702726473175023,0.04353562005277045,0.48504837291116976
0.23876651982378855,0.23348017621145375,0.04317180616740088,0.4845814977973568
0.24616732369689007,0.231712658782304,0.045116075339465614,0.47700394218134035
0.2413186813186813,0.2334065934065934,0.04527472527472527,0.48
0.24146981627296588,0.2331583552055993,0.045931758530183726,0.4794400699912511
0.23849933005806165,0.23715944618133095,0.04600267976775346,0.47833854399285397
0.24348210340256296,0.23641184268669907,0.04551480335837384,0.4745912505523641
0.24027959807776322,0.23722149410222804,0.045434687636522496,0.47706422018348627
0.23737821080602303,0.2391496899911426,0.04472984942426927,0.4787422497785651
0.23803249890206413,0.23276240667545015,0.046991655687307864,0.48221343873517786
0.23853211009174313,0.23591087811271297,0.047619047619047616,0.4779379641764963
0.23761061946902653,0.23407079646017698,0.047787610619469026,0.48053097345132745
0.2363556338028169,0.22931338028169015,0.04753521126760563,0.4867957746478873
0.23677248677248677,0.22883597883597884,0.04894179894179894,0.48544973544973546
0.24325519681556834,0.22998673153471916,0.04599734630694383,0.4807607253427687
0.24537444933920705,0.23039647577092512,0.04537444933920705,0.4788546255506608
0.24867724867724866,0.23148148148148148,0.0427689594356261,0.47707231040564374
0.2495583038869258,0.23012367491166077,0.045053003533568906,0.4752650176678445
0.25154457193292146,0.23300970873786409,0.045454545454545456,0.46999117387466904
0.2540874944763588,0.23552806009721608,0.04639858594785683,0.4639858594785683
0.25419240953221534,0.23300970873786409,0.04633715798764342,0.46646072374227715
0.2570298769771529,0.23506151142355008,0.04481546572934974,0.46309314586994726
0.2581641659311562,0.235657546337158,0.047219770520741396,0.4589585172109444
0.2537577365163572,0.23740053050397877,0.05083996463306808,0.45800176834659595
0.2508756567425569,0.24211908931698775,0.05253940455341506,0.45446584938704027
0.25186485300570427,0.2360684510750329,0.055726195699868364,0.4563405002193945
0.2528684907325684,0.235216240070609,0.05736981465136805,0.45454545454545453
0.2533215234720992,0.23516386182462357,0.05890168290522586,0.4526129317980514
0.25309734513274335,0.2398230088495575,0.0584070796460177,0.4486725663716814
0.25264084507042256,0.23283450704225353,0.06029929577464789,0.45422535211267606
0.25055041831792163,0.242184059885513,0.0607661822985469,0.4464993394980185
0.25165562913907286,0.23885209713024283,0.05827814569536424,0.4512141280353201
0.2518747243052492,0.23467137185707984,0.060873400970445524,0.4525805028672254
0.25287356321839083,0.2409372236958444,0.060123784261715295,0.44606542882404954
0.2490170380078637,0.24115334207077327,0.05854084753167322,0.45128877238968984
0.2553846153846154,0.23824175824175825,0.06197802197802198,0.4443956043956044
0.2598770851624232,0.23573309920983318,0.061018437225636525,0.4433713784021071
0.26081200353045014,0.24051191526919682,0.05648720211827008,0.442188879082083
0.26334362593736216,0.2373180414644905,0.056021173356859286,0.44331715924128806
0.2662852112676056,0.238556338028169,0.056338028169014086,0.43882042253521125
0.2594853903183602,0.23680767553423462,0.05887483645878761,0.44483209768861753
0.26521545979564637,0.23811639271434917,0.060417592181252776,0.4362505553087517
0.26580587711487086,0.23552983081032947,0.05966162065894924,0.4390026714158504
0.26029798422436456,0.2392638036809816,0.05828220858895705,0.4421560035056968
0.26005244755244755,0.23776223776223776,0.06031468531468531,0.4418706293706294
0.2612931798051373,0.24180690876882197,0.060673162090345435,0.43622674933569533
0.2598944591029024,0.23746701846965698,0.05804749340369393,0.4445910290237467
0.25569176882662,0.23642732049036777,0.05823117338003503,0.44964973730297725
0.25578350065473593,0.2413793103448276,0.058489742470536885,0.4443474465298996
0.2537912578055308,0.23996431757359502,0.05798394290811775,0.44826048171275645
0.26146384479717816,0.23721340388007053,0.0582010582010582,0.44312169312169314
0.2681318681318681,0.23692307692307693,0.05758241758241758,0.43736263736263736
0.2690780767534186,0.23775915306572562,0.05690339655932951,0.4362593736215262
0.26963812886142985,0.23962930273609886,0.057811120917917035,0.4329214474845543
0.2722859664607237,0.2409532215357458,0.05383936451897617,0.4329214474845543
0.27004405286343613,0.24140969162995596,0.052422907488986786,0.43612334801762115
0.27424308907415534,0.24089512944273805,0.05265467310223782,0.4322071083808688
0.2780960775672102,0.23975319524019392,0.0502423975319524,0.43190832966064346
0.2798756108396268,0.2372278987116837,0.04975566414926699,0.43314082629942247
0.28172138420585624,0.2391304347826087,0.048802129547471165,0.4303460514640639
0.27887571365832237,0.23671497584541062,0.04962670180061485,0.43478260869565216
0.28300220750551874,0.2335540838852097,0.04944812362030905,0.43399558498896246
0.29292929292929293,0.23232323232323232,0.05006587615283267,0.42468159859464205
0.29305002213368747,0.22797698096502877,0.051350154935812305,0.42762284196547146
0.28998242530755713,0.22934973637961337,0.048769771528998244,0.4318980667838313
0.29053461875547765,0.22217353198948292,0.05214723926380368,0.4351446099912358
0.2964269960299956,0.22055580061755625,0.04808116453462726,0.4349360388178209
0.2914997774810859,0.22429906542056074,0.04984423676012461,0.43435692033822876
0.2926613616268789,0.22767462422634838,0.050397877984084884,0.4292661361626879
0.29164825452938575,0.2266902342023862,0.05081749889527176,0.4308440123729563
0.29072347980470487,0.22148246782068354,0.0461606746560142,0.44163337771859745
0.2936021034180543,0.21910604732690622,0.04820333041191937,0.43908851884312006
0.2922134733158355,0.21916010498687663,0.04636920384951881,0.442257217847769
0.29634522236900046,0.2170849845882871,0.04315279612505504,0.4434169969176574
0.29541446208112876,0.21781305114638447,0.04717813051146384,0.43959435626102294
0.30837394771821003,0.2144439521488702,0.044306601683650866,0.4328754984492689
0.3108348134991119,0.21580817051509768,0.0452930728241563,0.4280639431616341
0.3177198409191339,0.2129916040653999,0.04242156429518339,0.42686699072028284
0.321206743566992,0.2111801242236025,0.043478260869565216,0.4241348713398403
0.3219964664310954,0.20980565371024734,0.04372791519434629,0.424469964664311
0.3204787234042553,0.20966312056737588,0.04654255319148936,0.4233156028368794
0.322921249450066,0.21205455345358556,0.046194456665200175,0.4188297404311483
0.3273942093541203,0.2129175946547884,0.042761692650334075,0.41692650334075726
0.3307017543859649,0.21359649122807017,0.04254385964912281,0.4131578947368421
0.33083700440528635,0.21145374449339208,0.040969162995594714,0.4167400881057269
0.3271523178807947,0.211037527593819,0.04105960264900662,0.42075055187637966
0.3343612334801762,0.2105726872246696,0.04229074889867841,0.4127753303964758
0.33569844789356984,0.21507760532150777,0.042572062084257206,0.4066518847006652
0.3377600708277999,0.21469676848162905,0.04028331119964586,0.4072598494909252
0.3380719680142159,0.21012883163038648,0.04042647712127943,0.41137272323411816
0.33792184724689167,0.21181172291296627,0.03774422735346359,0.41252220248667854
0.3383525243578388,0.20593445527015058,0.03808680248007086,0.41762621789193977
0.34554280670785525,0.20476610767872905,0.03971756398940865,0.4099735216240071
0.34366812227074234,0.20436681222707423,0.04061135371179039,0.41135371179039304
0.3532272325375774,0.1971706454465075,0.03978779840848806,0.40981432360742703
0.3567950420540062,0.19344842850818947,0.04028331119964586,0.40947321823815847
0.36026490066225164,0.1902869757174393,0.0423841059602649,0.40706401766004413
0.36319505736981467,0.19373345101500442,0.03927625772285966,0.40379523389232125
0.35664028144239224,0.19569041336851364,0.03869832893579595,0.40897097625329815
0.3573321554770318,0.2049469964664311,0.037985865724381625,0.3997349823321555
0.3562555456965395,0.2023070097604259,0.040372670807453416,0.4010647737355812
0.35288966725043786,0.2044658493870403,0.03677758318739054,0.40586690017513133
0.351363236587511,0.20800351802990324,0.036939313984168866,0.40369393139841686
0.3546690048224463,0.20692678649715038,0.03551074090311267,0.4028934677772907
0.3583738400353513,0.20592134334953602,0.03667697746354397,0.3990278391515687
0.3476148409893993,0.2058303886925795,0.038869257950530034,0.4076855123674912
0.3485513608428446,0.208955223880597,0.03687445127304653,0.40561896400351183
0.35927078701645176,0.20008892841262785,0.03868385949310805,0.4019564250778124
0.3570804195804196,0.20498251748251747,0.03715034965034965,0.4007867132867133
0.35758106923751093,0.2072743207712533,0.03593339176161262,0.39921121822962313
0.3549234135667396,0.21137855579868708,0.037636761487964986,0.39606126914660833
0.35459744830620327,0.21029476462824462,0.039595248570171576,0.39551253849538054
0.3584404076207355,0.2051395657953035,0.04031900753212229,0.3961010190518387
0.3619386393952868,0.20364606491774123,0.04046242774566474,0.39395286794130724
0.36638876700307155,0.20008775778850374,0.040807371654234315,0.39271610355419045
0.363395225464191,0.20291777188328913,0.042440318302387266,0.3912466843501326
0.3588957055214724,0.20595968448729185,0.044697633654688866,0.3904469763365469
0.36202307009760426,0.20763087843833186,0.04392191659272405,0.38642413487133986
0.35692033822874947,0.20471740097908322,0.044058744993324434,0.3943035157988429
0.3603167619885614,0.20721513418389792,0.04355477342718874,0.388913330400352
0.3611479028697572,0.20750551876379691,0.045474613686534215,0.3858719646799117
0.3618334067871309,0.20273248126928162,0.0493609519612164,0.3860731599823711
0.36991150442477877,0.20398230088495575,0.046902654867256637,0.37920353982300886
0.3695079086115993,0.2060632688927944,0.04657293497363796,0.37785588752196836
0.3748890860692103,0.2067435669920142,0.043478260869565216,0.3748890860692103
0.3720620842572062,0.21108647450110865,0.042572062084257206,0.3742793791574279
0.3721754541426673,0.2104563579973416,0.044306601683650866,0.3730615861763403
0.36876929863255403,0.21570357300397,0.04675782973092192,0.36876929863255403
0.365410199556541,0.2146341463414634,0.04567627494456763,0.3742793791574279
0.37378210806023027,0.21523472099202834,0.04074402125775022,0.37023914968999116
0.37343470483005364,0.21288014311270126,0.04159212880143113,0.37209302325581395
0.3719806763285024,0.21870882740447958,0.04216073781291173,0.3671497584541063
0.3720211827007944,0.21888790820829657,0.0441306266548985,0.3649602824360106
0.380764163372859,0.22134387351778656,0.04391743522178305,0.3539745278875714
0.37870083959346,0.22359699513919576,0.044631020768890854,0.3530711444984534
0.38478355924792307,0.2195015303891561,0.043725404459991256,0.3519895059029296
0.38172992056487204,0.21977052074139453,0.04633715798764342,0.35216240070609
0.38421052631578945,0.22763157894736843,0.04342105263157895,0.3447368421052632
0.39406028368794327,0.22340425531914893,0.04698581560283688,0.3355496453900709
0.3905221588415972,0.2250987275120667,0.046072838964458095,0.338306274681878
0.3884514435695538,0.22484689413823272,0.047681539807524057,0.33902012248468943
0.38854625550660793,0.2198237885462555,0.05110132158590308,0.3405286343612335
0.3923042901371075,0.2184873949579832,0.048651039363113664,0.34055727554179566
0.3882767739092111,0.22080211546936976,0.0493609519612164,0.34156015866020273
0.3910171730515192,0.22104799647732276,0.0488771466314399,0.3390576838397182
0.3914762741652021,0.2179261862917399,0.05052724077328647,0.3400702987697715
0.39585172109443956,0.2144748455428067,0.05030891438658429,0.3393645189761695
0.39806678383128297,0.21309314586994726,0.04701230228471002,0.34182776801405973
0.40618101545253865,0.2141280353200883,0.046357615894039736,0.3333333333333333
0.3972902097902098,0.21765734265734266,0.04807692307692308,0.3369755244755245
0.40395604395604395,0.21362637362637363,0.04659340659340659,0.33582417582417584
0.41160832964111654,0.21222862206468765,0.043420469649977846,0.33274257864421797
0.4088300220750552,0.21324503311258278,0.045033112582781455,0.3328918322295806
0.405726872246696,0.21145374449339208,0.048458149779735685,0.3343612334801762
0.4035164835164835,0.21626373626373627,0.05186813186813187,0.3283516483516484
0.4075221238938053,0.21283185840707963,0.05176991150442478,0.32787610619469026
0.4119718309859155,0.2108274647887324,0.051056338028169015,0.3261443661971831
0.4084568439407149,0.2074978204010462,0.05100261551874455,0.3330427201394943
0.4130052724077329,0.2069420035149385,0.046133567662565905,0.3339191564147627
0.40824468085106386,0.21010638297872342,0.04476950354609929,0.33687943262411346
0.40925110132158593,0.21013215859030837,0.04449339207048458,0.33612334801762117
0.40716180371352784,0.20689655172413793,0.04730327144120248,0.33863837312113176
0.4052747252747253,0.2087912087912088,0.05010989010989011,0.33582417582417584
0.4021164021164021,0.21031746031746032,0.04894179894179894,0.3386243386243386
0.40353200883002205,0.2052980132450331,0.04856512141280353,0.3426048565121413
0.40433053468846664,0.21078214759169245,0.04595669465311533,0.3389306230667256
0.4103918978423602,0.21136063408190225,0.04711580801409071,0.33113166006164685
0.41721563460693895,0.21080368906455862,0.04435660957400088,0.32762406675450156
0.41443026836779584,0.21557413110426749,0.04135503739551254,0.3286405631324241
0.4094488188976378,0.21347331583552057,0.044181977252843396,0.3328958880139983
0.4082082965578111,0.21579876434245365,0.043689320388349516,0.3323036187113857
0.41292012221737234,0.21693583587952858,0.04277608031427324,0.32736796158882586
0.4139903211614606,0.21601407831060274,0.04135503739551254,0.3286405631324241
0.4191696113074205,0.21201413427561838,0.04372791519434629,0.3250883392226148
0.41984056687333926,0.21479185119574845,0.04428697962798937,0.32108060230292296
0.42360801781737195,0.2133630289532294,0.042316258351893093,0.3207126948775056
0.424922941435491,0.2144429766622633,0.04491413474240423,0.3157199471598415
0.4228596262494568,0.21208170360712733,0.048239895697522815,0.31681877444589307
0.421957671957672,0.21516754850088182,0.04894179894179894,0.31393298059964725
0.4283231972198089,0.21242397914856648,0.04865334491746308,0.3105994787141616
0.4243881118881119,0.2111013986013986,0.047639860139860137,0.3168706293706294
0.41828621908127206,0.21643109540636044,0.045936395759717315,0.31934628975265017
0.424955595026643,0.21536412078152753,0.046181172291296625,0.31349911190053287
0.4239082487869431,0.21041023378914867,0.04719894133215704,0.31848257609175123
0.42290748898678415,0.20792951541850221,0.04889867841409692,0.32026431718061676
0.4262582056892779,0.20350109409190373,0.052078774617067836,0.31816192560175055
0.43002207505518764,0.19823399558498897,0.053421633554083886,0.3183222958057395
0.43190832966064346,0.1978845306302336,0.05332745702952843,0.31687968267959454
0.4302120141342756,0.19346289752650175,0.05565371024734982,0.3206713780918728
0.42572944297082227,0.19363395225464192,0.05526083112290009,0.3253757736516357
0.42857142857142855,0.19544259421560034,0.05740578439964943,0.31858019281332167
0.43114826220853497,0.19313682358117026,0.056313242410910694,0.31940167179938406
0.4308162374508948,0.19161938018332605,0.05456132693147097,0.3230030554343082
0.43791136463361124,0.19482229047827995,0.055287406757349715,0.3119789381307591
0.43414634146341463,0.19556541019955653,0.055875831485587585,0.3144124168514412
0.4293193717277487,0.1967713787085515,0.058900523560209424,0.3150087260034904
0.4247669773635153,0.2010652463382157,0.06391478029294274,0.31025299600532624
0.43179805137289634,0.1975199291408326,0.06598759964570416,0.3046944198405669
0.4305738063950942,0.1988611476127902,0.06526500219010074,0.3053000438020149
0.43243243243243246,0.20159503766061143,0.06114311032343819,0.30482941958351795
0.43551236749116606,0.19522968197879859,0.05962897526501767,0.30962897526501765
0.4409310496267018,0.19367588932806323,0.05753184014053579,0.30786122090469914
0.4403183023872679,0.1892130857648099,0.054376657824933686,0.3160919540229885
0.43890604322893695,0.19541243934715483,0.054697838553153945,0.3109836788707543
0.4437144108628997,0.19229084537888744,0.05606657906263688,0.307928164695576
0.4427514148889856,0.19286025250326513,0.056595559425337394,0.3077927731824118
0.44257950530035334,0.1956713780918728,0.054770318021201414,0.30697879858657245
0.4464993394980185,0.18890356671070013,0.05548216644649934,0.309114927344782
0.44220665499124345,0.19176882661996497,0.05472854640980736,0.31129597197898423
0.43950725912890454,0.1891772987241531,0.05411350637923449,0.3172019357677079
0.4499779638607316,0.19083296606434552,0.05244601145879242,0.30674305861613044
0.44778761061946903,0.1915929203539823,0.05575221238938053,0.3048672566371681
0.4455270150575731,0.19264836138175376,0.05757307351638618,0.304251550044287
0.44272445820433437,0.19858469703670942,0.05572755417956656,0.30296329057938964
0.44483671668137686,0.19285083848190646,0.05560458958517211,0.3067078552515446
0.4454225352112676,0.18705985915492956,0.05369718309859155,0.31382042253521125
0.44483671668137686,0.19329214474845544,0.0529567519858782,0.3089143865842895
0.4406631762652705,0.19197207678883071,0.05148342059336824,0.3158813263525305
0.44596382884869873,0.18879576532862816,0.05249228054697839,0.31274812527569473
0.4470794905577514,0.18489240228370662,0.05533596837944664,0.3126921387790953
0.45144356955380577,0.18503937007874016,0.05468066491688539,0.3088363954505687
0.44342105263157894,0.18903508771929825,0.05350877192982456,0.3140350877192982
0.4447380008806693,0.1924262439453985,0.054601497137824744,0.30823425803610743
0.43417611159546643,0.1913687881429817,0.05754141238012206,0.3169136878814298
0.4347442680776014,0.19268077601410935,0.056878306878306875,0.31569664902998235
0.43670048522276134,0.19276576973974416,0.05778561976179974,0.31274812527569473
0.4331433581762385,0.18982902235861465,0.05480052608505041,0.3222270933800965
0.4260485651214128,0.1969094922737307,0.05518763796909492,0.3218543046357616
0.4320281566212055,0.19049714034315882,0.05587329520457545,0.3216014078310603
0.43785935426802297,0.189296771340115,0.05395842547545334,0.3188854489164087
0.43147656940760387,0.1918656056587091,0.05570291777188329,0.3209549071618037
0.4386584289496911,0.1879964695498676,0.05736981465136805,0.3159752868490733
0.4309809143364403,0.18819351975144252,0.06213936972924989,0.3186861961828673
0.4333627537511033,0.19020300088261252,0.05913503971756399,0.3172992056487202
0.4388646288209607,0.188646288209607,0.05720524017467249,0.31528384279475985
0.4345342706502636,0.18497363796133567,0.05755711775043937,0.3229349736379613
0.4318676534610361,0.19068350021767522,0.057466260339573354,0.3199825859817153
0.4316892186817983,0.19161938018332605,0.05718027062418158,0.319511130510694
0.43529411764705883,0.1886710239651416,0.05969498910675381,0.31633986928104574
0.43447669305189096,0.193051890941073,0.05760773966578716,0.3148636763412489
0.42857142857142855,0.19252747252747252,0.055384615384615386,0.32351648351648354
0.43971942130644454,0.18851380973257342,0.055677334502411226,0.3160894344585708
0.43661971830985913,0.1936619718309859,0.053257042253521125,0.3164612676056338
0.44130434782608696,0.19043478260869565,0.051304347826086956,0.3169565217391304
0.43617957746478875,0.1932218309859155,0.04929577464788732,0.32130281690140844
0.43895989422653153,0.1890700749228735,0.05200528867342442,0.3199647421771706
0.43333333333333335,0.1912280701754386,0.05570175438596491,0.31973684210526315
0.4273767605633803,0.1949823943661972,0.05369718309859155,0.323943661971831
0.435920177383592,0.18802660753880265,0.05277161862527716,0.3232815964523282
0.43691899070385126,0.18946436476316955,0.05179282868525897,0.32182381584772024
0.4342806394316163,0.1891651865008881,0.05284191829484902,0.32371225577264656
0.43138974134151686,0.1867601928978518,0.05480052608505041,0.32704953967558087
0.42838078291814946,0.1854982206405694,0.05693950177935943,0.3291814946619217
0.43179805137289634,0.18511957484499558,0.0566873339238264,0.32639503985828167
0.4288879042977404,0.18653079308817014,0.057598582188746125,0.3269827204253434
0.4321808510638298,0.18572695035460993,0.05806737588652482,0.32402482269503546
0.4327049539675581,0.18763700131521263,0.05611573871109163,0.32354230600613765
0.432408630559225,0.18758256274768825,0.054601497137824744,0.325407309555262
0.42687224669603524,0.18898678414096917,0.05418502202643172,0.3299559471365639
0.4279379157427938,0.18492239467849225,0.05898004434589801,0.328159645232816
0.4264250994255413,0.18912947414935927,0.06009721608484313,0.3243482103402563
0.4300176056338028,0.19014084507042253,0.05941901408450704,0.3204225352112676
0.42844483828090385,0.1958351794417368,0.056269384138236594,0.31945059813912274
0.4262295081967213,0.20159503766061143,0.052724856003544526,0.31945059813912274
0.42800528401585203,0.2051959489211801,0.05195948921180097,0.3148392778511669
0.4273767605633803,0.20818661971830985,0.056338028169014086,0.30809859154929575
0.42021978021978024,0.21054945054945054,0.058021978021978025,0.3112087912087912
0.4266256590509666,0.2060632688927944,0.05975395430579965,0.30755711775043937
0.42363877822045154,0.2067286409915892,0.05887560867640549,0.3107569721115538
0.4225229157573112,0.21213443910955915,0.05718027062418158,0.30816237450894807
0.4135503739551254,0.21073471183457984,0.05763308402991641,0.31808183018037833
0.4137478108581436,0.21015761821366025,0.05910683012259194,0.3169877408056042
0.4082788671023965,0.21568627450980393,0.05708061002178649,0.31895424836601305
0.40663176265270506,0.2107329842931937,0.056282722513089,0.3263525305410122
0.4134029590948651,0.20974760661444736,0.05613577023498695,0.3207136640557006
0.41153169014084506,0.2130281690140845,0.058538732394366196,0.31690140845070425
0.4112231477422183,0.2099956159579132,0.06225339763261727,0.3165278386672512
0.4047724259832081,0.21254971277065843,0.0618647812638091,0.32081307998232433
0.4102337891486546,0.2112924569916189,0.061755624172915746,0.3167181296868108
0.411660777385159,0.20759717314487633,0.05742049469964664,0.32332155477031804
0.41888297872340424,0.20567375886524822,0.053634751773049646,0.32180851063829785
0.42163846838824576,0.20480854853072128,0.053428317008014245,0.3201246660730187
0.42539267015706805,0.20026178010471204,0.05366492146596859,0.3206806282722513
0.43008381120423467,0.19894133215703572,0.05690339655932951,0.31407146007940007
0.4261789334508594,0.20317320405464961,0.055531070956368445,0.3151167915381225
0.4307828394515701,0.20168067226890757,0.05661211853162318,0.31092436974789917
0.4356699201419698,0.2023070097604259,0.05634427684117125,0.305678793256433
0.43321616871704743,0.1999121265377856,0.056239015817223195,0.31063268892794377
0.4318381706244503,0.1996481970096746,0.054969217238346524,0.31354441512752856
0.43300798580301686,0.19875776397515527,0.05545696539485359,0.31277728482697426
0.4326241134751773,0.20390070921985815,0.05230496453900709,0.31117021276595747
0.43535620052770446,0.19744942832014073,0.0505716798592788,0.316622691292876
0.4344735673034207,0.19857840959573522,0.04975566414926699,0.3171923589515771
0.43807439824945293,0.19912472647702406,0.05076586433260394,0.312035010940919
0.43895989422653153,0.2009695901278096,0.04627589246364037,0.3137946231820185
0.4406181015452539,0.1955849889624724,0.045033112582781455,0.31876379690949225
0.44084136722173534,0.19106047326906223,0.04425942156003506,0.3238387379491674
0.44675209898365004,0.19222271321254972,0.044631020768890854,0.3163941670349094
0.4482911673324456,0.18863737239236572,0.04438526409232135,0.3186861961828673
0.44760213143872113,0.18561278863232683,0.0452930728241563,0.32149200710479575
0.44783937145351377,0.189873417721519,0.04539502400698385,0.3168921868179834
0.44109831709477415,0.18733392382639505,0.046944198405668734,0.3246235606731621
0.44659340659340657,0.18285714285714286,0.047472527472527476,0.3230769230769231
0.4493783303730018,0.18383658969804617,0.04706927175843695,0.3197158081705151
0.4569681083442551,0.18042813455657492,0.04630843162953255,0.3162953254696374
0.45530973451327433,0.1765486725663717,0.046902654867256637,0.32123893805309733
0.4551480335837384,0.18515245249668583,0.04684047724259832,0.31285903667697745
0.4561018437225636,0.18481123792800702,0.04741000877963126,0.31167690956979804
0.4567519858781995,0.18270079435127978,0.047219770520741396,0.31332744924977934
0.4523809523809524,0.19135802469135801,0.04717813051146384,0.3090828924162258
0.4470794905577514,0.1875274483970136,0.04962670180061485,0.3157663592446201
0.4456665200175979,0.18961724593048834,0.055433347998240214,0.30928288605367354
0.44958168207837956,0.190224570673712,0.05195948921180097,0.30823425803610743
0.44395796847635727,0.19220665499124343,0.04903677758318739,0.3147985989492119
0.4479120879120879,0.19956043956043956,0.04835164835164835,0.30417582417582417
0.450199203187251,0.19344842850818947,0.0451527224435591,0.31119964586100046
0.45181255526083114,0.19849690539345713,0.04376657824933687,0.3059239610963749
0.45599292348518355,0.20079610791685096,0.04290137107474569,0.30030959752321984
0.4561093956771063,0.20291133656815175,0.04102337891486546,0.2999558888398765
0.46252771618625277,0.1973392461197339,0.040354767184035474,0.29977827050997785
0.46014971378247466,0.19903126376045796,0.04007045354469397,0.3007485689123734
0.4534216335540839,0.2,0.04105960264900662,0.3055187637969095
0.45260869565217393,0.20130434782608694,0.03782608695652174,0.30826086956521737
0.4568281938325991,0.19823788546255505,0.03832599118942731,0.3066079295154185
0.45442536327608984,0.19418758256274768,0.04095112285336856,0.3104359313077939
0.45293857711003094,0.19089703932832522,0.04242156429518339,0.31374281926646047
0.4558693733451015,0.19373345101500442,0.04236540158870256,0.30803177405119153
0.45860709592641263,0.1953569864213754,0.04467805519053877,0.30135786246167323
0.45357142857142857,0.19732142857142856,0.044196428571428574,0.3049107142857143
0.45719329214474846,0.1977052074139453,0.0441306266548985,0.30097087378640774
0.46147032772364927,0.1966341895482728,0.04428697962798937,0.2976085031000886
0.46916299559471364,0.19515418502202644,0.04185022026431718,0.2938325991189427
0.4691735898557062,0.19414079580236118,0.040664626147791864,0.2960209881941408
0.46927129060579453,0.19446883230904302,0.04038630377524144,0.295873573309921
0.4663418954827281,0.19574844995571303,0.04118689105403012,0.2967227635075288
0.472,0.19555555555555557,0.04088888888888889,0.29155555555555557
0.46965699208443273,0.1961301671064204,0.040897097625329816,0.29331574318381703
0.47319450598139123,0.19672131147540983,0.03943287549844927,0.2906513070447497
0.46466431095406363,0.20318021201413428,0.03931095406360424,0.2928445229681979
0.4725997369574748,0.19947391494958353,0.039017974572555895,0.2889083735203858
0.4711071901191001,0.1985002205558006,0.03705337450374945,0.2933392148213498
0.4757959005669429,0.19886611426079373,0.03750545137374618,0.28783253379851725
0.47303271441202477,0.19982316534040673,0.03757736516357206,0.2895667550839965
0.47721297107800176,0.19500438212094653,0.03724802804557406,0.29053461875547765
0.4727431312690798,0.19755778456170955,0.03881378107283035,0.2908853030963803
0.4722098710538017,0.19653179190751446,0.03912850155624722,0.29212983548243665
0.47303814116615517,0.20385795703638754,0.039017974572555895,0.28408592722490134
0.4722711267605634,0.2051056338028169,0.037411971830985914,0.2852112676056338
0.4764213309828118,0.20317320405464961,0.04010577346848832,0.28029969149405026
0.48411297440423656,0.20344218887908208,0.03795233892321271,0.2744924977934687
0.4900574458683164,0.2001767565178966,0.037560760053026956,0.27220503756076003
0.4894086496028244,0.1977052074139453,0.037069726390114736,0.2758164165931156
0.4849015317286652,0.19649890590809627,0.035448577680525166,0.2831509846827133
0.48702155741311043,0.1935767707875055,0.03563572371315442,0.2837659480862297
0.48857644991212656,0.19112478031634447,0.035588752196836555,0.28471001757469244
0.497384481255449,0.1874455100261552,0.03574542284219703,0.2794245858761988
0.49256993006993005,0.18575174825174826,0.03496503496503497,0.2867132867132867
0.4953927161035542,0.1834137779727951,0.035980693286529176,0.28521281263712156
0.4957983193277311,0.18708536045997345,0.03803626713843432,0.27908005307386113
0.4979811574697174,0.18707940780619112,0.03633916554508748,0.27860026917900405
0.4993423936869794,0.18982902235861465,0.033757124068391056,0.2770714598860149
0.5008787346221442,0.18848857644991213,0.03383128295254833,0.27680140597539543
0.5013169446883231,0.1861281826163301,0.03687445127304653,0.27568042142230026
0.49714034315882094,0.19313682358117026,0.03739551253849538,0.27232732072151344
0.49803063457330415,0.19343544857768052,0.036761487964989056,0.27177242888402625
0.49801324503311256,0.1955849889624724,0.039735099337748346,0.26666666666666666
0.49757602468047596,0.19479947113265755,0.03878360511238431,0.26884089907448216
0.49272807404142793,0.20537681798148966,0.0379021595416483,0.26399294843543414
0.48833113166006165,0.2069572875385293,0.03786878027300748,0.2668428005284016
0.49691358024691357,0.20282186948853614,0.03571428571428571,0.26455026455026454
0.4922532093846835,0.20318725099601595,0.03497122620628597,0.2695883134130146
0.48695267580716495,0.20300751879699247,0.033171163202122954,0.2768686421937196
0.48606811145510836,0.20389208314904908,0.03494029190623618,0.2750995134896064
0.48435434111943587,0.20978404583516969,0.03393565447333627,0.2719259585720582
0.4885260370697264,0.20520741394527803,0.03574580759046778,0.2705207413945278
0.4887912087912088,0.20835164835164835,0.036923076923076927,0.26593406593406593
0.49017038007863695,0.20707732634338138,0.03844473569244211,0.26430755788553956
0.48038783605112384,0.2119876597620097,0.038342882327016305,0.26928162185985016
0.4834728955486999,0.20581754076685765,0.0379021595416483,0.2728074041427942
0.48151408450704225,0.2068661971830986,0.0409330985915493,0.2706866197183099
0.49003101462117854,0.20381036774479397,0.04164820558263181,0.26451041205139564
0.49209833187006147,0.20017559262510976,0.041264266900790166,0.2664618086040386
0.4865460961623291,0.1985002205558006,0.043228936921041024,0.2717247463608293
0.4914361001317523,0.1945542380324989,0.04435660957400088,0.2696530522617479
0.4973637961335677,0.1937609841827768,0.04569420035149385,0.2631810193321617
0.495364238410596,0.19426048565121412,0.04988962472406181,0.26048565121412803
0.49016178399650195,0.19588981198076083,0.050284215128989944,0.26366418889374726
0.488195991091314,0.1973273942093541,0.047661469933184854,0.266815144766147
0.49230769230769234,0.1991208791208791,0.04263736263736264,0.26593406593406593
0.5,0.198943661971831,0.042693661971830985,0.258362676056338
0.49693251533742333,0.19675723049956179,0.04119193689745837,0.2651183172655565
0.4971200708905627,0.20026583961010191,0.04031900753212229,0.26229508196721313
0.49757388619320686,0.20202911336568152,0.0423467137185708,0.2580502867225408
0.5015479876160991,0.19548872180451127,0.04201680672268908,0.26094648385670055
0.49669457910973996,0.20229175848391362,0.04010577346848832,0.2609078889378581
0.4984506418769367,0.2014165559982293,0.035413899955732624,0.2647189021691014
0.5002186270222999,0.20463489287275907,0.036729339746392656,0.2584171403585483
0.496257155438133,0.20827829150154117,0.0361074416556583,0.25935711140466755
0.4966974900924703,0.20651695288419197,0.0361074416556583,0.26067811536767943
0.49316277018085575,0.20996912218791355,0.03749448610498456,0.25937362152624616
0.49711751662971176,0.2066518847006652,0.03902439024390244,0.2572062084257206
0.49801849405548215,0.2051959489211801,0.0361074416556583,0.26067811536767943
0.5017636684303352,0.20679012345679013,0.03571428571428571,0.25573192239858905
0.49823788546255504,0.21013215859030837,0.03788546255506608,0.2537444933920705
0.4991220368744513,0.20939420544337137,0.03511852502194908,0.25636523266022826
0.5028446389496718,0.20306345733041575,0.035448577680525166,0.25864332603938733
0.5045711797997388,0.20417936438833262,0.033521985198084456,0.25772747061384416
0.5075088339222615,0.2058303886925795,0.03268551236749117,0.2539752650176678
0.5052631578947369,0.20526315789473684,0.03640350877192983,0.2530701754385965
0.4973568281938326,0.2118942731277533,0.03788546255506608,0.252863436123348
