R,A,S,N
0.0,0.0,0.0,1.0
0.0,0.0,0.0,1.0
0.0,0.15384615384615385,0.0,0.8461538461538461
0.0,0.21428571428571427,0.0,0.7857142857142857
0.037037037037037035,0.2222222222222222,0.0,0.7407407407407407
0.0425531914893617,0.24468085106382978,0.02127659574468085,0.6914893617021277
0.06206896551724138,0.30344827586206896,0.027586206896551724,0.6068965517241379
0.07476635514018691,0.3177570093457944,0.04672897196261682,0.5607476635514018
0.08598726114649681,0.3343949044585987,0.05732484076433121,0.5222929936305732
0.09255079006772009,0.345372460496614,0.06997742663656885,0.49209932279909707
0.10463121783876501,0.34305317324185247,0.08061749571183534,0.4716981132075472
0.11290322580645161,0.3481182795698925,0.09408602150537634,0.44489247311827956
0.11847826086956521,0.34456521739130436,0.10434782608695652,0.4326086956521739
0.12156166814551908,0.3460514640638864,0.11002661934338953,0.422360248447205
0.12814814814814815,0.3340740740740741,0.11777777777777777,0.42
0.13520408163265307,0.3207908163265306,0.125,0.4190051020408163
0.14277620396600565,0.3076487252124646,0.13144475920679888,0.41813031161473085
0.14933058702368693,0.30072090628218334,0.13748712667353244,0.41246138002059735
0.15857142857142856,0.2938095238095238,0.1442857142857143,0.4033333333333333
0.16681614349775784,0.2905829596412556,0.1484304932735426,0.39417040358744393
0.1742489270386266,0.28841201716738196,0.14849785407725322,0.3888412017167382
0.18106312292358803,0.28446843853820597,0.15033222591362128,0.3841362126245847
0.18727199027158492,0.2805026347790839,0.15119578435346576,0.38102959059586544
0.19053349378259127,0.2779783393501805,0.15162454873646208,0.37986361813076613
0.19263115738886663,0.27833400080096116,0.1525830997196636,0.37645174209050863
0.19295436349079265,0.27742193755004,0.15492393915132105,0.37469975980784626
0.19310897435897437,0.2780448717948718,0.15584935897435898,0.3729967948717949
0.19431089743589744,0.2760416666666667,0.15584935897435898,0.3737980769230769
0.19318637274549097,0.27414829659318635,0.16032064128256512,0.37234468937875753
0.19255404323458766,0.2746196957566053,0.16092874299439552,0.3718975180144115
0.19375500400320256,0.27502001601281023,0.16453162530024018,0.366693354683747
0.1941553242594075,0.2742193755004003,0.16573258606885508,0.36589271417133706
0.19375500400320256,0.27301841473178545,0.16733386709367493,0.36589271417133706
0.19463356027232678,0.2715258309971966,0.16780136163396075,0.3660392470965158
0.1958350020024029,0.2715258309971966,0.1682018422106528,0.3644373247897477
0.19615692554043235,0.26941553242594074,0.16973578863090472,0.3646917534027222
0.196,0.2684,0.1724,0.3632
0.19647859143657462,0.26730692276910767,0.17406962785114047,0.36214485794317725
0.19663596315578694,0.2675210252302763,0.17541049259110933,0.3604325190228274
0.1977582065652522,0.266613290632506,0.1745396317053643,0.3610888710968775
0.1977582065652522,0.26621297037630104,0.1733386709367494,0.36269015212169736
0.19615692554043235,0.2674139311449159,0.1757405924739792,0.36068855084067253
0.19767907162865145,0.26770708283313327,0.1752701080432173,0.359343737494998
0.1992,0.2672,0.1748,0.3588
0.20224269122947536,0.26912294753704447,0.1722066479775731,0.3564277132559071
0.2014417300760913,0.26912294753704447,0.17460953143772526,0.35482579094913896
0.2032,0.27,0.174,0.3528
0.20208083233293317,0.27130852340936373,0.17446978791516607,0.352140856342537
0.202,0.2704,0.1768,0.3508
0.2014417300760913,0.2711253504205046,0.1762114537444934,0.35122146575891067
0.2032,0.272,0.176,0.3488
0.20488195278111246,0.2737094837935174,0.17406962785114047,0.3473389355742297
0.2042450941129355,0.27472967561073286,0.1750100120144173,0.3460152182619143
0.2044,0.2768,0.1736,0.3452
0.204,0.2768,0.174,0.3452
0.2048,0.2764,0.174,0.3448
0.2028811524609844,0.2773109243697479,0.1760704281712685,0.3437374949979992
0.20376301040832667,0.2766212970376301,0.177742193755004,0.3418734987990392
0.2056,0.2752,0.1772,0.342
0.20488195278111246,0.2769107643057223,0.17847138855542216,0.3397358943577431
0.20496397117694154,0.27622097678142515,0.17814251401120898,0.34067253803042435
0.20656525220176142,0.2746196957566053,0.18094475580464373,0.3378702962369896
0.20808323329331732,0.27130852340936373,0.18207282913165265,0.3385354141656663
0.2072,0.2708,0.1848,0.3372
0.2060824329731893,0.27050820328131253,0.18687474989995997,0.33653461384553823
0.2052,0.2696,0.1884,0.3368
0.20448179271708683,0.27010804321728693,0.1908763505402161,0.3345338135254102
0.2038446135362435,0.2695234281137365,0.19102923508209851,0.3356027232679215
0.20208083233293317,0.26810724289715887,0.19287715086034413,0.33693477390956383
0.20488195278111246,0.266906762705082,0.1952781112444978,0.3329331732693077
0.2044,0.2668,0.1956,0.3332
0.20416333066453163,0.26701361088871095,0.1969575660528423,0.3318654923939151
0.2036814725890356,0.26450580232092835,0.19687875150060025,0.3349339735894358
0.20528211284513806,0.26250500200080035,0.1996798719487795,0.3325330132052821
0.2060824329731893,0.26290516206482595,0.1996798719487795,0.33133253301320525
0.21,0.2616,0.2008,0.3276
0.2104,0.2628,0.202,0.3248
0.2128,0.2616,0.2,0.3256
0.2124,0.26,0.2,0.3276
0.212,0.2604,0.2012,0.3264
0.21208483393357344,0.2601040416166467,0.20088035214085634,0.3269307723089236
0.2136,0.26,0.1992,0.3272
0.2148859543817527,0.25930372148859543,0.20088035214085634,0.32492997198879553
0.21665999199038846,0.25750901081297556,0.20304365238285943,0.3227873448137765
0.21617293835068055,0.2586068855084067,0.20256204963971178,0.32265812650120096
0.2172,0.2568,0.2044,0.3216
0.2172,0.2576,0.2048,0.3204
0.2152861144457783,0.2601040416166467,0.2060824329731893,0.31852741096438575
0.2148,0.262,0.2044,0.3188
0.2144857943177271,0.26370548219287715,0.2028811524609844,0.31892757102841135
0.2148859543817527,0.26410564225690275,0.20328131252501,0.31772709083633455
0.21568627450980393,0.2617046818727491,0.20448179271708683,0.31812725090036015
0.2152861144457783,0.2621048419367747,0.20568227290916366,0.3169267707082833
0.2156,0.2612,0.206,0.3172
0.2180872348939576,0.2601040416166467,0.2060824329731893,0.3157262905162065
0.2184873949579832,0.2609043617446979,0.20728291316526612,0.3133253301320528
0.2192,0.2608,0.2072,0.3128
0.2192,0.2624,0.2064,0.312
0.2208,0.2596,0.2072,0.3124
0.21968787515006002,0.26290516206482595,0.20808323329331732,0.3093237294917967
0.2216,0.264,0.2068,0.3076
0.22408963585434175,0.26250500200080035,0.20448179271708683,0.3089235694277711
0.2236,0.2652,0.2044,0.3068
0.2224,0.2628,0.206,0.3088
0.2232,0.2604,0.2076,0.3088
0.2236,0.2604,0.2072,0.3088
0.2236,0.2596,0.2072,0.3096
0.2256,0.26,0.2052,0.3092
0.2272,0.2592,0.2036,0.31
0.22609043617446978,0.2605042016806723,0.2028811524609844,0.31052420968387356
0.2228,0.2604,0.202,0.3148
0.22408963585434175,0.25890356142456983,0.2028811524609844,0.31412565026010403
0.22417934347477983,0.25980784627702164,0.2033626901521217,0.31265012009607684
0.2248,0.2588,0.204,0.3124
0.2264,0.2588,0.2032,0.3116
0.2272909163665466,0.25890356142456983,0.20528211284513806,0.3085234093637455
0.2256,0.2608,0.2056,0.308
0.2244,0.2612,0.2068,0.3076
0.2208,0.2632,0.2088,0.3072
0.2208,0.2644,0.2072,0.3076
0.2209767814251401,0.26501200960768617,0.2077662129703763,0.30624499599679744
0.2196,0.2684,0.2072,0.3048
0.2216,0.2672,0.2068,0.3044
0.2228,0.2656,0.2068,0.3048
0.224,0.2664,0.2032,0.3064
0.2244,0.2668,0.2036,0.3052
0.2256,0.2652,0.2052,0.304
0.2232,0.2644,0.2076,0.3048
0.2224,0.2636,0.2088,0.3052
0.2204,0.2652,0.208,0.3064
0.2208,0.2648,0.2068,0.3076
0.2196,0.2668,0.2052,0.3084
0.2188,0.2652,0.208,0.308
0.2208,0.2628,0.2084,0.308
0.2232,0.2628,0.208,0.306
0.22168867547018808,0.26330532212885155,0.20808323329331732,0.30692276910764305
0.22088835534213686,0.26330532212885155,0.21008403361344538,0.30572228891556624
0.21928771508603442,0.26370548219287715,0.21048419367747098,0.30652260904361744
0.21928771508603442,0.26450580232092835,0.2108843537414966,0.30532212885154064
0.22137710168134508,0.2654123298638911,0.21056845476381106,0.3026421136909528
0.222,0.264,0.2108,0.3032
0.2244,0.2612,0.212,0.3024
0.2252,0.2596,0.2112,0.304
0.2224,0.2616,0.2112,0.3048
0.224,0.2616,0.2104,0.304
0.2204,0.264,0.212,0.3036
0.222,0.2632,0.21,0.3048
0.2244,0.262,0.21,0.3036
0.2248,0.2612,0.212,0.302
0.2248,0.2608,0.2116,0.3028
0.2252,0.2612,0.2104,0.3032
0.2264905962384954,0.2605042016806723,0.2112845138055222,0.3017206882753101
0.226,0.2604,0.2112,0.3024
0.22618094475580464,0.25980784627702164,0.21136909527622097,0.3026421136909528
0.2276,0.2576,0.2136,0.3012
0.2284,0.2572,0.2136,0.3008
0.23,0.2572,0.2132,0.2996
0.2304921968787515,0.25730292116846737,0.21368547418967587,0.29851940776310526
0.2324,0.2584,0.2128,0.2964
0.2328,0.258,0.2128,0.2964
0.234,0.2572,0.2124,0.2964
0.2332,0.256,0.2148,0.296
0.2332,0.2556,0.2172,0.294
0.2332,0.2556,0.2176,0.2936
0.234,0.2572,0.2176,0.2912
0.23418734987990392,0.2566052842273819,0.21817453963170536,0.2910328262610088
0.2344937975190076,0.25730292116846737,0.21768707482993196,0.290516206482593
0.23298638911128902,0.2602081665332266,0.21937550040032025,0.28742994395516414
0.23209283713485393,0.2585034013605442,0.22128851540616246,0.28811524609843936
0.2348,0.258,0.2192,0.288
0.2336934773909564,0.25690276110444177,0.21768707482993196,0.2917166866746699
0.2316,0.2584,0.2188,0.2912
0.2312,0.2592,0.2192,0.2904
0.2328,0.2572,0.2192,0.2908
0.23169267707082833,0.25770308123249297,0.22008803521408563,0.290516206482593
0.23209283713485393,0.25770308123249297,0.22168867547018808,0.28851540616246496
0.2312,0.2588,0.2212,0.2888
0.2312,0.2588,0.2224,0.2876
0.2328,0.26,0.2216,0.2856
0.232,0.26,0.2216,0.2864
0.2328,0.2624,0.2204,0.2844
0.2316,0.2624,0.2208,0.2852
0.23209283713485393,0.26330532212885155,0.22328931572629052,0.281312525010004
0.2292,0.2624,0.2248,0.2836
0.2308,0.262,0.2232,0.284
0.2304921968787515,0.26290516206482595,0.22328931572629052,0.28331332533013204
0.2336,0.2612,0.2244,0.2808
0.2332,0.2612,0.2248,0.2808
0.2324,0.2628,0.2252,0.2796
0.2308,0.2628,0.2272,0.2792
0.232,0.2624,0.226,0.2796
0.2312,0.2624,0.2252,0.2812
0.2324,0.2628,0.224,0.2808
0.2308,0.2652,0.2252,0.2788
0.2308,0.2648,0.2252,0.2792
0.22809123649459784,0.2661064425770308,0.22529011604641858,0.2805122048819528
0.228,0.266,0.2248,0.2812
0.228,0.2648,0.226,0.2812
0.2256,0.266,0.2252,0.2832
0.2256,0.2648,0.2268,0.2828
0.226,0.2664,0.2252,0.2824
0.22529011604641858,0.2657062825130052,0.2272909163665466,0.28171268507402963
0.2252,0.268,0.2268,0.28
0.2248,0.2688,0.2268,0.2796
0.2264,0.2676,0.2252,0.2808
0.226890756302521,0.26730692276910767,0.22569027611044418,0.2801120448179272
0.2264,0.266,0.2276,0.28
0.2264,0.266,0.2272,0.2804
0.2284,0.2656,0.2256,0.2804
0.2284,0.2668,0.224,0.2808
0.228,0.2668,0.2236,0.2816
0.2276,0.266,0.2236,0.2828
0.22529011604641858,0.26410564225690275,0.22569027611044418,0.2849139655862345
0.22609043617446978,0.26290516206482595,0.2264905962384954,0.2845138055222089
0.2272,0.2624,0.2264,0.284
0.2284,0.262,0.2256,0.284
0.2276,0.2612,0.226,0.2852
0.2284,0.2612,0.2244,0.286
0.2272909163665466,0.2613045218087235,0.22448979591836735,0.28691476590636256
0.2276,0.2604,0.2276,0.2844
0.2268,0.2604,0.2284,0.2844
0.22809123649459784,0.2585034013605442,0.22809123649459784,0.2853141256502601
0.2264,0.2604,0.2292,0.284
0.22529011604641858,0.2601040416166467,0.22889155662264907,0.2857142857142857
0.226,0.2608,0.2276,0.2856
0.2252,0.2616,0.2304,0.2828
0.226,0.2636,0.2308,0.2796
0.226,0.2628,0.232,0.2792
0.2268,0.2616,0.2328,0.2788
0.226,0.262,0.2332,0.2788
0.2256,0.2624,0.2348,0.2772
0.2256,0.2624,0.2352,0.2768
0.2244,0.2624,0.2352,0.278
0.2248,0.262,0.236,0.2772
0.226,0.2628,0.234,0.2772
0.2248,0.2628,0.2336,0.2788
0.22488995598239295,0.26370548219287715,0.23129251700680273,0.2801120448179272
0.226,0.2624,0.2312,0.2804
0.2256,0.2632,0.232,0.2792
0.2268,0.2636,0.2324,0.2772
0.228,0.2648,0.23,0.2772
0.23,0.262,0.2308,0.2772
0.2308,0.2612,0.23,0.278
0.2308923569427771,0.26290516206482595,0.22889155662264907,0.2773109243697479
0.2328,0.2624,0.2272,0.2776
0.2316,0.2636,0.2264,0.2784
0.23209283713485393,0.2657062825130052,0.22488995598239295,0.2773109243697479
0.2324,0.2664,0.2248,0.2764
0.2324,0.2664,0.2248,0.2764
0.2332,0.2652,0.2256,0.276
0.2324,0.264,0.2264,0.2772
0.2336,0.262,0.2276,0.2768
0.23329331732693076,0.2617046818727491,0.22809123649459784,0.2769107643057223
0.2344,0.2612,0.2272,0.2772
0.2336934773909564,0.25970388155262103,0.22809123649459784,0.2785114045618247
0.234,0.26,0.2292,0.2768
0.234093637454982,0.2617046818727491,0.226890756302521,0.2773109243697479
0.2332,0.2632,0.2264,0.2772
0.2324,0.2652,0.2248,0.2776
0.2328,0.266,0.2252,0.276
0.2332,0.2668,0.2244,0.2756
0.2328,0.2656,0.2252,0.2764
0.2316,0.264,0.2252,0.2792
0.2308,0.2636,0.2252,0.2804
0.2316,0.2632,0.2248,0.2804
0.2312,0.262,0.2272,0.2796
0.2308,0.2628,0.2272,0.2792
0.232,0.2628,0.2272,0.278
0.2324,0.2624,0.2292,0.276
0.2332,0.2632,0.2304,0.2732
0.2336,0.2632,0.2312,0.272
0.2336,0.262,0.2312,0.2732
0.234,0.264,0.2312,0.2708
0.2345876701361089,0.2642113690952762,0.23098478783026422,0.2702161729383507
0.236,0.2644,0.2308,0.2688
0.2344937975190076,0.2653061224489796,0.2308923569427771,0.2693077230892357
0.2344,0.2664,0.23,0.2692
0.2352,0.2668,0.2272,0.2708
0.2368,0.2664,0.2248,0.272
0.2372,0.2648,0.226,0.272
0.23729491796718688,0.26410564225690275,0.22769107643057224,0.27090836334533813
0.2372,0.2628,0.23,0.27
0.2396,0.2624,0.2288,0.2692
0.2404,0.264,0.2276,0.268
0.2412,0.2632,0.23,0.2656
0.242,0.262,0.2312,0.2648
0.2436,0.2624,0.23,0.264
0.24289715886354543,0.2653061224489796,0.22969187675070027,0.2621048419367747
0.2432,0.2644,0.2308,0.2616
0.2448,0.264,0.2308,0.2604
0.24449779911964786,0.2653061224489796,0.22969187675070027,0.2605042016806723
0.2452,0.264,0.2304,0.2604
0.2444,0.2632,0.2308,0.2616
0.244,0.264,0.2296,0.2624
0.244,0.2648,0.2284,0.2628
0.2424969987995198,0.2653061224489796,0.22809123649459784,0.26410564225690275
0.2420968387354942,0.2665066026410564,0.2264905962384954,0.264905962384954
0.2428,0.266,0.2272,0.264
0.2432,0.2668,0.2264,0.2636
0.2428,0.2688,0.2272,0.2612
0.242,0.2704,0.2264,0.2612
0.2428,0.27,0.2252,0.262
0.2424,0.2704,0.2252,0.262
0.2444,0.2684,0.2264,0.2608
0.2444,0.2668,0.2276,0.2612
0.2444,0.2684,0.2272,0.26
0.2444,0.2676,0.2284,0.2596
0.2444,0.2676,0.2268,0.2612
0.244,0.268,0.2276,0.2604
0.2456,0.2688,0.2272,0.2584
0.24489795918367346,0.26850740296118447,0.2264905962384954,0.2601040416166467
0.2444,0.2676,0.228,0.26
0.2408,0.2688,0.2296,0.2608
0.24049619847939174,0.2689075630252101,0.22969187675070027,0.2609043617446979
0.2392,0.268,0.2336,0.2592
0.2392,0.2676,0.2332,0.26
0.238,0.268,0.2332,0.2608
0.2392,0.268,0.232,0.2608
0.24,0.2664,0.2324,0.2612
0.2404,0.266,0.2308,0.2628
0.2408,0.2664,0.2308,0.262
0.2392,0.2672,0.2316,0.262
0.2392,0.266,0.2332,0.2616
0.2376,0.2656,0.2348,0.262
0.238,0.2636,0.236,0.2624
0.2365892714171337,0.2634107285828663,0.2365892714171337,0.2634107285828663
0.236,0.2648,0.236,0.2632
0.236,0.2656,0.2368,0.2616
0.2344,0.2656,0.2384,0.2616
0.2348,0.2648,0.2392,0.2612
0.23289315726290516,0.2665066026410564,0.23969587835134054,0.2609043617446979
0.2332,0.2676,0.2384,0.2608
0.2332,0.2684,0.2372,0.2612
0.2332,0.2676,0.2372,0.262
0.2344,0.2656,0.2384,0.2616
0.2344937975190076,0.2665066026410564,0.23969587835134054,0.25930372148859543
0.2332,0.266,0.24,0.2608
0.2328,0.2656,0.2388,0.2628
0.2344,0.2636,0.24,0.262
0.23249299719887956,0.26410564225690275,0.2416966786714686,0.2617046818727491
0.2328,0.2624,0.242,0.2628
0.2336,0.2604,0.2416,0.2644
0.2332,0.2608,0.242,0.264
0.23249299719887956,0.2617046818727491,0.24289715886354543,0.26290516206482595
0.2328,0.2616,0.2404,0.2652
0.2344937975190076,0.2601040416166467,0.24009603841536614,0.2653061224489796
0.2352,0.2604,0.2404,0.264
0.2336,0.2604,0.2388,0.2672
0.2328,0.2596,0.2392,0.2684
0.236,0.2576,0.238,0.2684
0.236,0.2584,0.2392,0.2664
0.2364,0.2588,0.2396,0.2652
0.236,0.2576,0.2404,0.266
0.2352,0.2592,0.2396,0.266
0.2356,0.2572,0.242,0.2652
0.23618895116092875,0.2570056044835869,0.24179343474779824,0.26501200960768617
0.23618895116092875,0.2578062449959968,0.2421937550040032,0.26381104883907125
0.2364,0.2564,0.242,0.2652
0.2392,0.2552,0.2416,0.264
0.2388,0.2532,0.2436,0.2644
0.2392,0.2536,0.2424,0.2648
0.2384953981592637,0.2537014805922369,0.24369747899159663,0.26410564225690275
0.2388,0.2528,0.244,0.2644
0.2396,0.2528,0.2452,0.2624
0.2408,0.2512,0.2452,0.2628
0.2404,0.2516,0.2452,0.2628
0.2384,0.252,0.246,0.2636
0.238,0.2508,0.2464,0.2648
0.23769507803121248,0.2501000400160064,0.24649859943977592,0.2657062825130052
0.23729491796718688,0.2533013205282113,0.2452981192476991,0.26410564225690275
0.2384953981592637,0.25210084033613445,0.24409763905562226,0.2653061224489796
0.2384953981592637,0.25290116046418565,0.2460984393757503,0.26250500200080035
0.2396,0.252,0.2448,0.2636
0.2404,0.2504,0.2436,0.2656
0.2384,0.2516,0.2448,0.2652
0.2376,0.2508,0.2444,0.2672
0.2392,0.25,0.2436,0.2672
0.2396,0.2508,0.2444,0.2652
0.2424,0.25,0.2444,0.2632
0.2409927942353883,0.2502001601281025,0.244595676541233,0.2642113690952762
0.2412,0.2508,0.244,0.264
0.2416,0.2504,0.2448,0.2632
0.2396,0.2504,0.2464,0.2636
0.2388,0.2496,0.2496,0.262
0.2392,0.2484,0.2508,0.2616
0.2384,0.2472,0.2528,0.2616
0.2376,0.248,0.2524,0.262
0.2368,0.2504,0.2504,0.2624
0.2376,0.2488,0.2512,0.2624
0.2388955582232893,0.24809923969587835,0.25170068027210885,0.2613045218087235
0.2384,0.2492,0.2508,0.2616
0.2372,0.2512,0.2504,0.2612
0.238,0.2504,0.2512,0.2604
0.2384953981592637,0.24889955982392958,0.25250100040016005,0.2601040416166467
0.2392,0.248,0.2512,0.2616
0.238,0.2488,0.2552,0.258
0.24,0.2492,0.2528,0.258
0.2388,0.25,0.2536,0.2576
0.2376,0.248,0.2564,0.258
0.2352,0.2476,0.2576,0.2596
0.2344937975190076,0.24769907963185275,0.2581032412965186,0.25970388155262103
0.2332,0.2492,0.2572,0.2604
0.2344,0.2496,0.2572,0.2588
0.2348,0.2508,0.2572,0.2572
0.2344937975190076,0.2501000400160064,0.2585034013605442,0.25690276110444177
0.234,0.2504,0.2592,0.2564
0.2344,0.2508,0.2572,0.2576
0.234,0.2508,0.2564,0.2588
0.2352,0.252,0.2548,0.258
0.2348,0.2516,0.2564,0.2572
0.2324,0.252,0.2576,0.258
0.234,0.252,0.2556,0.2584
0.2344,0.2524,0.2548,0.2584
0.2324,0.2524,0.2552,0.26
0.23378702962369896,0.2534027221777422,0.25500400320256206,0.2578062449959968
0.23249299719887956,0.2537014805922369,0.25570228091236497,0.2581032412965186
0.232,0.2544,0.2556,0.258
0.2324,0.2536,0.2556,0.2584
0.2316,0.254,0.2544,0.26
0.2324,0.2544,0.2536,0.2596
0.2316,0.2564,0.2532,0.2588
0.22987585102122546,0.25710853023628355,0.25470564677613133,0.25830997196635963
0.23,0.258,0.2552,0.2568
0.2308,0.2588,0.2524,0.258
0.23,0.2596,0.252,0.2584
0.2312,0.2596,0.2516,0.2576
0.2292,0.26,0.2536,0.2572
0.2284,0.2612,0.254,0.2564
0.2296,0.2612,0.2556,0.2536
0.22898318654923938,0.2610088070456365,0.2562049639711769,0.25380304243394713
0.2292,0.2616,0.2564,0.2528
0.2292,0.2592,0.2568,0.2548
0.2300920368147259,0.2605042016806723,0.25690276110444177,0.25250100040016005
0.2288,0.26,0.2584,0.2528
0.2312,0.2584,0.2564,0.254
0.234,0.258,0.2548,0.2532
0.2356,0.2592,0.2532,0.252
0.23489395758303322,0.25930372148859543,0.2533013205282113,0.25250100040016005
0.2372,0.2564,0.2528,0.2536
0.23609443777511005,0.25970388155262103,0.25170068027210885,0.25250100040016005
0.2352,0.262,0.2504,0.2524
0.2352,0.2616,0.25,0.2532
0.2356,0.2624,0.2496,0.2524
0.23689475790316125,0.2605042016806723,0.25170068027210885,0.25090036014405764
0.23649459783913565,0.2609043617446979,0.2537014805922369,0.24889955982392958
0.2376,0.2612,0.2516,0.2496
0.2388,0.2576,0.2536,0.25
0.2384,0.2568,0.2552,0.2496
0.24,0.2564,0.2552,0.2484
0.2384,0.256,0.2568,0.2488
0.2392,0.254,0.258,0.2488
0.24009603841536614,0.2537014805922369,0.25730292116846737,0.24889955982392958
0.23689475790316125,0.25690276110444177,0.25690276110444177,0.24929971988795518
0.2368,0.2564,0.256,0.2508
0.2372,0.256,0.256,0.2508
0.2388,0.2556,0.2556,0.25
0.238,0.2572,0.2544,0.2504
0.238,0.2572,0.2544,0.2504
0.2365892714171337,0.2586068855084067,0.255404323458767,0.24939951961569257
0.2368,0.2592,0.2512,0.2528
0.236,0.2596,0.2524,0.252
0.2372,0.2608,0.2504,0.2516
0.236,0.26,0.2504,0.2536
0.23649459783913565,0.25890356142456983,0.25090036014405764,0.2537014805922369
0.2372,0.2592,0.25,0.2536
0.2372,0.2588,0.2504,0.2536
0.24,0.2572,0.25,0.2528
0.2384,0.2568,0.2524,0.2524
0.238,0.2568,0.2508,0.2544
0.23489395758303322,0.2585034013605442,0.25210084033613445,0.2545018007202881
0.23329331732693076,0.2585034013605442,0.25090036014405764,0.25730292116846737
0.2336,0.258,0.2516,0.2568
0.23209283713485393,0.2601040416166467,0.25130052020808324,0.25650260104041617
0.232,0.2616,0.2516,0.2548
0.2308,0.2592,0.252,0.258
0.2324,0.2584,0.2516,0.2576
0.23129251700680273,0.2609043617446979,0.25210084033613445,0.25570228091236497
0.23,0.2612,0.2528,0.256
0.2277822257806245,0.26060848678943155,0.255404323458767,0.2562049639711769
0.2288,0.262,0.2532,0.256
0.2296,0.262,0.2524,0.256
0.22938350680544436,0.2622097678142514,0.2522017614091273,0.2562049639711769
0.2288,0.264,0.2528,0.2544
0.22849139655862344,0.26410564225690275,0.2537014805922369,0.2537014805922369
0.2284,0.2648,0.2524,0.2544
0.2296,0.2636,0.2528,0.254
0.2312,0.2636,0.252,0.2532
0.23298638911128902,0.26461168935148116,0.25060048038430743,0.25180144115292236
0.2336934773909564,0.26410564225690275,0.2501000400160064,0.25210084033613445
0.2364,0.2616,0.2496,0.2524
0.2376,0.2612,0.2488,0.2524
0.2384,0.2616,0.2484,0.2516
0.2384,0.26,0.2484,0.2532
0.238,0.2608,0.2476,0.2536
0.23649459783913565,0.2621048419367747,0.24809923969587835,0.2533013205282113
0.2364,0.264,0.2472,0.2524
0.2368,0.2644,0.2488,0.25
0.2352,0.2656,0.25,0.2492
0.2352,0.2664,0.2508,0.2476
0.23729491796718688,0.2661064425770308,0.2501000400160064,0.24649859943977592
0.2388,0.2648,0.2496,0.2468
0.2416966786714686,0.2613045218087235,0.24969987995198079,0.24729891956782712
0.2432,0.2596,0.2492,0.248
0.2456,0.2576,0.2492,0.2476
0.2456,0.2568,0.2492,0.2484
0.2464,0.256,0.2472,0.2504
0.2456,0.256,0.248,0.2504
0.2464,0.256,0.2484,0.2492
0.2476,0.2556,0.2484,0.2484
0.2472,0.258,0.2472,0.2476
0.24489795918367346,0.25650260104041617,0.24889955982392958,0.24969987995198079
0.244,0.256,0.2496,0.2504
0.2456,0.2548,0.2484,0.2512
0.2444,0.254,0.25,0.2516
0.2436,0.2548,0.2492,0.2524
0.2452,0.2548,0.248,0.252
0.2444,0.2548,0.2468,0.254
0.2456,0.254,0.248,0.2524
0.2452,0.2552,0.2492,0.2504
0.244,0.2556,0.2496,0.2508
0.2444,0.2544,0.25,0.2512
0.24329731892757103,0.2545018007202881,0.2501000400160064,0.25210084033613445
0.246,0.2548,0.2488,0.2504
0.2456,0.2544,0.2496,0.2504
0.2464,0.2532,0.2492,0.2512
0.246,0.2532,0.2508,0.25
0.24729891956782712,0.2549019607843137,0.2501000400160064,0.24769907963185275
0.2488,0.254,0.25,0.2472
0.2484,0.2532,0.2484,0.25
0.2488,0.2524,0.2496,0.2492
0.25,0.2532,0.2476,0.2492
0.2524,0.2528,0.2476,0.2472
0.2516,0.2512,0.2504,0.2468
0.2528,0.2504,0.2504,0.2464
0.2508,0.2512,0.2504,0.2476
0.2492,0.252,0.25,0.2488
0.2496,0.2516,0.25,0.2488
0.2488,0.2512,0.2512,0.2488
0.2484,0.252,0.2516,0.248
0.24739791833466773,0.25260208166533227,0.25260208166533227,0.24739791833466773
0.248,0.2516,0.2544,0.246
0.248,0.252,0.2548,0.2452
0.24859887910328263,0.25180144115292236,0.2546036829463571,0.24499599679743794
0.24849939975990396,0.25210084033613445,0.2549019607843137,0.24449779911964786
0.2484,0.2528,0.2548,0.244
0.2504,0.2532,0.2524,0.244
0.2488,0.2544,0.2532,0.2436
0.2484,0.2532,0.254,0.2444
0.2484,0.2516,0.2536,0.2464
0.2492,0.2512,0.254,0.2456
0.24969987995198079,0.25090036014405764,0.2533013205282113,0.2460984393757503
0.25,0.2516,0.2528,0.2456
0.2501000400160064,0.25170068027210885,0.2549019607843137,0.24329731892757103
0.25,0.2516,0.2532,0.2452
0.2504,0.2508,0.2536,0.2452
0.2501000400160064,0.2501000400160064,0.2549019607843137,0.24489795918367346
0.25,0.2496,0.254,0.2464
0.25130052020808324,0.24689875950380152,0.2533013205282113,0.24849939975990396
0.2512,0.2472,0.252,0.2496
0.2536,0.2472,0.2516,0.2476
0.2524,0.2464,0.2512,0.25
0.2516,0.2456,0.2512,0.2516
0.2528,0.2452,0.2504,0.2516
0.25170068027210885,0.24689875950380152,0.2501000400160064,0.25130052020808324
0.25130052020808324,0.24769907963185275,0.24849939975990396,0.25250100040016005
0.2524,0.2468,0.2476,0.2532
0.2524,0.248,0.2468,0.2528
0.25250100040016005,0.24729891956782712,0.24729891956782712,0.25290116046418565
0.25130052020808324,0.24889955982392958,0.24889955982392958,0.25090036014405764
0.25090036014405764,0.24809923969587835,0.24809923969587835,0.25290116046418565
0.2516,0.2476,0.2504,0.2504
0.2512,0.2468,0.2512,0.2508
0.252,0.248,0.2504,0.2496
0.254,0.2476,0.2508,0.2476
0.25290116046418565,0.24969987995198079,0.250500200080032,0.24689875950380152
0.252,0.25,0.25,0.248
0.2516,0.2508,0.2504,0.2472
0.252,0.2512,0.2496,0.2472
0.2516,0.252,0.2496,0.2468
0.2492,0.2528,0.25,0.248
0.24929971988795518,0.25210084033613445,0.250500200080032,0.24809923969587835
0.2465972778222578,0.2514011208967174,0.2514011208967174,0.25060048038430743
0.24689875950380152,0.25130052020808324,0.25130052020808324,0.250500200080032
0.246,0.2512,0.252,0.2508
0.2464,0.2516,0.2528,0.2492
0.2448,0.2532,0.2548,0.2472
0.244,0.254,0.2552,0.2468
0.24369747899159663,0.25570228091236497,0.2541016406562625,0.24649859943977592
0.2428,0.2556,0.2548,0.2468
0.2428,0.2536,0.2548,0.2488
0.2436,0.2532,0.2536,0.2496
0.244,0.2544,0.252,0.2496
0.24329731892757103,0.2545018007202881,0.25250100040016005,0.24969987995198079
0.2432,0.2544,0.2532,0.2492
0.2448,0.2548,0.2528,0.2476
0.2468,0.2524,0.252,0.2488
0.2468,0.2548,0.2512,0.2472
0.2464,0.2556,0.2508,0.2472
0.24809923969587835,0.2549019607843137,0.24929971988795518,0.24769907963185275
0.2492,0.2568,0.2472,0.2468
0.2492,0.2544,0.2484,0.248
0.2476,0.2568,0.2476,0.248
0.2488,0.2548,0.2488,0.2476
0.2476,0.2552,0.2476,0.2496
0.2476,0.2568,0.248,0.2476
0.24849939975990396,0.2545018007202881,0.24769907963185275,0.24929971988795518
0.2492,0.2532,0.2464,0.2512
0.2496,0.2524,0.2468,0.2512
0.2492,0.252,0.2464,0.2524
0.2496,0.2528,0.2444,0.2532
0.2512,0.25,0.2448,0.254
0.2508,0.2512,0.2452,0.2528
0.2504,0.252,0.244,0.2536
0.2488,0.2524,0.2436,0.2552
0.2464,0.252,0.2456,0.256
0.2456,0.2508,0.2472,0.2564
0.24289715886354543,0.25090036014405764,0.24809923969587835,0.2581032412965186
0.2428,0.2532,0.2476,0.2564
0.2448,0.2544,0.2456,0.2552
0.2456,0.2552,0.246,0.2532
0.2452981192476991,0.2549019607843137,0.24649859943977592,0.2533013205282113
0.2448,0.2552,0.2472,0.2528
0.2444,0.2548,0.248,0.2528
0.2448,0.2548,0.248,0.2524
0.2456,0.2552,0.2492,0.25
0.2468,0.2556,0.2476,0.25
0.2456,0.254,0.2492,0.2512
0.2452,0.254,0.2508,0.25
0.2468,0.2536,0.2496,0.25
0.246,0.2536,0.25,0.2504
0.2468,0.2544,0.2492,0.2496
0.24489795918367346,0.2553021208483393,0.250500200080032,0.24929971988795518
0.2456,0.2548,0.2484,0.2512
0.2504,0.2532,0.2464,0.25
0.2504,0.2524,0.2464,0.2508
0.24969987995198079,0.2533013205282113,0.2452981192476991,0.25170068027210885
0.2492,0.2536,0.2452,0.252
0.2512,0.2528,0.2452,0.2508
0.2516,0.252,0.2444,0.252
0.2532,0.2516,0.244,0.2512
0.25170068027210885,0.25290116046418565,0.24369747899159663,0.25170068027210885
0.250500200080032,0.25170068027210885,0.24489795918367346,0.25290116046418565
0.2492,0.2524,0.2452,0.2532
0.24889955982392958,0.25210084033613445,0.2452981192476991,0.2537014805922369
0.2468,0.2528,0.2468,0.2536
0.2460984393757503,0.2533013205282113,0.24729891956782712,0.2533013205282113
0.2444,0.2536,0.2468,0.2552
0.2448,0.2528,0.246,0.2564
0.2444,0.2532,0.246,0.2564
0.2436,0.2548,0.246,0.2556
0.2424,0.2572,0.2444,0.256
0.2424,0.2556,0.2448,0.2572
0.2404,0.2552,0.2468,0.2576
0.2408,0.256,0.2456,0.2576
0.2416,0.2564,0.244,0.258
0.2424,0.2568,0.2424,0.2584
0.2408,0.258,0.242,0.2592
0.2412,0.2576,0.2404,0.2608
0.2428,0.2568,0.2404,0.26
0.2416,0.2564,0.2396,0.2624
0.2404,0.2548,0.2408,0.264
0.2404,0.2536,0.2396,0.2664
0.2404,0.2528,0.2392,0.2676
0.2404,0.2544,0.238,0.2672
0.2396,0.2564,0.2368,0.2672
0.2392,0.2564,0.2388,0.2656
0.236,0.2584,0.24,0.2656
0.2368,0.2584,0.24,0.2648
0.2372,0.2588,0.24,0.264
0.2364,0.2596,0.2392,0.2648
0.236,0.2588,0.2388,0.2664
0.2392,0.2564,0.2376,0.2668
0.2368,0.2572,0.2384,0.2676
0.2384,0.2568,0.236,0.2688
0.24,0.2564,0.236,0.2676
0.24,0.2572,0.2364,0.2664
0.2388955582232893,0.25730292116846737,0.23609443777511005,0.26770708283313327
0.2392957182873149,0.25690276110444177,0.23569427771108442,0.26810724289715887
0.24009603841536614,0.25690276110444177,0.23649459783913565,0.2665066026410564
0.2396,0.2568,0.2364,0.2672
0.2416,0.2548,0.2372,0.2664
0.2416,0.2548,0.238,0.2656
0.2396,0.2536,0.2392,0.2676
0.2396,0.2524,0.2396,0.2684
0.2376,0.2536,0.2392,0.2696
0.2364,0.2544,0.2388,0.2704
0.23649459783913565,0.25170068027210885,0.23969587835134054,0.272108843537415
0.23609443777511005,0.24969987995198079,0.24049619847939174,0.2737094837935174
0.2356,0.25,0.2408,0.2736
0.236,0.2504,0.2392,0.2744
0.2356,0.252,0.2384,0.274
0.2368,0.2508,0.238,0.2744
0.23529411764705882,0.250500200080032,0.23809523809523808,0.27611044417767105
0.2348,0.2504,0.2392,0.2756
0.2368,0.2484,0.2392,0.2756
0.2352,0.2516,0.2396,0.2736
0.23529411764705882,0.25210084033613445,0.24129651860744297,0.27130852340936373
0.2348,0.2532,0.2432,0.2688
0.2332,0.254,0.2428,0.27
0.2336,0.2552,0.2424,0.2688
0.2348,0.2552,0.242,0.268
0.2348,0.2544,0.2432,0.2676
0.2336,0.256,0.2416,0.2688
0.2324,0.2572,0.2408,0.2696
0.2316,0.2564,0.242,0.27
0.2328,0.2552,0.242,0.27
0.2328,0.2552,0.2416,0.2704
0.23489395758303322,0.2553021208483393,0.24009603841536614,0.26970788315326133
0.23508209851822187,0.2563075690828995,0.23748498197837406,0.2711253504205046
0.2352,0.254,0.238,0.2728
0.233386709367494,0.25500400320256206,0.23819055244195356,0.2734187349879904
0.2348,0.2552,0.2368,0.2732
0.2352,0.2568,0.2364,0.2716
0.2352,0.2576,0.236,0.2712
0.2344,0.2576,0.2372,0.2708
0.2348,0.2592,0.2372,0.2688
0.2352,0.2576,0.2388,0.2684
0.23569427771108442,0.25570228091236497,0.2392957182873149,0.2693077230892357
0.2344937975190076,0.2545018007202881,0.24009603841536614,0.27090836334533813
0.234,0.2548,0.2396,0.2716
0.2336,0.2552,0.2392,0.272
0.2348,0.2556,0.2388,0.2708
0.234,0.2552,0.2396,0.2712
0.234,0.2552,0.24,0.2708
0.2336,0.2556,0.2416,0.2692
0.2348,0.2552,0.2412,0.2688
0.2356,0.2532,0.2428,0.2684
0.2348,0.254,0.2424,0.2688
0.23289315726290516,0.25570228091236497,0.2420968387354942,0.2693077230892357
0.2312,0.256,0.242,0.2708
0.2308,0.2568,0.2408,0.2716
0.2308,0.2564,0.238,0.2748
0.232,0.2548,0.2396,0.2736
0.2344937975190076,0.25170068027210885,0.23769507803121248,0.27611044417767105
0.2356,0.2508,0.2396,0.274
0.23609443777511005,0.25130052020808324,0.2384953981592637,0.274109643857543
0.23649459783913565,0.25130052020808324,0.2392957182873149,0.2729091636654662
0.2352,0.25,0.24,0.2748
0.2352,0.2488,0.2408,0.2752
0.2384,0.2456,0.2408,0.2752
0.2384,0.2456,0.2416,0.2744
0.2396,0.246,0.2428,0.2716
0.2404,0.246,0.2416,0.272
0.24049619847939174,0.24649859943977592,0.24489795918367346,0.26810724289715887
0.24,0.2484,0.2436,0.268
0.2388,0.2488,0.2432,0.2692
0.2388,0.2488,0.244,0.2684
0.2384,0.25,0.244,0.2676
0.2376,0.2488,0.244,0.2696
0.24,0.2476,0.2436,0.2688
0.24009603841536614,0.24729891956782712,0.24409763905562226,0.26850740296118447
0.2416,0.2444,0.2448,0.2692
0.24049619847939174,0.24729891956782712,0.24409763905562226,0.26810724289715887
0.2404,0.2488,0.2424,0.2684
0.2412,0.2496,0.242,0.2672
0.2412,0.2508,0.2412,0.2668
0.24,0.2492,0.2424,0.2684
0.2388,0.2492,0.2432,0.2688
0.2392,0.25,0.2428,0.268
0.2384953981592637,0.25130052020808324,0.2420968387354942,0.26810724289715887
0.2404,0.2516,0.2408,0.2672
0.2376,0.2532,0.2404,0.2688
0.238,0.2544,0.2396,0.268
0.2392,0.2548,0.2388,0.2672
0.242,0.2532,0.2376,0.2672
0.242,0.2536,0.2376,0.2668
0.2416966786714686,0.2537014805922369,0.23769507803121248,0.266906762705082
0.2424969987995198,0.25130052020808324,0.23969587835134054,0.2665066026410564
0.2424,0.2504,0.2396,0.2676
0.2424,0.2504,0.2396,0.2676
0.244,0.248,0.2416,0.2664
0.2412,0.2516,0.2424,0.2648
0.242,0.25,0.2448,0.2632
0.24409763905562226,0.25090036014405764,0.24369747899159663,0.2613045218087235
0.2452981192476991,0.25170068027210885,0.2424969987995198,0.2605042016806723
0.2452,0.2516,0.2436,0.2596
0.2444,0.2544,0.2428,0.2584
0.2436,0.254,0.244,0.2584
0.2416,0.252,0.2472,0.2592
0.242,0.25,0.2476,0.2604
0.2428,0.2488,0.2472,0.2612
0.242,0.2504,0.246,0.2616
0.2412,0.25,0.2468,0.262
0.2404,0.2512,0.2472,0.2612
0.2412,0.2504,0.2464,0.262
0.2428,0.248,0.2468,0.2624
0.2436,0.2476,0.246,0.2628
0.2432,0.2496,0.2452,0.262
0.2428,0.2496,0.2444,0.2632
0.2408,0.252,0.2444,0.2628
0.2432,0.25,0.2428,0.264
0.244,0.2496,0.2436,0.2628
0.24449779911964786,0.24889955982392958,0.2424969987995198,0.26410564225690275
0.242,0.2504,0.244,0.2636
0.2436,0.2464,0.2448,0.2652
0.2452,0.246,0.2448,0.264
0.2464,0.2472,0.2444,0.262
0.2488,0.246,0.242,0.2632
0.2484,0.2456,0.2428,0.2632
0.2484,0.2456,0.2424,0.2636
0.2492,0.2452,0.2416,0.264
0.2476,0.2456,0.2424,0.2644
0.2484,0.246,0.2416,0.264
0.2472,0.2456,0.2412,0.266
0.2492,0.2456,0.2388,0.2664
0.24889955982392958,0.2460984393757503,0.23969587835134054,0.2653061224489796
0.2472,0.2452,0.2408,0.2668
0.2464,0.2448,0.2408,0.268
0.246,0.2452,0.2404,0.2684
0.2468,0.2464,0.2404,0.2664
0.246,0.2456,0.2408,0.2676
0.2456,0.2464,0.2408,0.2672
0.2464,0.246,0.2412,0.2664
0.2448,0.246,0.2408,0.2684
0.24499599679743794,0.24699759807846278,0.24139311449159329,0.266613290632506
0.24769907963185275,0.2460984393757503,0.2392957182873149,0.266906762705082
0.248,0.2448,0.2388,0.2684
0.2488,0.2456,0.2392,0.2664
0.248,0.2436,0.2396,0.2688
0.25,0.2436,0.2392,0.2672
0.2496,0.2424,0.24,0.268
0.2504,0.2412,0.2388,0.2696
0.2516,0.2408,0.2376,0.27
0.2512,0.2416,0.238,0.2692
0.2484,0.244,0.2368,0.2708
0.2472,0.2452,0.2376,0.27
0.2488,0.244,0.2356,0.2716
0.2484,0.2444,0.2356,0.2716
0.248,0.2448,0.2368,0.2704
0.24889955982392958,0.2452981192476991,0.23489395758303322,0.27090836334533813
0.24929971988795518,0.24369747899159663,0.23489395758303322,0.272108843537415
0.248,0.2432,0.2368,0.272
0.2472,0.2432,0.238,0.2716
0.246,0.2436,0.2396,0.2708
0.2452981192476991,0.2420968387354942,0.24129651860744297,0.27130852340936373
0.2452,0.2412,0.2436,0.27
0.2484,0.238,0.2444,0.2692
0.2484,0.238,0.2436,0.27
0.2484,0.2376,0.2432,0.2708
0.2476,0.2392,0.2448,0.2684
0.2476,0.2392,0.2456,0.2676
0.248,0.2404,0.2464,0.2652
0.2476,0.24,0.2472,0.2652
0.2484,0.2384,0.2476,0.2656
0.2472,0.2384,0.2472,0.2672
0.2472,0.2384,0.2464,0.268
0.2464,0.2388,0.2476,0.2672
0.2464,0.24,0.2492,0.2644
0.2464,0.2396,0.2488,0.2652
0.246,0.2396,0.2504,0.264
0.2456,0.2388,0.2508,0.2648
0.2452,0.2384,0.2512,0.2652
0.2436,0.2392,0.2512,0.266
0.2424969987995198,0.23809523809523808,0.25290116046418565,0.2665066026410564
0.242,0.2368,0.2536,0.2676
0.2404,0.2376,0.2532,0.2688
0.2412,0.2364,0.2548,0.2676
0.2392,0.2384,0.2544,0.268
0.2388955582232893,0.23809523809523808,0.2545018007202881,0.26850740296118447
0.24,0.2392,0.254,0.2668
0.2392,0.2396,0.2548,0.2664
0.2368,0.2404,0.2568,0.266
0.2368,0.24,0.256,0.2672
0.234,0.2412,0.2584,0.2664
0.2332,0.2436,0.258,0.2652
0.2352,0.2448,0.2568,0.2632
0.2364,0.244,0.258,0.2616
0.2368,0.244,0.2568,0.2624
0.2372,0.2432,0.2588,0.2608
0.2372,0.2432,0.2588,0.2608
0.23569427771108442,0.24409763905562226,0.2585034013605442,0.2617046818727491
0.238,0.2416,0.2564,0.264
0.2376,0.2428,0.254,0.2656
0.2368,0.2428,0.254,0.2664
0.236,0.2416,0.2544,0.268
0.238,0.2416,0.2524,0.268
0.238,0.2424,0.2532,0.2664
0.2384953981592637,0.24289715886354543,0.25210084033613445,0.2665066026410564
0.2396,0.2448,0.2492,0.2664
0.2392,0.246,0.2492,0.2656
0.23969587835134054,0.24649859943977592,0.24889955982392958,0.264905962384954
0.2401921537229784,0.24579663730984788,0.2502001601281025,0.26381104883907125
0.2412,0.2468,0.248,0.264
0.2404,0.2488,0.2468,0.264
0.2388,0.2492,0.2492,0.2628
0.238,0.2504,0.2496,0.262
0.238,0.25,0.2492,0.2628
0.2396,0.2488,0.2496,0.262
0.2404,0.2492,0.2464,0.264
0.24089635854341737,0.250500200080032,0.24409763905562226,0.26450580232092835
0.24059247397918335,0.24979983987189752,0.2433947157726181,0.26621297037630104
0.2412,0.2512,0.2436,0.264
0.242,0.2516,0.2432,0.2632
0.2424,0.2508,0.2432,0.2636
0.2424,0.2504,0.2412,0.266
0.2444,0.2488,0.2412,0.2656
0.2456,0.2484,0.2412,0.2648
0.2436,0.2492,0.2408,0.2664
0.2448,0.2476,0.2432,0.2644
0.2444,0.2468,0.2432,0.2656
0.2444,0.2464,0.2428,0.2664
0.2448,0.246,0.2432,0.266
0.246,0.2452,0.2436,0.2652
0.2452,0.246,0.2436,0.2652
0.2456,0.2472,0.244,0.2632
0.246,0.2488,0.2432,0.262
0.2468,0.25,0.244,0.2592
0.2460984393757503,0.25130052020808324,0.2456982793117247,0.25690276110444177
0.246,0.2524,0.2456,0.256
0.2472,0.2516,0.2464,0.2548
0.2456,0.254,0.2464,0.254
0.2476,0.2532,0.2452,0.254
0.2504,0.2528,0.2464,0.2504
0.2492,0.254,0.2464,0.2504
0.2484,0.2536,0.2484,0.2496
0.2476,0.2544,0.248,0.25
0.2456,0.2548,0.2492,0.2504
0.2452,0.2548,0.2488,0.2512
0.2444,0.2544,0.2484,0.2528
0.2452,0.2544,0.2496,0.2508
0.244,0.254,0.2492,0.2528
0.2432,0.2564,0.25,0.2504
0.2436,0.258,0.248,0.2504
0.2436,0.2592,0.2472,0.25
0.24449779911964786,0.2609043617446979,0.24689875950380152,0.24769907963185275
0.24489795918367346,0.2613045218087235,0.24769907963185275,0.2460984393757503
0.2444,0.2636,0.2472,0.2448
0.2444,0.2636,0.248,0.244
0.2428,0.262,0.2504,0.2448
0.2420968387354942,0.26250500200080035,0.2501000400160064,0.2452981192476991
0.242,0.2628,0.25,0.2452
0.2416,0.262,0.2508,0.2456
0.2432,0.26,0.2512,0.2456
0.244,0.2592,0.2504,0.2464
0.242,0.2608,0.2508,0.2464
0.2432,0.2612,0.25,0.2456
0.2424,0.2648,0.25,0.2428
0.2416,0.2632,0.2528,0.2424
0.2428,0.262,0.2532,0.242
0.24329731892757103,0.2617046818727491,0.2533013205282113,0.2416966786714686
0.2444,0.2616,0.2528,0.2412
0.2452,0.2604,0.252,0.2424
0.2452,0.2588,0.2548,0.2412
0.2456,0.26,0.2536,0.2408
0.2428,0.2596,0.2552,0.2424
0.2432,0.2588,0.256,0.242
0.2424,0.2588,0.2576,0.2412
0.2412,0.2576,0.2592,0.242
0.2416,0.2564,0.2588,0.2432
0.24,0.2572,0.2596,0.2432
0.2408,0.2572,0.2596,0.2424
0.2424,0.2564,0.2596,0.2416
0.2412,0.2564,0.2596,0.2428
0.2424,0.2584,0.2592,0.24
0.2412,0.258,0.26,0.2408
0.2416,0.256,0.262,0.2404
0.24289715886354543,0.2553021208483393,0.2621048419367747,0.23969587835134054
0.2424,0.254,0.2648,0.2388
0.2424,0.2524,0.2644,0.2408
0.24129651860744297,0.25250100040016005,0.26410564225690275,0.2420968387354942
0.2388955582232893,0.2537014805922369,0.26410564225690275,0.24329731892757103
0.238,0.2536,0.2644,0.244
0.238,0.2548,0.2644,0.2428
0.2384,0.2556,0.2648,0.2412
0.24,0.2552,0.2652,0.2396
0.2404,0.256,0.2636,0.24
0.2404,0.2544,0.264,0.2412
0.2409927942353883,0.255404323458767,0.2622097678142514,0.24139311449159329
0.2416966786714686,0.2541016406562625,0.26450580232092835,0.23969587835134054
0.2416,0.2544,0.2672,0.2368
0.2408,0.2532,0.2672,0.2388
0.2404,0.2532,0.2688,0.2376
0.238,0.2548,0.2676,0.2396
0.2356,0.2544,0.2696,0.2404
0.2372,0.2532,0.2696,0.24
0.2388,0.2516,0.2684,0.2412
0.2392,0.2536,0.2668,0.2404
0.24129651860744297,0.2533013205282113,0.266906762705082,0.2384953981592637
0.2404,0.2532,0.2676,0.2388
0.2396,0.2544,0.266,0.24
0.2392957182873149,0.2545018007202881,0.2661064425770308,0.24009603841536614
0.2382859431317581,0.2551061273528234,0.26631958350020024,0.24028834601521826
0.24049619847939174,0.2537014805922369,0.264905962384954,0.24089635854341737
0.24,0.254,0.2628,0.2432
0.2388955582232893,0.2549019607843137,0.26290516206482595,0.24329731892757103
0.23969587835134054,0.2553021208483393,0.26290516206482595,0.2420968387354942
0.23969587835134054,0.25570228091236497,0.2617046818727491,0.24289715886354543
0.2408,0.256,0.2596,0.2436
0.2424,0.2552,0.258,0.2444
0.242,0.2552,0.2588,0.244
0.2428,0.2532,0.2588,0.2452
0.242,0.2528,0.2604,0.2448
0.2416,0.252,0.2616,0.2448
0.2396,0.2524,0.2636,0.2444
0.2408,0.2504,0.2612,0.2476
0.23969587835134054,0.25170068027210885,0.2617046818727491,0.24689875950380152
0.2408,0.2516,0.2616,0.246
0.2404,0.2508,0.2624,0.2464
0.2396,0.2492,0.2636,0.2476
0.2392957182873149,0.24889955982392958,0.26370548219287715,0.24809923969587835
0.24049619847939174,0.25130052020808324,0.2621048419367747,0.2460984393757503
0.2408,0.2504,0.262,0.2468
0.2388,0.2528,0.2624,0.246
0.2408,0.2528,0.2608,0.2456
0.2384,0.2536,0.2628,0.2452
0.2384,0.2532,0.264,0.2444
0.24,0.2532,0.2616,0.2452
