R,A,S,N
0.0,0.0,0.0,1.0
0.0,0.0,0.3333333333333333,0.6666666666666666
0.0,0.0,0.3333333333333333,0.6666666666666666
0.0,0.047619047619047616,0.2857142857142857,0.6666666666666666
0.0,0.05714285714285714,0.2857142857142857,0.6571428571428571
0.0,0.08333333333333333,0.2916666666666667,0.625
0.014705882352941176,0.08823529411764706,0.2647058823529412,0.6323529411764706
0.03125,0.10416666666666667,0.25,0.6145833333333334
0.041666666666666664,0.1,0.24166666666666667,0.6166666666666667
0.04487179487179487,0.09615384615384616,0.23717948717948717,0.6217948717948718
0.07655502392344497,0.10526315789473684,0.22966507177033493,0.5885167464114832
0.10266159695817491,0.09505703422053231,0.22813688212927757,0.5741444866920152
0.10946745562130178,0.11538461538461539,0.21597633136094674,0.5591715976331361
0.12106537530266344,0.1162227602905569,0.22276029055690072,0.5399515738498789
0.12981744421906694,0.1257606490872211,0.2150101419878296,0.5294117647058824
0.12013536379018612,0.14382402707275804,0.22673434856175972,0.5093062605752962
0.1282420749279539,0.15129682997118155,0.22910662824207492,0.49135446685878964
0.14017521902377972,0.15769712140175218,0.2227784730913642,0.4793491864831039
0.15081967213114755,0.17923497267759564,0.20765027322404372,0.46229508196721314
0.1534795042897998,0.19065776930409914,0.20877025738798857,0.4470924690181125
0.1676595744680851,0.2,0.1974468085106383,0.4348936170212766
0.16195569136745608,0.21008403361344538,0.1917494270435447,0.4362108479755539
0.16296809986130376,0.21220527045769763,0.19764216366158113,0.42718446601941745
0.16803020767778476,0.21900566393958465,0.18439269981120202,0.42857142857142855
0.16955223880597015,0.21671641791044777,0.17791044776119402,0.43582089552238806
0.17336268574573474,0.22344523940561364,0.17501375894331314,0.42817831590533845
0.1794344473007712,0.22159383033419022,0.16966580976863754,0.42930591259640105
0.1801980198019802,0.22920792079207922,0.17277227722772276,0.4178217821782178
0.18400770712909442,0.23554913294797689,0.16522157996146436,0.41522157996146436
0.1801505174035748,0.23518344308560676,0.16509877704609596,0.4195672624647225
0.18543956043956045,0.23946886446886448,0.163003663003663,0.41208791208791207
0.18330308529945555,0.24863883847549909,0.1542649727767695,0.41379310344827586
0.18710550045085664,0.24436429215509467,0.1496844003606853,0.4188458070333634
0.18937025457793658,0.24966502903081733,0.15364001786511836,0.40732469852612774
0.19128113879003558,0.2531138790035587,0.1512455516014235,0.4043594306049822
0.19268077601410935,0.25308641975308643,0.15476190476190477,0.3994708994708995
0.19410211267605634,0.2517605633802817,0.15272887323943662,0.4014084507042254
0.19251101321585903,0.25242290748898677,0.1590308370044053,0.3960352422907489
0.19465146865409907,0.24638316527838666,0.15212626041209995,0.4068391056554143
0.1920704845814978,0.2497797356828194,0.1524229074889868,0.405726872246696
0.19514348785871966,0.24812362030905077,0.1509933774834437,0.40573951434878586
0.2002652519893899,0.2519893899204244,0.14898320070733864,0.39876215738284704
0.2007042253521127,0.25440140845070425,0.14656690140845072,0.3983274647887324
0.20203810367744793,0.2516614975631369,0.14089499335400973,0.40540540540540543
0.20202464788732394,0.25044014084507044,0.1386443661971831,0.40889084507042256
0.20645446507515472,0.2515473032714412,0.13660477453580902,0.40539345711759506
0.2053415061295972,0.2504378283712785,0.13353765323992994,0.4106830122591944
0.2103645147123408,0.2551602986385595,0.13570487483530963,0.3987703118137901
0.20422535211267606,0.2517605633802817,0.1329225352112676,0.4110915492957746
0.20255957634598412,0.24933804060017653,0.13636363636363635,0.411738746690203
0.21031569586482882,0.24588706091596266,0.13739439751000446,0.4064028457092041
0.21721677074041035,0.24710080285459413,0.13737734165923282,0.3983050847457627
0.2222709338009645,0.2529592284085927,0.13064445418676018,0.3941253836036826
0.22157824342398574,0.25234061524743645,0.13107445385644226,0.3950066874721355
0.22105263157894736,0.2530701754385965,0.12763157894736843,0.39824561403508774
0.21977052074139453,0.25684024713150927,0.12753751103265668,0.39585172109443956
0.21939447125932426,0.25537516454585346,0.12812637121544537,0.39710399297937693
0.2163716814159292,0.2570796460176991,0.12168141592920353,0.40486725663716816
0.21771378708551484,0.25959860383944156,0.12390924956369982,0.3987783595113438
0.22295514511873352,0.2590149516270888,0.12445030782761654,0.3935795954265611
0.21714285714285714,0.2589010989010989,0.1221978021978022,0.40175824175824176
0.2218791354212616,0.2562858403176004,0.1239523599470666,0.39788266431407143
0.2234931808183018,0.25692916849978004,0.12010558732952045,0.3994720633523977
0.2222709338009645,0.2604120999561596,0.1188075405523893,0.39850942569048664
0.22777047744196233,0.26412614980289095,0.11257117827420061,0.3955321944809461
0.23184601924759404,0.2642169728783902,0.1137357830271216,0.3902012248468941
0.23117803365810452,0.26350752878653677,0.11381753764393268,0.39149689991142606
0.23547671840354767,0.2634146341463415,0.11042128603104213,0.39068736141906873
0.22972972972972974,0.2654751525719268,0.11115954664341761,0.3936355710549259
0.22843309859154928,0.2671654929577465,0.11355633802816902,0.3908450704225352
0.23343571741992103,0.2676612549363756,0.11145239139973673,0.38745063624396664
0.23511248345831495,0.2695191883546537,0.10895456550507278,0.38641376268195854
0.2369916921731526,0.26628771316134675,0.11062527328377787,0.38609532138172276
0.23918799646954986,0.26831421006178285,0.1059135039717564,0.38658428949691087
0.2403888643393725,0.2664604507291206,0.10517012814847547,0.3879805567830314
0.2405452946350044,0.26649076517150394,0.10510114335971855,0.38786279683377306
0.2409532215357458,0.26610767872903796,0.10503089143865843,0.3879082082965578
0.24736379613356765,0.2618629173989455,0.09885764499121265,0.39191564147627417
0.2466171977302488,0.26058489742470536,0.10082933216935835,0.39196857267568747
0.24501550731058927,0.2658396101019052,0.09880372175454143,0.3903411608329641
0.24955197132616488,0.2638888888888889,0.09767025089605735,0.3888888888888889
0.2472308373947718,0.26451041205139564,0.0979175897208684,0.3903411608329641
0.24396665204036858,0.26546731022378234,0.10223782360684511,0.3883282141290039
0.24791940429259746,0.26631625054752517,0.1029347349978099,0.38282961016206746
0.2520971302428256,0.2693156732891832,0.1011037527593819,0.37748344370860926
0.2511032656663725,0.264783759929391,0.1001765225066196,0.38393645189761694
0.2548415492957746,0.2649647887323944,0.09859154929577464,0.3816021126760563
0.2478031634446397,0.2688927943760984,0.09578207381370826,0.3875219683655536
0.2497793468667255,0.26081200353045014,0.09752868490732568,0.3918799646954987
0.25208974923009236,0.2551693796744391,0.1007479102507699,0.39199296084469865
0.25549692172383465,0.2519788918205805,0.09850483729111698,0.3940193491644679
0.25298013245033113,0.2560706401766004,0.09757174392935983,0.3933774834437086
0.2601054481546573,0.2570298769771529,0.09885764499121265,0.38400702987697716
0.2575558475689882,0.2558037669732808,0.1011826544021025,0.3854577310556286
0.2639683238011439,0.25384953805543337,0.09898812142542895,0.38319401671799386
0.2611184500220167,0.25935711140466755,0.0977542932628798,0.3817701453104359
0.2621359223300971,0.2594880847308032,0.1001765225066196,0.37819947043248014
0.26436781609195403,0.2625994694960212,0.09637488947833775,0.376657824933687
0.26625927542557837,0.2645133129637713,0.09602793539938892,0.3731994762112615
0.2601410934744268,0.2654320987654321,0.09700176366843033,0.37742504409171074
0.2612137203166227,0.2678100263852243,0.09146877748460862,0.37950747581354444
0.2715724923346474,0.266754270696452,0.09110819097678494,0.37056504599211565
0.2709620476610768,0.26654898499558694,0.09576345984112974,0.3667255075022065
0.2704126426690079,0.2589991220368745,0.0961369622475856,0.37445127304653203
0.26906028368794327,0.26595744680851063,0.09530141843971632,0.3696808510638298
0.2676118741692512,0.2680549401860877,0.09304386353566682,0.37128932210899424
0.26595744680851063,0.2712765957446808,0.09264184397163121,0.3701241134751773
0.26907630522088355,0.26907630522088355,0.09058456046407853,0.3712628290941544
0.2752212389380531,0.2606194690265487,0.09115044247787611,0.3730088495575221
0.2800528401585205,0.2619991193306913,0.09423161602818142,0.36371642448260677
0.28193832599118945,0.25903083700440527,0.09295154185022027,0.366079295154185
0.28835978835978837,0.2605820105820106,0.09126984126984126,0.35978835978835977
0.2826183104820876,0.25961963732861565,0.09199469261388767,0.3657673595754091
0.2828193832599119,0.2581497797356828,0.0920704845814978,0.3669603524229075
0.2806167400881057,0.26343612334801764,0.09030837004405286,0.3656387665198238
0.2828282828282828,0.2648221343873518,0.09266578831796222,0.35968379446640314
0.2857142857142857,0.25970017636684306,0.09435626102292768,0.3602292768959436
0.28965819456617004,0.2598597721297108,0.09333917616126206,0.35714285714285715
0.2894158981115503,0.25735617039964864,0.09442248572683355,0.3588054457619675
0.2968136185072021,0.2527280663465735,0.09384548232213008,0.3566128328240943
0.2982766239505082,0.2558550596553248,0.09368095448519664,0.3521873619089704
0.3004405286343612,0.2563876651982379,0.09251101321585903,0.35066079295154184
0.30065645514223194,0.2551422319474836,0.09190371991247265,0.3522975929978118
0.2992988606485539,0.24890446976336547,0.09202453987730061,0.35977212971078004
0.29982517482517484,0.2534965034965035,0.08784965034965035,0.35882867132867136
0.30605926581158777,0.2529854046881911,0.08889871738168952,0.3520566121185316
0.30124223602484473,0.24889086069210292,0.08606921029281278,0.36379769299023956
0.3043859649122807,0.25,0.08640350877192983,0.3592105263157895
0.3123625164980202,0.24901011878574572,0.0818301803783546,0.35679718433787944
0.31304728546409805,0.2530647985989492,0.08056042031523643,0.3533274956217163
0.3152077807250221,0.2497789566755084,0.07957559681697612,0.35543766578249336
0.31567328918322296,0.25121412803532006,0.0772626931567329,0.3558498896247241
0.32051282051282054,0.25287356321839083,0.07648099027409372,0.35013262599469497
0.32145998240985046,0.2423043095866315,0.08619173262972735,0.3500439753737907
0.31922398589065254,0.24559082892416226,0.082010582010582,0.3531746031746032
0.3183222958057395,0.24812362030905077,0.07682119205298013,0.35673289183222956
0.3296557811120918,0.2418358340688438,0.07325684024713151,0.3552515445719329
0.33096716947648624,0.23558118899733807,0.06965394853593611,0.36379769299023956
0.32682926829268294,0.23503325942350334,0.07405764966740576,0.364079822616408
0.33377425044091713,0.23236331569664903,0.07407407407407407,0.35978835978835977
0.32981065609863497,0.23910171730515192,0.07441655658300309,0.35667107001321
0.33644030181979584,0.22947181535730138,0.0754549489569463,0.3586329338659565
0.336115992970123,0.22715289982425307,0.07117750439367311,0.3655536028119508
0.33158125273762595,0.2290845378887429,0.07139728427507665,0.3679369250985545
0.3345132743362832,0.22699115044247786,0.07345132743362832,0.36504424778761063
0.3290748898678414,0.22599118942731278,0.0762114537444934,0.36872246696035244
0.3240174672489083,0.2240174672489083,0.07467248908296943,0.377292576419214
0.31907308377896615,0.23128342245989306,0.07575757575757576,0.3738859180035651
0.3277310924369748,0.22910216718266255,0.07474568774878372,0.3684210526315789
0.33407374500222126,0.22478898267436695,0.07552199022656597,0.36561528209684585
0.3339230429013711,0.226890756302521,0.0734188412206988,0.3657673595754091
0.3408888888888889,0.22044444444444444,0.07377777777777778,0.3648888888888889
0.34396853146853146,0.21547202797202797,0.0729895104895105,0.36756993006993005
0.343791427308882,0.22580645161290322,0.07247017233760494,0.3579319487406098
0.3424416042309387,0.22212428382547378,0.07227853680035258,0.36315557514323493
0.33919929608446986,0.22481302243730752,0.07259128904531456,0.36339639243290806
0.3343612334801762,0.226431718061674,0.07488986784140969,0.36431718061674007
0.33951434878587194,0.22119205298013245,0.07505518763796909,0.36423841059602646
0.3471915081822203,0.22025652366209642,0.0729765590446705,0.3595754091110128
0.3438735177865613,0.22397891963109354,0.07465963987703118,0.357487922705314
0.34137779727950857,0.22378236068451074,0.07459412022817025,0.36024572180781045
0.33930131004366815,0.22183406113537119,0.07117903930131005,0.36768558951965064
0.3382997370727432,0.22480280455740578,0.07230499561787905,0.36459246275197194
0.33436259373621524,0.22496691662990737,0.07101896779885311,0.36965152183502425
0.3389084507042254,0.2266725352112676,0.07394366197183098,0.36047535211267606
0.3467314487632509,0.22835689045936397,0.071113074204947,0.3537985865724382
0.3476733977172959,0.22300263388937663,0.07199297629499561,0.35733099209833186
0.3573667711598746,0.22122704881325572,0.06717420510523958,0.3542319749216301
0.36211453744493394,0.2251101321585903,0.06784140969162995,0.3449339207048458
0.35998233215547704,0.22791519434628976,0.06978798586572438,0.3423144876325088
0.36271036315323296,0.22807794508414525,0.0704162976085031,0.3387953941541187
0.36779586449626045,0.22173339199296085,0.06951165860096789,0.3409590849098108
0.366079295154185,0.22334801762114537,0.07444933920704846,0.33612334801762117
0.36331877729257644,0.2279475982532751,0.07292576419213974,0.3358078602620087
0.36054721977052073,0.2294792586054722,0.07016769638128861,0.33980582524271846
0.3554964539007092,0.22916666666666666,0.07180851063829788,0.34352836879432624
0.3529153879877247,0.23016220955721176,0.07233669443226655,0.34458570802279703
0.35327760668719754,0.22701275846898372,0.075230972283326,0.34447866256049275
0.35855697316322044,0.22173339199296085,0.07611086669599648,0.34359876814782225
0.35987544483985767,0.21841637010676157,0.07517793594306049,0.34653024911032027
0.34984655852696184,0.21744848750548004,0.07452871547566857,0.3581762384918895
0.35695652173913045,0.21739130434782608,0.06826086956521739,0.35739130434782607
0.36503067484662577,0.21209465381244522,0.06923751095530237,0.35363716038562665
0.3583738400353513,0.2129916040653999,0.06805125939019001,0.3605832965090588
0.35679718433787944,0.2133743950725913,0.07171139463264409,0.35811702595688516
0.35286343612334803,0.2211453744493392,0.06960352422907488,0.3563876651982379
0.3597185576077397,0.21591908531222515,0.07299912049252419,0.351363236587511
0.3557986870897155,0.2201312910284464,0.07264770240700219,0.3514223194748359
0.353819139596137,0.22344161545215102,0.0733099209833187,0.3494293239683933
0.35464098073555167,0.2224168126094571,0.07486865148861646,0.3480735551663748
0.3563620463489287,0.2229995627459554,0.069960647135986,0.35067774376912986
0.3600713012477718,0.2232620320855615,0.06729055258467023,0.3493761140819964
0.3535443602318324,0.22291573785109228,0.07088720463664734,0.352652697280428
0.35231316725978645,0.22241992882562278,0.07295373665480427,0.35231316725978645
0.3527863097849934,0.22290478279947346,0.06932865291794647,0.35498025449758663
0.354157501099868,0.2234931808183018,0.0708315002199736,0.3515178178618566
0.35428571428571426,0.22285714285714286,0.07384615384615385,0.34901098901098904
0.3554773427188737,0.22305323361196655,0.07171139463264409,0.3497580290365156
0.35667681600695955,0.22966507177033493,0.07264027838190518,0.34101783384080037
0.354541465555068,0.22729267222465993,0.0750329091706889,0.34313295304958313
0.3550531914893617,0.22296099290780141,0.0749113475177305,0.3470744680851064
0.3502426113806793,0.23070136744596384,0.07322452580502867,0.3458314953683282
0.3519406890536415,0.2250327082424771,0.07675534234627127,0.34627126035761013
0.34680284191829486,0.22202486678507993,0.07859680284191829,0.35257548845470693
0.34656084656084657,0.22354497354497355,0.08333333333333333,0.34656084656084657
0.34505494505494505,0.21670329670329672,0.08395604395604396,0.35428571428571426
0.3427188737351518,0.21249450065992082,0.0840299164100308,0.3607567091948966
0.3425803610744166,0.21224130339057684,0.08058124174372523,0.36459709379128136
0.34649122807017546,0.2149122807017544,0.07982456140350877,0.3587719298245614
0.34505494505494505,0.21846153846153846,0.08043956043956044,0.35604395604395606
0.3487450462351387,0.21003963011889035,0.08102157639806253,0.3601937472479084
0.3448735019973369,0.2134931202840657,0.07723035952063914,0.3644030181979583
0.3566128328240943,0.21518987341772153,0.07682234831951112,0.3513749454386731
0.35752212389380533,0.2172566371681416,0.07654867256637168,0.3486725663716814
0.36255506607929516,0.21277533039647578,0.07885462555066079,0.3458149779735683
0.36070640176600444,0.21236203090507727,0.08167770419426049,0.34525386313465783
0.35686102586584834,0.20692678649715038,0.08373520385795703,0.3524769837790443
0.3570487483530962,0.21124286341677645,0.08036890645586298,0.3513394817742644
0.35528060097216085,0.21343349536014142,0.08086610693769333,0.3504197967300044
0.35588752196836554,0.21353251318101935,0.0804042179261863,0.3501757469244288
0.3588621444201313,0.212253829321663,0.08096280087527352,0.3479212253829322
0.355857832382624,0.21544537077665643,0.08073716542343133,0.3479596314172883
0.3553321678321678,0.2180944055944056,0.07998251748251749,0.3465909090909091
0.35958005249343833,0.21653543307086615,0.08267716535433071,0.34120734908136485
0.3541480820695807,0.22033898305084745,0.08028545941123996,0.3452274754683318
0.35275938189845474,0.2185430463576159,0.08035320088300221,0.3483443708609272
0.3470115967885816,0.21766280107047278,0.07850133809099019,0.3568242640499554
0.3514223194748359,0.21706783369803062,0.07702407002188184,0.3544857768052516
0.3539350822587817,0.21609604268563806,0.07514450867052024,0.35482436638506004
0.3533801580333626,0.21115013169446883,0.07155399473222125,0.36391571553994734
0.3492970123022847,0.20913884007029876,0.07073813708260106,0.37082601054481545
0.3552397868561279,0.20870337477797513,0.06882770870337478,0.3672291296625222
0.3540017590149516,0.20360598065083554,0.06860158311345646,0.3737906772207564
0.35395492708793636,0.20415377817057004,0.06363234644277507,0.37825894829871853
0.36036825953529156,0.20692678649715038,0.06313020604997809,0.36957474791758
0.36427939876215737,0.19672855879752432,0.06542882404951371,0.3735632183908046
0.3591765221200175,0.20455540954883925,0.06307490144546649,0.3731931668856767
0.35864793678665496,0.2032484635645303,0.06277436347673397,0.37532923617208075
0.3572371315442147,0.20589529256489222,0.06291245050593929,0.3739551253849538
0.35523434077967586,0.21156373193166886,0.06351292159439334,0.36968900569426194
0.3520385795703639,0.20517316966242877,0.06400701446733889,0.3787812362998685
0.36074270557029176,0.20380194518125552,0.06321839080459771,0.372236958443855
0.3587385019710907,0.2076215505913272,0.06132282084975909,0.37231712658782307
0.35808435852372583,0.2100175746924429,0.06195079086115993,0.36994727592267135
0.35541904344010533,0.20930232558139536,0.05923650724001755,0.3760421237384818
0.35200705778561975,0.2112924569916189,0.0599911777679753,0.37670930745478604
0.3502650176678445,0.2124558303886926,0.06139575971731449,0.3758833922261484
0.3544415127528584,0.2154793315743184,0.06068601583113457,0.36939313984168864
0.34915705412599823,0.21162377994676132,0.06654835847382432,0.37267080745341613
0.34836427939876213,0.21839080459770116,0.07073386383731212,0.3625110521662246
0.35617039964866054,0.2191480017566974,0.06675450153711024,0.35792709705753184
0.361013986013986,0.21547202797202797,0.06949300699300699,0.354020979020979
0.36080666374397197,0.21701008329679966,0.06926786497150372,0.3529153879877247
0.3663755458515284,0.21572052401746725,0.06812227074235808,0.3497816593886463
0.3597185576077397,0.2167985927880387,0.06684256816182937,0.35664028144239224
0.36387665198237884,0.21101321585903085,0.06343612334801763,0.3616740088105727
0.36688741721854307,0.21236203090507727,0.06225165562913907,0.35849889624724063
0.3621908127208481,0.21333922261484098,0.060954063604240286,0.36351590106007065
0.35798687089715536,0.21444201312910285,0.05820568927789934,0.36936542669584244
0.36013986013986016,0.21372377622377622,0.05856643356643357,0.36756993006993005
0.36467991169977926,0.20927152317880796,0.060927152317880796,0.365121412803532
0.36693191865605657,0.21750663129973474,0.05791335101679929,0.35764809902740935
0.3669603524229075,0.2118942731277533,0.05726872246696035,0.36387665198237884
0.37312775330396475,0.2092511013215859,0.05947136563876652,0.3581497797356828
0.37615486141663,0.20941487021557414,0.05851297844258689,0.355917289925209
0.37050043898156276,0.21071115013169447,0.061457418788410885,0.35733099209833186
0.370712401055409,0.20932277924362358,0.06288478452066842,0.357080035180299
0.3725143614670791,0.20945647370746795,0.06053910737958462,0.3574900574458683
0.3795394154118689,0.20903454384410983,0.05934455270150576,0.3520814880425155
0.38441330998248685,0.20709281961471104,0.05866900175131348,0.3498248686514886
0.3884733831940167,0.20853497580290364,0.05851297844258689,0.34447866256049275
0.3884733831940167,0.20369555653321603,0.05763308402991641,0.3501979762428509
0.3941926968763748,0.1992960844698636,0.05675318961724593,0.3497580290365156
0.4012345679012346,0.19929453262786595,0.054673721340388004,0.3447971781305115
0.39323374340949035,0.19859402460456943,0.05579964850615114,0.3523725834797891
0.3944591029023747,0.19744942832014073,0.06068601583113457,0.34740545294635006
0.40026362038664326,0.2016695957820738,0.056678383128295255,0.3413884007029877
0.39753195240193917,0.20229175848391362,0.055531070956368445,0.34464521815777877
0.40280824923211933,0.20140412461605967,0.054848617814831066,0.3409390083369899
0.3993821712268314,0.20697263901147397,0.05339805825242718,0.34024713150926744
0.3991130820399113,0.20798226164079822,0.05232815964523282,0.34057649667405765
0.398506151142355,0.2016695957820738,0.05228471001757469,0.3475395430579965
0.39823788546255506,0.2066079295154185,0.051541850220264314,0.3436123348017621
0.3966505068312032,0.20537681798148966,0.05112384310268841,0.34684883208461875
0.4050131926121372,0.2009674582233949,0.05013192612137203,0.3438874230430959
0.40593627237014407,0.19729375818419903,0.05325185508511567,0.34351811436054125
0.4090509666080844,0.19463971880492092,0.054481546572934976,0.34182776801405973
0.4066079295154185,0.19295154185022026,0.05418502202643172,0.34625550660792953
0.40246587406428885,0.19815059445178335,0.05592250110083664,0.34346103038309117
0.3997355663287792,0.20185103569854562,0.05332745702952843,0.34508594094314676
0.40263736263736266,0.20087912087912088,0.05450549450549451,0.34197802197802196
0.3985126859142607,0.19903762029746283,0.05599300087489064,0.3464566929133858
0.39832007073386383,0.1989389920424403,0.05791335101679929,0.3448275862068966
0.40483516483516485,0.19956043956043956,0.058021978021978025,0.3375824175824176
0.40525164113785556,0.19912472647702406,0.06039387308533917,0.33522975929978116
0.40602836879432624,0.20212765957446807,0.05851063829787234,0.3333333333333333
0.4051418439716312,0.2025709219858156,0.05585106382978723,0.33643617021276595
0.40201665935992986,0.20341955282770716,0.05436212187637001,0.340201665935993
0.40096830985915494,0.2007042253521127,0.05369718309859155,0.34463028169014087
0.4034090909090909,0.1993006993006993,0.051573426573426576,0.34571678321678323
0.40874944763588156,0.19973486522315512,0.052585064074237735,0.3389306230667256
0.41806167400881056,0.1960352422907489,0.04933920704845815,0.3365638766519824
0.4102902374670185,0.1996481970096746,0.0505716798592788,0.33948988566402816
0.4155672823218997,0.19920844327176782,0.05321020228671944,0.33201407211961304
0.4090509666080844,0.20254833040421794,0.05492091388400703,0.3334797891036907
0.4126637554585153,0.20087336244541484,0.053711790393013104,0.3327510917030568
0.40919037199124725,0.20612691466083152,0.052078774617067836,0.33260393873085337
0.4173951048951049,0.20279720279720279,0.05201048951048951,0.3277972027972028
0.4206140350877193,0.20307017543859648,0.05131578947368421,0.325
0.41475265017667845,0.20008833922261485,0.05565371024734982,0.3295053003533569
0.4220950704225352,0.20290492957746478,0.05193661971830986,0.3230633802816901
0.41629563668744435,0.20614425645592163,0.05209260908281389,0.3254674977738201
0.41995661605206075,0.2004338394793926,0.049891540130151846,0.3297180043383948
0.42144748455428066,0.20211827007943514,0.04942630185348632,0.3270079435127979
0.42254771415889925,0.20461606746560143,0.04837993786063027,0.3244562805148691
0.4122036874451273,0.20851624231782265,0.048287971905179985,0.33099209833187004
0.4212840809146878,0.20800351802990324,0.04793315743183817,0.3227792436235708
0.41677704194260484,0.2141280353200883,0.04944812362030905,0.3196467991169978
0.4181260945709282,0.2119089316987741,0.04903677758318739,0.3209281961471103
0.4194542253521127,0.21170774647887325,0.04973591549295775,0.3191021126760563
0.41921204072598495,0.21204072598494908,0.05002213368747233,0.3187250996015936
0.42607174103237094,0.2121609798775153,0.05074365704286964,0.3110236220472441
0.42452412571934484,0.2129260734838424,0.05046480743691899,0.31208499335989376
0.42504409171075835,0.21208112874779542,0.050705467372134036,0.31216931216931215
0.4275076653526062,0.2084975908891809,0.04949627682873412,0.31449846692947875
0.42725274725274726,0.20483516483516484,0.05054945054945055,0.31736263736263737
0.4304519526107942,0.20140412461605967,0.05221588415971917,0.31592803861342694
0.4213064445418676,0.19947391494958353,0.05436212187637001,0.3248575186321789
0.42109929078014185,0.1999113475177305,0.05274822695035461,0.3262411347517731
0.43002207505518764,0.20044150110375275,0.051655629139072845,0.31788079470198677
0.427689594356261,0.2072310405643739,0.05114638447971781,0.31393298059964725
0.4236323851203501,0.20175054704595186,0.052078774617067836,0.3225382932166302
0.42473591549295775,0.19762323943661972,0.04973591549295775,0.3279049295774648
0.42807170966331437,0.20244862264975952,0.047660690861390465,0.3218189768255356
0.4251864853005704,0.20359806932865293,0.050021939447125935,0.3211935059236507
0.4326241134751773,0.20124113475177305,0.04698581560283688,0.3191489361702128
0.4305616020896822,0.1976491075315629,0.0500653025685677,0.3217239878101872
0.4318381706244503,0.19569041336851364,0.04661389621811785,0.3258575197889182
0.42719298245614035,0.19912280701754387,0.05,0.3236842105263158
0.42123738481790257,0.20184291355857834,0.05265467310223782,0.32426502852128125
0.42609853528628494,0.19751442521083,0.05193075898801598,0.3244562805148691
0.42712014134275617,0.1978798586572438,0.053003533568904596,0.3219964664310954
0.4264117385504669,0.19786571809693196,0.05380168963983993,0.32192085371276125
0.4360210341805434,0.19982471516213848,0.050394390885188434,0.3137598597721297
0.42475512021371326,0.20436331255565449,0.05253784505788068,0.31834372217275153
0.42321270962047663,0.20653133274492497,0.05383936451897617,0.31641659311562226
0.4236760124610592,0.20471740097908322,0.05562972852692479,0.3159768580329328
0.42304270462633453,0.20685053380782917,0.054270462633451956,0.31583629893238435
0.42552264808362367,0.20949477351916376,0.05531358885017421,0.3096689895470383
0.42416225749559083,0.20811287477954143,0.05423280423280423,0.3134920634920635
0.42964269960299956,0.20776356418173797,0.05381561535068372,0.30877812086457873
0.42016806722689076,0.20919946926138877,0.0513047324192835,0.31932773109243695
0.42214380238200266,0.2046757829730922,0.055580061755624174,0.317600352889281
0.42262165716790884,0.20254274441034634,0.05611573871109163,0.3187198597106532
0.42673179396092364,0.20071047957371227,0.05328596802841918,0.31927175843694494
0.423841059602649,0.2052980132450331,0.052097130242825605,0.31876379690949225
0.4239467849223947,0.21019955654101996,0.05277161862527716,0.31308203991130823
0.4275173611111111,0.2087673611111111,0.04991319444444445,0.3138020833333333
0.42410910690717113,0.21425428948526176,0.0475142982842059,0.3141223053233612
0.42562527424308905,0.21851689337428698,0.0451952610794208,0.3106625713032032
0.42730496453900707,0.21586879432624115,0.04476950354609929,0.3120567375886525
0.4273840769903762,0.21172353455818022,0.04505686789151356,0.31583552055993
0.42272529386155855,0.21680452764475402,0.047888550282977796,0.3125816282107096
0.426056338028169,0.207306338028169,0.05193661971830986,0.3147007042253521
0.424955595026643,0.20781527531083482,0.05106571936056838,0.31616341030195383
0.4321257092972501,0.20646006110868617,0.053688345700567436,0.3077258838934963
0.42649006622516555,0.20264900662251656,0.05518763796909492,0.31567328918322296
0.4344585708022797,0.20035072336694432,0.05523893029373082,0.30995177553704517
0.42995169082125606,0.19806763285024154,0.05709266578831796,0.31488801054018445
0.42850838481906445,0.20255957634598412,0.05516328331862312,0.3137687555163283
0.43942054433713784,0.20368744512730466,0.05311676909569798,0.3037752414398595
0.4471939902783915,0.20150243040212107,0.05125939019001326,0.30004418912947417
0.44746059544658495,0.20140105078809106,0.050350262697022766,0.30078809106830123
0.44607843137254904,0.20276292335115864,0.05080213903743316,0.3003565062388592
0.45134302069572874,0.20123293703214443,0.05107881990312638,0.29634522236900046
0.45028471309680246,0.2014892685063513,0.05081033727551467,0.2974156811213316
0.4480777728678745,0.2001767565178966,0.05170128148475475,0.30004418912947417
0.4534731323722149,0.2013979903888161,0.051550895587592835,0.29357798165137616
0.4499779638607316,0.20625826355222565,0.049801674746584396,0.29396209784045835
0.4531802120141343,0.20229681978798586,0.0534452296819788,0.2910777385159011
0.44862710363153235,0.204162976085031,0.0566873339238264,0.29052258635961026
0.4589010989010989,0.19736263736263737,0.055384615384615386,0.28835164835164834
0.45132743362831856,0.19778761061946903,0.05575221238938053,0.29513274336283185
0.44878048780487806,0.19645232815964522,0.054988913525498895,0.29977827050997785
0.44308231173380036,0.19833625218914186,0.05691768826619965,0.30166374781085814
0.44351648351648354,0.19692307692307692,0.0589010989010989,0.30065934065934063
0.4543859649122807,0.193859649122807,0.05745614035087719,0.2942982456140351
0.4454584963059539,0.19426336375488917,0.05910473707083876,0.3011734028683181
0.4478203434610304,0.1950682518714223,0.06164685160722149,0.2954645530603259
0.43982494529540483,0.20218818380743983,0.05776805251641138,0.300218818380744
0.43736166445329794,0.20185922974767595,0.055776892430278883,0.3050022133687472
0.45087719298245615,0.19780701754385965,0.054385964912280704,0.2969298245614035
0.4488536155202822,0.1966490299823633,0.05335097001763668,0.3011463844797178
0.44330813694975546,0.20142285460204534,0.05380168963983993,0.30146731880835925
0.4358974358974359,0.20512820512820512,0.05747126436781609,0.3015030946065429
0.43497558810474923,0.20861074123391035,0.0559254327563249,0.30048823790501555
0.43242049469964666,0.21024734982332155,0.054328621908127206,0.3030035335689046
0.4374453193350831,0.20341207349081364,0.05468066491688539,0.30446194225721784
0.4367509986684421,0.20195295162006213,0.05725699067909454,0.30403905903240125
0.44200351493848855,0.2016695957820738,0.05579964850615114,0.30052724077328646
0.4411895250776742,0.2041722148246782,0.05415002219263205,0.30048823790501555
0.44663167104111984,0.19860017497812774,0.05380577427821522,0.3009623797025372
0.4413943355119826,0.20261437908496732,0.05533769063180828,0.3006535947712418
0.44171779141104295,0.20552147239263804,0.05652936021034181,0.2962313759859772
0.4415527128363476,0.19982355535950597,0.05822673136303485,0.3003970004411116
0.43758155719878206,0.20617659852109613,0.058286211396259245,0.29795563288386256
0.43361270401411556,0.20599911777679752,0.05822673136303485,0.30216144684605206
0.43083700440528633,0.20440528634361232,0.05638766519823789,0.30837004405286345
0.43317159241288045,0.20644022937803264,0.05690339655932951,0.3034847816497574
0.43942054433713784,0.20412642669007902,0.05794556628621598,0.29850746268656714
0.44190140845070425,0.207306338028169,0.05677816901408451,0.29401408450704225
0.4368675758908931,0.21073471183457984,0.05719313682358117,0.29520457545094586
0.44606542882404954,0.20689655172413793,0.05791335101679929,0.2891246684350133
0.43663850600266785,0.21076033792796797,0.05602489995553579,0.2965762561138284
0.4362505553087517,0.20568636161705908,0.05597512216792536,0.3020879609062639
0.43992932862190814,0.2053886925795053,0.05167844522968198,0.3030035335689046
0.4440052700922266,0.19894598155467721,0.05138339920948617,0.30566534914361
0.4409030544488712,0.20849933598937584,0.05223550243470562,0.29836210712704736
0.44070021881838073,0.20568927789934355,0.052078774617067836,0.3015317286652079
0.44121532364597094,0.20299427564949363,0.052840158520475564,0.30295024218405986
0.43902439024390244,0.20354767184035477,0.05454545454545454,0.3028824833702882
0.44084136722173534,0.20201577563540754,0.056091148115687994,0.30105170902716916
0.44010530934620445,0.19964896884598507,0.05440982887231242,0.305835892935498
0.44692005242463956,0.1965923984272608,0.054608999563128,0.3018785495849716
0.4465547703180212,0.20053003533568906,0.05830388692579505,0.2946113074204947
0.4478473146915224,0.20239680426098536,0.05503772747447847,0.2947181535730138
0.45147123407992973,0.19982433025911286,0.052700922266139656,0.29600351339481773
0.4492497793468667,0.20255957634598412,0.05163283318623124,0.2965578111209179
0.45561871447310887,0.20026235242675994,0.05159597726278968,0.2925229558373415
0.45943562610229277,0.1970899470899471,0.04982363315696649,0.29365079365079366
0.46519823788546255,0.19515418502202644,0.04889867841409692,0.2907488986784141
0.46279893711248893,0.1966341895482728,0.04738706820194863,0.29317980513728964
0.4678492239467849,0.19068736141906872,0.04966740576496674,0.2917960088691796
0.46994295743747255,0.193505923650724,0.05089951733216323,0.2856516015796402
0.46854377474703035,0.1970963484381874,0.0475142982842059,0.28684557853057635
0.47167325428194995,0.1971892841458059,0.04655248133509003,0.2845849802371542
0.46722763507528786,0.19309123117803365,0.05137289636846767,0.2883082373782108
0.479646017699115,0.18982300884955752,0.05309734513274336,0.2774336283185841
0.47414935925762264,0.1935483870967742,0.04993371630578878,0.28236853733981443
0.4663755458515284,0.19825327510917032,0.05283842794759825,0.28253275109170306
0.47439824945295406,0.19737417943107222,0.052954048140043765,0.27527352297593
0.47684772929652713,0.19634906500445237,0.05520926090828139,0.2715939447907391
0.47643979057591623,0.19066317626527052,0.056719022687609075,0.2761780104712042
0.4833555259653795,0.18996893031513537,0.052818464269862406,0.27385707944962273
0.4820558263181214,0.19184758529020823,0.05316792202038104,0.2729286663712893
0.48429898275099514,0.18885448916408668,0.05484298982750995,0.27200353825740825
0.48222904782799475,0.18429135585783238,0.058797718297498906,0.274681878016674
0.4811696942844484,0.18298626495347806,0.06291537439078422,0.2729286663712893
0.4789356984478936,0.17915742793791575,0.06341463414634146,0.27849223946784923
0.4803705337450375,0.17820908689898543,0.06307895897662108,0.278341420379356
0.48364279398762156,0.1755083996463307,0.0641025641025641,0.27674624226348365
0.4792219274977896,0.17197170645446508,0.06631299734748011,0.28249336870026526
0.4763572679509632,0.1808231173380035,0.06567425569176882,0.27714535901926446
0.4744942832014072,0.1802990325417766,0.06288478452066842,0.28232189973614774
0.4725997369574748,0.17667689609820253,0.06444541867601929,0.2862779482683034
0.47529514648010496,0.17708788806296458,0.06471359860078706,0.2829033668561434
0.47308533916849016,0.1772428884026258,0.06652078774617068,0.2831509846827133
0.4781649757388619,0.1693868548742832,0.06307895897662108,0.2893692104102338
0.4742857142857143,0.1753846153846154,0.06241758241758242,0.2879120879120879
0.4812227074235808,0.1720524017467249,0.06375545851528384,0.28296943231441046
0.4771618625277162,0.17028824833702882,0.07006651884700665,0.2824833702882483
0.4830172033524482,0.1689457432730481,0.06572562858403176,0.282311424790472
0.46880570409982175,0.17245989304812834,0.06907308377896614,0.2896613190730838
0.4673144876325088,0.1709363957597173,0.06934628975265017,0.2924028268551237
0.4739168877099912,0.16799292661361626,0.0671971706454465,0.29089301503094606
0.46953090749671195,0.16483998246383166,0.06839105655414292,0.29723805348531346
0.4673433362753751,0.1703442188879082,0.06398940864960283,0.29832303618711387
0.4665787159190853,0.16842568161829374,0.06640281442392261,0.2985927880386983
0.4605553107095637,0.17232260907888938,0.06346408109299251,0.30365799911855446
0.4540636042402827,0.17226148409893993,0.06139575971731449,0.3122791519434629
0.4537852112676056,0.17209507042253522,0.06294014084507042,0.31117957746478875
0.45713035870516183,0.1679790026246719,0.06561679790026247,0.3092738407699038
0.4660831509846827,0.16936542669584245,0.06608315098468272,0.29846827133479215
0.47516483516483515,0.1635164835164835,0.0632967032967033,0.298021978021978
0.4655402401067141,0.16674077367718987,0.06669630947087594,0.3010226767452201
0.4629468177855275,0.16041848299912817,0.07018308631211857,0.3064516129032258
0.46282446106467223,0.16102067751869775,0.07435107787065552,0.3018037835459745
0.456540825285338,0.16593503072870938,0.0697980684811238,0.3077260755048288
0.4553415061295972,0.1659369527145359,0.07224168126094571,0.3064798598949212
0.4586631486367634,0.1644678979771328,0.06860158311345646,0.30826737027264733
0.45561871447310887,0.16222125054656755,0.07039790118058592,0.31176213379973766
0.46021220159151194,0.16312997347480107,0.06763925729442971,0.3090185676392573
0.46191319751992915,0.16341895482728078,0.06953055801594331,0.3051372896368468
0.4654561558901683,0.16341895482728078,0.0704162976085031,0.30070859167404784
0.46846052051168946,0.16365240405822673,0.06881340979267754,0.2990736656374063
0.47512109202994274,0.16116248348745046,0.06737120211360634,0.29634522236900046
0.47610697062691804,0.16264796142042964,0.06663743971942131,0.29460762823323106
0.4839982463831653,0.1569487067075844,0.06663743971942131,0.292415607189829
0.487145390070922,0.15159574468085107,0.0673758865248227,0.29388297872340424
0.48997772828507796,0.15278396436525613,0.06592427616926504,0.2913140311804009
0.4914586070959264,0.15067893123083662,0.06526500219010074,0.2925974594831362
0.48577680525164113,0.15185995623632384,0.06914660831509847,0.29321663019693656
0.47752073330423395,0.15800960279353993,0.0663465735486687,0.2981230903535574
0.4806924101198402,0.15357301375943186,0.07101642254771416,0.2947181535730138
0.48304711580801407,0.15015411712901805,0.0717745486569793,0.2950242184059885
0.48533333333333334,0.15555555555555556,0.06933333333333333,0.2897777777777778
0.4892590968873301,0.158702323542306,0.06532222709338009,0.2867163524769838
0.4888402625820569,0.15842450765864333,0.06783369803063458,0.2849015317286652
0.487044356609574,0.1541501976284585,0.0707070707070707,0.28809837505489677
0.48412698412698413,0.16181657848324515,0.06569664902998236,0.28835978835978837
0.48554913294797686,0.15740329035126724,0.07025344597598933,0.28679413072476656
0.4882898806893504,0.1590808661069377,0.06716747680070703,0.28546177640300485
0.48111159357359967,0.16500217108119844,0.0694745983499783,0.28441163699522365
0.4763157894736842,0.16666666666666666,0.07149122807017544,0.2855263157894737
0.4790575916230366,0.1662303664921466,0.06588132635253054,0.28883071553228623
0.4781468531468531,0.16302447552447552,0.0673076923076923,0.291520979020979
0.47841409691629955,0.16387665198237886,0.07136563876651983,0.28634361233480177
0.4796999117387467,0.16593115622241836,0.06796116504854369,0.28640776699029125
0.4819919964428635,0.16318363717207648,0.06936416184971098,0.28546020453534904
0.48091268100043877,0.16586222027204914,0.06625713032031592,0.28696796840719613
0.48289473684210527,0.16578947368421051,0.06403508771929825,0.28728070175438597
0.4848349687778769,0.16904549509366637,0.061106155218554864,0.28501338090990186
0.4828193832599119,0.17224669603524229,0.06167400881057269,0.28325991189427313
