R,A,S,N
0.0,0.0,0.0,1.0
0.0,0.2,0.0,0.8
0.0,0.16666666666666666,0.0,0.8333333333333334
0.0,0.18181818181818182,0.0,0.8181818181818182
0.045454545454545456,0.18181818181818182,0.0,0.7727272727272727
0.05714285714285714,0.17142857142857143,0.014285714285714285,0.7571428571428571
0.06542056074766354,0.14953271028037382,0.037383177570093455,0.7476635514018691
0.06802721088435375,0.1292517006802721,0.034013605442176874,0.7687074829931972
0.0970873786407767,0.12135922330097088,0.03398058252427184,0.7475728155339806
0.1111111111111111,0.10740740740740741,0.040740740740740744,0.7407407407407407
0.11484593837535013,0.10364145658263306,0.05042016806722689,0.7310924369747899
0.14087759815242495,0.09699769053117784,0.06235565819861432,0.6997690531177829
0.14232209737827714,0.0898876404494382,0.07303370786516854,0.6947565543071161
0.15748031496062992,0.08661417322834646,0.08346456692913386,0.6724409448818898
0.16375838926174496,0.09261744966442953,0.09261744966442953,0.6510067114093959
0.156355455568054,0.09673790776152981,0.10798650168728909,0.6389201349831272
0.16283716283716285,0.11188811188811189,0.11488511488511488,0.6103896103896104
0.1546572934973638,0.12478031634446397,0.11335676625659051,0.6072056239015817
0.16053249804228661,0.13155833985904464,0.11433046202036022,0.5935787000783085
0.15549215406562053,0.1419400855920114,0.12054208273894436,0.5820256776034237
0.16677482154445167,0.14341336794289422,0.12005191434133679,0.5697598961713173
0.16787878787878788,0.14484848484848484,0.11818181818181818,0.5690909090909091
0.1716589861751152,0.14516129032258066,0.12327188940092165,0.5599078341013825
0.17273221075502446,0.1412275936990766,0.12547528517110265,0.5605649103747963
0.17899637868598034,0.1438178996378686,0.1298499741334713,0.5473357475426798
0.17886977886977887,0.14250614250614252,0.1366093366093366,0.542014742014742
0.19144893111638955,0.15201900237529692,0.1320665083135392,0.5244655581947744
0.1949390815370197,0.15932521087160262,0.1302717900656045,0.5154639175257731
0.21089063221042917,0.15782187355791416,0.12874942316566682,0.5025380710659898
0.21551724137931033,0.161978221415608,0.132486388384755,0.4900181488203267
0.2262222222222222,0.15688888888888888,0.132,0.48488888888888887
0.2316209034543844,0.15810451727192207,0.12356067316209035,0.4867139061116032
0.22981914424349362,0.16365240405822673,0.12527569475077194,0.48125275694750774
0.23032967032967033,0.16307692307692306,0.1221978021978022,0.4843956043956044
0.23205636283575518,0.16732716864817263,0.12461470717745486,0.4760017613386173
0.23583662714097497,0.1642512077294686,0.1251646903820817,0.47474747474747475
0.2349582784365393,0.16644707949055776,0.12428634167764603,0.4743083003952569
0.2337719298245614,0.16973684210526316,0.125,0.47149122807017546
0.23059866962305986,0.17516629711751663,0.12416851441241686,0.4700665188470067
0.23389232127096204,0.18093556928508384,0.1235657546337158,0.4616063548102383
0.23009623797025372,0.18022747156605423,0.13035870516185477,0.45931758530183725
0.2265315116791538,0.17893345085940943,0.12825033054208904,0.46628470691934776
0.23207126948775056,0.17817371937639198,0.12739420935412027,0.4623608017817372
0.22805469783855314,0.18217909131010146,0.12615791795324216,0.46360829289810324
0.22481302243730752,0.1847778266608007,0.1249450065992081,0.4654641443026837
0.2244718309859155,0.18838028169014084,0.12147887323943662,0.46566901408450706
0.22713347921225382,0.18949671772428883,0.12428884026258205,0.4590809628008753
0.22404614019520852,0.19210292812777285,0.12555456965394854,0.4582963620230701
0.22441809398331136,0.1919191919191919,0.12604303908651734,0.45761967501097933
0.22733245729303547,0.19316688567674112,0.12264564169951818,0.4568550153307052
0.22493345164152617,0.19653948535936114,0.12466725820763087,0.4538598047914818
0.22418358340688438,0.20167696381288613,0.12533097969991175,0.44880847308031774
0.2267080745341615,0.19831410825199644,0.12289263531499556,0.4520851818988465
0.23161602818141788,0.19726992514310876,0.11933069132540731,0.45178335535006603
0.23978919631093545,0.1976284584980237,0.11506368028107158,0.4475186649099693
0.23511248345831495,0.20291133656815175,0.11513012792236436,0.44684605205116895
0.2341941228851291,0.20035618878005343,0.11620658949243098,0.44924309884238645
0.233201581027668,0.19982433025911286,0.1225296442687747,0.4444444444444444
0.2318840579710145,0.19499341238471674,0.12165129556433904,0.45147123407992973
0.23583260680034873,0.1952920662598082,0.12336530078465563,0.4455100261551874
0.24319578577699735,0.19798068481123793,0.1286215978928885,0.4302019315188762
0.2440106477373558,0.19787045252883761,0.1313220940550133,0.42679680567879325
0.23978919631093545,0.20114185331576637,0.12560386473429952,0.43346508563899866
0.24185022026431718,0.20616740088105726,0.126431718061674,0.42555066079295156
0.23938730853391685,0.20350109409190373,0.13041575492341356,0.42669584245076586
0.23776223776223776,0.19886363636363635,0.12980769230769232,0.43356643356643354
0.23490813648293962,0.19816272965879264,0.1325459317585302,0.4343832020997375
0.23331879633667685,0.20191888355865678,0.13693850850414305,0.42782381160052335
0.23744493392070484,0.2,0.13920704845814977,0.4233480176211454
0.23199292973928415,0.20326999558108705,0.14007954043305346,0.4246575342465753
0.23026602703881377,0.20540776275621456,0.13301351940689055,0.4313126907980811
0.23748338502436864,0.20336730172795747,0.12937527691626052,0.42977403633141337
0.23083700440528634,0.20308370044052865,0.1299559471365639,0.43612334801762115
0.23557692307692307,0.20410839160839161,0.12325174825174826,0.4370629370629371
0.23191582639193337,0.20824199912319158,0.12932924156071898,0.43051293292415604
0.23177083333333334,0.20572916666666666,0.13368055555555555,0.4288194444444444
0.23508771929824562,0.2057017543859649,0.13289473684210526,0.4263157894736842
0.23746701846965698,0.2009674582233949,0.12928759894459102,0.43227792436235707
0.23923657345761207,0.20949844651575678,0.12916111850865514,0.422103861517976
0.23836951705804166,0.20824102791315907,0.13070447496677004,0.42268498006202926
0.2398409893992933,0.20980565371024734,0.12455830388692579,0.42579505300353354
0.24075704225352113,0.21522887323943662,0.1210387323943662,0.42297535211267606
0.24195680916703394,0.20890260026443366,0.125165271044513,0.4239753195240194
0.24057843996494302,0.22042068361086767,0.12138475021910605,0.41761612620508326
0.23943661971830985,0.21875,0.12191901408450705,0.4198943661971831
0.2328888888888889,0.22666666666666666,0.12222222222222222,0.4182222222222222
0.23589515770768546,0.22256774766770324,0.1257219013771657,0.4158151932474456
0.23617208077260754,0.22431957857769974,0.13037752414398596,0.40913081650570676
0.22807794508414525,0.224977856510186,0.12843224092116917,0.41851195748449954
0.22814025743453173,0.2268086995117621,0.12649800266311584,0.4185530403905903
0.22771403353927624,0.22992056487202117,0.12797881729920565,0.41438658428949693
0.22354497354497355,0.23324514991181658,0.12566137566137567,0.4175485008818342
0.2260485651214128,0.22869757174392935,0.1280353200883002,0.41721854304635764
0.225130890052356,0.23516579406631763,0.13525305410122165,0.40445026178010474
0.22448077772867875,0.23155103844454264,0.13477684489615555,0.4091913389306231
0.22497824194952132,0.2410791993037424,0.1392515230635335,0.3946910356832028
0.22114962702939886,0.2448442299254059,0.13953488372093023,0.394471259324265
0.21899736147757257,0.2510993843447669,0.13324538258575197,0.3966578715919085
0.2170849845882871,0.25011008366358434,0.1329810656098635,0.3998238661382651
0.21815777875716175,0.24327897752313796,0.13486117232260908,0.40370207139709124
0.21858407079646017,0.24778761061946902,0.13451327433628318,0.3991150442477876
0.21249450065992082,0.2507699076110867,0.12846458424989002,0.4082710074791025
0.21671826625386997,0.24679345422379478,0.13268465280849182,0.40380362671384346
0.21964050854888206,0.24375274002630426,0.13064445418676018,0.4059622972380535
0.22192749778956675,0.242263483642794,0.129973474801061,0.40583554376657827
0.21826965305226176,0.23803249890206413,0.13350900307422048,0.4101888449714537
0.21541155866900175,0.23992994746059546,0.1330998248686515,0.4115586690017513
0.21505376344086022,0.2446236559139785,0.1388888888888889,0.4014336917562724
0.2123076923076923,0.24351648351648353,0.1397802197802198,0.4043956043956044
0.20410839160839161,0.2395104895104895,0.14204545454545456,0.4143356643356643
0.207290294246816,0.24154589371980675,0.14053579270970576,0.4106280193236715
0.20280948200175591,0.24187884108867427,0.14223002633889376,0.41308165057067603
0.2023757149142103,0.2498900131984162,0.14298284205895292,0.4047514298284206
0.19859092910612064,0.24746807573756055,0.14883311316600617,0.4051078819903126
0.19807608220376038,0.24967205946655008,0.14910362920857018,0.40314822912111936
0.2009695901278096,0.24724548259145,0.14543851917144116,0.40634640810929923
0.20333772507685552,0.2520860781730347,0.1422924901185771,0.40228370663153273
0.2038664323374341,0.2526362038664323,0.14279437609841827,0.4007029876977153
0.20656028368794327,0.2557624113475177,0.13962765957446807,0.3980496453900709
0.20245937637241984,0.25999121651295565,0.14317083882301274,0.3943785682916118
0.19902697921273774,0.26094648385670055,0.14462627156125607,0.3954002653693056
0.1966267199289836,0.2600976475810031,0.1446959609409676,0.3985796715490457
0.2037686240140228,0.26643295354951796,0.1411042944785276,0.3886941279579316
0.20008853474988933,0.2695883134130146,0.13767153607791058,0.3926516157591855
0.20193576770787505,0.27188737351517817,0.13858336999560053,0.38759348878134625
0.20580474934036938,0.26824978012313105,0.13808267370272648,0.38786279683377306
0.20993031358885017,0.2739547038327526,0.13458188153310105,0.38153310104529614
0.20848056537102475,0.2769434628975265,0.1338339222614841,0.38074204946996465
0.20500438981562774,0.2800702370500439,0.13257243195785778,0.38235294117647056
0.2067137809187279,0.28533568904593637,0.12985865724381626,0.37809187279151946
0.20247568523430592,0.28249336870026526,0.13527851458885942,0.3797524314765694
0.2084070796460177,0.2752212389380531,0.13274336283185842,0.3836283185840708
0.19554779572239198,0.28240942819729375,0.1340026189436927,0.38804015713662154
0.19168490153172865,0.287527352297593,0.13085339168490154,0.3899343544857768
0.18832309043020193,0.2884108867427568,0.1334503950834065,0.38981562774363476
0.18802289740202555,0.2906208718626156,0.13033905768383972,0.3910171730515192
0.1911504424778761,0.28982300884955753,0.12477876106194691,0.39424778761061946
0.1911504424778761,0.28893805309734516,0.12433628318584071,0.39557522123893807
0.1915269196822595,0.28640776699029125,0.12135922330097088,0.4007060900264784
0.19387755102040816,0.2905944986690328,0.1188997338065661,0.3966282165039929
0.19049694856146468,0.28945074106364427,0.11987794245858761,0.4001743679163034
0.19171441163508154,0.2904363155575143,0.11811370647862494,0.3997355663287792
0.19665640123185218,0.29168499780026397,0.11570611526616806,0.3959524857017158
0.20156726164562472,0.2956029603831084,0.11362646930779277,0.3892033086634741
0.2007042253521127,0.304137323943662,0.11047535211267606,0.3846830985915493
0.21022476862053768,0.29219920669898636,0.11414720141031291,0.3834288232701631
0.2055580061755624,0.29730921923246584,0.1164534627260697,0.3806793118659021
0.21249450065992082,0.2872855257369116,0.11702595688517378,0.38319401671799386
0.21024498886414253,0.28819599109131405,0.11804008908685969,0.38351893095768375
0.21835024261138067,0.28760476400529333,0.11204234671371857,0.3820026466696074
0.2186270222999563,0.28683865325754265,0.11674682990817666,0.3777874945343244
0.21299956082564778,0.287659200702679,0.11682037768994291,0.38252086078173037
0.21700620017714792,0.2865367581930912,0.12444641275465013,0.3720106288751107
0.2172579938677179,0.2812089356110381,0.12439772229522558,0.3771353482260184
0.2131578947368421,0.27850877192982454,0.12456140350877193,0.38377192982456143
0.21136063408190225,0.28401585204755614,0.12725671510347863,0.37736679876706297
0.21277533039647578,0.28766519823788544,0.12687224669603525,0.3726872246696035
0.2155662439877569,0.2885876694359423,0.12636641888937472,0.3694796676869261
0.21403508771929824,0.2881578947368421,0.13114035087719297,0.36666666666666664
0.21454058876003568,0.2872435325602141,0.1311329170383586,0.3670829616413916
0.2156084656084656,0.281305114638448,0.12610229276895943,0.376984126984127
0.21846153846153846,0.2764835164835165,0.13274725274725274,0.3723076923076923
0.21843154630039877,0.27913159060700043,0.13070447496677004,0.37173238812583076
0.21362229102167182,0.2812914639540027,0.13356921716054843,0.3715170278637771
0.2210065645514223,0.2814004376367615,0.13785557986870897,0.3597374179431072
0.21356230735358872,0.2804931748128578,0.1316600616468516,0.3742844561867019
0.21071115013169447,0.2800702370500439,0.1356453028972783,0.3735733099209833
0.21061869240895129,0.2759982448442299,0.13997367266344887,0.3734093900833699
0.2113857016769638,0.2727272727272727,0.13636363636363635,0.3795233892321271
0.2172566371681416,0.27477876106194693,0.13539823008849558,0.37256637168141593
0.21891418563922943,0.27189141856392296,0.13266199649737304,0.37653239929947463
0.22134733158355205,0.2668416447944007,0.1377952755905512,0.37401574803149606
0.21901007446342532,0.26850635129215944,0.13491020586947,0.37757336837494526
0.23124448367166814,0.26610767872903796,0.1297440423654016,0.37290379523389233
0.22397891963109354,0.26438296003513395,0.1339481774264383,0.3776899429073342
0.22311468094600626,0.26595269968763946,0.13119143239625167,0.3797411869701026
0.22197607443509082,0.2631812140008861,0.1338059370846256,0.38103677447939743
0.22815533980582525,0.25728155339805825,0.1354810238305384,0.3790820829655781
0.2362099644128114,0.2566725978647687,0.13745551601423486,0.36966192170818507
0.23467137185707984,0.2620202911336568,0.13630348478164975,0.3670048522276136
0.23630742049469966,0.26369257950530034,0.12897526501766785,0.3710247349823322
0.2356828193832599,0.260352422907489,0.13392070484581498,0.3700440528634361
0.2370860927152318,0.2653421633554084,0.13068432671081678,0.36688741721854307
0.2387011847301448,0.2549363756033348,0.13865730583589295,0.3677051338306275
0.23228346456692914,0.25809273840769903,0.13692038495188102,0.37270341207349084
0.22877254729432467,0.25604927408710954,0.14254289485261767,0.37263528376594807
0.2233435717419921,0.25888547608600265,0.14172882843352347,0.3760421237384818
0.22417582417582418,0.2558241758241758,0.1468131868131868,0.3731868131868132
0.22460595446584938,0.2539404553415061,0.14448336252189142,0.37697022767075306
0.22709338009644892,0.263042525208242,0.14160455940377029,0.3682595352915388
0.23043095866314864,0.25857519788918204,0.14204045734388743,0.36895338610378187
0.22765301629238222,0.2575957727873184,0.14046675473359754,0.3742844561867019
0.23218997361477572,0.25813544415127526,0.14335971855760773,0.36631486367634125
0.23060061376589217,0.2634809294169224,0.1429197720298115,0.36299868478737396
0.2328767123287671,0.26734423331860363,0.1383119752540875,0.36146707909854175
0.22998673153471916,0.2764263600176913,0.13578062804068997,0.3578062804068996
0.23157435673789795,0.2773658962058439,0.13301351940689055,0.35804622764936767
0.22914837576821773,0.2778753292361721,0.13169446883230904,0.3612818261633011
0.22364924712134632,0.2807794508414526,0.13108945969884853,0.3644818423383525
0.2247926669576604,0.2845918812745526,0.13094718463553034,0.35966826713225664
0.21932921447484555,0.28640776699029125,0.13724624889673434,0.35701676963812884
0.21785240830755634,0.28413610251878035,0.14317277949624393,0.3548387096774194
0.21288888888888888,0.2862222222222222,0.144,0.35688888888888887
0.20871862615587847,0.2862175253192426,0.1444297666226332,0.3606340819022457
0.21598939929328623,0.29063604240282687,0.14531802120141343,0.3480565371024735
0.2111746590409151,0.2864056313242411,0.14650241970963485,0.355917289925209
0.21672504378283713,0.28458844133099825,0.14886164623467601,0.3498248686514886
0.22158590308370044,0.2801762114537445,0.1524229074889868,0.3458149779735683
0.2236842105263158,0.28157894736842104,0.15087719298245614,0.34385964912280703
0.22869757174392935,0.27593818984547464,0.15673289183222958,0.33863134657836647
0.2285215874400349,0.2738770170082861,0.15787178368948976,0.33972961186218925
0.22261328640563133,0.27628684557853056,0.1592608886933568,0.3418389793224813
0.21291448516579406,0.2805410122164049,0.1575043630017452,0.34904013961605584
0.21409691629955946,0.2828193832599119,0.15330396475770924,0.3497797356828194
0.21068769163381515,0.2851511169513798,0.15462111257117828,0.3495400788436268
0.21094439541041482,0.2828773168578994,0.15445719329214475,0.351721094439541
0.21566901408450703,0.2852112676056338,0.14128521126760563,0.3578345070422535
0.21706783369803062,0.29452954048140045,0.1361050328227571,0.3522975929978118
0.2147887323943662,0.29225352112676056,0.13512323943661972,0.3578345070422535
0.21015452538631346,0.2891832229580574,0.13774834437086092,0.3629139072847682
0.21704745166959577,0.28471001757469244,0.1344463971880492,0.36379613356766255
0.21978021978021978,0.28395604395604396,0.13362637362637364,0.3626373626373626
0.218612818261633,0.2844600526777875,0.1321334503950834,0.36479367866549606
0.2185022026431718,0.29030837004405285,0.13127753303964756,0.35991189427312775
0.22671353251318102,0.28954305799648505,0.13093145869947276,0.35281195079086114
0.22569444444444445,0.2877604166666667,0.12890625,0.3576388888888889
0.2345679012345679,0.2861552028218695,0.12962962962962962,0.349647266313933
0.23063302346170872,0.2903939796370075,0.13280212483399734,0.3461708720672864
0.2350861688024746,0.29120636323464427,0.12991604065399912,0.343791427308882
0.24107536359629794,0.2886734244160423,0.13001322168356105,0.34023799030409874
0.24299474605954466,0.2819614711033275,0.12915936952714535,0.3458844133099825
0.23645104895104896,0.27928321678321677,0.131993006993007,0.3522727272727273
0.23857644991212654,0.28031634446397186,0.1256590509666081,0.3554481546572935
0.23110720562390158,0.2851493848857645,0.12785588752196836,0.35588752196836554
0.23056768558951965,0.2838427947598253,0.13187772925764193,0.3537117903930131
0.2337604949182501,0.28236853733981443,0.13256738842244808,0.3513035793194874
0.22887323943661972,0.28036971830985913,0.13512323943661972,0.35563380281690143
0.23087071240105542,0.2801231310466139,0.13236587510993844,0.35664028144239224
0.23407992973210365,0.2753623188405797,0.12779973649538867,0.362758014931928
0.23392070484581498,0.2788546255506608,0.12511013215859032,0.36211453744493394
0.23813747228381374,0.27671840354767185,0.12594235033259424,0.35920177383592017
0.24023090586145648,0.26865008880994673,0.12788632326820604,0.3632326820603908
0.2401592215833702,0.26448474126492705,0.12737726669615215,0.36797877045555066
0.23706324635117204,0.2631578947368421,0.1318000884564352,0.36797877045555066
0.23735581188997337,0.26175687666370895,0.13753327417923691,0.36335403726708076
0.23928258967629046,0.25984251968503935,0.1395450568678915,0.36132983377077865
0.24370860927152319,0.25916114790286976,0.14260485651214128,0.3545253863134658
0.2433392539964476,0.24955595026642985,0.13943161634103018,0.36767317939609234
0.24470384781668827,0.24989191526156507,0.13661910938175528,0.3687851275399914
0.24511930585683298,0.24945770065075923,0.13926247288503255,0.36616052060737525
0.24428822495606328,0.24736379613356765,0.14103690685413006,0.36731107205623903
0.23969871510855117,0.24634470536109881,0.1435533894550288,0.37040319007532124
0.2404897245299519,0.2509838216003498,0.14210756449497158,0.3664188893747267
0.24165202108963094,0.24560632688927944,0.14015817223198593,0.37258347978910367
0.24304021210782148,0.25143614670790987,0.13742819266460451,0.36809544851966414
0.2458001768346596,0.2519893899204244,0.13969938107869143,0.3625110521662246
0.24343569203382287,0.2523364485981308,0.14285714285714285,0.3613707165109034
0.2513345195729537,0.24777580071174377,0.13834519572953738,0.3625444839857651
0.25680421422300265,0.24363476733977174,0.14705882352941177,0.35250219490781387
0.25197195442594217,0.24934268185801928,0.14680105170902716,0.35188431200701137
0.2549450549450549,0.25054945054945055,0.1476923076923077,0.3468131868131868
0.2601232394366197,0.24295774647887325,0.14920774647887325,0.3477112676056338
0.25445632798573975,0.25089126559714797,0.14527629233511585,0.3493761140819964
0.2600264433671221,0.25341560158660204,0.14631996474217718,0.34023799030409874
0.26026200873362443,0.25109170305676853,0.15152838427947599,0.337117903930131
0.2655141843971631,0.24556737588652483,0.149822695035461,0.3390957446808511
0.2597173144876325,0.2508833922261484,0.14840989399293286,0.3409893992932862
0.2632978723404255,0.25177304964539005,0.14893617021276595,0.33599290780141844
0.26077492381367,0.25511536787113626,0.14497170222028732,0.3391380060949064
0.25867369345630215,0.2547211242863417,0.14448836187966624,0.3421168203776899
0.25687666370896184,0.25510204081632654,0.1495119787045253,0.3385093167701863
0.2572062084257206,0.25365853658536586,0.14722838137472283,0.3419068736141907
0.25594713656387663,0.252863436123348,0.14801762114537445,0.3431718061674009
0.25403753819292885,0.2492361414229594,0.15364469663902225,0.3430816237450895
0.24966740576496674,0.2532150776053215,0.15210643015521064,0.3450110864745011
0.24437582708425232,0.2545213939126599,0.1482134980149978,0.35288928098808997
0.24140969162995596,0.2581497797356828,0.1511013215859031,0.34933920704845817
0.24569155987627045,0.25497127706584183,0.14670790985417587,0.3526292532037119
0.2432908051033876,0.25692916849978004,0.14518257809062912,0.35459744830620327
0.2388255915863278,0.2607361963190184,0.1411042944785276,0.3593339176161262
0.23918799646954986,0.263459841129744,0.1412180052956752,0.3561341571050309
0.23765836609873306,0.26605504587155965,0.14154652686762778,0.3547400611620795
0.24237063246351173,0.26448474126492705,0.14329942503317117,0.3498452012383901
0.23792645104120513,0.26451041205139564,0.1448825875055383,0.3526805494018609
0.2395104895104895,0.2644230769230769,0.14423076923076922,0.3518356643356643
0.23566029346376166,0.2650066696309471,0.14450867052023122,0.35482436638506004
0.23443708609271524,0.26666666666666666,0.14657836644591613,0.352317880794702
0.22978910369068542,0.27152899824253074,0.14279437609841827,0.35588752196836554
0.2336283185840708,0.2606194690265487,0.14424778761061946,0.36150442477876105
0.23633156966490299,0.26587301587301587,0.13977072310405644,0.35802469135802467
0.24156071898290224,0.26085050416483996,0.1429197720298115,0.3546690048224463
0.23844812554489975,0.26285963382737576,0.13993025283347865,0.35876198779424584
0.24142480211081793,0.2620932277924362,0.14204045734388743,0.3544415127528584
0.2420774647887324,0.2662852112676056,0.14568661971830985,0.3459507042253521
0.24172915747684165,0.27084252315835905,0.1446846052051169,0.3427437141596824
0.2498890368397692,0.2685308477585442,0.1415889924545051,0.33999112294718153
0.2527520915896081,0.2668428005284016,0.1444297666226332,0.33597534125935713
0.25418502202643173,0.2696035242290749,0.13920704845814977,0.3370044052863436
0.2504424778761062,0.2663716814159292,0.1433628318584071,0.3398230088495575
0.2504378283712785,0.26532399299474607,0.14229422066549913,0.3419439579684764
0.24911971830985916,0.272887323943662,0.14084507042253522,0.3371478873239437
0.2454905411350638,0.2754069511658601,0.14122305323361198,0.33787945446546414
0.25076452599388377,0.27872433377020533,0.1402359108781127,0.3302752293577982
0.25389755011135856,0.2717149220489978,0.13808463251670378,0.3363028953229399
0.2545374059318282,0.27534307215582116,0.13767153607791058,0.33244798583444
0.2489025460930641,0.28094820017559263,0.1369622475856014,0.33318700614574187
0.2464726631393298,0.2768959435626102,0.1402116402116402,0.33641975308641975
0.2464476021314387,0.27397868561278865,0.14520426287744229,0.33436944937833035
0.2461605967529618,0.27775340061430454,0.14480035103115402,0.33128565160157963
0.24527472527472527,0.27824175824175823,0.14241758241758243,0.33406593406593404
0.24767390341160833,0.2800177226406735,0.14399645547186532,0.3283119184758529
0.2419850680720246,0.28063241106719367,0.1422924901185771,0.33509003074220467
0.24357838795394154,0.2812223206377325,0.14260407440212577,0.33259521700620015
0.24187884108867427,0.28050921861281825,0.1395961369622476,0.33801580333625986
0.24529128339903636,0.28471309680245294,0.13359614542268944,0.3363994743758213
0.24299474605954466,0.28896672504378285,0.1309106830122592,0.3371278458844133
0.24714160070360597,0.2880386983289358,0.12884784520668427,0.335971855760774
0.24083769633507854,0.29232111692844676,0.12914485165794065,0.337696335078534
0.24101665205959685,0.28702892199824714,0.13146362839614373,0.34049079754601225
0.24265028521281265,0.2939885914874945,0.13075910487055725,0.33260201842913556
0.23927465723131358,0.2980981866430783,0.12826183104820876,0.33436532507739936
0.24553571428571427,0.29285714285714287,0.12767857142857142,0.3339285714285714
0.24435590969455512,0.2965914121292607,0.12306330234617087,0.33598937583001326
0.24462954844366505,0.2897851819377466,0.12406839105655414,0.3415168785620342
0.24688612099644128,0.29359430604982206,0.12322064056939502,0.33629893238434166
0.25264084507042256,0.29225352112676056,0.12191901408450705,0.3331866197183099
0.24900662251655628,0.28874172185430463,0.12494481236203091,0.3373068432671082
0.24922941435490972,0.2906208718626156,0.12549537648612946,0.33465433729634525
0.24060150375939848,0.29677134011499334,0.12560813799203893,0.3370190181335692
0.2425438596491228,0.2969298245614035,0.125,0.3355263157894737
0.24471830985915494,0.2944542253521127,0.12632042253521128,0.3345070422535211
0.24197096348438188,0.29520457545094586,0.12626484821821382,0.3365596128464584
0.24283825473776993,0.2908770383428823,0.12692816218598502,0.33935654473336274
0.24051191526919682,0.2881729920564872,0.13415710503089143,0.33715798764342453
0.24292555507183283,0.2868959512407488,0.14018284719198956,0.32999564649542884
0.24585876198779424,0.28247602441150826,0.13862249346120314,0.3330427201394943
0.24345549738219896,0.2805410122164049,0.13917975567190227,0.3368237347294939
0.24319578577699735,0.28884986830553117,0.14047410008779632,0.32748024582967517
0.23769771528998243,0.29569420035149385,0.13708260105448156,0.3295254833040422
0.24045634050021938,0.30057042562527425,0.13646336112329968,0.3225098727512067
0.24046140195208518,0.29591836734693877,0.1388642413487134,0.32475598935226263
0.24483516483516485,0.2857142857142857,0.14505494505494507,0.3243956043956044
0.24878907970057243,0.2818141787758697,0.14222809335094672,0.3271686481726112
0.25,0.28527336860670194,0.14153439153439154,0.32319223985890655
0.24726477024070023,0.28665207877461707,0.13698030634573305,0.3291028446389497
0.24551422319474836,0.28533916849015317,0.13829321663019695,0.3308533916849015
0.2466230936819172,0.2906318082788671,0.1355119825708061,0.3272331154684096
0.24605263157894736,0.2881578947368421,0.1394736842105263,0.3263157894736842
0.24543429844097994,0.29576837416481067,0.13630289532293988,0.3224944320712695
0.24733096085409254,0.2944839857651246,0.1356761565836299,0.322508896797153
0.2537577365163572,0.28868258178603007,0.14279398762157383,0.3147656940760389
0.2572944297082228,0.2891246684350133,0.14279398762157383,0.3107869142351901
0.2616534740545295,0.29243623570800353,0.1358839050131926,0.3100263852242744
0.26006191950464397,0.2923485183547103,0.13401149933657674,0.31357806280406897
0.2675187307183781,0.2869105332745703,0.1392684001762891,0.30630233583076244
0.2662280701754386,0.2881578947368421,0.14166666666666666,0.30394736842105263
0.26407682234831953,0.28677433435181143,0.13836752509821038,0.31078131820165866
0.27048458149779736,0.2757709251101322,0.13524229074889868,0.3185022026431718
0.26343612334801764,0.28634361233480177,0.13876651982378854,0.3114537444933921
0.2633908809207614,0.2855245683930943,0.1323594510845507,0.3187250996015936
0.2587131367292225,0.2873100983020554,0.13315460232350312,0.32082216264521896
0.2598214285714286,0.28482142857142856,0.13169642857142858,0.3236607142857143
0.2590492804186655,0.2865242040994331,0.12778020061055387,0.3266463148713476
0.258121940364931,0.28126390743213175,0.1326212728081887,0.3279928793947485
0.2581641659311562,0.2850838481906443,0.13150926743159752,0.32524271844660196
0.25011008366358434,0.2848965213562307,0.1316600616468516,0.3333333333333333
0.2562747688243065,0.2857771906649053,0.12373403786878027,0.3342140026420079
0.2577092511013216,0.28634361233480177,0.126431718061674,0.3295154185022026
0.25867369345630215,0.2885375494071146,0.12428634167764603,0.3285024154589372
0.25413402959094866,0.2959094865100087,0.12532637075718014,0.32463011314186246
0.25728155339805825,0.2903795233892321,0.1262135922330097,0.3261253309796999
0.25485008818342153,0.29365079365079366,0.1283068783068783,0.32319223985890655
0.2504416961130742,0.30123674911660775,0.1254416961130742,0.32287985865724383
0.25824901011878576,0.2996040475142983,0.11922569291684998,0.322921249450066
0.2640597539543058,0.29261862917398945,0.1225834797891037,0.32073813708260107
0.26251097453906935,0.29631255487269537,0.12247585601404741,0.31870061457418786
0.26343612334801764,0.2938325991189427,0.12422907488986784,0.3185022026431718
0.2659947414548642,0.2992988606485539,0.12401402278702892,0.310692375109553
0.26605101143359716,0.3100263852242744,0.12313104661389622,0.3007915567282322
0.26799116997792494,0.30772626931567326,0.12406181015452539,0.30022075055187636
0.26666666666666666,0.3031111111111111,0.12355555555555556,0.30666666666666664
0.2612137203166227,0.30914687774846084,0.12532981530343007,0.3043095866314864
0.26334208223972005,0.3022747156605424,0.12554680664916884,0.3088363954505687
0.26748790145182577,0.2996040475142983,0.12362516498020237,0.30928288605367354
0.2656181738750546,0.2961992136304063,0.12276103101791175,0.31542158147662736
0.2621145374449339,0.29911894273127754,0.1211453744493392,0.31762114537444935
0.26173604960141716,0.295837023914969,0.12178919397697077,0.32063773250664307
0.26327433628318586,0.29513274336283185,0.12035398230088495,0.32123893805309733
0.2634809294169224,0.29460762823323106,0.12143796580447172,0.32047347654537484
0.2699822380106572,0.28152753108348133,0.11767317939609236,0.3308170515097691
0.27714033539276256,0.27493380406001766,0.11606354810238305,0.3318623124448367
0.27651183172655563,0.2712532865907099,0.12445223488168274,0.32778264680105174
0.27440633245382584,0.26824978012313105,0.1297273526824978,0.3276165347405453
0.27900797165633306,0.26660761736049604,0.12533215234720993,0.32905225863596105
0.28170250109697237,0.26327336551118913,0.12417727073277754,0.330846862659061
0.28452797202797203,0.26486013986013984,0.1258741258741259,0.32473776223776224
0.27846425419240955,0.26257722859664606,0.12886142983230361,0.3300970873786408
0.28533451484271155,0.26406734603455917,0.12494461674789543,0.32565352237483386
0.28206258263552225,0.26487439400617013,0.13089466725429705,0.32216835610401057
0.28956521739130436,0.2643478260869565,0.12347826086956522,0.3226086956521739
0.2921646746347942,0.26117751217352814,0.12837538733953077,0.31828242585214694
0.29578077424967375,0.26663766855154414,0.11961722488038277,0.3179643323183993
0.29223946784922394,0.2678492239467849,0.12283813747228381,0.3170731707317073
0.2922192749778957,0.2630415561450044,0.12643678160919541,0.3183023872679045
0.2920509442248573,0.26613965744400525,0.12472551602986386,0.3170838823012736
0.29770318021201414,0.26148409893992935,0.11925795053003534,0.3215547703180212
0.29256489221293447,0.2608886933567972,0.12230532336119665,0.32424109106907173
0.29498000888494,0.26521545979564637,0.12083518436250555,0.31896934695690804
0.29691629955947135,0.26607929515418505,0.12158590308370044,0.31541850220264317
0.304177545691906,0.2658833768494343,0.11792863359442994,0.31201044386422977
0.3046909250328803,0.26654975887768523,0.1183691363437089,0.3103901797457256
0.30170529077393965,0.270222999562746,0.11499781372977701,0.3130738959335374
0.30106571936056836,0.2699822380106572,0.11634103019538189,0.31261101243339257
0.2993854258121159,0.26953467954345917,0.12203687445127305,0.3090430201931519
0.30057547587428063,0.2598494909251881,0.1248339973439575,0.3147410358565737
0.30387461906835,0.261645624727906,0.12538093164997824,0.3090988245537658
0.3010092145677929,0.2593242650285213,0.12593242650285214,0.3137340939008337
0.2993799822852081,0.26483613817537643,0.1262178919397697,0.3095659875996457
0.29308065226972235,0.254737769942706,0.13089466725429705,0.3212869105332746
0.2896825396825397,0.25925925925925924,0.13580246913580246,0.3152557319223986
0.28891820580474936,0.262532981530343,0.13192612137203166,0.316622691292876
0.28691423519009723,0.2692307692307692,0.1317418213969938,0.3121131741821397
0.2859013531209079,0.2745525971191619,0.13225665648188564,0.3072893932780445
0.28346456692913385,0.2755905511811024,0.1321084864391951,0.3088363954505687
0.28077091546211125,0.2777047744196233,0.1305300043802015,0.31099430573806397
0.2756183745583039,0.2826855123674912,0.13162544169611307,0.31007067137809186
0.28115435067774375,0.2763445561871447,0.13423699169217315,0.30826410144293837
0.28068631764188295,0.27804663440387156,0.13374395072591289,0.3075230972283326
0.2729286663712893,0.281346920691183,0.13159060700044306,0.3141338059370846
0.28068631764188295,0.2855257369115706,0.1271447426308843,0.3066432028156621
0.2806167400881057,0.28634361233480177,0.12951541850220263,0.30352422907488985
0.27880386983289357,0.2849604221635884,0.1248900615655233,0.3113456464379947
0.2764084507042254,0.28829225352112675,0.12235915492957747,0.31294014084507044
0.27128363475959416,0.2827525363917071,0.12659902955447727,0.31936479929422146
0.27080581241743723,0.28269484808454426,0.12637604579480405,0.32012329370321446
0.27300613496932513,0.2778264680105171,0.12269938650306748,0.3264680105170903
0.2711487088156723,0.27649154051647373,0.1219946571682992,0.3303650934995548
0.28,0.27608695652173915,0.11956521739130435,0.3243478260869565
0.28019323671497587,0.2766798418972332,0.12209046991655688,0.32103645147123405
0.28047703180212014,0.26943462897526504,0.11749116607773852,0.3325971731448763
0.2818141787758697,0.26904447380008806,0.11756935270805813,0.33157199471598414
0.2728471001757469,0.2719683655536028,0.1234622144112478,0.3317223198594025
0.2733274647887324,0.2737676056338028,0.12191901408450705,0.33098591549295775
0.27589246364037023,0.27016306743058616,0.12252093433230499,0.3314235345967387
0.27300884955752214,0.27079646017699116,0.12256637168141593,0.33362831858407077
0.2717678100263852,0.2700087950747581,0.12357080035180298,0.33465259454705365
0.26763031099430573,0.27463863337713534,0.12395970214629873,0.33377135348226017
0.26724890829694326,0.27117903930131004,0.12532751091703057,0.33624454148471616
0.26605101143359716,0.28100263852242746,0.12708883025505716,0.3258575197889182
0.26389496717724287,0.2805251641137856,0.13041575492341356,0.325164113785558
0.2621870882740448,0.28370663153271847,0.12867808519982432,0.3254281949934124
0.2649154051647373,0.280053428317008,0.12822796081923418,0.3268032056990205
0.263668430335097,0.281305114638448,0.1300705467372134,0.32495590828924165
0.26448474126492705,0.2848297213622291,0.12870411322423705,0.3219814241486068
0.26517150395778366,0.28144239226033424,0.13324538258575197,0.3201407211961302
0.2656319290465632,0.2736141906873614,0.1352549889135255,0.3254988913525499
0.2604303908651735,0.2784365393061045,0.1339481774264383,0.3271848924022837
0.26152482269503546,0.2770390070921986,0.13297872340425532,0.32845744680851063
0.2612137203166227,0.2774846086191733,0.13324538258575197,0.3280562884784521
0.2587565674255692,0.2788966725043783,0.1300350262697023,0.3323117338003503
0.2624834290764472,0.2761820592134335,0.12903225806451613,0.3323022536456032
0.2642762284196547,0.2788844621513944,0.1279327135900841,0.3289065958388668
0.26194690265486725,0.27654867256637167,0.12787610619469025,0.33362831858407077
0.2614089499335401,0.27337173238812584,0.12760301284891448,0.33761630482941957
0.2686369651521835,0.27393030436700483,0.12571680635200705,0.3317159241288046
0.2710896309314587,0.2719683655536028,0.12214411247803164,0.3347978910369069
0.2697921273772667,0.2697921273772667,0.12251216275984078,0.33790358248562585
0.2712014134275618,0.2663427561837456,0.12809187279151943,0.33436395759717313
0.27512066695919263,0.2663448881088197,0.12724879333040806,0.33128565160157963
0.26541320507214694,0.27328377787494534,0.12811543506777437,0.3331875819851334
0.26784140969162995,0.2696035242290749,0.1303964757709251,0.33215859030837
0.27060379021595415,0.26928162185985016,0.127809607756721,0.3323049801674747
0.27288810260946483,0.2697921273772667,0.12472357363998231,0.33259619637328613
0.26897470039946736,0.2734132268086995,0.12649800266311584,0.33111407012871724
0.2669305189094107,0.27088830255057167,0.13192612137203166,0.3302550571679859
0.2667844522968198,0.27385159010600707,0.12897526501766785,0.3303886925795053
0.265962131219727,0.27036547776309994,0.13033905768383972,0.3333333333333333
0.26531511679153813,0.27016306743058616,0.13045394446892905,0.33406787130894666
0.2675438596491228,0.27324561403508774,0.13289473684210526,0.3263157894736842
0.27079646017699116,0.27168141592920353,0.13495575221238937,0.32256637168141594
0.27541998231653403,0.26436781609195403,0.1312997347480106,0.32891246684350134
0.2792236435818262,0.2606969563299515,0.13233348037053375,0.32774591971768857
0.28134556574923547,0.2638706858890345,0.13324595893403232,0.3215377894276977
0.2809439002671416,0.27248441674087265,0.1246660730186999,0.3219056099732858
0.2846975088967972,0.27001779359430605,0.12233096085409252,0.32295373665480426
0.2893709327548807,0.26941431670281996,0.11887201735357918,0.3223427331887202
0.2902662592754256,0.2666957660410301,0.11916193801833261,0.3238760366652117
0.29626373626373625,0.26681318681318683,0.11252747252747253,0.3243956043956044
0.29871851524524967,0.2629253203711887,0.11312417145382236,0.3252319929297393
0.3036649214659686,0.262652705061082,0.11780104712041885,0.3158813263525305
0.29515418502202645,0.26123348017621145,0.11409691629955947,0.3295154185022026
0.300087489063867,0.26071741032370954,0.11023622047244094,0.3289588801399825
0.295364238410596,0.26048565121412803,0.10905077262693157,0.3350993377483444
0.3018867924528302,0.2566915313734094,0.10881965774462483,0.33260201842913556
0.2971905179982441,0.262071992976295,0.11018437225636524,0.3305531167690957
0.29732103645147123,0.25867369345630215,0.1111111111111111,0.3328941589811155
0.30511463844797176,0.2601410934744268,0.11155202821869488,0.32319223985890655
0.2995614035087719,0.2649122807017544,0.11140350877192982,0.32412280701754387
0.2996057818659658,0.2645641699518178,0.1116951379763469,0.3241349102058695
0.2967372134038801,0.26455026455026454,0.11243386243386243,0.3262786596119929
0.29554477282752534,0.2659902955447728,0.11116012351124835,0.32730480811645346
0.29232111692844676,0.26657940663176266,0.112565445026178,0.3285340314136126
0.29289810322011467,0.2611380679311866,0.11204234671371857,0.33392148213498013
0.30084182543198934,0.2614089499335401,0.1072219760744351,0.33052724856003546
0.30365799911855446,0.25958572058175405,0.10489202291758484,0.3318642573821067
0.3098716246126605,0.2580787959274015,0.1049136786188579,0.32713590084108013
0.30230496453900707,0.25930851063829785,0.10505319148936171,0.3333333333333333
0.2959542656112577,0.2620932277924362,0.10246262093227793,0.33948988566402816
0.2917771883289125,0.26790450928381965,0.09991158267020336,0.34040671971706454
0.29442508710801396,0.26393728222996515,0.10452961672473868,0.33710801393728224
0.2962147887323944,0.2671654929577465,0.10387323943661972,0.33274647887323944
0.30004418912947417,0.26557666813963765,0.1042863455589925,0.3300927971718957
0.30527248560035447,0.2618520159503766,0.10101905183872396,0.331856446610545
0.2906208718626156,0.2677234698370762,0.10127697049757815,0.34037868780273006
0.2890932982917214,0.26631625054752517,0.10600087604029786,0.33858957512045557
