R,A,S,N
1.0,0.0,0.0,0.0
0.6666666666666666,0.3333333333333333,0.0,0.0
0.7,0.3,0.0,0.0
0.631578947368421,0.2631578947368421,0.0,0.10526315789473684
0.5714285714285714,0.2571428571428571,0.05714285714285714,0.11428571428571428
0.5423728813559322,0.288135593220339,0.06779661016949153,0.1016949152542373
0.5208333333333334,0.25,0.08333333333333333,0.14583333333333334
0.4861111111111111,0.2708333333333333,0.09027777777777778,0.1527777777777778
0.48,0.24,0.115,0.165
0.45323741007194246,0.23741007194244604,0.12949640287769784,0.17985611510791366
0.4450704225352113,0.2535211267605634,0.12112676056338029,0.18028169014084508
0.42946058091286304,0.26141078838174275,0.1078838174273859,0.2012448132780083
0.4169435215946844,0.2691029900332226,0.11129568106312292,0.2026578073089701
0.4247669773635153,0.26897470039946736,0.1051930758988016,0.2010652463382157
0.42164599774520856,0.2717023675310034,0.11273957158962795,0.1939120631341601
0.3923679060665362,0.2896281800391389,0.1223091976516634,0.19569471624266144
0.3889354568315172,0.28415758591785417,0.12740989103101424,0.1994970662196144
0.3712574850299401,0.28892215568862273,0.13622754491017963,0.20359281437125748
0.3740053050397878,0.28116710875331563,0.14456233421750664,0.2002652519893899
0.36955187231430325,0.2823818293431553,0.14855739717618172,0.19950890116635972
0.36177474402730375,0.28725824800910127,0.149032992036405,0.20193401592718999
0.35932560590094836,0.2876712328767123,0.15858798735511065,0.19441517386722867
0.3504230960676954,0.29417620706819314,0.16177202588352413,0.19362867098058736
0.3557369179068651,0.2918867018722996,0.16322611617858857,0.18915026404224675
0.34584702017832003,0.29375879868606286,0.1703425621773815,0.19005161895823558
0.3400642496558054,0.29600734281780633,0.16888480954566315,0.1950435979807251
0.3336384439359268,0.29473684210526313,0.1643020594965675,0.20732265446224257
0.3381294964028777,0.29451438848920863,0.16546762589928057,0.2018884892086331
0.3325812274368231,0.2946750902527076,0.16696750902527077,0.20577617328519857
0.3200354609929078,0.29565602836879434,0.16888297872340424,0.2154255319148936
0.320704845814978,0.2955947136563877,0.17004405286343613,0.21365638766519823
0.32381370826010547,0.29569420035149385,0.1634446397188049,0.21704745166959577
0.31620553359683795,0.3052261747913922,0.16556873078612208,0.21299956082564778
0.31965065502183404,0.29694323144104806,0.1685589519650655,0.21484716157205241
0.32075471698113206,0.2974989030276437,0.16630100921456778,0.21544537077665643
0.3287488908606921,0.28793256433007985,0.16592724046140195,0.21739130434782608
0.3204054649625386,0.29308065226972235,0.16659321286910533,0.21992066989863376
0.3206208425720621,0.28824833702882485,0.17339246119733925,0.21773835920177384
0.3142605633802817,0.2904929577464789,0.1742957746478873,0.22095070422535212
0.3172113289760349,0.2840958605664488,0.17298474945533768,0.22570806100217866
0.3080298376480913,0.2913558578323826,0.16849495392716105,0.23211935059236508
0.3015803336259877,0.2980684811237928,0.16900790166812993,0.23134328358208955
0.3025618374558304,0.3003533568904594,0.17535335689045936,0.22173144876325088
0.30128489144882586,0.3030571555161719,0.17678334071776694,0.21887461231723526
0.30184534270650265,0.30052724077328646,0.17926186291739896,0.21836555360281196
0.3018785495849716,0.30144167758846657,0.17518567059851464,0.2214941022280472
0.2953549517966696,0.3063102541630149,0.18141980718667836,0.21691498685363717
0.3028571428571429,0.2975824175824176,0.17846153846153845,0.2210989010989011
0.3001768346595933,0.30282935455349247,0.17374005305039789,0.22325375773651635
0.2994652406417112,0.29723707664884136,0.1836007130124777,0.2196969696969697
0.29964850615114236,0.30140597539543057,0.18585237258347978,0.21309314586994726
0.30122591943957966,0.29816112084063046,0.18476357267950963,0.2158493870402802
0.3067833698030635,0.2989059080962801,0.18205689277899342,0.212253829321663
0.3026315789473684,0.30043859649122806,0.18333333333333332,0.21359649122807017
0.3032427695004382,0.29842243645924627,0.18624014022787028,0.21209465381244522
0.3009623797025372,0.3013998250218723,0.18635170603674542,0.21128608923884515
0.2938847338319402,0.3075230972283326,0.18829740431148262,0.21029476462824462
0.29486062717770034,0.30270034843205573,0.18989547038327526,0.21254355400696864
0.3004405286343612,0.2986784140969163,0.1881057268722467,0.21277533039647578
0.30310994305738065,0.2982917214191853,0.1835304424003504,0.21506789312308366
0.2958057395143488,0.3055187637969095,0.1880794701986755,0.21059602649006623
0.2995652173913044,0.3030434782608696,0.18565217391304348,0.2117391304347826
0.2916666666666667,0.30657894736842106,0.18947368421052632,0.21228070175438596
0.29785370127025845,0.2996057818659658,0.19010074463425317,0.21243977222952257
0.2973568281938326,0.29911894273127754,0.186784140969163,0.21674008810572687
0.3018867924528302,0.29925405879771827,0.18692408951294429,0.21193505923650724
0.3039258932509925,0.29775033083370095,0.18659020732245257,0.211733568592854
0.3046181172291297,0.2984014209591474,0.1878330373001776,0.2091474245115453
0.30644454186760195,0.3007452871547567,0.1841297676457694,0.208680403331872
0.30688753269398433,0.2951176983435048,0.1900610287707062,0.20793374019180472
0.3021710234824989,0.3017279574656624,0.19140451927337174,0.204696499778467
0.30115146147032773,0.3015943312666076,0.19087688219663418,0.20637732506643047
0.3070796460176991,0.3004424778761062,0.18938053097345134,0.20309734513274336
0.3065083553210202,0.2959542656112577,0.19261213720316622,0.20492524186455585
0.3141980718667835,0.2887817703768624,0.18886941279579317,0.2081507449605609
0.30857648099027407,0.29000884173297964,0.1909814323607427,0.21043324491600354
0.3153034300791557,0.2941952506596306,0.1868953386103782,0.20360598065083554
0.31274812527569473,0.2933392148213498,0.19276576973974416,0.2011468901632113
0.3169230769230769,0.28835164835164834,0.19076923076923077,0.20395604395604397
0.31161971830985913,0.2887323943661972,0.1932218309859155,0.20642605633802816
0.3115910092551785,0.29175848391361836,0.1890700749228735,0.20758043190832967
0.309114927344782,0.2901805372082783,0.18626155878467635,0.2144429766622633
0.30803177405119153,0.29346866725507503,0.18623124448367168,0.2122683142100618
0.30545774647887325,0.30369718309859156,0.17869718309859156,0.21214788732394366
0.30181175430844015,0.2982766239505082,0.18426866990720284,0.21564295183384888
0.2996914940502424,0.3014543851917144,0.17937417364477742,0.21947994711326577
0.3,0.2991150442477876,0.17920353982300885,0.22168141592920354
0.2963940193491645,0.29683377308707126,0.18337730870712401,0.2233948988566403
0.3037135278514589,0.2957559681697613,0.1786030061892131,0.22192749778956675
0.31117957746478875,0.2904929577464789,0.17781690140845072,0.2205105633802817
0.3144239226033421,0.2862796833773087,0.1789797713280563,0.22031662269129287
0.30971128608923887,0.2887139107611549,0.17804024496937884,0.22353455818022747
0.3191865605658709,0.28691423519009723,0.17329796640141468,0.22060123784261715
0.30924222514235655,0.2864651773981603,0.18177836180464302,0.22251423565484013
0.3032172763331864,0.28250330542089025,0.18510356985456147,0.22917584839136185
0.30369718309859156,0.2852112676056338,0.18529929577464788,0.22579225352112675
0.3113666519239275,0.28084918177797435,0.183547103051747,0.22423706324635118
0.31028446389496717,0.2818380743982494,0.1824945295404814,0.22538293216630198
0.3125,0.28433098591549294,0.1835387323943662,0.21963028169014084
0.3025732031943212,0.29547471162378,0.17834960070984915,0.2236024844720497
0.29903677758318736,0.29947460595446584,0.17600700525394045,0.22548161120840632
0.2934447866256049,0.30532336119665643,0.1781786185657721,0.22305323361196655
0.2985532661113547,0.3042525208241999,0.17755370451556335,0.21964050854888206
0.29484354341119434,0.3080652269722345,0.18025561921551345,0.21683561040105773
0.2961354754667825,0.2996092053842814,0.18323925314806774,0.22101606600086843
0.2968056787932564,0.29458740017746227,0.18633540372670807,0.2222715173025732
0.29631255487269537,0.29280070237050043,0.18920105355575065,0.22168568920105355
0.2955536181342633,0.2868352223190933,0.1948561464690497,0.2227550130775937
0.29591836734693877,0.2803904170363798,0.19831410825199644,0.225377107364685
0.29541446208112876,0.2861552028218695,0.1966490299823633,0.22178130511463845
0.30465320456540823,0.2844600526777875,0.19271290605794555,0.21817383669885865
0.3054945054945055,0.2865934065934066,0.18945054945054945,0.21846153846153846
0.3034452296819788,0.286660777385159,0.18992932862190812,0.21996466431095407
0.3099955966534566,0.28269484808454426,0.19374724790841039,0.21356230735358872
0.31699779249448123,0.282560706401766,0.19293598233995585,0.20750551876379691
0.3151167915381225,0.2895548699867783,0.18995152049360953,0.20537681798148966
0.3140350877192982,0.2855263157894737,0.18947368421052632,0.21096491228070174
0.31393298059964725,0.28527336860670194,0.1931216931216931,0.20767195767195767
0.31318923687692984,0.290251433612704,0.18570798411998235,0.21085134539038378
0.308964316797215,0.2845953002610966,0.18798955613577023,0.21845082680591818
0.3060156931124673,0.2829119442022668,0.1909328683522232,0.22013949433304272
0.30265486725663715,0.28053097345132744,0.19601769911504424,0.22079646017699114
0.3011683254002596,0.2803980960623107,0.2020770229337949,0.2163565556036348
0.30662488809310656,0.2775290957923008,0.19740376007162042,0.21844225604297224
0.3159752868490733,0.2736098852603707,0.1915269196822595,0.21888790820829657
0.31901840490797545,0.2712532865907099,0.19412795793163892,0.21560035056967572
0.31704095112285335,0.265962131219727,0.19594892118009688,0.22104799647732276
0.3140604467805519,0.26763031099430573,0.1962330267192291,0.22207621550591328
0.31699779249448123,0.269757174392936,0.19293598233995585,0.22030905077262694
0.3172566371681416,0.27079646017699116,0.19469026548672566,0.2172566371681416
0.3118613949355842,0.2687694358063083,0.19813416259440247,0.22123500666370502
0.3123070136744596,0.2681958535509484,0.19629466254962505,0.22320247022496692
0.30516014234875444,0.27179715302491103,0.19839857651245552,0.22464412811387902
0.30864197530864196,0.26631393298059963,0.19753086419753085,0.2275132275132275
0.30282935455349247,0.2612732095490716,0.20070733863837312,0.23519009725906279
0.3124448367166814,0.25551632833186233,0.19814651368049427,0.23389232127096204
0.31422319474835886,0.25426695842450764,0.1951859956236324,0.2363238512035011
0.3163941670349094,0.25055236411842685,0.19708351745470615,0.2359699513919576
0.31217162872154114,0.2486865148861646,0.2009632224168126,0.2381786339754816
0.3109729009329187,0.2558862727676588,0.20079964460239894,0.23234118169702356
0.31940167179938406,0.25296964364276286,0.1922569291684998,0.2353717553893533
0.3132424109106907,0.25252969643642764,0.194456665200176,0.23977122745270568
0.31194690265486724,0.2579646017699115,0.2013274336283186,0.22876106194690266
0.3081395348837209,0.25447227191413235,0.20080500894454384,0.23658318425760286
0.30638852672750977,0.2507605388961321,0.20208604954367665,0.24076488483268144
0.29911894273127754,0.252863436123348,0.20352422907488987,0.2444933920704846
0.3022437307523097,0.2551693796744391,0.20105587329520458,0.24153101627804663
0.30021978021978024,0.2545054945054945,0.20483516483516484,0.24043956043956044
0.30008787346221444,0.2530755711775044,0.210896309314587,0.2359402460456942
0.30864197530864196,0.23765432098765432,0.21119929453262787,0.24250440917107582
0.3079295154185022,0.2475770925110132,0.20308370044052865,0.24140969162995596
0.2982766239505082,0.25231992929739283,0.20813079982324348,0.2412726469288555
0.2937803264225849,0.24481693868548743,0.21305690339655933,0.24834583149536832
0.29036515618125824,0.24417069951605808,0.21645402551693796,0.24901011878574572
0.2911392405063291,0.23745089480576168,0.21868179834133566,0.2527280663465735
0.2912280701754386,0.23596491228070177,0.21052631578947367,0.26228070175438595
0.294478527607362,0.23751095530236635,0.2112182296231376,0.2567922874671341
0.2895080539834567,0.2455376578145407,0.2063561166739225,0.2585981715280801
0.28678745028722935,0.2421564295183385,0.21034025629695094,0.2607158638974812
0.2896703296703297,0.23692307692307693,0.21054945054945054,0.26285714285714284
0.30207872622733306,0.23485183547103053,0.20654577620521894,0.2565236620964175
0.2946113074204947,0.2336572438162544,0.20980565371024734,0.2619257950530035
0.2953229398663697,0.2289532293986637,0.20846325167037863,0.267260579064588
0.30136383633963926,0.2278926528816542,0.20765508139023317,0.2630884293884734
0.29928952042628776,0.22291296625222023,0.21580817051509768,0.2619893428063943
0.2969509500662837,0.2213875386654883,0.21652673442333187,0.26513477684489617
0.30499561787905344,0.22085889570552147,0.21297107800175286,0.26117440841367223
0.3050328227571116,0.21794310722100657,0.20831509846827134,0.2687089715536105
0.30759046778464255,0.2175639894086496,0.21050308914386584,0.26434245366284204
0.3022847100175747,0.22100175746924428,0.2086994727592267,0.2680140597539543
0.3026431718061674,0.21497797356828194,0.21101321585903085,0.2713656387665198
0.3127208480565371,0.20980565371024734,0.20715547703180212,0.2703180212014134
0.3120879120879121,0.2123076923076923,0.20307692307692307,0.2725274725274725
0.3012205754141238,0.2140366172624237,0.2105492589363557,0.27419354838709675
0.30799823243482105,0.21829429960229785,0.20371188687582856,0.26999558108705257
0.29772329246935203,0.22635726795096323,0.20271453590192645,0.2732049036777583
0.2951251646903821,0.22924901185770752,0.20553359683794467,0.27009222661396576
0.29295154185022027,0.2286343612334802,0.2026431718061674,0.2757709251101322
0.2857142857142857,0.23052959501557632,0.205607476635514,0.27814864263462397
0.28383128295254834,0.23374340949033393,0.2038664323374341,0.27855887521968364
0.2884108867427568,0.23748902546093065,0.20280948200175591,0.2712906057945566
0.2885202968136185,0.24443474465298995,0.19816673941510257,0.26887821911828896
0.28926353149955636,0.2440106477373558,0.20141969831410825,0.2653061224489796
0.2869757174392936,0.24944812362030905,0.2022075055187638,0.26136865342163357
0.2877254729432468,0.24945006599208094,0.20061592608886933,0.2622085349758029
0.29385574354407834,0.25111308993766696,0.19857524487978628,0.25645592163846836
0.29747386759581884,0.2417247386759582,0.20078397212543553,0.26001742160278746
0.293598233995585,0.2423841059602649,0.20088300220750552,0.2631346578366446
0.29409151488227453,0.24788982674366947,0.1928031985784096,0.26521545979564637
0.29765590446705,0.24590888987173817,0.18973905351614329,0.26669615214506853
0.2872952633908809,0.25763612217795484,0.1943337760070828,0.26073483842408146
0.29117259552042163,0.2621870882740448,0.18620992534036013,0.2604303908651735
0.2946625496250551,0.2602558447287164,0.18659020732245257,0.25849139832377593
0.2973568281938326,0.260352422907489,0.18546255506607928,0.25682819383259914
0.29654255319148937,0.2699468085106383,0.18129432624113476,0.2522163120567376
0.2956140350877193,0.2644736842105263,0.18640350877192982,0.2535087719298246
0.28839441535776617,0.26657940663176266,0.18979057591623036,0.25523560209424084
0.2982842058952926,0.2644082710074791,0.1869775626924769,0.2503299604047514
0.2984084880636605,0.2656940760389036,0.1852343059239611,0.2506631299734748
0.2917933130699088,0.27312201476335213,0.18801563178462874,0.24706904038211028
0.2918681318681319,0.2742857142857143,0.18681318681318682,0.24703296703296704
0.29279080053073864,0.2786377708978328,0.18664307828394516,0.2419283502874834
0.29424681598594643,0.27624066754501536,0.18357487922705315,0.24593763724198506
0.29313380281690143,0.27596830985915494,0.18221830985915494,0.24867957746478872
0.28895678742907027,0.2736796158882584,0.18943692710606722,0.24792666957660411
0.2908141053548106,0.2777535916412712,0.1828471919895516,0.24858511101436656
0.2917960088691796,0.2811529933481153,0.17960088691796008,0.247450110864745
0.2958241758241758,0.2804395604395604,0.17758241758241758,0.24615384615384617
0.3011836913634371,0.28408592722490134,0.1696624287593161,0.24506795265234546
0.2998678996036988,0.2716864817261119,0.17613386173491855,0.2523117569352708
0.2958553791887125,0.27292768959435626,0.17945326278659612,0.2517636684303351
0.29924745462594066,0.267817618415228,0.18326693227091634,0.249667994687915
0.29219920669898636,0.2736888497135302,0.1873071837814015,0.24680475980608196
0.29316389132340054,0.2773882559158633,0.19500438212094653,0.23444347063978965
0.2881504153913424,0.28071709663314387,0.1954525579361609,0.23567993003935286
0.28810572687224667,0.27312775330396477,0.19295154185022026,0.24581497797356827
0.2884026258205689,0.2800875273522976,0.1912472647702407,0.24026258205689277
0.28508578970523535,0.27584689837219534,0.1948966124065112,0.24417069951605808
0.2856516015796402,0.2759982448442299,0.19569986836331724,0.24265028521281265
0.2841506129597198,0.27495621716287216,0.19527145359019266,0.2456217162872154
0.274822695035461,0.2823581560283688,0.1972517730496454,0.24556737588652483
0.28063241106719367,0.2810715854194115,0.20245937637241984,0.23583662714097497
0.27982456140350875,0.2767543859649123,0.20833333333333334,0.23508771929824562
0.28163444639718804,0.27152899824253074,0.2126537785588752,0.23418277680140598
0.2835164835164835,0.26989010989010986,0.21670329670329672,0.22989010989010988
0.2782685512367491,0.2698763250883392,0.22040636042402828,0.2314487632508834
0.27626970227670755,0.2683887915936953,0.22066549912434325,0.23467600700525393
0.27628684557853056,0.2666080070391553,0.21865376154861416,0.23845138583369996
0.28130434782608693,0.25608695652173913,0.22130434782608696,0.24130434782608695
0.27873945849977805,0.25876608965823344,0.2228140257434532,0.2396804260985353
0.2778761061946903,0.2570796460176991,0.22212389380530972,0.24292035398230089
0.2765957446808511,0.2579244463742944,0.22405557967867998,0.24142422926617454
0.2740026304252521,0.2604120999561596,0.2253397632617273,0.24024550635686104
0.27821869488536155,0.26146384479717816,0.2244268077601411,0.23589065255731922
0.27276765881830295,0.26166148378498444,0.22612172367836517,0.2394491337183474
0.2740150509074812,0.25719344842850816,0.22620628596724215,0.24258521469676847
0.27188737351517817,0.25692916849978004,0.22657281126264847,0.2446106467223933
0.2666957660410301,0.25578350065473593,0.22828459188127456,0.2492361414229594
0.2627834593152512,0.25477990217874613,0.22987994664295242,0.25255669186305024
0.26961858833844804,0.2516440157825515,0.23366944322665498,0.24506795265234546
0.27090592334494773,0.25609756097560976,0.22560975609756098,0.24738675958188153
0.26845342706502634,0.2543936731107206,0.22891036906854131,0.2482425307557118
0.271304347826087,0.25782608695652176,0.22260869565217392,0.2482608695652174
0.26773049645390073,0.25,0.23359929078014185,0.24867021276595744
0.2711189739053516,0.24723573639982308,0.22335249889429457,0.25829279080053075
0.2773626373626374,0.2378021978021978,0.229010989010989,0.2558241758241758
0.27920353982300883,0.23893805309734514,0.2331858407079646,0.24867256637168142
0.2742006132282085,0.2378449408672799,0.23653088042049936,0.2514235654840123
0.28313518273888155,0.23690004403346543,0.2307353588727433,0.24922941435490972
0.27924362357080035,0.23966578715919085,0.2339489885664028,0.24714160070360597
0.27855887521968364,0.24428822495606328,0.23374340949033393,0.24340949033391915
0.27232341181697023,0.2492225677476677,0.23678365171035096,0.2416703687250111
0.2669902912621359,0.23962930273609886,0.24227714033539277,0.2511032656663725
0.27059344552701503,0.2400354295837024,0.23516386182462357,0.254207263064659
0.27152899824253074,0.23418277680140598,0.23681898066783832,0.25746924428822493
0.27292672224659936,0.23211935059236508,0.23913997367266346,0.2558139534883721
0.2739244951712028,0.233099209833187,0.24363476733977174,0.24934152765583845
0.2763796909492274,0.2282560706401766,0.2423841059602649,0.25298013245033113
0.2727272727272727,0.22550750220653135,0.24669020300088262,0.25507502206531335
0.27169149868536374,0.22655565293602103,0.24496056091148116,0.2567922874671341
0.27906976744186046,0.22465993856954805,0.24440544098288722,0.25186485300570427
0.2826855123674912,0.2252650176678445,0.24469964664310953,0.24734982332155478
0.2850262697022767,0.22285464098073554,0.2425569176882662,0.24956217162872155
0.2857766143106457,0.22207678883071552,0.2430191972076789,0.24912739965095987
0.28727590730214253,0.2190642763445562,0.24267599475295146,0.2509838216003498
0.2763445561871447,0.2264975951027547,0.24180148666375165,0.25535636204634893
0.27353463587921845,0.22824156305506216,0.2424511545293073,0.2557726465364121
0.27541998231653403,0.23253757736516356,0.2413793103448276,0.2506631299734748
0.2780725022104332,0.22988505747126436,0.24005305039787797,0.2519893899204244
0.2833775419982317,0.23342175066312998,0.2427055702917772,0.24049513704686118
0.2805628847845207,0.2343887423043096,0.23922603342128407,0.24582233948988566
0.2745270567531896,0.2402111746590409,0.23625164980202376,0.24901011878574572
0.27508802816901406,0.23503521126760563,0.23371478873239437,0.25616197183098594
0.27984084880636606,0.23253757736516356,0.2409372236958444,0.246684350132626
0.28053097345132744,0.2327433628318584,0.23539823008849559,0.2513274336283186
0.28178998670801947,0.23260965883916704,0.2405848471422242,0.24501550731058927
0.27970188513809735,0.23147742218325296,0.2376150811047786,0.2512056115738711
0.27976980965028775,0.22797698096502877,0.23948649845064188,0.2527667109340416
0.27768014059753954,0.22583479789103691,0.242091388400703,0.2543936731107206
0.2845744680851064,0.22783687943262412,0.23581560283687944,0.25177304964539005
0.28024637043554773,0.2309722833260009,0.2336119665640123,0.2551693796744391
0.27835951134380454,0.23472949389179756,0.231239092495637,0.2556719022687609
0.2772407732864675,0.23462214411247803,0.23110720562390158,0.2570298769771529
0.2821869488536155,0.23589065255731922,0.23059964726631393,0.25132275132275134
0.2896368467670505,0.23870682019486272,0.22896368467670505,0.24269264836138174
0.29000884173297964,0.23519009725906279,0.22988505747126436,0.24491600353669318
0.2921847246891652,0.2353463587921847,0.22824156305506216,0.24422735346358793
0.29305002213368747,0.2381584772023019,0.22177954847277556,0.24701195219123506
0.2870855148342059,0.23472949389179756,0.225130890052356,0.2530541012216405
0.2840210711150132,0.23968393327480245,0.22300263388937663,0.2532923617208077
0.28665496049165934,0.23485513608428446,0.22431957857769974,0.25417032484635643
0.2848432055749129,0.23606271777003485,0.22517421602787457,0.2539198606271777
0.2907334211682038,0.23715415019762845,0.21826965305226176,0.25384277558190604
0.28683865325754265,0.23524267599475296,0.219938784433756,0.2579798863139484
0.28628318584070794,0.23584070796460177,0.2172566371681416,0.2606194690265487
0.2908525754884547,0.22602131438721138,0.22424511545293072,0.2588809946714032
0.29357798165137616,0.22717343818261249,0.2127566622979467,0.26649191786806464
0.29440069991251094,0.23097112860892388,0.21653543307086615,0.25809273840769903
0.28652668416447946,0.2327209098862642,0.21916010498687663,0.2615923009623797
0.2850177304964539,0.2375886524822695,0.2154255319148936,0.261968085106383
0.2901206973625391,0.22843093428699152,0.21502011622708986,0.2664282521233795
0.28634167764602547,0.2318840579710145,0.21124286341677645,0.27053140096618356
0.29035087719298247,0.2307017543859649,0.2100877192982456,0.268859649122807
0.2913558578323826,0.2369460289600702,0.21061869240895129,0.26107942079859586
0.2929652715939448,0.23018699910952806,0.21282279608192342,0.26402493321460374
0.2960698689956332,0.2331877729257642,0.21004366812227074,0.2606986899563319
0.29569420035149385,0.23022847100175747,0.20913884007029876,0.2649384885764499
0.2986842105263158,0.2307017543859649,0.20526315789473684,0.26535087719298245
0.2939885914874945,0.23519087318999563,0.20184291355857834,0.26897762176393153
0.2944812362030905,0.23664459161147902,0.20309050772626933,0.26578366445916113
0.2926509186351706,0.2357830271216098,0.20253718285214348,0.2690288713910761
0.2933097031457687,0.23438192290651308,0.20026583961010191,0.2720425343376163
0.29094076655052264,0.23780487804878048,0.1990418118466899,0.272212543554007
0.2975824175824176,0.23868131868131867,0.19428571428571428,0.26945054945054947
0.29335711101203743,0.23762817654926438,0.20106999554168525,0.26794471689701294
0.289086859688196,0.2400890868596882,0.1955456570155902,0.27527839643652563
0.2963290579389651,0.23396727111897392,0.18885448916408668,0.28084918177797435
0.2920901458241273,0.2346442775077331,0.1917808219178082,0.2814847547503314
0.29375276916260523,0.2352680549401861,0.19007532122286222,0.2809038546743465
0.2897278314310799,0.237928007023705,0.1922739244951712,0.2800702370500439
0.29544449358690844,0.23573639982308714,0.19150818222025653,0.2773109243697479
0.2908770383428823,0.23666813574261789,0.19215513442044954,0.28029969149405026
0.29210526315789476,0.2394736842105263,0.19605263157894737,0.2723684210526316
0.29542425588627275,0.23411816970235452,0.1896934695690804,0.2807641048422923
0.3028169014084507,0.22975352112676056,0.19234154929577466,0.27508802816901406
0.3050328227571116,0.23457330415754923,0.18599562363238512,0.27439824945295405
0.30221238938053097,0.23672566371681417,0.1902654867256637,0.27079646017699116
0.295837023914969,0.23649247121346323,0.1904340124003543,0.27723649247121346
0.2954844366505918,0.2376150811047786,0.19070583077597544,0.2761946514686541
0.2998678996036988,0.23866138265081463,0.18582122413033905,0.2756494936151475
0.2951754385964912,0.23684210526315788,0.18947368421052632,0.27850877192982454
0.2912621359223301,0.24051191526919682,0.1853486319505737,0.2828773168578994
0.29592284085927223,0.24199912319158265,0.183691363437089,0.2783866725120561
0.29352137505509035,0.24416042309387395,0.18378140149845748,0.2785368003525782
0.29159369527145357,0.24737302977232925,0.18388791593695272,0.27714535901926446
0.2877070619006103,0.24237140366172624,0.1878814298169137,0.2820401046207498
0.28786536758193093,0.24446412754650132,0.1904340124003543,0.27723649247121346
0.2903795233892321,0.2409532215357458,0.18623124448367168,0.2824360105913504
0.2865342163355408,0.24944812362030905,0.1845474613686534,0.27947019867549666
0.28476527900797166,0.24977856510186006,0.183348095659876,0.2821080602302923
0.28413610251878035,0.25497127706584183,0.1794078656650464,0.2814847547503314
0.2833260008798944,0.24901011878574572,0.17905851297844258,0.2886053673559173
0.2857773851590106,0.24469964664310953,0.18109540636042404,0.2884275618374558
0.2855257369115706,0.23977122745270568,0.18125824901011878,0.2934447866256049
0.28533214444939814,0.24164065983058403,0.18323673651359787,0.28979045920642
0.28884986830553117,0.23397717295873574,0.18832309043020193,0.28884986830553117
0.28407587119541244,0.23511248345831495,0.19144243493603882,0.2893692104102338
0.28337028824833704,0.2319290465631929,0.19689578713968958,0.28780487804878047
0.28659070990359337,0.23794916739702016,0.19412795793163892,0.2813321647677476
0.28484054172127565,0.23809523809523808,0.19484491044124072,0.2822193097422455
0.2880386983289358,0.23658751099384345,0.1948109058927001,0.2805628847845207
0.2842661965623623,0.2371088585279859,0.19303657999118554,0.2855883649184663
0.27372583479789103,0.24165202108963094,0.19332161687170474,0.29130052724077327
0.2730480811645346,0.24217026907807676,0.19497132774591971,0.2898103220114689
0.2862175253192426,0.2311756935270806,0.18934390136503743,0.29326287978863935
0.28690685413005274,0.23462214411247803,0.18717047451669597,0.29130052724077327
0.2946817785527463,0.22929380993897122,0.18875326939843068,0.2872711421098518
0.28808380619816676,0.2317765168048887,0.19161938018332605,0.2885202968136185
0.28590308370044054,0.2356828193832599,0.19427312775330396,0.2841409691629956
0.2839451570101725,0.23308270676691728,0.19371959310039805,0.28925254312251214
0.28252299605781866,0.240473061760841,0.19404292597459483,0.2829610162067455
0.2836411609498681,0.2436235708003518,0.18953386103781883,0.2832014072119613
0.27697684578418524,0.24683267802533856,0.1909130624726955,0.2852774137177807
0.27453580901856767,0.2475685234305924,0.1931918656056587,0.28470380194518125
0.26716222125054656,0.24879755137735024,0.19239177962396153,0.2916484477481417
0.26918018412976763,0.2512056115738711,0.18719859710653222,0.292415607189829
0.27104451300132215,0.24768620537681799,0.18951079770824153,0.29175848391361836
0.2695035460992908,0.24468085106382978,0.18528368794326242,0.300531914893617
0.2636001769128704,0.24281291463954002,0.19548872180451127,0.2980981866430783
0.26449912126537783,0.242091388400703,0.19639718804920914,0.29701230228471004
0.265929203539823,0.25265486725663716,0.18849557522123894,0.2929203539823009
0.2713656387665198,0.25418502202643173,0.18634361233480176,0.28810572687224667
0.26669615214506853,0.2516585581601061,0.19150818222025653,0.2901371074745688
0.26997366110623355,0.2489025460930641,0.1900790166812994,0.291044776119403
0.2737576285963383,0.24411508282476024,0.19049694856146468,0.2916303400174368
0.27276707530647987,0.24649737302977234,0.18651488616462347,0.29422066549912435
0.27380952380952384,0.23853615520282187,0.18871252204585537,0.29894179894179895
0.27753496503496505,0.23994755244755245,0.19055944055944055,0.291958041958042
0.27883340698188247,0.2346442775077331,0.19222271321254972,0.29429960229783475
0.2773851590106007,0.2398409893992933,0.19125441696113074,0.2915194346289753
0.278580814717477,0.23565484012264565,0.1927288655278143,0.29303547963206306
0.27850877192982454,0.23596491228070177,0.18947368421052632,0.29605263157894735
0.28326745718050067,0.23364075537988582,0.18972332015810275,0.2933684672815108
0.2786885245901639,0.23792645104120513,0.1843154630039876,0.29906956136464335
0.27328918322295803,0.24415011037527592,0.17924944812362031,0.3033112582781457
0.279754062362758,0.23978919631093545,0.1800614844093105,0.30039525691699603
0.284452296819788,0.23763250883392226,0.1793286219081272,0.29858657243816256
0.28734622144112476,0.24165202108963094,0.17530755711775045,0.29569420035149385
0.2881578947368421,0.23991228070175438,0.17412280701754385,0.29780701754385963
0.28868258178603007,0.2471264367816092,0.17639257294429708,0.28779840848806365
0.28496273564226215,0.24594476106970628,0.17273125822007893,0.29636124506795264
0.29151785714285716,0.23660714285714285,0.17008928571428572,0.30178571428571427
0.2891352549889135,0.2443458980044346,0.17472283813747227,0.2917960088691796
0.28277972027972026,0.24344405594405594,0.17963286713286714,0.29414335664335667
0.2899122807017544,0.24298245614035088,0.17719298245614035,0.2899122807017544
0.29393536963258077,0.24435590969455512,0.17928286852589642,0.2824258521469677
0.29484354341119434,0.24019391802556192,0.18025561921551345,0.2847069193477303
0.3014121800529568,0.23962930273609886,0.18005295675198588,0.27890556045895853
0.3010092145677929,0.23650724001755155,0.17858709960508995,0.2838964458095656
0.3019197207678883,0.2369109947643979,0.17713787085514834,0.28403141361256545
0.30242825607064017,0.24150110375275938,0.17792494481236204,0.2781456953642384
0.3014121800529568,0.24051191526919682,0.17784642541924095,0.2802294792586055
0.2953436807095344,0.24390243902439024,0.18137472283813746,0.2793791574279379
0.3023154215814766,0.24115334207077327,0.17518567059851464,0.28134556574923547
0.3011135857461025,0.24632516703786192,0.1714922048997773,0.28106904231625834
0.30223390275952694,0.24091108190976784,0.17082785808147175,0.28602715724923344
0.30945054945054945,0.23824175824175825,0.17054945054945056,0.28175824175824177
0.3124724548259145,0.2379903040987219,0.17320405464962538,0.27633318642573823
0.3095030514385353,0.23757628596338273,0.17611159546643418,0.27680906713164777
0.30813186813186816,0.2334065934065934,0.17582417582417584,0.2826373626373626
0.304635761589404,0.24194260485651214,0.17660044150110377,0.2768211920529801
0.30687830687830686,0.23148148148148148,0.17724867724867724,0.2843915343915344
0.29463500439753737,0.2436235708003518,0.1789797713280563,0.2827616534740545
0.29084537888742884,0.24310118265440211,0.17958826106000875,0.2864651773981603
0.29568697198755,0.2432192085371276,0.17696754112939084,0.2841262783459315
0.30149647887323944,0.23767605633802816,0.17473591549295775,0.2860915492957746
0.2969298245614035,0.2381578947368421,0.18070175438596492,0.28421052631578947
0.30026572187776795,0.23604960141718334,0.1758193091231178,0.28786536758193093
0.2984084880636605,0.23253757736516356,0.17374005305039789,0.2953138815207781
0.30066225165562915,0.2335540838852097,0.17306843267108168,0.29271523178807946
0.294478527607362,0.23444347063978965,0.17177914110429449,0.2992988606485539
0.29846153846153844,0.23604395604395603,0.1767032967032967,0.2887912087912088
0.30092797171895713,0.23773751657092354,0.173663278833407,0.2876712328767123
0.3022847100175747,0.23857644991212654,0.17794376098418277,0.281195079086116
0.29383471797114125,0.23961521644075207,0.1810231744643638,0.2855268911237429
0.2925860547219771,0.23962930273609886,0.18623124448367168,0.2815533980582524
0.2919611307420495,0.2393992932862191,0.1855123674911661,0.2831272084805654
0.29515418502202645,0.2356828193832599,0.18634361233480176,0.2828193832599119
0.29973474801061006,0.23784261715296198,0.1830238726790451,0.27939876215738285
0.29263992948435436,0.23931247245482593,0.18157778757161747,0.2864698104892023
0.2890453145622525,0.24725032996040475,0.1781786185657721,0.2855257369115706
0.29419467481449146,0.2492361414229594,0.17590571802706242,0.2806634657354867
0.29406593406593406,0.2523076923076923,0.17494505494505494,0.2786813186813187
0.2959680992467878,0.24634470536109881,0.17678334071776694,0.2809038546743465
0.29403854773644106,0.24383684446436577,0.17749887942626624,0.28462572837292693
0.29023746701846964,0.24318381706244502,0.1785400175901495,0.2880386983289358
0.28786536758193093,0.24844995571302037,0.17493356953055803,0.2887511071744907
0.2892998678996037,0.24570673712021135,0.17437252311756934,0.2906208718626156
0.2881578947368421,0.24780701754385964,0.17719298245614035,0.2868421052631579
0.2925860547219771,0.2418358340688438,0.17563989408649602,0.28993821712268314
0.2840909090909091,0.24431818181818182,0.18006993006993008,0.291520979020979
0.2922874671340929,0.23751095530236635,0.18098159509202455,0.2892199824715162
0.29146608315098466,0.23326039387308534,0.1798687089715536,0.29540481400437635
0.2904636920384952,0.23534558180227472,0.17672790901137359,0.2974628171478565
0.29172141918528255,0.231712658782304,0.17915024091108192,0.2974156811213316
0.2874617737003058,0.23197903014416776,0.182175622542595,0.2983835736129314
0.28615384615384615,0.23384615384615384,0.18637362637362637,0.2936263736263736
0.2872200263504611,0.23847167325428195,0.18181818181818182,0.2924901185770751
0.2916666666666667,0.2394736842105263,0.17456140350877192,0.2942982456140351
0.2852760736196319,0.2432077125328659,0.175284837861525,0.2962313759859772
0.28439964943032425,0.2401402278702892,0.17747589833479405,0.2979842243645925
0.2848242100578549,0.2398753894080997,0.1806853582554517,0.2946150422785937
0.28003533568904593,0.24558303886925795,0.1855123674911661,0.28886925795053003
0.2792122538293217,0.24332603938730854,0.187308533916849,0.2901531728665208
0.2826278659611993,0.24779541446208111,0.18430335097001763,0.28527336860670194
0.2889867841409692,0.2475770925110132,0.18370044052863435,0.27973568281938327
0.2890148212728858,0.25326939843068874,0.1826503923278117,0.2750653879686138
0.2858399296394019,0.2563764291996482,0.1802990325417766,0.2774846086191733
0.28350970017636684,0.2517636684303351,0.18738977072310406,0.27733686067019403
0.27855887521968364,0.2539543057996485,0.18848857644991213,0.2789982425307557
0.2820169567157519,0.2570281124497992,0.17938420348058903,0.2815707273538599
0.28483516483516486,0.2479120879120879,0.18153846153846154,0.2857142857142857
0.2934497816593886,0.2423580786026201,0.18209606986899562,0.28209606986899566
0.28993821712268314,0.24271844660194175,0.18402471315092675,0.2833186231244484
0.2814814814814815,0.24705882352941178,0.18257080610021786,0.28888888888888886
0.2821522309711286,0.2489063867016623,0.18328958880139984,0.28565179352580927
0.2840909090909091,0.24519230769230768,0.1888111888111888,0.28190559440559443
0.280794701986755,0.2467991169977925,0.19072847682119207,0.28167770419426047
0.275022143489814,0.24446412754650132,0.19309123117803365,0.28742249778565104
0.27292576419213976,0.24716157205240175,0.18908296943231442,0.2908296943231441
0.2698481561822126,0.2503253796095445,0.19522776572668113,0.28459869848156183
0.27276765881830295,0.24744557974233675,0.18836072856508218,0.2914260328742781
0.27344782034346105,0.2514310876265962,0.19418758256274768,0.2809335094671951
0.272207563764292,0.24626209322779244,0.19832893579595426,0.2832014072119613
0.2730480811645346,0.24172915747684165,0.20291133656815175,0.282311424790472
0.27047038327526135,0.2460801393728223,0.20252613240418119,0.2809233449477352
0.27717154081187256,0.24050632911392406,0.2060235704932344,0.276298559580969
0.272207563764292,0.24626209322779244,0.2088830255057168,0.2726473175021988
0.27549668874172184,0.24635761589403973,0.2088300220750552,0.2693156732891832
0.27555945590171127,0.24835454146555508,0.20315928038613426,0.27292672224659936
0.27551467367498905,0.25405168637757336,0.19754708716600963,0.2728865527814279
0.2768211920529801,0.24503311258278146,0.20088300220750552,0.2772626931567329
0.26897762176393153,0.249670908293111,0.20184291355857834,0.2795085563843791
0.2657558395769061,0.25209343323049804,0.1996474217717056,0.28250330542089025
0.2722419928825623,0.25044483985765126,0.199288256227758,0.2780249110320285
0.26978574551814605,0.254919108001749,0.19895059029296022,0.2763445561871447
0.27568042142230026,0.25548726953467954,0.20237050043898155,0.2664618086040386
0.2739606126914661,0.25164113785557984,0.20481400437636763,0.26958424507658646
0.2736471623405191,0.2512098548174219,0.19973603167619886,0.2754069511658601
0.272207563764292,0.2546174142480211,0.2022867194371152,0.27088830255057167
0.265666372462489,0.2497793468667255,0.21094439541041482,0.2736098852603707
0.2663427561837456,0.24072438162544169,0.2151060070671378,0.2778268551236749
0.2674008810572687,0.24185022026431718,0.21233480176211453,0.27841409691629954
0.27059344552701503,0.23737821080602303,0.21390611160318868,0.27812223206377323
0.2765864332603939,0.23588621444201313,0.21181619256017506,0.27571115973741794
0.27613586237318044,0.24084693427437143,0.20688134097926775,0.27613586237318044
0.27768014059753954,0.2438488576449912,0.210896309314587,0.26757469244288223
0.27495621716287216,0.24956217162872155,0.21147110332749564,0.2640105078809107
0.2751322751322751,0.25396825396825395,0.21428571428571427,0.2566137566137566
0.2654320987654321,0.24074074074074073,0.2261904761904762,0.26763668430335097
0.25569176882662,0.2434325744308231,0.23423817863397547,0.26663747810858146
0.255619215513442,0.24416042309387395,0.23049801674746584,0.26972234464521816
0.25495376486129456,0.2408630559225011,0.23469837076177896,0.26948480845442535
0.25394736842105264,0.2412280701754386,0.23859649122807017,0.2662280701754386
0.24933804060017653,0.24624889673433362,0.24227714033539277,0.2621359223300971
0.2517574692442882,0.24560632688927944,0.23637961335676624,0.2662565905096661
0.2559262510974539,0.2497805092186128,0.23046532045654083,0.26382791922739246
0.25919361984935757,0.2459016393442623,0.23172352680549402,0.2631812140008861
0.25396825396825395,0.24691358024691357,0.23500881834215168,0.2641093474426808
0.2600264433671221,0.24724548259145,0.22829440282062582,0.26443367122080214
0.26137377341659235,0.24308652988403212,0.22702943800178413,0.26851025869759143
0.2631348511383538,0.24387040280210157,0.22985989492119088,0.2631348511383538
0.26297273526824977,0.25021987686895336,0.218117854001759,0.26868953386103783
0.2595520421607378,0.2534036012296882,0.21958717610891523,0.26745718050065875
0.2606969563299515,0.2514336127040141,0.21702690780767533,0.27084252315835905
