R,A,S,N
0.0,1.0,0.0,0.0
0.0,0.6666666666666666,0.0,0.3333333333333333
0.0,0.6923076923076923,0.0,0.3076923076923077
0.0,0.8,0.0,0.2
0.0,0.7878787878787878,0.0,0.21212121212121213
0.0,0.7884615384615384,0.0,0.21153846153846154
0.025,0.725,0.0,0.25
0.017391304347826087,0.7130434782608696,0.0,0.26956521739130435
0.017857142857142856,0.7083333333333334,0.0,0.27380952380952384
0.02702702702702703,0.7027027027027027,0.0,0.2702702702702703
0.03460207612456748,0.6920415224913494,0.006920415224913495,0.2664359861591695
0.04419889502762431,0.6602209944751382,0.0027624309392265192,0.292817679558011
0.042222222222222223,0.6533333333333333,0.0044444444444444444,0.3
0.039927404718693285,0.6497277676950998,0.009074410163339383,0.30127041742286753
0.04236006051437216,0.6384266263237519,0.01059001512859304,0.3086232980332829
0.055627425614489,0.6144890038809832,0.014230271668822769,0.31565329883570503
0.05172413793103448,0.6077586206896551,0.018318965517241378,0.32219827586206895
0.054285714285714284,0.5828571428571429,0.024761904761904763,0.3380952380952381
0.0547945205479452,0.5582191780821918,0.02910958904109589,0.3578767123287671
0.05372217958557176,0.5571757482732157,0.0283960092095165,0.3607060629316961
0.056485355648535567,0.5460251046025104,0.03138075313807531,0.36610878661087864
0.056998100063331225,0.5294490183660545,0.03546548448385054,0.37808739708676375
0.053497942386831275,0.5267489711934157,0.036449147560258674,0.38330393885949443
0.058310626702997276,0.5171662125340599,0.03814713896457766,0.3863760217983651
0.059517701385325805,0.5002565418163161,0.04155977424320164,0.3986659825551565
0.05917159763313609,0.4881656804733728,0.046351084812623275,0.40631163708086787
0.06451612903225806,0.48050072219547424,0.0495907558979297,0.405392392874338
0.06556603773584906,0.4721698113207547,0.0509433962264151,0.41132075471698115
0.07041609510745313,0.4590763603109282,0.05029721079103795,0.4202103337905807
0.07046678635547576,0.45601436265709155,0.05026929982046679,0.4232495511669659
0.07791629563668745,0.44345503116651824,0.052983081032947466,0.42564559216384684
0.0792520035618878,0.4416740872662511,0.05431878895814782,0.42475512021371326
0.08095028596568411,0.43994720633523976,0.056313242410910694,0.4227892652881654
0.08061674008810572,0.43876651982378856,0.05682819383259912,0.4237885462555066
0.08285839544059623,0.44322665497588776,0.05830775975449364,0.41560718982902234
0.08347902097902098,0.4409965034965035,0.05812937062937063,0.4173951048951049
0.08028231142479048,0.44331715924128806,0.05690339655932951,0.419497132774592
0.07989464442493416,0.44688323090430204,0.061018437225636525,0.4122036874451273
0.08197443807844866,0.4464521815777876,0.061260467166152494,0.41031291317761126
0.08160564622849581,0.44596382884869873,0.061755624172915746,0.4106749007498897
0.08877284595300261,0.4412532637075718,0.057876414273281114,0.4120974760661445
0.09062912450505939,0.44302683677958643,0.05763308402991641,0.4087109546854377
0.09251881363435148,0.43780433820274456,0.05754758742806552,0.4121292607348384
0.08930928288605368,0.44478662560492743,0.05851297844258689,0.40739111306643205
0.09074733096085409,0.44928825622775803,0.06138790035587188,0.398576512455516
0.09246275197195443,0.44347063978965817,0.06134969325153374,0.40271691498685364
0.09179170344218888,0.4289496910856134,0.06398940864960283,0.4152691968225949
0.09237472766884532,0.4309368191721133,0.06274509803921569,0.4139433551198257
0.09082853345148427,0.4315463003987594,0.06380150642445724,0.41382365972529905
0.09255178492728074,0.4358748347289555,0.0639048038783605,0.4076685764654033
0.09502664298401421,0.43206039076376557,0.06349911190053285,0.40941385435168737
0.09523809523809523,0.4320664045434688,0.0655307994757536,0.4071647007426824
0.09055118110236221,0.42694663167104113,0.06780402449693788,0.4146981627296588
0.09698848538529672,0.42825509300265724,0.06510186005314438,0.4096545615589017
0.09937888198757763,0.42014196983141083,0.06610470275066549,0.4143744454303461
0.0958904109589041,0.4215642951833849,0.06628369421122404,0.41626159964648696
0.09749670619235837,0.42731664470794906,0.06851119894598155,0.40667545015371104
0.09942806863176419,0.43114826220853497,0.06687197536295644,0.4025516937967444
0.10236220472440945,0.4238845144356955,0.06867891513560805,0.40507436570428695
0.10303830911492734,0.42536327608982827,0.06605019815059446,0.40554821664464996
0.11324879755137734,0.4219501530389156,0.06821163095758635,0.3965894184521207
0.11545293072824156,0.4182948490230906,0.06971580817051509,0.39653641207815277
0.11351590106007067,0.4112190812720848,0.07022968197879859,0.40503533568904593
0.11346578366445915,0.41898454746136865,0.06710816777041943,0.40044150110375276
0.11232996928477403,0.41641070645019745,0.07064501974550241,0.4006143045195261
0.11816578483245149,0.4149029982363316,0.07054673721340388,0.39638447971781304
0.12042346713718571,0.4111160123511248,0.070577856197618,0.39788266431407143
0.1193505923650724,0.41158402808249234,0.07240017551557701,0.3966652040368583
0.12268314210061783,0.41041482789055606,0.07325684024713151,0.3936451897616946
0.12693498452012383,0.4073418841220699,0.07209199469261389,0.3936311366651924
0.12978442586889574,0.41135063792344917,0.07259128904531456,0.3862736471623405
0.13097345132743363,0.40707964601769914,0.07212389380530973,0.3898230088495575
0.13241806908768822,0.41054030115146145,0.07263064658990256,0.38441098317094774
0.13479212253829323,0.4061269146608315,0.07527352297592997,0.3838074398249453
0.13572060123784263,0.4062776304155615,0.07648099027409372,0.38152077807250223
0.1323918799646955,0.4099735216240071,0.07590467784642542,0.38172992056487204
0.13668122270742358,0.40567685589519653,0.07248908296943231,0.3851528384279476
0.137340939008337,0.4023694602896007,0.07064501974550241,0.3896445809565599
0.13773502404897245,0.4027109750765195,0.0660253607345868,0.3935286401399213
0.14028144239226034,0.4045734388742304,0.06728232189973615,0.38786279683377306
0.14266784452296818,0.4041519434628975,0.06537102473498234,0.3878091872791519
0.14801762114537445,0.4026431718061674,0.06343612334801763,0.3859030837004405
0.15350877192982457,0.4004385964912281,0.06184210526315789,0.38421052631578945
0.1539815222173339,0.4025516937967444,0.062032556093268805,0.38143422789265286
0.15251989389920426,0.40671971706454463,0.0614500442086649,0.3793103448275862
0.15225976305397104,0.40807371654234315,0.06274681878016675,0.37691970162351907
0.15414676508901434,0.411202778983934,0.059921841076856275,0.3747286148501954
0.1557811120917917,0.41306266548984993,0.05516328331862312,0.3759929390997352
0.15211640211640212,0.41798941798941797,0.05511463844797178,0.3747795414462081
0.15360915492957747,0.4159330985915493,0.05501760563380282,0.37544014084507044
0.15387968613775066,0.41935483870967744,0.05448997384481256,0.3722755013077594
0.14686540990793512,0.42393686979395,0.057430951337132836,0.37176676896098204
0.14508233199821985,0.43168669336893634,0.059190031152647975,0.36404094348019583
0.149010989010989,0.42329670329670327,0.06285714285714286,0.3648351648351648
0.14993365767359576,0.41397611676249446,0.06501547987616099,0.3710747456877488
0.14756258234519104,0.42028985507246375,0.06719367588932806,0.36495388669301715
0.1465478841870824,0.4209354120267261,0.06636971046770601,0.36614699331848555
0.14759169244365886,0.4158197083517455,0.06539991162174105,0.3711886875828546
0.14602346805736635,0.4180790960451977,0.06605823554976098,0.3698392003476749
0.1473590767865069,0.41145139813581894,0.07012871726586774,0.3710608078118065
0.14222809335094672,0.4099515631880229,0.07485689123734038,0.37296345222369
0.1500658183413778,0.403247038174638,0.0741553312856516,0.3725318121983326
0.15606936416184972,0.40373499333036905,0.07870164517563362,0.3614939973321476
0.15234720992028344,0.4065544729849424,0.07927369353410098,0.3618246235606732
0.15269855199648968,0.4001755155770075,0.08336989907854322,0.36375603334795964
0.14814814814814814,0.4091710758377425,0.082010582010582,0.36067019400352734
0.14654418197725283,0.4041994750656168,0.08180227471566054,0.3674540682414698
0.15126416739319964,0.4067131647776809,0.08326068003487358,0.35876198779424584
0.15463458110516934,0.40730837789661317,0.08957219251336898,0.3484848484848485
0.15773150199379707,0.4009747452370403,0.08639787328311918,0.3548958794860434
0.16072214883311317,0.38881549977983265,0.08762659621312198,0.3628357551739322
0.16608238387379493,0.3913234005258545,0.08588957055214724,0.3567046450482033
0.16777335104028332,0.39176626826029215,0.08853474988933156,0.351925630810093
0.16520210896309315,0.39806678383128297,0.08699472759226713,0.34973637961335674
0.16430469441984058,0.3937112488928255,0.08724534986713905,0.35473870682019487
0.16769911504424778,0.3929203539823009,0.08495575221238938,0.35442477876106193
0.16400709219858156,0.39095744680851063,0.0899822695035461,0.3550531914893617
0.16651943462897525,0.3917844522968198,0.08833922261484099,0.35335689045936397
0.17115130127922365,0.39523599470666076,0.0886634318482576,0.34494927216585797
0.16541685046316718,0.39523599470666076,0.09042787825319806,0.34891927657697397
0.16534740545294635,0.3988566402814424,0.09586631486367635,0.33992963940193494
0.16354121238552116,0.3981683384212822,0.10161360662887048,0.33667684256432623
0.167693661971831,0.3921654929577465,0.1034330985915493,0.33670774647887325
0.1674127126230976,0.39883616830796775,0.09937332139659803,0.3343777976723366
0.1720524017467249,0.39388646288209606,0.09475982532751091,0.33930131004366815
0.16931918656056588,0.40274093722369586,0.09814323607427056,0.3297966401414677
0.17137809187279152,0.39796819787985865,0.09717314487632508,0.3334805653710247
0.17421909370875496,0.3884733831940167,0.10118785745710515,0.3361196656401232
0.1724288840262582,0.3864332603938731,0.10284463894967177,0.33829321663019696
0.167337807606264,0.3856823266219239,0.10738255033557047,0.3395973154362416
0.16770186335403728,0.38065661047027505,0.1095829636202307,0.34205856255545697
0.17117903930131004,0.3746724890829694,0.11004366812227075,0.3441048034934498
0.1725043782837128,0.37346760070052537,0.10945709281961472,0.3445709281961471
0.18173758865248227,0.37101063829787234,0.10726950354609929,0.3399822695035461
0.18769230769230769,0.3643956043956044,0.10505494505494506,0.34285714285714286
0.17817371937639198,0.36525612472160357,0.10734966592427617,0.3492204899777283
0.18034934497816593,0.36331877729257644,0.10873362445414847,0.3475982532751092
0.17544623421854594,0.36612973443622115,0.10927296473661298,0.34915106660861994
0.17901234567901234,0.3611111111111111,0.10978835978835978,0.35008818342151676
0.17782608695652175,0.36217391304347823,0.1108695652173913,0.3491304347826087
0.18054338299737072,0.35451358457493426,0.11086765994741454,0.3540753724802805
0.177270732777534,0.35322509872751207,0.11189118034225537,0.35761298815269854
0.17799210872424376,0.3612450679526523,0.11047786058746165,0.35028496273564225
0.1804078014184397,0.3625886524822695,0.10505319148936171,0.3519503546099291
0.178743961352657,0.3645147123407993,0.10847606499780413,0.3482652613087396
0.17603160667251974,0.36347673397717295,0.1093064091308165,0.35118525021949076
0.1796116504854369,0.3627537511032657,0.11032656663724624,0.3473080317740512
0.18278615794143743,0.3660159716060337,0.10869565217391304,0.34250221827861577
0.190004502476362,0.36515083295812695,0.10760918505177848,0.33723547951373256
0.18520159503766062,0.35799734160389896,0.1072219760744351,0.34957908728400533
0.1809023215067893,0.34910205869469996,0.11300919842312747,0.3569864213753833
0.18169877408056043,0.3524518388791594,0.11339754816112084,0.3524518388791594
0.18298059964726632,0.3447971781305115,0.11772486772486772,0.3544973544973545
0.18290522586359612,0.34942426926483616,0.11514614703277236,0.3525243578387954
0.17852466171977302,0.35181143605412485,0.1204714098646879,0.34919249236141425
0.17285028371890004,0.35704932343954604,0.11916193801833261,0.3509384548232213
0.1704194260485651,0.36467991169977926,0.10905077262693157,0.3558498896247241
0.17444933920704847,0.3607929515418502,0.10792951541850221,0.3568281938325991
0.1709363957597173,0.3621908127208481,0.10909893992932862,0.357773851590106
0.18213969938107868,0.3572060123784262,0.10698496905393456,0.3536693191865606
0.1745890715237672,0.35273211905819635,0.10839626832518881,0.36428254109284763
0.17985927880386984,0.35048372911169745,0.10686015831134564,0.3627968337730871
0.1834372217275156,0.3481745325022262,0.10552092609082814,0.3628673196794301
0.18337730870712401,0.3438874230430959,0.10554089709762533,0.3671943711521548
0.18575851393188855,0.34011499336576734,0.10703228659885007,0.367094206103494
0.19456617002629273,0.3282208588957055,0.10517090271691498,0.3720420683610868
0.1899343544857768,0.3361050328227571,0.09934354485776806,0.374617067833698
0.18711656441717792,0.33610867659947413,0.0985977212971078,0.3781770376862401
0.18934390136503743,0.33465433729634525,0.09687362395420519,0.37912813738441214
0.18755516328331862,0.33848190644307147,0.09488084730803177,0.3790820829655781
0.19113082039911308,0.3348115299334812,0.09667405764966741,0.37738359201773836
0.1864555848724714,0.3403693931398417,0.09630606860158311,0.37686895338610377
0.186784140969163,0.3387665198237885,0.1013215859030837,0.37312775330396475
0.18986784140969162,0.3383259911894273,0.1026431718061674,0.36916299559471366
0.18637362637362637,0.3362637362637363,0.10329670329670329,0.3740659340659341
0.18286728806036395,0.33644030181979584,0.10252996005326231,0.3781624500665779
0.18314210061782876,0.33980582524271846,0.10414827890556046,0.37290379523389233
0.18550851156700132,0.3387167175905718,0.1017023134002619,0.374072457442165
0.18714222809335096,0.33553500660501984,0.09819462791721709,0.37912813738441214
0.1835024261138068,0.33965593295103663,0.10322011468901632,0.37362152624614026
0.18755477651183172,0.33304119193689746,0.10604732690622261,0.3733567046450482
0.19051799824407376,0.3292361720807726,0.10886742756804214,0.3713784021071115
0.18606701940035272,0.32671957671957674,0.10846560846560846,0.3787477954144621
0.18659658344283836,0.3232588699080158,0.11038107752956636,0.3797634691195795
0.190224570673712,0.32100396301188905,0.10788199031263761,0.3808894760017613
0.188470066518847,0.3246119733924612,0.10598669623059867,0.3809312638580931
0.19072847682119207,0.3161147902869757,0.1055187637969095,0.38763796909492276
0.19298245614035087,0.31973684210526315,0.10087719298245613,0.3864035087719298
0.19383259911894274,0.31762114537444935,0.10044052863436123,0.3881057268722467
0.19507908611599298,0.3211775043936731,0.09929701230228472,0.3844463971880492
0.1943711521547933,0.32849604221635886,0.0980650835532102,0.37906772207563766
0.20079964460239894,0.31808085295424254,0.10350955131052865,0.37760995113282986
0.19604395604395605,0.32395604395604394,0.09934065934065935,0.38065934065934065
0.20280332895313186,0.32063074901445465,0.09811651335961455,0.37844940867279897
0.2052980132450331,0.32097130242825606,0.1011037527593819,0.3726269315673289
0.20747252747252748,0.31736263736263737,0.09978021978021978,0.37538461538461537
0.2047451669595782,0.3194200351493849,0.09710017574692442,0.37873462214411246
0.2072743207712533,0.3229623137598598,0.09290096406660824,0.3768624014022787
0.2062720848056537,0.3246466431095406,0.09054770318021202,0.37853356890459366
0.2072310405643739,0.32583774250440917,0.09082892416225749,0.37610229276895946
0.20407259849490925,0.32270916334661354,0.09251881363435148,0.3806994245241257
0.203397212543554,0.3249128919860627,0.08885017421602788,0.3828397212543554
0.2063632346442775,0.3309765797613787,0.08528501988510827,0.3773751657092355
0.20309734513274336,0.3309734513274336,0.08495575221238938,0.38097345132743365
0.1991111111111111,0.3302222222222222,0.09155555555555556,0.3791111111111111
0.1993006993006993,0.3291083916083916,0.09003496503496504,0.38155594405594406
0.20265486725663717,0.3305309734513274,0.08716814159292036,0.37964601769911505
0.20503756076005303,0.3261157755192223,0.08926204153778171,0.379584622182943
0.20927152317880796,0.3218543046357616,0.0922737306843267,0.3766004415011038
0.2075637642919965,0.32409850483729113,0.09278803869832894,0.3755496921723835
0.2038327526132404,0.31794425087108014,0.09581881533101046,0.382404181184669
0.19850352112676056,0.32526408450704225,0.09551056338028169,0.3807218309859155
0.2015810276679842,0.3298199385155907,0.09090909090909091,0.3776899429073342
0.20328450954283178,0.3280071016422548,0.09276520195295163,0.3759431868619618
0.21076033792796797,0.3241440640284571,0.09470875944864385,0.3703868385949311
0.2126537785588752,0.3224956063268893,0.09182776801405976,0.37302284710017575
0.2131578947368421,0.3254385964912281,0.09035087719298246,0.37105263157894736
0.2119876597620097,0.3195240193918026,0.09255178492728074,0.375936535918907
0.21153846153846154,0.32298951048951047,0.09222027972027973,0.3732517482517482
0.2154793315743184,0.31882145998240985,0.09366754617414248,0.3720316622691293
0.2120017520805957,0.31625054752518617,0.10030661410424879,0.37144108628996936
0.21271929824561403,0.31842105263157894,0.09605263157894736,0.37280701754385964
0.20899470899470898,0.31922398589065254,0.10141093474426807,0.37037037037037035
0.21359649122807017,0.31535087719298244,0.1,0.37105263157894736
0.2118531623175586,0.31800088456435205,0.1021671826625387,0.36797877045555066
0.20486725663716815,0.32123893805309733,0.10221238938053097,0.37168141592920356
0.204162976085031,0.3237378210806023,0.10230292294065545,0.3697962798937112
0.20341955282770716,0.3288031565103025,0.10214818062253397,0.36562911003945636
0.2069420035149385,0.3347978910369069,0.10105448154657294,0.3572056239015817
0.21080368906455862,0.32674571805006586,0.0966183574879227,0.3658322353974528
0.21343349536014142,0.33406981882456915,0.09500662836942113,0.3574900574458683
0.2154793315743184,0.3355321020228672,0.09454705364995603,0.3544415127528584
0.2138728323699422,0.33792796798577146,0.09293019119608716,0.3552690084481992
0.21257750221434898,0.33259521700620015,0.09654561558901682,0.35828166519043403
0.21750663129973474,0.33687002652519893,0.09814323607427056,0.34748010610079577
0.22422907488986785,0.3387665198237885,0.0973568281938326,0.33964757709251103
0.23008455718736093,0.3368936359590565,0.09879839786381843,0.3342234089897641
0.2243278977523138,0.34023799030409874,0.1000440722785368,0.3353900396650507
0.22739361702127658,0.3346631205673759,0.10283687943262411,0.3351063829787234
0.22493345164152617,0.33407275953859805,0.10470275066548358,0.3362910381543922
0.2371766768960982,0.3261727312582201,0.10170977641385358,0.33494081543182813
0.2327433628318584,0.3292035398230089,0.10044247787610619,0.33761061946902654
0.23950508174988952,0.3318603623508617,0.09809986743261158,0.3305346884666372
0.2362998684787374,0.33625602805786936,0.09995615957913195,0.3274879438842613
0.23580786026200873,0.33449781659388644,0.09956331877729258,0.33013100436681225
0.23805348531345902,0.3288031565103025,0.10127137220517317,0.3318719859710653
0.2405452946350044,0.3245382585751979,0.10070360598065084,0.33421284080914687
0.24779541446208111,0.31613756613756616,0.10008818342151675,0.335978835978836
0.24878907970057243,0.31792162043152794,0.10479964773227653,0.3284896521356231
0.24724061810154527,0.31876379690949225,0.10684326710816777,0.3271523178807947
0.24494283201407213,0.32145998240985046,0.10642040457343888,0.32717678100263853
0.25,0.31890459363957596,0.10556537102473498,0.325530035335689
0.24703296703296704,0.32043956043956046,0.10417582417582417,0.3283516483516484
0.24700665188470067,0.31751662971175165,0.1033259423503326,0.3321507760532151
0.24724061810154527,0.31699779249448123,0.10198675496688742,0.3337748344370861
0.24989020641194554,0.32103645147123405,0.10320597277119016,0.3258673693456302
0.247791519434629,0.3224381625441696,0.10203180212014135,0.32773851590106007
0.25315904139433554,0.3150326797385621,0.10065359477124183,0.3311546840958606
0.24844995571302037,0.31886625332152346,0.10761736049601417,0.325066430469442
0.24988942945599293,0.31755860238832373,0.11145510835913312,0.32109685979655017
0.24458204334365324,0.31977001326846527,0.11145510835913312,0.32419283502874835
0.24640835872877667,0.3160644318676535,0.11493252067914671,0.32259468872442315
0.25087719298245614,0.3144736842105263,0.1074561403508772,0.32719298245614037
0.2427695004382121,0.32427695004382123,0.10823838737949168,0.324715162138475
0.24525805028672254,0.3202470224966917,0.10763123070136744,0.32686369651521835
0.24944909651829,0.31555751432349055,0.11106214191273689,0.3239312472454826
0.24922941435490972,0.31219726992514313,0.11008366358432409,0.3284896521356231
0.2519788918205805,0.3038698328935796,0.11125769569041337,0.33289357959542654
0.2563876651982379,0.3066079295154185,0.11189427312775331,0.3251101321585903
0.2599020916777926,0.30796617712505564,0.10947930574098798,0.3226524254561638
0.2623456790123457,0.3011463844797178,0.11155202821869488,0.32495590828924165
0.2681095406360424,0.2968197879858657,0.11395759717314488,0.321113074204947
0.2700087950747581,0.29507475813544415,0.10993843447669305,0.32497801231310464
0.271523178807947,0.2891832229580574,0.10993377483443709,0.3293598233995585
0.27152899824253074,0.29349736379613356,0.10500878734622145,0.3299648506151142
0.26420079260237783,0.29722589167767505,0.10612065169528842,0.33245266402465873
0.2637795275590551,0.2900262467191601,0.10498687664041995,0.34120734908136485
0.2591289045314562,0.28684557853057635,0.10866695996480423,0.3453585569731632
0.259094942324756,0.2839396628216504,0.11002661934338953,0.3469387755102041
0.25609756097560976,0.2826655052264808,0.11280487804878049,0.34843205574912894
0.2571554381329811,0.2818141787758697,0.11360634081902246,0.3474240422721268
0.25738210665491407,0.28338475099162624,0.1128250330542089,0.34640810929925075
0.25999121651295565,0.2815107597716293,0.11023276240667546,0.3482652613087396
0.2577092511013216,0.27929515418502204,0.10881057268722467,0.3541850220264317
0.261978021978022,0.2804395604395604,0.10945054945054945,0.34813186813186814
0.2639257294429708,0.27895667550839964,0.10521662245800177,0.35190097259062775
0.25961963732861565,0.27775320654577623,0.10659000442282177,0.3560371517027864
0.25916114790286976,0.2790286975717439,0.10993377483443709,0.3518763796909492
0.2576091751213057,0.2779003087781209,0.11424790471989413,0.3502426113806793
0.25242290748898677,0.27929515418502204,0.10969162995594714,0.3585903083700441
0.249889819303658,0.2842661965623623,0.11062141912736889,0.35522256500661087
0.2524271844660194,0.28375992939099737,0.11076787290379524,0.353045013239188
0.2511013215859031,0.2801762114537445,0.1145374449339207,0.3541850220264317
0.2512013979903888,0.2778505897771953,0.11664482306684142,0.35430318916557446
0.2566915313734094,0.2702939885914875,0.11320754716981132,0.3598069328652918
0.2640845070422535,0.2671654929577465,0.11179577464788733,0.3569542253521127
0.2655141843971631,0.26817375886524825,0.11037234042553191,0.35593971631205673
0.27164835164835166,0.2676923076923077,0.10857142857142857,0.35208791208791207
0.27376259307928164,0.2628120893561104,0.1099430573806395,0.35348226018396844
0.27987697715289983,0.2631810193321617,0.1063268892794376,0.3506151142355009
0.2846879209699147,0.2613381230354737,0.10507409070498429,0.3488998652896273
0.2841409691629956,0.2616740088105727,0.10352422907488987,0.35066079295154184
0.28583916083916083,0.26354895104895104,0.10314685314685315,0.34746503496503495
0.28824049513704686,0.2612732095490716,0.10521662245800177,0.34526967285587973
0.28779840848806365,0.2564102564102564,0.10610079575596817,0.34969053934571176
0.2747688243064729,0.2628797886393659,0.10347864376926465,0.35887274328489654
0.275,0.2575892857142857,0.10625,0.3611607142857143
0.2849015317286652,0.25076586433260395,0.10722100656455143,0.3571115973741794
0.2820968458462905,0.25366503776099514,0.10573078631719236,0.358507330075522
0.2810170977641385,0.25734327049539674,0.10214818062253397,0.35949145111793074
0.2757562472599737,0.2626041209995616,0.10170977641385358,0.35992985532661115
0.2736013986013986,0.2692307692307692,0.0944055944055944,0.36276223776223776
0.2718106093818501,0.27049539675580886,0.09294169224024551,0.3647523016220956
0.2736056214317084,0.2621870882740448,0.0966183574879227,0.3675889328063241
0.26962305986696233,0.26252771618625276,0.09623059866962307,0.3716186252771619
0.2779003087781209,0.2611380679311866,0.09439788266431408,0.3665637406263785
0.278391515687141,0.2615996464869642,0.0963323022536456,0.3636765355722492
0.2774822695035461,0.26063829787234044,0.09441489361702128,0.3674645390070922
0.28098808998676666,0.2562858403176004,0.09704455227172475,0.36568151742390825
0.28540113985094256,0.25602805786935556,0.09425690486628671,0.3643138974134152
0.2846458424989001,0.2534095908490981,0.09414870215574131,0.36779586449626045
0.28136042402826855,0.26060070671378094,0.09849823321554771,0.35954063604240283
0.28067078552515445,0.2581641659311562,0.09796999117387467,0.36319505736981467
0.2777047744196233,0.26631625054752517,0.09724047306176084,0.3587385019710907
0.27587719298245617,0.262719298245614,0.09956140350877193,0.3618421052631579
0.27645502645502645,0.26499118165784835,0.09611992945326278,0.36243386243386244
0.2782874617737003,0.2669287898645697,0.09392747924858016,0.36085626911314983
0.2794437201216862,0.2664059104737071,0.0938722294654498,0.36027813993915686
0.27590730214254483,0.26628771316134675,0.09925666812418014,0.3585483165719283
0.28144239226033424,0.2669305189094107,0.0980650835532102,0.35356200527704484
0.28077091546211125,0.2720105124835742,0.09636443276390715,0.3508541392904074
0.28742249778565104,0.2741364038972542,0.091674047829938,0.3467670504871568
0.29053461875547765,0.26993865030674846,0.0876424189307625,0.35188431200701137
0.29393536963258077,0.2656042496679947,0.08587870739265162,0.3545816733067729
0.29636124506795264,0.2770714598860149,0.08461201227531784,0.3419552827707146
0.29478260869565215,0.2752173913043478,0.08478260869565217,0.3452173913043478
0.2900932918702799,0.2678809418036428,0.08973789426921368,0.3522878720568636
0.2883002207505519,0.26136865342163357,0.08874172185430464,0.3615894039735099
0.28249336870026526,0.26657824933687,0.08885941644562334,0.3620689655172414
0.2785871964679912,0.269757174392936,0.0913907284768212,0.36026490066225164
0.2727272727272727,0.2740511915269197,0.09223300970873786,0.3609885260370697
0.2764084507042254,0.26672535211267606,0.09330985915492958,0.363556338028169
0.2766990291262136,0.2669902912621359,0.09576345984112974,0.36054721977052073
0.2768959435626102,0.2698412698412698,0.09391534391534391,0.359347442680776
0.28104286345558993,0.26601855943437913,0.08926204153778171,0.3636765355722492
0.29342105263157897,0.2618421052631579,0.08640350877192983,0.35833333333333334
0.28279756733275413,0.26585577758470896,0.09079061685490877,0.36055603822762816
0.28374777975133214,0.26598579040852577,0.09280639431616342,0.3574600355239787
0.28302712160979876,0.2642169728783902,0.09361329833770779,0.35914260717410323
0.2804931748128578,0.2664024658740643,0.095112285336856,0.3579920739762219
0.27177242888402625,0.26827133479212256,0.09584245076586433,0.36411378555798685
0.27450980392156865,0.26143790849673204,0.09368191721132897,0.37037037037037035
0.2699468085106383,0.2579787234042553,0.09530141843971632,0.37677304964539005
0.26299283154121866,0.26344086021505375,0.09767025089605735,0.37589605734767023
0.26689925861317054,0.26384648931530746,0.09856083733100741,0.3706934147405146
0.26657824933687,0.26702033598585323,0.09504862953138815,0.3713527851458886
0.2674933569530558,0.2630646589902569,0.09565987599645705,0.37378210806023027
0.26580587711487086,0.27203918076580585,0.08904719501335707,0.37310774710596617
0.26545936395759717,0.2659010600706714,0.08613074204946997,0.3825088339222615
0.2658450704225352,0.2733274647887324,0.0840669014084507,0.3767605633802817
0.26451041205139564,0.2720425343376163,0.08684093929995569,0.37660611431103236
0.26276076342654237,0.2729693741677763,0.085219707057257,0.37905015534842434
0.2589833479404032,0.275635407537248,0.08369851007887817,0.3816827344434706
0.26625386996904027,0.27598407784166296,0.0800530738611234,0.37770897832817335
0.2596830985915493,0.28080985915492956,0.08054577464788733,0.3789612676056338
0.26142920550377274,0.2791833111407013,0.0821127385707945,0.37727474478473144
0.25785050862450243,0.28659885006634234,0.07961079168509509,0.37593984962406013
0.25713032031592803,0.2838964458095656,0.0785432207108381,0.38043001316366826
0.2603160667251975,0.2853380158033363,0.07638279192273925,0.37796312554872696
0.2621870882740448,0.2810715854194115,0.07949055775142731,0.37725076855511636
0.2650918635170604,0.28171478565179353,0.07830271216097988,0.37489063867016625
0.26704795424549055,0.2846458424989001,0.07699076110866696,0.37131544214694234
0.26535087719298245,0.29210526315789476,0.07894736842105263,0.3635964912280702
0.2645386969829471,0.29383471797114125,0.08089199825098382,0.36073458679492787
0.2637795275590551,0.2900262467191601,0.0831146106736658,0.363079615048119
0.26068003487358327,0.2911944202266783,0.08369659982563209,0.3644289450741064
0.26306543697848045,0.29556433904259993,0.08344312692138779,0.35792709705753184
0.2595688517377915,0.2996040475142983,0.08578970523537176,0.3550373955125385
0.2630646589902569,0.29185119574845,0.08635961027457928,0.3587245349867139
0.26294820717131473,0.2912793271359008,0.07791057990261177,0.36786188579017265
0.2610213880401571,0.2911392405063291,0.07900480139676996,0.3688345700567438
0.27055702917771884,0.28824049513704686,0.07648099027409372,0.3647214854111406
0.2647577092511013,0.2823788546255507,0.07709251101321586,0.37577092511013216
0.2676923076923077,0.2857142857142857,0.07516483516483516,0.37142857142857144
0.2698412698412698,0.2786596119929453,0.07848324514991181,0.373015873015873
0.25935711140466755,0.2813738441215324,0.08014090708938794,0.37912813738441214
0.25824901011878576,0.2842058952925649,0.0796304443466784,0.37791465024197096
0.2612137203166227,0.27924362357080035,0.08267370272647317,0.37686895338610377
0.2650442477876106,0.2809734513274336,0.0831858407079646,0.37079646017699114
0.26777147841255994,0.2839075447012647,0.0867858700392499,0.3615351068469254
0.26827133479212256,0.2862144420131291,0.087527352297593,0.35798687089715536
0.26958424507658646,0.2884026258205689,0.08927789934354485,0.3527352297592998
0.276707530647986,0.28633975481611207,0.08887915936952714,0.3480735551663748
0.2708150744960561,0.29491673970201576,0.08939526730937773,0.3448729184925504
0.26382791922739246,0.2976294995610184,0.08867427568042142,0.3498683055311677
0.26171529619805484,0.3041556145004421,0.09106984969053934,0.34305923961096374
0.2658677319130049,0.29738126941855303,0.10031069684864626,0.33644030181979584
0.2688219663418955,0.30026572187776795,0.10141718334809566,0.32949512843224094
0.27481252756947505,0.2999558888398765,0.10410233789148654,0.3211292456991619
0.26378473753859727,0.29819144243493606,0.11071901191001324,0.32730480811645346
0.27084252315835905,0.30216144684605206,0.10807234230260256,0.31892368769298635
0.2781427945685502,0.2947875602277705,0.11257117827420061,0.31449846692947875
0.27557319223985893,0.29541446208112876,0.11331569664902998,0.31569664902998235
0.27768014059753954,0.29305799648506153,0.11467486818980668,0.3145869947275923
0.27541998231653403,0.2948717948717949,0.11184792219274978,0.3178603006189213
0.2810715854194115,0.29600351339481773,0.11067193675889328,0.31225296442687744
0.28251318101933215,0.29657293497363796,0.11203866432337434,0.30887521968365556
0.27807017543859647,0.3026315789473684,0.10438596491228071,0.31491228070175437
0.27557319223985893,0.3037918871252205,0.10537918871252204,0.3152557319223986
0.282389108476065,0.3096179183135705,0.10013175230566534,0.30786122090469914
0.2839341344014241,0.308411214953271,0.10235870048954161,0.3052959501557632
0.28217602830605926,0.30163644405130474,0.10128261831048209,0.3149049093321539
0.2795363352652697,0.3031654034774855,0.10164957646009808,0.3156486847971467
0.2838852097130243,0.3033112582781457,0.10242825607064018,0.31037527593818987
0.28779840848806365,0.3041556145004421,0.10477453580901856,0.3032714412024757
0.28622540250447226,0.3099284436493739,0.10196779964221825,0.3018783542039356
0.2851493848857645,0.3145869947275923,0.09666080843585237,0.30360281195079086
0.27998236331569665,0.31437389770723106,0.0974426807760141,0.3082010582010582
0.282141290039491,0.3189995612110575,0.09477841158402808,0.30408073716542344
0.28923076923076924,0.32,0.09802197802197803,0.2927472527472528
0.2923280423280423,0.3165784832451499,0.09611992945326278,0.294973544973545
0.2960352422907489,0.3211453744493392,0.09427312775330396,0.28854625550660795
0.29986847873739586,0.3200350723366944,0.0920648838228847,0.28803156510302497
0.29728546409807355,0.32180385288966723,0.09413309982486866,0.28677758318739055
0.29657293497363796,0.320298769771529,0.09490333919156414,0.28822495606326887
0.29906956136464335,0.31945059813912274,0.09658839167035889,0.2848914488258751
0.29770318021201414,0.32376325088339225,0.09540636042402827,0.2831272084805654
0.30257979886313946,0.3191954525579362,0.09794490599038042,0.28027984258854394
0.30350877192982456,0.31359649122807015,0.09912280701754386,0.2837719298245614
0.3056169836355595,0.3144626271561256,0.09995577178239717,0.2799646174259177
0.3028824833702882,0.31352549889135256,0.09977827050997783,0.2838137472283814
0.3024070021881838,0.32210065645514224,0.09715536105032822,0.27833698030634574
0.3031634446397188,0.3224956063268893,0.09710017574692442,0.2772407732864675
0.2982456140350877,0.32456140350877194,0.10043859649122808,0.2767543859649123
0.29747675962815406,0.3196104471004869,0.09694555112881806,0.28596724214254093
0.29393398751115074,0.3220338983050847,0.09500446030330062,0.28902765388046386
0.294478527607362,0.32340052585451357,0.09728308501314636,0.2848378615249781
0.2927256792287467,0.31858019281332167,0.09903593339176162,0.28965819456617004
0.28957871396895785,0.329490022172949,0.09800443458980045,0.28292682926829266
0.2964912280701754,0.3285087719298246,0.09342105263157895,0.28157894736842104
0.29308836395450566,0.3346456692913386,0.09405074365704287,0.2782152230971129
0.29515418502202645,0.33348017621145376,0.0933920704845815,0.2779735682819383
0.2923280423280423,0.335978835978836,0.09126984126984126,0.2804232804232804
0.3000886524822695,0.33687943262411346,0.08865248226950355,0.27437943262411346
0.30375874125874125,0.33085664335664333,0.08522727272727272,0.28015734265734266
0.2986899563318777,0.33100436681222706,0.0816593886462882,0.28864628820960697
0.3005729396209784,0.32877919788453064,0.08505949757602468,0.2855883649184663
0.30310994305738065,0.32895313184406483,0.08322382829610162,0.28471309680245294
0.30928288605367354,0.3260008798944127,0.08490981082270127,0.2798064232292125
0.31748128577719065,0.32012329370321446,0.08586525759577279,0.2765301629238221
0.3136042402826855,0.31757950530035334,0.09143109540636042,0.2773851590106007
0.3112087912087912,0.32483516483516484,0.08879120879120879,0.27516483516483514
0.3009927797833935,0.3298736462093863,0.08935018050541517,0.27978339350180503
0.3032570422535211,0.32702464788732394,0.0880281690140845,0.28169014084507044
0.3001760563380282,0.3296654929577465,0.08890845070422536,0.28125
0.30910683012259194,0.3257443082311734,0.09019264448336252,0.27495621716287216
0.30647291941875826,0.32628797886393657,0.08894760017613386,0.27829150154117127
0.30611353711790396,0.3349344978165939,0.08384279475982533,0.27510917030567683
0.30586161304539444,0.33450859409431466,0.08153371529308065,0.2780960775672102
0.3109836788707543,0.33524481693868546,0.08160564622849581,0.2721658579620644
0.3080652269722345,0.3358307624504187,0.08109299250771265,0.2750110180696342
0.31553610503282276,0.3299781181619256,0.07789934354485777,0.2765864332603939
0.3088363954505687,0.3359580052493438,0.07699037620297462,0.2782152230971129
0.3094405594405594,0.3347902097902098,0.07473776223776224,0.28103146853146854
0.31082858395440593,0.33494081543182813,0.0797895659798334,0.2744410346339325
0.30619469026548674,0.33849557522123896,0.08141592920353982,0.2738938053097345
0.3120629370629371,0.33784965034965037,0.07736013986013986,0.2727272727272727
0.3153074574792848,0.3379851722634104,0.07675534234627127,0.26995202791103357
0.32215357458075905,0.3327449249779347,0.0763459841129744,0.2687555163283319
0.3291028446389497,0.33391684901531726,0.07483588621444201,0.262144420131291
0.3212549712770658,0.33716305788775963,0.07335395492708793,0.2682280159080866
0.325540361711513,0.32642258491398324,0.07278341420379356,0.27525363917071016
0.32581786030061893,0.3280282935455349,0.07559681697612732,0.27055702917771884
0.32232496697490093,0.3258476442095993,0.07573756054601496,0.2760898282694848
0.327217125382263,0.32459589340323286,0.0764525993883792,0.27173438182612497
0.3353765323992995,0.318739054290718,0.0766199649737303,0.2692644483362522
0.33641160949868076,0.322339489885664,0.07871591908531222,0.262532981530343
0.33494081543182813,0.3160894344585708,0.0775975449364314,0.2713722051731697
0.33303847854931445,0.31800088456435205,0.07739938080495357,0.27156125608137993
0.33126934984520123,0.31844316674038037,0.07916850950906679,0.2711189739053516
0.3253652058432935,0.3209384683488269,0.08145196989818504,0.27224435590969454
0.33024282560706403,0.3161147902869757,0.08167770419426049,0.27196467991169976
0.3349536014140521,0.311533362792753,0.07998232434821034,0.27353071144498453
0.3253757736516357,0.3191865605658709,0.08001768346595933,0.27541998231653403
0.3285528031290743,0.31855714906562366,0.07692307692307693,0.2759669708822251
0.32995147772386413,0.31936479929422146,0.07719453021614468,0.2734891927657697
0.33008849557522124,0.315929203539823,0.07787610619469026,0.2761061946902655
0.33362560280578696,0.32091188075405525,0.07233669443226655,0.27312582200789126
0.32999128160418484,0.3269398430688753,0.07236268526591107,0.27070619006102875
0.33552055993000873,0.32677165354330706,0.07174103237095363,0.2659667541557305
0.3383726100489106,0.32281013783903956,0.07292129835482436,0.2658959537572254
0.3367122080211547,0.3151167915381225,0.07844865579550463,0.26972234464521816
0.3356643356643357,0.3138111888111888,0.07561188811188811,0.2749125874125874
0.3391915641476274,0.31195079086115995,0.07688927943760984,0.2719683655536028
0.3453427065026362,0.3022847100175747,0.07996485061511424,0.27240773286467485
0.332892998678996,0.3108762659621312,0.08366358432408631,0.27256715103478646
0.3351063829787234,0.30806737588652483,0.08377659574468085,0.2730496453900709
0.3400702987697715,0.30096660808435854,0.08172231985940245,0.2772407732864675
0.3369947275922671,0.30404217926186294,0.08479789103690685,0.2741652021089631
0.3337754199823165,0.30282935455349247,0.08443854995579134,0.27895667550839964
0.32763157894736844,0.30350877192982456,0.08728070175438596,0.28157894736842104
0.3287852112676056,0.30149647887323944,0.0897887323943662,0.27992957746478875
0.33259619637328613,0.2963290579389651,0.0875718708536046,0.28350287483414416
0.33644030181979584,0.2885042166000888,0.08477585441633377,0.29027962716378164
0.34116083296411165,0.2857775808595481,0.08418254319893664,0.28887904297740363
0.3410886742756804,0.286215978928885,0.08121158911325724,0.2914837576821773
0.3407796758650898,0.2842750766535261,0.08190976784932107,0.29303547963206306
0.347409664780148,0.28297779712668697,0.07879843273835438,0.2908141053548106
0.3432504440497336,0.2824156305506217,0.08259325044404973,0.291740674955595
0.3462384513858337,0.27628684557853056,0.08666959964804223,0.29080510338759347
0.3482849604221636,0.27616534740545295,0.09058927000879508,0.2849604221635884
0.35190097259062775,0.27453580901856767,0.08885941644562334,0.28470380194518125
0.35200705778561975,0.27525363917071016,0.08910454344949272,0.28363475959417733
0.35600706713780916,0.27164310954063603,0.09054770318021202,0.28180212014134276
0.35445281346920693,0.26894107221976077,0.09525919361984936,0.281346920691183
0.3604038630377524,0.2739244951712028,0.09174714661984197,0.2739244951712028
