R,A,S,N
1.0,0.0,0.0,0.0
0.6,0.4,0.0,0.0
0.5454545454545454,0.2727272727272727,0.0,0.18181818181818182
0.5217391304347826,0.34782608695652173,0.0,0.13043478260869565
0.475,0.325,0.05,0.15
0.4393939393939394,0.3333333333333333,0.06060606060606061,0.16666666666666666
0.4,0.3333333333333333,0.06666666666666667,0.2
0.379746835443038,0.3291139240506329,0.0759493670886076,0.21518987341772153
0.34497816593886466,0.31877729257641924,0.09170305676855896,0.2445414847161572
0.34049079754601225,0.3006134969325153,0.10736196319018405,0.25153374233128833
0.32167832167832167,0.31934731934731936,0.11188811188811189,0.24708624708624707
0.32228360957642727,0.30755064456721914,0.12154696132596685,0.24861878453038674
0.3113342898134864,0.296987087517934,0.13629842180774748,0.25538020086083213
0.3022432113341204,0.3022432113341204,0.14521841794569068,0.2502951593860685
0.30784508440913605,0.3028798411122145,0.14895729890764647,0.24031777557100298
0.3002502085070892,0.3094245204336947,0.1517931609674729,0.23853211009174313
0.2991202346041056,0.312316715542522,0.14736070381231672,0.24120234604105573
0.29678266579120155,0.3112278397898884,0.15298752462245568,0.23900196979645436
0.2924251321197886,0.31650029359953025,0.15736934820904286,0.2337052260716383
0.30423280423280424,0.31216931216931215,0.15185185185185185,0.23174603174603176
0.29417620706819314,0.3165754106520657,0.15480338476854155,0.2344449975111996
0.2914903620122238,0.3131170662905501,0.15890926187118007,0.23648330982604607
0.2922727272727273,0.3140909090909091,0.1572727272727273,0.23636363636363636
0.2920035938903863,0.31491464510332434,0.16397124887690925,0.22911051212938005
0.287677304964539,0.3182624113475177,0.1600177304964539,0.23404255319148937
0.2851493848857645,0.3194200351493849,0.1634446397188049,0.23198594024604569
0.28193832599118945,0.31718061674008813,0.1656387665198238,0.23524229074889869
0.2855274629468178,0.3142981691368788,0.16608544027898867,0.23408892763731473
0.282389108476065,0.31796223100570925,0.17083882301273606,0.22880983750548967
0.2794894366197183,0.31382042253521125,0.176056338028169,0.2306338028169014
0.2770448548812665,0.3131046613896218,0.1789797713280563,0.23087071240105542
0.2758920800696258,0.31766753698868583,0.17928633594429938,0.22715404699738903
0.27296587926509186,0.31583552055993,0.1762904636920385,0.23490813648293962
0.2707231040564374,0.31216931216931215,0.1865079365079365,0.23059964726631393
0.2649647887323944,0.31954225352112675,0.18441901408450703,0.23107394366197184
0.26702033598585323,0.32360742705570295,0.1794871794871795,0.22988505747126436
0.26780253385757974,0.32022717343818263,0.1852337265181302,0.22673656618610746
0.2747589833479404,0.3128834355828221,0.18404907975460122,0.2283085013146363
0.28146853146853146,0.305506993006993,0.18312937062937062,0.2298951048951049
0.2736471623405191,0.30532336119665643,0.1900571931368236,0.2309722833260009
0.27549668874172184,0.3050772626931567,0.18719646799116998,0.23222958057395143
0.281195079086116,0.30184534270650265,0.18629173989455183,0.23066783831282953
0.28019323671497587,0.2995169082125604,0.18620992534036013,0.23407992973210365
0.28114035087719297,0.29780701754385963,0.18903508771929825,0.23201754385964912
0.27379912663755457,0.30087336244541485,0.1930131004366812,0.23231441048034934
0.2786813186813187,0.30153846153846153,0.19164835164835164,0.22813186813186814
0.2779991146525011,0.300132802124834,0.19034971226206285,0.23151837096060204
0.27846425419240955,0.30229479258605474,0.18887908208296558,0.23036187113857018
0.276558384547849,0.29982440737489024,0.19446883230904302,0.22914837576821773
0.28225451343020697,0.29370321444297665,0.18846323205636284,0.23557904007045355
0.2777777777777778,0.2952755905511811,0.1889763779527559,0.2379702537182852
0.2772407732864675,0.29701230228471004,0.18936731107205623,0.23637961335676624
0.27982456140350875,0.29078947368421054,0.19166666666666668,0.23771929824561402
0.27680140597539543,0.29217926186291737,0.19024604569420034,0.24077328646748683
0.28103146853146854,0.2910839160839161,0.18706293706293706,0.24082167832167833
0.28232189973614774,0.28979771328056286,0.19525065963060687,0.2326297273526825
0.2788546255506608,0.28854625550660795,0.19030837004405288,0.2422907488986784
0.28346456692913385,0.2887139107611549,0.19378827646544183,0.23403324584426946
0.2857769973661106,0.2840210711150132,0.19315188762071994,0.2370500438981563
0.28948526176858774,0.28948526176858774,0.18609766827980642,0.23493180818301804
0.2897727272727273,0.2867132867132867,0.1888111888111888,0.23470279720279721
0.2848297213622291,0.2874834144183989,0.18708536045997345,0.24060150375939848
0.291740674955595,0.28685612788632325,0.1869449378330373,0.2344582593250444
0.2923485183547103,0.28040689960194604,0.19062361786819992,0.23662096417514375
0.2932396839332748,0.286215978928885,0.19139596136962247,0.22914837576821773
0.2854609929078014,0.28679078014184395,0.18882978723404256,0.23891843971631205
0.2788671023965142,0.2814814814814815,0.1934640522875817,0.24618736383442266
0.2762237762237762,0.28059440559440557,0.1979895104895105,0.24519230769230768
0.28063241106719367,0.28370663153271847,0.19938515590689504,0.2362758014931928
0.279090113735783,0.2786526684164479,0.205161854768154,0.23709536307961504
0.282039911308204,0.2780487804878049,0.20842572062084258,0.23148558758314855
0.28136042402826855,0.27252650176678445,0.21068904593639576,0.23542402826855124
0.2892416225749559,0.27116402116402116,0.21075837742504408,0.22883597883597884
0.28797190517998245,0.26733977172958734,0.21246707638279191,0.23222124670763827
0.2961165048543689,0.2621359223300971,0.2122683142100618,0.2294792586054722
0.29916040653999115,0.2646928855501547,0.20945647370746795,0.2266902342023862
0.2958241758241758,0.261978021978022,0.21186813186813186,0.23032967032967033
0.28852889667250436,0.2609457092819615,0.21760070052539404,0.2329246935201401
0.28742249778565104,0.262621789193977,0.21700620017714792,0.2329495128432241
0.2881578947368421,0.2631578947368421,0.21754385964912282,0.23114035087719298
0.28521281263712156,0.2650285212812637,0.21412900394910048,0.23562966213251427
0.28870106761565834,0.26512455516014233,0.21129893238434164,0.23487544483985764
0.2830605926581159,0.26271561256081377,0.21229544449358692,0.2419283502874834
0.2860915492957746,0.2649647887323944,0.21346830985915494,0.23547535211267606
0.28602811950790863,0.2649384885764499,0.2148506151142355,0.23418277680140598
0.28602715724923344,0.26544021024967146,0.2172579938677179,0.23127463863337713
0.2794053344993441,0.264975951027547,0.2225623087013555,0.23305640577175338
0.28162185985015425,0.26443367122080214,0.21639488761568973,0.2375495813133539
0.27741371778069024,0.26124945391000437,0.2166885102664919,0.24464831804281345
0.27421494913754973,0.2649270234409553,0.21627598407784165,0.24458204334365324
0.2673702726473175,0.26824978012313105,0.21240105540897097,0.2519788918205805
0.27391874180865006,0.26823940585408473,0.20795107033639143,0.24989078200087375
0.2666080070391553,0.269687637483502,0.21249450065992082,0.2512098548174219
0.27217125382262997,0.2686762778505898,0.21537789427697684,0.2437745740498034
0.26605504587155965,0.2704237658366099,0.22105723023154217,0.24246395806028834
0.27177700348432055,0.2656794425087108,0.21341463414634146,0.24912891986062718
0.26716222125054656,0.26891123742894624,0.21775251421075645,0.24617402710975075
0.2692307692307692,0.26171529619805484,0.22104332449160036,0.2480106100795756
0.2635283765948086,0.26748790145182577,0.21293444786625604,0.25604927408710954
0.2642418930762489,0.26993865030674846,0.21735319894829097,0.24846625766871167
0.2639616055846422,0.27225130890052357,0.21727748691099477,0.24650959860383945
0.26225165562913905,0.2671081677704194,0.2194260485651214,0.25121412803532006
0.26840017628911417,0.2719259585720582,0.21639488761568973,0.24327897752313796
0.2663448881088197,0.26810004387889425,0.21588415971917507,0.249670908293111
0.2678809418036428,0.27143491781430473,0.21057307863171923,0.2501110617503332
0.26845342706502634,0.2697715289982425,0.2148506151142355,0.2469244288224956
0.2631812140008861,0.2676118741692512,0.2202038103677448,0.24900310146211785
0.2598770851624232,0.2664618086040386,0.2221246707638279,0.2515364354697103
0.2571680635200706,0.26731363034847816,0.22849580943978826,0.24702249669166298
0.2549363756033348,0.2676612549363756,0.23562966213251427,0.24177270732777534
0.25486725663716814,0.26548672566371684,0.2323008849557522,0.24734513274336284
0.24877396344181898,0.25902808738296923,0.23941150245207313,0.25278644672313866
0.25384277558190604,0.25559947299077734,0.23583662714097497,0.2547211242863417
0.2516614975631369,0.256092157731502,0.24324324324324326,0.24900310146211785
0.25187803800265135,0.25364560318161733,0.2350861688024746,0.25939019001325675
0.24865591397849462,0.260752688172043,0.23521505376344087,0.2553763440860215
0.24315975286849073,0.2594880847308032,0.2440423654015887,0.2533097969991174
0.2515310586176728,0.2615923009623797,0.2384076990376203,0.2484689413823272
0.24373379429559205,0.266637856525497,0.23984442523768368,0.2497839239412273
0.24161950370047888,0.2764475402699173,0.23770134958641706,0.24423160644318676
0.235216240070609,0.27890556045895853,0.24315975286849073,0.24271844660194175
0.24180690876882197,0.2728077945084145,0.2391496899911426,0.2462356067316209
0.23759791122715404,0.27023498694516973,0.2402088772845953,0.2519582245430809
0.23609885260370697,0.265666372462489,0.2440423654015887,0.25419240953221534
0.23130738959335373,0.2675994752951465,0.2479230432881504,0.2531700918233494
0.2321270962047661,0.2669902912621359,0.25154457193292146,0.24933804060017653
0.23841059602649006,0.2635761589403974,0.24988962472406182,0.24812362030905077
0.2382847038019452,0.26480990274093724,0.2502210433244916,0.246684350132626
0.23973509933774834,0.2600441501103753,0.24812362030905077,0.2520971302428256
0.24395604395604395,0.2632967032967033,0.24263736263736263,0.2501098901098901
0.24606643356643357,0.263986013986014,0.24125874125874125,0.2486888111888112
0.24508519003931847,0.2603757099169943,0.24683267802533856,0.24770642201834864
0.2486865148861646,0.2631348511383538,0.24211908931698775,0.24605954465849386
0.2484689413823272,0.26246719160104987,0.24146981627296588,0.24759405074365703
0.24724548259145,0.2600264433671221,0.24856765094755398,0.24416042309387395
0.24323144104803493,0.2606986899563319,0.24585152838427948,0.25021834061135373
0.2398409893992933,0.26325088339222613,0.24381625441696114,0.25309187279151946
0.24014178112538767,0.26495347806823216,0.2467877713779353,0.24811696942844483
0.24680475980608196,0.26795945350374617,0.2362274129572499,0.249008373732922
0.2522875816993464,0.26100217864923747,0.24139433551198258,0.24531590413943355
0.2557117750439367,0.2548330404217926,0.24033391915641475,0.2491212653778559
0.25507502206531335,0.25507502206531335,0.24492497793468668,0.24492497793468668
0.2517543859649123,0.2618421052631579,0.24605263157894736,0.24035087719298245
0.25140875596012136,0.258777633289987,0.24750758560901603,0.2423060251408756
0.2546174142480211,0.25549692172383465,0.2497801231310466,0.24010554089709762
0.2517574692442882,0.26054481546572933,0.24868189806678384,0.2390158172231986
0.2458943630714603,0.26498002663115844,0.2441189525077674,0.24500665778961384
0.2389853137516689,0.2665776591010236,0.24432576769025366,0.25011125945705387
0.2425438596491228,0.2736842105263158,0.23684210526315788,0.2469298245614035
0.23606271777003485,0.27134146341463417,0.24259581881533102,0.25
0.2375886524822695,0.2708333333333333,0.23803191489361702,0.25354609929078015
0.23581560283687944,0.2712765957446808,0.2429078014184397,0.25
0.23671497584541062,0.27316644707949056,0.24989020641194554,0.24022837066315328
0.23790677220756376,0.2726473175021988,0.25021987686895336,0.23922603342128407
0.23941798941798942,0.27336860670194,0.24206349206349206,0.24514991181657847
0.23897707231040563,0.2707231040564374,0.2517636684303351,0.23853615520282187
0.23734037868780272,0.2712461470717745,0.25011008366358434,0.2413033905768384
0.2376940133037694,0.2660753880266075,0.25277161862527714,0.2434589800443459
0.23549934583515045,0.27169646750981247,0.2477104230266027,0.24509376362843435
0.23992917220008853,0.27135900841080124,0.2474546259406817,0.2412571934484285
0.24280017722640673,0.2662826761187417,0.24988923349579087,0.2410279131590607
0.2439893143365984,0.26758682101513803,0.25066785396260016,0.2377560106856634
0.24779929577464788,0.2649647887323944,0.24075704225352113,0.24647887323943662
0.2528684907325684,0.26522506619594,0.24007060900264784,0.2418358340688438
0.2564892212934448,0.2683677958644963,0.23977122745270568,0.2353717553893533
0.254737769942706,0.2666372851476421,0.24063464081092992,0.2379903040987219
0.25229558373414956,0.26716222125054656,0.24180148666375165,0.23874070835155226
0.24496937882764655,0.2694663167104112,0.2440944881889764,0.24146981627296588
0.24683267802533856,0.27304499781564,0.23896898208824816,0.24115334207077327
0.24703296703296704,0.2725274725274725,0.23912087912087912,0.2413186813186813
0.24350506384852488,0.2760898282694848,0.2404227212681638,0.2399823866138265
0.24591611479028697,0.27593818984547464,0.2392935982339956,0.23885209713024283
0.24889282550930025,0.27236492471213464,0.2382639503985828,0.24047829937998227
0.25120772946859904,0.27492314448836186,0.23583662714097497,0.23803249890206413
0.2570929725010912,0.2754255783500655,0.23221300742034046,0.23526844172850284
0.2517636684303351,0.27336860670194,0.23412698412698413,0.24074074074074073
0.2517636684303351,0.26675485008818345,0.23589065255731922,0.24559082892416226
0.2497793468667255,0.2687555163283319,0.24315975286849073,0.2383053839364519
0.2541630148992112,0.26643295354951796,0.24057843996494302,0.2388255915863278
0.25537516454585346,0.2650285212812637,0.2369460289600702,0.24265028521281265
0.2547211242863417,0.26174791392182695,0.22924901185770752,0.25428194993412384
0.2518615856329391,0.26237406920718354,0.23127463863337713,0.2544897065265002
0.2532981530343008,0.2612137203166227,0.2418645558487247,0.2436235708003518
0.25109553023663456,0.2659947414548642,0.24057843996494302,0.24233128834355827
0.25285839929639403,0.2612137203166227,0.24450307827616535,0.24142480211081793
0.2525032651284284,0.260339573356552,0.2525032651284284,0.2346538963865912
0.2564892212934448,0.2591289045314562,0.2542894852617686,0.2300923889133304
0.24933451641526175,0.2622005323868678,0.25554569653948533,0.2329192546583851
0.2467706013363029,0.267260579064588,0.24587973273942093,0.2400890868596882
0.24396665204036858,0.26590609916630104,0.24923211935059236,0.24089512944273805
0.2406113537117904,0.26550218340611353,0.24934497816593887,0.2445414847161572
0.2398573339277753,0.2639322336156933,0.24699063753901027,0.24921979491752116
0.2419140451927337,0.2662826761187417,0.2454585733274258,0.24634470536109881
0.24704336399474375,0.2628120893561104,0.2439772229522558,0.24616732369689007
0.248562582927908,0.2622733303847855,0.24148606811145512,0.2476780185758514
0.24471830985915494,0.272887323943662,0.238556338028169,0.2438380281690141
0.24646643109540636,0.27208480565371024,0.2411660777385159,0.24028268551236748
0.24694055944055945,0.270541958041958,0.23907342657342656,0.24344405594405594
0.23654957759004003,0.2774566473988439,0.2387727879057359,0.24722098710538018
0.23490813648293962,0.2755905511811024,0.2388451443569554,0.25065616797900264
0.23524229074889869,0.27709251101321586,0.24052863436123348,0.24713656387665198
0.23511248345831495,0.27701808557565066,0.24128804587560654,0.24658138509042787
0.23503521126760563,0.28169014084507044,0.23371478873239437,0.24955985915492956
0.23336291038154391,0.2821650399290151,0.23425022182786157,0.2502218278615794
0.2297476759628154,0.2793271359008411,0.23638778220451528,0.2545374059318282
0.23157894736842105,0.2824561403508772,0.2355263157894737,0.25043859649122807
0.22493345164152617,0.2852706299911269,0.2360248447204969,0.25377107364685003
0.22310405643738976,0.2896825396825397,0.23368606701940034,0.2535273368606702
0.23114035087719298,0.28157894736842104,0.22894736842105262,0.25833333333333336
0.23046532045654083,0.27611940298507465,0.23397717295873574,0.2594381035996488
0.22931338028169015,0.27816901408450706,0.2319542253521127,0.2605633802816901
0.2359699513919576,0.27441449403446755,0.2266902342023862,0.2629253203711887
0.23448581560283688,0.26773049645390073,0.2322695035460993,0.2655141843971631
0.2329246935201401,0.2670753064798599,0.23598949211908932,0.2640105078809107
0.23384615384615384,0.26989010989010986,0.22637362637362637,0.26989010989010986
0.22948661693725317,0.2641509433962264,0.23080298376480912,0.27555945590171127
0.23357981731187472,0.26359286646367985,0.23140495867768596,0.2714223575467595
0.2329069254521394,0.2651080723423026,0.2333480370533745,0.2686369651521835
0.23790677220756376,0.2669305189094107,0.23175021987686895,0.26341248900615655
0.22966507177033493,0.27185732927359724,0.23140495867768596,0.2670726402783819
0.233099209833187,0.2739244951712028,0.2344161545215101,0.2585601404741001
0.23253757736516356,0.27144120247568526,0.2338638373121132,0.26215738284703805
0.23002633889376647,0.2708516242317823,0.23266022827041263,0.2664618086040386
0.22699386503067484,0.27344434706397897,0.23400525854513585,0.26555652936021035
0.22301199466903598,0.2807641048422923,0.23589515770768546,0.2603287427809862
0.2331720193576771,0.2798064232292125,0.22965244170699517,0.25736911570611526
0.2299301919720768,0.2857766143106457,0.2286212914485166,0.2556719022687609
0.22948661693725317,0.29223343571741994,0.22553751645458534,0.25274243089074155
0.23127463863337713,0.2952255803766973,0.2264564169951818,0.24704336399474375
0.23242530755711774,0.29217926186291737,0.22583479789103691,0.24956063268892795
0.2290379523389232,0.28949691085613416,0.23389232127096204,0.24757281553398058
0.23680709534368072,0.2811529933481153,0.2337028824833703,0.24833702882483372
0.2362274129572499,0.2789775231379462,0.23402379903040987,0.250771264874394
0.2408791208791209,0.27472527472527475,0.23252747252747252,0.2518681318681319
0.24187884108867427,0.28094820017559263,0.22914837576821773,0.24802458296751537
0.2391304347826087,0.2795031055900621,0.23247559893522626,0.24889086069210292
0.24012291483757683,0.2739244951712028,0.23661106233538193,0.24934152765583845
0.2395787626151821,0.2724879333040807,0.2343132953049583,0.25362000877577884
0.23910171730515192,0.26860413914575076,0.23469837076177896,0.2575957727873184
0.23894967177242887,0.2687089715536105,0.23282275711159736,0.25951859956236323
0.24812362030905077,0.2640176600441501,0.22869757174392935,0.25916114790286976
0.2482456140350877,0.262719298245614,0.23114035087719298,0.2578947368421053
0.2526223776223776,0.2583041958041958,0.23382867132867133,0.25524475524475526
0.25733041575492344,0.2577680525164114,0.23413566739606126,0.25076586433260395
0.2535273368606702,0.2508818342151676,0.23677248677248677,0.2588183421516755
0.25515124945199474,0.25208241999123193,0.2345462516440158,0.25822007891275756
0.25032651284283847,0.24292555507183283,0.23639529821506314,0.2703526338702656
0.24900133155792276,0.24145583666222814,0.2365734576120728,0.2729693741677763
0.24648506151142355,0.24340949033391915,0.23857644991212654,0.27152899824253074
0.23987676056338028,0.24515845070422534,0.238556338028169,0.2764084507042254
0.24638949671772428,0.24157549234135667,0.23982494529540482,0.2722100656455142
0.24091108190976784,0.2422251423565484,0.24616732369689007,0.2706964520367937
0.2387011847301448,0.2448442299254059,0.24703817463799913,0.26941641070645017
0.2383073496659243,0.24988864142538975,0.2423162583518931,0.26948775055679286
0.2382608695652174,0.24739130434782608,0.24130434782608695,0.27304347826086955
0.2393617021276596,0.25,0.23537234042553193,0.2752659574468085
0.2454585733274258,0.24767390341160833,0.23260965883916704,0.27425786442179884
0.2407079646017699,0.24513274336283186,0.2331858407079646,0.2809734513274336
0.24638316527838666,0.24506795265234546,0.2341078474353354,0.2744410346339325
0.2474591250552364,0.24524966858152894,0.2284577993813522,0.27883340698188247
0.24769027716674,0.24417069951605808,0.22745270567531897,0.28068631764188295
0.24682713347921226,0.24945295404814005,0.22975929978118162,0.2739606126914661
0.23978919631093545,0.2516469038208169,0.2318840579710145,0.2766798418972332
0.23954205195948922,0.25539409951563186,0.2294143549097314,0.2756494936151475
0.2392449517120281,0.2497805092186128,0.2370500438981563,0.2739244951712028
0.23809523809523808,0.25,0.23412698412698413,0.2777777777777778
0.23848827106863596,0.25325803649000866,0.24022589052997392,0.2680278019113814
0.24026548672566372,0.2553097345132743,0.2345132743362832,0.26991150442477874
0.23851203501094093,0.25864332603938733,0.2275711159737418,0.27527352297593
0.23506151142355008,0.2640597539543058,0.22363796133567662,0.2772407732864675
0.23603839441535776,0.2674520069808028,0.2268760907504363,0.2696335078534031
0.24060150375939848,0.26138876603272887,0.22644847412649272,0.27156125608137993
0.24136403897254208,0.2555358724534987,0.23472099202834368,0.2683790965456156
0.23874669020300088,0.25904677846425417,0.23168578993821712,0.2705207413945278
0.23449781659388647,0.2611353711790393,0.23100436681222708,0.27336244541484717
0.23392070484581498,0.2577092511013216,0.23348017621145375,0.2748898678414097
0.2327433628318584,0.2610619469026549,0.23584070796460177,0.270353982300885
0.23788546255506607,0.25903083700440527,0.2330396475770925,0.27004405286343613
0.24014178112538767,0.25919361984935757,0.23393885688967656,0.2667257421355782
0.2357111209570226,0.25875055383252105,0.24014178112538767,0.2653965440850687
0.2440106477373558,0.25377107364685003,0.22803904170363798,0.2741792369121562
0.2425438596491228,0.25219298245614036,0.23464912280701755,0.2706140350877193
0.24049513704686118,0.25552608311229,0.23253757736516356,0.27144120247568526
0.24201312910284464,0.2538293216630197,0.23676148796498905,0.2673960612691466
0.24121265377855888,0.2543936731107206,0.23242530755711774,0.2719683655536028
0.24118165784832452,0.2570546737213404,0.23589065255731922,0.26587301587301587
0.24669603524229075,0.25594713656387663,0.22951541850220264,0.26784140969162995
0.24381625441696114,0.26060070671378094,0.22879858657243815,0.2667844522968198
0.2412280701754386,0.25701754385964914,0.23421052631578948,0.2675438596491228
0.2371364653243848,0.25771812080536916,0.23758389261744967,0.2675615212527964
0.23735581188997337,0.25377107364685003,0.24977817213842057,0.259094942324756
0.2357080035180299,0.2497801231310466,0.24406332453825857,0.2704485488126649
0.2349290780141844,0.24689716312056736,0.24867021276595744,0.2695035460992908
0.23382867132867133,0.2517482517482518,0.24737762237762237,0.26704545454545453
0.23137598597721298,0.24408413672217352,0.2506573181419807,0.2738825591586328
0.224945295404814,0.2512035010940919,0.25864332603938733,0.26520787746170676
0.22587719298245615,0.2469298245614035,0.25921052631578945,0.2679824561403509
0.22466960352422907,0.24669603524229075,0.260352422907489,0.2682819383259912
0.22765301629238222,0.24570673712021135,0.25847644209599296,0.26816380449141347
0.23144488361879667,0.24418093983311376,0.2560386473429952,0.2683355292050944
0.22821760283060594,0.23927465723131358,0.25696594427244585,0.2755417956656347
0.22671353251318102,0.23681898066783832,0.2601054481546573,0.27636203866432335
0.23298783235691753,0.238395673726904,0.25326723749436686,0.27534925642181163
0.22978910369068542,0.2398945518453427,0.2539543057996485,0.27636203866432335
0.22025652366209642,0.24812030075187969,0.2560813799203892,0.2755417956656347
0.22207563764291996,0.24714160070360597,0.2510993843447669,0.2796833773087071
0.22719298245614036,0.24298245614035088,0.2469298245614035,0.28289473684210525
0.23009623797025372,0.24059492563429571,0.2432195975503062,0.28608923884514437
0.2319610447100487,0.23771580345285526,0.24833997343957503,0.281983178397521
0.2237701349586417,0.23987810187200698,0.25119721375707443,0.28515454941227686
0.22659667541557305,0.2388451443569554,0.24934383202099739,0.2852143482064742
0.2263986013986014,0.23295454545454544,0.24825174825174826,0.2923951048951049
0.22747349823321555,0.23498233215547704,0.25353356890459366,0.2840106007067138
0.21573828470380194,0.2480106100795756,0.251105216622458,0.28514588859416445
0.21963028169014084,0.24119718309859156,0.25704225352112675,0.28213028169014087
0.21766280107047278,0.243978590544157,0.25557537912578054,0.28278322925958965
0.21425448185395715,0.2466112811543507,0.254919108001749,0.28421512898994317
0.21868083222664897,0.2412571934484285,0.25320938468348825,0.2868525896414343
0.21901007446342532,0.24923346473937802,0.2518615856329391,0.27989487516425754
0.21815777875716175,0.250330542089026,0.24416042309387395,0.2873512560599383
0.21334503950834066,0.24582967515364354,0.2510974539069359,0.2897278314310799
0.22143802382002647,0.24702249669166298,0.2514336127040141,0.28010586678429644
0.21925601750547047,0.249890590809628,0.25207877461706785,0.2787746170678337
0.22114108801415303,0.24944714727996462,0.25519681556833257,0.27421494913754973
0.2201993931512787,0.2535760728218466,0.2531426094495015,0.27308192457737324
0.21666666666666667,0.26052631578947366,0.24912280701754386,0.2736842105263158
0.21891651865008882,0.2557726465364121,0.2433392539964476,0.28197158081705154
0.21825396825396826,0.25749559082892415,0.24779541446208111,0.27645502645502645
0.2162280701754386,0.25833333333333336,0.25087719298245614,0.27456140350877195
0.21598939929328623,0.2588339222614841,0.25220848056537104,0.27296819787985865
0.22397200349956256,0.2515310586176728,0.25284339457567806,0.27165354330708663
0.2248233215547703,0.2539752650176678,0.2508833922261484,0.2703180212014134
0.22663139329805995,0.25396825396825395,0.2495590828924162,0.2698412698412698
0.2210065645514223,0.25207877461706785,0.25295404814004374,0.2739606126914661
0.2224659938569548,0.25186485300570427,0.2544975866608161,0.2711715664765248
0.22711421098517873,0.24803836094158674,0.25544899738448124,0.26939843068875324
0.22266489597166889,0.2558654271801682,0.2549800796812749,0.266489597166888
0.22677234698370763,0.25451343020695727,0.25495376486129456,0.2637604579480405
0.2267313630348478,0.2523158359064843,0.2571680635200706,0.26378473753859727
0.2288840262582057,0.25689277899343543,0.25733041575492344,0.25689277899343543
0.22027204914436158,0.26327336551118913,0.250987275120667,0.26546731022378234
0.22441809398331136,0.26130873956960915,0.24857268335529206,0.26570048309178745
0.22314774221832528,0.2604120999561596,0.2503288031565103,0.2661113546690048
0.22129710780017528,0.25591586327782645,0.24890446976336547,0.2738825591586328
0.22003577817531306,0.2584973166368515,0.24821109123434704,0.27325581395348836
0.22847100175746923,0.2565905096660808,0.24736379613356765,0.26757469244288223
0.22885789014821273,0.25326939843068874,0.24760244115082825,0.2702702702702703
0.2322921249450066,0.25164980202375714,0.2424109106907171,0.2736471623405191
0.23128046078865752,0.2467877713779353,0.24944616747895437,0.2724856003544528
0.23409893992932862,0.24823321554770317,0.247791519434629,0.2698763250883392
0.2340898976412995,0.24121050289274587,0.24922118380062305,0.27547841566533154
0.23500881834215168,0.2464726631393298,0.2495590828924162,0.2689594356261023
0.23545091070635274,0.2416703687250111,0.2514438027543314,0.27143491781430473
0.2360928602715725,0.24091108190976784,0.2505475251861586,0.2724485326325011
0.2349582784365393,0.24330259112867808,0.2490118577075099,0.2727272727272727
0.24789356984478936,0.23813747228381374,0.24789356984478936,0.2660753880266075
0.24646643109540636,0.24602473498233215,0.24425795053003532,0.26325088339222613
0.25308098591549294,0.24779929577464788,0.2363556338028169,0.26276408450704225
0.25470459518599564,0.24420131291028446,0.23982494529540482,0.2612691466083151
0.25164980202375714,0.24417069951605808,0.2402111746590409,0.2639683238011439
0.2529854046881911,0.2401592215833702,0.24635117204776646,0.2605042016806723
0.2607929515418502,0.23348017621145375,0.2488986784140969,0.25682819383259914
0.2573203194321207,0.2453416149068323,0.24622892635314997,0.2511091393078971
0.2566021126760563,0.25,0.24515845070422534,0.2482394366197183
0.2595048629531388,0.2502210433244916,0.24005305039787797,0.2502210433244916
0.25799386771791505,0.2439772229522558,0.2422251423565484,0.2558037669732808
0.2635283765948086,0.2358117025956885,0.2454905411350638,0.2551693796744391
0.25388371060807813,0.23612960497114957,0.25033288948069243,0.2596537949400799
0.25601750547045954,0.23544857768052516,0.24551422319474836,0.263019693654267
0.2576091751213057,0.23864137626819584,0.24569916188795765,0.2580502867225408
0.25263157894736843,0.23201754385964912,0.2530701754385965,0.26228070175438595
0.2565236620964175,0.23219814241486067,0.2547545333923043,0.2565236620964175
0.2589833479404032,0.23137598597721298,0.24934268185801928,0.26029798422436456
0.2662852112676056,0.23459507042253522,0.2482394366197183,0.25088028169014087
0.2713722051731697,0.23147742218325296,0.24813678211310827,0.2490135905304691
0.2688219663418955,0.2329495128432241,0.24977856510186006,0.24844995571302037
0.2710896309314587,0.23198594024604569,0.2491212653778559,0.2478031634446397
0.2618101545253863,0.23664459161147902,0.25298013245033113,0.24856512141280354
0.2687089715536105,0.2363238512035011,0.24201312910284464,0.25295404814004374
0.2740088105726872,0.23524229074889869,0.23920704845814977,0.2515418502202643
0.272887323943662,0.2319542253521127,0.24075704225352113,0.25440140845070425
0.2776553547818422,0.23446452181577787,0.23446452181577787,0.25341560158660204
0.27480245829675154,0.23134328358208955,0.2414398595258999,0.252414398595259
0.2751531058617673,0.23053368328958881,0.2436570428696413,0.25065616797900264
0.2710816777041943,0.22869757174392935,0.24856512141280354,0.25165562913907286
0.26897762176393153,0.22992540587977184,0.2540587977182975,0.24703817463799913
0.268859649122807,0.23026315789473684,0.2530701754385965,0.24780701754385964
0.2671922908453789,0.231712658782304,0.2514235654840123,0.24967148488830487
0.27047038327526135,0.23257839721254356,0.2495644599303136,0.24738675958188153
0.26666666666666666,0.2344226579520697,0.24923747276688454,0.2496732026143791
0.26353149955634425,0.2360248447204969,0.2506654835847382,0.24977817213842057
0.2659667541557305,0.23709536307961504,0.24978127734033245,0.24715660542432197
0.2685840707964602,0.24292035398230089,0.24955752212389382,0.23893805309734514
0.26850635129215944,0.2439772229522558,0.2474813841436706,0.24003504161191414
0.26860413914575076,0.24790841039189784,0.2404227212681638,0.2430647291941876
0.26882661996497376,0.2491243432574431,0.23992994746059546,0.24211908931698775
0.27080581241743723,0.2523117569352708,0.23337736679876706,0.24350506384852488
0.27276726792784867,0.24593048834139902,0.2300923889133304,0.2512098548174219
0.2720491443615621,0.24703817463799913,0.22948661693725317,0.25142606406318563
0.27775320654577623,0.25210084033613445,0.21981424148606812,0.2503317116320212
0.2784417884019478,0.2501106684373617,0.21912350597609562,0.25232403718459495
0.27569475077194533,0.2518747243052492,0.2223202470224967,0.25011027790030876
0.27758164165931154,0.2506619593998235,0.21624007060900266,0.25551632833186233
0.2794182459233142,0.24636403702071397,0.21903922432789774,0.255178492728074
0.2858403176003529,0.24437582708425232,0.2121746801940891,0.2576091751213057
0.28426171529619804,0.24358974358974358,0.21971706454465076,0.2524314765694076
0.2960819234194123,0.2408726625111309,0.21682991985752448,0.2462154942119323
0.2921099290780142,0.23670212765957446,0.22030141843971632,0.250886524822695
0.2918681318681319,0.23736263736263735,0.22637362637362637,0.2443956043956044
0.29096545615589015,0.23737821080602303,0.22763507528786536,0.24402125775022143
0.2925974594831362,0.23434077967586509,0.22733245729303547,0.2457293035479632
0.28257042253521125,0.23459507042253522,0.23371478873239437,0.24911971830985916
0.28234265734265734,0.23339160839160839,0.23426573426573427,0.25
0.2839451570101725,0.23175586023883238,0.23617868199911543,0.24812030075187969
0.2754069511658601,0.2432908051033876,0.2336119665640123,0.24769027716674
0.27924362357080035,0.2423043095866315,0.23526824978012312,0.24318381706244502
0.2781195079086116,0.24253075571177504,0.2390158172231986,0.24033391915641475
0.2747589833479404,0.2427695004382121,0.23707274320771254,0.24539877300613497
0.2711564023039433,0.24501550731058927,0.23438192290651308,0.24944616747895437
0.27943760984182775,0.24165202108963094,0.22583479789103691,0.2530755711775044
0.28054697838553155,0.2373180414644905,0.22540802823114248,0.2567269519188355
0.2784865816102068,0.24065112186537616,0.22437307523097227,0.2564892212934448
0.2820288587669436,0.24223874070835155,0.22081329252295584,0.254919108001749
0.28068631764188295,0.25164980202375714,0.21381434227892654,0.25384953805543337
0.2796985815602837,0.25132978723404253,0.21409574468085107,0.2548758865248227
0.28874172185430463,0.2401766004415011,0.21766004415011037,0.25342163355408387
0.28716814159292037,0.2411504424778761,0.22168141592920354,0.25
0.2870452528837622,0.24046140195208518,0.2178349600709849,0.2546583850931677
0.28047703180212014,0.2504416961130742,0.2142226148409894,0.25485865724381623
0.28050921861281825,0.2497805092186128,0.21685689201053557,0.2528533801580334
0.28029642545771577,0.26024411508282475,0.2109851787271142,0.24847428073234526
0.2742006132282085,0.25098554533508544,0.21769601401664476,0.25711782742006134
0.2742932862190813,0.2597173144876325,0.22040636042402828,0.24558303886925795
0.27446715963462376,0.2670726402783819,0.215311004784689,0.24314919530230536
0.27492314448836186,0.2665788317962231,0.21299956082564778,0.24549846288976723
0.26926483613817537,0.27059344552701503,0.21434898139946856,0.245792736935341
0.26827133479212256,0.2708971553610503,0.21400437636761488,0.24682713347921226
0.2675496688741722,0.26843267108167773,0.21456953642384105,0.24944812362030905
0.2661149825783972,0.27134146341463417,0.21515679442508712,0.24738675958188153
0.26102292768959434,0.27469135802469136,0.21957671957671956,0.2447089947089947
0.2658504591167468,0.2684739833843463,0.2133799737647573,0.25229558373414956
0.26948480845442535,0.2619991193306913,0.21047996477322764,0.25803610744165567
0.2753880266075388,0.2549889135254989,0.21241685144124167,0.2572062084257206
0.2730465320456541,0.257243195785777,0.20851624231782265,0.26119402985074625
0.2655293088363955,0.25765529308836393,0.2152230971128609,0.2615923009623797
0.26791277258566976,0.2639074321317312,0.21272808188696038,0.2554517133956386
0.26359649122807016,0.25877192982456143,0.2236842105263158,0.25394736842105264
0.26992514310876264,0.26023778071334214,0.21972699251431088,0.25011008366358434
0.2666080070391553,0.26176858776946765,0.21601407831060274,0.2556093268807743
0.2708793636765356,0.26557666813963765,0.21652673442333187,0.24701723376049492
0.2738147984049623,0.2662826761187417,0.21178555604785113,0.24811696942844483
0.2772407732864675,0.2640597539543058,0.21748681898066785,0.24121265377855888
0.27481252756947505,0.26378473753859727,0.2152624614027349,0.24614027348919276
0.27633318642573823,0.2719259585720582,0.20846187747906567,0.24327897752313796
0.2759078830823738,0.26970770593445526,0.21346324180690876,0.2409211691762622
0.2775098640946953,0.26830337571240687,0.2117492327926348,0.24243752740026303
0.27132125497127707,0.26690234202386215,0.21431727794962438,0.2474591250552364
0.2745955400087451,0.27066025360734586,0.2120682116309576,0.24267599475295146
0.2738770170082861,0.27344090710859137,0.2102049716528565,0.24247710423026603
0.27931488801054016,0.2727272727272727,0.20553359683794467,0.24242424242424243
0.273568281938326,0.2788546255506608,0.20440528634361232,0.2431718061674009
0.27252843394575677,0.28127734033245844,0.20253718285214348,0.2436570428696413
0.27336551118911806,0.2711715664765248,0.20096533567354102,0.2544975866608161
0.26793431287813313,0.27441659464131374,0.2031114952463267,0.2545375972342264
0.271015761821366,0.2732049036777583,0.2040280210157618,0.2517513134851138
0.2731643356643357,0.2718531468531469,0.20192307692307693,0.2530594405594406
0.2723684210526316,0.27456140350877195,0.20043859649122808,0.25263157894736843
0.27177700348432055,0.2748257839721254,0.20513937282229966,0.24825783972125434
0.2697512003491925,0.2776080314273243,0.2073330423395897,0.2453077258838935
0.2745011086474501,0.2731707317073171,0.2088691796008869,0.2434589800443459
0.2747349823321555,0.2782685512367491,0.20362190812720848,0.24337455830388693
0.27477876106194693,0.2752212389380531,0.20707964601769913,0.24292035398230089
0.2660228270412643,0.2796312554872695,0.21378402107111502,0.2405618964003512
0.26850635129215944,0.2829610162067455,0.21243977222952257,0.2360928602715725
0.2619991193306913,0.28753852928225454,0.21400264200792601,0.23645970937912814
0.2526269702276708,0.29334500875656744,0.22110332749562173,0.2329246935201401
0.2503299604047514,0.2934447866256049,0.21601407831060274,0.2402111746590409
0.25631929046563195,0.2917960088691796,0.21685144124168515,0.23503325942350334
0.251528384279476,0.2930131004366812,0.2165938864628821,0.2388646288209607
0.25065616797900264,0.2983377077865267,0.2169728783902012,0.23403324584426946
0.2517636684303351,0.29894179894179895,0.21957671957671956,0.22971781305114639
0.25692916849978004,0.2987241531016278,0.21557413110426749,0.22877254729432467
0.25663716814159293,0.2991150442477876,0.22035398230088496,0.22389380530973452
0.258688957325121,0.2982842058952926,0.22305323361196655,0.21997360316761988
0.2543859649122807,0.2982456140350877,0.22324561403508772,0.22412280701754386
0.2517574692442882,0.3022847100175747,0.22363796133567662,0.22231985940246046
0.250330542089026,0.30498016747465845,0.22256500661084178,0.22212428382547378
0.2557117750439367,0.29964850615114236,0.218804920913884,0.22583479789103691
0.25735617039964864,0.3012736056214317,0.21695212999560826,0.22441809398331136
0.25232403718459495,0.30323151837096063,0.21912350597609562,0.22532093846834883
0.257243195785777,0.2932396839332748,0.2247585601404741,0.2247585601404741
0.25296442687747034,0.29556433904259993,0.22266139657444006,0.22880983750548967
0.2517543859649123,0.2929824561403509,0.21929824561403508,0.23596491228070177
0.2475770925110132,0.29911894273127754,0.22290748898678414,0.23039647577092512
0.2548161120840631,0.29903677758318736,0.22197898423817863,0.22416812609457093
0.24955985915492956,0.29973591549295775,0.22403169014084506,0.2266725352112676
0.24490699734278124,0.29982285208148807,0.21966341895482727,0.23560673162090345
0.24801412180052956,0.29876434245366285,0.21932921447484555,0.23389232127096204
0.242184059885513,0.30250990752972257,0.22324966974900926,0.23205636283575518
0.23904382470119523,0.3054448871181939,0.22399291722000886,0.23151837096060204
0.24211461572634385,0.30875166592625497,0.22301199466903598,0.22612172367836517
0.23822104799647734,0.30823425803610743,0.22677234698370763,0.22677234698370763
0.23637961335676624,0.31195079086115995,0.22891036906854131,0.22275922671353252
0.23493180818301804,0.31060272767267927,0.2322921249450066,0.22217333919929608
0.23625886524822695,0.30851063829787234,0.2300531914893617,0.225177304964539
0.23430592396109637,0.3121131741821397,0.22855879752431477,0.22502210433244915
0.2431718061674009,0.30837004405286345,0.22202643171806166,0.226431718061674
0.23703703703703705,0.31067538126361655,0.23093681917211328,0.22135076252723312
0.23236331569664903,0.3011463844797178,0.23324514991181658,0.23324514991181658
0.2324465765372874,0.3044047099869167,0.23680767553423462,0.22634103794156127
0.23617868199911543,0.30296329057938964,0.23529411764705882,0.22556390977443608
0.23472949389179756,0.29930191972076786,0.23734729493891799,0.2286212914485166
0.23748902546093065,0.2976294995610184,0.2392449517120281,0.22563652326602282
0.2393617021276596,0.29432624113475175,0.23581560283687944,0.23049645390070922
0.24285085789705235,0.2921249450065992,0.23141223053233612,0.2336119665640123
0.24456280514869064,0.2933865956502441,0.23169107856191745,0.2303595206391478
