R,A,S,N
0.0,0.0,0.0,1.0
0.0,0.0,0.5,0.5
0.25,0.0,0.25,0.5
0.25,0.25,0.25,0.25
0.38461538461538464,0.15384615384615385,0.23076923076923078,0.23076923076923078
0.4375,0.125,0.125,0.3125
0.3333333333333333,0.14285714285714285,0.09523809523809523,0.42857142857142855
0.4,0.08571428571428572,0.08571428571428572,0.42857142857142855
0.4339622641509434,0.11320754716981132,0.09433962264150944,0.3584905660377358
0.4657534246575342,0.0821917808219178,0.0821917808219178,0.3698630136986301
0.4368932038834951,0.08737864077669903,0.07766990291262135,0.39805825242718446
0.4697986577181208,0.087248322147651,0.06711409395973154,0.37583892617449666
0.4756756756756757,0.08108108108108109,0.06486486486486487,0.3783783783783784
0.5178571428571429,0.08928571428571429,0.06696428571428571,0.32589285714285715
0.5095057034220533,0.09505703422053231,0.057034220532319393,0.33840304182509506
0.5015974440894568,0.10543130990415335,0.04792332268370607,0.3450479233226837
0.5133689839572193,0.10160427807486631,0.040106951871657755,0.3449197860962567
0.5304740406320542,0.0835214446952596,0.04288939051918736,0.3431151241534989
0.5316698656429942,0.08061420345489444,0.04030710172744722,0.3474088291746641
0.5452991452991452,0.0735042735042735,0.044444444444444446,0.3367521367521368
0.5477239353891337,0.07342143906020558,0.04405286343612335,0.33480176211453744
0.5472186287192755,0.08538163001293661,0.045278137128072445,0.3221216041397154
0.5509518477043673,0.08622620380739082,0.043673012318029114,0.3191489361702128
0.5698267074413863,0.07747196738022426,0.04281345565749235,0.30988786952089703
0.5840297121634169,0.07985143918291551,0.0436397400185701,0.2924791086350975
0.5856401384083045,0.08650519031141868,0.04325259515570934,0.28460207612456745
0.5844255975327679,0.08481110254433308,0.040863531225905934,0.2898997686969931
0.5893371757925072,0.08357348703170028,0.045389048991354465,0.28170028818443804
0.5897606382978723,0.08909574468085106,0.04454787234042553,0.2765957446808511
0.5867346938775511,0.08864795918367346,0.049107142857142856,0.2755102040816326
0.6073582629674307,0.08262967430639324,0.04945717732207479,0.2605548854041013
0.599647266313933,0.07760141093474426,0.05114638447971781,0.2716049382716049
0.6063829787234043,0.07390817469204927,0.0509518477043673,0.2687569988801792
0.596195652173913,0.08152173913043478,0.05326086956521739,0.26902173913043476
0.5913921360255048,0.0818278427205101,0.05154091392136025,0.27523910733262485
0.593733949666153,0.07755521314843349,0.05136106831022085,0.2773497688751926
0.5950124688279301,0.07481296758104738,0.053865336658354114,0.27630922693266835
0.5935672514619883,0.07748538011695906,0.05263157894736842,0.27631578947368424
0.5952496364517693,0.07610276296655356,0.05671352399418323,0.27193407658749397
0.6016144349477682,0.07739791073124407,0.056505223171889836,0.2644824311490978
0.5965485074626866,0.07975746268656717,0.054104477611940295,0.269589552238806
0.5907192575406033,0.07935034802784223,0.052900232018561484,0.27703016241299305
0.5942360475754803,0.0777676120768527,0.05077767612076853,0.27721866422689845
0.5920107719928187,0.07854578096947935,0.05341113105924596,0.276032315978456
0.5951850200624164,0.08114132857779759,0.04859563085153812,0.27507802050824787
0.5959595959595959,0.07817303469477382,0.046991655687307864,0.27887571365832237
0.602112676056338,0.0761443661971831,0.04621478873239437,0.2755281690140845
0.5999129299085764,0.07662168045276448,0.04658249891162386,0.27688289072703526
0.5976042590949423,0.07852706299911269,0.044365572315882874,0.2795031055900621
0.5995584988962472,0.07770419426048565,0.038852097130242826,0.2838852097130243
0.5995555555555555,0.08,0.04,0.28044444444444444
0.6001776988005331,0.0790759662372279,0.03642825410928476,0.28431808085295424
0.6109139307897072,0.07763975155279502,0.03593611357586513,0.2755102040816326
0.6089857651245552,0.07517793594306049,0.037366548042704624,0.27846975088967973
0.6179725542275343,0.07348384240814519,0.03718459495351926,0.27135900841080124
0.6182222222222222,0.07155555555555555,0.037333333333333336,0.2728888888888889
0.616946160635481,0.07237422771403354,0.0353045013239188,0.27537511032656664
0.6192579505300353,0.0715547703180212,0.037985865724381625,0.2712014134275618
0.6192781690140845,0.06998239436619719,0.037411971830985914,0.2733274647887324
0.619152691968226,0.07149161518093557,0.037069726390114736,0.2722859664607237
0.6180860403863038,0.06672519754170325,0.038191395961369626,0.27699736611062337
0.623015873015873,0.06746031746031746,0.03835978835978836,0.27116402116402116
0.6143299425033171,0.06943830163644406,0.038920831490490936,0.2773109243697479
0.6116548042704626,0.0711743772241993,0.03914590747330961,0.2780249110320285
0.6147757255936676,0.07036059806508356,0.040457343887423045,0.27440633245382584
0.6154873164218959,0.07031597685803294,0.04138851802403204,0.2728081886960392
0.6144256455921638,0.07346393588601959,0.03829029385574354,0.27382012466607303
0.6163355408388521,0.07549668874172186,0.04105960264900662,0.2671081677704194
0.6083885209713025,0.0772626931567329,0.04326710816777042,0.2710816777041943
0.6119205298013245,0.0772626931567329,0.044591611479028695,0.2662251655629139
0.6147110332749562,0.0766199649737303,0.043782837127845885,0.2648861646234676
0.6135265700483091,0.0733421168203777,0.043039086517347384,0.27009222661396576
0.6105449712007089,0.07487815684536996,0.042977403633141335,0.2715994683207798
0.6150793650793651,0.07627865961199294,0.04497354497354497,0.263668430335097
0.6172185430463576,0.07637969094922738,0.045033112582781455,0.26136865342163357
0.6138084632516704,0.07973273942093541,0.044543429844097995,0.2619153674832962
0.6155878467635403,0.07970057243505063,0.04535446939674152,0.25935711140466755
0.6135265700483091,0.07685551163812034,0.04655248133509003,0.26306543697848045
0.610079575596817,0.07692307692307693,0.04597701149425287,0.26702033598585323
0.6167400881057269,0.07841409691629955,0.042731277533039645,0.2621145374449339
0.616822429906542,0.0796617712505563,0.040943480195816645,0.262572318647085
0.619793999104344,0.0747872816838334,0.04254366323331841,0.26287505597850425
0.6272606969563299,0.07234230260255844,0.04102337891486546,0.25937362152624616
0.6279275298276624,0.07247017233760494,0.038886433937251434,0.2607158638974812
0.6274336283185841,0.07654867256637168,0.03849557522123894,0.2575221238938053
0.6347517730496454,0.07446808510638298,0.03856382978723404,0.2522163120567376
0.6270742358078603,0.07074235807860262,0.04017467248908297,0.26200873362445415
0.6256028057869355,0.07014467338886453,0.0394563787812363,0.2647961420429636
0.6314855875831485,0.06740576496674058,0.038580931263858094,0.26252771618625276
0.6299559471365639,0.06651982378854626,0.04008810572687225,0.26343612334801764
0.6256567425569177,0.0669877408056042,0.04115586690017513,0.266199649737303
0.6254980079681275,0.07082779991146525,0.04293935369632581,0.26073483842408146
0.6370138578453286,0.06794814483683505,0.0424675905230219,0.25257040679481446
0.6382694023193577,0.06690454950936664,0.043264942016057094,0.25156110615521854
0.634843818741751,0.06687197536295644,0.04487461504619446,0.2534095908490981
0.6427943760984183,0.06546572934973638,0.04437609841827768,0.24736379613356765
0.6318363717207648,0.0689195197865718,0.04535349044019564,0.25389061805246776
0.6357142857142857,0.06651785714285714,0.04375,0.25401785714285713
0.6403197158081705,0.0674955595026643,0.04440497335701599,0.2477797513321492
0.6437139049311417,0.06974677920924034,0.04175921812527766,0.24478009773434029
0.644543429844098,0.066815144766147,0.04365256124721604,0.24498886414253898
0.6417445482866043,0.06542056074766354,0.04138851802403204,0.2514463729417
0.6345558992487847,0.06805125939019001,0.040653999116217414,0.25673884224480775
0.6342326404245909,0.06811145510835913,0.039805395842547546,0.25785050862450243
0.6398230088495576,0.07079646017699115,0.03716814159292035,0.252212389380531
0.6397849462365591,0.06899641577060932,0.039874551971326166,0.2513440860215054
0.6374608851139919,0.0657130084935181,0.04023245417970496,0.25659365221278496
0.6291834002677377,0.06559571619812583,0.04239178937974119,0.26282909415439537
0.6257805530776093,0.06690454950936664,0.043264942016057094,0.264049955396967
0.6317863397548161,0.063922942206655,0.03765323992994746,0.26663747810858146
0.6279788172992057,0.06707855251544571,0.038393645189761696,0.26654898499558694
0.6342326404245909,0.06899601946041574,0.03494029190623618,0.2618310482087572
0.6263345195729537,0.06672597864768683,0.03469750889679715,0.2722419928825623
0.6268722466960353,0.06299559471365639,0.03524229074889868,0.2748898678414097
0.6196373286156568,0.06457319770013269,0.03847854931446263,0.2773109243697479
0.627682873412177,0.06307490144546649,0.03898379325448971,0.27025843188786686
0.6271853146853147,0.0625,0.041520979020979024,0.2687937062937063
0.6336721166593018,0.0618647812638091,0.04021210782147592,0.26425099425541315
0.6235657546337158,0.06531332744924978,0.04280670785525154,0.26831421006178285
0.6226912928759895,0.06772207563764292,0.04309586631486367,0.26649076517150394
0.6246126604692341,0.06684373616644533,0.04293935369632581,0.2656042496679947
0.6264418811002662,0.0709849157054126,0.041259982253771074,0.26131322094055015
0.6262582056892779,0.07045951859956236,0.03938730853391685,0.26389496717724287
0.6237227898711684,0.0670812972012439,0.04042647712127943,0.2687694358063083
0.6319751992914083,0.06465899025686449,0.04118689105403012,0.26217891939769705
0.6265962131219727,0.06649053280493175,0.04315279612505504,0.2637604579480405
0.6285203397407242,0.06794814483683505,0.04067948144836835,0.2628520339740724
0.6350332594235033,0.0647450110864745,0.041685144124168516,0.25853658536585367
0.6367256637168142,0.06283185840707965,0.03805309734513274,0.26238938053097344
0.6377708978328174,0.06457319770013269,0.03582485625829279,0.2618310482087572
0.6355140186915887,0.06809078771695594,0.035603026257231864,0.2607921673342234
0.634871339840284,0.07054125998225377,0.03460514640638864,0.25998225377107365
0.6300043994720633,0.0730312362516498,0.0343158820941487,0.26264848218213815
0.6282560706401766,0.07373068432671082,0.03487858719646799,0.2631346578366446
0.6289532293986637,0.07260579064587973,0.03608017817371938,0.2623608017817372
0.63898756660746,0.06971580817051509,0.03596802841918295,0.2553285968028419
0.6371681415929203,0.07168141592920355,0.03716814159292035,0.25398230088495577
0.6393805309734514,0.07168141592920355,0.03805309734513274,0.25088495575221237
0.6380910296067167,0.0684931506849315,0.03844454264250994,0.25497127706584183
0.6454908929364727,0.06885828520657486,0.04042647712127943,0.24522434473567303
0.6453744493392071,0.06960352422907488,0.040969162995594714,0.24405286343612334
0.6433659839715049,0.06856634016028496,0.040516473731077474,0.2475512021371327
0.6467991169977925,0.06710816777041943,0.04105960264900662,0.24503311258278146
0.6426690079016681,0.06628621597892889,0.041264266900790166,0.2497805092186128
0.6457777777777778,0.068,0.041777777777777775,0.24444444444444444
0.6481316725978647,0.06672597864768683,0.04092526690391459,0.2442170818505338
0.6497349823321554,0.06713780918727916,0.044169611307420496,0.23895759717314488
0.6364038972542073,0.06997342781222321,0.046058458813108945,0.2475642161204606
0.639524647887324,0.07042253521126761,0.04753521126760563,0.2425176056338028
0.6452328159645233,0.06651884700665188,0.04966740576496674,0.2385809312638581
0.6395759717314488,0.06757950530035335,0.05167844522968198,0.2411660777385159
0.6413670661340435,0.06524633821571238,0.05503772747447847,0.23834886817576564
0.6412180052956752,0.06663724624889673,0.05692850838481906,0.235216240070609
0.6371760500446828,0.07015192135835567,0.0580875781948168,0.23458445040214476
0.6454626334519573,0.06895017793594306,0.055604982206405695,0.22998220640569395
0.6540880503144654,0.06873315363881402,0.05121293800539083,0.22596585804132974
0.6475011057054401,0.06855373728438743,0.05218929677134011,0.23175586023883238
0.6520768200089325,0.07012058954890577,0.047342563644484144,0.23046002679767755
0.6496220542463317,0.07203201422854602,0.044464206313917294,0.23388172521120498
0.6458333333333334,0.07047872340425532,0.04565602836879433,0.23803191489361702
0.6466367713004484,0.07040358744394619,0.04304932735426009,0.2399103139013453
0.6514209591474245,0.06882770870337478,0.040408525754884544,0.23934280639431615
0.6523454625164402,0.07014467338886453,0.042525208241999124,0.23498465585269618
0.6519043401240036,0.06820194862710363,0.04384410983170948,0.23604960141718334
0.6589698046181173,0.06571936056838366,0.043516873889875664,0.23179396092362345
0.6648936170212766,0.06294326241134751,0.043882978723404256,0.22828014184397163
0.6679964539007093,0.05851063829787234,0.04299645390070922,0.23049645390070922
0.6718334809565988,0.06023029229406555,0.0420726306465899,0.22586359610274578
0.6699375557537912,0.060660124888492414,0.042818911685994644,0.22658340767172166
0.6644474034620506,0.05903240124278739,0.043941411451398134,0.23257878384376388
0.6613756613756614,0.06128747795414462,0.04673721340388007,0.23059964726631393
0.6708019494904741,0.05804164820558263,0.04164820558263181,0.22950819672131148
0.6674097191261703,0.05617476593847526,0.04279982166740972,0.2336156932679447
0.6704845814977973,0.05418502202643172,0.04185022026431718,0.23348017621145375
0.6631486367634125,0.05364995602462621,0.044415127528583995,0.23878627968337732
0.6653368794326241,0.053634751773049646,0.04654255319148936,0.23448581560283688
0.6731880835927079,0.0542463317029791,0.04357492218763895,0.22899066251667408
0.6720453554295682,0.05625817706061927,0.04491931966855647,0.226777147841256
0.6656333038086802,0.0566873339238264,0.04738706820194863,0.23029229406554472
0.6628919860627178,0.05662020905923345,0.048344947735191636,0.23214285714285715
0.6599821746880571,0.059269162210338684,0.045454545454545456,0.23529411764705882
0.6669615214506855,0.059708093763821316,0.04467049977885891,0.22865988500663423
0.6700307152259763,0.055287406757349715,0.04387889425186485,0.23080298376480912
0.6771479185119574,0.05358724534986714,0.04162976085031001,0.22763507528786536
0.6819599109131403,0.051224944320712694,0.04320712694877506,0.22360801781737194
0.6804444444444444,0.04844444444444444,0.044444444444444446,0.22666666666666666
0.6869409660107334,0.04785330948121646,0.04293381037567084,0.22227191413237926
0.6795042054006197,0.051350154935812305,0.04161133244798584,0.22753430721558213
0.6770186335403726,0.050576752440106475,0.04303460514640639,0.22937000887311446
0.6744803184431667,0.0513047324192835,0.04732419283502875,0.226890756302521
0.6750663129973474,0.054376657824933686,0.04332449160035367,0.22723253757736517
0.6768481629039398,0.051350154935812305,0.043382027445772464,0.22841965471447542
0.6787610619469027,0.05486725663716814,0.04380530973451328,0.22256637168141594
0.6775907883082374,0.05181576616474756,0.04295837023914969,0.22763507528786536
0.6786813186813186,0.05186813186813187,0.046153846153846156,0.22329670329670329
0.6832077979618963,0.052281789986708016,0.04563579973416039,0.21887461231723526
0.6805369127516778,0.05548098434004474,0.04384787472035794,0.22013422818791947
0.684419014084507,0.05413732394366197,0.042693661971830985,0.21875
0.6861702127659575,0.054078014184397165,0.040336879432624116,0.21941489361702127
0.6843987483236478,0.05364327223960662,0.039785426911041574,0.22217255252570406
0.6863957597173145,0.055212014134275615,0.03842756183745583,0.21996466431095407
0.6902852049910874,0.05570409982174688,0.040998217468805706,0.21301247771836007
0.6873065015479877,0.053516143299425036,0.04024767801857585,0.21892967713401149
0.6900352733686067,0.056878306878306875,0.040123456790123455,0.21296296296296297
0.6879401408450704,0.05545774647887324,0.04137323943661972,0.21522887323943662
0.6832298136645962,0.05723158828748891,0.043478260869565216,0.2160603371783496
0.6836555360281195,0.056678383128295255,0.04173989455184534,0.2179261862917399
0.6766280107047279,0.056645851917930416,0.042818911685994644,0.22390722569134702
0.6837229819144244,0.056021173356859286,0.044993383325981476,0.2152624614027349
0.6857394366197183,0.056338028169014086,0.04533450704225352,0.2125880281690141
0.6836058329650906,0.057445868316394165,0.04551480335837384,0.21343349536014142
0.6777777777777778,0.059111111111111114,0.04488888888888889,0.21822222222222223
0.6857777777777778,0.05688888888888889,0.044,0.21333333333333335
0.6841409691629956,0.05330396475770925,0.04361233480176212,0.21894273127753303
0.682399647110719,0.05778561976179974,0.03970004411116013,0.22011468901632114
0.6771063078958977,0.05866784296426996,0.044993383325981476,0.2192324658138509
0.6802690582959642,0.05201793721973094,0.04798206278026906,0.21973094170403587
0.6880815241470979,0.04962339388568897,0.04962339388568897,0.21267168808152415
0.684811237928007,0.048726953467954345,0.04741000877963126,0.21905179982440737
0.6883230904302019,0.0504828797190518,0.048287971905179985,0.21290605794556627
0.691358024691358,0.04982363315696649,0.04938271604938271,0.20943562610229277
0.6878587196467991,0.05121412803532009,0.05121412803532009,0.2097130242825607
0.6888096299598752,0.053053945608559964,0.04681230494872938,0.2113241194828355
0.6904761904761905,0.053791887125220456,0.04717813051146384,0.20855379188712522
0.6934984520123839,0.05749668288367979,0.04820875718708536,0.20079610791685096
0.6891651865008881,0.0608348134991119,0.04662522202486678,0.2033747779751332
0.6947648624667259,0.06521739130434782,0.044365572315882874,0.1956521739130435
0.6968085106382979,0.06294326241134751,0.044326241134751775,0.19592198581560283
0.699468085106383,0.06028368794326241,0.0425531914893617,0.1976950354609929
0.6945054945054945,0.06065934065934066,0.04395604395604396,0.20087912087912088
0.6986361636603607,0.05851297844258689,0.045314562252529694,0.19753629564452266
0.7017387427552385,0.05929558626839055,0.04681230494872938,0.19215336602764155
0.7049180327868853,0.057598582188746125,0.043863535666814356,0.19361984935755427
0.7106778910057598,0.057598582188746125,0.04474966770048737,0.18697385910500663
0.7131578947368421,0.058771929824561406,0.043859649122807015,0.18421052631578946
0.7118570183086312,0.05623365300784656,0.045771578029642546,0.1861377506538797
0.7031943212067435,0.055900621118012424,0.047471162377994675,0.19343389529724933
0.7101193106495802,0.05391073795846222,0.04684047724259832,0.18912947414935927
0.7168220150909898,0.05148690634709276,0.04749223257878384,0.1841988459831336
0.7226702508960573,0.0492831541218638,0.047939068100358424,0.18010752688172044
0.7214854111405835,0.046419098143236075,0.050397877984084884,0.1816976127320955
0.7275555555555555,0.044444444444444446,0.04933333333333333,0.17866666666666667
0.7301587301587301,0.04585537918871252,0.048500881834215165,0.17548500881834214
0.7325633051976899,0.0444247001332741,0.04886717014660151,0.17414482452243446
0.7325633051976899,0.04620168813860506,0.04842292314526877,0.17281208351843624
0.730700976042591,0.048802129547471165,0.04791481810115351,0.1725820763087844
0.7275155832591274,0.04942119323241318,0.05075690115761353,0.17230632235084595
0.7291666666666666,0.050975177304964536,0.05230496453900709,0.1675531914893617
0.7330357142857142,0.04776785714285714,0.05133928571428571,0.16785714285714284
0.7375385972651081,0.04808116453462726,0.049404499338332596,0.16497573886193206
0.7306338028169014,0.04665492957746479,0.05413732394366197,0.16857394366197184
0.7328615656789031,0.04688191065900044,0.05174701459531181,0.1685095090667846
0.7291296625222025,0.049289520426287745,0.04840142095914742,0.17317939609236235
0.7304618117229129,0.04706927175843695,0.05150976909413854,0.17095914742451154
0.7303420701910263,0.050644158151932475,0.050199911150599734,0.1688138605064416
0.7306322350845948,0.047640249332146035,0.05209260908281389,0.16963490650044524
0.7348284960422163,0.04661389621811785,0.05364995602462621,0.16490765171503957
0.7338352524357838,0.046058458813108945,0.0566873339238264,0.16341895482728078
0.7284826974267968,0.04569653948535936,0.055013309671694766,0.17080745341614906
0.7282321899736148,0.04661389621811785,0.052330694810905895,0.17282321899736147
0.7310887625710538,0.047660690861390465,0.050721469173589856,0.1705290773939659
0.7317397078353254,0.04648074369189907,0.051350154935812305,0.17042939353696326
0.7320232246538634,0.04644930772666369,0.05091558731576597,0.17061188030370703
0.730700976042591,0.04924578527062999,0.049689440993788817,0.17036379769299023
0.7321190581963571,0.04620168813860506,0.050644158151932475,0.17103509551310528
0.7309576837416482,0.04543429844097996,0.05077951002227171,0.17282850779510023
0.7348284960422163,0.04617414248021108,0.052330694810905895,0.16666666666666666
0.7291759465478842,0.049443207126948774,0.05256124721603563,0.1688195991091314
0.7389380530973452,0.049557522123893805,0.05,0.16150442477876106
0.739227010217681,0.04886717014660151,0.047534429142603286,0.16437139049311417
0.7363515312916112,0.05015534842432313,0.0461606746560142,0.1673324456280515
0.7440633245382586,0.04661389621811785,0.04353562005277045,0.16578715919085313
0.7416629613161405,0.04579813250333482,0.04757670075589151,0.16496220542463316
0.75,0.040780141843971635,0.047429078014184396,0.16179078014184398
0.7474703035635724,0.04355477342718874,0.04927408710954685,0.15970083589969203
0.7460954930834449,0.04239178937974119,0.052655064703257475,0.15885765283355643
0.7473451327433628,0.04336283185840708,0.05088495575221239,0.1584070796460177
0.7496665184526456,0.04357492218763895,0.05113383726100489,0.15562472209871053
0.7518763796909492,0.04194260485651214,0.05033112582781457,0.15584988962472407
0.7560333479596314,0.03992979376919702,0.04738920579201404,0.15664765247915752
0.7563098346388164,0.04046997389033943,0.04699738903394256,0.15622280243690165
0.7624113475177305,0.0398936170212766,0.0425531914893617,0.1551418439716312
0.7638458130261409,0.038546743464776254,0.043420469649977846,0.15418697385910501
0.7567328918322296,0.03708609271523179,0.044591611479028695,0.16158940397350993
0.7577639751552795,0.03948535936113576,0.04392191659272405,0.15882874889086068
0.7581930912311781,0.042515500442869794,0.04472984942426927,0.1545615589016829
0.7615894039735099,0.04370860927152318,0.04282560706401766,0.15187637969094922
0.7645490892936473,0.04620168813860506,0.03998223011994669,0.14926699244780098
0.7712389380530974,0.04336283185840708,0.03761061946902655,0.14778761061946902
0.774641577060932,0.043010752688172046,0.036738351254480286,0.14560931899641577
0.7749224634470536,0.044306601683650866,0.03721754541426672,0.1435533894550288
0.7774846086191732,0.04397537379067722,0.03913808267370272,0.13940193491644678
0.7767421216156236,0.0426098535286285,0.039502885042166,0.1411451398135819
0.7757788503729706,0.041246160596752963,0.03861342694164107,0.14436156208863538
0.7826666666666666,0.043555555555555556,0.03911111111111111,0.13466666666666666
0.7831643895989423,0.042309387395328336,0.03878360511238431,0.13574261789334507
0.7794508414526129,0.04384410983170948,0.04118689105403012,0.1355181576616475
0.7835820895522388,0.04258121158911326,0.04038630377524144,0.1334503950834065
0.786784140969163,0.04361233480176212,0.038766519823788544,0.13083700440528634
0.7834593152512228,0.04579813250333482,0.036905291240551356,0.13383726100489107
0.7859054415700267,0.04192685102586976,0.0383586083853702,0.13380909901873328
0.7820343461030383,0.039189784236019376,0.03786878027300748,0.14090708938793484
0.7745535714285714,0.04241071428571429,0.038392857142857145,0.14464285714285716
0.7754010695187166,0.04188948306595366,0.0427807486631016,0.13992869875222816
0.77078750549934,0.04003519577650682,0.04135503739551254,0.14782226132864057
0.7698030634573304,0.04157549234135667,0.04245076586433261,0.1461706783369803
0.7673397717295873,0.041264266900790166,0.043459174714661986,0.1479367866549605
0.7678493210687691,0.04161191414805081,0.045116075339465614,0.14542268944371442
0.7721073471183458,0.0409150901891773,0.04399472063352398,0.14298284205895292
0.7740088105726872,0.03832599118942731,0.04317180616740088,0.1444933920704846
0.7751091703056768,0.04148471615720524,0.04192139737991266,0.14148471615720523
0.775410563692854,0.04172214824678207,0.040834442964935644,0.14203284509542832
0.7742932862190812,0.04151943462897526,0.04328621908127209,0.14090106007067138
0.7774349933891582,0.042309387395328336,0.04010577346848832,0.14014984574702513
0.7726075504828798,0.04258121158911326,0.040825285338015806,0.14398595258999122
0.7689578713968958,0.04301552106430155,0.04478935698447894,0.14323725055432374
0.769813000890472,0.04229741763134461,0.0427426536064114,0.14514692787177205
0.7696728558797524,0.040671971706454466,0.04553492484526967,0.14412024756852343
0.770593445527015,0.04030115146147033,0.04118689105403012,0.1479185119574845
0.7673289183222958,0.04061810154525387,0.04194260485651214,0.15011037527593818
0.7767379679144385,0.03787878787878788,0.03877005347593583,0.14661319073083778
0.7731729055258467,0.03787878787878788,0.04367201426024955,0.14527629233511585
0.7722816399286988,0.03832442067736185,0.044563279857397504,0.1448306595365419
0.775609756097561,0.03813747228381375,0.04611973392461197,0.1401330376940133
0.7702464788732394,0.0409330985915493,0.04709507042253521,0.14172535211267606
0.7691629955947137,0.040969162995594714,0.044933920704845816,0.14493392070484581
0.7685512367491166,0.04107773851590106,0.04549469964664311,0.14487632508833923
0.7755102040816326,0.04081632653061224,0.04569653948535936,0.13797692990239574
0.7762982689747004,0.03994673768308921,0.04438526409232135,0.13936972924988902
0.7752558967512239,0.03827325322652426,0.04717400979083222,0.13929684023141967
0.769299023957409,0.04392191659272405,0.04791481810115351,0.1388642413487134
0.7707034728406055,0.043187889581478185,0.04719501335707925,0.13891362422083706
0.7722197409557838,0.04600267976775346,0.04510942384993301,0.1366681554265297
0.7800702370500439,0.043898156277436345,0.043898156277436345,0.1321334503950834
0.7793072824156305,0.04396092362344583,0.04396092362344583,0.1327708703374778
0.786660777385159,0.04549469964664311,0.04196113074204947,0.12588339222614842
0.7814159292035399,0.047787610619469026,0.04292035398230089,0.12787610619469025
0.7817703768624014,0.04864154250657318,0.04382120946538125,0.12576687116564417
0.7813747228381375,0.048337028824833705,0.04434589800443459,0.12594235033259424
0.7787998247919404,0.04993429697766097,0.043802014892685065,0.12746386333771353
0.7737355811889973,0.051907719609582965,0.043478260869565216,0.13087843833185447
0.7767857142857143,0.054017857142857145,0.045089285714285714,0.12410714285714286
0.7715305667112896,0.05667112896028559,0.04373047746541722,0.12806782686300758
0.7788632326820604,0.05461811722912966,0.04396092362344583,0.12255772646536411
0.7747546833184656,0.05307760927743087,0.04415700267618198,0.1280107047279215
0.7719683655536028,0.05360281195079086,0.04569420035149385,0.12873462214411246
0.7739244951712028,0.05487269534679543,0.0456540825285338,0.12554872695346794
0.7735596248325145,0.055381866904868245,0.04332291201429209,0.12773559624832515
0.7728285077951003,0.054788418708240534,0.046325167037861915,0.12605790645879733
0.7730088495575221,0.05353982300884956,0.04513274336283186,0.12831858407079647
0.7828215398308856,0.04850912327547842,0.04450378282153983,0.12416555407209613
0.7857142857142857,0.049553571428571426,0.04017857142857143,0.12455357142857143
0.7877713779353124,0.047408063801506424,0.04031900753212229,0.12450155073105892
0.7929652715939448,0.0458593054318789,0.03873552983081033,0.12243989314336598
0.7909131010145567,0.044993383325981476,0.03749448610498456,0.12659902955447727
0.7917034421888791,0.04633715798764342,0.037069726390114736,0.12488967343336276
0.7975297750330834,0.04543449492721659,0.03484781649757389,0.12218791354212616
0.789239662072032,0.048465984882169855,0.03468208092485549,0.12761227212094264
0.7902439024390244,0.04700665188470066,0.03813747228381375,0.1246119733924612
0.7942477876106194,0.04513274336283186,0.03805309734513274,0.12256637168141593
0.7896368467670505,0.046058458813108945,0.03941541186891054,0.12488928255093003
0.7863436123348018,0.04757709251101322,0.04185022026431718,0.12422907488986784
0.788470066518847,0.050110864745011086,0.04212860310421286,0.11929046563192905
0.7869718309859155,0.050616197183098594,0.04445422535211268,0.11795774647887323
0.7895204262877442,0.047957371225577264,0.04396092362344583,0.11856127886323269
0.7944785276073619,0.04645048203330412,0.04294478527607362,0.1161262050832603
0.7926023778071334,0.046235138705416116,0.043593130779392336,0.11756935270805813
0.7950420540061974,0.04736609119079239,0.04161133244798584,0.11598052235502435
0.7921052631578948,0.04912280701754386,0.04078947368421053,0.11798245614035088
0.796189632255206,0.04918032786885246,0.04164820558263181,0.1129818342933097
0.8032714412024757,0.04553492484526967,0.04376657824933687,0.10742705570291777
0.8005272407732865,0.0492091388400703,0.03910369068541301,0.11115992970123023
0.8052584670231729,0.04411764705882353,0.04144385026737968,0.10918003565062388
0.8055184690698709,0.04227859368046284,0.03871829105473965,0.11348464619492657
0.803125,0.04732142857142857,0.034375,0.11517857142857142
0.808303886925795,0.04858657243816254,0.03136042402826855,0.11174911660777385
0.8072502210433244,0.04862953138815208,0.032714412024756855,0.11140583554376658
0.8102383053839365,0.05030891438658429,0.03265666372462489,0.10679611650485436
0.8104286345558992,0.05037560760053027,0.033583738400353516,0.10561201944321696
0.8114861902674265,0.049539675580885574,0.033757124068391056,0.1052170100832968
0.8087649402390438,0.05002213368747233,0.03231518370960602,0.10889774236387782
0.812666076173605,0.05093002657218778,0.033215234720992026,0.10318866253321524
0.8137900746596399,0.052700922266139656,0.03293807641633729,0.10057092665788318
0.8188629352137505,0.055531070956368445,0.030850594975760245,0.09475539885412076
0.8164444444444444,0.056,0.03333333333333333,0.09422222222222222
0.8218694885361552,0.0564373897707231,0.030864197530864196,0.09082892416225749
0.8254109284762328,0.05286539315859618,0.03109729009329187,0.09062638827187916
0.8229772016092982,0.05453732677693339,0.031291908806437195,0.09119356280733125
0.8253409590849098,0.05323361196656401,0.033875934887813465,0.08754949406071272
0.8271879164815638,0.051088405153265216,0.033762772101288314,0.08796090626388271
0.8306451612903226,0.0492831541218638,0.03270609318996416,0.08736559139784947
0.8294849023090586,0.05106571936056838,0.03330373001776199,0.08614564831261101
0.8267020335985853,0.052608311229000886,0.03227232537577365,0.08841732979664015
0.8292144748455428,0.050750220653133275,0.03309796999117388,0.08693733451015004
0.8292144748455428,0.04677846425419241,0.03574580759046778,0.088261253309797
0.8301056338028169,0.04753521126760563,0.032130281690140844,0.09022887323943662
0.825530035335689,0.05123674911660778,0.030918727915194347,0.09231448763250884
0.8220264317180617,0.04977973568281938,0.037444933920704845,0.0907488986784141
0.820333041191937,0.05127081507449606,0.03856266432953549,0.08983347940403155
0.8163716814159292,0.047787610619469026,0.04070796460176991,0.09513274336283185
0.8148312611012434,0.0497335701598579,0.041740674955595025,0.09369449378330373
0.8171052631578948,0.04692982456140351,0.0412280701754386,0.09473684210526316
0.812223206377325,0.05137289636846767,0.0420726306465899,0.09433126660761736
0.8180610889774237,0.04736609119079239,0.043382027445772464,0.09119079238601151
0.8181818181818182,0.047219770520741396,0.04324801412180053,0.09135039717563989
0.8144876325088339,0.04991166077738516,0.04328621908127209,0.09231448763250884
0.811195024433585,0.050199911150599734,0.04531319413593958,0.09329187027987561
0.8080140907089388,0.05151915455746367,0.04447380008806693,0.0959929546455306
0.8131335390039665,0.05200528867342442,0.042309387395328336,0.09255178492728074
0.8074866310160428,0.05258467023172905,0.04411764705882353,0.09581105169340463
0.8131089459698848,0.05225863596102746,0.04295837023914969,0.091674047829938
0.8101321585903084,0.05330396475770925,0.044933920704845816,0.09162995594713656
0.8126380910296067,0.052585064074237735,0.04197967300044189,0.09279717189571365
0.815028901734104,0.0542463317029791,0.04313028012449978,0.08759448643841708
0.8191111111111111,0.051555555555555556,0.042666666666666665,0.08666666666666667
0.8191065900044229,0.048651039363113664,0.042459088898717384,0.08978328173374613
0.8186643078283945,0.048651039363113664,0.04467049977885891,0.0880141530296329
0.8164975738861933,0.04764005293339215,0.04455227172474636,0.09131010145566829
0.8156498673740054,0.052166224580017684,0.044650751547303275,0.08753315649867374
0.8183437221727515,0.04986642920747997,0.043187889581478185,0.0886019590382903
0.818342151675485,0.047619047619047616,0.04409171075837742,0.08994708994708994
0.8209821428571429,0.049107142857142856,0.04285714285714286,0.08705357142857142
0.8279522335249889,0.04732419283502875,0.040689960194604156,0.08403361344537816
0.8287366548042705,0.04848754448398576,0.04048042704626335,0.08229537366548043
0.8300220750551877,0.04415011037527594,0.04194260485651214,0.08388520971302428
0.8315002199736031,0.045314562252529694,0.04003519577650682,0.08315002199736031
0.8255915863277826,0.044697633654688866,0.042068361086765996,0.0876424189307625
0.8284313725490197,0.04367201426024955,0.04188948306595366,0.08600713012477719
0.8339938353148393,0.041831792162043156,0.039189784236019376,0.08498458828709819
0.8285588364918466,0.042309387395328336,0.04010577346848832,0.08902600264433672
0.8269742679680568,0.041259982253771074,0.04214729370008873,0.08961845607808341
0.8278761061946903,0.04026548672566372,0.04026548672566372,0.0915929203539823
0.8296362023070097,0.04214729370008873,0.03904170363797693,0.08917480035492457
0.8366622281402575,0.040834442964935644,0.03905903240124279,0.08344429649356414
0.8405286343612335,0.04361233480176212,0.03612334801762115,0.07973568281938326
0.8389830508474576,0.043710972346119537,0.0352363960749331,0.08206958073148975
0.8353360035603026,0.04672897196261682,0.03693813974187806,0.08099688473520249
0.8315696649029982,0.04717813051146384,0.03968253968253968,0.08156966490299823
0.8300884955752212,0.047345132743362835,0.04115044247787611,0.08141592920353982
0.8313570487483531,0.0461133069828722,0.039525691699604744,0.08300395256916997
0.8338530066815145,0.044097995545657014,0.040979955456570155,0.08106904231625835
0.835774522858411,0.0426098535286285,0.040834442964935644,0.08078118064802485
0.8355437665782494,0.04111405835543767,0.04332449160035367,0.08001768346595933
0.8376709307454786,0.03970004411116013,0.04278782531980591,0.07984119982355536
0.8309050772626931,0.04370860927152318,0.0423841059602649,0.08300220750551876
0.8289765175011077,0.04253433761630483,0.043863535666814356,0.08462560921577315
0.8264718902169101,0.046923417441345726,0.043382027445772464,0.08322266489597167
0.8253064798598949,0.046847635726795095,0.043782837127845885,0.0840630472854641
0.8263181214000886,0.04474966770048737,0.043863535666814356,0.08506867523260966
0.8306737588652482,0.04210992907801418,0.041223404255319146,0.08599290780141844
0.8327449249779347,0.04324801412180053,0.04148278905560459,0.0825242718446602
0.8353200883002208,0.04326710816777042,0.04150110375275938,0.07991169977924945
0.8400537634408602,0.03853046594982079,0.043010752688172046,0.07840501792114696
0.8402991641003079,0.03783545974483062,0.04399472063352398,0.07787065552133744
0.8429898275099513,0.03582485625829279,0.044228217602830605,0.07695709862892526
0.8416851441241685,0.03547671840354767,0.04434589800443459,0.07849223946784922
0.8403176003528893,0.038376709307454786,0.04146449051610057,0.07984119982355536
0.8353148392778512,0.04227212681638045,0.04095112285336856,0.08146191105239982
0.842456608811749,0.04138851802403204,0.03871829105473965,0.0774365821094793
0.8470431302801245,0.041351711871943087,0.035126722987994664,0.07647843485993774
0.8504880212954747,0.03948535936113576,0.0354924578527063,0.07453416149068323
0.852343059239611,0.041998231653404064,0.03359858532272325,0.07206012378426171
0.8513453903837671,0.04190560211733568,0.03749448610498456,0.06925452139391267
0.855935971542908,0.0377945753668297,0.03912850155624722,0.06714095153401511
0.8544891640866873,0.03759398496240601,0.0367094206103494,0.07120743034055728
0.8504216600088771,0.03905903240124279,0.03861517976031957,0.07190412782956059
0.8470691934773028,0.040546496253856326,0.04010577346848832,0.07227853680035258
0.8448581560283688,0.0398936170212766,0.04210992907801418,0.07313829787234043
0.8464970995091478,0.03971441320838911,0.041499330655957165,0.07228915662650602
0.8491150442477876,0.04292035398230089,0.03805309734513274,0.06991150442477877
0.8489813994685562,0.043401240035429584,0.038529672276350756,0.06908768821966342
0.8482421005785492,0.04183355585224744,0.03827325322652426,0.07165109034267912
0.8493631971892841,0.04259991216512956,0.037768994290733424,0.07026789635485288
0.8455068614431164,0.04249667994687915,0.03762726870296591,0.07436918990703852
0.8424810352521196,0.04551539491298527,0.037037037037037035,0.0749665327978581
0.8457446808510638,0.04210992907801418,0.03590425531914894,0.07624113475177305
0.8415227976980965,0.043824701195219126,0.035856573705179286,0.0787959274015051
0.8392778511668868,0.04271246147071774,0.036547776309995596,0.08146191105239982
0.8396643109540636,0.04240282685512368,0.037102473498233215,0.08083038869257951
0.8400881057268722,0.040969162995594714,0.03524229074889868,0.08370044052863436
0.843915343915344,0.04188712522045855,0.03439153439153439,0.07980599647266313
0.8438761776581427,0.03992821893225662,0.03589053387169134,0.08030506953790938
0.8493948901837741,0.03989242492155984,0.03585835948005379,0.07485432541461229
0.8549889135254989,0.038580931263858094,0.03503325942350333,0.07139689578713969
0.8506666666666667,0.041777777777777775,0.03422222222222222,0.07333333333333333
0.8486987207763564,0.03970004411116013,0.036612262902514334,0.07498897220996913
0.8510078878177038,0.042068361086765996,0.036371603856266435,0.0705521472392638
0.853852967227635,0.04074402125775022,0.034986713906111605,0.0704162976085031
0.8531499556344276,0.0417036379769299,0.034161490683229816,0.0709849157054126
0.8565719360568383,0.040408525754884544,0.03241563055062167,0.07060390763765542
0.8582122413033906,0.038749449581682076,0.031704095112285335,0.071334214002642
0.855193661971831,0.04137323943661972,0.03389084507042254,0.06954225352112677
0.8543859649122807,0.04298245614035088,0.033771929824561404,0.06885964912280702
0.8494191242180519,0.04602323503127793,0.03485254691689008,0.06970509383378017
0.8516411378555798,0.04770240700218818,0.03282275711159737,0.06783369803063458
0.8521587440034889,0.04666375926733537,0.03270824247710423,0.06846925425207152
0.8520632133450395,0.046093064091308165,0.03555750658472344,0.06628621597892889
0.8534975802903652,0.045314562252529694,0.033875934887813465,0.06731192256929168
0.8495339547270306,0.045272969374167776,0.036395916555703504,0.06879715934309809
0.8470017636684304,0.0427689594356261,0.03835978835978836,0.0718694885361552
0.850397175639894,0.041924095322153576,0.03662842012356576,0.07105030891438659
0.8516873889875666,0.040408525754884544,0.03952042628774423,0.06838365896980461
0.8484982332155477,0.04328621908127209,0.04107773851590106,0.06713780918727916
0.8443766346992153,0.044463818657367045,0.043156059285091544,0.06800348735832606
0.8449646643109541,0.0446113074204947,0.04372791519434629,0.06669611307420495
0.8456405693950177,0.046263345195729534,0.04403914590747331,0.06405693950177936
0.8406961178045516,0.047746541722445336,0.043284248103525214,0.06827309236947791
0.8445322793148881,0.04435660957400088,0.045234958278436536,0.06587615283267458
0.8432408630559225,0.04447380008806693,0.04711580801409071,0.06516952884191986
0.846423870118473,0.0443176831943835,0.0434401053093462,0.06581834137779728
0.8449339207048459,0.04713656387665198,0.04185022026431718,0.06607929515418502
0.844789356984479,0.04700665188470066,0.040798226164079826,0.06740576496674058
