R,A,S,N
1.0,0.0,0.0,0.0
1.0,0.0,0.0,0.0
0.8,0.0,0.2,0.0
0.8,0.0,0.2,0.0
0.6666666666666666,0.16666666666666666,0.16666666666666666,0.0
0.5555555555555556,0.3333333333333333,0.1111111111111111,0.0
0.6666666666666666,0.16666666666666666,0.16666666666666666,0.0
0.625,0.1875,0.125,0.0625
0.75,0.1,0.15,0.0
0.7857142857142857,0.10714285714285714,0.10714285714285714,0.0
0.7894736842105263,0.07894736842105263,0.10526315789473684,0.02631578947368421
0.8205128205128205,0.1282051282051282,0.05128205128205128,0.0
0.8518518518518519,0.09259259259259259,0.05555555555555555,0.0
0.8524590163934426,0.09836065573770492,0.04918032786885246,0.0
0.88,0.08,0.04,0.0
0.872093023255814,0.09302325581395349,0.03488372093023256,0.0
0.89,0.07,0.04,0.0
0.9145299145299145,0.05128205128205128,0.02564102564102564,0.008547008547008548
0.9,0.046153846153846156,0.023076923076923078,0.03076923076923077
0.9240506329113924,0.03164556962025317,0.0189873417721519,0.02531645569620253
0.9361702127659575,0.031914893617021274,0.010638297872340425,0.02127659574468085
0.9198113207547169,0.04245283018867924,0.009433962264150943,0.02830188679245283
0.9176954732510288,0.0411522633744856,0.00823045267489712,0.03292181069958848
0.9157509157509157,0.047619047619047616,0.007326007326007326,0.029304029304029304
0.9025157232704403,0.050314465408805034,0.009433962264150943,0.03773584905660377
0.8983516483516484,0.0521978021978022,0.01098901098901099,0.038461538461538464
0.896551724137931,0.046798029556650245,0.012315270935960592,0.04433497536945813
0.8926940639269406,0.0502283105022831,0.01141552511415525,0.045662100456621
0.9036885245901639,0.04918032786885246,0.006147540983606557,0.040983606557377046
0.9055555555555556,0.044444444444444446,0.009259259259259259,0.040740740740740744
0.8973509933774835,0.041390728476821195,0.011589403973509934,0.04966887417218543
0.89067055393586,0.037900874635568516,0.01020408163265306,0.061224489795918366
0.8782489740082079,0.03967168262653899,0.013679890560875513,0.06839945280437756
0.8725490196078431,0.04044117647058824,0.014705882352941176,0.07230392156862746
0.867816091954023,0.03793103448275862,0.016091954022988506,0.07816091954022988
0.8663101604278075,0.03636363636363636,0.013903743315508022,0.08342245989304813
0.8538993089832182,0.034550839091806514,0.017769002961500493,0.09378084896347483
0.8470695970695971,0.03388278388278388,0.020146520146520148,0.0989010989010989
0.8477891156462585,0.031462585034013606,0.0195578231292517,0.10119047619047619
0.841732283464567,0.03307086614173228,0.01811023622047244,0.10708661417322834
0.8348214285714286,0.03273809523809524,0.018601190476190476,0.11383928571428571
0.8253521126760563,0.03169014084507042,0.018309859154929577,0.12464788732394366
0.8205461638491548,0.03185955786736021,0.0188556566970091,0.12873862158647595
0.8128140703517588,0.032663316582914576,0.020100502512562814,0.13442211055276382
0.8036474164133739,0.0364741641337386,0.02006079027355623,0.1398176291793313
0.8036025566531086,0.03137710633352702,0.01801278326554329,0.14700755374782104
0.803038829487901,0.030951041080472707,0.018570624648283626,0.14743950478334272
0.8022751895991332,0.029794149512459372,0.018418201516793065,0.1495124593716143
0.8019271948608137,0.028372591006423982,0.017665952890792293,0.15203426124197003
0.8025974025974026,0.028051948051948054,0.01818181818181818,0.15116883116883117
0.8009164969450102,0.029531568228105907,0.020875763747454174,0.14867617107942974
0.7986247544204322,0.029469548133595286,0.021611001964636542,0.15029469548133595
0.7948101874098991,0.030754444978375782,0.02114368092263335,0.1532916866890918
0.7946428571428571,0.02819548872180451,0.020206766917293232,0.15695488721804512
0.7862453531598513,0.028810408921933085,0.02137546468401487,0.16356877323420074
0.7948717948717948,0.02976190476190476,0.019688644688644688,0.15567765567765568
0.7917795844625113,0.027551942186088526,0.023035230352303523,0.15763324299909665
0.794392523364486,0.027592345349354695,0.022251891410769914,0.1557632398753894
0.7871396895787139,0.02926829268292683,0.021729490022172948,0.16186252771618626
0.7806394316163411,0.02930728241563055,0.026198934280639432,0.163854351687389
0.776,0.029777777777777778,0.028,0.16622222222222222
0.7768924302788844,0.03098716246126605,0.02656042496679947,0.16555998229305002
0.7829181494661922,0.03202846975088968,0.026690391459074734,0.1583629893238434
0.7818181818181819,0.031929046563192905,0.027494456762749447,0.15875831485587583
0.7847593582887701,0.03208556149732621,0.02807486631016043,0.15508021390374332
0.7842696629213484,0.03280898876404494,0.028314606741573035,0.1546067415730337
0.7896825396825397,0.03262786596119929,0.025573192239858905,0.15211640211640212
0.7864077669902912,0.03353927625772286,0.026919682259488084,0.1531332744924978
0.7854917668001781,0.03426791277258567,0.027592345349354695,0.1526479750778816
0.7814159292035399,0.034070796460176994,0.02920353982300885,0.15530973451327434
0.7784217565760143,0.03343736067766384,0.029424877396344182,0.1587160053499777
0.7777777777777778,0.03435966086568496,0.03034359660865685,0.1575189647478804
0.7807848443843031,0.034280559314388816,0.02931889941362201,0.15561569688768606
0.7785714285714286,0.03616071428571429,0.027678571428571427,0.1575892857142857
0.7729490022172949,0.037694013303769404,0.0270509977827051,0.1623059866962306
0.7755376344086021,0.03718637992831541,0.027329749103942653,0.15994623655913978
0.7781222320637733,0.038529672276350756,0.027015057573073518,0.1563330380868025
0.778173719376392,0.0400890868596882,0.028507795100222718,0.15322939866369711
0.7797672336615935,0.04028648164726947,0.02864816472694718,0.1512981199641898
0.7750773309765797,0.04286345558992488,0.03049049933716306,0.1515687140963323
0.7702582368655387,0.041852181656277826,0.030276046304541407,0.15761353517364202
0.7737516570923553,0.039770216526734424,0.02828104286345559,0.1581970835174547
0.7704991087344029,0.0392156862745098,0.028966131907308377,0.16131907308377896
0.7671721677074042,0.038804638715432646,0.030330062444246207,0.16369313113291703
0.7752659574468085,0.0350177304964539,0.02925531914893617,0.16046099290780141
0.7751662971175166,0.03237250554323725,0.03015521064301552,0.1623059866962306
0.7813462384513858,0.032116146062472505,0.029916410030796304,0.15662120545534536
0.776707530647986,0.03327495621716287,0.0319614711033275,0.15805604203152365
0.7717584369449378,0.03330373001776199,0.03152753108348135,0.16341030195381884
0.7688617531617967,0.03532490187527257,0.031836022677714786,0.1639773222852159
0.7671840354767184,0.03458980044345898,0.03325942350332594,0.16496674057649668
0.7754741949713277,0.032642258491398325,0.031760035288928096,0.16012351124834584
0.7740641711229946,0.035204991087344026,0.03297682709447415,0.15775401069518716
0.7770925110132159,0.03612334801762115,0.033480176211453744,0.15330396475770924
0.7690592955862684,0.03744984395898351,0.034329023629068214,0.1591618368256799
0.7732974910394266,0.036738351254480286,0.03494623655913978,0.1550179211469534
0.7759078830823738,0.03720106288751107,0.0354295837023915,0.15146147032772364
0.7771906649053281,0.03478643769264641,0.034346103038309116,0.15367679436371642
0.7753363228699551,0.03183856502242152,0.037219730941704034,0.1556053811659193
0.7787689562890276,0.031222123104371096,0.03791257805530776,0.15209634255129348
0.7852678571428572,0.032589285714285716,0.03705357142857143,0.14508928571428573
0.7838667251205611,0.03594914511179308,0.03551074090311267,0.1446733888645331
0.7829150154117129,0.0361074416556583,0.035667107001321,0.1453104359313078
0.7856827220503756,0.0344675209898365,0.034909412284577994,0.1449403446752099
0.7864768683274022,0.03558718861209965,0.03425266903914591,0.1436832740213523
0.7829730921923247,0.03617115130127922,0.033083370092633436,0.14777238641376267
0.7946547884187083,0.030734966592427616,0.03518930957683741,0.13942093541202671
0.7928888888888889,0.032,0.034666666666666665,0.14044444444444446
0.7989276139410187,0.03351206434316354,0.031724754244861486,0.1358355674709562
0.8025789239662072,0.032458870609159626,0.02845709204090707,0.1365051133837261
0.8025618374558304,0.03268551236749117,0.030477031802120143,0.13427561837455831
0.7995575221238939,0.034513274336283185,0.03008849557522124,0.13584070796460176
0.7934397163120568,0.03634751773049645,0.030141843971631204,0.1400709219858156
0.7920177383592018,0.03636363636363636,0.029711751662971176,0.1419068736141907
0.7896613190730838,0.03698752228163993,0.026737967914438502,0.14661319073083778
0.7912039093736117,0.0368725011106175,0.02665482007996446,0.1452687694358063
0.7946428571428571,0.03526785714285714,0.028125,0.1419642857142857
0.7973214285714286,0.03616071428571429,0.026339285714285714,0.14017857142857143
0.7949977668602054,0.034836980794997766,0.029030817329164807,0.14113443501563197
0.7950420540061974,0.03275785745905268,0.03142983621071271,0.1407702523240372
0.7937219730941704,0.033183856502242155,0.030493273542600896,0.14260089686098654
0.7973214285714286,0.033482142857142856,0.029017857142857144,0.14017857142857143
0.7985643786451323,0.03275011215791835,0.03140421713772992,0.13728129205921938
0.7962798937112489,0.034986713906111605,0.03188662533215235,0.13684676705048715
0.7917967008470798,0.03611234953187695,0.03120820329915292,0.14088274632189032
0.7921273772666961,0.03449800973020787,0.03140203449800973,0.14197257850508624
0.7883082373782108,0.03675819309123118,0.030115146147032774,0.14481842338352524
0.7917038358608386,0.0383586083853702,0.029884032114183764,0.1400535236396075
0.7986754966887417,0.038852097130242826,0.03090507726269316,0.1315673289183223
0.7952720785013381,0.039250669045495096,0.03166815343443354,0.13380909901873328
0.7945326278659612,0.043209876543209874,0.029541446208112873,0.13271604938271606
0.8009730207872623,0.042459088898717384,0.029632905793896505,0.12693498452012383
0.8065661047027507,0.04303460514640639,0.02839396628216504,0.1220053238686779
0.8021201413427562,0.044169611307420496,0.028268551236749116,0.1254416961130742
0.8076751450245426,0.0428380187416332,0.02900490852298081,0.12048192771084337
0.7990085624155024,0.04281207751239297,0.0337990085624155,0.12438035150968905
0.7987561083962683,0.0422034651266104,0.03109729009329187,0.1279431363838294
0.7985834440017707,0.041168658698539175,0.03098716246126605,0.12926073483842407
0.794792586054722,0.04589585172109444,0.030450132391879964,0.12886142983230361
0.794392523364486,0.044058744993324434,0.03204272363150868,0.1295060080106809
0.8019669199821189,0.04514975413500223,0.030844881537773806,0.12203844434510505
0.7960906263882719,0.046645935139937804,0.03109729009329187,0.12616614837849843
0.8000876808417361,0.04734765453748356,0.029811486190267425,0.12275317843051294
0.7992988606485539,0.04513584574934268,0.031989482909728306,0.12357581069237511
0.797075764288879,0.04519273371732388,0.03190075321222862,0.12583074878156844
0.7933481152993348,0.04789356984478936,0.031929046563192905,0.12682926829268293
0.7966252220248667,0.04662522202486678,0.03241563055062167,0.12433392539964476
0.7974233673922702,0.04886717014660151,0.03331852509995557,0.12039093736117282
0.7940917107583775,0.05114638447971781,0.03262786596119929,0.12213403880070546
0.7918331114070128,0.055481580115401684,0.03151353750554816,0.12117177097203728
0.7959910913140312,0.05434298440979955,0.028953229398663696,0.12071269487750556
0.7975925100312082,0.05171645118145341,0.02808738296923763,0.12260365581810076
0.8030101814962373,0.05444887118193891,0.027888446215139442,0.11465250110668437
0.8070017953321365,0.051615798922800715,0.02872531418312388,0.11265709156193895
0.8064802485574789,0.04837993786063027,0.03151353750554816,0.11362627607634265
0.8111762054979721,0.044614691302388466,0.031545741324921134,0.11266336187471834
0.818100358422939,0.04256272401433692,0.027329749103942653,0.11200716845878136
0.8219663418954827,0.04118689105403012,0.027015057573073518,0.10983170947741364
0.823868677905945,0.0417036379769299,0.027506654835847383,0.10692102928127772
0.8296557811120918,0.04148278905560459,0.026037069726390114,0.1028243601059135
0.825720620842572,0.041685144124168516,0.025720620842572064,0.10687361419068736
0.8269484808454426,0.03963011889035667,0.026420079260237782,0.10700132100396301
0.8249336870026526,0.038903625110521665,0.02564102564102564,0.11052166224580018
0.8226666666666667,0.04133333333333333,0.029333333333333333,0.10666666666666667
0.8264167782240072,0.03971441320838911,0.031236055332440876,0.10263275323516287
0.8275555555555556,0.03822222222222222,0.028888888888888888,0.10533333333333333
0.8320070733863837,0.03536693191865606,0.027851458885941646,0.10477453580901856
0.8365724381625441,0.03136042402826855,0.029151943462897525,0.10291519434628975
0.8379814077025233,0.03142983621071271,0.03010181496237273,0.10048694112439133
0.8424295774647887,0.029049295774647887,0.02596830985915493,0.10255281690140845
0.8350332594235034,0.030598669623059866,0.028824833702882482,0.10554323725055433
0.8352626892252895,0.03250222617987533,0.02804986642920748,0.10418521816562779
0.8418458781362007,0.02956989247311828,0.025985663082437275,0.10259856630824372
0.842316258351893,0.032071269487750555,0.026280623608017816,0.09933184855233854
0.8418523372651813,0.0327653997378768,0.027522935779816515,0.09785932721712538
0.8423864648263579,0.032056990204808546,0.026714158504007122,0.09884238646482636
0.8472099202834367,0.03100088573959256,0.02612931798051373,0.09565987599645705
0.846906987093903,0.03382287494437027,0.024477080551846907,0.09479305740987984
0.8445618670189344,0.03346543372963452,0.024658740642888595,0.09731395860854249
0.8459471562919839,0.035826242722794444,0.02239140170174653,0.09583519928347514
0.8464254192409533,0.0353045013239188,0.02294792586054722,0.09532215357458076
0.8485523385300668,0.03608017817371938,0.021380846325167038,0.09398663697104677
0.8515418502202643,0.033920704845814977,0.021145374449339206,0.0933920704845815
0.8524955436720143,0.03431372549019608,0.018270944741532978,0.09491978609625669
0.8465679676985195,0.03813369223867205,0.02063705697622252,0.09466128308658592
0.8506928922664283,0.041573535985695124,0.02056325435851587,0.08717031738936075
0.8475935828877005,0.04233511586452763,0.023618538324420676,0.08645276292335116
0.853045013239188,0.041924095322153576,0.022506619593998235,0.0825242718446602
0.8540925266903915,0.04225978647686833,0.020462633451957295,0.08318505338078291
0.8555066079295154,0.04185022026431718,0.01894273127753304,0.08370044052863436
0.8543992853952658,0.03841000446627959,0.02054488610987048,0.08664582402858419
0.8544891640866873,0.039805395842547546,0.01813356921716055,0.0875718708536046
0.8572687224669604,0.04008810572687225,0.017180616740088105,0.08546255506607929
0.853268119164073,0.03868385949310805,0.020008892841262782,0.08803912850155625
0.8542312804607887,0.03898980948161276,0.01949490474080638,0.0872840053167922
0.8508189464364763,0.04028331119964586,0.02080566622399292,0.0880920761398849
0.850132625994695,0.03757736516357206,0.022104332449160036,0.09018567639257294
0.8504837291116975,0.036499560246262094,0.022867194371152155,0.0901495162708883
0.8529807261317794,0.035410129986553115,0.024652622142536978,0.08695652173913043
0.8505592841163311,0.03668903803131991,0.025950782997762864,0.08680089485458613
0.8430851063829787,0.03900709219858156,0.025709219858156027,0.09219858156028368
0.8446601941747572,0.03971756398940865,0.023389232127096204,0.09223300970873786
0.8444838280903855,0.03721754541426672,0.023925564909171467,0.09437306158617634
0.8466666666666667,0.036444444444444446,0.02311111111111111,0.09377777777777778
0.8416149068322981,0.03682342502218278,0.025288376220053237,0.09627329192546584
0.8440528634361234,0.03524229074889868,0.025110132158590308,0.09559471365638766
0.8500663423264042,0.03272888102609465,0.025210084033613446,0.09199469261388767
0.8500220555800617,0.03440670489633877,0.026025584472871635,0.08954565505072784
0.8411214953271028,0.03382287494437027,0.02892745883400089,0.09612817089452604
0.8472840605520926,0.032056990204808546,0.026714158504007122,0.09394479073909172
0.845575221238938,0.033628318584070796,0.02654867256637168,0.09424778761061947
0.8426418439716312,0.03324468085106383,0.0274822695035461,0.09663120567375887
0.8456464379947229,0.03562005277044855,0.027264731750219876,0.09146877748460862
0.8460858027421495,0.03538257408226449,0.02786377708978328,0.09066784608580274
0.8436944937833037,0.037300177619893425,0.02575488454706927,0.09325044404973357
0.8397887323943662,0.037852112676056336,0.027288732394366196,0.09507042253521127
0.8456375838926175,0.03534675615212528,0.025503355704697986,0.09351230425055929
0.8432934926958832,0.038069942452412575,0.027445772465692783,0.09119079238601151
0.8362831858407079,0.03982300884955752,0.028761061946902654,0.09513274336283185
0.8344459279038718,0.03960836671117045,0.030262572318647086,0.09568313306631064
0.8359270787016452,0.04090706980880391,0.030680302356602934,0.09248554913294797
0.839647577092511,0.038766519823788544,0.03127753303964758,0.09030837004405286
0.8363396392432908,0.03695556533216014,0.034755829300483945,0.09194896612406511
0.8297498903027644,0.03949100482667837,0.036858271171566474,0.09390083369899078
0.8317715305667113,0.03971441320838911,0.03435966086568496,0.09415439535921463
0.8308658591296546,0.03947958725886048,0.03633916554508748,0.09331538806639748
0.832010582010582,0.041005291005291,0.037037037037037035,0.08994708994708994
0.8311861394935585,0.04175921812527766,0.03642825410928476,0.09062638827187916
0.8320070733863837,0.040671971706454466,0.034924845269672856,0.09239610963748895
0.8325971731448764,0.04107773851590106,0.03489399293286219,0.09143109540636042
0.8342151675485009,0.040123456790123455,0.03571428571428571,0.08994708994708994
0.8325253415601587,0.03878360511238431,0.03613926840017629,0.09255178492728074
0.8337009263343625,0.0388178209086899,0.037935597706219674,0.08954565505072784
0.8345101500441306,0.03662842012356576,0.03309796999117388,0.09576345984112974
0.8417074255224545,0.03334815473543797,0.03334815473543797,0.09159626500666963
0.8427616926503341,0.03518930957683741,0.033853006681514475,0.08819599109131403
0.8395604395604396,0.03736263736263736,0.03296703296703297,0.09010989010989011
0.8371060807811807,0.03905903240124279,0.033732800710164226,0.09010208610741234
0.8369807949977669,0.04242965609647164,0.034836980794997766,0.08575256811076373
0.8382022471910112,0.043146067415730335,0.03460674157303371,0.08404494382022472
0.8467055132227701,0.041237113402061855,0.033168982519049754,0.07888839085611833
0.8470691934773028,0.03966505068312032,0.03261348611723226,0.08065226972234464
0.8488475177304965,0.037677304964539006,0.031471631205673756,0.08200354609929078
0.8527200353825741,0.034055727554179564,0.03051747014595312,0.08270676691729323
0.8530847758544163,0.032845095428317796,0.030181979582778518,0.08388814913448735
0.8511399195350916,0.03531515422440769,0.027268663388466695,0.08627626285203398
0.8569506726457399,0.03228699551569507,0.02780269058295964,0.08295964125560538
0.8538116591928251,0.03139013452914798,0.028251121076233184,0.08654708520179372
0.8515381185911726,0.03299152920196166,0.02630405706642889,0.08916629514043692
0.8556430446194225,0.030183727034120734,0.024934383202099737,0.08923884514435695
0.8508117595436595,0.03203159280386134,0.02720491443615621,0.08995173321632295
0.849357554275587,0.03322995126273815,0.0256978289765175,0.09171466548515729
0.8459850811759544,0.03247038174637999,0.02720491443615621,0.09433962264150944
0.8473383194016718,0.032116146062472505,0.028156621205455347,0.09238891333040035
0.8451327433628318,0.034513274336283185,0.028761061946902654,0.0915929203539823
0.8482697426796806,0.032830523513753325,0.027062999112688554,0.09183673469387756
0.8450641876936698,0.03497122620628597,0.02877379371403276,0.09119079238601151
0.842316258351893,0.03608017817371938,0.028062360801781736,0.0935412026726058
0.843421052631579,0.034210526315789476,0.031578947368421054,0.09078947368421053
0.838809946714032,0.035523978685612786,0.03463587921847247,0.09103019538188277
0.8405345211581292,0.03429844097995546,0.03296213808463252,0.09220489977728286
0.833926981300089,0.036064113980409616,0.03383793410507569,0.09617097061442564
0.8389982110912343,0.03398926654740608,0.03443649373881932,0.09257602862254025
0.838994265549184,0.03484781649757389,0.03573003970004411,0.09042787825319806
0.8448506464556398,0.03343736067766384,0.03522068658047258,0.08649130628622381
0.8429084380610413,0.03321364452423698,0.03590664272890485,0.08797127468581688
0.8425231583590649,0.03440670489633877,0.03617115130127922,0.08689898544331716
0.8450892857142858,0.03571428571428571,0.03526785714285714,0.08392857142857142
0.8488986784140969,0.03303964757709251,0.03524229074889868,0.0828193832599119
0.8495575221238938,0.034513274336283185,0.034955752212389384,0.08097345132743362
0.8487695749440716,0.03534675615212528,0.036241610738255034,0.0796420581655481
0.8507528786536758,0.03365810451727192,0.03454384410983171,0.08104517271922054
0.8506002667852379,0.035571365051133834,0.03156958648288128,0.082258781680747
0.8556244464127547,0.03454384410983171,0.02967227635075288,0.08015943312666077
0.8519823788546256,0.035682819383259914,0.029955947136563875,0.08237885462555065
0.8536476868327402,0.037811387900355875,0.029804270462633453,0.07873665480427046
0.8541480820695807,0.03791257805530776,0.027207850133809098,0.08073148974130241
0.8541854185418541,0.03735373537353735,0.0306030603060306,0.07785778577857785
0.8568888888888889,0.035111111111111114,0.030666666666666665,0.07733333333333334
0.8578993821712269,0.0353045013239188,0.029567519858781994,0.07722859664607237
0.8556792873051225,0.03608017817371938,0.029398663697104678,0.07884187082405346
0.8535060294774452,0.03707012058954891,0.02992407324698526,0.07949977668602054
0.8522474410324877,0.03515798842901647,0.02848242100578549,0.08411214953271028
0.852914798206278,0.033183856502242155,0.028251121076233184,0.08565022421524664
0.8573943661971831,0.032130281690140844,0.02772887323943662,0.08274647887323944
0.854982206405694,0.03425266903914591,0.026690391459074734,0.08407473309608542
0.8554964539007093,0.03368794326241135,0.027925531914893616,0.08289007092198582
0.8547312305641936,0.0346512661039538,0.029320302087960905,0.0812972012438916
0.8561341571050309,0.032215357458075904,0.03089143865842895,0.08075904677846425
0.856378233719893,0.028545941123996433,0.031222123104371096,0.08385370205173952
0.8657718120805369,0.027293064876957495,0.02774049217002237,0.07919463087248323
0.8598214285714286,0.029464285714285714,0.028125,0.08258928571428571
0.8571428571428571,0.03361344537815126,0.02786377708978328,0.08137992038920831
0.8593680462839342,0.03115264797507788,0.029372496662216287,0.0801068090787717
0.8579697239536954,0.029385574354407838,0.028495102404274265,0.08414959928762245
0.8579697239536954,0.031611754229741766,0.029385574354407838,0.08103294746215495
0.8611111111111112,0.03136200716845878,0.025537634408602152,0.08198924731182795
0.8638580931263858,0.03325942350332594,0.024390243902439025,0.07849223946784922
0.858980044345898,0.03414634146341464,0.02350332594235033,0.08337028824833703
0.8561917443408789,0.03683976919662672,0.023524189968930315,0.08344429649356414
0.8560070671378092,0.038869257950530034,0.022968197879858657,0.08215547703180212
0.8559284116331096,0.03847874720357942,0.02237136465324385,0.08322147651006712
0.8636767317939609,0.034191829484902306,0.023090586145648313,0.07904085257548846
0.8645558487247141,0.03210202286719437,0.023746701846965697,0.07959542656112577
0.8637976929902396,0.03327417923691216,0.023513753327417924,0.07941437444543034
0.8669907202828104,0.03093239063190455,0.024745912505523642,0.07733097657976137
0.8626226583407671,0.03389830508474576,0.022747546833184657,0.08073148974130241
0.8591234347048301,0.03667262969588551,0.02370304114490161,0.08050089445438283
0.8596256684491979,0.036541889483065956,0.024509803921568627,0.07932263814616755
0.850397175639894,0.040158870255957636,0.024271844660194174,0.0851721094439541
0.849644128113879,0.03959074733096085,0.025355871886120998,0.08540925266903915
0.8463599821348816,0.04064314426083073,0.026797677534613668,0.08619919606967397
0.846906987093903,0.039163328882955054,0.027147307521139297,0.08678237650200267
0.8477585441633377,0.03905903240124279,0.027518863737239236,0.08566355969818021
0.8445135495335406,0.03820524211461573,0.02798756108396268,0.08929364726788094
0.84472049689441,0.03593611357586513,0.027950310559006212,0.09139307897071872
0.847457627118644,0.03612845673505798,0.027653880463871544,0.08876003568242641
0.8418954827280779,0.0354295837023915,0.030115146147032774,0.09255978742249779
0.8425475453339231,0.03715170278637771,0.02786377708978328,0.09243697478991597
0.8428005284015853,0.03963011889035667,0.028621752531924262,0.08894760017613386
0.851721094439541,0.03662842012356576,0.027802294792586054,0.08384819064430715
0.8490650044523598,0.0396260017809439,0.02804986642920748,0.08325912733748887
0.847682119205298,0.038852097130242826,0.027373068432671083,0.08609271523178808
0.8454746136865342,0.03708609271523179,0.029580573951434878,0.08785871964679912
0.8483245149911817,0.03835978835978836,0.027336860670194002,0.08597883597883597
0.8528888888888889,0.036,0.029777777777777778,0.08133333333333333
0.8566950291088222,0.03537841468875952,0.03045230631437528,0.077474249888043
0.8546666666666667,0.036,0.030222222222222223,0.0791111111111111
0.8602197802197802,0.03296703296703297,0.03032967032967033,0.07648351648351648
0.8580329327992879,0.03382287494437027,0.030262572318647086,0.0778816199376947
0.853852967227635,0.03587245349867139,0.03188662533215235,0.07838795394154119
0.8579620644022938,0.031318923687692984,0.031760035288928096,0.07895897662108513
0.8534100974313552,0.030115146147032774,0.034100974313551816,0.08237378210806023
0.8542222222222222,0.028888888888888888,0.033777777777777775,0.08311111111111111
0.8524590163934426,0.03145768719539211,0.034116083296411165,0.08196721311475409
0.845879732739421,0.03162583518930958,0.03429844097995546,0.08819599109131403
0.8483642793987621,0.030061892130857647,0.03669319186560566,0.08488063660477453
0.8433628318584071,0.032300884955752215,0.03672566371681416,0.08761061946902655
0.839572192513369,0.03342245989304813,0.036541889483065956,0.09046345811051694
0.8442367601246106,0.03471295060080107,0.03382287494437027,0.08722741433021806
0.8438343834383438,0.036453645364536456,0.034653465346534656,0.08505850585058505
0.8417777777777777,0.03688888888888889,0.03244444444444444,0.08888888888888889
0.8451901565995525,0.035794183445190156,0.03087248322147651,0.08814317673378076
0.8450331125827815,0.03576158940397351,0.02913907284768212,0.09006622516556291
0.8449888641425389,0.03652561247216036,0.030734966592427616,0.08775055679287305
0.8476527900797166,0.03454384410983171,0.02967227635075288,0.08813108945969884
0.8468792096991469,0.03502469690166143,0.030983385720700495,0.08711270767849125
0.8499776085982983,0.03672189879086431,0.027317510076130765,0.08598298253470667
0.8449197860962567,0.040106951871657755,0.02807486631016043,0.08689839572192513
0.8437775816416593,0.04148278905560459,0.029567519858781994,0.0851721094439541
0.845679012345679,0.04144620811287478,0.029982363315696647,0.08289241622574955
0.8453285650424676,0.04112650871703174,0.031291908806437195,0.08225301743406348
0.8429642699602999,0.0423467137185708,0.029113365681517425,0.08557565063961182
0.8410683012259195,0.043345008756567424,0.02933450087565674,0.0862521891418564
0.8378619153674833,0.04543429844097996,0.030734966592427616,0.08596881959910913
0.8466696468484578,0.04202056325435852,0.029950827000447027,0.0813589628967367
0.849933598937583,0.036741921204072596,0.03142983621071271,0.0818946436476317
0.8445135495335406,0.037760995113282986,0.03287427809862283,0.08485117725455353
0.8510167992926614,0.038903625110521665,0.029177718832891247,0.08090185676392574
0.857331571994716,0.036988110964332896,0.02686041391457508,0.07881990312637605
0.8536800352578229,0.0370207139709123,0.024239753195240195,0.08505949757602468
0.8520814880425155,0.037643932683790966,0.025243578387953942,0.08503100088573959
0.8441788401947764,0.04072598494909252,0.027445772465692783,0.08764940239043825
0.8494242692648362,0.037643932683790966,0.02745792736935341,0.08547387068201949
0.8441788401947764,0.04072598494909252,0.025675077467906152,0.08942009738822487
0.8444838280903855,0.04209127159946832,0.02525476295968099,0.08817013735046522
0.8433035714285714,0.04107142857142857,0.026339285714285714,0.08928571428571429
0.8396101019051839,0.04253433761630483,0.0256978289765175,0.0921577315019938
0.8383525243578388,0.0420726306465899,0.025686448184233834,0.09388839681133747
0.8340062808434275,0.04127411395244504,0.02736653207716465,0.09735307312696276
0.8392776523702031,0.040632054176072234,0.025733634311512415,0.0943566591422122
0.8378740509155873,0.04198302813756141,0.026797677534613668,0.0933452434122376
0.8373732921992068,0.03878360511238431,0.027324812692816218,0.09651828999559277
0.8359929078014184,0.03900709219858156,0.027039007092198582,0.09796099290780141
0.8323699421965318,0.04090706980880391,0.026678523788350377,0.10004446420631392
0.8372715113687026,0.04190815871600535,0.02541239411502452,0.0954079358002675
0.8475935828877005,0.0374331550802139,0.021836007130124777,0.09313725490196079
0.8448815377738041,0.03755029056772463,0.022798390701832812,0.09476978095663835
0.8420818505338078,0.037366548042704624,0.024466192170818506,0.09608540925266904
0.8357615894039735,0.037527593818984545,0.02781456953642384,0.0988962472406181
0.8319177469825659,0.03531515422440769,0.029950827000447027,0.10281627179257935
0.8328118015198928,0.035762181493071074,0.029503799731783638,0.10192221725525256
0.83915770609319,0.03539426523297491,0.028225806451612902,0.09722222222222222
0.8415665331553182,0.03649310191366266,0.027592345349354695,0.09434801958166444
0.8422212428382547,0.03613926840017629,0.027765535478184222,0.09387395328338476
0.8395934600088378,0.03711886875828546,0.025187803800265134,0.09809986743261158
0.8403361344537815,0.03582485625829279,0.022114108801415303,0.1017249004865104
0.8415710503089144,0.03618711385701677,0.02294792586054722,0.09929390997352162
0.8456345634563457,0.0351035103510351,0.02025202520252025,0.09900990099009901
0.8452328159645233,0.03370288248337029,0.021729490022172948,0.09933481152993348
0.8481629039397963,0.03054448871181939,0.021691013722886232,0.099601593625498
0.8435976960567124,0.030571555161719097,0.02303943287549845,0.10279131590607
0.8451754385964912,0.03289473684210526,0.02236842105263158,0.09956140350877193
0.8436250555308752,0.033762772101288314,0.02087960906263883,0.10173256330519768
0.8527443105756358,0.03034359660865685,0.018295403837572513,0.09861668897813476
0.8525324966382788,0.03003137606454505,0.0210667861945316,0.09636934110264456
0.8515070921985816,0.02969858156028369,0.02127659574468085,0.0975177304964539
0.8514412416851441,0.0270509977827051,0.022172949002217297,0.09933481152993348
0.8504424778761062,0.02743362831858407,0.02256637168141593,0.09955752212389381
0.8521929824561404,0.02587719298245614,0.02236842105263158,0.09956140350877193
0.8476998660116123,0.02813756141134435,0.02456453774006253,0.09959803483698079
0.8495339547270306,0.029738126941855306,0.020861074123391034,0.09986684420772303
0.8492417484388939,0.028099910793933987,0.02230151650312221,0.10035682426404996
0.8520475561426685,0.027300748568912372,0.02289740202553941,0.0977542932628798
0.8485523385300668,0.027616926503340758,0.022271714922048998,0.10155902004454342
0.8477876106194691,0.029646017699115044,0.023008849557522124,0.09955752212389381
0.8514109347442681,0.028659611992945325,0.021604938271604937,0.09832451499118165
0.8455785305763308,0.029036515618125824,0.02331720193576771,0.10206775186977562
0.8411007545494895,0.02929427430093209,0.02663115845539281,0.10297381269418553
0.844150110375276,0.0282560706401766,0.026048565121412803,0.10154525386313466
0.8444444444444444,0.025777777777777778,0.026222222222222223,0.10355555555555555
0.8453699601240585,0.024368630926007974,0.027470093043863535,0.10279131590607
0.8536693191865605,0.02431476569407604,0.026083112290008842,0.09593280282935455
0.8503100088573959,0.024357838795394153,0.02967227635075288,0.09565987599645705
0.8521816562778273,0.025823686553873553,0.02804986642920748,0.09394479073909172
0.8430769230769231,0.02945054945054945,0.029010989010989013,0.09846153846153846
0.844207723035952,0.028406569019085663,0.031069684864624945,0.09631602308033733
0.8461879432624113,0.030141843971631204,0.02925531914893617,0.09441489361702128
0.8457799381352188,0.029606716747680072,0.03049049933716306,0.09412284577993814
0.8450892857142858,0.029464285714285714,0.030357142857142857,0.09508928571428571
0.8470115967885816,0.028991971454058876,0.028991971454058876,0.09500446030330062
0.8471849865951743,0.028596961572832886,0.03038427167113494,0.0938337801608579
0.846699158174568,0.03234381922906513,0.033673017279574655,0.0872840053167922
0.8420107719928187,0.034560143626570915,0.03500897666068223,0.08842010771992818
0.8376824413976117,0.03847854931446263,0.03361344537815126,0.09022556390977443
0.8386383731211318,0.03669319186560566,0.03227232537577365,0.09239610963748895
0.8416370106761566,0.037366548042704624,0.03069395017793594,0.09030249110320285
0.8401785714285714,0.04151785714285714,0.02857142857142857,0.08973214285714286
0.8425925925925926,0.042328042328042326,0.026455026455026454,0.08862433862433862
0.8345101500441306,0.045454545454545456,0.026919682259488084,0.09311562224183584
0.8334825425246195,0.04252461951656222,0.02775290957923008,0.09623992837958818
0.8316258351893095,0.04498886414253898,0.027171492204899776,0.09621380846325167
0.8300711743772242,0.0449288256227758,0.027580071174377226,0.09741992882562278
0.834589800443459,0.04523281596452328,0.025720620842572064,0.09445676274944567
0.8275862068965517,0.04862953138815208,0.02431476569407604,0.09946949602122016
0.8240495137046862,0.050397877984084884,0.026967285587975242,0.09858532272325375
0.8277826468010517,0.053023663453111304,0.02366345311130587,0.09553023663453111
0.8301382077574677,0.04993312527864467,0.024074899687917966,0.09585376727596968
0.8328131966116807,0.04859563085153812,0.0231832367365136,0.0954079358002675
0.835387323943662,0.04709507042253521,0.023327464788732395,0.09419014084507042
0.83942908117752,0.04861730597680642,0.02096342551293488,0.09099018733273863
0.8385370205173952,0.04906333630686887,0.02096342551293488,0.09143621766280106
0.833930170098478,0.051924798567591766,0.020590868397493287,0.09355416293643688
0.8335546702080566,0.05046480743691899,0.02213368747233289,0.09384683488269145
0.830755634114008,0.05170128148475475,0.022536456031816175,0.09500662836942113
0.8303808680248007,0.05004428697962799,0.026572187776793623,0.09300265721877768
0.83311199645861,0.049136786188579015,0.0283311199645861,0.08942009738822487
0.8317757009345794,0.046283934134401426,0.0262572318647085,0.09568313306631064
0.8310542567269519,0.04808116453462726,0.025584472871636524,0.0952801058667843
0.8349514563106796,0.045454545454545456,0.026919682259488084,0.09267431597528684
0.8339285714285715,0.04241071428571429,0.02857142857142857,0.09508928571428571
0.8394515701017249,0.039805395842547546,0.02697921273772667,0.09376382131800089
0.8412627834593153,0.040017785682525564,0.026678523788350377,0.0920409070698088
0.8435828877005348,0.040998217468805706,0.02540106951871658,0.09001782531194295
0.8447508896797153,0.04092526690391459,0.027135231316725978,0.08718861209964412
0.8506928922664283,0.04112650871703174,0.023692445239159587,0.08448815377738042
0.8573943661971831,0.04005281690140845,0.022007042253521125,0.08054577464788733
0.8527716186252772,0.041685144124168516,0.021729490022172948,0.08381374722838138
0.8517195176418044,0.03974988834301027,0.023224653863331845,0.08530594015185351
0.8505338078291815,0.037366548042704624,0.027135231316725978,0.0849644128113879
0.849933598937583,0.03762726870296591,0.027003098716246128,0.08543603364320496
0.848939929328622,0.036219081272084806,0.027385159010600707,0.08745583038869258
0.8483221476510067,0.035794183445190156,0.028187919463087248,0.08769574944071588
0.8497569597878922,0.03667697746354397,0.02695536897923111,0.08661069376933274
0.8519341929746554,0.03823921742996887,0.02578923966207203,0.0840373499333037
0.8521469676848162,0.04028331119964586,0.025232403718459494,0.08233731739707835
0.851363236587511,0.03781882145998241,0.026385224274406333,0.08443271767810026
0.8502222222222222,0.03822222222222222,0.02666666666666667,0.08488888888888889
0.8499119718309859,0.040492957746478875,0.027288732394366196,0.08230633802816902
0.8494002665482008,0.043980453131941356,0.027099067081297203,0.07952021323856064
0.8501556247220987,0.0426856380613606,0.026678523788350377,0.08048021342819031
0.8518189884649512,0.04392191659272405,0.022626441881100266,0.08163265306122448
0.8528756130182791,0.045474810521622826,0.023629068212215783,0.0780205082478823
0.8542780748663101,0.04634581105169341,0.023618538324420676,0.07575757575757576
0.853887399463807,0.045576407506702415,0.024575513851653262,0.07596067917783736
0.8563167259786477,0.04448398576512456,0.025355871886120998,0.07384341637010676
0.8536155202821869,0.0445326278659612,0.026455026455026454,0.07539682539682539
0.857586512866016,0.04214729370008873,0.027506654835847383,0.07275953859804792
0.8613686534216336,0.04370860927152318,0.026490066225165563,0.0684326710816777
0.8608385370205174,0.045495093666369314,0.025423728813559324,0.06824264049955397
0.86,0.043111111111111114,0.02666666666666667,0.07022222222222223
0.8652482269503546,0.040336879432624116,0.030141843971631204,0.06427304964539007
0.8684444444444445,0.04,0.029333333333333333,0.06222222222222222
0.8649845064187693,0.04293935369632581,0.029659141212926073,0.06241699867197875
0.8634167764602547,0.04216073781291173,0.032498902064119456,0.061923583662714096
0.8616688978134761,0.04417670682730924,0.03257474341811691,0.06157965194109773
0.8602054488610987,0.04376953997320232,0.03305046895935686,0.06297454220634212
0.8595332452664025,0.043593130779392336,0.03302509907529723,0.06384852487890796
0.8623646209386282,0.044675090252707585,0.03023465703971119,0.06272563176895307
0.8645648312611013,0.043072824156305506,0.02930728241563055,0.0630550621669627
0.8669064748201439,0.041816546762589925,0.03012589928057554,0.06115107913669065
0.868,0.04133333333333333,0.030222222222222223,0.060444444444444446
0.8620689655172413,0.041998231653404064,0.034924845269672856,0.0610079575596817
0.8590484659848822,0.04224099599822143,0.035126722987994664,0.06358381502890173
0.8590544157002676,0.040588760035682424,0.03568242640499554,0.06467439785905442
0.8650334075723831,0.03652561247216036,0.035634743875278395,0.06280623608017817
0.8671668137687555,0.03574580759046778,0.03486319505736982,0.06222418358340689
0.8703950288504216,0.032845095428317796,0.03595206391478029,0.06080781180648025
0.8678571428571429,0.033482142857142856,0.03571428571428571,0.06294642857142857
0.8683385579937304,0.03403493058665472,0.03134796238244514,0.06627854903716973
0.8664596273291926,0.03371783496007098,0.0323868677905945,0.06743566992014197
0.8703786191536749,0.031180400890868598,0.031180400890868598,0.06726057906458797
0.8729946524064172,0.03074866310160428,0.03342245989304813,0.06283422459893048
0.8760513501549358,0.03010181496237273,0.03098716246126605,0.06285967242142541
0.8742857142857143,0.03076923076923077,0.03164835164835165,0.0632967032967033
0.8720106288751107,0.030115146147032774,0.03188662533215235,0.06598759964570416
0.8655985758789497,0.030262572318647086,0.03693813974187806,0.06720071206052515
0.8621145374449339,0.03259911894273128,0.037444933920704845,0.06784140969162995
0.8644444444444445,0.03288888888888889,0.036,0.06666666666666667
0.8677319130048824,0.032845095428317796,0.03550821127385708,0.06391478029294274
0.8717834960070985,0.032830523513753325,0.03327417923691216,0.062111801242236024
0.8705197132616488,0.033154121863799284,0.033154121863799284,0.06317204301075269
