R,A,S,N
0.0,0.0,1.0,0.0
0.0,0.0,1.0,0.0
0.0,0.0,1.0,0.0
0.0,0.3333333333333333,0.6666666666666666,0.0
0.0,0.25,0.5,0.25
0.0,0.5,0.25,0.25
0.0,0.6,0.2,0.2
0.0,0.4,0.4,0.2
0.0,0.4,0.4,0.2
0.16666666666666666,0.3333333333333333,0.3333333333333333,0.16666666666666666
0.16666666666666666,0.3333333333333333,0.16666666666666666,0.3333333333333333
0.42857142857142855,0.14285714285714285,0.14285714285714285,0.2857142857142857
0.42857142857142855,0.0,0.14285714285714285,0.42857142857142855
0.5,0.0,0.16666666666666666,0.3333333333333333
0.42857142857142855,0.0,0.2857142857142857,0.2857142857142857
0.3333333333333333,0.0,0.3333333333333333,0.3333333333333333
0.3333333333333333,0.16666666666666666,0.16666666666666666,0.3333333333333333
0.5,0.0,0.25,0.25
0.4,0.0,0.2,0.4
0.5,0.0,0.16666666666666666,0.3333333333333333
0.5714285714285714,0.0,0.14285714285714285,0.2857142857142857
0.5,0.0,0.16666666666666666,0.3333333333333333
0.42857142857142855,0.14285714285714285,0.14285714285714285,0.2857142857142857
0.375,0.125,0.25,0.25
0.4,0.2,0.1,0.3
0.4166666666666667,0.16666666666666666,0.08333333333333333,0.3333333333333333
0.42857142857142855,0.14285714285714285,0.07142857142857142,0.35714285714285715
0.42857142857142855,0.14285714285714285,0.07142857142857142,0.35714285714285715
0.4,0.2,0.06666666666666667,0.3333333333333333
0.5,0.1875,0.0625,0.25
0.3888888888888889,0.2777777777777778,0.1111111111111111,0.2222222222222222
0.35,0.2,0.15,0.3
0.52,0.16,0.08,0.24
0.5666666666666667,0.13333333333333333,0.06666666666666667,0.23333333333333334
0.5882352941176471,0.11764705882352941,0.058823529411764705,0.23529411764705882
0.6222222222222222,0.1111111111111111,0.044444444444444446,0.2222222222222222
0.6274509803921569,0.09803921568627451,0.0392156862745098,0.23529411764705882
0.6349206349206349,0.07936507936507936,0.047619047619047616,0.23809523809523808
0.6756756756756757,0.05405405405405406,0.05405405405405406,0.21621621621621623
0.7011494252873564,0.04597701149425287,0.034482758620689655,0.21839080459770116
0.7307692307692307,0.028846153846153848,0.038461538461538464,0.20192307692307693
0.7244094488188977,0.023622047244094488,0.031496062992125984,0.2204724409448819
0.726027397260274,0.0136986301369863,0.04794520547945205,0.21232876712328766
0.7289156626506024,0.006024096385542169,0.04216867469879518,0.22289156626506024
0.7611940298507462,0.0,0.03482587064676617,0.20398009950248755
0.7531380753138075,0.008368200836820083,0.03347280334728033,0.20502092050209206
0.7383512544802867,0.014336917562724014,0.025089605734767026,0.2222222222222222
0.7643504531722054,0.012084592145015106,0.01812688821752266,0.2054380664652568
0.7474489795918368,0.017857142857142856,0.015306122448979591,0.2193877551020408
0.7438752783964365,0.024498886414253896,0.015590200445434299,0.21603563474387527
0.7394636015325671,0.02490421455938697,0.013409961685823755,0.2222222222222222
0.7409948542024014,0.025728987993138937,0.012006861063464836,0.22126929674099485
0.750375939849624,0.02406015037593985,0.007518796992481203,0.21804511278195488
0.7470355731225297,0.022397891963109356,0.006587615283267457,0.22397891963109354
0.7553699284009546,0.021479713603818614,0.011933174224343675,0.21121718377088305
0.7570498915401301,0.0227765726681128,0.01193058568329718,0.20824295010845986
0.7658102766798419,0.020750988142292492,0.011857707509881422,0.2015810276679842
0.7658623771224308,0.01966041108132261,0.01161751563896336,0.20285969615728328
0.7600989282769992,0.01978565539983512,0.01483924154987634,0.20527617477328935
0.7655763239875389,0.01791277258566978,0.014797507788161994,0.20171339563862928
0.7636494252873564,0.015804597701149427,0.01867816091954023,0.20186781609195403
0.7650684931506849,0.015753424657534248,0.01986301369863014,0.19931506849315067
0.7772054088860271,0.012234385061171926,0.019961365099806824,0.1905988409529942
0.7792682926829269,0.013414634146341463,0.018292682926829267,0.18902439024390244
0.7776477472205968,0.014628437682855471,0.018724400234055003,0.1889994148624927
0.7825112107623319,0.01569506726457399,0.016816143497757848,0.18497757847533633
0.7860564129856307,0.017030335284725917,0.016498137307078234,0.1804151144225652
0.7861182519280205,0.017994858611825194,0.015938303341902313,0.17994858611825193
0.7871064467766117,0.018490754622688656,0.017491254372813594,0.17691154422788605
0.7925351429956374,0.018419777023751818,0.015026660203587009,0.17401841977702376
0.786723163841808,0.017419962335216574,0.014595103578154425,0.1812617702448211
0.7821047751506722,0.019935095039406582,0.01576263328697265,0.18219749652294853
0.7800640146319159,0.01828989483310471,0.01828989483310471,0.18335619570187472
0.7813201616524472,0.02020655590480467,0.019308486753480018,0.17916479568926807
0.7787253141831239,0.0210951526032316,0.020197486535008975,0.17998204667863554
0.7828800713330362,0.02139991083370486,0.021845742309407043,0.17387427552385198
0.7757847533632287,0.022869955156950672,0.02062780269058296,0.18071748878923766
0.7789237668161435,0.02600896860986547,0.019282511210762333,0.1757847533632287
0.7765338110165696,0.027765338110165697,0.020152261531571878,0.1755485893416928
0.7753363228699551,0.026457399103139014,0.019730941704035873,0.17847533632286997
0.7774322523322967,0.027099067081297203,0.019991115059973346,0.1754775655264327
0.7727272727272727,0.027183600713012478,0.022281639928698752,0.17780748663101603
0.7714539795464651,0.029346376167185415,0.02401067140951534,0.17518897287683416
0.776066871975363,0.029916410030796304,0.02331720193576771,0.17069951605807304
0.7735176103432903,0.03209986625055729,0.021845742309407043,0.17253678109674542
0.7755644090305445,0.03054448871181939,0.023461708720672863,0.17042939353696326
0.7797356828193832,0.029515418502202642,0.024669603524229075,0.166079295154185
0.7789566755083996,0.028735632183908046,0.02431476569407604,0.16799292661361626
0.7755466309683177,0.0285586791610888,0.026327532351628737,0.16956715751896476
0.7755466309683177,0.02989736724676484,0.027666220437304774,0.16688978134761268
0.7808098591549296,0.027288732394366196,0.02772887323943662,0.1641725352112676
0.7798937112488928,0.027015057573073518,0.027015057573073518,0.16607617360496013
0.776595744680851,0.027925531914893616,0.02526595744680851,0.1702127659574468
0.7794441993824438,0.029554477282752536,0.025584472871636524,0.16541685046316718
0.7790594498669032,0.030168589174800354,0.026619343389529725,0.16415261756876665
0.7761989342806395,0.03063943161634103,0.02708703374777975,0.1660746003552398
0.7801762114537445,0.03039647577092511,0.026872246696035242,0.16255506607929515
0.785430463576159,0.030463576158940398,0.0282560706401766,0.15584988962472407
0.7806280406899602,0.03361344537815126,0.03051747014595312,0.15524104378593542
0.7817460317460317,0.03350970017636684,0.031746031746031744,0.15299823633156967
0.7767936226749336,0.03277236492471213,0.03188662533215235,0.15854738706820196
0.7761862130707251,0.03222918531781558,0.03178155774395703,0.15980304386750224
0.7774308652988403,0.031222123104371096,0.03166815343443354,0.15967885816235505
0.7746102449888641,0.032071269487750555,0.03429844097995546,0.15902004454342986
0.7822616407982261,0.03237250554323725,0.03458980044345898,0.15077605321507762
0.7815577439570277,0.03446732318710832,0.03133393017009848,0.15264100268576544
0.7854594112399643,0.036574487065120426,0.030776092774308653,0.1471900089206066
0.785305763308403,0.034755829300483945,0.029916410030796304,0.15002199736031677
0.7917034421888791,0.03353927625772286,0.027802294792586054,0.146954986760812
0.7860652076820009,0.0321572130415364,0.03126395712371594,0.15051362215274677
0.7910579902611775,0.03010181496237273,0.03054448871181939,0.14829570606463036
0.7957465662383695,0.03190075321222862,0.030128489144882586,0.14222419140451928
0.7929179740026894,0.033168982519049754,0.029583146571044376,0.14432989690721648
0.793010752688172,0.033602150537634407,0.026881720430107527,0.14650537634408603
0.7992863514719001,0.03389830508474576,0.02408563782337199,0.14272970561998216
0.7962550156041016,0.034329023629068214,0.024074899687917966,0.14534106107891218
0.7932414406402846,0.03379279679857715,0.024899955535793685,0.1480658070253446
0.7919788453063024,0.03305420890260027,0.026884089907448214,0.1480828558836492
0.7969588550983899,0.03488372093023256,0.026386404293381037,0.14177101967799643
0.8001768346595933,0.03404067197170645,0.026525198938992044,0.13925729442970822
0.7974290780141844,0.03368794326241135,0.027039007092198582,0.14184397163120568
0.7938829787234043,0.037677304964539006,0.026595744680851064,0.14184397163120568
0.7862939585211902,0.0405770964833183,0.028854824165915238,0.1442741208295762
0.7921323200715243,0.03844434510505141,0.029950827000447027,0.1394725078229772
0.7915543575920935,0.03638814016172507,0.030548068283917342,0.14150943396226415
0.7974516695957821,0.03690685413005272,0.028558875219683654,0.13708260105448156
0.798124162572577,0.034836980794997766,0.030370701205895488,0.1366681554265297
0.7980470483799379,0.03195739014647137,0.031069684864624945,0.13892587660896583
0.8027360988526037,0.03398058252427184,0.030450132391879964,0.1328331862312445
0.8016014234875445,0.03603202846975089,0.03202846975088968,0.13033807829181496
0.8093126385809313,0.037694013303769404,0.029711751662971176,0.12328159645232815
0.8138913624220837,0.03829029385574354,0.028495102404274265,0.11932324131789848
0.815742397137746,0.03711985688729875,0.0259391771019678,0.12119856887298748
0.8147163120567376,0.03590425531914894,0.026152482269503546,0.12322695035460993
0.8168449197860963,0.03609625668449198,0.02406417112299465,0.12299465240641712
0.822380106571936,0.03374777975133215,0.023534635879218474,0.12033747779751332
0.8174496644295302,0.035794183445190156,0.02192393736017897,0.12483221476510067
0.8178603006189213,0.03536693191865606,0.023430592396109638,0.123342175066313
0.813220940550133,0.03637976929902396,0.023957409050576754,0.1264418811002662
0.8157661647475642,0.03587245349867139,0.025686448184233834,0.12267493356953056
0.8152753108348135,0.034191829484902306,0.02264653641207815,0.12788632326820604
0.8213969938107869,0.034924845269672856,0.020778072502210435,0.1229000884173298
0.8164975738861933,0.03440670489633877,0.022496691662990738,0.12659902955447727
0.8159965034965035,0.033216783216783216,0.02403846153846154,0.12674825174825174
0.8086610693769333,0.034025629695095004,0.02828104286345559,0.12903225806451613
0.8055801594331267,0.0354295837023915,0.030115146147032774,0.12887511071744906
0.8104838709677419,0.03853046594982079,0.030017921146953404,0.12096774193548387
0.803763440860215,0.039874551971326166,0.03046594982078853,0.12589605734767026
0.7995565410199557,0.041685144124168516,0.02926829268292683,0.129490022172949
0.7980470483799379,0.041278295605858856,0.028406569019085663,0.13226808699511763
0.796146953405018,0.04032258064516129,0.02956989247311828,0.1339605734767025
0.7982417582417582,0.04263736263736264,0.026373626373626374,0.13274725274725274
0.7983118613949356,0.04175921812527766,0.02576632607729898,0.1341625944024878
0.7950200088928413,0.04224099599822143,0.027567807914628723,0.1351711871943086
0.7955456570155902,0.040979955456570155,0.026280623608017816,0.13719376391982183
0.7981448763250883,0.04328621908127209,0.02561837455830389,0.1329505300353357
0.8,0.04326710816777042,0.022516556291390728,0.13421633554083887
0.7947695035460993,0.043882978723404256,0.02171985815602837,0.13962765957446807
0.7937777777777778,0.043111111111111114,0.023555555555555555,0.13955555555555554
0.7894033837934105,0.04630454140694568,0.025378450578806767,0.13891362422083706
0.7952233524988943,0.04467049977885891,0.025210084033613446,0.13489606368863336
0.7931798051372896,0.04074402125775022,0.026572187776793623,0.13950398582816653
0.7883179622310057,0.04040404040404041,0.025472112428634168,0.1458058849363197
0.7949512843224092,0.03631532329495128,0.024357838795394153,0.14437555358724535
0.7952825990209168,0.037828215398308856,0.021806853582554516,0.14508233199821985
0.7944839857651246,0.03692170818505338,0.024466192170818506,0.14412811387900357
0.7911449016100179,0.03577817531305903,0.02817531305903399,0.1449016100178891
0.7945205479452054,0.0344675209898365,0.027839151568714096,0.14317277949624393
0.7967625899280576,0.03327338129496403,0.028327338129496404,0.14163669064748202
0.798932384341637,0.03336298932384341,0.026245551601423486,0.14145907473309607
0.8008830022075055,0.03532008830022075,0.026931567328918323,0.1368653421633554
0.8008928571428572,0.033035714285714286,0.029017857142857144,0.13705357142857144
0.8032714412024757,0.03227232537577365,0.030061892130857647,0.134394341290893
0.8057296329453895,0.03133393017009848,0.03222918531781558,0.13070725156669652
0.8034993270524899,0.033647375504710635,0.0300583221175415,0.13279497532525797
0.8059768064228368,0.03389830508474576,0.029438001784121322,0.13068688670829617
0.8014247551202137,0.033392698130008905,0.028495102404274265,0.13668744434550312
0.8050734312416555,0.032932799287939477,0.02848242100578549,0.13351134846461948
0.8058510638297872,0.034574468085106384,0.028368794326241134,0.13120567375886524
0.8023049645390071,0.0350177304964539,0.030141843971631204,0.1325354609929078
0.8019494904740806,0.034559149313247675,0.02968542312804608,0.1338059370846256
0.8075388026607538,0.032815964523281595,0.029711751662971176,0.12993348115299336
0.8075201432408237,0.03401969561324977,0.02820053715308863,0.13025962399283797
0.8019757521329143,0.037269869779973056,0.030085316569375842,0.13066906151773686
0.8045719408337069,0.035410129986553115,0.03047960555804572,0.12953832362169432
0.8066546762589928,0.03597122302158273,0.029676258992805755,0.12769784172661872
0.8097582811101164,0.03357206803939123,0.03133393017009848,0.12533572068039392
0.8129175946547884,0.03474387527839644,0.030289532293986638,0.1220489977728285
0.8069087688219664,0.03587245349867139,0.030558015943312665,0.1266607617360496
0.808340727595386,0.03593611357586513,0.029724933451641525,0.12599822537710736
0.8107987505577867,0.03480589022757698,0.027666220437304774,0.12672913877733155
0.8098808998676665,0.03484781649757389,0.027348919276576972,0.12792236435818263
0.8090990187332738,0.036574487065120426,0.02631578947368421,0.1280107047279215
0.8135742617893346,0.035698545614808286,0.0251211987659762,0.125605993829881
0.8136120996441281,0.035142348754448396,0.026690391459074734,0.12455516014234876
0.8077945084145262,0.03808680248007086,0.026572187776793623,0.1275465013286094
0.8088235294117647,0.0374331550802139,0.025846702317290554,0.12789661319073084
0.8103989242492156,0.03765127745405648,0.02510085163603765,0.12684894666069027
0.8143236074270557,0.040671971706454466,0.025198938992042442,0.1198054818744474
0.8131335390039665,0.04010577346848832,0.02600264433671221,0.12075804319083297
0.8205699020480854,0.0396260017809439,0.024487978628673197,0.11531611754229741
0.819723337795627,0.03748326639892905,0.02186523873270861,0.12092815707273538
0.8172521120497999,0.04090706980880391,0.021787461093819474,0.1200533570475767
0.8135062611806798,0.038461538461538464,0.023255813953488372,0.12477638640429338
0.823555359505955,0.0388178209086899,0.0211733568592854,0.1164534627260697
0.8173034694773825,0.03820816864295125,0.025032938076416336,0.11945542380324989
0.8255865427180168,0.03718459495351926,0.02257636122177955,0.11465250110668437
0.8237136465324385,0.03713646532438479,0.02237136465324385,0.11677852348993288
0.822524101665206,0.036371603856266435,0.024101665205959685,0.11700262927256792
0.8274632189032546,0.036558181007579134,0.024520731163620153,0.11145786892554614
0.8287852112676056,0.03653169014084507,0.02244718309859155,0.11223591549295775
0.8287366548042705,0.037811387900355875,0.022686832740213523,0.11076512455516015
0.829300483941927,0.034755829300483945,0.024197096348438186,0.1117465904091509
0.8304482911673324,0.031069684864624945,0.02529960053262317,0.11318242343541944
0.8337754199823165,0.03138815207780725,0.022988505747126436,0.11184792219274978
0.8303964757709251,0.030837004405286344,0.024229074889867842,0.1145374449339207
0.8279192273924495,0.033362598770851626,0.02633889376646181,0.11237928007023705
0.8300970873786407,0.03398058252427184,0.025154457193292144,0.11076787290379524
0.8296003513394817,0.033816425120772944,0.025472112428634168,0.1111111111111111
0.828,0.03333333333333333,0.024888888888888887,0.11377777777777778
0.8263181214000886,0.03322995126273815,0.026140894993354008,0.11431103234381923
0.8285841495992876,0.030276046304541407,0.02804986642920748,0.11308993766696349
0.8285968028419183,0.03063943161634103,0.02664298401420959,0.11412078152753108
0.8333333333333334,0.029177718832891247,0.027409372236958444,0.11007957559681697
0.8321554770318021,0.02959363957597173,0.026943462897526502,0.11130742049469965
0.8365810451727193,0.02878653675819309,0.025686448184233834,0.10894596988485385
0.8383073496659242,0.028507795100222718,0.026726057906458798,0.1064587973273942
0.8409090909090909,0.027183600713012478,0.026292335115864526,0.10561497326203209
0.838163174320107,0.029424877396344182,0.025858225590726706,0.10655372269282211
0.840373499333037,0.03023566029346376,0.026233881725211204,0.10315695864828812
0.8413120567375887,0.030141843971631204,0.02526595744680851,0.10328014184397163
0.8423364075537989,0.02766798418972332,0.02854633289415898,0.10144927536231885
0.838209219858156,0.028812056737588652,0.030141843971631204,0.10283687943262411
0.8406764574988874,0.027592345349354695,0.03115264797507788,0.10057854917668002
0.8415665331553182,0.02892745883400089,0.02892745883400089,0.10057854917668002
0.8423383525243578,0.027015057573073518,0.0283436669619132,0.10230292294065545
0.8355263157894737,0.029385964912280703,0.030263157894736843,0.10482456140350878
0.830238726790451,0.033156498673740056,0.03138815207780725,0.10521662245800177
0.8385370205173952,0.029884032114183764,0.032114183764495985,0.09946476360392506
0.833034914950761,0.03178155774395703,0.03401969561324977,0.10116383169203223
0.833926981300089,0.030276046304541407,0.034728406055209264,0.10106856634016029
0.8334069818824569,0.03093239063190455,0.03535130357931949,0.10030932390631904
0.8288888888888889,0.033777777777777775,0.036,0.10133333333333333
0.8328947368421052,0.03245614035087719,0.034210526315789476,0.10043859649122808
0.8384649709950914,0.03391343150379295,0.03302097278000892,0.09460062472110665
0.8376940133037694,0.03592017738359202,0.02926829268292683,0.09711751662971176
0.8365171035095513,0.0368725011106175,0.030208796090626388,0.0964015992892048
0.8368163628279235,0.036905291240551356,0.027567807914628723,0.0987105380168964
0.8449646643109541,0.0353356890459364,0.02429328621908127,0.09540636042402827
0.8437221727515584,0.0365093499554764,0.02315227070347284,0.09661620658949244
0.8413917758698599,0.03705377315860822,0.02394938996836873,0.09760506100316313
0.8439306358381503,0.035571365051133834,0.02267674522009782,0.09782125389061805
0.8447814451382694,0.03300624442462088,0.0231935771632471,0.09901873327386262
0.8389380530973451,0.03584070796460177,0.023008849557522124,0.10221238938053097
0.8391825855175478,0.03598400710795202,0.02132385606397157,0.10350955131052865
0.8403587443946189,0.03587443946188341,0.02197309417040359,0.10179372197309416
0.8432671081677704,0.03576158940397351,0.02119205298013245,0.09977924944812362
0.8438197233377956,0.03435966086568496,0.022311468094600623,0.0995091477019188
0.8404444444444444,0.03333333333333333,0.02311111111111111,0.10311111111111111
0.8421985815602837,0.034131205673758866,0.02526595744680851,0.09840425531914894
0.8429388473383194,0.034755829300483945,0.02375714914210295,0.0985481742190937
0.8434744268077602,0.03439153439153439,0.024250440917107582,0.09788359788359788
0.8430232558139535,0.03622540250447227,0.02101967799642218,0.09973166368515206
0.8387665198237886,0.03700440528634361,0.022026431718061675,0.10220264317180616
0.8368070953436807,0.038580931263858094,0.023059866962305987,0.1015521064301552
0.8386672512056116,0.03682595352915388,0.02367382726874178,0.10083296799649277
0.8336306868867083,0.0383586083853702,0.0231935771632471,0.1048171275646744
0.8362183754993342,0.03817132711939636,0.022636484687083888,0.10297381269418553
0.8371161548731643,0.03960836671117045,0.022251891410769914,0.10102358700489542
0.8385964912280702,0.03903508771929825,0.02236842105263158,0.1
0.8381120423467138,0.0388178209086899,0.020732245258050286,0.1023378914865461
0.8325971731448764,0.04107773851590106,0.021643109540636044,0.10468197879858657
0.8341441839893853,0.04201680672268908,0.022556390977443608,0.10128261831048209
0.8329581269698334,0.044574515983791085,0.02341287708239532,0.09905447996398019
0.8366533864541833,0.043824701195219126,0.023461708720672863,0.09606020362992475
0.8391670358883474,0.0407620735489588,0.026140894993354008,0.09392999556933983
0.8412343470483006,0.038461538461538464,0.029069767441860465,0.09123434704830054
0.8462218294299603,0.03844454264250994,0.026513477684489615,0.08882015024304021
0.8452696728558797,0.038461538461538464,0.02564102564102564,0.09062776304155615
0.8459161147902869,0.03576158940397351,0.026931567328918323,0.0913907284768212
0.8421516754850088,0.03791887125220458,0.028659611992945325,0.09126984126984126
0.8438331854480923,0.03460514640638864,0.027950310559006212,0.09361135758651287
0.8433628318584071,0.03805309734513274,0.02831858407079646,0.09026548672566372
0.8436669619131976,0.037643932683790966,0.02878653675819309,0.08990256864481842
0.8430413517118719,0.03823921742996887,0.029346376167185415,0.08937305469097377
0.8389261744966443,0.038926174496644296,0.02774049217002237,0.09440715883668904
0.844335414808207,0.0383586083853702,0.028991971454058876,0.08831400535236396
0.8467741935483871,0.036738351254480286,0.030017921146953404,0.08646953405017921
0.8473824312333629,0.0354924578527063,0.030612244897959183,0.0865128660159716
0.8463587921847247,0.034191829484902306,0.03063943161634103,0.08880994671403197
0.8455068614431164,0.033200531208499334,0.027888446215139442,0.0934041611332448
0.8461195361284567,0.031222123104371096,0.030776092774308653,0.09188224799286351
0.8476614699331848,0.030289532293986638,0.031180400890868598,0.09086859688195992
0.8446687143483984,0.031154014918824045,0.03203159280386134,0.09214567792891619
0.8493518104604381,0.029503799731783638,0.03263299061242736,0.08851139919535092
0.8479820627802691,0.02914798206278027,0.033183856502242155,0.08968609865470852
0.8506666666666667,0.030222222222222223,0.032,0.08711111111111111
0.8543603364320496,0.029659141212926073,0.02877379371403276,0.08720672864099159
0.8600531443755536,0.02612931798051373,0.027015057573073518,0.08680248007085917
0.8558160106147722,0.026094648385670056,0.026536930561698365,0.09155241043785936
0.8520971302428256,0.0282560706401766,0.024724061810154525,0.09492273730684327
0.8521624007060901,0.028684907325684024,0.025154457193292144,0.0939982347749338
0.8544973544973545,0.02601410934744268,0.02513227513227513,0.09435626102292768
0.8517849073655671,0.028016267510167194,0.025756891098056935,0.09444193402620876
0.8542600896860987,0.028699551569506727,0.0242152466367713,0.09282511210762331
0.8545941123996432,0.028991971454058876,0.02408563782337199,0.09232827832292596
0.8553627058299955,0.030262572318647086,0.024477080551846907,0.08989764129951046
0.8551236749116607,0.030477031802120143,0.024734982332155476,0.0896643109540636
0.8548672566371681,0.030530973451327433,0.025221238938053097,0.08938053097345133
0.8502673796791443,0.03208556149732621,0.024509803921568627,0.09313725490196079
0.8452328159645233,0.03547671840354767,0.027937915742793792,0.09135254988913526
0.8455357142857143,0.034375,0.027232142857142858,0.09285714285714286
0.8425022182786158,0.032830523513753325,0.02839396628216504,0.09627329192546584
0.8389084507042254,0.03301056338028169,0.029049295774647887,0.09903169014084508
0.8425925925925926,0.031746031746031744,0.027777777777777776,0.09788359788359788
0.8454627133872417,0.032794249775381853,0.02605570530098832,0.09568733153638814
0.8456078083407276,0.03194321206743567,0.027062999112688554,0.09538598047914817
0.8439841339797267,0.035698545614808286,0.02908770383428823,0.09122961657117673
0.8504216600088771,0.03462050599201065,0.02796271637816245,0.08699511762094984
0.850940017905103,0.03715308863025962,0.02864816472694718,0.08325872873769025
0.8507194244604317,0.0368705035971223,0.03012589928057554,0.0822841726618705
0.8540829986613119,0.035698348951361,0.028112449799196786,0.0821062025881303
0.8543516873889876,0.03596802841918295,0.02664298401420959,0.0830373001776199
0.8507992895204263,0.03685612788632327,0.02930728241563055,0.0830373001776199
0.8493333333333334,0.03688888888888889,0.028888888888888888,0.08488888888888889
0.8549176680017802,0.03471295060080107,0.029817534490431688,0.08055184690698709
0.8572695035460993,0.034131205673758866,0.027925531914893616,0.08067375886524823
0.8622082585278277,0.033662477558348294,0.02827648114901257,0.07585278276481149
0.8622516556291391,0.032671081677704196,0.027373068432671083,0.07770419426048565
0.8575209528010587,0.03484781649757389,0.02690780767534186,0.08072342302602559
0.8582188746123173,0.034559149313247675,0.026140894993354008,0.08108108108108109
0.86101243339254,0.034191829484902306,0.02486678507992895,0.07992895204262877
0.8608385370205174,0.03389830508474576,0.024977698483496878,0.08028545941123996
0.8648648648648649,0.030571555161719097,0.023482498892334957,0.08108108108108109
0.8610735227785296,0.03112313937753721,0.02390617952187641,0.08389715832205684
0.8684444444444445,0.030222222222222223,0.022222222222222223,0.0791111111111111
0.866696191319752,0.030558015943312665,0.023029229406554472,0.07971656333038087
0.8711385701676964,0.02824360105913504,0.022506619593998235,0.07811120917917035
0.8649006622516556,0.030022075055187638,0.02384105960264901,0.08123620309050773
0.8653675819309123,0.0283436669619132,0.025243578387953942,0.08104517271922054
0.8640604175921812,0.028876055086628164,0.02665482007996446,0.08040870724122612
0.8661971830985915,0.027288732394366196,0.027288732394366196,0.07922535211267606
0.8673469387755102,0.031055900621118012,0.024401064773735583,0.0771960958296362
0.866079295154185,0.03127753303964758,0.025110132158590308,0.07753303964757709
0.8608772707133363,0.03190075321222862,0.027470093043863535,0.07975188303057155
0.8609885260370698,0.030450132391879964,0.025154457193292144,0.08340688437775816
0.8592168939727233,0.029036515618125824,0.027276726792784867,0.08446986361636603
0.8594306049822064,0.03069395017793594,0.027580071174377226,0.08229537366548043
0.8609005795809184,0.03165403477485511,0.02719572001783326,0.08024966562639323
0.8635749662314273,0.030166591625393965,0.028815848716794237,0.07744259342638452
0.860663082437276,0.030913978494623656,0.030017921146953404,0.07840501792114696
0.857397504456328,0.03297682709447415,0.0285204991087344,0.08110516934046345
0.8603006189213086,0.03227232537577365,0.029177718832891247,0.07824933687002653
0.856953642384106,0.030022075055187638,0.02913907284768212,0.08388520971302428
0.8551111111111112,0.028444444444444446,0.029777777777777778,0.08666666666666667
0.8478357875948237,0.02989736724676484,0.03257474341811691,0.08969210174029452
0.8488475177304965,0.027925531914893616,0.034574468085106384,0.08865248226950355
0.8539076376554174,0.027531083481349913,0.03507992895204263,0.08348134991119005
0.8526176858776947,0.026836779586449627,0.03343598768147822,0.08710954685437748
0.855935971542908,0.02712316585148955,0.03201422854602046,0.08492663405958203
0.8602678571428571,0.02544642857142857,0.032589285714285716,0.08169642857142857
0.8578993821712269,0.02824360105913504,0.030450132391879964,0.08340688437775816
0.8608657243816255,0.029151943462897525,0.029151943462897525,0.08083038869257951
0.8603104212860311,0.02926829268292683,0.02926829268292683,0.0811529933481153
0.8596881959910914,0.031180400890868598,0.028953229398663696,0.0801781737193764
0.858980044345898,0.031042128603104215,0.03015521064301552,0.07982261640798226
0.8614564831261101,0.03241563055062167,0.02930728241563055,0.07682060390763766
0.8639000446229362,0.03257474341811691,0.028112449799196786,0.07541276215975011
0.8616268788682582,0.034482758620689655,0.026525198938992044,0.07736516357206012
0.8597883597883598,0.03527336860670194,0.023809523809523808,0.08112874779541446
0.8589687086822388,0.03613926840017629,0.023358307624504186,0.08153371529308065
0.8622994652406417,0.034759358288770054,0.022727272727272728,0.08021390374331551
0.8668730650154799,0.03184431667403804,0.022556390977443608,0.07872622733303848
0.8630259623992838,0.03267681289167413,0.022829006266786033,0.08146821844225605
0.8640213999108337,0.030762371823450735,0.022737405260811413,0.08247882300490414
0.8614564831261101,0.03108348134991119,0.023090586145648313,0.08436944937833037
0.8608042421564295,0.028722934158197082,0.022536456031816175,0.08793636765355722
0.8620071684587813,0.030017921146953404,0.021953405017921146,0.08602150537634409
0.8633348076072535,0.03184431667403804,0.021671826625386997,0.08314904909332153
0.8629531388152077,0.03050397877984085,0.022546419098143235,0.08399646330680813
0.8651183564091112,0.030370701205895488,0.021438142027690933,0.08307280035730237
0.8685258964143426,0.02611775121735281,0.02036299247454626,0.0849933598937583
0.8699910952804987,0.027604630454140695,0.020035618878005344,0.0823686553873553
0.8670236501561803,0.027666220437304774,0.020972780008924587,0.08433734939759036
0.8678571428571429,0.027678571428571427,0.020535714285714286,0.08392857142857142
0.8646017699115044,0.028761061946902654,0.02256637168141593,0.084070796460177
0.8633928571428572,0.029910714285714287,0.022767857142857142,0.08392857142857142
0.8647450110864745,0.029711751662971176,0.024390243902439025,0.0811529933481153
0.8640991589198761,0.02877379371403276,0.023461708720672863,0.08366533864541832
0.8647686832740213,0.029804270462633453,0.024466192170818506,0.0809608540925267
0.8630926007975188,0.03145768719539211,0.024811696942844484,0.08063801506424458
0.8596570397111913,0.03429602888086643,0.023014440433212997,0.08303249097472924
0.8626226583407671,0.03256021409455843,0.02408563782337199,0.08073148974130241
0.8639575971731449,0.03312720848056537,0.022968197879858657,0.0799469964664311
0.8604651162790697,0.03398926654740608,0.024150268336314847,0.08139534883720931
0.8628062360801781,0.030289532293986638,0.026726057906458798,0.0801781737193764
0.8617021276595744,0.03235815602836879,0.026595744680851064,0.07934397163120567
0.8617163183637172,0.03156958648288128,0.02712316585148955,0.07959092930191196
0.8611111111111112,0.033154121863799284,0.026881720430107527,0.07885304659498207
0.8648049645390071,0.034131205673758866,0.024822695035460994,0.07624113475177305
0.8621908127208481,0.0353356890459364,0.024734982332155476,0.07773851590106007
0.8627537511032657,0.03574580759046778,0.026037069726390114,0.07546337157987644
0.8574590526781762,0.033643204957945996,0.027445772465692783,0.08145196989818504
0.8596724214254094,0.03231518370960602,0.029216467463479414,0.0787959274015051
0.8566978193146417,0.03382287494437027,0.029372496662216287,0.0801068090787717
0.8556101922217255,0.033080017881090745,0.027715690657130084,0.08359409924005365
0.8577092511013216,0.03171806167400881,0.02907488986784141,0.08149779735682819
0.8583406884377758,0.032215357458075904,0.02912621359223301,0.08031774051191527
0.8558836491846629,0.03393565447333627,0.029528426619656236,0.08065226972234464
0.8575892857142857,0.03526785714285714,0.027678571428571427,0.07946428571428571
0.8659929701230229,0.0320738137082601,0.028558875219683654,0.07337434094903339
0.8702051739518287,0.028991971454058876,0.027653880463871544,0.07314897413024085
0.8710247349823321,0.030035335689045935,0.02782685512367491,0.071113074204947
0.8703950288504216,0.03151353750554816,0.02929427430093209,0.06879715934309809
0.8749443702714731,0.03115264797507788,0.027592345349354695,0.06631063640409435
0.8709677419354839,0.03225806451612903,0.029606716747680072,0.06716747680070703
0.8725490196078431,0.03208556149732621,0.028966131907308377,0.06639928698752229
0.8708961845607809,0.03327417923691216,0.027950310559006212,0.06787932564330079
0.8684797146678556,0.03611234953187695,0.029424877396344182,0.06598305840392332
0.8695846359982135,0.034836980794997766,0.029477445288075034,0.06610093791871371
0.8738977072310405,0.033950617283950615,0.027336860670194002,0.06481481481481481
0.8722172751558326,0.03695458593054319,0.02804986642920748,0.06277827248441674
0.870353982300885,0.03893805309734513,0.026991150442477876,0.06371681415929203
0.8728888888888889,0.04,0.027555555555555555,0.059555555555555556
0.8737821080602303,0.03720106288751107,0.024800708591674048,0.06421612046058459
0.8686823104693141,0.03564981949458484,0.026624548736462094,0.06904332129963899
0.8685739830129638,0.03665623603039785,0.02548055431381314,0.06928922664282522
0.8691215616681455,0.03593611357586513,0.025288376220053237,0.06965394853593611
0.8681022880215343,0.036787797218483624,0.024226110363391656,0.0708838043965904
0.8693733451015004,0.037069726390114736,0.02471315092674316,0.06884377758164166
0.8693913816081742,0.037316748111950244,0.023989338071968014,0.0693025322079076
0.877496671105193,0.03151353750554816,0.022192632046160676,0.06879715934309809
0.8790864308105687,0.03090013434841021,0.02239140170174653,0.06762203313927452
0.883214920071048,0.03063943161634103,0.023978685612788632,0.06216696269982238
0.8825088339222615,0.02959363957597173,0.024734982332155476,0.06316254416961131
0.8776690391459074,0.03069395017793594,0.025355871886120998,0.06628113879003558
0.8745063624396665,0.03290917068889864,0.02632733655111891,0.06625713032031592
0.8720568636161706,0.037316748111950244,0.028876055086628164,0.061750333185251
0.8732014388489209,0.03732014388489208,0.02877697841726619,0.06070143884892086
0.8777876895628903,0.03479036574487065,0.028545941123996433,0.058876003568242644
0.8765652951699463,0.0353309481216458,0.027728085867620753,0.06037567084078712
0.8818302976454909,0.03287427809862283,0.027543314082629944,0.05775211017325633
0.8799466429524233,0.03468208092485549,0.027567807914628723,0.057803468208092484
0.8871252204585538,0.03130511463844797,0.02821869488536155,0.05335097001763668
0.8820150243040212,0.03093239063190455,0.03137428192664605,0.05567830313742819
0.8806036395916556,0.03195739014647137,0.031069684864624945,0.056369285397248114
0.8817345597897503,0.031099430573806396,0.0319754708716601,0.05519053876478318
0.881858407079646,0.030530973451327433,0.03185840707964602,0.05575221238938053
0.8788146837682441,0.033171163202122954,0.03272888102609465,0.055285272003538256
0.8812965396408234,0.03153745072273324,0.030223390275952694,0.05694261936049058
0.879592740150509,0.03054448871181939,0.03098716246126605,0.05887560867640549
0.8793791574279379,0.031042128603104215,0.029711751662971176,0.0598669623059867
0.8800721370604148,0.032461677186654644,0.028403967538322812,0.059062218214607755
0.8853109836788707,0.033083370092633436,0.025584472871636524,0.056021173356859286
0.8874555160142349,0.03291814946619217,0.026245551601423486,0.05338078291814947
0.8848857644991213,0.03471001757469244,0.028119507908611598,0.05228471001757469
0.8903566710700133,0.031704095112285335,0.02686041391457508,0.05107881990312638
0.8878048780487805,0.032815964523281595,0.0270509977827051,0.05232815964523282
0.8909492273730685,0.03090507726269316,0.024724061810154525,0.053421633554083886
0.88706091596265,0.030680302356602934,0.026678523788350377,0.05558025789239662
0.8893315626383356,0.027003098716246128,0.025675077467906152,0.05799026117751217
0.8905494505494506,0.026813186813186812,0.025934065934065935,0.056703296703296706
0.8920353982300885,0.02566371681415929,0.026106194690265486,0.05619469026548673
0.889532293986637,0.027616926503340758,0.025835189309576838,0.057015590200445436
0.8938053097345132,0.025221238938053097,0.023451327433628318,0.05752212389380531
0.8950424296560965,0.02590442161679321,0.022331397945511387,0.056721750781598926
0.901813356921716,0.02344095532950022,0.021229544449358692,0.053516143299425036
0.8964589870013447,0.02510085163603765,0.021963245181532944,0.05647691618108472
0.9018214127054642,0.02576632607729898,0.019102621057307864,0.05330964015992892
0.901060070671378,0.026501766784452298,0.02075971731448763,0.05167844522968198
0.902265659706797,0.02576632607729898,0.02221235006663705,0.04975566414926699
0.9032401242787395,0.02529960053262317,0.023524189968930315,0.047936085219707054
0.9036839769196626,0.02529960053262317,0.022192632046160676,0.048823790501553485
0.8991596638655462,0.026094648385670056,0.022998673153471916,0.05174701459531181
0.8985637342908438,0.026929982046678635,0.02199281867145422,0.05251346499102334
0.8949227373068432,0.0282560706401766,0.023399558498896248,0.053421633554083886
0.8919397697077059,0.030558015943312665,0.023914968999114262,0.05358724534986714
0.8887417218543047,0.03443708609271523,0.023399558498896248,0.053421633554083886
0.8811438784629133,0.03708668453976765,0.025022341376228777,0.05674709562109026
0.8871039714413208,0.035252119589468986,0.0249888442659527,0.052655064703257475
0.8856266432953549,0.035056967572304996,0.025416301489921123,0.05390008764241893
0.8816725978647687,0.03558718861209965,0.026245551601423486,0.056494661921708184
0.8842572062084257,0.03325942350332594,0.027494456762749447,0.054988913525498895
0.8874230430958663,0.030343007915567283,0.026385224274406333,0.055848724714160074
0.884377758164166,0.03177405119152692,0.026919682259488084,0.05692850838481906
0.8819320214669052,0.03175313059033989,0.02817531305903399,0.05813953488372093
0.8864840989399293,0.030477031802120143,0.02517667844522968,0.05786219081272085
0.8853109836788707,0.02999558888398765,0.0282311424790472,0.0564622849580944
0.8800884955752213,0.03185840707964602,0.02920353982300885,0.058849557522123896
0.8781028368794326,0.034574468085106384,0.03102836879432624,0.05629432624113475
0.8786797502230151,0.03568242640499554,0.028991971454058876,0.056645851917930416
0.881491344873502,0.033288948069241014,0.030181979582778518,0.05503772747447847
0.8824306472919419,0.03258476442095993,0.030823425803610745,0.05416116248348745
0.8779405237461163,0.03417665335108744,0.031069684864624945,0.056813138038171326
0.8811312417145383,0.03314184710561202,0.03137428192664605,0.054352629253203714
0.8818620992534036,0.033816425120772944,0.032498902064119456,0.051822573561704
0.8820124666073018,0.034728406055209264,0.03250222617987533,0.05075690115761353
0.8762615182097411,0.03729706011408512,0.03247038174637999,0.05397103992979377
0.8741750989881214,0.03915530136383634,0.029916410030796304,0.05675318961724593
0.8780918727915195,0.038869257950530034,0.030477031802120143,0.05256183745583039
0.8767184035476718,0.04124168514412417,0.031929046563192905,0.050110864745011086
0.8826164874551972,0.041666666666666664,0.025537634408602152,0.05017921146953405
0.8885421310744539,0.03789567543468569,0.024074899687917966,0.049487293802942485
0.8862328463922089,0.03718459495351926,0.027445772465692783,0.049136786188579015
0.8840707964601769,0.03716814159292035,0.02743362831858407,0.05132743362831858
0.8829550511793502,0.036048064085447265,0.029372496662216287,0.0516243880729862
0.8795394154118689,0.03675819309123118,0.0283436669619132,0.05535872453498671
0.880107768298159,0.03547373147732375,0.03188145487202514,0.052537045352492144
0.8877459749552773,0.03309481216457961,0.03130590339892665,0.04785330948121646
0.8859920459566947,0.03225806451612903,0.029606716747680072,0.05214317277949625
0.8794483985765125,0.03336298932384341,0.03069395017793594,0.056494661921708184
0.8771773112996873,0.03662349263063868,0.03126395712371594,0.05493523894595802
0.8785046728971962,0.036048064085447265,0.029817534490431688,0.05562972852692479
0.8766032728881026,0.03803626713843432,0.03007518796992481,0.055285272003538256
0.8736190897039329,0.040653999116217414,0.030048608042421564,0.05567830313742819
0.8704113224237063,0.04201680672268908,0.03007518796992481,0.05749668288367979
0.8699115044247787,0.04336283185840708,0.029646017699115044,0.05707964601769912
