R,A,S,N
1.0,0.0,0.0,0.0
0.4,0.0,0.4,0.2
0.45454545454545453,0.0,0.36363636363636365,0.18181818181818182
0.3125,0.0,0.4375,0.25
0.3103448275862069,0.0,0.41379310344827586,0.27586206896551724
0.3,0.0,0.4,0.3
0.3333333333333333,0.027777777777777776,0.3611111111111111,0.2777777777777778
0.35185185185185186,0.027777777777777776,0.2962962962962963,0.32407407407407407
0.36129032258064514,0.03225806451612903,0.2903225806451613,0.3161290322580645
0.3581395348837209,0.037209302325581395,0.2744186046511628,0.3302325581395349
0.35986159169550175,0.04498269896193772,0.28027681660899656,0.314878892733564
0.36033519553072624,0.0446927374301676,0.2737430167597765,0.32122905027932963
0.35462555066079293,0.05726872246696035,0.2621145374449339,0.32599118942731276
0.343804537521815,0.06108202443280977,0.26527050610820246,0.3298429319371728
0.3472622478386167,0.056195965417867436,0.260806916426513,0.3357348703170029
0.3431013431013431,0.05616605616605617,0.24664224664224665,0.3540903540903541
0.3281573498964803,0.057971014492753624,0.2525879917184265,0.3612836438923395
0.3188798554652213,0.06413730803974707,0.24661246612466126,0.37037037037037035
0.3139442231075697,0.07091633466135458,0.2398406374501992,0.3752988047808765
0.3063623789764869,0.07053941908713693,0.2392807745504841,0.38381742738589214
0.3039647577092511,0.0736312146003776,0.2328508495909377,0.38955317809943363
0.2937103289094057,0.08193883439122908,0.23831506058857474,0.38603577611079054
0.291889007470651,0.0912486659551761,0.23479188900747064,0.3820704375667022
0.29314657328664334,0.09154577288644322,0.23311655827913957,0.38219109554777386
0.2912621359223301,0.09271844660194174,0.2354368932038835,0.38058252427184464
0.28711943793911004,0.09742388758782201,0.234192037470726,0.3812646370023419
0.2840646651270208,0.10023094688221709,0.23418013856812933,0.3815242494226328
0.29046967624259007,0.09895120839033288,0.22982216142270862,0.3807569539443684
0.28424350940017906,0.09937332139659803,0.2305282005371531,0.38585496866606983
0.2866696388765047,0.09585376727596968,0.23049487293802942,0.38698172090949623
0.28160143949617633,0.09671614934772829,0.23346828609986506,0.3882141250562303
0.2736098852603707,0.10238305383936452,0.2294792586054722,0.39452780229479256
0.27523343708314807,0.10404624277456648,0.22632281013783903,0.3943975100044464
0.27015057573073514,0.10850310008857396,0.2267493356953056,0.39459698848538527
0.27525363917071016,0.1133656815174239,0.22496691662990737,0.38641376268195854
0.2723684210526316,0.11885964912280701,0.22324561403508772,0.38552631578947366
0.27049539675580886,0.11354669004822446,0.22928540113985094,0.38667251205611575
0.2704485488126649,0.11521547933157432,0.22735268249780125,0.38698328935795956
0.2757867132867133,0.1131993006993007,0.22465034965034966,0.38636363636363635
0.27906976744186046,0.11978938130759105,0.22465993856954805,0.3764809126810004
0.27474923680767555,0.11382468382032272,0.23331879633667685,0.3781072830353249
0.27344434706397897,0.1165644171779141,0.23137598597721298,0.37861524978089395
0.2748794388426129,0.11617711530030689,0.22840859272249014,0.38053485313459007
0.26815398075240593,0.1137357830271216,0.23009623797025372,0.3880139982502187
0.2661361626878868,0.11273209549071618,0.23474801061007958,0.3863837312113174
0.2634836427939876,0.11405835543766578,0.23651635720601238,0.3859416445623342
0.2641014429383472,0.1114997813729777,0.2365544381285527,0.38784433756012243
0.2682602921646746,0.1133244798583444,0.23107569721115537,0.3873395307658256
0.2610989010989011,0.11076923076923077,0.23692307692307693,0.3912087912087912
0.263042525208242,0.11135466900482245,0.24156071898290224,0.38404208680403334
0.27196467991169976,0.10949227373068433,0.23222958057395143,0.38631346578366443
0.261978021978022,0.10593406593406593,0.24307692307692308,0.389010989010989
0.26067811536767943,0.10347864376926465,0.24350506384852488,0.39233817701453105
0.26054481546572933,0.09885764499121265,0.2539543057996485,0.3866432337434095
0.2615182097411145,0.10267661254936375,0.25142606406318563,0.3843791136463361
0.2602558447287164,0.105866784296427,0.24702249669166298,0.38685487428319365
0.2530647985989492,0.11077057793345009,0.2521891418563923,0.3839754816112084
0.2588183421516755,0.11022927689594356,0.2517636684303351,0.37918871252204583
0.25859030837004404,0.10969162995594714,0.252863436123348,0.3788546255506608
0.2533097969991174,0.11562224183583407,0.24889673433362755,0.382171226831421
0.25396825396825395,0.11375661375661375,0.24911816578483245,0.38315696649029984
0.25265486725663716,0.11150442477876106,0.25088495575221237,0.38495575221238937
0.25620915032679736,0.10544662309368191,0.25315904139433554,0.3851851851851852
0.2503311258278146,0.10949227373068433,0.25342163355408387,0.38675496688741723
0.24736379613356765,0.10852372583479789,0.2504393673110721,0.3936731107205624
0.24934497816593887,0.11004366812227075,0.2554585152838428,0.3851528384279476
0.25011027790030876,0.11557123952359948,0.24658138509042787,0.3877370974856639
0.2498903989478299,0.11530030688294608,0.2507672073651907,0.38404208680403334
0.24845814977973568,0.10881057268722467,0.24493392070484582,0.39779735682819384
0.24714160070360597,0.11565523306948108,0.24406332453825857,0.39313984168865435
0.24878907970057243,0.11933069132540731,0.24438573315719947,0.38749449581682077
0.2507699076110867,0.12318521777386714,0.23845138583369996,0.38759348878134625
0.25692916849978004,0.12186537615486141,0.2344918609766828,0.38671359436867575
0.26403508771929823,0.12192982456140351,0.23596491228070177,0.3780701754385965
0.2664618086040386,0.11764705882352941,0.2414398595258999,0.37445127304653203
0.27042628774422733,0.11767317939609236,0.22868561278863234,0.38321492007104796
0.26591107236268524,0.11944202266782912,0.23757628596338273,0.3770706190061029
0.2732481269281622,0.11679153812252094,0.23093873953283384,0.37902159541648306
0.2669039145907473,0.11832740213523131,0.23220640569395018,0.38256227758007116
0.27060379021595415,0.11855442926399296,0.2265315116791538,0.3843102688408991
0.26548672566371684,0.12433628318584071,0.22831858407079647,0.381858407079646
0.2678260869565217,0.12739130434782608,0.22434782608695653,0.3804347826086957
0.27184035476718404,0.12771618625277162,0.2261640798226164,0.3742793791574279
0.27952233524988945,0.12958867757629366,0.22158337019018134,0.36930561698363557
0.28495339547270304,0.12339103417665336,0.2210386151797603,0.3706169551708833
0.28431808085295424,0.12261217236783652,0.23011994669035984,0.3629498000888494
0.28835164835164834,0.12571428571428572,0.22417582417582418,0.3617582417582418
0.28526924788607033,0.12416555407209613,0.22207387627948375,0.3684913217623498
0.27740492170022374,0.12348993288590604,0.22818791946308725,0.370917225950783
0.2781954887218045,0.11808934099955772,0.23175586023883238,0.37195931003980537
0.2730836236933798,0.11890243902439024,0.23257839721254356,0.37543554006968644
0.27534965034965037,0.11363636363636363,0.229020979020979,0.381993006993007
0.27104451300132215,0.11502864698104892,0.23270163067430585,0.38122520934332305
0.2696678321678322,0.11538461538461539,0.23076923076923078,0.38417832167832167
0.27004405286343613,0.11938325991189427,0.22951541850220264,0.381057268722467
0.2693484914735461,0.12418014866637517,0.22824661128115434,0.37822474857892435
0.2613835376532399,0.12390542907180385,0.23555166374781086,0.37915936952714535
0.2708793636765356,0.12284577993813522,0.22801590808661068,0.37825894829871853
0.2740871095468544,0.12758468983721954,0.22877254729432467,0.3695556533216014
0.2752091589608102,0.12549537648612946,0.23029502421840597,0.36900044033465434
0.27835951134380454,0.1243455497382199,0.2342931937172775,0.36300174520069806
0.2725274725274725,0.12747252747252746,0.23516483516483516,0.3648351648351648
0.276558384547849,0.12554872695346794,0.23353819139596138,0.36435469710272167
0.2765301629238221,0.12813738441215325,0.23249669749009247,0.3628357551739322
0.2754385964912281,0.1337719298245614,0.2267543859649123,0.36403508771929827
0.27649367640645445,0.13257740950719582,0.22328826864369822,0.36764064544265157
0.275635407537248,0.13672217353198948,0.22743207712532865,0.3602103418054338
0.27119396360408343,0.14380825565912117,0.22503328894806923,0.35996449178872614
0.27034120734908135,0.14698162729658792,0.2283464566929134,0.3543307086614173
0.2736098852603707,0.14298323036187113,0.22859664607237423,0.35481023830538394
0.27541998231653403,0.14500442086648982,0.22723253757736517,0.35234305923961096
0.2710686359687228,0.14639443961772372,0.2215464813205908,0.36099044309296263
0.27382012466607303,0.14692787177203917,0.21861086375779162,0.3606411398040962
0.2732919254658385,0.1481810115350488,0.2191659272404614,0.3593611357586513
0.2647702407002188,0.1536105032822757,0.2210065645514223,0.36061269146608316
0.26745718050065875,0.1510759771629337,0.22485726833552921,0.35660957400087834
0.2715724923346474,0.15155497152869032,0.21944809461235218,0.35742444152431013
0.2677861246133451,0.15422006186478127,0.21696862571807335,0.3610251878038003
0.26490066225165565,0.1576158940397351,0.21810154525386313,0.35938189845474616
0.26791141988710376,0.15979157620495008,0.2188449848024316,0.35345201910551455
0.2646288209606987,0.15938864628820962,0.21965065502183406,0.3563318777292576
0.2631118881118881,0.1652097902097902,0.21853146853146854,0.3531468531468531
0.26486013986013984,0.16477272727272727,0.21547202797202797,0.3548951048951049
0.26500219010074466,0.16644765659220323,0.21594393342093737,0.35260621988611474
0.27313167259786475,0.1659252669039146,0.21263345195729538,0.34830960854092524
0.2690423162583519,0.1706013363028953,0.20979955456570157,0.35055679287305125
0.27076923076923076,0.1723076923076923,0.21274725274725276,0.34417582417582415
0.27415828596414515,0.1674682990817665,0.20682116309575863,0.35155225185832967
0.2634836427939876,0.17418213969938107,0.20866489832007074,0.3536693191865606
0.2650442477876106,0.1743362831858407,0.21017699115044247,0.3504424778761062
0.2679509632224168,0.17294220665499124,0.21103327495621715,0.3480735551663748
0.2674520069808028,0.1775741710296684,0.20287958115183247,0.35209424083769636
0.27512066695919263,0.17463799912242212,0.19964896884598507,0.35059236507240016
0.2759982448442299,0.17332163229486616,0.20491443615620886,0.34576568670469504
0.27939876215738285,0.16931918656056588,0.20866489832007074,0.34261715296198053
0.2770448548812665,0.16666666666666666,0.20844327176781002,0.34784520668425684
0.276623950508175,0.16836058329650905,0.2138753866548829,0.34114007954043307
0.27699736611062337,0.17208077260755048,0.21597892888498682,0.3349429323968393
0.2747924858016601,0.17038007863695936,0.21363040629095675,0.3411970292704238
0.27480245829675154,0.1742756804214223,0.21685689201053557,0.3340649692712906
0.27973568281938327,0.17444933920704847,0.21277533039647578,0.33303964757709253
0.2851441241685144,0.17339246119733925,0.21374722838137472,0.3277161862527716
0.28433098591549294,0.17473591549295775,0.21170774647887325,0.32922535211267606
0.28753292361720806,0.17866549604916593,0.2115891132572432,0.3222124670763828
0.2856516015796402,0.1807810443176832,0.2062308029837648,0.3273365511189118
0.28741721854304636,0.1814569536423841,0.211037527593819,0.3200883002207506
0.28520971302428255,0.17836644591611478,0.2088300220750552,0.3275938189845475
0.2867163524769838,0.17623849188952215,0.2073651907058308,0.3296799649276633
0.2897727272727273,0.1756993006993007,0.2111013986013986,0.32342657342657344
0.2899955927721463,0.16835610401057735,0.21330982811811372,0.32833847509916264
0.28520971302428255,0.17262693156732892,0.21810154525386313,0.3240618101545254
0.28098808998676666,0.1835024261138068,0.21879135421261578,0.3167181296868108
0.2812637121544537,0.18473014480035102,0.21237384817902588,0.3216322948661694
0.2875874125874126,0.18225524475524477,0.21416083916083917,0.3159965034965035
0.27982456140350875,0.17982456140350878,0.22280701754385965,0.3175438596491228
0.27232341181697023,0.18347401155042203,0.22256774766770324,0.3216348289649045
0.278580814717477,0.1765221200175208,0.21769601401664476,0.3272010512483574
0.2784365393061045,0.1756697408871322,0.2147562582345191,0.33113746157224416
0.27964601769911507,0.1747787610619469,0.21238938053097345,0.3331858407079646
0.27701808557565066,0.17556241729157476,0.21570357300397,0.3317159241288046
0.2759078830823738,0.17493356953055803,0.22143489813994685,0.32772364924712133
0.2755102040816326,0.17701863354037267,0.21694764862466726,0.3305235137533274
0.2777777777777778,0.17680776014109348,0.21781305114638447,0.32760141093474426
0.2775330396475771,0.18722466960352424,0.21101321585903085,0.32422907488986785
0.2740871095468544,0.19049714034315882,0.2089749230092389,0.3264408271007479
0.27626285203397405,0.18283415288332588,0.21054984354045597,0.3303531515422441
0.2789775231379462,0.1745262230057294,0.21330982811811372,0.33318642573821067
0.2778753292361721,0.18173836698858647,0.21290605794556627,0.32748024582967517
0.27445772465692786,0.18592297476759628,0.2107127047366091,0.3289065958388668
0.2778023925564909,0.18741692512184316,0.20779796189632255,0.3269827204253434
0.2747156605424322,0.18678915135608049,0.2125984251968504,0.3258967629046369
0.28109995635093843,0.18769096464426016,0.2112614578786556,0.3199476211261458
0.2798390701832812,0.18819848010728654,0.2096557890031292,0.3223066607063031
0.27994734532689775,0.18473014480035102,0.21632294866169371,0.3189995612110575
0.2762114537444934,0.18766519823788547,0.21145374449339208,0.3246696035242291
0.27415828596414515,0.19282903366856144,0.21119370354175776,0.3218189768255356
0.2700087950747581,0.19349164467897978,0.21284080914687775,0.32365875109938436
0.27807017543859647,0.19166666666666668,0.2057017543859649,0.32456140350877194
0.26587301587301587,0.1948853615520282,0.2138447971781305,0.3253968253968254
0.26433260393873087,0.19912472647702406,0.20787746170678337,0.32866520787746173
0.2732049036777583,0.19308231173380036,0.20709281961471104,0.3266199649737303
0.2754069511658601,0.1913770347558293,0.20941487021557414,0.32380114386273645
0.27391874180865006,0.19178680646570556,0.20969855832241152,0.32459589340323286
0.2775098640946953,0.19289785181937746,0.20824199912319158,0.32135028496273566
0.2776315789473684,0.18859649122807018,0.20701754385964913,0.3267543859649123
0.2798605056669573,0.1891891891891892,0.2066259808195292,0.32432432432432434
0.2765673632725656,0.19164072921298356,0.2054246331702979,0.32636727434415297
0.2759982448442299,0.19262834576568671,0.2088635366388767,0.3225098727512067
0.27439824945295405,0.20087527352297593,0.20350109409190373,0.3212253829321663
0.2710816777041943,0.1969094922737307,0.20838852097130242,0.3236203090507726
0.27204585537918874,0.20105820105820105,0.20855379188712522,0.318342151675485
0.2706866197183099,0.2068661971830986,0.2011443661971831,0.32130281690140844
0.2683355292050944,0.21387790953008345,0.20245937637241984,0.3153271848924023
0.26684397163120566,0.21099290780141844,0.20434397163120568,0.3178191489361702
0.2648482182138143,0.20853497580290364,0.2067751869775627,0.31984161900571934
0.2676678445229682,0.20848056537102475,0.20759717314487633,0.31625441696113077
0.2681095406360424,0.2058303886925795,0.20848056537102475,0.31757950530035334
0.26322751322751325,0.20326278659611993,0.21340388007054673,0.3201058201058201
0.26187363834422656,0.20348583877995643,0.20958605664488017,0.3250544662309368
0.270509977827051,0.2066518847006652,0.20931263858093127,0.31352549889135256
0.26503923278116825,0.20444638186573671,0.21272885789014823,0.3177855274629468
0.2656940760389036,0.20689655172413793,0.20866489832007074,0.3187444739168877
0.26360392506690455,0.20829616413916147,0.2047279214986619,0.32337198929527206
0.2675187307183781,0.2119876597620097,0.20449537241075363,0.31599823710885855
0.2626970227670753,0.2105954465849387,0.20490367775831875,0.32180385288966723
0.2670807453416149,0.2129547471162378,0.20496894409937888,0.3149955634427684
0.2682602921646746,0.21381142098273573,0.2058432934926959,0.31208499335989376
0.25756910925844667,0.21763931548924967,0.20447564721369021,0.3203159280386134
0.2603890362511052,0.21662245800176835,0.20645446507515472,0.3165340406719717
0.2603938730853392,0.21838074398249452,0.20306345733041575,0.31816192560175055
0.2650285212812637,0.21895568231680562,0.20008775778850374,0.31592803861342694
0.26403508771929823,0.218859649122807,0.20175438596491227,0.31535087719298244
0.26117440841367223,0.22042068361086767,0.203330411919369,0.31507449605609117
0.2661965623622741,0.22036139268400176,0.20317320405464961,0.31026884089907447
0.2647702407002188,0.21838074398249452,0.20568927789934355,0.3111597374179431
0.25870427501101806,0.2238871749669458,0.20317320405464961,0.3142353459673865
0.2552724077328647,0.22407732864674867,0.20518453427065025,0.3154657293497364
0.25961963732861565,0.22291021671826625,0.20300751879699247,0.3144626271561256
0.26548672566371684,0.2243362831858407,0.20176991150442478,0.3084070796460177
0.26950043821209463,0.2252410166520596,0.20289219982471515,0.3023663453111306
0.2686762778505898,0.22586282219309742,0.2018348623853211,0.3036260375709917
0.27007943512797883,0.22418358340688438,0.2030008826125331,0.3027360988526037
0.2709705753184014,0.2222222222222222,0.2002635046113307,0.3065436978480457
0.2689075630252101,0.226890756302521,0.19946926138876603,0.30473241928350286
0.27128363475959416,0.22143802382002647,0.19629466254962505,0.3109836788707543
0.27309236947791166,0.2213297634984382,0.19366354306113343,0.3119143239625167
0.2730905861456483,0.21980461811722912,0.19316163410301954,0.313943161634103
0.2697715289982425,0.22144112478031636,0.19068541300527242,0.3181019332161687
0.27522935779816515,0.2162516382699869,0.1926605504587156,0.31585845347313235
0.2699868938401048,0.22324159021406728,0.19222367846221058,0.3145478374836173
0.26748790145182577,0.2234931808183018,0.19093708754949407,0.31808183018037833
0.26897762176393153,0.2268538832821413,0.19131197893813076,0.3128565160157964
0.2680457746478873,0.2205105633802817,0.19190140845070422,0.31954225352112675
0.26420079260237783,0.22545134302069572,0.18934390136503743,0.32100396301188905
0.26264848218213815,0.2234931808183018,0.1891772987241531,0.32468103827540695
0.26136363636363635,0.2263986013986014,0.18356643356643357,0.32867132867132864
0.2603938730853392,0.22450765864332603,0.18687089715536104,0.3282275711159737
0.2660753880266075,0.22527716186252772,0.18492239467849225,0.3237250554323725
0.26132864056313243,0.22261328640563133,0.18785745710514737,0.32820061592608885
0.26054150022192635,0.22192632046160674,0.18819351975144252,0.3293386595650244
0.26520787746170676,0.2175054704595186,0.187308533916849,0.3299781181619256
0.27060379021595415,0.2115469369766417,0.1881886293521375,0.32966064345526663
0.2718150087260035,0.21291448516579406,0.1863001745200698,0.32897033158813266
0.27834593152512227,0.21476211649622054,0.18319253001333927,0.3236994219653179
0.2781456953642384,0.21589403973509932,0.1845474613686534,0.32141280353200885
0.27116402116402116,0.2156084656084656,0.18783068783068782,0.3253968253968254
0.2739244951712028,0.21685689201053557,0.18920105355575065,0.32001755926251096
0.27465723131357805,0.21716054842989826,0.189296771340115,0.3188854489164087
0.26946902654867255,0.21814159292035398,0.1920353982300885,0.32035398230088497
0.2735723771580345,0.21204072598494908,0.19698981850376274,0.31739707835325365
0.2742006132282085,0.21681997371879105,0.19404292597459483,0.3149364870784056
0.2765864332603939,0.21706783369803062,0.20175054704595186,0.30459518599562363
0.2761061946902655,0.21946902654867256,0.2,0.30442477876106194
0.28146853146853146,0.2215909090909091,0.19361888111888112,0.30332167832167833
0.2850262697022767,0.21978984238178634,0.19264448336252188,0.30253940455341505
0.2883002207505519,0.21898454746136867,0.18631346578366445,0.306401766004415
0.2835951134380454,0.2181500872600349,0.19197207678883071,0.306282722513089
0.28234265734265734,0.22115384615384615,0.19055944055944055,0.30594405594405594
0.28236316246741966,0.2219808861859253,0.19244135534317985,0.3032145960034752
0.27998236331569665,0.22883597883597884,0.19223985890652556,0.29894179894179895
0.2831588132635253,0.225130890052356,0.18979057591623036,0.3019197207678883
0.28565179352580927,0.2327209098862642,0.18853893263342084,0.29308836395450566
0.2850177304964539,0.23138297872340424,0.1901595744680851,0.29343971631205673
0.2813321647677476,0.23794916739702016,0.19106047326906223,0.28965819456617004
0.2854656222802437,0.2362924281984334,0.18929503916449086,0.288946910356832
0.291044776119403,0.2344161545215101,0.1865671641791045,0.28797190517998245
0.28779197884530633,0.22917584839136185,0.19039224327897752,0.29263992948435436
0.29181184668989546,0.22952961672473868,0.18858885017421603,0.29006968641114983
0.2900964066608238,0.2326906222611744,0.18492550394390886,0.2922874671340929
0.2881504153913424,0.23261915172715347,0.18976825535636205,0.2894621775251421
0.2956029603831084,0.23117109272964736,0.18676534610361342,0.28646060078363084
0.29530495831505044,0.23036419482229048,0.18297498903027642,0.2913558578323826
0.2999128160418483,0.23321708805579774,0.1826503923278117,0.2842197035745423
0.29634522236900046,0.23425803610744167,0.18626155878467635,0.28313518273888155
0.29411764705882354,0.23219814241486067,0.18841220698805838,0.28527200353825743
0.2886734244160423,0.23314235345967388,0.19215513442044954,0.2860290877038343
0.29470922606034106,0.22780935723655443,0.18976825535636205,0.28771316134674246
0.29476950354609927,0.2322695035460993,0.19193262411347517,0.28102836879432624
0.2979194333776007,0.22841965471447542,0.183709606020363,0.28995130588756085
0.29458740017746227,0.2222715173025732,0.18544809228039041,0.2976929902395741
0.3023358307624504,0.2243278977523138,0.17628911414720141,0.2970471573380344
0.2975824175824176,0.2210989010989011,0.1731868131868132,0.30813186813186816
0.2950530035335689,0.22217314487632508,0.17402826855123674,0.30874558303886923
0.295873573309921,0.21817383669885865,0.1769095697980685,0.3090430201931519
0.29308836395450566,0.2204724409448819,0.17235345581802275,0.31408573928258965
0.28932210899424016,0.22197607443509082,0.17811253876827648,0.31058927780239254
0.28855501546619533,0.22403888643393724,0.1811754308440124,0.30623066725585507
0.2889867841409692,0.21629955947136564,0.1814977973568282,0.313215859030837
0.2839506172839506,0.2191358024691358,0.18606701940035272,0.31084656084656087
0.28426171529619804,0.22458001768346597,0.1724137931034483,0.3187444739168877
0.28856382978723405,0.21852836879432624,0.17331560283687944,0.3195921985815603
0.28615384615384615,0.21186813186813186,0.1731868131868132,0.32879120879120877
0.2877254729432468,0.2111746590409151,0.16981962164540254,0.33128024637043557
0.2833775419982317,0.21441202475685234,0.17418213969938107,0.3280282935455349
0.28546177640300485,0.21564295183384888,0.16747680070702606,0.3314184710561202
0.27917217084984586,0.22104799647732276,0.166446499339498,0.3333333333333333
0.2787102473498233,0.22393992932862192,0.1700530035335689,0.32729681978798586
0.2808641975308642,0.22310405643738976,0.167989417989418,0.328042328042328
0.28167770419426047,0.22207505518763798,0.1673289183222958,0.32891832229580575
0.2848965213562307,0.21400264200792601,0.17084984588287097,0.33025099075297226
0.2835820895522388,0.21685689201053557,0.1681299385425812,0.33143107989464443
0.2860927152317881,0.22472406181015453,0.16379690949227374,0.32538631346578367
0.2894158981115503,0.21958717610891523,0.16205533596837945,0.328941589811155
0.28565121412803535,0.22119205298013245,0.16467991169977925,0.32847682119205296
0.28421052631578947,0.2267543859649123,0.1600877192982456,0.32894736842105265
0.2853942652329749,0.22983870967741934,0.15636200716845877,0.32840501792114696
0.287659200702679,0.22924901185770752,0.16337285902503293,0.3197189284145806
0.2790492957746479,0.2323943661971831,0.16549295774647887,0.3230633802816901
0.28292682926829266,0.23104212860310422,0.164079822616408,0.32195121951219513
0.2724485326325011,0.23477879982479194,0.16206745510293474,0.33070521243977224
0.2759538598047915,0.23336291038154391,0.16282165039929014,0.32786157941437444
0.27639071397284276,0.23477879982479194,0.15943933420937362,0.3293911519929917
0.26981300089047194,0.23330365093499555,0.1616206589492431,0.3352626892252894
0.26610767872903796,0.23433362753751102,0.16019417475728157,0.3393645189761695
0.2647450110864745,0.23503325942350334,0.16186252771618626,0.33835920177383594
0.26929902395740907,0.23646850044365572,0.160603371783496,0.3336291038154392
0.26733977172958734,0.23353819139596138,0.16505706760316066,0.3340649692712906
0.26748790145182577,0.2300923889133304,0.16673999120105587,0.33567971843378797
0.2665482007996446,0.23500666370502,0.16392714349178142,0.334517992003554
0.26136865342163357,0.23399558498896247,0.17306843267108168,0.3315673289183223
0.2611380679311866,0.23114247904719895,0.1768857520952801,0.33083370092633435
0.2584070796460177,0.2331858407079646,0.1827433628318584,0.3256637168141593
0.2576419213973799,0.2406113537117904,0.17510917030567685,0.3266375545851528
0.2545533391153513,0.24544666088464875,0.1782307025151778,0.3217692974848222
0.25543237250554324,0.24124168514412417,0.18004434589800444,0.3232815964523282
0.2572304995617879,0.24233128834355827,0.18141980718667836,0.31901840490797545
0.2536924413553432,0.24239791485664638,0.1841876629018245,0.3197219808861859
0.25486725663716814,0.23716814159292035,0.18672566371681415,0.32123893805309733
0.2598770851624232,0.23661106233538193,0.18129938542581212,0.3222124670763828
0.2695035460992908,0.2322695035460993,0.17907801418439717,0.3191489361702128
0.26817375886524825,0.23448581560283688,0.17154255319148937,0.3257978723404255
0.2740088105726872,0.2343612334801762,0.17400881057268722,0.31762114537444935
0.26724890829694326,0.2423580786026201,0.1777292576419214,0.31266375545851527
0.2696335078534031,0.24389179755671903,0.17844677137870854,0.3080279232111693
0.26982720425343376,0.24147097917589722,0.19007532122286222,0.29862649534780683
0.2728476821192053,0.24370860927152319,0.17969094922737308,0.30375275938189844
0.26889661164205036,0.24283231972198088,0.17767158992180712,0.3105994787141616
0.2734065934065934,0.2413186813186813,0.17934065934065935,0.3059340659340659
0.2751439964554719,0.23836951705804166,0.18077093486929552,0.30571555161719094
0.28255093002657217,0.2325066430469442,0.17847652790079716,0.30646589902568644
0.28103146853146854,0.23863636363636365,0.17613636363636365,0.3041958041958042
0.28047703180212014,0.24072438162544169,0.17623674911660778,0.3025618374558304
0.285650623885918,0.23707664884135474,0.17780748663101603,0.2994652406417112
0.28665207877461707,0.23851203501094093,0.17943107221006566,0.29540481400437635
0.2867711053089643,0.23933855526544823,0.1753698868581375,0.29852045256744997
0.2860290877038343,0.24283825473776993,0.1754076685764654,0.2957249889819304
0.2926509186351706,0.2379702537182852,0.17410323709536307,0.2952755905511811
0.2878455462922334,0.24177270732777534,0.17507678806494076,0.29530495831505044
0.2891939769707706,0.24313551815766166,0.1767050487156776,0.29096545615589015
0.2916666666666667,0.25177304964539005,0.18351063829787234,0.2730496453900709
0.2923076923076923,0.250989010989011,0.18021978021978022,0.2764835164835165
0.2993827160493827,0.25,0.1763668430335097,0.2742504409171076
0.2898936170212766,0.2579787234042553,0.17375886524822695,0.2783687943262411
0.2900394910048267,0.2606406318560772,0.17068889863975428,0.2786309784993418
0.2857777777777778,0.25822222222222224,0.16933333333333334,0.2866666666666667
0.2888986013986014,0.26048951048951047,0.1652097902097902,0.2854020979020979
0.28421512898994317,0.2684739833843463,0.17009182334936598,0.2772190642763446
0.28628318584070794,0.26548672566371684,0.1663716814159292,0.28185840707964605
0.28928884986830555,0.266900790166813,0.1694468832309043,0.27436347673397715
0.2904363155575143,0.26795945350374617,0.16747465843984133,0.2741295724988982
0.29440282062582634,0.27016306743058616,0.16747465843984133,0.26795945350374617
0.29564452265728114,0.27496700395952484,0.16849978002639684,0.2608886933567972
0.29256489221293447,0.26748790145182577,0.16981962164540254,0.2701275846898372
0.29293809938971227,0.2667829119442023,0.16870095902353968,0.2715780296425458
0.2940651494868362,0.2717536813922356,0.16733601070950468,0.2668451584114235
0.28380782918149466,0.27402135231316727,0.17215302491103202,0.27001779359430605
0.28779197884530633,0.27060379021595415,0.1754076685764654,0.2661965623622741
0.3026140894993354,0.26229508196721313,0.17235268054940187,0.2627381479840496
0.30123131046613894,0.2620932277924362,0.17194371152154794,0.2647317502198769
0.30170529077393965,0.26716222125054656,0.16878006121556624,0.2623524267599475
0.2950022114108801,0.26758071649712517,0.17160548429898276,0.26581158779301195
0.2934447866256049,0.269687637483502,0.16630004399472062,0.27056753189617244
0.29203152364273205,0.27408056042031526,0.1646234676007005,0.2692644483362522
0.294792586054722,0.2736098852603707,0.16019417475728157,0.27140335392762577
0.2920704845814978,0.2775330396475771,0.16123348017621145,0.2691629955947137
0.29019434628975266,0.284452296819788,0.15856890459363956,0.2667844522968198
0.28998242530755713,0.2820738137082601,0.1594903339191564,0.26845342706502634
0.2923485183547103,0.2755417956656347,0.16187527642636002,0.27023440955329503
0.2913732394366197,0.2689260563380282,0.16461267605633803,0.27508802816901406
0.2885789014821273,0.27070619006102875,0.16434176111595467,0.2763731473408893
0.2884699693117054,0.26654975887768523,0.16703200350723366,0.2779482683033757
0.28809106830122594,0.26532399299474607,0.1733800350262697,0.2732049036777583
0.2833333333333333,0.2657894736842105,0.17543859649122806,0.2754385964912281
0.2852760736196319,0.26029798422436456,0.17703768624014024,0.2773882559158633
0.292520035618878,0.26001780943900266,0.17230632235084595,0.27515583259127335
0.2974043114826221,0.25208974923009236,0.17553893532776066,0.27496700395952484
0.2912833990363557,0.2575558475689882,0.173017958826106,0.2781427945685502
0.2865367581930912,0.25907883082373784,0.17493356953055803,0.27945084145261295
0.2873001776198934,0.26287744227353466,0.1780639431616341,0.27175843694493784
0.2852706299911269,0.2559893522626442,0.17879325643300797,0.27994676131322094
0.28596646072374227,0.2581641659311562,0.18358340688437777,0.2722859664607237
0.2907488986784141,0.25859030837004404,0.17797356828193833,0.27268722466960355
0.2848378615249781,0.254601226993865,0.18755477651183172,0.27300613496932513
0.27966475518306133,0.254962505513895,0.1835024261138068,0.2818703131892369
0.27640156453715775,0.25380269448066056,0.1842677096914385,0.28552803129074317
0.27448397013614406,0.2481335090030742,0.18972332015810275,0.287659200702679
0.27880386983289357,0.25857519788918204,0.18557607739665788,0.2770448548812665
0.2779973649538867,0.26174791392182695,0.181379007465964,0.27887571365832237
0.2708333333333333,0.261968085106383,0.17907801418439717,0.28812056737588654
0.2758164165931156,0.26037069726390116,0.17740511915269197,0.28640776699029125
0.27093380096448927,0.25865848312143797,0.17974572555896537,0.2906619903551074
0.2751766784452297,0.25309187279151946,0.18109540636042404,0.29063604240282687
0.27666083916083917,0.25524475524475526,0.18006993006993008,0.2880244755244755
0.27679362267493357,0.2555358724534987,0.18954827280779452,0.27812223206377323
0.27636203866432335,0.24648506151142355,0.19420035149384884,0.28295254833040423
0.27587719298245617,0.24649122807017543,0.1956140350877193,0.2820175438596491
0.278926528816542,0.24813022437307522,0.1948966124065112,0.27804663440387156
0.27833698030634574,0.24901531728665208,0.19649890590809627,0.2761487964989059
0.2762114537444934,0.25022026431718064,0.19779735682819383,0.2757709251101322
0.2728888888888889,0.25422222222222224,0.19733333333333333,0.27555555555555555
0.26763031099430573,0.2514235654840123,0.1962330267192291,0.28471309680245294
0.2684739833843463,0.2466112811543507,0.19676432006996064,0.2881504153913424
0.26953467954345917,0.24802458296751537,0.19446883230904302,0.28797190517998245
0.2707597173144876,0.2416077738515901,0.1956713780918728,0.2919611307420495
0.2771618625277162,0.2385809312638581,0.19290465631929046,0.2913525498891353
0.27639751552795033,0.24134871339840283,0.1929902395740905,0.28926353149955636
0.27931488801054016,0.24110671936758893,0.19411506368028106,0.2854633289415898
0.27920353982300883,0.23805309734513275,0.19690265486725664,0.28584070796460176
0.2800875273522976,0.23763676148796498,0.1951859956236324,0.287089715536105
0.27833698030634574,0.24157549234135667,0.1938730853391685,0.2862144420131291
0.27472527472527475,0.24175824175824176,0.19472527472527473,0.2887912087912088
0.2801590808661069,0.23331860362350862,0.19708351745470615,0.2894387980556783
0.278580814717477,0.23127463863337713,0.20455540954883925,0.2855891371003066
0.2715780296425458,0.23888404533565824,0.2048823016564952,0.28465562336530076
0.2674008810572687,0.23215859030837005,0.2066079295154185,0.2938325991189427
0.2640105078809107,0.23423817863397547,0.2097197898423818,0.29203152364273205
0.2651183172655565,0.2392638036809816,0.20639789658194566,0.2892199824715162
0.26850635129215944,0.23915900131406045,0.20718353044240034,0.2851511169513798
0.2754650132860939,0.23782108060230292,0.204162976085031,0.28255093002657217
0.2727272727272727,0.24139452780229478,0.20167696381288613,0.28420123565754635
0.26860413914575076,0.24350506384852488,0.19947159841479525,0.2884191985909291
0.2712532865907099,0.24583698510078877,0.19807186678352323,0.2848378615249781
0.26924749891257066,0.2466289691170074,0.1987820791648543,0.28534145280556766
0.26660761736049604,0.2462356067316209,0.19840566873339238,0.2887511071744907
0.26850635129215944,0.2439772229522558,0.1962330267192291,0.2912833990363557
0.2676991150442478,0.24955752212389382,0.2,0.2827433628318584
0.2660228270412643,0.25417032484635643,0.19402985074626866,0.2857769973661106
0.2688077430708315,0.25252969643642764,0.192696876374835,0.28596568411790585
0.2601410934744268,0.25573192239858905,0.1970899470899471,0.28703703703703703
0.2627381479840496,0.25299069561364645,0.19805050952591935,0.2862206468763846
0.25620567375886527,0.26019503546099293,0.1981382978723404,0.2854609929078014
0.2560599382988101,0.2622300572939621,0.19920669898633758,0.28250330542089025
0.2541557305336833,0.26115485564304464,0.20384951881014873,0.28083989501312334
0.25,0.2696335078534031,0.1967713787085515,0.2835951134380454
0.2533097969991174,0.2674315975286849,0.2003530450132392,0.27890556045895853
0.2568567696996082,0.2651284283848498,0.19677840661732696,0.28123639529821504
0.26175687666370895,0.26663708961845606,0.1912156166814552,0.2803904170363798
0.2607929515418502,0.27004405286343613,0.19383259911894274,0.2753303964757709
0.2608886933567972,0.2683677958644963,0.19093708754949407,0.2798064232292125
0.2575221238938053,0.2685840707964602,0.18716814159292036,0.2867256637168142
0.2596830985915493,0.2671654929577465,0.18970070422535212,0.2834507042253521
0.26322751322751325,0.2716049382716049,0.18694885361552027,0.27821869488536155
0.26499118165784835,0.26675485008818345,0.18871252204585537,0.2795414462081129
0.25524475524475526,0.2674825174825175,0.19536713286713286,0.28190559440559443
0.26092657342657344,0.2696678321678322,0.19755244755244755,0.2718531468531469
0.25875055383252105,0.2715994683207798,0.19229065130704476,0.2773593265396544
0.26257722859664606,0.26610767872903796,0.19373345101500442,0.27758164165931154
0.2613486117232261,0.2666372851476421,0.1877479065667695,0.2842661965623623
0.26651785714285714,0.27098214285714284,0.17991071428571428,0.2825892857142857
0.2577777777777778,0.268,0.19377777777777777,0.28044444444444444
0.2615923009623797,0.2668416447944007,0.19597550306211722,0.2755905511811024
0.26115775519222273,0.2624834290764472,0.19664162615996464,0.27971718957136543
0.26513477684489617,0.26115775519222273,0.19619973486522316,0.27750773309765797
0.25692916849978004,0.2630884293884734,0.1935767707875055,0.2864056313242411
0.2697512003491925,0.2553470100392842,0.1924923614142296,0.28240942819729375
0.26506550218340613,0.25327510917030566,0.1930131004366812,0.28864628820960697
0.2672566371681416,0.2491150442477876,0.1902654867256637,0.29336283185840706
0.26640070921985815,0.25310283687943264,0.1879432624113475,0.2925531914893617
0.26610395379831187,0.25099955575299865,0.19102621057307864,0.2918702798756108
0.2695993031358885,0.25261324041811845,0.18858885017421603,0.289198606271777
0.27088830255057167,0.256816182937555,0.18601583113456466,0.2862796833773087
0.27441449403446755,0.2545293857711003,0.1855943437914273,0.28546177640300485
0.2756183745583039,0.2539752650176678,0.18462897526501768,0.2857773851590106
0.28346456692913385,0.24496937882764655,0.18503937007874016,0.28652668416447946
0.2845814977973568,0.24801762114537446,0.18325991189427313,0.2841409691629956
0.28703703703703703,0.24206349206349206,0.18165784832451498,0.2892416225749559
0.2839075447012647,0.24727431312690798,0.18098560837331007,0.28783253379851725
0.2859013531209079,0.24879965080750763,0.18463553033609778,0.2806634657354867
0.2846458424989001,0.25736911570611526,0.17993840739111305,0.27804663440387156
0.2905494505494505,0.24703296703296704,0.17714285714285713,0.28527472527472525
0.29474149359257623,0.2421564295183385,0.17852408307556342,0.2845779938135219
0.2898936170212766,0.24601063829787234,0.1799645390070922,0.2841312056737589
0.2919772029811486,0.24462954844366505,0.18018412976764578,0.28320911880754057
0.2890249234805422,0.24923480542195015,0.17577612592916483,0.2859641451683428
0.29094922737306844,0.24856512141280354,0.17880794701986755,0.28167770419426047
0.29000884173297964,0.248894783377542,0.17727674624226347,0.2838196286472148
0.28866432337434095,0.24736379613356765,0.179701230228471,0.28427065026362036
0.29665924276169264,0.24632516703786192,0.17505567928730512,0.2819599109131403
0.29528426619656234,0.24812692816218598,0.17805200528867343,0.2785368003525782
0.29282254513430206,0.24526640246587406,0.17789520035226772,0.28401585204755614
0.28790534618755476,0.24934268185801928,0.18229623137598597,0.28045574057843997
0.28590366769774633,0.24480777728678746,0.18338488731771985,0.28590366769774633
0.29124505059392874,0.24065112186537616,0.18345798504179497,0.2846458424989001
0.2913732394366197,0.2460387323943662,0.17781690140845072,0.2847711267605634
0.29422143802382,0.24702249669166298,0.1693868548742832,0.2893692104102338
0.28602620087336245,0.24890829694323144,0.17467248908296942,0.2903930131004367
0.2901206973625391,0.24899418864550737,0.17344658024139473,0.2874385337505588
0.28533568904593637,0.25220848056537104,0.17314487632508835,0.28931095406360424
0.28690685413005274,0.24868189806678384,0.1726713532513181,0.29173989455184535
0.27984084880636606,0.2537577365163572,0.1781609195402299,0.28824049513704686
0.277119016249451,0.2507685551163812,0.1800614844093105,0.2920509442248573
0.26993865030674846,0.254601226993865,0.1827344434706398,0.2927256792287467
0.27393030436700483,0.2505513895015439,0.18262020291133657,0.29289810322011467
0.27568042142230026,0.25021949078138717,0.18568920105355574,0.2884108867427568
0.2769704975781594,0.2509907529722589,0.18273888154997797,0.2892998678996037
0.27860915492957744,0.24779929577464788,0.17781690140845072,0.29577464788732394
0.28087912087912087,0.24263736263736263,0.18153846153846154,0.29494505494505496
0.2770979020979021,0.24475524475524477,0.18706293706293706,0.2910839160839161
0.28250330542089025,0.24019391802556192,0.18510356985456147,0.29219920669898636
0.2831272084805654,0.23674911660777384,0.1872791519434629,0.2928445229681979
0.28111401218450827,0.23977371627502175,0.18320278503046128,0.2959094865100087
0.28010586678429644,0.24481693868548743,0.1799735333039259,0.2951036612262902
0.28894806924101196,0.2436750998668442,0.1775410563692854,0.2898357745228584
0.2784471218206158,0.25613565372601516,0.17626059794734494,0.2891566265060241
0.27989371124889284,0.2577502214348981,0.1753764393268379,0.2869796279893711
