R,A,S,N
0.0,1.0,0.0,0.0
0.6666666666666666,0.3333333333333333,0.0,0.0
0.5,0.16666666666666666,0.0,0.3333333333333333
0.38461538461538464,0.15384615384615385,0.0,0.46153846153846156
0.28,0.16,0.08,0.48
0.3181818181818182,0.13636363636363635,0.06818181818181818,0.4772727272727273
0.2465753424657534,0.136986301369863,0.1095890410958904,0.5068493150684932
0.2231404958677686,0.1487603305785124,0.12396694214876033,0.5041322314049587
0.2087912087912088,0.13736263736263737,0.14285714285714285,0.510989010989011
0.19083969465648856,0.13740458015267176,0.16412213740458015,0.5076335877862596
0.17746478873239438,0.14929577464788732,0.16056338028169015,0.5126760563380282
0.17699115044247787,0.16592920353982302,0.16150442477876106,0.49557522123893805
0.17077464788732394,0.1813380281690141,0.15492957746478872,0.49295774647887325
0.1627565982404692,0.18035190615835778,0.15395894428152493,0.5029325513196481
0.17110266159695817,0.1888466413181242,0.1444866920152091,0.4955640050697085
0.1664841182913472,0.19934282584884994,0.14238773274917854,0.49178532311062434
0.1746031746031746,0.2013888888888889,0.1498015873015873,0.4742063492063492
0.17137809187279152,0.22084805653710246,0.14752650176678445,0.46024734982332155
0.17697729052466718,0.23101018010963195,0.13860610806577917,0.4534064212999217
0.17872648335745298,0.23299565846599132,0.13965267727930536,0.44862518089725034
0.18110236220472442,0.23228346456692914,0.1463254593175853,0.44028871391076113
0.18143459915611815,0.23025919228450875,0.14948764315852922,0.4388185654008439
0.18559556786703602,0.2299168975069252,0.15290858725761772,0.43157894736842106
0.19085173501577288,0.22818086225026288,0.14931650893796003,0.4316508937960042
0.1913946587537092,0.22799208704253215,0.1552917903066271,0.42532146389713155
0.190521327014218,0.22322274881516588,0.15497630331753554,0.4312796208530806
0.19742291762540268,0.21951219512195122,0.1606074551311551,0.422457432121491
0.20367054610564012,0.2153088630259624,0.15622202327663384,0.42479856759176365
0.20247568523430592,0.20910698496905394,0.15782493368700265,0.4305923961096375
0.20992534036012298,0.20641194554238032,0.155467720685112,0.4281949934123847
0.2072791833111407,0.20505992010652463,0.15934309809143365,0.428317798490901
0.2044642857142857,0.20714285714285716,0.159375,0.4290178571428571
0.2041173893999124,0.211125711782742,0.15943933420937362,0.425317564607972
0.20104895104895104,0.21066433566433568,0.16083916083916083,0.42744755244755245
0.20348583877995643,0.21089324618736383,0.15773420479302833,0.4278867102396514
0.20202020202020202,0.2116820377689943,0.15634606938954765,0.42995169082125606
0.20592076621680452,0.2067914671310405,0.15977361776229865,0.42751414888985634
0.20326278659611993,0.21031746031746032,0.16313932980599646,0.42328042328042326
0.20079260237780713,0.2073976221928666,0.15852047556142668,0.4332892998678996
0.20219298245614034,0.21359649122807017,0.15570175438596492,0.42850877192982456
0.20484581497797358,0.21585903083700442,0.15198237885462554,0.42731277533039647
0.19665640123185218,0.21865376154861416,0.1583809942806863,0.42630884293884735
0.2063423110338836,0.21676802780191137,0.15638575152041703,0.42050390964378803
0.2111111111111111,0.20977777777777779,0.15288888888888888,0.4262222222222222
0.21015452538631346,0.211037527593819,0.1554083885209713,0.42339955849889627
0.20941487021557414,0.2168939727232732,0.15574131104267488,0.4179498460184778
0.2053415061295972,0.22110332749562173,0.1554290718038529,0.4181260945709282
0.21293444786625604,0.21953365596128466,0.15530136383633963,0.41223053233611967
0.2169894366197183,0.22227112676056338,0.15360915492957747,0.40713028169014087
0.2191358024691358,0.2208994708994709,0.15520282186948853,0.40476190476190477
0.21322241681260945,0.21891418563922943,0.15674255691768826,0.41112084063047283
0.2178477690288714,0.22134733158355205,0.15923009623797024,0.4015748031496063
0.2157293497363796,0.21660808435852372,0.16124780316344464,0.406414762741652
0.22202797202797203,0.2145979020979021,0.1590909090909091,0.40428321678321677
0.2218763895064473,0.21031569586482882,0.1627389951089373,0.4050689195197866
0.22409959982214317,0.21476211649622054,0.16407292129835482,0.39706536238328144
0.22613286405631325,0.21777386713594368,0.16410030796304442,0.39199296084469865
0.2264808362369338,0.21341463414634146,0.16202090592334495,0.3980836236933798
0.22606034105815478,0.2120682116309576,0.16265850459116746,0.39921294271972013
0.22285464098073554,0.21234676007005254,0.16549912434325745,0.39929947460595444
0.21970357454228423,0.22144725370531823,0.16652136006974716,0.3923278116826504
0.2234464521815778,0.22036139268400176,0.16791538122520935,0.3882767739092111
0.22012302284710017,0.22012302284710017,0.16608084358523725,0.3936731107205624
0.22080211546936976,0.21947994711326577,0.16923754958131335,0.3904803878360511
0.22134387351778656,0.22134387351778656,0.16688625384277558,0.39042599912165127
0.22437307523097227,0.2190937087549494,0.16278046634403873,0.3937527496700396
0.2229995627459554,0.22387407083515523,0.1670310450371666,0.38609532138172276
0.2200873362445415,0.2240174672489083,0.16419213973799127,0.39170305676855893
0.21519543258673693,0.22529644268774704,0.16469038208168643,0.39481774264382963
0.20725841714035856,0.22737210319195453,0.1595977262789681,0.40577175338871885
0.20964912280701756,0.22543859649122808,0.1587719298245614,0.40614035087719297
0.21557413110426749,0.22437307523097227,0.15222173339199296,0.4078310602727673
0.21623968736430743,0.21450282240555796,0.15892314372557534,0.41033434650455924
0.2129547471162378,0.21251109139307897,0.16459627329192547,0.40993788819875776
0.20978404583516969,0.22212428382547378,0.16747465843984133,0.4006170118995152
0.2148506151142355,0.21528998242530756,0.16827768014059755,0.4015817223198594
0.2162516382699869,0.21363040629095675,0.16775884665792923,0.40235910878112713
0.21503957783641162,0.2198768689533861,0.1693051890941073,0.39577836411609496
0.21693121693121692,0.2173721340388007,0.17019400352733685,0.3955026455026455
0.2204585537918871,0.21516754850088182,0.1662257495590829,0.39814814814814814
0.21767810026385223,0.22031662269129287,0.16314863676341249,0.3988566402814424
0.21714534377719757,0.22367275892080069,0.15926892950391644,0.3999129677980853
0.21289752650176677,0.22968197879858657,0.15636042402826855,0.4010600706713781
0.2160034980323568,0.22518583296895497,0.1609094884127678,0.39790118058592044
0.21303587051618547,0.2279090113735783,0.1662292213473316,0.39282589676290464
0.21434820647419073,0.2283464566929134,0.16929133858267717,0.3880139982502187
0.21209465381244522,0.22567922874671342,0.17046450482033304,0.39176161262050835
0.21264367816091953,0.22767462422634838,0.17108753315649866,0.3885941644562334
0.21299956082564778,0.2191480017566974,0.1743522178304787,0.3935002195871761
0.2111692844677138,0.2194589877835951,0.18193717277486912,0.387434554973822
0.21503496503496503,0.22202797202797203,0.17963286713286714,0.3833041958041958
0.21369021500658184,0.2250987275120667,0.18429135585783238,0.37691970162351907
0.21268163804491413,0.22721268163804492,0.18185821224130339,0.37824746807573756
0.2183406113537118,0.22838427947598253,0.18253275109170305,0.3707423580786026
0.21212121212121213,0.2274923144488362,0.1844532279314888,0.3759332454984629
0.20873362445414848,0.2262008733624454,0.18296943231441049,0.38209606986899564
0.2086994727592267,0.22978910369068542,0.18145869947275922,0.38005272407732865
0.2088830255057168,0.2326297273526825,0.18117854001759015,0.37730870712401055
0.21061946902654868,0.23053097345132742,0.18008849557522125,0.3787610619469027
0.20994229915667997,0.2272525521526853,0.18197958277851753,0.3808255659121172
0.204696499778467,0.2303943287549845,0.18121400088613204,0.38369517058041647
0.20123022847100175,0.23550087873462214,0.18321616871704746,0.38005272407732865
0.2052401746724891,0.22358078602620088,0.18253275109170305,0.388646288209607
0.19982355535950597,0.22981914424349362,0.18217909131010146,0.388178209086899
0.202726473175022,0.22867194371152155,0.18249780123131046,0.386103781882146
0.19825327510917032,0.23580786026200873,0.18602620087336244,0.3799126637554585
0.19700308505949757,0.2362274129572499,0.18510356985456147,0.38166593212869104
0.20425901781833986,0.23598435462842243,0.18252933507170796,0.37722729248152975
0.20353982300884957,0.23893805309734514,0.18761061946902655,0.36991150442477877
0.20490367775831875,0.2373029772329247,0.18257443082311733,0.37521891418563924
0.20926090828138913,0.23953695458593055,0.182546749777382,0.3686553873552983
0.21497797356828194,0.23083700440528634,0.18502202643171806,0.36916299559471366
0.20949844651575678,0.23169107856191745,0.18908122503328895,0.3697292498890368
0.20376038478355923,0.23174464363795366,0.19020550940096195,0.3742894621775251
0.1976950354609929,0.23670212765957446,0.19370567375886524,0.37189716312056736
0.20283436669619131,0.23693534100974314,0.1899911426040744,0.37023914968999116
0.19973486522315512,0.23862129916040653,0.19708351745470615,0.36456031816173223
0.20238095238095238,0.23544973544973544,0.19753086419753085,0.3646384479717813
0.2013157894736842,0.2337719298245614,0.19824561403508772,0.36666666666666664
0.20335985853227231,0.2369584438549956,0.19672855879752432,0.3629531388152078
0.1970963484381874,0.2410910690717114,0.1970963484381874,0.3647162340519138
0.19545859305431879,0.2382012466607302,0.19946571682991987,0.3668744434550312
0.1983435047951177,0.23496076721883175,0.2022667829119442,0.3644289450741064
0.20631391729657625,0.23654957759004003,0.20186749666518453,0.3552690084481992
0.20484581497797358,0.23524229074889869,0.20044052863436124,0.3594713656387665
0.2058694699956198,0.2325886990801577,0.19667104686815592,0.3648707840560666
0.2072310405643739,0.23985890652557318,0.19620811287477954,0.3567019400352734
0.20930232558139536,0.2378236068451075,0.19306713470820536,0.3598069328652918
0.20915896081021576,0.23778071334214002,0.1950682518714223,0.3579920739762219
0.2109851787271142,0.22885789014821273,0.19398430688753268,0.36617262423714037
0.20758043190832967,0.23270163067430585,0.19171441163508154,0.36800352578228296
0.20962800875273524,0.23588621444201313,0.1938730853391685,0.36061269146608316
0.209240337627721,0.2310084406930253,0.19369169258107508,0.36605952909817857
0.20517316966242877,0.23103901797457255,0.18851380973257342,0.37527400263042526
0.2040280210157618,0.22854640980735552,0.19395796847635727,0.37346760070052537
0.19745502413339183,0.22904782799473453,0.19789381307591047,0.37560333479596314
0.2053886925795053,0.2310070671378092,0.19478798586572438,0.36881625441696114
0.2093124456048738,0.22758920800696258,0.19016536118363794,0.37293298520452567
0.20931263858093127,0.23325942350332593,0.19467849223946784,0.36274944567627493
0.2052863436123348,0.22819383259911893,0.20176211453744494,0.36475770925110135
0.20561157387110915,0.23103901797457255,0.20035072336694432,0.36299868478737396
0.20255957634598412,0.2383053839364519,0.19461606354810237,0.3645189761694616
0.20183887915936952,0.23423817863397547,0.19264448336252188,0.3712784588441331
0.20173913043478262,0.24043478260869566,0.1865217391304348,0.37130434782608696
0.1968365553602812,0.23857644991212654,0.18980667838312829,0.37478031634446396
0.19409465914025184,0.23751628310898829,0.187147199305254,0.38124185844550584
0.19619131975199292,0.23604960141718334,0.18821966341895482,0.3795394154118689
0.20043956043956043,0.2378021978021978,0.1854945054945055,0.37626373626373627
0.18959435626102292,0.23985890652557318,0.18738977072310406,0.38315696649029984
0.1931064958020327,0.24524966858152894,0.18515245249668583,0.37649138311975255
0.19814241486068113,0.2410437859354268,0.183547103051747,0.3772666961521451
0.19020300088261252,0.24227714033539277,0.18446601941747573,0.383053839364519
0.19102112676056338,0.24515845070422534,0.18045774647887325,0.383362676056338
0.19601769911504424,0.23761061946902653,0.1831858407079646,0.3831858407079646
0.1993797075764289,0.23349579087284006,0.18697385910500663,0.38015064244572444
0.19239177962396153,0.24136423261915171,0.18233493659816352,0.3839090511587232
0.19274475524475523,0.24344405594405594,0.1770104895104895,0.3868006993006993
0.19350533807829182,0.24243772241992884,0.17882562277580072,0.38523131672597866
0.1896627244853263,0.24003504161191414,0.17696014016644765,0.39334209373631185
0.20362190812720848,0.23630742049469966,0.18109540636042404,0.3789752650176678
0.19885108263367213,0.23994697304463103,0.17719840919133892,0.38400353513035795
0.19699646643109542,0.24293286219081273,0.1771201413427562,0.3829505300353357
0.1992960844698636,0.23757149142102948,0.17773867135943686,0.38539375274967
0.20300751879699247,0.24369747899159663,0.17956656346749225,0.37372843874391865
0.20281566212054553,0.24065112186537616,0.18345798504179497,0.37307523097228334
0.20444638186573671,0.24106364428945073,0.1857018308631212,0.3687881429816914
0.2046450482033304,0.24408413672217352,0.18448729184925505,0.366783523225241
0.20794701986754968,0.24547461368653423,0.1805739514348786,0.36600441501103753
0.20822397200349957,0.24146981627296588,0.18416447944007,0.3661417322834646
0.20536499560246263,0.24626209322779244,0.18249780123131046,0.3658751099384345
0.20792951541850221,0.25198237885462554,0.18458149779735683,0.35550660792951544
0.20520741394527803,0.2586054721977052,0.18358340688437777,0.352603706972639
0.21284080914687775,0.25725593667546176,0.17546174142480211,0.3544415127528584
0.2089420097388225,0.25852146967684814,0.17706949977866313,0.3554670208056662
0.21096491228070174,0.25043859649122807,0.18026315789473685,0.35833333333333334
0.2094446873633581,0.25666812418014867,0.18233493659816352,0.35155225185832967
0.20422535211267606,0.25616197183098594,0.18485915492957747,0.35475352112676056
0.21052631578947367,0.25043859649122807,0.18640350877192982,0.3526315789473684
0.2127659574468085,0.2522163120567376,0.18572695035460993,0.34929078014184395
0.2091791703442189,0.25154457193292146,0.18932038834951456,0.3499558693733451
0.20989836500220946,0.25231992929739283,0.19089703932832522,0.3468846663720725
0.21170774647887325,0.25088028169014087,0.18882042253521128,0.3485915492957746
0.21359649122807017,0.2482456140350877,0.1881578947368421,0.35
0.21041023378914867,0.24834583149536832,0.18835465372739302,0.35288928098808997
0.21359223300970873,0.24933804060017653,0.18976169461606354,0.3473080317740512
0.21153846153846154,0.26048951048951047,0.18269230769230768,0.34527972027972026
0.21270962047661077,0.265666372462489,0.17917034421888792,0.34245366284201234
0.21228070175438596,0.2618421052631579,0.17763157894736842,0.3482456140350877
0.21641791044776118,0.2598770851624232,0.17339771729587358,0.35030728709394204
0.21687800612155664,0.2588543944031482,0.17752514210756448,0.3467424573677306
0.2218804920913884,0.2548330404217926,0.18014059753954306,0.3431458699472759
0.21788689171416045,0.26128890837352037,0.18281455501972818,0.33800964489259094
0.21817383669885865,0.2603160667251975,0.18217734855136083,0.33933274802458296
0.21626373626373627,0.25934065934065936,0.181978021978022,0.3424175824175824
0.21539141972578504,0.26625386996904027,0.17249004865103937,0.3458646616541353
0.21944809461235218,0.26631625054752517,0.16688567674113008,0.34734997809899254
0.2221246707638279,0.2647058823529412,0.16900790166812993,0.34416154521510095
0.2260334212840809,0.2594547053649956,0.17194371152154794,0.34256816182937555
0.2262222222222222,0.2604444444444444,0.17333333333333334,0.34
0.22110332749562173,0.2600700525394046,0.1725043782837128,0.34632224168126097
0.22733303847854933,0.26625386996904027,0.16939407341884122,0.3370190181335692
0.22197898423817863,0.26751313485113837,0.17294220665499124,0.3375656742556918
0.22065934065934065,0.26857142857142857,0.17802197802197803,0.33274725274725275
0.22353455818022747,0.2751531058617673,0.16885389326334208,0.3324584426946632
0.22591943957968477,0.2714535901926445,0.1668126094570928,0.3358143607705779
0.2244355909694555,0.26914563966356797,0.17441345728198318,0.33200531208499334
0.22456140350877193,0.27587719298245617,0.17280701754385966,0.3267543859649123
0.21847635726795098,0.2775831873905429,0.17644483362521893,0.3274956217162872
0.21662245800176835,0.28205128205128205,0.17506631299734748,0.32625994694960214
0.2185022026431718,0.28325991189427313,0.17885462555066078,0.31938325991189426
0.22042776080314272,0.27848101265822783,0.18114360541248364,0.3199476211261458
0.21594393342093737,0.2768287341217696,0.18046430135786246,0.32676303109943056
0.21553994732221246,0.28138718173836696,0.17866549604916593,0.3244073748902546
0.21685144124168515,0.27405764966740576,0.18048780487804877,0.3286031042128603
0.22173144876325088,0.27208480565371024,0.17535335689045936,0.3308303886925795
0.22559366754617413,0.2726473175021988,0.1706244503078276,0.3311345646437995
0.23053097345132742,0.2752212389380531,0.17123893805309734,0.3230088495575221
0.23542402826855124,0.2698763250883392,0.16563604240282687,0.3290636042402827
0.23790849673202613,0.27058823529411763,0.16339869281045752,0.3281045751633987
0.24195680916703394,0.26884089907448216,0.1604230938739533,0.32877919788453064
0.24145486415425066,0.2651183172655565,0.15556529360210342,0.3378615249780894
0.23662096417514375,0.27156125608137993,0.15701017249004864,0.3348076072534277
0.23124177270732776,0.27424308907415534,0.16322948661693726,0.33128565160157963
0.23557904007045355,0.27080581241743723,0.16468516072214884,0.3289299867899604
0.2409428197293758,0.2723701440419031,0.15931907463989525,0.32736796158882586
0.2345462516440158,0.2761946514686541,0.16089434458570803,0.3283647523016221
0.2325886990801577,0.2759526938239159,0.16294349540078842,0.328515111695138
0.22797018851380974,0.2775098640946953,0.16483998246383166,0.3296799649276633
0.23353819139596138,0.2787532923617208,0.16505706760316066,0.3226514486391572
0.23218997361477572,0.2726473175021988,0.16402814423922604,0.3311345646437995
0.22788203753351208,0.27301161751563896,0.16398570151921357,0.3351206434316354
0.22844638949671772,0.2765864332603939,0.1601750547045952,0.3347921225382932
0.2318777292576419,0.27292576419213976,0.1537117903930131,0.3414847161572052
0.23539823008849559,0.27300884955752214,0.1570796460176991,0.3345132743362832
0.2337604949182501,0.27353071144498453,0.15996464869642069,0.33274414494034465
0.23677248677248677,0.2689594356261023,0.1591710758377425,0.3350970017636684
0.23498465585269618,0.2639193336256028,0.1582639193336256,0.3428320911880754
0.23430592396109637,0.2581786030061892,0.16357206012378425,0.34394341290893016
0.23117109272964736,0.2629516760992599,0.15803221593382674,0.347845015237266
0.23562966213251427,0.26371215445370777,0.15752523036419483,0.34313295304958313
0.24081451969898185,0.2589641434262948,0.15803452855245684,0.3421868083222665
0.2443458980044346,0.25631929046563195,0.16097560975609757,0.33835920177383594
0.2442781690140845,0.2654049295774648,0.15757042253521128,0.33274647887323944
0.2437636761487965,0.26258205689277897,0.16148796498905907,0.3321663019693654
0.2431132487975514,0.25623087013554874,0.16222125054656755,0.3384346305203323
0.24944616747895437,0.24856003544528135,0.1643774922463447,0.33761630482941957
0.2509838216003498,0.2514210756449497,0.16921731526016615,0.32837778749453433
0.2442170818505338,0.24466192170818504,0.17927046263345195,0.3318505338078292
0.2515418502202643,0.24008810572687225,0.17885462555066078,0.3295154185022026
0.24690812720848057,0.24028268551236748,0.18109540636042404,0.33171378091872794
0.24825174825174826,0.23645104895104896,0.18312937062937062,0.3321678321678322
0.2591289045314562,0.2353717553893533,0.17201935767707874,0.33347998240211174
0.25636523266022826,0.23661106233538193,0.17295873573309922,0.3340649692712906
0.26048951048951047,0.23557692307692307,0.17526223776223776,0.32867132867132864
0.2619360490582567,0.23477879982479194,0.1738939991239597,0.3293911519929917
0.2598944591029024,0.23175021987686895,0.17282321899736147,0.3355321020228672
0.25664488017429193,0.23877995642701524,0.17298474945533768,0.33159041394335514
0.2601410934744268,0.2328042328042328,0.17195767195767195,0.3350970017636684
0.2607538802660754,0.22572062084257205,0.17383592017738358,0.33968957871396893
0.2597345132743363,0.22654867256637168,0.17787610619469027,0.33584070796460175
0.2560069899519441,0.22848405417212755,0.17562254259501967,0.3398864132809087
0.2523281596452328,0.22838137472283815,0.18004434589800444,0.3392461197339246
0.25384277558190604,0.2261747913921827,0.18093983311374615,0.3390425999121651
0.25320371188687585,0.23022536456031817,0.1780821917808219,0.3384887317719841
0.24681598594642074,0.2274923144488362,0.18225735617039965,0.3434343434343434
0.2502210433244916,0.22988505747126436,0.18346595932802828,0.3364279398762157
0.250989010989011,0.22637362637362637,0.1832967032967033,0.3393406593406593
0.25032822757111595,0.22932166301969364,0.18336980306345732,0.33698030634573306
0.24602473498233215,0.232773851590106,0.18330388692579505,0.3378975265017668
0.24246395806028834,0.23328964613368283,0.17955439056356487,0.34469200524246396
0.24526640246587406,0.2307353588727433,0.1800968736239542,0.34390136503742846
0.2447089947089947,0.23324514991181658,0.18562610229276896,0.33641975308641975
0.2434589800443459,0.2337028824833703,0.1835920177383592,0.3392461197339246
0.24648506151142355,0.23022847100175747,0.18497363796133567,0.3383128295254833
0.24426807760141092,0.22707231040564374,0.18033509700176367,0.34832451499118167
0.2505513895015439,0.22408469342743714,0.1835024261138068,0.3418614909572122
0.251105216622458,0.22192749778956675,0.1816976127320955,0.34526967285587973
0.25186485300570427,0.22553751645458534,0.1755155770074594,0.34708205353225097
0.24701723376049492,0.22713212549712772,0.17719840919133892,0.34865223155103847
0.24867491166077738,0.2230565371024735,0.18374558303886926,0.34452296819787986
0.24112231477422183,0.22577816747040771,0.19158263919333626,0.3415168785620342
0.24286341677646026,0.22441809398331136,0.1971892841458059,0.33552920509442247
0.2423841059602649,0.22075055187637968,0.19911699779249448,0.33774834437086093
0.24988942945599293,0.22291021671826625,0.1959310039805396,0.33126934984520123
0.24430823117338005,0.21891418563922943,0.19614711033274956,0.340630472854641
0.24572180781044317,0.2215884159719175,0.19306713470820536,0.33962264150943394
0.2475685234305924,0.21927497789566755,0.1940760389036251,0.3390804597701149
0.25198237885462554,0.21629955947136564,0.20308370044052865,0.32863436123348017
0.25285839929639403,0.21591908531222515,0.20140721196130168,0.32981530343007914
0.25375110326566636,0.2210944395410415,0.20123565754633715,0.32391879964695497
0.25619469026548675,0.22168141592920354,0.19646017699115045,0.3256637168141593
0.25935711140466755,0.22192866578599735,0.19154557463672392,0.3271686481726112
0.26119402985074625,0.22431957857769974,0.18920105355575065,0.32528533801580334
0.26067811536767943,0.22721268163804492,0.190224570673712,0.32188463232056364
0.25766871165644173,0.2252410166520596,0.19281332164767748,0.32427695004382123
0.26341248900615655,0.22559366754617413,0.18909410729991205,0.32189973614775724
0.2597173144876325,0.22879858657243815,0.18595406360424027,0.325530035335689
0.2618520159503766,0.22729286663712894,0.18342933097031458,0.3274257864421799
0.25992150021805493,0.23157435673789795,0.1796772786742259,0.32882686436982117
0.2581497797356828,0.2356828193832599,0.173568281938326,0.33259911894273125
0.25734327049539674,0.2376150811047786,0.17404647084612013,0.3309951775537045
0.2526178010471204,0.23909249563699825,0.16972076788830714,0.33856893542757416
0.2560813799203892,0.2410437859354268,0.167624944714728,0.335249889429456
0.25916114790286976,0.24061810154525387,0.1664459161147903,0.3337748344370861
0.26176858776946765,0.24197096348438188,0.16849978002639684,0.3277606687197536
0.2627381479840496,0.24235711120957024,0.16747895436420027,0.3274257864421799
0.2631118881118881,0.24213286713286714,0.16433566433566432,0.3304195804195804
0.26672535211267606,0.2420774647887324,0.167693661971831,0.32350352112676056
0.2631118881118881,0.24082167832167833,0.166520979020979,0.32954545454545453
0.2636001769128704,0.23927465723131358,0.16452896948252985,0.33259619637328613
0.2693498452012384,0.23573639982308714,0.16231755860238833,0.33259619637328613
0.2722880983750549,0.22968818620992534,0.1686429512516469,0.32938076416337286
0.2791922739244952,0.22563652326602282,0.17295873573309922,0.3222124670763828
0.28283712784588444,0.22373029772329248,0.1733800350262697,0.3200525394045534
0.28703296703296705,0.2189010989010989,0.17406593406593407,0.32
0.28233231039017975,0.21964050854888206,0.1714160455940377,0.32661113546690046
0.28205128205128205,0.22104332449160036,0.17771883289124668,0.3191865605658709
0.27716673999120106,0.2234931808183018,0.17905851297844258,0.32028156621205456
0.28144239226033424,0.21372031662269128,0.1838170624450308,0.3210202286719437
0.28320911880754057,0.21262604120999562,0.1854449802718106,0.3187198597106532
0.283647523016221,0.21437965804471723,0.1841297676457694,0.31784305129329243
0.2826086956521739,0.21428571428571427,0.17923691215616683,0.323868677905945
0.28352322524101664,0.21253286590709902,0.1792287467134093,0.324715162138475
0.28193832599118945,0.21365638766519823,0.17929515418502204,0.3251101321585903
0.2828014184397163,0.21099290780141844,0.17952127659574468,0.3266843971631206
0.28502202643171803,0.20969162995594715,0.17841409691629956,0.32687224669603526
0.2869757174392936,0.21545253863134659,0.17880794701986755,0.31876379690949225
0.2831588132635253,0.20680628272251309,0.18280977312390925,0.32722513089005234
0.27987697715289983,0.20210896309314588,0.18497363796133567,0.3330404217926186
0.2774591971768858,0.20820467578297308,0.18482576091751213,0.329510366122629
0.26846528084918175,0.21318000884564353,0.18620079610791684,0.33215391419725787
0.2661149825783972,0.2147212543554007,0.18641114982578397,0.3327526132404181
0.25970017636684306,0.21516754850088182,0.1865079365079365,0.3386243386243386
0.2547714158899245,0.22237017310252996,0.18686196182867287,0.3359964491788726
0.258688957325121,0.22877254729432467,0.18521777386713595,0.3273207215134184
0.25711782742006134,0.23828296101620675,0.1782742006132282,0.3263250109505037
0.25636523266022826,0.23836698858647937,0.18349429323968394,0.3217734855136084
0.25519681556833257,0.23971693940734187,0.17956656346749225,0.32551968155683325
0.2607929515418502,0.23700440528634362,0.17709251101321585,0.3251101321585903
0.2556291390728477,0.23973509933774834,0.17527593818984546,0.3293598233995585
0.25645592163846836,0.2439893143365984,0.17497773820124665,0.3245770258236865
0.2513089005235602,0.2486910994764398,0.1806282722513089,0.3193717277486911
0.24923076923076923,0.2567032967032967,0.17802197802197803,0.316043956043956
0.23894967177242887,0.25733041575492344,0.18336980306345732,0.3203501094091904
0.2370500438981563,0.2585601404741001,0.18349429323968394,0.3208955223880597
0.24115334207077327,0.25382262996941896,0.18392311052861512,0.3211009174311927
0.23913997367266346,0.2566915313734094,0.18121983326020183,0.3229486616937253
0.23918799646954986,0.25772285966460723,0.176963812886143,0.3261253309796999
0.24177270732777534,0.25756910925844667,0.177270732777534,0.32338745063624397
0.2390265102129509,0.2564102564102564,0.17861799217731422,0.3259452411994785
0.24288840262582057,0.25951859956236323,0.1785557986870897,0.3190371991247265
0.24217026907807676,0.26290251433612705,0.18262020291133657,0.3123070136744596
0.24428822495606328,0.2623022847100176,0.18145869947275922,0.31195079086115995
0.2418358340688438,0.263901147396293,0.18005295675198588,0.3142100617828773
0.24314765694076038,0.2595048629531388,0.1861184792219275,0.3112290008841733
0.24293286219081273,0.2597173144876325,0.18418727915194347,0.3131625441696113
0.24428822495606328,0.2535149384885764,0.19024604569420034,0.31195079086115995
0.25142857142857145,0.250989010989011,0.18857142857142858,0.309010989010989
0.24395604395604395,0.2518681318681319,0.18681318681318682,0.31736263736263737
0.24670184696569922,0.24538258575197888,0.1868953386103782,0.3210202286719437
0.248894783377542,0.248894783377542,0.1839080459770115,0.3183023872679045
0.24866548042704625,0.2531138790035587,0.18238434163701067,0.31583629893238435
0.2469244288224956,0.2482425307557118,0.18585237258347978,0.3189806678383128
0.2469458987783595,0.2412739965095986,0.18891797556719023,0.3228621291448517
0.24379625598606877,0.24292555507183283,0.18981279930343928,0.3234653896386591
0.2411660777385159,0.2495583038869258,0.19037102473498232,0.31890459363957596
0.23192239858906524,0.25220458553791886,0.18738977072310406,0.32848324514991184
0.24192139737991267,0.251528384279476,0.18646288209606987,0.3200873362445415
0.23912087912087912,0.24923076923076923,0.19032967032967033,0.3213186813186813
0.23331860362350862,0.2483429076447194,0.19133893062306673,0.32699955810870523
0.2345462516440158,0.24506795265234546,0.18982902235861465,0.3305567733450241
0.2325479930191972,0.24956369982547993,0.18979057591623036,0.32809773123909247
0.22707231040564374,0.2566137566137566,0.18738977072310406,0.3289241622574956
0.22996515679442509,0.25043554006968644,0.18554006968641115,0.33405923344947736
0.22813186813186814,0.24967032967032968,0.18769230769230769,0.3345054945054945
0.22831858407079647,0.25,0.18672566371681415,0.3349557522123894
0.23430592396109637,0.246684350132626,0.1843501326259947,0.33465959328028294
0.2363150867823765,0.24566088117489987,0.1833555852247441,0.3346684468179795
0.23853211009174313,0.24595893403232852,0.18392311052861512,0.3315858453473132
0.24211908931698775,0.2504378283712785,0.18126094570928197,0.3261821366024518
0.23529411764705882,0.2547545333923043,0.18222025652366208,0.3277310924369748
0.2350861688024746,0.25231992929739283,0.1864781263809103,0.3261157755192223
0.23658751099384345,0.2519788918205805,0.18337730870712401,0.3280562884784521
0.22659667541557305,0.26071741032370954,0.18810148731408574,0.32458442694663164
0.22729267222465993,0.25888547608600265,0.18867924528301888,0.32514260640631854
0.2301969365426696,0.25470459518599564,0.1938730853391685,0.3212253829321663
0.23127463863337713,0.2553657468243539,0.18834866403854578,0.3250109505037232
0.23469837076177896,0.25583443416996915,0.18405988551298988,0.325407309555262
0.22501100836635843,0.2619991193306913,0.18714222809335096,0.3258476442095993
0.22965244170699517,0.26132864056313243,0.18565772107347117,0.32336119665640123
0.23128046078865752,0.25875055383252105,0.1843154630039876,0.32565352237483386
0.23234524847428073,0.2611159546643418,0.1843940714908457,0.32214472537053185
0.23746701846965698,0.26297273526824977,0.18117854001759015,0.31838170624450307
0.2404274265360641,0.2649154051647373,0.18076580587711488,0.3138913624220837
0.2417247386759582,0.2700348432055749,0.17682926829268292,0.311411149825784
0.2451669595782074,0.2671353251318102,0.17442882249560632,0.3132688927943761
0.24758135444151275,0.2691292875989446,0.167985927880387,0.3153034300791557
0.23846823324630112,0.2693646649260226,0.17275892080069627,0.31940818102698
0.23951828724353255,0.2734165923282783,0.17127564674397858,0.3157894736842105
0.23586572438162545,0.27296819787985865,0.16740282685512367,0.32376325088339225
0.23709536307961504,0.2742782152230971,0.1662292213473316,0.3223972003499563
0.23930131004366811,0.2724890829694323,0.1633187772925764,0.32489082969432315
0.24342105263157895,0.2657894736842105,0.16710526315789473,0.3236842105263158
0.2484769364664926,0.26457789382071367,0.16579634464751958,0.32114882506527415
0.247585601404741,0.2607550482879719,0.17515364354697102,0.3165057067603161
0.24846356453028973,0.2633889376646181,0.17251975417032483,0.31562774363476737
0.24503311258278146,0.2662251655629139,0.17527593818984546,0.31346578366445915
0.24911660777385158,0.2667844522968198,0.17137809187279152,0.3127208480565371
0.2474636082928981,0.2655491839435377,0.1733568592853992,0.31363034847816496
0.2490170380078637,0.26605504587155965,0.16950633464394932,0.31542158147662736
0.2471264367816092,0.26480990274093724,0.17374005305039789,0.31432360742705573
0.24249116607773852,0.2742932862190813,0.17402826855123674,0.30918727915194344
0.23891843971631205,0.27437943262411346,0.18218085106382978,0.3045212765957447
0.23609885260370697,0.2678729037952339,0.18667255075022066,0.30935569285083847
0.23742277140335394,0.2705207413945278,0.1822594880847308,0.30979699911738745
0.24022837066315328,0.2665788317962231,0.18269653052261747,0.31049626701800614
0.24210526315789474,0.26710526315789473,0.18289473684210528,0.3078947368421053
0.24061810154525387,0.26490066225165565,0.1845474613686534,0.30993377483443707
0.24078947368421053,0.26096491228070173,0.18903508771929825,0.3092105263157895
0.23775915306572562,0.26334362593736216,0.18703131892368768,0.3118659020732245
0.23991228070175438,0.2710526315789474,0.1868421052631579,0.30219298245614035
0.24148606811145512,0.25785050862450243,0.18575851393188855,0.3149049093321539
0.2419850680720246,0.25823451910408435,0.18357487922705315,0.31620553359683795
0.2400354295837024,0.2550930026572188,0.1824623560673162,0.3224092116917626
0.2469244288224956,0.2543936731107206,0.18629173989455183,0.312390158172232
0.24299474605954466,0.2596322241681261,0.18782837127845883,0.3095446584938704
0.2460387323943662,0.2640845070422535,0.18309859154929578,0.3067781690140845
0.2399647110719012,0.26643140714600794,0.18217909131010146,0.3114247904719894
0.24933920704845816,0.2607929515418502,0.1828193832599119,0.3070484581497797
0.24172915747684165,0.26731363034847816,0.18217909131010146,0.30877812086457873
0.24637043554773427,0.2652881654201496,0.17949846018477783,0.3088429388473383
0.24468085106382978,0.26817375886524825,0.1768617021276596,0.3102836879432624
0.24834874504623514,0.2646411272567151,0.17701453104359313,0.3099955966534566
0.2489025460930641,0.26382791922739246,0.17734855136084285,0.3099209833187006
0.2546093064091308,0.26294995610184374,0.17295873573309922,0.3094820017559263
0.2528684907325684,0.263901147396293,0.16902030008826124,0.3142100617828773
0.2523117569352708,0.2650814619110524,0.16556583003082342,0.31704095112285335
0.25209343323049804,0.25782282944028206,0.16659321286910533,0.3234905244601146
0.25320938468348825,0.25719344842850816,0.16644532979194335,0.3231518370960602
0.2560599382988101,0.25429704715733803,0.16615249008373734,0.3234905244601146
0.2551602986385595,0.26262626262626265,0.16205533596837945,0.3201581027667984
0.2497793468667255,0.2678729037952339,0.1646072374227714,0.3177405119152692
0.24735449735449735,0.2698412698412698,0.1609347442680776,0.3218694885361552
0.2478108581436077,0.27189141856392296,0.1659369527145359,0.31436077057793343
0.2503288031565103,0.27312582200789126,0.16177115300306882,0.31477422183252957
0.2501095050372317,0.2689443714410863,0.164257555847569,0.316688567674113
0.25176678445229683,0.2760600706713781,0.15812720848056538,0.31404593639575973
0.2526455026455027,0.27733686067019403,0.15828924162257496,0.3117283950617284
0.2540445999125492,0.27765631832094445,0.1609094884127678,0.3073895933537385
0.25842198581560283,0.2721631205673759,0.15868794326241134,0.31072695035460995
0.2549019607843137,0.26971677559912854,0.16732026143790849,0.30806100217864923
0.2540659340659341,0.2734065934065934,0.16307692307692306,0.30945054945054945
0.26006191950464397,0.27598407784166296,0.16231755860238833,0.30163644405130474
0.2535650623885918,0.2727272727272727,0.1622103386809269,0.3114973262032086
0.2540035587188612,0.2713523131672598,0.16058718861209964,0.3140569395017794
0.2516469038208169,0.27316644707949056,0.16073781291172595,0.3144488361879666
0.2465217391304348,0.2856521739130435,0.15478260869565216,0.3130434782608696
0.25010969723562965,0.27512066695919263,0.15401491882404564,0.32075471698113206
0.24901011878574572,0.27584689837219534,0.1561812582490101,0.31896172459304883
0.24944909651829,0.2780960775672102,0.1498457470251212,0.32260907888937856
0.25121412803532006,0.27328918322295803,0.14922737306843267,0.3262693156732892
0.2457293035479632,0.278580814717477,0.15111695137976347,0.32457293035479634
0.24622222222222223,0.2782222222222222,0.14844444444444443,0.32711111111111113
0.2479230432881504,0.2737210319195453,0.15216440752076957,0.3261915172715348
0.2484526967285588,0.27586206896551724,0.15738284703801944,0.3183023872679045
0.24747252747252746,0.27384615384615385,0.16263736263736264,0.316043956043956
0.2507699076110867,0.2710074791025077,0.1583809942806863,0.31984161900571934
0.25066430469441986,0.271036315323295,0.15899025686448184,0.31930912311780335
0.24747252747252746,0.27076923076923076,0.1665934065934066,0.3151648351648352
0.24569155987627045,0.27441449403446755,0.16305788775961114,0.3168360583296509
0.24462011418533158,0.27053140096618356,0.16600790513833993,0.3188405797101449
0.24703296703296704,0.2720879120879121,0.16395604395604396,0.3169230769230769
0.243231247225921,0.2760763426542388,0.1646693297825122,0.316023080337328
0.2460801393728223,0.27918118466898956,0.16506968641114983,0.3096689895470383
0.24561403508771928,0.2807017543859649,0.1649122807017544,0.3087719298245614
0.25144124168514415,0.2749445676274945,0.16452328159645233,0.3090909090909091
0.25066430469441986,0.27812223206377323,0.16563330380868024,0.30558015943312666
0.2545454545454545,0.27583148558758314,0.16895787139689578,0.3006651884700665
0.25393356643356646,0.2718531468531469,0.1687062937062937,0.305506993006993
0.25983208130799823,0.26999558108705257,0.17145382235969953,0.29871851524524967
0.25870427501101806,0.2675187307183781,0.1749669457910974,0.2988100484795064
0.25535714285714284,0.265625,0.175,0.3040178571428571
0.25540361711513015,0.2646669607410675,0.17909131010145568,0.30083811204234673
0.26565970679697914,0.26077298978231894,0.17903154153709464,0.2945357618836073
0.26119402985074625,0.26821773485513606,0.1777875329236172,0.29280070237050043
0.26255506607929513,0.26343612334801764,0.18061674008810572,0.2933920704845815
0.2574430823117338,0.27276707530647987,0.18169877408056043,0.28809106830122594
0.25491071428571427,0.2732142857142857,0.1825892857142857,0.2892857142857143
0.2551422319474836,0.27439824945295405,0.1838074398249453,0.28665207877461707
0.26100217864923747,0.269281045751634,0.18169934640522875,0.2880174291938998
0.2597173144876325,0.2659010600706714,0.18109540636042404,0.29328621908127206
0.2563989408649603,0.264783759929391,0.18005295675198588,0.29876434245366285
0.25362637362637364,0.27076923076923076,0.17714285714285713,0.29846153846153844
0.2548161120840631,0.26970227670753066,0.18126094570928197,0.29422066549912435
0.2520860781730347,0.26877470355731226,0.17918313570487485,0.29995608256477824
0.25552608311229,0.26834659593280286,0.17771883289124668,0.2984084880636605
0.25198237885462554,0.2696035242290749,0.18061674008810572,0.29779735682819386
0.2531868131868132,0.26593406593406593,0.18461538461538463,0.29626373626373625
0.24934612031386225,0.26939843068875324,0.1857018308631212,0.2955536181342633
0.24489795918367346,0.27284826974267967,0.18855368234250222,0.2937000887311446
0.2458442694663167,0.2742782152230971,0.18722659667541558,0.2926509186351706
0.24614707177454867,0.27300748568912375,0.18846323205636284,0.29238221047996477
0.24491600353669318,0.2838196286472148,0.1865605658709107,0.28470380194518125
0.25087719298245614,0.2767543859649123,0.1912280701754386,0.28114035087719297
0.24624889673433362,0.27846425419240955,0.19240953221535745,0.2828773168578994
0.25032708242477103,0.27474923680767555,0.1888355865678151,0.28608809419973835
0.24857518632178868,0.2744410346339325,0.1845681718544498,0.292415607189829
0.249008373732922,0.2723666813574262,0.1859850154252975,0.29263992948435436
0.24889673433362755,0.26654898499558694,0.19020300088261252,0.294351279788173
0.25274243089074155,0.26590609916630104,0.19043440105309345,0.29091706888986396
0.25583443416996915,0.2712461470717745,0.18802289740202555,0.2848965213562307
0.25132275132275134,0.2751322751322751,0.19091710758377425,0.2826278659611993
0.25065963060686014,0.2695690413368514,0.19920844327176782,0.2805628847845207
0.2553657468243539,0.2658782303985983,0.20324134910205868,0.27551467367498905
