R,A,S,N
0.0,1.0,0.0,0.0
0.4,0.6,0.0,0.0
0.4,0.6,0.0,0.0
0.3888888888888889,0.6111111111111112,0.0,0.0
0.4482758620689655,0.4827586206896552,0.06896551724137931,0.0
0.37777777777777777,0.4666666666666667,0.15555555555555556,0.0
0.3150684931506849,0.5068493150684932,0.1780821917808219,0.0
0.3177570093457944,0.5046728971962616,0.1588785046728972,0.018691588785046728
0.2792207792207792,0.5194805194805194,0.16883116883116883,0.032467532467532464
0.2757009345794392,0.48598130841121495,0.205607476635514,0.03271028037383177
0.23465703971119134,0.48014440433212996,0.23826714801444043,0.04693140794223827
0.21428571428571427,0.48626373626373626,0.2445054945054945,0.054945054945054944
0.20046082949308755,0.46543778801843316,0.2626728110599078,0.07142857142857142
0.166044776119403,0.4906716417910448,0.2593283582089552,0.08395522388059702
0.15292353823088456,0.5037481259370314,0.2563718140929535,0.08695652173913043
0.13383838383838384,0.51010101010101,0.255050505050505,0.10101010101010101
0.11425462459194777,0.515778019586507,0.264417845484222,0.10554951033732318
0.11004784688995216,0.5177033492822967,0.2583732057416268,0.11387559808612441
0.09975470155355683,0.5257563368765331,0.25674570727718726,0.11774325429272281
0.09812734082397004,0.5235955056179775,0.2554307116104869,0.12284644194756554
0.09425133689839572,0.5340909090909091,0.24064171122994651,0.13101604278074866
0.09806295399515738,0.5260290556900726,0.2397094430992736,0.13619854721549637
0.09632516703786191,0.5244988864142539,0.23552338530066816,0.14365256124721604
0.0937980522808816,0.5243464889800102,0.2291132752434649,0.15274218349564325
0.0956564177647633,0.5236700829673011,0.22010736944851148,0.1605661298194241
0.0986442262739598,0.5217391304347826,0.21131369798971483,0.16830294530154277
0.10368349249658936,0.5175079581628013,0.20600272851296045,0.17280582082764892
0.10669642857142857,0.5080357142857143,0.2044642857142857,0.18080357142857142
0.108348134991119,0.5071047957371225,0.2113676731793961,0.17317939609236235
0.11130742049469965,0.4995583038869258,0.21687279151943462,0.17226148409893993
0.10965487112276102,0.5010921799912625,0.2162516382699869,0.17300131061598953
0.11555360281195079,0.4903339191564148,0.2148506151142355,0.17926186291739896
0.12196199734865223,0.4904993371630579,0.21078214759169245,0.17675651789659744
0.11644134321849106,0.4875708678587004,0.21064108155255123,0.1853467073702573
0.12234982332155477,0.48542402826855124,0.2053886925795053,0.1868374558303887
0.1237842617152962,0.48364279398762156,0.21352785145888595,0.17904509283819628
0.12533097969991175,0.47793468667255073,0.2122683142100618,0.18446601941747573
0.12549537648612946,0.47688243064729197,0.21003963011889035,0.18758256274768825
0.1234676007005254,0.478984238178634,0.20709281961471104,0.1904553415061296
0.12168141592920353,0.47522123893805307,0.21061946902654868,0.19247787610619468
0.1212784588441331,0.4724168126094571,0.21147110332749564,0.19483362521891417
0.12467076382791922,0.4697102721685689,0.20632133450395082,0.199297629499561
0.12038664323374342,0.46968365553602814,0.20650263620386644,0.20342706502636204
0.1156043956043956,0.4694505494505494,0.21142857142857144,0.20351648351648352
0.1162079510703364,0.472695500218436,0.20882481432940148,0.20227173438182613
0.11741424802110818,0.46701846965699206,0.2106420404573439,0.20492524186455585
0.12187637001315213,0.4682156948706708,0.20517316966242877,0.20473476545374836
0.12777284826974267,0.4649511978704525,0.19787045252883761,0.20940550133096716
0.13103142983621072,0.45905267817618417,0.20318725099601595,0.2067286409915892
0.14029720279720279,0.44493006993006995,0.20279720279720279,0.21197552447552448
0.14148471615720523,0.4388646288209607,0.20698689956331878,0.2126637554585153
0.136986301369863,0.4401237295625276,0.20592134334953602,0.21696862571807335
0.1346578366445916,0.44150110375275936,0.20264900662251656,0.22119205298013245
0.1410989010989011,0.4391208791208791,0.20131868131868133,0.21846153846153846
0.14178775869660942,0.4376926464112726,0.20123293703214443,0.2192866578599736
0.14098073555166374,0.4395796847635727,0.19921190893169877,0.2202276707530648
0.1395961369622476,0.43327480245829675,0.20149253731343283,0.22563652326602282
0.13770347558293006,0.4280686317641883,0.20589529256489222,0.22833260008798945
0.142226148409894,0.4284452296819788,0.2040636042402827,0.2252650176678445
0.14393602843180808,0.42203465126610396,0.20613060861839183,0.22789871168369613
0.14441535776614312,0.4232111692844677,0.20026178010471204,0.23211169284467714
0.14478260869565218,0.41739130434782606,0.20304347826086958,0.23478260869565218
0.14247669773635152,0.41633377718597425,0.20372836218375498,0.23746116289391922
0.1468500443655723,0.4161490683229814,0.2005323868677906,0.23646850044365572
0.14734513274336283,0.41283185840707964,0.20398230088495575,0.23584070796460177
0.15102575294631165,0.40855521606285466,0.2047140986468791,0.2357049323439546
0.15214506855373727,0.4091110128261831,0.2118531623175586,0.226890756302521
0.15516483516483517,0.40307692307692305,0.21054945054945054,0.2312087912087912
0.15483584738243122,0.4028393966282165,0.2111801242236025,0.2311446317657498
0.1564835164835165,0.40923076923076923,0.20659340659340658,0.2276923076923077
0.15717439293598234,0.4075055187637969,0.20662251655629138,0.22869757174392935
0.1586176340274701,0.4014178112538768,0.21754541426672575,0.22241914045192734
0.15924128804587562,0.4022937803264226,0.21879135421261578,0.21967357741508603
0.15945827872433377,0.40672782874617736,0.2127566622979467,0.22105723023154217
0.1584028082492321,0.40193067134708205,0.21720052654673103,0.2224659938569548
0.16630100921456778,0.3988591487494515,0.2150065818341378,0.2198332602018429
0.16327433628318583,0.4004424778761062,0.21548672566371682,0.22079646017699114
0.15947136563876652,0.4017621145374449,0.21409691629955946,0.22466960352422907
0.16239687364307426,0.3986105080330004,0.21450282240555796,0.22448979591836735
0.16630292448712353,0.3998254037538193,0.2130074203404627,0.2208642514185945
0.1629336846728151,0.40096618357487923,0.21519543258673693,0.22090469916556874
0.17188188629352139,0.3900396650506831,0.21551344204495373,0.22256500661084178
0.17071018967798854,0.39435377150419054,0.21393912659902956,0.22099691221879136
0.1712901805372083,0.3980625275209159,0.20915896081021576,0.22148833113166005
0.16791538122520935,0.4001762891141472,0.21022476862053768,0.22168356104010578
0.1718544498027181,0.3941253836036826,0.20780359491451117,0.22621657167908812
0.16976127320954906,0.3978779840848806,0.21087533156498675,0.22148541114058357
0.16924436588599204,0.39770216526734425,0.2129916040653999,0.2200618647812638
0.17071018967798854,0.3890604322893692,0.211733568592854,0.22849580943978826
0.1734333627537511,0.3848190644307149,0.2202118270079435,0.22153574580759047
0.1714160455940377,0.3831652783866725,0.2209557211749233,0.2244629548443665
0.173568281938326,0.3876651982378855,0.21762114537444935,0.2211453744493392
0.17132867132867133,0.38636363636363635,0.2215909090909091,0.22071678321678323
0.17729872415310163,0.3783545974483062,0.2212934447866256,0.22305323361196655
0.18507067137809188,0.37323321554770317,0.22128975265017667,0.22040636042402828
0.1837719298245614,0.36798245614035086,0.22412280701754386,0.22412280701754386
0.1832529592284086,0.3678211310828584,0.21744848750548004,0.23147742218325296
0.18785495849716033,0.3612931411096549,0.21537789427697684,0.23547400611620795
0.19427036705461057,0.3567591763652641,0.20769919427036707,0.2412712623097583
0.1960958296362023,0.354924578527063,0.2129547471162378,0.2360248447204969
0.1927288655278143,0.35830048182216384,0.2084975908891809,0.240473061760841
0.19406890536415178,0.3519406890536415,0.21107719145224596,0.24291321412996075
0.19356241844280123,0.350587211831231,0.21400608960417572,0.24184428012179207
0.1938018332605849,0.3470100392841554,0.22042776080314272,0.23876036665211697
0.19118942731277533,0.34625550660792953,0.22422907488986785,0.23832599118942732
0.1896853146853147,0.34440559440559443,0.2277097902097902,0.2381993006993007
0.19051799824407376,0.3485513608428446,0.22519754170324846,0.23573309920983318
0.19326241134751773,0.3426418439716312,0.22783687943262412,0.23625886524822695
0.19403649310191368,0.3422340898976413,0.22696929238985314,0.2367601246105919
0.1919545255793616,0.34543069523393094,0.22562308701355488,0.2369916921731526
0.19726992514310876,0.3425803610744166,0.22501100836635843,0.23513870541611626
0.19673577415086016,0.3392148213498015,0.22540802823114248,0.23864137626819584
0.19217391304347825,0.34130434782608693,0.23,0.23652173913043478
0.19477644975652944,0.33953076582558656,0.22930500221336875,0.23638778220451528
0.1899911426040744,0.3449955713020372,0.22984942426926483,0.23516386182462357
0.18719646799116998,0.3390728476821192,0.23576158940397351,0.2379690949227373
0.1911504424778761,0.3411504424778761,0.23185840707964603,0.23584070796460177
0.19381898454746138,0.3426048565121413,0.2260485651214128,0.23752759381898456
0.19383259911894274,0.33480176211453744,0.22687224669603523,0.2444933920704846
0.1977052074139453,0.3270079435127979,0.23168578993821712,0.2436010591350397
0.19594892118009688,0.3293703214442977,0.22765301629238222,0.24702774108322326
0.19618055555555555,0.3276909722222222,0.23046875,0.2456597222222222
0.19271290605794555,0.32484635645302895,0.22651448639157157,0.2559262510974539
0.1917808219178082,0.33274414494034465,0.2200618647812638,0.2554131683605833
0.19014084507042253,0.33186619718309857,0.21875,0.2592429577464789
0.18857142857142858,0.3402197802197802,0.2153846153846154,0.2558241758241758
0.1864332603938731,0.34835886214442013,0.21181619256017506,0.25339168490153174
0.18568920105355574,0.3463564530289728,0.21553994732221246,0.252414398595259
0.18097345132743362,0.3438053097345133,0.21814159292035398,0.2570796460176991
0.18257080610021786,0.34596949891067535,0.21873638344226579,0.25272331154684097
0.1901624945103206,0.3421168203776899,0.22485726833552921,0.24286341677646026
0.18857901726427623,0.3452855245683931,0.22266489597166889,0.2434705621956618
0.18758256274768825,0.34522236900044034,0.22192866578599735,0.24526640246587406
0.18761061946902655,0.3411504424778761,0.21991150442477875,0.2513274336283186
0.1880192391779624,0.3441189331001312,0.22037603847835593,0.2474857892435505
0.18546255506607928,0.34889867841409694,0.21629955947136564,0.24933920704845816
0.1881886293521375,0.34684883208461875,0.2115469369766417,0.25341560158660204
0.18995152049360953,0.3543411194358748,0.2124283825473777,0.24327897752313796
0.1900352733686067,0.3509700176366843,0.20767195767195767,0.25132275132275134
0.1890925346446133,0.35046937863209654,0.21054984354045597,0.24988824318283415
0.18859649122807018,0.3539473684210526,0.21271929824561403,0.24473684210526317
0.19070796460176992,0.35221238938053095,0.21150442477876105,0.24557522123893805
0.192696876374835,0.35679718433787944,0.2111746590409151,0.23933128024637043
0.19118942731277533,0.35462555066079293,0.2145374449339207,0.239647577092511
0.19592198581560283,0.35638297872340424,0.21409574468085107,0.23359929078014185
0.19400352733686066,0.3544973544973545,0.2191358024691358,0.23236331569664903
0.19060166886253843,0.3557312252964427,0.22134387351778656,0.23232323232323232
0.19087318999561212,0.35190873189995614,0.2233435717419921,0.23387450636243967
0.18960923623445827,0.34769094138543516,0.22513321492007105,0.23756660746003552
0.18334067871308946,0.3508153371529308,0.22785368003525783,0.2379903040987219
0.18253968253968253,0.3474426807760141,0.22663139329805995,0.24338624338624337
0.1858719646799117,0.34701986754966885,0.223841059602649,0.24326710816777042
0.18312937062937062,0.35096153846153844,0.2159090909090909,0.25
0.1823761508110478,0.3577378342832091,0.2104340201665936,0.2494519947391495
0.18351893095768373,0.3599109131403118,0.21069042316258352,0.24587973273942093
0.18137472283813746,0.3578713968957871,0.21419068736141908,0.2465631929046563
0.17858709960508995,0.362000877577885,0.21544537077665643,0.24396665204036858
0.1782437745740498,0.35561380515508956,0.21712538226299694,0.2490170380078637
0.18058592041976387,0.3528640139921294,0.2229995627459554,0.2435505028421513
0.1800968736239542,0.3619550858652576,0.2144429766622633,0.24350506384852488
0.18145869947275922,0.36291739894551844,0.2148506151142355,0.24077328646748683
0.1807810443176832,0.36024572180781045,0.21632294866169371,0.24265028521281265
0.17587719298245613,0.3631578947368421,0.21140350877192982,0.24956140350877193
0.17485613103142983,0.36697653829127935,0.21204072598494908,0.24612660469234174
0.1855442926399295,0.36359629792860293,0.20229175848391362,0.24856765094755398
0.18904593639575973,0.3568904593639576,0.20936395759717313,0.24469964664310953
0.1911188506747932,0.36264693077927734,0.20113191118850673,0.24510230735742272
0.19327731092436976,0.36267138434321095,0.20079610791685096,0.24325519681556834
0.1960088691796009,0.364079822616408,0.19778270509977827,0.24212860310421286
0.20115967885816236,0.35459411239964317,0.2016057091882248,0.24264049955396966
0.19614711033274956,0.35989492119089317,0.19352014010507881,0.2504378283712785
0.20848056537102475,0.3480565371024735,0.19390459363957596,0.2495583038869258
0.20962800875273524,0.3466083150984683,0.19431072210065645,0.24945295404814005
0.20890260026443366,0.34111943587483473,0.1983252534156016,0.25165271044513
0.21205455345358556,0.34007919049714036,0.1970963484381874,0.2507699076110867
0.2147887323943662,0.3380281690140845,0.1932218309859155,0.2539612676056338
0.21419127368884971,0.34067871308946673,0.19435874834728956,0.250771264874394
0.21328056288478453,0.3381706244503078,0.1948109058927001,0.2537379067722076
0.2134387351778656,0.334211682037769,0.1971892841458059,0.2551602986385595
0.21197339246119734,0.33392461197339246,0.19556541019955653,0.25853658536585367
0.21731448763250882,0.3281802120141343,0.19920494699646643,0.25530035335689044
0.21821381434227893,0.3264408271007479,0.2014958205015398,0.25384953805543337
0.2223202470224967,0.3281870313189237,0.19629466254962505,0.25319805910895454
0.22260718925941966,0.3274144651364227,0.19359029883066262,0.256388046773495
0.22129710780017528,0.32690622261174407,0.19675723049956179,0.25503943908851884
0.22105263157894736,0.3236842105263158,0.193859649122807,0.2614035087719298
0.2192324658138509,0.329510366122629,0.19320688134097927,0.2580502867225408
0.22074468085106383,0.32845744680851063,0.19281914893617022,0.2579787234042553
0.22100175746924428,0.3260105448154657,0.19727592267135324,0.2557117750439367
0.2226596675415573,0.32764654418197725,0.19641294838145232,0.2532808398950131
0.22173144876325088,0.3224381625441696,0.19699646643109542,0.2588339222614841
0.22382829610162067,0.31756460797196673,0.20455540954883925,0.25405168637757336
0.22104799647732276,0.32100396301188905,0.2025539409951563,0.25539409951563186
0.22735346358792186,0.31927175843694494,0.19671403197158083,0.2566607460035524
0.22085889570552147,0.324715162138475,0.19325153374233128,0.26117440841367223
0.21658579620644022,0.3206881340979268,0.1945302161446846,0.2681958535509484
0.22158337019018134,0.3219814241486068,0.18885448916408668,0.26758071649712517
0.22340425531914893,0.3257978723404255,0.1848404255319149,0.26595744680851063
0.22982456140350876,0.32105263157894737,0.1868421052631579,0.26228070175438595
0.22931338028169015,0.3160211267605634,0.18882042253521128,0.2658450704225352
0.23201046663759267,0.30963802878325336,0.19188835586567815,0.2664631487134758
0.23032714412024757,0.3121131741821397,0.1887709991158267,0.268788682581786
0.23735581188997337,0.3025732031943212,0.18855368234250222,0.27151730257320317
0.23532008830022075,0.29492273730684326,0.19293598233995585,0.2768211920529801
0.23740692071835304,0.2956636005256242,0.1896627244853263,0.27726675427069647
0.23790677220756376,0.28715919085312225,0.19393139841688653,0.28100263852242746
0.23994755244755245,0.2928321678321678,0.1909965034965035,0.2762237762237762
0.23477879982479194,0.29303547963206306,0.19229084537888744,0.27989487516425754
0.2359699513919576,0.29783473265576665,0.19001325673884226,0.2761820592134335
0.23888404533565824,0.3016564952048823,0.1891891891891892,0.2702702702702703
0.2384918895221394,0.29986847873739586,0.18982902235861465,0.2718106093818501
0.23936869793950022,0.2985532661113547,0.19158263919333626,0.27049539675580886
0.24375274002630426,0.29110039456378783,0.19333625602805787,0.2718106093818501
0.24867724867724866,0.28880070546737213,0.195326278659612,0.2671957671957672
0.24944812362030905,0.282560706401766,0.19602649006622516,0.27196467991169976
0.24673629242819844,0.2828546562228024,0.19930374238468232,0.2711053089643168
0.24867724867724866,0.2839506172839506,0.195326278659612,0.27204585537918874
0.2536010475774771,0.28109995635093843,0.1951113051069402,0.27018769096464423
0.2463768115942029,0.2889767237593325,0.19938515590689504,0.2652613087395696
0.24956217162872155,0.28283712784588444,0.19658493870402802,0.271015761821366
0.25088495575221237,0.28893805309734516,0.1929203539823009,0.2672566371681416
0.25353356890459366,0.2840106007067138,0.1965547703180212,0.2659010600706714
0.25208241999123193,0.28496273564226215,0.19772029811486191,0.265234546251644
0.2531924262439454,0.2857771906649053,0.19903126376045796,0.2619991193306913
0.24889673433362755,0.29302736098852605,0.20123565754633715,0.25684024713150927
0.25155004428697963,0.29185119574845,0.20150575730735165,0.2550930026572188
0.25044404973357015,0.29618117229129665,0.19538188277087035,0.2579928952042629
0.2430647291941876,0.29722589167767505,0.20299427564949363,0.2567151034786438
0.24582967515364354,0.2914837576821773,0.1997366110623354,0.26294995610184374
0.24142480211081793,0.2985927880386983,0.2040457343887423,0.2559366754617414
0.24342105263157895,0.2982456140350877,0.20087719298245615,0.2574561403508772
0.24122612172367836,0.2927587738782763,0.2025766326077299,0.26343847179031543
0.24493392070484582,0.29515418502202645,0.19647577092511012,0.26343612334801764
0.24098504837291118,0.29991204925241866,0.19217238346525944,0.2669305189094107
0.2437417654808959,0.29117259552042163,0.19675010979358806,0.2683355292050944
0.24923346473937802,0.2925974594831362,0.19491896627244854,0.26325010950503724
0.24739130434782608,0.2965217391304348,0.1934782608695652,0.26260869565217393
0.2422907488986784,0.2960352422907489,0.19515418502202644,0.2665198237885463
0.24246395806028834,0.29576234163390125,0.19484491044124072,0.2669287898645697
0.24802458296751537,0.2967515364354697,0.19315188762071994,0.262071992976295
0.2537313432835821,0.2897278314310799,0.1957857769973661,0.2607550482879719
0.2519650655021834,0.29781659388646287,0.1930131004366812,0.2572052401746725
0.24122612172367836,0.29853398489560196,0.2003553976010662,0.2598844957796535
0.23879272081668887,0.30048823790501555,0.20150909897913893,0.25920994229915667
0.24581497797356827,0.3013215859030837,0.1973568281938326,0.2555066079295154
0.24184428012179207,0.30100043497172685,0.20139190952588082,0.2557633753806003
0.24307692307692308,0.2975824175824176,0.20395604395604397,0.2553846153846154
0.24933920704845816,0.2911894273127753,0.20484581497797358,0.25462555066079295
0.24281291463954002,0.2936753648827952,0.20566121185316233,0.25785050862450243
0.2460456942003515,0.29261862917398945,0.2038664323374341,0.25746924428822493
0.24,0.288695652173913,0.21695652173913044,0.2543478260869565
0.24510230735742272,0.2890727035263387,0.21549847627340007,0.25032651284283847
0.24295774647887325,0.2904929577464789,0.21742957746478872,0.24911971830985916
0.23895759717314488,0.29902826855123676,0.21643109540636044,0.24558303886925795
0.2407982261640798,0.2984478935698448,0.21685144124168515,0.24390243902439024
0.23952359947066607,0.2964269960299956,0.21790913101014556,0.24614027348919276
0.23839009287925697,0.2950022114108801,0.21981424148606812,0.24679345422379478
0.2365734576120728,0.3018197958277852,0.21216156236129605,0.24944518419884598
0.23617208077260754,0.29543459174714665,0.21334503950834066,0.2550482879719052
0.24369747899159663,0.2950022114108801,0.21406457319770014,0.24723573639982308
0.24989191526156507,0.2948551664504972,0.21184608733246865,0.24340683095546908
0.24371970030850595,0.2988100484795064,0.21110621419127368,0.24636403702071397
0.2412280701754386,0.3,0.2149122807017544,0.24385964912280703
0.24061810154525387,0.3019867549668874,0.21368653421633554,0.24370860927152319
0.2405618964003512,0.2980684811237928,0.218612818261633,0.242756804214223
0.24043956043956044,0.3037362637362637,0.21318681318681318,0.24263736263736263
0.23700440528634362,0.3013215859030837,0.2171806167400881,0.2444933920704846
0.24263736263736263,0.301978021978022,0.2175824175824176,0.2378021978021978
0.24174372523117568,0.2998678996036988,0.22192866578599735,0.23645970937912814
0.2401592215833702,0.30296329057938964,0.22069880583812473,0.23617868199911543
0.2441189525077674,0.30403905903240125,0.21615623612960497,0.23568575233022637
0.2412571934484285,0.3054448871181939,0.21336874723328905,0.23992917220008853
0.24689716312056736,0.30141843971631205,0.21099290780141844,0.24069148936170212
0.24019391802556192,0.31115028646981047,0.21022476862053768,0.2384310268840899
0.23834886817576564,0.3062583222370173,0.20905459387483355,0.24633821571238348
0.2423162583518931,0.30734966592427615,0.2071269487750557,0.24320712694877505
0.24561403508771928,0.30701754385964913,0.1986842105263158,0.24868421052631579
0.2489025460930641,0.3064091308165057,0.19885864793678665,0.24582967515364354
0.24956293706293706,0.3076923076923077,0.1958041958041958,0.24694055944055945
0.2514438027543314,0.31141714793425146,0.18880497556641493,0.24833407374500222
0.2570671378091873,0.30918727915194344,0.19037102473498232,0.24337455830388693
0.26104240282685515,0.3118374558303887,0.18507067137809188,0.2420494699646643
0.2612931798051373,0.30646589902568644,0.18556244464127547,0.2466784765279008
0.2627381479840496,0.30527248560035447,0.1896322552060257,0.24235711120957024
0.26938239159001315,0.29610162067455104,0.19097678493210687,0.24353920280332894
0.26327336551118913,0.29530495831505044,0.20008775778850374,0.2413339183852567
0.26125724476148016,0.29558626839054836,0.19839500668747215,0.24476148016049934
0.2606969563299515,0.29157476841640934,0.19894133215703572,0.24878694309660343
0.25813642443156487,0.29736959429335713,0.1966116807846634,0.24788230049041463
0.25429704715733803,0.30365799911855446,0.19171441163508154,0.250330542089026
0.25076452599388377,0.31105286151157713,0.18654434250764526,0.2516382699868938
0.2478108581436077,0.30779334500875655,0.18870402802101577,0.25569176882662
0.24922941435490972,0.3047115808014091,0.1919859092910612,0.25407309555262
0.2474318892362662,0.3028137561411344,0.19383653416703886,0.2559178204555605
0.24263736263736263,0.2927472527472528,0.19604395604395605,0.26857142857142857
0.2410791993037424,0.2963446475195822,0.19103568320278502,0.27154046997389036
0.24495171202809482,0.30114135206321335,0.19051799824407376,0.2633889376646181
0.24823321554770317,0.29770318021201414,0.1877208480565371,0.2663427561837456
0.24239753195240193,0.30542089026002645,0.19435874834728956,0.25782282944028206
0.24315975286849073,0.3031774051191527,0.19549867608120036,0.2581641659311562
0.2363556338028169,0.3164612676056338,0.19058098591549297,0.2566021126760563
0.2336448598130841,0.31019136626613264,0.19403649310191368,0.2621272808188696
0.23234118169702356,0.30875166592625497,0.2016881386050644,0.25721901377165707
0.2402111746590409,0.30576330840299165,0.20061592608886933,0.2534095908490981
0.23201754385964912,0.30394736842105263,0.19956140350877194,0.2644736842105263
0.23490524460114587,0.3124724548259145,0.19391802556192156,0.25870427501101806
0.2333480370533745,0.3123070136744596,0.1945302161446846,0.25981473312748127
0.23506151142355008,0.30667838312829526,0.19463971880492092,0.26362038664323373
0.24509803921568626,0.30614973262032086,0.1893939393939394,0.25935828877005346
0.24475524475524477,0.30288461538461536,0.1875,0.26486013986013984
0.2410437859354268,0.30340557275541796,0.18620079610791684,0.2693498452012384
0.24711623779946762,0.2985803016858917,0.18189884649511978,0.2724046140195209
0.2521968365553603,0.2961335676625659,0.1827768014059754,0.2688927943760984
0.24283825473776993,0.2979286029087704,0.1859850154252975,0.2732481269281622
0.2413339183852567,0.30144800351031154,0.18034225537516455,0.2768758227292672
0.24107536359629794,0.29263992948435436,0.18334067871308946,0.28294402820625825
0.23992917220008853,0.2979194333776007,0.1806108897742364,0.2815405046480744
0.24234470691163604,0.2992125984251969,0.178915135608049,0.2795275590551181
0.23462214411247803,0.29833040421792617,0.18365553602811951,0.28339191564147626
0.23273207215134184,0.300923889133304,0.1847778266608007,0.28156621205455346
0.23371478873239437,0.2913732394366197,0.18661971830985916,0.28829225352112675
0.233392382639504,0.2940655447298494,0.18290522586359612,0.2896368467670505
0.23404255319148937,0.289622231871472,0.18280503690838038,0.2935301780286583
0.23325942350332593,0.29223946784922394,0.1827050997782705,0.2917960088691796
0.23987676056338028,0.29401408450704225,0.18397887323943662,0.28213028169014087
0.2394736842105263,0.2942982456140351,0.17982456140350878,0.2864035087719298
0.23977122745270568,0.289925208974923,0.18565772107347117,0.2846458424989001
0.24232992441084927,0.28457092040907067,0.18230324588706093,0.29079590929301913
0.2398409893992933,0.2826855123674912,0.18286219081272084,0.2946113074204947
0.24289520426287745,0.2744227353463588,0.1878330373001776,0.29484902309058614
0.24669020300088262,0.2731685789938217,0.18887908208296558,0.2912621359223301
0.24151608638166594,0.28162185985015425,0.1881886293521375,0.2886734244160423
0.23544857768052516,0.2805251641137856,0.1899343544857768,0.29409190371991245
0.24298245614035088,0.268859649122807,0.1925438596491228,0.2956140350877193
0.24406332453825857,0.2673702726473175,0.1917326297273527,0.29683377308707126
0.24417069951605808,0.2710074791025077,0.18785745710514737,0.29696436427628686
0.24348210340256296,0.2752982766239505,0.18471056120194432,0.2965090587715422
0.2454585733274258,0.27913159060700043,0.17722640673460346,0.2981834293309703
0.2484608619173263,0.27924362357080035,0.1785400175901495,0.2937554969217238
0.24453193350831146,0.2742782152230971,0.18022747156605423,0.3009623797025372
0.25011008366358434,0.2752091589608102,0.178335535006605,0.29634522236900046
0.24658138509042787,0.27525363917071016,0.18879576532862816,0.2893692104102338
0.25165562913907286,0.26578366445916113,0.19072847682119207,0.291832229580574
0.24955985915492956,0.26452464788732394,0.19234154929577466,0.2935739436619718
0.2508741258741259,0.2631118881118881,0.19143356643356643,0.2945804195804196
0.24550635686102587,0.2626041209995616,0.19596668128014028,0.29592284085927223
0.2498900131984162,0.26044874615046193,0.1992960844698636,0.29036515618125824
0.24934497816593887,0.25283842794759825,0.1965065502183406,0.30131004366812225
0.24846625766871167,0.2537248028045574,0.1971954425942156,0.3006134969325153
0.24714661984196665,0.25768217734855137,0.1971027216856892,0.2980684811237928
0.24344405594405594,0.2583041958041958,0.19886363636363635,0.2993881118881119
0.24249116607773852,0.26501766784452296,0.1965547703180212,0.2959363957597173
0.2472259209942299,0.2663115845539281,0.19130048823790502,0.29516200621393696
0.2461605967529618,0.26195699868363315,0.1961386573058359,0.29574374725756913
0.2503311258278146,0.26225165562913905,0.1947019867549669,0.29271523178807946
0.2523076923076923,0.2571428571428571,0.19604395604395605,0.2945054945054945
0.24944616747895437,0.256092157731502,0.19716437749224636,0.2972972972972973
0.24164065983058403,0.25902808738296923,0.1966116807846634,0.30271957200178334
0.24724548259145,0.25341560158660204,0.19391802556192156,0.30542089026002645
0.24557522123893805,0.2513274336283186,0.19690265486725664,0.30619469026548674
0.2505465675557499,0.24486226497595104,0.19414079580236118,0.3104503716659379
0.2464726631393298,0.24911816578483245,0.19135802469135801,0.31305114638447973
0.24469026548672565,0.252212389380531,0.19336283185840708,0.30973451327433627
0.243566992014197,0.2511091393078971,0.1867790594498669,0.318544809228039
0.24219446922390722,0.2488849241748439,0.1886708296164139,0.320249776984835
0.2406675450153711,0.24242424242424243,0.18928414580588493,0.32762406675450156
0.24638949671772428,0.24507658643326038,0.19037199124726478,0.31816192560175055
0.2424778761061947,0.2420353982300885,0.18716814159292036,0.32831858407079645
0.2429701230228471,0.24648506151142355,0.18848857644991213,0.3220562390158172
0.24005305039787797,0.2475685234305924,0.1839080459770115,0.32847038019451813
0.24356176342208644,0.24749017896115233,0.184199039720646,0.3247490178961152
0.24656927844178841,0.2456839309428951,0.18193891102257637,0.32580787959274016
0.24587973273942093,0.2400890868596882,0.18351893095768373,0.3305122494432071
0.24406332453825857,0.24142480211081793,0.17941952506596306,0.33509234828496043
0.24529128339903636,0.24310118265440211,0.17433201927288655,0.337275514673675
0.24445430346051464,0.24889086069210292,0.1730257320319432,0.3336291038154392
0.2480106100795756,0.2453580901856764,0.17771883289124668,0.32891246684350134
0.24544241885282347,0.25700311249444197,0.17652289906625165,0.3210315695864829
0.24989020641194554,0.2577953447518665,0.17610891523935002,0.31620553359683795
0.2482425307557118,0.2583479789103691,0.17750439367311072,0.31590509666080846
0.2521045635799734,0.25742135578201153,0.17766947275143996,0.3128046078865751
0.25396825396825395,0.24867724867724866,0.18165784832451498,0.31569664902998235
0.254962505513895,0.24834583149536832,0.18306131451257168,0.31363034847816496
0.2583922261484099,0.24293286219081273,0.18197879858657243,0.3166961130742049
0.2537248028045574,0.2392638036809816,0.18098159509202455,0.32602979842243646
0.2559366754617414,0.24406332453825857,0.1772207563764292,0.3227792436235708
0.2559262510974539,0.23836698858647937,0.1804214223002634,0.32528533801580334
0.26027996500437445,0.2384076990376203,0.178915135608049,0.3223972003499563
0.2582781456953642,0.24061810154525387,0.1814569536423841,0.3196467991169978
0.2571807335395493,0.23155103844454264,0.18205921343349535,0.32920901458241275
0.2548758865248227,0.2393617021276596,0.18351063829787234,0.32225177304964536
0.2507618632999565,0.2368306486721811,0.18154114061819765,0.3308663474096648
0.25315904139433554,0.23355119825708062,0.18082788671023964,0.33246187363834423
0.2515391380826737,0.23658751099384345,0.17941952506596306,0.3324538258575198
0.248562582927908,0.23573639982308714,0.17956656346749225,0.33613445378151263
0.25199645075421473,0.2315882874889086,0.17524401064773737,0.3411712511091393
0.2503293807641634,0.23847167325428195,0.17303469477382522,0.33816425120772947
0.24601063829787234,0.23847517730496454,0.17287234042553193,0.3426418439716312
0.25271857329273595,0.24184428012179207,0.16572422792518487,0.3397129186602871
0.2583774250440917,0.23809523809523808,0.16490299823633156,0.3386243386243386
0.2598494909251881,0.23948649845064188,0.16688800354139,0.33377600708278
0.26023131672597866,0.24243772241992884,0.16903914590747332,0.32829181494661924
0.2607538802660754,0.24611973392461198,0.1720620842572062,0.3210643015521064
0.2599118942731278,0.23876651982378855,0.17180616740088106,0.3295154185022026
0.26081200353045014,0.24492497793468668,0.17299205648720212,0.3212709620476611
0.2605633802816901,0.24735915492957747,0.17341549295774647,0.31866197183098594
0.2590149516270888,0.24714160070360597,0.17502198768689534,0.31882145998240985
0.2596026490066225,0.2525386313465784,0.1695364238410596,0.3183222958057395
0.25725593667546176,0.2563764291996482,0.17106420404573439,0.3153034300791557
0.25386313465783666,0.2543046357615894,0.17086092715231788,0.32097130242825606
0.2561511423550088,0.2557117750439367,0.171792618629174,0.3163444639718805
0.24900486510393632,0.26625386996904027,0.167624944714728,0.31711632021229547
0.2484608619173263,0.2673702726473175,0.16666666666666666,0.3175021987686895
0.24802458296751537,0.27568042142230026,0.16374012291483758,0.3125548726953468
0.25021949078138717,0.2787532923617208,0.15935030728709393,0.31167690956979804
0.2548245614035088,0.2824561403508772,0.15745614035087718,0.30526315789473685
0.2542744410346339,0.2801402893467777,0.15344147303814118,0.31214379658044716
0.24524966858152894,0.2832523199292974,0.15466195315952275,0.3168360583296509
0.25044091710758376,0.2843915343915344,0.15035273368606702,0.3148148148148148
0.23748902546093065,0.2906057945566286,0.15364354697102722,0.3182616330114135
0.24089512944273805,0.2882843352347521,0.15269855199648968,0.3181219833260202
0.2462356067316209,0.28476527900797166,0.14968999114260406,0.31930912311780335
0.2416958041958042,0.2880244755244755,0.1472902097902098,0.32298951048951047
0.2439772229522558,0.2794568550153307,0.15462111257117828,0.3219448094612352
0.242091388400703,0.27943760984182775,0.15597539543057998,0.3224956063268893
0.2338638373121132,0.28603006189213087,0.15561450044208666,0.3244916003536693
0.23513870541611626,0.2910612065169529,0.15147512109202993,0.32232496697490093
0.23093873953283384,0.2895548699867783,0.15821947994711327,0.3212869105332746
0.22902796271637815,0.2893919218819352,0.16023080337328008,0.32134931202840655
0.2366345311130587,0.28308501314636286,0.15775635407537247,0.32252410166520595
0.23830345430695235,0.2824661128115435,0.15609969392216877,0.32313073895933536
0.2419140451927337,0.27957465662383696,0.15152857775808595,0.3269827204253434
0.24492497793468668,0.27537511032656664,0.15180935569285084,0.32789055604589584
0.24518388791593695,0.2732049036777583,0.15148861646234676,0.330122591943958
0.24603174603174602,0.27469135802469136,0.15123456790123457,0.328042328042328
0.24292035398230089,0.27477876106194693,0.15132743362831858,0.3309734513274336
0.2420494699646643,0.2787102473498233,0.1519434628975265,0.32729681978798586
0.24083769633507854,0.27530541012216403,0.15401396160558464,0.3298429319371728
0.24140969162995596,0.2788546255506608,0.15418502202643172,0.32555066079295153
0.23876651982378855,0.2806167400881057,0.14933920704845816,0.3312775330396476
0.23565484012264565,0.28865527814279457,0.1498028909329829,0.32588699080157685
0.235216240070609,0.28640776699029125,0.15357458075904679,0.324801412180053
0.2393617021276596,0.27881205673758863,0.1524822695035461,0.32934397163120566
0.2376150811047786,0.2770714598860149,0.15344147303814118,0.3318719859710653
0.24010554089709762,0.27616534740545295,0.1565523306948109,0.32717678100263853
0.23801065719360567,0.28197158081705154,0.15808170515097691,0.3219360568383659
0.2413033905768384,0.2848965213562307,0.1563188022897402,0.31748128577719065
0.24286341677646026,0.28019323671497587,0.15019762845849802,0.32674571805006586
0.24549846288976723,0.279754062362758,0.15239350021958717,0.32235397452788755
0.24660534384581692,0.2803328953131844,0.14848883048620237,0.32457293035479634
0.24605263157894736,0.2807017543859649,0.14956140350877192,0.3236842105263158
0.2432195975503062,0.28258967629046366,0.14741907261592302,0.32677165354330706
0.23934280639431615,0.2793072824156306,0.14342806394316163,0.33792184724689167
0.24834874504623514,0.2765301629238221,0.1457507705856451,0.3293703214442977
0.24714661984196665,0.2752414398595259,0.1488147497805092,0.3287971905179982
0.24338624338624337,0.2804232804232804,0.14329805996472664,0.33289241622574955
0.2403888643393725,0.28501988510826337,0.14228899690676095,0.3323022536456032
0.23925564909171468,0.27957465662383696,0.14665485157288435,0.334514842711564
0.23382867132867133,0.28103146853146854,0.15034965034965034,0.3347902097902098
0.24121265377855888,0.27636203866432335,0.14894551845342707,0.3334797891036907
0.24281291463954002,0.2680229986731535,0.15126050420168066,0.33790358248562585
0.24647887323943662,0.2654049295774648,0.14656690140845072,0.3415492957746479
0.24572180781044317,0.26195699868363315,0.14874945151382185,0.3435717419921018
0.2483429076447194,0.25894829871851527,0.14317277949624393,0.34953601414052143
0.2545054945054945,0.25274725274725274,0.14725274725274726,0.3454945054945055
0.24714160070360597,0.2546174142480211,0.148636763412489,0.3496042216358839
0.24518388791593695,0.2548161120840631,0.1510507880910683,0.3489492119089317
0.24933920704845816,0.24933920704845816,0.1515418502202643,0.3497797356828194
0.24547461368653423,0.24944812362030905,0.1532008830022075,0.3518763796909492
0.24387040280210157,0.2456217162872154,0.14929947460595447,0.36120840630472856
0.2456531431119037,0.24654480606330806,0.15202853321444493,0.3557735176103433
0.24462011418533158,0.24593763724198506,0.1484409310496267,0.36100131752305664
0.2410910690717114,0.24285085789705235,0.1548614166300044,0.36119665640123183
0.24278215223097113,0.24146981627296588,0.15398075240594924,0.36176727909011375
0.23941798941798942,0.24779541446208111,0.1490299823633157,0.3637566137566138
0.23393885688967656,0.24900310146211785,0.1488701816570669,0.3681878599911387
0.23087071240105542,0.24406332453825857,0.1565523306948109,0.3685136323658751
0.23124722592099423,0.2458943630714603,0.1549045716822015,0.367953839325344
0.23985890652557318,0.24250440917107582,0.15432098765432098,0.36331569664902996
0.2424778761061947,0.2411504424778761,0.15353982300884955,0.36283185840707965
0.2439347154830172,0.2368769298632554,0.15086016762240848,0.3683281870313189
0.24319578577699735,0.23661106233538193,0.15364354697102722,0.3665496049165935
0.23202470224966917,0.2333480370533745,0.1552712836347596,0.37935597706219676
0.23418277680140598,0.23198594024604569,0.1546572934973638,0.37917398945518455
0.23915900131406045,0.2395970214629873,0.1498028909329829,0.37144108628996936
0.2422907488986784,0.2343612334801762,0.15066079295154186,0.3726872246696035
0.24368630926007975,0.22950819672131148,0.14443952148870182,0.38236597252990695
0.24736379613356765,0.22319859402460457,0.14762741652021089,0.38181019332161686
0.247585601404741,0.21949078138718173,0.1466198419666374,0.3863037752414399
0.24566088117489987,0.22563417890520696,0.15220293724966621,0.376502002670227
0.24072438162544169,0.2248233215547703,0.15459363957597172,0.37985865724381623
0.24382716049382716,0.22707231040564374,0.14947089947089948,0.37962962962962965
0.2487847989394609,0.22536456031816174,0.15112682280159082,0.3747238179407866
0.2474591250552364,0.22801590808661068,0.15466195315952275,0.3698630136986301
0.2460801393728223,0.2273519163763066,0.15069686411149827,0.3758710801393728
0.24452234881682736,0.23137598597721298,0.14986853637160386,0.37423312883435583
0.24433797909407665,0.23388501742160278,0.1489547038327526,0.37282229965156793
0.24174372523117568,0.2289740202553941,0.14839277851166888,0.3808894760017613
0.2456839309428951,0.22620628596724215,0.14519698981850376,0.382912793271359
0.2527667109340416,0.2244355909694555,0.14696768481629038,0.3758300132802125
0.2539752650176678,0.22835689045936397,0.14929328621908128,0.36837455830388693
0.2576091751213057,0.23114247904719895,0.14380238200264667,0.3674459638288487
0.2616534740545295,0.23087071240105542,0.1455584872471416,0.3619173262972735
0.26784140969162995,0.2286343612334802,0.14669603524229075,0.3568281938325991
0.26973684210526316,0.23026315789473684,0.14692982456140352,0.3530701754385965
0.26742160278745647,0.2312717770034843,0.1485191637630662,0.352787456445993
0.27480245829675154,0.2317822651448639,0.1466198419666374,0.34679543459174716
0.27775340061430454,0.2268538832821413,0.1465555068012286,0.3488372093023256
0.279754062362758,0.2231005709266579,0.1497584541062802,0.34738691260430393
0.27593818984547464,0.2282560706401766,0.15055187637969095,0.34525386313465783
0.27733686067019403,0.22486772486772486,0.14947089947089948,0.34832451499118167
0.2813738441215324,0.22236900044033464,0.14971378247468076,0.3465433729634522
0.28227571115973743,0.2210065645514223,0.15054704595185994,0.3461706783369803
0.2829033668561434,0.22518583296895497,0.15085264538696982,0.3410581547879318
0.2833990363556724,0.22733245729303547,0.14848883048620237,0.3407796758650898
0.2849557522123894,0.21858407079646017,0.15,0.34646017699115045
