R,A,S,N
0.0,1.0,0.0,0.0
0.5,0.5,0.0,0.0
0.5555555555555556,0.4444444444444444,0.0,0.0
0.4117647058823529,0.5882352941176471,0.0,0.0
0.3870967741935484,0.6129032258064516,0.0,0.0
0.32,0.68,0.0,0.0
0.33783783783783783,0.6621621621621622,0.0,0.0
0.28846153846153844,0.6923076923076923,0.019230769230769232,0.0
0.2549019607843137,0.7124183006535948,0.026143790849673203,0.006535947712418301
0.23786407766990292,0.7087378640776699,0.043689320388349516,0.009708737864077669
0.21554770318021202,0.7102473498233216,0.045936395759717315,0.028268551236749116
0.20708446866485014,0.6975476839237057,0.05722070844686648,0.03814713896457766
0.2053388090349076,0.6858316221765913,0.059548254620123205,0.049281314168377825
0.20068027210884354,0.6717687074829932,0.06802721088435375,0.05952380952380952
0.19093406593406592,0.6730769230769231,0.07280219780219781,0.06318681318681318
0.19158878504672897,0.6600467289719626,0.08060747663551401,0.06775700934579439
0.195,0.657,0.074,0.074
0.1906005221932115,0.6579634464751958,0.07397737162750218,0.07745865970409051
0.19706336939721794,0.6476043276661515,0.07573415765069552,0.07959814528593509
0.20254957507082152,0.6437677053824362,0.06728045325779036,0.08640226628895184
0.2118421052631579,0.631578947368421,0.06447368421052632,0.09210526315789473
0.2141982864137087,0.6217870257037944,0.06731946144430845,0.0966952264381885
0.22621809744779584,0.6044083526682135,0.06786542923433875,0.10150812064965198
0.23118570655116405,0.6020573903627504,0.07092582566323768,0.09583107742284785
0.2422360248447205,0.5848861283643892,0.07246376811594203,0.10041407867494824
0.2412259021255561,0.5753830944142363,0.07464162135442412,0.10874938210578348
0.24794586756887385,0.5601739971000483,0.07878202029966168,0.11309811503141615
0.24658180103724658,0.5544554455445545,0.08156529938708157,0.1173974540311174
0.24433132808884775,0.5539102267468764,0.08329477093937991,0.11846367422489588
0.24909255898366606,0.54491833030853,0.0852994555353902,0.1206896551724138
0.25388371060807813,0.5392809587217043,0.08300044385264092,0.12383488681757657
0.25431989366415597,0.5369960124058485,0.08196721311475409,0.12671688081524146
0.25066079295154187,0.5378854625550661,0.08149779735682819,0.1299559471365639
0.2465934065934066,0.5393406593406593,0.08703296703296703,0.12703296703296704
0.24814976055724858,0.5350457117979974,0.08794079233783196,0.12886373530692208
0.24607329842931938,0.537085514834206,0.08595113438045375,0.13089005235602094
0.2437636761487965,0.5321663019693654,0.0862144420131291,0.13785557986870897
0.2501095050372317,0.5326325010950503,0.08103372755146737,0.13622426631625054
0.2570546737213404,0.5229276895943563,0.08112874779541446,0.1388888888888889
0.25662544169611307,0.5256183745583038,0.08303886925795052,0.13471731448763252
0.24978204010462074,0.523539668700959,0.08718395815170009,0.13949433304272013
0.24857017157941047,0.5200175978882534,0.09018917729872415,0.14122305323361198
0.2444836716681377,0.5167696381288615,0.09311562224183584,0.14563106796116504
0.25309187279151946,0.5123674911660777,0.09319787985865724,0.1413427561837456
0.2532865907099036,0.5074496056091148,0.0985977212971078,0.1406660823838738
0.24825174825174826,0.5083041958041958,0.10227272727272728,0.14117132867132867
0.24101665205959685,0.5056967572304996,0.10385626643295355,0.14943032427695005
0.24518388791593695,0.4964973730297723,0.10595446584938704,0.15236427320490367
0.2440423654015887,0.4942630185348632,0.10988526037069726,0.15180935569285084
0.246776345042241,0.49399733214762115,0.10938194753223655,0.1498443752779013
0.2409428197293758,0.4954168485377564,0.10868616324749018,0.15495416848537757
0.24091108190976784,0.4980289093298292,0.10819097678493211,0.15286903197547086
0.24351648351648353,0.49714285714285716,0.10461538461538461,0.15472527472527473
0.2474591250552364,0.49094122845779936,0.10517012814847547,0.15642951833848873
0.24451273046532046,0.49209833187006147,0.09877085162423178,0.1646180860403863
0.24269264836138174,0.49601417183348095,0.10186005314437556,0.15943312666076173
0.2428698752228164,0.4875222816399287,0.10249554367201426,0.16711229946524064
0.2411190053285968,0.488898756660746,0.10657193605683836,0.16341030195381884
0.24412937527691625,0.48028356225077534,0.10633584404076207,0.1692512184315463
0.24431818181818182,0.479458041958042,0.10664335664335664,0.16958041958041958
0.24299474605954466,0.4798598949211909,0.10464098073555167,0.1725043782837128
0.2370860927152318,0.4768211920529801,0.10772626931567329,0.17836644591611478
0.24305249228054698,0.4768416409351566,0.10807234230260256,0.17203352448169387
0.24269264836138174,0.47564216120460584,0.10894596988485385,0.17271922054915856
0.23976868327402134,0.4719750889679715,0.10809608540925267,0.18016014234875444
0.23446452181577787,0.4742177170559718,0.10885852798589687,0.18245923314235346
0.23573309920983318,0.47102721685689203,0.11281826163301141,0.1804214223002634
0.24416042309387395,0.46760687527545175,0.11106214191273689,0.1771705597179374
0.25099955575299865,0.4615726343847179,0.11061750333185251,0.17681030653043092
0.2530594405594406,0.4593531468531469,0.10664335664335664,0.18094405594405594
0.2544897065265002,0.4533508541392904,0.10819097678493211,0.18396846254927726
0.2528533801580334,0.45302897278314314,0.10842844600526778,0.18568920105355574
0.25793650793650796,0.44753086419753085,0.10846560846560846,0.18606701940035272
0.25589519650655024,0.4489082969432314,0.11135371179039301,0.18384279475982532
0.2604074402125775,0.43622674933569533,0.1133746678476528,0.1899911426040744
0.25613565372601516,0.4381972333779563,0.1111111111111111,0.19455600178491744
0.2571807335395493,0.43791427308882014,0.11091471498011489,0.1939902783915157
0.2571053782247486,0.44075207695671187,0.10975076519457805,0.19239177962396153
0.25769569041336854,0.43535620052770446,0.11081794195250659,0.1961301671064204
0.2608125819134993,0.4333770205329838,0.10441240716470074,0.2013979903888161
0.2657618213660245,0.4242556917688266,0.11077057793345009,0.19921190893169877
0.2642825992150022,0.42259049280418665,0.11426079372001745,0.19886611426079373
0.25983208130799823,0.4233318603623509,0.11621741051701281,0.20061864781263808
0.25833333333333336,0.431140350877193,0.11535087719298245,0.19517543859649122
0.2607538802660754,0.42572062084257206,0.11263858093126386,0.2008869179600887
0.2607929515418502,0.42422907488986783,0.1092511013215859,0.20572687224669603
0.24966502903081733,0.4323358642251005,0.1094238499330058,0.2085752568110764
0.25764966740576495,0.42172949002217297,0.10909090909090909,0.21152993348115298
0.25859030837004404,0.4198237885462555,0.10881057268722467,0.21277533039647578
0.2579225352112676,0.41813380281690143,0.10783450704225352,0.21610915492957747
0.2535211267605634,0.4216549295774648,0.10915492957746478,0.21566901408450703
0.25419240953221534,0.4183583406884378,0.10635481023830538,0.2210944395410415
0.2580502867225408,0.40758711954124394,0.11071901191001324,0.22364358182620203
0.26643295354951796,0.4084136722173532,0.11174408413672217,0.21340929009640666
0.26625386996904027,0.40380362671384346,0.1096859796550199,0.22025652366209642
0.2693646649260226,0.3981723237597911,0.10922541340295909,0.22323759791122716
0.27224669603524226,0.3973568281938326,0.1066079295154185,0.22378854625550662
0.2734891927657697,0.39082487869430965,0.10983678870754301,0.2258491398323776
0.2736796158882584,0.3915320820602357,0.11305106940200786,0.22173723264949805
0.27420774647887325,0.3824823943661972,0.12059859154929578,0.2227112676056338
0.26704795424549055,0.38143422789265286,0.12406511218653761,0.22745270567531897
0.2631578947368421,0.38080495356037153,0.12295444493586909,0.23308270676691728
0.262974269515918,0.3759267335368513,0.12429132141299608,0.23680767553423462
0.2615923009623797,0.378827646544182,0.12510936132983377,0.23447069116360456
0.26173604960141716,0.3804251550044287,0.12533215234720993,0.2325066430469442
0.2580357142857143,0.37991071428571427,0.12366071428571429,0.23839285714285716
0.2589833479404032,0.38299737072743206,0.12532865907099036,0.2326906222611744
0.2536136662286465,0.38896189224704336,0.1252737625930793,0.23215067893123084
0.25914499779638606,0.376817981489643,0.12692816218598502,0.2371088585279859
0.2568888888888889,0.3808888888888889,0.12044444444444445,0.24177777777777779
0.25701754385964914,0.37894736842105264,0.12368421052631579,0.24035087719298245
0.25277161862527714,0.37472283813747226,0.1246119733924612,0.24789356984478936
0.25,0.3776223776223776,0.11888111888111888,0.2534965034965035
0.25021949078138717,0.3788410886742757,0.11984196663740122,0.2510974539069359
0.2517482517482518,0.3754370629370629,0.11756993006993006,0.25524475524475526
0.25917735515258733,0.3697478991596639,0.1167624944714728,0.254312251216276
0.26016615653694797,0.3664188893747267,0.11762133799737648,0.25579361609094886
0.25963668586619404,0.36685866194062916,0.11874169251218432,0.25476295968099244
0.2581069237510955,0.3659070990359334,0.1161262050832603,0.2598597721297108
0.2578947368421053,0.35789473684210527,0.12017543859649123,0.26403508771929823
0.2578397212543554,0.35801393728222997,0.12456445993031359,0.259581881533101
0.2571428571428571,0.3569230769230769,0.12087912087912088,0.26505494505494503
0.26271561256081377,0.3520566121185316,0.11853162317558602,0.26669615214506853
0.2634836427939876,0.35587975243147657,0.1198054818744474,0.2608311229000884
0.26297273526824977,0.35092348284960423,0.12269129287598944,0.26341248900615655
0.26730937773882557,0.3448729184925504,0.12182296231375986,0.2659947414548642
0.26081200353045014,0.3473080317740512,0.1204766107678729,0.27140335392762577
0.2605228178998671,0.3455914931324767,0.12405848471422241,0.26982720425343376
0.2665788317962231,0.3412384716732543,0.12384716732542819,0.2683355292050944
0.26607929515418505,0.34140969162995594,0.1211453744493392,0.2713656387665198
0.25675077467906154,0.34971226206285966,0.1217352810978309,0.2718016821602479
0.2576091751213057,0.3546537273930304,0.11733568592853992,0.27040141155712394
0.25917636526410026,0.35452103849597133,0.11772605192479857,0.26857654431512984
0.25881302989736726,0.35832217759928603,0.11334225792057118,0.26952253458277553
0.2501098901098901,0.3626373626373626,0.10857142857142857,0.2786813186813187
0.25088495575221237,0.36150442477876105,0.11371681415929204,0.2738938053097345
0.24769433465085638,0.36846728151075975,0.11242863416776461,0.27140974967061926
0.2516469038208169,0.36802810715854195,0.10408432147562582,0.27624066754501536
0.2522202486678508,0.36190053285968027,0.10701598579040852,0.27886323268206037
0.24536628420123566,0.3649602824360106,0.11076787290379524,0.27890556045895853
0.24602473498233215,0.36484098939929327,0.10998233215547704,0.2791519434628975
0.249025552187094,0.3633607622347336,0.10913815504547424,0.27847553053269813
0.247585601404741,0.3595258999122037,0.1106233538191396,0.28226514486391574
0.24585876198779424,0.36006974716652135,0.11072362685265912,0.2833478639930253
0.24547461368653423,0.36026490066225164,0.11169977924944813,0.282560706401766
0.24415011037527592,0.36467991169977926,0.10949227373068433,0.28167770419426047
0.24833997343957503,0.3567950420540062,0.11066843736166446,0.28419654714475434
0.25277654375832964,0.35806308307418927,0.10839626832518881,0.2807641048422923
0.2567269519188355,0.34891927657697397,0.1133656815174239,0.28098808998676666
0.2564892212934448,0.34799824021117465,0.1139463264408271,0.28156621205455346
0.24845542806707854,0.353927625772286,0.1147396293027361,0.2828773168578994
0.25185832968954963,0.35330126803672934,0.11281154350677744,0.2820288587669436
0.2510974539069359,0.35864793678665496,0.11501316944688324,0.2752414398595259
0.24691358024691357,0.3584656084656085,0.11375661375661375,0.2808641975308642
0.2537182852143482,0.34908136482939633,0.1167979002624672,0.2804024496937883
0.25631929046563195,0.35121951219512193,0.11574279379157427,0.27671840354767185
0.2618213660245184,0.3432574430823117,0.11208406304728546,0.28283712784588444
0.2621145374449339,0.34845814977973566,0.11189427312775331,0.2775330396475771
0.2631578947368421,0.34807607253427686,0.11145510835913312,0.2773109243697479
0.2657558395769061,0.3503746143675628,0.11018069634200088,0.2736888497135302
0.26018396846254926,0.34734997809899254,0.10950503723171266,0.2829610162067455
0.2600441501103753,0.3487858719646799,0.10949227373068433,0.28167770419426047
0.2512227656736327,0.35482436638506004,0.1084926634059582,0.28546020453534904
0.24714160070360597,0.36147757255936674,0.10554089709762533,0.2858399296394019
0.2491243432574431,0.3607705779334501,0.101138353765324,0.28896672504378285
0.2581211589113257,0.3542581211589113,0.10008779631255488,0.28753292361720806
0.26071741032370954,0.3547681539807524,0.0984251968503937,0.28608923884514437
0.2649350649350649,0.3476190476190476,0.10346320346320347,0.283982683982684
0.2584070796460177,0.3530973451327434,0.10176991150442478,0.2867256637168142
0.26123348017621145,0.34933920704845817,0.09911894273127753,0.29030837004405285
0.25746924428822493,0.35369068541300525,0.09710017574692442,0.29173989455184535
0.2623022847100176,0.3462214411247803,0.09710017574692442,0.29437609841827767
0.2611184500220167,0.3478643769264641,0.09863496257155438,0.29238221047996477
0.26849800620292424,0.34027470093043866,0.0974745237040319,0.29375276916260523
0.27212681638044917,0.3377366798767063,0.0977542932628798,0.29238221047996477
0.26940035273368607,0.33641975308641975,0.09876543209876543,0.29541446208112876
0.2717925793473402,0.3303531515422441,0.10415735359856951,0.29369691551184623
0.27076923076923076,0.3274725274725275,0.1076923076923077,0.29406593406593406
0.2662280701754386,0.3333333333333333,0.10964912280701754,0.29078947368421054
0.26936619718309857,0.3279049295774648,0.10959507042253522,0.29313380281690143
0.2685388328214129,0.3400614304519526,0.1039929793769197,0.28740675734971477
0.27084252315835905,0.32995147772386413,0.10674900749889722,0.29245699161887956
0.2706140350877193,0.3285087719298246,0.11008771929824561,0.29078947368421054
0.2703900709219858,0.32136524822695034,0.11347517730496454,0.29476950354609927
0.27045951859956235,0.32297592997811814,0.10765864332603939,0.2989059080962801
0.2792149866190901,0.32292595896520965,0.10883140053523639,0.28902765388046386
0.27767936226749335,0.32063773250664307,0.10584588131089459,0.295837023914969
0.2801418439716312,0.31382978723404253,0.10505319148936171,0.30097517730496454
0.2846425419240953,0.3031774051191527,0.10900264783759929,0.3031774051191527
0.2814292015880018,0.3043670048522276,0.11160123511248346,0.3026025584472872
0.2775330396475771,0.3052863436123348,0.11233480176211454,0.3048458149779736
0.27616534740545295,0.30474934036939316,0.11125769569041337,0.30782761653474056
0.2769704975781594,0.30250990752972257,0.10920299427564949,0.31131660061646854
0.2754650132860939,0.30558015943312666,0.11071744906997343,0.30823737821080605
0.28395604395604396,0.30241758241758243,0.10989010989010989,0.3037362637362637
0.28162185985015425,0.3120317320405465,0.10841780520052886,0.2979286029087704
0.28118113706478626,0.31687968267959454,0.10973997355663288,0.29219920669898636
0.27816901408450706,0.31382042253521125,0.11091549295774648,0.2970950704225352
0.277119016249451,0.3126921387790953,0.1067193675889328,0.30346947738252084
0.2806167400881057,0.31894273127753303,0.1026431718061674,0.29779735682819386
0.2764654418197725,0.3188976377952756,0.1084864391951006,0.29615048118985127
0.2781427945685502,0.31756460797196673,0.10643889618922471,0.29785370127025845
0.2731643356643357,0.319493006993007,0.10576923076923077,0.30157342657342656
0.27654867256637167,0.3146017699115044,0.10929203539823008,0.2995575221238938
0.27685589519650655,0.32489082969432315,0.10655021834061135,0.29170305676855895
0.2781954887218045,0.31623175586023883,0.11366651923927466,0.291906236178682
0.2754385964912281,0.31798245614035087,0.11271929824561404,0.29385964912280704
0.27324312527280664,0.312090790048014,0.11828895678742907,0.2963771278917503
0.27256715103478646,0.313518273888155,0.11712901805372083,0.29678555702333775
0.2773403324584427,0.30708661417322836,0.11592300962379702,0.2996500437445319
0.275022143489814,0.30558015943312666,0.11426040744021258,0.3051372896368468
0.26928162185985016,0.3089466725429705,0.11899515204936095,0.3027765535478184
0.2671688081524147,0.30527248560035447,0.11829862649534781,0.309260079751883
0.2701275846898372,0.3031236251649802,0.11922569291684998,0.3075230972283326
0.2672831351827389,0.3042712461470718,0.11800968736239542,0.3104359313077939
0.2603160667251975,0.3160667251975417,0.1141352063213345,0.3094820017559263
0.26855123674911663,0.30697879858657245,0.11395759717314488,0.31051236749116606
0.26223776223776224,0.3103146853146853,0.11756993006993006,0.3098776223776224
0.2630646589902569,0.3046944198405669,0.11824623560673161,0.31399468556244464
0.25930851063829785,0.30895390070921985,0.11613475177304965,0.31560283687943264
0.26027996500437445,0.30752405949256345,0.1163604549431321,0.31583552055993
0.26290251433612705,0.30524922805469784,0.11468901632112924,0.3171592412880459
0.27019867549668874,0.3033112582781457,0.10816777041942605,0.3183222958057395
0.2696035242290749,0.30352422907488985,0.1092511013215859,0.31762114537444935
0.2686762778505898,0.308431629532547,0.11009174311926606,0.3128003494975972
0.269687637483502,0.3070831500219974,0.1117465904091509,0.31148262208534977
0.27436347673397715,0.30070237050043896,0.10886742756804214,0.3160667251975417
0.26445916114790285,0.31037527593818987,0.10728476821192053,0.31788079470198677
0.2752982766239505,0.30799823243482105,0.10737958462218294,0.3093239063190455
0.2736098852603707,0.30759046778464255,0.11076787290379524,0.30803177405119153
0.269687637483502,0.3079630444346678,0.11526616805983282,0.3070831500219974
0.27604395604395604,0.30065934065934063,0.11648351648351649,0.3068131868131868
0.2748460861917326,0.30782761653474056,0.11125769569041337,0.30606860158311344
0.27149122807017545,0.30833333333333335,0.11666666666666667,0.30350877192982456
0.26982041173894,0.30924222514235655,0.11300919842312747,0.307928164695576
0.27128363475959416,0.29730921923246584,0.1129245699161888,0.31848257609175123
0.27651183172655563,0.2953549517966696,0.11568799298860649,0.3124452234881683
0.28174603174603174,0.29717813051146386,0.11199294532627865,0.3090828924162258
0.27816901408450706,0.29577464788732394,0.10959507042253522,0.3164612676056338
0.2810170977641385,0.29504603244191147,0.10565541429197721,0.31828145550197284
0.2759078830823738,0.29007971656333037,0.10983170947741364,0.32418069087688217
0.2788844621513944,0.2886232846392209,0.10801239486498451,0.3244798583444002
0.27586206896551724,0.28764731558271495,0.10650371017023134,0.32998690528153646
0.2798064232292125,0.28156621205455346,0.10866695996480423,0.32996040475142985
0.28300220750551874,0.282560706401766,0.11169977924944813,0.3227373068432671
0.28144239226033424,0.2862796833773087,0.11433597185576078,0.3179419525065963
0.279090113735783,0.2900262467191601,0.10979877515310586,0.321084864391951
0.2850838481906443,0.2855251544571933,0.11297440423654016,0.31641659311562226
0.2914639540026537,0.28084918177797435,0.11410880141530297,0.31357806280406897
0.2810834813499112,0.2824156305506217,0.11634103019538189,0.32015985790408524
0.2826373626373626,0.28087912087912087,0.1178021978021978,0.31868131868131866
0.28182616330114135,0.28314310798946446,0.1189640035118525,0.3160667251975417
0.2864013992129427,0.28071709663314387,0.11674682990817666,0.31613467424573677
0.287677304964539,0.2779255319148936,0.11524822695035461,0.3191489361702128
0.2836153161175423,0.28450578806767585,0.11620658949243098,0.3156723063223508
0.28395604395604396,0.2786813186813187,0.12043956043956044,0.3169230769230769
0.284326710816777,0.2781456953642384,0.11743929359823399,0.3200883002207506
0.2916666666666667,0.28114035087719297,0.11710526315789474,0.31008771929824563
0.29199648197009676,0.28671943711521547,0.11345646437994723,0.30782761653474056
0.2921447484554281,0.2815533980582524,0.11694616063548102,0.30935569285083847
0.29573712255772644,0.2810834813499112,0.1172291296625222,0.30595026642984013
0.2921249450065992,0.2754069511658601,0.11834579850417949,0.3141223053233612
0.28327495621716287,0.27714535901926446,0.12302977232924693,0.31654991243432573
0.2926287744227353,0.26687388987566607,0.12744227353463589,0.3130550621669627
0.28111209179170343,0.2687555163283319,0.12797881729920565,0.32215357458075905
0.2857777777777778,0.26666666666666666,0.12533333333333332,0.32222222222222224
0.2813321647677476,0.261612620508326,0.12751971954425942,0.32953549517966696
0.2860915492957746,0.2579225352112676,0.12588028169014084,0.3301056338028169
0.2837659480862297,0.2498900131984162,0.12890453145622524,0.3374395072591289
0.28496503496503495,0.24825174825174826,0.13068181818181818,0.3361013986013986
0.2785871964679912,0.25739514348785875,0.12671081677704193,0.3373068432671082
0.28395604395604396,0.2549450549450549,0.12615384615384614,0.33494505494505494
0.2795275590551181,0.26202974628171477,0.12817147856517935,0.33027121609798776
0.27926348092941694,0.26085050416483996,0.12845243314335816,0.3314335817623849
0.2815107597716293,0.2577953447518665,0.12692138779095302,0.33377250768555117
0.2847711267605634,0.25704225352112675,0.125,0.3331866197183099
0.2840106007067138,0.25574204946996465,0.12897526501766785,0.33127208480565373
0.2855268911237429,0.2544818539571491,0.13467424573677306,0.3253170091823349
0.2793468667255075,0.2528684907325684,0.1412180052956752,0.3265666372462489
0.28679078014184395,0.25842198581560283,0.1347517730496454,0.3200354609929078
0.28258007898200965,0.26107942079859586,0.13602457218078104,0.3203159280386134
0.2823788546255507,0.26255506607929513,0.1343612334801762,0.320704845814978
0.2804931748128578,0.26420079260237783,0.13870541611624834,0.31660061646851606
0.2784417884019478,0.26294820717131473,0.13988490482514387,0.3187250996015936
0.2741792369121562,0.26619343389529726,0.13930789707187222,0.3203194321206744
0.27589285714285716,0.2683035714285714,0.13303571428571428,0.32276785714285716
0.2839396628216504,0.26175687666370895,0.13043478260869565,0.323868677905945
0.2822085889570552,0.2589833479404032,0.13540753724802804,0.32340052585451357
0.27527352297593,0.2673960612691466,0.13260393873085338,0.32472647702407004
0.27472527472527475,0.269010989010989,0.13494505494505493,0.3213186813186813
0.27931488801054016,0.2635046113306983,0.13746157224418093,0.3197189284145806
0.27994734532689775,0.2628345765686705,0.13470820535322509,0.3225098727512067
0.2857142857142857,0.2588183421516755,0.1335978835978836,0.3218694885361552
0.28565121412803535,0.25695364238410595,0.13642384105960265,0.32097130242825606
0.28790534618755476,0.2581069237510955,0.13540753724802804,0.31858019281332167
0.2846425419240953,0.26037069726390116,0.13371579876434245,0.3212709620476611
0.28495809439788267,0.25540361711513015,0.13718570798411997,0.32245258050286724
0.2877254729432468,0.25736911570611526,0.1372635283765948,0.3176418829740431
0.29056437389770723,0.2552910052910053,0.13139329805996472,0.32275132275132273
0.2988100484795064,0.251211987659762,0.12825033054208904,0.32172763331864257
0.29289810322011467,0.2602558447287164,0.12659902955447727,0.3202470224966917
0.2988556338028169,0.2548415492957746,0.12808098591549297,0.3182218309859155
0.306401766004415,0.25518763796909494,0.12141280353200883,0.31699779249448123
0.2992957746478873,0.25440140845070425,0.12059859154929578,0.3257042253521127
0.30341506129597196,0.25569176882662,0.11952714535901926,0.3213660245183888
0.3086745926904447,0.25803610744165567,0.11580801409070894,0.31748128577719065
0.30603258476442097,0.25451343020695727,0.11712901805372083,0.32232496697490093
0.3108581436077058,0.2552539404553415,0.11690017513134851,0.3169877408056042
0.3174672489082969,0.25327510917030566,0.11746724890829695,0.31179039301310046
0.31741821396993813,0.2515473032714412,0.12157382847038019,0.3094606542882405
0.31170539237176675,0.25558965366067515,0.12319158263919333,0.30951337132836476
0.3165057067603161,0.2581211589113257,0.12071992976294996,0.30465320456540823
0.30779392338177014,0.261558784676354,0.12241303390576838,0.30823425803610743
0.30759104870557263,0.26107942079859586,0.12461605967529618,0.30671347082053535
0.30599647266313934,0.26587301587301587,0.12874779541446207,0.2993827160493827
0.3095446584938704,0.2574430823117338,0.1295971978984238,0.30341506129597196
0.30526315789473685,0.25701754385964914,0.13289473684210526,0.3048245614035088
0.3037199124726477,0.2608315098468271,0.13216630196936544,0.30328227571115973
0.3062665489849956,0.2586054721977052,0.12709620476610767,0.30803177405119153
0.3076923076923077,0.268788682581786,0.1259946949602122,0.2975243147656941
0.3089395267309378,0.26818580192813324,0.12094653812445223,0.30192813321647677
0.31651173085436035,0.26693227091633465,0.12040725984949092,0.2961487383798141
0.3122546881814217,0.262974269515918,0.12123855211513301,0.30353249018752726
0.32202643171806167,0.2665198237885463,0.11806167400881057,0.2933920704845815
0.3148636763412489,0.2678100263852243,0.12225153913808268,0.29507475813544415
0.3099955966534566,0.261558784676354,0.1202113606340819,0.30823425803610743
0.3153034300791557,0.25813544415127526,0.12313104661389622,0.3034300791556728
0.3168706293706294,0.26223776223776224,0.125,0.2958916083916084
0.3126376045794804,0.2633201232937032,0.12593571114046676,0.29810656098634963
0.31138246838203226,0.26559092891408637,0.12778020061055387,0.29524640209332753
0.3075221238938053,0.2646017699115044,0.12920353982300886,0.29867256637168144
0.3058978873239437,0.26672535211267606,0.13160211267605634,0.29577464788732394
0.3074561403508772,0.2618421052631579,0.1337719298245614,0.2969298245614035
0.3074547860608734,0.2695191883546537,0.1305690339655933,0.29245699161887956
0.30949227373068433,0.271523178807947,0.13024282560706402,0.28874172185430463
0.31076923076923074,0.2756043956043956,0.1279120879120879,0.2857142857142857
0.3099027409372237,0.27276746242263483,0.1259946949602122,0.29133510167992926
0.31382042253521125,0.26672535211267606,0.12764084507042253,0.2918133802816901
0.3156059285091543,0.2689625108979948,0.12510897994768963,0.2903225806451613
0.3132372214941022,0.2673656618610747,0.12625600698995196,0.2931411096548711
0.32323232323232326,0.26262626262626265,0.12428634167764603,0.2898550724637681
0.32672831351827386,0.25935711140466755,0.1202113606340819,0.29370321444297665
0.3230769230769231,0.26461538461538464,0.11604395604395605,0.29626373626373625
0.3303964757709251,0.2581497797356828,0.11541850220264317,0.2960352422907489
0.32671957671957674,0.2601410934744268,0.11331569664902998,0.2998236331569665
0.3241106719367589,0.2604303908651735,0.11286780851998243,0.3025911286780852
0.3235685752330226,0.25787838437638705,0.11540168664003551,0.3031513537505548
0.3286405631324241,0.26044874615046193,0.11306643202815662,0.2978442586889573
0.32891246684350134,0.25906277630415564,0.11450044208664899,0.2975243147656941
0.3290972830850131,0.25766871165644173,0.11831726555652936,0.29491673970201576
0.3296799649276633,0.2599736957474792,0.1183691363437089,0.2919772029811486
0.34023799030409874,0.255178492728074,0.11679153812252094,0.28779197884530633
0.33818342151675485,0.25440917107583777,0.11948853615520282,0.2879188712522046
0.34067871308946673,0.25253415601586604,0.11855442926399296,0.2882327016306743
0.35079225352112675,0.2438380281690141,0.11795774647887323,0.28741197183098594
0.34373626373626376,0.2413186813186813,0.11956043956043956,0.2953846153846154
0.34740545294635006,0.2436235708003518,0.11521547933157432,0.2937554969217238
0.3410683012259194,0.24737302977232925,0.11164623467600701,0.2999124343257443
0.33996463306808133,0.2458001768346596,0.11715296198054818,0.29708222811671087
0.34173297966401417,0.2458001768346596,0.11803713527851459,0.29442970822281167
0.35008818342151676,0.24779541446208111,0.11596119929453262,0.2861552028218695
0.3590989399293286,0.23895759717314488,0.11749116607773852,0.284452296819788
0.3502650176678445,0.24469964664310953,0.11439929328621908,0.29063604240282687
0.34863195057369817,0.23786407766990292,0.11694616063548102,0.2965578111209179
0.35208791208791207,0.2421978021978022,0.11648351648351649,0.28923076923076924
0.3458480565371025,0.24381625441696114,0.11749116607773852,0.2928445229681979
0.3466312056737589,0.2473404255319149,0.11657801418439716,0.2894503546099291
0.35242675994752953,0.2439877568867512,0.11980760822037603,0.28377787494534323
0.3532801418439716,0.24911347517730498,0.11303191489361702,0.2845744680851064
0.354295837023915,0.24402125775022143,0.11470327723649247,0.2869796279893711
0.35847382431233366,0.24755989352262645,0.11490683229813664,0.2790594498669033
0.3584656084656085,0.24735449735449735,0.11022927689594356,0.2839506172839506
0.3647523016220956,0.23936869793950022,0.11266988163086365,0.28320911880754057
0.36432049579459935,0.2478972996901284,0.1133244798583444,0.27445772465692786
0.36456031816173223,0.24613345117101193,0.10782147591692444,0.2814847547503314
0.36047535211267606,0.24647887323943662,0.10871478873239436,0.28433098591549294
0.3600877192982456,0.2513157894736842,0.10833333333333334,0.2802631578947368
0.36427320490367776,0.2504378283712785,0.10989492119089317,0.2753940455341506
0.35597706219673575,0.25363917071018965,0.10895456550507278,0.2814292015880018
0.35811702595688516,0.25692916849978004,0.10778706555213374,0.27716673999120106
0.3578345070422535,0.26276408450704225,0.10871478873239436,0.2706866197183099
0.3578345070422535,0.26848591549295775,0.11091549295774648,0.26276408450704225
0.3665934065934066,0.2641758241758242,0.11120879120879121,0.258021978021978
0.36876640419947504,0.26815398075240593,0.11023622047244094,0.25284339457567806
0.37605696484201157,0.25723186470850024,0.11259457053849577,0.25411659991099245
0.3662714097496706,0.2639437856829161,0.11506368028107158,0.2547211242863417
0.3601750547045952,0.2608315098468271,0.11597374179431072,0.263019693654267
0.3634361233480176,0.25726872246696036,0.1211453744493392,0.2581497797356828
0.3647523016220956,0.2542744410346339,0.12231477422183253,0.25865848312143797
0.3633141338059371,0.25387682764731945,0.12095702259636686,0.2618520159503766
0.3630348478164976,0.2602558447287164,0.11954124393471548,0.2571680635200706
0.36323658751099386,0.25769569041336854,0.12093227792436236,0.25813544415127526
0.36280087527352295,0.262144420131291,0.11597374179431072,0.2590809628008753
0.36134453781512604,0.26006191950464397,0.12030075187969924,0.25829279080053075
0.3578345070422535,0.2689260563380282,0.11883802816901408,0.25440140845070425
0.35899692036955566,0.26264848218213815,0.1205455345358557,0.2578090629124505
0.36363636363636365,0.2611973392461197,0.11929046563192905,0.25587583148558757
0.36495388669301715,0.2621870882740448,0.11286780851998243,0.25999121651295565
0.3669885864793679,0.2585601404741001,0.11457418788410886,0.2598770851624232
0.3653250773993808,0.2565236620964175,0.11543564794338788,0.26271561256081377
0.36351590106007065,0.2513250883392226,0.11837455830388692,0.2667844522968198
0.3622936576889661,0.2571676802780191,0.11424847958297132,0.26629018245004343
0.35413899955732625,0.2602921646746348,0.11199645861000443,0.2735723771580345
0.3579595426561126,0.26033421284080915,0.11125769569041337,0.2704485488126649
0.3505747126436782,0.2612732095490716,0.11229000884173299,0.27586206896551724
0.3518930957683742,0.25478841870824054,0.11046770601336303,0.2828507795100223
0.3547103051747015,0.25342768686421935,0.11057054400707651,0.2812914639540027
0.3584070796460177,0.25398230088495577,0.1084070796460177,0.27920353982300883
0.35562444641275465,0.25642161204605846,0.10806023029229407,0.27989371124889284
0.3515418502202643,0.2599118942731278,0.10748898678414097,0.28105726872246695
0.3461706783369803,0.26783369803063456,0.10897155361050329,0.27702407002188184
0.34366812227074234,0.2668122270742358,0.11353711790393013,0.2759825327510917
0.3474835886214442,0.2660831509846827,0.11466083150984682,0.27177242888402625
0.34069818824569154,0.2708793636765356,0.11400795404330534,0.27441449403446755
0.34902309058614567,0.2642095914742451,0.11456483126110124,0.272202486678508
0.3481710004407228,0.26487439400617013,0.11150286469810489,0.2754517408550022
0.3462897526501767,0.26148409893992935,0.11307420494699646,0.2791519434628975
0.35090828533451485,0.26362428001772265,0.10810810810810811,0.2773593265396544
0.349185380889476,0.2677234698370762,0.11140466754733598,0.2716864817261119
0.3512323943661972,0.26452464788732394,0.11179577464788733,0.27244718309859156
0.3545019573727708,0.2662026968247064,0.10874293170943888,0.27055241409308395
0.358348134991119,0.26243339253996445,0.11412078152753108,0.2650976909413854
0.35541904344010533,0.2667836770513383,0.11145239139973673,0.2663448881088197
0.3576158940397351,0.26225165562913905,0.10860927152317881,0.271523178807947
0.36103781882145997,0.25549692172383465,0.1090589270008795,0.27440633245382584
0.357862461673237,0.2645641699518178,0.10906701708278581,0.26850635129215944
0.3588943379402586,0.26482389656709765,0.1043245653143112,0.2719572001783326
0.36067019400352734,0.26455026455026454,0.10537918871252204,0.26940035273368607
0.3543307086614173,0.2699037620297463,0.1036745406824147,0.27209098862642167
0.3535045711797997,0.27296473661297344,0.10361340879407924,0.2699172834131476
0.3545816733067729,0.2695883134130146,0.10712704736609119,0.2687029659141213
0.3509467195068252,0.27080581241743723,0.1083223249669749,0.26992514310876264
0.3476148409893993,0.27252650176678445,0.10821554770318022,0.27164310954063603
0.34072759538598046,0.27284826974267967,0.11135758651286602,0.27506654835847383
0.34073745002221234,0.27587738782763216,0.10573078631719236,0.27765437583296315
0.34469200524246396,0.2765399737876802,0.10135430318916558,0.27741371778069024
0.3428943937418514,0.2746631899174272,0.10126032159930465,0.28118209474141675
0.34347442680776014,0.28174603174603174,0.10141093474426807,0.27336860670194
0.34612031386224934,0.28116826503923276,0.1006974716652136,0.27201394943330426
0.3442188879082083,0.28067078552515445,0.09929390997352162,0.2758164165931156
0.34363957597173145,0.28091872791519434,0.0980565371024735,0.2773851590106007
0.3424778761061947,0.2814159292035398,0.09867256637168141,0.2774336283185841
0.34339457567804027,0.2764654418197725,0.09886264216972879,0.28127734033245844
0.3509933774834437,0.27770419426048565,0.0988962472406181,0.27240618101545255
0.3491098567086409,0.27876682587928786,0.10160660008684325,0.270516717325228
0.3424416042309387,0.28206258263552225,0.10180696342000882,0.2736888497135302
0.34505494505494505,0.2857142857142857,0.09846153846153846,0.27076923076923076
0.3393248575186322,0.290223586146427,0.10258658483121438,0.26786497150372646
0.34566270365477764,0.2906208718626156,0.09863496257155438,0.2650814619110524
0.34997809899255367,0.2864651773981603,0.0994305738063951,0.26412614980289095
0.34967462039045555,0.2854663774403471,0.09761388286334056,0.2672451193058568
0.3500221533008418,0.28444838280903856,0.09703145768719539,0.26849800620292424
0.3447204968944099,0.28748890860692106,0.09893522626441881,0.2688553682342502
0.35100788781770376,0.287467134092901,0.09903593339176162,0.2624890446976337
0.3543859649122807,0.2807017543859649,0.1,0.2649122807017544
0.34797891036906853,0.29130052724077327,0.09973637961335677,0.2609841827768014
0.34811529933481156,0.2886917960088692,0.10022172949002217,0.26297117516629714
0.3485513608428446,0.2901668129938543,0.0961369622475856,0.26514486391571557
0.3447669305189094,0.29331574318381703,0.09718557607739665,0.2647317502198769
0.3416447944006999,0.2983377077865267,0.10192475940507437,0.25809273840769903
0.33713784021071114,0.30201931518876207,0.10491659350307288,0.2559262510974539
0.3405286343612335,0.2947136563876652,0.10704845814977973,0.2577092511013216
0.34363957597173145,0.2840106007067138,0.11219081272084806,0.26015901060070673
0.3378734622144112,0.28690685413005274,0.11906854130052724,0.2561511423550088
0.34069818824569154,0.28104286345558993,0.1175430844012373,0.2607158638974812
0.33858267716535434,0.28565179352580927,0.1167979002624672,0.2589676290463692
0.3390501319261214,0.287598944591029,0.11917326297273527,0.2541776605101143
0.3451015004413063,0.28949691085613416,0.11253309796999117,0.2528684907325684
0.33742869679684073,0.2904782799473453,0.11540149188240456,0.2566915313734094
0.3347921225382932,0.2989059080962801,0.11772428884026258,0.2485776805251641
0.33935654473336274,0.2970471573380344,0.11811370647862494,0.24548259144997797
0.33827375762859635,0.3029642545771578,0.11726242371403661,0.24149956408020923
0.3410886742756804,0.30070237050043896,0.11852502194907814,0.23968393327480245
0.3458480565371025,0.2946113074204947,0.11704946996466431,0.24249116607773852
0.3424242424242424,0.2956709956709957,0.11341991341991342,0.24848484848484848
0.3462384513858337,0.29256489221293447,0.1139463264408271,0.24725032996040475
0.34538327526132406,0.29442508710801396,0.11541811846689895,0.24477351916376305
0.3384750991626267,0.2899955927721463,0.12075804319083297,0.250771264874394
0.3391111111111111,0.28755555555555556,0.12355555555555556,0.24977777777777777
0.3405958203646065,0.29168519341929744,0.12138728323699421,0.2463317029791018
0.34354194407456723,0.29072347980470487,0.11984021304926765,0.2458943630714603
0.34484265734265734,0.2867132867132867,0.12674825174825174,0.2416958041958042
0.3463736263736264,0.28923076923076924,0.1221978021978022,0.2421978021978022
0.3494931687968268,0.2860290877038343,0.12340237990304098,0.24107536359629794
0.34845814977973566,0.2854625550660793,0.1211453744493392,0.24493392070484582
0.350177304964539,0.28324468085106386,0.11613475177304965,0.2504432624113475
0.3542581211589113,0.27699736611062337,0.11501316944688324,0.2537313432835821
0.35286343612334803,0.27709251101321586,0.11497797356828193,0.2550660792951542
0.3651785714285714,0.275,0.10892857142857143,0.25089285714285714
0.36750998668442075,0.2663115845539281,0.11229471815357302,0.25388371060807813
0.37145390070921985,0.26640070921985815,0.1077127659574468,0.25443262411347517
0.37367957746478875,0.2636443661971831,0.10651408450704225,0.25616197183098594
0.37282229965156793,0.26480836236933797,0.10627177700348432,0.25609756097560976
0.3746678476527901,0.26217891939769705,0.10717449069973428,0.25597874224977857
0.37949167397020156,0.2537248028045574,0.1056091148115688,0.26117440841367223
0.372843874391862,0.25696594427244585,0.10659000442282177,0.2636001769128704
0.3731931668856767,0.2588699080157687,0.0976784932106877,0.27025843188786686
0.3773168578993822,0.25198587819947044,0.10194174757281553,0.2687555163283319
0.370989010989011,0.25758241758241757,0.0945054945054945,0.27692307692307694
0.3677110530896432,0.25674499564838993,0.09486510008703221,0.28067885117493474
0.3670774647887324,0.2548415492957746,0.09815140845070422,0.27992957746478875
0.3621071270473661,0.2589641434262948,0.09783089862771138,0.2810978308986277
0.3642413487133984,0.2604259094942325,0.09849157054125998,0.27684117125110913
0.36231884057971014,0.2577953447518665,0.09793588054457619,0.28194993412384717
0.3637566137566138,0.2566137566137566,0.09567901234567901,0.2839506172839506
0.3679369250985545,0.2606219886114761,0.09592641261498029,0.27551467367498905
0.3612931411096549,0.2577544779379642,0.0982961992136304,0.28265618173875057
0.35809018567639256,0.2595048629531388,0.10389036251105217,0.27851458885941643
0.3651635720601238,0.25906277630415564,0.10123784261715296,0.27453580901856767
0.3597185576077397,0.2612137203166227,0.10026385224274406,0.27880386983289357
0.36232517482517484,0.2556818181818182,0.10052447552447552,0.28146853146853146
0.36687170474516695,0.25746924428822493,0.0984182776801406,0.2772407732864675
0.3643581826202029,0.2567269519188355,0.09395677106307895,0.28495809439788267
0.36527472527472526,0.26065934065934065,0.09362637362637363,0.2804395604395604
0.3662842012356575,0.2559576345984113,0.09752868490732568,0.2802294792586055
0.36529884032114185,0.2569134701159679,0.0967885816235504,0.28099910793933985
0.37248028045574055,0.25854513584574934,0.09377738825591586,0.2751971954425942
