R,A,S,N
0.0,0.0,1.0,0.0
0.0,0.0,1.0,0.0
0.2,0.0,0.8,0.0
0.1111111111111111,0.0,0.7777777777777778,0.1111111111111111
0.13333333333333333,0.06666666666666667,0.7333333333333333,0.06666666666666667
0.13333333333333333,0.13333333333333333,0.6666666666666666,0.06666666666666667
0.140625,0.140625,0.65625,0.0625
0.15841584158415842,0.15841584158415842,0.6237623762376238,0.0594059405940594
0.14788732394366197,0.19014084507042253,0.5845070422535211,0.07746478873239436
0.135678391959799,0.18592964824120603,0.5829145728643216,0.09547738693467336
0.13090909090909092,0.20727272727272728,0.5527272727272727,0.10909090909090909
0.13934426229508196,0.20218579234972678,0.5491803278688525,0.1092896174863388
0.133630289532294,0.22271714922049,0.5256124721603563,0.11804008908685969
0.137291280148423,0.22263450834879406,0.5194805194805194,0.12059369202226346
0.13129770992366413,0.22900763358778625,0.517557251908397,0.12213740458015267
0.13367609254498714,0.2249357326478149,0.5218508997429306,0.11953727506426735
0.125,0.23574561403508773,0.5142543859649122,0.125
0.1346153846153846,0.24615384615384617,0.4951923076923077,0.12403846153846154
0.13740458015267176,0.25190839694656486,0.4868532654792197,0.12383375742154368
0.13707865168539327,0.2606741573033708,0.48314606741573035,0.11910112359550562
0.14771953710006808,0.2634445200816882,0.4690265486725664,0.11980939414567733
0.14436838830118232,0.2657125077784692,0.4685749844430616,0.12134411947728686
0.15072463768115943,0.2655072463768116,0.46956521739130436,0.11420289855072464
0.15880758807588075,0.27154471544715447,0.45528455284552843,0.11436314363143632
0.15826972010178117,0.27938931297709924,0.44376590330788807,0.11857506361323156
0.16046966731898238,0.27837573385518594,0.44080234833659493,0.12035225048923678
0.16404387219837863,0.27801621363853124,0.4287076776347163,0.12923223652837387
0.1767723880597015,0.27705223880597013,0.4230410447761194,0.12313432835820895
0.17434507678410116,0.2750677506775068,0.4196025293586269,0.13098464317976513
0.17900403768506057,0.26783310901749663,0.4190219829519964,0.1341408703454464
0.17644464049404499,0.27569475077194533,0.41288045875606527,0.1349801499779444
0.17517605633802816,0.2733274647887324,0.4110915492957746,0.14040492957746478
0.18290522586359612,0.271036315323295,0.40566873339238263,0.1403897254207263
0.1814962372731297,0.27622841965471445,0.4032757857459053,0.13899955732625055
0.18882042253521128,0.2715669014084507,0.4014084507042254,0.1382042253521127
0.18217909131010146,0.28054697838553155,0.40052933392148216,0.13674459638288486
0.17830146731880836,0.28056914184081816,0.40240106714095153,0.13872832369942195
0.18213814342278928,0.278926528816542,0.3941926968763748,0.14474263088429387
0.18453427065026362,0.2851493848857645,0.38927943760984185,0.14103690685413006
0.1857707509881423,0.2845849802371542,0.3838383838383838,0.1458058849363197
0.17967008470798038,0.28354881854658937,0.38386090057958094,0.15292019616584931
0.18229623137598597,0.28439964943032425,0.3895705521472393,0.1437335670464505
0.18539823008849557,0.28584070796460176,0.3823008849557522,0.14646017699115044
0.1878868258178603,0.28514588859416445,0.3735632183908046,0.15340406719717065
0.18213814342278928,0.289925208974923,0.37219533655961284,0.15574131104267488
0.18077601410934743,0.29188712522045857,0.36860670194003525,0.15873015873015872
0.18498896247240618,0.291832229580574,0.3629139072847682,0.16026490066225166
0.1795324217026908,0.2968681076312307,0.3590648434053816,0.16453462726069695
0.1830122591943958,0.3021015761821366,0.3480735551663748,0.1668126094570928
0.18518518518518517,0.30158730158730157,0.3403880070546737,0.1728395061728395
0.18580192813321647,0.2971078001752848,0.34005258545135847,0.17703768624014024
0.18946436476316955,0.29437804338202744,0.33510402833111996,0.18105356352368304
0.18507067137809188,0.2963780918727915,0.32641342756183744,0.19213780918727916
0.18567059851463522,0.30013106159895153,0.32284840541721277,0.1913499344692005
0.18967798853109838,0.30569033965593295,0.30921923246581384,0.19541243934715483
0.18322981366459629,0.3070097604259095,0.3087843833185448,0.20097604259094942
0.18021201413427562,0.30742049469964666,0.30653710247349825,0.2058303886925795
0.18376254910519424,0.300742034046268,0.3090353557398516,0.20646006110868617
0.18305531167690958,0.29850746268656714,0.3090430201931519,0.20939420544337137
0.18609766827980642,0.30576330840299165,0.2965244170699516,0.21161460624725034
0.18638925010836585,0.3025574338968357,0.29908972691807545,0.21196358907672302
0.1795324217026908,0.30216144684605206,0.2995147772386414,0.21879135421261578
0.17831858407079645,0.3035398230088496,0.29646017699115046,0.22168141592920354
0.18258551754775657,0.30786317192358953,0.2914260328742781,0.21812527765437584
0.1835387323943662,0.304137323943662,0.2887323943661972,0.22359154929577466
0.18796662274923145,0.30303030303030304,0.2828282828282828,0.2261747913921827
0.1877208480565371,0.2999116607773852,0.2848939929328622,0.22747349823321555
0.18892794376098418,0.30140597539543057,0.2781195079086116,0.23154657293497363
0.18761061946902655,0.3088495575221239,0.2734513274336283,0.23008849557522124
0.18902169101372288,0.30721558211598055,0.26693227091633465,0.23683045595396193
0.1822594880847308,0.30450132391879964,0.2705207413945278,0.24271844660194175
0.18826619964973731,0.30253940455341505,0.2679509632224168,0.24124343257443082
0.1852343059239611,0.3059239610963749,0.26657824933687,0.242263483642794
0.18763604701784936,0.3090988245537658,0.26469307792773183,0.23857205050065303
0.19329214474845544,0.3067078552515446,0.263459841129744,0.23654015887025595
0.19534679543459174,0.3086040386303775,0.25768217734855137,0.23836698858647937
0.19111111111111112,0.30533333333333335,0.26666666666666666,0.2368888888888889
0.18725274725274726,0.31076923076923074,0.2602197802197802,0.24175824175824176
0.18325991189427313,0.3052863436123348,0.26607929515418505,0.24537444933920705
0.18880208333333334,0.3012152777777778,0.2690972222222222,0.24088541666666666
0.19082969432314412,0.29563318777292574,0.26593886462882094,0.24759825327510918
0.18973905351614329,0.3051747014595312,0.2622733303847855,0.24281291463954002
0.1957092819614711,0.30122591943957966,0.2578809106830123,0.24518388791593695
0.19705751226036558,0.30450289790459206,0.25635309852875615,0.24208649130628623
0.19161147902869757,0.30772626931567326,0.25386313465783666,0.2467991169977925
0.19374724790841039,0.309114927344782,0.24790841039189784,0.24922941435490972
0.19568091670339358,0.31026884089907447,0.249889819303658,0.24416042309387395
0.1970963484381874,0.31060272767267927,0.24417069951605808,0.24813022437307522
0.19296703296703296,0.3112087912087912,0.24527472527472527,0.25054945054945055
0.19982394366197184,0.3089788732394366,0.23899647887323944,0.2522007042253521
0.2,0.31233480176211453,0.23215859030837005,0.2555066079295154
0.20140412461605967,0.3093462044756472,0.23475208424747696,0.2544975866608161
0.2030008826125331,0.3058252427184466,0.23786407766990292,0.2533097969991174
0.1980591089545655,0.30613145125716806,0.23908248786943095,0.2567269519188355
0.2016586643387167,0.3037974683544304,0.2343954604975993,0.2601484068092536
0.2072743207712533,0.30762489044697633,0.2283085013146363,0.2567922874671341
0.20124389160373168,0.3136383829409152,0.22923145268769435,0.2558862727676588
0.20683610867659946,0.30762489044697633,0.23006134969325154,0.25547765118317267
0.2088830255057168,0.3021108179419525,0.2357080035180299,0.2532981530343008
0.2094446873633581,0.3038915609969392,0.23305640577175338,0.25360734586794925
0.204,0.30266666666666664,0.23555555555555555,0.2577777777777778
0.20484581497797358,0.29779735682819386,0.24008810572687225,0.25726872246696036
0.2052304964539007,0.299645390070922,0.2300531914893617,0.2650709219858156
0.20079260237780713,0.29678555702333775,0.23910171730515192,0.2633201232937032
0.2015880017644464,0.30083811204234673,0.2333480370533745,0.2642258491398324
0.20616740088105726,0.30176211453744495,0.22555066079295155,0.2665198237885463
0.21283185840707963,0.2942477876106195,0.2234513274336283,0.26946902654867255
0.21004366812227074,0.3,0.22314410480349345,0.2668122270742358
0.21027216856892011,0.29982440737489024,0.22344161545215102,0.2664618086040386
0.20497999110715873,0.3041351711871943,0.2218763895064473,0.26900844819919967
0.21038732394366197,0.3089788732394366,0.2169894366197183,0.2636443661971831
0.211733568592854,0.30966034406704895,0.2112924569916189,0.26731363034847816
0.2102496714848883,0.3123083661848445,0.20805957074025405,0.26938239159001315
0.20930232558139536,0.3080298376480913,0.20315928038613426,0.2795085563843791
0.21237384817902588,0.31329530495831504,0.19131197893813076,0.2830188679245283
0.210872424375274,0.3169662428759316,0.19026742656729503,0.28189390618149934
0.21595416483032173,0.30718378140149843,0.19259585720581754,0.2842661965623623
0.2196868008948546,0.30156599552572705,0.1906040268456376,0.28814317673378076
0.21318681318681318,0.30153846153846153,0.19076923076923077,0.2945054945054945
0.218804920913884,0.3062390158172232,0.18717047451669597,0.28778558875219684
0.21479185119574845,0.31089459698848537,0.18467670504871567,0.2896368467670505
0.21631205673758866,0.3129432624113475,0.18661347517730498,0.2841312056737589
0.22251539138082674,0.30826737027264733,0.1820580474934037,0.28715919085312225
0.22309368191721132,0.3067538126361656,0.18344226579520698,0.2867102396514161
0.23043095866314864,0.30562884784520666,0.18337730870712401,0.2805628847845207
0.22924901185770752,0.3021519543258674,0.18401405357927098,0.2845849802371542
0.22783143107989465,0.30597014925373134,0.18173836698858647,0.2844600526777875
0.23080317740511916,0.3053839364518976,0.1787290379523389,0.2850838481906443
0.22607550482879718,0.3064091308165057,0.17734855136084285,0.2901668129938543
0.2262902514336127,0.3078958976621085,0.1799735333039259,0.2858403176003529
0.22519754170324846,0.3112379280070237,0.17734855136084285,0.286215978928885
0.2267313630348478,0.30524922805469784,0.17909131010145568,0.28892809880899867
0.22044444444444444,0.31333333333333335,0.17733333333333334,0.28888888888888886
0.21859850154252974,0.31732040546496254,0.17893345085940943,0.2851476421330983
0.22416812609457093,0.3183012259194396,0.17469352014010509,0.28283712784588444
0.22071083808688022,0.314611671785871,0.1799034664326459,0.2847740236946029
0.22017543859649122,0.31359649122807015,0.17675438596491228,0.2894736842105263
0.21612046058458814,0.31399468556244464,0.17227635075287864,0.2976085031000886
0.2223210315695865,0.3116940862605602,0.16985326811916407,0.2961316140506892
0.22362685265911073,0.31037489102005233,0.16957279860505667,0.29642545771578027
0.21658579620644022,0.30966034406704895,0.17115130127922365,0.3026025584472872
0.2233435717419921,0.30671347082053535,0.16981132075471697,0.3001316366827556
0.22807017543859648,0.2986842105263158,0.17017543859649123,0.3030701754385965
0.22924901185770752,0.30303030303030304,0.17215634606938954,0.29556433904259993
0.22817025010969724,0.30276437033786746,0.17770952172005267,0.2913558578323826
0.23128046078865752,0.3017279574656624,0.17766947275143996,0.28932210899424016
0.2260907888937858,0.3001322168356104,0.18069634200088144,0.29308065226972235
0.22813186813186814,0.3076923076923077,0.17714285714285713,0.28703296703296705
0.22539543057996486,0.3093145869947276,0.17794376098418277,0.28734622144112476
0.22172949002217296,0.3121951219512195,0.17560975609756097,0.29046563192904656
0.22565217391304349,0.31,0.17391304347826086,0.29043478260869565
0.22849580943978826,0.3074547860608734,0.17644464049404499,0.28760476400529333
0.224977856510186,0.31089459698848537,0.18423383525243578,0.27989371124889284
0.22677234698370763,0.31748128577719065,0.17657419638925584,0.27917217084984586
0.22517421602787457,0.31402439024390244,0.1837979094076655,0.2770034843205575
0.2263320123293703,0.3152796125055042,0.1809775429326288,0.2774108322324967
0.22553751645458534,0.30890741553312856,0.17770952172005267,0.2878455462922334
0.2296099290780142,0.3071808510638298,0.18085106382978725,0.2823581560283688
0.2318840579710145,0.3069828722002635,0.1756697408871322,0.2854633289415898
0.22961657117672984,0.3093873953283385,0.1754076685764654,0.2855883649184663
0.22843309859154928,0.3089788732394366,0.17341549295774647,0.2891725352112676
0.2255338078291815,0.3136120996441281,0.17393238434163702,0.28692170818505336
0.22529644268774704,0.3241106719367589,0.16556873078612208,0.28502415458937197
0.2237544483985765,0.3251779359430605,0.16236654804270462,0.28870106761565834
0.2302573203194321,0.321206743566992,0.16459627329192547,0.2839396628216504
0.22548161120840632,0.3222416812609457,0.1690017513134851,0.28327495621716287
0.22893692104102337,0.3167181296868108,0.16453462726069695,0.2898103220114689
0.2363238512035011,0.3146608315098468,0.15798687089715535,0.2910284463894967
0.23471664435519857,0.3172690763052209,0.16331994645247658,0.284694332887104
0.23690004403346543,0.3143989431968296,0.16424482606781154,0.28445618670189343
0.23897707231040563,0.3148148148148148,0.164021164021164,0.2821869488536155
0.23853615520282187,0.32275132275132273,0.16137566137566137,0.27733686067019403
0.2357866901718819,0.3252534156015866,0.15777875716174528,0.28118113706478626
0.22948661693725317,0.3225098727512067,0.1636682755594559,0.2843352347520842
0.22841965471447542,0.32580787959274016,0.1637892872952634,0.281983178397521
0.2326710816777042,0.32847682119205296,0.16556291390728478,0.27328918322295803
0.23148558758314855,0.3215077605321508,0.16940133037694013,0.2776053215077605
0.2368881118881119,0.32124125874125875,0.16783216783216784,0.27403846153846156
0.23916887709991158,0.3165340406719717,0.16799292661361626,0.27630415561450045
0.23902439024390243,0.3188470066518847,0.16851441241685144,0.2736141906873614
0.23719081272084805,0.31625441696113077,0.16784452296819788,0.2787102473498233
0.2311756935270806,0.31616028181417877,0.17040951122853368,0.28225451343020697
0.23813670004353504,0.3125816282107096,0.17239878101872008,0.27688289072703526
0.24068391056554142,0.31170539237176675,0.1696624287593161,0.2779482683033757
0.24121265377855888,0.31282952548330406,0.17091388400702986,0.2750439367311072
0.23938053097345133,0.3185840707964602,0.16769911504424778,0.2743362831858407
0.23998219056099732,0.31834372217275153,0.16073018699910951,0.2809439002671416
0.23925564909171468,0.3128046078865751,0.16393442622950818,0.28400531679220203
0.23973509933774834,0.3165562913907285,0.16247240618101547,0.28123620309050773
0.2377994676131322,0.3101153504880213,0.17169476486246674,0.2803904170363798
0.23903312444046554,0.3088630259623993,0.1683079677708147,0.2837958818263205
0.2394736842105263,0.30657894736842106,0.1649122807017544,0.28903508771929826
0.2430647291941876,0.3007485689123734,0.166446499339498,0.289740202553941
0.24110671936758893,0.30171277997364954,0.1686429512516469,0.2885375494071146
0.24493392070484582,0.30088105726872244,0.1669603524229075,0.2872246696035242
0.24527472527472527,0.29934065934065934,0.1657142857142857,0.2896703296703297
0.24304021210782148,0.3040212107821476,0.16261599646486966,0.2903225806451613
0.24269264836138174,0.30336581045172717,0.16386182462356066,0.29007971656333037
0.2498900131984162,0.30048394192696876,0.16454025516937967,0.28508578970523535
0.24658740642888596,0.3007485689123734,0.1682078379568472,0.28445618670189343
0.24714661984196665,0.29631255487269537,0.1694468832309043,0.2870939420544337
0.24390243902439024,0.29490022172949004,0.16895787139689578,0.29223946784922394
0.23942433493240298,0.29568251199302226,0.1639773222852159,0.3009158307893589
0.24648506151142355,0.30184534270650265,0.15377855887521968,0.29789103690685415
0.24363476733977174,0.30245829675153646,0.1527655838454785,0.30114135206321335
0.2465934065934066,0.2989010989010989,0.15384615384615385,0.30065934065934063
0.24301552106430155,0.30376940133037694,0.15432372505543238,0.29889135254988913
0.2431718061674009,0.3,0.1537444933920705,0.3030837004405286
0.250996015936255,0.29836210712704736,0.150066401062417,0.30057547587428063
0.2423841059602649,0.3068432671081678,0.15143487858719648,0.2993377483443709
0.2405618964003512,0.31387181738366987,0.15057067603160668,0.29499561018437226
0.23769771528998243,0.3110720562390158,0.14938488576449913,0.30184534270650265
0.2395970214629873,0.3066141042487954,0.15024091108190976,0.3035479632063075
0.2447460595446585,0.3095446584938704,0.14667250437828372,0.29903677758318736
0.24278215223097113,0.3088363954505687,0.15223097112860892,0.29615048118985127
0.23887900355871886,0.3145017793594306,0.1534697508896797,0.2931494661921708
0.24435590969455512,0.3187250996015936,0.15050907481186365,0.2864099158919876
0.24725997369574748,0.31828145550197284,0.14686540990793512,0.2875931608943446
0.24789356984478936,0.317960088691796,0.14900221729490024,0.2851441241685144
0.2556894243641232,0.3150379294957608,0.1503792949576082,0.2788933511825078
0.2616946160635481,0.3120035304501324,0.15092674315975288,0.27537511032656664
0.26654898499558694,0.30229479258605474,0.15048543689320387,0.28067078552515445
0.26495347806823216,0.30482941958351795,0.14665485157288435,0.2835622507753655
0.25937362152624616,0.2968681076312307,0.14733127481252756,0.2964269960299956
0.2640845070422535,0.3001760563380282,0.14964788732394366,0.2860915492957746
0.26107942079859586,0.30408073716542344,0.1474330846862659,0.28740675734971477
0.2671353251318102,0.30096660808435854,0.14543057996485062,0.28646748681898065
0.2691292875989446,0.29771328056288476,0.14467897977132807,0.2884784520668426
0.27140335392762577,0.3058252427184466,0.13989408649602825,0.2828773168578994
0.26897762176393153,0.30539710399297937,0.13470820535322509,0.29091706888986396
0.26527050610820246,0.3045375218150087,0.13219895287958114,0.29799301919720766
0.2741228070175439,0.29605263157894735,0.13026315789473683,0.2995614035087719
0.27631578947368424,0.306140350877193,0.12894736842105264,0.2885964912280702
0.2788546255506608,0.30572687224669604,0.12819383259911896,0.2872246696035242
0.27936647602287723,0.30488341399032115,0.12846458424989002,0.2872855257369116
0.2880622837370242,0.30060553633217996,0.12716262975778547,0.2841695501730104
0.2878390201224847,0.30183727034120733,0.1272965879265092,0.28302712160979876
0.2857769973661106,0.3028972783143108,0.1299385425812116,0.28138718173836696
0.2891141472014103,0.3018951079770824,0.13045394446892905,0.2785368003525782
0.28565121412803535,0.2958057395143488,0.13245033112582782,0.2860927152317881
0.29567519858781993,0.2908208296557811,0.12842012356575463,0.2850838481906443
0.30148342059336825,0.2870855148342059,0.12958115183246074,0.28184991273996507
0.30539710399297937,0.28740675734971477,0.12461605967529618,0.28258007898200965
0.30597014925373134,0.2897278314310799,0.12423178226514486,0.2800702370500439
0.30966034406704895,0.29289810322011467,0.12483458314953683,0.2726069695632995
0.31313131313131315,0.2872200263504611,0.12779973649538867,0.27184892402283706
0.3234524847428073,0.2868352223190933,0.12423714036617263,0.2654751525719268
0.3135111499781373,0.29208570179274157,0.12505465675557498,0.2693484914735461
0.30691768826619964,0.29378283712784586,0.1256567425569177,0.2736427320490368
0.3070136744596383,0.29245699161887956,0.1274812527569475,0.2730480811645346
0.3068432671081678,0.29624724061810154,0.12185430463576159,0.2750551876379691
0.3021710234824989,0.2995126273814798,0.12228622064687639,0.2760301284891449
0.3092105263157895,0.2951754385964912,0.12149122807017544,0.2741228070175439
0.3117516629711752,0.2864745011086475,0.12771618625277162,0.27405764966740576
0.3149536832818703,0.2827525363917071,0.12527569475077194,0.27701808557565066
0.3133680555555556,0.28125,0.12760416666666666,0.2777777777777778
0.31090589270008795,0.27792436235708,0.12928759894459102,0.28188214599824096
0.3132108486439195,0.2777777777777778,0.12642169728783903,0.28258967629046366
0.3125,0.2774822695035461,0.12854609929078015,0.28147163120567376
0.3144488361879666,0.28019323671497587,0.12779973649538867,0.27755819060166886
0.31161971830985913,0.2830105633802817,0.13204225352112675,0.2733274647887324
0.3126934984520124,0.28527200353825743,0.13312693498452013,0.2689075630252101
0.31233362910381546,0.2826086956521739,0.12999112688553682,0.27506654835847383
0.3113746157224418,0.28809837505489677,0.12604303908651734,0.27448397013614406
0.30725274725274726,0.28923076923076924,0.1221978021978022,0.2813186813186813
0.31261022927689597,0.2923280423280423,0.12389770723104056,0.27116402116402116
0.307487815684537,0.2955250332299513,0.12671688081524146,0.2702702702702703
0.30598669623059865,0.2966740576496674,0.12594235033259424,0.2713968957871397
0.30632235084594833,0.29741763134461263,0.1246660730186999,0.2715939447907391
0.3084029916410031,0.2934447866256049,0.12142542894852618,0.27672679278486584
0.3126094570928196,0.29115586690017514,0.12084063047285463,0.2753940455341506
0.31523642732049034,0.29203152364273205,0.1190893169877408,0.2736427320490368
0.306416412047141,0.3029244871235268,0.12003491924923614,0.27062418158009605
0.30816505706760317,0.30201931518876207,0.11852502194907814,0.2712906057945566
0.31156879929886067,0.3032427695004382,0.12138475021910605,0.26380368098159507
0.30962897526501765,0.30565371024734983,0.11704946996466431,0.2676678445229682
0.3058771148708816,0.30943900267141583,0.11709706144256456,0.26758682101513803
0.3101933216168717,0.3071177504393673,0.11511423550087874,0.26757469244288223
0.30974224552206203,0.3071210135430319,0.11664482306684142,0.26649191786806464
0.3123615418697386,0.3070447496677005,0.11918475852902083,0.2614089499335401
0.31975470871660094,0.3004818221638195,0.11607533946561542,0.2636881296539641
0.325066430469442,0.2940655447298494,0.11603188662533215,0.26483613817537643
0.33274414494034465,0.29120636323464427,0.11444984533804684,0.2615996464869642
0.3242170269078077,0.29157476841640934,0.11601235112483459,0.2681958535509484
0.32422907488986785,0.2894273127753304,0.12026431718061674,0.26607929515418505
0.32838427947598253,0.28995633187772923,0.1165938864628821,0.26506550218340613
0.33069828722002637,0.2907334211682038,0.11989459815546773,0.25867369345630215
0.3308435852372584,0.29086115992970124,0.11818980667838312,0.2601054481546573
0.323345259391771,0.295169946332737,0.11583184257602862,0.26565295169946335
0.3240863055922501,0.29458388375165123,0.11360634081902246,0.2677234698370762
0.3227960819234194,0.29741763134461263,0.1157613535173642,0.26402493321460374
0.3194200351493849,0.29789103690685415,0.12478031634446397,0.257908611599297
0.32001775410563693,0.29383044829116733,0.12516644474034622,0.2609853528628495
0.31802120141342755,0.2919611307420495,0.12367491166077739,0.2663427561837456
0.3114247904719894,0.2946625496250551,0.12351124834583149,0.27040141155712394
0.3152796125055042,0.29238221047996477,0.12549537648612946,0.2668428005284016
0.31643895989422655,0.2886734244160423,0.12825033054208904,0.2666372851476421
0.3200350723366944,0.2875931608943446,0.1310828583954406,0.26128890837352037
0.3134394341290893,0.28691423519009723,0.1286472148541114,0.27099911582670205
0.3104359313077939,0.2857771906649053,0.130779392338177,0.27300748568912375
0.31305114638447973,0.28835978835978837,0.1353615520282187,0.26322751322751325
0.3116710875331565,0.29000884173297964,0.13527851458885942,0.2630415561450044
0.31208499335989376,0.2912793271359008,0.133244798583444,0.2633908809207614
0.3134065934065934,0.29846153846153844,0.1301098901098901,0.258021978021978
0.31862312444836716,0.30229479258605474,0.12709620476610767,0.25198587819947044
0.3193389906208129,0.29298794104510945,0.12639571237159447,0.26127735596248325
0.3151648351648352,0.30065934065934063,0.12571428571428572,0.25846153846153846
0.3142100617828773,0.30229479258605474,0.12577228596646073,0.25772285966460723
0.3114247904719894,0.3026025584472872,0.1239523599470666,0.2620202911336568
0.30576330840299165,0.3084029916410031,0.12406511218653761,0.26176858776946765
0.31277728482697426,0.305678793256433,0.12067435669920142,0.2608695652173913
0.31214379658044716,0.3125822007891276,0.11573871109162648,0.2595352915387988
0.3149364870784056,0.3017958826106001,0.12001752080595707,0.26325010950503724
0.31537102473498235,0.3047703180212014,0.11749116607773852,0.2623674911660777
0.3173286774334352,0.3077258838934963,0.11436054124836316,0.26058489742470536
0.3165719282903367,0.3095758635767381,0.10887625710537822,0.264975951027547
0.31862312444836716,0.3031774051191527,0.11120917917034422,0.2669902912621359
0.31070956368444247,0.3085059497576025,0.10929925077126487,0.27148523578669015
0.3165562913907285,0.30419426048565124,0.10905077262693157,0.27019867549668874
0.3225098727512067,0.29574374725756913,0.10794207985958754,0.2738043001316367
0.3233246301131419,0.29112271540469975,0.10966057441253264,0.2758920800696258
0.3291870279875611,0.2936472678809418,0.10750777432252333,0.2696579298089738
0.3228346456692913,0.29702537182852146,0.10586176727909011,0.2742782152230971
0.3262008733624454,0.29519650655021834,0.10436681222707424,0.274235807860262
0.31862312444836716,0.30406001765225066,0.10238305383936452,0.27493380406001766
0.3180026281208936,0.3066141042487954,0.0994305738063951,0.2759526938239159
0.31868131868131866,0.2975824175824176,0.10329670329670329,0.2804395604395604
0.32528533801580334,0.2980684811237928,0.10272168568920105,0.2739244951712028
0.32854030501089326,0.2928104575163399,0.1028322440087146,0.2758169934640523
0.32336119665640123,0.2872855257369116,0.10778706555213374,0.28156621205455346
0.3283582089552239,0.28665496049165934,0.10711150131694469,0.2778753292361721
0.32207108380868804,0.28872312417727075,0.11101360245721807,0.2781921895568232
0.329500221141088,0.2857142857142857,0.10570544007076514,0.27908005307386113
0.33362598770851626,0.28884986830553117,0.1057945566286216,0.271729587357331
0.33630686886708294,0.28456735057983945,0.10749330954504906,0.27163247100802856
0.33960612691466086,0.2835886214442013,0.10415754923413567,0.2726477024070022
0.3323117338003503,0.28984238178633975,0.10245183887915937,0.2753940455341506
0.3337777777777778,0.2848888888888889,0.10666666666666667,0.27466666666666667
0.3253968253968254,0.2857142857142857,0.10802469135802469,0.2808641975308642
0.32328527741371776,0.2870249017038008,0.11052861511577108,0.27916120576671033
0.3245382585751979,0.2941952506596306,0.10949868073878628,0.2717678100263852
0.3246924428822496,0.28998242530755713,0.11159929701230228,0.27372583479789103
0.3151167915381225,0.29352137505509035,0.11370647862494491,0.2776553547818422
0.32158590308370044,0.28810572687224667,0.1171806167400881,0.27312775330396477
0.32728881026094647,0.2843874391862008,0.12074303405572756,0.26758071649712517
0.32046160674656016,0.28273413226808697,0.12294718153573014,0.27385707944962273
0.3191582639193336,0.28452433143358175,0.1183691363437089,0.2779482683033757
0.32238010657193605,0.2797513321492007,0.11989342806394317,0.27797513321492007
0.3226524254561638,0.2772585669781931,0.12238540275923454,0.27770360480640854
0.32083696599825634,0.28116826503923276,0.12598081952920662,0.27201394943330426
0.3137687555163283,0.28111209179170343,0.12797881729920565,0.27714033539276256
0.31748878923766816,0.28699551569506726,0.12062780269058296,0.2748878923766816
0.31699779249448123,0.28565121412803535,0.1196467991169978,0.27770419426048565
0.3219597550306212,0.2887139107611549,0.11504811898512686,0.2742782152230971
0.3264589732338745,0.29223343571741994,0.11627906976744186,0.2650285212812637
0.3347978910369069,0.281195079086116,0.12082601054481547,0.2631810193321617
0.33643204957945994,0.2771137671536078,0.12084993359893759,0.2656042496679947
0.3457985041794985,0.27056753189617244,0.11878574571051474,0.2648482182138143
0.3465085638998682,0.26262626262626265,0.11945542380324989,0.27140974967061926
0.34863195057369817,0.264783759929391,0.11959399823477493,0.2669902912621359
0.3484982332155477,0.26457597173144876,0.11925795053003534,0.2676678445229682
0.3569530558015943,0.26217891939769705,0.1191319751992914,0.26173604960141716
0.35327760668719754,0.2635283765948086,0.12230532336119665,0.2608886933567972
0.3568281938325991,0.26123348017621145,0.1211453744493392,0.2607929515418502
0.35966826713225664,0.2562199912701877,0.12396333478830206,0.2601484068092536
0.3574900574458683,0.2620415377817057,0.1237295625276182,0.25673884224480775
0.3550788091068301,0.2613835376532399,0.12171628721541156,0.2618213660245184
0.3518599562363239,0.26564551422319477,0.12253829321663019,0.25995623632385123
0.3509991311902693,0.2684622067767159,0.11946133796698523,0.2610773240660295
0.3517301795882611,0.2645641699518178,0.12483574244415244,0.2588699080157687
0.3475582930048394,0.269687637483502,0.1205455345358557,0.2622085349758029
0.346035917652212,0.2671922908453789,0.11870346035917652,0.2680683311432326
0.34554973821989526,0.2696335078534031,0.12172774869109948,0.2630890052356021
0.34659593280282935,0.2718832891246684,0.1198054818744474,0.26171529619805484
0.34801958166444147,0.26924788607031597,0.11838006230529595,0.2643524699599466
0.3522068658047258,0.2670530539456086,0.11636201515827017,0.26437806509139544
0.35126859142607175,0.2699037620297463,0.1194225721784777,0.2594050743657043
0.3526570048309179,0.2652613087395696,0.11769872639437857,0.26438296003513395
0.36186252771618627,0.2620842572062084,0.11618625277161862,0.2598669623059867
0.3547103051747015,0.26138876603272887,0.12118531623175587,0.26271561256081377
0.36565836298932386,0.2548932384341637,0.11788256227758007,0.2615658362989324
0.35901926444833626,0.2583187390542907,0.12084063047285463,0.2618213660245184
0.35951134380453753,0.2543630017452007,0.12478184991273997,0.2613438045375218
0.3588957055214724,0.25153374233128833,0.12226117440841368,0.26730937773882557
0.35555555555555557,0.2570806100217865,0.12156862745098039,0.2657952069716776
0.36122004357298476,0.25054466230936817,0.12026143790849673,0.2679738562091503
0.356537260151718,0.2574743418116912,0.12003569834895136,0.26595269968763946
0.35561497326203206,0.25668449197860965,0.11675579322638147,0.2709447415329768
0.3563572371315442,0.2551693796744391,0.11482622085349758,0.2736471623405191
0.3619550858652576,0.25539409951563186,0.11360634081902246,0.26904447380008806
0.3662406346408109,0.25165271044513,0.11458792419568092,0.2675187307183781
0.3631578947368421,0.24605263157894736,0.12017543859649123,0.2706140350877193
0.35790408525754885,0.2553285968028419,0.11900532859680284,0.2677619893428064
0.358860195903829,0.25422974176313445,0.12154942119323241,0.2653606411398041
0.3527580071174377,0.25934163701067614,0.12411032028469751,0.2637900355871886
0.3397548161120841,0.26225919439579687,0.1243432574430823,0.2736427320490368
0.34520668425681617,0.25857519788918204,0.12225153913808268,0.27396657871591906
0.3416557161629435,0.26412614980289095,0.11957950065703023,0.27463863337713534
0.3355321020228672,0.25813544415127526,0.1218117854001759,0.28452066842568163
0.33041191936897457,0.26205083260297984,0.12138475021910605,0.28615249780893953
0.32323232323232326,0.2648221343873518,0.12340799297321037,0.2885375494071146
0.32438380281690143,0.2671654929577465,0.12147887323943662,0.2869718309859155
0.3249018752725687,0.2647187091146969,0.1247274313126908,0.2856519843000436
0.325407309555262,0.2650814619110524,0.12505504183179217,0.28445618670189343
0.31954225352112675,0.2676056338028169,0.12544014084507044,0.28741197183098594
0.3210687691633815,0.26763031099430573,0.1279018834866404,0.2833990363556724
0.31488801054018445,0.2696530522617479,0.12604303908651734,0.2894158981115503
0.3213660245183888,0.26882661996497376,0.12302977232924693,0.28677758318739055
0.3193166885676741,0.2706964520367937,0.12045554095488392,0.2895313184406483
0.3104982206405694,0.2695729537366548,0.12144128113879003,0.2984875444839858
0.31299385425812115,0.2708516242317823,0.11501316944688324,0.30114135206321335
0.3168056164984642,0.27512066695919263,0.11452391399736726,0.29354980254497587
0.32103645147123405,0.2753623188405797,0.11242863416776461,0.29117259552042163
0.3272010512483574,0.27113447218572057,0.11300919842312747,0.28865527814279457
0.3215377894276977,0.2795980777632154,0.1109654871122761,0.28789864569681084
0.3237378210806023,0.275022143489814,0.11514614703277236,0.2860938883968113
0.3158590308370044,0.27268722466960355,0.12246696035242291,0.2889867841409692
0.3089788732394366,0.2772887323943662,0.12191901408450705,0.2918133802816901
0.3039086517347387,0.27887571365832237,0.1225296442687747,0.2946859903381642
0.30346947738252084,0.27887571365832237,0.1181379007465964,0.2995169082125604
0.3020515058926233,0.2837189000436491,0.116542994325622,0.29768659973810563
0.3,0.2805194805194805,0.11818181818181818,0.3012987012987013
0.3057130396860009,0.27954644570431747,0.113388573920628,0.30135194068905363
0.3052863436123348,0.28634361233480177,0.11541850220264317,0.29295154185022027
0.30196936542669583,0.2835886214442013,0.11772428884026258,0.29671772428884025
0.30336581045172717,0.27989371124889284,0.11470327723649247,0.3020372010628875
0.3058720420683611,0.27169149868536374,0.12445223488168274,0.2979842243645925
0.30409872190392245,0.2754517408550022,0.11943587483472895,0.3010136624063464
0.30022075055187636,0.2750551876379691,0.11832229580573951,0.306401766004415
0.3062665489849956,0.27184466019417475,0.11562224183583407,0.3062665489849956
0.3079295154185022,0.27048458149779736,0.11674008810572688,0.3048458149779736
0.30478700043917434,0.2665788317962231,0.11901624945103206,0.3096179183135705
0.3027360988526037,0.2678729037952339,0.12444836716681378,0.3049426301853486
0.29893711248892824,0.2732506643046944,0.12356067316209035,0.304251550044287
0.2882327016306743,0.2785368003525782,0.12075804319083297,0.3124724548259145
0.29642545771578027,0.2737576285963383,0.12510897994768963,0.3047079337401918
0.2942719720157411,0.27590730214254483,0.12461740271097507,0.30520332313073895
0.2941964285714286,0.2674107142857143,0.12232142857142857,0.31607142857142856
0.29398762157382846,0.2723253757736516,0.11892130857648099,0.3147656940760389
0.29982517482517484,0.2692307692307692,0.11800699300699301,0.3129370629370629
0.2943246810382754,0.269687637483502,0.11746590409150902,0.3185217773867136
0.2989872302950242,0.2668428005284016,0.11668868339938353,0.31748128577719065
0.2959363957597173,0.26943462897526504,0.11351590106007067,0.321113074204947
0.30052956751985876,0.26654898499558694,0.117828773168579,0.31509267431597526
0.2985927880386983,0.2695690413368514,0.11301671064204045,0.31882145998240985
0.30196078431372547,0.2679738562091503,0.11416122004357299,0.3159041394335512
0.29632867132867136,0.26573426573426573,0.11363636363636363,0.3243006993006993
0.29852744310575635,0.2677376171352075,0.11512717536813923,0.31860776439089694
0.29906956136464335,0.26362428001772265,0.11741249446167479,0.3198936641559592
0.29725010912265387,0.2693147097337407,0.11872544740288084,0.3147097337407246
0.2958553791887125,0.27336860670194,0.11419753086419752,0.3165784832451499
0.2980684811237928,0.27611940298507465,0.1106233538191396,0.315188762071993
0.3023767605633803,0.26936619718309857,0.10959507042253522,0.31866197183098594
0.29892761394101874,0.2774798927613941,0.10589812332439678,0.31769436997319034
0.30192813321647677,0.27169149868536374,0.10341805433829973,0.3229623137598598
0.3010136624063464,0.26795945350374617,0.10401057734684883,0.3270163067430586
0.30057547587428063,0.27534307215582116,0.09871624612660469,0.3253652058432935
0.2928759894459103,0.27352682497801234,0.09894459102902374,0.33465259454705365
0.2992056487202118,0.2727272727272727,0.09488084730803177,0.33318623124448365
0.2984478935698448,0.2771618625277162,0.09356984478935698,0.33082039911308203
0.2965396408234779,0.2833990363556724,0.09329829172141918,0.32676303109943056
0.3019451812555261,0.2838196286472148,0.09328028293545534,0.3209549071618037
0.29973591549295775,0.2847711267605634,0.0880281690140845,0.3274647887323944
0.2990857640400522,0.28776665215498476,0.08750544188071398,0.325642141924249
0.2994722955145119,0.28671943711521547,0.0870712401055409,0.32673702726473175
0.29903677758318736,0.2775831873905429,0.08537653239929947,0.3380035026269702
0.3011037527593819,0.2763796909492274,0.08344370860927153,0.3390728476821192
0.30577427821522307,0.2773403324584427,0.08486439195100612,0.3320209973753281
0.3126376045794804,0.27080581241743723,0.08718626155878467,0.3293703214442977
0.3069828722002635,0.27316644707949056,0.08871321914800176,0.33113746157224416
0.30868024800708593,0.27723649247121346,0.08724534986713905,0.32683790965456155
0.30772626931567326,0.2728476821192053,0.0922737306843267,0.3271523178807947
0.31039076376554176,0.2673179396092362,0.08969804618117229,0.33259325044404975
0.3056169836355595,0.27288810260946483,0.08934099955771782,0.33215391419725787
0.3008849557522124,0.2774336283185841,0.09070796460176991,0.3309734513274336
0.2998667258996002,0.2763216348289649,0.09195912927587739,0.33185250999555754
0.30600613765892154,0.2779482683033757,0.08899605436212188,0.32704953967558087
0.30603258476442097,0.2796125055041832,0.08586525759577279,0.3284896521356231
0.3023255813953488,0.2786309784993418,0.08468626590609916,0.3343571741992102
0.3092738407699038,0.2777777777777778,0.08617672790901137,0.32677165354330706
0.30158730158730157,0.28174603174603174,0.08950617283950617,0.3271604938271605
0.2984749455337691,0.281917211328976,0.08540305010893247,0.33420479302832246
0.2993377483443709,0.27947019867549666,0.08874172185430464,0.33245033112582784
0.301629238221048,0.28225451343020697,0.08586525759577279,0.33025099075297226
0.28995130588756085,0.28596724214254093,0.08676405489154493,0.33731739707835323
0.29277899343544855,0.287527352297593,0.09234135667396061,0.32735229759299783
0.29396092362344584,0.28285968028419184,0.09103019538188277,0.3321492007104796
0.30030959752321984,0.28040689960194604,0.09022556390977443,0.3290579389650597
0.30352422907488985,0.28193832599118945,0.08590308370044053,0.32863436123348017
0.3035793194874061,0.2845779938135219,0.08572691117984976,0.3261157755192223
0.3102076889085285,0.27927529827662395,0.08528501988510827,0.3252319929297393
0.30698689956331876,0.28078602620087334,0.08471615720524017,0.32751091703056767
0.30360281195079086,0.2781195079086116,0.08743409490333919,0.3308435852372584
0.31301697866782763,0.2738354375272094,0.08794079233783196,0.32520679146713105
0.3025618374558304,0.2778268551236749,0.0892226148409894,0.3303886925795053
0.30610452349582784,0.2740447957839262,0.08915239350021958,0.33069828722002637
0.3102992957746479,0.26848591549295775,0.08846830985915492,0.33274647887323944
0.31660061646851606,0.2672831351827389,0.08938793483047115,0.32672831351827386
0.31739707835325365,0.26604692341744135,0.09561752988047809,0.3209384683488269
0.31862312444836716,0.2594880847308032,0.09885260370697264,0.323036187113857
0.317600352889281,0.25584472871636527,0.10057344508160565,0.3259814733127481
0.3251318101933216,0.2596660808435852,0.10105448154657294,0.3141476274165202
0.32463511720477667,0.2631578947368421,0.1017249004865104,0.31048208757187085
0.3224813022437307,0.2648482182138143,0.09766827980642323,0.31500219973603166
0.321084864391951,0.2659667541557305,0.10192475940507437,0.3110236220472441
0.32354230600613765,0.2621657167908812,0.09995615957913195,0.3143358176238492
0.3192426243945399,0.2637604579480405,0.10083663584324086,0.31616028181417877
0.320993031358885,0.2582752613240418,0.10104529616724739,0.31968641114982577
0.3252534156015866,0.25738210665491407,0.10268840899074483,0.3146760687527545
0.3235294117647059,0.2606951871657754,0.09848484848484848,0.3172905525846702
0.3242170269078077,0.2576091751213057,0.09969122187913543,0.31848257609175123
0.3261538461538461,0.2558241758241758,0.10021978021978022,0.3178021978021978
0.3257243195785777,0.2598770851624232,0.09877085162423178,0.31562774363476737
0.3230088495575221,0.26017699115044246,0.09867256637168141,0.318141592920354
0.32729681978798586,0.2508833922261484,0.09938162544169611,0.3224381625441696
0.32920901458241275,0.25143614670790987,0.09898365002209457,0.32037118868758285
0.3349622390048867,0.24611283873833853,0.09684584629053754,0.32207907596623725
