R,A,S,N
0.0,0.0,0.0,1.0
0.4,0.0,0.0,0.6
0.125,0.0,0.0,0.875
0.15384615384615385,0.07692307692307693,0.07692307692307693,0.6923076923076923
0.1875,0.0625,0.0625,0.6875
0.22727272727272727,0.13636363636363635,0.09090909090909091,0.5454545454545454
0.24242424242424243,0.06060606060606061,0.06060606060606061,0.6363636363636364
0.16279069767441862,0.09302325581395349,0.11627906976744186,0.627906976744186
0.17857142857142858,0.14285714285714285,0.125,0.5535714285714286
0.2537313432835821,0.11940298507462686,0.1044776119402985,0.5223880597014925
0.29069767441860467,0.18604651162790697,0.10465116279069768,0.4186046511627907
0.30097087378640774,0.17475728155339806,0.08737864077669903,0.4368932038834951
0.3046875,0.203125,0.078125,0.4140625
0.3055555555555556,0.1736111111111111,0.09722222222222222,0.4236111111111111
0.3028571428571429,0.2057142857142857,0.10285714285714286,0.38857142857142857
0.2727272727272727,0.23232323232323232,0.08585858585858586,0.4090909090909091
0.2703862660944206,0.21888412017167383,0.08583690987124463,0.4248927038626609
0.2591240875912409,0.21897810218978103,0.08029197080291971,0.4416058394160584
0.2984126984126984,0.19365079365079366,0.07301587301587302,0.43492063492063493
0.3005464480874317,0.1994535519125683,0.06830601092896176,0.43169398907103823
0.31100478468899523,0.19138755980861244,0.07416267942583732,0.423444976076555
0.3162393162393162,0.2094017094017094,0.0641025641025641,0.41025641025641024
0.30724070450097846,0.21330724070450097,0.0684931506849315,0.410958904109589
0.3262411347517731,0.20212765957446807,0.06560283687943262,0.40602836879432624
0.3216,0.2,0.0656,0.4128
0.33237410071942447,0.20431654676258992,0.07194244604316546,0.39136690647482014
0.3425925925925926,0.18915343915343916,0.08068783068783068,0.38756613756613756
0.35846867749419953,0.18909512761020883,0.07540603248259861,0.37703016241299303
0.36163175303197354,0.18853362734288864,0.0926130099228225,0.3572216097023153
0.3761467889908257,0.2018348623853211,0.09276248725790011,0.3292558613659531
0.3719165085388994,0.20588235294117646,0.09487666034155598,0.32732447817836813
0.3744454303460515,0.19343389529724933,0.08961845607808341,0.34250221827861577
0.37731295253419145,0.18905872888173772,0.09573612228479485,0.33789219629927597
0.3895216400911162,0.18602885345482156,0.09415337889141989,0.33029612756264237
0.40711175616835993,0.18795355587808418,0.08708272859216255,0.3178519593613933
0.39698836413415467,0.19507186858316222,0.09034907597535935,0.31759069130732376
0.40142671854734113,0.182230869001297,0.09014267185473411,0.32619974059662776
0.4038224414303329,0.17324290998766953,0.09309494451294698,0.32983970406905055
0.41705882352941176,0.17823529411764705,0.08705882352941176,0.3176470588235294
0.42238470191226096,0.17885264341957255,0.08492688413948256,0.3138357705286839
0.4198895027624309,0.17734806629834254,0.09171270718232044,0.3110497237569061
0.4279615795090715,0.17929562433297758,0.09071504802561366,0.30202774813233724
0.4318062137967351,0.18062137967351238,0.09636650868878358,0.29120589784096895
0.42806122448979594,0.18061224489795918,0.09489795918367347,0.29642857142857143
0.4336810730253353,0.18479880774962743,0.09786388474913064,0.2836562344759066
0.42537676227515797,0.1925133689839572,0.09285367039377734,0.2892561983471074
0.42485549132947975,0.18545279383429672,0.09730250481695568,0.2923892100192678
0.4427083333333333,0.18276515151515152,0.10132575757575757,0.27320075757575757
0.43902439024390244,0.1848030018761726,0.10131332082551595,0.274859287054409
0.4342830882352941,0.18887867647058823,0.11075367647058823,0.26608455882352944
0.4301369863013699,0.19863013698630136,0.10273972602739725,0.2684931506849315
0.4124137931034483,0.20919540229885059,0.10620689655172413,0.27218390804597703
0.40933816863100636,0.20444242973708068,0.11106074342701723,0.2751586582048957
0.3972727272727273,0.2059090909090909,0.11181818181818182,0.285
0.39290586630286495,0.208731241473397,0.10868576625738972,0.2896771259663483
0.4058904739990796,0.20110446387482742,0.11136677404509894,0.281638288080994
0.403380539058931,0.20511649154865236,0.11146642302421197,0.2800365463682047
0.4015496809480401,0.2096627164995442,0.11075660893345488,0.2780309936189608
0.391677973767526,0.21076436001809137,0.11035730438715513,0.2872003618272275
0.3864975079293158,0.2183960126869053,0.11418214771182601,0.28092433167195285
0.38321167883211676,0.2176094890510949,0.12135036496350365,0.2778284671532847
0.3812754409769335,0.21212121212121213,0.11895070104025328,0.2876526458616011
0.38144796380090495,0.2158371040723982,0.11809954751131221,0.2846153846153846
0.3810166441745389,0.21547458389563653,0.11695906432748537,0.28654970760233917
0.3785131459655485,0.2112420670897552,0.12466001813236627,0.28558476881233
0.38458070333633904,0.20919747520288548,0.11677186654643823,0.2894499549143372
0.3909131803868646,0.22627080521817364,0.10796221322537113,0.27485380116959063
0.38440739071653895,0.2280306444344299,0.11266336187471834,0.27489860297431273
0.3873915029693924,0.22978529008679763,0.11649154865235267,0.2663316582914573
0.3875114784205693,0.23461891643709826,0.1147842056932966,0.2630853994490358
0.38433008808530367,0.2355122855818266,0.12007417709782105,0.26008344923504867
0.3849296413980935,0.23467998184294145,0.12029051293690422,0.26009986382206085
0.3914027149321267,0.2321266968325792,0.11945701357466064,0.25701357466063346
0.38042981252857794,0.23045267489711935,0.12391403749428441,0.2652034750800183
0.38112688960146585,0.21713238662391204,0.11910215300045808,0.282638570774164
0.3843334860284013,0.21346770499312873,0.11497938616582684,0.2872194228126432
0.3840217884702678,0.2165229232864276,0.11983658647299138,0.2796187017703132
0.38275547445255476,0.21806569343065693,0.11541970802919709,0.28375912408759124
0.3735105407882676,0.21860678276810266,0.12098991750687443,0.28689275893675525
0.364172335600907,0.21587301587301588,0.12471655328798185,0.29523809523809524
0.3643088303282478,0.2168284789644013,0.12482662968099861,0.29403606102635227
0.36695572797809217,0.21770880876312187,0.1264262893655865,0.2889091738931995
0.3664825046040516,0.21915285451197053,0.1270718232044199,0.287292817679558
0.35239852398523985,0.22785977859778597,0.12269372693726938,0.29704797047970477
0.3452544704264099,0.22925263640531865,0.1265474552957359,0.2989454378725355
0.3434622467771639,0.2274401473296501,0.11878453038674033,0.31031307550644566
0.3526436781609195,0.2188505747126437,0.12275862068965518,0.3057471264367816
0.3565217391304348,0.22013729977116706,0.12128146453089245,0.30205949656750575
0.3518776077885953,0.22716736207695873,0.12424663885025498,0.296708391284191
0.35891544117647056,0.23161764705882354,0.12040441176470588,0.2890625
0.3585164835164835,0.22985347985347984,0.12179487179487179,0.28983516483516486
0.3526170798898072,0.2401285583103765,0.12718089990817263,0.2800734618916437
0.3588691290469676,0.22982216142270862,0.12585499316005472,0.28545371637026906
0.3617594254937163,0.22576301615798922,0.1189407540394973,0.29353680430879714
0.35909090909090907,0.22818181818181818,0.12181818181818181,0.2909090909090909
0.35514440433212996,0.22337545126353792,0.12815884476534295,0.2933212996389892
0.3614895549500454,0.22297910990009082,0.1271571298819255,0.2883742052679382
0.3742690058479532,0.21502474134053082,0.11920827710301395,0.291497975708502
0.3735711019661637,0.20804755372656608,0.11979881115683585,0.29858253315043437
0.36952636282394996,0.21849865951742628,0.11751563896336015,0.29445933869526364
0.3682795698924731,0.2132616487455197,0.12141577060931899,0.2970430107526882
0.36760691537761603,0.2170154686078253,0.11965423111919928,0.29572338489535943
0.37159709618874776,0.2150635208711434,0.11932849364791288,0.294010889292196
0.3648462597521799,0.21753097751262046,0.11932078935291418,0.2983019733822855
0.3709604005461994,0.21301775147928995,0.1137915339098771,0.3022303140646336
0.36787330316742084,0.2158371040723982,0.1158371040723982,0.3004524886877828
0.36116152450090744,0.21007259528130673,0.12023593466424683,0.308529945553539
0.3632266786840919,0.20279405137449302,0.11807120324470483,0.31590806669671023
0.3537197626654496,0.20082154267457783,0.13281606572341398,0.31264262893655864
0.3661001378043179,0.20119430408819478,0.13045475424896646,0.3022508038585209
0.36018306636155606,0.1954233409610984,0.13135011441647598,0.3130434782608696
0.35302197802197804,0.19826007326007325,0.12683150183150182,0.3218864468864469
0.3619827194179172,0.19326966803092316,0.12232833105957254,0.3224192814915871
0.360290776919582,0.2003634711494775,0.12221717401181281,0.3171285779191277
0.36434463794683775,0.20577451879010084,0.11961503208065995,0.3102658111824015
0.3621721122871606,0.2052462034054303,0.12517257248044178,0.30740911182696734
0.3568824065633546,0.21011850501367366,0.12169553327256154,0.3113035551504102
0.3617407071622847,0.20897552130553038,0.12466001813236627,0.3046237533998187
0.3600907029478458,0.21043083900226758,0.12562358276643992,0.30385487528344673
0.35898596650067904,0.22000905387052966,0.12177455862381167,0.29923042100497965
0.35149863760217986,0.22297910990009082,0.12352406902815623,0.30199818346957313
0.3473161930536761,0.2282363554352729,0.11817771763644565,0.3062697338746053
0.35701438848920863,0.22347122302158273,0.11465827338129496,0.30485611510791366
0.34727845254161044,0.2249212775528565,0.1111111111111111,0.31668915879442194
0.35782747603833864,0.22136010953902327,0.12003651300775901,0.30077590141487903
0.35472209670131044,0.21735201084500677,0.1174875734297334,0.3104383190239494
0.35931128228364295,0.21748980516538288,0.11463525147258723,0.30856366107838695
0.35222121486854036,0.2216681776971895,0.11423390752493201,0.3118766999093382
0.3484432234432234,0.22115384615384615,0.11355311355311355,0.31684981684981683
0.3440959409594096,0.2283210332103321,0.11577490774907749,0.3118081180811808
0.34492223238792313,0.23330283623055809,0.11390667886550777,0.30786825251601097
0.3375854214123007,0.24054669703872436,0.11845102505694761,0.3034168564920273
0.34062927496580025,0.23483812129502965,0.13132694938440492,0.29320565435476514
0.3452975920036347,0.23216719672875966,0.12903225806451613,0.2935029532030895
0.3419618528610354,0.24477747502270664,0.1271571298819255,0.28610354223433243
0.3459954233409611,0.2379862700228833,0.12677345537757437,0.28924485125858124
0.343878954607978,0.23429619440623567,0.12883998165978908,0.29298486932599727
0.34163208852005533,0.23743660673121253,0.12863070539419086,0.2923005993545413
0.3553415864282439,0.23062815222375058,0.1228794131132508,0.2911508482347547
0.3682758620689655,0.2206896551724138,0.11586206896551725,0.29517241379310344
0.3622589531680441,0.22084481175390266,0.11524334251606978,0.30165289256198347
0.3602199816681943,0.22639780018331807,0.11732355637030248,0.29605866177818513
0.3748277446026642,0.2282958199356913,0.10840606338998622,0.28847037207165827
0.3745471014492754,0.22780797101449277,0.1118659420289855,0.2857789855072464
0.37613019891500904,0.2197106690777577,0.10940325497287523,0.29475587703435807
0.3723792160437557,0.22515952597994532,0.10391978122151321,0.29854147675478576
0.36583143507972665,0.22323462414578588,0.10660592255125284,0.30432801822323463
0.37035358114233907,0.22846781504986402,0.11106074342701723,0.2901178603807797
0.36996834011759383,0.2229760289461782,0.11533242876526459,0.29172320217096337
0.3704710144927536,0.23052536231884058,0.10960144927536232,0.28940217391304346
0.36942675159235666,0.23202911737943585,0.10964513193812557,0.2888989990900819
0.36863636363636365,0.23318181818181818,0.11272727272727273,0.28545454545454546
0.36969420356001825,0.2368781378366043,0.1163852122318576,0.27704244637151987
0.36978221415607987,0.2236842105263158,0.11660617059891107,0.28992740471869327
0.36446469248291574,0.22323462414578588,0.11571753986332574,0.29658314350797266
0.3643835616438356,0.2219178082191781,0.11689497716894977,0.2968036529680365
0.3574988672405981,0.22202084277299503,0.1200724966017218,0.3004077933846851
0.3538116591928251,0.22062780269058296,0.12376681614349776,0.3017937219730942
0.34957149300857016,0.21876409562471807,0.12810103743797926,0.3035633739287325
0.35160851835070234,0.2242863615768011,0.12596284549161757,0.298142274580879
0.35089326614750344,0.2217132386623912,0.12505726065048098,0.3023362345396244
0.35091743119266056,0.22935779816513763,0.12064220183486239,0.29908256880733947
0.35581711181530107,0.22679945676776822,0.1213218650973291,0.2960615663196016
0.3544827586206897,0.22666666666666666,0.1232183908045977,0.29563218390804596
0.35253456221198154,0.22027649769585253,0.12580645161290321,0.3013824884792627
0.35976168652612284,0.21906507791017416,0.11732355637030248,0.30384967919340056
0.34715261958997723,0.22642369020501138,0.11571753986332574,0.31070615034168564
0.3572080291970803,0.21852189781021897,0.1135948905109489,0.3106751824817518
0.3675601999091322,0.2112676056338028,0.11085870059064062,0.3103134938664244
0.36863636363636365,0.20772727272727273,0.11136363636363636,0.31227272727272726
0.36719817767653756,0.21093394077448746,0.1152619589977221,0.30660592255125285
0.36937755565651975,0.19900045433893684,0.11767378464334394,0.31394820536119944
0.36716963877457703,0.19935985368084133,0.11796982167352538,0.31550068587105623
0.37426370638876305,0.19483461712732217,0.12097870412324423,0.30992297236067057
0.3739763421292084,0.20564149226569609,0.11555959963603275,0.30482256596906276
0.37641211025756893,0.20515137821961138,0.11703569814731134,0.30140081337550834
0.37177747625508817,0.20850293984622342,0.11352329262777024,0.30619629127091813
0.3710777626193724,0.2019099590723056,0.11778080945884493,0.30923146884947705
0.36326714801444043,0.20712996389891697,0.11868231046931407,0.3109205776173285
0.3596371882086168,0.2235827664399093,0.11383219954648525,0.3029478458049887
0.37010355695632596,0.2125168842863575,0.1175146330481765,0.29986492570914003
0.3709604005461994,0.21256258534365044,0.1242603550295858,0.29221665908056443
0.36450729927007297,0.22125912408759124,0.12271897810218978,0.291514598540146
0.3657428441617447,0.22126306224443434,0.11812812358019083,0.2948659700136302
0.36565473493429995,0.22836429542365203,0.11418214771182601,0.291798821930222
0.36569872958257715,0.23185117967332122,0.10662431941923775,0.2958257713248639
0.35208711433756806,0.23275862068965517,0.1075317604355717,0.3076225045372051
0.3569482288828338,0.22706630336058128,0.10399636693914623,0.3119891008174387
0.35270086246028143,0.23286427598729006,0.10712664548343169,0.30730821606899683
0.35938903863432164,0.23180592991913745,0.11096136567834682,0.29784366576819404
0.365929203539823,0.23185840707964603,0.11238938053097346,0.28982300884955753
0.3718933574333484,0.22774514234071397,0.11522819701762313,0.2851333032083145
0.3593327321911632,0.22948602344454463,0.11857529305680793,0.29260595130748424
0.36606334841628957,0.22986425339366515,0.12307692307692308,0.2809954751131222
0.3612756264236902,0.23006833712984054,0.12209567198177676,0.28656036446469246
0.35978358881875566,0.23128944995491435,0.11496844003606853,0.2939585211902615
0.3569804456571169,0.21919054115507047,0.11869031377899045,0.3051386994088222
0.35600907029478457,0.21723356009070294,0.12335600907029479,0.3034013605442177
0.35460346399270737,0.211485870556062,0.1326344576116682,0.30127620783956244
0.3457471264367816,0.21333333333333335,0.13379310344827586,0.30712643678160917
0.336734693877551,0.21428571428571427,0.13636363636363635,0.31261595547309834
0.33958810068649886,0.21647597254004577,0.1322654462242563,0.3116704805491991
0.3418297678652708,0.22485207100591717,0.1292671825216204,0.3040509786071916
0.33746556473829203,0.22130394857667585,0.1290174471992654,0.3122130394857668
0.34413509812870835,0.2209036969420356,0.12688270196257417,0.3080785029666819
0.34810126582278483,0.21338155515370705,0.13245931283905968,0.30605786618444847
0.35092467298150654,0.2119981957600361,0.12719891745602166,0.30987821380243574
0.35522115823073414,0.20702234382124943,0.12403100775193798,0.3137254901960784
0.35405156537753224,0.21178637200736647,0.11740331491712708,0.31675874769797424
0.36126373626373626,0.20924908424908426,0.12133699633699634,0.30815018315018317
0.3651226158038147,0.1989100817438692,0.12443233424159855,0.3115349682107175
0.3611365719523373,0.1993583868010999,0.12648945921173235,0.31301558203483043
0.35795197100135934,0.19528772088808338,0.12233801540552787,0.3244222927050294
0.35470668485675305,0.20600272851296045,0.1259663483401546,0.3133242382901319
0.35646687697160884,0.21225777377196936,0.11987381703470032,0.3114015322217215
0.352112676056338,0.2112676056338028,0.12539754656974103,0.3112221717401181
0.35179300953245574,0.21788470267816615,0.12664548343168408,0.30367680435769406
0.34957149300857016,0.2183130356337393,0.12855209742895804,0.3035633739287325
0.3490909090909091,0.22045454545454546,0.12090909090909091,0.30954545454545457
0.3616636528028933,0.2206148282097649,0.1220614828209765,0.29566003616636527
0.3584819387288523,0.23411065386374028,0.12299954275262917,0.28440786465477824
0.3504779244424215,0.24761037778789258,0.12152935821574874,0.2803823395539372
0.34906092533211175,0.2514887769125057,0.12001832340815392,0.2794319743472286
0.3572401270994099,0.2469359963685883,0.1171130276895143,0.27871084884248754
0.35798548094373867,0.23457350272232305,0.12522686025408347,0.2822141560798548
0.36075949367088606,0.21925858951175406,0.1274864376130199,0.29249547920433994
0.36045454545454547,0.22,0.12454545454545454,0.295
0.34933699131229995,0.22633744855967078,0.12482853223593965,0.2994970278920896
0.3506787330316742,0.22624434389140272,0.12760180995475112,0.29547511312217195
0.34632819582955576,0.23073436083408885,0.13508612873980055,0.28785131459655483
0.3523035230352303,0.23983739837398374,0.13324299909665763,0.27461607949412825
0.3621721122871606,0.23745973308789692,0.12793373216751036,0.2724344224574321
0.36772727272727274,0.2359090909090909,0.12954545454545455,0.26681818181818184
0.36719817767653756,0.23143507972665148,0.1266514806378132,0.2747152619589977
0.3683492496589359,0.2146430195543429,0.1305138699408822,0.286493860845839
0.36601007787448464,0.21392579019697663,0.12918002748511223,0.2908841044434265
0.37602927721866425,0.21134492223238793,0.12580054894784995,0.2868252516010979
0.38322813345356177,0.2132551848512173,0.12218214607754734,0.2813345356176736
0.3817351598173516,0.21187214611872146,0.1273972602739726,0.27899543378995434
0.37891867333030443,0.20581553839164016,0.13266696955929122,0.2825988187187642
0.37941976427923846,0.21033544877606528,0.12692656391659113,0.28331822302810517
0.37624660018132366,0.20897552130553038,0.12239347234814144,0.29238440616500455
0.37659380692167577,0.2062841530054645,0.11930783242258652,0.2978142076502732
0.37253100597152045,0.21267799724391365,0.11713367018833257,0.29765732659623334
0.3676268861454047,0.21810699588477367,0.1133973479652492,0.30086877000457246
0.37396883593033914,0.20898258478460127,0.11228230980751604,0.30476626947754354
0.35956580732700133,0.2198100407055631,0.10854816824966079,0.3120759837177748
0.3631032927379341,0.2174109156517817,0.11096075778078485,0.3085250338294993
0.3639240506329114,0.21292947558770345,0.11934900542495479,0.3037974683544304
0.3538392456219129,0.21508756174225416,0.11944319712617872,0.31162999550965426
0.3537477148080439,0.21709323583180987,0.12431444241316271,0.30484460694698357
0.3614292258360055,0.21209344938158498,0.12963811268896014,0.2968392120934494
0.3719651855245076,0.20888685295464957,0.12643151626202473,0.2927164452588181
0.37477313974591653,0.20871143375680581,0.12749546279491833,0.28901996370235933
0.35622710622710624,0.2206959706959707,0.12683150183150182,0.29624542124542125
0.3497016980266177,0.21202386415787058,0.12712253327214318,0.3111519045433685
0.3595097594189741,0.20835224693599638,0.12664548343168408,0.30549251021334545
0.36147877681424007,0.20356001825650388,0.134185303514377,0.30077590141487903
0.36231884057971014,0.1983695652173913,0.13496376811594202,0.30434782608695654
0.35353535353535354,0.20018365472910926,0.1386593204775023,0.3076216712580349
0.3581544084056647,0.2005481955230699,0.135678391959799,0.3056190041114664
0.3514129443938013,0.2014585232452142,0.1317228805834093,0.3154056517775752
0.35323609845031906,0.20601640838650867,0.13536918869644485,0.3053783044667274
0.3519450800915332,0.20503432494279175,0.1299771167048055,0.3130434782608696
0.3550757923748277,0.2039503904455673,0.12953605879650895,0.311437758383096
0.3588929219600726,0.21234119782214156,0.12522686025408347,0.30353901996370236
0.3599274705349048,0.2112420670897552,0.1228467815049864,0.3059836808703536
0.3675601999091322,0.2008178100863244,0.12494320763289414,0.30667878237164925
0.36084799278304014,0.2034280559314389,0.11907983761840325,0.3166441136671177
0.36675700090334235,0.2046070460704607,0.12375790424570912,0.3048780487804878
0.36285971223021585,0.21402877697841727,0.12005395683453238,0.30305755395683454
0.3613138686131387,0.21852189781021897,0.1208941605839416,0.29927007299270075
0.3617216117216117,0.22252747252747251,0.12225274725274725,0.2934981684981685
0.3687813783660429,0.21953445915107256,0.1182108626198083,0.29347329986307624
0.36663611365719523,0.23373052245646195,0.11274060494958753,0.28689275893675525
0.3693979176097782,0.23675871435038479,0.11181530104119511,0.2820280669986419
0.36429542365201634,0.2338015405527866,0.11780697779791573,0.2840960579972814
0.3617212012550426,0.23442402510085164,0.11564320932317347,0.2882115643209323
0.3574988672405981,0.22972360670593567,0.12052560036248301,0.29225192569098324
0.3534715960324617,0.23038773669972948,0.12533814247069433,0.2908025247971145
0.3575647432985007,0.22944116310767831,0.1190368014538846,0.2939572921399364
0.3546458141674333,0.22217111315547378,0.11959521619135234,0.30358785648574055
0.3582295988934993,0.22637159981558322,0.11710465652374366,0.2982941447671738
0.3665903890160183,0.23707093821510297,0.11533180778032037,0.28100686498855837
0.36693914623069934,0.240236148955495,0.11489554950045414,0.2779291553133515
0.3625170998632011,0.23392612859097128,0.11947104423164615,0.28408572731418147
0.3528048215113584,0.23922114047287898,0.12378303198887343,0.2841910060268892
0.35235052487448654,0.24189867640346874,0.11958010041077134,0.2861706983112734
0.3564940962761126,0.24432334241598547,0.11489554950045414,0.28428701180744775
0.35652959783099863,0.24310890194306373,0.11703569814731134,0.2833258020786263
0.3565217391304348,0.2402745995423341,0.12036613272311213,0.282837528604119
0.34500230308613544,0.23767848917549517,0.12574850299401197,0.2915707047443574
0.353713768115942,0.23550724637681159,0.12092391304347826,0.2898550724637681
0.3486238532110092,0.23027522935779818,0.12385321100917432,0.29724770642201837
0.35549525101763907,0.229760289461782,0.12075983717774763,0.2939846223428313
0.3506195502524094,0.23680587425424507,0.11748508490133089,0.29508949059201467
0.3540998625744389,0.23820430600091616,0.119560238204306,0.288135593220339
0.36425648021828105,0.23146884947703503,0.11823556161891768,0.28603910868576626
0.36603088101725706,0.2220708446866485,0.12897366030881016,0.2829246139872843
0.3637192342752963,0.22971741112123975,0.12625341841385598,0.28030993618960803
0.36052871467639014,0.2310847766636281,0.12625341841385598,0.2821330902461258
0.36388384754990927,0.2336660617059891,0.12613430127041741,0.27631578947368424
0.35785198555956677,0.23736462093862815,0.12906137184115524,0.2757220216606498
0.3623916020082154,0.23185759926973984,0.134185303514377,0.2715654952076677
0.35568645219755324,0.23878568192115995,0.1300407793384685,0.2754870865428183
0.35546522131887986,0.23441734417344173,0.13324299909665763,0.2768744354110208
0.3507496592457974,0.23625624716038165,0.13312130849613812,0.2798727850976829
0.3490267089180625,0.23675871435038479,0.12992304210049796,0.2842915346310548
0.3553644182888185,0.22272521502942508,0.12403802625622454,0.2978723404255319
0.3494085532302093,0.23521383075523203,0.12374886260236578,0.2916287534121929
0.352112676056338,0.22898682417083144,0.12857791912766925,0.2903225806451613
0.3522829006266786,0.229632945389436,0.12981199641897942,0.288272157564906
0.3535536441828882,0.2272521502942508,0.12222725215029426,0.2969669533725668
0.3675799086757991,0.217351598173516,0.12511415525114156,0.2899543378995434
0.36384439359267734,0.2205949656750572,0.12311212814645309,0.29244851258581234
0.36446886446886445,0.21657509157509158,0.12362637362637363,0.29532967032967034
0.3663636363636364,0.2177272727272727,0.12181818181818181,0.29409090909090907
0.36355353075170843,0.21913439635535306,0.1193621867881549,0.2979498861047836
0.3654729109274564,0.2263544536271809,0.11202938475665748,0.29614325068870523
0.37327823691460055,0.22359963269054178,0.11616161616161616,0.2869605142332415
0.37261146496815284,0.22929936305732485,0.11874431301182893,0.27934485896269334
0.37798827244023453,0.2232746955345061,0.12313937753721245,0.2755976544880469
0.37135036496350365,0.23403284671532848,0.1177007299270073,0.27691605839416056
0.37705667276051186,0.2289762340036563,0.1183729433272395,0.2755941499085923
0.37831655992680696,0.23467520585544374,0.11299176578225069,0.27401646843549865
0.368468877782826,0.23125851885506588,0.1154020899591095,0.2848705134029986
0.3639254884143571,0.22989550204452522,0.11812812358019083,0.2880508859609269
0.36227272727272725,0.22545454545454546,0.12318181818181818,0.28909090909090907
0.35974499089253187,0.22313296903460839,0.1320582877959927,0.28506375227686703
0.35896269335759784,0.22247497725204732,0.14058234758871702,0.27797998180163785
0.36177939173853835,0.23286427598729006,0.13890149795733092,0.2664548343168407
0.3691123188405797,0.22735507246376813,0.13541666666666666,0.26811594202898553
0.373806275579809,0.22373806275579808,0.1318781264211005,0.2705775352432924
0.36426274689940286,0.22875516766192008,0.12861736334405144,0.27836472209462565
0.3588691290469676,0.23301413588691292,0.12767897856817145,0.280437756497948
0.35175879396984927,0.23206943809958885,0.13613522156235724,0.2800365463682047
0.35486848177203506,0.2330410706045224,0.13013382556529765,0.2819566220581449
0.3528872593950504,0.2373968835930339,0.12832263978001834,0.28139321723189736
0.3576007326007326,0.24221611721611722,0.12179487179487179,0.2783882783882784
0.3605130554283097,0.233623453962437,0.12780577187356848,0.27805771873568486
0.36692272932670583,0.22141888838680523,0.1287844554902847,0.28287392679620427
0.36122542295381804,0.22267946959304985,0.1289437585733882,0.2871513488797439
0.3601809954751131,0.22669683257918552,0.12805429864253393,0.2850678733031674
0.36613995485327316,0.23205417607223477,0.127313769751693,0.2744920993227991
0.36158452326116997,0.23076923076923078,0.13496084753569784,0.27268539843390144
0.35994462390401477,0.23165666820489156,0.13567143516382096,0.2727272727272727
0.35747232472324725,0.2246309963099631,0.13422509225092252,0.2836715867158672
0.3630924988495168,0.22641509433962265,0.1329958582604694,0.2774965485503912
0.3562528841716659,0.23027226580526072,0.1333640978311029,0.28011075219197046
0.35740402193784276,0.2216636197440585,0.13482632541133455,0.2861060329067642
0.35438437074057244,0.23489323034984097,0.12812358019082234,0.2825988187187642
0.35846501128668173,0.23024830699774265,0.1309255079006772,0.28036117381489845
0.3610223642172524,0.23870378822455499,0.12962117754450023,0.27065267001369236
0.3615002259376412,0.23316764572977858,0.12788070492544057,0.27745142340713963
0.36616507067943455,0.2389420884632923,0.12539899680802555,0.2694938440492476
0.359612724757953,0.2392807745504841,0.1272475795297372,0.27385892116182575
0.3584392014519056,0.23185117967332122,0.132486388384755,0.2772232304900181
0.352994555353902,0.2413793103448276,0.12840290381125227,0.2772232304900181
0.34655722754217966,0.2421340629274966,0.13041495668034656,0.2808937528499772
0.35390199637023595,0.2382032667876588,0.1265880217785844,0.2813067150635209
0.3663773412517131,0.2366377341251713,0.12425765189584285,0.2727272727272727
0.36609558160504957,0.23850315599639316,0.12082957619477007,0.2745716862037872
0.3575647432985007,0.2376192639709223,0.12539754656974103,0.279418446160836
0.35219556360344045,0.24083295608872793,0.1213218650973291,0.28564961521050247
0.3383977900552486,0.24769797421731124,0.1252302025782689,0.2886740331491713
0.34344827586206894,0.23954022988505747,0.12827586206896552,0.288735632183908
0.3380474452554745,0.23220802919708028,0.13138686131386862,0.2983576642335766
0.34417965169569203,0.22639780018331807,0.13565536205316223,0.2937671860678277
0.34299954689623924,0.22927050294517445,0.12913457181694607,0.29859537834164024
0.3470961887477314,0.23003629764065336,0.1279491833030853,0.29491833030852993
0.34199726402188785,0.23210214318285455,0.12266301869585043,0.3032375740994072
0.33954545454545454,0.23772727272727273,0.11863636363636364,0.3040909090909091
0.3378932968536252,0.24031007751937986,0.11582307341541268,0.3059735522115823
0.3398190045248869,0.23936651583710408,0.1248868778280543,0.29592760180995475
0.3459780621572212,0.23857404021937842,0.12477148080438757,0.2906764168190128
0.3537258509659614,0.23413063477460902,0.12051517939282429,0.29162833486660533
0.3518687329079307,0.22880583409298086,0.12078395624430265,0.29854147675478576
0.354337899543379,0.2365296803652968,0.1187214611872146,0.29041095890410956
0.3656307129798903,0.22806215722120657,0.1183729433272395,0.28793418647166363
0.3705215419501134,0.22403628117913832,0.11791383219954649,0.2875283446712018
0.371713508612874,0.22212148685403446,0.12012692656391659,0.28603807796917496
0.3681592039800995,0.22523744911804613,0.11668928086838534,0.28991406603346903
0.36141304347826086,0.23324275362318841,0.11730072463768115,0.28804347826086957
0.3705697622252131,0.22476446837146702,0.11484970838941229,0.28981606101390756
0.364379827351204,0.22989550204452522,0.11585642889595639,0.2898682417083144
0.3655767484105359,0.22615803814713897,0.11807447774750227,0.2901907356948229
0.36621004566210047,0.2232876712328767,0.12100456621004566,0.28949771689497716
0.363718820861678,0.22403628117913832,0.1219954648526077,0.29024943310657597
0.36106115107913667,0.22347122302158273,0.12005395683453238,0.2954136690647482
0.3557347670250896,0.2302867383512545,0.11738351254480286,0.29659498207885304
0.3525985663082437,0.224910394265233,0.11738351254480286,0.30510752688172044
0.3575293056807935,0.21956717763751127,0.1266907123534716,0.2962128043282236
0.34885844748858447,0.22465753424657534,0.1273972602739726,0.2990867579908676
0.34641716111364673,0.2227293473299863,0.12551346417161113,0.3053400273847558
0.34766697163769444,0.217291857273559,0.12488563586459286,0.3101555352241537
0.35586206896551725,0.21747126436781608,0.12229885057471264,0.304367816091954
0.3637192342752963,0.21558796718322698,0.12215132178669097,0.29854147675478576
0.36961451247165533,0.21405895691609977,0.12426303854875284,0.2920634920634921
0.3684452621895124,0.22309107635694572,0.1264949402023919,0.28196872125114997
0.36982520699172033,0.22723091076356947,0.12419503219871206,0.27874885004599814
0.37324263038548755,0.22267573696145124,0.12244897959183673,0.2816326530612245
0.36064073226544624,0.2242562929061785,0.12723112128146452,0.28787185354691075
0.36455002284148014,0.22567382366377342,0.12608497030607582,0.28369118318867065
0.3666061705989111,0.2309437386569873,0.12749546279491833,0.2749546279491833
0.3684692942254812,0.2392300641613199,0.12419798350137488,0.268102658111824
0.3703033046627433,0.23856948845631507,0.11860570393843368,0.27252150294250793
0.36564079007808914,0.23334864492420762,0.1281580156178227,0.27285254937988057
0.3782549109182275,0.2233896756509822,0.1306532663316583,0.26770214709913204
0.38239339752407153,0.22925263640531865,0.13113250802384227,0.25722145804676755
0.3843721770551039,0.23577235772357724,0.13143631436314362,0.24841915085817526
0.3729281767955801,0.23388581952117865,0.1298342541436464,0.26335174953959484
0.3687845303867403,0.23710865561694291,0.13075506445672191,0.26335174953959484
0.37551206190259445,0.22803823395539372,0.12790168411470187,0.26854802002731
0.3701857725419121,0.2211146352514726,0.13140009062075214,0.27729950158586314
0.3624887285843102,0.2218214607754734,0.1284941388638413,0.2871956717763751
0.36408864767073723,0.22116689280868385,0.12709181365897784,0.2876526458616011
0.3622191655204035,0.22283356258596973,0.12975699220541037,0.2851902796882164
0.3650137741046832,0.22130394857667585,0.12304866850321396,0.290633608815427
0.3648462597521799,0.22120238641578704,0.11932078935291418,0.29463056447911884
0.3613021549747822,0.21916552040348464,0.12975699220541037,0.2897753324163228
0.36409319323892186,0.21745089081772498,0.13111009593421655,0.2873458200091366
0.35566773749426345,0.22716842588343278,0.1312528682882056,0.28591096833409824
0.36052871467639014,0.22470373746581587,0.12944393801276208,0.2853236098450319
0.36129032258064514,0.22119815668202766,0.12903225806451613,0.28847926267281104
0.37047226043099496,0.2173314993122421,0.1155433287482806,0.29665291150848233
0.37052341597796146,0.22359963269054178,0.11570247933884298,0.29017447199265384
0.3704044117647059,0.22564338235294118,0.12316176470588236,0.28079044117647056
0.3664681630783326,0.22491983508932661,0.12185066422354558,0.28676133760879524
0.3703533731069298,0.22074346030289124,0.12207434603028912,0.28682882055988984
0.36759981642955486,0.22257916475447453,0.12804038549793484,0.2817806333180358
0.3696551724137931,0.22160919540229884,0.12275862068965518,0.28597701149425286
0.3774016468435499,0.22186642268984447,0.11482159194876487,0.2859103385178408
0.3747157798999545,0.21964529331514324,0.10823101409731696,0.29740791268758526
0.37585733882030176,0.2194787379972565,0.11019661636945588,0.29446730681298583
0.3686131386861314,0.2208029197080292,0.11085766423357664,0.29972627737226276
0.3647220946256316,0.22416169039963252,0.11759301791456132,0.29352319706017455
0.36829944547134935,0.21765249537892792,0.11829944547134935,0.2957486136783734
0.3793584379358438,0.21152952115295212,0.1278475127847513,0.2812645281264528
0.3717421124828532,0.21536351165980797,0.12391403749428441,0.2889803383630544
0.37533998186763373,0.2157751586582049,0.1242067089755213,0.2846781504986401
0.37880854934060937,0.2132787630741246,0.12369258753979082,0.2842201000454752
0.3810391978122151,0.21513217866909753,0.12397447584320875,0.27985414767547856
0.37757437070938216,0.21967963386727687,0.12219679633867277,0.2805491990846682
0.3839449541284404,0.21697247706422018,0.1243119266055046,0.27477064220183484
0.3872885230909922,0.21033379058070417,0.11979881115683585,0.2825788751714678
0.37948252383113934,0.21697684975034046,0.12346799818429414,0.2800726282342261
0.3820430600091617,0.2185066422354558,0.1168117269812185,0.282638570774164
0.3821541234790446,0.21901757548445244,0.11626858945470933,0.2825597115817936
0.36971350613915416,0.21737153251477945,0.11732605729877217,0.2955889040472942
0.36944696282864914,0.21940163191296463,0.11604714415231188,0.29510426110607435
0.3688747731397459,0.21415607985480944,0.1206896551724138,0.2962794918330309
0.36946702800361336,0.22086720867208673,0.11698283649503162,0.2926829268292683
0.3599099099099099,0.23153153153153153,0.11801801801801802,0.2905405405405405
0.35639508420573507,0.23304506144742831,0.12562585343650431,0.2849340009103323
0.3562642369020501,0.23416856492027335,0.12619589977220957,0.283371298405467
0.34400731930466605,0.24107959743824336,0.12854528819762123,0.28636779505946935
0.35420475319926875,0.236745886654479,0.1256855575868373,0.283363802559415
0.3592760180995475,0.23846153846153847,0.12262443438914027,0.27963800904977376
0.35376930063578566,0.24341507720254316,0.11807447774750227,0.2847411444141689
0.35208711433756806,0.24001814882032668,0.11569872958257713,0.29219600725952816
0.3591485507246377,0.24048913043478262,0.11820652173913043,0.2821557971014493
0.3602540834845735,0.2395644283121597,0.11978221415607986,0.28039927404718695
0.35460346399270737,0.2310847766636281,0.12853236098450319,0.28577939835916133
0.36363636363636365,0.22318181818181818,0.12681818181818183,0.2863636363636364
0.3635122838944495,0.2229299363057325,0.12010919017288443,0.2934485896269336
0.35643115942028986,0.2269021739130435,0.12545289855072464,0.291213768115942
0.35442457588262266,0.22054103622191656,0.13480055020632736,0.2902338376891334
0.36091954022988504,0.22160919540229884,0.12551724137931033,0.29195402298850576
0.364177737059093,0.21713238662391204,0.11864406779661017,0.3000458085203848
0.3519781718963165,0.220100045475216,0.1250568440200091,0.30286493860845837
0.3592542064574807,0.21418826739427013,0.12005457025920874,0.3065029558890405
0.3563322741715842,0.21561507035860192,0.12482977757603268,0.3032228778937812
0.3560777225485766,0.219159511974695,0.1201988251242657,0.3045639403524627
0.35427022141888836,0.21102575689109807,0.12291007681879801,0.31179394487121553
0.3527272727272727,0.20363636363636364,0.12272727272727273,0.3209090909090909
0.35154826958105645,0.20901639344262296,0.12295081967213115,0.3164845173041894
0.3497292418772563,0.20667870036101083,0.125,0.3185920577617328
0.3507496592457974,0.20127214902317128,0.1258518855065879,0.32212630622444344
0.35655737704918034,0.21448087431693988,0.122040072859745,0.3069216757741348
0.3654197080291971,0.21441605839416059,0.13093065693430658,0.2892335766423358
0.3589981447124304,0.2193877551020408,0.1266233766233766,0.2949907235621521
0.3610223642172524,0.21725239616613418,0.11912368781378366,0.30260155180282977
0.3662683823529412,0.22288602941176472,0.12178308823529412,0.2890625
0.3665137614678899,0.21972477064220183,0.11926605504587157,0.2944954128440367
0.3681343622333182,0.22060826146164322,0.11665910122560146,0.29459827507943714
0.3608815426997245,0.22819100091827366,0.11432506887052342,0.29660238751147844
0.3529949702789209,0.227251943301326,0.11934156378600823,0.3004115226337449
0.3654729109274564,0.22589531680440772,0.11202938475665748,0.29660238751147844
0.36692272932670583,0.21554450971531858,0.12381382738364212,0.2937189335743335
0.3643835616438356,0.21689497716894976,0.1228310502283105,0.2958904109589041
0.36919540229885056,0.20735632183908045,0.12137931034482759,0.3020689655172414
0.3607390300230947,0.2115473441108545,0.12424942263279445,0.30346420323325635
0.36759981642955486,0.208352455254704,0.1179440110142267,0.3061037173015145
0.3722197004085338,0.21016795279164777,0.11802088061734,0.29959146618247845
0.3651300775901415,0.22455499771793702,0.11182108626198083,0.29849383842994065
0.3588235294117647,0.2253393665158371,0.11493212669683257,0.3009049773755656
0.35639981908638624,0.22749886928991406,0.11714156490275893,0.2989597467209408
0.3532608695652174,0.2259963768115942,0.12228260869565218,0.29846014492753625
0.35717519239474876,0.22679945676776822,0.12811226799456768,0.28791308284291534
0.35740236148955495,0.23342415985467757,0.1298819255222525,0.279291553133515
0.3685403445149592,0.2230281051677244,0.13372620126926563,0.2747053490480508
0.36355394378966455,0.22665457842248413,0.128739800543971,0.2810516772438803
0.357371063441351,0.21314468279324508,0.1378366042902784,0.2916476494751255
0.35251141552511417,0.21141552511415526,0.14429223744292238,0.29178082191780824
0.34876260311640694,0.21448212648945922,0.14390467461044912,0.2928505957836847
0.35678391959798994,0.21333942439470077,0.13613522156235724,0.29374143444495204
0.35429095915557596,0.21936668196420375,0.13630105553005967,0.29004130335016065
0.3543091655266758,0.21979024167806657,0.1349749202006384,0.29092567259461927
0.35029802842732694,0.21549747822099954,0.1325080238422742,0.3016964695093994
0.35537190082644626,0.2231404958677686,0.13085399449035812,0.290633608815427
0.35267034990791896,0.21915285451197053,0.12937384898710866,0.29880294659300183
0.34379263301500684,0.22282855843565258,0.1305138699408822,0.30286493860845837
0.3571104043616538,0.226715129486597,0.1258518855065879,0.2903225806451613
0.35678845286423094,0.2219215155615697,0.12990527740189445,0.2913847541723049
0.34150772025431425,0.22479564032697547,0.13215258855585832,0.30154405086285196
0.34511243689765947,0.22946305644791187,0.13262964662689308,0.2927948600275356
