R,A,S,N
0.0,0.0,1.0,0.0
0.0,0.0,1.0,0.0
0.3333333333333333,0.0,0.6666666666666666,0.0
0.6,0.0,0.4,0.0
0.5,0.0,0.3333333333333333,0.16666666666666666
0.625,0.0,0.25,0.125
0.6666666666666666,0.0,0.2222222222222222,0.1111111111111111
0.7272727272727273,0.0,0.18181818181818182,0.09090909090909091
0.7647058823529411,0.058823529411764705,0.11764705882352941,0.058823529411764705
0.85,0.05,0.1,0.0
0.9,0.03333333333333333,0.06666666666666667,0.0
0.9230769230769231,0.02564102564102564,0.05128205128205128,0.0
0.9019607843137255,0.0392156862745098,0.058823529411764705,0.0
0.9444444444444444,0.013888888888888888,0.041666666666666664,0.0
0.956989247311828,0.010752688172043012,0.021505376344086023,0.010752688172043012
0.9576271186440678,0.00847457627118644,0.025423728813559324,0.00847457627118644
0.9424460431654677,0.014388489208633094,0.02877697841726619,0.014388489208633094
0.9375,0.025,0.01875,0.01875
0.9392265193370166,0.016574585635359115,0.022099447513812154,0.022099447513812154
0.9439252336448598,0.018691588785046728,0.018691588785046728,0.018691588785046728
0.9453125,0.01953125,0.015625,0.01953125
0.9407665505226481,0.017421602787456445,0.013937282229965157,0.027874564459930314
0.9480122324159022,0.01529051987767584,0.012232415902140673,0.024464831804281346
0.9445910290237467,0.013192612137203167,0.0158311345646438,0.026385224274406333
0.9449760765550239,0.01674641148325359,0.01674641148325359,0.0215311004784689
0.9322033898305084,0.01694915254237288,0.019067796610169493,0.03177966101694915
0.9345794392523364,0.014953271028037384,0.018691588785046728,0.03177570093457944
0.938671209540034,0.01192504258943782,0.018739352640545145,0.030664395229982964
0.9438543247344461,0.012139605462822459,0.01669195751138088,0.027314112291350532
0.9445196211096076,0.013531799729364006,0.017591339648173207,0.02435723951285521
0.943558282208589,0.013496932515337423,0.0196319018404908,0.023312883435582823
0.952914798206278,0.014573991031390135,0.013452914798206279,0.01905829596412556
0.9470954356846473,0.017634854771784232,0.014522821576763486,0.02074688796680498
0.9486931268151017,0.01452081316553727,0.015488867376573089,0.021297192642787996
0.9448462929475587,0.014466546112115732,0.014466546112115732,0.026220614828209764
0.9390862944162437,0.018612521150592216,0.012690355329949238,0.02961082910321489
0.9325301204819277,0.024096385542168676,0.016867469879518072,0.02650602409638554
0.938996138996139,0.022393822393822392,0.014671814671814672,0.023938223938223938
0.9391049156272927,0.02421129860601614,0.013206162876008804,0.02347762289068232
0.9341111873713109,0.02539464653397392,0.013726835964310227,0.026767330130404943
0.9293729372937294,0.027722772277227723,0.015841584158415842,0.02706270627062706
0.9321065989847716,0.0266497461928934,0.013959390862944163,0.02728426395939086
0.9367710251688153,0.025168815224063844,0.01289134438305709,0.025168815224063844
0.9343493552168816,0.02637749120750293,0.012895662368112544,0.02637749120750293
0.9358108108108109,0.02533783783783784,0.013513513513513514,0.02533783783783784
0.9330065359477124,0.02832244008714597,0.013616557734204794,0.02505446623093682
0.9373684210526316,0.024736842105263158,0.013157894736842105,0.024736842105263158
0.9310344827586207,0.0268762677484787,0.015720081135902637,0.02636916835699797
0.9293587174348698,0.02755511022044088,0.017034068136272545,0.026052104208416832
0.9272369714847591,0.028023598820058997,0.01720747295968535,0.02753195673549656
0.9236009732360098,0.028710462287104624,0.016058394160583942,0.031630170316301706
0.9227447216890595,0.02831094049904031,0.016794625719769675,0.032149712092130515
0.9210897134805073,0.028182245185533115,0.015969938938468764,0.03475810239549084
0.9165111940298507,0.029850746268656716,0.016791044776119403,0.03684701492537314
0.9144460028050491,0.028985507246376812,0.01916783543712015,0.03740065451145395
0.9106481481481481,0.028703703703703703,0.020833333333333332,0.03981481481481482
0.9080932784636488,0.029263831732967534,0.02240512117055327,0.040237768632830365
0.9071557971014492,0.029438405797101448,0.021739130434782608,0.041666666666666664
0.9109805693628559,0.028468142792589246,0.021238138273836422,0.039313149570718485
0.9074410163339383,0.030852994555353903,0.02041742286751361,0.04128856624319419
0.903125,0.032589285714285716,0.022321428571428572,0.04196428571428571
0.9023957409050577,0.03327417923691216,0.024401064773735583,0.03992901508429459
0.9024070021881838,0.03150984682713348,0.02363238512035011,0.04245076586433261
0.8992520897492301,0.032996040475142985,0.024197096348438186,0.04355477342718874
0.8996893031513538,0.03151353750554816,0.02529960053262317,0.04349755881047492
0.8979955456570156,0.03296213808463252,0.025389755011135856,0.04365256124721604
0.9007936507936508,0.03350970017636684,0.023368606701940034,0.042328042328042326
0.8970588235294118,0.035204991087344026,0.024509803921568627,0.04322638146167558
0.8976517501107665,0.0358883473637572,0.02303943287549845,0.043420469649977846
0.8954104148278905,0.037069726390114736,0.025154457193292144,0.04236540158870256
0.8910626945309026,0.036905291240551356,0.025344597598932858,0.04668741662961316
0.8875502008032129,0.038375725122713075,0.028112449799196786,0.04596162427487729
0.8863837312113174,0.040229885057471264,0.025198938992042442,0.048187444739168875
0.8820150243040212,0.04242156429518339,0.02695536897923111,0.048608042421564294
0.8842058562555457,0.04214729370008873,0.024401064773735583,0.04924578527062999
0.8837000449034575,0.041311180960933995,0.024247867085765602,0.05074090704984284
0.8867588051716451,0.04057066428889879,0.0231832367365136,0.049487293802942485
0.8821174377224199,0.037366548042704624,0.027135231316725978,0.05338078291814947
0.8821444395214887,0.03677447939743022,0.024368630926007974,0.056712450155073105
0.8883473637571998,0.035002215330084185,0.01993797075764289,0.056712450155073105
0.8833406981882457,0.039770216526734424,0.019001325673884226,0.05788775961113566
0.883208461877479,0.0374614367562803,0.019391802556192154,0.05993829881004848
0.8774790656676951,0.03922432789775231,0.01983252534156016,0.06346408109299251
0.8770601336302896,0.039198218262806235,0.0200445434298441,0.06369710467706013
0.8773963441818993,0.03967900133749443,0.019170753455193937,0.0637539010254124
0.8789638231353283,0.03662349263063868,0.01965163019205002,0.06476105404198303
0.8817777777777778,0.036444444444444446,0.019555555555555555,0.06222222222222222
0.8792035398230088,0.03672566371681416,0.02079646017699115,0.06327433628318584
0.8799646954986761,0.03751103265666372,0.02030008826125331,0.06222418358340689
0.8814387211367674,0.037300177619893425,0.019982238010657193,0.06127886323268206
0.8814387211367674,0.03685612788632327,0.017761989342806393,0.06394316163410302
0.8757847533632287,0.04080717488789238,0.017937219730941704,0.06547085201793722
0.8742194469223907,0.043264942016057094,0.020517395182872437,0.06199821587867975
0.876293297345929,0.042735042735042736,0.020242914979757085,0.06072874493927125
0.8747243052492281,0.044111160123511246,0.018967798853109837,0.06219673577415086
0.87144128113879,0.041370106761565835,0.020462633451957295,0.06672597864768683
0.874612317235268,0.03677447939743022,0.0203810367744794,0.06823216659282233
0.8793791574279379,0.03592017738359202,0.016851441241685146,0.06784922394678493
0.8813333333333333,0.035111111111111114,0.016888888888888887,0.06666666666666667
0.8854961832061069,0.03367759317467445,0.016165244723843737,0.06466097889537495
0.8839528558476881,0.03445149592021759,0.01813236627379873,0.06346328195829556
0.886312973695943,0.03209986625055729,0.017387427552385197,0.06419973250111458
0.8863232682060391,0.03241563055062167,0.016873889875666074,0.06438721136767318
0.8850066342326405,0.03494029190623618,0.017691287041132243,0.062361786819991154
0.8777137793531237,0.0358883473637572,0.01905183872396987,0.06734603455914931
0.8753303964757709,0.03612334801762115,0.018502202643171806,0.07004405286343612
0.8738898756660746,0.03507992895204263,0.020426287744227355,0.07060390763765542
0.8706935123042505,0.03445190156599553,0.021029082774049218,0.0738255033557047
0.8718177757927646,0.036176864671728454,0.01965163019205002,0.07235372934345691
0.8661593554162936,0.03983885407341092,0.021486123545210387,0.07251566696508505
0.8648288128056915,0.04224099599822143,0.0213428190306803,0.07158737216540685
0.8658645276292335,0.04144385026737968,0.020053475935828877,0.07263814616755793
0.8608385370205174,0.04103479036574487,0.020517395182872437,0.07760927743086529
0.8610366398570152,0.04334226988382484,0.020554066130473638,0.07506702412868632
0.8591549295774648,0.04225352112676056,0.02112676056338028,0.07746478873239436
0.8605577689243028,0.04161133244798584,0.019034971226206288,0.0787959274015051
0.8570790531487271,0.03974988834301027,0.021438142027690933,0.08173291648057168
0.8617634027470094,0.03943287549844927,0.01993797075764289,0.07886575099689853
0.8595782862270076,0.040376850605652756,0.01973979362943024,0.08030506953790938
0.8624833110814419,0.040498442367601244,0.01913662661326213,0.0778816199376947
0.858991521642124,0.038821954484605084,0.018741633199464525,0.08344489067380634
0.8580960854092526,0.03870106761565836,0.018683274021352312,0.08451957295373666
0.8547161376843988,0.03665623603039785,0.021457308895842648,0.08717031738936075
0.8558035714285714,0.03526785714285714,0.02142857142857143,0.0875
0.8582155477031802,0.03445229681978799,0.022526501766784453,0.08480565371024736
0.8546020453534905,0.03334815473543797,0.021787461093819474,0.09026233881725211
0.8535936113575865,0.03460514640638864,0.022626441881100266,0.08917480035492457
0.8561946902654868,0.033628318584070796,0.021238938053097345,0.08893805309734513
0.8560639715681919,0.0346512661039538,0.019991115059973346,0.08929364726788094
0.8546589389210878,0.036558181007579134,0.019170753455193937,0.0896121266161391
0.8537672759696835,0.03700401248328132,0.018724921979491754,0.09050378956754347
0.8541480820695807,0.03389830508474576,0.0191793041926851,0.0927743086529884
0.8523131672597865,0.033807829181494664,0.01912811387900356,0.0947508896797153
0.8557522123893805,0.032300884955752215,0.01991150442477876,0.0920353982300885
0.8587147887323944,0.032130281690140844,0.018926056338028168,0.09022887323943662
0.8567019400352733,0.03130511463844797,0.020282186948853614,0.09171075837742504
0.8591737005775211,0.03154153709462461,0.020435362061306087,0.0888494002665482
0.8573991031390135,0.03452914798206278,0.02376681614349776,0.08430493273542601
0.8514541387024609,0.03355704697986577,0.025503355704697986,0.0894854586129754
0.8503552397868561,0.03507992895204263,0.026198934280639432,0.08836589698046181
0.8445527015057573,0.03631532329495128,0.029229406554472984,0.08990256864481842
0.8440693025322079,0.03909373611728121,0.02665482007996446,0.09018214127054643
0.8421520675855936,0.04090706980880391,0.027567807914628723,0.08937305469097377
0.8401071907101385,0.04198302813756141,0.027690933452434122,0.09021884769986602
0.8389380530973451,0.04292035398230089,0.02831858407079646,0.08982300884955752
0.8365256124721604,0.044543429844097995,0.028953229398663696,0.08997772828507795
0.8364527629233511,0.04411764705882353,0.0285204991087344,0.09090909090909091
0.8459841129744042,0.03971756398940865,0.026919682259488084,0.08737864077669903
0.8473589973142346,0.03894359892569382,0.025514771709937333,0.08818263205013428
0.8450892857142858,0.0375,0.026785714285714284,0.090625
0.844543429844098,0.037416481069042315,0.026280623608017816,0.09175946547884187
0.8417553191489362,0.03856382978723404,0.027039007092198582,0.09264184397163121
0.8399465002229157,0.03611234953187695,0.028979045920642,0.09496210432456531
0.8385093167701864,0.03637976929902396,0.02839396628216504,0.09671694764862467
0.8370736086175943,0.034560143626570915,0.02917414721723519,0.09919210053859964
0.8359409924005364,0.033974072418417524,0.029950827000447027,0.10013410818059902
0.8302055406613047,0.03708668453976765,0.03038427167113494,0.10232350312779268
0.8332592263228101,0.03912850155624722,0.030680302356602934,0.09693196976433971
0.8290408525754884,0.03952042628774423,0.02886323268206039,0.10257548845470693
0.8332586284177499,0.03809950694755715,0.025549081129538322,0.10309278350515463
0.8336283185840708,0.03849557522123894,0.025221238938053097,0.10265486725663717
0.8374606033318325,0.03872129671319226,0.02341287708239532,0.10040522287257991
0.8406055209260909,0.03873552983081033,0.02315227070347284,0.097506678539626
0.8365983971504898,0.0396260017809439,0.025823686553873553,0.09795191451469279
0.8382022471910112,0.04044943820224719,0.025168539325842697,0.09617977528089888
0.8372715113687026,0.04101649576460098,0.026749888542131076,0.09496210432456531
0.8389529724933452,0.03948535936113576,0.027506654835847383,0.0940550133096717
0.8444148936170213,0.038120567375886524,0.0274822695035461,0.0899822695035461
0.8441385435168739,0.03641207815275311,0.02886323268206039,0.0905861456483126
0.8465631929046563,0.03725055432372506,0.028381374722838137,0.08780487804878048
0.8395555555555556,0.03866666666666667,0.028888888888888888,0.09288888888888888
0.8420816509645581,0.036787797218483624,0.03050695379093764,0.09062359802602064
0.8364044943820225,0.038651685393258424,0.03146067415730337,0.09348314606741573
0.84375,0.03306159420289855,0.030797101449275364,0.09239130434782608
0.8494863778472532,0.03528360875390799,0.029477445288075034,0.08575256811076373
0.8482142857142857,0.03482142857142857,0.02857142857142857,0.08839285714285715
0.8480565371024735,0.03401060070671378,0.02871024734982332,0.0892226148409894
0.8459133541759715,0.034836980794997766,0.030370701205895488,0.08887896382313533
0.8451901565995525,0.03668903803131991,0.030425055928411632,0.08769574944071588
0.8475935828877005,0.03431372549019608,0.029411764705882353,0.08868092691622104
0.8505543237250555,0.03458980044345898,0.026607538802660754,0.08824833702882483
0.8447814451382694,0.0383586083853702,0.028545941123996433,0.08831400535236396
0.8481745325022262,0.036064113980409616,0.026714158504007122,0.08904719501335707
0.8504714863044455,0.03816793893129771,0.025594970812752582,0.08576560395150426
0.8557435440783615,0.03873552983081033,0.025378450578806767,0.08014247551202137
0.855807743658211,0.03871829105473965,0.024922118380062305,0.08055184690698709
0.853988283010365,0.03785488958990536,0.023884632717440287,0.08427219468228932
0.8594377510040161,0.03748326639892905,0.023650156180276664,0.07942882641677822
0.8608501118568233,0.0348993288590604,0.02371364653243848,0.08053691275167785
0.8641207815275311,0.03063943161634103,0.023978685612788632,0.08126110124333925
0.8649247121346324,0.02878653675819309,0.023914968999114262,0.08237378210806023
0.8625613565372602,0.028112449799196786,0.024542614904060688,0.08478357875948238
0.8643015521064301,0.027937915742793792,0.021729490022172948,0.0860310421286031
0.8609625668449198,0.029411764705882353,0.022727272727272728,0.08689839572192513
0.8584031760035289,0.02999558888398765,0.021614468460520512,0.08998676665196295
0.8574620196604111,0.031724754244861486,0.020107238605898123,0.09070598748882931
0.858281665190434,0.03188662533215235,0.021700620017714792,0.08813108945969884
0.860362350861688,0.03225806451612903,0.0207688908528502,0.08661069376933274
0.853125,0.032589285714285716,0.024107142857142858,0.09017857142857143
0.8506867523260966,0.034559149313247675,0.02303943287549845,0.09171466548515729
0.856,0.035111111111111114,0.021777777777777778,0.08711111111111111
0.8568872987477638,0.03398926654740608,0.02101967799642218,0.08810375670840787
0.8597041685342895,0.03227252353204841,0.020170327207530255,0.08785298072613178
0.8563758389261745,0.03534675615212528,0.02058165548098434,0.08769574944071588
0.8560639715681919,0.034207019102621056,0.019991115059973346,0.08973789426921368
0.8597883597883598,0.034832451499118164,0.02204585537918871,0.08333333333333333
0.8652826855123675,0.03136042402826855,0.02120141342756184,0.08215547703180212
0.8632554036171152,0.031318923687692984,0.01940891045434495,0.08601676224084694
0.8627450980392157,0.030303030303030304,0.020499108734402853,0.08645276292335116
0.868421052631579,0.025869759143621766,0.0191793041926851,0.08652988403211419
0.8660071942446043,0.025179856115107913,0.021133093525179857,0.08767985611510791
0.8662816525988449,0.02576632607729898,0.02265659706796979,0.08529542425588628
0.8644672313865359,0.02719572001783326,0.021845742309407043,0.08649130628622381
0.8633540372670807,0.02839396628216504,0.02129547471162378,0.08695652173913043
0.867528991971454,0.027653880463871544,0.020517395182872437,0.08429973238180197
0.8660714285714286,0.027678571428571427,0.020535714285714286,0.08571428571428572
0.864816472694718,0.02864816472694718,0.021486123545210387,0.08504923903312445
0.8639607493309545,0.028099910793933987,0.020517395182872437,0.08742194469223907
0.867260579064588,0.03162583518930958,0.018708240534521157,0.08240534521158129
0.8713968957871396,0.028824833702882482,0.020399113082039913,0.07937915742793791
0.867523260965884,0.030571555161719097,0.01860877270713336,0.08329641116526362
0.8644962604487462,0.031236251649802024,0.020237571491421028,0.0840299164100308
0.8665780141843972,0.02969858156028369,0.02171985815602837,0.08200354609929078
0.8642793987621574,0.032714412024756855,0.022988505747126436,0.08001768346595933
0.8655311519497983,0.03496190049305244,0.020618556701030927,0.07888839085611833
0.8655126498002663,0.037283621837549935,0.020417221482467822,0.07678650687971593
0.8607817303469477,0.03337725076855512,0.024593763724198508,0.08124725516029864
0.860392506690455,0.03345227475468332,0.025423728813559324,0.08073148974130241
0.8608617594254937,0.03321364452423698,0.02423698384201077,0.08168761220825853
0.8661347517730497,0.02925531914893617,0.023936170212765957,0.08067375886524823
0.8661971830985915,0.028609154929577465,0.02420774647887324,0.08098591549295775
0.8673514962036624,0.028584189370254576,0.025011165698972757,0.07905314872711032
0.8710538016896399,0.028901734104046242,0.025344597598932858,0.07469986660738105
0.8713968957871396,0.02926829268292683,0.025277161862527715,0.07405764966740576
0.8761101243339254,0.02797513321492007,0.023978685612788632,0.0719360568383659
0.872046366473473,0.028533214444939812,0.024966562639322336,0.07445385644226482
0.8732770120053357,0.028012449977767896,0.026678523788350377,0.07203201422854602
0.868083222664896,0.03010181496237273,0.027888446215139442,0.07392651615759185
0.867528991971454,0.032114183764495985,0.028545941123996433,0.07181088314005353
0.8711954124393472,0.033083370092633436,0.027348919276576972,0.06837229819144243
0.8627276765881831,0.03509551310528654,0.028876055086628164,0.07330075521990227
0.8658047258136424,0.03522068658047258,0.02630405706642889,0.07267053053945609
0.86468200270636,0.03608479927830401,0.02525935949481281,0.07397383852052324
0.8684557853057633,0.032996040475142985,0.024197096348438186,0.07435107787065552
0.869411243913236,0.03187250996015936,0.02390438247011952,0.07481186365648516
0.8701645175633614,0.029791018230324588,0.023566029346376166,0.07647843485993774
0.8711385701676964,0.028684907325684024,0.025154457193292144,0.07502206531332745
0.8646249445184199,0.031069684864624945,0.024855747891699954,0.07944962272525521
0.8625277161862528,0.031042128603104215,0.025277161862527715,0.0811529933481153
0.8589687086822388,0.03129131776112825,0.026443367122080213,0.08329660643455267
0.8595950704225352,0.030809859154929578,0.02640845070422535,0.08318661971830986
0.8531781557743957,0.03267681289167413,0.02730528200537153,0.08683974932855863
0.8563115487914056,0.03178155774395703,0.026410026857654433,0.085496866606983
0.8565701559020045,0.030289532293986638,0.026726057906458798,0.08641425389755011
0.853494623655914,0.029121863799283155,0.027329749103942653,0.09005376344086022
0.8575293056807936,0.02660054102795311,0.02569882777276826,0.09017132551848513
0.862238074008025,0.02630405706642889,0.025858225590726706,0.08559964333481944
0.8631297369594293,0.025858225590726706,0.026749888542131076,0.08426214890771289
0.8601864181091877,0.02663115845539281,0.02663115845539281,0.08655126498002663
0.8572062084257206,0.02926829268292683,0.02483370288248337,0.08869179600886919
0.8546743464776252,0.03190075321222862,0.02303943287549845,0.09038546743464776
0.8534405719392315,0.03127792672028597,0.02323503127792672,0.09204647006255585
0.8543133802816901,0.03169014084507042,0.023327464788732395,0.09066901408450705
0.8501988510826337,0.03225806451612903,0.022536456031816175,0.09500662836942113
0.8479789103690686,0.033391915641476276,0.024165202108963092,0.09446397188049209
0.8503552397868561,0.03152753108348135,0.023090586145648313,0.09502664298401421
0.8474199288256228,0.03291814946619217,0.024466192170818506,0.09519572953736655
0.8553459119496856,0.032794249775381853,0.020664869721473494,0.09119496855345911
0.8561887800534284,0.03428317008014248,0.020035618878005344,0.08949243098842387
0.8536912751677852,0.032662192393736016,0.021476510067114093,0.09217002237136465
0.8581528943879806,0.029606716747680072,0.020326999558108707,0.09191338930623066
0.8572058175407669,0.030850594975760245,0.020273248126928163,0.09167033935654473
0.8524590163934426,0.034116083296411165,0.021267168808152416,0.0921577315019938
0.8512865242040994,0.034452682075883125,0.01875272568687309,0.09550806803314435
0.8475475033141847,0.034909412284577994,0.0207688908528502,0.0967741935483871
0.8473895582329317,0.03480589022757698,0.020526550647032574,0.09727800089245872
0.8528888888888889,0.03244444444444444,0.02,0.09466666666666666
0.8517195176418044,0.03171058508262617,0.018758374274229567,0.09781152300133988
0.8417074255224545,0.03423743886171632,0.0213428190306803,0.10271231658514896
0.8472775564409031,0.035413899955732624,0.02036299247454626,0.09694555112881806
0.848939929328622,0.0353356890459364,0.022084805653710248,0.09363957597173145
0.8465302491103203,0.03469750889679715,0.023131672597864767,0.09564056939501779
0.8391515687140964,0.03667697746354397,0.023862129916040652,0.10030932390631904
0.8392297357814599,0.036274070756829375,0.02283922973578146,0.10165696372592924
0.843652561247216,0.03875278396436525,0.020489977728285078,0.09710467706013363
0.8404067197170646,0.03757736516357206,0.01989389920424403,0.10212201591511937
0.8371783496007098,0.038154392191659274,0.02085181898846495,0.10381543921916593
0.8367805755395683,0.03821942446043165,0.022482014388489208,0.10251798561151079
0.8387953941541186,0.03941541186891054,0.021700620017714792,0.10008857395925598
0.8377541998231653,0.03934571175950486,0.021662245800176835,0.10123784261715296
0.8358540925266904,0.03870106761565836,0.023131672597864767,0.10231316725978648
0.8353982300884956,0.03982300884955752,0.02256637168141593,0.10221238938053097
0.8358340688437775,0.038834951456310676,0.02294792586054722,0.10238305383936452
0.8377056469542019,0.03912850155624722,0.02267674522009782,0.1004891062694531
0.8386672512056116,0.037264357737834285,0.02498903989478299,0.09907935116177115
0.8417777777777777,0.036,0.023555555555555555,0.09866666666666667
0.8430335097001763,0.03659611992945326,0.023809523809523808,0.09656084656084656
0.8414253897550111,0.035634743875278395,0.025389755011135856,0.09755011135857461
0.8424536628420124,0.03795233892321271,0.02471315092674316,0.09488084730803177
0.8414526129317981,0.04074402125775022,0.025243578387953942,0.09255978742249779
0.8372401592215833,0.03936311366651924,0.024325519681556832,0.09907120743034056
0.8380782918149466,0.037811387900355875,0.027580071174377226,0.09653024911032028
0.8373947718210013,0.03987594151528578,0.027913159060700046,0.09481612760301285
0.8414688759516346,0.039856695029108824,0.026421854008060904,0.0922525750111957
0.8382352941176471,0.03832442067736185,0.026292335115864526,0.09714795008912656
0.842268498006203,0.03898980948161276,0.023925564909171467,0.09481612760301285
0.8405538186690487,0.03930326038410004,0.026797677534613668,0.0933452434122376
0.8361759425493717,0.041741472172351884,0.025583482944344704,0.09649910233393177
0.8352626892252895,0.0396260017809439,0.02804986642920748,0.09706144256455922
0.8325892857142857,0.03794642857142857,0.029464285714285714,0.1
0.8372610048910627,0.035126722987994664,0.027567807914628723,0.10004446420631392
0.8340767172167708,0.03746654772524532,0.027653880463871544,0.1008028545941124
0.8366980708838044,0.0354419021982952,0.026917900403768506,0.1009421265141319
0.835357624831309,0.03418803418803419,0.02834008097165992,0.10211426000899686
0.8360142984807865,0.031724754244861486,0.027256478999106343,0.10500446827524576
0.8365983971504898,0.030276046304541407,0.025378450578806767,0.10774710596616206
0.8336999560052794,0.0343158820941487,0.024197096348438186,0.10778706555213374
0.8397521027003099,0.03408587870739265,0.021691013722886232,0.10447100486941124
0.8415929203539823,0.033185840707964605,0.01991150442477876,0.10530973451327434
0.8437086092715231,0.033112582781456956,0.017660044150110375,0.1055187637969095
0.8417749887942627,0.03630658897355446,0.019722097714029583,0.10219632451815329
0.839647577092511,0.03700440528634361,0.019823788546255508,0.10352422907488987
0.8402498884426596,0.03614457831325301,0.018741633199464525,0.10486390004462294
0.84543429844098,0.03697104677060133,0.01826280623608018,0.09933184855233854
0.8398036590807675,0.03792949576082106,0.01651048639000446,0.10575635876840696
0.8422459893048129,0.03877005347593583,0.017825311942959002,0.10115864527629234
0.8390395731436194,0.03823921742996887,0.017785682525566917,0.10493552690084482
0.8421762589928058,0.0368705035971223,0.020233812949640287,0.10071942446043165
0.8444444444444444,0.03422222222222222,0.021777777777777778,0.09955555555555555
0.8454020435362062,0.03287427809862283,0.02265659706796979,0.09906708129720124
0.842268498006203,0.034559149313247675,0.02303943287549845,0.10013291980505096
0.8475719424460432,0.03372302158273381,0.025629496402877698,0.09307553956834533
0.8462566844919787,0.03297682709447415,0.025846702317290554,0.09491978609625669
0.8407671721677074,0.03345227475468332,0.025423728813559324,0.10035682426404996
0.8416629809818664,0.03272888102609465,0.02476780185758514,0.10084033613445378
0.8414310954063604,0.03356890459363958,0.023409893992932862,0.10159010600706714
0.8385670057496682,0.03449800973020787,0.02476780185758514,0.1021671826625387
0.8387809187279152,0.03401060070671378,0.023409893992932862,0.10379858657243816
0.83915770609319,0.035842293906810034,0.023745519713261647,0.10125448028673835
0.8348254252461952,0.03625783348254252,0.025067144136078783,0.10384959713518353
0.8363390441839496,0.0351668169522092,0.022993688007213707,0.1055004508566276
0.8440739071653898,0.03244704821991888,0.022082018927444796,0.10139702568724651
0.8363880196691998,0.03263299061242736,0.022798390701832812,0.10818059901654001
0.83841059602649,0.030463576158940398,0.020309050772626933,0.11081677704194261
0.8385949310804802,0.031124944419742107,0.019119608714984436,0.11116051578479325
0.837219730941704,0.03139013452914798,0.020179372197309416,0.11121076233183856
0.8437775816416593,0.029567519858781994,0.02030008826125331,0.10635481023830538
0.8435164835164836,0.027252747252747254,0.021538461538461538,0.1076923076923077
0.8416409351565947,0.0282311424790472,0.022055580061755623,0.10807234230260256
0.8459147424511545,0.02575488454706927,0.019538188277087035,0.10879218472468917
0.8431196772747647,0.023756163155535633,0.0210667861945316,0.11205737337516809
0.8446601941747572,0.024271844660194174,0.021624007060900265,0.10944395410414828
0.8390395731436194,0.026678523788350377,0.02401067140951534,0.11027123165851489
0.8411214953271028,0.0267022696929239,0.023141967067200713,0.10903426791277258
0.840929401251117,0.0290437890974084,0.022788203753351208,0.10723860589812333
0.8400180261379,0.028391167192429023,0.023433979269941414,0.10815682739972961
0.8406764574988874,0.0258121940364931,0.024477080551846907,0.10903426791277258
0.8413547237076648,0.025846702317290554,0.024509803921568627,0.10828877005347594
0.8405668733392383,0.026572187776793623,0.025686448184233834,0.10717449069973428
0.8348826914563966,0.0283311199645861,0.025675077467906152,0.1111111111111111
0.8368700265251989,0.027409372236958444,0.027409372236958444,0.10831122900088418
0.8371681415929203,0.02654867256637168,0.027876106194690265,0.1084070796460177
0.8325912733748887,0.02715939447907391,0.02804986642920748,0.11219946571682991
0.8326657765910103,0.0267022696929239,0.02848242100578549,0.11214953271028037
0.8327386262265835,0.027207850133809098,0.030776092774308653,0.10927743086529884
0.8293439716312057,0.0274822695035461,0.03102836879432624,0.11214539007092199
0.8339973439575034,0.027445772465692783,0.03187250996015936,0.10668437361664453
0.8288650580875782,0.03038427167113494,0.031724754244861486,0.10902591599642537
0.8288367978770456,0.030959752321981424,0.03272888102609465,0.10747456877487838
0.8337754199823165,0.027851458885941646,0.029177718832891247,0.10919540229885058
0.8420353982300885,0.028761061946902654,0.025221238938053097,0.10398230088495575
0.8459483526268923,0.028495102404274265,0.024933214603739984,0.1006233303650935
0.8432835820895522,0.02897278314310799,0.025899912203687446,0.10184372256365233
0.841688654353562,0.030782761653474055,0.024186455584872472,0.10334212840809147
0.8396946564885496,0.032330489447687474,0.025145936237090254,0.10282891782667265
0.8384649709950914,0.0321285140562249,0.024542614904060688,0.10486390004462294
0.8418918918918918,0.03198198198198198,0.022972972972972974,0.10315315315315315
0.838006230529595,0.03159768580329328,0.025367156208277702,0.105028927458834
0.8397666068222621,0.031867145421903054,0.025134649910233394,0.10323159784560143
0.8406884377758164,0.03353927625772286,0.024271844660194174,0.10150044130626655
0.8368070953436807,0.032815964523281595,0.025277161862527715,0.10509977827050998
0.8365341670388566,0.03305046895935686,0.026351049575703438,0.10406431442608308
0.836241610738255,0.032214765100671144,0.02505592841163311,0.10648769574944071
0.8359133126934984,0.029632905793896505,0.025210084033613446,0.1092436974789916
0.8292682926829268,0.031929046563192905,0.024390243902439025,0.11441241685144124
0.8364527629233511,0.031194295900178252,0.02406417112299465,0.10828877005347594
0.8411921708185054,0.03158362989323844,0.022686832740213523,0.1045373665480427
0.8395225464190982,0.03050397877984085,0.023430592396109638,0.10654288240495137
0.8405286343612335,0.029515418502202642,0.024669603524229075,0.1052863436123348
0.8405668733392383,0.03277236492471213,0.023914968999114262,0.10274579273693533
0.8406884377758164,0.03000882612533098,0.02471315092674316,0.10458958517210945
0.8424810352521196,0.030789825970548863,0.02320392681838465,0.1035252119589469
0.8499330058061635,0.029477445288075034,0.021438142027690933,0.09915140687807057
0.8516042780748663,0.02807486631016043,0.0213903743315508,0.09893048128342247
0.8520499108734403,0.028966131907308377,0.020499108734402853,0.09848484848484848
0.8580960854092526,0.026245551601423486,0.01912811387900356,0.09653024911032028
0.8513753327417923,0.029724933451641525,0.02040816326530612,0.09849157054125998
0.8536263736263736,0.03032967032967033,0.021538461538461538,0.0945054945054945
0.8472222222222222,0.030913978494623656,0.0228494623655914,0.09901433691756273
0.8535509483899426,0.029113365681517425,0.022496691662990738,0.09483899426554919
0.8515555555555555,0.028888888888888888,0.02266666666666667,0.09688888888888889
0.8465302491103203,0.03158362989323844,0.02224199288256228,0.099644128113879
0.8487018800358102,0.02820053715308863,0.024619516562220233,0.09847806624888093
0.8428508189464364,0.027445772465692783,0.025232403718459494,0.10447100486941124
0.8398420359806933,0.030715225976305396,0.025449758666081616,0.1039929793769197
0.8420581655480984,0.031767337807606266,0.025950782997762864,0.10022371364653244
0.8455718736092568,0.032487761459724075,0.0258121940364931,0.09612817089452604
0.8494863778472532,0.03126395712371594,0.027244305493523895,0.09200535953550693
0.8504216600088771,0.02929427430093209,0.027518863737239236,0.09276520195295163
0.8563218390804598,0.028735632183908046,0.026967285587975242,0.08797524314765694
0.8535286284953395,0.031069684864624945,0.024855747891699954,0.09054593874833555
0.8492663405958204,0.0329035126722988,0.02401067140951534,0.0938194753223655
0.858603823921743,0.03023566029346376,0.023121387283236993,0.08803912850155625
0.8561917443408789,0.03195739014647137,0.0230803373280071,0.0887705281846427
0.853927625772286,0.03177405119152692,0.024271844660194174,0.09002647837599294
0.8531868131868132,0.035164835164835165,0.024615384615384615,0.08703296703296703
0.8556792873051225,0.031180400890868598,0.023608017817371936,0.08953229398663697
0.8544809228039042,0.03194321206743567,0.025288376220053237,0.08828748890860692
0.8518189884649512,0.034161490683229816,0.025288376220053237,0.08873114463176575
0.8553627058299955,0.03426791277258567,0.024477080551846907,0.08589230084557187
0.8560035445281347,0.033673017279574655,0.0256978289765175,0.08462560921577315
0.8535060294774452,0.03528360875390799,0.02813756141134435,0.08307280035730237
0.8568880962995987,0.03566651805617477,0.029870708872046365,0.07757467677218012
0.8544331715924128,0.038376709307454786,0.029554477282752536,0.0776356418173798
0.8533157663592447,0.039525691699604744,0.029424681598594644,0.077733860342556
0.8521158129175946,0.04187082405345212,0.030289532293986638,0.0757238307349666
0.8529020824102791,0.042977403633141335,0.02968542312804608,0.07443509082853345
0.8607142857142858,0.04151785714285714,0.026785714285714284,0.07098214285714285
0.8610987047789191,0.03974988834301027,0.027690933452434122,0.07146047342563644
0.8614484930274404,0.038236617183985605,0.027440395861448492,0.0728744939271255
0.8616268788682582,0.038461538461538464,0.026083112290008842,0.07382847038019452
0.8644295302013423,0.03803131991051454,0.02505592841163311,0.07248322147651007
0.8660159716060337,0.038154392191659274,0.027062999112688554,0.06876663708961846
0.8658047258136424,0.038341506910387874,0.02719572001783326,0.06865804725813643
0.8688085676037484,0.038375725122713075,0.026327532351628737,0.06648817492190987
0.8726790450928382,0.03757736516357206,0.026083112290008842,0.0636604774535809
0.8731836195508587,0.03786878027300748,0.02509907529722589,0.06384852487890796
0.8665774207942882,0.0428380187416332,0.0249888442659527,0.06559571619812583
0.8689471346068414,0.041314971123944916,0.02576632607729898,0.0639715681919147
0.8704113224237063,0.04113224237063246,0.022556390977443608,0.0659000442282176
0.866755201416556,0.04293935369632581,0.023019034971226208,0.06728640991589199
0.8666077738515902,0.04107773851590106,0.022968197879858657,0.06934628975265017
0.8708668453976764,0.039767649687220734,0.021894548704200177,0.06747095621090259
0.8715883668903803,0.039373601789709174,0.022818791946308724,0.06621923937360179
0.8678492239467849,0.040354767184035474,0.02350332594235033,0.06829268292682927
0.8691796008869179,0.03636363636363636,0.02483370288248337,0.06962305986696231
0.8709106984969054,0.03404067197170645,0.026525198938992044,0.06852343059239611
0.873769024171889,0.03357206803939123,0.025962399283795883,0.06669650850492391
0.8718177757927646,0.03260384100044663,0.02590442161679321,0.06967396158999553
0.8768406961178046,0.029451137884872823,0.026327532351628737,0.06738063364569388
0.8762704374723818,0.030048608042421564,0.024304021210782147,0.06937693327441449
0.8752244165170556,0.03096947935368043,0.02378815080789946,0.07001795332136446
0.8779510022271715,0.028062360801781736,0.025389755011135856,0.06859688195991091
0.8771224307417337,0.0290437890974084,0.025022341376228777,0.06881143878462913
0.8824049513704686,0.026967285587975242,0.023872679045092837,0.06675508399646331
0.8814387211367674,0.025310834813499113,0.025310834813499113,0.06793960923623446
0.8816489361702128,0.025709219858156027,0.023936170212765957,0.06870567375886524
0.8851950354609929,0.024379432624113476,0.024822695035460994,0.06560283687943262
0.8832667554371949,0.02574345317354638,0.02574345317354638,0.06524633821571238
0.8861538461538462,0.025934065934065935,0.025494505494505496,0.06241758241758242
0.8871612616614838,0.027543314082629944,0.02265659706796979,0.06263882718791648
0.8891342756183745,0.02429328621908127,0.023409893992932862,0.06316254416961131
0.8825088339222615,0.02561837455830389,0.023851590106007067,0.06802120141342756
0.8829596412556053,0.026905829596412557,0.02242152466367713,0.06771300448430494
0.8774222622803064,0.028841820639927896,0.02253267237494367,0.07120324470482199
0.877248201438849,0.028327338129496404,0.022032374100719423,0.07239208633093525
0.8799291094373062,0.028799291094373063,0.021710234824988923,0.06956136464333186
0.881858407079646,0.02920353982300885,0.02168141592920354,0.06725663716814159
0.8836797877045555,0.02697921273772667,0.02344095532950022,0.0659000442282176
0.8853109836788707,0.027790030877812087,0.020732245258050286,0.06616674018526687
0.8828264758497316,0.027728085867620753,0.020572450805008944,0.06887298747763863
0.8841544607190412,0.026187305814469597,0.019973368841544607,0.06968486462494451
0.8909492273730685,0.024724061810154525,0.02119205298013245,0.0631346578366446
0.8899821109123435,0.027728085867620753,0.020572450805008944,0.061717352415026835
0.8898836168307968,0.02775290957923008,0.021038495971351837,0.06132497761862131
0.889920424403183,0.029177718832891247,0.021662245800176835,0.0592396109637489
0.8905626938413823,0.030128489144882586,0.023925564909171467,0.05538325210456358
0.8852532496638279,0.03047960555804572,0.025549081129538322,0.05871806364858808
0.8874113475177305,0.028368794326241134,0.024822695035460994,0.05939716312056738
0.8865153538050734,0.028037383177570093,0.024922118380062305,0.06052514463729417
0.8799460431654677,0.028327338129496404,0.026528776978417268,0.0651978417266187
0.8791159224176816,0.030221019395579612,0.026612539467749212,0.06405051871898963
0.8778625954198473,0.030085316569375842,0.02784014369106421,0.06421194431971262
0.8807947019867549,0.029580573951434878,0.026931567328918323,0.06269315673289183
0.8823008849557522,0.029646017699115044,0.02831858407079646,0.059734513274336286
0.8834907782276203,0.02834008097165992,0.03013945119208277,0.058029689608636977
0.8823788546255507,0.02643171806167401,0.03127753303964758,0.05991189427312775
0.8822479928635147,0.025423728813559324,0.030330062444246207,0.06199821587867975
0.883772910147519,0.024139472507822977,0.030397854269110416,0.06168976307554761
0.8822222222222222,0.02711111111111111,0.028,0.06266666666666666
0.8831111111111111,0.02711111111111111,0.02666666666666667,0.06311111111111112
0.8818827708703375,0.02930728241563055,0.02664298401420959,0.06216696269982238
0.8786943096603441,0.030436700485222762,0.02690780767534186,0.06396118217909132
0.8785999113867966,0.03234381922906513,0.027913159060700046,0.06114311032343819
0.8768888888888889,0.034666666666666665,0.028444444444444446,0.06
0.876779359430605,0.03469750889679715,0.02891459074733096,0.059608540925266906
0.8766876687668766,0.03555355535553555,0.028352835283528353,0.0594059405940594
0.8747747747747747,0.03783783783783784,0.026576576576576576,0.060810810810810814
0.8725099601593626,0.035856573705179286,0.027888446215139442,0.06374501992031872
0.8756637168141593,0.03672566371681416,0.02654867256637168,0.061061946902654866
0.8804834377797672,0.03446732318710832,0.026410026857654433,0.05863921217547001
0.8794582392776523,0.033408577878103835,0.027539503386004513,0.059593679458239276
0.8835125448028673,0.03136200716845878,0.027329749103942653,0.05779569892473118
0.8882508833922261,0.02959363957597173,0.026060070671378093,0.05609540636042403
0.8923626619026351,0.030370701205895488,0.027244305493523895,0.05002233139794551
0.8917594654788419,0.029398663697104678,0.026280623608017816,0.05256124721603563
0.8927289048473968,0.02917414721723519,0.026032315978456014,0.05206463195691203
0.8950644730991552,0.02845709204090707,0.024899955535793685,0.05157847932414406
0.8894830659536542,0.030303030303030304,0.025846702317290554,0.054367201426024955
