R,A,S,N
0.0,0.0,0.0,1.0
0.0,0.0,0.0,1.0
0.0,0.0,0.08333333333333333,0.9166666666666666
0.0,0.0,0.09523809523809523,0.9047619047619048
0.029411764705882353,0.058823529411764705,0.058823529411764705,0.8529411764705882
0.03773584905660377,0.09433962264150944,0.05660377358490566,0.8113207547169812
0.028169014084507043,0.09859154929577464,0.056338028169014086,0.8169014084507042
0.02727272727272727,0.14545454545454545,0.045454545454545456,0.7818181818181819
0.045454545454545456,0.2012987012987013,0.05194805194805195,0.7012987012987013
0.07211538461538461,0.23557692307692307,0.0673076923076923,0.625
0.09642857142857143,0.25,0.08214285714285714,0.5714285714285714
0.10619469026548672,0.2861356932153392,0.07964601769911504,0.528023598820059
0.11778846153846154,0.3004807692307692,0.08413461538461539,0.49759615384615385
0.13457943925233645,0.297196261682243,0.09906542056074766,0.4691588785046729
0.15683229813664595,0.2950310559006211,0.10248447204968944,0.44565217391304346
0.16796875,0.3125,0.10807291666666667,0.4114583333333333
0.17785234899328858,0.32662192393736017,0.10738255033557047,0.38814317673378074
0.18181818181818182,0.33752417794970985,0.11508704061895551,0.3655705996131528
0.19246519246519248,0.343980343980344,0.11384111384111384,0.3497133497133497
0.20202751629254165,0.3497465604634323,0.11368573497465605,0.33454018826937004
0.2167741935483871,0.3496774193548387,0.10709677419354839,0.32645161290322583
0.2222222222222222,0.3506944444444444,0.1111111111111111,0.3159722222222222
0.23018042646254783,0.348824494259158,0.11700382722799343,0.3039912520503007
0.23565573770491804,0.3519467213114754,0.11321721311475409,0.29918032786885246
0.23549655850540807,0.34759095378564403,0.11651917404129794,0.30039331366764993
0.23854511100614076,0.3377420878601795,0.11998110533774209,0.3037316957959377
0.23873045078196872,0.3426862925482981,0.1140754369825207,0.3045078196872125
0.23601083032490974,0.3506317689530686,0.11146209386281589,0.3018953068592058
0.2357980162308386,0.3525698827772768,0.109107303877367,0.3025247971145176
0.24189968930315137,0.35286284953395475,0.10874389702618731,0.29649356413670663
0.23879928315412186,0.3525985663082437,0.11379928315412187,0.2948028673835125
0.23446452181577787,0.3547818422212428,0.11150286469810489,0.29925077126487437
0.23991228070175438,0.34342105263157896,0.11096491228070175,0.3057017543859649
0.23228346456692914,0.357830271216098,0.10936132983377078,0.3005249343832021
0.23053368328958881,0.34951881014873143,0.11592300962379702,0.30402449693788275
0.22723292469352013,0.34851138353765326,0.11339754816112084,0.3108581436077058
0.2237017310252996,0.3470927652019529,0.11584553928095873,0.3133599644917887
0.22996057818659657,0.346035917652212,0.11782742006132282,0.3061760840998686
0.2331583552055993,0.3460192475940507,0.1216097987751531,0.2992125984251969
0.23513986013986013,0.34527972027972026,0.12237762237762238,0.2972027972027972
0.23490813648293962,0.3438320209973753,0.11811023622047244,0.3031496062992126
0.23253757736516356,0.347922192749779,0.11936339522546419,0.3001768346595933
0.2343887423043096,0.3390501319261214,0.12357080035180298,0.30299032541776605
0.2367601246105919,0.34356920338228747,0.12149532710280374,0.29817534490431685
0.23114035087719298,0.33771929824561403,0.12456140350877193,0.30657894736842106
0.23891084760649978,0.3421168203776899,0.12604303908651734,0.29292929292929293
0.2410279131590607,0.3367301727957466,0.12671688081524146,0.2955250332299513
0.2412726469288555,0.3318603623508617,0.12240388864339373,0.3044631020768891
0.23881258307487815,0.331856446610545,0.12450155073105892,0.30482941958351795
0.2406675450153711,0.3359683794466403,0.11989459815546773,0.30346947738252084
0.25197195442594217,0.33260297984224363,0.12226117440841368,0.29316389132340054
0.2522007042253521,0.33494718309859156,0.11839788732394366,0.2944542253521127
0.25520602569782896,0.3260965883916704,0.12140008861320337,0.2972972972972973
0.25723186470850024,0.31553182020471743,0.12060525144637294,0.30663106364040943
0.2522202486678508,0.32371225577264656,0.12078152753108348,0.3032859680284192
0.25846153846153846,0.31252747252747254,0.11868131868131868,0.31032967032967035
0.2571047957371226,0.3174955595026643,0.11811722912966252,0.30728241563055064
0.25734327049539674,0.31170539237176675,0.11968434896975011,0.31126698816308634
0.2648221343873518,0.3096179183135705,0.11901624945103206,0.3065436978480457
0.2608695652173913,0.31410825199645076,0.11801242236024845,0.3070097604259095
0.262854609929078,0.30895390070921985,0.1148049645390071,0.313386524822695
0.258446687143484,0.3128565160157964,0.11145239139973673,0.31724440544098287
0.2590968873301184,0.319596668128014,0.10916264796142043,0.31214379658044716
0.26455026455026454,0.3170194003527337,0.10802469135802469,0.31040564373897706
0.2654320987654321,0.322310405643739,0.1027336860670194,0.30952380952380953
0.26285714285714284,0.32483516483516484,0.10153846153846154,0.31076923076923074
0.2649647887323944,0.31558098591549294,0.10695422535211267,0.3125
0.2642669007901668,0.31343283582089554,0.1044776119402985,0.31782265144863914
0.270222999562746,0.310013117621338,0.10275470048097946,0.3170091823349366
0.2656042496679947,0.30721558211598055,0.10402833111996458,0.3231518370960602
0.26763031099430573,0.3009198423127464,0.105562855891371,0.32588699080157685
0.2650442477876106,0.3013274336283186,0.10221238938053097,0.33141592920353985
0.26672496720594663,0.29820725841714035,0.09838216003498032,0.33668561434193267
0.27372583479789103,0.29305799648506153,0.09929701230228472,0.3339191564147627
0.27340332458442695,0.2987751531058618,0.09798775153105861,0.32983377077865267
0.2715669014084507,0.2970950704225352,0.10035211267605634,0.33098591549295775
0.2692476902771667,0.29168499780026397,0.10162780466344039,0.3374395072591289
0.2838196286472148,0.28558797524314766,0.10477453580901856,0.32581786030061893
0.2796125055041832,0.2906208718626156,0.10612065169528842,0.3236459709379128
0.2851441241685144,0.29046563192904656,0.10554323725055433,0.3188470066518847
0.2944839857651246,0.2878113879003559,0.10231316725978648,0.3153914590747331
0.2950310559006211,0.29281277728482696,0.10248447204968944,0.30967169476486245
0.2901805372082783,0.29282254513430206,0.1096433289299868,0.30735358872743285
0.28368794326241137,0.29343971631205673,0.11170212765957446,0.31117021276595747
0.28407587119541244,0.29289810322011467,0.1133656815174239,0.30966034406704895
0.28169014084507044,0.29313380281690143,0.1131161971830986,0.31205985915492956
0.2848378615249781,0.29053461875547765,0.1091148115687993,0.31551270815074495
0.2906925452139391,0.2906925452139391,0.10630789589766211,0.3123070136744596
0.28660159716060335,0.2950310559006211,0.11002661934338953,0.308340727595386
0.28891820580474936,0.2862796833773087,0.11125769569041337,0.31354441512752856
0.287598944591029,0.28979771328056286,0.1090589270008795,0.31354441512752856
0.2813333333333333,0.2906666666666667,0.10977777777777778,0.31822222222222224
0.27144120247568526,0.2953138815207781,0.11140583554376658,0.3218390804597701
0.2790286975717439,0.293598233995585,0.10772626931567329,0.3196467991169978
0.2830188679245283,0.29223343571741994,0.1075032909170689,0.31724440544098287
0.28,0.2967032967032967,0.10461538461538461,0.31868131868131866
0.27714535901926446,0.2968476357267951,0.10245183887915937,0.3235551663747811
0.27929515418502204,0.29427312775330394,0.10484581497797357,0.32158590308370044
0.2800349497597204,0.29401485364788116,0.10048055919615553,0.3254696373962429
0.28096280087527353,0.3010940919037199,0.09715536105032822,0.32078774617067835
0.28295254833040423,0.30184534270650265,0.09226713532513181,0.3229349736379613
0.28299379982285205,0.30646589902568644,0.08813108945969884,0.3224092116917626
0.28527200353825743,0.3113666519239275,0.08845643520566121,0.3149049093321539
0.285089637079143,0.3108876257105378,0.08701355487538259,0.3170091823349366
0.2882327016306743,0.30586161304539444,0.09211106214191274,0.3137946231820185
0.2873313016978668,0.30692207226817586,0.09229429690901175,0.3134523291249456
0.28887904297740363,0.3114754098360656,0.08861320336730173,0.31103234381922906
0.2847222222222222,0.3120659722222222,0.0881076388888889,0.3151041666666667
0.28646748681898065,0.30799648506151145,0.08875219683655536,0.31678383128295257
0.27876682587928786,0.31046461137646547,0.09075119409465914,0.3200173686495875
0.27957931638913236,0.3212094653812445,0.08939526730937773,0.3098159509202454
0.28034934497816594,0.3179039301310044,0.09213973799126637,0.30960698689956334
0.28289473684210525,0.3105263157894737,0.09298245614035087,0.31359649122807015
0.28355555555555556,0.31155555555555553,0.08977777777777778,0.3151111111111111
0.28660159716060335,0.31100266193433895,0.0878438331854481,0.31455190771960956
0.28094820017559263,0.31167690956979804,0.08999122036874452,0.3173836698858648
0.28634555899248787,0.3119752540874945,0.09147149801148917,0.3102076889085285
0.2804232804232804,0.31084656084656087,0.09171075837742504,0.3170194003527337
0.28068631764188295,0.3088429388473383,0.09062912450505939,0.31984161900571934
0.279090113735783,0.3083989501312336,0.09055118110236221,0.3219597550306212
0.2797723292469352,0.3021015761821366,0.09588441330998249,0.3222416812609457
0.27589246364037023,0.31026884089907447,0.09299250771264875,0.3208461877479066
0.2786309784993418,0.30627468187801665,0.09653356735410268,0.31856077226853885
0.27440633245382584,0.306948109058927,0.09718557607739665,0.32145998240985046
0.2761946514686541,0.3046909250328803,0.09688733011836914,0.3222270933800965
0.2784262862083874,0.30652831820147,0.0959792477302205,0.31906614785992216
0.2804232804232804,0.30511463844797176,0.09567901234567901,0.3187830687830688
0.28370663153271847,0.308300395256917,0.09266578831796222,0.3153271848924023
0.2855245683930943,0.30765825586542717,0.09163346613545817,0.3151837096060204
0.28931095406360424,0.3003533568904594,0.09010600706713781,0.3202296819787986
0.2866578599735799,0.3033905768383972,0.08674592690444738,0.3232056362835755
0.2804395604395604,0.3032967032967033,0.08835164835164835,0.3279120879120879
0.2848297213622291,0.3069438301636444,0.09111012826183104,0.31711632021229547
0.2846425419240953,0.3089143865842895,0.09443954104148279,0.3120035304501324
0.286156567890314,0.3082706766917293,0.09774436090225563,0.30782839451570104
0.2833990363556724,0.30836618484450284,0.09461235216819974,0.31362242663162504
0.2801402893467777,0.3125822007891276,0.0920648838228847,0.31521262604121
0.2810715854194115,0.3052261747913922,0.09530083443126922,0.3184014053579271
0.2729286663712893,0.3114754098360656,0.09392999556933983,0.32166592822330525
0.2844677137870855,0.3045375218150087,0.09205933682373472,0.31893542757417104
0.28091872791519434,0.30786219081272087,0.09540636042402827,0.31581272084805656
0.2875931608943446,0.30293730819815873,0.09513371328364752,0.3143358176238492
0.2848965213562307,0.29634522236900046,0.0977542932628798,0.32100396301188905
0.2810170977641385,0.29986847873739586,0.09732573432704954,0.32178868917141606
0.2833186231244484,0.3014121800529568,0.09620476610767872,0.31906443071491614
0.2842197035745423,0.2990409764603313,0.0976460331299041,0.3190932868352223
0.28590308370044054,0.29691629955947135,0.0973568281938326,0.3198237885462555
0.2848990342405619,0.295873573309921,0.09525899912203688,0.32396839332748023
0.2771618625277162,0.30110864745011084,0.09312638580931264,0.3286031042128603
0.2769434628975265,0.30167844522968196,0.09408127208480566,0.32729681978798586
0.2790286975717439,0.304635761589404,0.09403973509933775,0.32229580573951433
0.27893569844789357,0.30110864745011084,0.09401330376940133,0.3259423503325942
0.2763796909492274,0.3011037527593819,0.09801324503311258,0.32450331125827814
0.281972937581842,0.2981230903535574,0.09297250109122654,0.32693147097337405
0.28091872791519434,0.29372791519434627,0.09408127208480566,0.33127208480565373
0.28065515714918104,0.2921646746347942,0.09251881363435148,0.3346613545816733
0.27833698030634574,0.29584245076586435,0.09452954048140044,0.3312910284463895
0.2872711421098518,0.2863993025283348,0.09067131647776809,0.33565823888404533
0.2839075447012647,0.28608809419973835,0.09201918883558657,0.3379851722634104
0.2855891371003066,0.29084537888742884,0.09110819097678494,0.3324572930354796
0.2808010448410971,0.2956029603831084,0.08794079233783196,0.33565520243796254
0.28136042402826855,0.2915194346289753,0.08789752650176678,0.3392226148409894
0.27895667550839964,0.2979664014146773,0.08709106984969053,0.3359858532272325
0.2843915343915344,0.2932098765432099,0.08245149911816578,0.33994708994708994
0.28433098591549294,0.2904929577464789,0.08318661971830986,0.3419894366197183
0.2919611307420495,0.2857773851590106,0.08215547703180212,0.3401060070671378
0.28925254312251214,0.29544449358690844,0.08270676691729323,0.33259619637328613
0.297273526824978,0.2928759894459103,0.08003518029903255,0.32981530343007914
0.29088471849865954,0.2957998212689902,0.08176943699731903,0.3315460232350313
0.2826278659611993,0.2967372134038801,0.082010582010582,0.3386243386243386
0.28008849557522125,0.2995575221238938,0.07920353982300884,0.3411504424778761
0.283436669619132,0.2976085031000886,0.08281665190434012,0.3361381753764393
0.2862175253192426,0.29370321444297665,0.08498458828709819,0.33509467195068254
0.2867256637168142,0.2995575221238938,0.07831858407079646,0.33539823008849556
0.2876712328767123,0.3040212107821476,0.0760053026955369,0.3323022536456032
0.2871726586773191,0.30537061695517087,0.07367953839325345,0.33377718597425654
0.2857769973661106,0.3090430201931519,0.07155399473222125,0.33362598770851626
0.2858403176003529,0.3039258932509925,0.06925452139391267,0.34097926775474197
0.28534145280556766,0.30578512396694213,0.0674206176598521,0.34145280556763813
0.2875874125874126,0.30463286713286714,0.07167832167832168,0.3361013986013986
0.2871024734982332,0.30786219081272087,0.071113074204947,0.3339222614840989
0.29084537888742884,0.3044240035041612,0.0735873850197109,0.3311432325886991
0.2933740191804708,0.3029642545771578,0.07061900610287707,0.3330427201394943
0.2890556045895852,0.3049426301853486,0.07016769638128861,0.3358340688437776
0.2926613616268789,0.29929266136162685,0.06984969053934571,0.33819628647214856
0.2932692307692308,0.29763986013986016,0.07342657342657342,0.3356643356643357
0.30148992112182293,0.2927256792287467,0.07142857142857142,0.3343558282208589
0.2984084880636605,0.29442970822281167,0.07250221043324491,0.33465959328028294
0.2959757680657724,0.2929467762873215,0.07269580268282129,0.3383816529640848
0.2969858156028369,0.2929964539007092,0.07579787234042554,0.3342198581560284
0.29554477282752534,0.2959858844287605,0.07278341420379356,0.3356859285399206
0.2946859903381642,0.29556433904259993,0.07465963987703118,0.33509003074220467
0.29803063457330414,0.29540481400437635,0.07264770240700219,0.33391684901531726
0.2902097902097902,0.30026223776223776,0.07080419580419581,0.3387237762237762
0.2926613616268789,0.29354553492484525,0.07117595048629531,0.34261715296198053
0.29225352112676056,0.2935739436619718,0.07262323943661972,0.3415492957746479
0.29403973509933773,0.28520971302428255,0.07505518763796909,0.3456953642384106
0.28835978835978837,0.28880070546737213,0.07583774250440917,0.34700176366843033
0.2915387987724682,0.28145550197281893,0.08022797018851381,0.346777729066199
0.2899955927721463,0.2886734244160423,0.0758043190832966,0.34552666372851476
0.2906057945566286,0.28928884986830555,0.07594381035996488,0.34416154521510095
0.29179464677490125,0.28696796840719613,0.07283896445809565,0.34839842035980695
0.2874564459930314,0.28789198606271776,0.07491289198606271,0.34973867595818814
0.28646060078363084,0.2908141053548106,0.07705703090988246,0.3456682629516761
0.2855891371003066,0.29172141918528255,0.07709154621112571,0.3455978975032852
0.2866578599735799,0.289740202553941,0.07926023778071334,0.34434169969176576
0.2893919218819352,0.2862849533954727,0.07678650687971593,0.34753661784287615
0.2912621359223301,0.2868490732568402,0.07458075904677847,0.3473080317740512
0.28891820580474936,0.2805628847845207,0.0760773966578716,0.3544415127528584
0.2853333333333333,0.27955555555555556,0.07822222222222222,0.35688888888888887
0.2942477876106195,0.28053097345132744,0.07566371681415929,0.3495575221238938
0.2979664014146773,0.27939876215738285,0.07692307692307693,0.34571175950486294
0.29742695159180116,0.27780200610553857,0.0776275621456607,0.3471434801569996
0.29307282415630553,0.2784191829484902,0.07726465364120781,0.3512433392539964
0.29243623570800353,0.27924362357080035,0.07563764291996482,0.3526824978012313
0.30048608042421565,0.2770658418029165,0.0764471939902784,0.3460008837825895
0.30105170902716916,0.2778264680105171,0.07800175284837861,0.34312007011393514
0.29766622633201234,0.277851166886834,0.07705856450902686,0.3474240422721268
0.2992605480643758,0.275772074815137,0.07742496737712048,0.3475424097433667
0.2980132450331126,0.2785871964679912,0.08211920529801324,0.341280353200883
0.293569844789357,0.2824833702882483,0.07804878048780488,0.3458980044345898
0.2975717439293598,0.27947019867549666,0.07991169977924945,0.343046357615894
0.2974043114826221,0.27936647602287723,0.07875054993400792,0.34447866256049275
0.29619686800894857,0.2814317673378076,0.0756152125279642,0.34675615212527966
0.30004380201489267,0.2812089356110381,0.07709154621112571,0.3416557161629435
0.2964912280701754,0.2820175438596491,0.0837719298245614,0.33771929824561403
0.29577464788732394,0.2790492957746479,0.08494718309859155,0.3402288732394366
0.2982842058952926,0.27188737351517817,0.08578970523537176,0.3440387153541575
0.29328621908127206,0.2742932862190813,0.0896643109540636,0.34275618374558303
0.2918681318681319,0.26945054945054947,0.09142857142857143,0.34725274725274724
0.29645824223874073,0.2710975076519458,0.09138609532138173,0.3410581547879318
0.3060778312199388,0.2710975076519458,0.08570179274158286,0.33712286838653255
0.3049049933716306,0.27043747238179405,0.08440123729562528,0.34025629695095005
0.30653710247349825,0.2659010600706714,0.0887809187279152,0.3387809187279152
0.2982222222222222,0.26844444444444443,0.09422222222222222,0.3391111111111111
0.30905861456483125,0.261101243339254,0.09236234458259325,0.33747779751332146
0.31252766710934043,0.2594068171757415,0.0934041611332448,0.3346613545816733
0.31200701139351444,0.26380368098159507,0.09202453987730061,0.33216476774758985
0.31294014084507044,0.26188380281690143,0.09066901408450705,0.3345070422535211
0.32495590828924165,0.2619047619047619,0.08156966490299823,0.3315696649029982
0.32459589340323286,0.2595019659239843,0.08213193534294452,0.33377020532983837
0.3218189768255356,0.25929164844774816,0.08220376038478355,0.33668561434193267
0.32178868917141606,0.2626041209995616,0.0789127575624726,0.33669443226654977
0.3229486616937253,0.2606406318560772,0.07722685388328214,0.3391838525669153
0.3220338983050847,0.2604817127564674,0.0767172167707404,0.3407671721677074
0.3163444639718805,0.26537785588752194,0.0804042179261863,0.3378734622144112
0.3200350723366944,0.2647961420429636,0.07803594914511179,0.3371328364752302
0.3244444444444444,0.26755555555555555,0.07422222222222222,0.3337777777777778
0.32313829787234044,0.2708333333333333,0.0749113475177305,0.33111702127659576
0.32075471698113206,0.27073277753400615,0.0759104870557262,0.33260201842913556
0.3196286472148541,0.27055702917771884,0.07957559681697612,0.3302387267904509
0.3228621291448517,0.2683246073298429,0.07897033158813263,0.3298429319371728
0.3153271848924023,0.2784365393061045,0.07817303469477382,0.32806324110671936
0.3092105263157895,0.27982456140350875,0.08201754385964913,0.32894736842105265
0.3147410358565737,0.27534307215582116,0.08322266489597167,0.32669322709163345
0.3103294746215494,0.27203918076580585,0.08325912733748887,0.3343722172751558
0.31157528285465624,0.27458659704090516,0.08137510879025239,0.33246301131418626
0.3129432624113475,0.2717198581560284,0.08067375886524823,0.3346631205673759
0.3147007042253521,0.27024647887323944,0.08318661971830986,0.33186619718309857
0.31341301460823373,0.2695883134130146,0.08632138114209828,0.33067729083665337
0.3230088495575221,0.27168141592920353,0.0836283185840708,0.3216814159292035
0.3170091823349366,0.2719720157411456,0.08745080891998251,0.3235679930039353
0.3149536832818703,0.27040141155712394,0.0886634318482576,0.3259814733127481
0.3112755768393557,0.2712233347845015,0.0914235959947758,0.326077492381367
0.3032570422535211,0.27816901408450706,0.09066901408450705,0.3279049295774648
0.3133479212253829,0.2726477024070022,0.09234135667396061,0.32166301969365424
0.31291028446389496,0.2726477024070022,0.09102844638949671,0.32341356673960614
0.3084029916410031,0.2745270567531896,0.0950285965684118,0.3220413550373955
0.3110820244328098,0.27835951134380454,0.09380453752181502,0.31675392670157065
0.30920191888355864,0.27518534670737027,0.09507195813344962,0.32054077627562144
0.315626383355467,0.281983178397521,0.09251881363435148,0.3098716246126605
0.3218491059747056,0.27911033580462274,0.08634976013955517,0.31269079808111644
0.32188463232056364,0.27917217084984586,0.08542492294143549,0.313518273888155
0.32123893805309733,0.2831858407079646,0.08584070796460178,0.30973451327433627
0.32180385288966723,0.28152364273204905,0.08800350262697022,0.3086690017513135
0.32214472537053185,0.2829119442022668,0.08979947689625109,0.3051438535309503
0.3266811279826464,0.2837310195227766,0.0859002169197397,0.3036876355748373
0.3185840707964602,0.2845132743362832,0.09070796460176991,0.30619469026548674
0.3165278386672512,0.28452433143358175,0.0920648838228847,0.30688294607628236
0.31462660185594343,0.28590366769774633,0.09102960671674767,0.30844012372956253
0.32136524822695034,0.27925531914893614,0.09352836879432624,0.3058510638297872
0.3174672489082969,0.2812227074235808,0.0925764192139738,0.3087336244541485
0.3219964664310954,0.2782685512367491,0.0887809187279152,0.31095406360424027
0.3259814733127481,0.2699602999558888,0.08910454344949272,0.3149536832818703
0.3268206039076377,0.27042628774422733,0.08792184724689166,0.3148312611012433
0.33022636484687085,0.26409232134931204,0.08655126498002663,0.3191300488237905
0.3287731685789938,0.2678729037952339,0.09135039717563989,0.3120035304501324
0.32642258491398324,0.2726069695632995,0.08910454344949272,0.3118659020732245
0.3339301700984781,0.27170993733213966,0.09176365264100268,0.3025962399283796
0.33184656556645853,0.27430865298840323,0.09322033898305085,0.3006244424620874
0.3309951775537045,0.2748794388426129,0.09513371328364752,0.2989916703200351
0.3283582089552239,0.276558384547849,0.09438103599648814,0.30070237050043896
0.33259619637328613,0.27200353825740825,0.0946483856700575,0.3007518796992481
0.33246301131418626,0.27023498694516973,0.09617058311575283,0.30113141862489123
0.3369947275922671,0.27548330404217924,0.09490333919156414,0.29261862917398945
0.3346508563899868,0.2779973649538867,0.09574000878348704,0.2916117698726394
0.3387521968365554,0.27460456942003514,0.09358523725834798,0.29305799648506153
0.34111943587483473,0.2719259585720582,0.09563684442485676,0.2913177611282503
0.33676207513416817,0.27325581395348836,0.09838998211091235,0.29159212880143115
0.3355263157894737,0.27149122807017545,0.09517543859649123,0.29780701754385963
0.33465259454705365,0.27396657871591906,0.09102902374670185,0.30035180299032543
0.33437083148065805,0.27167630057803466,0.09559804357492219,0.29835482436638505
0.3318777292576419,0.26812227074235806,0.09694323144104804,0.30305676855895197
0.32978723404255317,0.2655141843971631,0.09663120567375887,0.30806737588652483
0.3375936535918907,0.2604671661524901,0.09475539885412076,0.30718378140149843
0.3371529308065227,0.2609078889378581,0.09607756721022477,0.30586161304539444
0.33567971843378797,0.26264848218213815,0.09766827980642323,0.3040035195776507
0.334514842711564,0.2614089499335401,0.09924678777137794,0.30482941958351795
0.32605848974247054,0.2684417285028372,0.09602793539938892,0.30947184635530334
0.33039258932509924,0.2695191883546537,0.09748566387295986,0.3026025584472872
0.33407177669472754,0.2653965440850687,0.0974745237040319,0.3030571555161719
0.3414203793559771,0.25981473312748127,0.10189677988531098,0.2968681076312307
0.3410784743533538,0.2595352915387988,0.10083296799649277,0.2985532661113547
0.3433230498016748,0.2604671661524901,0.0991626267078008,0.2970471573380344
0.3503971756398941,0.25551632833186233,0.09443954104148279,0.2996469549867608
0.3460008837825895,0.2607158638974812,0.09765797613787008,0.2956252761820592
0.349912739965096,0.2556719022687609,0.0968586387434555,0.2975567190226876
0.35240174672489083,0.251528384279476,0.09737991266375545,0.2986899563318777
0.3525305410122164,0.25174520069808026,0.09729493891797557,0.29842931937172773
0.3541300527240773,0.2552724077328647,0.09226713532513181,0.29833040421792617
0.3560739436619718,0.24867957746478872,0.09507042253521127,0.3001760563380282
0.35789938217122685,0.24624889673433362,0.09090909090909091,0.3049426301853486
0.35924462011418534,0.24154589371980675,0.09134826526130874,0.30786122090469914
0.35732984293193715,0.24650959860383945,0.09424083769633508,0.3019197207678883
0.3577378342832091,0.24594476106970628,0.09381850065760632,0.3024989039894783
0.3612565445026178,0.2443280977312391,0.09424083769633508,0.30017452006980805
0.3634361233480176,0.24537444933920705,0.09251101321585903,0.2986784140969163
0.3619173262972735,0.24274406332453827,0.09102902374670185,0.3043095866314864
0.3649061545176779,0.24487123526844173,0.09035355739851593,0.29986905281536447
0.36541889483065954,0.24019607843137256,0.09090909090909091,0.303475935828877
0.36240732664631486,0.24509376362843435,0.08896641953772351,0.30353249018752726
0.3712389380530973,0.2407079646017699,0.08849557522123894,0.2995575221238938
0.37824746807573756,0.2399823866138265,0.08762659621312198,0.29414354909731394
0.37182852143482065,0.2440944881889764,0.08705161854768154,0.29702537182852146
0.36327433628318584,0.24424778761061947,0.08938053097345133,0.3030973451327434
0.36932569413838695,0.24636403702071397,0.08990744821507272,0.29440282062582634
0.3696035242290749,0.24801762114537446,0.08546255506607929,0.29691629955947135
0.3616090948841277,0.2509838216003498,0.08395277656318322,0.3034543069523393
0.36100131752305664,0.2547211242863417,0.07992973210364515,0.30434782608695654
0.36300174520069806,0.25043630017452007,0.08027923211169284,0.306282722513089
0.36599297012302284,0.2478031634446397,0.08347978910369068,0.30272407732864676
0.3643138974134152,0.24682156948706707,0.08636562911003946,0.3024989039894783
0.37189716312056736,0.2429078014184397,0.08377659574468085,0.30141843971631205
0.36666666666666664,0.24342105263157895,0.08728070175438596,0.3026315789473684
0.37478031634446396,0.24165202108963094,0.08699472759226713,0.29657293497363796
0.38030634573304156,0.24201312910284464,0.08533916849015317,0.2923413566739606
0.3798076923076923,0.23776223776223776,0.08697552447552448,0.29545454545454547
0.37543859649122807,0.24385964912280703,0.08640350877192983,0.2942982456140351
0.37570991699432066,0.24027959807776322,0.09086937527304499,0.2931411096548711
0.37598597721297106,0.2388255915863278,0.08983347940403155,0.2953549517966696
0.37106643356643354,0.24431818181818182,0.09265734265734266,0.291958041958042
0.37683089214380827,0.2339103417665335,0.09365290723479805,0.2956058588548602
0.37322695035460995,0.2398049645390071,0.09086879432624113,0.29609929078014185
0.37191901408450706,0.24119718309859156,0.09066901408450705,0.2962147887323944
0.37516629711751664,0.23636363636363636,0.09578713968957872,0.2926829268292683
0.373568281938326,0.239647577092511,0.09295154185022027,0.2938325991189427
0.38162544169611307,0.23630742049469966,0.09098939929328621,0.2910777385159011
0.3672217353198948,0.2331288343558282,0.09596844872918492,0.30368098159509205
0.3732142857142857,0.2294642857142857,0.09419642857142857,0.303125
0.36881625441696114,0.22879858657243815,0.09231448763250884,0.31007067137809186
0.3689745836985101,0.22743207712532865,0.09290096406660824,0.310692375109553
0.3676341248900616,0.22999120492524186,0.09410729991204925,0.30826737027264733
0.37020713970912295,0.23182018510356986,0.08550022036139268,0.3124724548259145
0.3679034421099687,0.23156012516763522,0.08717031738936075,0.3133661153330353
0.36952714535901926,0.23336252189141857,0.0862521891418564,0.3108581436077058
0.36651982378854625,0.23788546255506607,0.08237885462555065,0.313215859030837
0.36724890829694323,0.24017467248908297,0.0816593886462882,0.3109170305676856
0.3644777434993389,0.2375495813133539,0.07844865579550463,0.3195240193918026
0.36415675913694406,0.23513870541611626,0.07749889916336415,0.3232056362835755
0.36003482803656944,0.23247714410100132,0.07966913365259033,0.3278188942098389
0.3573321554770318,0.23409893992932862,0.08083038869257951,0.32773851590106007
0.3549517966695881,0.2388255915863278,0.07318141980718668,0.33304119193689746
0.35912087912087914,0.23736263736263735,0.07296703296703297,0.33054945054945056
0.3630348478164976,0.23202470224966917,0.07322452580502867,0.3317159241288046
0.3594368675758909,0.23273207215134184,0.07567091948966125,0.332160140783106
0.3625937362152625,0.2262902514336127,0.0741067490074989,0.33700926334362596
0.36765994741454866,0.22699386503067484,0.07449605609114812,0.3308501314636284
0.36874723328906595,0.22399291722000886,0.07215582115980522,0.33510402833111996
0.372,0.22311111111111112,0.07066666666666667,0.3342222222222222
0.37849844513549535,0.2190137716570413,0.06841403820524211,0.33407374500222126
0.37719298245614036,0.22149122807017543,0.07105263157894737,0.33026315789473687
0.37285902503293805,0.2222222222222222,0.07202459376372419,0.3328941589811155
0.37234982332155475,0.2234982332155477,0.07332155477031801,0.3308303886925795
0.36774479397430215,0.22330527248560036,0.07443509082853345,0.334514842711564
0.361739902352419,0.2237017310252996,0.07723035952063914,0.33732800710164224
0.35808435852372583,0.22934973637961337,0.07688927943760984,0.335676625659051
0.3626325088339223,0.22703180212014135,0.0799469964664311,0.3303886925795053
0.3591641271223335,0.2303003918154114,0.08358728776665215,0.326948193295603
0.36407342657342656,0.22683566433566432,0.08435314685314685,0.32473776223776224
0.3631971892841458,0.22485726833552921,0.08651734738691261,0.3254281949934124
0.36546009594417794,0.22634103794156127,0.08591365023986045,0.32228521587440034
0.3664188893747267,0.22474857892435504,0.08745080891998251,0.32138172278093574
0.36802480070859167,0.22453498671390612,0.09211691762621789,0.3153232949512843
0.3726435773783428,0.21964050854888206,0.08768084173608066,0.3200350723366944
0.37663469921534437,0.2227550130775937,0.08718395815170009,0.3134263295553618
0.3718791064388962,0.22777047744196233,0.08716600963644328,0.3131844064826982
0.3801399825021872,0.21828521434820647,0.08923884514435695,0.3123359580052493
0.3804110188019239,0.219938784433756,0.08657630083078269,0.3130738959335374
0.3821350762527233,0.21830065359477124,0.08801742919389978,0.3115468409586057
0.3825503355704698,0.2250559284116331,0.08456375838926175,0.30782997762863534
0.39155555555555555,0.22044444444444444,0.0791111111111111,0.3088888888888889
0.39111306643202814,0.22261328640563133,0.07919049714034315,0.3070831500219974
0.3914762741652021,0.22144112478031636,0.08479789103690685,0.3022847100175747
0.39081455805892545,0.22357019064124783,0.08362218370883882,0.3019930675909879
0.3943785682916118,0.2222222222222222,0.0878348704435661,0.29556433904259993
0.3903083700440529,0.22378854625550662,0.08898678414096917,0.29691629955947135
0.39529724933451643,0.225377107364685,0.0865128660159716,0.29281277728482696
0.4052631578947368,0.22017543859649122,0.0837719298245614,0.29078947368421054
0.40256296950950066,0.21696862571807335,0.08572691117984976,0.29474149359257623
0.39843410178338406,0.22183558068725534,0.0822096563723358,0.2975206611570248
0.40460380699424525,0.2213368747233289,0.0787959274015051,0.29526339088092074
0.4138232720909886,0.22090988626421698,0.07480314960629922,0.2904636920384952
0.4104938271604938,0.2257495590828924,0.07583774250440917,0.2879188712522046
0.41262135922330095,0.22065313327449249,0.0794351279788173,0.2872903795233892
0.412691466083151,0.2188183807439825,0.07921225382932166,0.28927789934354486
0.4140930839495433,0.21792083514571553,0.08003479773814702,0.2879512831665942
0.41179078014184395,0.21719858156028368,0.08289007092198582,0.28812056737588654
0.4107221976074435,0.22286220646876384,0.08418254319893664,0.282233052724856
0.4125441696113074,0.21908127208480566,0.08436395759717315,0.2840106007067138
0.40921052631578947,0.218859649122807,0.09385964912280702,0.27807017543859647
0.41009743135518156,0.21479185119574845,0.091674047829938,0.283436669619132
0.40947321823815847,0.21956617972554227,0.08853474988933156,0.2824258521469677
0.4100087796312555,0.22080772607550483,0.09043020193151888,0.2787532923617208
0.4091710758377425,0.21957671957671956,0.08818342151675485,0.2830687830687831
0.4052980132450331,0.21766004415011037,0.08962472406181016,0.28741721854304636
0.40043572984749454,0.21655773420479302,0.09193899782135076,0.29106753812636166
0.40150842945874,0.22404614019520852,0.08961845607808341,0.28482697426796805
0.4033348355114917,0.21946822893195134,0.0914826498422713,0.2857142857142857
0.4091110128261831,0.21362229102167182,0.09022556390977443,0.28704113224237066
0.4076855123674912,0.2137809187279152,0.08568904593639576,0.2928445229681979
0.40139921294271974,0.21687800612155664,0.08220376038478355,0.2995190205509401
0.4037184594953519,0.22177954847277556,0.08056662239929172,0.29393536963258077
0.40335392762577227,0.22153574580759047,0.0794351279788173,0.29567519858781993
0.40254051686377573,0.21681997371879105,0.08147174770039421,0.29916776171703896
0.4053461875547765,0.21384750219106047,0.08194566170026293,0.2988606485539001
0.40516863775733686,0.21944809461235218,0.08059570740254052,0.2947875602277705
0.4052143172779496,0.2205037560760053,0.08528501988510827,0.2889969067609368
0.40035508211273857,0.21526853084775854,0.08433200177541056,0.30004438526409233
0.3994732221246708,0.2212467076382792,0.08165057067603161,0.2976294995610184
0.40061295971978983,0.22197898423817863,0.08143607705779335,0.29597197898423816
0.399554565701559,0.2178173719376392,0.08240534521158129,0.3002227171492205
0.3997373029772329,0.21672504378283713,0.08056042031523643,0.30297723292469353
0.40114235500878737,0.2148506151142355,0.08304042179261863,0.30096660808435854
0.4013129102844639,0.212253829321663,0.08096280087527352,0.3054704595185996
0.40266075388026606,0.21286031042128603,0.0802660753880266,0.3042128603104213
0.3993766696349065,0.21816562778272486,0.07880676758682101,0.30365093499554763
0.4018364669873196,0.2120682116309576,0.07870572802798426,0.3073895933537385
0.4067425569176883,0.21234676007005254,0.0796847635726795,0.30122591943957966
0.40539345711759506,0.21175950486295314,0.08443854995579134,0.2984084880636605
0.40536971830985913,0.21522887323943662,0.07834507042253522,0.301056338028169
0.3942054433713784,0.21949078138718173,0.08033362598770852,0.30597014925373134
0.390652557319224,0.2275132275132275,0.08333333333333333,0.2985008818342152
0.39038376709307454,0.2262902514336127,0.0811645346272607,0.30216144684605206
0.3989408649602824,0.22594880847308033,0.07766990291262135,0.2974404236540159
0.4039473684210526,0.22149122807017543,0.07763157894736843,0.2969298245614035
0.40244969378827644,0.22134733158355205,0.07830271216097988,0.2979002624671916
0.39849955869373344,0.2202118270079435,0.08120035304501325,0.3000882612533098
0.3975373790677221,0.21635883905013192,0.07827616534740545,0.30782761653474056
0.3991208791208791,0.21406593406593408,0.08219780219780219,0.3046153846153846
0.3964160839160839,0.21372377622377622,0.08216783216783216,0.3076923076923077
0.39755351681957185,0.21756225425950196,0.0799475753604194,0.30493665356050675
0.39742451154529307,0.21936056838365897,0.08126110124333925,0.3019538188277087
0.3901365037428446,0.21972699251431088,0.08718626155878467,0.30295024218405986
0.39730785931393836,0.21233174120712114,0.08771168041684758,0.3026487190620929
0.3904678618277219,0.2094446873633581,0.08963707914298208,0.3104503716659379
0.387854609929078,0.21320921985815602,0.0899822695035461,0.30895390070921985
0.3880597014925373,0.22036874451273047,0.08955223880597014,0.30201931518876207
0.38210665491405904,0.21859850154252974,0.09167033935654473,0.3076245041868665
0.38180235089246845,0.21985198084457988,0.09621245102307358,0.3021332172398781
0.3766914011348756,0.22042776080314272,0.09733740724574422,0.30554343081623747
0.38222416812609455,0.21760070052539404,0.09369527145359019,0.3064798598949212
0.38502202643171807,0.2198237885462555,0.09251101321585903,0.3026431718061674
0.387153541575011,0.21865376154861416,0.09150901891772988,0.302683677958645
0.3931095406360424,0.2124558303886926,0.0887809187279152,0.30565371024734983
0.39092111062141915,0.21639488761568973,0.09034817100044072,0.3023358307624504
0.39552238805970147,0.21246707638279191,0.09043020193151888,0.3015803336259877
0.3920704845814978,0.2092511013215859,0.08898678414096917,0.3096916299559471
0.38835794960903564,0.20807993049522155,0.09079061685490877,0.31277150304083406
0.3871817383669886,0.20939420544337137,0.0913081650570676,0.31211589113257243
0.39072256913470116,0.2096342551293488,0.08876003568242641,0.31088314005352363
0.391304347826087,0.21073646850044367,0.08296362023070097,0.3149955634427684
0.39524647887323944,0.21038732394366197,0.08054577464788733,0.31382042253521125
0.38451443569553806,0.20909886264216973,0.08092738407699038,0.32545931758530183
0.3781882145998241,0.21635883905013192,0.07695690413368514,0.32849604221635886
0.3816895179124281,0.21450685537372843,0.07430340557275542,0.329500221141088
0.38004434589800445,0.21286031042128603,0.07671840354767184,0.3303769401330377
0.37126537785588754,0.2117750439367311,0.0804042179261863,0.3365553602811951
0.3748894783377542,0.21441202475685234,0.07957559681697612,0.3311229000884173
0.3790820829655781,0.2149161518093557,0.07722859664607237,0.3287731685789938
0.38131089459698847,0.2108060230292294,0.08104517271922054,0.32683790965456155
0.377258704275011,0.21110621419127368,0.08329660643455267,0.32833847509916264
0.37219533655961284,0.214694236691597,0.08490981082270127,0.32820061592608885
0.3675176056338028,0.21522887323943662,0.08450704225352113,0.33274647887323944
0.3703378674857394,0.209741114523914,0.08819657744624836,0.3317244405440983
0.368512865242041,0.21761883994766681,0.08591365023986045,0.3279546445704318
0.3698146513680494,0.2144748455428067,0.08384819064430715,0.3318623124448367
0.37235915492957744,0.2130281690140845,0.08098591549295775,0.3336267605633803
0.3708899605436212,0.20692678649715038,0.08505041648399825,0.3371328364752302
0.3747247908410392,0.20607661822985468,0.08586525759577279,0.3333333333333333
0.37748344370860926,0.20309050772626933,0.0847682119205298,0.3346578366445916
0.3834355828220859,0.19675723049956179,0.08150744960560911,0.3382997370727432
0.3773996509598604,0.2020069808027923,0.08551483420593368,0.33507853403141363
0.3789198606271777,0.203397212543554,0.08536585365853659,0.3323170731707317
0.3794940079893475,0.19884598313359964,0.08743897026187306,0.33422103861517977
0.380764163372859,0.20553359683794467,0.0878348704435661,0.3258673693456302
0.3786063027075011,0.20949844651575678,0.085219707057257,0.32667554371948515
0.37035398230088495,0.20929203539823008,0.08539823008849558,0.3349557522123894
0.3722563652326602,0.21071115013169447,0.08516242317822652,0.33187006145741876
0.37417654808959155,0.20641194554238032,0.08651734738691261,0.3328941589811155
0.36856010568031705,0.2073976221928666,0.08630559225011009,0.3377366798767063
0.36876929863255403,0.20644022937803264,0.0846934274371416,0.34009704455227174
0.36259877085162423,0.20149253731343283,0.08516242317822652,0.35074626865671643
0.36335944299390777,0.20191470844212359,0.08746736292428199,0.3472584856396867
0.35977212971078004,0.20595968448729185,0.0876424189307625,0.34662576687116564
0.3620087336244541,0.2091703056768559,0.08733624454148471,0.3414847161572052
