R,A,S,N
0.0,1.0,0.0,0.0
0.3333333333333333,0.6666666666666666,0.0,0.0
0.3076923076923077,0.5384615384615384,0.15384615384615385,0.0
0.3076923076923077,0.5,0.11538461538461539,0.07692307692307693
0.34146341463414637,0.43902439024390244,0.12195121951219512,0.0975609756097561
0.3235294117647059,0.4411764705882353,0.1323529411764706,0.10294117647058823
0.3076923076923077,0.3942307692307692,0.17307692307692307,0.125
0.3225806451612903,0.38064516129032255,0.18064516129032257,0.11612903225806452
0.3125,0.3794642857142857,0.16517857142857142,0.14285714285714285
0.2852233676975945,0.3917525773195876,0.16494845360824742,0.15807560137457044
0.2868217054263566,0.3875968992248062,0.15503875968992248,0.17054263565891473
0.28169014084507044,0.3722334004024145,0.16297786720321933,0.18309859154929578
0.288961038961039,0.3555194805194805,0.16558441558441558,0.18993506493506493
0.27235772357723576,0.3699186991869919,0.16395663956639567,0.1937669376693767
0.28396436525612473,0.3674832962138085,0.15478841870824053,0.19376391982182628
0.27889207258834764,0.35912129894937916,0.1623686723973257,0.19961795606494748
0.2771693344566133,0.34877843302443134,0.16764953664700927,0.2064026958719461
0.27927927927927926,0.34384384384384387,0.17267267267267267,0.2042042042042042
0.27914951989026066,0.3401920438957476,0.17352537722908093,0.20713305898491083
0.2765556253928347,0.3406662476429918,0.17347580138277813,0.20930232558139536
0.2757396449704142,0.336094674556213,0.17692307692307693,0.21124260355029587
0.2759009009009009,0.3333333333333333,0.17905405405405406,0.21171171171171171
0.285181236673774,0.3246268656716418,0.18070362473347548,0.20948827292110875
0.2773797338792221,0.33316274309109517,0.18014329580348004,0.20931422722620266
0.2779441117764471,0.32884231536926145,0.18213572854291418,0.21107784431137724
0.2821637426900585,0.3138401559454191,0.18762183235867447,0.21637426900584794
0.27780429594272077,0.3217183770883055,0.17899761336515513,0.22147971360381863
0.2833255921969345,0.30933581049698095,0.18439386901997212,0.2229447282861124
0.2806215722120658,0.30895795246800734,0.18418647166361973,0.22623400365630714
0.27722772277227725,0.3091809180918092,0.18181818181818182,0.23177317731773178
0.2800357302367128,0.30638677981241624,0.18311746315319338,0.23046002679767755
0.280107047279215,0.3006244424620874,0.1895628902765388,0.2297056199821588
0.28080985915492956,0.3032570422535211,0.18397887323943662,0.2319542253521127
0.2820061592608887,0.29696436427628686,0.1847778266608007,0.23625164980202376
0.2821631051024858,0.29568251199302226,0.18447448757086785,0.23767989533362407
0.27549668874172184,0.30022075055187636,0.18322295805739514,0.2410596026490066
0.27432848965213563,0.3011889035667107,0.18273888154997797,0.24174372523117568
0.27444933920704845,0.2964757709251101,0.18458149779735683,0.2444933920704846
0.2732811140121845,0.29721496953872933,0.1823324630113142,0.24717145343777197
0.26948480845442535,0.29810656098634963,0.18405988551298988,0.24834874504623514
0.2677475898334794,0.28965819456617004,0.1831726555652936,0.25942156003505695
0.2688077430708315,0.29168499780026397,0.1825780906291245,0.25692916849978004
0.2671922908453789,0.2943495400788436,0.1782742006132282,0.26018396846254926
0.2646928855501547,0.3026955368979231,0.1811754308440124,0.25143614670790987
0.26354895104895104,0.30157342657342656,0.18444055944055945,0.2504370629370629
0.264975951027547,0.3069523393091386,0.18320944468736336,0.24486226497595104
0.2657558395769061,0.3018951079770824,0.18466284706919348,0.24768620537681799
0.27155555555555555,0.2951111111111111,0.18577777777777776,0.24755555555555556
0.2734132268086995,0.2956058588548602,0.18153573013759433,0.24944518419884598
0.26938413823659724,0.3043863535666814,0.18298626495347806,0.24324324324324326
0.269010989010989,0.3059340659340659,0.1767032967032967,0.24835164835164836
0.2687417799210872,0.30556773345024113,0.17360806663743972,0.25208241999123193
0.27493380406001766,0.30097087378640774,0.176081200353045,0.24801412180052956
0.27639751552795033,0.29991126885536823,0.17657497781721385,0.24711623779946762
0.27525363917071016,0.30524922805469784,0.17159241288045876,0.2479047198941332
0.27444933920704845,0.3022026431718062,0.17665198237885463,0.24669603524229075
0.2763445561871447,0.2942719720157411,0.17665063401836467,0.25273283777874944
0.2639437856829161,0.2964426877470356,0.1831357048748353,0.256477821695213
0.2644082710074791,0.2974043114826221,0.17993840739111305,0.25824901011878576
0.2617893345085941,0.2970471573380344,0.18422212428382548,0.25694138386954607
0.2646669607410675,0.29730921923246584,0.17865019850022057,0.25937362152624616
0.26701800614844096,0.2977602108036891,0.17830478700043917,0.25691699604743085
0.2687224669603524,0.2960352422907489,0.1814977973568282,0.2537444933920705
0.26710526315789473,0.29254385964912283,0.18421052631578946,0.256140350877193
0.26799116997792494,0.291832229580574,0.1814569536423841,0.258719646799117
0.27636203866432335,0.28339191564147626,0.18233743409490333,0.257908611599297
0.27280701754385966,0.2824561403508772,0.17894736842105263,0.2657894736842105
0.2748460861917326,0.2805628847845207,0.1802990325417766,0.2642919964819701
0.27994734532689775,0.2847740236946029,0.17683194383501535,0.258446687143484
0.27891459074733094,0.2842526690391459,0.18282918149466193,0.2540035587188612
0.2804232804232804,0.28527336860670194,0.18253968253968253,0.2517636684303351
0.284,0.2831111111111111,0.18533333333333332,0.24755555555555556
0.2808010448410971,0.28776665215498476,0.18415324336090552,0.24727905964301264
0.2828193832599119,0.286784140969163,0.18546255506607928,0.24493392070484582
0.2789982425307557,0.28690685413005274,0.18936731107205623,0.24472759226713534
0.2789473684210526,0.2868421052631579,0.1868421052631579,0.24736842105263157
0.2800349497597204,0.28265618173875057,0.18392311052861512,0.25338575797291396
0.28278867102396515,0.2775599128540305,0.1860566448801743,0.25359477124183005
0.28123620309050773,0.28344370860927154,0.17527593818984546,0.2600441501103753
0.2773882559158633,0.28308501314636286,0.17703768624014024,0.2624890446976337
0.27365615282096845,0.28698356286095067,0.17592181252776543,0.26343847179031543
0.2753178430512933,0.28540113985094256,0.17404647084612013,0.265234546251644
0.2683355292050944,0.29292929292929293,0.17962231005709267,0.25911286780852
0.2718106093818501,0.29767645769399387,0.17536168347216133,0.25515124945199474
0.26453617399023527,0.30403905903240125,0.1739902352418997,0.2574345317354638
0.26791277258566976,0.30885625278148643,0.17133956386292834,0.25189141076991545
0.2604671661524901,0.3129131776112825,0.16659321286910533,0.2600264433671221
0.2652613087395696,0.310935441370224,0.1686429512516469,0.2551602986385595
0.26223776223776224,0.3151223776223776,0.16695804195804195,0.2556818181818182
0.26763031099430573,0.30924222514235655,0.16688567674113008,0.25624178712220763
0.2737306843267108,0.3033112582781457,0.1673289183222958,0.2556291390728477
0.2756183745583039,0.29902826855123676,0.16607773851590105,0.2592756183745583
0.2734513274336283,0.3070796460176991,0.16946902654867257,0.25
0.26821773485513606,0.30597014925373134,0.1672519754170325,0.2585601404741001
0.27765437583296315,0.3043091959129276,0.16170590848511773,0.25633051976899157
0.2745183887915937,0.30910683012259194,0.15674255691768826,0.2596322241681261
0.2756324900133156,0.2982689747003995,0.15756768752774078,0.2685308477585442
0.27596830985915494,0.30149647887323944,0.15404929577464788,0.26848591549295775
0.2732406602953953,0.3001737619461338,0.15508253692441357,0.27150304083405735
0.2746478873239437,0.3045774647887324,0.1522887323943662,0.26848591549295775
0.2701863354037267,0.3087843833185448,0.15039929015084294,0.2706299911268855
0.267817618415228,0.29880478087649404,0.1531651173085436,0.28021248339973437
0.2659667541557305,0.30708661417322836,0.14873140857392825,0.2782152230971129
0.26786497150372646,0.3033757124068391,0.1477422183252959,0.2810170977641385
0.2676923076923077,0.298021978021978,0.15164835164835164,0.2826373626373626
0.2615791795324217,0.3039258932509925,0.1517423908248787,0.2827525363917071
0.2654320987654321,0.2932098765432099,0.15608465608465608,0.28527336860670194
0.2624175824175824,0.298021978021978,0.1564835164835165,0.28307692307692306
0.25958572058175405,0.29528426619656234,0.16086381665932128,0.2842661965623623
0.2574823943661972,0.29973591549295775,0.16065140845070422,0.28213028169014087
0.25891677675033026,0.3020695728753853,0.1563188022897402,0.28269484808454426
0.26215738284703805,0.3006189213085765,0.15561450044208666,0.28160919540229884
0.2570796460176991,0.3070796460176991,0.15530973451327434,0.28053097345132744
0.26142355008787344,0.3053602811950791,0.1515817223198594,0.28163444639718804
0.2594880847308032,0.3053839364518976,0.15180935569285084,0.2833186231244484
0.2666959578207381,0.29349736379613356,0.15114235500878734,0.28866432337434095
0.2652970075926753,0.2925413130861992,0.1496203662349263,0.2925413130861992
0.26672496720594663,0.28771316134674246,0.15085264538696982,0.29470922606034106
0.26660761736049604,0.29317980513728964,0.15101860053144375,0.2891939769707706
0.2686369651521835,0.29157476841640934,0.14600794000882222,0.2937803264225849
0.26535087719298245,0.2956140350877193,0.14210526315789473,0.2969298245614035
0.2628797886393659,0.29458388375165123,0.1448701012769705,0.29766622633201234
0.2605820105820106,0.29365079365079366,0.13756613756613756,0.3082010582010582
0.26285714285714284,0.29406593406593406,0.1402197802197802,0.3028571428571429
0.2583479789103691,0.29261862917398945,0.14543057996485062,0.30360281195079086
0.2563429571303587,0.2926509186351706,0.14698162729658792,0.30402449693788275
0.2583187390542907,0.287215411558669,0.14754816112084063,0.30691768826619964
0.258021978021978,0.2795604395604396,0.1534065934065934,0.309010989010989
0.25503943908851884,0.2817703768624014,0.15731814198071867,0.3058720420683611
0.25704225352112675,0.28169014084507044,0.15669014084507044,0.3045774647887324
0.2594050743657043,0.27296587926509186,0.15441819772528434,0.3132108486439195
0.2560386473429952,0.27448397013614406,0.155467720685112,0.3140096618357488
0.2578090629124505,0.28156621205455346,0.15442146942366916,0.3062032556093269
0.2519929140832595,0.2843224092116918,0.15323294951284322,0.3104517271922055
0.2592267135325132,0.28295254833040423,0.15246045694200352,0.3053602811950791
0.2633889376646181,0.2787532923617208,0.15452151009657594,0.3033362598770852
0.26914660831509846,0.27571115973741794,0.15667396061269145,0.29846827133479215
0.27036547776309994,0.27829150154117127,0.15323645970937913,0.29810656098634963
0.26734423331860363,0.276623950508175,0.1528943879805568,0.3031374281926646
0.261645624727906,0.2786242925555072,0.15150195907705702,0.30822812363952984
0.2639751552795031,0.27994676131322094,0.1526175687666371,0.3034605146406389
0.26389496717724287,0.2778993435448578,0.15448577680525163,0.3037199124726477
0.2607550482879719,0.2774363476733977,0.15539947322212466,0.3064091308165057
0.27169149868536374,0.2712532865907099,0.15600350569675722,0.30105170902716916
0.2687361419068736,0.2722838137472284,0.16008869179600888,0.29889135254988913
0.269010989010989,0.27604395604395604,0.15692307692307692,0.298021978021978
0.27149122807017545,0.2771929824561403,0.15964912280701754,0.2916666666666667
0.2698624056813138,0.2774079005770084,0.15934309809143365,0.2933865956502441
0.2750110180696342,0.2785368003525782,0.15821947994711327,0.2882327016306743
0.2703639514731369,0.28162911611785096,0.15641247833622185,0.2915944540727903
0.27211495285136955,0.2748091603053435,0.1571621014818141,0.29591378536147284
0.26938239159001315,0.2812089356110381,0.15593517301795884,0.2934734997809899
0.2763507528786537,0.27900797165633306,0.15146147032772364,0.29317980513728964
0.27123893805309734,0.27654867256637167,0.1561946902654867,0.2960176991150443
0.2668711656441718,0.275635407537248,0.15425065731814197,0.3032427695004382
0.2724046140195209,0.2684117125110914,0.15705412599822538,0.3021295474711624
0.27845884413309985,0.2640105078809107,0.15411558669001751,0.30341506129597196
0.2790594498669033,0.26175687666370895,0.15661047027506655,0.3025732031943212
0.2761820592134335,0.27485638532920903,0.1506849315068493,0.2982766239505082
0.2732481269281622,0.2732481269281622,0.15293080652269722,0.3005729396209784
0.272885032537961,0.27114967462039047,0.14837310195227765,0.30759219088937095
0.2720070422535211,0.2680457746478873,0.1505281690140845,0.30941901408450706
0.2708516242317823,0.2642669007901668,0.15057067603160668,0.31431079894644426
0.2772585669781931,0.2652425456163774,0.14686248331108145,0.310636404094348
0.2828104286345559,0.2664604507291206,0.13610251878038002,0.31462660185594343
0.2785308264101443,0.26322693484914733,0.1425448185395715,0.31569742020113684
0.27660510114335973,0.2612137203166227,0.14160070360598065,0.32058047493403696
0.28087912087912087,0.261978021978022,0.1397802197802198,0.31736263736263737
0.28112626484821823,0.2635283765948086,0.13814342278926528,0.3172019357677079
0.28704113224237066,0.26448474126492705,0.13666519239274658,0.31180893409995575
0.2814847547503314,0.2664604507291206,0.14405656208572692,0.30799823243482105
0.27833698030634574,0.26783369803063456,0.1435448577680525,0.31028446389496717
0.28036971830985913,0.26848591549295775,0.1483274647887324,0.3028169014084507
0.27925531914893614,0.26773049645390073,0.15203900709219859,0.30097517730496454
0.2759982448442299,0.26590609916630104,0.15138218516893373,0.30671347082053535
0.2831509846827133,0.26564551422319477,0.150109409190372,0.3010940919037199
0.2803532008830022,0.269757174392936,0.15011037527593818,0.2997792494481236
0.2742782152230971,0.27165354330708663,0.14654418197725283,0.30752405949256345
0.27792436235708,0.27132805628847845,0.14731750219876869,0.3034300791556728
0.2754069511658601,0.2732072151341839,0.15090189177298724,0.30048394192696876
0.27763041556145,0.27718832891246686,0.14898320070733864,0.29619805481874445
0.2763445561871447,0.2780935723655444,0.14779186707477043,0.2977700043725404
0.27807017543859647,0.2767543859649123,0.14956140350877192,0.2956140350877193
0.2777288732394366,0.2715669014084507,0.14612676056338028,0.3045774647887324
0.27527839643652563,0.2708240534521158,0.1487750556792873,0.3051224944320713
0.27846425419240955,0.265666372462489,0.14827890556045895,0.30759046778464255
0.27901883486640383,0.2706964520367937,0.14848883048620237,0.3017958826106001
0.2785368003525782,0.2675187307183781,0.14367562802996914,0.31026884089907447
0.27439024390243905,0.2730836236933798,0.14285714285714285,0.3096689895470383
0.2742006132282085,0.2724485326325011,0.14060446780551905,0.31274638633377133
0.27639071397284276,0.2742006132282085,0.13797634691195795,0.3114323258869908
0.27695004382120947,0.27344434706397897,0.13891323400525854,0.310692375109553
0.27336551118911806,0.27643703378674855,0.13602457218078104,0.3141728828433524
0.27486910994764396,0.2774869109947644,0.13525305410122165,0.31239092495637
0.2677234698370762,0.2818141787758697,0.13958608542492293,0.3108762659621312
0.2674315975286849,0.2758164165931156,0.1381288614298323,0.31862312444836716
0.26264848218213815,0.28024637043554773,0.13814342278926528,0.31896172459304883
0.2606406318560772,0.28345765686704694,0.1355857832382624,0.3203159280386134
0.2564892212934448,0.2798064232292125,0.13638363396392433,0.3273207215134184
0.2505513895015439,0.2779003087781209,0.13674459638288486,0.33480370533745035
0.24450307827616535,0.2805628847845207,0.14291996481970096,0.33201407211961304
0.24265028521281265,0.28170250109697237,0.14172882843352347,0.33391838525669154
0.24737762237762237,0.28015734265734266,0.14291958041958042,0.32954545454545453
0.24571428571428572,0.2778021978021978,0.14285714285714285,0.33362637362637365
0.2527376259307928,0.2759526938239159,0.14673674989049496,0.32457293035479634
0.2525164113785558,0.27045951859956235,0.1474835886214442,0.3295404814004376
0.24779541446208111,0.27469135802469136,0.14814814814814814,0.32936507936507936
0.25021987686895336,0.2770448548812665,0.13896218117854,0.3337730870712401
0.2557117750439367,0.27768014059753954,0.13971880492091387,0.3268892794376098
0.2598944591029024,0.27440633245382584,0.13984168865435356,0.3258575197889182
0.26100352112676056,0.272887323943662,0.1426056338028169,0.32350352112676056
0.2616052060737527,0.27114967462039047,0.14446854663774403,0.32277657266811277
0.26365264100268576,0.26857654431512984,0.1459265890778872,0.3218442256042972
0.26044874615046193,0.2701275846898372,0.1482622085349758,0.32116146062472506
0.26148409893992935,0.26899293286219084,0.14266784452296818,0.32685512367491165
0.26294995610184374,0.2647058823529412,0.1431079894644425,0.3292361720807726
0.26380910296067167,0.25894829871851527,0.14714980114891738,0.3300927971718957
0.26872822299651566,0.257404181184669,0.1476480836236934,0.32621951219512196
0.2774363476733977,0.24714661984196665,0.14969271290605796,0.3257243195785777
0.27824175824175823,0.24615384615384617,0.14593406593406594,0.32967032967032966
0.27541998231653403,0.25287356321839083,0.14456233421750664,0.3271441202475685
0.269687637483502,0.2542894852617686,0.14562252529696437,0.33040035195776507
0.2722880983750549,0.2490118577075099,0.14448836187966624,0.334211682037769
0.2737676056338028,0.2425176056338028,0.1443661971830986,0.33934859154929575
0.2718150087260035,0.24476439790575916,0.14223385689354276,0.3411867364746946
0.2738301559792028,0.24523396880415946,0.13908145580589254,0.34185441941074524
0.2708516242317823,0.24100087796312555,0.1431079894644425,0.34503950834064967
0.27300748568912375,0.23910171730515192,0.1444297666226332,0.34346103038309117
0.26733977172958734,0.247585601404741,0.14003511852502196,0.34503950834064967
0.27029438001784123,0.24308652988403212,0.14139161462979483,0.3452274754683318
0.27320261437908494,0.24531590413943355,0.13986928104575164,0.3416122004357299
0.2681958535509484,0.24569916188795765,0.13895015438906044,0.3471548301720335
0.2712532865907099,0.25153374233128833,0.13847502191060473,0.338737949167397
0.2765673632725656,0.25255669186305024,0.13606047132058693,0.33481547354379726
0.2680320569902048,0.25823686553873554,0.13579697239536956,0.3379341050756901
0.262719298245614,0.25877192982456143,0.14385964912280702,0.33464912280701753
0.26593886462882094,0.2537117903930131,0.14541484716157205,0.3349344978165939
0.2623674911660777,0.2579505300353357,0.15415194346289754,0.325530035335689
0.2646411272567151,0.2527520915896081,0.1448701012769705,0.3377366798767063
0.26845342706502634,0.24736379613356765,0.14982425307557118,0.3343585237258348
0.26532399299474607,0.24956217162872155,0.14886164623467601,0.3362521891418564
0.25867369345630215,0.24418093983311376,0.15151515151515152,0.3456302151954326
0.25762262483429077,0.2540874944763588,0.14714980114891738,0.34114007954043307
0.2573784722222222,0.2530381944444444,0.1462673611111111,0.3433159722222222
0.25829279080053075,0.248562582927908,0.14639540026536932,0.34674922600619196
0.26449912126537783,0.2521968365553603,0.14367311072056238,0.3396309314586995
0.2683677958644963,0.2512098548174219,0.15090189177298724,0.32952045754509457
0.26531511679153813,0.25429704715733803,0.1480828558836492,0.3323049801674747
0.26919682259488087,0.25551632833186233,0.15048543689320387,0.324801412180053
0.2693147097337407,0.25927542557835004,0.14840680925360106,0.3230030554343082
0.2647961420429636,0.2590968873301184,0.15563349408154317,0.32047347654537484
0.2635726795096322,0.2583187390542907,0.15586690017513136,0.3222416812609457
0.2633672116659302,0.2607158638974812,0.15466195315952275,0.3212549712770658
0.2538360368259535,0.2621657167908812,0.156510302498904,0.3274879438842613
0.25187803800265135,0.2677861246133451,0.1524524966858153,0.32788334069818825
0.2508787346221441,0.27680140597539543,0.14806678383128294,0.3242530755711775
0.24790841039189784,0.28401585204755614,0.1448701012769705,0.3232056362835755
0.25285839929639403,0.2748460861917326,0.1437994722955145,0.32849604221635886
0.2522875816993464,0.27450980392156865,0.1477124183006536,0.3254901960784314
0.2505475251861586,0.28077091546211125,0.143670608848007,0.3250109505037232
0.25232403718459495,0.28021248339973437,0.1416555998229305,0.32580787959274016
0.2534036012296882,0.2810715854194115,0.13965744400527008,0.3258673693456302
0.25241016652059595,0.28264680105170903,0.1375985977212971,0.3273444347063979
0.2503293807641634,0.2828282828282828,0.14361001317523056,0.32323232323232326
0.24823321554770317,0.2871024734982332,0.14266784452296818,0.3219964664310954
0.24529128339903636,0.28164695575996496,0.14586070959264127,0.3272010512483574
0.24658740642888596,0.28401585204755614,0.1431087626596213,0.32628797886393657
0.2458001768346596,0.2864721485411141,0.1419098143236074,0.32581786030061893
0.23940585408475318,0.29707295762341634,0.1363040629095675,0.327217125382263
0.2436235708003518,0.29771328056288476,0.13544415127528583,0.3232189973614776
0.2465156794425087,0.2961672473867596,0.13719512195121952,0.3201219512195122
0.25065963060686014,0.2928759894459103,0.13808267370272648,0.31838170624450307
0.24803149606299213,0.2983377077865267,0.13823272090988625,0.31539807524059493
0.2475685234305924,0.2957559681697613,0.13925729442970822,0.31741821396993813
0.25299069561364645,0.2995126273814798,0.14133805937084626,0.30615861763402746
0.25850640742377373,0.30004418912947417,0.14184710561201944,0.29960229783473263
0.26085050416483996,0.29636124506795264,0.1442349846558527,0.2985532661113547
0.2624890446976337,0.29754601226993865,0.1437335670464505,0.2962313759859772
0.26817588158467565,0.2916848062690466,0.14845450587723116,0.2916848062690466
0.27048458149779736,0.28370044052863436,0.15462555066079295,0.2911894273127753
0.26948775055679286,0.289532293986637,0.15233853006681514,0.288641425389755
0.26327532351628735,0.2918340026773762,0.1530566711289603,0.2918340026773762
0.2594381035996488,0.29280070237050043,0.15320456540825286,0.29455662862159787
0.2611184500220167,0.2915015411712902,0.1576398062527521,0.289740202553941
0.2602197802197802,0.2821978021978022,0.15912087912087913,0.29846153846153844
0.2642258491398324,0.2871636524040582,0.1588001764446405,0.2898103220114689
0.2602921646746348,0.28463922089420096,0.15891987605135016,0.2961487383798141
0.2628091872791519,0.28224381625441697,0.15945229681978798,0.2954946996466431
0.2637411347517731,0.2774822695035461,0.162677304964539,0.29609929078014185
0.25978021978021976,0.2813186813186813,0.16307692307692306,0.2958241758241758
0.2657558395769061,0.2750110180696342,0.16879682679594535,0.2904363155575143
0.26544021024967146,0.2750766535260622,0.16995181778361804,0.2895313184406483
0.26601423487544484,0.2722419928825623,0.17170818505338079,0.2900355871886121
0.26292725679228746,0.27695004382120947,0.17484662576687116,0.2852760736196319
0.2601307189542484,0.2880174291938998,0.1738562091503268,0.27799564270152505
0.25654682645361737,0.2885042166000888,0.17221482467820684,0.28273413226808697
0.26117440841367223,0.28790534618755476,0.1687116564417178,0.2822085889570552
0.26271561256081377,0.2848297213622291,0.16983635559486954,0.2826183104820876
0.26252771618625276,0.2869179600886918,0.16762749445676275,0.28292682926829266
0.25826355222565006,0.2891141472014103,0.16791538122520935,0.2847069193477303
0.26605101143359716,0.28144239226033424,0.17326297273526825,0.27924362357080035
0.2623524267599475,0.28465238303454304,0.17533887188456493,0.27765631832094445
0.2606219886114761,0.28383705650459923,0.17696014016644765,0.278580814717477
0.26067811536767943,0.2862175253192426,0.17613386173491855,0.2769704975781594
0.26006191950464397,0.28527200353825743,0.1760283060592658,0.2786377708978328
0.25219298245614036,0.28903508771929826,0.18070175438596492,0.27807017543859647
0.25011027790030876,0.2898103220114689,0.18306131451257168,0.27701808557565066
0.251211987659762,0.29440282062582634,0.18113706478624944,0.2732481269281622
0.250989010989011,0.2936263736263736,0.18153846153846154,0.27384615384615385
0.25065963060686014,0.28671943711521547,0.18601583113456466,0.27660510114335973
0.24637043554773427,0.2890453145622525,0.18653761548614167,0.27804663440387156
0.24934036939313983,0.2862796833773087,0.19085312225153914,0.27352682497801234
0.254585152838428,0.2816593886462882,0.18777292576419213,0.2759825327510917
0.25142857142857145,0.2879120879120879,0.18593406593406595,0.27472527472527475
0.25393356643356646,0.28583916083916083,0.18706293706293706,0.2731643356643357
0.265359477124183,0.2775599128540305,0.18823529411764706,0.26884531590413946
0.25806451612903225,0.2816041848299913,0.1909328683522232,0.26939843068875324
0.2550218340611354,0.2851528384279476,0.18951965065502183,0.2703056768558952
0.2651080723423026,0.28363475959417733,0.1901191001323335,0.2611380679311866
0.2625868055555556,0.2821180555555556,0.18880208333333334,0.2664930555555556
0.2637900355871886,0.27846975088967973,0.19128113879003558,0.2664590747330961
0.26616805983282005,0.28024637043554773,0.18829740431148262,0.2652881654201496
0.2709705753184014,0.27580149319279756,0.18972332015810275,0.2635046113306983
0.2702108963093146,0.28163444639718804,0.18936731107205623,0.2587873462214411
0.2742932862190813,0.2795936395759717,0.18639575971731448,0.2597173144876325
0.2710074791025077,0.2833260008798944,0.18873735151781787,0.25692916849978004
0.2777777777777778,0.28346456692913385,0.17935258092738407,0.2594050743657043
0.2786377708978328,0.28084918177797435,0.18398938522777533,0.2565236620964175
0.2840909090909091,0.2744755244755245,0.1840034965034965,0.25743006993006995
0.2842661965623623,0.28029969149405026,0.17628911414720141,0.25914499779638606
0.2864698104892023,0.28074041427941826,0.17628911414720141,0.25650066108417807
0.2860938883968113,0.2816651904340124,0.17183348095659876,0.2604074402125775
0.2874015748031496,0.2878390201224847,0.1679790026246719,0.2567804024496938
0.29080510338759347,0.2798064232292125,0.17333919929608446,0.25604927408710954
0.28835164835164834,0.28703296703296705,0.1731868131868132,0.25142857142857145
0.2925764192139738,0.28209606986899566,0.17292576419213973,0.25240174672489085
0.293605915615485,0.27925184862983904,0.16963897346672466,0.2575032622879513
0.2979664014146773,0.27011494252873564,0.17064544650751548,0.2612732095490716
0.29924745462594066,0.2740150509074812,0.16600265604249667,0.26073483842408146
0.3011565836298932,0.2682384341637011,0.16903914590747332,0.2615658362989324
0.30571555161719094,0.26938413823659724,0.16880815241470978,0.256092157731502
0.3074561403508772,0.26403508771929823,0.16842105263157894,0.2600877192982456
0.3032570422535211,0.26100352112676056,0.1738556338028169,0.26188380281690143
0.3037752414398595,0.257243195785777,0.17251975417032483,0.2664618086040386
0.29507475813544415,0.26033421284080915,0.17678100263852242,0.2678100263852243
0.2977332170880558,0.25937227550130776,0.17393199651264168,0.2689625108979948
0.29406593406593406,0.2549450549450549,0.1767032967032967,0.2742857142857143
0.2906772207563764,0.2559366754617414,0.18249780123131046,0.27088830255057167
0.2864651773981603,0.2518615856329391,0.18177836180464302,0.27989487516425754
0.27998236331569665,0.25925925925925924,0.18298059964726632,0.2777777777777778
0.2774641771602258,0.2579244463742944,0.18106817194963093,0.2835432045158489
0.2713722051731697,0.26128890837352037,0.1823761508110478,0.28496273564226215
0.27192205491585475,0.2608503100088574,0.18600531443755536,0.2812223206377325
0.2757255936675462,0.2541776605101143,0.1864555848724714,0.2836411609498681
0.2728471001757469,0.2596660808435852,0.18321616871704746,0.28427065026362036
0.27448397013614406,0.2551602986385595,0.1756697408871322,0.2946859903381642
0.28236853733981443,0.2545293857711003,0.17057003977021654,0.29253203711886877
0.28024637043554773,0.24857017157941047,0.17729872415310163,0.2938847338319402
0.28876055086628166,0.24389160373167482,0.17636605952909817,0.2909817858729454
0.29168499780026397,0.24593048834139902,0.17509898812142544,0.2872855257369116
0.2891352549889135,0.24390243902439024,0.17250554323725056,0.29445676274944566
0.2887912087912088,0.24615384615384617,0.1731868131868132,0.2918681318681319
0.2911169744942832,0.24890061565523308,0.17106420404573439,0.28891820580474936
0.2862796833773087,0.2510993843447669,0.17678100263852242,0.2858399296394019
0.2908770383428823,0.25385632437197003,0.17584839136183342,0.2794182459233142
0.2862129144851658,0.25218150087260033,0.17844677137870854,0.2831588132635253
0.2958241758241758,0.2540659340659341,0.17450549450549452,0.2756043956043956
0.29434782608695653,0.25173913043478263,0.17391304347826086,0.28
0.28926353149955636,0.2573203194321207,0.1756876663708962,0.2777284826974268
0.2888595332452664,0.261558784676354,0.17217084984588288,0.2774108322324967
0.293909973521624,0.2581641659311562,0.16990291262135923,0.2780229479258605
0.28471309680245294,0.261060008760403,0.16907577748576436,0.2851511169513798
0.2884699693117054,0.2626041209995616,0.16615519508987286,0.28277071459886016
0.2911894273127753,0.26123348017621145,0.15991189427312774,0.28766519823788544
0.28928884986830555,0.2677787532923617,0.16154521510096576,0.28138718173836696
0.28677758318739055,0.2683887915936953,0.16637478108581435,0.27845884413309985
0.2843915343915344,0.2698412698412698,0.1644620811287478,0.281305114638448
0.28659885006634234,0.26758071649712517,0.16497125165855817,0.28084918177797435
0.2829610162067455,0.2728865527814279,0.15943933420937362,0.28471309680245294
0.2840210711150132,0.27480245829675154,0.16286215978928886,0.2783143107989464
0.28608923884514437,0.27602799650043747,0.15923009623797024,0.2786526684164479
0.27750773309765797,0.28060097216084845,0.16084843128590368,0.28104286345558993
0.2850877192982456,0.2793859649122807,0.15745614035087718,0.27807017543859647
0.28167770419426047,0.2790286975717439,0.15673289183222958,0.282560706401766
0.2820401046207498,0.27419354838709675,0.15867480383609417,0.2850915431560593
0.28064798598949214,0.27845884413309985,0.16112084063047286,0.2797723292469352
0.28646748681898065,0.27240773286467485,0.1608084358523726,0.28031634446397186
0.2860290877038343,0.2785368003525782,0.16130453944468928,0.2741295724988982
0.2892998678996037,0.2760898282694848,0.16468516072214884,0.26992514310876264
0.28954305799648505,0.27680140597539543,0.1625659050966608,0.2710896309314587
0.29094922737306844,0.2763796909492274,0.15805739514348785,0.27461368653421636
0.27855887521968364,0.2759226713532513,0.15905096660808435,0.28646748681898065
0.28350287483414416,0.27908005307386113,0.15612560813799203,0.2812914639540027
0.2789982425307557,0.28295254833040423,0.1555360281195079,0.28251318101933215
0.2802660753880266,0.2802660753880266,0.1583148558758315,0.2811529933481153
0.28224381625441697,0.2787102473498233,0.15371024734982333,0.28533568904593637
0.28515454941227686,0.27731824118415327,0.15585546364823682,0.28167174575533305
0.28773168578993824,0.2828773168578994,0.1526919682259488,0.2766990291262136
0.2913763066202091,0.2787456445993031,0.15548780487804878,0.27439024390243905
0.2872855257369116,0.28244610646722396,0.15750109986801583,0.27276726792784867
0.28715919085312225,0.2700087950747581,0.16051011433597184,0.28232189973614774
0.2913732394366197,0.2658450704225352,0.15977112676056338,0.2830105633802817
0.2957931638913234,0.26643295354951796,0.16170026292725678,0.27607361963190186
0.28891820580474936,0.2669305189094107,0.1644678979771328,0.2796833773087071
0.29571303587051617,0.2664041994750656,0.16272965879265092,0.2751531058617673
0.2939885914874945,0.2685388328214129,0.15796401930671347,0.2795085563843791
0.28812056737588654,0.262854609929078,0.16489361702127658,0.2841312056737589
0.28383128295254834,0.2618629173989455,0.1695957820738137,0.28471001757469244
0.2848378615249781,0.2567922874671341,0.17046450482033304,0.28790534618755476
0.2891725352112676,0.2539612676056338,0.1698943661971831,0.2869718309859155
0.2857775808595481,0.2583074878156845,0.16659282233052725,0.28932210899424016
0.286156567890314,0.25961963732861565,0.16364440513047324,0.2905793896505971
0.2840210711150132,0.2664618086040386,0.16637401229148377,0.28314310798946446
0.282389108476065,0.2722880983750549,0.16161616161616163,0.28370663153271847
0.27403846153846156,0.2749125874125874,0.16302447552447552,0.2880244755244755
0.27760393383996423,0.27358068842199373,0.16003576218149307,0.28877961555654896
0.2831272084805654,0.26943462897526504,0.16210247349823323,0.28533568904593637
0.2787028921998247,0.268624014022787,0.16213847502191062,0.29053461875547765
0.2677234698370762,0.2800528401585205,0.16512549537648613,0.2870981946279172
0.2710816777041943,0.2772626931567329,0.16158940397350993,0.2900662251655629
0.2706401766004415,0.2803532008830022,0.16158940397350993,0.28741721854304636
0.26672535211267606,0.2869718309859155,0.1624119718309859,0.28389084507042256
0.2697921273772667,0.2830605926581159,0.16231755860238833,0.2848297213622291
0.2648221343873518,0.2828282828282828,0.16205533596837945,0.2902942468159859
0.26499118165784835,0.281305114638448,0.16181657848324515,0.29188712522045857
0.2640597539543058,0.28075571177504394,0.163884007029877,0.29130052724077327
0.261443661971831,0.28213028169014087,0.16549295774647887,0.2909330985915493
0.26359649122807016,0.28421052631578947,0.16798245614035087,0.28421052631578947
0.25766871165644173,0.2817703768624014,0.17177914110429449,0.2887817703768624
0.261558784676354,0.2857771906649053,0.16468516072214884,0.28797886393659183
0.262621789193977,0.29052258635961026,0.16076173604960142,0.2860938883968113
0.2677165354330709,0.29308836395450566,0.157917760279965,0.28127734033245844
0.2654049295774648,0.29313380281690143,0.15889084507042253,0.28257042253521125
0.26564551422319477,0.29277899343544855,0.16061269146608315,0.28096280087527353
0.2718150087260035,0.2918848167539267,0.1531413612565445,0.2831588132635253
0.2718016821602479,0.29349269588313415,0.15670650730411687,0.2779991146525011
0.26728723404255317,0.29521276595744683,0.1524822695035461,0.2850177304964539
0.27043747238179405,0.2903225806451613,0.15024304021210783,0.2889969067609368
0.2725274725274725,0.28615384615384615,0.1498901098901099,0.2914285714285714
0.28206258263552225,0.29219920669898636,0.14455707360070516,0.28118113706478626
0.2786813186813187,0.28835164835164834,0.15384615384615385,0.27912087912087913
0.2782152230971129,0.2909011373578303,0.15179352580927383,0.279090113735783
0.282141290039491,0.2913558578323826,0.15269855199648968,0.2738043001316367
0.28068631764188295,0.29080510338759347,0.1561812582490101,0.27232732072151344
0.27522935779816515,0.290519877675841,0.15683704674530363,0.27741371778069024
0.2710975076519458,0.29995627459554003,0.15435067774376912,0.2745955400087451
0.2740026304252521,0.29986847873739586,0.15344147303814118,0.27268741779921085
0.26751313485113837,0.29859894921190894,0.1606830122591944,0.2732049036777583
0.2653421633554084,0.29668874172185433,0.16070640176600443,0.2772626931567329
0.2623674911660777,0.303886925795053,0.15636042402826855,0.2773851590106007
0.2628120893561104,0.30223390275952694,0.15724923346473937,0.2777047744196233
0.26380368098159507,0.3041191936897458,0.15775635407537247,0.2743207712532866
0.26768558951965066,0.30305676855895197,0.15807860262008733,0.27117903930131004
0.2695690413368514,0.2990325417766051,0.16182937554969218,0.2695690413368514
0.27240773286467485,0.29437609841827767,0.16036906854130054,0.2728471001757469
0.27461368653421636,0.29050772626931565,0.16026490066225166,0.27461368653421636
0.27405764966740576,0.2869179600886918,0.15521064301552107,0.2838137472283814
0.2796985815602837,0.2872340425531915,0.14760638297872342,0.2854609929078014
0.27636203866432335,0.28339191564147626,0.14762741652021089,0.29261862917398945
0.2786309784993418,0.2830188679245283,0.1439227731461167,0.29442738043001315
0.27989371124889284,0.2865367581930912,0.14260407440212577,0.29096545615589015
0.2782646801051709,0.28352322524101664,0.14329535495179668,0.29491673970201576
0.27753496503496505,0.2888986013986014,0.13942307692307693,0.29414335664335667
0.27336244541484717,0.2873362445414847,0.13755458515283842,0.3017467248908297
0.27672679278486584,0.28596568411790585,0.1372635283765948,0.30004399472063353
0.2779482683033757,0.28803156510302497,0.13590530469092504,0.2981148619026743
0.28036971830985913,0.2909330985915493,0.1368838028169014,0.2918133802816901
0.282311424790472,0.2893692104102338,0.13586237318041464,0.29245699161887956
0.2794437201216862,0.2950890916992612,0.13776618861364623,0.28770099956540635
0.2753623188405797,0.2946859903381642,0.13921826965305226,0.2907334211682038
0.2814159292035398,0.2911504424778761,0.13849557522123893,0.28893805309734516
0.2801402893467777,0.29767645769399387,0.13897413415168786,0.28320911880754057
0.28389084507042256,0.28169014084507044,0.14084507042253522,0.2935739436619718
0.28180212014134276,0.2857773851590106,0.1417844522968198,0.29063604240282687
0.27590730214254483,0.2859641451683428,0.14866637516397027,0.2894621775251421
0.2762577228596646,0.28640776699029125,0.14518976169461606,0.2921447484554281
0.27336860670194,0.29541446208112876,0.14682539682539683,0.2843915343915344
0.27448397013614406,0.2894158981115503,0.15019762845849802,0.2859025032938076
0.2703768624014023,0.2892199824715162,0.1476774758983348,0.2927256792287467
0.265929203539823,0.29557522123893804,0.14380530973451328,0.29469026548672567
0.262854609929078,0.29521276595744683,0.14627659574468085,0.29565602836879434
0.2659947414548642,0.29053461875547765,0.14636283961437335,0.2971078001752848
0.27049539675580886,0.283647523016221,0.14993423936869793,0.29592284085927223
0.2680683311432326,0.28252299605781866,0.14586070959264127,0.3035479632063075
0.2662852112676056,0.28433098591549294,0.14700704225352113,0.3023767605633803
0.26820758831225466,0.2839075447012647,0.14609681639773223,0.30178805058874836
0.26897470039946736,0.2867288060363959,0.14203284509542832,0.3022636484687084
0.2660831509846827,0.28796498905908097,0.14792122538293218,0.29803063457330414
0.26909569798068483,0.276558384547849,0.14837576821773485,0.30597014925373134
0.26751313485113837,0.28458844133099825,0.14579684763572678,0.3021015761821366
0.26672535211267606,0.28389084507042256,0.14744718309859156,0.3019366197183099
0.2653421633554084,0.2865342163355408,0.14834437086092717,0.2997792494481236
0.2642919964819701,0.28188214599824096,0.1503957783641161,0.3034300791556728
0.27090592334494773,0.27656794425087106,0.14939024390243902,0.30313588850174217
0.2706401766004415,0.27196467991169976,0.15143487858719648,0.30596026490066225
0.2706866197183099,0.2755281690140845,0.15140845070422534,0.3023767605633803
0.2698412698412698,0.2791005291005291,0.15167548500881833,0.2993827160493827
0.2745525971191619,0.276298559580969,0.14927979048450457,0.29986905281536447
0.27924362357080035,0.2796833773087071,0.14731750219876869,0.2937554969217238
0.2807250221043324,0.27276746242263483,0.14456233421750664,0.3019451812555261
0.2786309784993418,0.27643703378674855,0.14304519526107942,0.3018867924528302
0.26705048715677593,0.2745792736935341,0.1483613817537644,0.3100088573959256
0.2738770170082861,0.2660270388137811,0.14696903619712168,0.31312690798081116
0.2736141906873614,0.258980044345898,0.14811529933481152,0.31929046563192903
0.2724890829694323,0.2593886462882096,0.14192139737991266,0.3262008733624454
0.27280701754385966,0.256140350877193,0.1442982456140351,0.3267543859649123
0.2754650132860939,0.2533215234720992,0.14526129317980513,0.3259521700620018
0.2786813186813187,0.24615384615384617,0.14461538461538462,0.33054945054945056
0.27807017543859647,0.24342105263157895,0.1442982456140351,0.33421052631578946
0.2840262582056893,0.24157549234135667,0.14398249452954048,0.3304157549234136
0.28957871396895785,0.23813747228381374,0.14412416851441243,0.328159645232816
0.2816593886462882,0.24192139737991267,0.15021834061135372,0.3262008733624454
0.2719298245614035,0.2442982456140351,0.15394736842105264,0.3298245614035088
0.2737306843267108,0.24282560706401765,0.15584988962472407,0.3275938189845475
0.277284826974268,0.2422360248447205,0.15838509316770186,0.3220940550133097
