R,A,S,N
1.0,0.0,0.0,0.0
0.75,0.25,0.0,0.0
0.6666666666666666,0.3333333333333333,0.0,0.0
0.6875,0.3125,0.0,0.0
0.6785714285714286,0.25,0.0,0.07142857142857142
0.5882352941176471,0.29411764705882354,0.0392156862745098,0.0784313725490196
0.5185185185185185,0.3333333333333333,0.04938271604938271,0.09876543209876543
0.5196850393700787,0.3464566929133858,0.03937007874015748,0.09448818897637795
0.4861878453038674,0.36464088397790057,0.06077348066298342,0.08839779005524862
0.44672131147540983,0.38934426229508196,0.05327868852459016,0.11065573770491803
0.4427710843373494,0.3704819277108434,0.07228915662650602,0.1144578313253012
0.4073226544622426,0.37986270022883295,0.08924485125858124,0.12356979405034325
0.4014336917562724,0.36200716845878134,0.10215053763440861,0.13440860215053763
0.3942857142857143,0.35285714285714287,0.11571428571428571,0.13714285714285715
0.36341756919374246,0.35499398315282793,0.1407942238267148,0.1407942238267148
0.3462301587301587,0.3382936507936508,0.15674603174603174,0.15873015873015872
0.3401015228426396,0.3409475465313029,0.16412859560067683,0.1548223350253807
0.32216298552932215,0.3313023610053313,0.1805026656511805,0.16603198781416603
0.3243060257278267,0.3263371699390657,0.18618821936357483,0.16316858496953285
0.31893892658852563,0.33066008636644045,0.19370758790869833,0.1566933991363356
0.31179138321995464,0.3333333333333333,0.20408163265306123,0.15079365079365079
0.3102150537634409,0.3247311827956989,0.2075268817204301,0.1575268817204301
0.30692575984055803,0.3303437967115097,0.20827105132037868,0.15445939212755355
0.30484877580412867,0.33221315410465674,0.21315410465674509,0.1497839654344695
0.2980410447761194,0.33722014925373134,0.21175373134328357,0.15298507462686567
0.29505220154335,0.3395369950068089,0.20971402632773492,0.15569677712210622
0.2952295229522952,0.3402340234023402,0.21017101710171018,0.15436543654365437
0.2963780918727915,0.33127208480565373,0.21157243816254417,0.1607773851590106
0.2886917960088692,0.33835920177383594,0.21596452328159646,0.15698447893569845
0.2872855257369116,0.33919929608446986,0.21557413110426749,0.15794104707435108
0.28777923784494086,0.33508541392904073,0.21681997371879105,0.16031537450722733
0.27821869488536155,0.34171075837742504,0.21649029982363316,0.16358024691358025
0.2785651018600531,0.3436669619131975,0.2112488928255093,0.16651904340124005
0.2791519434628975,0.3423144876325088,0.20936395759717313,0.1691696113074205
0.2796985815602837,0.33865248226950356,0.20966312056737588,0.17198581560283688
0.27677390921110623,0.3494931687968268,0.20978404583516969,0.16394887615689732
0.28185840707964605,0.33584070796460175,0.21371681415929203,0.16858407079646018
0.28075571177504394,0.3396309314586995,0.2117750439367311,0.1678383128295255
0.27763041556145,0.33819628647214856,0.20999115826702033,0.17418213969938107
0.2724890829694323,0.3475982532751092,0.2109170305676856,0.16899563318777291
0.27702407002188184,0.3466083150984683,0.2087527352297593,0.16761487964989058
0.27876106194690264,0.3420353982300885,0.2097345132743363,0.16946902654867257
0.2775098640946953,0.3428320911880754,0.20692678649715038,0.17273125822007893
0.27578574590526783,0.3399734395750332,0.20761398849048252,0.17662682602921648
0.2708150744960561,0.3426818580192813,0.20990359333917616,0.1765994741454864
0.26848591549295775,0.34286971830985913,0.20906690140845072,0.1795774647887324
0.26657824933687,0.33819628647214856,0.21352785145888595,0.1816976127320955
0.2639193336256028,0.33581762384918895,0.21569487067075843,0.1845681718544498
0.26292725679228746,0.338737949167397,0.21647677475898336,0.18185801928133216
0.25485865724381623,0.33613074204946997,0.21996466431095407,0.18904593639575973
0.2623239436619718,0.3274647887323944,0.22139084507042253,0.18882042253521128
0.2610989010989011,0.3279120879120879,0.21978021978021978,0.1912087912087912
0.2615996464869642,0.32655766681396375,0.21873619089703933,0.1931064958020327
0.25730735163861823,0.3232949512843224,0.2267493356953056,0.19264836138175376
0.26857142857142857,0.3208791208791209,0.22373626373626374,0.18681318681318682
0.2755281690140845,0.31778169014084506,0.21963028169014084,0.18705985915492956
0.2713656387665198,0.3246696035242291,0.2145374449339207,0.1894273127753304
0.2662565905096661,0.3339191564147627,0.2095782073813708,0.19024604569420034
0.26831421006178285,0.3300970873786408,0.21624007060900266,0.1853486319505737
0.26989010989010986,0.33274725274725275,0.2123076923076923,0.18505494505494505
0.2688077430708315,0.33128024637043557,0.21161460624725034,0.18829740431148262
0.2687937062937063,0.32473776223776224,0.21634615384615385,0.19012237762237763
0.27067014795474326,0.32463011314186246,0.21322889469103568,0.19147084421235858
0.27055241409308395,0.3284036537625054,0.21357111787733798,0.18747281426707263
0.27028218694885364,0.32848324514991184,0.21252204585537918,0.18871252204585537
0.27516483516483514,0.3252747252747253,0.21142857142857144,0.18813186813186814
0.27240773286467485,0.3242530755711775,0.21353251318101935,0.18980667838312829
0.2699172834131476,0.32259468872442315,0.21811057901610797,0.1893774488463213
0.26468010517090274,0.32865907099035935,0.2147239263803681,0.19193689745836984
0.26350752878653677,0.3317094774136404,0.21302037201062887,0.19176262178919398
0.2648861646234676,0.3279334500875657,0.2149737302977233,0.19220665499124343
0.27055241409308395,0.3240539364941279,0.21748586341887777,0.1879077859939104
0.2641758241758242,0.3208791208791209,0.2189010989010989,0.19604395604395605
0.2646411272567151,0.31836195508586523,0.22060766182298547,0.19638925583443417
0.2703768624014023,0.31551270815074495,0.21384750219106047,0.2002629272567923
0.26887417218543047,0.3143487858719647,0.21368653421633554,0.20309050772626933
0.2683355292050944,0.310935441370224,0.2178304787000439,0.2028985507246377
0.2652697280427998,0.3120820329915292,0.2171199286669639,0.20552831029870708
0.25935711140466755,0.3152796125055042,0.21532364597093792,0.21003963011889035
0.2567269519188355,0.30877812086457873,0.22099691221879136,0.21349801499779444
0.25440140845070425,0.3089788732394366,0.22139084507042253,0.21522887323943662
0.2576873105240364,0.3109571242962321,0.21957557384148982,0.21177999133824166
0.25793650793650796,0.30864197530864196,0.2156084656084656,0.21781305114638447
0.262144420131291,0.31159737417943106,0.20481400437636763,0.2214442013129103
0.2595352915387988,0.30951337132836476,0.2073651907058308,0.2235861464270057
0.2659947414548642,0.30017528483786154,0.20683610867659946,0.22699386503067484
0.2619360490582567,0.29916776171703896,0.202365308804205,0.23653088042049936
0.26461538461538464,0.2927472527472528,0.20351648351648352,0.23912087912087912
0.2708516242317823,0.2976294995610184,0.19754170324846357,0.23397717295873574
0.26950043821209463,0.2971078001752848,0.19938650306748465,0.23400525854513585
0.265666372462489,0.30406001765225066,0.18976169461606354,0.24051191526919682
0.2619257950530035,0.30697879858657245,0.18330388692579505,0.247791519434629
0.26015901060070673,0.3030035335689046,0.18992932862190812,0.24690812720848057
0.2617273125822008,0.3038141166155195,0.19114423498465585,0.24331433581762385
0.2571428571428571,0.3054945054945055,0.19296703296703296,0.2443956043956044
0.26255506607929513,0.30176211453744495,0.19162995594713655,0.24405286343612334
0.25824901011878576,0.3035635723713154,0.19313682358117026,0.24505059392872855
0.25242290748898677,0.2986784140969163,0.19823788546255505,0.25066079295154187
0.2541484716157205,0.2995633187772926,0.19563318777292577,0.25065502183406113
0.25210084033613445,0.29677134011499334,0.19991154356479435,0.25121627598407786
0.25405168637757336,0.29785370127025845,0.19491896627244854,0.25317564607971965
0.25543237250554324,0.2975609756097561,0.20133037694013303,0.24567627494456762
0.25807860262008736,0.2873362445414847,0.2034934497816594,0.25109170305676853
0.26225919439579687,0.28896672504378285,0.19964973730297722,0.2491243432574431
0.2632955536181343,0.27898866608544026,0.2009590235396687,0.25675675675675674
0.260352422907489,0.2775330396475771,0.2066079295154185,0.2555066079295154
0.26343612334801764,0.27665198237885463,0.19647577092511012,0.26343612334801764
0.2640176600441501,0.27593818984547464,0.20132450331125828,0.258719646799117
0.26285714285714284,0.2826373626373626,0.19428571428571428,0.2602197802197802
0.2646017699115044,0.2778761061946903,0.19469026548672566,0.2628318584070796
0.26555652936021035,0.27256792287467135,0.19675723049956179,0.2651183172655565
0.265817223198594,0.2662565905096661,0.1999121265377856,0.2680140597539543
0.26107942079859586,0.2663448881088197,0.19964896884598507,0.27292672224659936
0.2649270234409553,0.26758071649712517,0.19504643962848298,0.2724458204334365
0.265234546251644,0.26830337571240687,0.19289785181937746,0.27356422621657167
0.2646928855501547,0.26734423331860363,0.19531595227574017,0.27264692885550157
0.2642919964819701,0.26868953386103783,0.19700967458223395,0.2700087950747581
0.2646411272567151,0.2677234698370762,0.19903126376045796,0.26860413914575076
0.26983435047951176,0.26242371403661724,0.1948561464690497,0.2728857890148213
0.2668428005284016,0.2624394539850286,0.19947159841479525,0.2712461470717745
0.26940035273368607,0.26763668430335097,0.20105820105820105,0.2619047619047619
0.26842105263157895,0.2600877192982456,0.20175438596491227,0.26973684210526316
0.26815398075240593,0.2668416447944007,0.19597550306211722,0.2690288713910761
0.26945054945054947,0.2672527472527473,0.19516483516483515,0.2681318681318681
0.26849800620292424,0.26495347806823216,0.1949490474080638,0.2715994683207798
0.27060379021595415,0.2622300572939621,0.1974438078448656,0.26972234464521816
0.2682926829268293,0.2607538802660754,0.1982261640798226,0.2727272727272727
0.26955002184359983,0.25688073394495414,0.19877675840978593,0.2747924858016601
0.2741364038972542,0.25597874224977857,0.20194862710363154,0.2679362267493357
0.2800710164225477,0.25255215268530845,0.2010652463382157,0.2663115845539281
0.2784365393061045,0.24681598594642074,0.20421607378129117,0.27053140096618356
0.2846458424989001,0.24725032996040475,0.19885613726352838,0.2692476902771667
0.2826373626373626,0.24879120879120878,0.20131868131868133,0.2672527472527473
0.27860915492957744,0.24867957746478872,0.20862676056338028,0.2640845070422535
0.2748460861917326,0.24758135444151275,0.21591908531222515,0.2616534740545295
0.2777284826974268,0.24578527062999111,0.21827861579414373,0.25820763087843834
0.2777292576419214,0.25327510917030566,0.21441048034934498,0.254585152838428
0.2754517408550022,0.25165271044513,0.21771705597179375,0.255178492728074
0.2736471623405191,0.2503299604047514,0.22041355037395513,0.2556093268807743
0.2714160839160839,0.24825174825174826,0.22814685314685315,0.2521853146853147
0.2721297107800175,0.2537248028045574,0.22962313759859773,0.24452234881682736
0.27604395604395604,0.24615384615384617,0.22813186813186814,0.24967032967032968
0.2787102473498233,0.24514134275618374,0.2248233215547703,0.2513250883392226
0.27380952380952384,0.2447089947089947,0.2222222222222222,0.25925925925925924
0.27376259307928164,0.2395970214629873,0.2290845378887429,0.2575558475689882
0.2773626373626374,0.23648351648351648,0.229010989010989,0.2571428571428571
0.2796312554872695,0.23617208077260754,0.2295873573309921,0.2546093064091308
0.2729693741677763,0.2365734576120728,0.22991566799822458,0.26054150022192635
0.27147918511957486,0.23427812223206376,0.22984942426926483,0.26439326837909655
0.2727272727272727,0.23364075537988582,0.22968818620992534,0.2639437856829161
0.274835886214442,0.22932166301969364,0.22844638949671772,0.2673960612691466
0.27296587926509186,0.2279090113735783,0.22878390201224846,0.27034120734908135
0.27408056042031526,0.22810858143607707,0.22548161120840632,0.2723292469352014
0.2762114537444934,0.22687224669603523,0.22687224669603523,0.27004405286343613
0.27768014059753954,0.22627416520210897,0.22583479789103691,0.2702108963093146
0.2822193097422455,0.2214941022280472,0.22498907820008737,0.2712975098296199
0.2803328953131844,0.22733245729303547,0.2233902759526938,0.2689443714410863
0.2859025032938076,0.22924901185770752,0.22134387351778656,0.2635046113306983
0.2803198578409596,0.23278542869835628,0.21723678365171034,0.2696579298089738
0.28087912087912087,0.2334065934065934,0.21186813186813186,0.27384615384615385
0.28452797202797203,0.23251748251748253,0.21197552447552448,0.270979020979021
0.27998236331569665,0.2310405643738977,0.21516754850088182,0.27380952380952384
0.2805251641137856,0.22582056892778993,0.2210065645514223,0.2726477024070022
0.28371278458844135,0.22416812609457093,0.22110332749562173,0.271015761821366
0.28471309680245294,0.22382829610162067,0.21857205431449847,0.2728865527814279
0.2815916047223437,0.22824661128115434,0.2164407520769567,0.2737210319195453
0.2824661128115435,0.22824661128115434,0.2190642763445562,0.270222999562746
0.28654188948306597,0.21524064171122995,0.22237076648841356,0.2758467023172905
0.2792236435818262,0.2218791354212616,0.2262902514336127,0.2726069695632995
0.2838196286472148,0.21706454465075153,0.22590627763041557,0.27320954907161804
0.28084918177797435,0.21406457319770014,0.22998673153471916,0.2750995134896064
0.2830188679245283,0.20842474769635805,0.23387450636243967,0.274681878016674
0.27530541012216403,0.21422338568935428,0.23516579406631763,0.27530541012216403
0.2725274725274725,0.21406593406593408,0.2320879120879121,0.2813186813186813
0.27529095792300806,0.21396598030438674,0.23724261414503134,0.27350044762757386
0.27824175824175823,0.21318681318681318,0.23384615384615384,0.27472527472527475
0.2792122538293217,0.21838074398249452,0.2363238512035011,0.2660831509846827
0.271523178807947,0.22030905077262694,0.23576158940397351,0.27240618101545255
0.27526132404181186,0.21733449477351915,0.23606271777003485,0.27134146341463417
0.27224669603524226,0.21806167400881057,0.2365638766519824,0.27312775330396477
0.2720556279878314,0.2199043893959148,0.2368535419382877,0.2711864406779661
0.27252453166815344,0.2149866190900981,0.23639607493309545,0.276092774308653
0.2789982425307557,0.218804920913884,0.23110720562390158,0.2710896309314587
0.2809233449477352,0.22560975609756098,0.2304006968641115,0.26306620209059234
0.27943760984182775,0.2218804920913884,0.23681898066783832,0.2618629173989455
0.2772146319964742,0.2238871749669458,0.2362274129572499,0.2626707800793301
0.2752858399296394,0.22427440633245382,0.23702726473175023,0.26341248900615655
0.27149716281099956,0.22828459188127456,0.24312527280663465,0.2570929725010912
0.2765673632725656,0.22409959982214317,0.24099599822143175,0.2583370386838595
0.27890556045895853,0.23168578993821712,0.23874669020300088,0.2506619593998235
0.2772626931567329,0.23222958057395143,0.23620309050772628,0.2543046357615894
0.27015057573073514,0.23604960141718334,0.24269264836138174,0.25110717449069975
0.26906028368794327,0.2375886524822695,0.24335106382978725,0.25
0.2646017699115044,0.23893805309734514,0.2336283185840708,0.2628318584070796
0.26848591549295775,0.23371478873239437,0.2367957746478873,0.26100352112676056
0.2708333333333333,0.23448581560283688,0.23138297872340424,0.2632978723404255
0.2798064232292125,0.22921249450065992,0.22657281126264847,0.2644082710074791
0.27570921985815605,0.23359929078014185,0.2220744680851064,0.26861702127659576
0.27436347673397715,0.233099209833187,0.2212467076382792,0.2712906057945566
0.278341420379356,0.23114247904719895,0.22364358182620203,0.26687251874724305
0.28031634446397186,0.23462214411247803,0.21924428822495606,0.265817223198594
0.2748460861917326,0.23526824978012312,0.22251539138082674,0.2673702726473175
0.27566622979467015,0.23853211009174313,0.22280471821756226,0.26299694189602446
0.2741652021089631,0.2398945518453427,0.21968365553602812,0.2662565905096661
0.27099911582670205,0.23784261715296198,0.22369584438549955,0.26746242263483644
0.27192205491585475,0.23649247121346323,0.22143489813994685,0.27015057573073514
0.2772626931567329,0.23399558498896247,0.22163355408388521,0.2671081677704194
0.28171478565179353,0.2331583552055993,0.2226596675415573,0.26246719160104987
0.2768287341217696,0.2413491020586947,0.22032413491020586,0.2614980289093298
0.27444933920704845,0.2365638766519824,0.22555066079295155,0.26343612334801764
0.2709251101321586,0.24361233480176211,0.22819383259911893,0.25726872246696036
0.26598579040852577,0.25044404973357015,0.22735346358792186,0.2562166962699822
0.2665198237885463,0.24361233480176211,0.2277533039647577,0.2621145374449339
0.2646669607410675,0.24614027348919276,0.22805469783855314,0.2611380679311866
0.2695883134130146,0.24391323594510844,0.22399291722000886,0.2625055334218681
0.27437141596823994,0.2434936038817821,0.22540802823114248,0.2567269519188355
0.27053140096618356,0.2450592885375494,0.22924901185770752,0.2551602986385595
0.27053140096618356,0.24242424242424243,0.22837066315327184,0.25867369345630215
0.27104451300132215,0.24548259144997797,0.22961657117672984,0.25385632437197003
0.27344782034346105,0.24658740642888596,0.2280933509467195,0.2518714222809335
0.273576512455516,0.24288256227758007,0.23354092526690393,0.25
0.26834659593280286,0.2480106100795756,0.22811671087533156,0.25552608311229
0.27180616740088104,0.2511013215859031,0.22246696035242292,0.25462555066079295
0.26455026455026454,0.25308641975308643,0.2257495590828924,0.2566137566137566
0.25485008818342153,0.2517636684303351,0.23236331569664903,0.26102292768959434
0.2596660808435852,0.2478031634446397,0.22495606326889278,0.26757469244288223
0.25823451910408435,0.24857268335529206,0.2274923144488362,0.26570048309178745
0.26255506607929513,0.24405286343612334,0.23083700440528634,0.26255506607929513
0.25895196506550217,0.2462882096069869,0.23231441048034934,0.26244541484716155
0.25589519650655024,0.24323144104803493,0.2314410480349345,0.2694323144104803
0.2620202911336568,0.2439347154830172,0.23114247904719895,0.26290251433612705
0.26225165562913905,0.24150110375275938,0.23134657836644593,0.26490066225165565
0.25451343020695727,0.2426243945398503,0.23601937472479084,0.2668428005284016
0.2574345317354638,0.24101198402130491,0.23612960497114957,0.26542387927208166
0.2574610244988864,0.23964365256124723,0.2423162583518931,0.26057906458797325
0.25806451612903225,0.24193548387096775,0.24847428073234526,0.25152571926765477
0.2609078889378581,0.24283825473776993,0.24195680916703394,0.25429704715733803
0.26406926406926406,0.23852813852813853,0.24242424242424243,0.25497835497835497
0.2650285212812637,0.24001755155770074,0.24440544098288722,0.2505484861781483
0.26130873956960915,0.24549846288976723,0.24549846288976723,0.24769433465085638
0.25528169014084506,0.24515845070422534,0.24691901408450703,0.25264084507042256
0.25320371188687585,0.23862129916040653,0.2545293857711003,0.25364560318161733
0.2567269519188355,0.23775915306572562,0.2571680635200706,0.24834583149536832
0.2559893522626442,0.23868677905944988,0.2528837622005324,0.2524401064773736
0.2599020916777926,0.2421005785491767,0.24833110814419226,0.24966622162883845
0.25253415601586604,0.24239753195240193,0.250771264874394,0.25429704715733803
0.25241016652059595,0.2432077125328659,0.2532865907099036,0.25109553023663456
0.2507699076110867,0.24901011878574572,0.2503299604047514,0.2498900131984162
0.24933920704845816,0.2511013215859031,0.25066079295154187,0.2488986784140969
0.24923076923076923,0.24703296703296704,0.2518681318681319,0.2518681318681319
0.2517699115044248,0.24469026548672565,0.252212389380531,0.2513274336283186
0.2528888888888889,0.24177777777777779,0.25733333333333336,0.248
0.24835454146555508,0.2387011847301448,0.2628345765686705,0.25010969723562965
0.24856512141280354,0.2401766004415011,0.2671081677704194,0.24415011037527592
0.2491243432574431,0.23555166374781086,0.2723292469352014,0.24299474605954466
0.24759405074365703,0.23403324584426946,0.2799650043744532,0.2384076990376203
0.2503293807641634,0.23144488361879667,0.28019323671497587,0.23803249890206413
0.2523076923076923,0.2356043956043956,0.2773626373626374,0.2347252747252747
0.2528684907325684,0.2325684024713151,0.2766990291262136,0.23786407766990292
0.2496685815289439,0.23199292973928415,0.2770658418029165,0.2412726469288555
0.2523158359064843,0.22981914424349362,0.27481252756947505,0.24305249228054698
0.2602921646746348,0.22266489597166889,0.27445772465692786,0.24258521469676847
0.2621145374449339,0.22687224669603523,0.2643171806167401,0.24669603524229075
0.25530035335689044,0.22835689045936397,0.2667844522968198,0.2495583038869258
0.2568888888888889,0.22755555555555557,0.2648888888888889,0.25066666666666665
0.25602805786935556,0.23147742218325296,0.26742656729504605,0.24506795265234546
0.2593242650285213,0.23211935059236508,0.2676612549363756,0.24089512944273805
0.25198237885462554,0.23083700440528634,0.273568281938326,0.24361233480176211
0.2495583038869258,0.23454063604240283,0.2676678445229682,0.24823321554770317
0.2507685551163812,0.22705314009661837,0.2696530522617479,0.25252525252525254
0.24496056091148116,0.22567922874671342,0.27607361963190186,0.2532865907099036
0.24988962472406182,0.2269315673289183,0.27240618101545255,0.2507726269315673
0.2503276539973788,0.23503713411970292,0.2699868938401048,0.24464831804281345
0.24944812362030905,0.23885209713024283,0.269757174392936,0.24194260485651214
0.2595048629531388,0.23474801061007958,0.26480990274093724,0.2409372236958444
0.25930851063829785,0.22872340425531915,0.2699468085106383,0.24202127659574468
0.2601232394366197,0.23459507042253522,0.2605633802816901,0.24471830985915494
0.25398936170212766,0.2322695035460993,0.26728723404255317,0.24645390070921985
0.2575221238938053,0.22743362831858407,0.26548672566371684,0.24955752212389382
0.26083072800357304,0.22956677087985708,0.2599374720857526,0.24966502903081733
0.2594547053649956,0.23087071240105542,0.26077396657871593,0.24890061565523308
0.2528888888888889,0.2351111111111111,0.2644444444444444,0.24755555555555556
0.25584472871636527,0.23864137626819584,0.25981473312748127,0.24569916188795765
0.2528483786152498,0.23707274320771254,0.2607361963190184,0.24934268185801928
0.24738219895287958,0.24171029668411867,0.26221640488656195,0.2486910994764398
0.2516703786191537,0.23652561247216036,0.26102449888641427,0.2507795100222717
0.24517543859649124,0.2337719298245614,0.2644736842105263,0.2565789473684211
0.23975319524019392,0.23931247245482593,0.2604671661524901,0.2604671661524901
0.24116877453118185,0.2363715656345399,0.26777147841255994,0.2546881814217183
0.2443956043956044,0.23384615384615384,0.2632967032967033,0.25846153846153846
0.24286341677646026,0.23671497584541062,0.2696530522617479,0.2507685551163812
0.24314919530230536,0.23923444976076555,0.27185732927359724,0.24575902566333188
0.24299474605954466,0.24299474605954466,0.26444833625218916,0.24956217162872155
0.2416077738515901,0.23763250883392226,0.2667844522968198,0.2539752650176678
0.24514134275618374,0.23807420494699646,0.26545936395759717,0.2513250883392226
0.24834874504623514,0.23910171730515192,0.26023778071334214,0.2523117569352708
0.25155004428697963,0.233392382639504,0.25863596102745795,0.25642161204605846
0.2514235654840123,0.23346473937801138,0.25492772667542707,0.26018396846254926
0.2476780185758514,0.23131357806280406,0.2605042016806723,0.2605042016806723
0.2521045635799734,0.23260965883916704,0.256092157731502,0.25919361984935757
0.2505465675557499,0.22868386532575427,0.26191517271534764,0.2588543944031482
0.249442213297635,0.22757697456492637,0.26193663543061135,0.26104417670682734
0.2514336127040141,0.22761358623731803,0.25893250992501105,0.2620202911336568
0.25066079295154187,0.226431718061674,0.2581497797356828,0.2647577092511013
0.2513111888111888,0.22377622377622378,0.25961538461538464,0.2652972027972028
0.2459016393442623,0.22330527248560036,0.2614089499335401,0.26938413823659724
0.24888888888888888,0.2248888888888889,0.2577777777777778,0.26844444444444443
0.24512411347517732,0.22606382978723405,0.25886524822695034,0.2699468085106383
0.24273580688421995,0.22619579794367456,0.25838176128743856,0.27268663388466696
0.2479047198941332,0.22320247022496692,0.2567269519188355,0.2721658579620644
0.253678109674543,0.22336156932679446,0.24921979491752116,0.27374052608114136
0.2501106684373617,0.2244355909694555,0.25143868968570166,0.2740150509074812
0.2413491020586947,0.22207621550591328,0.25711782742006134,0.2794568550153307
0.23771929824561402,0.22631578947368422,0.2548245614035088,0.28114035087719297
0.23293703214442976,0.22501100836635843,0.26023778071334214,0.2818141787758697
0.23822222222222222,0.23022222222222222,0.25466666666666665,0.2768888888888889
0.24340949033391915,0.22583479789103691,0.2561511423550088,0.27460456942003514
0.24478009773434029,0.2243447356730342,0.25721901377165707,0.27365615282096845
0.24681038275406952,0.22437307523097227,0.25736911570611526,0.27144742630884294
0.25044091710758376,0.21825396825396826,0.2583774250440917,0.27292768959435626
0.2454905411350638,0.21381434227892654,0.26176858776946765,0.278926528816542
0.24472759226713534,0.21221441124780316,0.2601054481546573,0.28295254833040423
0.24921979491752116,0.2139991083370486,0.253678109674543,0.2831029870708872
0.2485776805251641,0.21137855579868708,0.25733041575492344,0.2827133479212254
0.24373075230972283,0.21513418389793224,0.26044874615046193,0.28068631764188295
0.24151436031331594,0.21627502175805047,0.26240208877284593,0.27980852915578763
0.23961521644075207,0.2186270222999563,0.26278968080454745,0.2789680804547442
0.2366345311130587,0.21340929009640666,0.2703768624014023,0.27957931638913236
0.23767214571301643,0.21679253665037762,0.26388271879164815,0.2816525988449578
0.2384918895221394,0.21394125383603682,0.25822007891275756,0.2893467777290662
0.23384615384615384,0.21582417582417582,0.25934065934065936,0.290989010989011
0.2362758014931928,0.21826965305226176,0.25428194993412384,0.29117259552042163
0.24192139737991267,0.21790393013100437,0.2480349344978166,0.29213973799126636
0.2371766768960982,0.21525646646207802,0.2538360368259535,0.29373081981587024
0.23199292973928415,0.21608484312859036,0.2554131683605833,0.2965090587715422
0.23336252189141857,0.212784588441331,0.2565674255691769,0.29728546409807355
0.23273207215134184,0.21381434227892654,0.2630884293884734,0.29036515618125824
0.23175586023883238,0.21583370190181336,0.25785050862450243,0.29455992923485186
0.22797698096502877,0.21691013722886232,0.2580787959274015,0.2970340858787074
0.22158337019018134,0.21583370190181336,0.26536930561698363,0.29721362229102166
0.22065934065934065,0.2175824175824176,0.2703296703296703,0.2914285714285714
0.22440944881889763,0.21303587051618547,0.27121609798775154,0.29133858267716534
0.2237422771403354,0.21668137687555164,0.2709620476610768,0.2886142983230362
0.21685689201053557,0.22607550482879718,0.2655838454784899,0.2914837576821773
0.21816601477618427,0.22164276401564537,0.2633637548891786,0.29682746631899176
0.21729587357330993,0.22783143107989465,0.2603160667251975,0.29455662862159787
0.2222715173025732,0.2236024844720497,0.2608695652173913,0.2932564330079858
0.21758436944937834,0.22513321492007105,0.2664298401420959,0.2908525754884547
0.21225577264653642,0.2322380106571936,0.26243339253996445,0.29307282415630553
0.21347331583552057,0.22922134733158356,0.26290463692038496,0.29440069991251094
0.21670329670329672,0.2342857142857143,0.2571428571428571,0.2918681318681319
0.2157802964254577,0.23278116826503922,0.25937227550130776,0.2920662598081953
0.21665928223305272,0.22640673460345592,0.2565352237483385,0.30039875941515287
0.2192513368983957,0.22950089126559714,0.2531194295900178,0.29812834224598933
0.21936327954644572,0.22721325774095072,0.25861317051897076,0.2948102921936328
0.21585903083700442,0.22819383259911893,0.25682819383259914,0.29911894273127754
0.2175253192426244,0.2263320123293703,0.25495376486129456,0.3011889035667107
0.21756576014266607,0.22781988408381632,0.25590726705305394,0.29870708872046364
0.22066549912434325,0.22898423817863398,0.2543782837127846,0.29597197898423816
0.2260907888937858,0.2256500661084178,0.249889819303658,0.2983693256941384
0.22295225580376699,0.22120017520805957,0.25229960578186594,0.3035479632063075
0.22404614019520852,0.225377107364685,0.2484472049689441,0.3021295474711624
0.2212467076382792,0.23266022827041263,0.24714661984196665,0.2989464442493415
0.22383465259454705,0.23526824978012312,0.2484608619173263,0.29243623570800353
0.22344161545215102,0.22914837576821773,0.25021949078138717,0.2971905179982441
0.22634836427939875,0.22767462422634838,0.2484526967285588,0.2975243147656941
0.22558037669732808,0.22601839684625494,0.24923346473937802,0.29916776171703896
0.22665497588776853,0.22884699693117053,0.24287593160894344,0.3016220955721175
0.22556390977443608,0.22821760283060594,0.24148606811145512,0.30473241928350286
0.21935201401050788,0.23248686514886166,0.24168126094570927,0.3064798598949212
0.22105263157894736,0.2293859649122807,0.24035087719298245,0.3092105263157895
0.2236842105263158,0.22412280701754386,0.23991228070175438,0.312280701754386
0.22452580502867225,0.23114247904719895,0.23511248345831495,0.30921923246581384
0.22343681679055533,0.23174464363795366,0.23436816790555312,0.3104503716659379
0.23259911894273128,0.22555066079295155,0.23612334801762114,0.30572687224669604
0.2343612334801762,0.22687224669603523,0.2356828193832599,0.3030837004405286
0.23832599118942732,0.22466960352422907,0.23920704845814977,0.29779735682819386
0.23734037868780272,0.22545134302069572,0.23513870541611626,0.3020695728753853
0.23539668700959024,0.22493461203138623,0.24019180470793375,0.2994768962510898
0.23198594024604569,0.2179261862917399,0.2438488576449912,0.3062390158172232
0.23093777388255915,0.21998247151621383,0.23794916739702016,0.31113058720420683
0.22935779816513763,0.218435998252512,0.24464831804281345,0.3075578855395369
0.23366944322665498,0.21701008329679966,0.24156071898290224,0.3077597544936431
0.22535211267605634,0.22315140845070422,0.24031690140845072,0.31117957746478875
0.22978347326557666,0.22934158197083518,0.2328767123287671,0.30799823243482105
0.22919389978213509,0.2252723311546841,0.23877995642701524,0.3067538126361656
0.2327433628318584,0.2261061946902655,0.23539823008849559,0.30575221238938055
0.2373180414644905,0.22055580061755625,0.24084693427437143,0.30127922364358184
0.23534558180227472,0.21653543307086615,0.24453193350831146,0.30358705161854765
0.23803249890206413,0.22090469916556874,0.24286341677646026,0.2981993851559069
0.2395925597874225,0.22586359610274578,0.2409211691762622,0.2936226749335695
0.23905429071803852,0.22942206654991243,0.2425569176882662,0.28896672504378285
0.24075704225352113,0.22711267605633803,0.2438380281690141,0.28829225352112675
0.24022837066315328,0.22661396574440051,0.2450592885375494,0.28809837505489677
0.23380656610470274,0.23247559893522626,0.2511091393078971,0.2826086956521739
0.2339572192513369,0.23440285204991088,0.2557932263814617,0.2758467023172905
0.22978910369068542,0.22934973637961337,0.2548330404217926,0.28602811950790863
0.22924028268551236,0.23056537102473498,0.25485865724381623,0.28533568904593637
0.23039859833552342,0.22032413491020586,0.25711782742006134,0.29215943933420935
0.22428256070640176,0.2326710816777042,0.25386313465783666,0.2891832229580574
0.23012367491166077,0.23056537102473498,0.25220848056537104,0.2871024734982332
0.226431718061674,0.23348017621145375,0.24933920704845816,0.2907488986784141
0.22613286405631325,0.2278926528816542,0.2547294324681038,0.29124505059392874
0.22653862941946748,0.22522915757311218,0.2553470100392842,0.2928852029681362
0.2286343612334802,0.22466960352422907,0.2563876651982379,0.29030837004405285
0.2323943661971831,0.21610915492957747,0.2566021126760563,0.2948943661971831
0.23500666370502,0.21856952465570859,0.24966681474900043,0.29675699689027096
0.2379903040987219,0.22036139268400176,0.24856765094755398,0.29308065226972235
0.2455376578145407,0.2194166303874619,0.24902046147148454,0.2860252503265128
0.24779541446208111,0.2208994708994709,0.24911816578483245,0.2821869488536155
0.2464476021314387,0.21758436944937834,0.24822380106571937,0.2877442273534636
0.24868189806678384,0.22012302284710017,0.25,0.281195079086116
0.24426807760141092,0.2173721340388007,0.25440917107583777,0.2839506172839506
0.2398945518453427,0.22231985940246046,0.2561511423550088,0.28163444639718804
0.23738481790258886,0.2198332602018429,0.2628345765686705,0.27994734532689775
0.237117903930131,0.2183406113537118,0.26375545851528387,0.28078602620087334
0.23690004403346543,0.22148833113166005,0.2664024658740643,0.2752091589608102
0.23713154421469423,0.21953365596128466,0.2644082710074791,0.278926528816542
0.242184059885513,0.22148833113166005,0.2571554381329811,0.27917217084984586
0.23674911660777384,0.22217314487632508,0.26148409893992935,0.2795936395759717
0.2343612334801762,0.22246696035242292,0.26343612334801764,0.27973568281938327
0.23488168273444346,0.21998247151621383,0.26117440841367223,0.2839614373356705
0.23276983094928477,0.22280017338534894,0.2626788036410923,0.28175119202427396
0.2310070671378092,0.22879858657243815,0.25574204946996465,0.284452296819788
0.23019034971226207,0.23151837096060204,0.250996015936255,0.2872952633908809
0.23713154421469423,0.22437307523097227,0.24857017157941047,0.289925208974923
0.23642732049036777,0.2276707530647986,0.24649737302977234,0.28940455341506127
0.24,0.2246153846153846,0.2479120879120879,0.2874725274725275
0.24074074074074073,0.2244268077601411,0.24559082892416226,0.2892416225749559
0.23950508174988952,0.22624834290764473,0.24348210340256296,0.2907644719399028
0.2448532632501095,0.22426631625054752,0.23915900131406045,0.29172141918528255
0.2429453262786596,0.2292768959435626,0.23809523809523808,0.2896825396825397
0.2368881118881119,0.23382867132867133,0.2368881118881119,0.2923951048951049
0.23669159700835898,0.225692916849978,0.23713154421469423,0.30048394192696876
0.23748902546093065,0.23617208077260754,0.2295873573309921,0.2967515364354697
0.2408888888888889,0.23422222222222222,0.23066666666666666,0.2942222222222222
0.2402965547317924,0.23942433493240298,0.23157435673789795,0.28870475359790665
0.23721340388007053,0.24735449735449735,0.2275132275132275,0.2879188712522046
0.2369460289600702,0.24440544098288722,0.22992540587977184,0.28872312417727075
0.2388913330400352,0.24593048834139902,0.23273207215134184,0.28244610646722396
0.23637961335676624,0.2521968365553603,0.23198594024604569,0.27943760984182775
0.23752759381898456,0.24988962472406182,0.22958057395143489,0.28300220750551874
0.23583662714097497,0.2481335090030742,0.23803249890206413,0.2779973649538867
0.23713154421469423,0.2446106467223933,0.23405191377034756,0.2842058952925649
0.2353459673865139,0.24724548259145,0.23314235345967388,0.2842661965623623
0.2325886990801577,0.2474813841436706,0.23083661848445028,0.2890932982917214
0.2370403190075321,0.24811696942844483,0.22684980062029242,0.28799291094373064
0.23927465723131358,0.254312251216276,0.22202565236620964,0.2843874391862008
0.24008810572687225,0.2511013215859031,0.22555066079295155,0.28325991189427313
0.24789356984478936,0.2532150776053215,0.22394678492239467,0.2749445676274945
0.23601937472479084,0.2575957727873184,0.22589167767503301,0.2804931748128578
0.2395970214629873,0.2553657468243539,0.22514235654840123,0.27989487516425754
0.23943661971830985,0.2535211267605634,0.2266725352112676,0.28036971830985913
0.2402482269503546,0.2526595744680851,0.22739361702127658,0.2796985815602837
0.23956043956043957,0.2518681318681319,0.22989010989010988,0.2786813186813187
0.23614775725593667,0.2546174142480211,0.22163588390501318,0.287598944591029
0.23672566371681417,0.2535398230088496,0.2252212389380531,0.2845132743362832
0.23685373398144058,0.25673884224480775,0.2213875386654883,0.28501988510826337
0.23547671840354767,0.2572062084257206,0.22350332594235034,0.2838137472283814
0.23466666666666666,0.2568888888888889,0.22,0.28844444444444445
0.23778071334214002,0.2571554381329811,0.22280933509467196,0.28225451343020697
0.23973509933774834,0.2596026490066225,0.22339955849889626,0.2772626931567329
0.23640350877192984,0.2600877192982456,0.22631578947368422,0.2771929824561403
0.23888404533565824,0.26155187445510025,0.22057541412380122,0.27898866608544026
0.23692307692307693,0.2624175824175824,0.21934065934065933,0.2813186813186813
0.2429701230228471,0.26362038664323373,0.21133567662565905,0.2820738137082601
0.24210526315789474,0.2706140350877193,0.20964912280701756,0.2776315789473684
0.25055236411842685,0.26425099425541315,0.21520106053910737,0.26999558108705257
0.24758135444151275,0.26824978012313105,0.21635883905013192,0.2678100263852243
0.2495590828924162,0.2698412698412698,0.2173721340388007,0.26322751322751325
0.25076586433260395,0.26783369803063456,0.2175054704595186,0.26389496717724287
0.2532923617208077,0.271729587357331,0.218612818261633,0.25636523266022826
0.26246140273489194,0.2690780767534186,0.22099691221879136,0.2474636082928981
0.2636001769128704,0.27200353825740825,0.21494913754975675,0.24944714727996462
0.2704126426690079,0.26865671641791045,0.21071115013169447,0.25021949078138717
0.27091633466135456,0.2682602921646746,0.2089420097388225,0.2518813634351483
0.2756043956043956,0.26285714285714284,0.210989010989011,0.25054945054945055
0.2795031055900621,0.2559893522626442,0.20940550133096716,0.25510204081632654
0.28031634446397186,0.2557117750439367,0.2086994727592267,0.2552724077328647
0.2848324514991182,0.2508818342151676,0.20811287477954143,0.25617283950617287
0.28236853733981443,0.25055236411842685,0.21166593018117544,0.2554131683605833
0.2843352347520842,0.24396665204036858,0.21369021500658184,0.2580078982009653
0.2824360105913504,0.24933804060017653,0.20653133274492497,0.2616946160635481
0.2872340425531915,0.24512411347517732,0.20611702127659576,0.26152482269503546
0.28378378378378377,0.24891020052310375,0.2092414995640802,0.25806451612903225
0.28365384615384615,0.2534965034965035,0.20804195804195805,0.2548076923076923
0.28533568904593637,0.254416961130742,0.20892226148409895,0.2513250883392226
0.2822902796271638,0.25255215268530845,0.21482467820683532,0.25033288948069243
0.27627494456762747,0.24878048780487805,0.21862527716186253,0.25631929046563195
0.2769028871391076,0.24978127734033245,0.2204724409448819,0.25284339457567806
0.28590366769774633,0.24613345117101193,0.21873619089703933,0.24922669023420238
0.28313518273888155,0.25011008366358434,0.2175253192426244,0.24922941435490972
0.28777923784494086,0.2505475251861586,0.211125711782742,0.2505475251861586
0.2903939796370075,0.2474546259406817,0.20805666223992916,0.2540947321823816
0.29623059866962304,0.247450110864745,0.2164079822616408,0.23991130820399112
0.29565602836879434,0.2504432624113475,0.21453900709219859,0.2393617021276596
0.2982300884955752,0.24955752212389382,0.21017699115044247,0.2420353982300885
0.29846827133479215,0.25995623632385123,0.20350109409190373,0.23807439824945295
0.29352580927384075,0.25984251968503935,0.20559930008748906,0.2410323709536308
0.2918531781557744,0.25872873769024174,0.20590868397493287,0.24350940017905104
0.2835820895522388,0.26251097453906935,0.208955223880597,0.24495171202809482
0.2938847338319402,0.2564892212934448,0.2089749230092389,0.24065112186537616
0.29223343571741994,0.258446687143484,0.20666959192628345,0.24265028521281265
0.2978442586889573,0.2591289045314562,0.20413550373955125,0.2388913330400352
0.29315673289183225,0.25695364238410595,0.20838852097130242,0.24150110375275938
0.29934354485776804,0.25426695842450764,0.21400437636761488,0.23238512035010941
0.3024800708591674,0.2550930026572188,0.21036315323294952,0.2320637732506643
0.3000447828034035,0.2512315270935961,0.21450962830273176,0.23421406180026869
0.30288461538461536,0.2478146853146853,0.21896853146853146,0.23033216783216784
0.3064373897707231,0.24338624338624337,0.222663139329806,0.2275132275132275
0.29863255403617117,0.24040582267313632,0.22320247022496692,0.23775915306572562
0.3012205754141238,0.24673060156931126,0.22013949433304272,0.23190932868352224
0.2988606485539001,0.24539877300613497,0.22304995617879053,0.2326906222611744
0.305835892935498,0.24045634050021938,0.225976305397104,0.2277314611671786
0.31084656084656087,0.2328042328042328,0.2244268077601411,0.23192239858906524
