R,A,S,N
1.0,0.0,0.0,0.0
0.6666666666666666,0.0,0.3333333333333333,0.0
0.75,0.0,0.25,0.0
0.7647058823529411,0.0,0.23529411764705882,0.0
0.6521739130434783,0.08695652173913043,0.2608695652173913,0.0
0.6571428571428571,0.08571428571428572,0.2571428571428571,0.0
0.625,0.16666666666666666,0.20833333333333334,0.0
0.5972222222222222,0.18055555555555555,0.19444444444444445,0.027777777777777776
0.5384615384615384,0.23076923076923078,0.18269230769230768,0.04807692307692308
0.5037037037037037,0.2518518518518518,0.17037037037037037,0.07407407407407407
0.4972375690607735,0.2430939226519337,0.16022099447513813,0.09944751381215469
0.4622222222222222,0.26222222222222225,0.16444444444444445,0.1111111111111111
0.4166666666666667,0.2777777777777778,0.1736111111111111,0.13194444444444445
0.39944903581267216,0.2837465564738292,0.162534435261708,0.15426997245179064
0.35891647855530473,0.28442437923250563,0.1670428893905192,0.18961625282167044
0.34774774774774775,0.27927927927927926,0.15855855855855855,0.21441441441441442
0.32111436950146627,0.28885630498533726,0.16129032258064516,0.2287390029325513
0.30392156862745096,0.2965686274509804,0.15073529411764705,0.24877450980392157
0.29094827586206895,0.30064655172413796,0.15625,0.2521551724137931
0.28544600938967135,0.30422535211267604,0.14647887323943662,0.26384976525821596
0.27735368956743,0.31212892281594573,0.14164546225614927,0.268871925360475
0.273431448489543,0.313710302091402,0.14562354763749033,0.26723470178156467
0.2575107296137339,0.3218884120171674,0.13948497854077252,0.2811158798283262
0.25016202203499677,0.32793259883344134,0.1373946856772521,0.2845106934543098
0.2358604091456077,0.3333333333333333,0.14320096269554752,0.28760529482551145
0.22719546742209631,0.34107648725212464,0.1376770538243626,0.29405099150141645
0.23015873015873015,0.3439153439153439,0.13544973544973546,0.2904761904761905
0.2364102564102564,0.3441025641025641,0.13743589743589743,0.28205128205128205
0.23856369896704377,0.34776192818494833,0.13133300541072307,0.2823413674372848
0.23758200562324275,0.3528584817244611,0.12839737582005623,0.28116213683223995
0.24185406149609912,0.34878384580082605,0.12666360715924735,0.2826984855438274
0.2413170951736581,0.3491204330175913,0.12223725755525484,0.2873252142534957
0.24302788844621515,0.3466135458167331,0.12616201859229748,0.28419654714475434
0.2459964412811388,0.3487544483985765,0.12055160142348754,0.2846975088967972
0.2504393673110721,0.3510544815465729,0.11731107205623902,0.281195079086116
0.2524401064773736,0.3456078083407276,0.11623779946761313,0.2857142857142857
0.2558862727676588,0.34606841403820526,0.11239449133718347,0.28565082185695245
0.2521083000443853,0.3488681757656458,0.11318242343541944,0.2858411007545495
0.2532981530343008,0.3460861917326297,0.11037818821459983,0.29023746701846964
0.24868421052631579,0.3543859649122807,0.10877192982456141,0.2881578947368421
0.2526223776223776,0.34833916083916083,0.10839160839160839,0.2906468531468531
0.24846356453028973,0.34899034240561894,0.10798946444249341,0.29455662862159787
0.25694138386954607,0.3499338915821948,0.10797708241516087,0.2851476421330983
0.2640845070422535,0.35079225352112675,0.1056338028169014,0.2794894366197183
0.2628345765686705,0.34927599824484423,0.10048266783677051,0.28740675734971477
0.26163301141352063,0.35030728709394204,0.09920983318700614,0.28884986830553117
0.2596491228070175,0.3495614035087719,0.09956140350877193,0.2912280701754386
0.2594050743657043,0.35345581802274717,0.09930008748906387,0.2878390201224847
0.2631348511383538,0.35464098073555167,0.09676007005253941,0.28546409807355516
0.25843694493783304,0.3574600355239787,0.0941385435168739,0.28996447602131437
0.26433260393873087,0.3514223194748359,0.09234135667396061,0.29190371991247266
0.26395039858281666,0.3534100974313552,0.09300265721877768,0.2896368467670505
0.26444833625218916,0.3577057793345009,0.0893169877408056,0.28852889667250436
0.26267482517482516,0.3557692307692308,0.09003496503496504,0.291520979020979
0.2659010600706714,0.35556537102473496,0.09231448763250884,0.2862190812720848
0.26605101143359716,0.3562005277044855,0.08751099384344767,0.29023746701846964
0.26866990720282813,0.35572249226690233,0.08528501988510827,0.2903225806451613
0.2687555163283319,0.35216240070609,0.08120035304501325,0.2978817299205649
0.27212681638044917,0.3527080581241744,0.08058124174372523,0.29458388375165123
0.27040141155712394,0.35730039700044114,0.07984119982355536,0.29245699161887956
0.2785871964679912,0.3487858719646799,0.07902869757174392,0.293598233995585
0.2787028921998247,0.35056967572305,0.07624890446976336,0.294478527607362
0.2738938053097345,0.3561946902654867,0.07566371681415929,0.2942477876106195
0.2749782797567333,0.3566463944396177,0.07602085143353605,0.29235447437011297
0.27645502645502645,0.3527336860670194,0.07583774250440917,0.294973544973545
0.2741652021089631,0.35896309314586994,0.07820738137082602,0.28866432337434095
0.2775310834813499,0.35346358792184723,0.08259325044404973,0.2864120781527531
0.2791111111111111,0.344,0.09022222222222222,0.2866666666666667
0.2838254737769943,0.3428823270163067,0.08990744821507272,0.28338475099162624
0.2809439002671416,0.3432769367764915,0.08904719501335707,0.2867319679430098
0.28520814880425155,0.34145261293179807,0.08990256864481842,0.283436669619132
0.28224381625441697,0.33568904593639576,0.0887809187279152,0.29328621908127206
0.28104286345558993,0.3367211665930181,0.08705258506407423,0.2951833848873177
0.2903939796370075,0.33111996458610005,0.08455068614431165,0.29393536963258077
0.2864698104892023,0.3239312472454826,0.08373732921992066,0.30586161304539444
0.28866432337434095,0.3242530755711775,0.07952548330404217,0.30755711775043937
0.2922737306843267,0.32891832229580575,0.07637969094922738,0.30242825607064017
0.2910943730615862,0.3287549844926894,0.07842268498006202,0.3017279574656624
0.29312638580931266,0.32904656319290465,0.07849223946784922,0.29933481152993346
0.2935412026726058,0.3314031180400891,0.07527839643652562,0.29977728285077954
0.28400531679220203,0.34116083296411165,0.07487815684536996,0.29995569339831635
0.28337028824833704,0.34146341463414637,0.07450110864745012,0.3006651884700665
0.285336856010568,0.3390576838397182,0.07485689123734038,0.3007485689123734
0.2784191829484902,0.34857904085257546,0.07726465364120781,0.29573712255772644
0.28761061946902655,0.34823008849557524,0.07256637168141593,0.2915929203539823
0.2857142857142857,0.34960070984915703,0.06965394853593611,0.2950310559006211
0.2839614373356705,0.3514460999123576,0.07274320771253287,0.2918492550394391
0.2871067789100576,0.34514842711564026,0.07709348692955251,0.2906513070447497
0.2853380158033363,0.3481123792800702,0.07418788410886742,0.2923617208077261
0.28294402820625825,0.34508594094314676,0.0744821507271926,0.2974878801234024
0.2787532923617208,0.34591747146619845,0.0781387181738367,0.2971905179982441
0.28540305010893247,0.34248366013071896,0.0784313725490196,0.29368191721132897
0.2890625,0.3372395833333333,0.08072916666666667,0.29296875
0.29458388375165123,0.3377366798767063,0.08058124174372523,0.2870981946279172
0.2988100484795064,0.3371529308065227,0.0753635962979286,0.2886734244160423
0.2981834293309703,0.34027470093043866,0.06956136464333186,0.2919805050952592
0.3010181496237273,0.3421868083222665,0.0703851261620186,0.2864099158919876
0.3074235807860262,0.3349344978165939,0.06899563318777292,0.28864628820960697
0.3088429388473383,0.3330400351957765,0.06599208095028597,0.2921249450065992
0.3110720562390158,0.3330404217926186,0.06854130052724078,0.28734622144112476
0.31216931216931215,0.3395061728395062,0.06790123456790123,0.2804232804232804
0.31328976034858386,0.34030501089324616,0.06666666666666667,0.2797385620915033
0.31543921916592726,0.34250221827861577,0.06433007985803017,0.2777284826974268
0.30667838312829526,0.3523725834797891,0.06019332161687171,0.28075571177504394
0.30488341399032115,0.3528376594808623,0.06335239771227452,0.278926528816542
0.305531167690957,0.34899034240561894,0.06760316066725197,0.2778753292361721
0.3065015479876161,0.34940291906236176,0.0654577620521893,0.2786377708978328
0.3112087912087912,0.3463736263736264,0.06637362637362637,0.27604395604395604
0.30803177405119153,0.34774933804060015,0.06619593998234775,0.2780229479258605
0.30970314576871955,0.3478068232166593,0.0664599025254763,0.2760301284891449
0.31154014918824047,0.3514699429574375,0.06537955243527863,0.27161035541904344
0.3117516629711752,0.3490022172949002,0.06297117516629712,0.27627494456762747
0.313215859030837,0.33480176211453744,0.06607929515418502,0.28590308370044054
0.30657894736842106,0.33728070175438596,0.06666666666666667,0.2894736842105263
0.3072210065645514,0.33566739606126916,0.06652078774617068,0.29059080962800876
0.31004366812227074,0.3358078602620087,0.06550218340611354,0.28864628820960697
0.307488986784141,0.3383259911894273,0.06784140969162995,0.28634361233480177
0.31103234381922906,0.3358440407620735,0.0664599025254763,0.28666371289322107
0.3169446883230904,0.33845478489903424,0.06321334503950835,0.28138718173836696
0.3169107856191744,0.33644030181979584,0.06258322237017311,0.28406569019085665
0.3144488361879666,0.3416776460254721,0.061484409310496264,0.282389108476065
0.30782918149466193,0.3416370106761566,0.06138790035587188,0.2891459074733096
0.3120317320405465,0.33935654473336274,0.06081974438078449,0.28779197884530633
0.3160690571049137,0.33510402833111996,0.0619743249225321,0.2868525896414343
0.3185022026431718,0.3295154185022026,0.06651982378854626,0.2854625550660793
0.3159752868490733,0.3287731685789938,0.06796116504854369,0.2872903795233892
0.3157894736842105,0.3307017543859649,0.06885964912280702,0.28464912280701754
0.317703768624014,0.3339176161262051,0.06617002629272568,0.2822085889570552
0.32145998240985046,0.3232189973614776,0.06728232189973615,0.2880386983289358
0.31923244657653727,0.33013519406890535,0.06279982555604012,0.28783253379851725
0.31424766977363516,0.3333333333333333,0.06569019085663559,0.2867288060363959
0.3181818181818182,0.33085664335664333,0.06381118881118882,0.28715034965034963
0.3192426243945399,0.3284896521356231,0.06340819022457067,0.2888595332452664
0.3163220413550374,0.33128024637043557,0.06335239771227452,0.2890453145622525
0.31646693297825124,0.328450954283178,0.06480248557478917,0.29027962716378164
0.3138974134151688,0.3371328364752302,0.06400701446733889,0.28496273564226215
0.31774475524475526,0.3326048951048951,0.06424825174825174,0.2854020979020979
0.3206713780918728,0.3330388692579505,0.0627208480565371,0.2835689045936396
0.32340052585451357,0.33041191936897457,0.06704645048203331,0.2791411042944785
0.3270987385819922,0.3305785123966942,0.06524575902566333,0.2770769899956503
0.3247038174637999,0.33260201842913556,0.06581834137779728,0.2768758227292672
0.3233985765124555,0.3233985765124555,0.07161921708185054,0.28158362989323843
0.3295154185022026,0.3233480176211454,0.07312775330396476,0.2740088105726872
0.32524271844660196,0.32436010591350395,0.07325684024713151,0.27714033539276256
0.32266549758877683,0.32704953967558087,0.07102148180622533,0.27926348092941694
0.3366724738675958,0.3240418118466899,0.06881533101045297,0.27047038327526135
0.3368237347294939,0.32155322862129143,0.07068062827225131,0.2709424083769634
0.3365553602811951,0.32073813708260107,0.07205623901581722,0.27065026362038663
0.3321492007104796,0.3197158081705151,0.07593250444049733,0.272202486678508
0.3427437141596824,0.30966034406704895,0.07675341861490957,0.27084252315835905
0.3481745325022262,0.3085485307212823,0.07791629563668745,0.2653606411398041
0.3458980044345898,0.3117516629711752,0.07716186252771619,0.26518847006651886
0.34608695652173915,0.3165217391304348,0.07347826086956522,0.2639130434782609
0.3463736263736264,0.316043956043956,0.07076923076923076,0.26681318681318683
0.3426941641070645,0.3189995612110575,0.06932865291794647,0.26897762176393153
0.352112676056338,0.31778169014084506,0.06602112676056338,0.2640845070422535
0.3434476693051891,0.31926121372031663,0.06508355321020229,0.272207563764292
0.35019973368841545,0.3133599644917887,0.06569019085663559,0.2707501109631602
0.3529925731760594,0.3106159895150721,0.06378331148973351,0.272608125819135
0.3540564373897707,0.31040564373897706,0.06305114638447971,0.2724867724867725
0.3471183457985042,0.3110426748790145,0.06687197536295644,0.27496700395952484
0.34965034965034963,0.30725524475524474,0.06555944055944056,0.27753496503496505
0.3486038394415358,0.3093368237347295,0.06544502617801047,0.2766143106457243
0.34312007011393514,0.31551270815074495,0.06660823838737949,0.2747589833479404
0.34429142603287427,0.30697467792092403,0.06619280319857841,0.2825410928476233
0.3537385220813293,0.30432881504153914,0.0660253607345868,0.27590730214254483
0.35626643295354954,0.30148992112182293,0.07011393514460999,0.2721297107800175
0.34774933804060015,0.30979699911738745,0.06928508384819064,0.2731685789938217
0.3473080317740512,0.30185348631950576,0.07016769638128861,0.28067078552515445
0.3536423841059603,0.295364238410596,0.07019867549668875,0.280794701986755
0.3455818022747157,0.2974628171478565,0.07217847769028872,0.2847769028871391
0.3444639718804921,0.29964850615114236,0.070298769771529,0.28558875219683655
0.3490524460114588,0.3010136624063464,0.07183781401498457,0.2780960775672102
0.3419552827707146,0.3024989039894783,0.07452871547566857,0.2810170977641385
0.34775010921799915,0.30144167758846657,0.07383136740934906,0.27697684578418524
0.34659593280282935,0.3072502210433245,0.07294429708222812,0.27320954907161804
0.3424657534246575,0.3040212107821476,0.07688908528501988,0.276623950508175
0.3462214411247803,0.29393673110720564,0.07513181019332162,0.28471001757469244
0.34397163120567376,0.29343971631205673,0.07579787234042554,0.28679078014184395
0.3483047115808014,0.29766622633201234,0.06957287538529282,0.28445618670189343
0.35179441736818784,0.2959680992467878,0.06956136464333186,0.2826761187416925
0.35563380281690143,0.2918133802816901,0.0682218309859155,0.28433098591549294
0.3542402826855124,0.28975265017667845,0.07243816254416961,0.2835689045936396
0.3587719298245614,0.2916666666666667,0.06842105263157895,0.28114035087719297
0.3578713968957871,0.29933481152993346,0.06784922394678493,0.2749445676274945
0.3542402826855124,0.3030035335689046,0.06404593639575971,0.2787102473498233
0.3627058299955496,0.2968402314196707,0.06186025812194036,0.27859368046283933
0.36486486486486486,0.2968613775065388,0.06059285091543156,0.27768090671316475
0.36596119929453264,0.294973544973545,0.059964726631393295,0.2791005291005291
0.3662533215234721,0.30070859167404784,0.05890168290522586,0.2741364038972542
0.36846728151075975,0.29995608256477824,0.058410188844971456,0.27316644707949056
0.3674008810572687,0.2955947136563877,0.05859030837004405,0.27841409691629954
0.37081128747795417,0.294973544973545,0.059964726631393295,0.2742504409171076
0.3712021136063408,0.29810656098634963,0.062087186261558784,0.26860413914575076
0.374447391688771,0.29354553492484525,0.0641025641025641,0.26790450928381965
0.3787878787878788,0.2985739750445633,0.06283422459893048,0.25980392156862747
0.3751651254953765,0.29414354909731394,0.06516952884191986,0.2655217965653897
0.38634361233480174,0.2894273127753304,0.06343612334801763,0.2607929515418502
0.3808255659121172,0.2893919218819352,0.06480248557478917,0.26498002663115844
0.38005272407732865,0.28998242530755713,0.06854130052724078,0.26142355008787344
0.3846493162770181,0.29245699161887956,0.06837229819144243,0.2545213939126599
0.3843777581641659,0.294351279788173,0.06531332744924978,0.2559576345984113
0.39321884632320564,0.29238221047996477,0.06164685160722149,0.2527520915896081
0.3910171730515192,0.2892998678996037,0.05856450902686042,0.2611184500220167
0.3967629046369204,0.28565179352580927,0.06124234470691164,0.2563429571303587
0.40105540897097625,0.27440633245382584,0.06244503078276165,0.2620932277924362
0.4045936395759717,0.2756183745583039,0.06448763250883392,0.25530035335689044
0.4021210782147592,0.2752982766239505,0.06628369421122404,0.25629695095006627
0.3977172958735733,0.2787532923617208,0.06628621597892889,0.257243195785777
0.3946326440827101,0.2798064232292125,0.06687197536295644,0.258688957325121
0.3933274802458297,0.28138718173836696,0.0697980684811238,0.25548726953467954
0.3930610452349583,0.28502415458937197,0.06938954765041722,0.25252525252525254
0.3887670030715226,0.28696796840719613,0.06713470820535322,0.25713032031592803
0.3980539584254755,0.2874834144183989,0.06899601946041574,0.24546660769570985
0.4013071895424837,0.2845315904139434,0.0710239651416122,0.24313725490196078
0.4006170118995152,0.2860290877038343,0.07271925958572058,0.24063464081092992
0.3998242530755712,0.28251318101933215,0.07425307557117751,0.24340949033391915
0.3955456570155902,0.289532293986637,0.07394209354120267,0.24097995545657017
0.3977172958735733,0.2870939420544337,0.07506584723441616,0.24012291483757683
0.39621811785400174,0.29023746701846964,0.07343887423043095,0.24010554089709762
0.4008830022075055,0.2891832229580574,0.07108167770419425,0.23885209713024283
0.40087912087912086,0.28703296703296705,0.07076923076923076,0.2413186813186813
0.3999108337048596,0.29246544806063307,0.06865804725813643,0.23896567097637092
0.4014984574702512,0.28779197884530633,0.07007492287351257,0.24063464081092992
0.40804597701149425,0.2838196286472148,0.07161803713527852,0.23651635720601238
0.40925110132158593,0.28370044052863436,0.06784140969162995,0.23920704845814977
0.4032399299474606,0.28283712784588444,0.0669877408056042,0.2469352014010508
0.40663176265270506,0.2787958115183246,0.06588132635253054,0.2486910994764398
0.41264927023440956,0.2755417956656347,0.0654577620521893,0.24635117204776646
0.4121238552115133,0.2760575665067597,0.06279982555604012,0.24901875272568688
0.4073581560283688,0.2721631205673759,0.06560283687943262,0.2548758865248227
0.4088495575221239,0.2734513274336283,0.06415929203539823,0.2535398230088496
0.4135039717563989,0.2709620476610768,0.06310679611650485,0.2524271844660194
0.4111160123511248,0.2734891927657697,0.06352007057785619,0.2518747243052492
0.41889483065953653,0.27049910873440286,0.06149732620320856,0.24910873440285206
0.41249446167478954,0.27558706247230835,0.06202924235711121,0.24988923349579087
0.4101769911504425,0.2628318584070796,0.06548672566371681,0.26150442477876107
0.41443026836779584,0.2630884293884734,0.06687197536295644,0.2556093268807743
0.4147627416520211,0.2631810193321617,0.05975395430579965,0.2623022847100176
0.40927152317880794,0.26843267108167773,0.06136865342163356,0.2609271523178808
0.4168126094570928,0.26444833625218916,0.06085814360770578,0.2578809106830123
0.4180035650623886,0.2549019607843137,0.06372549019607843,0.26336898395721925
0.4219982471516214,0.26205083260297984,0.06091148115687993,0.25503943908851884
0.42387927208166887,0.25787838437638705,0.06213936972924989,0.2561029738126942
0.427552385198395,0.253678109674543,0.06107891217119929,0.25769059295586266
0.4302788844621514,0.250996015936255,0.06064630367419212,0.2580787959274015
0.4350307287093942,0.2559262510974539,0.0601404741000878,0.2489025460930641
0.4310193321616872,0.2517574692442882,0.06502636203866433,0.2521968365553603
0.43116883116883115,0.2528138528138528,0.06277056277056277,0.2532467532467532
0.4266256590509666,0.2513181019332162,0.06634446397188049,0.2557117750439367
0.4207964601769911,0.24601769911504426,0.06460176991150443,0.2685840707964602
0.42414995640802095,0.24978204010462074,0.06277244986922406,0.2632955536181343
0.4204296361245068,0.2533976326172731,0.0648838228846997,0.26128890837352037
0.4243493603881782,0.24658138509042787,0.070577856197618,0.25849139832377593
0.42612889083735206,0.24682156948706707,0.06926786497150372,0.25778167470407715
0.4276923076923077,0.24703296703296704,0.06725274725274726,0.258021978021978
0.42920158800176444,0.24217026907807676,0.06837229819144243,0.2602558447287164
0.43320192728865525,0.24091108190976784,0.0639509417433202,0.2619360490582567
0.4349360388178209,0.24217026907807676,0.061755624172915746,0.2611380679311866
0.4265486725663717,0.2482300884955752,0.061504424778761065,0.26371681415929205
0.4246153846153846,0.24483516483516485,0.0632967032967033,0.2672527472527473
0.4276976845784185,0.24290083005679336,0.06465705548274356,0.26474442988204455
0.42768686421937196,0.24325519681556834,0.06457319770013269,0.26448474126492705
0.43109540636042404,0.23586572438162545,0.06316254416961131,0.2698763250883392
0.4310421286031042,0.2385809312638581,0.06297117516629712,0.26740576496674057
0.42724867724867727,0.23853615520282187,0.06437389770723104,0.2698412698412698
0.4330396475770925,0.23083700440528634,0.06343612334801763,0.27268722466960355
0.43153710247349825,0.23454063604240283,0.05697879858657244,0.2769434628975265
0.42668428005284015,0.23381770145310435,0.05812417437252312,0.2813738441215324
0.43077601410934746,0.23148148148148148,0.05731922398589065,0.2804232804232804
0.4315555555555556,0.2311111111111111,0.058666666666666666,0.2786666666666667
0.43069523393091386,0.22999562745955401,0.05815478793178837,0.28115435067774375
0.42869757174392936,0.23532008830022075,0.05739514348785872,0.2785871964679912
0.4363476733977173,0.22695346795434593,0.05794556628621598,0.2787532923617208
0.44,0.22373626373626374,0.058021978021978025,0.27824175824175823
0.44158674803836095,0.22362685265911073,0.05841325196163906,0.2763731473408893
0.44026548672566373,0.23185840707964603,0.06017699115044248,0.2676991150442478
0.44675209898365004,0.22978347326557666,0.06009721608484313,0.2633672116659302
0.44611973392461196,0.22749445676274946,0.05898004434589801,0.26740576496674057
0.447450110864745,0.2270509977827051,0.05809312638580931,0.26740576496674057
0.44503311258278144,0.2229580573951435,0.06136865342163356,0.2706401766004415
0.45046235138705415,0.2144429766622633,0.06120651695288419,0.27388815499779834
0.45319982585981716,0.21636917718763604,0.061384414453635176,0.2690465824989116
0.4482001755926251,0.21641791044776118,0.06321334503950835,0.2721685689201054
0.4512141280353201,0.21368653421633554,0.06225165562913907,0.2728476821192053
0.44875708678587006,0.2119494112516354,0.06585259485390318,0.27344090710859137
0.43628318584070797,0.22079646017699114,0.062389380530973454,0.28053097345132744
0.44228217602830605,0.21583370190181336,0.06191950464396285,0.2799646174259177
0.4413186813186813,0.22065934065934065,0.06021978021978022,0.2778021978021978
0.43799472295514513,0.22427440633245382,0.0633245382585752,0.27440633245382584
0.44488536155202824,0.2191358024691358,0.06525573192239859,0.2707231040564374
0.44483985765124556,0.2188612099644128,0.060498220640569395,0.27580071174377224
0.4398045313194136,0.21545979564637938,0.059973345179920035,0.28476232785428696
0.44109831709477415,0.21700620017714792,0.058015943312666074,0.2838795394154119
0.4430379746835443,0.2125709297250109,0.05892623308598865,0.2854648625054561
0.4454664914586071,0.21068769163381515,0.05694261936049058,0.28690319754708715
0.4449823943661972,0.21566901408450703,0.05941901408450704,0.27992957746478875
0.44332161687170474,0.22144112478031636,0.05975395430579965,0.27548330404217924
0.4392482517482518,0.2202797202797203,0.059877622377622376,0.28059440559440557
0.4409310496267018,0.22661396574440051,0.059727711901624944,0.2727272727272727
0.4421052631578947,0.22456140350877193,0.062280701754385964,0.2710526315789474
0.4393013100436681,0.2262008733624454,0.0611353711790393,0.27336244541484717
0.4392156862745098,0.22440087145969498,0.06187363834422658,0.27450980392156865
0.43443708609271525,0.22119205298013245,0.06357615894039735,0.280794701986755
0.4421978021978022,0.21714285714285714,0.0610989010989011,0.2795604395604396
0.4346678398592169,0.22657281126264847,0.06027276726792785,0.2784865816102068
0.4278739458499778,0.22769640479360853,0.06213936972924989,0.2822902796271638
0.4250871080139373,0.23736933797909407,0.06315331010452961,0.27439024390243905
0.4282570422535211,0.23503521126760563,0.06029929577464789,0.2764084507042254
0.42844600526777876,0.23661106233538193,0.06189640035118525,0.2730465320456541
0.4347252747252747,0.23076923076923078,0.0589010989010989,0.2756043956043956
0.43123336291038156,0.23469387755102042,0.05634427684117125,0.2777284826974268
0.43321616871704743,0.23242530755711774,0.05536028119507909,0.2789982425307557
0.4305249228054698,0.2364358182620203,0.05381561535068372,0.2792236435818262
0.4358748347289555,0.23402379903040987,0.05509034817100044,0.2750110180696342
0.4364592462751972,0.2353198948290973,0.05565293602103418,0.27256792287467135
0.43738977072310403,0.2345679012345679,0.054673721340388004,0.27336860670194
0.4366948023100844,0.23411816970235452,0.054198134162594405,0.27498889382496666
0.4399825403753819,0.23134002618943691,0.05543430816237451,0.27324312527280664
0.44150110375275936,0.2335540838852097,0.05783664459161148,0.2671081677704194
0.43871252204585537,0.2345679012345679,0.05731922398589065,0.26940035273368607
0.443908851884312,0.23049956178790534,0.056091148115687994,0.26950043821209463
0.4446389496717724,0.23194748358862144,0.05776805251641138,0.26564551422319477
0.4445904511607534,0.23565484012264565,0.05562855891371003,0.26412614980289095
0.4413702239789196,0.23803249890206413,0.05577514273166447,0.2648221343873518
0.4457724656927844,0.23860115095174855,0.05312084993359894,0.2625055334218681
0.444543429844098,0.22984409799554567,0.05612472160356347,0.26948775055679286
0.44332161687170474,0.23198594024604569,0.056239015817223195,0.26845342706502634
0.4458041958041958,0.23076923076923078,0.05725524475524475,0.26617132867132864
0.44649122807017544,0.23157894736842105,0.05701754385964912,0.2649122807017544
0.4447380008806693,0.23513870541611626,0.05636283575517393,0.2637604579480405
0.4480633802816901,0.22887323943661972,0.058538732394366196,0.26452464788732394
0.4482909728308501,0.22655565293602103,0.05565293602103418,0.26950043821209463
0.45327510917030567,0.22707423580786026,0.05589519650655022,0.26375545851528387
0.4454225352112676,0.22535211267605634,0.05765845070422535,0.2715669014084507
0.44644424934152765,0.22300263388937663,0.053555750658472345,0.27699736611062337
0.4439130434782609,0.2273913043478261,0.05608695652173913,0.27260869565217394
0.4420731707317073,0.22560975609756098,0.054878048780487805,0.2774390243902439
0.44263736263736264,0.22197802197802197,0.05714285714285714,0.27824175824175823
0.4342857142857143,0.22285714285714286,0.06021978021978022,0.2826373626373626
0.4392810170977641,0.2209557211749233,0.060938185006576065,0.27882507672073653
0.43430335097001765,0.22486772486772486,0.06128747795414462,0.2795414462081129
0.44360902255639095,0.22733303847854933,0.05926581158779301,0.2697921273772667
0.44770240700218816,0.22669584245076588,0.05733041575492341,0.26827133479212256
0.4482606781153677,0.22545134302069572,0.05900484368119771,0.2672831351827389
0.45155633494081543,0.22753178430512933,0.0530469092503288,0.26786497150372646
0.4551480335837384,0.2284577993813522,0.05567830313742819,0.2607158638974812
0.4529049295774648,0.22755281690140844,0.056338028169014086,0.2632042253521127
0.4460590048436812,0.2280933509467195,0.06120651695288419,0.2646411272567151
0.4497816593886463,0.225764192139738,0.062882096069869,0.26157205240174675
0.4478337754199823,0.22723253757736517,0.0627763041556145,0.26215738284703805
0.45069808027923214,0.22949389179755672,0.06195462478184991,0.25785340314136124
0.4517543859649123,0.22017543859649122,0.06315789473684211,0.2649122807017544
0.4546259406817176,0.22355024347056218,0.059318282425852145,0.2625055334218681
0.45056867891513563,0.22397200349956256,0.06080489938757655,0.2646544181977253
0.44841269841269843,0.2257495590828924,0.06084656084656084,0.26499118165784835
0.4529049295774648,0.22139084507042253,0.061619718309859156,0.2640845070422535
0.4513312963771279,0.2195547795722392,0.06416412047140986,0.26494980357922304
0.44938380281690143,0.21434859154929578,0.06778169014084508,0.26848591549295775
0.4458515283842795,0.22183406113537119,0.06506550218340611,0.26724890829694326
0.449868073878628,0.22295514511873352,0.06596306068601583,0.2612137203166227
0.44729849424269263,0.2201062887511072,0.06775907883082374,0.26483613817537643
0.4437609841827768,0.22363796133567662,0.06502636203866433,0.26757469244288223
0.43549097313958607,0.2263320123293703,0.06649053280493175,0.2716864817261119
0.43037974683544306,0.23134002618943691,0.06460061108686163,0.2736796158882584
0.43615107913669066,0.2221223021582734,0.06115107913669065,0.2805755395683453
0.42490031014621177,0.2255206025697829,0.05892778023925565,0.2906513070447497
0.4357048166151127,0.2213875386654883,0.05612019443216969,0.28678745028722935
0.43797243219208537,0.2218763895064473,0.05691418408181414,0.2832369942196532
0.43703703703703706,0.22091503267973855,0.05664488017429194,0.28540305010893247
0.4385425812115891,0.22036874451273047,0.05662862159789289,0.2844600526777875
0.4375,0.22007042253521128,0.05501760563380282,0.28741197183098594
0.43945398502862176,0.2192866578599736,0.05328049317481286,0.28797886393659183
0.4385809312638581,0.22084257206208427,0.049223946784922396,0.2913525498891353
0.43325942350332597,0.22749445676274946,0.04700665188470066,0.29223946784922394
0.44212860310421287,0.2203991130820399,0.050110864745011086,0.28736141906873613
0.4494927216585796,0.22011468901632114,0.04675782973092192,0.28363475959417733
0.45267309377738824,0.21691498685363717,0.04119193689745837,0.2892199824715162
0.45722970039079464,0.21797655232305688,0.04168475900998697,0.28310898827616154
0.45277161862527715,0.21773835920177384,0.041685144124168516,0.28780487804878047
0.45054945054945056,0.22153846153846155,0.04131868131868132,0.2865934065934066
0.4491150442477876,0.22123893805309736,0.04247787610619469,0.28716814159292037
0.44600526777875327,0.21905179982440737,0.04741000877963126,0.28753292361720806
0.44964973730297725,0.21322241681260945,0.046847635726795095,0.29028021015761823
0.4502432551968156,0.210968597965502,0.04953560371517028,0.28925254312251214
0.4506855373728439,0.2127377266696152,0.04820875718708536,0.28836797877045556
0.4463500439753738,0.2167985927880387,0.04661389621811785,0.29023746701846964
0.44780701754385965,0.22149122807017543,0.04736842105263158,0.2833333333333333
0.44920494699646646,0.2248233215547703,0.04991166077738516,0.2760600706713781
0.45478606087340095,0.22099691221879136,0.048963387737097484,0.27525363917071016
0.45880806310254163,0.21735319894829097,0.04995617879053462,0.2738825591586328
0.46492007104795735,0.2180284191829485,0.047957371225577264,0.2690941385435169
0.4623182018510357,0.2119876597620097,0.04715733803437638,0.2785368003525782
0.45123022847100175,0.2157293497363796,0.04701230228471002,0.28602811950790863
0.45112781954887216,0.21318000884564353,0.047766475011057054,0.28792569659442724
0.45658880564125165,0.21110621419127368,0.04847950639048039,0.2838254737769943
0.45438519171441166,0.20846187747906567,0.04715733803437638,0.2899955927721463
0.4408791208791209,0.21362637362637363,0.05054945054945055,0.29494505494505496
0.44282560706401763,0.20485651214128037,0.04812362030905077,0.30419426048565124
0.4400527009222661,0.20992534036012298,0.046991655687307864,0.30303030303030304
0.43522178304787,0.20860781730346947,0.05006587615283267,0.30610452349582784
0.4390673119225693,0.21205455345358556,0.0475142982842059,0.30136383633963926
0.4442964935641367,0.20816688859298713,0.048823790501553485,0.2987128273413227
0.4381874175098988,0.2067751869775627,0.05103387593488781,0.3040035195776507
0.4408791208791209,0.20395604395604397,0.05010989010989011,0.30505494505494507
0.4453193350831146,0.20341207349081364,0.05074365704286964,0.3005249343832021
0.4470794905577514,0.1976284584980237,0.049187527448397016,0.30610452349582784
0.4477223427331887,0.20260303687635575,0.049023861171366596,0.30065075921908896
0.4491931966855648,0.20322721325774096,0.04840819886611426,0.29917139119058
0.449955713020372,0.20283436669619131,0.0491585473870682,0.29805137289636846
0.4577680525164114,0.20350109409190373,0.05076586433260394,0.28796498905908097
0.4659938569548047,0.20579201404124617,0.04782799473453269,0.2803861342694164
0.4620811287477954,0.21075837742504408,0.0445326278659612,0.2826278659611993
0.4616396317404647,0.20429636124506795,0.04384042086804033,0.290223586146427
0.4537852112676056,0.2112676056338028,0.045774647887323945,0.2891725352112676
0.4500438212094654,0.20990359333917616,0.046012269938650305,0.29404031551270815
0.44684605205116895,0.20952801058667844,0.04719894133215704,0.2964269960299956
0.4486104984561094,0.2090868989854433,0.04808116453462726,0.29422143802382
0.4508519003931848,0.21100917431192662,0.04892966360856269,0.2892092616863259
0.4495372410753636,0.20802115469369767,0.049801674746584396,0.29263992948435436
0.44135802469135804,0.20899470899470898,0.050705467372134036,0.29894179894179895
0.4397905759162304,0.20767888307155322,0.049738219895287955,0.30279232111692844
0.43897122929380994,0.2088055797733217,0.04795117698343505,0.3042720139494333
0.435377150419056,0.2121746801940891,0.04719894133215704,0.30524922805469784
0.436235708003518,0.21459982409850484,0.047493403693931395,0.3016710642040457
0.4374170720919947,0.21539141972578504,0.04732419283502875,0.2998673153471915
0.4390673119225693,0.2111746590409151,0.0475142982842059,0.3022437307523097
0.42901371074745687,0.21406457319770014,0.048651039363113664,0.3082706766917293
0.42731277533039647,0.21497797356828194,0.05110132158590308,0.3066079295154185
0.4261789334508594,0.21110621419127368,0.05244601145879242,0.31026884089907447
0.4298323036187114,0.2113857016769638,0.05339805825242718,0.3053839364518976
0.43210968597965504,0.20919946926138877,0.05484298982750995,0.3038478549314463
0.42788250767207364,0.20692678649715038,0.052170100832968,0.313020604997808
0.42869757174392936,0.20132450331125828,0.05607064017660044,0.31390728476821195
0.4269960299955889,0.2011468901632113,0.05910895456550507,0.31274812527569473
0.429388473383194,0.19885613726352838,0.05851297844258689,0.3132424109106907
0.42750110180696343,0.20625826355222565,0.054649625385632436,0.3115910092551785
0.43204957945993805,0.19964586100044268,0.055776892430278883,0.31252766710934043
0.429388473383194,0.2045754509458865,0.05367355917289925,0.3123625164980202
0.4336283185840708,0.19823008849557522,0.05398230088495575,0.3141592920353982
0.4313465783664459,0.2,0.053863134657836646,0.3147902869757174
0.4336399474375821,0.1988611476127902,0.052124397722295226,0.31537450722733246
0.4327433628318584,0.19424778761061948,0.05221238938053097,0.32079646017699115
0.424507658643326,0.1899343544857768,0.05514223194748359,0.3304157549234136
0.42542894852617685,0.19181698196216454,0.05499340079190497,0.3277606687197536
0.4221149627029399,0.19087318999561212,0.05835892935498026,0.3286529179464677
0.4181502388189318,0.19148936170212766,0.060790273556231005,0.3295701259227095
0.418389793224813,0.1922569291684998,0.06335239771227452,0.3260008798944127
0.4248567650947554,0.18378140149845748,0.06478624944909651,0.3265755839576906
0.4288849868305531,0.1900790166812994,0.06672519754170325,0.31431079894644426
0.4239610963748895,0.19496021220159152,0.07073386383731212,0.3103448275862069
0.42813455657492355,0.19484491044124072,0.06771515945827872,0.30930537352555704
0.427763272410792,0.2010443864229765,0.06744995648389904,0.30374238468233244
0.4212840809146878,0.2022867194371152,0.06684256816182937,0.3095866314863676
0.4189010989010989,0.20131868131868133,0.06637362637362637,0.3134065934065934
0.4201235657546337,0.1994704324801412,0.06310679611650485,0.3172992056487202
0.427689594356261,0.19753086419753085,0.06349206349206349,0.31128747795414463
0.43309859154929575,0.19102112676056338,0.06514084507042253,0.3107394366197183
0.43097345132743364,0.1995575221238938,0.062389380530973454,0.3070796460176991
0.42706964520367935,0.20455540954883925,0.05562855891371003,0.31274638633377133
0.42611380679311867,0.20335244816938686,0.05910895456550507,0.3114247904719894
0.42268944371441086,0.20192728865527815,0.05913272010512484,0.31625054752518617
0.421744848750548,0.20035072336694432,0.05830775975449364,0.319596668128014
0.421259842519685,0.19860017497812774,0.05599300087489064,0.3241469816272966
0.42112182296231376,0.20508326029798424,0.05346187554776512,0.3203330411919369
0.41901408450704225,0.20642605633802816,0.05237676056338028,0.3221830985915493
0.4236019374724791,0.2025539409951563,0.05239982386613826,0.32144429766622634
0.4231107205623902,0.2056239015817223,0.054481546572934976,0.31678383128295257
0.4236540158870256,0.20211827007943514,0.05383936451897617,0.32038834951456313
0.4178775869660942,0.202113606340819,0.05592250110083664,0.3240863055922501
0.4192139737991266,0.2017467248908297,0.058078602620087336,0.32096069868995636
0.4149029982363316,0.20899470899470898,0.05864197530864197,0.31746031746031744
0.42416225749559083,0.20414462081128748,0.05731922398589065,0.31437389770723106
0.42473591549295775,0.207306338028169,0.05721830985915493,0.3107394366197183
0.4186655037069342,0.20846053205407764,0.057130396860008724,0.3157435673789795
0.4125441696113074,0.20936395759717313,0.05786219081272085,0.3202296819787986
0.41758727353071146,0.20503756076005303,0.053468846663720725,0.3239063190455148
0.421978021978022,0.20395604395604397,0.053626373626373625,0.32043956043956046
0.42358657243816256,0.20229681978798586,0.054328621908127206,0.3197879858657244
0.4353620613060862,0.19635717458907154,0.05286539315859618,0.3154153709462461
0.43237250554323725,0.19866962305986696,0.05188470066518847,0.3170731707317073
0.4410862899693386,0.1953569864213754,0.05300043802014893,0.3105562855891371
0.44405130473241927,0.20079610791685096,0.05307386112339673,0.30207872622733306
0.4397537379067722,0.19788918205804748,0.05364995602462621,0.3087071240105541
0.4392482517482518,0.19624125874125875,0.053758741258741256,0.3107517482517482
0.4376387039502885,0.19263204616067467,0.05193075898801598,0.31779849090102086
0.4401223776223776,0.18924825174825174,0.054632867132867136,0.3159965034965035
0.43224400871459695,0.1934640522875817,0.0579520697167756,0.31633986928104574
0.4358182620202911,0.19188354653727394,0.0564622849580944,0.3158359064843405
0.4442493415276558,0.1900790166812994,0.053994732221246705,0.31167690956979804
0.4487912087912088,0.19076923076923077,0.05186813186813187,0.30857142857142855
0.4411764705882353,0.1935908691834943,0.05223880597014925,0.31299385425812115
0.436235708003518,0.19656992084432717,0.055848724714160074,0.3113456464379947
0.4303460514640639,0.19920141969831412,0.05368234250221828,0.3167701863354037
0.4291996481970097,0.20140721196130168,0.05364995602462621,0.31574318381706246
0.4192696876374835,0.2023757149142103,0.052353717553893536,0.3260008798944127
0.4206103494029191,0.2034498009730208,0.05042016806722689,0.32551968155683325
0.4200351493848858,0.1999121265377856,0.05492091388400703,0.3251318101933216
0.4184428012179208,0.20182688125271858,0.058286211396259245,0.32144410613310137
0.4226713532513181,0.2038664323374341,0.05755711775043937,0.31590509666080846
0.424469964664311,0.20008833922261485,0.05697879858657244,0.31846289752650175
0.431140350877193,0.19824561403508772,0.05745614035087719,0.3131578947368421
0.4299645390070922,0.1976950354609929,0.05673758865248227,0.31560283687943264
0.4225352112676056,0.2007042253521127,0.05897887323943662,0.31778169014084506
0.42542894852617685,0.19401671799384074,0.05455345358556973,0.3260008798944127
0.43143230300391816,0.19024814976055726,0.05703090988245538,0.32128863735306923
0.4331574318381706,0.18909410729991205,0.05980650835532102,0.3179419525065963
0.43156974202011367,0.1910800174901618,0.062090074333187584,0.31526016615653696
0.43714410862899694,0.19360490582566797,0.06132282084975909,0.307928164695576
0.44224857268335527,0.18708827404479578,0.06104523495827844,0.3096179183135705
0.4455270150575731,0.18689105403011513,0.058015943312666074,0.3095659875996457
0.4471111111111111,0.1902222222222222,0.058666666666666666,0.304
0.4380784486557955,0.1855442926399295,0.059497576024680476,0.31687968267959454
0.44701691896705253,0.1856634016028495,0.06144256455921639,0.3058771148708816
0.44381285526891123,0.18277219064276345,0.06077831219938785,0.31263664188893747
