R,A,S,N
1.0,0.0,0.0,0.0
0.5,0.0,0.0,0.5
0.2857142857142857,0.2857142857142857,0.0,0.42857142857142855
0.3333333333333333,0.4166666666666667,0.0,0.25
0.3157894736842105,0.42105263157894735,0.05263157894736842,0.21052631578947367
0.2222222222222222,0.4444444444444444,0.037037037037037035,0.2962962962962963
0.3,0.475,0.0,0.225
0.2698412698412698,0.4603174603174603,0.0,0.2698412698412698
0.25806451612903225,0.45161290322580644,0.0,0.2903225806451613
0.2540983606557377,0.4426229508196721,0.0,0.30327868852459017
0.2616279069767442,0.436046511627907,0.005813953488372093,0.29651162790697677
0.26200873362445415,0.4148471615720524,0.013100436681222707,0.31004366812227074
0.2727272727272727,0.3776223776223776,0.013986013986013986,0.3356643356643357
0.27450980392156865,0.37815126050420167,0.0196078431372549,0.3277310924369748
0.30484988452655887,0.3672055427251732,0.023094688221709007,0.30484988452655887
0.2955390334572491,0.35315985130111527,0.027881040892193308,0.32342007434944237
0.2967032967032967,0.3469387755102041,0.03296703296703297,0.32339089481946626
0.2757255936675462,0.3469656992084433,0.03430079155672823,0.34300791556728233
0.2693565976008724,0.3446019629225736,0.03707742639040349,0.3489640130861505
0.263653483992467,0.339924670433145,0.04143126177024482,0.3549905838041431
0.23948497854077253,0.351931330472103,0.05321888412017167,0.35536480686695276
0.22918258212375858,0.3537051184110008,0.057295645530939646,0.359816653934301
0.2220680083275503,0.3684941013185288,0.06037473976405274,0.34906315058986814
0.22187104930467763,0.3640960809102402,0.06131479140328698,0.3527180783817952
0.2222222222222222,0.36081871345029237,0.06725146198830409,0.3497076023391813
0.22258064516129034,0.35913978494623655,0.07526881720430108,0.34301075268817205
0.220460358056266,0.36726342710997445,0.07519181585677749,0.3370843989769821
0.21732817037754115,0.3664085188770571,0.09002904162633107,0.32623426911907066
0.2144212523719165,0.36907020872865276,0.09297912713472485,0.3235294117647059
0.216528162511542,0.36657433056325023,0.09787626962142197,0.3190212373037858
0.21658359764386045,0.36293611236973267,0.10194834617127323,0.31853194381513367
0.2115471357690573,0.3671628326567433,0.10960757780784844,0.3116824537663509
0.2086720867208672,0.36359530261969286,0.11336946702800361,0.3143631436314363
0.21760283060592658,0.3639982308712959,0.11189739053516143,0.3065015479876161
0.2129260734838424,0.36432049579459935,0.11288180610889774,0.3098716246126605
0.21497797356828194,0.3563876651982379,0.11189427312775331,0.31674008810572685
0.2222222222222222,0.34971226206285966,0.11376715360779106,0.314298362107127
0.2219740955783832,0.34970969182670836,0.11121036176864672,0.31710585082626175
0.21766004415011037,0.3487858719646799,0.11434878587196468,0.31920529801324504
0.21523472099202834,0.3467670504871568,0.11736049601417184,0.32063773250664307
0.22261328640563133,0.3330400351957765,0.1205455345358557,0.32380114386273645
0.22403888643393724,0.3305346884666372,0.1175430844012373,0.32788334069818825
0.22373626373626374,0.33714285714285713,0.11736263736263736,0.32175824175824175
0.2211367673179396,0.3352575488454707,0.11412078152753108,0.32948490230905864
0.2210944395410415,0.33980582524271846,0.12003530450132392,0.31906443071491614
0.21818181818181817,0.34722838137472284,0.11840354767184036,0.3161862527716186
0.21205357142857142,0.3464285714285714,0.12053571428571429,0.3209821428571429
0.21548672566371682,0.35,0.12300884955752213,0.31150442477876106
0.21951219512195122,0.34668989547038326,0.12282229965156795,0.31097560975609756
0.22197607443509082,0.3429330970314577,0.12317235268054941,0.31191847585290206
0.22080211546936976,0.34508594094314676,0.125165271044513,0.3089466725429705
0.2243362831858407,0.3411504424778761,0.12345132743362831,0.3110619469026549
0.22535211267605634,0.34066901408450706,0.12764084507042253,0.30633802816901406
0.22659010600706714,0.3414310954063604,0.12367491166077739,0.3083038869257951
0.22661396574440051,0.3425559947299078,0.12692138779095302,0.3039086517347387
0.2251216275984078,0.34498009730207874,0.124281291463954,0.3056169836355595
0.22855879752431477,0.3421750663129973,0.123342175066313,0.3059239610963749
0.2153300841825432,0.34957908728400533,0.12893221089942403,0.30615861763402746
0.21804511278195488,0.3458646616541353,0.12605042016806722,0.3100398053958425
0.21843154630039877,0.34470536109880373,0.12538768276473194,0.3114754098360656
0.2210989010989011,0.3454945054945055,0.12747252747252746,0.3059340659340659
0.21870882740447958,0.3434343434343434,0.12692138779095302,0.310935441370224
0.22354497354497355,0.3403880070546737,0.12874779541446207,0.3073192239858907
0.2229669347631814,0.3378016085790885,0.1264521894548704,0.3127792672028597
0.2260334212840809,0.335971855760774,0.12620932277924363,0.3117854001759015
0.21866666666666668,0.3342222222222222,0.12711111111111112,0.32
0.2329495128432241,0.32418069087688217,0.12533215234720993,0.3175376439326838
0.23311258278145697,0.32097130242825606,0.1271523178807947,0.31876379690949225
0.23204903677758318,0.31961471103327493,0.1295971978984238,0.318739054290718
0.23468057366362452,0.3155149934810952,0.1316818774445893,0.318122555410691
0.23377777777777778,0.31377777777777777,0.13377777777777777,0.31866666666666665
0.24301552106430155,0.3082039911308204,0.13259423503325943,0.3161862527716186
0.24541797049620026,0.3093428699150648,0.1354492624050067,0.3097898971837282
0.24766977363515313,0.30137594318686195,0.13315579227696406,0.31779849090102086
0.2442953020134228,0.30604026845637583,0.1342281879194631,0.31543624161073824
0.2539752650176678,0.3034452296819788,0.127208480565371,0.31537102473498235
0.2508896797153025,0.30071174377224197,0.12633451957295375,0.3220640569395018
0.2595688517377915,0.29256489221293447,0.13242410910690716,0.31544214694236694
0.2520860781730347,0.2898550724637681,0.13131313131313133,0.32674571805006586
0.24276169265033407,0.289532293986637,0.133630289532294,0.33407572383073497
0.24293286219081273,0.2871024734982332,0.13692579505300354,0.3330388692579505
0.24468085106382978,0.2898936170212766,0.1351950354609929,0.33023049645390073
0.2493321460373998,0.29162956366874443,0.13446126447016918,0.3245770258236865
0.24093148231079264,0.29511867442901923,0.13524406627854904,0.32870577698163905
0.23922603342128407,0.2990325417766051,0.13500439753737906,0.32673702726473175
0.239647577092511,0.30088105726872244,0.13303964757709252,0.326431718061674
0.2360248447204969,0.30168589174800353,0.1326530612244898,0.32963620230700974
0.23350923482849603,0.2985927880386983,0.13324538258575197,0.33465259454705365
0.235861464270057,0.30293730819815873,0.131521262604121,0.3296799649276633
0.23851203501094093,0.29803063457330414,0.13566739606126915,0.3277899343544858
0.23456241670368724,0.29764549089293646,0.13460684140382054,0.33318525099955576
0.24113475177304963,0.2925531914893617,0.13297872340425532,0.3333333333333333
0.24499564838990426,0.29112271540469975,0.13141862489120976,0.33246301131418626
0.24673060156931126,0.2868352223190933,0.13077593722755013,0.33565823888404533
0.2460387323943662,0.2891725352112676,0.1307218309859155,0.3340669014084507
0.24955752212389382,0.2920353982300885,0.13053097345132744,0.32787610619469026
0.24835164835164836,0.29626373626373625,0.12923076923076923,0.3261538461538461
0.2404897245299519,0.29733275032794054,0.1289899431569742,0.3331875819851334
0.23836698858647937,0.28884986830553117,0.13037752414398596,0.3424056189640035
0.23868131868131867,0.28923076923076924,0.13186813186813187,0.3402197802197802
0.23645970937912814,0.2866578599735799,0.13958608542492293,0.337296345222369
0.24169986719787517,0.28906595838866755,0.13767153607791058,0.3315626383355467
0.24333770205329838,0.28440366972477066,0.1345565749235474,0.3377020532983836
0.2456839309428951,0.2810978308986277,0.13590084108012396,0.33731739707835323
0.2440106477373558,0.2839396628216504,0.13575865128660158,0.3362910381543922
0.2410596026490066,0.28741721854304636,0.13068432671081678,0.3408388520971302
0.23480176211453743,0.27973568281938327,0.14008810572687225,0.345374449339207
0.23737821080602303,0.283436669619132,0.1403897254207263,0.3387953941541187
0.23403305046895936,0.2867351496203662,0.14247431889236267,0.33675748101831177
0.22870939420544337,0.28270412642669007,0.14749780509218613,0.3410886742756804
0.22781456953642384,0.28300220750551874,0.14613686534216336,0.343046357615894
0.22520934332304982,0.2776553547818422,0.1511679153812252,0.34596738651388276
0.22707231040564374,0.2795414462081129,0.15035273368606702,0.3430335097001764
0.22501100836635843,0.28357551739321885,0.1563188022897402,0.33509467195068254
0.2178304787000439,0.28063241106719367,0.16029863855950813,0.3412384716732543
0.21883289124668434,0.28293545534924847,0.15782493368700265,0.34040671971706454
0.21905179982440737,0.2857769973661106,0.1575943810359965,0.3375768217734855
0.2194589877835951,0.2831588132635253,0.16099476439790575,0.33638743455497383
0.21742957746478872,0.2834507042253521,0.1619718309859155,0.3371478873239437
0.22138420585625554,0.2821650399290151,0.15616681455190773,0.34028393966282167
0.22506619593998234,0.2828773168578994,0.15975286849073256,0.3323036187113857
0.22820284697508897,0.28069395017793597,0.15080071174377224,0.3403024911032028
0.23209549071618038,0.27939876215738285,0.15207780725022105,0.3364279398762157
0.23046181172291297,0.27797513321492007,0.15186500888099466,0.3396980461811723
0.2318840579710145,0.27931488801054016,0.14888010540184454,0.33992094861660077
0.2334664891256103,0.2818464269862406,0.14824678206835332,0.33644030181979584
0.234375,0.27589285714285716,0.14330357142857142,0.3464285714285714
0.23754448398576514,0.2709074733096085,0.14635231316725977,0.34519572953736655
0.23885209713024283,0.26666666666666666,0.152317880794702,0.34216335540838855
0.24438573315719947,0.26948480845442535,0.14927344782034346,0.3368560105680317
0.23952359947066607,0.2686369651521835,0.1455668284075871,0.3462726069695633
0.2454585733274258,0.2653965440850687,0.15152857775808595,0.33761630482941957
0.2388717496694579,0.27060379021595415,0.1494050242397532,0.34111943587483473
0.23750552852720036,0.2724458204334365,0.15126050420168066,0.33878814683768244
0.22944297082228116,0.27144120247568526,0.15782493368700265,0.34129089301503096
0.23713154421469423,0.2683677958644963,0.15794104707435108,0.3365596128464584
0.23216659282233051,0.2671688081524147,0.16171909614532565,0.3389455028799291
0.23104212860310422,0.26696230598669624,0.16274944567627495,0.3392461197339246
0.22924028268551236,0.2703180212014134,0.16475265017667845,0.33568904593639576
0.23253757736516356,0.2656940760389036,0.16445623342175067,0.33731211317418214
0.2334370831480658,0.2658959537572254,0.16674077367718987,0.3339261894175189
0.23293172690763053,0.26104417670682734,0.1682284694332887,0.33779562695225346
0.2391111111111111,0.2604444444444444,0.17066666666666666,0.3297777777777778
0.23016220955721176,0.2617273125822008,0.17623849188952215,0.3318719859710653
0.23141592920353982,0.2592920353982301,0.17743362831858406,0.33185840707964603
0.23039647577092512,0.2607929515418502,0.17533039647577092,0.33348017621145376
0.22994652406417113,0.2624777183600713,0.17557932263814616,0.3319964349376114
0.23801220575414123,0.25893635571054924,0.17436791630340018,0.32868352223190933
0.2325886990801577,0.2588699080157687,0.18046430135786246,0.3280770915462111
0.22719220549158547,0.262621789193977,0.18423383525243578,0.3259521700620018
0.23371989295272078,0.2604817127564674,0.17975022301516502,0.3260481712756467
0.23076923076923078,0.25922632281013785,0.18185860382392174,0.32814584259670965
0.2318969346956908,0.26343847179031543,0.17947578853842736,0.3251888049755664
0.23969871510855117,0.26451041205139564,0.17323881258307489,0.3225520602569783
0.23788350377945755,0.2658959537572254,0.17296576256113827,0.32325477990217877
0.23881932021466906,0.26654740608228983,0.17262969588550983,0.3220035778175313
0.24477080551846908,0.2621272808188696,0.17712505562972852,0.3159768580329328
0.2383053839364519,0.26919682259488087,0.17917034421888792,0.31332744924977934
0.23908248786943095,0.2730480811645346,0.1773268636965152,0.3105425672695192
0.2359451084550686,0.27534307215582116,0.17706949977866313,0.3116423196104471
0.23670444638186575,0.2715780296425458,0.17349607672188316,0.3182214472537053
0.23567993003935286,0.27066025360734586,0.17490161783996502,0.31875819851333625
0.2329069254521394,0.26378473753859727,0.18217909131010146,0.3211292456991619
0.23794916739702016,0.26292725679228746,0.1836108676599474,0.31551270815074495
0.23604395604395603,0.26065934065934065,0.1824175824175824,0.3208791208791209
0.23468931604827895,0.2601698703620921,0.18059901654000893,0.32454179704962005
0.2395104895104895,0.2583041958041958,0.180506993006993,0.32167832167832167
0.24315975286849073,0.25154457193292146,0.18093556928508384,0.32436010591350395
0.24489795918367346,0.25332741792369123,0.17834960070984915,0.3234250221827862
0.24024284475281873,0.25065047701647875,0.18300086730268864,0.3261058109280139
0.24283825473776993,0.25782282944028206,0.17849272807404143,0.3208461877479066
0.2402135231316726,0.25622775800711745,0.18371886120996442,0.31983985765124556
0.23630742049469966,0.25265017667844525,0.18639575971731448,0.3246466431095406
0.24607329842931938,0.2543630017452007,0.17888307155322863,0.3206806282722513
0.2445019404915912,0.2526951272100043,0.17809400603708495,0.32470892626131953
0.2511111111111111,0.25333333333333335,0.17555555555555555,0.32
0.24074899687917967,0.25055728934462773,0.18056174765938476,0.32813196611680784
0.24533333333333332,0.2511111111111111,0.1768888888888889,0.32666666666666666
0.24594476106970628,0.25208241999123193,0.1832529592284086,0.3187198597106532
0.2471213463241807,0.25907883082373784,0.17404782993799822,0.31975199291408324
0.24888888888888888,0.25733333333333336,0.16844444444444445,0.3253333333333333
0.24528301886792453,0.2602018429135586,0.16849495392716105,0.3260201842913559
0.23864137626819584,0.2646669607410675,0.16762240846934273,0.3290692545213939
0.2421564295183385,0.26380910296067167,0.16703490941228458,0.32699955810870523
0.24029982363315697,0.26146384479717816,0.16358024691358025,0.33465608465608465
0.2378021978021978,0.2672527472527473,0.16307692307692306,0.33186813186813185
0.23355704697986576,0.2715883668903803,0.16420581655480984,0.33064876957494405
0.23550243470562196,0.27622841965471445,0.15847720230190349,0.3297919433377601
0.2321270962047661,0.2762577228596646,0.1562224183583407,0.3353927625772286
0.22965879265091863,0.28083989501312334,0.1500437445319335,0.3394575678040245
0.22781988408381632,0.28176549264378065,0.15381185911725367,0.33660276415514934
0.22932166301969364,0.28227571115973743,0.15711159737417943,0.3312910284463895
0.2303943287549845,0.2826761187416925,0.15197164377492248,0.33495790872840053
0.22867194371152155,0.2832014072119613,0.1534740545294635,0.33465259454705365
0.2330396475770925,0.2823788546255507,0.15066079295154186,0.333920704845815
0.2317822651448639,0.28314310798946446,0.15408252853380158,0.33099209833187004
0.23293172690763053,0.28023203926818385,0.15082552431950022,0.3360107095046854
0.2340898976412995,0.2839341344014241,0.1606586559857588,0.3213173119715176
0.22465993856954805,0.282141290039491,0.16279069767441862,0.33040807371654235
0.23032714412024757,0.2749778956675508,0.16357206012378425,0.3311229000884173
0.2345462516440158,0.2783866725120561,0.16089434458570803,0.3261727312582201
0.23692307692307693,0.2742857142857143,0.16791208791208792,0.3208791208791209
0.22937803264225848,0.27437141596823994,0.17026907807675343,0.3259814733127481
0.23813747228381374,0.27184035476718404,0.16807095343680709,0.32195121951219513
0.24582967515364354,0.2664618086040386,0.16681299385425813,0.3208955223880597
0.24222222222222223,0.264,0.16933333333333334,0.3244444444444444
0.242263483642794,0.2568523430592396,0.17152961980548187,0.32935455349248455
0.24419642857142856,0.25535714285714284,0.17455357142857142,0.32589285714285715
0.2421564295183385,0.2558550596553248,0.173663278833407,0.32832523199292973
0.2351111111111111,0.2528888888888889,0.1711111111111111,0.3408888888888889
0.23243712055507373,0.24978317432784042,0.17389418907198612,0.34388551604509976
0.23625164980202376,0.24637043554773427,0.1737791465024197,0.34359876814782225
0.23407079646017698,0.24601769911504426,0.17964601769911503,0.3402654867256637
0.2277533039647577,0.252863436123348,0.18105726872246697,0.3383259911894273
0.22899066251667408,0.25611382836816365,0.17696754112939084,0.33792796798577146
0.23503325942350334,0.2616407982261641,0.17427937915742794,0.32904656319290465
0.2353198948290973,0.2624890446976337,0.17747589833479405,0.324715162138475
0.23155103844454264,0.2629253203711887,0.17631462660185596,0.32920901458241275
0.2331877729257642,0.26419213973799127,0.17292576419213973,0.3296943231441048
0.23300970873786409,0.264783759929391,0.17387466902030008,0.3283318623124448
0.2326906222611744,0.26906222611744085,0.17440841367221735,0.3238387379491674
0.23448581560283688,0.27393617021276595,0.17065602836879432,0.32092198581560283
0.23252747252747252,0.28,0.17274725274725275,0.31472527472527473
0.2300531914893617,0.2774822695035461,0.17597517730496454,0.31648936170212766
0.2362099644128114,0.27580071174377224,0.16903914590747332,0.31895017793594305
0.2318969346956908,0.27809862283429587,0.17503331852509996,0.3149711239449134
0.2383053839364519,0.28420123565754635,0.17166813768755515,0.3058252427184466
0.2456369982547993,0.2879581151832461,0.1649214659685864,0.30148342059336825
0.2410596026490066,0.2838852097130243,0.16821192052980133,0.3068432671081678
0.23792645104120513,0.2809038546743465,0.16570669029685423,0.31546300398759414
0.24498886414253898,0.2864142538975501,0.16258351893095768,0.3060133630289532
0.2442953020134228,0.28993288590604027,0.16017897091722594,0.305592841163311
0.24511545293072823,0.28463587921847244,0.1594138543516874,0.3108348134991119
0.24243752740026303,0.2919772029811486,0.1578255151249452,0.3077597544936431
0.235216240070609,0.2978817299205649,0.15666372462488967,0.31023830538393643
0.2415806017063314,0.2954647507858105,0.15491692860350248,0.30803771890435566
0.2404274265360641,0.30053428317008013,0.15182546749777381,0.3072128227960819
0.23941798941798942,0.2914462081128748,0.15564373897707232,0.3134920634920635
0.2411660777385159,0.2910777385159011,0.15680212014134276,0.31095406360424027
0.2378236068451075,0.29179464677490125,0.16147433084686266,0.30890741553312856
0.23788350377945755,0.29390840373499333,0.15740329035126724,0.3108048021342819
0.2311446317657498,0.2963620230700976,0.160603371783496,0.3118899733806566
0.2323008849557522,0.29646017699115046,0.15973451327433627,0.31150442477876106
0.23467137185707984,0.29289810322011467,0.16365240405822673,0.30877812086457873
0.24028584189370256,0.28584189370254576,0.15631978561857973,0.31755247878517195
0.2421005785491767,0.27636849132176233,0.16555407209612816,0.3159768580329328
0.24489795918367346,0.2724046140195209,0.1681455190771961,0.31455190771960956
0.2370860927152318,0.27328918322295803,0.1686534216335541,0.32097130242825606
0.24044444444444443,0.272,0.16844444444444445,0.3191111111111111
0.2439347154830172,0.26775474194971327,0.16850463167181298,0.31980591089545657
0.24622222222222223,0.27244444444444443,0.1688888888888889,0.31244444444444447
0.25087260034904013,0.27268760907504364,0.16928446771378708,0.30715532286212915
0.2505484861781483,0.27161035541904344,0.16805616498464238,0.30978499341816584
0.2563876651982379,0.2762114537444934,0.1616740088105727,0.30572687224669604
0.2545293857711003,0.27220503756076003,0.1643835616438356,0.308882015024304
0.2565584704313028,0.2787905735882614,0.16007114273010226,0.3045798132503335
0.2520860781730347,0.27755819060166886,0.15942028985507245,0.310935441370224
0.2491150442477876,0.27654867256637167,0.16415929203539822,0.3101769911504425
0.24813022437307522,0.2736471623405191,0.16498020237571492,0.3132424109106907
0.24522434473567303,0.2763216348289649,0.16970235450910706,0.30875166592625497
0.24295774647887325,0.28080985915492956,0.17077464788732394,0.30545774647887325
0.24170403587443945,0.27937219730941704,0.17399103139013453,0.30493273542600896
0.24249116607773852,0.2760600706713781,0.17402826855123674,0.30742049469964666
0.24392399469730447,0.275740167918692,0.17145382235969953,0.308882015024304
0.23700440528634362,0.28105726872246695,0.17180616740088106,0.31013215859030835
0.23805348531345902,0.285839544059623,0.17229285401139852,0.3038141166155195
0.2440106477373558,0.28660159716060335,0.16592724046140195,0.3034605146406389
0.24023090586145648,0.2824156305506217,0.16563055062166962,0.3117229129662522
0.24683820322721325,0.27911033580462274,0.16833842128216311,0.3057130396860009
0.24447391688771,0.27276746242263483,0.17285587975243147,0.3099027409372237
0.2410437859354268,0.2773109243697479,0.16895179124281293,0.3126934984520124
0.24181580096027935,0.27717154081187256,0.1680488869489306,0.3129637712789175
0.2462817147856518,0.2773403324584427,0.16666666666666666,0.30971128608923887
0.24701195219123506,0.2775564409030544,0.16954404603806994,0.3058875608676406
0.24956063268892795,0.27460456942003514,0.1735500878734622,0.3022847100175747
0.2482300884955752,0.27876106194690264,0.17256637168141592,0.3004424778761062
0.2517825311942959,0.28119429590017825,0.16532976827094475,0.3016934046345811
0.257736516357206,0.27630415561450045,0.16666666666666666,0.29929266136162685
0.25210084033613445,0.28173374613003094,0.16585581601061478,0.30030959752321984
0.25274725274725274,0.2813186813186813,0.1621978021978022,0.3037362637362637
0.25265017667844525,0.2795936395759717,0.16431095406360424,0.3034452296819788
0.2516614975631369,0.2800177226406735,0.1648205582631812,0.30350022153300843
0.2521120497999111,0.282792352156514,0.16051578479324144,0.3045798132503335
0.25055432372505543,0.2842572062084257,0.16097560975609757,0.3042128603104213
0.25275694750771943,0.2853992059991178,0.1588001764446405,0.3030436700485223
0.25735617039964864,0.282389108476065,0.1629336846728151,0.29732103645147123
0.2550839964633068,0.28249336870026526,0.16224580017683465,0.3001768346595933
0.2580502867225408,0.2734891927657697,0.1667401852668725,0.30172033524481695
0.25863596102745795,0.27236492471213464,0.16740478299379982,0.3015943312666076
0.26369710467706015,0.27260579064587975,0.16792873051224944,0.29576837416481067
0.25428194993412384,0.2678963548528766,0.17610891523935002,0.30171277997364954
0.2583222370173103,0.26276076342654237,0.17576564580559254,0.3031513537505548
0.2639257294429708,0.2656940760389036,0.16710875331564987,0.3032714412024757
0.2578809106830123,0.2745183887915937,0.16768826619964974,0.2999124343257443
0.2567269519188355,0.282311424790472,0.16497573886193206,0.2959858844287605
0.25620915032679736,0.2788671023965142,0.16383442265795206,0.3010893246187364
0.25188804975566415,0.2772101288316304,0.16614837849844513,0.3047534429142603
0.2545616377392078,0.28126390743213175,0.16599910992434358,0.29817534490431685
0.2508710801393728,0.28397212543554007,0.1711672473867596,0.2939895470383275
0.25384953805543337,0.28596568411790585,0.16981962164540254,0.29036515618125824
0.254737769942706,0.2886734244160423,0.16923754958131335,0.2873512560599383
0.2537577365163572,0.2953138815207781,0.17020335985853227,0.2807250221043324
0.25682819383259914,0.2916299559471366,0.17400881057268722,0.2775330396475771
0.25749559082892415,0.2945326278659612,0.1693121693121693,0.2786596119929453
0.2577092511013216,0.2889867841409692,0.17136563876651983,0.28193832599118945
0.2585517547756553,0.2918702798756108,0.17103509551310528,0.2785428698356286
0.2530755711775044,0.29964850615114236,0.1687170474516696,0.27855887521968364
0.25889679715302494,0.2931494661921708,0.1699288256227758,0.2780249110320285
0.2518947837717343,0.29558626839054836,0.17565760142666073,0.27686134641105664
0.25557011795543905,0.2944517256443862,0.17562254259501967,0.2743556138051551
0.25011047282368537,0.3035793194874061,0.17498895271763146,0.27132125497127707
0.2537577365163572,0.2953138815207781,0.1755083996463307,0.27541998231653403
0.254312251216276,0.2857142857142857,0.1817779743476338,0.2781954887218045
0.2546337157987643,0.28420123565754635,0.1787290379523389,0.2824360105913504
0.26094648385670055,0.28217602830605926,0.17912428129146396,0.27775320654577623
0.25634178905206945,0.2803738317757009,0.17534490431686695,0.2879394748553627
0.25583443416996915,0.2809335094671951,0.17437252311756934,0.2888595332452664
0.2562166962699822,0.27486678507992895,0.17761989342806395,0.2912966252220249
0.2565236620964175,0.28084918177797435,0.167624944714728,0.2950022114108801
0.25629695095006627,0.276623950508175,0.16703490941228458,0.30004418912947417
0.26225165562913905,0.271523178807947,0.16821192052980133,0.2980132450331126
0.25241864555848725,0.2691292875989446,0.17194371152154794,0.3065083553210202
0.255619215513442,0.2728074041427942,0.16394887615689732,0.3076245041868665
0.25719344842850816,0.26914563966356797,0.16733067729083664,0.3063302346170872
0.26001780943900266,0.26402493321460374,0.1682991985752449,0.3076580587711487
0.25099955575299865,0.26610395379831187,0.17681030653043092,0.30608618391825854
0.25231992929739283,0.25806451612903225,0.17498895271763146,0.31462660185594343
0.2524271844660194,0.264783759929391,0.17387466902030008,0.3089143865842895
0.25407309555262,0.25979744605900484,0.17349185380889476,0.3126376045794804
0.2495583038869258,0.2583922261484099,0.17446996466431094,0.31757950530035334
0.25201432408236346,0.25917636526410026,0.17726051924798567,0.3115487914055506
0.25055041831792163,0.2611184500220167,0.17569352708058125,0.3126376045794804
0.2567627494456763,0.25809312638580933,0.17472283813747227,0.31042128603104213
0.2537379067722076,0.25857519788918204,0.17678100263852242,0.31090589270008795
0.24944121591417076,0.2650871703173894,0.178363880196692,0.30710773357174787
0.2418645558487247,0.2647317502198769,0.18073878627968337,0.31266490765171506
0.23910171730515192,0.2619991193306913,0.1800968736239542,0.3188022897402025
0.2356043956043956,0.2624175824175824,0.1824175824175824,0.31956043956043956
0.23026602703881377,0.2612298299171391,0.1853467073702573,0.3231574356737898
0.22870939420544337,0.257243195785777,0.19095697980684812,0.3230904302019315
0.22778025904421617,0.26127735596248325,0.18713711478338543,0.3238052702099151
0.22373626373626374,0.2632967032967033,0.18417582417582418,0.32879120879120877
0.2225623087013555,0.26541320507214694,0.18233493659816352,0.3296895496283341
0.22355024347056218,0.266489597166888,0.1845949535192563,0.3253652058432935
0.21925601750547047,0.2687089715536105,0.18205689277899342,0.3299781181619256
0.22182942996022978,0.26513477684489617,0.18382677861246133,0.32920901458241275
0.2225691347011597,0.2622658340767172,0.18287243532560213,0.33229259589652094
0.22369000440334655,0.2646411272567151,0.18229854689564068,0.3293703214442977
0.2262222222222222,0.2591111111111111,0.18222222222222223,0.33244444444444443
0.2266902342023862,0.2620415377817057,0.17543084401237297,0.33583738400353513
0.2198768689533861,0.26561125769569044,0.17634124890061564,0.3381706244503078
0.21981424148606812,0.26581158779301195,0.17779743476337903,0.3365767359575409
0.2221729490022173,0.26740576496674057,0.17649667405764966,0.33392461197339246
0.22877254729432467,0.2648482182138143,0.17333919929608446,0.3330400351957765
0.2247686205376818,0.2794182459233142,0.17628911414720141,0.3195240193918026
0.2234931808183018,0.278926528816542,0.17993840739111305,0.3176418829740431
0.21944692239072258,0.2778768956289028,0.1864406779661017,0.316235504014273
0.22453498671390612,0.2785651018600531,0.18600531443755536,0.31089459698848537
0.2326710816777042,0.28167770419426047,0.18101545253863136,0.304635761589404
0.23651635720601238,0.27895667550839964,0.18213969938107868,0.30238726790450926
0.2285336856010568,0.28269484808454426,0.18538088947600176,0.3033905768383972
0.22799295774647887,0.2852112676056338,0.18265845070422534,0.304137323943662
0.2264731750219877,0.29155672823219,0.17941952506596306,0.30255057167985927
0.22753178430512933,0.28540113985094256,0.18588338448049102,0.3011836913634371
0.22548161120840632,0.28458844133099825,0.18388791593695272,0.30604203152364273
0.22373626373626374,0.2857142857142857,0.18681318681318682,0.3037362637362637
0.22906724511930585,0.2811279826464208,0.18351409978308025,0.30629067245119307
0.2283085013146363,0.2857142857142857,0.18448729184925505,0.30148992112182293
0.22504378283712784,0.28633975481611207,0.18520140105078808,0.30341506129597196
0.22163355408388521,0.28167770419426047,0.18498896247240618,0.31169977924944814
0.22099691221879136,0.27966475518306133,0.18923687692986327,0.31010145566828407
0.2147562582345191,0.2779973649538867,0.19104084321475626,0.31620553359683795
0.21222862206468765,0.2751439964554719,0.1896322552060257,0.3229951262738148
0.21431727794962438,0.275740167918692,0.1931064958020327,0.3168360583296509
0.21660808435852372,0.2728471001757469,0.19024604569420034,0.320298769771529
0.21579876434245365,0.2736098852603707,0.1910856134157105,0.3195057369814651
0.21460373998219057,0.27871772039180764,0.18699910952804988,0.3196794300979519
0.2157731501993797,0.2773593265396544,0.18785999113867966,0.3190075321222862
0.21762114537444935,0.2841409691629956,0.18898678414096917,0.3092511013215859
0.21984265734265734,0.28496503496503495,0.1883741258741259,0.3068181818181818
0.22436459246275198,0.2813321647677476,0.1936897458369851,0.3006134969325153
0.2200873362445415,0.2834061135371179,0.19388646288209607,0.3026200873362445
0.21403353927625773,0.2828773168578994,0.19505736981465135,0.30803177405119153
0.21175950486295314,0.2864721485411141,0.19363395225464192,0.3081343943412909
0.21101321585903085,0.28325991189427313,0.1986784140969163,0.3070484581497797
0.21318681318681318,0.2821978021978022,0.1978021978021978,0.3068131868131868
0.21204072598494908,0.27976980965028775,0.19123505976095617,0.31695440460380697
0.21240517626059796,0.28023203926818385,0.19321731369924142,0.3141454707719768
0.20811287477954143,0.27998236331569665,0.1931216931216931,0.3187830687830688
0.20833333333333334,0.28191489361702127,0.19148936170212766,0.3182624113475177
0.21610915492957747,0.2834507042253521,0.18441901408450703,0.3160211267605634
0.21733391992960846,0.27496700395952484,0.1891772987241531,0.3185217773867136
0.2147887323943662,0.28653169014084506,0.18705985915492956,0.31161971830985913
0.21731448763250882,0.28533568904593637,0.18595406360424027,0.3113957597173145
0.21152154793315744,0.29199648197009676,0.18997361477572558,0.3065083553210202
0.2119205298013245,0.28565121412803535,0.19161147902869757,0.3108167770419426
0.21754541426672575,0.2910943730615862,0.19229065130704476,0.29906956136464335
0.21658579620644022,0.2898103220114689,0.1879135421261579,0.30569033965593295
0.21609604268563806,0.2863494886616274,0.1894175188972877,0.30813694975544687
0.21560035056967572,0.2857142857142857,0.19062226117440842,0.30806310254163016
0.22070484581497798,0.2854625550660793,0.1907488986784141,0.3030837004405286
0.21723834652594548,0.28100263852242746,0.19876868953386104,0.30299032541776605
0.21953365596128466,0.2855257369115706,0.18873735151781787,0.3062032556093269
0.21840598855129897,0.28445618670189343,0.18758256274768825,0.3095552619991193
0.22227074235807862,0.2790393013100437,0.18427947598253275,0.314410480349345
0.22069880583812473,0.2839451570101725,0.18133569217160547,0.3140203449800973
0.22771403353927624,0.28111209179170343,0.18005295675198588,0.31112091791703445
0.23380656610470274,0.2795031055900621,0.17879325643300797,0.30789707187222715
0.23991130820399112,0.2753880266075388,0.17738359201773837,0.3073170731707317
0.23740053050397877,0.27409372236958446,0.17904509283819628,0.3094606542882405
0.24097995545657017,0.2681514476614699,0.17639198218262805,0.31447661469933186
0.24835454146555508,0.2650285212812637,0.17419921017990347,0.31241772707327775
0.2495583038869258,0.27252650176678445,0.17181978798586572,0.30609540636042404
0.2467076382791923,0.27611940298507465,0.16769095697980685,0.3094820017559263
0.25497127706584183,0.273972602739726,0.16129032258064516,0.30976579761378703
0.25360734586794925,0.27240926978574553,0.1630957586357674,0.3108876257105378
0.25754884547069273,0.26687388987566607,0.16074600355239788,0.3148312611012433
0.2531868131868132,0.2734065934065934,0.16263736263736264,0.31076923076923074
0.25528169014084506,0.2772887323943662,0.16285211267605634,0.3045774647887324
0.25408028231142477,0.27657697397441555,0.1623290692545214,0.3070136744596383
0.2567747667703243,0.2794313638382941,0.15504220346512662,0.30875166592625497
0.25525257040679483,0.2811801519892713,0.15780062583817614,0.30576665176575774
0.2623169107856192,0.27030625832223704,0.158011540168664,0.3093652907234798
0.2607929515418502,0.2687224669603524,0.15991189427312774,0.31057268722466963
0.2597173144876325,0.2765017667844523,0.15326855123674912,0.31051236749116606
0.25880281690140844,0.2746478873239437,0.15360915492957747,0.31294014084507044
0.25275694750771943,0.2867225408028231,0.1513012792236436,0.30921923246581384
0.26158645276292336,0.28119429590017825,0.14705882352941177,0.31016042780748665
0.2603287427809862,0.2812083518436251,0.15104398045313194,0.30741892492225675
0.2523076923076923,0.28483516483516486,0.1498901098901099,0.312967032967033
0.2540874944763588,0.2819266460450729,0.1449403446752099,0.31904551480335835
0.2534398579671549,0.28406569019085665,0.14247669773635152,0.32001775410563693
0.2545374059318282,0.2740150509074812,0.14298362107127047,0.3284639220894201
0.25485008818342153,0.2760141093474427,0.1424162257495591,0.32671957671957674
0.24988942945599293,0.2773109243697479,0.14727996461742593,0.32551968155683325
0.2502230151650312,0.28055307760927745,0.1440677966101695,0.32515611061552185
0.25408028231142477,0.2726069695632995,0.14997794441993825,0.32333480370533746
0.2574082264484741,0.27465723131357805,0.14904909332153915,0.3188854489164087
0.2507726269315673,0.2781456953642384,0.15187637969094922,0.31920529801324504
0.2550306211723535,0.27296587926509186,0.1557305336832896,0.31627296587926507
0.2566798072711345,0.2680683311432326,0.16031537450722733,0.3149364870784056
0.25368468066100935,0.270656543099598,0.1639124609200536,0.311746315319339
0.24888888888888888,0.276,0.16355555555555557,0.31155555555555553
0.2538293216630197,0.2726477024070022,0.16586433260393874,0.30765864332603937
0.2497793468667255,0.27493380406001766,0.1676963812886143,0.30759046778464255
0.2454905411350638,0.2784865816102068,0.16981962164540254,0.3062032556093269
0.24538258575197888,0.2770448548812665,0.17106420404573439,0.3065083553210202
0.24265028521281265,0.27424308907415534,0.1763931548924967,0.30671347082053535
0.24801412180052956,0.26654898499558694,0.18093556928508384,0.30450132391879964
0.24479858344400177,0.267817618415228,0.17884019477644975,0.3085436033643205
0.24274406332453827,0.2774846086191733,0.17458223394898856,0.3051890941072999
0.24491600353669318,0.27541998231653403,0.1755083996463307,0.3041556145004421
0.23982494529540482,0.2739606126914661,0.1824945295404814,0.3037199124726477
0.23912087912087912,0.27516483516483514,0.18285714285714286,0.3028571428571429
0.23918799646954986,0.2736098852603707,0.18446601941747573,0.3027360988526037
0.2353202846975089,0.2793594306049822,0.18505338078291814,0.30026690391459077
0.23511248345831495,0.27437141596823994,0.18526687251874724,0.30524922805469784
0.23618538324420676,0.2758467023172905,0.1840463458110517,0.30392156862745096
0.23404255319148937,0.28324468085106386,0.1870567375886525,0.29565602836879434
0.23674911660777384,0.2787102473498233,0.18286219081272084,0.30167844522968196
0.23828647925033467,0.27755466309683174,0.18250780901383312,0.30165104863900044
0.24417069951605808,0.28024637043554773,0.17421909370875496,0.30136383633963926
0.24149956408020923,0.2829119442022668,0.17218831734960768,0.30340017436791633
0.23978685612788633,0.28507992895204265,0.1816163410301954,0.2935168738898757
0.2426243945398503,0.2866578599735799,0.1805372082782915,0.2901805372082783
0.2339489885664028,0.28671943711521547,0.17678100263852242,0.30255057167985927
0.23632286995515694,0.2820627802690583,0.17847533632286997,0.3031390134529148
0.23885918003565063,0.27807486631016043,0.1769162210338681,0.30614973262032086
0.23775915306572562,0.2818703131892369,0.17203352448169387,0.3083370092633436
0.24169986719787517,0.2810978308986277,0.17220008853474988,0.3050022133687472
0.23209549071618038,0.28603006189213087,0.17020335985853227,0.3116710875331565
0.2399647110719012,0.2779003087781209,0.16982796647551832,0.3123070136744596
0.2283464566929134,0.2777777777777778,0.17235345581802275,0.3215223097112861
0.2325066430469442,0.27679362267493357,0.1771479185119575,0.31355181576616475
0.23137946231820186,0.2794182459233142,0.17144116350815336,0.31776112825033054
0.22797698096502877,0.2793271359008411,0.1708720672864099,0.32182381584772024
0.22370766488413546,0.28654188948306597,0.1751336898395722,0.3146167557932264
0.2250987275120667,0.2856516015796402,0.17112768758227292,0.3181219833260202
0.22862206468763846,0.28046078865750995,0.17368187859991138,0.3172352680549402
0.2285077951002227,0.28775055679287304,0.1732739420935412,0.31046770601336304
0.22988505747126436,0.29045092838196285,0.17064544650751548,0.3090185676392573
0.232620320855615,0.28654188948306597,0.1715686274509804,0.3092691622103387
0.23015521064301553,0.2847006651884701,0.17117516629711751,0.3139689578713969
0.2328278322925959,0.28456735057983945,0.16859946476360393,0.31400535236396077
0.23664459161147902,0.28520971302428255,0.16467991169977925,0.31346578366445915
0.24142480211081793,0.2752858399296394,0.1644678979771328,0.31882145998240985
0.2444933920704846,0.273568281938326,0.16387665198237886,0.3180616740088106
0.2444836716681377,0.2705207413945278,0.16593115622241836,0.31906443071491614
0.24438573315719947,0.2769704975781594,0.16512549537648613,0.313518273888155
0.24501550731058927,0.2751439964554719,0.16393442622950818,0.31590607000443066
0.24655095683133066,0.2750333778371162,0.16332888295505119,0.315086782376502
0.2439893143365984,0.27604630454140694,0.16295636687444345,0.3170080142475512
0.2475770925110132,0.2696035242290749,0.16211453744493393,0.320704845814978
0.24688612099644128,0.26601423487544484,0.16948398576512455,0.31761565836298933
0.24438573315719947,0.27036547776309994,0.17040951122853368,0.3148392778511669
0.25385632437197003,0.2661965623622741,0.16527104451300131,0.3146760687527545
0.2516354121238552,0.26341037941561274,0.16833842128216311,0.31661578717836897
0.2519929140832595,0.26660761736049604,0.16563330380868024,0.3157661647475642
0.25022261798753337,0.26090828138913624,0.1678539626001781,0.3210151380231523
0.2484472049689441,0.26131322094055015,0.16858917480035493,0.3216503992901508
0.25033229951262737,0.26229508196721313,0.1696942844483828,0.3176783340717767
0.2502230151650312,0.26181980374665476,0.16993755575379127,0.31801962533452277
0.2520971302428256,0.2631346578366446,0.17218543046357615,0.3125827814569536
0.24626209322779244,0.2647317502198769,0.1759014951627089,0.3131046613896218
0.24765729585006693,0.2614904060687193,0.17001338688085676,0.32083891120035696
0.24777183600713013,0.25980392156862747,0.17245989304812834,0.31996434937611407
0.2535087719298246,0.2600877192982456,0.17105263157894737,0.31535087719298244
0.2534095908490981,0.25824901011878576,0.16849978002639684,0.31984161900571934
0.24733570159857904,0.2633214920071048,0.16740674955595028,0.3219360568383659
0.24478009773434029,0.2696579298089738,0.16392714349178142,0.3216348289649045
0.24056813138038172,0.26542387927208166,0.1677762982689747,0.3262316910785619
0.24094769780956637,0.2628520339740724,0.16852928028609745,0.3276709879302637
0.24130240856378235,0.2582515611061552,0.16904549509366637,0.33140053523639607
0.2455595026642984,0.25266429840142096,0.1700710479573712,0.3317051509769094
0.24150110375275938,0.2600441501103753,0.1673289183222958,0.33112582781456956
0.2408888888888889,0.2577777777777778,0.16622222222222222,0.33511111111111114
