R,A,S,N
0.0,0.0,0.0,1.0
0.3333333333333333,0.0,0.0,0.6666666666666666
0.3333333333333333,0.0,0.0,0.6666666666666666
0.3333333333333333,0.0,0.0,0.6666666666666666
0.38461538461538464,0.0,0.0,0.6153846153846154
0.37681159420289856,0.028985507246376812,0.014492753623188406,0.5797101449275363
0.32673267326732675,0.0297029702970297,0.039603960396039604,0.6039603960396039
0.31125827814569534,0.019867549668874173,0.026490066225165563,0.6423841059602649
0.2777777777777778,0.025252525252525252,0.030303030303030304,0.6666666666666666
0.28102189781021897,0.032846715328467155,0.029197080291970802,0.656934306569343
0.27808988764044945,0.047752808988764044,0.025280898876404494,0.648876404494382
0.30131004366812225,0.039301310043668124,0.021834061135371178,0.6375545851528385
0.30124777183600715,0.044563279857397504,0.0213903743315508,0.6327985739750446
0.29971181556195964,0.05187319884726225,0.023054755043227664,0.6253602305475504
0.30522565320665085,0.05819477434679335,0.021377672209026127,0.6152019002375297
0.30777096114519426,0.05930470347648262,0.028629856850715747,0.6042944785276073
0.3007846556233653,0.06887532693984307,0.03400174367916303,0.5963382737576286
0.31298299845440497,0.07573415765069552,0.03632148377125193,0.5749613601236476
0.32085932085932084,0.07969507969507969,0.04365904365904366,0.5557865557865558
0.3108359133126935,0.08173374613003095,0.05263157894736842,0.5547987616099072
0.30424929178470256,0.08385269121813031,0.06005665722379604,0.5518413597733711
0.29754273504273504,0.08814102564102565,0.06891025641025642,0.5454059829059829
0.2917082917082917,0.08791208791208792,0.07892107892107893,0.5414585414585414
0.2929631402584969,0.08760172331258975,0.08664432742939206,0.5327908089995212
0.2965867158671587,0.08763837638376384,0.08763837638376384,0.5281365313653137
0.2914595571622232,0.0867600542250339,0.08992318120198825,0.5318572074107546
0.2884359769605671,0.08861320336730173,0.09481612760301285,0.5281346920691183
0.2936263736263736,0.09054945054945054,0.09274725274725275,0.5230769230769231
0.28779197884530633,0.09343323049801674,0.09607756721022477,0.5226972234464522
0.2925860547219771,0.0997352162400706,0.09135039717563989,0.5163283318623124
0.28658802970729574,0.10048055919615553,0.09217999126256007,0.5207514198339886
0.28300220750551874,0.10198675496688742,0.0922737306843267,0.5227373068432671
0.2872952633908809,0.10535635236830455,0.09163346613545817,0.5157149181053563
0.2860927152317881,0.10596026490066225,0.08918322295805739,0.5187637969094923
0.28822495606326887,0.10588752196836555,0.0913884007029877,0.5144991212653779
0.286660777385159,0.11174911660777385,0.09319787985865724,0.5083922261484098
0.2915194346289753,0.11219081272084806,0.09054770318021202,0.5057420494699647
0.28868258178603007,0.11494252873563218,0.09416445623342175,0.502210433244916
0.28996447602131437,0.11856127886323269,0.09191829484902309,0.49955595026642985
0.2835622507753655,0.12715994683207799,0.09437306158617634,0.49490474080638014
0.2835622507753655,0.11918475852902083,0.09348692955250332,0.5037660611431103
0.274681878016674,0.12417727073277754,0.09302325581395349,0.508117595436595
0.270222999562746,0.12767818102317446,0.0975076519457805,0.5045911674682991
0.27288810260946483,0.12693498452012383,0.09818664307828394,0.5019902697921274
0.27555945590171127,0.1254936375603335,0.09609477841158402,0.5028521281263713
0.27654867256637167,0.12433628318584071,0.09823008849557523,0.5008849557522124
0.27496700395952484,0.12626484821821382,0.1007479102507699,0.49802023757149144
0.2727272727272727,0.12543706293706294,0.10576923076923077,0.49606643356643354
0.2739244951712028,0.12554872695346794,0.10403863037752414,0.49648814749780507
0.27240618101545255,0.12671081677704193,0.10331125827814569,0.4975717439293598
0.2718150087260035,0.1300174520069808,0.1055846422338569,0.49258289703315883
0.26850635129215944,0.13534822601839686,0.10512483574244415,0.49102058694699957
0.2672955974842767,0.13971248876909254,0.10467205750224619,0.48831985624438456
0.2658396101019052,0.1431103234381923,0.10633584404076207,0.4847142224191405
0.2684117125110914,0.13975155279503104,0.11135758651286602,0.48047914818101156
0.27056753189617244,0.13990321161460625,0.11218653761548614,0.47734271887373514
0.2728857890148213,0.13905841325196164,0.10897994768962511,0.479075850043592
0.2698763250883392,0.14487632508833923,0.1073321554770318,0.47791519434628976
0.2709705753184014,0.14756258234519104,0.10891523935002195,0.4725516029863856
0.2783687943262411,0.14716312056737588,0.1099290780141844,0.4645390070921986
0.2770448548812665,0.1455584872471416,0.10378188214599825,0.4736147757255937
0.27380952380952384,0.14285714285714285,0.10405643738977072,0.4792768959435626
0.2693321616871705,0.14718804920913883,0.1023725834797891,0.4811072056239016
0.2737940026075619,0.14819643633202956,0.10126032159930465,0.47674923946110387
0.28102836879432624,0.14893617021276595,0.10195035460992907,0.46808510638297873
0.26690234202386215,0.15466195315952275,0.10119310649580203,0.47724259832081306
0.2732481269281622,0.15337152930806522,0.1000440722785368,0.47333627148523577
0.2764731945059814,0.15773150199379707,0.10101905183872396,0.46477625166149755
0.273568281938326,0.16079295154185022,0.1,0.4656387665198238
0.2750110180696342,0.15689731159100925,0.10092551784927281,0.46716615249008375
0.274681878016674,0.15884159719175076,0.09741114523913998,0.46906537955243527
0.2710896309314587,0.15817223198594024,0.09666080843585237,0.4740773286467487
0.26938239159001315,0.164257555847569,0.09592641261498029,0.4704336399474376
0.27493380406001766,0.15931156222418358,0.09135039717563989,0.4744042365401589
0.28157894736842104,0.16271929824561404,0.08728070175438596,0.46842105263157896
0.2750995134896064,0.1601061477222468,0.09066784608580274,0.4741264927023441
0.27994676131322094,0.16415261756876665,0.09139307897071872,0.4645075421472937
0.2813321647677476,0.16476774758983348,0.09070990359333918,0.46319018404907975
0.27966475518306133,0.1693868548742832,0.08734009704455227,0.46360829289810324
0.2684095860566449,0.16732026143790849,0.0915032679738562,0.47276688453159044
0.27276746242263483,0.16622458001768348,0.09239610963748895,0.46861184792219274
0.28024637043554773,0.15970083589969203,0.09370875494940607,0.4663440387153542
0.28205128205128205,0.15340406719717065,0.09549071618037135,0.46905393457117595
0.28378378378378377,0.15344376634699217,0.0993897122929381,0.46338273757628595
0.2827616534740545,0.1547933157431838,0.1011433597185576,0.46130167106420406
0.2791411042944785,0.15644171779141106,0.10078878177037687,0.4636283961437336
0.27492314448836186,0.15766359244620115,0.10013175230566534,0.46728151075977165
0.27807486631016043,0.15819964349376114,0.10383244206773619,0.45989304812834225
0.27679362267493357,0.15677590788308238,0.10761736049601417,0.4588131089459699
0.2708333333333333,0.15647163120567376,0.10904255319148937,0.46365248226950356
0.2750766535260622,0.15418309242225142,0.11213315812527376,0.45860709592641263
0.27714033539276256,0.1588702559576346,0.11032656663724624,0.45366284201235657
0.27541998231653403,0.15517241379310345,0.11184792219274978,0.45755968169761274
0.28,0.1556043956043956,0.10461538461538461,0.45978021978021977
0.2835622507753655,0.15773150199379707,0.10279131590607,0.4559149313247674
0.28084918177797435,0.15966386554621848,0.102609464838567,0.45687748783724014
0.27971718957136543,0.16394167034909413,0.10296067167476801,0.4533804684047724
0.27701808557565066,0.16365240405822673,0.1027790030877812,0.4565505072783414
0.27453580901856767,0.16843501326259946,0.10079575596816977,0.4562334217506631
0.27324561403508774,0.1692982456140351,0.10043859649122808,0.4570175438596491
0.27380952380952384,0.17239858906525574,0.10185185185185185,0.4519400352733686
0.27557319223985893,0.17592592592592593,0.09700176366843033,0.4514991181657848
0.27753496503496505,0.17482517482517482,0.09702797202797203,0.4506118881118881
0.2743207712532866,0.1730937773882559,0.09903593339176162,0.4535495179666959
0.27437943262411346,0.17065602836879432,0.10195035460992907,0.4530141843971631
0.26402493321460374,0.1740872662511131,0.10463045414069456,0.4572573463935886
0.26262626262626265,0.17347386912604304,0.10408432147562582,0.4598155467720685
0.26430155210643014,0.17427937915742794,0.10376940133037695,0.45764966740576496
0.2663448881088197,0.17332163229486616,0.1031154014918824,0.45721807810443177
0.26972234464521816,0.1740855002203614,0.10356985456148082,0.4526223005729396
0.2664618086040386,0.17647058823529413,0.10359964881474978,0.45346795434591747
0.2631578947368421,0.17412280701754385,0.10438596491228071,0.4583333333333333
0.26063829787234044,0.18129432624113476,0.10283687943262411,0.45523049645390073
0.2599118942731278,0.17841409691629956,0.10176211453744494,0.45991189427312773
0.26148409893992935,0.1784452296819788,0.10468197879858657,0.4553886925795053
0.2607158638974812,0.18073353954927088,0.10251878038002651,0.45603181617322136
0.2545454545454545,0.18048780487804877,0.10509977827050998,0.45986696230598667
0.24704336399474375,0.18659658344283836,0.10600087604029786,0.46035917652212
0.24955985915492956,0.18397887323943662,0.10035211267605634,0.46610915492957744
0.24989020641194554,0.19279754062362758,0.0966183574879227,0.4606938954765042
0.24889086069210292,0.18944099378881987,0.09804791481810116,0.463620230700976
0.24363476733977174,0.18568920105355574,0.10359964881474978,0.46707638279192276
0.24647887323943662,0.18485915492957747,0.11091549295774648,0.45774647887323944
0.24791940429259746,0.19097678493210687,0.11300919842312747,0.4480946123521682
0.25206431986093003,0.19295958279009126,0.11516731855714907,0.4398087787918296
0.25462555066079295,0.1881057268722467,0.11762114537444934,0.439647577092511
0.25854513584574934,0.1831726555652936,0.11744084136722173,0.44084136722173534
0.25765529308836393,0.18547681539807523,0.11592300962379702,0.4409448818897638
0.25492772667542707,0.19053876478318002,0.11563731931668857,0.43889618922470436
0.2532865907099036,0.19281332164767748,0.1126205083260298,0.4412795793163891
0.2557726465364121,0.19094138543516873,0.11634103019538189,0.4369449378330373
0.2539130434782609,0.1956521739130435,0.11608695652173913,0.43434782608695655
0.2567269519188355,0.19144243493603882,0.11777679752977503,0.43405381561535067
0.24955985915492956,0.1932218309859155,0.12235915492957747,0.43485915492957744
0.2588183421516755,0.18915343915343916,0.12345679012345678,0.42857142857142855
0.2556818181818182,0.1909965034965035,0.12368881118881118,0.42963286713286714
0.25675675675675674,0.1931124673060157,0.11639058413251961,0.4337401918047079
0.2605820105820106,0.19135802469135801,0.11684303350970017,0.4312169312169312
0.26146384479717816,0.18915343915343916,0.11375661375661375,0.43562610229276894
0.2541776605101143,0.19217238346525944,0.11565523306948108,0.43799472295514513
0.2559055118110236,0.19553805774278216,0.1167979002624672,0.431758530183727
0.2519788918205805,0.19656992084432717,0.11125769569041337,0.44019349164467897
0.24804856895056374,0.20034692107545535,0.1131830008673027,0.4384215091066782
0.2439772229522558,0.20455540954883925,0.11870346035917652,0.43276390713972845
0.24646017699115044,0.20309734513274336,0.12123893805309735,0.42920353982300885
0.24923076923076923,0.20483516483516484,0.11604395604395605,0.4298901098901099
0.2462686567164179,0.20105355575065847,0.11720807726075505,0.4354697102721686
0.25495376486129456,0.19903126376045796,0.11492734478203434,0.43108762659621314
0.24845542806707854,0.206090026478376,0.11694616063548102,0.42850838481906445
0.2536520584329349,0.1983178397521027,0.12084993359893759,0.4271801682160248
0.24857518632178868,0.20210434020166593,0.12275317843051294,0.42656729504603247
0.25,0.20394736842105263,0.11929824561403508,0.4267543859649123
0.24777580071174377,0.19973309608540926,0.12322064056939502,0.429270462633452
0.24353920280332894,0.19754708716600963,0.12176960140166447,0.43714410862899694
0.2482456140350877,0.19956140350877194,0.12236842105263158,0.4298245614035088
0.25198587819947044,0.2030008826125331,0.1204766107678729,0.4245366284201236
0.25680421422300265,0.20632133450395082,0.12071992976294996,0.4161545215100966
0.25746924428822493,0.20826010544815465,0.12038664323374342,0.413884007029877
0.25978021978021976,0.2079120879120879,0.12395604395604395,0.40835164835164833
0.26449912126537783,0.2095782073813708,0.1225834797891037,0.4033391915641476
0.26842105263157895,0.20833333333333334,0.11929824561403508,0.4039473684210526
0.26721883173496075,0.21490845684394072,0.11857018308631212,0.3993025283347864
0.2690780767534186,0.2152624614027349,0.11865902073224525,0.3970004411116012
0.2708150744960561,0.22085889570552147,0.1196319018404908,0.3886941279579316
0.2784191829484902,0.21580817051509768,0.11856127886323269,0.3872113676731794
0.27699115044247785,0.2234513274336283,0.11902654867256637,0.3805309734513274
0.278391515687141,0.21873619089703933,0.1171011931064958,0.38577110030932393
0.2769162605228179,0.22463447053610988,0.11652636242800177,0.3819229065130704
0.27469135802469136,0.2244268077601411,0.11331569664902998,0.38756613756613756
0.2754069511658601,0.225692916849978,0.11438627364716233,0.3845138583369996
0.275032794053345,0.22693484914735462,0.11587232181897683,0.3821600349803236
0.27713523131672596,0.226423487544484,0.11476868327402136,0.3816725978647687
0.2753940455341506,0.2276707530647986,0.11339754816112084,0.38353765323992994
0.272887323943662,0.22579225352112675,0.11443661971830986,0.38688380281690143
0.2736842105263158,0.22763157894736843,0.11140350877192982,0.38728070175438595
0.2663736263736264,0.2356043956043956,0.11824175824175824,0.3797802197802198
0.2621657167908812,0.23498465585269618,0.12056115738711091,0.3822884699693117
0.26071741032370954,0.23972003499562555,0.1167979002624672,0.38276465441819774
0.26501766784452296,0.23409893992932862,0.1166077738515901,0.3842756183745583
0.26217891939769705,0.23604960141718334,0.11780336581045173,0.38396811337466785
0.2680549401860877,0.23438192290651308,0.11120957022596367,0.38635356668143556
0.2638522427440633,0.23482849604221637,0.11345646437994723,0.38786279683377306
0.2647317502198769,0.23131046613896217,0.11345646437994723,0.39050131926121373
0.26290463692038496,0.23403324584426946,0.1163604549431321,0.3867016622922135
0.256021409455843,0.23728813559322035,0.11819803746654772,0.38849241748438895
0.2598944591029024,0.23790677220756376,0.11609498680738786,0.386103781882146
0.26016615653694797,0.2409269785745518,0.11587232181897683,0.3830345430695234
0.2593886462882096,0.2410480349344978,0.11397379912663755,0.385589519650655
0.25662544169611307,0.2393992932862191,0.11616607773851591,0.3878091872791519
0.25870427501101806,0.2371088585279859,0.11767298369325695,0.38651388276773907
0.25451343020695727,0.23690004403346543,0.1210920299427565,0.38749449581682077
0.2560706401766004,0.23311258278145697,0.11788079470198676,0.39293598233995586
0.25254312251216277,0.23219814241486067,0.12339672711189739,0.3918620079610792
0.25981473312748127,0.23114247904719895,0.12307013674459638,0.38597265108072343
0.2584171403585483,0.23261915172715347,0.12330564057717534,0.3856580673371229
0.2566915313734094,0.23211935059236508,0.12593242650285214,0.38525669153137343
0.253671562082777,0.23542501112594572,0.12550066755674233,0.38540275923453493
0.25220848056537104,0.2318904593639576,0.12455830388692579,0.3913427561837456
0.25680421422300265,0.23046532045654083,0.12774363476733977,0.3849868305531168
0.26017699115044246,0.22920353982300884,0.12831858407079647,0.3823008849557522
0.26037069726390116,0.23168578993821712,0.12797881729920565,0.37996469549867606
0.26107942079859586,0.23168056164984643,0.12681000438788942,0.38043001316366826
0.25939019001325675,0.23641184268669907,0.12593901900132567,0.37825894829871853
0.2572052401746725,0.23231441048034934,0.12663755458515283,0.3838427947598253
0.2582781456953642,0.23620309050772628,0.12538631346578366,0.3801324503311258
0.2589010989010989,0.23692307692307693,0.12747252747252746,0.3767032967032967
0.25925925925925924,0.23985890652557318,0.12874779541446207,0.37213403880070545
0.258446687143484,0.2360684510750329,0.13075910487055725,0.37472575691092586
0.25911286780852,0.2362758014931928,0.12955643390426,0.3750548967940272
0.25867369345630215,0.23407992973210365,0.13438735177865613,0.37285902503293805
0.2619153674832962,0.23385300668151449,0.13051224944320713,0.37371937639198216
0.26108156028368795,0.22739361702127658,0.12588652482269502,0.38563829787234044
0.2616740088105727,0.22466960352422907,0.12819383259911896,0.3854625550660793
0.2667844522968198,0.21908127208480566,0.12897526501766785,0.38515901060070673
0.2652972027972028,0.22508741258741258,0.1284965034965035,0.3811188811188811
0.2745270567531896,0.22173339199296085,0.12142542894852618,0.38231412230532336
0.2795085563843791,0.2198332602018429,0.12154453707766565,0.37911364633611233
0.2882764654418198,0.2174103237095363,0.12335958005249344,0.37095363079615046
0.2889767237593325,0.22090469916556874,0.11506368028107158,0.3750548967940272
0.28819599109131405,0.2129175946547884,0.12071269487750556,0.378173719376392
0.2874725274725275,0.21494505494505495,0.11648351648351649,0.3810989010989011
0.28790534618755476,0.21384750219106047,0.11744084136722173,0.380806310254163
0.2845849802371542,0.21256038647342995,0.11769872639437857,0.3851559068950373
0.2790393013100437,0.21179039301310043,0.11790393013100436,0.39126637554585153
0.2845814977973568,0.20881057268722467,0.11850220264317181,0.3881057268722467
0.2761946514686541,0.21613327487943884,0.1179307321350285,0.38974134151687856
0.2756324900133156,0.2134931202840657,0.11540168664003551,0.3954727030625832
0.27920353982300883,0.215929203539823,0.11548672566371682,0.3893805309734513
0.2897155361050328,0.21663019693654267,0.11291028446389496,0.38074398249452956
0.28979771328056286,0.21459982409850484,0.1090589270008795,0.3865435356200528
0.2864651773981603,0.21681997371879105,0.1099430573806395,0.3867717915024091
0.29094922737306844,0.2185430463576159,0.10949227373068433,0.38101545253863134
0.2942719720157411,0.22518583296895497,0.10494097070397901,0.37560122431132487
0.28408091468777485,0.23306948109058928,0.10817941952506596,0.37467018469656993
0.2876712328767123,0.23022536456031817,0.11135660627485638,0.37074679628811313
0.2853992059991178,0.22805469783855314,0.10983678870754301,0.37670930745478604
0.2791005291005291,0.22663139329805995,0.1164021164021164,0.37786596119929455
0.277119016249451,0.2274923144488362,0.11725955204216074,0.37812911725955206
0.276707530647986,0.23029772329246936,0.11602451838879159,0.37697022767075306
0.27821869488536155,0.2345679012345679,0.11596119929453262,0.3712522045855379
0.27411610650371016,0.22828459188127456,0.1152335224792667,0.3823657791357486
0.2692476902771667,0.23273207215134184,0.11746590409150902,0.3805543334799824
0.27006651884700666,0.2279379157427938,0.11840354767184036,0.3835920177383592
0.2714535901926445,0.22329246935201402,0.11865148861646235,0.38660245183887915
0.2773146116717859,0.21456779289161912,0.12110574813514699,0.387011847301448
0.2738147984049623,0.21621621621621623,0.11962782454585734,0.3903411608329641
0.27320954907161804,0.21573828470380194,0.11803713527851459,0.39301503094606544
0.2726075504828797,0.21992976294995611,0.11589113257243196,0.3915715539947322
0.2652425456163774,0.21895861148197596,0.11882510013351134,0.3969737427681353
0.26255506607929513,0.2145374449339207,0.1211453744493392,0.4017621145374449
0.2607929515418502,0.2145374449339207,0.11762114537444934,0.40704845814977975
0.2661965623622741,0.21639488761568973,0.11502864698104892,0.4023799030409872
0.27153476169654567,0.21381722780935725,0.11368605159597726,0.4009619588981198
0.27324561403508774,0.21710526315789475,0.11403508771929824,0.3956140350877193
0.27288810260946483,0.21716054842989826,0.11764705882352941,0.3923042901371075
0.2740026304252521,0.21306444541867603,0.11573871109162648,0.3971942130644454
0.2707597173144876,0.21952296819787986,0.11969964664310954,0.39001766784452296
0.2738825591586328,0.22173531989482909,0.12182296231375986,0.3825591586327783
0.26702033598585323,0.21794871794871795,0.1246684350132626,0.39036251105216624
0.2662852112676056,0.21963028169014084,0.12235915492957747,0.39172535211267606
0.2692982456140351,0.2206140350877193,0.11798245614035088,0.39210526315789473
0.27071333628710675,0.21798848028356224,0.11652636242800177,0.3947718210013292
0.27352682497801234,0.2198768689533861,0.11477572559366754,0.391820580474934
0.2796352583586626,0.21623968736430743,0.11767260095527572,0.3864524533217542
0.2781195079086116,0.21441124780316345,0.11599297012302284,0.3914762741652021
0.27508802816901406,0.22227112676056338,0.10915492957746478,0.39348591549295775
0.2729693741677763,0.22592099422991566,0.10741233910341766,0.39369729249889035
0.2721631205673759,0.22783687943262412,0.1099290780141844,0.3900709219858156
0.266900790166813,0.2317822651448639,0.10886742756804214,0.3924495171202809
0.2731297034085879,0.22930500221336875,0.1102257636122178,0.3873395307658256
0.2776066871975363,0.23185217773867137,0.1117465904091509,0.37879454465464146
0.27917217084984586,0.22677234698370763,0.11668868339938353,0.37736679876706297
0.2788933511825078,0.22936189201249443,0.11557340473003123,0.37617135207496655
0.2712694877505568,0.22939866369710468,0.11893095768374165,0.3804008908685969
0.27569475077194533,0.2267313630348478,0.11821790913101014,0.37935597706219676
0.2801418439716312,0.23093971631205673,0.11923758865248227,0.3696808510638298
0.27047038327526135,0.24390243902439024,0.11628919860627178,0.3693379790940767
0.26848591549295775,0.24779929577464788,0.11267605633802817,0.3710387323943662
0.2706866197183099,0.24779929577464788,0.11091549295774648,0.37059859154929575
0.2668711656441718,0.24452234881682736,0.11218229623137599,0.3764241893076249
0.27113447218572057,0.24353920280332894,0.11300919842312747,0.37231712658782307
0.2786309784993418,0.24177270732777534,0.11276875822729267,0.3668275559455902
0.2780229479258605,0.2409532215357458,0.11032656663724624,0.3706972639011474
0.27768090671316475,0.24324324324324326,0.11203138622493461,0.36704446381865735
0.28036971830985913,0.24119718309859156,0.1113556338028169,0.3670774647887324
0.28134556574923547,0.24027959807776322,0.11358671909130624,0.36478811708169506
0.28354978354978355,0.24025974025974026,0.11515151515151516,0.36103896103896105
0.28103146853146854,0.24125874125874125,0.11494755244755245,0.36276223776223776
0.274235807860262,0.24017467248908297,0.11484716157205241,0.3707423580786026
0.2735723771580345,0.23904382470119523,0.11775121735281098,0.3696325807879593
0.26423487544483987,0.2411032028469751,0.11565836298932385,0.3790035587188612
0.27047366091190794,0.24081451969898185,0.11907923860115095,0.3696325807879593
0.26929902395740907,0.243566992014197,0.11668145519077196,0.37045252883762203
0.2677234698370762,0.2430647291941876,0.11404667547335975,0.3751651254953765
0.2610619469026549,0.2482300884955752,0.11371681415929204,0.3769911504424779
0.2565236620964175,0.2547545333923043,0.1172047766475011,0.3715170278637771
0.25937362152624616,0.25540361711513015,0.11689457432730481,0.3683281870313189
0.254962505513895,0.2567269519188355,0.11821790913101014,0.37009263343625937
0.26299694189602446,0.2516382699868938,0.11751856705985146,0.36784622105723025
0.2618006993006993,0.24694055944055945,0.11800699300699301,0.3732517482517482
0.2641014429383472,0.2505465675557499,0.11937035417577613,0.3659816353301268
0.2666372851476421,0.250771264874394,0.11899515204936095,0.36359629792860293
0.26810004387889425,0.25142606406318563,0.1184730144800351,0.362000877577885
0.2711267605633803,0.24735915492957747,0.11663732394366197,0.3648767605633803
0.26846528084918175,0.24590888987173817,0.11543564794338788,0.37019018133569215
0.26452464788732394,0.2420774647887324,0.11971830985915492,0.37367957746478875
0.26341248900615655,0.2418645558487247,0.12225153913808268,0.37247141600703604
0.2711564023039433,0.23792645104120513,0.12450155073105892,0.36641559592379264
0.2710526315789474,0.23289473684210527,0.1267543859649123,0.36929824561403507
0.2633201232937032,0.23557904007045355,0.12505504183179217,0.3760457948040511
0.26373626373626374,0.23648351648351648,0.12263736263736263,0.37714285714285717
0.2677234698370762,0.24438573315719947,0.1206516952884192,0.36723910171730517
0.2595688517377915,0.23845138583369996,0.12406511218653761,0.37791465024197096
0.26171529619805484,0.2427055702917772,0.12157382847038019,0.3740053050397878
0.2547211242863417,0.24154589371980675,0.1251646903820817,0.37856829161176986
0.2608886933567972,0.23713154421469423,0.11966564012318522,0.38231412230532336
0.26500219010074466,0.24003504161191414,0.12395970214629873,0.3710030661410425
0.2632967032967033,0.2334065934065934,0.12747252747252746,0.3758241758241758
0.26506550218340613,0.2331877729257642,0.125764192139738,0.3759825327510917
0.26616805983282005,0.23669159700835898,0.12890453145622524,0.3682358117025957
0.26652078774617066,0.23107221006564552,0.13479212253829323,0.3676148796498906
0.26681318681318683,0.2342857142857143,0.1345054945054945,0.3643956043956044
0.27134146341463417,0.2308362369337979,0.13414634146341464,0.3636759581881533
0.26354895104895104,0.23164335664335664,0.13767482517482518,0.36713286713286714
0.25978021978021976,0.23384615384615384,0.13758241758241757,0.3687912087912088
0.2612732095490716,0.22811671087533156,0.13837312113174183,0.372236958443855
0.2607158638974812,0.22801590808661068,0.14007954043305346,0.3711886875828546
0.25418502202643173,0.22687224669603523,0.13920704845814977,0.37973568281938325
0.2570298769771529,0.22056239015817222,0.13576449912126537,0.3866432337434095
0.2567269519188355,0.21835024261138067,0.13542126157917952,0.3895015438906043
0.2603160667251975,0.218612818261633,0.1334503950834065,0.38762071992976294
0.2662565905096661,0.22275922671353252,0.12785588752196836,0.38312829525483305
0.2687555163283319,0.21844660194174756,0.1293027360988526,0.38349514563106796
0.26613965744400525,0.2231005709266579,0.12911725955204217,0.38164251207729466
0.2630884293884734,0.22173339199296085,0.13330400351957766,0.38187417509898813
0.2671688081524147,0.21488701816570668,0.13690739920248116,0.38103677447939743
0.2656940760389036,0.21529619805481875,0.1330680813439434,0.3859416445623342
0.2698689956331878,0.21353711790393012,0.12882096069868995,0.38777292576419214
0.2681958535509484,0.21967357741508603,0.12836347595941774,0.38376709307454787
0.2692136828076411,0.21501554864504666,0.12705464238116393,0.38871612616614837
0.2751322751322751,0.21119929453262787,0.12654320987654322,0.3871252204585538
0.27148523578669015,0.21727633318642575,0.13001322168356105,0.38122520934332305
0.2701525054466231,0.2113289760348584,0.13202614379084968,0.38649237472766884
0.27348551360842843,0.21597892888498682,0.13081650570676032,0.3797190517998244
0.2756494936151475,0.21356230735358872,0.13033905768383972,0.380449141347424
0.26786497150372646,0.21306444541867603,0.13502849627356422,0.38404208680403334
0.27200353825740825,0.210968597965502,0.13622291021671826,0.38080495356037153
0.2696728558797524,0.21087533156498675,0.13351016799292661,0.3859416445623342
0.27324561403508774,0.21096491228070174,0.1324561403508772,0.38333333333333336
0.2723292469352014,0.21453590192644484,0.1330998248686515,0.38003502626970226
0.2762577228596646,0.21624007060900266,0.13062665489849956,0.3768755516328332
0.27851458885941643,0.21794871794871795,0.12953138815207782,0.3740053050397878
0.2827433628318584,0.215929203539823,0.13053097345132744,0.37079646017699114
0.27831858407079646,0.22079646017699114,0.12964601769911505,0.3712389380530973
0.28031634446397186,0.21133567662565905,0.13884007029876977,0.3695079086115993
0.27586206896551724,0.21264367816091953,0.13925729442970822,0.372236958443855
0.269281045751634,0.21568627450980393,0.13856209150326798,0.3764705882352941
0.26783369803063456,0.2175054704595186,0.13566739606126915,0.37899343544857766
0.2695191883546537,0.21790913101014556,0.13277459197176886,0.37979708866343187
0.26953467954345917,0.22036874451273047,0.1391571553994732,0.37093942054433715
0.26399294843543414,0.2146319964742177,0.1397091229616571,0.38166593212869104
0.2654945054945055,0.2123076923076923,0.1402197802197802,0.381978021978022
0.26411738550466873,0.20675855935971543,0.14851044908848376,0.38061360604713207
0.26763031099430573,0.20455540954883925,0.15155497152869032,0.3762593079281647
0.26810004387889425,0.2071083808688021,0.1509433962264151,0.37384817902588857
0.2687089715536105,0.2100656455142232,0.15098468271334792,0.3702407002188184
0.2666959578207381,0.21660808435852372,0.15114235500878734,0.3655536028119508
0.2664604507291206,0.22403888643393724,0.14759169244365886,0.36190897039328324
0.26616805983282005,0.21953365596128466,0.14254289485261767,0.3717553893532776
0.2717678100263852,0.2185576077396658,0.13984168865435356,0.3698328935795954
0.26897762176393153,0.21544537077665643,0.13997367266344887,0.37560333479596314
0.266199649737303,0.21935201401050788,0.13485113835376533,0.37959719789842383
0.27080581241743723,0.21092029942756496,0.13738441215323646,0.3808894760017613
0.27155555555555555,0.21066666666666667,0.13777777777777778,0.38
0.27388815499779834,0.2170849845882871,0.13826508146191105,0.3707617789520035
0.2750551876379691,0.2185430463576159,0.13863134657836645,0.36777041942604854
0.2781456953642384,0.21677704194260486,0.13774834437086092,0.3673289183222958
0.28236853733981443,0.21785240830755634,0.13389306230667256,0.3658859920459567
0.28068631764188295,0.225692916849978,0.13638363396392433,0.3572371315442147
0.2705061082024433,0.2299301919720768,0.13568935427574172,0.36387434554973824
0.27192205491585475,0.22984942426926483,0.1341895482728078,0.3640389725420726
0.2647961420429636,0.23235423060061378,0.13941253836036827,0.36343708899605437
0.2663405958203646,0.2334370831480658,0.14050689195197866,0.3597154290795909
0.26366418889374726,0.240052470485352,0.139921294271972,0.3563620463489287
0.2634573304157549,0.23544857768052516,0.13829321663019695,0.36280087527352295
0.2623169107856192,0.23435419440745672,0.1411451398135819,0.3621837549933422
0.2688028482421006,0.2349799732977303,0.1344014241210503,0.36181575433911883
0.269806338028169,0.22931338028169015,0.1324823943661972,0.3683978873239437
0.26812227074235806,0.2262008733624454,0.13362445414847163,0.3720524017467249
0.26631393298059963,0.23721340388007053,0.12962962962962962,0.36684303350970016
0.2624890446976337,0.23400525854513585,0.13102541630148992,0.37248028045574055
0.2676118741692512,0.22995126273814798,0.13070447496677004,0.37173238812583076
0.27065026362038663,0.23198594024604569,0.13093145869947276,0.3664323374340949
0.2671654929577465,0.22755281690140844,0.13424295774647887,0.3710387323943662
0.26740576496674057,0.2328159645232816,0.13170731707317074,0.36807095343680707
0.26722246599385696,0.2277314611671786,0.13251426064063185,0.3725318121983326
0.2632042253521127,0.23283450704225353,0.13160211267605634,0.37235915492957744
0.26238286479250333,0.23605533244087462,0.13297634984381973,0.3685854529228023
0.2558139534883721,0.24221149627029398,0.1320754716981132,0.36989907854322074
0.25689277899343543,0.23238512035010941,0.14179431072210066,0.3689277899343545
0.2596026490066225,0.23090507726269316,0.13730684326710818,0.37218543046357616
0.2556719022687609,0.2299301919720768,0.1400523560209424,0.3743455497382199
0.25559947299077734,0.22837066315327184,0.13877909530083443,0.37725076855511636
0.25687666370896184,0.23247559893522626,0.13753327417923691,0.373114463176575
0.25877192982456143,0.23114035087719298,0.1368421052631579,0.3732456140350877
0.2590492804186655,0.23724378543392935,0.1343218491059747,0.3693850850414304
0.25970017636684306,0.23059964726631393,0.13580246913580246,0.37389770723104054
0.25519681556833257,0.23396727111897392,0.14153029632905795,0.36930561698363557
0.2559366754617414,0.23658751099384345,0.13852242744063326,0.36895338610378187
0.257529463116543,0.23963334788302051,0.13836752509821038,0.3644696639022261
0.25521526853084775,0.2401242787394585,0.1380381713271194,0.36662228140257436
0.2566137566137566,0.23985890652557318,0.1402116402116402,0.36331569664902996
0.2601054481546573,0.23857644991212654,0.13400702987697716,0.36731107205623903
0.2535273368606702,0.23412698412698413,0.13447971781305115,0.37786596119929455
0.2591289045314562,0.2353717553893533,0.13462384513858336,0.3708754949406071
0.2646276595744681,0.2349290780141844,0.1351950354609929,0.36524822695035464
0.27023440955329503,0.23839009287925697,0.13047324192835028,0.3609022556390977
0.2633889376646181,0.2392449517120281,0.13432835820895522,0.3630377524143986
0.2614980289093298,0.2422251423565484,0.13534822601839686,0.3609286027157249
0.2619257950530035,0.247791519434629,0.13206713780918727,0.3582155477031802
0.2604303908651735,0.24989020641194554,0.12999560825647782,0.35968379446640314
0.2543782837127846,0.2548161120840631,0.13528896672504379,0.3555166374781086
0.25778167470407715,0.24857518632178868,0.12889083735203857,0.3647523016220956
0.2616740088105727,0.24713656387665198,0.13083700440528634,0.360352422907489
0.2600877192982456,0.2517543859649123,0.1307017543859649,0.3574561403508772
0.25979744605900484,0.24394539850286218,0.13210039630118892,0.36415675913694406
0.25862068965517243,0.24624226348364278,0.1361626878868258,0.358974358974359
0.26052631578947366,0.24035087719298245,0.13289473684210526,0.36622807017543857
0.2552724077328647,0.24077328646748683,0.13488576449912126,0.36906854130052724
0.2607929515418502,0.24052863436123348,0.13744493392070484,0.36123348017621143
0.258996001776988,0.2394491337183474,0.1341625944024878,0.3673922701021768
0.25384277558190604,0.24857268335529206,0.13087395696091347,0.36671058410188845
0.256816182937555,0.24406332453825857,0.13544415127528583,0.36367634124890064
0.2611973392461197,0.24390243902439024,0.13215077605321507,0.36274944567627493
0.25935596170583114,0.24281984334203655,0.13533507397737163,0.36248912097476066
0.2605820105820106,0.2429453262786596,0.1349206349206349,0.36155202821869487
0.258193091231178,0.25066430469441986,0.12798937112488928,0.36315323294951285
0.2552724077328647,0.2504393673110721,0.1265377855887522,0.36775043936731105
0.2517699115044248,0.2575221238938053,0.12699115044247788,0.363716814159292
0.2483574244415243,0.2588699080157687,0.1322820849759089,0.36049058256679806
0.2425176056338028,0.2596830985915493,0.12940140845070422,0.3683978873239437
0.24147097917589722,0.25476295968099244,0.1284891448825875,0.37527691626052284
0.24956063268892795,0.2570298769771529,0.12873462214411246,0.36467486818980666
0.25342163355408387,0.2525386313465784,0.12671081677704193,0.3673289183222958
0.24734513274336284,0.25398230088495577,0.12920353982300886,0.3694690265486726
0.25,0.25440140845070425,0.1267605633802817,0.36883802816901406
0.2530594405594406,0.2521853146853147,0.125,0.36975524475524474
0.25451343020695727,0.2509907529722589,0.12945838837516513,0.36503742844561865
0.25208974923009236,0.25604927408710954,0.12890453145622524,0.36295644522657283
0.2504378283712785,0.2535026269702277,0.13528896672504379,0.3607705779334501
0.257243195785777,0.2497805092186128,0.1321334503950834,0.3608428446005268
0.2560386473429952,0.25252525252525254,0.12736056214317085,0.36407553798858144
0.2526362038664323,0.2530755711775044,0.1313708260105448,0.36291739894551844
0.25440140845070425,0.25088028169014087,0.1311619718309859,0.363556338028169
0.25363917071018965,0.25275694750771943,0.1310101455668284,0.3625937362152625
0.25769569041336854,0.256816182937555,0.12708883025505716,0.35839929639401935
0.2508818342151676,0.2535273368606702,0.12654320987654322,0.36904761904761907
0.250989010989011,0.2479120879120879,0.12439560439560439,0.3767032967032967
0.25309187279151946,0.24381625441696114,0.12853356890459364,0.3745583038869258
0.25738210665491407,0.23490524460114587,0.12604671661524902,0.38166593212869104
0.2600700525394046,0.23555166374781086,0.1265323992994746,0.37784588441330996
0.2588339222614841,0.23233215547703182,0.11925795053003534,0.38957597173144876
0.2581913499344692,0.23154215814766274,0.12450851900393185,0.3857579729139362
0.2565352237483385,0.23260965883916704,0.11962782454585734,0.39122729286663716
0.2607929515418502,0.2277533039647577,0.11938325991189427,0.3920704845814978
0.254585152838428,0.2331877729257642,0.11921397379912664,0.3930131004366812
0.2594050743657043,0.22922134733158356,0.1189851268591426,0.39238845144356954
0.2589010989010989,0.22989010989010988,0.12703296703296704,0.3841758241758242
0.25754884547069273,0.2291296625222025,0.12122557726465365,0.39209591474245115
0.2571047957371226,0.22824156305506216,0.12300177619893428,0.391651865008881
0.2631810193321617,0.23110720562390158,0.11994727592267135,0.38576449912126537
0.2610406646261478,0.23393091386095322,0.12111937035417578,0.3839090511587232
0.2657281126264848,0.2278926528816542,0.12406511218653761,0.38231412230532336
0.2692982456140351,0.22631578947368422,0.12236842105263158,0.38201754385964914
0.27388815499779834,0.2170849845882871,0.1202113606340819,0.38881549977983265
0.2694663167104112,0.22003499562554682,0.12379702537182852,0.3867016622922135
0.2647577092511013,0.21674008810572687,0.12599118942731277,0.392511013215859
0.27173438182612497,0.21406727828746178,0.1310615989515072,0.3831367409349061
0.2776553547818422,0.2124283825473777,0.12648743940061702,0.3834288232701631
0.2752982766239505,0.2129916040653999,0.12814847547503314,0.3835616438356164
0.2770448548812665,0.2154793315743184,0.12445030782761654,0.3830255057167986
0.2730465320456541,0.21553994732221246,0.12949956101843724,0.38191395961369623
0.2756043956043956,0.21626373626373627,0.1265934065934066,0.38153846153846155
0.2694185530403906,0.2166000887705282,0.1278295605858855,0.38615179760319573
0.2724856003544528,0.2202038103677448,0.12760301284891448,0.3797075764288879
0.27365163572060125,0.21839080459770116,0.12643678160919541,0.38152077807250223
0.26972234464521816,0.22520934332304982,0.12031732040546496,0.3847509916262671
0.2687224669603524,0.2198237885462555,0.11938325991189427,0.3920704845814978
0.2696728558797524,0.21971706454465076,0.11626878868258178,0.394341290893015
0.2628318584070796,0.2247787610619469,0.1168141592920354,0.39557522123893807
0.2598770851624232,0.2212467076382792,0.11764705882352941,0.40122914837576823
0.26005244755244755,0.2202797202797203,0.12106643356643357,0.3986013986013986
0.2647577092511013,0.2198237885462555,0.1237885462555066,0.39162995594713657
0.2602197802197802,0.22285714285714286,0.12571428571428572,0.3912087912087912
0.2682819383259912,0.21541850220264316,0.12290748898678414,0.3933920704845815
0.2663736263736264,0.2175824175824176,0.11692307692307692,0.3991208791208791
0.2658504591167468,0.2186270222999563,0.1184958460865763,0.3970266724967206
0.26516157591854805,0.21646746347941567,0.11775121735281098,0.40061974324922534
0.2776553547818422,0.21066549140590568,0.11723226090788894,0.39444689290436313
0.2748460861917326,0.21328056288478453,0.12093227792436236,0.3909410729991205
0.27846425419240955,0.21800529567519858,0.11429832303618712,0.38923212709620475
0.272207563764292,0.22075637642919965,0.1169744942832014,0.39006156552330695
0.27005699254712845,0.21964050854888206,0.1170539237176677,0.3932485751863218
0.26520787746170676,0.22056892778993437,0.12078774617067833,0.39343544857768054
0.2690288713910761,0.21916010498687663,0.1220472440944882,0.38976377952755903
0.2770979020979021,0.21765734265734266,0.12106643356643357,0.38417832167832167
0.2776553547818422,0.21992066989863376,0.11811370647862494,0.3843102688408991
0.27802101576182137,0.21935201401050788,0.11558669001751314,0.38704028021015763
0.2787102473498233,0.21863957597173145,0.11219081272084806,0.39045936395759717
0.2785871964679912,0.22560706401766004,0.10728476821192053,0.38852097130242824
0.28003533568904593,0.22703180212014135,0.10335689045936396,0.38957597173144876
0.28602715724923344,0.22601839684625494,0.10600087604029786,0.38195356986421375
0.28342958685028874,0.2252332296756997,0.10750777432252333,0.3838294091514882
0.2819599109131403,0.23028953229398663,0.10734966592427617,0.3804008908685969
