R,A,S,N
0.0,0.0,1.0,0.0
0.0,0.0,1.0,0.0
0.0,0.3333333333333333,0.6666666666666666,0.0
0.0,0.5,0.5,0.0
0.3333333333333333,0.3333333333333333,0.3333333333333333,0.0
0.42857142857142855,0.2857142857142857,0.14285714285714285,0.14285714285714285
0.5714285714285714,0.14285714285714285,0.14285714285714285,0.14285714285714285
0.3333333333333333,0.1111111111111111,0.1111111111111111,0.4444444444444444
0.3076923076923077,0.07692307692307693,0.0,0.6153846153846154
0.3157894736842105,0.05263157894736842,0.0,0.631578947368421
0.4782608695652174,0.0,0.0,0.5217391304347826
0.4857142857142857,0.0,0.02857142857142857,0.4857142857142857
0.3953488372093023,0.0,0.023255813953488372,0.5813953488372093
0.36363636363636365,0.0,0.03636363636363636,0.6
0.2916666666666667,0.0,0.027777777777777776,0.6805555555555556
0.3333333333333333,0.0,0.021505376344086023,0.6451612903225806
0.3445378151260504,0.0,0.01680672268907563,0.6386554621848739
0.363013698630137,0.0,0.0136986301369863,0.6232876712328768
0.34806629834254144,0.0,0.011049723756906077,0.6408839779005525
0.3364485981308411,0.0,0.009345794392523364,0.6542056074766355
0.3308270676691729,0.011278195488721804,0.011278195488721804,0.6466165413533834
0.31699346405228757,0.016339869281045753,0.013071895424836602,0.6535947712418301
0.3472222222222222,0.013888888888888888,0.011111111111111112,0.6277777777777778
0.3405275779376499,0.014388489208633094,0.009592326139088728,0.6354916067146283
0.33052631578947367,0.014736842105263158,0.008421052631578947,0.6463157894736842
0.33643122676579923,0.013011152416356878,0.011152416356877323,0.6394052044609665
0.33444259567387685,0.013311148086522463,0.013311148086522463,0.6389351081530782
0.3372093023255814,0.01744186046511628,0.01308139534883721,0.6322674418604651
0.3469119579500657,0.01576872536136662,0.011826544021024968,0.6254927726675427
0.34397163120567376,0.013002364066193853,0.009456264775413711,0.6335697399527187
0.34501061571125263,0.010615711252653927,0.013800424628450107,0.6305732484076433
0.351976856316297,0.01253616200578592,0.01253616200578592,0.6229508196721312
0.36412556053811657,0.015246636771300448,0.015246636771300448,0.6053811659192825
0.35841423948220064,0.01699029126213592,0.014563106796116505,0.610032362459547
0.35577658760520275,0.016067329762815608,0.015302218821729151,0.6128538638102525
0.35446685878962536,0.015129682997118156,0.012968299711815562,0.6174351585014409
0.3483221476510067,0.01476510067114094,0.014093959731543624,0.6228187919463087
0.34674329501915707,0.015964240102171137,0.0140485312899106,0.6232439335887612
0.3516687268232386,0.012978986402966625,0.012978986402966625,0.6223733003708282
0.34480746791131855,0.012835472578763127,0.011668611435239206,0.6306884480746792
0.3483210017074559,0.010813887307911212,0.011383039271485486,0.6294820717131474
0.3460490463215259,0.010899182561307902,0.013079019073569483,0.6299727520435967
0.342627345844504,0.011260053619302948,0.012332439678284183,0.6337801608579089
0.3408141962421712,0.012526096033402923,0.013569937369519834,0.6330897703549061
0.34164969450101834,0.012729124236252547,0.01374745417515275,0.6318737270875764
0.3397341211225997,0.013786312161496799,0.013293943870014771,0.6331856228458888
0.34388699464198735,0.01607403799318071,0.013151485630784217,0.6268874817340477
0.3450602409638554,0.015903614457831325,0.015421686746987951,0.6236144578313253
0.34901222953904043,0.016462841015992474,0.015522107243650047,0.6190028222013171
0.3507152745731426,0.01753576372865713,0.01661282879556991,0.6151361329026304
0.3563270899954317,0.01735952489721334,0.01735952489721334,0.6089538602101416
0.35588633288227334,0.02074875958502481,0.017140279657194408,0.6062246278755075
0.36315086782376504,0.021806853582554516,0.018691588785046728,0.5963506898086337
0.36877224199288255,0.025355871886120998,0.017793594306049824,0.5880782918149466
0.36860827034237437,0.02845709204090707,0.018674966651845263,0.5842596709648733
0.3746642793196061,0.03043867502238138,0.019695613249776187,0.5752014324082364
0.3718861209964413,0.030249110320284697,0.021352313167259787,0.5765124555160143
0.3713904931141715,0.029320302087960905,0.02265659706796979,0.5766326077298978
0.3642413487133984,0.03371783496007098,0.024401064773735583,0.577639751552795
0.3609865470852018,0.033632286995515695,0.025112107623318385,0.5802690582959641
0.36897923110914715,0.0344675209898365,0.025187803800265134,0.5713654441007512
0.3657345761207279,0.037283621837549935,0.026187305814469597,0.5707944962272525
0.3676929941990183,0.03435966086568496,0.02320392681838465,0.5747434181169121
0.3732800710164225,0.03506435863293387,0.024855747891699954,0.5667998224589437
0.3719266875279392,0.03442109968708091,0.02682163611980331,0.5668305766651766
0.3751123090745732,0.03504043126684636,0.026504941599281222,0.5633423180592992
0.3733809736489504,0.03573023671281822,0.027690933452434122,0.5631978561857972
0.3787139689578714,0.03547671840354767,0.029711751662971176,0.5560975609756098
0.3752252252252252,0.038288288288288286,0.03018018018018018,0.5563063063063063
0.3754993342210386,0.03905903240124279,0.030181979582778518,0.5552596537949401
0.3806767586821015,0.04140694568121104,0.02983081032947462,0.5480854853072128
0.3836168307967771,0.04073410922112802,0.03043867502238138,0.5452103849597135
0.38144329896907214,0.04034065441506051,0.03047960555804572,0.5477364410578216
0.3807606263982103,0.043400447427293064,0.032214765100671144,0.5436241610738255
0.3805309734513274,0.046902654867256637,0.033628318584070796,0.5389380530973451
0.38235294117647056,0.049910873440285206,0.0338680926916221,0.533868092691622
0.381057268722467,0.04669603524229075,0.03303964757709251,0.5392070484581498
0.38613861386138615,0.047254725472547256,0.031053105310531053,0.5355535553555355
0.38519839500668746,0.049041462327240305,0.03299152920196166,0.5327686134641105
0.3948421520675856,0.0493552690084482,0.03423743886171632,0.5215651400622499
0.3927765237020316,0.05011286681715576,0.033408577878103835,0.5237020316027088
0.3927451858486341,0.04746977160770264,0.032243618450515,0.5275414240931482
0.39955654101995564,0.04745011086474501,0.031929046563192905,0.5210643015521065
0.3999106344950849,0.049151027703306524,0.028150134048257374,0.5227882037533512
0.40268456375838924,0.04697986577181208,0.02953020134228188,0.5208053691275167
0.3991169977924945,0.044591611479028695,0.033112582781456956,0.5231788079470199
0.3967900133749443,0.043245653143111906,0.03209986625055729,0.5278644672313866
0.40169039145907476,0.04092526690391459,0.03069395017793594,0.5266903914590747
0.4079065588499551,0.0431266846361186,0.028751123090745734,0.5202156334231806
0.3981981981981982,0.04279279279279279,0.02927927927927928,0.5297297297297298
0.3937639198218263,0.04365256124721604,0.027616926503340758,0.5349665924276169
0.4019564250778124,0.041796353935082256,0.026233881725211204,0.5300133392618942
0.40745732255166217,0.04132973944294699,0.025157232704402517,0.5260557053009883
0.41310160427807485,0.044563279857397504,0.02406417112299465,0.518270944741533
0.41778373547810543,0.04602323503127793,0.024128686327077747,0.5120643431635389
0.42027690933452433,0.045556051808843236,0.022778025904421618,0.5113890129522108
0.4168141592920354,0.04336283185840708,0.023451327433628318,0.5163716814159292
0.41984056687333926,0.042515500442869794,0.023029229406554472,0.5146147032772365
0.43202146690518783,0.04382826475849732,0.024150268336314847,0.5
0.42685102586975915,0.0463871543264942,0.025869759143621766,0.5008920606601249
0.43408071748878924,0.04439461883408072,0.025112107623318385,0.4964125560538117
0.43135518157661645,0.047829937998228524,0.023914968999114262,0.49689991142604073
0.43603364320495797,0.04736609119079239,0.023019034971226208,0.49358123063302345
0.42920550377274747,0.0461606746560142,0.02174877940523746,0.5028850421660009
0.44483671668137686,0.0441306266548985,0.02294792586054722,0.4880847308031774
0.4409691629955947,0.04581497797356828,0.02158590308370044,0.49162995594713654
0.43766696349065004,0.04808548530721282,0.021816562778272486,0.4924309884238646
0.448677722994173,0.04571940833706858,0.018377409233527566,0.4872254594352308
0.45228584110075454,0.044829116733244564,0.01775410563692854,0.48513093652907235
0.45272969374167776,0.047936085219707054,0.01908566355969818,0.480248557478917
0.44557974233673925,0.051088405153265216,0.019991115059973346,0.4833407374500222
0.44807256235827664,0.04943310657596372,0.019954648526077097,0.48253968253968255
0.4572573463935886,0.048975957257346395,0.01647373107747106,0.4772929652715939
0.46273291925465837,0.047471162377994675,0.016415261756876662,0.4733806566104703
0.4654561558901683,0.048715677590788306,0.018600531443755536,0.46722763507528786
0.473142345568487,0.046105640107430616,0.017905102954341987,0.4628469113697404
0.47701918786256137,0.04730031236055333,0.020080321285140562,0.4556001784917448
0.48128342245989303,0.045454545454545456,0.0196078431372549,0.4536541889483066
0.4866785079928952,0.041740674955595025,0.020426287744227355,0.4511545293072824
0.4886211512717537,0.04551539491298527,0.020080321285140562,0.4457831325301205
0.49007498897220997,0.0458756065284517,0.01808557565063961,0.44596382884869873
0.49268941072219763,0.04873726185201595,0.01949490474080638,0.43907842268498004
0.498457470251212,0.048920229175848394,0.020273248126928163,0.43234905244601146
0.500886524822695,0.05053191489361702,0.02349290780141844,0.4250886524822695
0.50199203187251,0.049136786188579015,0.02478972996901284,0.42408145196989816
0.5073693613220187,0.0482358195623046,0.026351049575703438,0.4180437695399732
0.5069227333631086,0.04644930772666369,0.02813756141134435,0.41849039749888345
0.5109423849933006,0.04376953997320232,0.02590442161679321,0.41938365341670386
0.5124444444444445,0.042666666666666665,0.02711111111111111,0.4177777777777778
0.5146666666666667,0.04133333333333333,0.02711111111111111,0.41688888888888886
0.5177935943060499,0.03870106761565836,0.027580071174377226,0.41592526690391457
0.5235531628532974,0.04351727231942575,0.028712427097353072,0.40421713772992374
0.5236396074933095,0.043264942016057094,0.029438001784121322,0.40365744870651205
0.5242290748898678,0.04317180616740088,0.027753303964757708,0.40484581497797356
0.5274093722369585,0.04155614500442087,0.028735632183908046,0.40229885057471265
0.5245098039215687,0.04367201426024955,0.027183600713012478,0.40463458110516937
0.5329153605015674,0.039856695029108824,0.026869682042095836,0.40035826242722794
0.540734109221128,0.03894359892569382,0.02730528200537153,0.39301700984780663
0.5411081322609472,0.0420017873100983,0.02680965147453083,0.3900804289544236
0.5450067174205105,0.03896103896103896,0.025078369905956112,0.3909538737124944
0.5414634146341464,0.038580931263858094,0.02483370288248337,0.3951219512195122
0.5490633363068689,0.0383586083853702,0.02631578947368421,0.3862622658340767
0.5497102095407935,0.043245653143111906,0.02541239411502452,0.38163174320107
0.5514144589133363,0.04400538841490795,0.025145936237090254,0.37943421643466546
0.5490633363068689,0.04192685102586976,0.025869759143621766,0.3831400535236396
0.5523724261414503,0.04162936436884512,0.02775290957923008,0.3782452999104745
0.554806828391734,0.03998203054806829,0.026954177897574125,0.3782569631626235
0.556899641577061,0.035842293906810034,0.025089605734767026,0.382168458781362
0.5530575539568345,0.03507194244604316,0.025629496402877698,0.3862410071942446
0.559245960502693,0.03411131059245961,0.02423698384201077,0.38240574506283664
0.5576407506702413,0.034405719392314564,0.02546916890080429,0.38248436103663985
0.5571873609256787,0.03515798842901647,0.024922118380062305,0.38273253226524256
0.5629168519341929,0.03379279679857715,0.026233881725211204,0.37705646954201866
0.5651789659743703,0.03535130357931949,0.026071586389748123,0.3733981440565621
0.5635876840696118,0.036590807675145026,0.023650156180276664,0.37617135207496655
0.5646589902568645,0.03587245349867139,0.022586359610274578,0.37688219663418954
0.5720640569395018,0.037811387900355875,0.023131672597864767,0.3669928825622776
0.5728798586572438,0.037544169611307424,0.024734982332155476,0.36484098939929327
0.5773517610343291,0.038341506910387874,0.025858225590726706,0.3584485064645564
0.5805008944543828,0.0389087656529517,0.025491949910554562,0.3550983899821109
0.5820962663067927,0.03733693207377418,0.025191183085919926,0.3553756185335133
0.5847797062750334,0.03382287494437027,0.025367156208277702,0.3560302625723186
0.5848391361833407,0.03525782282944028,0.026884089907448214,0.3530189510797708
0.5927401505090748,0.03142983621071271,0.027003098716246128,0.34882691456396636
0.5936395759717314,0.03401060070671378,0.029151943462897525,0.34319787985865724
0.5953859804791481,0.03327417923691216,0.027950310559006212,0.3433895297249335
0.6023235031277927,0.03261840929401251,0.02680965147453083,0.338248436103664
0.6062639821029083,0.031767337807606266,0.02505592841163311,0.33691275167785234
0.6110864745011086,0.029711751662971176,0.02350332594235033,0.33569844789356984
0.6058823529411764,0.03076923076923077,0.02398190045248869,0.3393665158371041
0.6088511399195351,0.029950827000447027,0.022798390701832812,0.3383996423781851
0.6186440677966102,0.030330062444246207,0.02408563782337199,0.32694023193577165
0.6172949002217295,0.030598669623059866,0.024390243902439025,0.3277161862527716
0.6253869969040248,0.02786377708978328,0.022114108801415303,0.32463511720477667
0.6298614215467143,0.027268663388466695,0.024586499776486366,0.3182834152883326
0.6333186425738211,0.02864698104892023,0.02379903040987219,0.3142353459673865
0.6338530066815145,0.029844097995545656,0.027171492204899776,0.3091314031180401
0.6341463414634146,0.03026196928635953,0.03026196928635953,0.3053297199638663
0.638700947225981,0.03112313937753721,0.029769959404600813,0.3004059539918809
0.641299510458389,0.02892745883400089,0.028037383177570093,0.30173564753004006
0.6447602131438721,0.03019538188277087,0.02708703374777975,0.29795737122557725
0.6400890868596882,0.03162583518930958,0.028062360801781736,0.3002227171492205
0.6397487662628981,0.03230148048452221,0.029609690444145357,0.2983400628084343
0.6427931960608774,0.03178155774395703,0.02820053715308863,0.297224709042077
0.6465095598043575,0.03201422854602046,0.029791018230324588,0.29168519341929744
0.6472148541114059,0.03359858532272325,0.02961980548187445,0.2895667550839965
0.6489028213166145,0.03403493058665472,0.032691446484549934,0.2843708016121809
0.6455921638468388,0.034728406055209264,0.033392698130008905,0.286286731967943
0.6527590847913862,0.03454463885150292,0.0300583221175415,0.28263795423956933
0.6560680698611733,0.032691446484549934,0.02821316614420063,0.28302731751007615
0.6644474034620506,0.032845095428317796,0.027518863737239236,0.27518863737239235
0.6644562334217506,0.03359858532272325,0.025198938992042442,0.27674624226348365
0.6668141592920354,0.035398230088495575,0.024336283185840708,0.2734513274336283
0.6705461056401074,0.03536257833482542,0.026410026857654433,0.26768128916741274
0.6694953104064314,0.036176864671728454,0.026351049575703438,0.2679767753461367
0.6663689146940599,0.034836980794997766,0.026351049575703438,0.27244305493523896
0.6733156028368794,0.031914893617021274,0.02526595744680851,0.2695035460992908
0.6789848619768477,0.031166518254674976,0.023597506678539625,0.26625111308993765
0.6851851851851852,0.029541446208112873,0.021164021164021163,0.2641093474426808
0.6836917562724014,0.02956989247311828,0.021057347670250897,0.2656810035842294
0.6852181656277827,0.02983081032947462,0.02226179875333927,0.26268922528940336
0.6888003541389995,0.027003098716246128,0.02213368747233289,0.26206285967242143
0.6771758436944938,0.03152753108348135,0.024422735346358793,0.26687388987566607
0.6836734693877551,0.03194321206743567,0.023070097604259095,0.26131322094055015
0.684375,0.033035714285714286,0.024107142857142858,0.2584821428571429
0.681049822064057,0.033807829181494664,0.02402135231316726,0.2611209964412811
0.6897470039946738,0.03550821127385708,0.024411895250776743,0.25033288948069243
0.6908040870724123,0.03553976010661928,0.024877832074633496,0.24877832074633496
0.6972682489923869,0.03403493058665472,0.02373488580385132,0.24496193461710702
0.7003530450132391,0.03398058252427184,0.022506619593998235,0.24315975286849073
0.7003577817531306,0.03398926654740608,0.024597495527728087,0.24105545617173524
0.7042696629213483,0.03415730337078652,0.024719101123595506,0.23685393258426965
0.7086298932384342,0.03291814946619217,0.027580071174377226,0.23087188612099643
0.714221824686941,0.03041144901610018,0.028622540250447227,0.22674418604651161
0.7150537634408602,0.028225806451612902,0.02867383512544803,0.22804659498207885
0.7194244604316546,0.026528776978417268,0.03147482014388489,0.22257194244604317
0.717731129968736,0.027244305493523895,0.027244305493523895,0.22778025904421617
0.7165178571428571,0.026785714285714284,0.026339285714285714,0.23035714285714284
0.7283675289919714,0.024531668153434435,0.027207850133809098,0.21989295272078502
0.72447614801605,0.022737405260811413,0.026749888542131076,0.22603655818100757
0.7245080500894454,0.022808586762075134,0.029069767441860465,0.22361359570661896
0.7248771773112996,0.02590442161679321,0.026797677534613668,0.22242072353729345
0.7257777777777777,0.024888888888888887,0.027555555555555555,0.22177777777777777
0.7392665474060823,0.025044722719141325,0.026833631484794274,0.20885509838998212
0.7429467084639498,0.024630541871921183,0.025526197939991044,0.20689655172413793
0.7471264367816092,0.022988505747126436,0.02564102564102564,0.20424403183023873
0.7414482452243447,0.02221235006663705,0.024877832074633496,0.21146157263438473
0.7409719126170308,0.023629068212215783,0.02719572001783326,0.20820329915292018
0.7445579742336739,0.023545091070635273,0.02576632607729898,0.20613060861839183
0.7446236559139785,0.025537634408602152,0.0264336917562724,0.20340501792114696
0.74644128113879,0.025800711743772242,0.025800711743772242,0.20195729537366547
0.7493368700265252,0.028293545534924844,0.025198938992042442,0.1971706454465075
0.7567448031844317,0.02830605926581159,0.02565236620964175,0.189296771340115
0.7565178965974371,0.028722934158197082,0.024745912505523642,0.19001325673884226
0.7546501328609388,0.029229406554472984,0.023472099202834367,0.19264836138175376
0.7535906642728905,0.03141831238779174,0.02154398563734291,0.19344703770197486
0.754207263064659,0.03188662533215235,0.022143489813994686,0.19176262178919398
0.7542147293700089,0.030168589174800354,0.023070097604259095,0.19254658385093168
0.762673844773441,0.02826379542395693,0.02512337371018394,0.18393898609241813
0.7616071428571428,0.033035714285714286,0.026339285714285714,0.17901785714285715
0.7608108108108108,0.03513513513513514,0.026576576576576576,0.17747747747747747
0.762114537444934,0.033480176211453744,0.02643171806167401,0.17797356828193833
0.7660142348754448,0.03336298932384341,0.023576512455516015,0.17704626334519574
0.76499333629498,0.033762772101288314,0.023989338071968014,0.17725455353176367
0.766770324300311,0.03553976010661928,0.02310084406930253,0.1745890715237672
0.7624777183600713,0.035204991087344026,0.022281639928698752,0.1800356506238859
0.7639446675591254,0.03480589022757698,0.024542614904060688,0.17670682730923695
0.7645759717314488,0.03445229681978799,0.023851590106007067,0.1771201413427562
0.7673702726473175,0.0316622691292876,0.022867194371152155,0.17810026385224276
0.7626966292134831,0.03191011235955056,0.02247191011235955,0.18292134831460674
0.7623939258597588,0.03171058508262617,0.022778025904421618,0.18311746315319338
0.7662395050817499,0.031816173221387536,0.02342023862129916,0.17852408307556342
0.7731958762886598,0.029134917077543704,0.023756163155535633,0.17391304347826086
0.78,0.026222222222222223,0.024444444444444446,0.16933333333333334
0.7771836007130125,0.027629233511586453,0.02406417112299465,0.1711229946524064
0.7800977343402932,0.028431808085295423,0.02265659706796979,0.1688138605064416
0.7834366696191319,0.02878653675819309,0.021700620017714792,0.16607617360496013
0.783266577659101,0.029817534490431688,0.021806853582554516,0.16510903426791276
0.7861915367483296,0.029398663697104678,0.02271714922048998,0.16169265033407573
0.7917406749555951,0.02797513321492007,0.02486678507992895,0.15541740674955595
0.7878923766816144,0.030044843049327353,0.026905829596412557,0.15515695067264573
0.789239662072032,0.031124944419742107,0.027567807914628723,0.15206758559359715
0.7945143884892086,0.03012589928057554,0.027428057553956834,0.147931654676259
0.789568345323741,0.03237410071942446,0.02697841726618705,0.1510791366906475
0.7950561797752809,0.028764044943820226,0.02606741573033708,0.1501123595505618
0.7984119982355536,0.027348919276576972,0.025143361270401413,0.14909572121746803
0.7988454706927176,0.02664298401420959,0.027531083481349913,0.14698046181172292
0.80301685891748,0.02839396628216504,0.026619343389529725,0.1419698314108252
0.8024032042723631,0.02848242100578549,0.0267022696929239,0.14241210502892745
0.7979297929792979,0.031053105310531053,0.0297029702970297,0.1413141314131413
0.8006343452650657,0.031264159492523785,0.031264159492523785,0.1368373357498867
0.8053811659192825,0.03139013452914798,0.03183856502242152,0.131390134529148
0.812,0.03111111111111111,0.030666666666666665,0.12622222222222224
0.808237378210806,0.032329495128432244,0.030115146147032774,0.12931798051372898
0.8087263111502865,0.03217276333186426,0.030409872190392245,0.12869105332745703
0.8088300220750552,0.031346578366445915,0.02913907284768212,0.13068432671081678
0.8128628852166145,0.030370701205895488,0.029477445288075034,0.1272889682894149
0.8084342754598475,0.029161058770749215,0.03050695379093764,0.13189771197846567
0.8181415929203539,0.026991150442477876,0.02831858407079646,0.12654867256637167
0.8144007155635062,0.026833631484794274,0.028622540250447227,0.13014311270125223
0.8202146690518783,0.0259391771019678,0.027728085867620753,0.1261180679785331
0.8232142857142857,0.026339285714285714,0.025892857142857145,0.12455357142857143
0.829560585885486,0.023968042609853527,0.024855747891699954,0.1216156236129605
0.8316920322291853,0.025514771709937333,0.023276633840644583,0.11951656222023277
0.8348174532502226,0.02804986642920748,0.02226179875333927,0.11487088156723063
0.8363390441839496,0.024346257889990983,0.02254283137962128,0.11677186654643823
0.8315508021390374,0.024955436720142603,0.023618538324420676,0.11987522281639929
0.8322953736654805,0.025355871886120998,0.025355871886120998,0.11699288256227758
0.8298440979955457,0.023608017817371936,0.024498886414253896,0.1220489977728285
0.8326585695006747,0.02249212775528565,0.024741340530814216,0.12010796221322537
0.8349514563106796,0.02206531332744925,0.025154457193292144,0.117828773168579
0.8341485104490884,0.02401067140951534,0.025344597598932858,0.11649622054246332
0.8359270787016452,0.02401067140951534,0.026678523788350377,0.11338372610048911
0.8385670057496682,0.022556390977443608,0.02565236620964175,0.11322423706324636
0.8430769230769231,0.02197802197802198,0.023736263736263738,0.11120879120879121
0.8393898609241812,0.024226110363391656,0.024674742036787798,0.1117092866756393
0.8396643109540636,0.02429328621908127,0.02429328621908127,0.11174911660777385
0.8430934286991506,0.024139472507822977,0.023692445239159587,0.10907465355386678
0.8468066100937919,0.026351049575703438,0.023224653863331845,0.10361768646717284
0.8447669305189094,0.024186455584872472,0.024186455584872472,0.10686015831134564
0.8466666666666667,0.024444444444444446,0.025777777777777778,0.10311111111111111
0.8468667255075022,0.02471315092674316,0.023389232127096204,0.10503089143865843
0.8460161145926589,0.026410026857654433,0.023724261414503133,0.10384959713518353
0.8473383194016718,0.024637043554773426,0.02287725472943247,0.10514738231412231
0.8465324384787472,0.025950782997762864,0.023266219239373602,0.10425055928411633
0.8498445135495335,0.027099067081297203,0.021768103065304308,0.10128831630386495
0.8486341244961935,0.02821316614420063,0.02283922973578146,0.10031347962382445
0.8486462494451842,0.02885042166000888,0.0230803373280071,0.09942299156679982
0.8517364203027604,0.029385574354407838,0.021816562778272486,0.09706144256455922
0.8535509483899426,0.027790030877812087,0.023820026466696075,0.09483899426554919
0.8523578669017188,0.025561921551344204,0.024239753195240195,0.09784045835169679
0.8489977728285077,0.027171492204899776,0.024944320712694878,0.09888641425389755
0.8511878081577767,0.027790228597041687,0.02330793366203496,0.09771402958314657
0.8563167259786477,0.02802491103202847,0.022686832740213523,0.09297153024911033
0.853268119164073,0.029346376167185415,0.0213428190306803,0.09604268563806136
0.8573327425786442,0.027470093043863535,0.021267168808152416,0.09392999556933983
0.864406779661017,0.026761819803746655,0.0191793041926851,0.0896520963425513
0.8666959964804224,0.025956885173779146,0.01759788825340959,0.08974923009238892
0.8612099644128114,0.025355871886120998,0.018683274021352312,0.0947508896797153
0.8653675819309123,0.026572187776793623,0.017271922054915855,0.09078830823737821
0.8656914893617021,0.026595744680851064,0.01773049645390071,0.0899822695035461
0.8649373881932021,0.02817531305903399,0.019230769230769232,0.08765652951699464
0.8642413487133984,0.029281277728482696,0.02040816326530612,0.08606921029281278
0.8626226583407671,0.028991971454058876,0.02096342551293488,0.08742194469223907
0.8652734548688306,0.02845709204090707,0.02267674522009782,0.08359270787016451
0.8708112874779541,0.028659611992945325,0.023809523809523808,0.07671957671957672
0.8706091596265007,0.029346376167185415,0.026233881725211204,0.07381058248110271
0.8734402852049911,0.028966131907308377,0.026292335115864526,0.07130124777183601
0.8741103202846975,0.027580071174377226,0.026245551601423486,0.07206405693950178
0.8783422459893048,0.028966131907308377,0.026292335115864526,0.06639928698752229
0.8754966887417218,0.029580573951434878,0.025607064017660046,0.06931567328918323
0.8832020997375328,0.02668416447944007,0.02537182852143482,0.0647419072615923
0.8803571428571428,0.026785714285714284,0.023214285714285715,0.06964285714285715
0.8798226164079823,0.027937915742793792,0.021729490022172948,0.070509977827051
0.8803418803418803,0.027890238416554206,0.0206927575348628,0.07107512370670266
0.8866071428571428,0.028125,0.020535714285714286,0.06473214285714286
0.8777137793531237,0.030128489144882586,0.023925564909171467,0.06823216659282233
0.8816435908887896,0.03126395712371594,0.022331397945511387,0.06476105404198303
0.8829311885612153,0.03038427167113494,0.02323503127792672,0.06344950848972297
0.8850931677018633,0.030612244897959183,0.023513753327417924,0.06078083407275954
0.8879042977403633,0.028356225077536552,0.0203810367744794,0.06335844040762073
0.8870181657066903,0.02924235711120957,0.021267168808152416,0.06247230837394772
0.886784140969163,0.03039647577092511,0.019823788546255508,0.06299559471365639
0.8899733806566105,0.02839396628216504,0.019520851818988466,0.062111801242236024
0.8899690676093681,0.02828104286345559,0.019885108263367212,0.0618647812638091
0.8933035714285714,0.028125,0.01875,0.059821428571428574
0.8953900709219859,0.0274822695035461,0.016400709219858155,0.060726950354609927
0.8942222222222223,0.029333333333333333,0.018222222222222223,0.058222222222222224
0.894524236983842,0.027827648114901255,0.017055655296229804,0.06059245960502693
0.89490022172949,0.02483370288248337,0.017738359201773836,0.06252771618625277
0.8960462016881386,0.02576632607729898,0.019102621057307864,0.05908485117725455
0.8990213523131673,0.025800711743772242,0.018238434163701068,0.05693950177935943
0.896690518783542,0.026833631484794274,0.017889087656529516,0.05858676207513417
0.8938992042440318,0.028735632183908046,0.01856763925729443,0.058797524314765696
0.8926353149955635,0.027062999112688554,0.01818988464951198,0.062111801242236024
0.8890374331550802,0.029857397504456328,0.01871657754010695,0.062388591800356503
0.8887908208296558,0.029567519858781994,0.019858781994704325,0.0617828773168579
0.8861824623560673,0.0283436669619132,0.021257750221434897,0.06421612046058459
0.8848888888888888,0.02711111111111111,0.02311111111111111,0.06488888888888888
0.8880463871543265,0.025869759143621766,0.023639607493309546,0.06244424620874219
0.8888390856118332,0.025997310623038995,0.025549081129538322,0.059614522635589424
0.8902765388046388,0.028991971454058876,0.024531668153434435,0.056199821587867974
0.8912947414935926,0.029606716747680072,0.025187803800265134,0.05391073795846222
0.8992487847989394,0.026513477684489615,0.022536456031816175,0.05170128148475475
0.8950644730991552,0.026233881725211204,0.024455313472654512,0.0542463317029791
0.8961845607808341,0.026619343389529725,0.025288376220053237,0.051907719609582965
0.8923212709620476,0.028684907325684024,0.02471315092674316,0.054280670785525155
0.891772987241531,0.028156621205455347,0.025076990761108666,0.05499340079190497
0.8937305469097376,0.027567807914628723,0.023566029346376166,0.055135615829257446
0.8940071556350626,0.024597495527728087,0.026386404293381037,0.055008944543828264
0.8980667838312829,0.024165202108963092,0.024165202108963092,0.05360281195079086
0.8986725663716815,0.024336283185840708,0.02654867256637168,0.050442477876106194
0.9026117751217353,0.023461708720672863,0.025675077467906152,0.048251438689685705
0.9050155348424324,0.023524189968930315,0.023968042609853527,0.04749223257878384
0.9116465863453815,0.022757697456492636,0.020526550647032574,0.04506916555109326
0.911319073083779,0.024509803921568627,0.02094474153297683,0.04322638146167558
0.9098579040852576,0.02664298401420959,0.020870337477797513,0.04262877442273535
0.9074653553866786,0.027268663388466695,0.02101028162717926,0.04425569959767546
0.9107541276215975,0.025435073627844713,0.01963409192324855,0.04417670682730924
0.9150818222025653,0.02344095532950022,0.018575851393188854,0.04290137107474569
0.9186200796107917,0.022556390977443608,0.017249004865103935,0.04157452454666077
0.9195912927587738,0.024433585073300755,0.01821412705464238,0.037760995113282986
0.9180841539838854,0.022829006266786033,0.019695613249776187,0.03939122649955237
0.9164805716837874,0.0241179097811523,0.021438142027690933,0.03796337650736936
0.9161490683229814,0.023957409050576754,0.019964507542147295,0.03992901508429459
0.9169271996426976,0.0241179097811523,0.02009825815096025,0.038856632425189816
0.9103139013452914,0.02376681614349776,0.02466367713004484,0.04125560538116592
0.90608228980322,0.022808586762075134,0.026386404293381037,0.044722719141323794
0.9078771695594126,0.022251891410769914,0.027592345349354695,0.04227859368046284
0.9076647243388615,0.022411474675033616,0.029134917077543704,0.04078888390856118
0.9076786506879716,0.022636484687083888,0.028406569019085663,0.041278295605858856
0.9058355437665783,0.022546419098143235,0.03094606542882405,0.040671971706454466
0.9133541759714158,0.020991514068780706,0.026351049575703438,0.03930326038410004
0.9150355871886121,0.021352313167259787,0.024466192170818506,0.03914590747330961
0.911567664135775,0.021438142027690933,0.025011165698972757,0.04198302813756141
0.9108647450110865,0.020842572062084258,0.026607538802660754,0.041685144124168516
0.9082082965578111,0.02118270079435128,0.02824360105913504,0.04236540158870256
0.9048672566371682,0.02079646017699115,0.030530973451327433,0.04380530973451328
0.8985701519213584,0.021894548704200177,0.03261840929401251,0.04691689008042895
0.9031971580817052,0.020870337477797513,0.03019538188277087,0.04573712255772647
0.903485254691689,0.021894548704200177,0.028596961572832886,0.04602323503127793
0.9053811659192825,0.019730941704035873,0.028699551569506727,0.04618834080717489
0.9094540612516645,0.01908566355969818,0.030181979582778518,0.041278295605858856
0.9125055236411843,0.01855943437914273,0.029164825452938577,0.039770216526734424
0.912373403786878,0.019374724790841038,0.02774108322324967,0.04051078819903126
0.9075892857142858,0.020535714285714286,0.029017857142857144,0.04285714285714286
0.9086839749328559,0.021486123545210387,0.02820053715308863,0.04162936436884512
0.9065004452359751,0.021816562778272486,0.02804986642920748,0.04363312555654497
0.9105403011514615,0.02037201062887511,0.027015057573073518,0.0420726306465899
0.9146559428060769,0.01966041108132261,0.02546916890080429,0.040214477211796246
0.9116071428571428,0.021875,0.026785714285714284,0.039732142857142855
0.9130434782608695,0.023070097604259095,0.023070097604259095,0.04081632653061224
0.9097345132743363,0.025221238938053097,0.024778761061946902,0.04026548672566372
0.9144003566651806,0.02630405706642889,0.020954079358002677,0.038341506910387874
0.913336326897171,0.02694207453973956,0.02334979793444095,0.03637180062864841
0.9171917191719172,0.026102610261026102,0.02115211521152115,0.03555355535553555
0.9187027987561084,0.02665482007996446,0.02132385606397157,0.03331852509995557
0.9177777777777778,0.025333333333333333,0.02266666666666667,0.03422222222222222
0.9206773618538324,0.024509803921568627,0.02094474153297683,0.0338680926916221
0.9202104340201666,0.02367382726874178,0.021920210434020166,0.03419552827707146
0.9210296684118674,0.02225130890052356,0.020942408376963352,0.03577661431064572
0.9166295140436915,0.024520731163620153,0.020954079358002677,0.03789567543468569
0.9223300970873787,0.02294792586054722,0.019858781994704325,0.03486319505736982
0.9207699194270367,0.022829006266786033,0.021486123545210387,0.03491495076096687
0.9238601150951748,0.02213368747233289,0.02080566622399292,0.033200531208499334
0.9225604297224709,0.022381378692927483,0.021038495971351837,0.03401969561324977
0.9226666666666666,0.021777777777777778,0.01911111111111111,0.036444444444444446
0.92681838464971,0.019187862561356538,0.018741633199464525,0.035252119589468986
0.9248220640569395,0.019572953736654804,0.02090747330960854,0.03469750889679715
0.9223300970873787,0.020741394527802295,0.02294792586054722,0.03398058252427184
0.9212389380530973,0.02256637168141593,0.022123893805309734,0.034070796460176994
0.91906236178682,0.025210084033613446,0.022998673153471916,0.03272888102609465
0.9186097668279807,0.02287725472943247,0.024637043554773426,0.033875934887813465
0.9209363957597173,0.022084805653710248,0.024734982332155476,0.03224381625441696
0.9210992907801419,0.02171985815602837,0.024379432624113476,0.03280141843971631
0.9188586714222025,0.021845742309407043,0.024074899687917966,0.03522068658047258
0.918774966711052,0.024855747891699954,0.024411895250776743,0.03195739014647137
0.9161118508655126,0.02574345317354638,0.02529960053262317,0.032845095428317796
0.9138925876608965,0.02663115845539281,0.02529960053262317,0.03417665335108744
0.917036379769299,0.025288376220053237,0.022182786157941437,0.0354924578527063
0.9191964285714286,0.024107142857142858,0.020089285714285716,0.03660714285714286
0.9187862561356537,0.020972780008924587,0.02186523873270861,0.038375725122713075
0.9212880143112702,0.022361359570661897,0.020572450805008944,0.03577817531305903
0.9198387819077474,0.0219435736677116,0.019256605463502014,0.03896103896103896
0.9144882587505538,0.023482498892334957,0.0203810367744794,0.04164820558263181
0.9114093959731544,0.024608501118568233,0.018344519015659956,0.04563758389261745
0.9094903339191565,0.025483304042179262,0.020210896309314587,0.04481546572934974
0.9132359451084551,0.02434705621956618,0.0199203187250996,0.04249667994687915
0.9129858657243817,0.02429328621908127,0.02075971731448763,0.04196113074204947
0.9089698046181173,0.02664298401420959,0.021314387211367674,0.043072824156305506
0.9080817051509769,0.02708703374777975,0.02264653641207815,0.04218472468916518
0.9064171122994652,0.028966131907308377,0.021836007130124777,0.0427807486631016
0.9066666666666666,0.028444444444444446,0.023555555555555555,0.04133333333333333
0.9059295586268391,0.027641551493535442,0.023629068212215783,0.04279982166740972
0.9102277802590442,0.026351049575703438,0.02054488610987048,0.042876284055381866
0.9088459811405478,0.02694207453973956,0.022900763358778626,0.041311180960933995
0.9098579040852576,0.02486678507992895,0.022202486678507993,0.043072824156305506
0.9119749776586238,0.02546916890080429,0.020554066130473638,0.0420017873100983
0.9098979138925877,0.024855747891699954,0.020417221482467822,0.044829116733244564
0.9083557951482479,0.02605570530098832,0.019766397124887692,0.04582210242587601
0.9098250336473755,0.02557200538358008,0.019291161956034097,0.04531179901301032
0.9095721217468019,0.02690780767534186,0.01940891045434495,0.044111160123511246
0.9110225763612217,0.02611775121735281,0.017706949977866312,0.0451527224435591
0.9069351230425056,0.025950782997762864,0.01879194630872483,0.04832214765100671
0.9038718291054739,0.027592345349354695,0.019581664441477527,0.04895416110369381
0.9023957409050577,0.027506654835847383,0.019964507542147295,0.05013309671694765
0.9049107142857142,0.027232142857142858,0.019196428571428573,0.048660714285714286
0.9049733570159858,0.026198934280639432,0.019982238010657193,0.04884547069271759
0.9022757697456493,0.0285586791610888,0.020972780008924587,0.04819277108433735
0.899955337204109,0.028584189370254576,0.02188476998660116,0.049575703439035286
0.9037004012483282,0.03120820329915292,0.020062416406598307,0.04502897904592064
0.9016393442622951,0.030128489144882586,0.021267168808152416,0.046964997784669914
0.9053333333333333,0.028888888888888888,0.020444444444444446,0.04533333333333334
0.9100974313551816,0.025686448184233834,0.01948627103631532,0.04472984942426927
0.912405513561583,0.02267674522009782,0.020898176967541128,0.044019564250778125
0.9107856191744341,0.024411895250776743,0.020417221482467822,0.04438526409232135
0.9098178587294535,0.024433585073300755,0.02221235006663705,0.043536206130608615
0.9093736117281208,0.024433585073300755,0.02221235006663705,0.043980453131941356
0.910022271714922,0.025389755011135856,0.02093541202672606,0.04365256124721604
0.9107222969941677,0.02602063705697622,0.019291161956034097,0.043965903992821895
0.9155495978552279,0.024128686327077747,0.01653261840929401,0.043789097408400354
0.9189309576837417,0.024944320712694878,0.015590200445434299,0.04053452115812917
0.9164825452938578,0.025187803800265134,0.016349977905435263,0.04197967300044189
0.9171466548515729,0.028356225077536552,0.01639344262295082,0.03810367744793974
0.9177355152587351,0.027421494913754976,0.01592215833701902,0.038920831490490936
0.9158878504672897,0.028037383177570093,0.017801513128615932,0.03827325322652426
0.9147701918786256,0.027666220437304774,0.020080321285140562,0.03748326639892905
0.9170753455193936,0.024520731163620153,0.02050824788230049,0.03789567543468569
0.9161836825679893,0.024520731163620153,0.020062416406598307,0.03923316986179224
0.9152691968225949,0.02294792586054722,0.022506619593998235,0.03927625772285966
0.9129654553611485,0.026917900403768506,0.02243158366980709,0.03768506056527591
0.9158083296014331,0.027765338110165697,0.020152261531571878,0.036274070756829375
0.9129089301503095,0.027851458885941646,0.019451812555260833,0.03978779840848806
0.9153674832962138,0.026726057906458798,0.0200445434298441,0.0378619153674833
0.9147045757441137,0.029320302087960905,0.020435362061306087,0.03553976010661928
0.9178507992895204,0.02664298401420959,0.020870337477797513,0.03463587921847247
0.9168888888888889,0.028888888888888888,0.020888888888888887,0.03333333333333333
0.9168877099911583,0.028293545534924844,0.022546419098143235,0.03227232537577365
0.9164420485175202,0.027852650494159928,0.0220125786163522,0.03369272237196765
0.9217977528089888,0.02606741573033708,0.02247191011235955,0.029662921348314608
0.9217625899280576,0.025629496402877698,0.021133093525179857,0.03147482014388489
0.9215598386373823,0.02510085163603765,0.022411474675033616,0.030927835051546393
0.9204444444444444,0.02666666666666667,0.02266666666666667,0.030222222222222223
0.919698314108252,0.026619343389529725,0.023957409050576754,0.029724933451641525
0.9178937974118697,0.027219991075412762,0.022757697456492636,0.0321285140562249
0.9144385026737968,0.027183600713012478,0.023618538324420676,0.034759358288770054
0.913444639718805,0.02680140597539543,0.02460456942003515,0.0351493848857645
0.9160070360598065,0.026385224274406333,0.022427440633245383,0.03518029903254178
