R,A,S,N
0.0,0.0,0.0,1.0
0.0,0.0,0.0,1.0
0.2222222222222222,0.0,0.0,0.7777777777777778
0.29411764705882354,0.11764705882352941,0.0,0.5882352941176471
0.34615384615384615,0.15384615384615385,0.0,0.5
0.2857142857142857,0.21428571428571427,0.0,0.5
0.2608695652173913,0.21739130434782608,0.014492753623188406,0.5072463768115942
0.2571428571428571,0.23809523809523808,0.01904761904761905,0.4857142857142857
0.26618705035971224,0.26618705035971224,0.014388489208633094,0.45323741007194246
0.2814070351758794,0.2663316582914573,0.03015075376884422,0.4221105527638191
0.291970802919708,0.30656934306569344,0.032846715328467155,0.3686131386861314
0.29362880886426596,0.3379501385041551,0.030470914127423823,0.3379501385041551
0.31343283582089554,0.34541577825159914,0.0255863539445629,0.31556503198294245
0.3310344827586207,0.35517241379310344,0.02413793103448276,0.2896551724137931
0.32863187588152326,0.36812411847672777,0.018335684062059238,0.2849083215796897
0.32667450058754405,0.3936545240893067,0.0199764982373678,0.2596944770857814
0.33367037411526795,0.40141557128412536,0.020222446916076844,0.24469160768452983
0.3385012919896641,0.4108527131782946,0.02239448751076658,0.22825150732127478
0.340393343419062,0.4236006051437216,0.019667170953101363,0.21633888048411498
0.34217687074829933,0.427891156462585,0.02312925170068027,0.20680272108843537
0.3471278567016677,0.43174799258801727,0.0253242742433601,0.1957998764669549
0.34257654534950893,0.44078567302137495,0.02657423454650491,0.1900635470826112
0.3448461953588775,0.4382083108472747,0.03130059363194819,0.18564490016189963
0.34244455905105725,0.444559051057246,0.033522434244455904,0.17947395564724083
0.33496571988246815,0.4471106758080313,0.03330068560235064,0.18462291870714986
0.3358313817330211,0.44637002341920373,0.03325526932084309,0.1845433255269321
0.3315018315018315,0.45375457875457875,0.03388278388278388,0.18086080586080586
0.323516085183507,0.4553692795650204,0.0348889895786135,0.1862256456728591
0.32487761459724074,0.4543836226079217,0.037383177570093455,0.1833555852247441
0.3195739014647137,0.45761207279183314,0.03683976919662672,0.18597425654682645
0.3212709620476611,0.4602824360105914,0.03486319505736982,0.18358340688437777
0.31838170624450307,0.45646437994722955,0.036499560246262094,0.18865435356200527
0.32367149758454106,0.4501537110232762,0.036012296881862096,0.1901624945103206
0.31893542757417104,0.45462478184991273,0.03664921465968586,0.18979057591623036
0.3163220413550374,0.45314562252529694,0.0365156181258249,0.19401671799384074
0.3181818181818182,0.44263018534863197,0.03971756398940865,0.1994704324801412
0.31407146007940007,0.4446404940449934,0.04102337891486546,0.20026466696074108
0.3243006993006993,0.4344405594405594,0.04326923076923077,0.1979895104895105
0.3188405797101449,0.4365393061045235,0.043478260869565216,0.20114185331576637
0.315625,0.4388392857142857,0.04642857142857143,0.19910714285714284
0.3192426243945399,0.4350506384852488,0.046235138705416116,0.19947159841479525
0.3157894736842105,0.4324561403508772,0.04824561403508772,0.20350877192982456
0.311922569291685,0.43862736471623404,0.047954245490541135,0.2014958205015398
0.3172566371681416,0.4327433628318584,0.049557522123893805,0.2004424778761062
0.3120317320405465,0.4345526663728515,0.0502423975319524,0.20317320405464961
0.3116542994325622,0.436054124836316,0.04845045831514622,0.20384111741597555
0.31113058720420683,0.4395267309377739,0.049079754601226995,0.2002629272567923
0.3088235294117647,0.43404634581105167,0.05124777183600713,0.20588235294117646
0.31555751432349055,0.4345526663728515,0.052886734244160426,0.19700308505949757
0.31208499335989376,0.4355909694555113,0.054006197432492256,0.1983178397521027
0.31158455392809586,0.42964935641367064,0.05947625388371061,0.19928983577452286
0.3140350877192982,0.4179824561403509,0.060087719298245613,0.20789473684210527
0.3134920634920635,0.4122574955908289,0.06393298059964726,0.21031746031746032
0.30868024800708593,0.4140832595217006,0.06510186005314438,0.2121346324180691
0.3172019357677079,0.40739111306643205,0.06291245050593929,0.21249450065992082
0.3211292456991619,0.4031760035288928,0.06263784737538597,0.21305690339655933
0.3296847635726795,0.4001751313485114,0.06304728546409807,0.20709281961471104
0.3320175438596491,0.3956140350877193,0.06315789473684211,0.20921052631578949
0.32427695004382123,0.3904469763365469,0.06836108676599474,0.21691498685363717
0.3312937062937063,0.38461538461538464,0.06555944055944056,0.21853146853146854
0.33451015004413065,0.3795233892321271,0.06531332744924978,0.22065313327449249
0.32424109106907173,0.38539375274967,0.0708315002199736,0.21953365596128466
0.3271523178807947,0.38763796909492276,0.06975717439293598,0.21545253863134659
0.32287985865724383,0.3878091872791519,0.071113074204947,0.21819787985865724
0.32142857142857145,0.3888392857142857,0.07098214285714285,0.21875
0.321113074204947,0.3878091872791519,0.07022968197879859,0.22084805653710246
0.32608695652173914,0.3873114463176575,0.064773735581189,0.22182786157941436
0.3204225352112676,0.39524647887323944,0.06866197183098592,0.21566901408450703
0.320069960647136,0.3970266724967206,0.07127240926978574,0.21163095758635767
0.3273286467486819,0.3914762741652021,0.07249560632688928,0.2086994727592267
0.3191021126760563,0.394806338028169,0.0743838028169014,0.21170774647887325
0.3202296819787986,0.3931095406360424,0.07597173144876325,0.21068904593639576
0.32063773250664307,0.39769707705934454,0.07573073516386182,0.20593445527015058
0.3155339805825243,0.3967343336275375,0.07678729037952339,0.21094439541041482
0.3191677733510403,0.398406374501992,0.07791057990261177,0.20451527224435592
0.3196104471004869,0.3966356795042054,0.07923860115095174,0.20451527224435592
0.3147097337407246,0.3958969882147534,0.08249672632038411,0.20689655172413793
0.3187830687830688,0.38932980599647266,0.08245149911816578,0.20943562610229277
0.32341356673960614,0.387308533916849,0.07964989059080962,0.20962800875273524
0.3264680105170903,0.3873794916739702,0.0775635407537248,0.2085889570552147
0.32994250331711633,0.38301636444051307,0.07474568774878372,0.21229544449358692
0.32938076416337286,0.37856829161176986,0.07949055775142731,0.21256038647342995
0.33157199471598414,0.3734037868780273,0.08190224570673713,0.21312197269925143
0.3308533916849015,0.36980306345733044,0.08358862144420132,0.21575492341356675
0.335971855760774,0.36675461741424803,0.08091468777484609,0.21635883905013192
0.3287671232876712,0.3698630136986301,0.08086610693769333,0.2205037560760053
0.33304157549234137,0.35667396061269147,0.08315098468271334,0.22713347921225382
0.3328906595838867,0.36033643204957944,0.08277999114652501,0.22399291722000886
0.3292035398230089,0.36106194690265486,0.08230088495575222,0.22743362831858407
0.33216476774758985,0.35758106923751093,0.08501314636283962,0.2252410166520596
0.3427065026362039,0.34885764499121263,0.0812829525483304,0.22715289982425307
0.34216335540838855,0.3501103752759382,0.08300220750551876,0.22472406181015453
0.3414203793559771,0.3550948389942655,0.0780767534186149,0.22540802823114248
0.34662576687116564,0.34312007011393514,0.08019281332164768,0.23006134969325154
0.34566270365477764,0.34169969176574194,0.08190224570673713,0.2307353588727433
0.34907325684024715,0.3380406001765225,0.0825242718446602,0.23036187113857018
0.3498248686514886,0.3419439579684764,0.08056042031523643,0.2276707530647986
0.34347442680776014,0.34700176366843033,0.08112874779541446,0.22839506172839505
0.3447204968944099,0.3411712511091393,0.08473824312333629,0.22937000887311446
0.3373068432671082,0.34172185430463575,0.08211920529801324,0.23885209713024283
0.33554670208056664,0.3417441345728198,0.08410801239486498,0.23860115095174855
0.3383259911894273,0.3422907488986784,0.0828193832599119,0.2365638766519824
0.3362369337979094,0.3423344947735192,0.08362369337979095,0.23780487804878048
0.34256816182937555,0.33465259454705365,0.0839929639401935,0.23878627968337732
0.3409490333919156,0.3409490333919156,0.08347978910369068,0.23462214411247803
0.3371529308065227,0.33979726751873074,0.08329660643455267,0.23975319524019392
0.33770778652668415,0.3363954505686789,0.08836395450568679,0.23753280839895013
0.3486640385457731,0.328515111695138,0.08935611038107753,0.23346473937801138
0.3491360212671688,0.3225520602569783,0.09082853345148427,0.23748338502436864
0.35464098073555167,0.32180385288966723,0.0840630472854641,0.239492119089317
0.3592788038698329,0.31706244503078274,0.0853122251539138,0.23834652594547054
0.35384615384615387,0.31824175824175827,0.08527472527472528,0.24263736263736263
0.35499557913351015,0.31741821396993813,0.08311229000884174,0.24447391688771
0.35855697316322044,0.3123625164980202,0.08490981082270127,0.24417069951605808
0.35929978118161926,0.3085339168490153,0.08665207877461707,0.24551422319474836
0.36518324607329844,0.3019197207678883,0.08900523560209424,0.24389179755671903
0.36619718309859156,0.301056338028169,0.09110915492957747,0.24163732394366197
0.36169284467713786,0.3045375218150087,0.0868237347294939,0.2469458987783595
0.36347673397717295,0.3033362598770852,0.08252853380158033,0.25065847234416155
0.35736263736263735,0.30021978021978024,0.08703296703296703,0.2553846153846154
0.3537385220813293,0.2933974639265413,0.08701355487538259,0.2658504591167468
0.35562444641275465,0.29273693534100975,0.09344552701505757,0.258193091231178
0.36323851203501095,0.29059080962800876,0.09321663019693655,0.25295404814004374
0.36074270557029176,0.28868258178603007,0.09416445623342175,0.2564102564102564
0.35482456140350876,0.2929824561403509,0.09210526315789473,0.2600877192982456
0.3561341571050309,0.2925860547219771,0.088261253309797,0.26301853486319504
0.35426802299867316,0.2914639540026537,0.08978328173374613,0.26448474126492705
0.352112676056338,0.2992957746478873,0.0897887323943662,0.25880281690140844
0.3565484012264564,0.2864651773981603,0.08979413053000437,0.2671922908453789
0.35673541026766126,0.28872312417727075,0.08819657744624836,0.2663448881088197
0.35031000885739594,0.29273693534100975,0.08990256864481842,0.26705048715677593
0.3519823788546256,0.29251101321585904,0.086784140969163,0.2687224669603524
0.3549382716049383,0.28703703703703703,0.08465608465608465,0.27336860670194
0.34853852967227633,0.2936226749335695,0.08547387068201949,0.27236492471213464
0.3531728665207877,0.28665207877461707,0.08490153172866521,0.27527352297593
0.36096491228070177,0.2837719298245614,0.08070175438596491,0.27456140350877195
0.35679930039352864,0.2855268911237429,0.08132925229558373,0.2763445561871447
0.35891844744875706,0.2782381160052333,0.08460532054077627,0.2782381160052333
0.36044444444444446,0.276,0.08844444444444445,0.2751111111111111
0.36351706036745407,0.27602799650043747,0.08836395450568679,0.27209098862642167
0.3580301685891748,0.27639751552795033,0.0878438331854481,0.2777284826974268
0.36459709379128136,0.27344782034346105,0.08718626155878467,0.2747688243064729
0.3651635720601238,0.27320954907161804,0.08841732979664015,0.27320954907161804
0.3589519650655022,0.27729257641921395,0.08646288209606987,0.27729257641921395
0.36015831134564646,0.2757255936675462,0.08839050131926121,0.2757255936675462
0.3588261449533126,0.26900844819919967,0.08848377056469542,0.28368163628279236
0.357862461673237,0.2628120893561104,0.09373631187034603,0.2855891371003066
0.3592788038698329,0.2673702726473175,0.09366754617414248,0.2796833773087071
0.35435830048182215,0.2689443714410863,0.09286027157249234,0.28383705650459923
0.35764499121265375,0.2666959578207381,0.09446397188049209,0.281195079086116
0.3576388888888889,0.2703993055555556,0.09505208333333333,0.2769097222222222
0.3655021834061135,0.26768558951965066,0.09344978165938865,0.27336244541484717
0.3606340819022457,0.26948480845442535,0.09423161602818142,0.2756494936151475
0.362280701754386,0.27324561403508774,0.09166666666666666,0.27280701754385966
0.36823266219239376,0.2657718120805369,0.09261744966442953,0.2733780760626398
0.367816091954023,0.27144120247568526,0.08885941644562334,0.2718832891246684
0.37055160142348753,0.27001779359430605,0.08674377224199288,0.27268683274021355
0.36712208021154696,0.26795945350374617,0.09299250771264875,0.2719259585720582
0.3667697746354397,0.26690234202386215,0.09500662836942113,0.27132125497127707
0.35818262020291136,0.2699602999558888,0.09439788266431408,0.2774591971768858
0.3617208077260755,0.26909569798068483,0.08999122036874452,0.2791922739244952
0.3603167619885614,0.2657281126264848,0.09018917729872415,0.2837659480862297
0.36585365853658536,0.26696230598669624,0.08514412416851441,0.282039911308204
0.37283621837549935,0.2632046160674656,0.085219707057257,0.27873945849977805
0.3699825479930192,0.2639616055846422,0.08333333333333333,0.28272251308900526
0.36518324607329844,0.2630890052356021,0.08595113438045375,0.2857766143106457
0.36777583187390545,0.2657618213660245,0.08756567425569177,0.2788966725043783
0.3730088495575221,0.2668141592920354,0.08672566371681416,0.2734513274336283
0.3743907842268498,0.2605228178998671,0.09127159946832078,0.2738147984049623
0.3698630136986301,0.25850640742377373,0.0901458241272647,0.2814847547503314
0.37815126050420167,0.2529854046881911,0.09022556390977443,0.2786377708978328
0.38279192273924495,0.2510974539069359,0.0913081650570676,0.27480245829675154
0.38417329796640143,0.248894783377542,0.09106984969053934,0.27586206896551724
0.3829409151488227,0.2492225677476677,0.08751665926254998,0.2803198578409596
0.37610229276895946,0.24559082892416226,0.09038800705467372,0.2879188712522046
0.3795233892321271,0.24757281553398058,0.08781994704324801,0.2850838481906443
0.380764163372859,0.2503293807641634,0.08871321914800176,0.28019323671497587
0.3798758865248227,0.24911347517730498,0.09086879432624113,0.2801418439716312
0.37383177570093457,0.25322652425456166,0.08767245215843347,0.28526924788607033
0.3761101243339254,0.2544404973357016,0.08880994671403197,0.28063943161634103
0.38120333772507686,0.2560386473429952,0.08519982433025912,0.27755819060166886
0.38038698328935794,0.2484608619173263,0.0853122251539138,0.2858399296394019
0.37985865724381623,0.24514134275618374,0.08480565371024736,0.29019434628975266
0.37736679876706297,0.24482606781153676,0.09026860413914575,0.28753852928225454
0.37275514673674986,0.24923346473937802,0.08935611038107753,0.28865527814279457
0.37228862328463924,0.2527667109340416,0.09074811863656485,0.28419654714475434
0.3635559486952676,0.25519681556833257,0.09287925696594428,0.28836797877045556
0.3596452328159645,0.2611973392461197,0.09312638580931264,0.2860310421286031
0.3552106430155211,0.26696230598669624,0.09401330376940133,0.2838137472283814
0.3636761487964989,0.2647702407002188,0.09059080962800875,0.28096280087527353
0.3602292768959436,0.26807760141093473,0.09347442680776014,0.27821869488536155
0.3594570928196147,0.2618213660245184,0.09719789842381786,0.28152364273204905
0.36097560975609755,0.2607538802660754,0.09268292682926829,0.28558758314855875
0.35954063604240283,0.26413427561837455,0.09408127208480566,0.28224381625441697
0.354083885209713,0.26843267108167773,0.0922737306843267,0.28520971302428255
0.35185185185185186,0.26587301587301587,0.09303350970017636,0.2892416225749559
0.3496932515337423,0.26818580192813324,0.09202453987730061,0.2900964066608238
0.35770925110132157,0.26607929515418505,0.09295154185022027,0.28325991189427313
0.35226264418811004,0.26974267968056787,0.09361135758651287,0.28438331854480925
0.36347517730496454,0.26019503546099293,0.09530141843971632,0.28102836879432624
0.36876929863255403,0.2615791795324217,0.09263343625937362,0.27701808557565066
0.37113857016769636,0.25772285966460723,0.09532215357458076,0.2758164165931156
0.3729847494553377,0.2496732026143791,0.09803921568627451,0.2793028322440087
0.37042001787310097,0.258266309204647,0.09249329758713137,0.27882037533512066
0.37220517316966245,0.25778167470407715,0.09513371328364752,0.2748794388426129
0.3679369250985545,0.2588699080157687,0.0976784932106877,0.27551467367498905
0.37411971830985913,0.2574823943661972,0.10123239436619719,0.2671654929577465
0.36832895888014,0.2585301837270341,0.10542432195975503,0.2677165354330709
0.3656387665198238,0.2643171806167401,0.10616740088105726,0.26387665198237886
0.36168347216133273,0.2687417799210872,0.1052170100832968,0.26435773783428324
0.35451358457493426,0.27256792287467135,0.10341805433829973,0.26950043821209463
0.3587819947043248,0.26963812886142985,0.10856134157105031,0.26301853486319504
0.3642413487133984,0.26929902395740907,0.10603371783496007,0.2604259094942325
0.365929203539823,0.26415929203539823,0.10132743362831859,0.2685840707964602
0.3648293963254593,0.26334208223972005,0.10454943132108487,0.2672790901137358
0.36684303350970016,0.2583774250440917,0.1027336860670194,0.27204585537918874
0.3657570422535211,0.2636443661971831,0.10167253521126761,0.2689260563380282
0.37182345073562195,0.26170307623718236,0.1012037449843959,0.2652697280427998
0.37132836475230163,0.25208241999123193,0.09644892590968873,0.2801402893467777
0.37599645704162976,0.2537643932683791,0.09698848538529672,0.2732506643046944
0.38172278093572365,0.2531700918233494,0.09182334936598163,0.27328377787494534
0.38430851063829785,0.24911347517730498,0.08953900709219859,0.2770390070921986
0.3925233644859813,0.24388072986203826,0.08989764129951046,0.27369826435246997
0.3851203501094092,0.24595185995623634,0.09015317286652079,0.2787746170678337
0.3850877192982456,0.24210526315789474,0.09298245614035087,0.27982456140350875
0.38634361233480174,0.24140969162995596,0.09647577092511013,0.2757709251101322
0.38421052631578945,0.24385964912280703,0.09517543859649123,0.2767543859649123
0.3825088339222615,0.24558303886925795,0.09584805653710247,0.2760600706713781
0.38008849557522123,0.24026548672566372,0.09690265486725663,0.2827433628318584
0.38589575120455544,0.23565484012264565,0.09855453350854139,0.27989487516425754
0.3821851689337429,0.2343132953049583,0.10179903466432647,0.28170250109697237
0.3876306620209059,0.23649825783972125,0.1019163763066202,0.2739547038327526
0.38578901482127287,0.23931996512641673,0.1033129904097646,0.2715780296425458
0.38593406593406593,0.2413186813186813,0.10461538461538461,0.2681318681318681
0.391820580474934,0.23482849604221637,0.10290237467018469,0.2704485488126649
0.3828193832599119,0.23480176211453743,0.10396475770925111,0.27841409691629954
0.3813559322033898,0.23461195361284568,0.10749330954504906,0.27653880463871544
0.38178633975481613,0.23555166374781086,0.1085814360770578,0.27408056042031526
0.3798687089715536,0.2350109409190372,0.10940919037199125,0.27571115973741794
0.37715041905602115,0.23467137185707984,0.10763123070136744,0.28054697838553155
0.3771353482260184,0.23083661848445028,0.10687691633815155,0.2851511169513798
0.3783664459161148,0.2251655629139073,0.10772626931567329,0.28874172185430463
0.38141592920353984,0.22168141592920354,0.1075221238938053,0.28938053097345134
0.3817701453104359,0.22060766182298547,0.10391897842360194,0.29370321444297665
0.38605064415815193,0.21945801865837405,0.10484229231452688,0.28964904486894716
0.38659120592076623,0.21419242490204615,0.10579016107966914,0.2934262080975185
0.38212094653812445,0.22217353198948292,0.10517090271691498,0.29053461875547765
0.38689685701637894,0.21691013722886232,0.10579902611775122,0.2903939796370075
0.38312829525483305,0.21836555360281196,0.10764499121265378,0.29086115992970124
0.3806395094174332,0.22514235654840123,0.11213315812527376,0.2820849759088918
0.37730870712401055,0.2233948988566403,0.10993843447669305,0.28935795954265614
0.37870083959346,0.22536456031816174,0.1104728236853734,0.28546177640300485
0.37714285714285717,0.22857142857142856,0.10857142857142857,0.2857142857142857
0.3902331720193577,0.22877254729432467,0.10206775186977562,0.278926528816542
0.3861342694164107,0.23211935059236508,0.10136024572180781,0.2803861342694164
0.3884514435695538,0.23097112860892388,0.10148731408573929,0.279090113735783
0.38675496688741723,0.23311258278145697,0.09933774834437085,0.280794701986755
0.38969616908850724,0.23645970937912814,0.10083663584324086,0.27300748568912375
0.387153541575011,0.23185217773867137,0.10426748790145182,0.27672679278486584
0.3882248782647189,0.23727312970340858,0.10092961487383798,0.2735723771580345
0.3899647887323944,0.23107394366197184,0.1034330985915493,0.2755281690140845
0.39118942731277534,0.2286343612334802,0.10308370044052863,0.27709251101321586
0.39113257243195787,0.22344161545215102,0.10798946444249341,0.2774363476733977
0.4,0.2145054945054945,0.11032967032967032,0.27516483516483514
0.39849624060150374,0.2118531623175586,0.10747456877487838,0.28217602830605926
0.39199296084469865,0.22085349758029035,0.10910690717113947,0.27804663440387156
0.3927143491781431,0.2199022656597068,0.11061750333185251,0.27676588183029766
0.39202803328953134,0.21944809461235218,0.1073149364870784,0.2812089356110381
0.39425587467362927,0.22367275892080069,0.10356832027850305,0.278503046127067
0.39039301310043667,0.225764192139738,0.10611353711790393,0.2777292576419214
0.39334811529933483,0.22084257206208427,0.10509977827050998,0.28070953436807095
0.3997355663287792,0.2238871749669458,0.10268840899074483,0.2736888497135302
0.3956960913482653,0.22661396574440051,0.1023276240667545,0.2753623188405797
0.4025573192239859,0.22001763668430335,0.09788359788359788,0.2795414462081129
0.40446976336546886,0.21954425942156003,0.09815950920245399,0.2778264680105171
0.40671971706454463,0.22236958443854996,0.09593280282935455,0.2749778956675508
0.40360915492957744,0.22755281690140844,0.09198943661971831,0.27684859154929575
0.4017543859649123,0.22149122807017543,0.09605263157894736,0.2807017543859649
0.4081902245706737,0.22721268163804492,0.09291061206516953,0.2716864817261119
0.40300486080424214,0.23110914714980116,0.0901458241272647,0.275740167918692
0.41005291005291006,0.23412698412698413,0.09082892416225749,0.26499118165784835
0.39824561403508774,0.23728070175438595,0.09473684210526316,0.26973684210526316
0.4034543844109832,0.23649247121346323,0.09610274579273693,0.26395039858281666
0.4007060900264784,0.23433362753751102,0.0970873786407767,0.2678729037952339
0.40703296703296704,0.2334065934065934,0.10241758241758242,0.2571428571428571
0.4124168514412417,0.23148558758314855,0.10022172949002217,0.25587583148558757
0.4084507042253521,0.23151408450704225,0.09903169014084508,0.26100352112676056
0.4116615519508987,0.22840859272249014,0.0933800964489259,0.26654975887768523
0.4090909090909091,0.23433362753751102,0.08958517210944396,0.2669902912621359
0.411037527593819,0.23885209713024283,0.08962472406181016,0.26048565121412803
0.4110188019239178,0.23436816790555312,0.0944468736335811,0.26016615653694797
0.4101665205959685,0.2366345311130587,0.09290096406660824,0.26029798422436456
0.4125659050966608,0.23330404217926187,0.09270650263620386,0.26142355008787344
0.4186666666666667,0.22933333333333333,0.09066666666666667,0.2613333333333333
0.4172504378283713,0.22854640980735552,0.08975481611208407,0.26444833625218916
0.4161849710982659,0.22943530457981326,0.08848377056469542,0.2658959537572254
0.42255375164545855,0.22553751645458534,0.08907415533128565,0.2628345765686705
0.4228571428571429,0.2254945054945055,0.09230769230769231,0.25934065934065936
0.4131578947368421,0.22324561403508772,0.09210526315789473,0.27149122807017545
0.41557305336832895,0.22528433945756782,0.08880139982502187,0.27034120734908135
0.41444201312910284,0.22450765864332603,0.08446389496717724,0.2765864332603939
0.410958904109589,0.22713212549712772,0.08528501988510827,0.276623950508175
0.41601049868766404,0.21959755030621173,0.08267716535433071,0.28171478565179353
0.4160777385159011,0.22040636042402828,0.07950530035335689,0.2840106007067138
0.4180148666375164,0.22125054656755574,0.07826847398338435,0.2824661128115435
0.4178383128295255,0.22056239015817222,0.0773286467486819,0.28427065026362036
0.4204045734388742,0.2185576077396658,0.08311345646437995,0.27792436235708
0.41380846325167037,0.21870824053452115,0.08463251670378619,0.2828507795100223
0.4108084358523726,0.21704745166959577,0.08347978910369068,0.28866432337434095
0.4134572819831784,0.21381142098273573,0.08366533864541832,0.28906595838866755
0.4157452454666077,0.2118531623175586,0.08359133126934984,0.2888102609464839
0.4159369527145359,0.2097197898423818,0.08362521891418565,0.29071803852889666
0.42224191404519273,0.20558263181214,0.0824102791315906,0.2897651750110766
0.4198943661971831,0.20642605633802816,0.08142605633802817,0.29225352112676056
0.4226531511679154,0.21066549140590568,0.08550022036139268,0.28118113706478626
0.41962699822380106,0.21314387211367672,0.08214920071047957,0.28507992895204265
0.4220264317180617,0.21629955947136564,0.0801762114537445,0.28149779735682817
0.4160746003552398,0.22246891651865008,0.08081705150976909,0.28063943161634103
0.4168133802816901,0.21919014084507044,0.0818661971830986,0.28213028169014087
0.4194115063680281,0.22529644268774704,0.07905138339920949,0.27624066754501536
0.42635314995563445,0.22937000887311446,0.07586512866015972,0.2684117125110914
0.4247121346324181,0.2254207263064659,0.07661647475642161,0.2732506643046944
0.4266493055555556,0.2269965277777778,0.07552083333333333,0.2708333333333333
0.42731664470794906,0.22441809398331136,0.07861220904699165,0.2696530522617479
0.42282466112811545,0.22518583296895497,0.07958023611718408,0.27240926978574553
0.4294532627865961,0.222663139329806,0.07760141093474426,0.27028218694885364
0.43147656940760387,0.22060123784261715,0.08222811671087533,0.2656940760389036
0.42951541850220265,0.21938325991189428,0.08854625550660793,0.26255506607929513
0.4192546583850932,0.225377107364685,0.09006211180124224,0.2653061224489796
0.421937195931004,0.21716054842989826,0.08845643520566121,0.2724458204334365
0.42190226876090753,0.21596858638743455,0.09336823734729494,0.268760907504363
0.42782152230971127,0.21609798775153105,0.08923884514435695,0.2668416447944007
0.4224290780141844,0.21453900709219859,0.09086879432624113,0.2721631205673759
0.4220465524813351,0.21212121212121213,0.09003074220465525,0.27580149319279756
0.41423519009725907,0.21573828470380194,0.08753315649867374,0.28249336870026526
0.4142167617376042,0.21720052654673103,0.08995173321632295,0.2786309784993418
0.42636001769128706,0.21450685537372843,0.08359133126934984,0.2755417956656347
0.42850838481906445,0.21535745807590467,0.0820829655781112,0.2740511915269197
0.4265549183943538,0.21438023820026467,0.08248786943096603,0.27657697397441555
0.4217506631299735,0.21220159151193635,0.08488063660477453,0.28116710875331563
0.41535087719298247,0.21140350877192982,0.08596491228070176,0.28728070175438597
0.412,0.21466666666666667,0.08577777777777777,0.28755555555555556
0.41135371179039304,0.21572052401746725,0.08733624454148471,0.28558951965065504
0.4137022397891963,0.21826965305226176,0.08563899868247694,0.282389108476065
0.40758711954124394,0.2218791354212616,0.08689898544331716,0.28363475959417733
0.40299823633156967,0.22310405643738976,0.0890652557319224,0.2848324514991182
0.40274700930438634,0.21754541426672575,0.0921577315019938,0.2875498449268941
0.4018284719198955,0.21201567261645624,0.09316499782324772,0.2929908576404005
0.4007045354469397,0.21268163804491413,0.09026860413914575,0.29634522236900046
0.403247038174638,0.21193505923650724,0.09082931110136025,0.2939885914874945
0.40897097625329815,0.20624450307827616,0.09102902374670185,0.2937554969217238
0.40669014084507044,0.2055457746478873,0.09242957746478873,0.2953345070422535
0.40195208518189884,0.2129547471162378,0.08740017746228926,0.2976929902395741
0.4004385964912281,0.21359649122807017,0.08333333333333333,0.3026315789473684
0.40353200883002205,0.21545253863134659,0.0869757174392936,0.29403973509933773
0.41041482789055606,0.21315092674315975,0.08914386584289496,0.2872903795233892
0.40413368513632364,0.21723834652594548,0.08443271767810026,0.2941952506596306
0.41147902869757175,0.2163355408388521,0.07947019867549669,0.29271523178807946
0.4101888449714537,0.21739130434782608,0.08256477821695213,0.2898550724637681
0.4067871308946673,0.21771705597179375,0.08505949757602468,0.2904363155575143
0.3999116217410517,0.20945647370746795,0.09147149801148917,0.29916040653999115
0.399554565701559,0.2111358574610245,0.09131403118040089,0.2979955456570156
0.39338399642378186,0.21144389807778274,0.09119356280733125,0.30397854269110414
0.40114235500878737,0.2086994727592267,0.09402460456942004,0.2961335676625659
0.3999123959702146,0.20937363118703461,0.09286027157249234,0.29785370127025845
0.39895242252291574,0.214316892186818,0.0907900480139677,0.29594063727629855
0.401840490797546,0.20902716914986855,0.0915863277826468,0.29754601226993865
0.3980625275209159,0.2188463232056363,0.09114927344782034,0.2919418758256275
0.40494044993383327,0.22143802382002647,0.08513453903837671,0.28848698720776356
0.4012237762237762,0.2172202797202797,0.09571678321678322,0.28583916083916083
0.3987566607460036,0.21891651865008882,0.0941385435168739,0.28818827708703376
0.4072119613016711,0.21152154793315744,0.09762532981530343,0.2836411609498681
0.40954446854663773,0.20824295010845986,0.0963123644251627,0.2859002169197397
0.40697167755991287,0.21045751633986928,0.09934640522875816,0.28322440087145967
0.4078310602727673,0.20941487021557414,0.09810822701275847,0.2846458424989001
0.4111160123511248,0.20423467137185708,0.09748566387295986,0.2871636524040582
0.4078014184397163,0.20345744680851063,0.09840425531914894,0.2903368794326241
0.40598855129898725,0.20167327168648172,0.0964332892998679,0.29590488771466317
0.4014053579270971,0.20641194554238032,0.09793588054457619,0.29424681598594643
0.4053112755768394,0.20809751850239444,0.09272964736612974,0.29386155855463647
0.4029255319148936,0.21099290780141844,0.09485815602836879,0.2912234042553192
0.4079822616407982,0.20443458980044346,0.09401330376940133,0.293569844789357
0.4067871308946673,0.20185103569854562,0.09431467606875275,0.2970471573380344
0.4083333333333333,0.20175438596491227,0.0925438596491228,0.29736842105263156
0.41480508103372754,0.20280332895313186,0.08979413053000437,0.2925974594831362
0.4068092536010476,0.20558707987778263,0.09122653862941947,0.2963771278917503
0.4077367718986216,0.20675855935971543,0.08892841262783459,0.2965762561138284
0.39867549668874175,0.20706401766004415,0.09359823399558499,0.30066225165562915
0.40201665935992986,0.2073651907058308,0.0925032880315651,0.2981148619026743
0.40061565523306947,0.20844327176781002,0.0919085312225154,0.2990325417766051
0.401242787394585,0.20639147802929428,0.09143364403018198,0.3009320905459387
0.3987783595113438,0.20898778359511344,0.09075043630017451,0.30148342059336825
0.4046675473359753,0.20651695288419197,0.08850726552179657,0.3003082342580361
0.39839928857269896,0.2085371276122721,0.08803912850155625,0.30502445531347266
0.39628482972136225,0.20566121185316233,0.09332153914197258,0.30473241928350286
0.39080459770114945,0.20512820512820512,0.09372236958443855,0.3103448275862069
0.3920105355575066,0.20719929762949957,0.08823529411764706,0.3125548726953468
0.3832967032967033,0.20747252747252748,0.08923076923076922,0.32
0.37973568281938325,0.20792951541850221,0.09030837004405286,0.32202643171806167
0.37131544214694234,0.21733391992960846,0.09106907171139464,0.32028156621205456
0.37598597721297106,0.21910604732690622,0.09070990359333918,0.3141980718667835
0.3770999115826702,0.21971706454465076,0.09504862953138815,0.3081343943412909
0.37455985915492956,0.21830985915492956,0.09815140845070422,0.3089788732394366
0.37406263784737537,0.22011468901632114,0.09395677106307895,0.3118659020732245
0.37887385421213443,0.2221737232649498,0.09166302924487124,0.3072893932780445
0.37812911725955206,0.21958717610891523,0.09354413702239789,0.30873956960913485
0.37824746807573756,0.22413033905768384,0.09202994275649494,0.3055922501100837
0.3744493392070485,0.2277533039647577,0.09383259911894273,0.3039647577092511
0.3702256944444444,0.22743055555555555,0.09331597222222222,0.3090277777777778
0.37988581466842336,0.22485726833552921,0.09574000878348704,0.2995169082125604
0.3793103448275862,0.22634836427939875,0.09372236958443855,0.3006189213085765
0.3843791136463361,0.2233435717419921,0.09302325581395349,0.29925405879771827
0.37792494481236205,0.22428256070640176,0.09315673289183223,0.304635761589404
0.37296345222369,0.2311756935270806,0.09335094671950682,0.30250990752972257
0.38198757763975155,0.22715173025732033,0.09183673469387756,0.2990239574090506
0.38000880669308673,0.22413033905768384,0.09379128137384413,0.3020695728753853
0.38235294117647056,0.22607550482879718,0.09701492537313433,0.29455662862159787
0.3908851884312007,0.2291849255039439,0.09421560035056968,0.2857142857142857
0.3858647936786655,0.23266022827041263,0.09086918349429324,0.2906057945566286
0.3807218309859155,0.23767605633802816,0.08890845070422536,0.292693661971831
0.3850904278782532,0.2373180414644905,0.09042787825319806,0.2871636524040582
0.38893766461808604,0.2440737489025461,0.08867427568042142,0.2783143107989464
0.3833406018316616,0.24814653292629743,0.08765808983863933,0.28085477540340165
0.38934962898297687,0.24487123526844173,0.08686163247490179,0.2789175032736796
0.38886453309951774,0.24462954844366505,0.08505041648399825,0.28145550197281893
0.38461538461538464,0.24835164835164836,0.08527472527472528,0.28175824175824177
0.38949671772428884,0.24288840262582057,0.08358862144420132,0.2840262582056893
0.389010989010989,0.24571428571428572,0.08263736263736264,0.2826373626373626
0.39708480565371024,0.23895759717314488,0.08259717314487633,0.28136042402826855
0.39725420726306465,0.2395925597874225,0.08547387068201949,0.27767936226749335
0.3936869793950022,0.24112231477422183,0.08373520385795703,0.28145550197281893
0.3921654929577465,0.24075704225352113,0.08538732394366197,0.28169014084507044
0.387746170678337,0.24507658643326038,0.08315098468271334,0.2840262582056893
0.3913997367266345,0.24703817463799913,0.08073716542343133,0.2808249232119351
0.3938207136640557,0.2454308093994778,0.08050478677110531,0.28024369016536116
0.39238845144356954,0.24278215223097113,0.08223972003499562,0.28258967629046366
0.39174800354924577,0.24445430346051464,0.08163265306122448,0.2821650399290151
0.38854895104895104,0.2517482517482518,0.07823426573426573,0.28146853146853146
0.3957314361938639,0.24811027123165852,0.07603379279679857,0.28012449977767895
0.3895933537385221,0.24836029733275033,0.07389593353738522,0.2881504153913424
0.39384615384615385,0.24835164835164836,0.07164835164835165,0.28615384615384615
0.38891294932871373,0.2550887830229537,0.07016024252923343,0.28583802511909917
0.3905429071803853,0.24956217162872155,0.07355516637478109,0.28633975481611207
0.3934065934065934,0.24923076923076923,0.07252747252747253,0.28483516483516486
0.3881057268722467,0.2511013215859031,0.07400881057268723,0.286784140969163
0.38279192273924495,0.25548726953467954,0.07374890254609306,0.28797190517998245
0.3816725978647687,0.2557829181494662,0.07250889679715303,0.2900355871886121
0.3751668891855808,0.2576769025367156,0.07120605251446373,0.29595015576323985
0.38567005749668287,0.2560813799203892,0.06811145510835913,0.2901371074745688
0.38319401671799386,0.2564892212934448,0.07039155301363836,0.289925208974923
0.37294015611448394,0.25585429314830876,0.07632263660017347,0.2948829141370338
0.3737906772207564,0.25505716798592787,0.07871591908531222,0.29243623570800353
0.3741794310722101,0.25470459518599564,0.08096280087527352,0.2901531728665208
0.37804338202744575,0.25320938468348825,0.08322266489597167,0.2855245683930943
0.3754416961130742,0.24823321554770317,0.08392226148409894,0.2924028268551237
0.38061360604713207,0.2516674077367719,0.082258781680747,0.28546020453534904
0.3787610619469027,0.25398230088495577,0.0827433628318584,0.2845132743362832
0.3788350377945754,0.25878168074699864,0.07870164517563362,0.28368163628279236
0.37693327441449404,0.25629695095006627,0.07247017233760494,0.29429960229783475
0.384070796460177,0.24557522123893805,0.0743362831858407,0.2960176991150443
0.38320209973753283,0.24715660542432197,0.07830271216097988,0.29133858267716534
0.3829881004847951,0.24283825473776993,0.07624504186866461,0.2979286029087704
0.38353148392778513,0.24922941435490972,0.0717745486569793,0.2954645530603259
0.38515901060070673,0.25353356890459366,0.06669611307420495,0.2946113074204947
0.38219663418954825,0.2519929140832595,0.06864481842338352,0.2971656333038087
0.38349514563106796,0.25198587819947044,0.07016769638128861,0.294351279788173
0.38103677447939743,0.2512184315463004,0.06911829862649535,0.29862649534780683
0.37749224634470535,0.25387682764731945,0.07310589277802393,0.2955250332299513
0.3792196405085489,0.25734327049539674,0.07014467338886453,0.2932924156071898
0.38093145869947276,0.2552724077328647,0.06898066783831283,0.29481546572934975
0.38753866548828986,0.25231992929739283,0.0684931506849315,0.29164825452938575
0.3858865564984368,0.2518981688253685,0.06967396158999553,0.2925413130861992
0.38662533215234723,0.25110717449069975,0.06953055801594331,0.29273693534100975
0.3751645458534445,0.2558139534883721,0.07240017551557701,0.2966213251426064
0.3794940079893475,0.25521526853084775,0.07367953839325345,0.29161118508655126
0.3762114537444934,0.25418502202643173,0.06872246696035242,0.30088105726872244
0.3793859649122807,0.25219298245614036,0.06973684210526315,0.2986842105263158
0.3787215411558669,0.25,0.0691768826619965,0.3021015761821366
0.37226596675415574,0.25284339457567806,0.07742782152230972,0.2974628171478565
0.3759332454984629,0.24857268335529206,0.08168642951251646,0.2938076416337286
0.3747787610619469,0.2513274336283186,0.0831858407079646,0.2907079646017699
0.36821192052980134,0.25121412803532006,0.0869757174392936,0.293598233995585
0.3742844561867019,0.25011008366358434,0.08586525759577279,0.289740202553941
0.37132836475230163,0.2490135905304691,0.08724243752740027,0.292415607189829
0.3717948717948718,0.2484526967285588,0.08930150309460655,0.29045092838196285
0.36811977102597976,0.2527520915896081,0.08806693086745927,0.2910612065169529
0.373640713353632,0.24923879947803393,0.08699434536755112,0.29012614180078294
0.37009263343625937,0.25363917071018965,0.0846934274371416,0.29157476841640934
0.37292576419213974,0.2497816593886463,0.08296943231441048,0.2943231441048035
0.3759929390997352,0.24669020300088262,0.08473080317740513,0.2925860547219771
0.3733981440565621,0.24569155987627045,0.08705258506407423,0.2938577110030932
0.37956847203874944,0.25011008366358434,0.083223249669749,0.2870981946279172
0.37902159541648306,0.24636403702071397,0.08197443807844866,0.29263992948435436
0.37714285714285717,0.24879120879120878,0.08527472527472528,0.2887912087912088
0.3759431868619618,0.24633821571238348,0.08788282290279627,0.2898357745228584
0.37236842105263157,0.24385964912280703,0.08947368421052632,0.2942982456140351
0.37445319335083116,0.2410323709536308,0.09011373578302712,0.29440069991251094
0.37339246119733926,0.24966740576496674,0.09002217294900222,0.2869179600886918
0.3827814569536424,0.24503311258278146,0.08653421633554084,0.28565121412803535
0.38158477202301905,0.2478972996901284,0.08100929614873838,0.28950863213811423
0.38034376377258705,0.24724548259145,0.08550022036139268,0.2869105332745703
0.3788410886742757,0.24319578577699735,0.08604038630377524,0.2919227392449517
0.37758241758241756,0.24483516483516485,0.09010989010989011,0.2874725274725275
0.3708462560921577,0.24412937527691625,0.09481612760301285,0.29020824102791315
0.3767605633802817,0.24779929577464788,0.08890845070422536,0.28653169014084506
0.374614367562803,0.24548259144997797,0.09122961657117673,0.2886734244160423
0.37417654808959155,0.2437417654808959,0.0922266139657444,0.2898550724637681
0.3731868131868132,0.24263736263736263,0.09406593406593407,0.29010989010989013
0.37521891418563924,0.24430823117338005,0.09369527145359019,0.28677758318739055
0.3730886850152905,0.24246395806028834,0.09392747924858016,0.290519877675841
0.37758241758241756,0.24483516483516485,0.09186813186813186,0.2857142857142857
0.37560333479596314,0.24265028521281265,0.09302325581395349,0.28872312417727075
0.3806793118659021,0.24084693427437143,0.09616232906925452,0.282311424790472
0.39063190455148034,0.23817940786566505,0.0905877154220062,0.28060097216084845
