R,A,S,N
0.0,1.0,0.0,0.0
0.0,0.75,0.25,0.0
0.0,0.6666666666666666,0.1111111111111111,0.2222222222222222
0.0,0.6428571428571429,0.07142857142857142,0.2857142857142857
0.0,0.5,0.2,0.3
0.058823529411764705,0.47058823529411764,0.14705882352941177,0.3235294117647059
0.057692307692307696,0.4230769230769231,0.17307692307692307,0.34615384615384615
0.07317073170731707,0.3902439024390244,0.17073170731707318,0.36585365853658536
0.08264462809917356,0.3884297520661157,0.15702479338842976,0.371900826446281
0.10119047619047619,0.375,0.1488095238095238,0.375
0.1288888888888889,0.3466666666666667,0.1288888888888889,0.39555555555555555
0.1423611111111111,0.3402777777777778,0.1284722222222222,0.3888888888888889
0.14166666666666666,0.3333333333333333,0.1388888888888889,0.3861111111111111
0.15695067264573992,0.33856502242152464,0.1367713004484305,0.36771300448430494
0.15934065934065933,0.3498168498168498,0.1391941391941392,0.3516483516483517
0.18098159509202455,0.32975460122699385,0.12883435582822086,0.3604294478527607
0.18850267379679145,0.3315508021390374,0.12032085561497326,0.35962566844919786
0.19838523644752018,0.3229527104959631,0.12341407151095732,0.3552479815455594
0.21329365079365079,0.31547619047619047,0.12003968253968254,0.35119047619047616
0.22541340295909487,0.299390774586597,0.1174934725848564,0.3577023498694517
0.2390282131661442,0.29702194357366773,0.11285266457680251,0.3510971786833856
0.2524339360222531,0.30806675938803896,0.10361613351877608,0.33588317107093185
0.25626566416040103,0.3007518796992481,0.09962406015037593,0.3433583959899749
0.26773455377574373,0.3009153318077803,0.09610983981693363,0.3352402745995423
0.2683315621679065,0.3044633368756642,0.09458023379383634,0.332624867162593
0.271513353115727,0.29821958456973297,0.09594460929772503,0.334322453016815
0.2757475083056478,0.29900332225913623,0.09634551495016612,0.3289036544850498
0.27264367816091956,0.3025287356321839,0.09149425287356322,0.3333333333333333
0.27407075682937754,0.3058665472458576,0.0877742946708464,0.3322884012539185
0.2732481269281622,0.31070956368444247,0.08814455707360071,0.32789775231379464
0.27200353825740825,0.31180893409995575,0.08978328173374613,0.3264042459088899
0.2740088105726872,0.3158590308370044,0.08766519823788546,0.3224669603524229
0.27071333628710675,0.3141338059370846,0.0872840053167922,0.32786885245901637
0.2733274647887324,0.31205985915492956,0.08846830985915492,0.3261443661971831
0.2728077945084145,0.3201948627103631,0.08901682905225863,0.3179805137289637
0.2724458204334365,0.3126934984520124,0.08668730650154799,0.3281733746130031
0.2773593265396544,0.3088170137350465,0.08817013735046522,0.32565352237483386
0.2779482683033757,0.31082858395440593,0.08548882069267864,0.3257343270495397
0.2780229479258605,0.3142100617828773,0.08296557811120918,0.324801412180053
0.27855887521968364,0.3141476274165202,0.08391915641476275,0.3233743409490334
0.2774108322324967,0.32056362835755176,0.08190224570673713,0.32012329370321446
0.2774846086191733,0.31574318381706246,0.0822339489885664,0.3245382585751979
0.2801231310466139,0.31926121372031663,0.07783641160949868,0.3227792436235708
0.28309305373525556,0.3162953254696374,0.0782000873743993,0.3224115334207077
0.28558875219683655,0.3172231985940246,0.07601054481546574,0.3211775043936731
0.28808380619816676,0.31514622435617634,0.0759493670886076,0.32082060235704934
0.29168519341929744,0.3148065807025345,0.07514450867052024,0.31836371720764783
0.29012345679012347,0.3134920634920635,0.07760141093474426,0.3187830687830688
0.29414354909731394,0.30779392338177014,0.08058124174372523,0.31748128577719065
0.294351279788173,0.3106796116504854,0.07855251544571933,0.31641659311562226
0.2990325417766051,0.30914687774846084,0.07959542656112577,0.3122251539138083
0.2978723404255319,0.30186170212765956,0.08200354609929078,0.3182624113475177
0.2979286029087704,0.30718378140149843,0.0758043190832966,0.31908329660643453
0.29542425588627275,0.3118613949355842,0.07641048422923145,0.3163038649489116
0.2974878801234024,0.3151167915381225,0.07139709122961657,0.31599823710885855
0.29991204925241866,0.3148636763412489,0.0712401055408971,0.31398416886543534
0.29690265486725664,0.31283185840707967,0.07566371681415929,0.3146017699115044
0.3003970004411116,0.3043670048522276,0.07631230701367446,0.31892368769298635
0.3079295154185022,0.3013215859030837,0.07533039647577093,0.31541850220264317
0.31274812527569473,0.2995147772386414,0.07631230701367446,0.3114247904719894
0.3099209833187006,0.30201931518876207,0.07769973661106233,0.310359964881475
0.31399468556244464,0.29052258635961026,0.07528786536758193,0.3201948627103631
0.315377932232841,0.2884448305821025,0.07645525629887055,0.3197219808861859
0.31643895989422655,0.2860290877038343,0.07756721022476862,0.3199647421771706
0.3109836788707543,0.28760476400529333,0.0780767534186149,0.32333480370533746
0.31216931216931215,0.29188712522045857,0.07539682539682539,0.3205467372134039
0.30715532286212915,0.2849040139616056,0.0780977312390925,0.3298429319371728
0.3070447496677005,0.2933097031457687,0.07886575099689853,0.32077979618963226
0.31195462478184993,0.28534031413612565,0.07984293193717278,0.3228621291448517
0.31368235811702594,0.289925208974923,0.0840299164100308,0.3123625164980202
0.31462660185594343,0.28501988510826337,0.07777286787450287,0.3225806451612903
0.31099430573806397,0.28383705650459923,0.08103372755146737,0.3241349102058695
0.3185840707964602,0.28053097345132744,0.08053097345132744,0.32035398230088497
0.31592803861342694,0.2786309784993418,0.07985958753839403,0.32558139534883723
0.3213969938107869,0.28603006189213087,0.07736516357206012,0.3152077807250221
0.3210687691633815,0.2829610162067455,0.07490144546649145,0.3210687691633815
0.3228520814880425,0.27812223206377323,0.07263064658990256,0.32639503985828167
0.32328527741371776,0.27872433377020533,0.07383136740934906,0.3241590214067278
0.32419283502874835,0.2781954887218045,0.07474568774878372,0.32286598850066345
0.3317159241288046,0.2695191883546537,0.07234230260255844,0.32642258491398324
0.33348095659876,0.2688219663418955,0.07307351638618247,0.3246235606731621
0.3349557522123894,0.26194690265486725,0.07035398230088495,0.3327433628318584
0.3292576419213974,0.26375545851528387,0.07336244541484715,0.33362445414847164
0.33540372670807456,0.2622005323868678,0.06921029281277728,0.3331854480922804
0.3303886925795053,0.26413427561837455,0.06802120141342756,0.3374558303886926
0.3286405631324241,0.2692476902771667,0.06995160580730313,0.332160140783106
0.3376449598572703,0.2564674397859054,0.07091882247992863,0.3349687778768956
0.33495145631067963,0.2594880847308032,0.07413945278022947,0.33142100617828774
0.3458480565371025,0.2504416961130742,0.0715547703180212,0.3321554770318021
0.34236234458259324,0.25355239786856126,0.06571936056838366,0.3383658969804618
0.33831940167179936,0.2648482182138143,0.0664320281566212,0.33040035195776507
0.34384581690757776,0.2671922908453789,0.067455102934735,0.32150678931230836
0.34362593736215263,0.2655491839435377,0.06528451698279665,0.325540361711513
0.34202386212991603,0.26513477684489617,0.06584180291648255,0.32699955810870523
0.33715798764342453,0.2669902912621359,0.06840247131509268,0.32744924977934686
0.344918609766828,0.26748790145182577,0.06467223933128025,0.322921249450066
0.3418054338299737,0.26993865030674846,0.06617002629272568,0.3220858895705521
0.3480735551663748,0.26532399299474607,0.0647985989492119,0.32180385288966723
0.34050179211469533,0.2670250896057348,0.06451612903225806,0.3279569892473118
0.3331860362350862,0.27220503756076003,0.0618647812638091,0.33274414494034465
0.3324514991181658,0.2698412698412698,0.06481481481481481,0.33289241622574955
0.3366900175131349,0.26970227670753066,0.063922942206655,0.3296847635726795
0.3321507760532151,0.2722838137472284,0.06208425720620843,0.33348115299334813
0.33245958934032327,0.27348186981214506,0.06378331148973351,0.3302752293577982
0.33655111891180345,0.26985519964896887,0.06581834137779728,0.32777534006143044
0.3286031042128603,0.2780487804878049,0.06563192904656319,0.3277161862527716
0.3324514991181658,0.27733686067019403,0.06525573192239859,0.32495590828924165
0.3374558303886926,0.27208480565371024,0.06537102473498234,0.3250883392226148
0.3381706244503078,0.2774846086191733,0.0633245382585752,0.3210202286719437
0.3419552827707146,0.27224901359053044,0.05962297238053485,0.3261727312582201
0.34578207381370824,0.27065026362038663,0.0641476274165202,0.3194200351493849
0.3443126921387791,0.2696530522617479,0.06675450153711024,0.31927975406236275
0.34159061277705344,0.2720556279878314,0.06605823554976098,0.3202955236853542
0.3471548301720335,0.2726069695632995,0.06616674018526687,0.31407146007940007
0.3442333186036235,0.28104286345558993,0.06539991162174105,0.3093239063190455
0.34505494505494505,0.27472527472527475,0.0654945054945055,0.31472527472527473
0.34647762516614977,0.2711564023039433,0.06601683650863979,0.3163491360212672
0.3480565371024735,0.26545936395759717,0.06537102473498234,0.321113074204947
0.34509803921568627,0.26143790849673204,0.06187363834422658,0.33159041394335514
0.3497816593886463,0.25851528384279476,0.060698689956331875,0.33100436681222706
0.3537777777777778,0.2577777777777778,0.059555555555555556,0.3288888888888889
0.3518029903254178,0.25857519788918204,0.0584872471416007,0.3311345646437995
0.3531483927785117,0.26067811536767943,0.05856450902686042,0.3276089828269485
0.3538529672276351,0.26350752878653677,0.0566873339238264,0.3259521700620018
0.3598781549173194,0.26240208877284593,0.05700609225413403,0.3207136640557006
0.35571365051133835,0.26767452200978215,0.05646954201867497,0.3201422854602045
0.3509700176366843,0.27380952380952384,0.05864197530864197,0.3165784832451499
0.3604038630377524,0.27568042142230026,0.05575065847234416,0.30816505706760317
0.3598781549173194,0.27023498694516973,0.05483028720626632,0.31505657093124456
0.3558498896247241,0.2675496688741722,0.052980132450331126,0.3236203090507726
0.3574600355239787,0.2744227353463588,0.05595026642984014,0.31216696269982236
0.3516629711751663,0.2793791574279379,0.055875831485587585,0.31308203991130823
0.3518029903254178,0.27924362357080035,0.05760773966578716,0.3113456464379947
0.35875831485587584,0.27671840354767185,0.057649667405764965,0.30687361419068737
0.3504197967300044,0.2752982766239505,0.05788775961113566,0.3163941670349094
0.3531499556344277,0.26974267968056787,0.05723158828748891,0.3198757763975155
0.3579646017699115,0.27168141592920353,0.05752212389380531,0.31283185840707967
0.3618046430135786,0.26763031099430573,0.05781865965834428,0.31274638633377133
0.3564835164835165,0.269010989010989,0.0589010989010989,0.3156043956043956
0.3494931687968268,0.2728074041427942,0.05729396209784046,0.3204054649625386
0.35257548845470693,0.2713143872113677,0.05994671403197158,0.31616341030195383
0.34967177242888403,0.2700218818380744,0.05820568927789934,0.32210065645514224
0.3513394817742644,0.26745718050065875,0.06060606060606061,0.32059727711901626
0.35587975243147657,0.26746242263483644,0.058797524314765696,0.3178603006189213
0.36295644522657283,0.26176858776946765,0.061152661680598325,0.3141223053233612
0.353927625772286,0.264783759929391,0.06266548984995587,0.31862312444836716
0.35439681838267784,0.26513477684489617,0.0618647812638091,0.3186036235086169
0.3532513181019332,0.2649384885764499,0.06546572934973638,0.3163444639718805
0.34969053934571176,0.2639257294429708,0.0658709106984969,0.32051282051282054
0.3510544815465729,0.2666959578207381,0.06898066783831283,0.3132688927943761
0.35063235935455733,0.26820758831225466,0.06846925425207152,0.31269079808111644
0.3493816254416961,0.2659010600706714,0.07420494699646643,0.31051236749116606
0.3471183457985042,0.26616805983282005,0.07171139463264409,0.31500219973603166
0.35015493581230633,0.2687029659141213,0.06861443116423196,0.31252766710934043
0.3538732394366197,0.2632042253521127,0.07130281690140845,0.31161971830985913
0.34930313588850176,0.2691637630662021,0.07360627177700349,0.3079268292682927
0.35117204776647504,0.2706766917293233,0.07120743034055728,0.3069438301636444
0.3570475767007559,0.2712316585148955,0.07025344597598933,0.30146731880835925
0.3543859649122807,0.2741228070175439,0.0706140350877193,0.30087719298245613
0.3530701754385965,0.2807017543859649,0.06754385964912281,0.2986842105263158
0.35320284697508897,0.27313167259786475,0.06895017793594306,0.3047153024911032
0.3562005277044855,0.2717678100263852,0.06948109058927,0.30255057167985927
0.35244816938685486,0.27657697397441555,0.070577856197618,0.3003970004411116
0.3533067021748779,0.2756324900133156,0.07323568575233022,0.29782512205947625
0.3573943661971831,0.2777288732394366,0.07086267605633803,0.29401408450704225
0.3587245349867139,0.2807794508414526,0.06687333923826395,0.2936226749335695
0.3540017590149516,0.28408091468777485,0.06772207563764292,0.2941952506596306
0.35683012259194397,0.27845884413309985,0.0669877408056042,0.29772329246935203
0.3647214854111406,0.27851458885941643,0.0680813439434129,0.28868258178603007
0.3649247121346324,0.2812223206377325,0.06908768821966342,0.28476527900797166
0.35776614310645727,0.2844677137870855,0.06849912739965096,0.2892670157068063
0.36459246275197194,0.28001752848378614,0.06967572304995617,0.2857142857142857
0.37267080745341613,0.27284826974267967,0.07009760425909495,0.28438331854480925
0.36881625441696114,0.2698763250883392,0.06846289752650177,0.2928445229681979
0.3690529124055136,0.27389951089373055,0.06847487772343264,0.28857269897732324
0.3736311870346036,0.26763031099430573,0.06614104248795445,0.2925974594831362
0.37082601054481545,0.2649384885764499,0.06810193321616871,0.2961335676625659
0.37543859649122807,0.2618421052631579,0.06578947368421052,0.2969298245614035
0.372051624388073,0.2576769025367156,0.06542056074766354,0.30485091232754785
0.38070175438596493,0.2530701754385965,0.062280701754385964,0.30394736842105263
0.38153846153846155,0.24835164835164836,0.06197802197802198,0.30813186813186816
0.3848179025888548,0.24835454146555508,0.0596752961825362,0.307152259763054
0.38309114927344784,0.24790841039189784,0.05900484368119771,0.3099955966534566
0.39098073555166374,0.2456217162872154,0.05866900175131348,0.30472854640980734
0.3838383838383838,0.2494510320597277,0.05884936319718929,0.30786122090469914
0.3861646234676007,0.24824868651488616,0.059982486865148864,0.30560420315236425
0.3887423043095866,0.2497801231310466,0.05804749340369393,0.3034300791556728
0.3956236323851203,0.25032822757111595,0.05820568927789934,0.29584245076586435
0.40008822232024704,0.24614027348919276,0.05955006616674018,0.29422143802382
0.4028934677772907,0.2494519947391495,0.057430951337132836,0.290223586146427
0.4062090074333188,0.2509838216003498,0.05902929602098819,0.28377787494534323
0.4043114826220853,0.2498900131984162,0.06071271447426309,0.28508578970523535
0.40044052863436125,0.25462555066079295,0.05859030837004405,0.28634361233480177
0.40462680052378874,0.25927542557835004,0.058489742470536885,0.2776080314273243
0.4021210782147592,0.2624834290764472,0.05788775961113566,0.27750773309765797
0.4097070397901181,0.25535636204634893,0.05596851770878881,0.2789680804547442
0.4023957409050577,0.2595385980479148,0.05634427684117125,0.28172138420585624
0.40709534368070954,0.25631929046563195,0.05188470066518847,0.2847006651884701
0.413215859030837,0.24625550660792953,0.05286343612334802,0.28766519823788544
0.41041482789055606,0.2436010591350397,0.05472197705207414,0.2912621359223301
0.41368653421633556,0.24061810154525387,0.05518763796909492,0.29050772626931565
0.4189307624890447,0.24189307624890447,0.05521472392638037,0.2839614373356705
0.4130052724077329,0.2469244288224956,0.056239015817223195,0.28383128295254834
0.41832669322709165,0.24169986719787517,0.05799026117751217,0.281983178397521
0.41921204072598495,0.23727312970340858,0.059318282425852145,0.28419654714475434
0.4143670608848007,0.23915900131406045,0.06263688129653965,0.28383705650459923
0.41546526867627787,0.2455220620358235,0.06247269550021844,0.2765399737876802
0.4108322324966975,0.2413033905768384,0.06693086745926904,0.2809335094671951
0.40714285714285714,0.24464285714285713,0.06964285714285715,0.2785714285714286
0.40724574421649934,0.24181580096027935,0.07027498908773461,0.2806634657354867
0.41158402808249234,0.2395787626151821,0.06801228609039052,0.2808249232119351
0.412726469288555,0.24304021210782148,0.06451612903225806,0.27971718957136543
0.41685144124168516,0.23414634146341465,0.07095343680709534,0.2780487804878049
0.40651121865376155,0.23757149142102948,0.07039155301363836,0.2855257369115706
0.4081272084805654,0.23807420494699646,0.06846289752650177,0.28533568904593637
0.4034543844109832,0.24534986713906112,0.06864481842338352,0.28255093002657217
0.4017467248908297,0.248471615720524,0.06637554585152838,0.2834061135371179
0.4142037935597706,0.23864137626819584,0.06528451698279665,0.2818703131892369
0.41586327782646804,0.2388255915863278,0.06441717791411043,0.28089395267309375
0.41273996509598604,0.24083769633507854,0.0650087260034904,0.281413612565445
0.41264927023440956,0.24060150375939848,0.0654577620521893,0.2812914639540027
0.41908531222515394,0.23966578715919085,0.06772207563764292,0.27352682497801234
0.4161191414805081,0.23653088042049936,0.06657906263688129,0.28077091546211125
0.41699691765741964,0.23601937472479084,0.06913254073095552,0.277851166886834
0.4156706507304117,0.23683045595396193,0.06684373616644533,0.28065515714918104
0.4185430463576159,0.2326710816777042,0.06534216335540839,0.28344370860927154
0.4196547144754316,0.22797698096502877,0.06595838866755202,0.2864099158919876
0.4233800350262697,0.22723292469352013,0.06611208406304729,0.28327495621716287
0.4266316250547525,0.22514235654840123,0.06614104248795445,0.2820849759088918
0.43459174714661986,0.22300263388937663,0.0649692712906058,0.2774363476733977
0.4346103038309115,0.22016732716864817,0.06957287538529282,0.2756494936151475
0.4313295304958315,0.21763931548924967,0.07152259763053971,0.2795085563843791
0.4342681858019281,0.21954425942156003,0.07011393514460999,0.27607361963190186
0.43457330415754925,0.22056892778993437,0.0700218818380744,0.274835886214442
0.4300745287154757,0.2244629548443665,0.06970626918018413,0.2757562472599737
0.43190832966064346,0.22124283825473778,0.06963420008814455,0.2772146319964742
0.4344226579520697,0.21568627450980393,0.06928104575163399,0.28061002178649236
0.43821209465381245,0.21253286590709902,0.06748466257668712,0.2817703768624014
0.43752759381898454,0.2141280353200883,0.06799116997792494,0.2803532008830022
0.44239226033421286,0.2075637642919965,0.07211961301671065,0.27792436235708
0.43402932030208796,0.20879609062638826,0.07063527321190582,0.28653931585961795
0.4352629253203712,0.20592134334953602,0.07026071586389748,0.28855501546619533
0.42750110180696343,0.2093433230498017,0.07271925958572058,0.2904363155575143
0.4247594050743657,0.21084864391951005,0.07567804024496938,0.2887139107611549
0.4199475065616798,0.21303587051618547,0.07611548556430446,0.2909011373578303
0.4273693534100974,0.21700620017714792,0.07573073516386182,0.27989371124889284
0.4341699691765742,0.21576398062527521,0.07441655658300309,0.2756494936151475
0.43604395604395607,0.21626373626373627,0.07516483516483516,0.2725274725274725
0.4376940133037694,0.21241685144124167,0.07583148558758315,0.27405764966740576
0.44089316987740806,0.21015761821366025,0.07530647985989491,0.2736427320490368
0.4392070484581498,0.2105726872246696,0.07488986784140969,0.2753303964757709
0.4396853146853147,0.21284965034965034,0.07517482517482517,0.2722902097902098
0.43901365037428447,0.21092029942756496,0.07661822985468957,0.27344782034346105
0.44547053649956025,0.2106420404573439,0.07387862796833773,0.2700087950747581
0.4421052631578947,0.21096491228070174,0.07587719298245614,0.2710526315789474
0.44691248334073747,0.2079075966237228,0.07552199022656597,0.2696579298089738
0.4446404940449934,0.21041023378914867,0.07543008381120424,0.2695191883546537
0.44893524554541503,0.20686657974793568,0.07475010864841374,0.26944806605823557
0.4489885664028144,0.21284080914687775,0.07519788918205805,0.26297273526824977
0.45097173144876324,0.20980565371024734,0.071113074204947,0.2681095406360424
0.44803184431667403,0.21052631578947367,0.06766917293233082,0.27377266696152147
0.4464993394980185,0.21400264200792601,0.06516952884191986,0.27432848965213563
0.4523076923076923,0.2153846153846154,0.0654945054945055,0.26681318681318683
0.4472647702407002,0.21444201312910285,0.06520787746170678,0.27308533916849015
0.44658493870402804,0.21322241681260945,0.0669877408056042,0.2732049036777583
0.44292639929484356,0.21992066989863376,0.06346408109299251,0.2736888497135302
0.4419525065963061,0.22163588390501318,0.06376429199648197,0.2726473175021988
0.43443708609271525,0.22163355408388521,0.0631346578366446,0.280794701986755
0.43851917144116354,0.2247686205376818,0.06170118995152049,0.2750110180696342
0.4383442265795207,0.2222222222222222,0.06187363834422658,0.2775599128540305
0.4367562802996915,0.22300572939620977,0.06170118995152049,0.2785368003525782
0.44424778761061945,0.21946902654867256,0.05796460176991151,0.27831858407079646
0.4489973844812554,0.21795989537925023,0.05536181342632956,0.27768090671316475
0.449868073878628,0.2154793315743184,0.05408970976253298,0.2805628847845207
0.4469863616366036,0.21821381434227893,0.05411350637923449,0.28068631764188295
0.44991212653778556,0.21221441124780316,0.054042179261862916,0.28383128295254834
0.45407052677405313,0.20896821941663038,0.055724858511101434,0.28123639529821504
0.4493198771390961,0.21237384817902588,0.05704256252742431,0.2812637121544537
0.45522717247463607,0.2090868989854433,0.05690339655932951,0.2787825319805911
0.4551056338028169,0.21566901408450703,0.05237676056338028,0.27684859154929575
0.45930488341399034,0.21953365596128466,0.05191377034755829,0.2692476902771667
0.45458553791887124,0.21957671957671956,0.05335097001763668,0.2724867724867725
0.4557017543859649,0.2149122807017544,0.05745614035087719,0.2719298245614035
0.4620505992010652,0.21304926764314247,0.05725699067909454,0.26764314247669774
0.46030330062444247,0.21855486173059768,0.059322033898305086,0.26181980374665476
0.4478203434610304,0.22192866578599735,0.06296785557023338,0.2672831351827389
0.46120122753178433,0.22051731696624288,0.06137658921525647,0.2569048662867163
0.46106736657917763,0.2174103237095363,0.0621172353455818,0.2594050743657043
0.4608619173262973,0.2185576077396658,0.060246262093227795,0.26033421284080915
0.45598591549295775,0.21830985915492956,0.06338028169014084,0.2623239436619718
0.4551056338028169,0.22227112676056338,0.06205985915492958,0.2605633802816901
0.4596738651388277,0.2234464521815778,0.05993829881004848,0.25694138386954607
0.4605263157894737,0.22894736842105262,0.05570175438596491,0.2548245614035088
0.45831495368328184,0.23202470224966917,0.054256726951918834,0.25540361711513015
0.46924428822495606,0.22891036906854131,0.054042179261862916,0.2478031634446397
0.4734065934065934,0.22681318681318682,0.05274725274725275,0.24703296703296704
0.4731750219876869,0.22999120492524186,0.052770448548812667,0.24406332453825857
0.4706142288996907,0.22889969067609367,0.0552364118426867,0.24524966858152894
0.47370727432077125,0.22217353198948292,0.05346187554776512,0.2506573181419807
0.475177304964539,0.21897163120567376,0.05230496453900709,0.25354609929078015
0.4732690622261174,0.22042068361086767,0.05346187554776512,0.2528483786152498
0.4768962510897995,0.21839581517000872,0.05361813426329556,0.25108979947689625
0.4765486725663717,0.21106194690265487,0.05309734513274336,0.2592920353982301
0.476713532513181,0.2126537785588752,0.054042179261862916,0.2565905096660808
0.4727996461742592,0.21450685537372843,0.05395842547545334,0.25873507297655907
0.477579451458424,0.2111449717022203,0.05528950805398346,0.2559860687853722
0.4776647501105705,0.20743034055727555,0.05484298982750995,0.26006191950464397
0.47540983606557374,0.21311475409836064,0.05449712007089056,0.256978289765175
0.4762959680992468,0.2108994240141781,0.05183872396987151,0.2609658839167036
0.48616600790513836,0.20245937637241984,0.052700922266139656,0.25867369345630215
0.48401420959147423,0.20781527531083482,0.05284191829484902,0.2553285968028419
0.4814977973568282,0.20352422907488987,0.05506607929515418,0.2599118942731278
0.481239092495637,0.20855148342059338,0.056282722513089,0.25392670157068065
0.4795244385733157,0.2043152796125055,0.05680317040951123,0.25935711140466755
0.47522123893805307,0.20530973451327433,0.05796460176991151,0.26150442477876107
0.47167325428194995,0.207290294246816,0.059727711901624944,0.26130873956960915
0.46946902654867256,0.20530973451327433,0.060619469026548675,0.2646017699115044
0.47950639048038785,0.2005288673424416,0.0625826355222565,0.25738210665491407
0.48548812664907653,0.1948109058927001,0.06200527704485488,0.25769569041336854
0.4868651488616462,0.19439579684763572,0.06304728546409807,0.25569176882662
0.4833040421792619,0.20254833040421794,0.06195079086115993,0.2521968365553603
0.47595941773268635,0.20247022496691663,0.06219673577415086,0.25937362152624616
0.4827736589620584,0.2023549934583515,0.0641081552551243,0.25076319232446576
0.4847682119205298,0.20176600441501102,0.06534216335540839,0.24812362030905077
0.4781649757388619,0.20599911777679752,0.06263784737538597,0.25319805910895454
0.480193661971831,0.20466549295774647,0.06294014084507042,0.2522007042253521
0.4801762114537445,0.20308370044052865,0.06475770925110132,0.25198237885462554
0.4826666666666667,0.20266666666666666,0.060444444444444446,0.25422222222222224
0.4806678383128295,0.20738137082601055,0.05711775043936731,0.2548330404217926
0.4875555555555556,0.20355555555555555,0.058222222222222224,0.25066666666666665
0.48639000446229363,0.20437304774654172,0.05488621151271754,0.2543507362784471
0.48774080560420313,0.2000875656742557,0.05297723292469352,0.2591943957968476
0.4852487890797006,0.2069572875385293,0.05372082782915016,0.25407309555262
0.49292661361626877,0.20380194518125552,0.05128205128205128,0.2519893899204244
0.49383802816901406,0.20862676056338028,0.05149647887323944,0.2460387323943662
0.4881889763779528,0.20909886264216973,0.052930883639545054,0.24978127734033245
0.48570190641247835,0.20797227036395147,0.05459272097053726,0.2517331022530329
0.490418118466899,0.20470383275261325,0.054878048780487805,0.25
0.4880742049469965,0.20715547703180212,0.05167844522968198,0.25309187279151946
0.4844306049822064,0.2050711743772242,0.05115658362989324,0.25934163701067614
0.48253275109170307,0.2052401746724891,0.05283842794759825,0.2593886462882096
0.48435434111943587,0.20846187747906567,0.05641251652710445,0.250771264874394
0.48519163763066203,0.20993031358885017,0.05531358885017421,0.2495644599303136
0.4907161803713528,0.20424403183023873,0.053934571175950484,0.251105216622458
0.49094922737306845,0.21059602649006623,0.05562913907284768,0.24282560706401765
0.48842289209261686,0.21231979030144169,0.055919615552643076,0.24333770205329838
0.4893059799214317,0.2073330423395897,0.060672195547795724,0.2426887821911829
0.48580301685891747,0.20763087843833186,0.06033717834960071,0.24622892635314997
0.49473684210526314,0.21052631578947367,0.05964912280701754,0.23508771929824562
0.4923211935059236,0.20842474769635805,0.054848617814831066,0.24440544098288722
0.4918752744839701,0.20860781730346947,0.052700922266139656,0.24681598594642074
0.4933392539964476,0.2100355239786856,0.051953818827708706,0.24467140319715808
0.49801849405548215,0.2069572875385293,0.05019815059445178,0.24482606781153676
0.49209833187006147,0.20412642669007902,0.04916593503072871,0.2546093064091308
0.4978050921861282,0.20017559262510976,0.053555750658472345,0.24846356453028973
0.49604221635883905,0.20712401055408972,0.051890941072999124,0.24494283201407213
0.49823788546255504,0.19779735682819383,0.050220264317180616,0.2537444933920705
0.5,0.20123565754633715,0.05163283318623124,0.2471315092674316
0.5011047282368537,0.20061864781263808,0.05125939019001326,0.24701723376049492
0.4964507542147294,0.20097604259094942,0.05368234250221828,0.24889086069210292
0.4955634427684117,0.2005323868677906,0.058118899733806566,0.24578527062999111
0.4955555555555556,0.20355555555555555,0.05288888888888889,0.248
0.49604916593503073,0.20500438981562774,0.05267778753292362,0.2462686567164179
0.5008841732979664,0.20424403183023873,0.05083996463306808,0.2440318302387268
0.4989020641194554,0.20377689942907334,0.052700922266139656,0.24462011418533158
0.5030918727915195,0.20229681978798586,0.05079505300353357,0.24381625441696114
0.49977885891198587,0.20610349402919062,0.05174701459531181,0.24237063246351173
0.5039893617021277,0.20434397163120568,0.051418439716312055,0.2402482269503546
0.49845474613686536,0.20794701986754968,0.054304635761589407,0.2392935982339956
0.49467613132209404,0.20629991126885536,0.055900621118012424,0.24312333629103816
0.49408154318281455,0.20561157387110915,0.057430951337132836,0.24287593160894344
0.5008764241893077,0.19631901840490798,0.05828220858895705,0.24452234881682736
0.5010931351114998,0.19982509838216003,0.06077831219938785,0.23830345430695235
0.49576460098082925,0.2050824788230049,0.061970575122603656,0.2371823450735622
0.5004440497335702,0.205595026642984,0.05728241563055062,0.2366785079928952
0.49605609114811566,0.20639789658194566,0.05915863277826468,0.23838737949167396
0.4936095196121639,0.20449537241075363,0.05993829881004848,0.24195680916703394
0.4896975010960105,0.20824199912319158,0.05918456817185445,0.24287593160894344
0.4967291757522896,0.206279982555604,0.06105538595726123,0.23593545573484517
0.49007498897220997,0.2086457873842082,0.06396118217909132,0.2373180414644905
0.4905161005734451,0.20732245258050286,0.061314512571680635,0.24084693427437143
0.4958351600175362,0.2091188075405524,0.058746163963174045,0.2362998684787374
0.4982532751091703,0.20611353711790392,0.06157205240174673,0.23406113537117904
0.500661084178052,0.20846187747906567,0.05993829881004848,0.23093873953283384
0.5076586433260394,0.20568927789934355,0.05951859956236324,0.22713347921225382
0.5104770396790014,0.20686580472581365,0.05572893446277307,0.22692822113241196
0.5112881806108898,0.20407259849490925,0.054006197432492256,0.23063302346170872
0.5126970227670753,0.20052539404553416,0.053852889667250436,0.2329246935201401
0.5083996463306808,0.20645446507515472,0.05658709106984969,0.22855879752431477
0.5117391304347826,0.20478260869565218,0.058260869565217394,0.2252173913043478
0.5154819014391626,0.2040994330571304,0.057130396860008724,0.22328826864369822
0.5190265486725664,0.19601769911504424,0.05619469026548673,0.22876106194690266
0.5227670753064798,0.19483362521891417,0.05516637478108581,0.22723292469352013
0.5284015852047557,0.18978423601937472,0.05548216644649934,0.2263320123293703
0.5234782608695652,0.19217391304347825,0.05434782608695652,0.23
0.5166812993854258,0.19315188762071994,0.058384547848990345,0.2317822651448639
0.5123565754633715,0.19285083848190646,0.05736981465136805,0.23742277140335394
0.5155361050328228,0.19649890590809627,0.05514223194748359,0.23282275711159736
0.5151111111111111,0.19511111111111112,0.05288888888888889,0.2368888888888889
0.5155633494081543,0.19245944761069705,0.0530469092503288,0.2389302937308198
0.5175901495162709,0.1943711521547933,0.05321020228671944,0.23482849604221637
0.5193730953417501,0.19677840661732696,0.05354810622551154,0.2303003918154114
0.5181737588652482,0.19547872340425532,0.0549645390070922,0.23138297872340424
0.5211640211640212,0.1948853615520282,0.05335097001763668,0.23059964726631393
0.515625,0.19196428571428573,0.054464285714285715,0.23794642857142856
0.5124945199473915,0.19377466023673828,0.058746163963174045,0.23498465585269618
0.5053144375553588,0.19264836138175376,0.060673162090345435,0.24136403897254208
0.5097173144876325,0.19522968197879859,0.05653710247349823,0.23851590106007067
0.5039473684210526,0.19429824561403508,0.056578947368421055,0.24517543859649124
0.4982363315696649,0.19973544973544974,0.059082892416225746,0.2429453262786596
0.5019867549668874,0.20132450331125828,0.0565121412803532,0.2401766004415011
0.5070733863837312,0.1962864721485411,0.05658709106984969,0.24005305039787797
0.5072655217965654,0.19815059445178335,0.057243505063848524,0.23734037868780272
0.5074430823117339,0.20140105078809106,0.05691768826619965,0.23423817863397547
0.5082626172398392,0.20008932559178205,0.05895489057615007,0.23269316659222866
0.49801324503311256,0.20750551876379691,0.06357615894039735,0.23090507726269316
0.4887912087912088,0.210989010989011,0.06769230769230769,0.23252747252747252
0.49123575810692377,0.21297107800175286,0.06660823838737949,0.2291849255039439
0.4982486865148862,0.21147110332749564,0.06742556917688267,0.22285464098073554
0.49401860877270715,0.21311475409836064,0.06468763845813026,0.22817899867080194
0.5006576063130206,0.20561157387110915,0.0657606313020605,0.22797018851380974
0.49338040600176525,0.20741394527802295,0.06531332744924978,0.23389232127096204
0.48721340388007056,0.20987654320987653,0.06746031746031746,0.23544973544973544
0.48793330408073715,0.21061869240895129,0.06801228609039052,0.23343571741992103
0.4886164623467601,0.21672504378283713,0.06217162872154115,0.23248686514886166
0.48833113166006165,0.21488331131660063,0.06164685160722149,0.23513870541611626
0.4871567759078831,0.21567759078830823,0.061558901682905225,0.23560673162090345
0.49354695149087674,0.21673342234089898,0.06275033377837116,0.22696929238985314
0.49245785270629994,0.21162377994676132,0.06610470275066549,0.22981366459627328
0.48740609809986746,0.21608484312859036,0.06539991162174105,0.23110914714980116
0.48695267580716495,0.21450685537372843,0.06501547987616099,0.2335249889429456
0.486331569664903,0.21075837742504408,0.06481481481481481,0.23809523809523808
0.49007498897220997,0.20599911777679752,0.06396118217909132,0.2399647110719012
0.49007498897220997,0.20732245258050286,0.061755624172915746,0.24084693427437143
0.4954208460532054,0.20671609245529873,0.06149149585695595,0.2363715656345399
0.4995579133510168,0.20689655172413793,0.0610079575596817,0.23253757736516356
0.4942426926483614,0.21523472099202834,0.05934455270150576,0.23117803365810452
0.48221343873517786,0.21826965305226176,0.06368028107158542,0.23583662714097497
0.48059964726631393,0.21649029982363316,0.06613756613756613,0.23677248677248677
0.47985834440017705,0.21912350597609562,0.06285967242142541,0.2381584772023019
0.48484848484848486,0.21387790953008345,0.061484409310496264,0.23978919631093545
0.4785871964679912,0.22472406181015453,0.060044150110375276,0.23664459161147902
0.4752650176678445,0.22747349823321555,0.05874558303886926,0.23851590106007067
0.47771836007130125,0.22950089126559714,0.059269162210338684,0.23351158645276293
0.47847100175746926,0.22407732864674867,0.05799648506151142,0.23945518453427064
0.48284960422163586,0.22163588390501318,0.05716798592788039,0.23834652594547054
0.47494456762749443,0.23104212860310422,0.05454545454545454,0.2394678492239468
0.48327464788732394,0.22579225352112675,0.053257042253521125,0.23767605633802816
0.47850877192982455,0.23421052631578948,0.05307017543859649,0.23421052631578948
0.4791666666666667,0.23891843971631205,0.05230496453900709,0.2296099290780142
0.4828797190517998,0.23573309920983318,0.048726953467954345,0.23266022827041263
0.4776511831726556,0.23400525854513585,0.050394390885188434,0.23794916739702016
0.4675324675324675,0.23809523809523808,0.04935064935064935,0.24502164502164503
0.46956908040870726,0.24078187472234563,0.04975566414926699,0.23989338071968014
0.47235736399823086,0.23839009287925697,0.04643962848297214,0.24281291463954002
0.4712087912087912,0.23648351648351648,0.04659340659340659,0.24571428571428572
0.47873739587900044,0.2341078474353354,0.044278825076720735,0.24287593160894344
0.4892022917584839,0.22873512560599382,0.045394446892904367,0.23666813574261789
0.4929328621908127,0.22879858657243815,0.05035335689045936,0.22791519434628976
0.4908056042031524,0.22810858143607707,0.0521015761821366,0.22898423817863398
0.4920353982300885,0.22876106194690266,0.05309734513274336,0.2261061946902655
0.4855769230769231,0.22596153846153846,0.05812937062937063,0.23033216783216784
0.48834139903211615,0.22613286405631325,0.05807303123625165,0.22745270567531897
0.491158267020336,0.22325375773651635,0.05791335101679929,0.22767462422634838
0.49101271372205174,0.2240245506356861,0.058746163963174045,0.22621657167908812
0.49429824561403507,0.2267543859649123,0.056140350877192984,0.22280701754385965
0.49669166299073664,0.22408469342743714,0.05690339655932951,0.2223202470224967
0.4936095196121639,0.2234464521815778,0.05861613045394447,0.2243278977523138
0.48774080560420313,0.2224168126094571,0.05910683012259194,0.23073555166374782
0.4799824021117466,0.22833260008798945,0.05895292564892213,0.23273207215134184
0.4860990443092963,0.22675933970460468,0.058644656820156384,0.22849695916594265
0.4875054800526085,0.22577816747040771,0.05611573871109163,0.23060061376589217
0.4911504424778761,0.2234513274336283,0.05752212389380531,0.22787610619469026
0.48581405499781755,0.22653862941946748,0.058053251855085114,0.22959406372762986
0.47741364038972545,0.22984942426926483,0.05890168290522586,0.23383525243578387
0.48013967699694454,0.22610213880401572,0.05936272370144042,0.2343954604975993
0.48256320836966,0.22537053182214473,0.05841325196163906,0.23365300784655624
0.48328935795954264,0.2260334212840809,0.058927000879507474,0.23175021987686895
0.47850877192982455,0.22631578947368422,0.05921052631578947,0.23596491228070177
0.48236331569664903,0.22663139329805995,0.05952380952380952,0.23148148148148148
0.48315098468271334,0.22713347921225382,0.05864332603938731,0.23107221006564552
0.4785330948121646,0.22495527728085868,0.059033989266547404,0.23747763864042934
0.4763986013986014,0.2263986013986014,0.05944055944055944,0.23776223776223776
0.4820490367775832,0.22679509632224168,0.0617338003502627,0.22942206654991243
0.47665198237885464,0.22995594713656387,0.06255506607929516,0.23083700440528634
0.4767596281540505,0.2297476759628154,0.06020362992474546,0.23328906595838866
0.4773936170212766,0.22695035460992907,0.06028368794326241,0.23537234042553193
0.47513089005235604,0.2325479930191972,0.058900523560209424,0.23342059336823734
0.479002624671916,0.2283464566929134,0.05818022747156605,0.23447069116360456
0.47975352112676056,0.22931338028169015,0.05501760563380282,0.23591549295774647
0.48054818744473915,0.22634836427939875,0.058355437665782495,0.23474801061007958
0.4770520741394528,0.22815533980582525,0.059576345984112974,0.235216240070609
0.47719298245614034,0.22587719298245615,0.06140350877192982,0.2355263157894737
0.4721851357365376,0.22385402759234535,0.06230529595015576,0.2416555407209613
0.4608619173262973,0.22823218997361477,0.06508355321020229,0.24582233948988566
0.4678979771328056,0.22955145118733508,0.0633245382585752,0.23922603342128407
0.4754240974336668,0.22662026968247065,0.06437581557198782,0.23357981731187472
0.47293064876957497,0.23176733780760628,0.060850111856823264,0.23445190156599552
0.46765734265734266,0.23033216783216784,0.06118881118881119,0.24082167832167833
0.4608580274214949,0.22910216718266255,0.062361786819991154,0.2476780185758514
0.45992115637319314,0.22733245729303547,0.06176084099868594,0.25098554533508544
0.4631255487269535,0.22607550482879718,0.058823529411764705,0.25197541703248466
0.46619217081850534,0.22019572953736655,0.060498220640569395,0.2531138790035587
0.4650442477876106,0.22035398230088496,0.058849557522123896,0.2557522123893805
0.46455306032584764,0.22280933509467196,0.05856450902686042,0.25407309555262
0.46519823788546255,0.22070484581497798,0.05814977973568282,0.25594713656387663
0.4671371857079841,0.22143802382002647,0.05778561976179974,0.25363917071018965
0.4734278122232064,0.21966341895482727,0.05447298494242692,0.2524357838795394
0.47384615384615386,0.21802197802197804,0.056703296703296706,0.25142857142857145
0.47568523430592397,0.21352785145888595,0.0592396109637489,0.2515473032714412
0.47079646017699117,0.20929203539823008,0.061061946902654866,0.2588495575221239
0.4648506151142355,0.2100175746924429,0.0632688927943761,0.2618629173989455
0.4580252283601566,0.2035667681600696,0.06785558938668987,0.27055241409308395
