R,A,S,N
0.0,0.0,0.0,1.0
0.0,0.0,0.3333333333333333,0.6666666666666666
0.0,0.0,0.5,0.5
0.0,0.0,0.47619047619047616,0.5238095238095238
0.0,0.0,0.5428571428571428,0.45714285714285713
0.03508771929824561,0.0,0.49122807017543857,0.47368421052631576
0.047619047619047616,0.023809523809523808,0.47619047619047616,0.4523809523809524
0.06299212598425197,0.07086614173228346,0.4409448818897638,0.4251968503937008
0.10112359550561797,0.07303370786516854,0.449438202247191,0.37640449438202245
0.1282051282051282,0.09401709401709402,0.44017094017094016,0.33760683760683763
0.1357615894039735,0.09933774834437085,0.41721854304635764,0.347682119205298
0.1457286432160804,0.12060301507537688,0.4120603015075377,0.32160804020100503
0.1462925851703407,0.1342685370741483,0.4168336673346693,0.3026052104208417
0.15566037735849056,0.14150943396226415,0.4025157232704403,0.300314465408805
0.15514993481095177,0.16036505867014342,0.3728813559322034,0.3116036505867014
0.16143011917659805,0.1722643553629469,0.3705308775731311,0.29577464788732394
0.16324626865671643,0.17537313432835822,0.3619402985074627,0.2994402985074627
0.17258064516129032,0.18870967741935485,0.3395161290322581,0.2991935483870968
0.1709585121602289,0.20457796852646637,0.3333333333333333,0.29113018597997137
0.18187539332913782,0.20767778477029578,0.32976714915040906,0.2806796727501573
0.1826381059751973,0.2080045095828636,0.32807215332581735,0.28128523111612175
0.18238665971860343,0.2235539343408025,0.31683168316831684,0.27722772277227725
0.1863477827603388,0.22670652715495765,0.3129048330842053,0.27404085700049824
0.18377088305489261,0.2324582338902148,0.3093078758949881,0.2744630071599045
0.18320964749536178,0.23654916512059368,0.31493506493506496,0.2653061224489796
0.18891916439600362,0.24114441416893734,0.3115349682107175,0.2584014532243415
0.18979409131602507,0.2412712623097583,0.30752014324082366,0.26141450313339304
0.18148820326678766,0.24818511796733211,0.3076225045372051,0.26270417422867515
0.18667255075022066,0.2497793468667255,0.3036187113857017,0.2599293909973522
0.18538088947600176,0.2523117569352708,0.3038309114927345,0.25847644209599296
0.18491059747056257,0.2546881814217183,0.3026602703881378,0.2577409507195813
0.18237885462555067,0.25418502202643173,0.30176211453744495,0.2616740088105727
0.1812227074235808,0.2497816593886463,0.31048034934497815,0.25851528384279476
0.18722466960352424,0.25066079295154187,0.3048458149779736,0.25726872246696036
0.1904127829560586,0.25122059476253883,0.2969374167776298,0.26142920550377274
0.19271290605794555,0.2528533801580334,0.29631255487269537,0.2581211589113257
0.19717688575209527,0.25275694750771943,0.29245699161887956,0.2576091751213057
0.2016695957820738,0.25,0.29217926186291737,0.2561511423550088
0.1997366110623354,0.2550482879719052,0.2897278314310799,0.25548726953467954
0.19201773835920177,0.2567627494456763,0.2940133037694013,0.2572062084257206
0.2002652519893899,0.2515473032714412,0.28116710875331563,0.26702033598585323
0.19886611426079373,0.25076319232446576,0.28783253379851725,0.2625381596162233
0.2036299247454626,0.2527667109340416,0.28508189464364764,0.25852146967684814
0.19699646643109542,0.2575088339222615,0.286660777385159,0.2588339222614841
0.19692307692307692,0.26153846153846155,0.28,0.26153846153846155
0.19630281690140844,0.2535211267605634,0.28565140845070425,0.26452464788732394
0.19393139841688653,0.25769569041336854,0.2880386983289358,0.26033421284080915
0.1901624945103206,0.2621870882740448,0.28326745718050067,0.26438296003513395
0.19832893579595426,0.26341248900615655,0.2752858399296394,0.26297273526824977
0.20286707211120764,0.25977410947002605,0.27628149435273675,0.2610773240660295
0.2058432934926959,0.26073483842408146,0.26693227091633465,0.266489597166888
0.1999121265377856,0.2649384885764499,0.2618629173989455,0.273286467486819
0.20588235294117646,0.25417032484635643,0.2664618086040386,0.27348551360842843
0.2067751869775627,0.258688957325121,0.26044874615046193,0.2740871095468544
0.1962864721485411,0.2630415561450044,0.2625994694960212,0.2780725022104332
0.20122484689413822,0.2563429571303587,0.2664041994750656,0.27602799650043747
0.19938107869142352,0.2537577365163572,0.26525198938992045,0.28160919540229884
0.2,0.26387665198237886,0.2607929515418502,0.2753303964757709
0.2,0.263019693654267,0.26258205689277897,0.27439824945295405
0.20647419072615922,0.26246719160104987,0.2572178477690289,0.27384076990376205
0.20105355575065847,0.266900790166813,0.25680421422300265,0.2752414398595259
0.19858156028368795,0.26595744680851063,0.25886524822695034,0.2765957446808511
0.21170774647887325,0.2649647887323944,0.24647887323943662,0.27684859154929575
0.2097560975609756,0.2665188470066519,0.25055432372505543,0.2731707317073171
0.20381882770870338,0.26687388987566607,0.2508880994671403,0.2784191829484902
0.20244862264975952,0.2745955400087451,0.24617402710975075,0.27678181023174464
0.20052770448548812,0.2700087950747581,0.24450307827616535,0.2849604221635884
0.2046058458813109,0.26926483613817537,0.24269264836138174,0.283436669619132
0.2089420097388225,0.2687029659141213,0.23948649845064188,0.28286852589641437
0.20678874497543545,0.270656543099598,0.24162572577043323,0.28092898615453327
0.2060256978289765,0.2676118741692512,0.24501550731058927,0.281346920691183
0.20466549295774647,0.2737676056338028,0.24163732394366197,0.27992957746478875
0.20539599651871193,0.2615317667536989,0.24760661444734552,0.2854656222802437
0.208955223880597,0.26119402985074625,0.242756804214223,0.2870939420544337
0.2121876370013152,0.2569048662867163,0.24243752740026303,0.2884699693117054
0.21145374449339208,0.2594713656387665,0.24052863436123348,0.28854625550660795
0.20744911216977047,0.2472932005197055,0.25249025552187093,0.2927674317886531
0.20300751879699247,0.25386996904024767,0.25121627598407786,0.291906236178682
0.20325560932688078,0.25384953805543337,0.24945006599208094,0.2934447866256049
0.20140105078809106,0.2526269702276708,0.2508756567425569,0.29509632224168125
0.2006172839506173,0.25749559082892415,0.25220458553791886,0.2896825396825397
0.1993006993006993,0.2534965034965035,0.25917832167832167,0.2880244755244755
0.2013215859030837,0.2607929515418502,0.2533039647577093,0.2845814977973568
0.2011443661971831,0.2579225352112676,0.2535211267605634,0.28741197183098594
0.2049469964664311,0.2588339222614841,0.25309187279151946,0.2831272084805654
0.20389208314904908,0.26581158779301195,0.25077399380804954,0.27952233524988945
0.20827829150154117,0.2628797886393659,0.24746807573756055,0.2813738441215324
0.21013543031891654,0.2669287898645697,0.24290083005679336,0.2800349497597204
0.21714285714285714,0.26065934065934065,0.24,0.2821978021978022
0.21425428948526176,0.2644082710074791,0.24373075230972283,0.2776066871975363
0.21387024608501118,0.268903803131991,0.24161073825503357,0.2756152125279642
0.21147902869757174,0.27196467991169976,0.23973509933774834,0.2768211920529801
0.21176470588235294,0.2762527233115468,0.2344226579520697,0.2775599128540305
0.2131004366812227,0.2755458515283843,0.23100436681222708,0.28034934497816594
0.2112488928255093,0.27812223206377323,0.23073516386182463,0.27989371124889284
0.20231729055258468,0.27629233511586454,0.23529411764705882,0.28609625668449196
0.20901458241272647,0.2682280159080866,0.23243482103402563,0.2903225806451613
0.21103327495621715,0.2640105078809107,0.23204903677758318,0.29290718038528896
0.21394543092247725,0.2585534863577306,0.2368990905153746,0.2906019922044175
0.2209405501330967,0.25820763087843834,0.23735581188997337,0.2834960070984916
0.22041355037395513,0.26132864056313243,0.24285085789705235,0.2754069511658601
0.22266139657444006,0.2608695652173913,0.2406675450153711,0.27580149319279756
0.2205037560760053,0.26513477684489617,0.2359699513919576,0.278391515687141
0.2233902759526938,0.2606219886114761,0.23915900131406045,0.2768287341217696
0.2237701349586417,0.26338702655637786,0.23726599912929908,0.27557683935568134
0.21656333038086803,0.2674933569530558,0.24224977856510185,0.2736935341009743
0.21906873614190686,0.2727272727272727,0.2407982261640798,0.26740576496674057
0.21875,0.27244718309859156,0.24735915492957747,0.261443661971831
0.2233948988566403,0.2695690413368514,0.24494283201407213,0.2620932277924362
0.23226090788893786,0.26399294843543414,0.24283825473776993,0.2609078889378581
0.22817025010969724,0.26546731022378234,0.2430890741553313,0.26327336551118913
0.2273924495171203,0.2712906057945566,0.2462686567164179,0.2550482879719052
0.22679045092838196,0.268788682581786,0.24447391688771,0.259946949602122
0.22634836427939875,0.26525198938992045,0.2453580901856764,0.2630415561450044
0.23406113537117904,0.2646288209606987,0.2406113537117904,0.2606986899563319
0.24262734584450402,0.257372654155496,0.23726541554959785,0.26273458445040215
0.24078947368421053,0.2618421052631579,0.2324561403508772,0.2649122807017544
0.24472759226713534,0.2543936731107206,0.23462214411247803,0.2662565905096661
0.2456839309428951,0.25630810092961487,0.234174413457282,0.2638335546702081
0.25054945054945055,0.2523076923076923,0.23252747252747252,0.26461538461538464
0.25526315789473686,0.2482456140350877,0.22763157894736843,0.268859649122807
0.25623087013554874,0.24617402710975075,0.22562308701355488,0.2719720157411456
0.25847644209599296,0.24482606781153676,0.22677234698370763,0.26992514310876264
0.2608886933567972,0.2402111746590409,0.2234931808183018,0.2754069511658601
0.2575221238938053,0.24646017699115044,0.22256637168141594,0.2734513274336283
0.2618421052631579,0.2543859649122807,0.21403508771929824,0.26973684210526316
0.26292725679228746,0.2506573181419807,0.2112182296231376,0.2751971954425942
0.2640845070422535,0.2482394366197183,0.2147887323943662,0.272887323943662
0.2612533097969991,0.24889673433362755,0.2175639894086496,0.2722859664607237
0.258980044345898,0.25277161862527714,0.21729490022172948,0.2709534368070953
0.26693227091633465,0.249667994687915,0.21912350597609562,0.2642762284196547
0.2582781456953642,0.24812362030905077,0.2269315673289183,0.26666666666666666
0.26155187445510025,0.24629468177855274,0.2227550130775937,0.26939843068875324
0.2642919964819701,0.24538258575197888,0.22251539138082674,0.2678100263852243
0.26115775519222273,0.2483429076447194,0.22536456031816174,0.26513477684489617
0.2622085349758029,0.24637043554773427,0.22437307523097227,0.26704795424549055
0.26403508771929823,0.24473684210526317,0.2236842105263158,0.2675438596491228
0.25937362152624616,0.24614027348919276,0.23202470224966917,0.26246140273489194
0.2631578947368421,0.25386996904024767,0.22821760283060594,0.2547545333923043
0.2628120893561104,0.2505475251861586,0.22514235654840123,0.2614980289093298
0.267927848658161,0.24813022437307522,0.22305323361196655,0.2608886933567972
0.2738043001316367,0.2448442299254059,0.22027204914436158,0.26107942079859586
0.2759696834596522,0.24609897458760588,0.22781988408381632,0.2501114578689255
0.27084252315835905,0.25408028231142477,0.2192324658138509,0.25584472871636527
0.2722880983750549,0.2520860781730347,0.2204655248133509,0.2551602986385595
0.27636203866432335,0.2535149384885764,0.2148506151142355,0.2552724077328647
0.2770448548812665,0.25241864555848725,0.21416007036059806,0.2563764291996482
0.2736935341009743,0.2524357838795394,0.21700620017714792,0.25686448184233834
0.2796125055041832,0.26067811536767943,0.21092029942756496,0.24878907970057243
0.2766330556773345,0.2647961420429636,0.2121876370013152,0.24638316527838666
0.2757709251101322,0.26123348017621145,0.2105726872246696,0.25242290748898677
0.27569475077194533,0.2602558447287164,0.21835024261138067,0.24569916188795765
0.2774617067833698,0.2577680525164114,0.21794310722100657,0.24682713347921226
0.2728066346573549,0.2610213880401571,0.21780881711043212,0.24836316019205587
0.2685388328214129,0.26590609916630104,0.21676173760421238,0.24879333040807372
0.284452296819788,0.2628091872791519,0.20759717314487633,0.24514134275618374
0.2802294792586055,0.26081200353045014,0.21006178287731686,0.24889673433362755
0.28233231039017975,0.26435773783428324,0.20780359491451117,0.24550635686102587
0.28596491228070176,0.262719298245614,0.20964912280701756,0.24166666666666667
0.2869757174392936,0.2635761589403974,0.2052980132450331,0.24415011037527592
0.28786536758193093,0.2661647475642161,0.20770593445527016,0.2382639503985828
0.28634167764602547,0.2652613087395696,0.20509442248572685,0.24330259112867808
0.28883071553228623,0.26527050610820246,0.20593368237347295,0.2399650959860384
0.29414354909731394,0.26948480845442535,0.202113606340819,0.23425803610744167
0.29331574318381703,0.26517150395778366,0.20492524186455585,0.23658751099384345
0.2892092616863259,0.26605504587155965,0.2075141983398864,0.23722149410222804
0.2933392148213498,0.2611380679311866,0.2051168945743273,0.24040582267313632
0.29460762823323106,0.26435773783428324,0.20166593599298555,0.23936869793950022
0.29440282062582634,0.2666372851476421,0.19700308505949757,0.24195680916703394
0.2913907284768212,0.27019867549668874,0.19426048565121412,0.24415011037527592
0.2962147887323944,0.2632042253521127,0.19630281690140844,0.2442781690140845
0.29853398489560196,0.2612172367836517,0.1919147045757441,0.24833407374500222
0.29170344218887906,0.26301853486319504,0.19285083848190646,0.2524271844660194
0.29310344827586204,0.2625994694960212,0.1945181255526083,0.2497789566755084
0.29235447437011297,0.26238053866203304,0.19287576020851432,0.2523892267593397
0.29934065934065934,0.25362637362637364,0.19252747252747252,0.2545054945054945
0.29889135254988913,0.2567627494456763,0.19645232815964522,0.24789356984478936
0.2979002624671916,0.25809273840769903,0.19772528433945757,0.2462817147856518
0.30295024218405986,0.2531924262439454,0.19594892118009688,0.24790841039189784
0.3019867549668874,0.25695364238410595,0.19646799116997793,0.2445916114790287
0.2999116607773852,0.25618374558303886,0.20008833922261485,0.24381625441696114
0.3025618374558304,0.26148409893992935,0.19390459363957596,0.2420494699646643
0.30637362637362636,0.25758241758241757,0.19472527472527473,0.2413186813186813
0.31643356643356646,0.2583041958041958,0.1888111888111888,0.23645104895104896
0.3125548726953468,0.25680421422300265,0.19315188762071994,0.23748902546093065
0.3137254901960784,0.25098039215686274,0.19825708061002179,0.23703703703703705
0.3095450490633363,0.243978590544157,0.20205173951828725,0.24442462087421946
0.3073895933537385,0.2409269785745518,0.20463489287275907,0.2470485351989506
0.30385288966725044,0.2456217162872154,0.20709281961471104,0.2434325744308231
0.2966360856269113,0.24945391000436873,0.20969855832241152,0.24421144604630843
0.30257979886313946,0.23874070835155226,0.21031919545255795,0.24836029733275033
0.29895104895104896,0.2403846153846154,0.21022727272727273,0.2504370629370629
0.2958553791887125,0.24029982363315697,0.21340388007054673,0.25044091710758376
0.29942247889826745,0.23856063971568192,0.21412705464238116,0.24788982674366947
0.29765590446705,0.23750552852720036,0.21229544449358692,0.25254312251216277
0.29991126885536823,0.23425022182786157,0.22005323868677906,0.24578527062999111
0.30786122090469914,0.23012736056214317,0.22441809398331136,0.2375933245498463
0.3042712461470718,0.23513870541611626,0.22677234698370763,0.23381770145310435
0.2963940193491645,0.23790677220756376,0.2260334212840809,0.23966578715919085
0.3046875,0.2326388888888889,0.2230902777777778,0.23958333333333334
0.30779392338177014,0.23381770145310435,0.22280933509467196,0.23557904007045355
0.30070237050043896,0.23353819139596138,0.22783143107989465,0.237928007023705
0.3114537444933921,0.2286343612334802,0.2251101321585903,0.23480176211453743
0.30520332313073895,0.2365544381285527,0.22343681679055533,0.23480542195015303
0.30571555161719094,0.23393885688967656,0.22419140451927339,0.2361541869738591
0.2960819234194123,0.23864648263579696,0.22439893143365983,0.2408726625111309
0.29925077126487437,0.2375495813133539,0.22256500661084178,0.24063464081092992
0.29155555555555557,0.24044444444444443,0.22533333333333333,0.24266666666666667
0.2890556045895852,0.24051191526919682,0.22771403353927624,0.24271844660194175
0.2868421052631579,0.24035087719298245,0.23026315789473684,0.2425438596491228
0.29289810322011467,0.2364358182620203,0.23114247904719895,0.23952359947066607
0.2974989030276437,0.23343571741992103,0.22860903905221588,0.24045634050021938
0.2988357050452781,0.24277705907718844,0.22466580422595947,0.23372143165157394
0.30043859649122806,0.24342105263157895,0.22280701754385965,0.23333333333333334
0.3031374281926646,0.24259832081307997,0.2191780821917808,0.2350861688024746
0.3060156931124673,0.23583260680034873,0.2227550130775937,0.23539668700959024
0.2955145118733509,0.24010554089709762,0.22515391380826738,0.23922603342128407
0.2957871396895787,0.23015521064301553,0.2261640798226164,0.24789356984478936
0.3022747156605424,0.22703412073490814,0.21828521434820647,0.25240594925634297
0.29854046881910656,0.22556390977443608,0.21760283060592658,0.25829279080053075
0.3026719229084538,0.22558037669732808,0.21243977222952257,0.25930792816469556
0.29820725841714035,0.22955837341495408,0.21512898994315696,0.2571053782247486
0.30606860158311344,0.23306948109058928,0.2022867194371152,0.25857519788918204
0.3023560209424084,0.23516579406631763,0.20113438045375218,0.2613438045375218
0.30035180299032543,0.23878627968337732,0.20140721196130168,0.2594547053649956
0.2992573176059415,0.236784622105723,0.20401922236784623,0.2599388379204893
0.2975243147656941,0.2396109637488948,0.20424403183023873,0.25862068965517243
0.3037362637362637,0.23252747252747252,0.20483516483516484,0.2589010989010989
0.30106571936056836,0.2344582593250444,0.20381882770870338,0.26065719360568385
0.30066225165562915,0.23134657836644593,0.20794701986754968,0.2600441501103753
0.30004399472063353,0.2300923889133304,0.21161460624725034,0.25824901011878576
0.3,0.22719298245614036,0.21403508771929824,0.25877192982456143
0.2942969090117545,0.22768828907270353,0.21462777535916414,0.26338702655637786
0.2872855257369116,0.2358117025956885,0.2067751869775627,0.2701275846898372
0.2872903795233892,0.235216240070609,0.21006178287731686,0.2674315975286849
0.28109995635093843,0.2357049323439546,0.2138804015713662,0.2693147097337407
0.2819947043248014,0.23742277140335394,0.21050308914386584,0.27007943512797883
0.2777777777777778,0.24382716049382716,0.20899470899470898,0.26940035273368607
0.27328377787494534,0.2435505028421513,0.21075644949715786,0.27240926978574553
0.276707530647986,0.24168126094570927,0.21147110332749564,0.2701401050788091
0.2774390243902439,0.24477351916376305,0.20470383275261325,0.2730836236933798
0.268624014022787,0.24758983347940403,0.2081507449605609,0.275635407537248
0.27385159010600707,0.24293286219081273,0.20273851590106007,0.28047703180212014
0.2646411272567151,0.24922941435490972,0.20915896081021576,0.2769704975781594
0.2647577092511013,0.25022026431718064,0.21585903083700442,0.2691629955947137
0.2675496688741722,0.24900662251655628,0.21501103752759382,0.26843267108167773
0.2710526315789474,0.24078947368421053,0.218859649122807,0.2692982456140351
0.2675187307183781,0.24768620537681799,0.2115469369766417,0.2732481269281622
0.26740576496674057,0.24789356984478936,0.20842572062084258,0.27627494456762747
0.26387665198237886,0.24933920704845816,0.21101321585903085,0.2757709251101322
0.2631118881118881,0.23907342657342656,0.2145979020979021,0.28321678321678323
0.26449912126537783,0.23725834797891038,0.21441124780316345,0.28383128295254834
0.268141592920354,0.23938053097345133,0.21238938053097345,0.28008849557522125
0.2636165577342048,0.23790849673202613,0.2178649237472767,0.28061002178649236
0.26748790145182577,0.2388913330400352,0.21205455345358556,0.28156621205455346
0.27004405286343613,0.2286343612334802,0.2118942731277533,0.2894273127753304
0.2736056214317084,0.2274923144488362,0.2134387351778656,0.2854633289415898
0.27496700395952484,0.22965244170699517,0.21205455345358556,0.2833260008798944
0.27931488801054016,0.23012736056214317,0.21124286341677645,0.27931488801054016
0.2800702370500439,0.233099209833187,0.21071115013169447,0.27611940298507465
0.2783866725120561,0.23103901797457255,0.2135028496273564,0.2770714598860149
0.2772626931567329,0.22913907284768212,0.20750551876379691,0.2860927152317881
0.2759825327510917,0.23275109170305677,0.2126637554585153,0.2786026200873362
0.27344090710859137,0.23113824683820322,0.2154382904491932,0.2799825556040122
0.27636203866432335,0.23022847100175747,0.21221441124780316,0.281195079086116
0.270541958041958,0.23295454545454544,0.21503496503496503,0.28146853146853146
0.2715780296425458,0.23408892763731473,0.21490845684394072,0.2794245858761988
0.2670157068062827,0.23167539267015708,0.2198952879581152,0.281413612565445
0.2679824561403509,0.23771929824561402,0.2118421052631579,0.2824561403508772
0.26974267968056787,0.24134871339840283,0.21206743566992015,0.27684117125110913
0.2646669607410675,0.24217026907807676,0.21835024261138067,0.27481252756947505
0.26672535211267606,0.24075704225352113,0.21346830985915494,0.2790492957746479
0.2689594356261023,0.24559082892416226,0.2054673721340388,0.27998236331569665
0.26834659593280286,0.2475685234305924,0.20468611847922194,0.27939876215738285
0.26622222222222225,0.24266666666666667,0.2088888888888889,0.2822222222222222
0.2699602999558888,0.2439347154830172,0.20644022937803264,0.27966475518306133
0.2679509632224168,0.24299474605954466,0.20884413309982486,0.28021015761821366
0.2661361626878868,0.24005305039787797,0.20954907161803712,0.28426171529619804
0.2671957671957672,0.2429453262786596,0.2072310405643739,0.2826278659611993
0.2647961420429636,0.24419114423498467,0.20692678649715038,0.28408592722490134
0.2620202911336568,0.24658138509042787,0.20335244816938686,0.28804587560652845
0.26176858776946765,0.24197096348438188,0.20501539815222172,0.29124505059392874
0.26657824933687,0.242263483642794,0.19363395225464192,0.2975243147656941
0.267825311942959,0.24420677361853832,0.19206773618538325,0.29590017825311943
0.2675496688741722,0.24282560706401765,0.19205298013245034,0.2975717439293598
0.27056753189617244,0.2402111746590409,0.1957765068191817,0.2934447866256049
0.2673179396092362,0.2411190053285968,0.1913854351687389,0.30017761989342806
0.26997366110623355,0.23968393327480245,0.18788410886742757,0.30245829675153646
0.274835886214442,0.23807439824945295,0.18468271334792122,0.3024070021881838
0.2673913043478261,0.2417391304347826,0.19043478260869565,0.30043478260869566
0.2676991150442478,0.2415929203539823,0.18805309734513273,0.30265486725663715
0.26704795424549055,0.2432908051033876,0.17949846018477783,0.31016278046634405
0.26389496717724287,0.24070021881838075,0.18161925601750548,0.3137855579868709
0.261101243339254,0.24023090586145648,0.18072824156305506,0.31793960923623443
0.26748790145182577,0.23713154421469423,0.18081830180378355,0.31456225252969644
0.2621359223300971,0.23962930273609886,0.1787290379523389,0.3195057369814651
0.2653061224489796,0.23735581188997337,0.17701863354037267,0.3203194321206744
0.2673611111111111,0.2426215277777778,0.1779513888888889,0.3120659722222222
0.27180616740088104,0.23700440528634362,0.18237885462555067,0.30881057268722467
0.2740026304252521,0.23366944322665498,0.1819377466023674,0.3103901797457256
0.2716864817261119,0.2307353588727433,0.18494055482166447,0.3126376045794804
0.2744227353463588,0.2366785079928952,0.1771758436944938,0.3117229129662522
0.27209098862642167,0.23228346456692914,0.1784776902887139,0.31714785651793526
0.2649122807017544,0.23508771929824562,0.1793859649122807,0.3206140350877193
0.2660228270412643,0.23134328358208955,0.1777875329236172,0.32484635645302895
0.26019503546099293,0.23315602836879432,0.17907801418439717,0.3275709219858156
0.2559366754617414,0.23790677220756376,0.1759014951627089,0.3302550571679859
0.2530755711775044,0.23330404217926187,0.17926186291739896,0.3343585237258348
0.25654682645361737,0.22947181535730138,0.18331114070128718,0.33067021748779407
0.2537577365163572,0.23121131741821396,0.1830238726790451,0.33200707338638374
0.24746807573756055,0.2307353588727433,0.18405988551298988,0.3377366798767063
0.2508896797153025,0.22686832740213522,0.1895017793594306,0.33274021352313166
0.2479120879120879,0.23384615384615384,0.189010989010989,0.3292307692307692
0.24879120879120878,0.23296703296703297,0.18637362637362637,0.33186813186813185
0.2548415492957746,0.23327464788732394,0.1892605633802817,0.3226232394366197
0.254416961130742,0.2398409893992933,0.1872791519434629,0.31846289752650175
0.25398936170212766,0.23404255319148937,0.18971631205673758,0.32225177304964536
0.25495376486129456,0.23469837076177896,0.18626155878467635,0.3240863055922501
0.250886524822695,0.23625886524822695,0.18528368794326242,0.3275709219858156
0.24778368794326242,0.23803191489361702,0.18572695035460993,0.32845744680851063
0.24430823117338005,0.2351138353765324,0.18957968476357268,0.3309982486865149
0.2456369982547993,0.2342931937172775,0.1880453752181501,0.3320244328097731
0.24364592462751972,0.23488168273444346,0.18755477651183172,0.3339176161262051
0.24988923349579087,0.23216659282233051,0.19140451927337174,0.32653965440850685
0.24747252747252746,0.2334065934065934,0.18813186813186814,0.330989010989011
0.250992501102779,0.22981914424349362,0.1905602117335686,0.3286281429201588
0.25275694750771943,0.23423026025584473,0.18570798411998235,0.32730480811645346
0.24758135444151275,0.2357080035180299,0.19085312225153914,0.3258575197889182
0.24767390341160833,0.24280017722640673,0.18785999113867966,0.32166592822330525
0.25097360450021633,0.2462137602769364,0.18649935093033318,0.31631328429251404
0.24615384615384617,0.24351648351648353,0.18725274725274726,0.3230769230769231
0.24659938569548048,0.2387011847301448,0.1899956121105748,0.3247038174637999
0.24456993918331885,0.23892267593397046,0.18766290182450043,0.32884448305821024
0.249008373732922,0.2362274129572499,0.1855442926399295,0.32921992066989864
0.24559859154929578,0.23547535211267606,0.18794014084507044,0.33098591549295775
0.2440087145969499,0.23877995642701524,0.19477124183006536,0.3224400871459695
0.24557522123893805,0.2345132743362832,0.19646017699115045,0.3234513274336283
0.2491150442477876,0.23584070796460177,0.1995575221238938,0.3154867256637168
0.245792736935341,0.23383525243578387,0.19973427812223207,0.32063773250664307
0.24435590969455512,0.23771580345285526,0.19566179725542276,0.32226648959716686
0.24304021210782148,0.241714538223597,0.1873619089703933,0.32788334069818825
0.24934152765583845,0.237928007023705,0.1887620719929763,0.32396839332748023
0.25746924428822493,0.23374340949033393,0.18804920913884007,0.32073813708260107
0.2602558447287164,0.23202470224966917,0.18659020732245257,0.3211292456991619
0.2608125819134993,0.23372651813018785,0.18829183049366535,0.31716906946264745
0.25813544415127526,0.23218997361477572,0.18733509234828497,0.322339489885664
0.26166593981683384,0.23767989533362407,0.18491059747056257,0.3157435673789795
0.2534036012296882,0.24154589371980675,0.1844532279314888,0.32059727711901626
0.24801762114537446,0.24140969162995596,0.18634361233480176,0.32422907488986785
0.25692916849978004,0.24417069951605808,0.1803783545974483,0.3185217773867136
0.2638522427440633,0.24626209322779244,0.17370272647317503,0.31618293755496923
0.27036547776309994,0.23822104799647734,0.17481285777190664,0.31660061646851606
0.26909569798068483,0.24012291483757683,0.17822651448639157,0.3125548726953468
0.266489597166888,0.23550243470562196,0.17751217352810977,0.32049579459938027
0.268760907504363,0.2338568935427574,0.17888307155322863,0.31849912739965097
0.27003098716246127,0.234174413457282,0.17352810978308986,0.32226648959716686
0.26881252718573295,0.22923010004349717,0.16963897346672466,0.3323183993040452
0.26522506619594,0.2383053839364519,0.16284201235657547,0.33362753751103263
0.26068003487358327,0.24149956408020923,0.16390584132519617,0.33391455972101136
0.25362000877577884,0.2448442299254059,0.1645458534444932,0.3369899078543221
0.2549019607843137,0.244880174291939,0.16383442265795206,0.3363834422657952
0.2621231979030144,0.2415902140672783,0.1581476627348187,0.3381389252948886
0.25758241758241757,0.2378021978021978,0.16527472527472528,0.3393406593406593
0.25342163355408387,0.24061810154525387,0.16997792494481237,0.33598233995584986
0.2542894852617686,0.2358117025956885,0.16981962164540254,0.34007919049714036
0.25398230088495577,0.23805309734513275,0.16858407079646018,0.33938053097345133
0.25386313465783666,0.23752759381898456,0.1695364238410596,0.3390728476821192
0.252414398595259,0.2414398595258999,0.17208077260755048,0.3340649692712906
0.25301204819277107,0.23605533244087462,0.17269076305220885,0.3382418563141455
0.2523281596452328,0.2376940133037694,0.16807095343680709,0.3419068736141907
0.2456217162872154,0.23336252189141857,0.1725043782837128,0.34851138353765326
0.24836316019205587,0.23264949803579224,0.16586643387167177,0.3531209079004801
0.24713656387665198,0.22290748898678414,0.17048458149779736,0.3594713656387665
0.24700665188470067,0.22172949002217296,0.17073170731707318,0.3605321507760532
0.24934268185801928,0.22173531989482909,0.1722173531989483,0.3567046450482033
0.25738210665491407,0.21595416483032173,0.16835610401057735,0.35830762450418685
0.2555066079295154,0.22290748898678414,0.1656387665198238,0.35594713656387666
0.2542147293700089,0.22404614019520852,0.1681455190771961,0.3535936113575865
0.24669020300088262,0.2325684024713151,0.16725507502206532,0.353486319505737
0.2501098901098901,0.2320879120879121,0.1635164835164835,0.35428571428571426
0.25843188786684185,0.22601839684625494,0.16381953569864213,0.3517301795882611
0.25573192239858905,0.2279541446208113,0.1657848324514991,0.3505291005291005
0.2599826388888889,0.2248263888888889,0.16666666666666666,0.3485243055555556
0.26117751217352814,0.22399291722000886,0.16555998229305002,0.34926958831341304
0.2651080723423026,0.22364358182620203,0.16497573886193206,0.3462726069695633
0.26100352112676056,0.2266725352112676,0.16109154929577466,0.3512323943661972
0.25937362152624616,0.22849580943978826,0.1627701808557565,0.3493603881782091
0.26457597173144876,0.22835689045936397,0.16431095406360424,0.34275618374558303
0.26138876603272887,0.22821760283060594,0.1609907120743034,0.34940291906236176
0.25591586327782645,0.22743207712532865,0.16827344434706398,0.3483786152497809
0.25485008818342153,0.22839506172839505,0.167989417989418,0.3487654320987654
0.2596949891067538,0.2318082788671024,0.16601307189542483,0.34248366013071896
0.2622085349758029,0.22877254729432467,0.16673999120105587,0.34227892652881653
0.25370531822144726,0.23844812554489975,0.16303400174367916,0.34481255448997383
0.2560386473429952,0.24110671936758893,0.16469038208168643,0.33816425120772947
0.2517636684303351,0.2482363315696649,0.16049382716049382,0.3395061728395062
0.2592267135325132,0.24253075571177504,0.1647627416520211,0.3334797891036907
0.25570175438596493,0.23859649122807017,0.1706140350877193,0.3350877192982456
0.2585301837270341,0.23490813648293962,0.168416447944007,0.33814523184601925
0.2633654688869413,0.2252410166520596,0.1726555652936021,0.338737949167397
0.26817375886524825,0.23182624113475178,0.16445035460992907,0.3355496453900709
0.26233085988651245,0.2304670449585334,0.16673941510257528,0.3404626800523789
0.2647058823529412,0.22519754170324846,0.16593503072870938,0.34416154521510095
0.25893250992501105,0.22452580502867225,0.17247463608292898,0.34406704896338774
0.26117440841367223,0.21691498685363717,0.17484662576687116,0.3470639789658195
0.26223776223776224,0.21372377622377622,0.1791958041958042,0.34484265734265734
0.25726872246696036,0.213215859030837,0.17973568281938326,0.3497797356828194
0.25824901011878576,0.21997360316761988,0.17729872415310163,0.34447866256049275
0.26906028368794327,0.21808510638297873,0.1675531914893617,0.3453014184397163
0.26570048309178745,0.21826965305226176,0.17083882301273606,0.3451910408432148
0.2587873462214411,0.22275922671353252,0.17223198594024605,0.3462214411247803
0.2608311229000884,0.22325375773651635,0.16887709991158267,0.34703801945181256
0.2608315098468271,0.22450765864332603,0.1649890590809628,0.34967177242888403
0.26271561256081377,0.22733303847854933,0.15922158337019018,0.3507297655904467
0.26657824933687,0.22634836427939875,0.15649867374005305,0.3505747126436782
0.2673179396092362,0.2255772646536412,0.15674955595026643,0.3503552397868561
0.26830337571240687,0.22709338009644892,0.15738711091626478,0.34721613327487943
0.2662852112676056,0.22403169014084506,0.16153169014084506,0.34815140845070425
0.2658504591167468,0.22780935723655443,0.16222125054656755,0.3441189331001312
0.2630890052356021,0.23167539267015708,0.16797556719022688,0.33726003490401396
0.25869565217391305,0.2326086956521739,0.16217391304347825,0.34652173913043477
0.2611380679311866,0.22761358623731803,0.1588001764446405,0.35244816938685486
0.2624394539850286,0.22457067371202113,0.16776750330250992,0.34522236900044034
0.25939019001325675,0.23066725585505965,0.17101193106495802,0.3389306230667256
0.25419240953221534,0.23124448367166814,0.17299205648720212,0.3415710503089144
0.25736911570611526,0.22437307523097227,0.17685877694676638,0.3413990321161461
0.2565121412803532,0.23090507726269316,0.1739514348785872,0.33863134657836647
0.2631346578366446,0.22737306843267108,0.16909492273730684,0.3403973509933775
0.2552724077328647,0.23637961335676624,0.1665202108963093,0.34182776801405973
0.2560106856634016,0.22929652715939447,0.1678539626001781,0.3468388245770258
0.26468010517090274,0.22611744084136723,0.16695880806310254,0.3422436459246275
0.2661361626878868,0.22369584438549955,0.16843501326259946,0.34173297966401417
0.2694023193577163,0.22613737734165923,0.1641391614629795,0.34032114183764495
0.27030625832223704,0.2228140257434532,0.17177097203728361,0.33510874389702616
0.2652972027972028,0.2277097902097902,0.17089160839160839,0.3361013986013986
0.27007943512797883,0.22727272727272727,0.17210944395410416,0.3305383936451898
0.26179875333926983,0.23018699910952806,0.17497773820124665,0.3330365093499555
0.2672831351827389,0.23645970937912814,0.17349185380889476,0.3227653016292382
0.26595744680851063,0.23803191489361702,0.17420212765957446,0.32180851063829785
0.2687555163283319,0.235216240070609,0.18049426301853486,0.3155339805825243
0.2724867724867725,0.23015873015873015,0.1728395061728395,0.32451499118165783
0.27320954907161804,0.23165340406719717,0.17064544650751548,0.3244916003536693
0.2736935341009743,0.22719220549158547,0.17139061116031887,0.32772364924712133
0.27200353825740825,0.22644847412649272,0.17204776647501105,0.329500221141088
0.2781921895568232,0.22553751645458534,0.16761737604212373,0.3286529179464677
0.2750551876379691,0.22339955849889626,0.1704194260485651,0.33112582781456956
0.273568281938326,0.22599118942731278,0.16740088105726872,0.33303964757709253
0.27013796172674676,0.22785936804628393,0.16466399643969737,0.3373386737872719
0.2712461470717745,0.22457067371202113,0.16468516072214884,0.3394980184940555
0.276,0.22933333333333333,0.1622222222222222,0.33244444444444443
0.2768287341217696,0.2264564169951818,0.16338151554971528,0.3333333333333333
0.28136042402826855,0.22393992932862192,0.1598939929328622,0.33480565371024734
0.28514588859416445,0.22458001768346597,0.15738284703801944,0.3328912466843501
0.28811312417145385,0.2209456473707468,0.15952275740167918,0.3314184710561202
0.2833186231244484,0.2202118270079435,0.1615180935569285,0.33495145631067963
0.28325991189427313,0.22026431718061673,0.1647577092511013,0.3317180616740088
0.29036515618125824,0.21205455345358556,0.16498020237571492,0.33260008798944124
0.28534145280556766,0.21444106133101348,0.16311439756415833,0.33710308829926056
0.28363475959417733,0.21482134980149978,0.1627701808557565,0.3387737097485664
0.2857766143106457,0.21553228621291448,0.16012216404886562,0.33856893542757416
0.284,0.21466666666666667,0.1622222222222222,0.3391111111111111
0.28249336870026526,0.21573828470380194,0.16091954022988506,0.34084880636604775
0.2797385620915033,0.220479302832244,0.15773420479302833,0.3420479302832244
0.28270412642669007,0.21641791044776118,0.1562774363476734,0.34460052677787534
0.282311424790472,0.21349801499779444,0.1557123952359947,0.34847816497573886
0.2891619131197894,0.2150065818341378,0.15620886353663888,0.33962264150943394
0.2851528384279476,0.21921397379912663,0.15458515283842794,0.3410480349344978
0.285839544059623,0.21964050854888206,0.1551950898728628,0.3393248575186322
0.28421052631578947,0.21754385964912282,0.15526315789473685,0.3429824561403509
0.27972027972027974,0.2215909090909091,0.15384615384615385,0.34484265734265734
0.2845779938135219,0.2213875386654883,0.15377817057003976,0.34025629695095005
0.271729587357331,0.21905179982440737,0.1575943810359965,0.35162423178226515
0.2777288732394366,0.22095070422535212,0.15669014084507044,0.34463028169014087
0.2829610162067455,0.22689443714410862,0.15374507227332457,0.3363994743758213
0.2843956043956044,0.22725274725274724,0.1578021978021978,0.33054945054945056
0.287341217696014,0.22820849759088918,0.15856329391151994,0.32588699080157685
0.28339191564147626,0.22759226713532513,0.16300527240773285,0.3260105448154657
0.2857142857142857,0.23059964726631393,0.1626984126984127,0.32098765432098764
0.27845884413309985,0.23248686514886166,0.1681260945709282,0.3209281961471103
0.2774336283185841,0.22964601769911505,0.1654867256637168,0.3274336283185841
0.2728888888888889,0.23733333333333334,0.164,0.3257777777777778
0.2789473684210526,0.2307017543859649,0.16535087719298244,0.325
0.27005699254712845,0.24024550635686104,0.16790881192459448,0.32178868917141606
0.2681318681318681,0.2347252747252747,0.16791208791208792,0.3292307692307692
0.2692644483362522,0.24211908931698775,0.16549912434325745,0.3231173380035026
0.2682280159080866,0.24304021210782148,0.16129032258064516,0.32744144940344677
0.26972234464521816,0.24283825473776993,0.15821947994711327,0.32921992066989864
0.27496700395952484,0.23625164980202376,0.15970083589969203,0.32908051033875935
0.27268741779921085,0.24682156948706707,0.16089434458570803,0.319596668128014
0.27797513321492007,0.24511545293072823,0.1669626998223801,0.3099467140319716
0.27432848965213563,0.24922941435490972,0.16424482606781154,0.31219726992514313
0.276298559580969,0.2527280663465735,0.1641204714098647,0.30685290266259274
0.27755819060166886,0.256477821695213,0.16556873078612208,0.30039525691699603
0.27530541012216403,0.25174520069808026,0.16797556719022688,0.30497382198952877
0.26815398075240593,0.25984251968503935,0.163167104111986,0.3088363954505687
0.2668711656441718,0.2589833479404032,0.16520595968448729,0.3089395267309378
0.26341248900615655,0.2598944591029024,0.16842568161829374,0.30826737027264733
0.2564892212934448,0.2630884293884734,0.172459304883414,0.3079630444346678
0.2630415561450044,0.2572944297082228,0.17285587975243147,0.3068081343943413
0.2599293909973522,0.26434245366284204,0.17519858781994704,0.30052956751985876
0.25984251968503935,0.26202974628171477,0.1714785651793526,0.30664916885389326
0.26593886462882094,0.25633187772925764,0.1737991266375546,0.30393013100436683
0.2662565905096661,0.2583479789103691,0.17706502636203866,0.29833040421792617
0.2648221343873518,0.25735617039964864,0.17962231005709267,0.2981993851559069
0.26132864056313243,0.2591289045314562,0.17641882974043116,0.3031236251649802
0.26023778071334214,0.261558784676354,0.1712901805372083,0.30691325407309555
0.2612172367836517,0.2603287427809862,0.17192358951577077,0.3065304309195913
0.26936619718309857,0.2579225352112676,0.1681338028169014,0.3045774647887324
0.26722246599385696,0.2606406318560772,0.17288284335234752,0.29925405879771827
0.2671654929577465,0.2640845070422535,0.16725352112676056,0.30149647887323944
0.27308707124010556,0.25769569041336854,0.16974494283201408,0.2994722955145119
0.2708971553610503,0.2577680525164114,0.17155361050328227,0.29978118161925604
0.26598579040852577,0.25976909413854354,0.17451154529307283,0.2997335701598579
0.2526455026455027,0.25925925925925924,0.17680776014109348,0.31128747795414463
0.25363917071018965,0.2606969563299515,0.1768857520952801,0.30877812086457873
0.2514438027543314,0.258996001776988,0.17636605952909817,0.3131941359395824
