R,A,S,N
0.0,0.0,0.0,1.0
0.0,0.0,0.0,1.0
0.25,0.0,0.0,0.75
0.1875,0.0,0.0,0.8125
0.27586206896551724,0.0,0.0,0.7241379310344828
0.3333333333333333,0.0,0.0,0.6666666666666666
0.35064935064935066,0.0,0.0,0.6493506493506493
0.38461538461538464,0.0,0.0,0.6153846153846154
0.3576158940397351,0.013245033112582781,0.013245033112582781,0.6158940397350994
0.3952380952380952,0.023809523809523808,0.009523809523809525,0.5714285714285714
0.37543859649122807,0.02456140350877193,0.021052631578947368,0.5789473684210527
0.390745501285347,0.03598971722365039,0.02056555269922879,0.5526992287917738
0.41282565130260523,0.04809619238476954,0.022044088176352707,0.5170340681362725
0.4328125,0.0578125,0.025,0.484375
0.42375,0.07625,0.03375,0.46625
0.41430073606729756,0.0904311251314406,0.03680336487907466,0.45846477392218715
0.4105445116681072,0.10198789974070872,0.04407951598962835,0.44338807260155577
0.40841949778434267,0.11447562776957164,0.04431314623338257,0.4327917282127031
0.4206145966709347,0.11075544174135724,0.04673495518565941,0.42189500640204863
0.42276887871853547,0.11956521739130435,0.05148741418764302,0.4061784897025172
0.420671834625323,0.12506459948320414,0.05581395348837209,0.3984496124031008
0.4184120798830979,0.12810521188504628,0.0565026790063322,0.3969800292255236
0.415929203539823,0.13367489520260828,0.05775500698649278,0.3926408942710759
0.41939890710382516,0.13387978142076504,0.061930783242258654,0.3847905282331512
0.40693025322079074,0.14260328742780987,0.06841403820524211,0.3820524211461573
0.40325417766051014,0.14160070360598065,0.07167985927880387,0.3834652594547054
0.4,0.14640522875816994,0.07363834422657953,0.37995642701525056
0.3985890652557319,0.14638447971781304,0.07892416225749559,0.37610229276895946
0.3906386701662292,0.14435695538057744,0.08355205599300088,0.38145231846019245
0.39659685863874344,0.14441535776614312,0.08595113438045375,0.3730366492146597
0.3964757709251101,0.14713656387665197,0.08458149779735682,0.37180616740088107
0.39638447971781304,0.1472663139329806,0.08686067019400352,0.36948853615520283
0.3936077057793345,0.14229422066549913,0.09281961471103327,0.3712784588441331
0.39778761061946905,0.14203539823008848,0.09336283185840707,0.3668141592920354
0.3975481611208406,0.13660245183887915,0.09238178633975482,0.37346760070052537
0.39585172109443956,0.14563106796116504,0.09355692850838482,0.3649602824360106
0.39238845144356954,0.14873140857392825,0.09186351706036745,0.3670166229221347
0.3918385256691531,0.15050460728389645,0.09565598946906538,0.362000877577885
0.38866930171277997,0.15458937198067632,0.09749670619235837,0.35924462011418534
0.3931095406360424,0.15415194346289754,0.0892226148409894,0.36351590106007065
0.3899647887323944,0.1637323943661972,0.09242957746478873,0.3538732394366197
0.3972902097902098,0.1660839160839161,0.09134615384615384,0.34527972027972026
0.38769230769230767,0.16747252747252747,0.09538461538461539,0.34945054945054943
0.3897188049209139,0.1687170474516696,0.09270650263620386,0.34885764499121263
0.38555798687089715,0.1711159737417943,0.09190371991247265,0.3514223194748359
0.3857016769638129,0.16990291262135923,0.09090909090909091,0.353486319505737
0.3829225352112676,0.17517605633802816,0.08538732394366197,0.35651408450704225
0.38107752956636004,0.17257993867717916,0.08672798948751642,0.35961454226894435
0.3746184038377671,0.17400784997819452,0.09027474923680767,0.3610989969472307
0.373134328358209,0.1777875329236172,0.08867427568042142,0.3604038630377524
0.38227513227513227,0.18165784832451498,0.0837742504409171,0.3522927689594356
0.3745567375886525,0.18395390070921985,0.08377659574468085,0.35771276595744683
0.37439293598233997,0.1805739514348786,0.08388520971302428,0.3611479028697572
0.37330415754923413,0.18336980306345732,0.087527352297593,0.3557986870897155
0.3789426921368281,0.185250999555753,0.08796090626388271,0.3478454020435362
0.37865367581930914,0.18777679362267494,0.09034543844109831,0.3432240921169176
0.36821366024518387,0.19176882661996497,0.08712784588441332,0.35288966725043786
0.3617582417582418,0.18637362637362637,0.09274725274725275,0.35912087912087914
0.36363636363636365,0.1866258741258741,0.09003496503496504,0.3597027972027972
0.36519070583077595,0.18763700131521263,0.0925032880315651,0.3546690048224463
0.3682819383259912,0.186784140969163,0.0947136563876652,0.3502202643171806
0.362000877577885,0.1882404563405002,0.09916630100921457,0.35059236507240016
0.36178681999115436,0.189296771340115,0.1017249004865104,0.3471915081822203
0.36086572438162545,0.19125441696113074,0.0989399293286219,0.3489399293286219
0.36086572438162545,0.1974381625441696,0.09408127208480566,0.3476148409893993
0.35864793678665496,0.1922739244951712,0.09701492537313433,0.3520632133450395
0.3537444933920705,0.18766519823788547,0.0960352422907489,0.36255506607929516
0.35296703296703297,0.19076923076923077,0.0967032967032967,0.35956043956043954
0.3532272325375774,0.1927497789566755,0.09725906277630415,0.356763925729443
0.35203180212014135,0.18992932862190812,0.09231448763250884,0.3657243816254417
0.34424778761061947,0.19424778761061948,0.09513274336283185,0.3663716814159292
0.34576568670469504,0.19262834576568671,0.09258446687143485,0.3690215006581834
0.33883192153366026,0.20062416406598305,0.09362460989745876,0.3669193045028979
0.34912280701754383,0.1986842105263158,0.09166666666666666,0.3605263157894737
0.34463028169014087,0.20202464788732394,0.09198943661971831,0.3613556338028169
0.3432967032967033,0.20263736263736265,0.09010989010989011,0.363956043956044
0.33668561434193267,0.20463489287275907,0.09488412767818102,0.36379536510712723
0.3390728476821192,0.2088300220750552,0.09359823399558499,0.35849889624724063
0.33304157549234137,0.2087527352297593,0.09671772428884026,0.3614879649890591
0.3330392589325099,0.2112924569916189,0.09572121746801941,0.3599470666078518
0.3393169877408056,0.20183887915936952,0.09457092819614711,0.36427320490367776
0.33113746157224416,0.20685111989459815,0.09705753184014053,0.36495388669301715
0.32865907099035935,0.20946538124452235,0.09553023663453111,0.3663453111305872
0.3305235137533274,0.20896184560780834,0.09494232475598935,0.36557231588287487
0.325354609929078,0.21187943262411346,0.09352836879432624,0.3692375886524823
0.328125,0.21116071428571428,0.09776785714285714,0.36294642857142856
0.3263888888888889,0.2105034722222222,0.0954861111111111,0.3676215277777778
0.32272325375773653,0.21131741821396993,0.09946949602122016,0.3664898320070734
0.3233082706766917,0.21450685537372843,0.1021671826625387,0.36001769128704114
0.327708703374778,0.2113676731793961,0.09813499111900532,0.3627886323268206
0.332160140783106,0.214694236691597,0.09678838539375274,0.3563572371315442
0.33114035087719296,0.21359649122807017,0.10043859649122808,0.35482456140350876
0.33377718597425654,0.2201509098979139,0.09809143364403018,0.3479804704837994
0.32847682119205296,0.22030905077262694,0.10022075055187638,0.3509933774834437
0.3346578366445916,0.22163355408388521,0.10331125827814569,0.3403973509933775
0.3284896521356231,0.22104799647732276,0.10127697049757815,0.349185380889476
0.33112582781456956,0.22119205298013245,0.0988962472406181,0.3487858719646799
0.33391992960844696,0.22217333919929608,0.09898812142542895,0.344918609766828
0.3344993441189331,0.2190642763445562,0.10494097070397901,0.3414954088325317
0.32660228270412645,0.2212467076382792,0.10403863037752414,0.3481123792800702
0.3211935059236507,0.22729267222465993,0.1075032909170689,0.3440105309346205
0.3212253829321663,0.22319474835886213,0.10547045951859957,0.350109409190372
0.3232056362835755,0.23205636283575518,0.09907529722589167,0.34566270365477764
0.3221830985915493,0.2266725352112676,0.1056338028169014,0.3455105633802817
0.3275938189845475,0.23399558498896247,0.10375275938189846,0.3346578366445916
0.32381370826010547,0.23154657293497363,0.10720562390158173,0.3374340949033392
0.3271686481726112,0.23293703214442976,0.10788199031263761,0.33201232937032144
0.3309982486865149,0.23073555166374782,0.10376532399299475,0.3345008756567426
0.3308303886925795,0.23851590106007067,0.10556537102473498,0.3250883392226148
0.32981065609863497,0.23954205195948922,0.10347864376926465,0.3271686481726112
0.3297919433377601,0.2359451084550686,0.10756972111553785,0.32669322709163345
0.32777534006143044,0.2387011847301448,0.10618692408951294,0.3273365511189118
0.3216168717047452,0.24253075571177504,0.11028119507908611,0.3255711775043937
0.3274879438842613,0.2389302937308198,0.11223147742218326,0.32135028496273566
0.3276165347405453,0.2405452946350044,0.11169744942832015,0.3201407211961302
0.321113074204947,0.24072438162544169,0.11395759717314488,0.32420494699646646
0.3216322948661694,0.2413339183852567,0.11584028082492322,0.3211935059236507
0.31848257609175123,0.24084693427437143,0.11777679752977503,0.32289369210410235
0.3198237885462555,0.24361233480176211,0.1198237885462555,0.31674008810572685
0.32122784262862086,0.2438391699092088,0.11932555123216602,0.3156074362300043
0.32502187226596674,0.24453193350831146,0.11811023622047244,0.3123359580052493
0.32919254658385094,0.24578527062999111,0.11756876663708962,0.30745341614906835
0.3274336283185841,0.24690265486725663,0.12212389380530973,0.3035398230088496
0.32456531431119034,0.24609897458760588,0.12037449843958983,0.3089612126616139
0.3285968028419183,0.24200710479573712,0.11678507992895204,0.31261101243339257
0.31326352530541013,0.24650959860383945,0.1169284467713787,0.32329842931937175
0.31398416886543534,0.24538258575197888,0.11433597185576078,0.32629727352682497
0.3162280701754386,0.24561403508771928,0.1206140350877193,0.3175438596491228
0.31896172459304883,0.25208974923009236,0.11702595688517378,0.311922569291685
0.3188470066518847,0.2541019955654102,0.11751662971175167,0.3095343680709534
0.3216014078310603,0.2534095908490981,0.11526616805983282,0.3097228332600088
0.32788334069818825,0.2487847989394609,0.11621741051701281,0.30711444984533803
0.3238512035010941,0.2525164113785558,0.11947483588621444,0.3041575492341357
0.31802120141342755,0.26015901060070673,0.11484098939929328,0.30697879858657245
0.3188277087033748,0.2566607460035524,0.11589698046181172,0.3086145648312611
0.32172763331864257,0.25694138386954607,0.12119876597620097,0.3001322168356104
0.320704845814978,0.252863436123348,0.12246696035242291,0.3039647577092511
0.3178397521027003,0.25320938468348825,0.12571934484285083,0.30323151837096063
0.3113082039911308,0.2567627494456763,0.12682926829268293,0.30509977827051
0.3097228332600088,0.26132864056313243,0.12142542894852618,0.3075230972283326
0.30897155361050327,0.263019693654267,0.12078774617067833,0.3072210065645514
0.3107569721115538,0.2638335546702081,0.12306330234617087,0.3023461708720673
0.30350022153300843,0.2671688081524147,0.12450155073105892,0.30482941958351795
0.3007518796992481,0.2693498452012384,0.12206988058381248,0.30782839451570104
0.30166374781085814,0.271015761821366,0.12259194395796848,0.30472854640980734
0.3029229406554473,0.2652790079716563,0.1195748449955713,0.3122232063773251
0.3050772626931567,0.26490066225165565,0.12494481236203091,0.3050772626931567
0.3108762659621312,0.25935711140466755,0.12461470717745486,0.3051519154557464
0.30406001765225066,0.26257722859664606,0.12400706090026478,0.30935569285083847
0.3008344312692139,0.26438296003513395,0.12296881862099253,0.31181379007465965
0.29797535211267606,0.2605633802816901,0.12544014084507044,0.3160211267605634
0.29793769197016234,0.2558139534883721,0.12856516015796401,0.3176831943835015
0.29714285714285715,0.2602197802197802,0.12703296703296704,0.3156043956043956
0.2946113074204947,0.2619257950530035,0.12588339222614842,0.31757950530035334
0.2989872302950242,0.2637604579480405,0.12241303390576838,0.3148392778511669
0.3009623797025372,0.2585301837270341,0.12598425196850394,0.31452318460192474
0.2964779313419527,0.25546143557735174,0.12795363352652697,0.32010699955416855
0.29203935599284436,0.25402504472271914,0.1261180679785331,0.3278175313059034
0.29520457545094586,0.25604927408710954,0.12758468983721954,0.32116146062472506
0.2932098765432099,0.25440917107583777,0.1300705467372134,0.322310405643739
0.2936472678809418,0.2554420257663261,0.13238560639715682,0.3185250999555753
0.2937777777777778,0.2577777777777778,0.12844444444444444,0.32
0.2896825396825397,0.25440917107583777,0.12874779541446207,0.3271604938271605
0.29595827900912647,0.2564102564102564,0.1290743155149935,0.31855714906562366
0.2917960088691796,0.2607538802660754,0.1343680709534368,0.31308203991130823
0.29005281690140844,0.2592429577464789,0.13424295774647887,0.3164612676056338
0.2923485183547103,0.25386996904024767,0.13445378151260504,0.31932773109243695
0.2919227392449517,0.2497805092186128,0.13871817383669885,0.31957857769973663
0.2969991173874669,0.2502206531332745,0.13327449249779347,0.3195057369814651
0.29706927175843695,0.24911190053285967,0.13454706927175844,0.31927175843694494
0.30550621669627,0.24378330373001778,0.13543516873889877,0.31527531083481347
0.30482941958351795,0.24988923349579087,0.13646433318564466,0.3088170137350465
0.30181175430844015,0.2527618205921343,0.14140521431727796,0.3040212107821476
0.29567519858781993,0.25419240953221534,0.14607237422771405,0.30406001765225066
0.2965244170699516,0.24725032996040475,0.1482622085349758,0.3079630444346678
0.29606716747680073,0.2496685815289439,0.14714980114891738,0.30711444984533803
0.2988100484795064,0.25209343323049804,0.14455707360070516,0.30453944468929045
0.29343971631205673,0.25132978723404253,0.13962765957446807,0.31560283687943264
0.29346866725507503,0.2528684907325684,0.146954986760812,0.3067078552515446
0.2939895470383275,0.2587108013937282,0.14677700348432055,0.30052264808362367
0.287467134092901,0.2589833479404032,0.1446099912357581,0.3089395267309378
0.2786026200873362,0.26593886462882094,0.14585152838427948,0.30960698689956334
0.2794313638382941,0.27232341181697023,0.14038205242114615,0.30786317192358953
0.2812089356110381,0.2768287341217696,0.1401664476565922,0.3017958826106001
0.27496700395952484,0.27056753189617244,0.1482622085349758,0.3062032556093269
0.2744410346339325,0.2748794388426129,0.1477422183252959,0.30293730819815873
0.27153476169654567,0.2754700480979449,0.14560559685177088,0.3073895933537385
0.27518863737239235,0.27385707944962273,0.14913448735019974,0.3018197958277852
0.2769640479360852,0.27518863737239235,0.14913448735019974,0.2987128273413227
0.27926348092941694,0.2775098640946953,0.1459886014905743,0.29723805348531346
0.2721658579620644,0.2858403176003529,0.14380238200264667,0.29819144243493606
0.27080581241743723,0.28357551739321885,0.14663143989431968,0.2989872302950242
0.26848591549295775,0.2852112676056338,0.14700704225352113,0.2992957746478873
0.26607929515418505,0.2889867841409692,0.14537444933920704,0.29955947136563876
0.2715994683207798,0.2862206468763846,0.14709791758972088,0.29508196721311475
0.2760141093474427,0.2865961199294533,0.14594356261022928,0.2914462081128748
0.2801402893467777,0.2871547566856642,0.1433581762384919,0.2893467777290662
0.2793859649122807,0.2850877192982456,0.14166666666666666,0.29385964912280704
0.27726675427069647,0.2864651773981603,0.1375383267630311,0.2987297415681121
0.27943760984182775,0.28383128295254834,0.14279437609841827,0.29393673110720564
0.2759526938239159,0.28252299605781866,0.13885238720981166,0.3026719229084538
0.2701021768103065,0.28742780986228345,0.13282985339848957,0.30964015992892047
0.26821773485513606,0.2853380158033363,0.1360842844600527,0.310359964881475
0.26278659611992944,0.28880070546737213,0.13580246913580246,0.31261022927689597
0.2738938053097345,0.2853982300884956,0.1323008849557522,0.3084070796460177
0.27276726792784867,0.27496700395952484,0.13462384513858336,0.3176418829740431
0.26657824933687,0.27674624226348365,0.13837312113174183,0.3183023872679045
0.2609658839167036,0.2826761187416925,0.1382365972529907,0.3181214000886132
0.261978021978022,0.28175824175824177,0.1402197802197802,0.316043956043956
0.2606219886114761,0.2829610162067455,0.14191852825229961,0.31449846692947875
0.2702222222222222,0.27155555555555555,0.13555555555555557,0.32266666666666666
0.26784140969162995,0.27929515418502204,0.13656387665198239,0.3162995594713656
0.270509977827051,0.2749445676274945,0.13747228381374724,0.3170731707317073
0.26891123742894624,0.2794053344993441,0.1364232619151727,0.31526016615653696
0.272608125819135,0.2743556138051551,0.13543031891655744,0.31760594145915244
0.27114967462039047,0.27809110629067246,0.13101952277657267,0.31973969631236443
0.27448397013614406,0.2683355292050944,0.13131313131313133,0.3258673693456302
0.2752858399296394,0.2678100263852243,0.1358839050131926,0.3210202286719437
0.2804186655037069,0.26689925861317054,0.13301351940689055,0.319668556476232
0.28368794326241137,0.26817375886524825,0.1325354609929078,0.31560283687943264
0.28932210899424016,0.26007975188303056,0.13602126716880816,0.31457687195392114
0.28835978835978837,0.2601410934744268,0.13227513227513227,0.31922398589065254
0.28440366972477066,0.2525120139799039,0.1349934469200524,0.32809086937527304
0.28714161598609905,0.24934839270199827,0.13509991311902694,0.32841007819287577
0.28995130588756085,0.250996015936255,0.13058875608676407,0.3284639220894201
0.2951036612262902,0.24525805028672254,0.13321570357300397,0.32642258491398324
0.2919805050952592,0.24988923349579087,0.1338059370846256,0.32432432432432434
0.2885964912280702,0.25,0.13815789473684212,0.3232456140350877
0.28822495606326887,0.2561511423550088,0.13576449912126537,0.31985940246045697
0.28803156510302497,0.2503288031565103,0.1310828583954406,0.3305567733450241
0.2860927152317881,0.24944812362030905,0.1271523178807947,0.3373068432671082
0.2892416225749559,0.24867724867724866,0.12213403880070546,0.33994708994708994
0.2839506172839506,0.25396825396825395,0.11860670194003527,0.34347442680776014
0.28213028169014087,0.25044014084507044,0.11707746478873239,0.3503521126760563
0.29544449358690844,0.24369747899159663,0.11366651923927466,0.3471915081822203
0.2880386983289358,0.25021987686895336,0.11433597185576078,0.34740545294635006
0.29157476841640934,0.24569916188795765,0.11513012792236436,0.34759594177326864
0.2871772039180766,0.25333926981300087,0.11754229741763135,0.3419412288512912
0.283311199645861,0.2598494909251881,0.11730854360336432,0.33953076582558656
0.2909011373578303,0.24803149606299213,0.12029746281714786,0.34076990376202976
0.291832229580574,0.2503311258278146,0.12229580573951435,0.3355408388520971
0.2907644719399028,0.2474591250552364,0.12107821475916924,0.34069818824569154
0.292693661971831,0.24471830985915494,0.12455985915492958,0.3380281690140845
0.2954645530603259,0.24482606781153676,0.12373403786878027,0.33597534125935713
0.2949389179755672,0.24607329842931938,0.12085514834205933,0.3381326352530541
0.2965396408234779,0.24353920280332894,0.12308366184844503,0.33683749452474815
0.2961487383798141,0.24258521469676847,0.12129260734838423,0.3399734395750332
0.2982378854625551,0.23788546255506607,0.12026431718061674,0.3436123348017621
0.2967515364354697,0.2405618964003512,0.1202809482001756,0.3424056189640035
0.2910777385159011,0.24072438162544169,0.12234982332155477,0.3458480565371025
0.2911944202266783,0.23583260680034873,0.12336530078465563,0.34960767218831734
0.2944542253521127,0.2363556338028169,0.11839788732394366,0.35079225352112675
0.2894736842105263,0.23201754385964912,0.12192982456140351,0.35657894736842105
0.2891246684350133,0.23121131741821396,0.1246684350132626,0.35499557913351015
0.29545454545454547,0.22945804195804195,0.12456293706293706,0.3505244755244755
0.2925974594831362,0.23390275952693823,0.12439772229522558,0.34910205869469996
0.2998678996036988,0.23293703214442976,0.13033905768383972,0.3368560105680317
0.2949288256227758,0.23087188612099643,0.13211743772241993,0.34208185053380785
0.2996469549867608,0.23609885260370697,0.12753751103265668,0.33671668137687555
0.2983156028368794,0.23359929078014185,0.1276595744680851,0.3404255319148936
0.2981993851559069,0.23803249890206413,0.12033377250768555,0.3434343434343434
0.29691629955947135,0.23832599118942732,0.1237885462555066,0.3409691629955947
0.29310344827586204,0.24447391688771,0.1242263483642794,0.33819628647214856
0.2853992059991178,0.25363917071018965,0.12351124834583149,0.3374503749448611
0.28678745028722935,0.25497127706584183,0.12284577993813522,0.33539549270879365
0.2808641975308642,0.25220458553791886,0.12566137566137567,0.3412698412698413
0.282560706401766,0.24503311258278146,0.1271523178807947,0.34525386313465783
0.2773626373626374,0.24747252747252746,0.12923076923076923,0.34593406593406595
0.2697715289982425,0.24648506151142355,0.1256590509666081,0.35808435852372583
0.27047366091190794,0.24656927844178841,0.1239486498450642,0.35900841080123946
0.27224901359053044,0.2389302937308198,0.1319596668128014,0.35686102586584834
0.2667836770513383,0.24396665204036858,0.13119789381307592,0.3580517770952172
0.270353982300885,0.24690265486725663,0.1252212389380531,0.35752212389380533
0.27616534740545295,0.24538258575197888,0.12620932277924363,0.35224274406332456
0.27280701754385966,0.24912280701754386,0.12192982456140351,0.356140350877193
0.2722880983750549,0.2481335090030742,0.1225296442687747,0.3570487483530962
0.2809734513274336,0.24646017699115044,0.12212389380530973,0.3504424778761062
0.2778023925564909,0.24324324324324326,0.12981834293309702,0.3491360212671688
0.277851166886834,0.24394539850286218,0.12373403786878027,0.35446939674152356
0.2745270567531896,0.24637043554773427,0.12670479542454904,0.35239771227452704
0.27153476169654567,0.2466112811543507,0.1254919108001749,0.3563620463489287
0.2742222222222222,0.2431111111111111,0.128,0.3546666666666667
0.2754069511658601,0.24373075230972283,0.12802463704355477,0.3528376594808623
0.28160919540229884,0.23651635720601238,0.1286472148541114,0.3532272325375774
0.28371278458844135,0.2373029772329247,0.1317863397548161,0.3471978984238179
0.2879188712522046,0.24118165784832452,0.13403880070546736,0.3368606701940035
0.2896703296703297,0.24043956043956044,0.13142857142857142,0.3384615384615385
0.2857142857142857,0.23692307692307693,0.13186813186813187,0.3454945054945055
0.2873362445414847,0.2423580786026201,0.13449781659388646,0.3358078602620087
0.2838196286472148,0.24314765694076038,0.14014146772767463,0.3328912466843501
0.2832292595896521,0.24174843889384479,0.14228367528991973,0.3327386262265834
0.2889867841409692,0.24273127753303964,0.13480176211453745,0.33348017621145376
0.2901531728665208,0.2424507658643326,0.13829321663019695,0.3291028446389497
0.28895678742907027,0.23745089480576168,0.14142295940637276,0.3321693583587953
0.28665496049165934,0.2440737489025461,0.1391571553994732,0.3301141352063213
0.28766519823788544,0.24713656387665198,0.13964757709251102,0.32555066079295153
0.28029969149405026,0.24768620537681799,0.14059056853239313,0.3314235345967387
0.28346456692913385,0.2379702537182852,0.1377952755905512,0.34076990376202976
0.28074041427941826,0.24768620537681799,0.1366240634640811,0.33494931687968266
0.28140257434531735,0.2521083000443853,0.14025743453173548,0.3262316910785619
0.2847740236946029,0.25186485300570427,0.137340939008337,0.3260201842913559
0.28371278458844135,0.2548161120840631,0.1361646234676007,0.3253064798598949
0.2854625550660793,0.25242290748898677,0.13656387665198239,0.32555066079295153
0.2840106007067138,0.26060070671378094,0.13471731448763252,0.3206713780918728
0.28540113985094256,0.25865848312143797,0.13459009206488382,0.32135028496273566
0.2835164835164835,0.2553846153846154,0.13934065934065934,0.32175824175824175
0.2785871964679912,0.2662251655629139,0.13421633554083887,0.32097130242825606
0.27846425419240955,0.263459841129744,0.13459841129744043,0.323477493380406
0.2794182459233142,0.26795945350374617,0.13574261789334507,0.31687968267959454
0.28286852589641437,0.2656042496679947,0.13368747233289066,0.3178397521027003
0.28370663153271847,0.26877470355731226,0.13526570048309178,0.31225296442687744
0.28080357142857143,0.26919642857142856,0.13526785714285713,0.31473214285714285
0.2842058952925649,0.2745270567531896,0.1315442146942367,0.3097228332600088
0.28464912280701754,0.27456140350877195,0.13859649122807016,0.30219298245614035
0.28159645232815966,0.2713968957871397,0.141019955654102,0.30598669623059865
0.282657155595185,0.27686134641105664,0.13642443156486847,0.30405706642888986
0.2821869488536155,0.2742504409171076,0.13756613756613756,0.30599647266313934
0.28615384615384615,0.27604395604395604,0.13538461538461538,0.30241758241758243
0.2891352549889135,0.27849223946784923,0.13392461197339245,0.2984478935698448
0.28064798598949214,0.2732049036777583,0.13879159369527144,0.3073555166374781
0.2778761061946903,0.2809734513274336,0.1331858407079646,0.30796460176991153
0.27758164165931154,0.27714033539276256,0.13459841129744043,0.3106796116504854
0.27876106194690264,0.2743362831858407,0.13539823008849558,0.31150442477876106
0.2828193832599119,0.27224669603524226,0.14008810572687225,0.3048458149779736
0.27604395604395604,0.269010989010989,0.14417582417582417,0.31076923076923074
0.28345765686704694,0.2676612549363756,0.1421676173760421,0.30671347082053535
0.2781456953642384,0.2706401766004415,0.1456953642384106,0.3055187637969095
0.27510917030567683,0.2694323144104803,0.1497816593886463,0.3056768558951965
0.28112626484821823,0.2683677958644963,0.14782226132864057,0.302683677958645
0.2817824377457405,0.26474442988204455,0.14984709480122324,0.3036260375709917
0.2804395604395604,0.26945054945054947,0.14593406593406594,0.30417582417582417
0.2802660753880266,0.2660753880266075,0.14545454545454545,0.3082039911308204
0.28019323671497587,0.2648221343873518,0.1497584541062802,0.3052261747913922
0.28236853733981443,0.2633672116659302,0.14317277949624393,0.3110914714980115
0.2890556045895852,0.25904677846425417,0.146954986760812,0.3049426301853486
0.2887323943661972,0.2671654929577465,0.14524647887323944,0.2988556338028169
0.2903939796370075,0.26117751217352814,0.14829570606463036,0.300132802124834
0.2902097902097902,0.26005244755244755,0.14991258741258742,0.29982517482517484
0.28609039052215884,0.2606406318560772,0.14874945151382185,0.3045195261079421
0.2874725274725275,0.2571428571428571,0.1468131868131868,0.30857142857142855
0.28420123565754635,0.2616946160635481,0.14254192409532215,0.3115622241835834
0.2920704845814978,0.2594713656387665,0.1444933920704846,0.3039647577092511
0.28797190517998245,0.2559262510974539,0.1466198419666374,0.3094820017559263
0.2866043613707165,0.2607921673342234,0.14686248331108145,0.30574098798397864
0.2943495400788436,0.2628120893561104,0.14235654840122647,0.3004818221638195
0.28464912280701754,0.26403508771929823,0.1482456140350877,0.3030701754385965
0.2864056313242411,0.2556093268807743,0.15002199736031677,0.3079630444346678
0.28948526176858774,0.25692916849978004,0.14562252529696437,0.3079630444346678
0.28583877995642704,0.26143790849673204,0.1437908496732026,0.3089324618736383
0.28357551739321885,0.2637604579480405,0.14398943196829592,0.3086745926904447
0.2872246696035242,0.25859030837004404,0.14669603524229075,0.307488986784141
0.28664921465968585,0.2613438045375218,0.14092495636998253,0.3110820244328098
0.29080510338759347,0.26044874615046193,0.139463264408271,0.30928288605367354
0.2842661965623623,0.25958572058175405,0.14147201410312912,0.3146760687527545
0.28205128205128205,0.259946949602122,0.14323607427055704,0.3147656940760389
0.28170250109697237,0.2650285212812637,0.13602457218078104,0.31724440544098287
0.28233231039017975,0.26654975887768523,0.13327487943884261,0.31784305129329243
0.28495809439788267,0.2642258491398324,0.13718570798411997,0.31363034847816496
0.28145550197281893,0.2661113546690048,0.13853572994300745,0.3138974134151688
0.2810137839039573,0.2667852378835038,0.14361938639395286,0.308581591818586
0.278580814717477,0.2671922908453789,0.14542268944371442,0.3088042049934297
0.2778023925564909,0.26938413823659724,0.1479840496233939,0.30482941958351795
0.27439570277529096,0.2775290957923008,0.14637421665174574,0.3017009847806625
0.27641921397379915,0.27685589519650655,0.14323144104803492,0.3034934497816594
0.27228163992869875,0.2749554367201426,0.14661319073083778,0.30614973262032086
0.2689075630252101,0.27333038478549315,0.1525873507297656,0.3051747014595312
0.2676056338028169,0.2755281690140845,0.15536971830985916,0.30149647887323944
0.2647317502198769,0.27132805628847845,0.15567282321899736,0.30826737027264733
0.2661361626878868,0.2625994694960212,0.15782493368700265,0.3134394341290893
0.2674933569530558,0.2736935341009743,0.15279007971656333,0.30602302922940655
0.2621145374449339,0.27665198237885463,0.15859030837004406,0.3026431718061674
0.2672451193058568,0.27635574837310195,0.1596529284164859,0.2967462039045553
0.26865008880994673,0.27042628774422733,0.1625222024866785,0.2984014209591474
0.2750439367311072,0.27372583479789103,0.1647627416520211,0.28646748681898065
0.2740088105726872,0.2757709251101322,0.16343612334801763,0.286784140969163
0.2833775419982317,0.27055702917771884,0.15870910698496907,0.28735632183908044
0.2843915343915344,0.26455026455026454,0.15696649029982362,0.2940917107583774
0.28434365460095945,0.26689925861317054,0.15438290449193195,0.2943741822939381
0.2869179600886918,0.26252771618625276,0.1583148558758315,0.29223946784922394
0.2900964066608238,0.26950043821209463,0.15337423312883436,0.28702892199824714
0.2889767237593325,0.2736056214317084,0.15063680281071584,0.2867808519982433
0.28982300884955753,0.2721238938053097,0.15752212389380532,0.28053097345132744
0.2979842243645925,0.2747589833479404,0.15556529360210342,0.27169149868536374
0.29437609841827767,0.2702108963093146,0.1555360281195079,0.27987697715289983
0.2893820713664056,0.27284595300261094,0.15404699738903394,0.28372497824194953
0.29814487632508835,0.2698763250883392,0.15371024734982333,0.2782685512367491
0.2995169082125604,0.2692138779095301,0.15019762845849802,0.2810715854194115
0.29301911960871496,0.2756780791462872,0.1529568697198755,0.27834593152512227
0.30136383633963926,0.2710074791025077,0.1517817861856577,0.27584689837219534
0.30697879858657245,0.26899293286219084,0.1515017667844523,0.27252650176678445
0.30735358872743285,0.26816380449141347,0.14927344782034346,0.2752091589608102
0.31449846692947875,0.26850635129215944,0.14848883048620237,0.26850635129215944
0.3081952920662598,0.27332170880557977,0.15082824760244115,0.26765475152571927
0.3123625164980202,0.2740871095468544,0.14562252529696437,0.267927848658161
0.31266490765171506,0.28232189973614774,0.14511873350923482,0.2598944591029024
0.31150442477876106,0.2778761061946903,0.1433628318584071,0.2672566371681416
0.3107394366197183,0.2772887323943662,0.1426056338028169,0.26936619718309857
0.31042128603104213,0.2753880266075388,0.14545454545454545,0.2687361419068736
0.313020604997808,0.27882507672073653,0.1429197720298115,0.265234546251644
0.3212869105332746,0.2675187307183781,0.14191273688849715,0.26928162185985016
0.3253652058432935,0.26516157591854805,0.1416555998229305,0.267817618415228
0.322310405643739,0.2619047619047619,0.14814814814814814,0.26763668430335097
0.3235294117647059,0.26382791922739246,0.14574187884108866,0.266900790166813
0.32736013986013984,0.26223776223776224,0.145979020979021,0.2644230769230769
0.3177242888402626,0.2722100656455142,0.14179431072210066,0.26827133479212256
0.3188854489164087,0.27377266696152147,0.14108801415302963,0.26625386996904027
0.31968295904887717,0.2677234698370762,0.14178775869660942,0.27080581241743723
0.31894273127753303,0.27665198237885463,0.13612334801762113,0.2682819383259912
0.31876379690949225,0.2737306843267108,0.13995584988962473,0.2675496688741722
0.3123359580052493,0.27165354330708663,0.14566929133858267,0.27034120734908135
0.30637362637362636,0.2773626373626374,0.1432967032967033,0.27296703296703295
0.30603258476442097,0.28225451343020697,0.1435490973139586,0.26816380449141347
0.3030035335689046,0.2787102473498233,0.14708480565371024,0.2712014134275618
0.2976294995610184,0.27568042142230026,0.15013169446883232,0.276558384547849
0.29766622633201234,0.2747688243064729,0.14839277851166888,0.27917217084984586
0.2981691368788143,0.27332170880557977,0.14952048823016564,0.27898866608544026
0.29754601226993865,0.275635407537248,0.1551270815074496,0.27169149868536374
0.30122591943957966,0.2797723292469352,0.15017513134851138,0.26882661996497376
0.29349269588313415,0.28463922089420096,0.14873837981407703,0.2731297034085879
0.30065645514223194,0.2844638949671772,0.1461706783369803,0.2687089715536105
0.2997335701598579,0.28507992895204265,0.1460923623445826,0.2690941385435169
0.29859894921190894,0.28677758318739055,0.14404553415061297,0.27057793345008757
0.29835482436638505,0.2859048465984882,0.14006224988883947,0.2756780791462872
0.2944542253521127,0.2878521126760563,0.14084507042253522,0.27684859154929575
0.30021978021978024,0.28175824175824177,0.14285714285714285,0.27516483516483514
0.3003970004411116,0.2792236435818262,0.13983237759153067,0.28054697838553155
0.29146608315098466,0.27833698030634574,0.15229759299781181,0.2778993435448578
0.28866432337434095,0.28075571177504394,0.1546572934973638,0.2759226713532513
0.28872312417727075,0.2768758227292672,0.1570864414216762,0.2773146116717859
0.287677304964539,0.2717198581560284,0.15824468085106383,0.2823581560283688
0.2913907284768212,0.2662251655629139,0.15717439293598234,0.28520971302428255
0.29391151992991676,0.2636881296539641,0.15856329391151994,0.28383705650459923
0.2926613616268789,0.2608311229000884,0.16136162687886826,0.28514588859416445
0.2888198757763975,0.2608695652173913,0.1592724046140195,0.29103815439219166
0.2881729920564872,0.2546337157987643,0.1624007060900265,0.294792586054722
0.29253203711886877,0.2465753424657534,0.1657092355280601,0.2951833848873177
0.293909973521624,0.2497793468667255,0.1646072374227714,0.29170344218887906
0.2916666666666667,0.24298245614035088,0.16535087719298244,0.3
0.2892047978676144,0.24300310972900932,0.16836961350510884,0.29942247889826745
0.290989010989011,0.23868131868131867,0.17098901098901098,0.29934065934065934
0.2988556338028169,0.23767605633802816,0.16901408450704225,0.2944542253521127
0.2993854258121159,0.23661106233538193,0.1672519754170325,0.2967515364354697
0.2967227635075288,0.23383525243578387,0.16740478299379982,0.3020372010628875
0.29481546572934975,0.23462214411247803,0.1687170474516696,0.30184534270650265
0.3021425448185396,0.23130738959335373,0.17402710975076519,0.2925229558373415
0.30742049469964666,0.2318904593639576,0.1691696113074205,0.2915194346289753
0.31039076376554176,0.2291296625222025,0.1691829484902309,0.2912966252220249
0.3042525208241999,0.23366944322665498,0.16440157825515125,0.29767645769399387
0.31051236749116606,0.22791519434628976,0.1612190812720848,0.3003533568904594
0.3137340939008337,0.22378236068451074,0.15884159719175076,0.3036419482229048
0.31585845347313235,0.2236784622105723,0.16164263870685888,0.29882044560943644
0.3075555555555556,0.22844444444444445,0.16177777777777777,0.3022222222222222
0.3065725628584032,0.22408469342743714,0.16497573886193206,0.3043670048522276
0.31593038821954483,0.21954484605087016,0.16287371709058457,0.30165104863900044
0.32361896476729013,0.22575032622879512,0.16006959547629404,0.2905611135276207
0.32207907596623725,0.22878720568636163,0.16570413149711238,0.28342958685028874
0.325,0.22456140350877193,0.16052631578947368,0.2899122807017544
0.3237722729248153,0.22946544980443284,0.15949587136027815,0.2872664059104737
0.32304980167474656,0.23049801674746584,0.1604230938739533,0.2860290877038343
0.3261538461538461,0.2342857142857143,0.15824175824175823,0.2813186813186813
0.3277012005335705,0.23388172521120498,0.15651400622498887,0.2819030680302357
0.3337748344370861,0.22869757174392935,0.15187637969094922,0.28565121412803535
0.3418727915194346,0.2248233215547703,0.14885159010600707,0.284452296819788
0.33245266402465873,0.23205636283575518,0.15191545574636725,0.28357551739321885
0.3343504795117698,0.22755013077593722,0.14995640802092414,0.2881429816913688
0.3305457746478873,0.22711267605633803,0.14700704225352113,0.2953345070422535
0.33698510078878174,0.2283085013146363,0.1476774758983348,0.28702892199824714
0.33761630482941957,0.22817899867080194,0.14532565352237484,0.28887904297740363
0.3405002193944713,0.2268538832821413,0.1439227731461167,0.28872312417727075
0.3437088996054362,0.22577816747040771,0.1429197720298115,0.2875931608943446
0.34185022026431716,0.2286343612334802,0.14317180616740088,0.28634361233480177
0.3440955329500221,0.22821760283060594,0.14153029632905795,0.286156567890314
0.3390576838397182,0.22721268163804492,0.1431087626596213,0.2906208718626156
0.33994708994708994,0.22178130511463845,0.14329805996472664,0.294973544973545
0.3423264042459089,0.22069880583812473,0.13976116762494473,0.29721362229102166
0.3425559947299078,0.2204655248133509,0.13614404918752745,0.3008344312692139
0.33878814683768244,0.22246793454223796,0.13710747456877487,0.30163644405130474
0.3441241685144124,0.2146341463414634,0.13747228381374724,0.30376940133037694
0.3494931687968268,0.21683561040105773,0.13486117232260908,0.2988100484795064
0.3547681539807524,0.21653543307086615,0.13298337707786526,0.29571303587051617
0.3582350371341197,0.218435998252512,0.13193534294451725,0.291393621668851
0.36599297012302284,0.21616871704745166,0.13312829525483305,0.28471001757469244
0.3709106984969054,0.21927497789566755,0.12953138815207782,0.28028293545534927
0.37048458149779734,0.21585903083700442,0.12731277533039648,0.28634361233480177
0.37282229965156793,0.2190766550522648,0.13022648083623695,0.2778745644599303
0.3718681318681319,0.21802197802197804,0.12879120879120878,0.2813186813186813
0.3728665207877462,0.2175054704595186,0.13216630196936544,0.2774617067833698
0.3765432098765432,0.2204585537918871,0.12566137566137567,0.27733686067019403
0.3781770376862401,0.22217353198948292,0.12401402278702892,0.275635407537248
0.37275514673674986,0.22207621550591328,0.12352168199737187,0.28164695575996496
0.36846689895470386,0.22473867595818817,0.125,0.281794425087108
0.36295971978984237,0.22854640980735552,0.12302977232924693,0.28546409807355516
0.3683274021352313,0.23309608540925267,0.12322064056939502,0.275355871886121
0.3611728120835184,0.2403376277210129,0.12527765437583296,0.2732119058196357
0.36215978928884984,0.23661106233538193,0.12291483757682177,0.2783143107989464
0.35966826713225664,0.23701440419030992,0.12483631601920558,0.27848101265822783
0.366079295154185,0.23039647577092512,0.1237885462555066,0.27973568281938327
0.35931307793923384,0.23381770145310435,0.12549537648612946,0.2813738441215324
0.3560140474100088,0.237928007023705,0.12510974539069358,0.28094820017559263
0.3518763796909492,0.24503311258278146,0.12538631346578366,0.27770419426048565
0.3516819571865443,0.24858016601135868,0.12101354303189166,0.27872433377020533
0.34832962138084633,0.24276169265033407,0.12516703786191538,0.2837416481069042
0.34843205574912894,0.2495644599303136,0.12195121951219512,0.28005226480836237
0.34815140845070425,0.24515845070422534,0.12059859154929578,0.2860915492957746
0.3440105309346205,0.2413339183852567,0.11891180342255375,0.29574374725756913
0.34432717678100266,0.24318381706244502,0.11829375549692173,0.2941952506596306
0.3415929203539823,0.25088495575221237,0.11991150442477876,0.28761061946902655
0.3451598773543583,0.25098554533508544,0.11388523872098116,0.28996933858957513
0.3485915492957746,0.2460387323943662,0.11487676056338028,0.2904929577464789
0.34496466431095407,0.25309187279151946,0.11616607773851591,0.2857773851590106
0.34473567303420705,0.25233229675699687,0.11905819635717459,0.2838738338516215
0.3463241806908769,0.25155004428697963,0.11293179805137289,0.2891939769707706
0.3376391982182628,0.2561247216035635,0.11447661469933185,0.29175946547884185
0.33480565371024734,0.25265017667844525,0.1166077738515901,0.2959363957597173
0.33831940167179936,0.2547294324681038,0.11834579850417949,0.2886053673559173
0.3311345646437995,0.2563764291996482,0.12313104661389622,0.28935795954265614
0.3305235137533274,0.2524401064773736,0.12777284826974267,0.28926353149955636
0.33480565371024734,0.25353356890459366,0.12323321554770318,0.2884275618374558
0.33111111111111113,0.256,0.124,0.28888888888888886
