R,A,S,N
0.0,1.0,0.0,0.0
0.0,0.5,0.5,0.0
0.2222222222222222,0.4444444444444444,0.3333333333333333,0.0
0.14285714285714285,0.6428571428571429,0.21428571428571427,0.0
0.14285714285714285,0.7142857142857143,0.14285714285714285,0.0
0.22580645161290322,0.5806451612903226,0.16129032258064516,0.03225806451612903
0.24,0.56,0.16,0.04
0.23529411764705882,0.5147058823529411,0.20588235294117646,0.04411764705882353
0.20833333333333334,0.5208333333333334,0.23958333333333334,0.03125
0.24,0.504,0.2,0.056
0.2857142857142857,0.45962732919254656,0.19254658385093168,0.062111801242236024
0.3349282296650718,0.4258373205741627,0.1722488038277512,0.06698564593301436
0.35984848484848486,0.39015151515151514,0.16666666666666666,0.08333333333333333
0.37735849056603776,0.3867924528301887,0.1540880503144654,0.08176100628930817
0.39195979899497485,0.35678391959798994,0.1457286432160804,0.10552763819095477
0.38445807770961143,0.3619631901840491,0.1411042944785276,0.11247443762781185
0.3951890034364261,0.3487972508591065,0.13745704467353953,0.11855670103092783
0.4,0.34814814814814815,0.1288888888888889,0.12296296296296297
0.3955901426718547,0.3476005188067445,0.13618677042801555,0.12062256809338522
0.40389016018306634,0.34668192219679633,0.13157894736842105,0.11784897025171624
0.41372351160444,0.3329969727547931,0.1301715438950555,0.1231079717457114
0.4067495559502664,0.33658969804618116,0.13143872113676733,0.12522202486678508
0.4116719242902208,0.3430599369085173,0.1222397476340694,0.12302839116719243
0.4081920903954802,0.3382768361581921,0.13135593220338984,0.12217514124293785
0.4094689699296225,0.3333333333333333,0.13051823416506717,0.12667946257197696
0.40024038461538464,0.3449519230769231,0.13161057692307693,0.12319711538461539
0.39921392476137,0.34475014037057833,0.13250982594048288,0.12352610892756878
0.3964248159831756,0.3401682439537329,0.13354363827549948,0.129863301787592
0.39398572884811417,0.34658511722731905,0.1304791029561672,0.1289500509683996
0.39002932551319647,0.3455522971652004,0.13391984359726294,0.13049853372434017
0.3895184135977337,0.34702549575070823,0.13031161473087818,0.13314447592067988
0.3927911275415896,0.3410351201478743,0.133086876155268,0.133086876155268
0.39385602934433744,0.3429619440623567,0.1338835396607061,0.12929848693259974
0.3929379809868719,0.34495246717971934,0.12720688094160254,0.13490267089180624
0.38943598925693823,0.3428827215756491,0.13294538943598927,0.13473589973142344
0.3946308724832215,0.34049217002237137,0.12796420581655482,0.13691275167785236
0.3948763250883392,0.3401060070671378,0.12985865724381626,0.1351590106007067
0.39555555555555555,0.3417777777777778,0.12977777777777777,0.1328888888888889
0.3937527496700396,0.3440387153541575,0.13022437307523096,0.13198416190057194
0.3909973521624007,0.33715798764342453,0.13327449249779347,0.13857016769638128
0.39140070921985815,0.3390957446808511,0.12943262411347517,0.1400709219858156
0.38957597173144876,0.33966431095406363,0.12853356890459364,0.142226148409894
0.39342105263157895,0.3447368421052632,0.12456140350877193,0.13728070175438598
0.38716814159292035,0.34690265486725663,0.12389380530973451,0.14203539823008848
0.3906111603188663,0.3365810451727192,0.12533215234720993,0.1474756421612046
0.3861209964412811,0.33807829181494664,0.12099644128113879,0.15480427046263345
0.39016829052258634,0.3392382639503986,0.11603188662533215,0.1545615589016829
0.3908450704225352,0.3397887323943662,0.11619718309859155,0.15316901408450703
0.38893805309734514,0.3380530973451327,0.11814159292035398,0.15486725663716813
0.388913330400352,0.3361196656401232,0.11702595688517378,0.15794104707435108
0.39184397163120566,0.3328900709219858,0.11835106382978723,0.15691489361702127
0.3941018766756032,0.33735478105451294,0.11126005361930295,0.1572832886505809
0.38937664618086043,0.334503950834065,0.11369622475856014,0.16242317822651448
0.3859030837004405,0.3387665198237885,0.11013215859030837,0.16519823788546256
0.3853615520282187,0.3368606701940035,0.10670194003527336,0.1710758377425044
0.38849557522123895,0.33584070796460175,0.10221238938053097,0.17345132743362832
0.3866138265081462,0.33597534125935713,0.10303830911492734,0.17437252311756934
0.38854625550660793,0.3295154185022026,0.10352422907488987,0.17841409691629956
0.3867427568042142,0.3270412642669008,0.10184372256365233,0.18437225636523266
0.38567005749668287,0.33171163202122955,0.09818664307828394,0.18443166740380362
0.3900396650506831,0.33010136624063463,0.09651828999559277,0.18334067871308946
0.39265413205072147,0.3305640577175339,0.09269785745518146,0.18408395277656317
0.39095744680851063,0.33865248226950356,0.08599290780141844,0.18439716312056736
0.3960352422907489,0.3392070484581498,0.08370044052863436,0.18105726872246697
0.3922701021768103,0.3376277210128832,0.0812972012438916,0.18880497556641493
0.40336134453781514,0.33259619637328613,0.07916850950906679,0.18487394957983194
0.4008830022075055,0.3333333333333333,0.07549668874172186,0.1902869757174393
0.4009619588981198,0.3310013117621338,0.07345867949278531,0.1945780498469611
0.4081902245706737,0.3284896521356231,0.0722148833113166,0.19110523998238663
0.40450928381962864,0.3306808134394341,0.07427055702917772,0.1905393457117595
0.4061946902654867,0.3269911504424779,0.07079646017699115,0.19601769911504424
0.40437890974084,0.33065236818588023,0.06925826630920465,0.19571045576407506
0.4094107299912049,0.32497801231310464,0.06860158311345646,0.19700967458223395
0.40891045434494927,0.32686369651521835,0.0674900749889722,0.19673577415086016
0.4079005770084332,0.3257878384376387,0.06790945406125166,0.19840213049267644
0.4088691796008869,0.33082039911308203,0.0647450110864745,0.19556541019955653
0.40565620857269113,0.3318603623508617,0.06672558550596554,0.19575784357048165
0.41030117852466175,0.32605848974247054,0.06547359231776517,0.19816673941510257
0.4117647058823529,0.3298474945533769,0.0644880174291939,0.19389978213507625
0.4128721541155867,0.3274956217162872,0.06217162872154115,0.19746059544658495
0.4079646017699115,0.32831858407079645,0.061061946902654866,0.20265486725663717
0.415377817057004,0.3256738842244808,0.0618647812638091,0.19708351745470615
0.41301460823373176,0.32669322709163345,0.061531651173085435,0.19876051350154936
0.41655658300308235,0.3280493174812858,0.05856450902686042,0.19682959048877147
0.4200873362445415,0.32794759825327513,0.056768558951965066,0.19519650655021833
0.42876106194690267,0.32123893805309733,0.05575221238938053,0.19424778761061948
0.4251655629139073,0.3236203090507726,0.05562913907284768,0.1955849889624724
0.4349775784753363,0.32152466367713006,0.050672645739910316,0.19282511210762332
0.435533894550288,0.32033673017279574,0.04873726185201595,0.19539211342490032
0.4415527128363476,0.3167181296868108,0.04543449492721659,0.19629466254962505
0.4476106970626918,0.31477422183252957,0.04515563349408154,0.19245944761069705
0.45074758135444154,0.3144239226033421,0.04573438874230431,0.18909410729991205
0.45458553791887124,0.3117283950617284,0.04365079365079365,0.1900352733686067
0.4519104084321476,0.31620553359683795,0.04435660957400088,0.1875274483970136
0.45668591737005776,0.3109729009329187,0.04264771212794314,0.1896934695690804
0.4616396317404647,0.313020604997808,0.0394563787812363,0.18588338448049102
0.456369982547993,0.3136998254799302,0.04013961605584642,0.18979057591623036
0.4559789750328515,0.3158125273762593,0.040735873850197106,0.18747262374069207
0.45298013245033114,0.3121412803532009,0.0423841059602649,0.19249448123620308
0.46096491228070174,0.30833333333333335,0.03903508771929825,0.19166666666666668
0.4644880174291939,0.30239651416122004,0.03965141612200436,0.1934640522875817
0.46174142480211083,0.3038698328935796,0.03825857519788918,0.1961301671064204
0.4680105170902717,0.29842243645924627,0.035056967572304996,0.19851007887817704
0.46423811639271434,0.29764549089293646,0.0368725011106175,0.20124389160373168
0.4727921498661909,0.29081177520071366,0.03568242640499554,0.20071364852809992
0.47319859402460457,0.29393673110720564,0.037785588752196834,0.19507908611599298
0.4707423580786026,0.2982532751091703,0.03755458515283843,0.19344978165938864
0.47282368537339814,0.2938577110030932,0.03667697746354397,0.19664162615996464
0.4734065934065934,0.2923076923076923,0.036483516483516484,0.1978021978021978
0.47123893805309736,0.29690265486725664,0.036283185840707964,0.19557522123893806
0.48029772329246934,0.28590192644483364,0.03677758318739054,0.19702276707530647
0.49052446011458795,0.28162185985015425,0.0370207139709123,0.19083296606434552
0.4920071047957371,0.27886323268206037,0.035523978685612786,0.1936056838365897
0.493859649122807,0.2754385964912281,0.03903508771929825,0.19166666666666668
0.491882404563405,0.2768758227292672,0.03729706011408512,0.19394471259324264
0.4857142857142857,0.27912087912087913,0.03868131868131868,0.19648351648351647
0.492772667542707,0.2742006132282085,0.039859833552343404,0.19316688567674112
0.49648197009674583,0.27132805628847845,0.03869832893579595,0.19349164467897978
0.5019885108263368,0.26690234202386215,0.039770216526734424,0.19133893062306673
0.4973614775725594,0.2647317502198769,0.040897097625329816,0.19700967458223395
0.5022026431718062,0.2581497797356828,0.042731277533039645,0.19691629955947137
0.5077536552946389,0.24988923349579087,0.04253433761630483,0.1998227735932654
0.5071237756010686,0.25200356188780054,0.0396260017809439,0.201246660730187
0.5073170731707317,0.24878048780487805,0.040354767184035474,0.20354767184035477
0.5141342756183745,0.25265017667844525,0.037985865724381625,0.19522968197879859
0.5142857142857142,0.2526785714285714,0.03705357142857143,0.19598214285714285
0.5167992926613616,0.2524314765694076,0.03536693191865606,0.19540229885057472
0.5136804942630185,0.2502206531332745,0.03574580759046778,0.2003530450132392
0.5164835164835165,0.24747252747252746,0.03472527472527472,0.20131868131868133
0.515577007459412,0.24747696358051777,0.03466432645897324,0.20228170250109698
0.5225778167470407,0.2476983779044279,0.03463393248575186,0.19508987286277948
0.5214348206474191,0.24540682414698162,0.03543307086614173,0.19772528433945757
0.5225580376697329,0.24441524310118265,0.03591765221200175,0.19710906701708278
0.520924149956408,0.24280732345248474,0.03836094158674804,0.1979075850043592
0.5237472766884531,0.24052287581699347,0.03747276688453159,0.19825708061002179
0.5231316725978647,0.2362099644128114,0.037811387900355875,0.20284697508896798
0.5223946784922394,0.23547671840354767,0.039467849223946784,0.20266075388026608
0.5279007971656333,0.23117803365810452,0.04118689105403012,0.19973427812223207
0.5254312251216275,0.23662096417514375,0.04024767801857585,0.1977001326846528
0.5281442392260334,0.23350923482849603,0.04133685136323659,0.19700967458223395
0.5342706502636204,0.23550087873462214,0.03910369068541301,0.19112478031634447
0.5371102327624067,0.23671497584541062,0.036012296881862096,0.1901624945103206
0.5407572383073497,0.2374164810690423,0.03608017817371938,0.18574610244988865
0.5491405905685324,0.22741295724988983,0.0379021595416483,0.1855442926399295
0.5444887118193891,0.23151837096060204,0.03851261620185923,0.18548030101814963
0.5442926399294844,0.2256500661084178,0.040546496253856326,0.18951079770824153
0.5468956406869221,0.22236900044033464,0.04095112285336856,0.18978423601937472
0.5518599562363239,0.21838074398249452,0.03982494529540481,0.1899343544857768
0.5489587948604342,0.21798848028356224,0.03810367744793974,0.1949490474080638
0.5490973139586085,0.2144429766622633,0.036547776309995596,0.19991193306913255
0.5501319261213721,0.21372031662269128,0.03605980650835532,0.20008795074758134
0.5462147887323944,0.2108274647887324,0.03609154929577465,0.2068661971830986
0.5408970976253298,0.21459982409850484,0.03869832893579595,0.20580474934036938
0.5372082782915015,0.2144429766622633,0.041391457507705856,0.2069572875385293
0.5363596297928603,0.21683561040105773,0.041427941824592335,0.20537681798148966
0.5444201312910284,0.21400437636761488,0.03982494529540481,0.20175054704595186
0.5389408099688473,0.21495327102803738,0.04227859368046284,0.20382732532265244
0.541077738515901,0.2151060070671378,0.04107773851590106,0.20273851590106007
0.5366931918656057,0.21618037135278514,0.04288240495137047,0.20424403183023873
0.5380530973451327,0.21150442477876105,0.04336283185840708,0.20707964601769913
0.5331272084805654,0.2137809187279152,0.044169611307420496,0.20892226148409895
0.5360598065083553,0.21635883905013192,0.04177660510114336,0.20580474934036938
0.5337127845884413,0.21234676007005254,0.04246935201401051,0.21147110332749564
0.5316179677278674,0.2158744003488879,0.043174880069777585,0.2093327518534671
0.5232403718459495,0.217352810978309,0.04293935369632581,0.21646746347941567
0.5274967003959525,0.22085349758029035,0.04399472063352398,0.20765508139023317
0.5317944250871081,0.21994773519163763,0.040940766550522645,0.2073170731707317
0.528476821192053,0.22075055187637968,0.04194260485651214,0.2088300220750552
0.5355722492266902,0.21961997348652232,0.040653999116217414,0.20415377817057004
0.5436507936507936,0.2208994708994709,0.041005291005291,0.19444444444444445
0.5473032714412025,0.21618037135278514,0.04111405835543767,0.19540229885057472
0.5469858156028369,0.21808510638297873,0.037677304964539006,0.1972517730496454
0.5437890974084003,0.21403038427167115,0.040214477211796246,0.20196604110813227
0.5488556338028169,0.2125880281690141,0.037852112676056336,0.2007042253521127
0.5486998677831644,0.20713970912296165,0.0379021595416483,0.20625826355222565
0.5525154457193292,0.2087378640776699,0.0353045013239188,0.20344218887908208
0.5534368070953437,0.20620842572062084,0.03325942350332594,0.20709534368070953
0.55,0.2097345132743363,0.031415929203539826,0.2088495575221239
0.5468409586056645,0.21481481481481482,0.030501089324618737,0.20784313725490197
0.5519366197183099,0.2108274647887324,0.02948943661971831,0.20774647887323944
0.551074090311267,0.208680403331872,0.03156510302498904,0.208680403331872
0.5520559930008749,0.20603674540682415,0.03280839895013123,0.20909886264216973
0.5553610503282276,0.20437636761487965,0.03369803063457331,0.20656455142231947
0.5539947322212467,0.20412642669007902,0.035996488147497806,0.20588235294117646
0.555011135857461,0.2022271714922049,0.03429844097995546,0.20846325167037863
0.5507246376811594,0.20685111989459815,0.03689064558629776,0.20553359683794467
0.5564835164835165,0.20307692307692307,0.03560439560439561,0.20483516483516484
0.5634114007954043,0.19796730004418914,0.03314184710561202,0.2054794520547945
0.5702259636685866,0.19539211342490032,0.033673017279574655,0.2007089056269384
0.5734388742304309,0.1917326297273527,0.03342128408091469,0.20140721196130168
0.5736331569664903,0.19400352733686066,0.030864197530864196,0.20149911816578484
0.5789473684210527,0.18596491228070175,0.02982456140350877,0.20526315789473684
0.5812003530450133,0.1884377758164166,0.03177405119152692,0.19858781994704325
0.5874280655157149,0.18193891102257637,0.033643204957945996,0.19698981850376274
0.5815384615384616,0.18373626373626373,0.03296703296703297,0.20175824175824175
0.5752759381898455,0.18498896247240618,0.031788079470198675,0.20794701986754968
0.5771578029642546,0.1809067131647777,0.03443766346992153,0.2074978204010462
0.5853333333333334,0.17822222222222223,0.03244444444444444,0.204
0.5833333333333334,0.17857142857142858,0.031746031746031744,0.20634920634920634
0.5828193832599119,0.17048458149779736,0.029515418502202642,0.2171806167400881
0.5865427180168216,0.16113324479858343,0.03054448871181939,0.22177954847277556
0.5870141342756183,0.1607773851590106,0.03180212014134275,0.22040636042402828
0.5885714285714285,0.15956043956043955,0.029010989010989013,0.22285714285714286
0.5900621118012422,0.16237799467613132,0.026619343389529725,0.2209405501330967
0.5893569844789357,0.1623059866962306,0.029711751662971176,0.21862527716186253
0.5877963125548727,0.1549604916593503,0.03160667251975417,0.22563652326602282
0.5856450902686041,0.1576398062527521,0.03126376045794804,0.22545134302069572
0.5937090432503277,0.15159458278724333,0.0327653997378768,0.2219309742245522
0.5906916050456721,0.15267507612005218,0.03218790778599391,0.22444541104828186
0.5893015030946065,0.15296198054818744,0.03227232537577365,0.22546419098143236
0.5893095768374165,0.15322939866369711,0.035634743875278395,0.221826280623608
0.5927065026362038,0.14806678383128294,0.035588752196836555,0.22363796133567662
0.5963382737576286,0.14210985178727115,0.03966870095902354,0.22188317349607672
0.5906099166301009,0.14480035103115402,0.03992979376919702,0.22465993856954805
0.5846560846560847,0.1490299823633157,0.03835978835978836,0.2279541446208113
0.5839610101905184,0.1479840496233939,0.03766061143110323,0.2303943287549845
0.5853227232537578,0.14809902740937222,0.038461538461538464,0.22811671087533156
0.5812829525483304,0.14411247803163443,0.03998242530755712,0.23462214411247803
0.5753064798598949,0.14492119089316988,0.042907180385288964,0.23686514886164622
0.5774834437086093,0.1421633554083885,0.04282560706401766,0.23752759381898456
0.5817051509769094,0.13676731793960922,0.04396092362344583,0.23756660746003552
0.5807726075504829,0.1417910447761194,0.04214223002633889,0.23529411764705882
0.5790408525754884,0.141651865008881,0.04218472468916518,0.23712255772646537
0.580517770952172,0.1338306274681878,0.04212373848179026,0.24352786309784993
0.5779450841452612,0.13507528786536757,0.04384410983170948,0.24313551815766166
0.5770577933450087,0.13922942206654992,0.0446584938704028,0.23905429071803852
0.5836592785745328,0.1351586266840504,0.04519774011299435,0.23598435462842243
0.5888547608600263,0.13339183852566916,0.04212373848179026,0.23562966213251427
0.5925274725274725,0.1331868131868132,0.04087912087912088,0.2334065934065934
0.5954164830321728,0.13265755839576907,0.04186866460996033,0.23005729396209784
0.5899912203687445,0.1356453028972783,0.03950834064969271,0.23485513608428446
0.5959328028293546,0.13262599469496023,0.036251105216622455,0.23519009725906279
0.5895292564892213,0.13198416190057194,0.03739551253849538,0.2410910690717114
0.5917652212001752,0.13009198423127463,0.03723171265878231,0.24091108190976784
0.601600711427301,0.12761227212094264,0.03646064917741218,0.23432636727434417
0.5993870402802102,0.12784588441331,0.03502626970227671,0.23774080560420316
0.5964444444444444,0.12844444444444444,0.035111111111111114,0.24
0.5978695073235686,0.1278295605858855,0.033288948069241014,0.24101198402130491
0.6050198150594451,0.12725671510347863,0.03126376045794804,0.23645970937912814
0.6036235086168803,0.12947414935925763,0.03137428192664605,0.23552806009721608
0.6076342654238793,0.13004882379050156,0.031069684864624945,0.23124722592099423
0.607661822985469,0.12945838837516513,0.03258476442095993,0.23029502421840597
0.6037234042553191,0.13785460992907803,0.034131205673758866,0.22429078014184398
0.6058746163963175,0.13590530469092504,0.03244191144234985,0.22577816747040771
0.6012243113248797,0.1324879755137735,0.034980323567993,0.23130738959335373
0.6,0.13171806167400882,0.03788546255506608,0.23039647577092512
0.6036906854130053,0.1282952548330404,0.03866432337434095,0.22934973637961337
0.6112588652482269,0.12854609929078015,0.03679078014184397,0.22340425531914893
0.6058073031236252,0.13198416190057194,0.0365156181258249,0.225692916849978
0.6104240282685512,0.12588339222614842,0.03489399293286219,0.22879858657243815
0.6105263157894737,0.12894736842105264,0.03508771929824561,0.22543859649122808
0.6061946902654868,0.1323008849557522,0.032300884955752215,0.22920353982300884
0.6079570853822083,0.13276709879302637,0.031291908806437195,0.22798390701832813
0.6026315789473684,0.1337719298245614,0.02982456140350877,0.2337719298245614
0.6030262572318648,0.13662661326212727,0.02892745883400089,0.2314196706720071
0.6071741032370953,0.13648293963254593,0.02974628171478565,0.22659667541557305
0.6074106749007498,0.13630348478164975,0.031760035288928096,0.22452580502867225
0.6117491166077739,0.13118374558303886,0.03136042402826855,0.22570671378091872
0.6161616161616161,0.1251646903820817,0.03162055335968379,0.22705314009661837
0.6189427312775331,0.1211453744493392,0.03127753303964758,0.2286343612334802
0.6229794670161642,0.12013979903888161,0.029707295762341632,0.22717343818261249
0.6291834002677377,0.11780455153949129,0.029451137884872823,0.22356091030789826
0.6314172882843352,0.11496270293988592,0.03203159280386134,0.2215884159719175
0.6254945054945055,0.11868131868131868,0.03208791208791209,0.22373626373626374
0.6184792219274978,0.11626878868258178,0.03404067197170645,0.23121131741821396
0.6180616740088106,0.11629955947136564,0.035682819383259914,0.22995594713656387
0.6207505518763797,0.12008830022075055,0.03532008830022075,0.223841059602649
0.6209747606614447,0.1174934725848564,0.034812880765883375,0.2267188859878155
0.6210851345390384,0.11248345831495368,0.03573003970004411,0.23070136744596384
0.6255506607929515,0.10969162995594714,0.03259911894273128,0.23215859030837005
0.626041209995616,0.11266988163086365,0.033318719859710653,0.22797018851380974
0.6301009214567793,0.1075032909170689,0.035980693286529176,0.22641509433962265
0.6368006993006993,0.10708041958041958,0.034527972027972025,0.2215909090909091
0.634809294169224,0.10302498903989478,0.03638754932047348,0.22577816747040771
0.6312997347480106,0.10344827586206896,0.034924845269672856,0.23032714412024757
0.6300043994720633,0.09986801583809943,0.033875934887813465,0.23625164980202376
0.6318121400088613,0.10456357997341603,0.031014621178555603,0.23260965883916704
0.628470691934773,0.10268840899074483,0.030409872190392245,0.2384310268840899
0.6320921985815603,0.09884751773049645,0.030585106382978722,0.23847517730496454
0.6288614298323036,0.1001765225066196,0.03398058252427184,0.23698146513680493
0.6379234491860977,0.09810822701275847,0.032996040475142985,0.2309722833260009
0.6300884955752213,0.09911504424778761,0.031415929203539826,0.23938053097345133
0.6342429577464789,0.10167253521126761,0.03125,0.23283450704225353
0.631578947368421,0.10482456140350878,0.03333333333333333,0.23026315789473684
0.626701800614844,0.10320597277119016,0.032059727711901624,0.23803249890206413
0.6279579316389132,0.10254163014899212,0.03374233128834356,0.2357581069237511
0.6260945709281961,0.1042031523642732,0.03371278458844133,0.23598949211908932
0.6334519572953736,0.10320284697508897,0.033807829181494664,0.22953736654804271
0.6317418213969939,0.10433244916003537,0.03580901856763926,0.22811671087533156
0.6273647162340519,0.1073471183457985,0.03519577650681918,0.2300923889133304
0.629223343571742,0.10618692408951294,0.035103115401491886,0.22948661693725317
0.6335540838852097,0.10772626931567329,0.037527593818984545,0.22119205298013245
0.6334643949322848,0.10790738313674093,0.03888160768894714,0.2197466142420271
0.6288478452066842,0.11213720316622691,0.036499560246262094,0.22251539138082674
0.6352422907488987,0.11101321585903083,0.037444933920704845,0.21629955947136564
0.6416593115622242,0.10900264783759929,0.03618711385701677,0.21315092674315975
0.63668430335097,0.1111111111111111,0.037037037037037035,0.21516754850088182
0.636682755594559,0.1075032909170689,0.04300131636682756,0.21281263712154452
0.6319261213720316,0.11125769569041337,0.0426561125769569,0.21416007036059806
0.626970227670753,0.11339754816112084,0.040280210157618214,0.21935201401050788
0.6287215411558669,0.10989492119089317,0.040718038528896675,0.22066549912434325
0.6316021126760564,0.10959507042253522,0.0409330985915493,0.21786971830985916
0.6374835019797624,0.11042674879014518,0.03915530136383634,0.21293444786625604
0.6412416851441242,0.11086474501108648,0.03991130820399113,0.20798226164079822
0.638925583443417,0.11008366358432409,0.038749449581682076,0.21224130339057684
0.6398585947856827,0.10737958462218294,0.039770216526734424,0.2129916040653999
0.6406181015452539,0.10331125827814569,0.03443708609271523,0.22163355408388521
0.6420824295010846,0.10238611713665943,0.0368763557483731,0.21865509761388285
0.6437636761487965,0.10196936542669584,0.03413566739606127,0.2201312910284464
0.6405835543766578,0.10610079575596817,0.03580901856763926,0.21750663129973474
0.6373773416592329,0.10838537020517396,0.037020517395182875,0.21721677074041035
0.6385224274406333,0.10817941952506596,0.034740545294635,0.2185576077396658
0.6372592924317062,0.10434393193013883,0.03672189879086431,0.22167487684729065
0.6386182462356067,0.09920283436669619,0.03720106288751107,0.224977856510186
0.6458149779735682,0.0986784140969163,0.03700440528634361,0.2185022026431718
0.644434628975265,0.09938162544169611,0.0357773851590106,0.22040636042402828
0.6408109299250772,0.10356985456148082,0.03437637725870427,0.22124283825473778
0.641725352112676,0.10475352112676056,0.03477112676056338,0.21875
0.6445226572811262,0.1007479102507699,0.03343598768147822,0.2212934447866256
0.6501108647450111,0.09667405764966741,0.031929046563192905,0.2212860310421286
0.6419807186678352,0.1016652059596845,0.031989482909728306,0.22436459246275198
0.637604579480405,0.10612065169528842,0.03478643769264641,0.22148833113166005
0.6319261213720316,0.11081794195250659,0.03605980650835532,0.22119613016710643
0.6299385425812116,0.11150131694468832,0.03775241439859526,0.22080772607550483
0.6327160493827161,0.10802469135802469,0.037037037037037035,0.2222222222222222
0.6307692307692307,0.10857142857142857,0.036923076923076927,0.22373626373626374
0.6286215978928885,0.10842844600526778,0.03950834064969271,0.22344161545215102
0.6329951477723864,0.10498456109395678,0.038376709307454786,0.22364358182620203
0.641718334809566,0.10230292294065545,0.037643932683790966,0.2183348095659876
0.6412948381452318,0.09930008748906387,0.03718285214348206,0.2222222222222222
0.642002658396101,0.10323438192290652,0.03943287549844927,0.2153300841825432
0.6448184233835252,0.10097431355181577,0.03808680248007086,0.21612046058458814
0.6453590192644484,0.09763572679509633,0.03940455341506129,0.21760070052539404
0.6487912087912088,0.09714285714285714,0.037802197802197804,0.21626373626373627
0.6544894366197183,0.09727112676056338,0.03829225352112676,0.20994718309859156
0.6466462078035949,0.09776413853572995,0.039017974572555895,0.21657167908811925
0.6523851590106007,0.0980565371024735,0.036219081272084806,0.21333922261484098
0.650438596491228,0.09780701754385965,0.03640350877192983,0.21535087719298246
0.6514686540990794,0.09644892590968873,0.037264357737834285,0.21481806225339764
0.6433007985803016,0.09804791481810116,0.03992901508429459,0.21872227151730259
0.6498450641876937,0.09871624612660469,0.03939796370075255,0.21204072598494908
0.6428885953324527,0.10083663584324086,0.039189784236019376,0.2170849845882871
0.6410030796304443,0.10118785745710515,0.039595248570171576,0.21821381434227893
0.6368049426301854,0.1028243601059135,0.038834951456310676,0.22153574580759047
0.634878587196468,0.10772626931567329,0.03664459161147903,0.22075055187637968
0.633303808680248,0.11027457927369354,0.0354295837023915,0.22099202834366696
0.6344038715354158,0.10514738231412231,0.03343598768147822,0.22701275846898372
0.6307961504811899,0.10673665791776028,0.03280839895013123,0.22965879265091863
0.6358051777095217,0.1066257130320316,0.031154014918824045,0.22641509433962265
0.6327160493827161,0.10934744268077601,0.03306878306878307,0.22486772486772486
0.6306345733041575,0.1111597374179431,0.03326039387308534,0.224945295404814
0.6281208935611038,0.11257117827420061,0.033289531318440646,0.22601839684625494
0.6304829419583518,0.11209570225963669,0.031014621178555603,0.22640673460345592
0.6309995596653457,0.11140466754733598,0.029942756494936152,0.22765301629238222
0.6319290465631929,0.10864745011086474,0.032815964523281595,0.22660753880266074
0.634606938954765,0.1080368906455863,0.032059727711901624,0.22529644268774704
0.6352063213345039,0.11194029850746269,0.030728709394205442,0.2221246707638279
0.6326348640213999,0.11101203744984396,0.030762371823450735,0.2255907267053054
0.6243945398502863,0.11756935270805813,0.03038309114927345,0.22765301629238222
0.6286601597160604,0.11357586512866016,0.03149955634427684,0.22626441881100265
0.6277113767153608,0.11863656485170429,0.03010181496237273,0.22355024347056218
0.631252766710934,0.1111111111111111,0.03054448871181939,0.22709163346613545
0.6362046348928727,0.10887625710537822,0.029733275032794052,0.22518583296895497
0.6347409664780148,0.108837614279495,0.029168480626904657,0.22725293861558554
0.6310254163014899,0.11130587204206836,0.03374233128834356,0.22392638036809817
0.6269247690277167,0.11262648482182139,0.03167619885613726,0.22877254729432467
0.6241699867197875,0.11730854360336432,0.03098716246126605,0.22753430721558213
0.6190476190476191,0.11992945326278659,0.02821869488536155,0.2328042328042328
0.6146707909854175,0.1179849756959788,0.029606716747680072,0.23773751657092354
0.6161262050832603,0.11524978089395267,0.02673093777388256,0.24189307624890447
0.6122359154929577,0.11839788732394366,0.027288732394366196,0.2420774647887324
0.6207655081390233,0.11482622085349758,0.027276726792784867,0.23713154421469423
0.6201141853315766,0.11418533157663592,0.030742204655248132,0.2349582784365393
0.6131578947368421,0.1118421052631579,0.03245614035087719,0.2425438596491228
0.6064487632508834,0.11749116607773852,0.03268551236749117,0.24337455830388693
0.603956043956044,0.11472527472527473,0.03120879120879121,0.2501098901098901
0.6035087719298246,0.11447368421052631,0.031140350877192982,0.25087719298245614
0.6027336860670194,0.11419753086419752,0.03130511463844797,0.2517636684303351
0.5968888888888889,0.12088888888888889,0.03422222222222222,0.248
0.5950376606114312,0.12317235268054941,0.0358883473637572,0.2459016393442623
0.6028243601059136,0.11694616063548102,0.03442188879082083,0.24580759046778464
0.5983355234340779,0.12001752080595707,0.035479632063074903,0.24616732369689007
0.5971917507678807,0.12505484861781482,0.035980693286529176,0.24177270732777534
0.5898778359511344,0.12652705061082026,0.039703315881326355,0.24389179755671903
0.5915492957746479,0.1267605633802817,0.03873239436619718,0.24295774647887325
0.5891677675033025,0.12769704975781593,0.03742844561867019,0.24570673712021135
0.5922202797202797,0.11844405594405595,0.03977272727272727,0.24956293706293706
0.5928038613426941,0.12022817025010969,0.03773584905660377,0.24923211935059236
0.5959821428571429,0.12008928571428572,0.04107142857142857,0.24285714285714285
0.5920353982300885,0.12300884955752213,0.03982300884955752,0.24513274336283186
0.5987708516242318,0.11808604038630377,0.03687445127304653,0.2462686567164179
0.5994718309859155,0.11971830985915492,0.037411971830985914,0.24339788732394366
0.5966386554621849,0.11853162317558602,0.03715170278637771,0.2476780185758514
0.5992080950285966,0.11922569291684998,0.03607567091948966,0.2454905411350638
0.6025754884547069,0.11856127886323269,0.03463587921847247,0.24422735346358793
0.6,0.11788079470198676,0.03487858719646799,0.24724061810154527
0.6067514248136782,0.11442349846558526,0.03463393248575186,0.24419114423498467
0.6071898290223586,0.11486190267426567,0.035072336694432264,0.24287593160894344
0.6110132158590308,0.10616740088105726,0.035682819383259914,0.24713656387665198
0.6021080368906456,0.11242863416776461,0.03337725076855512,0.2520860781730347
0.6021034180543383,0.11349693251533742,0.03155127081507449,0.2528483786152498
0.5993802567507747,0.11288180610889774,0.033200531208499334,0.2545374059318282
0.5985977212971078,0.11700262927256792,0.03418054338299737,0.2502191060473269
0.600088573959256,0.11426040744021258,0.03454384410983171,0.25110717449069975
0.5971065322227094,0.11530030688294608,0.033757124068391056,0.2538360368259535
0.5954565312363478,0.11446046308431629,0.03407601572739188,0.2560069899519441
0.5881047492232578,0.11362627607634265,0.03550821127385708,0.26276076342654237
0.5929824561403508,0.1074561403508772,0.03684210526315789,0.262719298245614
0.5949477351916377,0.10670731707317073,0.03702090592334495,0.2613240418118467
0.5993829881004848,0.10401057734684883,0.03966505068312032,0.25694138386954607
0.5975989328590484,0.10226767452200979,0.041796353935082256,0.2583370386838595
0.6007036059806509,0.10422163588390501,0.0395778364116095,0.25549692172383465
0.6031042128603105,0.1024390243902439,0.037694013303769404,0.2567627494456763
0.6020273248126928,0.10312913177611283,0.0374614367562803,0.25738210665491407
0.6001769128704113,0.10437859354268023,0.03715170278637771,0.25829279080053075
0.6004347826086956,0.1082608695652174,0.03608695652173913,0.25521739130434784
0.601572739187418,0.10484927916120576,0.03669724770642202,0.25688073394495414
0.6010544815465729,0.1054481546572935,0.03690685413005272,0.2565905096660808
0.6023622047244095,0.10586176727909011,0.03762029746281715,0.2541557305336833
0.6036988110964333,0.10788199031263761,0.03742844561867019,0.2509907529722589
0.596752961825362,0.10618692408951294,0.03729706011408512,0.25976305397103994
0.5990316901408451,0.10607394366197183,0.037852112676056336,0.25704225352112675
0.5988626421697287,0.11067366579177602,0.03805774278215223,0.25240594925634297
0.5966534566270365,0.10744165565830031,0.038749449581682076,0.2571554381329811
0.5961284645842498,0.10866695996480423,0.03915530136383634,0.25604927408710954
0.5940114487010127,0.1087626596213122,0.04051078819903126,0.2567151034786438
0.5916666666666667,0.10614035087719298,0.039912280701754385,0.26228070175438595
0.5948200175592625,0.10667251975417033,0.040825285338015806,0.25768217734855137
0.6037570991699432,0.10790738313674093,0.039318479685452164,0.2490170380078637
0.602014010507881,0.10770577933450087,0.040718038528896675,0.24956217162872155
0.5962979286029088,0.10885852798589687,0.03922432789775231,0.255619215513442
0.6010544815465729,0.11115992970123023,0.03866432337434095,0.2491212653778559
0.6014171833480957,0.11647475642161205,0.033215234720992026,0.24889282550930025
0.5968099246787771,0.11608329641116526,0.03190075321222862,0.25520602569782896
0.6019374724790841,0.11448701012769705,0.029502421840598855,0.25407309555262
0.6070796460176991,0.10929203539823008,0.029646017699115044,0.25398230088495577
0.5996503496503497,0.1097027972027972,0.033216783216783216,0.25743006993006995
0.5954265611257695,0.10949868073878628,0.03342128408091469,0.2616534740545295
0.6017699115044248,0.10707964601769912,0.033185840707964605,0.2579646017699115
0.6079295154185022,0.10396475770925111,0.032158590308370046,0.25594713656387663
0.6149068322981367,0.10514640638864241,0.027062999112688554,0.2528837622005324
0.6063408190224571,0.10435931307793923,0.02686041391457508,0.2624394539850286
0.6051236749116607,0.10379858657243816,0.030477031802120143,0.26060070671378094
0.5982222222222222,0.09955555555555555,0.03422222222222222,0.268
0.6008733624454149,0.10043668122270742,0.03580786026200873,0.262882096069869
0.600445434298441,0.09844097995545657,0.035634743875278395,0.26547884187082404
0.6008771929824561,0.09429824561403509,0.03508771929824561,0.26973684210526316
0.6013274336283185,0.09292035398230089,0.036283185840707964,0.26946902654867255
0.5961788970907512,0.09639600521059488,0.03734259661311333,0.2700825010855406
0.6011509517485613,0.099601593625498,0.033200531208499334,0.26604692341744135
0.6005338078291815,0.09741992882562278,0.03336298932384341,0.26868327402135234
0.5997363796133568,0.10105448154657294,0.03251318101933216,0.2666959578207381
0.6021080368906456,0.103645147123408,0.030742204655248132,0.2635046113306983
0.5973684210526315,0.10789473684210527,0.03289473684210526,0.2618421052631579
0.5953859804791481,0.1064773735581189,0.03327417923691216,0.26486246672582076
0.599912739965096,0.10907504363001745,0.032722513089005235,0.2582897033158813
0.5931978798586572,0.10777385159010601,0.03224381625441696,0.2667844522968198
0.5884683098591549,0.11047535211267606,0.03389084507042254,0.2671654929577465
0.585040071237756,0.11130899376669635,0.033392698130008905,0.27025823686553874
0.5902654867256637,0.1079646017699115,0.03274336283185841,0.26902654867256637
0.5933333333333334,0.10888888888888888,0.03155555555555556,0.26622222222222225
0.5961113566062749,0.10693769332744145,0.032699955810870526,0.26425099425541315
0.5992923485183547,0.10437859354268023,0.03228659885006634,0.26404245908889873
0.5979921431689219,0.10781318201658664,0.03317328677433435,0.2610213880401571
0.5967314487632509,0.10777385159010601,0.03224381625441696,0.26325088339222613
0.5969026548672567,0.10707964601769912,0.03274336283185841,0.26327433628318586
0.5963302752293578,0.1052861511577108,0.0345128877238969,0.2638706858890345
0.5912280701754385,0.11052631578947368,0.033771929824561404,0.2644736842105263
0.596467991169978,0.10860927152317881,0.033554083885209716,0.26136865342163357
0.5974313551815766,0.1133746678476528,0.033215234720992026,0.25597874224977857
0.6005267778753293,0.11369622475856014,0.03204565408252853,0.2537313432835821
0.5989445910290238,0.11521547933157432,0.034740545294635,0.2510993843447669
0.5997386759581882,0.11193379790940766,0.03571428571428571,0.25261324041811845
0.5918907007492288,0.11546936976641692,0.03613926840017629,0.25650066108417807
0.5987708516242318,0.11237928007023705,0.035996488147497806,0.2528533801580334
0.5962297238053486,0.11266988163086365,0.03463393248575186,0.256466462078036
0.6019374724790841,0.11228533685601057,0.032144429766622636,0.2536327608982827
0.5966386554621849,0.11455108359133127,0.03538257408226449,0.25342768686421935
0.5965684117905852,0.11702595688517378,0.034755829300483945,0.25164980202375714
0.5978021978021978,0.11912087912087913,0.03208791208791209,0.250989010989011
0.5981432360742706,0.11671087533156499,0.03359858532272325,0.2515473032714412
0.6015866020273248,0.1123843102688409,0.036579991185544294,0.24944909651829
0.6071271447426309,0.1139463264408271,0.03739551253849538,0.24153101627804663
0.5991189427312775,0.11365638766519824,0.03524229074889868,0.25198237885462554
0.5981349911190054,0.11190053285968028,0.03685612788632327,0.2531083481349911
0.5985977212971078,0.11349693251533742,0.035056967572304996,0.2528483786152498
0.6012351124834583,0.11160123511248346,0.035288928098809,0.2518747243052492
0.6024572180781045,0.11803422553751645,0.035980693286529176,0.24352786309784993
0.6071428571428571,0.11473214285714285,0.039285714285714285,0.23883928571428573
0.6050308914386584,0.11694616063548102,0.03751103265666372,0.24051191526919682
0.6064773735581189,0.1188997338065661,0.03682342502218278,0.2377994676131322
0.6065207682000894,0.11389012952210809,0.03796337650736936,0.24162572577043323
0.6112091791703442,0.11076787290379524,0.03751103265666372,0.24051191526919682
0.6107174490699734,0.11558901682905226,0.0354295837023915,0.2382639503985828
0.617163183637172,0.11382836816362828,0.03601600711427301,0.23299244108492664
0.6224758560140474,0.11018437225636524,0.036435469710272166,0.2309043020193152
0.6249447147279965,0.11057054400707651,0.03759398496240601,0.226890756302521
0.6253869969040248,0.10880141530296329,0.04024767801857585,0.22556390977443608
0.6217525319242624,0.11140466754733598,0.041391457507705856,0.22545134302069572
0.6295644522657281,0.11262648482182139,0.04135503739551254,0.21645402551693796
0.632087912087912,0.11032967032967032,0.04043956043956044,0.21714285714285714
0.6347173144876325,0.10998233215547704,0.03975265017667844,0.21554770318021202
0.6357174589071524,0.11106175033318526,0.04042647712127943,0.21279431363838294
0.6352941176470588,0.11067538126361656,0.04226579520697168,0.21176470588235294
0.6379690949227373,0.10905077262693157,0.0423841059602649,0.21059602649006623
0.6360842844600527,0.10842844600526778,0.03906935908691835,0.21641791044776118
0.6445226572811262,0.10514738231412231,0.03827540695116586,0.21205455345358556
0.6442179884802836,0.10367744793974303,0.03677447939743022,0.2153300841825432
0.6467749012724879,0.10136024572180781,0.03817463799912242,0.21369021500658184
0.6469298245614035,0.10219298245614035,0.038157894736842106,0.21271929824561403
0.6534391534391535,0.10229276895943562,0.03835978835978836,0.20590828924162258
0.6516952884191985,0.10215763980625275,0.04095112285336856,0.2051959489211801
0.6547619047619048,0.10229276895943562,0.04056437389770723,0.20238095238095238
0.6576855123674912,0.09938162544169611,0.03975265017667844,0.20318021201413428
