R,A,S,N
0.0,0.0,1.0,0.0
0.0,0.0,1.0,0.0
0.0,0.0,0.5,0.5
0.0,0.0,0.6,0.4
0.0,0.2222222222222222,0.5555555555555556,0.2222222222222222
0.0,0.25,0.4166666666666667,0.3333333333333333
0.0,0.2777777777777778,0.3333333333333333,0.3888888888888889
0.043478260869565216,0.21739130434782608,0.2608695652173913,0.4782608695652174
0.05405405405405406,0.16216216216216217,0.16216216216216217,0.6216216216216216
0.05357142857142857,0.125,0.16071428571428573,0.6607142857142857
0.03409090909090909,0.125,0.13636363636363635,0.7045454545454546
0.02459016393442623,0.1557377049180328,0.09016393442622951,0.7295081967213115
0.025974025974025976,0.15584415584415584,0.07142857142857142,0.7467532467532467
0.033816425120772944,0.17391304347826086,0.057971014492753624,0.7342995169082126
0.0299625468164794,0.1760299625468165,0.0599250936329588,0.7340823970037453
0.024390243902439025,0.18902439024390244,0.04573170731707317,0.7408536585365854
0.029850746268656716,0.21144278606965175,0.04975124378109453,0.7089552238805971
0.028397565922920892,0.2028397565922921,0.04665314401622718,0.7221095334685599
0.03289473684210526,0.2138157894736842,0.039473684210526314,0.7138157894736842
0.03418803418803419,0.21937321937321938,0.038461538461538464,0.707977207977208
0.03519417475728155,0.21237864077669902,0.038834951456310676,0.7135922330097088
0.03571428571428571,0.21224489795918366,0.03979591836734694,0.7122448979591837
0.0492831541218638,0.2132616487455197,0.034050179211469536,0.703405017921147
0.05572998430141287,0.21585557299843014,0.03924646781789639,0.6891679748822606
0.06312056737588652,0.22411347517730495,0.03971631205673759,0.673049645390071
0.06810948440483769,0.22087842138765118,0.04010184595798854,0.6709102482495226
0.0701018573996405,0.22528460155781904,0.03654883163571001,0.6680647094068305
0.0713884204609331,0.22540753232152894,0.0387858347386172,0.6644182124789207
0.0737927292457949,0.22083559413998916,0.040151926207270754,0.6652197504069451
0.07394186639469659,0.2228454869964304,0.03671596124426313,0.6664966853646099
0.08071748878923767,0.22172396611858494,0.04185351270553064,0.6557050323866468
0.08430232558139535,0.2238372093023256,0.044573643410852716,0.6472868217054264
0.08903467666354264,0.2211808809746954,0.04451733833177132,0.6452671040299907
0.09065934065934066,0.21428571428571427,0.04624542124542125,0.6488095238095238
0.09814563545906829,0.21031207598371776,0.04296698326549073,0.6485753052917232
0.10013410818059902,0.20831470719713902,0.04067948144836835,0.6508717031738936
0.09833187006145742,0.21115013169446883,0.03994732221246708,0.6505706760316067
0.10053380782918149,0.2148576512455516,0.04092526690391459,0.6436832740213523
0.10300618921308577,0.21706454465075153,0.04155614500442087,0.6383731211317418
0.10742358078602621,0.2126637554585153,0.04061135371179039,0.6393013100436681
0.11307420494699646,0.21289752650176677,0.04151943462897526,0.6325088339222615
0.11809269162210338,0.21568627450980393,0.04233511586452763,0.6238859180035651
0.11076787290379524,0.21977052074139453,0.04457193292144748,0.6248896734333628
0.11289602855867917,0.2110664881749219,0.04462293618920125,0.6314145470771977
0.11629955947136564,0.21541850220264316,0.04229074889867841,0.6259911894273128
0.1206896551724138,0.21529619805481875,0.04111405835543767,0.6229000884173298
0.11910013233348037,0.22011468901632114,0.04058226731363035,0.6202029113365681
0.11918475852902083,0.21843154630039877,0.04209127159946832,0.6202924235711121
0.11885964912280701,0.2219298245614035,0.04254385964912281,0.6166666666666667
0.12190812720848057,0.22393992932862192,0.04151943462897526,0.6126325088339223
0.11975524475524475,0.22246503496503497,0.04414335664335664,0.6136363636363636
0.11959399823477493,0.21800529567519858,0.04633715798764342,0.6160635481023831
0.11912087912087913,0.2210989010989011,0.044395604395604395,0.6153846153846154
0.11653474054529464,0.22119613016710643,0.04617414248021108,0.6160949868073878
0.12062084257206208,0.2221729490022173,0.048337028824833705,0.6088691796008869
0.12747252747252746,0.22329670329670329,0.04835164835164835,0.6008791208791209
0.13037752414398596,0.21641791044776118,0.04960491659350307,0.6035996488147498
0.1303964757709251,0.20969162995594715,0.052422907488986786,0.607488986784141
0.13280562884784522,0.2088830255057168,0.051451187335092345,0.6068601583113457
0.13545816733067728,0.20717131474103587,0.053563523683045594,0.6038069942452412
0.13191677733510404,0.2107127047366091,0.05444887118193891,0.602921646746348
0.13681917211328976,0.20915032679738563,0.05185185185185185,0.6021786492374728
0.13989408649602825,0.2091791703442189,0.05207413945278023,0.5988526037069727
0.13918439716312056,0.21054964539007093,0.05053191489361702,0.5997340425531915
0.1484271156402304,0.21178555604785113,0.05095259193619849,0.58883473637572
0.1424778761061947,0.21460176991150443,0.05132743362831858,0.5915929203539823
0.14335971855760773,0.21416007036059806,0.04969217238346526,0.592788038698329
0.14298245614035088,0.21447368421052632,0.04912280701754386,0.593421052631579
0.14541387024608501,0.21297539149888142,0.04876957494407159,0.5928411633109619
0.14943032427695005,0.20902716914986855,0.04820333041191937,0.5933391761612621
0.1497563136907399,0.20558263181214,0.04652193176783341,0.5981391227292867
0.1461706783369803,0.20612691466083152,0.045951859956236324,0.6017505470459519
0.14273127753303966,0.21101321585903085,0.04933920704845815,0.5969162995594713
0.14691522414558367,0.20905459387483355,0.0492676431424767,0.5947625388371061
0.14929328621908128,0.21952296819787986,0.05167844522968198,0.5795053003533569
0.15408388520971303,0.21236203090507727,0.05121412803532009,0.5823399558498896
0.15551617190961453,0.21976074435090828,0.05095259193619849,0.5737704918032787
0.15344376634699217,0.2157802964254577,0.04751525719267655,0.5832606800348736
0.15777875716174528,0.21903922432789774,0.0502423975319524,0.5729396209784046
0.16593115622241836,0.22197705207413945,0.05207413945278023,0.5600176522506619
0.16782911944202267,0.2153443766346992,0.05274629468177855,0.5640802092414996
0.16490299823633156,0.2204585537918871,0.051587301587301584,0.5630511463844797
0.1680746998666074,0.223654957759004,0.050689195197865716,0.5575811471765229
0.16459627329192547,0.22271517302573204,0.04924578527062999,0.5634427684117125
0.17142857142857143,0.22241758241758242,0.04659340659340659,0.5595604395604395
0.1725043782837128,0.22548161120840632,0.0446584938704028,0.5573555166374781
0.17208077260755048,0.2221246707638279,0.04697102721685689,0.5588235294117647
0.17312775330396477,0.21894273127753303,0.04933920704845815,0.5585903083700441
0.1802990325417766,0.2185576077396658,0.047053649956024624,0.554089709762533
0.18085575650639613,0.2223202470224967,0.04719894133215704,0.5496250551389501
0.17797356828193833,0.22422907488986785,0.04757709251101322,0.5502202643171806
0.17828773168578993,0.22418358340688438,0.04854368932038835,0.5489849955869374
0.18263205013428827,0.21754700089525514,0.043419874664279316,0.5564010743061772
0.18533333333333332,0.21644444444444444,0.043111111111111114,0.5551111111111111
0.19546868058640604,0.21945801865837405,0.04264771212794314,0.5424255886272767
0.18858671422202408,0.22648238965670978,0.04458314757021846,0.5403477485510477
0.19361984935755427,0.2259636685866194,0.043420469649977846,0.5369960124058485
0.19346289752650175,0.22835689045936397,0.04372791519434629,0.534452296819788
0.19429590017825313,0.22459893048128343,0.04322638146167558,0.5378787878787878
0.19571865443425077,0.22804718217562253,0.041502839667977284,0.5347313237221494
0.2016092981671882,0.2248547161376844,0.04202056325435852,0.5315154224407689
0.19761799735333038,0.22981914424349362,0.044993383325981476,0.5275694750771945
0.19485130936529071,0.22902796271637815,0.04837993786063027,0.5277407900577008
0.19646017699115045,0.23185840707964603,0.04513274336283186,0.5265486725663717
0.1985068072024594,0.24286341677646026,0.04655248133509003,0.5120772946859904
0.20079260237780713,0.2408630559225011,0.047556142668428,0.5107881990312637
0.20352422907488987,0.23832599118942732,0.04713656387665198,0.5110132158590308
0.2016586643387167,0.23483195111305108,0.04975993016150153,0.5137494543867307
0.1986784140969163,0.23480176211453743,0.05066079295154185,0.5158590308370044
0.19672855879752432,0.23872679045092837,0.048187444739168875,0.5163572060123784
0.20159857904085257,0.23357015985790408,0.04884547069271759,0.5159857904085258
0.19527145359019266,0.23248686514886166,0.04816112084063047,0.5240805604203153
0.1988611476127902,0.23083661848445028,0.04949627682873412,0.5208059570740254
0.20264900662251656,0.2304635761589404,0.051655629139072845,0.5152317880794702
0.20763087843833186,0.23247559893522626,0.04924578527062999,0.5106477373558119
0.2044150110375276,0.2304635761589404,0.046357615894039736,0.5187637969094923
0.2088300220750552,0.2282560706401766,0.047240618101545256,0.515673289183223
0.21133567662565905,0.22495606326889278,0.048769771528998244,0.5149384885764499
0.22407732864674867,0.22539543057996486,0.048769771528998244,0.5017574692442882
0.2276923076923077,0.22373626373626374,0.047472527472527476,0.5010989010989011
0.23503325942350334,0.22926829268292684,0.04878048780487805,0.4869179600886918
0.22984942426926483,0.2240921169176262,0.048715677590788306,0.4973427812223206
0.23474801061007958,0.22679045092838196,0.04774535809018567,0.4907161803713528
0.24128804587560654,0.21835024261138067,0.044111160123511246,0.4962505513895015
0.24266666666666667,0.2248888888888889,0.04622222222222222,0.4862222222222222
0.24814976055724858,0.22072268175881585,0.0457117979973879,0.48541575968654765
0.25547765118317267,0.22085889570552147,0.044697633654688866,0.478965819456617
0.2610406646261478,0.22037603847835593,0.04634892872759073,0.47223436816790554
0.25696594427244585,0.22114108801415303,0.04599734630694383,0.4758956214064573
0.25583443416996915,0.22369000440334655,0.04667547335975341,0.47380008806693086
0.25623087013554874,0.22343681679055533,0.045911674682990816,0.4744206383909051
0.2529592284085927,0.22139412538360367,0.04603244191144235,0.47961420429636126
0.2550306211723535,0.2169728783902012,0.04505686789151356,0.48293963254593175
0.25930851063829785,0.2220744680851064,0.044326241134751775,0.47429078014184395
0.2601130926489778,0.22227055241409308,0.04349717268377556,0.4741191822531535
0.2578947368421053,0.21973684210526315,0.04429824561403509,0.4780701754385965
0.2604303908651735,0.22178304787000439,0.04479578392621871,0.47299077733860345
0.26433260393873087,0.2188183807439825,0.044201312910284465,0.4726477024070022
0.26096491228070173,0.22324561403508772,0.04517543859649123,0.4706140350877193
0.26993865030674846,0.22129710780017528,0.04820333041191937,0.46056091148115685
0.26887417218543047,0.2194260485651214,0.04812362030905077,0.46357615894039733
0.2645273200346921,0.22376409366869038,0.04856895056374675,0.46313963573287076
0.2707501109631602,0.21438082556591212,0.04660452729693742,0.4682645361739902
0.27123893805309734,0.22123893805309736,0.047345132743362835,0.46017699115044247
0.26799116997792494,0.2194260485651214,0.046799116997792496,0.46578366445916114
0.27680140597539543,0.2218804920913884,0.04745166959578207,0.4538664323374341
0.28029969149405026,0.23005729396209784,0.043190832966064345,0.4464521815777876
0.27873183619550856,0.23293703214442976,0.04447380008806693,0.4438573315719947
0.2778264680105171,0.22787028921998248,0.04119193689745837,0.45311130587204207
0.27912087912087913,0.2254945054945055,0.04351648351648352,0.45186813186813185
0.27912087912087913,0.22593406593406593,0.043076923076923075,0.45186813186813185
0.2757562472599737,0.2253397632617273,0.04340201665935993,0.45550197281893906
0.27677390921110623,0.22520934332304982,0.04363155575143235,0.45438519171441166
0.2801047120418848,0.22207678883071552,0.04493891797556719,0.45287958115183247
0.2929203539823009,0.21415929203539824,0.04469026548672567,0.4482300884955752
0.29521276595744683,0.21365248226950354,0.043882978723404256,0.44725177304964536
0.29995608256477824,0.20948616600790515,0.04567413263065437,0.4448836187966623
0.29736959429335713,0.20686580472581365,0.04458314757021846,0.4511814534106108
0.29871851524524967,0.2129916040653999,0.04330534688466637,0.44498453380468406
0.29863255403617117,0.21085134539038378,0.04719894133215704,0.44331715924128806
0.3059239610963749,0.20468611847922194,0.04907161803713528,0.4403183023872679
0.3026315789473684,0.20701754385964913,0.04824561403508772,0.4421052631578947
0.3021108179419525,0.21416007036059806,0.04925241864555849,0.43447669305189096
0.30930537352555704,0.21144604630843164,0.04674530362603757,0.4325032765399738
0.3098281181137065,0.2124283825473777,0.048920229175848394,0.4288232701630674
0.311353711790393,0.21397379912663755,0.048034934497816595,0.42663755458515285
0.3170194003527337,0.21869488536155202,0.047619047619047616,0.4166666666666667
0.32169686257180735,0.21652673442333187,0.047724259832081305,0.4140521431727795
0.3277533039647577,0.21629955947136564,0.044933920704845816,0.41101321585903083
0.3277606687197536,0.21557413110426749,0.044434667839859214,0.41223053233611967
0.3349429323968393,0.21027216856892011,0.043459174714661986,0.4113257243195786
0.333184855233853,0.21425389755011137,0.044097995545657014,0.4084632516703786
0.33406981882456915,0.2191780821917808,0.04418912947414936,0.40256296950950066
0.3419326628771316,0.2160034980323568,0.04416265850459117,0.39790118058592044
0.34444444444444444,0.21511111111111111,0.04488888888888889,0.39555555555555555
0.33951434878587194,0.21589403973509932,0.04415011037527594,0.40044150110375276
0.3365553602811951,0.21704745166959577,0.04569420035149385,0.4007029876977153
0.33495145631067963,0.21844660194174756,0.04677846425419241,0.39982347749338043
0.3368421052631579,0.21754385964912282,0.04649122807017544,0.3991228070175439
0.3438735177865613,0.21519543258673693,0.04479578392621871,0.3961352657004831
0.3422340898976413,0.2140631953716066,0.046283934134401426,0.39741878059635066
0.3407079646017699,0.21017699115044247,0.048230088495575224,0.4008849557522124
0.3394656154183092,0.2137538326763031,0.051248357424441525,0.3955321944809461
0.33958151700087186,0.21621621621621623,0.04969485614646905,0.3945074106364429
0.33948988566402816,0.21503957783641162,0.048812664907651716,0.3966578715919085
0.33698030634573306,0.2188183807439825,0.05164113785557987,0.3925601750547046
0.3330380868024801,0.22099202834366696,0.050487156775907885,0.3954827280779451
0.33362560280578696,0.21876370013152127,0.0526085050416484,0.3950021920210434
0.3367122080211547,0.21903922432789774,0.05376817981489643,0.3904803878360511
0.3295553618134263,0.22188317349607672,0.05405405405405406,0.3945074106364429
0.33230904302019315,0.21949078138718173,0.05443371378402107,0.39376646180860403
0.3398864132809087,0.22324159021406728,0.05286151157710791,0.3840104849279161
0.34114007954043307,0.22271321254971277,0.05567830313742819,0.380468404772426
0.34346103038309117,0.22589167767503301,0.05636283575517393,0.3742844561867019
0.3412280701754386,0.22894736842105262,0.05482456140350877,0.375
0.35092348284960423,0.2260334212840809,0.054969217238346524,0.36807387862796836
0.3537117903930131,0.22183406113537119,0.05152838427947598,0.37292576419213974
0.3488372093023256,0.21895568231680562,0.055287406757349715,0.37691970162351907
0.35621934908604547,0.21444493981275078,0.05751226036558181,0.37182345073562195
0.35563380281690143,0.20950704225352113,0.05193661971830986,0.3829225352112676
0.35034602076124566,0.20674740484429066,0.05406574394463668,0.388840830449827
0.3513986013986014,0.20192307692307693,0.05332167832167832,0.39335664335664333
0.3490440195642508,0.20675855935971543,0.053357047576700754,0.39084037349933304
0.3471731448763251,0.2058303886925795,0.054770318021201414,0.392226148409894
0.35213750550903483,0.20361392684001764,0.052886734244160426,0.39136183340678715
0.35651408450704225,0.20598591549295775,0.05193661971830986,0.3855633802816901
0.3582485625829279,0.20168067226890757,0.0513047324192835,0.38876603272888105
0.3596646072374228,0.2030008826125331,0.050750220653133275,0.38658428949691087
0.3628747795414462,0.20458553791887124,0.047619047619047616,0.38492063492063494
0.36146707909854175,0.20592134334953602,0.04507291206363235,0.38753866548828986
0.37136563876651985,0.1986784140969163,0.04581497797356828,0.3841409691629956
0.37741652021089633,0.19420035149384884,0.04657293497363796,0.38181019332161686
0.37082601054481545,0.20210896309314588,0.048769771528998244,0.37829525483304044
0.3783545974483062,0.20281566212054553,0.04663440387153542,0.37219533655961284
0.3835920177383592,0.1942350332594235,0.04700665188470066,0.37516629711751664
0.3844804910127137,0.1981587023235423,0.044278825076720735,0.3730819815870232
0.3873395307658256,0.1952191235059761,0.04249667994687915,0.3749446657813192
0.38636363636363635,0.19607843137254902,0.04367201426024955,0.3738859180035651
0.37570991699432066,0.20270860637833116,0.04325032765399738,0.3783311489733508
0.38708260105448156,0.20650263620386644,0.04130052724077329,0.36511423550087874
0.3830071174377224,0.2090747330960854,0.041370106761565835,0.3665480427046263
0.3858407079646018,0.20530973451327433,0.04292035398230089,0.365929203539823
0.37847375385972654,0.20776356418173797,0.044993383325981476,0.36876929863255403
0.3786279683377309,0.21284080914687775,0.04397537379067722,0.36455584872471414
0.38556883576803896,0.20849933598937584,0.0451527224435591,0.3607791057990261
0.3850877192982456,0.21271929824561403,0.043859649122807015,0.35833333333333334
0.3862928348909657,0.2136181575433912,0.044058744993324434,0.3560302625723186
0.37822222222222224,0.21822222222222223,0.044,0.3595555555555556
0.37740805604203154,0.22154115586690018,0.043782837127845885,0.3572679509632224
0.3770419426048565,0.22030905077262694,0.046799116997792496,0.3558498896247241
0.38016896398399286,0.22009782125389063,0.04535349044019564,0.35437972432192083
0.383289124668435,0.22236958443854996,0.04597701149425287,0.34836427939876213
0.3867673179396092,0.21891651865008882,0.04262877442273535,0.35168738898756663
0.38916037316748114,0.21634828964904487,0.03909373611728121,0.3553976010661928
0.3909010600706714,0.22217314487632508,0.03975265017667844,0.3471731448763251
0.3986842105263158,0.21842105263157896,0.035526315789473684,0.3473684210526316
0.3921998247151621,0.22348816827344434,0.03593339176161262,0.3483786152497809
0.3962014134275618,0.21731448763250882,0.0357773851590106,0.3507067137809187
0.39848619768477295,0.22217275155832591,0.0365093499554764,0.3428317008014248
0.3953283384750992,0.22036139268400176,0.036579991185544294,0.3477302776553548
0.3970266724967206,0.2229995627459554,0.036292085701792744,0.34368167905553126
0.40336134453781514,0.22025652366209642,0.0367094206103494,0.3396727111897391
0.4049187527448397,0.21651295564339043,0.039964866051822576,0.3386034255599473
0.40113985094256904,0.22621657167908812,0.0398947829899167,0.33274879438842614
0.4084507042253521,0.2227112676056338,0.037852112676056336,0.33098591549295775
0.4051418439716312,0.22163120567375885,0.038120567375886524,0.3351063829787234
0.4027288732394366,0.22007042253521128,0.035651408450704226,0.3415492957746479
0.4053815615350684,0.21702690780767533,0.0388178209086899,0.3387737097485664
0.4102451838879159,0.21234676007005254,0.03765323992994746,0.3397548161120841
0.41692375495813133,0.21375055090348172,0.038342882327016305,0.3309828118113706
0.42001787310098304,0.21849865951742628,0.03708668453976765,0.32439678284182305
0.42028985507246375,0.21739130434782608,0.039525691699604744,0.3227931488801054
0.4177270732777534,0.22378236068451074,0.04168494953927161,0.3168056164984642
0.42105263157894735,0.22202565236620964,0.04467049977885891,0.31225121627598407
0.42566371681415927,0.2172566371681416,0.046902654867256637,0.3101769911504425
0.42636001769128706,0.2184873949579832,0.04820875718708536,0.3069438301636444
0.4273913043478261,0.21565217391304348,0.049130434782608694,0.30782608695652175
0.4290795909293019,0.21787461093819474,0.050689195197865716,0.3023566029346376
0.4284456186701893,0.2162043152796125,0.05151915455746367,0.3038309114927345
0.42762284196547146,0.21469676848162905,0.05312084993359894,0.3045595396193006
0.43013100436681223,0.21397379912663755,0.05152838427947598,0.30436681222707423
0.4302171023482499,0.21798848028356224,0.04918032786885246,0.3026140894993354
0.424390243902439,0.2212860310421286,0.048337028824833705,0.30598669623059865
0.4298941798941799,0.2138447971781305,0.04894179894179894,0.3073192239858907
0.4423076923076923,0.21066433566433568,0.05201048951048951,0.2950174825174825
0.4415527128363476,0.211733568592854,0.050727834142037936,0.2959858844287605
0.44063324538258575,0.2088830255057168,0.051011433597185574,0.2994722955145119
0.4387439186200796,0.21450685537372843,0.05307386112339673,0.2936753648827952
0.4426807760141093,0.21031746031746032,0.05026455026455026,0.2967372134038801
0.4518257809062912,0.2023757149142103,0.04927408710954685,0.2965244170699516
0.44962604487461505,0.20061592608886933,0.049714034315882095,0.30004399472063353
0.44415243101182655,0.20324134910205868,0.05081033727551467,0.3017958826106001
0.45210896309314585,0.2016695957820738,0.048330404217926184,0.29789103690685415
0.4559082892416226,0.19400352733686066,0.050705467372134036,0.2993827160493827
0.4517408550022036,0.19259585720581754,0.048920229175848394,0.30674305861613044
0.4531388152077807,0.1918656056587091,0.050397877984084884,0.3045977011494253
0.45611702127659576,0.19237588652482268,0.047872340425531915,0.30363475177304966
0.46760687527545175,0.1877479065667695,0.04759806081974438,0.2970471573380344
0.46503496503496505,0.18706293706293706,0.0472027972027972,0.3006993006993007
0.46419098143236076,0.1839080459770115,0.04553492484526967,0.3063660477453581
0.46690203000882613,0.17828773168578993,0.04810238305383936,0.3067078552515446
0.4637554585152838,0.1812227074235808,0.04890829694323144,0.30611353711790396
0.4634038800705467,0.17768959435626103,0.047619047619047616,0.31128747795414463
0.46191319751992915,0.18644818423383525,0.046944198405668734,0.3046944198405669
0.464943032427695,0.18448729184925505,0.04732690622261174,0.3032427695004382
0.4579480405107882,0.18538088947600176,0.0479964773227653,0.3086745926904447
0.45346795434591747,0.18481123792800702,0.05179982440737489,0.3099209833187006
0.4535495179666959,0.18448729184925505,0.04995617879053462,0.31200701139351444
0.45603907637655416,0.18516873889875665,0.05106571936056838,0.3077264653641208
0.45057369814651366,0.1822594880847308,0.050750220653133275,0.31641659311562226
0.45172564438619484,0.18567059851463522,0.05067715159458279,0.3119266055045872
0.45563976816763263,0.1903700401248328,0.049487293802942485,0.30450289790459206
0.45478374836173,0.19003931847968544,0.04674530362603757,0.308431629532547
0.45961369622475856,0.18481123792800702,0.048287971905179985,0.30728709394205445
0.4523281596452328,0.18758314855875832,0.04878048780487805,0.3113082039911308
0.44962604487461505,0.18873735151781787,0.05015398152221733,0.31148262208534977
0.45076586433260396,0.19431072210065645,0.04989059080962801,0.3050328227571116
0.4467805519053876,0.19185282522996058,0.04774419623302672,0.31362242663162504
0.4490965182899956,0.19479947113265755,0.04847950639048039,0.3076245041868665
0.45502879929109435,0.19361984935755427,0.04962339388568897,0.3017279574656624
0.4600694444444444,0.19401041666666666,0.04861111111111111,0.2973090277777778
0.4583883751651255,0.1919859092910612,0.04711580801409071,0.30250990752972257
0.45936395759717313,0.196113074204947,0.045936395759717315,0.29858657243816256
0.45754509458864934,0.19621645402551693,0.0475142982842059,0.2987241531016278
0.45390383767093073,0.1980591089545655,0.04675782973092192,0.30127922364358184
0.460788657509969,0.1945059813912273,0.047408063801506424,0.2972972972972973
0.46309314586994726,0.19639718804920914,0.048330404217926184,0.29217926186291737
0.4667547335975341,0.19374724790841039,0.04491413474240423,0.29458388375165123
0.47659010600706714,0.19213780918727916,0.04549469964664311,0.2857773851590106
0.473914949583516,0.19158263919333626,0.04910127137220517,0.28540113985094256
0.4724168126094571,0.18957968476357268,0.05122591943957969,0.28677758318739055
0.4768416409351566,0.1835024261138068,0.048963387737097484,0.2906925452139391
0.4747696358051777,0.1834137779727951,0.05309346204475647,0.28872312417727075
0.46813186813186813,0.18373626373626373,0.05318681318681319,0.29494505494505496
0.47007042253521125,0.17825704225352113,0.05457746478873239,0.2970950704225352
0.4674634794156706,0.1828242585214697,0.05754758742806552,0.2921646746347942
0.46716615249008375,0.1767298369325694,0.059497576024680476,0.2966064345526664
0.4754170324846356,0.16900790166812993,0.05926251097453907,0.29631255487269537
0.47146619841966636,0.17032484635645304,0.0601404741000878,0.2980684811237928
0.4756637168141593,0.16460176991150444,0.061061946902654866,0.29867256637168144
0.48151408450704225,0.1641725352112676,0.061179577464788734,0.29313380281690143
0.47363757199822776,0.16880815241470978,0.06380150642445724,0.29375276916260523
0.46892904363155574,0.16791538122520935,0.0639048038783605,0.29925077126487437
0.4731750219876869,0.16886543535620052,0.059366754617414245,0.2985927880386983
0.4728406055209261,0.170080142475512,0.058771148708815675,0.2983081032947462
0.4682080924855491,0.17029791018230325,0.061805246776345045,0.2996887505558026
0.4663167104111986,0.16972878390201224,0.05993000874890639,0.30402449693788275
0.4682926829268293,0.16496674057649668,0.06075388026607539,0.30598669623059865
0.461369622475856,0.16769095697980685,0.05970149253731343,0.3112379280070237
0.4626271561256081,0.17249004865103937,0.05749668288367979,0.3073861123396727
0.45677361853832443,0.17914438502673796,0.05614973262032086,0.30793226381461675
0.4616740088105727,0.17753303964757708,0.055947136563876655,0.3048458149779736
0.4595540008745081,0.17796239615216441,0.057717533887188456,0.30476606908613907
0.4555160142348754,0.18149466192170818,0.05827402135231317,0.3047153024911032
0.4577246569278442,0.18415227976980966,0.05754758742806552,0.30057547587428063
0.46593406593406594,0.1810989010989011,0.053626373626373625,0.29934065934065934
0.4653421633554084,0.17880794701986755,0.052980132450331126,0.30286975717439296
0.4604221635883905,0.18249780123131046,0.055408970976253295,0.3016710642040457
0.46214442013129103,0.18161925601750548,0.05601750547045952,0.300218818380744
0.46052051168945746,0.1768857520952801,0.061314512571680635,0.30127922364358184
0.46044444444444443,0.17866666666666667,0.058222222222222224,0.30266666666666664
0.46660808435852374,0.18101933216168717,0.05536028119507909,0.29701230228471004
0.46846052051168946,0.17776797529775032,0.056021173356859286,0.29775033083370095
0.47103051747014596,0.17470145953118088,0.05395842547545334,0.30030959752321984
0.47458369851007887,0.17134092900964065,0.054776511831726556,0.2992988606485539
0.4711071901191001,0.17556241729157476,0.0564622849580944,0.2968681076312307
0.47747349823321555,0.16784452296819788,0.05697879858657244,0.29770318021201414
0.47577092511013214,0.17136563876651983,0.057709251101321586,0.29515418502202645
0.4788918205804749,0.1644678979771328,0.059366754617414245,0.297273526824978
0.48350197976242854,0.1583809942806863,0.05807303123625165,0.30004399472063353
0.48029772329246934,0.16549912434325745,0.05823117338003503,0.29597197898423816
0.48222904782799475,0.16761737604212373,0.055287406757349715,0.2948661693725318
0.4859278803869833,0.16226912928759896,0.05452946350043975,0.297273526824978
0.49258289703315883,0.16099476439790575,0.053228621291448515,0.2931937172774869
0.48939929328621906,0.15901060070671377,0.05123674911660778,0.3003533568904594
0.49398127507802053,0.15559518502006242,0.05082478823004904,0.29959875167186806
0.5,0.15476190476190477,0.04805996472663139,0.29717813051146386
0.5041502839667977,0.1511577107907383,0.047182175622542594,0.29750982961992134
0.4986888111888112,0.1520979020979021,0.0472027972027972,0.30201048951048953
0.5035335689045937,0.1497349823321555,0.04902826855123675,0.29770318021201414
0.5043859649122807,0.15175438596491228,0.04780701754385965,0.29605263157894735
0.5008984725965858,0.16082659478885894,0.04537286612758311,0.29290206648697215
0.4977973568281938,0.15991189427312774,0.04889867841409692,0.2933920704845815
0.5035242290748899,0.1590308370044053,0.04889867841409692,0.28854625550660795
0.5032794053344993,0.1604722343681679,0.04722343681679055,0.2890249234805422
0.4962138084632517,0.16169265033407573,0.051670378619153676,0.2904231625835189
0.5017590149516271,0.16182937554969218,0.048812664907651716,0.287598944591029
0.5040071237756011,0.15761353517364202,0.04942119323241318,0.2889581478183437
0.5085041430440471,0.15351068469254253,0.05058874836458788,0.28739642389882253
0.5167844522968198,0.15459363957597172,0.04726148409893993,0.28136042402826855
0.515631880228974,0.15059445178335534,0.04227212681638045,0.2915015411712902
0.5139195757843571,0.14980114891736632,0.04242156429518339,0.2938577110030932
0.5161290322580645,0.14714980114891738,0.04242156429518339,0.29429960229783475
0.5243794326241135,0.14317375886524822,0.0398936170212766,0.2925531914893617
0.5338345864661654,0.13401149933657674,0.042459088898717384,0.28969482529854046
0.5247131509267432,0.13680494263018536,0.04501323918799647,0.29346866725507503
0.519205298013245,0.14260485651214128,0.046357615894039736,0.291832229580574
0.5161862527716187,0.14146341463414633,0.04789356984478936,0.29445676274944566
0.5168888888888888,0.14177777777777778,0.044444444444444446,0.29688888888888887
0.5207597173144877,0.13825088339222616,0.04151943462897526,0.299469964664311
0.5181143605412484,0.13705805325185508,0.04277608031427324,0.3020515058926233
0.5158590308370044,0.13964757709251102,0.042731277533039645,0.30176211453744495
0.519222271321255,0.13610251878038002,0.04286345558992488,0.30181175430844015
0.5217965653896962,0.13826508146191105,0.04271246147071774,0.29722589167767505
0.511504424778761,0.14380530973451328,0.04380530973451328,0.3008849557522124
0.5095174856131032,0.14121292607348385,0.045595396193005754,0.30367419212040725
0.5105263157894737,0.14605263157894738,0.042105263157894736,0.3013157894736842
0.506631299734748,0.14367816091954022,0.042440318302387266,0.3072502210433245
0.5107409031126698,0.1429197720298115,0.04164839982463832,0.3046909250328803
0.5086092715231788,0.14083885209713023,0.0423841059602649,0.30816777041942606
0.5061946902654867,0.1415929203539823,0.04115044247787611,0.3110619469026549
0.5108072342302603,0.13630348478164975,0.0388178209086899,0.31407146007940007
0.5177553704515563,0.13415168785620343,0.04077159140727751,0.3073213502849627
0.5159433126660762,0.13773250664304695,0.04162976085031001,0.3046944198405669
0.5178178618565772,0.13770347558293006,0.046194456665200175,0.2982842058952926
0.5168738898756661,0.1460923623445826,0.05017761989342807,0.28685612788632325
0.5178890876565295,0.1426654740608229,0.04830053667262969,0.2911449016100179
0.512955643390426,0.14712340799297322,0.049187527448397016,0.2907334211682038
0.5167548500881834,0.1472663139329806,0.04938271604938271,0.2865961199294533
0.5166959578207382,0.14323374340949033,0.04964850615114236,0.29042179261862916
0.5067774376912987,0.14779186707477043,0.04634892872759073,0.29908176650634016
0.520243796255986,0.14627775359164127,0.0457117979973879,0.28776665215498476
0.5253639170710189,0.14424349360388178,0.0458756065284517,0.28451698279664756
0.5294635004397538,0.1437994722955145,0.044854881266490766,0.28188214599824096
0.5264783759929391,0.1496028243601059,0.043689320388349516,0.2802294792586055
0.5289438798055678,0.14891736632788333,0.043747238179407864,0.278391515687141
0.5301363836339639,0.1482622085349758,0.044434667839859214,0.27716673999120106
0.5308641975308642,0.1472663139329806,0.04144620811287478,0.2804232804232804
0.5326811916407292,0.15251222765673633,0.04090706980880391,0.27389951089373055
0.5373398144056563,0.14980114891736632,0.039770216526734424,0.27308882015024305
0.5333041191936897,0.15337423312883436,0.043382997370727434,0.26993865030674846
0.5348939929328622,0.15503533568904593,0.04063604240282685,0.26943462897526504
0.5370370370370371,0.15608465608465608,0.03968253968253968,0.2671957671957672
0.5422689443714411,0.15024091108190976,0.04292597459483136,0.2645641699518178
0.5355871886120996,0.15658362989323843,0.0400355871886121,0.2677935943060498
0.5315512708150745,0.15819456617002628,0.03768624014022787,0.27256792287467135
0.5223155103844455,0.1590808661069377,0.040653999116217414,0.27794962439239945
0.5191883546537274,0.15659461843846492,0.038376709307454786,0.2858403176003529
0.5204081632653061,0.15661047027506655,0.0385980479148181,0.28438331854480925
0.5222816399286988,0.1586452762923351,0.040106951871657755,0.2789661319073084
0.5133245958934032,0.15945827872433377,0.04193971166448231,0.2852774137177807
0.5170580416482056,0.15241470979175897,0.043863535666814356,0.28666371289322107
0.5186832740213523,0.14813167259786478,0.0449288256227758,0.28825622775800713
0.518338488731772,0.15112682280159082,0.04507291206363235,0.28546177640300485
0.5145502645502645,0.15299823633156967,0.045414462081128745,0.28703703703703703
0.5148861646234676,0.1532399299474606,0.044220665499124345,0.28765323992994746
0.5075555555555555,0.15866666666666668,0.04488888888888889,0.28888888888888886
0.5064074237737517,0.1520106053910738,0.0481661511268228,0.29341581970835173
0.5172566371681416,0.14557522123893804,0.04911504424778761,0.28805309734513274
0.5153508771929824,0.14517543859649124,0.05131578947368421,0.2881578947368421
0.5141218005295676,0.14474845542806708,0.05119152691968226,0.28993821712268314
0.5144124168514412,0.14855875831485588,0.04878048780487805,0.28824833702882485
0.5173179396092362,0.14342806394316163,0.05017761989342807,0.28907637655417406
0.5202643171806167,0.14977973568281938,0.05110132158590308,0.2788546255506608
0.5180616740088105,0.14537444933920704,0.052422907488986786,0.2841409691629956
0.5200883002207506,0.14083885209713023,0.05121412803532009,0.2878587196467991
0.5363397548161121,0.14054290718038528,0.04816112084063047,0.27495621716287216
0.536045997346307,0.14108801415302963,0.04599734630694383,0.2768686421937196
0.5377894276976846,0.14285714285714285,0.04456094364351245,0.2747924858016601
0.5359189070074923,0.1388276773909211,0.045835169678272364,0.2794182459233142
0.5321222862206468,0.13956579530350022,0.047851129818342934,0.28046078865750995
0.5322509872751207,0.14348398420359806,0.046072838964458095,0.2781921895568232
0.5275938189845475,0.14481236203090508,0.04415011037527594,0.28344370860927154
0.5269672855879752,0.14058355437665782,0.046419098143236075,0.28603006189213087
0.5307114449845338,0.1391957578435705,0.04904993371630579,0.28104286345558993
0.5290208241027913,0.13469206911829862,0.05183872396987151,0.28444838280903856
0.5238726790450928,0.13262599469496023,0.050397877984084884,0.29310344827586204
0.5236620964175144,0.13224237063246352,0.048651039363113664,0.29544449358690844
0.527032967032967,0.13230769230769232,0.045714285714285714,0.29494505494505496
0.5209528010586678,0.1340979267754742,0.04764005293339215,0.29730921923246584
0.5247698377904428,0.13897413415168786,0.04910127137220517,0.2871547566856642
0.5263620386643234,0.140597539543058,0.04569420035149385,0.28734622144112476
0.5230566534914362,0.14361001317523056,0.0461133069828722,0.2872200263504611
0.5270567531896172,0.14254289485261767,0.05015398152221733,0.28024637043554773
0.5283595113438045,0.1400523560209424,0.0506108202443281,0.28097731239092494
0.5329236172080772,0.1431079894644425,0.04784899034240562,0.27611940298507465
0.5332152347209921,0.14526129317980513,0.04162976085031001,0.27989371124889284
0.5328371278458844,0.14535901926444833,0.043345008756567424,0.27845884413309985
0.5294117647058824,0.14639540026536932,0.04467049977885891,0.27952233524988945
0.5227670753064798,0.15192644483362522,0.04509632224168126,0.28021015761821366
0.5177242888402626,0.14923413566739607,0.04770240700218818,0.28533916849015317
0.5167106420404574,0.14028144239226034,0.056288478452066845,0.28671943711521547
0.5166889185580774,0.14152202937249667,0.0529595015576324,0.2888295505117935
0.5117620949844651,0.15224145583666224,0.05193075898801598,0.28406569019085665
0.5168342807170966,0.14910362920857018,0.05159597726278968,0.2824661128115435
0.5205661211853162,0.14816452896948254,0.05218929677134011,0.27908005307386113
0.5167106420404574,0.14907651715039577,0.05364995602462621,0.2805628847845207
0.5142481367821131,0.15124945199473916,0.050416483998246386,0.28408592722490134
0.5161854768153981,0.15179352580927383,0.05074365704286964,0.28127734033245844
0.5163139329805997,0.15828924162257496,0.046296296296296294,0.2791005291005291
0.5202086049543677,0.15471534115601912,0.04519774011299435,0.27987831377661887
0.5262008733624454,0.15676855895196506,0.042358078602620086,0.27467248908296943
0.5275451740855002,0.15954164830321726,0.041427941824592335,0.27148523578669015
0.5307930881701374,0.1590607000443066,0.03987594151528578,0.2702702702702703
0.5251861585632939,0.15768725361366623,0.039859833552343404,0.27726675427069647
0.5325077399380805,0.15745245466607696,0.038920831490490936,0.2711189739053516
0.5330415754923413,0.15448577680525163,0.038074398249452954,0.27439824945295405
0.532150776053215,0.15388026607538802,0.03636363636363636,0.2776053215077605
0.5280849181777975,0.15524104378593542,0.0367094206103494,0.2799646174259177
0.5287912087912088,0.15736263736263736,0.03604395604395604,0.2778021978021978
0.5234546251644016,0.15738711091626478,0.04077159140727751,0.2783866725120561
0.5245829675153644,0.16066725197541704,0.041264266900790166,0.27348551360842843
0.5141592920353982,0.15265486725663716,0.04601769911504425,0.28716814159292037
0.5165125495376486,0.15103478643769264,0.0488771466314399,0.28357551739321885
0.5113438045375218,0.15357766143106458,0.0506108202443281,0.2844677137870855
0.5094174332019273,0.15067893123083662,0.05037231712658782,0.2895313184406483
0.5135254988913526,0.1516629711751663,0.05055432372505543,0.2842572062084257
0.509581881533101,0.15069686411149827,0.05444250871080139,0.2852787456445993
0.509090909090909,0.14811529933481152,0.054988913525498895,0.28780487804878047
0.5035492457852706,0.14729370008873113,0.05323868677905945,0.29591836734693877
0.5101769911504425,0.15132743362831858,0.04911504424778761,0.28938053097345134
0.49956140350877193,0.1570175438596491,0.04824561403508772,0.2951754385964912
0.5004363001745201,0.15837696335078533,0.04842931937172775,0.2927574171029668
0.5041684949539271,0.153576129881527,0.04914436156208864,0.2931110136024572
0.5092756183745583,0.1603356890459364,0.04991166077738516,0.28047703180212014
0.5063904803878361,0.15689731159100925,0.04847950639048039,0.2882327016306743
0.5034782608695653,0.15347826086956523,0.049565217391304345,0.29347826086956524
0.5043706293706294,0.1555944055944056,0.05332167832167832,0.2867132867132867
0.50199203187251,0.1553784860557769,0.05223550243470562,0.2903939796370075
0.5035242290748899,0.15506607929515417,0.05066079295154185,0.2907488986784141
0.506140350877193,0.156140350877193,0.05350877192982456,0.28421052631578947
0.5074758135444152,0.1534740545294635,0.0505716798592788,0.2884784520668426
0.510356985456148,0.15337152930806522,0.04759806081974438,0.2886734244160423
0.5039335664335665,0.1547202797202797,0.04501748251748252,0.29632867132867136
0.5024325519681557,0.15745245466607696,0.04157452454666077,0.29854046881910656
0.5079928952042628,0.1558614564831261,0.03952042628774423,0.2966252220248668
0.504428697962799,0.15766164747564215,0.04162976085031001,0.2962798937112489
0.507908611599297,0.15509666080843584,0.04305799648506151,0.29393673110720564
0.5048500881834215,0.15696649029982362,0.04365079365079365,0.2945326278659612
0.5026385224274407,0.1565523306948109,0.04573438874230431,0.29507475813544415
0.5006605019815059,0.15808014090708938,0.04667547335975341,0.29458388375165123
0.5056967572304996,0.15644171779141106,0.04688869412795793,0.2909728308501315
0.5107692307692308,0.15472527472527473,0.044395604395604395,0.29010989010989013
