R,A,S,N
0.0,0.0,0.0,1.0
0.0,1.0,0.0,0.0
0.5,0.5,0.0,0.0
0.6666666666666666,0.3333333333333333,0.0,0.0
0.6666666666666666,0.3333333333333333,0.0,0.0
0.5,0.25,0.25,0.0
0.5,0.16666666666666666,0.16666666666666666,0.16666666666666666
0.6666666666666666,0.2222222222222222,0.1111111111111111,0.0
0.6363636363636364,0.2727272727272727,0.09090909090909091,0.0
0.6153846153846154,0.3076923076923077,0.07692307692307693,0.0
0.5882352941176471,0.35294117647058826,0.058823529411764705,0.0
0.6842105263157895,0.3157894736842105,0.0,0.0
0.7619047619047619,0.23809523809523808,0.0,0.0
0.8125,0.15625,0.03125,0.0
0.8484848484848485,0.09090909090909091,0.06060606060606061,0.0
0.875,0.1,0.0,0.025
0.8444444444444444,0.08888888888888889,0.0,0.06666666666666667
0.8524590163934426,0.08196721311475409,0.01639344262295082,0.04918032786885246
0.8533333333333334,0.06666666666666667,0.02666666666666667,0.05333333333333334
0.8620689655172413,0.05747126436781609,0.011494252873563218,0.06896551724137931
0.8846153846153846,0.04807692307692308,0.009615384615384616,0.057692307692307696
0.8706896551724138,0.0603448275862069,0.008620689655172414,0.0603448275862069
0.8920863309352518,0.05755395683453238,0.007194244604316547,0.04316546762589928
0.8773006134969326,0.06134969325153374,0.006134969325153374,0.05521472392638037
0.8911917098445595,0.04145077720207254,0.0051813471502590676,0.06217616580310881
0.9,0.03333333333333333,0.004761904761904762,0.06190476190476191
0.904,0.024,0.004,0.068
0.9148936170212766,0.01773049645390071,0.0070921985815602835,0.06028368794326241
0.9177215189873418,0.015822784810126583,0.006329113924050633,0.060126582278481014
0.9246376811594202,0.020289855072463767,0.005797101449275362,0.04927536231884058
0.9293193717277487,0.015706806282722512,0.013089005235602094,0.041884816753926704
0.9316037735849056,0.01650943396226415,0.014150943396226415,0.03773584905660377
0.929637526652452,0.014925373134328358,0.014925373134328358,0.04051172707889126
0.9343629343629344,0.017374517374517374,0.013513513513513514,0.03474903474903475
0.9370629370629371,0.017482517482517484,0.013986013986013986,0.03146853146853147
0.9350237717908082,0.01584786053882726,0.014263074484944533,0.03486529318541997
0.9418439716312057,0.018439716312056736,0.014184397163120567,0.02553191489361702
0.9353169469598965,0.019404915912031046,0.02069857697283312,0.02457956015523933
0.9342891278375149,0.02031063321385902,0.019115890083632018,0.026284348864994027
0.9302832244008714,0.018518518518518517,0.02178649237472767,0.029411764705882353
0.9266331658291457,0.020100502512562814,0.024120603015075376,0.02914572864321608
0.924791086350975,0.02042711234911792,0.02321262766945218,0.031569173630454965
0.91421143847487,0.021663778162911613,0.02512998266897747,0.0389948006932409
0.9157808667211774,0.023712183156173343,0.023712183156173343,0.03679476696647588
0.916030534351145,0.021374045801526718,0.025190839694656488,0.03740458015267176
0.9158878504672897,0.020848310567936738,0.025880661394680086,0.037383177570093455
0.915994623655914,0.020833333333333332,0.023521505376344086,0.0396505376344086
0.9108527131782945,0.021963824289405683,0.025193798449612403,0.04198966408268734
0.9064615384615384,0.024,0.025846153846153845,0.04369230769230769
0.9021101992966002,0.0246189917936694,0.02579132473622509,0.047479484173505275
0.8968432919954904,0.02536640360766629,0.02536640360766629,0.052423900789177004
0.8954817637452368,0.026673924877517692,0.023407729994556342,0.05443658138268917
0.8926462694578636,0.026838432635534086,0.024691358024691357,0.055823939881910895
0.8869969040247678,0.02889576883384933,0.02218782249742002,0.06191950464396285
0.881578947368421,0.028846153846153848,0.024291497975708502,0.0652834008097166
0.8763493621197253,0.028949950932286556,0.026005888125613347,0.06869479882237488
0.8716346153846154,0.03028846153846154,0.02451923076923077,0.07355769230769231
0.866571018651363,0.030607364897178385,0.0234337637494022,0.07938785270205644
0.8545023696682464,0.03033175355450237,0.027962085308056873,0.08720379146919431
0.8458333333333333,0.03194444444444444,0.027314814814814816,0.09490740740740741
0.8462962962962963,0.03287037037037037,0.02638888888888889,0.09444444444444444
0.8464334393457519,0.03180372557928214,0.026351658337119492,0.09541117673784644
0.8409399005874378,0.03027564392227745,0.026208766380478987,0.10257568910980569
0.8450515002239141,0.02910882221227049,0.025974025974025976,0.09986565158978952
0.8388375165125496,0.028181417877586965,0.02553940995156319,0.10744165565830031
0.8338516215015549,0.029320302087960905,0.024877832074633496,0.11195024433585073
0.8338516215015549,0.03243003109729009,0.023989338071968014,0.10972900932918703
0.8252985404688191,0.03449800973020787,0.026536930561698365,0.11366651923927466
0.8235811702595689,0.03343598768147822,0.027716673999120107,0.11526616805983282
0.8238180196253345,0.037020517395182875,0.028099910793933987,0.11106155218554861
0.8215547703180212,0.04019434628975265,0.02782685512367491,0.11042402826855123
0.8157193605683837,0.041740674955595025,0.02664298401420959,0.11589698046181172
0.8144695960940967,0.040834442964935644,0.02663115845539281,0.11806480248557479
0.8145196989818504,0.04161133244798584,0.027003098716246128,0.11686586985391766
0.8157431838170625,0.0395778364116095,0.026824978012313105,0.11785400175901495
0.8178998670801949,0.03943287549844927,0.024811696942844484,0.1178555604785113
0.8220451527224436,0.04028331119964586,0.02257636122177955,0.11509517485613104
0.8251779359430605,0.03870106761565836,0.02090747330960854,0.1152135231316726
0.823346648912561,0.03861517976031957,0.0230803373280071,0.11495783399911229
0.8261449533125834,0.036905291240551356,0.024455313472654512,0.11249444197421075
0.8276633840644584,0.03401969561324977,0.02820053715308863,0.11011638316920322
0.8226600985221675,0.03403493058665472,0.029556650246305417,0.11374832064487236
0.825720620842572,0.032815964523281595,0.030598669623059866,0.11086474501108648
0.8267611874169252,0.031014621178555603,0.030571555161719097,0.11165263624280018
0.8289414917373827,0.0321572130415364,0.029477445288075034,0.1094238499330058
0.8325145154086646,0.03171058508262617,0.02992407324698526,0.10585082626172398
0.8292465448060633,0.034329023629068214,0.029424877396344182,0.1069995541685243
0.8299379982285208,0.03454384410983171,0.030115146147032774,0.1054030115146147
0.8309982486865148,0.03546409807355517,0.0297723292469352,0.10376532399299475
0.8292902066486972,0.03504043126684636,0.032794249775381853,0.10287511230907458
0.8334801762114538,0.03524229074889868,0.030837004405286344,0.10044052863436123
0.8323699421965318,0.03601600711427301,0.03201422854602046,0.09959982214317474
0.8329650905877154,0.034025629695095004,0.03314184710561202,0.09986743261157756
0.8341506910387874,0.034329023629068214,0.03299152920196166,0.09852875613018279
0.8272807794508414,0.03808680248007086,0.032329495128432244,0.10230292294065545
0.8264536173990236,0.03905903240124279,0.031069684864624945,0.10341766533510874
0.8274647887323944,0.037852112676056336,0.032570422535211266,0.10211267605633803
0.8338488731771984,0.03800265134776845,0.031816173221387536,0.0963323022536456
0.8365896980461812,0.03818827708703375,0.03019538188277087,0.09502664298401421
0.8395555555555556,0.033777777777777775,0.03288888888888889,0.09377777777777778
0.8376709307454786,0.03573003970004411,0.032642258491398325,0.09395677106307895
0.8376334519572953,0.03692170818505338,0.03291814946619217,0.09252669039145907
0.8398036590807675,0.03435966086568496,0.03302097278000892,0.0928157072735386
0.8420348058902276,0.035698348951361,0.03391343150379295,0.08835341365461848
0.8415178571428571,0.03794642857142857,0.029910714285714287,0.090625
0.8411633109619687,0.03758389261744966,0.03131991051454139,0.08993288590604027
0.8444244604316546,0.03552158273381295,0.030575539568345324,0.08947841726618705
0.8488063660477454,0.034924845269672856,0.03094606542882405,0.08532272325375774
0.848349687778769,0.03389830508474576,0.031222123104371096,0.08652988403211419
0.8478164975738862,0.03484781649757389,0.02999558888398765,0.08734009704455227
0.8521816562778273,0.035173642030276044,0.032056990204808546,0.08058771148708815
0.8527472527472527,0.033846153846153845,0.03208791208791209,0.08131868131868132
0.8530057042562528,0.03334795963141729,0.030715225976305396,0.08293111013602457
0.8521469676848162,0.03275785745905268,0.033200531208499334,0.0818946436476317
0.8524734982332155,0.03489399293286219,0.03312720848056537,0.07950530035335689
0.8534635879218473,0.03596802841918295,0.02975133214920071,0.08081705150976909
0.8536367692994199,0.035252119589468986,0.0285586791610888,0.0825524319500223
0.850177304964539,0.03590425531914894,0.02925531914893617,0.08466312056737589
0.8474199288256228,0.03558718861209965,0.029804270462633453,0.08718861209964412
0.851261620185923,0.035413899955732624,0.029659141212926073,0.08366533864541832
0.8515381185911726,0.03611234953187695,0.028979045920642,0.08337048595630851
0.8501338090990187,0.03568242640499554,0.028099910793933987,0.08608385370205174
0.8484312859036677,0.03667697746354397,0.027839151568714096,0.08705258506407423
0.8450892857142858,0.033928571428571426,0.030357142857142857,0.090625
0.844207723035952,0.03506435863293387,0.029738126941855306,0.09098979138925876
0.8441674087266251,0.035173642030276044,0.02894033837934105,0.0917186108637578
0.8522980812137438,0.030789825970548863,0.02677376171352075,0.09013833110218653
0.848605577689243,0.03054448871181939,0.02656042496679947,0.09428950863213811
0.8541947061462539,0.02781516375056079,0.02781516375056079,0.0901749663526245
0.850177304964539,0.0274822695035461,0.028812056737588652,0.09352836879432624
0.8514109347442681,0.027777777777777776,0.028659611992945325,0.09215167548500881
0.8499778073679538,0.028406569019085663,0.030181979582778518,0.09143364403018198
0.847375385972651,0.031318923687692984,0.029113365681517425,0.09219232465813851
0.8442768411712511,0.030612244897959183,0.029724933451641525,0.09538598047914817
0.8421052631578947,0.029884032114183764,0.03256021409455843,0.09545049063336307
0.8426171529619806,0.027851458885941646,0.033156498673740056,0.09637488947833775
0.8476232785428698,0.027099067081297203,0.03198578409595735,0.09329187027987561
0.8473824312333629,0.026175687666370896,0.03371783496007098,0.09272404614019521
0.8452012383900929,0.02565236620964175,0.03449800973020787,0.0946483856700575
0.8424323124722592,0.024411895250776743,0.03462050599201065,0.0985352862849534
0.8444444444444444,0.024444444444444446,0.032,0.09911111111111111
0.84375,0.023660714285714285,0.029910714285714287,0.10267857142857142
0.8436395759717314,0.02561837455830389,0.02959363957597173,0.10114840989399293
0.8467314487632509,0.02782685512367491,0.030035335689045935,0.09540636042402827
0.843421052631579,0.02850877192982456,0.029385964912280703,0.09868421052631579
0.8489560195468681,0.02576632607729898,0.028876055086628164,0.0964015992892048
0.8520657485561972,0.02621057307863172,0.030208796090626388,0.09151488227454464
0.8561827956989247,0.0264336917562724,0.03136200716845878,0.08602150537634409
0.8549176680017802,0.028037383177570093,0.03159768580329328,0.08544726301735647
0.8583369995600528,0.025956885173779146,0.030796304443466784,0.08490981082270127
0.8671140939597315,0.022818791946308724,0.028187919463087248,0.08187919463087248
0.875,0.01971326164874552,0.025985663082437275,0.0793010752688172
0.8755615453728661,0.0215633423180593,0.026504941599281222,0.07637017070979335
0.8697385910500665,0.022153300841825433,0.027470093043863535,0.08063801506424458
0.8711683696135051,0.02132385606397157,0.027099067081297203,0.08040870724122612
0.8700489541611037,0.02091677792612372,0.02892745883400089,0.0801068090787717
0.8680679785330948,0.022361359570661897,0.027728085867620753,0.08184257602862254
0.8656849620705043,0.026327532351628737,0.02677376171352075,0.08121374386434628
0.856953642384106,0.027373068432671083,0.02869757174392936,0.0869757174392936
0.8596491228070176,0.02675438596491228,0.029385964912280703,0.08421052631578947
0.8541207580431909,0.026443367122080213,0.030409872190392245,0.08902600264433672
0.8510167992926614,0.027409372236958444,0.030061892130857647,0.09151193633952255
0.8540925266903915,0.027135231316725978,0.029804270462633453,0.08896797153024912
0.8526127735596248,0.02813756141134435,0.0321572130415364,0.08709245198749442
0.8522167487684729,0.02821316614420063,0.03090013434841021,0.08866995073891626
0.858603823921743,0.027567807914628723,0.030680302356602934,0.08314806580702534
0.856329391151993,0.02890932982917214,0.030223390275952694,0.08453788874288218
0.8539526574363555,0.03171058508262617,0.029030817329164807,0.08530594015185351
0.8565701559020045,0.03296213808463252,0.026726057906458798,0.08374164810690424
0.8581528943879806,0.03049049933716306,0.026513477684489615,0.08484312859036677
0.8552983081032948,0.03383793410507569,0.025378450578806767,0.0854853072128228
0.8558718861209964,0.03469750889679715,0.025800711743772242,0.08362989323843416
0.8548882069267865,0.033757124068391056,0.0263042525208242,0.08505041648399825
0.8532560214094559,0.0352363960749331,0.027207850133809098,0.08429973238180197
0.851502916105877,0.03589053387169134,0.02602063705697622,0.08658591296545536
0.8559397163120568,0.03368794326241135,0.023936170212765957,0.08643617021276596
0.8591172536781096,0.03120820329915292,0.024520731163620153,0.08515381185911726
0.8546433378196501,0.033647375504710635,0.02512337371018394,0.08658591296545536
0.8596102745792737,0.033215234720992026,0.024800708591674048,0.08237378210806023
0.8545941123996432,0.03612845673505798,0.023639607493309546,0.08563782337198929
0.8542780748663101,0.035650623885918005,0.02406417112299465,0.08600713012477719
0.855193661971831,0.03389084507042254,0.025088028169014086,0.08582746478873239
0.8568212516884286,0.0315173345339937,0.024763619990995047,0.08689779378658262
0.8601618705035972,0.030575539568345324,0.022482014388489208,0.08678057553956835
0.8544809228039042,0.03194321206743567,0.023957409050576754,0.08961845607808341
0.8517195176418044,0.033497096918267084,0.02590442161679321,0.08887896382313533
0.8526548672566372,0.034513274336283185,0.026106194690265486,0.08672566371681416
0.8557478916999556,0.037283621837549935,0.027075011096316024,0.07989347536617843
0.8544078361531612,0.0396260017809439,0.02715939447907391,0.07880676758682101
0.8558836491846629,0.03878360511238431,0.025561921551344204,0.07977082415160863
0.8553627058299955,0.03827325322652426,0.0258121940364931,0.08055184690698709
0.8531781557743957,0.03715308863025962,0.02730528200537153,0.08236347358997315
0.8561887800534284,0.037399821905609976,0.025823686553873553,0.08058771148708815
0.851063829787234,0.038120567375886524,0.02526595744680851,0.08554964539007093
0.8504880212954747,0.03682342502218278,0.02883762200532387,0.08385093167701864
0.8521469676848162,0.03851261620185923,0.027445772465692783,0.0818946436476317
0.8575221238938053,0.036283185840707964,0.026106194690265486,0.08008849557522124
0.8568888888888889,0.034666666666666665,0.026222222222222223,0.08222222222222222
0.8524150268336315,0.03577817531305903,0.029069767441860465,0.08273703041144902
0.8600352112676056,0.03477112676056338,0.02640845070422535,0.07878521126760564
0.8663697104677061,0.032071269487750555,0.026280623608017816,0.07527839643652562
0.8660714285714286,0.03125,0.024553571428571428,0.078125
0.8672527472527473,0.028131868131868132,0.025054945054945054,0.07956043956043957
0.8652826855123675,0.029151943462897525,0.024734982332155476,0.08083038869257951
0.8665198237885463,0.03171806167400881,0.024669603524229075,0.07709251101321586
0.8656319290465632,0.030598669623059866,0.02394678492239468,0.07982261640798226
0.8595406360424028,0.03356890459363958,0.026501766784452298,0.0803886925795053
0.8595332452664025,0.03126376045794804,0.026420079260237782,0.08278291501541171
0.8624220837043634,0.03250222617987533,0.025823686553873553,0.0792520035618878
0.8636363636363636,0.03074866310160428,0.026737967914438502,0.07887700534759358
0.8645507375949933,0.03263299061242736,0.025033527045149755,0.07778274474742959
0.8637566137566137,0.03218694885361552,0.024250440917107582,0.07980599647266313
0.8633125556544969,0.03250222617987533,0.026714158504007122,0.07747105966162066
0.862145390070922,0.03368794326241135,0.025709219858156027,0.07845744680851063
0.8664609960334949,0.030409872190392245,0.02379903040987219,0.07933010136624064
0.856635596981802,0.033288948069241014,0.02574345317354638,0.08433200177541056
0.8589119858469704,0.03272888102609465,0.026536930561698365,0.08182220256523662
0.8568242640499554,0.03389830508474576,0.025869759143621766,0.08340767172167707
0.8530183727034121,0.033245844269466314,0.025809273840769902,0.08792650918635171
0.8520499108734403,0.0338680926916221,0.02807486631016043,0.08600713012477719
0.8521816562778273,0.031166518254674976,0.030276046304541407,0.08637577916295637
0.8509123275478415,0.03426791277258567,0.030262572318647086,0.08455718736092568
0.8480565371024735,0.03401060070671378,0.03180212014134275,0.08613074204946997
0.8486197684772929,0.033392698130008905,0.030276046304541407,0.08771148708815672
0.8495495495495495,0.03198198198198198,0.031081081081081083,0.08738738738738738
0.8509786476868327,0.03158362989323844,0.030249110320284697,0.08718861209964412
0.8472160356347439,0.03429844097995546,0.032071269487750555,0.08641425389755011
0.8474126492702344,0.03538257408226449,0.03184431667403804,0.08536045997346307
0.8443166740380362,0.033171163202122954,0.03184431667403804,0.09066784608580274
0.8458462905375389,0.03243003109729009,0.03109729009329187,0.09062638827187916
0.849357554275587,0.030571555161719097,0.03278688524590164,0.0872840053167922
0.8459831335996449,0.030181979582778518,0.033288948069241014,0.09054593874833555
0.8467991169977925,0.030022075055187638,0.032229580573951436,0.09094922737306843
0.850262697022767,0.028458844133099823,0.031085814360770576,0.09019264448336252
0.8465631929046563,0.03015521064301552,0.02926829268292683,0.09401330376940133
0.8497547926883638,0.03031654034774855,0.028979045920642,0.09094962104324565
0.8510826336721167,0.028722934158197082,0.02828104286345559,0.09191338930623066
0.8485385296722764,0.03188662533215235,0.02878653675819309,0.09078830823737821
0.8492663405958204,0.03423743886171632,0.02845709204090707,0.08803912850155625
0.8579646017699115,0.032300884955752215,0.02920353982300885,0.08053097345132744
0.8564466105449712,0.030128489144882586,0.031014621178555603,0.0824102791315906
0.852603706972639,0.032215357458075904,0.02912621359223301,0.08605472197705208
0.8560070671378092,0.030918727915194347,0.02517667844522968,0.08789752650176678
0.8520842671447781,0.03227252353204841,0.025997310623038995,0.08964589870013447
0.8519341929746554,0.03201422854602046,0.026233881725211204,0.08981769675411294
0.8533451484271156,0.03190075321222862,0.02525476295968099,0.08949933540097474
0.8496207050423918,0.0321285140562249,0.027666220437304774,0.09058456046407853
0.8500222518914108,0.029817534490431688,0.030707610146862484,0.08945260347129506
0.8564487632508834,0.02782685512367491,0.026060070671378093,0.0896643109540636
0.8567650947553989,0.029528426619656236,0.027765535478184222,0.08594094314676069
0.8595406360424028,0.030477031802120143,0.026060070671378093,0.08392226148409894
0.8620382732532266,0.030262572318647086,0.024922118380062305,0.08277703604806408
0.8629893238434164,0.029804270462633453,0.025800711743772242,0.08140569395017794
0.8621609604268564,0.029791018230324588,0.024455313472654512,0.08359270787016451
0.868,0.030222222222222223,0.024,0.07777777777777778
0.8643841707425522,0.028901734104046242,0.02578923966207203,0.08092485549132948
0.8632707774798928,0.02993744414655943,0.025022341376228777,0.08176943699731903
0.8631532329495128,0.030558015943312665,0.022143489813994686,0.0841452612931798
0.8619005328596803,0.03063943161634103,0.02575488454706927,0.08170515097690942
0.8626226583407671,0.031222123104371096,0.024977698483496878,0.08117752007136485
0.863031914893617,0.02969858156028369,0.025709219858156027,0.08156028368794327
0.8615044247787611,0.030973451327433628,0.02566371681415929,0.08185840707964602
0.8644818423383526,0.031443755535872454,0.023029229406554472,0.08104517271922054
0.8659839715048976,0.031611754229741766,0.023597506678539625,0.07880676758682101
0.8646017699115044,0.033628318584070796,0.02566371681415929,0.07610619469026549
0.8614431164231962,0.036741921204072596,0.02656042496679947,0.07525453740593183
0.8520657485561972,0.03820524211461573,0.028876055086628164,0.08085295424255887
0.8522276135862373,0.038376709307454786,0.027790030877812087,0.08160564622849581
0.8496905393457118,0.03801945181255526,0.02961980548187445,0.08267020335985853
0.8462222222222222,0.03688888888888889,0.03155555555555556,0.08533333333333333
0.8494432071269488,0.0334075723830735,0.03429844097995546,0.08285077951002227
0.8462566844919787,0.0338680926916221,0.034759358288770054,0.08511586452762923
0.849910394265233,0.03181003584229391,0.03539426523297491,0.08288530465949821
0.8521970705725699,0.03151353750554816,0.03595206391478029,0.08033732800710164
0.8573304157549234,0.030634573304157548,0.03369803063457331,0.07833698030634573
0.8542039355992844,0.029516994633273702,0.03711985688729875,0.07915921288014312
0.8570794496227253,0.02796271637816245,0.03595206391478029,0.079005770084332
0.858991521642124,0.027219991075412762,0.035252119589468986,0.0785363676929942
0.8637770897832817,0.026536930561698365,0.03272888102609465,0.07695709862892526
0.8682101513802315,0.025378450578806767,0.030276046304541407,0.0761353517364203
0.8724444444444445,0.023555555555555555,0.029333333333333333,0.07466666666666667
0.8676731793960923,0.023090586145648313,0.02975133214920071,0.07948490230905861
0.867816091954023,0.025198938992042442,0.03050397877984085,0.07648099027409372
0.8659885006634233,0.024325519681556832,0.03051747014595312,0.07916850950906679
0.870509977827051,0.025277161862527715,0.026607538802660754,0.07760532150776053
0.869661921708185,0.026245551601423486,0.027135231316725978,0.07695729537366548
0.8666666666666667,0.024888888888888887,0.028888888888888888,0.07955555555555556
0.8696996466431095,0.029151943462897525,0.02782685512367491,0.07332155477031801
0.8714285714285714,0.028125,0.026339285714285714,0.07410714285714286
0.8727758007117438,0.027580071174377226,0.025800711743772242,0.07384341637010676
0.8742806551571491,0.0283311199645861,0.023019034971226208,0.07436918990703852
0.8662816525988449,0.03287427809862283,0.02310084406930253,0.07774322523322967
0.8633733867378727,0.035603026257231864,0.022696929238985315,0.07832665776591011
0.8626839054837272,0.03522068658047258,0.024966562639322336,0.07712884529647793
0.866162738995109,0.03201422854602046,0.024455313472654512,0.0773677189862161
0.8636363636363636,0.03486319505736982,0.02294792586054722,0.07855251544571933
0.8617305976806423,0.03389830508474576,0.0231935771632471,0.08117752007136485
0.8619453160017929,0.03585835948005379,0.024204392649036306,0.07799193186911699
0.8681999115435648,0.034055727554179564,0.02565236620964175,0.07209199469261389
0.8645132346343651,0.03768506056527591,0.02602063705697622,0.07178106774338268
0.8665472458575907,0.03761755485893417,0.026421854008060904,0.06941334527541423
0.8715919085312225,0.03605980650835532,0.025945470536499562,0.06640281442392261
0.8709819462791721,0.0361074416556583,0.026420079260237782,0.06649053280493175
0.8698752228163993,0.0338680926916221,0.027183600713012478,0.06907308377896614
0.8726372637263726,0.0315031503150315,0.028352835283528353,0.0675067506750675
0.8643915581499776,0.03322855859901212,0.03322855859901212,0.0691513246519982
0.8632707774798928,0.03306523681858802,0.03261840929401251,0.07104557640750671
0.867324069923801,0.03227252353204841,0.03003137606454505,0.07037203047960555
0.8639607493309545,0.03300624442462088,0.028099910793933987,0.07493309545049064
0.862373180414645,0.03396559329510366,0.02690780767534186,0.07675341861490957
0.8635961027457927,0.034986713906111605,0.026572187776793623,0.07484499557130203
0.8625613565372602,0.035698348951361,0.02900490852298081,0.07273538598839803
0.8617021276595744,0.034574468085106384,0.02925531914893617,0.07446808510638298
0.8643617021276596,0.034574468085106384,0.027925531914893616,0.07313829787234043
0.8666073810582481,0.0329035126722988,0.029346376167185415,0.07114273010226767
0.8684093929995569,0.03145768719539211,0.02968542312804608,0.07044749667700487
0.8683498647430117,0.032461677186654644,0.029756537421100092,0.06943192064923355
0.8674807779285392,0.03482587064676617,0.02668475802804161,0.0710085933966531
0.8669928825622776,0.03603202846975089,0.026245551601423486,0.07072953736654804
0.86875,0.034375,0.022767857142857142,0.07410714285714286
0.8699115044247787,0.032300884955752215,0.024336283185840708,0.07345132743362832
0.8706091596265007,0.03423743886171632,0.02267674522009782,0.07247665629168519
0.876,0.034666666666666665,0.01911111111111111,0.07022222222222223
0.8692722371967655,0.03459119496855346,0.0215633423180593,0.07457322551662174
0.8710538016896399,0.035571365051133834,0.020453534904401955,0.07292129835482436
0.8741166077738516,0.03401060070671378,0.02075971731448763,0.071113074204947
0.8758802816901409,0.03169014084507042,0.020246478873239437,0.0721830985915493
0.8743409490333919,0.029876977152899824,0.021968365553602813,0.07381370826010544
0.870313189236877,0.03396559329510366,0.020732245258050286,0.07498897220996913
0.8671390611160319,0.032329495128432244,0.021700620017714792,0.07883082373782108
0.8659658344283837,0.031099430573806396,0.02146298729741568,0.08147174770039421
0.8642951251646904,0.031181379007465964,0.020202020202020204,0.08432147562582346
0.8657180969319698,0.031124944419742107,0.019119608714984436,0.0840373499333037
0.8628062360801781,0.031180400890868598,0.020489977728285078,0.08552338530066815
0.859478568272205,0.033583738400353516,0.02342023862129916,0.08351745470614229
0.8592427616926503,0.032516703786191536,0.024498886414253896,0.08374164810690424
0.8569524655708574,0.03154153709462461,0.02576632607729898,0.08573967125721901
0.8613203367301728,0.03190075321222862,0.023925564909171467,0.08285334514842711
0.8615656789031402,0.03184431667403804,0.024325519681556832,0.08226448474126492
0.8559322033898306,0.031222123104371096,0.025869759143621766,0.08697591436217662
0.8524590163934426,0.03145768719539211,0.0256978289765175,0.09038546743464776
0.8525612472160357,0.030289532293986638,0.027616926503340758,0.08953229398663697
0.8520475561426685,0.03258476442095993,0.02553940995156319,0.08982826948480846
0.8560739436619719,0.032130281690140844,0.028169014084507043,0.08362676056338028
0.8500220555800617,0.030436700485222762,0.02999558888398765,0.08954565505072784
0.8487654320987654,0.030864197530864196,0.03042328042328042,0.08994708994708994
0.8487505480052608,0.028496273564226217,0.030688294607628234,0.0920648838228847
0.8486725663716814,0.027876106194690265,0.03185840707964602,0.0915929203539823
0.8494002665482008,0.028431808085295423,0.03109729009329187,0.09107063527321191
0.8487654320987654,0.029541446208112873,0.029982363315696647,0.09171075837742504
0.8523281596452328,0.031929046563192905,0.03015521064301552,0.08558758314855876
0.8433035714285714,0.03482142857142857,0.030357142857142857,0.09151785714285714
0.8420123565754634,0.0353045013239188,0.029567519858781994,0.09311562224183584
0.83812472357364,0.038920831490490936,0.03051747014595312,0.09243697478991597
0.83303808680248,0.04030115146147033,0.032329495128432244,0.09433126660761736
0.8355437665782494,0.03934571175950486,0.03094606542882405,0.09416445623342175
0.8328187031318923,0.03925893250992501,0.02999558888398765,0.09792677547419497
0.8320678874497544,0.04064314426083073,0.02992407324698526,0.09736489504242965
0.8346702317290553,0.040106951871657755,0.03074866310160428,0.0944741532976827
0.8355496453900709,0.0425531914893617,0.028368794326241134,0.09352836879432624
0.840818141396176,0.03912850155624722,0.026678523788350377,0.09337483325922633
0.8455785305763308,0.03519577650681918,0.024197096348438186,0.0950285965684118
0.8432408630559225,0.036988110964332896,0.02774108322324967,0.09202994275649494
0.8435704816615113,0.035793194874060984,0.02695536897923111,0.09368095448519664
0.8454063604240283,0.03666077738515901,0.029151943462897525,0.0887809187279152
0.8475177304964538,0.034574468085106384,0.02925531914893617,0.08865248226950355
0.850397175639894,0.032215357458075904,0.02912621359223301,0.088261253309797
0.8523788350377945,0.0329035126722988,0.028901734104046242,0.08581591818586039
0.8519179304192686,0.03256021409455843,0.030330062444246207,0.08519179304192685
0.8534749889331562,0.0283311199645861,0.03142983621071271,0.08676405489154493
0.8580329327992879,0.030262572318647086,0.03115264797507788,0.08055184690698709
0.8506522717049033,0.03283850652271705,0.033288349077822764,0.0832208726945569
0.8510258697591436,0.034344335414808205,0.031222123104371096,0.08340767172167707
0.8536800352578229,0.03525782282944028,0.029528426619656236,0.08153371529308065
0.849600709849157,0.037267080745341616,0.031055900621118012,0.08207630878438332
0.8456435205661211,0.042459088898717384,0.03051747014595312,0.08137992038920831
0.8494055482166446,0.041831792162043156,0.031704095112285335,0.07705856450902686
0.8507726269315673,0.04282560706401766,0.030022075055187638,0.07637969094922738
0.8470639789658194,0.04425942156003506,0.030236634531113058,0.07843996494303243
0.8513093652907234,0.04305370616955171,0.029738126941855306,0.0758988015978695
0.8539626001780944,0.040516473731077474,0.031166518254674976,0.07435440783615316
0.8600713012477719,0.03787878787878788,0.03163992869875223,0.07040998217468805
0.8644591611479029,0.03576158940397351,0.03090507726269316,0.06887417218543046
0.8627450980392157,0.0338680926916221,0.035204991087344026,0.06818181818181818
0.8593611357586513,0.03637976929902396,0.032830523513753325,0.07142857142857142
0.8568262411347518,0.03856382978723404,0.0350177304964539,0.06959219858156028
0.8542402826855123,0.03975265017667844,0.03445229681978799,0.0715547703180212
0.8572064056939501,0.037811387900355875,0.03425266903914591,0.07072953736654804
0.8604547481052163,0.034329023629068214,0.03388319215336603,0.07133303611234953
0.8624502432551968,0.03538257408226449,0.03272888102609465,0.06943830163644406
0.8564444444444445,0.036444444444444446,0.032,0.07511111111111111
0.8592987128273413,0.033732800710164226,0.033288948069241014,0.07367953839325345
0.8598754448398577,0.03158362989323844,0.03291814946619217,0.07562277580071175
0.8600269179004038,0.031852848811126065,0.03275011215791835,0.07537012113055182
0.8616740088105727,0.03127753303964758,0.033480176211453744,0.07356828193832599
0.8608772707133363,0.03145768719539211,0.033673017279574655,0.07399202481169695
0.8634167764602547,0.03162055335968379,0.031181379007465964,0.07378129117259552
0.8657989228007181,0.03052064631956912,0.03007181328545781,0.07360861759425494
0.8615794143744454,0.03371783496007098,0.029724933451641525,0.07497781721384206
0.8636965152183502,0.03484781649757389,0.029113365681517425,0.07234230260255844
0.866433871671759,0.034046268005237884,0.02968136185072021,0.06983849847228285
0.862280701754386,0.03508771929824561,0.030263157894736843,0.07236842105263158
0.8660436137071651,0.032932799287939477,0.027592345349354695,0.07343124165554073
0.8650088809946714,0.03285968028419183,0.027531083481349913,0.07460035523978685
0.8670801949490474,0.031014621178555603,0.028356225077536552,0.07354895879486044
0.8695652173913043,0.031055900621118012,0.027950310559006212,0.07142857142857142
0.8719646799116998,0.030463576158940398,0.0282560706401766,0.06931567328918323
0.8711954124393472,0.030436700485222762,0.027790030877812087,0.070577856197618
0.8674592690444738,0.031704095112285335,0.029942756494936152,0.07089387934830471
0.8688162544169611,0.03401060070671378,0.028268551236749116,0.06890459363957598
0.8686779059449867,0.032830523513753325,0.027950310559006212,0.07054125998225377
0.8695458593054319,0.03250222617987533,0.028495102404274265,0.06945681211041853
0.874561403508772,0.031140350877192982,0.025,0.06929824561403508
0.8779405237461163,0.02929427430093209,0.023968042609853527,0.06879715934309809
0.8774685816876122,0.02872531418312388,0.02378815080789946,0.07001795332136446
0.8794483985765125,0.028469750889679714,0.025800711743772242,0.06628113879003558
0.8773878276321635,0.029764549089293647,0.028876055086628164,0.0639715681919147
0.8759482373940205,0.03257474341811691,0.03034359660865685,0.06113342257920571
0.8743897026187306,0.032845095428317796,0.030181979582778518,0.06258322237017311
0.8794014084507042,0.03301056338028169,0.028609154929577465,0.05897887323943662
0.8772787905735883,0.03468208092485549,0.029346376167185415,0.05869275233437083
0.87638950644731,0.03646064917741218,0.030680302356602934,0.05646954201867497
0.8746136865342163,0.03443708609271523,0.030022075055187638,0.060927152317880796
0.8789752650176679,0.03401060070671378,0.028268551236749116,0.05874558303886926
0.8750557786702365,0.03614457831325301,0.025881302989736725,0.06291834002677377
0.8737216540684749,0.035126722987994664,0.026678523788350377,0.06447309915518008
0.868845120859445,0.03670546105640107,0.02730528200537153,0.06714413607878246
0.8637784725323805,0.03796337650736936,0.029477445288075034,0.06878070567217508
0.8641255605381166,0.036771300448430494,0.03183856502242152,0.06726457399103139
0.8638392857142857,0.03571428571428571,0.03214285714285714,0.06830357142857142
0.8654447921323201,0.03442109968708091,0.03173893607510058,0.06839517210549843
0.8633348076072535,0.03759398496240601,0.03272888102609465,0.06634232640424591
0.8593189964157706,0.036738351254480286,0.03539426523297491,0.06854838709677419
0.8648288128056915,0.03646064917741218,0.03423743886171632,0.06447309915518008
0.8724802804557406,0.035056967572304996,0.03242769500438212,0.0600350569675723
0.8753894080996885,0.03382287494437027,0.03382287494437027,0.05696484201157098
0.871840354767184,0.03458980044345898,0.03503325942350333,0.05853658536585366
0.876043956043956,0.036483516483516484,0.03296703296703297,0.05450549450549451
0.8738898756660746,0.038632326820603906,0.03463587921847247,0.05284191829484902
0.874113475177305,0.03945035460992908,0.03368794326241135,0.05274822695035461
0.8705572619569987,0.03949100482667837,0.03554190434401053,0.05440982887231242
0.8727353071144498,0.038886433937251434,0.035793194874060984,0.052585064074237735
0.8741603224361845,0.03537841468875952,0.03851321092700403,0.05194805194805195
0.8730512249443207,0.0378619153674833,0.03652561247216036,0.05256124721603563
0.8694309660344067,0.0388178209086899,0.03749448610498456,0.054256726951918834
0.8698510078878177,0.036371603856266435,0.03856266432953549,0.05521472392638037
0.8731077471059662,0.033392698130008905,0.03829029385574354,0.05520926090828139
0.8746081504702194,0.032691446484549934,0.03493058665472459,0.057769816390506046
0.8765046812304949,0.03120820329915292,0.03388319215336603,0.05840392331698618
0.8774703557312253,0.030742204655248132,0.034255599472990776,0.05753184014053579
0.8761651131824234,0.033288948069241014,0.033288948069241014,0.05725699067909454
0.8707241226121724,0.03243003109729009,0.03198578409595735,0.06486006219458018
0.8738819320214669,0.03041144901610018,0.030858676207513418,0.0648479427549195
0.8742806551571491,0.029659141212926073,0.03231518370960602,0.06374501992031872
0.8752236135957067,0.030858676207513418,0.03130590339892665,0.0626118067978533
0.8725011106175034,0.03287427809862283,0.03154153709462461,0.06308307418924922
0.8751660026560425,0.033200531208499334,0.03142983621071271,0.06020362992474546
0.8746630727762803,0.03234501347708895,0.032794249775381853,0.06019766397124888
0.8713527851458885,0.03183023872679045,0.034482758620689655,0.0623342175066313
0.875277407900577,0.031069684864624945,0.033288948069241014,0.060363959165557035
0.8708536045997346,0.03140203449800973,0.03494029190623618,0.06280406899601947
0.8723969871510855,0.033673017279574655,0.03544528134692069,0.05848471422241914
0.869661921708185,0.03603202846975089,0.03469750889679715,0.059608540925266906
0.8678237650200267,0.037828215398308856,0.036048064085447265,0.05829995549621718
0.8671390611160319,0.038529672276350756,0.0354295837023915,0.05890168290522586
0.8665188470066519,0.03902439024390244,0.03592017738359202,0.05853658536585366
0.8706199460916442,0.03728661275831087,0.034141958670260555,0.057951482479784364
0.865478841870824,0.03697104677060133,0.037416481069042315,0.060133630289532294
0.87044356609574,0.03864734299516908,0.03557312252964427,0.05533596837944664
0.8745046235138706,0.035667107001321,0.034346103038309116,0.05548216644649934
0.8729037952338923,0.03618711385701677,0.03486319505736982,0.056045895851721095
0.8692170818505338,0.03692170818505338,0.03469750889679715,0.059163701067615655
0.8732831191847585,0.035002215330084185,0.0358883473637572,0.05582631812140009
0.8761140819964349,0.034759358288770054,0.03297682709447415,0.05614973262032086
0.8771224307417337,0.03306523681858802,0.03306523681858802,0.05674709562109026
0.8769911504424779,0.03185840707964602,0.033628318584070796,0.05752212389380531
0.8763297872340425,0.03102836879432624,0.03280141843971631,0.0598404255319149
0.8723214285714286,0.03571428571428571,0.03080357142857143,0.061160714285714284
0.868515205724508,0.03711985688729875,0.03041144901610018,0.06395348837209303
0.8702965914121292,0.03851261620185923,0.027888446215139442,0.06330234617087206
0.8696035242290749,0.039647577092511016,0.027753303964757708,0.06299559471365639
0.8671978751660027,0.03939796370075255,0.02877379371403276,0.06463036741921203
0.8650334075723831,0.042761692650334075,0.027616926503340758,0.0645879732739421
0.8623935454952936,0.04168534289556253,0.03003137606454505,0.06588973554459883
0.8606485539000877,0.04294478527607362,0.03067484662576687,0.06573181419807186
0.862129916040654,0.038886433937251434,0.03137428192664605,0.06760936809544851
0.860362350861688,0.03932832523199293,0.031816173221387536,0.0684931506849315
0.8652482269503546,0.040336879432624116,0.02969858156028369,0.06471631205673758
0.8672527472527473,0.04043956043956044,0.02989010989010989,0.06241758241758242
0.871523178807947,0.040176600441501106,0.02913907284768212,0.059161147902869755
0.8765154916928604,0.04176021553659632,0.02469690166142793,0.0570273911091154
0.8791554357592093,0.039532794249775384,0.025157232704402517,0.05615453728661276
0.8823529411764706,0.03609625668449198,0.027183600713012478,0.054367201426024955
0.878584229390681,0.036738351254480286,0.02867383512544803,0.05600358422939068
0.8781568453699601,0.03766061143110323,0.027470093043863535,0.056712450155073105
0.8745028722934158,0.03932832523199293,0.0273972602739726,0.05877154220061865
0.8774509803921569,0.03698752228163993,0.026292335115864526,0.059269162210338684
0.8802848242100578,0.03960836671117045,0.022696929238985315,0.05740987983978638
0.8803532008830022,0.039735099337748346,0.02119205298013245,0.058719646799116995
0.8739383102369245,0.04202056325435852,0.023692445239159587,0.06034868126955744
0.8771542200618648,0.0415377817057004,0.022536456031816175,0.05877154220061865
0.8692927484333035,0.03939122649955237,0.024171888988361683,0.06714413607878246
0.8735733099209834,0.03775241439859526,0.02370500438981563,0.0649692712906058
0.870452528837622,0.040372670807453416,0.022182786157941437,0.06699201419698314
0.8754416961130742,0.03931095406360424,0.018992932862190812,0.06625441696113074
0.8747755834829444,0.040843806104129264,0.020197486535008975,0.06418312387791741
0.8768084173608066,0.040333187198597104,0.020166593599298552,0.06269180184129768
0.873568281938326,0.038766519823788544,0.020704845814977973,0.06696035242290749
0.8737906772207564,0.03869832893579595,0.02198768689533861,0.06552330694810905
0.8702559576345984,0.03795233892321271,0.023389232127096204,0.06840247131509268
0.8758374274229567,0.036176864671728454,0.023671281822242072,0.0643144260830728
0.8728963684676705,0.03675819309123118,0.026572187776793623,0.0637732506643047
