R,A,S,N
0.0,0.0,1.0,0.0
0.0,0.5,0.5,0.0
0.0,0.4444444444444444,0.5555555555555556,0.0
0.0,0.4666666666666667,0.4,0.13333333333333333
0.0,0.47619047619047616,0.3333333333333333,0.19047619047619047
0.0,0.4666666666666667,0.26666666666666666,0.26666666666666666
0.0,0.52,0.26,0.22
0.0,0.4666666666666667,0.3466666666666667,0.18666666666666668
0.0,0.43434343434343436,0.35353535353535354,0.21212121212121213
0.014925373134328358,0.3805970149253731,0.373134328358209,0.23134328358208955
0.010752688172043012,0.3870967741935484,0.3602150537634409,0.24193548387096775
0.028455284552845527,0.3780487804878049,0.3699186991869919,0.22357723577235772
0.022727272727272728,0.39285714285714285,0.36363636363636365,0.22077922077922077
0.038860103626943004,0.39378238341968913,0.3704663212435233,0.19689119170984457
0.0423728813559322,0.3855932203389831,0.3834745762711864,0.1885593220338983
0.04121863799283154,0.3763440860215054,0.37992831541218636,0.2025089605734767
0.042105263157894736,0.3774436090225564,0.37293233082706767,0.2075187969924812
0.04475703324808184,0.3938618925831202,0.3567774936061381,0.20460358056265984
0.05387205387205387,0.3950617283950617,0.3445566778900112,0.20650953984287318
0.060894386298763085,0.38915318744053284,0.346336822074215,0.20361560418648905
0.06308610400682012,0.3793691389599318,0.34441602728047743,0.21312872975277067
0.0598159509202454,0.39493865030674846,0.3374233128834356,0.20782208588957055
0.06708160442600276,0.38865836791147995,0.32987551867219916,0.2143845089903181
0.06700379266750948,0.3836915297092288,0.3331226295828066,0.21618204804045513
0.07315634218289085,0.3858407079646018,0.3185840707964602,0.2224188790560472
0.07539900935608146,0.39020363236103467,0.3148046230049532,0.21959273527793066
0.0799364743250397,0.3864478560084701,0.3091582848067761,0.22445738485971414
0.08199195171026157,0.3817907444668008,0.3058350100603622,0.23038229376257546
0.08891060087933561,0.3873961895456766,0.2979970688812897,0.2256961406936981
0.08513640639698965,0.3852304797742239,0.30385700846660396,0.2257761053621825
0.09187442289935364,0.38180978762696216,0.3060941828254848,0.22022160664819945
0.09144409234947941,0.37301946582163875,0.3119058397464916,0.22363060208239022
0.09444941808415398,0.37869292748433303,0.30572963294538946,0.22112802148612354
0.09924343569203382,0.3684913217623498,0.30440587449933243,0.22785936804628393
0.09986565158978952,0.3703537841468876,0.29377519032691446,0.2360053739364084
0.10158311345646438,0.370712401055409,0.29815303430079154,0.22955145118733508
0.10163499779054352,0.3698630136986301,0.29960229783473263,0.22889969067609367
0.10123784261715296,0.3717948717948718,0.3010610079575597,0.22590627763041557
0.1039537983118614,0.37450022212350065,0.2989782318969347,0.22256774766770324
0.10802469135802469,0.3664021164021164,0.29717813051146386,0.22839506172839505
0.11366651923927466,0.3666519239274657,0.2914639540026537,0.22821760283060594
0.11379613356766256,0.3655536028119508,0.29525483304042177,0.22539543057996486
0.12389770723104056,0.3628747795414462,0.2874779541446208,0.2257495590828924
0.12604671661524902,0.3591890700749229,0.28338475099162624,0.23137946231820186
0.1266432953549518,0.3540753724802805,0.28659070990359337,0.2326906222611744
0.13245033112582782,0.34525386313465783,0.284326710816777,0.2379690949227373
0.1296943231441048,0.3467248908296943,0.28777292576419217,0.23580786026200873
0.13238560639715682,0.33984895601954684,0.2883163038649489,0.2394491337183474
0.13457281983178399,0.34484285081894644,0.28375387339530767,0.23683045595396193
0.1333628710677891,0.33628710677891005,0.29153743907842267,0.23881258307487815
0.1388642413487134,0.34383318544809227,0.28926353149955636,0.22803904170363798
0.13587921847246892,0.3481349911190053,0.28596802841918295,0.23001776198934282
0.1364232619151727,0.3423699169217315,0.2794053344993441,0.24180148666375165
0.14115044247787611,0.33938053097345133,0.28008849557522125,0.23938053097345133
0.13756613756613756,0.3439153439153439,0.2804232804232804,0.23809523809523808
0.13474240422721268,0.34522236900044034,0.27873183619550856,0.2413033905768384
0.13684676705048715,0.34765279007971656,0.275022143489814,0.24047829937998227
0.13620230700976044,0.3464951197870453,0.2755102040816326,0.24179236912156166
0.13424900310146212,0.34470536109880373,0.2751439964554719,0.2459016393442623
0.1356453028972783,0.33933274802458296,0.27699736611062337,0.24802458296751537
0.1384143670608848,0.3416557161629435,0.2781427945685502,0.24178712220762155
0.13513513513513514,0.3389455028799291,0.2773593265396544,0.24856003544528135
0.13579697239536956,0.3370436331255565,0.27916295636687444,0.24799643811219946
0.13698030634573305,0.3361050328227571,0.2774617067833698,0.24945295404814005
0.1383399209486166,0.33113746157224416,0.2753623188405797,0.2551602986385595
0.13784021071115013,0.33230904302019315,0.27568042142230026,0.25417032484635643
0.1335978835978836,0.3324514991181658,0.2839506172839506,0.25
0.13648293963254593,0.3328958880139983,0.2799650043744532,0.25065616797900264
0.1409455842997324,0.32515611061552185,0.28278322925958965,0.25111507582515613
0.14380825565912117,0.3257878384376387,0.28273413226808697,0.24766977363515313
0.14594356261022928,0.322310405643739,0.2808641975308642,0.2508818342151676
0.14552736982643524,0.32487761459724074,0.28304405874499333,0.24655095683133066
0.1521547933157432,0.322339489885664,0.2832014072119613,0.2423043095866315
0.14651368049426303,0.32391879964695497,0.2833186231244484,0.24624889673433362
0.14884329986905281,0.32082060235704934,0.27979048450458316,0.2505456132693147
0.1521547933157432,0.32058047493403696,0.2770448548812665,0.25021987686895336
0.1526175687666371,0.3114463176574978,0.28482697426796805,0.2511091393078971
0.15357301375943186,0.3124722592099423,0.2836218375499334,0.25033288948069243
0.15319338990620812,0.30906654756587765,0.2840553818669049,0.25368468066100935
0.15966754155730534,0.3114610673665792,0.2755905511811024,0.2532808398950131
0.15787139689578714,0.30509977827051,0.2824833702882483,0.2545454545454545
0.15819964349376114,0.30793226381461675,0.2807486631016043,0.2531194295900178
0.15826702033598586,0.3059239610963749,0.27718832891246686,0.25862068965517243
0.16133333333333333,0.30444444444444446,0.27644444444444444,0.2577777777777778
0.16484477481416704,0.3034543069523393,0.27153476169654567,0.26016615653694797
0.16137566137566137,0.30599647266313934,0.27336860670194,0.25925925925925924
0.16747252747252747,0.3010989010989011,0.27472527472527475,0.2567032967032967
0.16990291262135923,0.2992056487202118,0.27493380406001766,0.2559576345984113
0.17255075022065314,0.29567519858781993,0.2727272727272727,0.25904677846425417
0.1712901805372083,0.2954645530603259,0.26948480845442535,0.2637604579480405
0.1734333627537511,0.2978817299205649,0.2687555163283319,0.2599293909973522
0.1725043782837128,0.2946584938704028,0.2723292469352014,0.260507880910683
0.1734333627537511,0.30097087378640774,0.26831421006178285,0.25728155339805825
0.17448487505480054,0.29592284085927223,0.2744410346339325,0.25515124945199474
0.16909492273730684,0.30242825607064017,0.27240618101545255,0.2560706401766004
0.17206654991243434,0.30297723292469353,0.26882661996497376,0.2561295971978984
0.17885462555066078,0.29955947136563876,0.26519823788546254,0.2563876651982379
0.17662682602921648,0.2957060646303674,0.27091633466135456,0.25675077467906154
0.17612874385337507,0.28877961555654896,0.2749217702279839,0.2601698703620921
0.1751111111111111,0.2853333333333333,0.2733333333333333,0.26622222222222225
0.17250554323725056,0.29312638580931266,0.27184035476718404,0.26252771618625276
0.17391304347826086,0.2902942468159859,0.2736056214317084,0.2621870882740448
0.16747252747252747,0.29494505494505496,0.2703296703296703,0.2672527472527473
0.1711111111111111,0.28933333333333333,0.26711111111111113,0.27244444444444443
0.175,0.2850877192982456,0.26535087719298245,0.27456140350877195
0.17447568049977688,0.2815707273538599,0.26595269968763946,0.2780008924587238
0.17976031957390146,0.2782956058588549,0.26808699511762096,0.27385707944962273
0.17978021978021977,0.2773626373626374,0.2681318681318681,0.27472527472527475
0.1799126637554585,0.26812227074235806,0.27379912663755457,0.2781659388646288
0.17849272807404143,0.2736888497135302,0.26928162185985016,0.2785368003525782
0.18149934239368698,0.2766330556773345,0.265234546251644,0.2766330556773345
0.17667844522968199,0.2778268551236749,0.26325088339222613,0.28224381625441697
0.17610891523935002,0.27931488801054016,0.26438296003513395,0.28019323671497587
0.18403547671840353,0.2727272727272727,0.2620842572062084,0.2811529933481153
0.18356643356643357,0.27534965034965037,0.26136363636363635,0.27972027972027974
0.18585237258347978,0.27240773286467485,0.257908611599297,0.28383128295254834
0.18702798756108396,0.2643269657929809,0.2612172367836517,0.28742780986228345
0.18467670504871567,0.26660761736049604,0.25730735163861823,0.2914083259521701
0.17680776014109348,0.26499118165784835,0.25485008818342153,0.30335097001763667
0.17367949865711726,0.26499552372426144,0.25425246195165624,0.3070725156669651
0.17398869073510223,0.2696824706394084,0.2592431491953023,0.29708568943018704
0.17939609236234458,0.2682060390763766,0.2531083481349911,0.29928952042628776
0.1796594982078853,0.267921146953405,0.2531362007168459,0.2992831541218638
0.17391304347826086,0.2740447957839262,0.25296442687747034,0.29907773386034253
0.17452006980802792,0.2844677137870855,0.2486910994764398,0.29232111692844676
0.17797356828193833,0.28370044052863436,0.24493392070484582,0.2933920704845815
0.1763668430335097,0.2804232804232804,0.2495590828924162,0.29365079365079366
0.18016821602478972,0.28065515714918104,0.24258521469676847,0.2965914121292607
0.18371886120996442,0.27669039145907476,0.23976868327402134,0.2998220640569395
0.18788410886742757,0.2677787532923617,0.23880597014925373,0.305531167690957
0.1840034965034965,0.26704545454545453,0.2395104895104895,0.3094405594405594
0.1801762114537445,0.2709251101321586,0.2475770925110132,0.3013215859030837
0.17939764295067656,0.2684417285028372,0.24487123526844173,0.3072893932780445
0.17984014209591473,0.27353463587921845,0.24822380106571937,0.2984014209591474
0.17972554227534307,0.2695883134130146,0.24391323594510844,0.30677290836653387
0.18193950177935944,0.273576512455516,0.24644128113879005,0.29804270462633453
0.1900571931368236,0.27144742630884294,0.24593048834139902,0.29256489221293447
0.19533655961284646,0.2652881654201496,0.25296964364276286,0.2864056313242411
0.19956043956043956,0.269010989010989,0.25054945054945055,0.28087912087912087
0.20298769771529,0.265817223198594,0.2548330404217926,0.27636203866432335
0.21208112874779542,0.2623456790123457,0.2495590828924162,0.2760141093474427
0.21249450065992082,0.2595688517377915,0.2498900131984162,0.27804663440387156
0.21416007036059806,0.2647317502198769,0.24450307827616535,0.27660510114335973
0.2263901147396293,0.2546337157987643,0.24271844660194175,0.2762577228596646
0.23273207215134184,0.25604927408710954,0.23713154421469423,0.2740871095468544
0.22689443714410862,0.26412614980289095,0.2360928602715725,0.2728865527814279
0.23513986013986013,0.26486013986013984,0.23208041958041958,0.2679195804195804
0.24626209322779244,0.2638522427440633,0.22559366754617413,0.2642919964819701
0.2398230088495575,0.26371681415929205,0.22212389380530972,0.2743362831858407
0.2410323709536308,0.26202974628171477,0.22353455818022747,0.27340332458442695
0.24124168514412417,0.25543237250554324,0.22749445676274946,0.27583148558758314
0.2392449517120281,0.25021949078138717,0.23002633889376647,0.28050921861281825
0.2417391304347826,0.24913043478260868,0.22652173913043477,0.2826086956521739
0.24769433465085638,0.24989020641194554,0.22266139657444006,0.279754062362758
0.24716652136006975,0.24978204010462074,0.22406277244986922,0.27898866608544026
0.2433392539964476,0.2455595026642984,0.22735346358792186,0.28374777975133214
0.24834874504623514,0.23866138265081463,0.22457067371202113,0.2884191985909291
0.2527618205921343,0.24259832081307997,0.22271321254971277,0.2819266460450729
0.2577502214348981,0.2382639503985828,0.22187776793622674,0.2821080602302923
0.2541557305336833,0.2458442694663167,0.21828521434820647,0.28171478565179353
0.25754884547069273,0.24289520426287745,0.21936056838365897,0.2801953818827709
0.2639683238011439,0.24153101627804663,0.21821381434227893,0.27628684557853056
0.26369257950530034,0.24469964664310953,0.21157243816254417,0.28003533568904593
0.2619991193306913,0.2426243945398503,0.21400264200792601,0.2813738441215324
0.26107942079859586,0.24177270732777534,0.2150065818341378,0.282141290039491
0.2591273374888691,0.2444345503116652,0.21326803205699021,0.2831700801424755
0.26294995610184374,0.2414398595258999,0.2115891132572432,0.2840210711150132
0.2662852112676056,0.2460387323943662,0.20818661971830985,0.2794894366197183
0.2704485488126649,0.24934036939313983,0.2022867194371152,0.27792436235708
0.26687251874724305,0.24261138067931187,0.20291133656815175,0.28760476400529333
0.2630173564753004,0.24566088117489987,0.20249221183800623,0.2888295505117935
0.2658959537572254,0.24232992441084927,0.20675855935971543,0.2850155624722099
0.2646928855501547,0.24480777728678746,0.20326999558108705,0.28722934158197083
0.2666372851476421,0.24548259144997797,0.20669898633759365,0.28118113706478626
0.2652425456163774,0.24299065420560748,0.2091677792612372,0.2825990209167779
0.2664604507291206,0.24701723376049492,0.21078214759169245,0.275740167918692
0.26823940585408473,0.24639580602883354,0.218435998252512,0.2669287898645697
0.2654320987654321,0.2429453262786596,0.22001763668430335,0.2716049382716049
0.26094648385670055,0.24812030075187969,0.22202565236620964,0.2689075630252101
0.2629955947136564,0.24361233480176211,0.2211453744493392,0.27224669603524226
0.2608503100088574,0.24047829937998227,0.22143489813994685,0.27723649247121346
0.26297273526824977,0.24538258575197888,0.2198768689533861,0.2717678100263852
0.26689925861317054,0.2477104230266027,0.21674662014827736,0.2686436982119494
0.27060379021595415,0.25209343323049804,0.2128691053327457,0.26443367122080214
0.2676991150442478,0.25619469026548675,0.21327433628318584,0.2628318584070796
0.27444933920704845,0.25462555066079295,0.20616740088105726,0.2647577092511013
0.2731297034085879,0.25232403718459495,0.21115537848605578,0.2633908809207614
0.2760575665067597,0.24814653292629743,0.2136938508504143,0.26210204971652856
0.27344090710859137,0.2533798517226341,0.2093327518534671,0.26384648931530746
0.2793791574279379,0.25144124168514415,0.20620842572062084,0.26297117516629714
0.27627494456762747,0.25144124168514415,0.20709534368070953,0.26518847006651886
0.2772190642763446,0.2466112811543507,0.20813292522955837,0.26803672933974637
0.28096280087527353,0.24770240700218818,0.20612691466083152,0.26520787746170676
0.2804232804232804,0.25044091710758376,0.2072310405643739,0.2619047619047619
0.2755281690140845,0.2522007042253521,0.20994718309859156,0.2623239436619718
0.28126390743213175,0.24922118380062305,0.2136181575433912,0.255896751223854
0.2782222222222222,0.24844444444444444,0.22,0.25333333333333335
0.265929203539823,0.25398230088495577,0.22123893805309736,0.2588495575221239
0.263042525208242,0.2569048662867163,0.22139412538360367,0.25865848312143797
0.26865008880994673,0.25266429840142096,0.216696269982238,0.2619893428063943
0.2684117125110914,0.2528837622005324,0.2178349600709849,0.2608695652173913
0.2687029659141213,0.2558654271801682,0.21868083222664897,0.25675077467906154
0.27439824945295405,0.2564551422319475,0.21706783369803062,0.25207877461706785
0.27886323268206037,0.2544404973357016,0.21980461811722912,0.2468916518650089
0.2763507528786537,0.2546501328609389,0.22187776793622674,0.2471213463241807
0.281305114638448,0.25396825396825395,0.21252204585537918,0.25220458553791886
0.28558758314855875,0.24966740576496674,0.21507760532150777,0.24966740576496674
0.27882507672073653,0.25602805786935556,0.2117492327926348,0.2533976326172731
0.2774363476733977,0.2581211589113257,0.20939420544337137,0.2550482879719052
0.27973568281938327,0.2599118942731278,0.20440528634361232,0.25594713656387663
0.2740511915269197,0.2581641659311562,0.20520741394527803,0.26257722859664606
0.2713722051731697,0.2661113546690048,0.20254274441034634,0.2599736957474792
0.26619343389529726,0.2670807453416149,0.20319432120674358,0.26353149955634425
0.2663427561837456,0.26501766784452296,0.20715547703180212,0.26148409893992935
0.2710526315789474,0.26710526315789473,0.19956140350877194,0.26228070175438595
0.26722246599385696,0.26722246599385696,0.20096533567354102,0.26458973233874505
0.27151730257320317,0.2706299911268855,0.20008873114463177,0.2577639751552795
0.275355871886121,0.26512455516014233,0.19750889679715303,0.26201067615658363
0.27929515418502204,0.27004405286343613,0.19118942731277533,0.2594713656387665
0.2838852097130243,0.2635761589403974,0.1947019867549669,0.2578366445916115
0.2857768052516411,0.263019693654267,0.1912472647702407,0.25995623632385123
0.28796498905908097,0.25339168490153174,0.19737417943107222,0.2612691466083151
0.28790534618755476,0.25153374233128833,0.19807186678352323,0.2624890446976337
0.2887323943661972,0.2482394366197183,0.19982394366197184,0.2632042253521127
0.2884026258205689,0.2485776805251641,0.20306345733041575,0.25995623632385123
0.29126637554585155,0.2497816593886463,0.19956331877729258,0.2593886462882096
0.29516760992599045,0.24814976055724858,0.1937309534175011,0.2629516760992599
0.29422143802382,0.2518747243052492,0.19320688134097927,0.2606969563299515
0.2939885914874945,0.25274243089074155,0.19218955682316805,0.26107942079859586
0.2995614035087719,0.24868421052631579,0.1925438596491228,0.25921052631578945
0.29683377308707126,0.2510993843447669,0.1917326297273527,0.26033421284080915
0.29771328056288476,0.2436235708003518,0.19525065963060687,0.26341248900615655
0.29326287978863935,0.24966974900924702,0.19947159841479525,0.2575957727873184
0.2957559681697613,0.2480106100795756,0.19849690539345713,0.257736516357206
0.29096545615589015,0.24357838795394154,0.2046058458813109,0.2608503100088574
0.29383044829116733,0.24545051043053706,0.20195295162006213,0.25876608965823344
0.2906097018246551,0.24788607031597687,0.20738762794837562,0.25411659991099245
0.29251101321585904,0.24493392070484582,0.20616740088105726,0.2563876651982379
0.29440282062582634,0.24239753195240193,0.21066549140590568,0.25253415601586604
0.3022437307523097,0.2410910690717114,0.20765508139023317,0.24901011878574572
0.29048042704626337,0.23976868327402134,0.21619217081850534,0.25355871886120995
0.29403973509933773,0.2410596026490066,0.21501103752759382,0.24988962472406182
0.2891141472014103,0.24239753195240193,0.21947994711326577,0.249008373732922
0.29525483304042177,0.23637961335676624,0.21748681898066785,0.2508787346221441
0.297787610619469,0.23628318584070795,0.21017699115044247,0.2557522123893805
0.3032967032967033,0.23032967032967033,0.20967032967032967,0.2567032967032967
0.3051224944320713,0.2285077951002227,0.2133630289532294,0.25300668151447664
0.29855958096900914,0.23090353557398516,0.2130074203404627,0.257529463116543
0.30569033965593295,0.22496691662990737,0.21879135421261578,0.2505513895015439
0.30556773345024113,0.23060061376589217,0.21569487067075843,0.24813678211310827
0.30537061695517087,0.2268086995117621,0.2139369729249889,0.25388371060807813
0.3072847682119205,0.2326710816777042,0.2194260485651214,0.24061810154525387
0.3057017543859649,0.23026315789473684,0.2179824561403509,0.24605263157894736
0.3046704495853339,0.23221300742034046,0.2221737232649498,0.2409428197293758
0.30221238938053097,0.22964601769911505,0.22389380530973452,0.24424778761061947
0.30393013100436683,0.23100436681222708,0.22314410480349345,0.24192139737991267
0.31054512957998215,0.2256478999106345,0.22162645218945487,0.2421805183199285
0.30616740088105726,0.22555066079295155,0.22290748898678414,0.24537444933920705
0.3120035304501324,0.22462488967343336,0.21712268314210062,0.24624889673433362
0.31084656084656087,0.22354497354497355,0.21693121693121692,0.24867724867724866
0.3089395267309378,0.22699386503067484,0.2151621384750219,0.24890446976336547
0.30574098798397864,0.2349799732977303,0.210057854917668,0.24922118380062305
0.3085153811859117,0.23138653588943378,0.20909496210432457,0.25100312082032994
0.3141338059370846,0.22995126273814798,0.2108994240141781,0.24501550731058927
0.3152317880794702,0.2304635761589404,0.2097130242825607,0.2445916114790287
0.31847968545216254,0.23416339012669288,0.2035823503713412,0.2437745740498034
0.3223654957759004,0.23966207203201423,0.19475322365495776,0.2432192085371276
0.3256219991270188,0.2409428197293758,0.19205587079877784,0.2413793103448276
0.31929046563192903,0.2443458980044346,0.1942350332594235,0.24212860310421286
0.32661113546690046,0.24419114423498467,0.1968434896975011,0.23235423060061378
0.32436010591350395,0.24227714033539277,0.19593998234774934,0.23742277140335394
0.32397504456327986,0.24197860962566844,0.19385026737967914,0.24019607843137256
0.3212869105332746,0.24636403702071397,0.19347730277655356,0.2388717496694579
0.3221830985915493,0.24691901408450703,0.19410211267605634,0.2367957746478873
0.32395604395604394,0.24615384615384617,0.19384615384615383,0.23604395604395603
0.3271523178807947,0.24944812362030905,0.18984547461368653,0.2335540838852097
0.32431233362910383,0.243566992014197,0.19165927240461403,0.24046140195208518
0.3307017543859649,0.2412280701754386,0.19035087719298247,0.23771929824561402
0.32861565678903143,0.2476780185758514,0.18531623175586023,0.23839009287925697
0.32571428571428573,0.24747252747252746,0.18813186813186814,0.23868131868131867
0.3320017754105637,0.23923657345761207,0.18597425654682645,0.2427873945849978
0.33465433729634525,0.2426243945398503,0.1805372082782915,0.242184059885513
0.33856893542757416,0.23821989528795812,0.18019197207678883,0.2430191972076789
0.3371328364752302,0.22972380534853135,0.1841297676457694,0.2490135905304691
0.34690265486725663,0.23584070796460177,0.18097345132743362,0.23628318584070795
0.344675209898365,0.22801590808661068,0.18957136544410075,0.23773751657092354
0.3423110338835795,0.22458731537793222,0.1894005212858384,0.24370112945264988
0.3466312056737589,0.22650709219858156,0.18262411347517732,0.24423758865248227
0.3486640385457731,0.22295225580376699,0.18528252299605782,0.24310118265440211
0.3534368070953437,0.22172949002217296,0.188470066518847,0.23636363636363636
0.35100788781770376,0.2291849255039439,0.18624014022787028,0.23356704645048204
0.3552515445719329,0.23345101500441306,0.1849073256840247,0.2263901147396293
0.34966887417218545,0.2410596026490066,0.1814569536423841,0.22781456953642384
0.34009704455227174,0.24261138067931187,0.1835024261138068,0.23378914865460962
0.3422818791946309,0.24161073825503357,0.17718120805369128,0.2389261744966443
0.3444639718804921,0.24121265377855888,0.17530755711775045,0.2390158172231986
0.3487044356609574,0.23583662714097497,0.17654808959156784,0.23891084760649978
0.34901098901098904,0.23736263736263735,0.1753846153846154,0.23824175824175825
0.35505028421512896,0.22824661128115434,0.17971141233056406,0.2369916921731526
0.35517693315858456,0.2324159021406728,0.17212756662297946,0.24027959807776322
0.35539000876424187,0.23400525854513585,0.17177914110429449,0.2388255915863278
0.3592105263157895,0.23596491228070177,0.16842105263157894,0.23640350877192984
0.35890652557319225,0.23412698412698413,0.1715167548500882,0.23544973544973544
0.35143487858719646,0.23443708609271524,0.1695364238410596,0.2445916114790287
0.3489399293286219,0.23056537102473498,0.1696113074204947,0.2508833922261484
0.35200705778561975,0.22717247463608292,0.16718129686810762,0.25363917071018965
0.36119665640123183,0.22085349758029035,0.16322041355037395,0.2547294324681038
0.3612931411096549,0.22105723023154217,0.16076889471384884,0.25688073394495414
0.3549382716049383,0.22134038800705466,0.164021164021164,0.25970017636684306
0.355456570155902,0.22093541202672606,0.16481069042316257,0.25879732739420935
0.35541904344010533,0.22027204914436158,0.1636682755594559,0.2606406318560772
0.35414847161572055,0.22314410480349345,0.1633187772925764,0.2593886462882096
0.35673541026766126,0.2198332602018429,0.16761737604212373,0.2558139534883721
0.35992985532661115,0.21964050854888206,0.16133274879438841,0.2590968873301184
0.35518157661647476,0.2174490699734278,0.1705048715677591,0.25686448184233834
0.3487044356609574,0.22134387351778656,0.17391304347826086,0.2560386473429952
0.3428446005267779,0.22036874451273047,0.1804214223002634,0.25636523266022826
0.34214002642007924,0.22236900044033464,0.1831792162043153,0.2523117569352708
0.3413884007029877,0.21704745166959577,0.18189806678383127,0.2596660808435852
0.34145261293179807,0.21567759078830823,0.18467670504871567,0.258193091231178
0.33537921964050854,0.21788689171416045,0.18281455501972818,0.2639193336256028
0.3340620900743332,0.2133799737647573,0.1888937472671622,0.26366418889374726
0.33245614035087717,0.21271929824561403,0.1956140350877193,0.25921052631578945
0.3260105448154657,0.2139718804920914,0.19420035149384884,0.265817223198594
0.32563208369659985,0.2118570183086312,0.1931124673060157,0.26939843068875324
0.32806324110671936,0.2090469916556873,0.19411506368028106,0.26877470355731226
0.33069132540730956,0.2056362835755174,0.19991193306913255,0.2637604579480405
0.3277972027972028,0.20804195804195805,0.19755244755244755,0.2666083916083916
0.33274257864421797,0.2108994240141781,0.19849357554275587,0.25786442179884805
0.33348095659876,0.20504871567759078,0.1979627989371125,0.26350752878653677
0.3362949800088849,0.20746334962239005,0.1959129275877388,0.2603287427809862
0.33729111697449426,0.21459982409850484,0.19349164467897978,0.2546174142480211
0.33744493392070485,0.21013215859030837,0.19295154185022026,0.2594713656387665
0.33508541392904073,0.21243977222952257,0.19404292597459483,0.25843188786684185
0.33391455972101136,0.21490845684394072,0.1926765475152572,0.25850043591979077
0.3352173913043478,0.2182608695652174,0.1956521739130435,0.2508695652173913
0.3361270401411557,0.21835024261138067,0.19894133215703572,0.24658138509042787
0.335971855760774,0.21723834652594548,0.19744942832014073,0.24934036939313983
0.3383128295254833,0.2148506151142355,0.19727592267135324,0.24956063268892795
0.335387323943662,0.20774647887323944,0.20378521126760563,0.25308098591549294
0.3390728476821192,0.2097130242825607,0.20088300220750552,0.2503311258278146
0.34646017699115045,0.2075221238938053,0.19646017699115045,0.24955752212389382
0.3447669305189094,0.20492524186455585,0.2009674582233949,0.24934036939313983
0.34338138925294887,0.20882481432940148,0.19965050240279597,0.24814329401485366
0.34156015866020273,0.2128691053327457,0.19656236227412957,0.249008373732922
0.34173297966401417,0.21441202475685234,0.1918656056587091,0.2519893899204244
0.3394656154183092,0.21594393342093737,0.19097678493210687,0.2536136662286465
0.34347442680776014,0.21957671957671956,0.19091710758377425,0.24603174603174602
0.3477879982479194,0.21243977222952257,0.18791064388961892,0.2518615856329391
0.3485183547103052,0.21716054842989826,0.1959310039805396,0.23839009287925697
0.34383318544809227,0.22271517302573204,0.19032830523513752,0.24312333629103816
0.3481123792800702,0.2212467076382792,0.18920105355575065,0.2414398595258999
0.34882691456396636,0.21779548472775564,0.1943337760070828,0.23904382470119523
0.3487654320987654,0.21825396825396826,0.1984126984126984,0.2345679012345679
0.349312028406569,0.20949844651575678,0.20195295162006213,0.23923657345761207
0.34948866162738995,0.20942641173855048,0.19831036016007114,0.24277456647398843
0.358883473637572,0.20558263181214,0.19051838723969872,0.24501550731058927
0.3567950420540062,0.20185922974767595,0.1943337760070828,0.24701195219123506
0.3555750658472344,0.2054433713784021,0.19139596136962247,0.247585601404741
0.34938704028021017,0.20665499124343256,0.18476357267950963,0.2591943957968476
0.35083848190644307,0.2091791703442189,0.18314210061782876,0.25684024713150927
0.349647266313933,0.20811287477954143,0.18165784832451498,0.2605820105820106
0.3508082131935343,0.21231979030144169,0.1799912625600699,0.25688073394495414
0.35430318916557446,0.21188291830493666,0.1764962865880297,0.25731760594145914
0.35008818342151676,0.20767195767195767,0.17901234567901234,0.26322751322751325
0.3540399652476108,0.20894874022589052,0.1789748045178106,0.2580364900086881
0.3561341571050309,0.2087378640776699,0.176522506619594,0.2586054721977052
0.359375,0.2138392857142857,0.16830357142857144,0.2584821428571429
0.36484098939929327,0.21201413427561838,0.1687279151943463,0.254416961130742
0.36853637160385627,0.2116564417177914,0.16652059596844873,0.2532865907099036
0.3673559172899252,0.21557413110426749,0.161460624725033,0.2556093268807743
0.3670774647887324,0.21742957746478872,0.16109154929577466,0.25440140845070425
0.3637969094922737,0.21721854304635763,0.16379690949227374,0.25518763796909494
0.3605112384310269,0.21947994711326577,0.16923754958131335,0.250771264874394
0.36479929422143803,0.22011468901632114,0.16718129686810762,0.2479047198941332
0.3658751099384345,0.22207563764291996,0.16490765171503957,0.24714160070360597
0.3655536028119508,0.22319859402460457,0.16300527240773285,0.2482425307557118
0.37093942054433715,0.22519754170324846,0.15978928884986832,0.2440737489025461
0.37063246351172047,0.22246793454223796,0.15966386554621848,0.24723573639982308
0.3740122914837577,0.22388059701492538,0.15364354697102722,0.24846356453028973
0.3726086956521739,0.22,0.15565217391304348,0.25173913043478263
0.3696035242290749,0.22599118942731278,0.1581497797356828,0.24625550660792953
0.37195931003980537,0.22821760283060594,0.16275984077841663,0.23706324635117204
0.3712914485165794,0.23036649214659685,0.15924956369982549,0.23909249563699825
0.3732394366197183,0.23151408450704225,0.15669014084507044,0.238556338028169
0.37549756744803187,0.22069880583812473,0.16054842989827509,0.24325519681556834
0.3758241758241758,0.21670329670329672,0.16439560439560438,0.24307692307692308
0.37738301559792026,0.2188041594454073,0.16334488734835356,0.2404679376083189
0.3786407766990291,0.21579876434245365,0.1588702559576346,0.24669020300088262
0.3844804910127137,0.22183252959228408,0.15124945199473916,0.24243752740026303
0.381978021978022,0.22681318681318682,0.1476923076923077,0.24351648351648353
0.37625491051942384,0.2343954604975993,0.14927979048450457,0.24006983849847227
0.37636761487964987,0.23544857768052516,0.1461706783369803,0.24201312910284464
0.3861123396727112,0.23971693940734187,0.14241486068111456,0.23175586023883238
0.38685487428319365,0.2368769298632554,0.14600794000882222,0.23026025584472873
0.39015817223198596,0.23462214411247803,0.14367311072056238,0.23154657293497363
0.38849868305531166,0.233099209833187,0.14266900790166814,0.23573309920983318
0.3857957036387549,0.2354230600613766,0.14555019728189392,0.23323103901797457
0.3816895179124281,0.23839009287925697,0.1450685537372844,0.23485183547103053
0.3783783783783784,0.2405848471422242,0.14443952148870182,0.23659725299069562
0.38000880669308673,0.23690004403346543,0.15147512109202993,0.23161602818141788
0.37770897832817335,0.2419283502874834,0.15170278637770898,0.22865988500663423
0.3748898678414097,0.2422907488986784,0.1511013215859031,0.23171806167400882
0.3796698523023458,0.23327541268462207,0.14900086880973068,0.2380538662033015
0.38210665491405904,0.23182018510356986,0.14367562802996914,0.24239753195240193
0.3796744390673119,0.23669159700835898,0.1469423669159701,0.23669159700835898
0.38172992056487204,0.23433362753751102,0.14607237422771405,0.23786407766990292
0.37643932683790965,0.23560673162090345,0.15101860053144375,0.23693534100974314
0.37928007023705007,0.23353819139596138,0.15013169446883232,0.2370500438981563
0.3756660746003552,0.2344582593250444,0.15008880994671403,0.23978685612788633
0.37544483985765126,0.23487544483985764,0.1534697508896797,0.2362099644128114
0.3717948717948718,0.23563218390804597,0.15163572060123784,0.2409372236958444
0.3694690265486726,0.2336283185840708,0.15309734513274337,0.24380530973451328
0.3805543334799824,0.22921249450065992,0.1539815222173339,0.23625164980202376
0.37917398945518455,0.22803163444639718,0.15070298769771528,0.242091388400703
0.3756054601497138,0.22589167767503301,0.1554381329810656,0.2430647291941876
0.3832599118942731,0.22246696035242292,0.15462555066079295,0.239647577092511
0.380449141347424,0.22413033905768384,0.15147512109202993,0.24394539850286218
0.38427365615282094,0.21812527765437584,0.1528209684584629,0.24478009773434029
0.3857395925597874,0.22586359610274578,0.15234720992028344,0.23604960141718334
0.3873395307658256,0.21956617972554227,0.1531651173085436,0.23992917220008853
0.38796133567662566,0.21660808435852372,0.15114235500878734,0.24428822495606328
0.3913808267370273,0.218117854001759,0.148636763412489,0.2418645558487247
0.3940995156318802,0.21796565389696168,0.1448701012769705,0.2430647291941876
0.38859649122807016,0.21447368421052632,0.14956140350877192,0.24736842105263157
0.3945518453427065,0.21309314586994726,0.14630931458699473,0.2460456942003515
0.3809312638580931,0.2155210643015521,0.14811529933481152,0.25543237250554324
0.3732517482517482,0.21765734265734266,0.1486013986013986,0.26048951048951047
0.37122557726465366,0.20959147424511546,0.14964476021314388,0.26953818827708703
0.3720827829150154,0.21268163804491413,0.1444297666226332,0.27080581241743723
0.37180616740088107,0.21674008810572687,0.14273127753303966,0.2687224669603524
0.3766637089618456,0.21561668145519078,0.1419698314108252,0.2657497781721384
0.3773751657092355,0.2147591692443659,0.14052143172779497,0.26734423331860363
0.37742504409171074,0.2156084656084656,0.14285714285714285,0.2641093474426808
0.3777484608619173,0.2167985927880387,0.13896218117854,0.26649076517150394
0.37822222222222224,0.2111111111111111,0.14355555555555555,0.26711111111111113
0.3778966131907308,0.21345811051693406,0.1408199643493761,0.267825311942959
0.3802754331408263,0.20435362061306087,0.15015548645046645,0.26521545979564637
0.38886453309951774,0.20210434020166593,0.1446733888645331,0.26435773783428324
0.39157427937915745,0.2017738359201774,0.14811529933481152,0.25853658536585367
0.3879539415411869,0.19973427812223207,0.14570416297608504,0.26660761736049604
0.38417329796640143,0.20114942528735633,0.15030946065428824,0.26436781609195403
0.38386090057958094,0.20017833259028087,0.15113687026304057,0.26482389656709765
0.3908450704225352,0.19718309859154928,0.1522887323943662,0.2596830985915493
0.3928728552573691,0.19841619005719313,0.15266168059832821,0.25604927408710954
0.396118217909131,0.19585355094838994,0.15041905602117336,0.2576091751213057
0.387746170678337,0.1986870897155361,0.15185995623632384,0.2617067833698031
0.3885941644562334,0.1927497789566755,0.15649867374005305,0.26215738284703805
0.39019001325673885,0.18912947414935927,0.15554573574900574,0.26513477684489617
0.3890362511052166,0.1883289124668435,0.15473032714412024,0.26790450928381965
0.3915715539947322,0.18437225636523266,0.15100965759438104,0.2730465320456541
0.38796133567662566,0.19024604569420034,0.15377855887521968,0.2680140597539543
0.38243006993006995,0.19055944055944055,0.15253496503496503,0.2744755244755245
0.3808267370272647,0.19041336851363236,0.15523306948109059,0.27352682497801234
0.3906040268456376,0.19015659955257272,0.15257270693512304,0.26666666666666666
0.38232720909886264,0.1889763779527559,0.157917760279965,0.27077865266841644
0.3930457746478873,0.1835387323943662,0.15580985915492956,0.2676056338028169
0.38849557522123895,0.181858407079646,0.15486725663716813,0.27477876106194693
0.3966356795042054,0.1783975210270031,0.15670650730411687,0.2682602921646746
0.3943908851884312,0.17703768624014024,0.15907099035933392,0.26950043821209463
0.39523599470666076,0.17820908689898543,0.1627701808557565,0.26378473753859727
0.39639243290805104,0.1781786185657721,0.16234051913770348,0.2630884293884734
0.391304347826087,0.18225735617039965,0.16644707949055776,0.25999121651295565
0.3921654929577465,0.18485915492957747,0.16593309859154928,0.25704225352112675
0.38678414096916297,0.18854625550660792,0.1647577092511013,0.2599118942731278
0.38923212709620475,0.18711385701676964,0.16372462488967343,0.2599293909973522
0.3921143847487002,0.18457538994800693,0.16204506065857885,0.26126516464471405
0.388913330400352,0.1803783545974483,0.16849978002639684,0.2622085349758029
0.39128540305010895,0.17908496732026144,0.16732026143790849,0.2623093681917211
0.38857142857142857,0.18285714285714286,0.16439560439560438,0.2641758241758242
0.3797692990239574,0.18278615794143743,0.1681455190771961,0.26929902395740907
0.37555555555555553,0.18488888888888888,0.16533333333333333,0.2742222222222222
0.37841409691629957,0.1841409691629956,0.1669603524229075,0.27048458149779736
0.36830553116769094,0.19051799824407376,0.16988586479367868,0.2712906057945566
0.36930561698363557,0.18575851393188855,0.17027863777089783,0.27465723131357805
0.36965152183502425,0.1879135421261579,0.1658579620644023,0.27657697397441555
0.37191901408450706,0.18309859154929578,0.16901408450704225,0.27596830985915494
0.3791111111111111,0.1791111111111111,0.1648888888888889,0.2768888888888889
0.37101063829787234,0.18351063829787234,0.16578014184397163,0.2796985815602837
0.37067833698030633,0.18468271334792122,0.16323851203501094,0.2814004376367615
0.3687199650502403,0.18130187854958496,0.16775884665792923,0.2822193097422455
0.3761508110477861,0.17536168347216133,0.16396317404647084,0.28452433143358175
0.36937334510150044,0.17299205648720212,0.16637246248896734,0.2912621359223301
0.3674008810572687,0.17577092511013215,0.16916299559471365,0.28766519823788544
0.3740053050397878,0.17595048629531387,0.16003536693191867,0.29000884173297964
0.37093942054433715,0.17603160667251974,0.16066725197541704,0.2923617208077261
0.37472283813747226,0.17427937915742794,0.1574279379157428,0.293569844789357
0.3701098901098901,0.1723076923076923,0.16043956043956045,0.29714285714285715
0.37587719298245614,0.16973684210526316,0.15964912280701754,0.29473684210526313
0.3743993010048056,0.17256443861948448,0.1581476627348187,0.2948885976408912
0.3716424482606781,0.17745486569793043,0.16204315279612505,0.2888595332452664
0.37422771403353927,0.17740511915269197,0.16284201235657547,0.2855251544571933
0.38478355924792307,0.17533887188456493,0.16265850459116746,0.2772190642763446
0.38373626373626374,0.17582417582417584,0.16527472527472528,0.27516483516483514
0.37917398945518455,0.1766256590509666,0.1634446397188049,0.28075571177504394
0.379584622182943,0.1780821917808219,0.1643835616438356,0.27794962439239945
0.38345864661654133,0.17868199911543564,0.15922158337019018,0.2786377708978328
0.38139329805996475,0.17989417989417988,0.16137566137566137,0.27733686067019403
0.38097306689834926,0.18245004344048654,0.16507384882710685,0.27150304083405735
0.38145695364238413,0.17483443708609273,0.17130242825607064,0.27240618101545255
0.38331854480922806,0.17879325643300797,0.16770186335403728,0.2701863354037267
0.3858577040593627,0.17154081187254475,0.16586643387167177,0.27673505019642075
0.39016963897346674,0.1692040017398869,0.16572422792518487,0.2749021313614615
0.3996455471865308,0.16526362428001773,0.1643774922463447,0.27071333628710675
0.400972590627763,0.16666666666666666,0.16976127320954906,0.2625994694960212
0.39621811785400174,0.16710642040457344,0.16710642040457344,0.2695690413368514
0.3970912296165712,0.16791538122520935,0.16703393565447333,0.26795945350374617
0.4046675473359753,0.16732716864817263,0.16160281814178776,0.2664024658740643
0.4023799030409872,0.16747465843984133,0.16438959894226532,0.2657558395769061
0.4021210782147592,0.16703490941228458,0.16173221387538667,0.2691117984975696
0.40184859154929575,0.16065140845070422,0.16461267605633803,0.272887323943662
0.40087912087912086,0.16175824175824177,0.16483516483516483,0.2725274725274725
0.4062776304155615,0.16666666666666666,0.15870910698496907,0.26834659593280286
0.40763765541740676,0.16829484902309058,0.15896980461811722,0.2650976909413854
0.4094903339191564,0.16300527240773285,0.16036906854130054,0.2671353251318102
