R,A,S,N
1.0,0.0,0.0,0.0
0.6666666666666666,0.0,0.3333333333333333,0.0
0.6666666666666666,0.0,0.3333333333333333,0.0
0.5555555555555556,0.0,0.4444444444444444,0.0
0.5384615384615384,0.0,0.46153846153846156,0.0
0.55,0.0,0.45,0.0
0.5,0.038461538461538464,0.46153846153846156,0.0
0.5142857142857142,0.02857142857142857,0.45714285714285713,0.0
0.46808510638297873,0.0851063829787234,0.44680851063829785,0.0
0.4666666666666667,0.11666666666666667,0.38333333333333336,0.03333333333333333
0.45348837209302323,0.13953488372093023,0.3953488372093023,0.011627906976744186
0.4406779661016949,0.1440677966101695,0.3898305084745763,0.025423728813559324
0.4797297297297297,0.16216216216216217,0.32432432432432434,0.033783783783783786
0.4731182795698925,0.1881720430107527,0.2903225806451613,0.04838709677419355
0.4811715481171548,0.18828451882845187,0.27615062761506276,0.05439330543933055
0.445993031358885,0.20209059233449478,0.2926829268292683,0.059233449477351915
0.4647887323943662,0.18591549295774648,0.29577464788732394,0.05352112676056338
0.454320987654321,0.20246913580246914,0.2740740740740741,0.0691358024691358
0.4449152542372881,0.211864406779661,0.2605932203389831,0.0826271186440678
0.42363636363636364,0.22545454545454546,0.26181818181818184,0.0890909090909091
0.42948717948717946,0.23557692307692307,0.24358974358974358,0.09134615384615384
0.42368045649072755,0.24251069900142652,0.23109843081312412,0.10271041369472182
0.4128787878787879,0.24621212121212122,0.25126262626262624,0.08964646464646464
0.4133180252583238,0.24569460390355913,0.2365097588978186,0.1044776119402985
0.4164070612668744,0.2512980269989616,0.23052959501557632,0.10176531671858775
0.4056338028169014,0.26854460093896715,0.21971830985915494,0.10610328638497653
0.3926056338028169,0.27024647887323944,0.22359154929577466,0.11355633802816902
0.39755102040816326,0.2571428571428571,0.23265306122448978,0.1126530612244898
0.3923853923853924,0.2571872571872572,0.23931623931623933,0.1111111111111111
0.40029542097488924,0.2533234859675037,0.2259970457902511,0.12038404726735598
0.4092526690391459,0.24412811387900357,0.22277580071174377,0.12384341637010676
0.39389830508474577,0.2501694915254237,0.2183050847457627,0.1376271186440678
0.400390625,0.24088541666666666,0.21940104166666666,0.13932291666666666
0.38509316770186336,0.24472049689440994,0.2111801242236025,0.15900621118012423
0.3943314849044978,0.22797288971041282,0.215033887861984,0.16266173752310537
0.4013317191283293,0.23728813559322035,0.20157384987893462,0.15980629539951574
0.3924731182795699,0.22520908004778972,0.2126642771804062,0.16965352449223417
0.3863237872589129,0.23027469316189364,0.21800116890707188,0.16540035067212155
0.37755102040816324,0.23639455782312926,0.21768707482993196,0.1683673469387755
0.3705357142857143,0.24107142857142858,0.21763392857142858,0.17075892857142858
0.37272727272727274,0.23863636363636365,0.2028409090909091,0.18579545454545454
0.36833239752947783,0.23806850084222347,0.2038180797304885,0.1897810218978102
0.36293436293436293,0.23883066740209596,0.20187534473248758,0.1963596249310535
0.36815642458100556,0.2435754189944134,0.2,0.188268156424581
0.3756260434056761,0.22927100723427934,0.19810795770728992,0.19699499165275458
0.3872200983069361,0.2222829055161114,0.19442927362097215,0.19606772255598034
0.38256130790190734,0.22070844686648503,0.1896457765667575,0.20708446866485014
0.3851276359600444,0.22031076581576026,0.18368479467258603,0.21087680355160932
0.3833058758923668,0.2328390993959363,0.1801208127402526,0.20373421197144426
0.39144736842105265,0.22587719298245615,0.1737938596491228,0.20888157894736842
0.3881081081081081,0.22918918918918918,0.1681081081081081,0.2145945945945946
0.38582251082251084,0.22564935064935066,0.16883116883116883,0.2196969696969697
0.38590785907859076,0.22276422764227644,0.16585365853658537,0.22547425474254743
0.38825448613376834,0.21805328983143013,0.15932572050027188,0.23436650353452965
0.3993435448577681,0.20678336980306344,0.1613785557986871,0.2324945295404814
0.40238611713665945,0.2039045553145336,0.15997830802603036,0.23373101952277658
0.40628328008519704,0.2012779552715655,0.16240681576144836,0.23003194888178913
0.4130781499202552,0.19404572036150983,0.16321105794790006,0.22966507177033493
0.4190217391304348,0.19510869565217392,0.16032608695652173,0.22554347826086957
0.41652892561983473,0.20165289256198346,0.15647382920110192,0.22534435261707988
0.4305029745808545,0.20064899945916712,0.15143320713899405,0.21741481882098432
0.4181523500810373,0.195569962182604,0.15667206915180984,0.2296056185845489
0.4250403009134874,0.19935518538420205,0.14830736163353037,0.22729715206878023
0.43463872035300605,0.21070049641478214,0.13789299503585217,0.2167677881963596
0.4256130790190736,0.1994550408719346,0.1427792915531335,0.2321525885558583
0.4331491712707182,0.20165745856353592,0.13149171270718232,0.23370165745856353
0.42864953526517224,0.1979223619464188,0.1394204483324221,0.23400765445598687
0.4420765027322404,0.19726775956284154,0.14262295081967213,0.2180327868852459
0.42631004366812225,0.20687772925764192,0.1435589519650655,0.2232532751091703
0.4197060424605335,0.2084921066956995,0.1371801850843767,0.2346216657593903
0.43508962520369365,0.20206409560021726,0.12656165127648017,0.2362846279196089
0.42360728075013787,0.21235521235521235,0.12300055157198014,0.2410369553226696
0.43490005402485143,0.2025931928687196,0.11885467314964884,0.24365207995678012
0.43213897937024975,0.20466883821932683,0.12106406080347448,0.24212812160694897
0.439410480349345,0.21451965065502182,0.11572052401746726,0.23034934497816595
0.4318681318681319,0.2153846153846154,0.11758241758241758,0.23516483516483516
0.4325053995680346,0.22138228941684665,0.11555075593952484,0.23056155507559395
0.43653421633554085,0.2141280353200883,0.11810154525386314,0.2312362030905077
0.4348302300109529,0.21741511500547644,0.11062431544359255,0.23713033953997809
0.42613948380010985,0.21801208127402527,0.11147721032399781,0.2443712246018671
0.42958515283842796,0.20687772925764192,0.11408296943231441,0.24945414847161573
0.41888225718936517,0.21323928377645143,0.112316874660879,0.2555615843733044
0.4289544235924933,0.21126005361930295,0.10991957104557641,0.24986595174262735
0.42412663755458513,0.22543668122270744,0.10152838427947598,0.24890829694323144
0.42779587404994573,0.21932681867535286,0.10477741585233442,0.248099891422367
0.4375,0.21282327586206898,0.09752155172413793,0.2521551724137931
0.43293347873500543,0.20229007633587787,0.10414394765539804,0.2606324972737186
0.43147751605995716,0.21466809421841543,0.09582441113490364,0.2580299785867238
0.4262905800957956,0.2160723789249601,0.10005321979776477,0.2575838211814795
0.4252688172043011,0.2172043010752688,0.10483870967741936,0.25268817204301075
0.4213938411669368,0.21663965424095083,0.10210696920583469,0.2598595353862777
0.40626688276607237,0.2296056185845489,0.10372771474878444,0.26039978390059426
0.392548596112311,0.23326133909287258,0.09989200863930886,0.27429805615550756
0.40447046301224054,0.22565194252261842,0.0989888238424694,0.27088877062267164
0.4078807241746539,0.22577209797657083,0.09744408945686901,0.2689030883919063
0.39923747276688454,0.2233115468409586,0.10076252723311546,0.2766884531590414
0.40512540894220284,0.21210468920392583,0.10632497273718648,0.27644492911668483
0.3971937398812736,0.22611980572045332,0.10361575822989746,0.2730706961683756
0.39835616438356164,0.22794520547945205,0.10575342465753425,0.26794520547945205
0.40556768558951967,0.2292576419213974,0.09716157205240175,0.2680131004366812
0.3988191089640365,0.22705314009661837,0.09447128287707998,0.2796564680622652
0.3974918211559433,0.23446019629225737,0.08942202835332606,0.2786259541984733
0.4,0.24876712328767123,0.08767123287671233,0.2635616438356164
0.4094104921579232,0.23688480259599784,0.08328826392644673,0.2704164413196322
0.4002169197396963,0.24511930585683298,0.08676789587852494,0.2678958785249458
0.40418679549114334,0.24691358024691357,0.08480944712828771,0.2640901771336554
0.4050564819795589,0.23830016137708446,0.08337816030123722,0.27326519634211943
0.4112506826870563,0.23539049699617695,0.08246859639541235,0.2708902239213545
0.4198473282442748,0.23991275899672845,0.0703380588876772,0.26990185387131954
0.4025260845689182,0.24931356397583745,0.07523338824821527,0.2729269632070291
0.4129244249726177,0.24041621029572838,0.07338444687842278,0.2732749178532311
0.42601626016260163,0.24010840108401085,0.06612466124661247,0.26775067750677506
0.41256090958310776,0.25013535462912834,0.06821873308067136,0.26908500270709257
0.42105263157894735,0.23819858925664678,0.06294085729788389,0.277807921866522
0.4160782183595872,0.24334600760456274,0.06898424769147203,0.27159152634437805
0.41170155662909286,0.23993558776167473,0.06870638754696726,0.2796564680622652
0.41643984757757213,0.24387588459444748,0.06750136091453457,0.2721829069134458
0.4184008762322015,0.24808324205914567,0.06297918948521358,0.27053669222343923
0.40848094471282875,0.2571121846484165,0.062265163714439076,0.2721417069243156
0.4085729788388497,0.2615301139446555,0.06511123168746609,0.26478567552902876
0.4152267818574514,0.24892008639308855,0.06695464362850972,0.2688984881209503
0.4106951871657754,0.25882352941176473,0.06524064171122995,0.26524064171122996
0.41060688901038817,0.25751776927282666,0.0590486604702023,0.2728266812465828
0.40695748205411375,0.2622860298177802,0.059083379348426286,0.27167310877967976
0.4117330462863294,0.26157158234660927,0.0581270182992465,0.26856835306781485
0.40453790813503043,0.2545655783065855,0.06419479800774765,0.27670171555063644
0.40098738343390017,0.2567196928140428,0.07021393307734504,0.27207899067471203
0.4,0.25831062670299726,0.07193460490463215,0.26975476839237056
0.4052744886975242,0.25834230355220666,0.07158234660925726,0.26480086114101187
0.39726775956284155,0.26229508196721313,0.06994535519125683,0.27049180327868855
0.40192410475681456,0.26349545697487975,0.06787814003206841,0.2667022982362373
0.4036896364622897,0.25935973955507324,0.0683667932718394,0.2685838307107976
0.4096320346320346,0.2527056277056277,0.07251082251082251,0.26515151515151514
0.40933767643865365,0.251357220412595,0.0722041259500543,0.2671009771986971
0.41399572649572647,0.24465811965811965,0.07585470085470085,0.265491452991453
0.4105668684645019,0.24160704457897633,0.07760044028618603,0.2702256466703357
0.4050081654872074,0.24278715296679368,0.08111050626020685,0.27109417528579205
0.41512513601741025,0.23286180631120784,0.07453754080522307,0.27747551686615884
0.410752688172043,0.23333333333333334,0.07849462365591398,0.27741935483870966
0.41854233654876744,0.2207931404072883,0.07663451232583066,0.2840300107181136
0.4198596869940637,0.22504047490555856,0.07717215326497572,0.27792768483540203
0.42462039045553146,0.21800433839479394,0.07483731019522777,0.28253796095444683
0.4042322300596853,0.22137818773738469,0.07976125881714596,0.29462832338578404
0.4098092643051771,0.22724795640326975,0.07901907356948229,0.2839237057220708
0.413102328099621,0.21765024363833244,0.0752571737953438,0.29399025446670274
0.41581495427649273,0.21301775147928995,0.07100591715976332,0.300161377084454
0.4127498649378714,0.20583468395461912,0.0713128038897893,0.31010264721772013
0.41447721179624664,0.20750670241286864,0.07613941018766757,0.3018766756032172
0.4243243243243243,0.1989189189189189,0.06864864864864866,0.3081081081081081
0.4306529951430113,0.19481921208850514,0.06745817593092283,0.30706961683756073
0.43794037940379404,0.19241192411924118,0.06341463414634146,0.3062330623306233
0.4453507340946166,0.188689505165851,0.06090266449157151,0.30505709624796085
0.44390243902439025,0.1880758807588076,0.06016260162601626,0.30785907859078593
0.42749731471535984,0.19495166487647692,0.06176154672395274,0.3157894736842105
0.43548387096774194,0.18763440860215053,0.06397849462365592,0.31290322580645163
0.43643162393162394,0.18002136752136752,0.06677350427350427,0.31677350427350426
0.4368983957219251,0.18609625668449198,0.06577540106951872,0.31122994652406416
0.4315286624203822,0.18789808917197454,0.07006369426751592,0.3105095541401274
0.44021447721179624,0.1865951742627346,0.06702412868632708,0.3061662198391421
0.43824485373781147,0.18580715059588299,0.07313109425785481,0.3028169014084507
0.43682505399568033,0.19168466522678185,0.07235421166306695,0.2991360691144708
0.4319654427645788,0.18628509719222464,0.07235421166306695,0.3093952483801296
0.4347590687601516,0.1938278289117488,0.06930157011369789,0.30211153221440173
0.42227003765465304,0.20118343195266272,0.07477138246369015,0.30177514792899407
0.4051309460181721,0.2084446819882416,0.07642971672902191,0.3099946552645644
0.4081852450188476,0.20624663435648896,0.08131394722670975,0.3042541733979537
0.4039593365436062,0.20438737292669876,0.09202782236490102,0.299625468164794
0.408118486012068,0.19528250137136588,0.08941305540318156,0.30718595721338454
0.41500269832703723,0.19697787371829464,0.08418780356179169,0.3038316243928764
0.4019396551724138,0.19989224137931033,0.08351293103448276,0.3146551724137931
0.402724795640327,0.20272479564032697,0.08501362397820164,0.30953678474114443
0.4130901287553648,0.19957081545064378,0.07510729613733906,0.31223175965665234
0.40344271113501884,0.20817643894566973,0.07638515330823023,0.31199569661108123
0.4083377872795297,0.21004810261892037,0.07429182255478353,0.30732228754676644
0.41403699673558214,0.21708378672470077,0.06800870511425462,0.30087051142546245
0.4151351351351351,0.21405405405405406,0.06864864864864866,0.3021621621621622
0.40585106382978725,0.21117021276595746,0.06808510638297872,0.3148936170212766
0.41526800216567405,0.21061180292366,0.06280454791553872,0.31131564699512726
0.4127498649378714,0.20583468395461912,0.06428957320367369,0.3171258779038358
0.4170258620689655,0.20905172413793102,0.0603448275862069,0.3135775862068966
0.4154929577464789,0.2199349945828819,0.05796316359696641,0.3066088840736728
0.4100877192982456,0.23300438596491227,0.06085526315789474,0.29605263157894735
0.420824295010846,0.22234273318872017,0.055856832971800434,0.3009761388286334
0.4057421451787649,0.233477789815818,0.0552546045503792,0.3055254604550379
0.4061990212071778,0.23110386079390974,0.05492115280043502,0.30777596519847744
0.41431670281995664,0.22885032537960953,0.055856832971800434,0.3009761388286334
0.39913700107874867,0.2313915857605178,0.06040992448759439,0.30906148867313915
0.4068522483940043,0.2259100642398287,0.0626338329764454,0.30460385438972165
0.42077371489136195,0.22098569157392686,0.05829358770535241,0.2999470058293588
0.4172008547008547,0.21848290598290598,0.06196581196581197,0.30235042735042733
0.41198704103671707,0.22462203023758098,0.06533477321814254,0.2980561555075594
0.40498938428874737,0.22611464968152867,0.06528662420382166,0.3036093418259023
0.4122426868905742,0.223726977248104,0.059588299024918745,0.30444203683640303
0.4072081764389457,0.22754168908015063,0.057019903173749324,0.3082302313071544
0.39283805451630144,0.23516835916622128,0.0689470871191876,0.3030464991982897
0.39912758996728465,0.24427480916030533,0.062159214830970554,0.29443838604143946
0.3953997809419496,0.2447973713033954,0.06681270536692223,0.29299014238773274
0.3927621075039915,0.2480042575838212,0.06546035125066525,0.2937732836615221
0.3942614240170032,0.24229543039319873,0.06641870350690754,0.2970244420828905
0.40562466197944835,0.23796646836127636,0.058950784207679824,0.29745808545159547
0.4107433532284319,0.23548562126966902,0.05860010851871948,0.2951709169831796
0.41020075963103636,0.24091155724362454,0.05697232772653283,0.2919153553988063
0.40314704286489417,0.23602821486706457,0.05263157894736842,0.3081931633206728
0.4037735849056604,0.2431266846361186,0.053369272237196765,0.29973045822102423
0.4005420054200542,0.24390243902439024,0.053116531165311655,0.3024390243902439
0.39093333333333335,0.25066666666666665,0.05653333333333333,0.30186666666666667
0.3949216639654241,0.25013506212857917,0.05834683954619125,0.2965964343598055
0.3902308105206656,0.2522812667740204,0.05528717122920022,0.3022007514761138
0.3847826086956522,0.2532608695652174,0.058152173913043476,0.30380434782608695
0.37782561894510225,0.24973089343379978,0.05866523143164693,0.31377825618945104
0.3756786102062975,0.255700325732899,0.06351791530944625,0.30510314875135724
0.37318255250403876,0.25417339795368876,0.06354334948842219,0.3091007000538503
0.37891891891891893,0.25675675675675674,0.061621621621621624,0.3027027027027027
0.36223929747530187,0.25686059275521406,0.06421514818880351,0.31668496158068055
0.37587506731287024,0.2455573505654281,0.06623586429725363,0.312331717824448
0.3894849785407725,0.23819742489270387,0.06759656652360516,0.30472103004291845
0.3948220064724919,0.23462783171521034,0.07281553398058252,0.2977346278317152
0.4068891280947255,0.22927879440258342,0.06727664155005382,0.2965554359526372
0.4020397208803006,0.22920021470746108,0.06870638754696726,0.30005367686527107
0.39289558665231433,0.23304628632938643,0.07104413347685684,0.30301399354144243
0.3961763143919278,0.2342007434944238,0.06744556558682953,0.3021773765268189
0.3948220064724919,0.24703344120819848,0.0593311758360302,0.2988133764832794
0.3839913466738778,0.24337479718766902,0.060032449972958354,0.31260140616549487
0.3857453754080522,0.24537540805223068,0.057127312295973884,0.3117519042437432
0.3898488120950324,0.24892008639308855,0.05453563714902808,0.30669546436285094
0.3665768194070081,0.25929919137466306,0.05768194070080863,0.3164420485175202
0.3772874058127018,0.26103336921420883,0.05651237890204521,0.3051668460710441
0.3740010655301012,0.257858284496537,0.060735215769845495,0.30740543420351624
0.3818474758324382,0.2534908700322234,0.059613319011815255,0.3050483351235231
0.3775620280474649,0.24919093851132687,0.059870550161812294,0.3133764832793959
0.37921799678628815,0.2592394215318693,0.06213176218532405,0.2994108194965185
0.38102893890675243,0.25509110396570206,0.05680600214362272,0.3070739549839228
0.3726541554959786,0.26970509383378016,0.05361930294906166,0.3040214477211796
0.37009144701452396,0.2673480365788058,0.05809575040344271,0.3044647660032275
0.37439742903053025,0.2635243706480985,0.0578468130690948,0.3042313872522764
0.38044062332079526,0.26544868350349277,0.06233207952713595,0.29177861364857605
0.3738368910782704,0.2720306513409962,0.060755336617405585,0.29337712096332785
0.38545653362493165,0.26079825041006016,0.0590486604702023,0.2946965554948059
0.38120950323974084,0.26403887688984884,0.0642548596112311,0.29049676025917925
0.3808743169398907,0.2633879781420765,0.06502732240437159,0.2907103825136612
0.3935236004390779,0.2524698133918771,0.06476399560922064,0.2892425905598244
0.3902702702702703,0.25513513513513514,0.061621621621621624,0.292972972972973
0.39020452099031216,0.26157158234660927,0.061356297093649086,0.2868675995694295
0.39731903485254694,0.257372654155496,0.06058981233243968,0.2847184986595174
0.4100912506709608,0.2533548040794418,0.057971014492753624,0.2785829307568438
0.40839086563993626,0.2496016994158258,0.05469994689325544,0.2873074880509825
0.4025834230355221,0.2357373519913886,0.060279870828848225,0.3013993541442411
0.39048134126554895,0.24932395889670092,0.061114115738236885,0.29908058409951327
0.3840774610005379,0.25551371705217857,0.05917159763313609,0.3012372243141474
0.38876889848812096,0.24892008639308855,0.058855291576673865,0.30345572354211664
0.3805166846071044,0.26318622174381057,0.05166846071044134,0.30462863293864373
0.37932900432900435,0.25865800865800864,0.04924242424242424,0.31277056277056275
0.385038503850385,0.2629262926292629,0.0462046204620462,0.30583058305830585
0.38593666129898013,0.26247987117552335,0.04830917874396135,0.3032742887815352
0.39015352038115403,0.25516146109052407,0.05505558496559026,0.2996294335627316
0.38293333333333335,0.248,0.05706666666666667,0.312
0.38350294590251743,0.26245313336904125,0.05195500803427959,0.30208891269416177
0.3752676659528908,0.2740899357601713,0.05246252676659529,0.2981798715203426
0.3816711590296496,0.2706199460916442,0.04851752021563342,0.2991913746630728
0.37818773738469885,0.2696690179055887,0.04612045577862181,0.30602278893109064
0.37267410951621477,0.26103136629452417,0.04784688995215311,0.3184476342371079
0.37566988210075025,0.2620578778135048,0.05305466237942122,0.3092175777063237
0.3705947136563877,0.2604625550660793,0.05616740088105727,0.31277533039647576
0.35756280064136825,0.26349545697487975,0.06520577231427044,0.31373597006948156
0.35005393743257823,0.27292340884573896,0.07011866235167206,0.3069039913700108
0.3474304068522484,0.2740899357601713,0.06423982869379015,0.31423982869379014
0.34594594594594597,0.27513513513513516,0.057297297297297295,0.3216216216216216
0.33315421816227836,0.28747984954325634,0.06394411606663085,0.3154218162278345
0.3402777777777778,0.28365384615384615,0.057158119658119656,0.3189102564102564
0.34484590860786396,0.2906482465462274,0.056854410201912856,0.30765143464399575
0.3502428494333513,0.28440366972477066,0.05504587155963303,0.310307609282245
0.3473344103392569,0.28648357565966615,0.06408185245018848,0.30210016155088854
0.33978494623655914,0.29193548387096774,0.05860215053763441,0.3096774193548387
0.33817985998922995,0.27571351642434033,0.07269789983844911,0.3134087237479806
0.3388829215896885,0.2749731471535983,0.06552094522019335,0.3206229860365199
0.3370967741935484,0.27043010752688174,0.07096774193548387,0.32150537634408605
0.33948940793047255,0.27050516023900056,0.06300923411189571,0.3269961977186312
0.3331556503198294,0.28251599147121537,0.07142857142857142,0.31289978678038377
0.3383217530732229,0.27311598075895244,0.05986103687867451,0.3287012292891502
0.33279395900755127,0.2837108953613808,0.05663430420711974,0.3268608414239482
0.32310177705977383,0.2827140549273021,0.05708131394722671,0.33710285406569734
0.32426550598476606,0.27529923830250275,0.05767138193688792,0.34276387377584333
0.3182552504038772,0.2724824986537426,0.05331179321486268,0.3559504577275175
0.32690246516613075,0.2684887459807074,0.05305466237942122,0.3515541264737406
0.32843936922240347,0.26481783578031537,0.052202283849918436,0.3545405111473627
0.3266846361185984,0.2668463611859838,0.052830188679245285,0.35363881401617253
0.33278598795840175,0.26710454296661196,0.04871373836891078,0.35139573070607555
0.33984799131378934,0.26112920738327905,0.050488599348534204,0.3485342019543974
0.3313416621401412,0.27159152634437805,0.052145573058120585,0.3449212384573601
0.33494363929146537,0.25925925925925924,0.05850778314546431,0.34728931830381105
0.3344120819848975,0.2545846817691478,0.0593311758360302,0.3516720604099245
0.3373362445414847,0.2549126637554585,0.05949781659388646,0.3482532751091703
0.3374265883609183,0.2637479978643887,0.06300053390282968,0.3358248798718633
0.3462166575939031,0.25748502994011974,0.06369080021774633,0.3326075122482308
0.3444924406047516,0.259719222462203,0.0642548596112311,0.33153347732181426
0.3435483870967742,0.25268817204301075,0.06612903225806452,0.33763440860215055
0.3443960826985854,0.24918389553862894,0.05984766050054407,0.34657236126224156
0.3624525230602279,0.23602821486706457,0.06294085729788389,0.33857840477482365
0.3708467309753483,0.22615219721329047,0.06538049303322616,0.33762057877813506
0.36562001064395955,0.23097392229909527,0.06386375731772219,0.339542309739223
0.36426299045599153,0.23382820784729585,0.06786850477200425,0.3340402969247084
0.36741214057507987,0.22949946751863684,0.06496272630457935,0.33812566560170393
0.37327677624602335,0.21792152704135737,0.06786850477200425,0.34093319194061505
0.37295528898582336,0.22191930207197383,0.0703380588876772,0.33478735005452565
0.37355371900826445,0.22203856749311296,0.07493112947658402,0.32947658402203855
0.37595212187159954,0.2132752992383025,0.0794341675734494,0.33133841131664854
0.3748657357679914,0.219656283566058,0.08002148227712137,0.32545649838882923
0.3834505137912385,0.21633315305570577,0.0730124391563007,0.327203893996755
0.382921589688507,0.21428571428571427,0.06928034371643395,0.3335123523093448
0.3907356948228883,0.22343324250681199,0.0664850136239782,0.3193460490463215
0.3778501628664495,0.21715526601520088,0.06514657980456026,0.33984799131378934
0.36839266450916935,0.21790722761596548,0.06202804746494067,0.3516720604099245
0.3820831084727469,0.21532649757150565,0.057204533189422556,0.3453858607663249
0.3862894450489663,0.2132752992383025,0.062023939064200215,0.338411316648531
0.38317757009345793,0.21330401319406267,0.061572292468389224,0.34194612424409015
0.38721804511278196,0.21428571428571427,0.05800214822771214,0.34049409237379163
0.3966175668303328,0.2220403709765412,0.06273867975995635,0.31860338243316966
0.39606592238171184,0.22009569377990432,0.06485911749069644,0.3189792663476874
0.3958109559613319,0.22126745435016112,0.06337271750805586,0.31954887218045114
0.4064026044492675,0.22192078133478024,0.05860010851871948,0.3130765056972328
0.40901771336553944,0.22490606548577563,0.05850778314546431,0.3075684380032206
0.40195545898967955,0.2254209668658338,0.058120586637696904,0.3145029875067898
0.3970747562296858,0.22914409534127844,0.05417118093174431,0.3196099674972914
0.4040728831725616,0.2202572347266881,0.05359056806002144,0.3220793140407288
0.40544871794871795,0.21901709401709402,0.049145299145299144,0.3263888888888889
0.40582838640043173,0.22288181327576903,0.048569886670264434,0.3227199136535348
0.38915727321524424,0.22490606548577563,0.04616210413311862,0.3397745571658615
0.40195545898967955,0.22379141770776753,0.045084193373166756,0.3291689299293862
0.4022801302931596,0.21769815418023888,0.05211726384364821,0.3279044516829533
0.394907908992416,0.223726977248104,0.056338028169014086,0.3250270855904659
0.4068891280947255,0.21743810548977396,0.053283100107642624,0.3223896663078579
0.4050564819795589,0.22054868208714362,0.05379236148466918,0.32060247444862827
0.40766738660907126,0.21274298056155508,0.0550755939524838,0.32451403887688984
0.4039806347498655,0.21732114039806347,0.06078536847767617,0.3179128563743948
0.4037433155080214,0.2160427807486631,0.06577540106951872,0.3144385026737968
0.4042780748663102,0.22406417112299465,0.06898395721925134,0.30267379679144385
0.4030801911842804,0.2257036643653744,0.06585236325013277,0.3053637812002124
0.4,0.22228260869565217,0.06739130434782609,0.31032608695652175
0.3924324324324324,0.22648648648648648,0.07837837837837838,0.3027027027027027
0.38838084991931143,0.22700376546530393,0.07746100053792361,0.307154384077461
0.390491452991453,0.2264957264957265,0.06623931623931624,0.31677350427350426
0.3931484502446982,0.23219140837411636,0.06688417618270799,0.30777596519847744
0.40446379967338053,0.23026673924877517,0.06859009254218836,0.29667936853565596
0.4092126405998929,0.22870915907873593,0.06373861810391002,0.29833958221746115
0.40139335476956056,0.22722400857449088,0.0632368703108253,0.30814576634512325
0.38808373590982287,0.23349436392914655,0.06387546967257113,0.3145464304884595
0.39107332624867164,0.2412327311370882,0.062167906482465465,0.3055260361317747
0.38737758433079433,0.25081610446137104,0.06365614798694233,0.2981501632208923
0.39067524115755625,0.2534833869239014,0.06270096463022508,0.29314040728831725
0.38966630785791173,0.24703982777179764,0.06350914962325081,0.2997847147470398
0.39924365207995677,0.23878984332793085,0.06482982171799027,0.2971366828741221
0.401494927923118,0.24559530165509877,0.06513614522156967,0.28777362520021355
0.3990306946688207,0.24824986537425955,0.06246634356488961,0.2902530963920302
0.40064102564102566,0.23504273504273504,0.06143162393162393,0.30288461538461536
0.39436619718309857,0.2524377031419285,0.0552546045503792,0.2979414951245937
0.38816503800217156,0.24321389793702497,0.059174809989142235,0.30944625407166126
0.3871669385535617,0.2544861337683524,0.05872756933115824,0.29961935834692766
0.4033659066232356,0.248099891422367,0.05157437567861021,0.2969598262757872
0.392548596112311,0.25161987041036715,0.0550755939524838,0.30075593952483803
0.3967302452316076,0.244141689373297,0.04795640326975477,0.3111716621253406
0.39731182795698927,0.23817204301075268,0.0478494623655914,0.31666666666666665
0.39099783080260303,0.24511930585683298,0.04609544468546638,0.31778741865509763
0.3956639566395664,0.24932249322493225,0.046612466124661245,0.3084010840108401
0.39805825242718446,0.24541531823085222,0.045307443365695796,0.3112189859762675
0.3953862660944206,0.2494635193133047,0.04721030042918455,0.30793991416309013
0.3914209115281501,0.24343163538873994,0.054691689008042894,0.31045576407506703
0.40054054054054056,0.24162162162162162,0.05675675675675676,0.30108108108108106
0.4021798365122616,0.24741144414168936,0.05722070844686648,0.29318801089918256
0.41195476575121165,0.2358642972536349,0.06085083467959074,0.2913301023155627
0.4016304347826087,0.25217391304347825,0.058695652173913045,0.2875
0.4085963003264418,0.25244831338411317,0.05331882480957562,0.28563656147986943
0.40835140997830804,0.25216919739696314,0.05639913232104121,0.28308026030368766
0.40839086563993626,0.25597450876261285,0.05735528412108338,0.2782793414763675
0.4046336206896552,0.2548491379310345,0.0625,0.27801724137931033
0.4139989148128052,0.25827455236028213,0.05534454693434617,0.27238198589256646
0.4176663031624864,0.2529989094874591,0.05507088331515812,0.2742639040348964
0.42096774193548386,0.2467741935483871,0.060215053763440864,0.27204301075268816
0.42888165038002174,0.24429967426710097,0.05211726384364821,0.2747014115092291
0.4315177154944474,0.24484399788471709,0.048651507139079855,0.2749867794817557
0.43256578947368424,0.24725877192982457,0.044956140350877194,0.27521929824561403
0.43974290305302627,0.24209962506695232,0.046063202999464384,0.27209426888055704
0.4291868605277329,0.24824986537425955,0.050080775444264945,0.2724824986537426
0.4294940796555436,0.24596340150699678,0.05005382131324004,0.2744886975242196
0.4243243243243243,0.2481081081081081,0.04810810810810811,0.27945945945945944
0.43595263724434874,0.23466092572658773,0.04628632938643703,0.2831001076426265
0.43588390501319263,0.23060686015831133,0.055408970976253295,0.27810026385224274
0.4371671991480298,0.23162939297124602,0.054313099041533544,0.27689030883919064
0.4305408271474019,0.23700954400848356,0.053022269353128315,0.27942735949098624
0.4401294498381877,0.24110032362459546,0.05339805825242718,0.26537216828478966
0.42995169082125606,0.23295759527643586,0.06011808910359635,0.27697262479871176
0.432258064516129,0.23279569892473118,0.05053763440860215,0.28440860215053765
0.4339519650655022,0.2341703056768559,0.04148471615720524,0.2903930131004367
0.4245840042941492,0.24584004294149223,0.04669887278582931,0.28287707997852923
0.43433242506811987,0.22779291553133516,0.05013623978201635,0.2877384196185286
0.43014301430143015,0.22497249724972498,0.04950495049504951,0.2953795379537954
0.42609637249593935,0.22468868435300487,0.05089334055224689,0.29832160259880885
0.43428880475932935,0.21849648458626283,0.043807463493780424,0.3034072471606274
0.4341963322545847,0.21251348435814454,0.04584681769147789,0.3074433656957929
0.4459532862574688,0.20097772949483977,0.046713742531233025,0.30635524171645845
0.4482942430703625,0.21162046908315565,0.0511727078891258,0.2889125799573561
0.44957081545064376,0.21566523605150215,0.045064377682403435,0.28969957081545067
0.453091684434968,0.21481876332622601,0.04317697228144989,0.2889125799573561
0.4693318729463308,0.20262869660460023,0.04874041621029573,0.2792990142387733
0.46216657593903104,0.21175830157866085,0.05117038649972782,0.2749047359825803
0.4654895666131621,0.20492241840556447,0.051899411449973246,0.27768860353130015
0.46788990825688076,0.20939017808958446,0.04910955207771182,0.27361036157582297
0.4767687434002112,0.20221752903907075,0.05332629355860612,0.2676874340021119
0.473257698541329,0.20961642355483523,0.05186385737439222,0.26526202052944353
0.4831640833778728,0.21111704970603956,0.04596472474612507,0.25975414216996257
0.4894423389279913,0.20086626962642123,0.04114780725500812,0.26854358419057933
0.4794227685729556,0.19722073757349012,0.042223409941207914,0.2811330839123463
0.4750542299349241,0.1936008676789588,0.04121475054229935,0.2901301518438178
0.47071352502662406,0.19968051118210864,0.04739084132055378,0.2822151224707135
0.4818569903948773,0.19477054429028814,0.0432230522945571,0.28014941302027746
0.4815211569362614,0.19496518478843064,0.039100160685591856,0.2844134975897161
0.48954423592493296,0.18873994638069705,0.0418230563002681,0.27989276139410185
0.4900161899622234,0.18726389638424176,0.04101457096600108,0.2817053426875337
0.4737124463519313,0.19474248927038626,0.048283261802575105,0.2832618025751073
0.4938072159396877,0.18686052773290254,0.04415724286483576,0.27517501346257406
0.4846856528747985,0.1891456206340677,0.04567436861902203,0.28049435787211174
0.48285247686445293,0.1839956450734894,0.046815459989112684,0.286336418072945
0.49284928492849284,0.17216721672167218,0.045104510451045104,0.28987898789878985
0.49031216361679225,0.17115177610333693,0.04628632938643703,0.2922497308934338
0.48023822414726586,0.17271250676773145,0.0460205739036275,0.3010286951813752
0.4728144989339019,0.18390191897654584,0.044243070362473345,0.2990405117270789
0.4779050736497545,0.18657937806873978,0.04746317512274959,0.28805237315875615
0.4714131607335491,0.2022653721682848,0.04638619201725998,0.27993527508090615
0.4730893433799785,0.20129171151776104,0.045748116254036596,0.2798708288482239
0.47631718999467804,0.20223523150612027,0.03778605641298563,0.2836615220862161
0.4775251189846642,0.20200951877313592,0.03807509254362771,0.28239026969857217
0.4831640833778728,0.20203099946552647,0.03741314804917156,0.2773917691074292
0.4948453608247423,0.20021703743895822,0.040694519804666304,0.2642430819316332
0.4986580783682233,0.19538378958668814,0.039184111647879764,0.2667740203972088
0.4855923159018143,0.20490928495197439,0.0416221985058698,0.2678762006403415
0.4752,0.20373333333333332,0.04586666666666667,0.2752
0.48427331887201736,0.20281995661605207,0.042841648590021694,0.27006507592190887
0.4697950377562028,0.21844660194174756,0.043149946062567425,0.2686084142394822
0.4720596061734965,0.22032996274614156,0.04044704630122405,0.2671633847791378
0.4807897545357524,0.22411953041622198,0.03628601921024546,0.25880469583778015
0.48350459707950244,0.21687398593834506,0.03461330448891293,0.2650081124932396
0.4816976127320955,0.20954907161803712,0.03607427055702918,0.2726790450928382
0.48549946294307195,0.19978517722878625,0.03920515574650913,0.2755102040816326
0.4765539803707743,0.2044711014176663,0.04034896401308615,0.2786259541984733
0.47938689217758984,0.1992600422832981,0.03805496828752643,0.2832980972515856
0.4905964535196131,0.19666845781837722,0.0338527673293928,0.27888232133261687
0.49279231179925254,0.20234917245061398,0.039508809396689805,0.2653497063534437
0.5002669514148425,0.19540843566470903,0.0405766150560598,0.2637479978643887
0.485926712692512,0.20392989909718534,0.04142326075411577,0.26872012745618695
0.496492174851592,0.20021586616297896,0.0372369131138694,0.26605504587155965
0.49605885444035736,0.19705727798213346,0.03836048344718865,0.26852338413032056
0.4945945945945946,0.19837837837837838,0.04054054054054054,0.2664864864864865
0.4924812030075188,0.200859291084855,0.04296455424274973,0.2636949516648765
0.4826296098343132,0.21165152324959915,0.045430251202565476,0.2602886157135222
0.46794871794871795,0.20566239316239315,0.04807692307692308,0.2783119658119658
0.46960731576116194,0.20279720279720279,0.05164066702528241,0.2759548144163529
0.4697297297297297,0.20432432432432432,0.05675675675675676,0.2691891891891892
0.46626439934174435,0.2057048820625343,0.050466264399341744,0.2775644541963796
0.4751203852327448,0.1963616907437132,0.052969502407704656,0.27554842161583737
0.47524219590958017,0.19214208826695373,0.04897739504843918,0.28363832077502693
0.4679935449166218,0.20602474448628294,0.05433028509951587,0.27165142549757937
0.4762413240790176,0.196476241324079,0.05659369994660972,0.27068873465029364
0.4755244755244755,0.18719741796664874,0.06132329209252286,0.2759548144163529
0.4855305466237942,0.1870310825294748,0.06270096463022508,0.2647374062165059
0.48028092922744464,0.1766612641815235,0.06915180983252296,0.2739059967585089
0.47649918962722854,0.18206374932468936,0.07185305240410589,0.26958400864397625
0.46957458266020463,0.1884760366182014,0.07162089391491654,0.2703284868066774
0.4659827213822894,0.19438444924406048,0.06911447084233262,0.2705183585313175
0.4659827213822894,0.1879049676025918,0.06857451403887689,0.2775377969762419
0.47024128686327077,0.18337801608579088,0.06809651474530831,0.27828418230563
0.4666304937601736,0.19099294628323385,0.0683667932718394,0.27400976668475313
0.46630727762803237,0.19568733153638815,0.06954177897574124,0.2684636118598383
0.46590289143480634,0.19258046917621385,0.06983087834151663,0.27168576104746317
0.47443650357339195,0.1896646509070918,0.06322155030236394,0.2726772952171523
0.46875,0.1966594827586207,0.057112068965517244,0.27747844827586204
0.47422126745435017,0.21052631578947367,0.05209452201933405,0.2631578947368421
0.4868066774367259,0.2035541195476575,0.048465266558966075,0.2611739364566505
0.4976,0.19413333333333332,0.042666666666666665,0.2656
0.49381387842926305,0.19365250134480905,0.04410973641742873,0.2684238838084992
0.49356913183279744,0.19721329046087888,0.04555198285101822,0.26366559485530544
0.49092849519743864,0.19637139807897544,0.046424759871931696,0.2662753468516542
0.48844707146695326,0.20042987641053198,0.046211714132187,0.2649113379903278
0.4980884762424904,0.1922446750409612,0.04423812124522119,0.2654287274713271
0.4989130434782609,0.2016304347826087,0.041304347826086954,0.25815217391304346
0.5043149946062567,0.20388349514563106,0.04261057173678533,0.24919093851132687
0.49759229534510435,0.20438737292669876,0.04601391118245051,0.2520064205457464
0.4903743315508021,0.20374331550802138,0.046524064171122995,0.25935828877005346
0.48775292864749736,0.2066027689030884,0.05005324813631523,0.25559105431309903
0.4881720430107527,0.2075268817204301,0.0543010752688172,0.25
0.4925452609158679,0.21458998935037274,0.055378061767838126,0.2374866879659212
0.4949061662198391,0.20536193029490615,0.05630026809651475,0.24343163538873994
0.47746781115879827,0.2194206008583691,0.054184549356223174,0.24892703862660945
0.478143550998381,0.2174851592012952,0.0528872099298435,0.2514840798704803
0.4817400644468314,0.219656283566058,0.04833512352309345,0.2502685284640172
0.4730090860502405,0.22287546766435062,0.049706039551042226,0.2544094067343666
0.4816017316017316,0.2288961038961039,0.04599567099567099,0.2435064935064935
0.481421647819063,0.22401723209477653,0.05331179321486268,0.2412493268712978
0.4912187333688132,0.22086216072378925,0.05055880787653007,0.23736029803086747
0.49618736383442263,0.22004357298474944,0.0528322440087146,0.23093681917211328
0.4808831448572967,0.21163166397415187,0.05492730210016155,0.2525578890683899
0.4868773433315479,0.20353508302088913,0.05356186395286556,0.2560257096946974
0.4730831973898858,0.2137030995106036,0.05818379554105492,0.25502990755845567
0.4705564559697461,0.20907617504051865,0.05834683954619125,0.26202052944354404
0.47698971304818627,0.20844612885760694,0.0568489442338928,0.25771521386031404
0.46779475982532753,0.2210698689956332,0.055676855895196505,0.2554585152838428
0.46054054054054056,0.22378378378378377,0.05081081081081081,0.2648648648648649
0.4706521739130435,0.22880434782608697,0.0483695652173913,0.25217391304347825
0.4708067940552017,0.23142250530785563,0.04511677282377919,0.2526539278131635
0.47582835415535035,0.2275936990765888,0.048343291689299295,0.24823465507876155
0.47502656748140276,0.2199787460148778,0.04782146652497343,0.25717321997874604
0.4692433315187806,0.21121393576483397,0.0522591181273816,0.2672836145890038
0.47541869259859537,0.20907617504051865,0.05726634251755808,0.25823878984332793
0.4728469555677455,0.20351069665386726,0.0641799232035107,0.25946242457487656
0.4826652221018418,0.19772481040086673,0.0590465872156013,0.2605633802816901
0.4750812567713976,0.2047670639219935,0.05742145178764897,0.2627302275189599
0.46778559826746074,0.20573903627504062,0.05955603681645912,0.2669193286410395
