R,A,S,N
0.0,0.0,1.0,0.0
0.0,0.0,1.0,0.0
0.0,0.0,1.0,0.0
0.0,0.0,1.0,0.0
0.0,0.0,0.9230769230769231,0.07692307692307693
0.0,0.043478260869565216,0.8913043478260869,0.06521739130434782
0.0,0.0547945205479452,0.8904109589041096,0.0547945205479452
0.0,0.06140350877192982,0.8771929824561403,0.06140350877192982
0.0,0.054878048780487805,0.8658536585365854,0.07926829268292683
0.0,0.07555555555555556,0.8266666666666667,0.09777777777777778
0.006734006734006734,0.09090909090909091,0.7845117845117845,0.11784511784511785
0.01015228426395939,0.09644670050761421,0.7538071065989848,0.13959390862944163
0.016260162601626018,0.10365853658536585,0.7235772357723578,0.1565040650406504
0.027287319422150885,0.10754414125200643,0.6773675762439807,0.18780096308186195
0.03810775295663601,0.10906701708278581,0.6425755584756899,0.2102496714848883
0.04271631982475356,0.10952902519167579,0.6265060240963856,0.2212486308871851
0.06088560885608856,0.11623616236162361,0.5913284132841329,0.23154981549815498
0.07148530579825259,0.11437648927720413,0.5782366957903098,0.23590150913423352
0.0794425087108014,0.12125435540069686,0.5498257839721254,0.2494773519163763
0.09345794392523364,0.1233644859813084,0.5320872274143302,0.2510903426791277
0.10067873303167421,0.12895927601809956,0.5220588235294118,0.24830316742081449
0.10310362966859547,0.13940031562335614,0.5007890583903208,0.25670699631772753
0.11238189955246146,0.14569865738438587,0.48433615116857287,0.2575832918945798
0.1183206106870229,0.14408396946564886,0.4770992366412214,0.26049618320610685
0.12037037037037036,0.1537037037037037,0.4699074074074074,0.25601851851851853
0.12182971014492754,0.15760869565217392,0.4673913043478261,0.25317028985507245
0.1259946949602122,0.16357206012378425,0.45977011494252873,0.2506631299734748
0.1249444197421076,0.1711871943085816,0.4486438417074255,0.2552245442418853
0.13108945969884853,0.1682905225863596,0.44862710363153235,0.2519929140832595
0.12980769230769232,0.17089160839160839,0.44536713286713286,0.25393356643356646
0.12560175054704595,0.17592997811816194,0.4433260393873085,0.2551422319474836
0.1283303730017762,0.1771758436944938,0.44271758436944936,0.25177619893428066
0.1299385425812116,0.18086040386303776,0.43810359964881473,0.2510974539069359
0.13463241806908768,0.18113374667847654,0.43356953055801595,0.25066430469441986
0.1400709219858156,0.18351063829787234,0.42597517730496454,0.2504432624113475
0.14380238200264667,0.17909131010145568,0.43008381120423467,0.24702249669166298
0.14492119089316988,0.17513134851138354,0.43257443082311736,0.24737302977232925
0.14721485411140584,0.1755083996463307,0.4319186560565871,0.2453580901856764
0.14304461942257218,0.17585301837270342,0.42694663167104113,0.2541557305336833
0.1480349344978166,0.17641921397379912,0.42882096069868997,0.24672489082969432
0.1483106625713032,0.17595436594997807,0.4243089074155331,0.25142606406318563
0.14947552447552448,0.17351398601398602,0.423513986013986,0.2534965034965035
0.1471747700394218,0.18046430135786246,0.4213753832676303,0.25098554533508544
0.14631996474217718,0.18510356985456147,0.42044953724107537,0.24812692816218598
0.14228367528991973,0.1824264049955397,0.42105263157894735,0.2542372881355932
0.1436077057793345,0.18739054290718038,0.4225043782837128,0.24649737302977234
0.1400709219858156,0.18617021276595744,0.4242021276595745,0.2495567375886525
0.14666666666666667,0.18711111111111112,0.4177777777777778,0.24844444444444444
0.14816452896948254,0.18664307828394516,0.41088014153029634,0.254312251216276
0.1537439078422685,0.18165706690296854,0.4000886132033673,0.26451041205139564
0.15915119363395225,0.1830238726790451,0.3947833775419982,0.2630415561450044
0.1588702559576346,0.18181818181818182,0.4007060900264784,0.2586054721977052
0.15901060070671377,0.1793286219081272,0.39399293286219084,0.2676678445229682
0.1646288209606987,0.1777292576419214,0.39126637554585153,0.2663755458515284
0.1687116564417178,0.1765994741454864,0.3904469763365469,0.2642418930762489
0.16527472527472528,0.18065934065934067,0.3920879120879121,0.261978021978022
0.16753698868581376,0.17798085291557877,0.38946910356832026,0.2650130548302872
0.16717993840739112,0.17993840739111305,0.3902331720193577,0.26264848218213815
0.167337807606264,0.18031319910514543,0.3932885906040268,0.25906040268456376
0.16992611907866145,0.17861799217731422,0.38722294654498046,0.2642329421990439
0.16821602478972997,0.1814962372731297,0.37760070827799913,0.2726870296591412
0.168848167539267,0.18411867364746945,0.37914485165794065,0.26788830715532286
0.1634828964904487,0.18125277654375832,0.3780541981341626,0.2772101288316304
0.1658600967883854,0.18433787945446548,0.3704355477342719,0.27936647602287723
0.167624944714728,0.19416187527642637,0.36134453781512604,0.2768686421937196
0.17530755711775045,0.19288224956063268,0.3462214411247803,0.28558875219683655
0.1769872639437857,0.19587176108915239,0.34606938954765043,0.2810715854194115
0.1763668430335097,0.19753086419753085,0.3492063492063492,0.2768959435626102
0.1750110766504209,0.19406291537439077,0.3433761630482942,0.2875498449268941
0.17884019477644975,0.20008853474988933,0.3377600708277999,0.283311199645861
0.17794376098418277,0.20254833040421794,0.3290861159929701,0.29042179261862916
0.1827814569536424,0.19911699779249448,0.3258278145695364,0.2922737306843267
0.18617957746478872,0.20466549295774647,0.3230633802816901,0.2860915492957746
0.1900972590627763,0.2002652519893899,0.32625994694960214,0.2833775419982317
0.19076923076923077,0.20307692307692307,0.31956043956043956,0.2865934065934066
0.19188354653727394,0.20202911336568152,0.3202470224966917,0.2858403176003529
0.1919191919191919,0.2028985507246377,0.3201581027667984,0.28502415458937197
0.19482229047827995,0.19745502413339183,0.31856077226853885,0.2891619131197894
0.1993838028169014,0.19718309859154928,0.3204225352112676,0.2830105633802817
0.20440528634361232,0.19559471365638767,0.3233480176211454,0.27665198237885463
0.20498251748251747,0.20192307692307693,0.3116258741258741,0.28146853146853146
0.20804195804195805,0.19842657342657344,0.3142482517482518,0.27928321678321677
0.20921052631578949,0.20789473684210527,0.3048245614035088,0.27807017543859647
0.20831509846827134,0.20481400437636763,0.3080962800875274,0.2787746170678337
0.21378402107111502,0.20500438981562774,0.30245829675153646,0.2787532923617208
0.21318000884564353,0.20389208314904908,0.3007518796992481,0.28217602830605926
0.21525646646207802,0.20692678649715038,0.29943007452871545,0.2783866725120561
0.214694236691597,0.20765508139023317,0.29696436427628686,0.28068631764188295
0.21557413110426749,0.21029476462824462,0.29256489221293447,0.28156621205455346
0.21484716157205241,0.20698689956331878,0.2943231441048035,0.2838427947598253
0.21061792863359444,0.21409921671018275,0.293733681462141,0.2815491731940818
0.20766216804527646,0.20983892033086635,0.29734436221158034,0.28515454941227686
0.20527472527472526,0.21362637362637363,0.2857142857142857,0.2953846153846154
0.20202911336568152,0.21261579179532422,0.2893692104102338,0.2959858844287605
0.1974438078448656,0.21595416483032173,0.2882327016306743,0.2983693256941384
0.20220264317180617,0.21497797356828194,0.28634361233480177,0.2964757709251101
0.19664162615996464,0.21210782147591692,0.28722934158197083,0.3040212107821476
0.2043343653250774,0.21141088014153028,0.27908005307386113,0.3051747014595312
0.20698689956331878,0.211353711790393,0.2777292576419214,0.30393013100436683
0.20877659574468085,0.2127659574468085,0.27615248226950356,0.30230496453900707
0.209240337627721,0.21190581963571745,0.2763216348289649,0.3025322079075966
0.20656028368794327,0.2127659574468085,0.274822695035461,0.3058510638297872
0.2069271758436945,0.2144760213143872,0.27486678507992895,0.3037300177619893
0.20273248126928162,0.21859850154252974,0.27104451300132215,0.3076245041868665
0.2060632688927944,0.2148506151142355,0.2697715289982425,0.3093145869947276
0.20671609245529873,0.21282163105102486,0.2703881378107283,0.3100741386829481
0.2059727711901625,0.2090469916556873,0.27624066754501536,0.30873956960913485
0.21013543031891654,0.21406727828746178,0.2778505897771953,0.2979467016164264
0.20870337477797513,0.21047957371225579,0.27575488454706926,0.30506216696269983
0.2053886925795053,0.2146643109540636,0.2756183745583039,0.3043286219081272
0.20709281961471104,0.2180385288966725,0.27189141856392296,0.30297723292469353
0.20448548812664907,0.22031662269129287,0.27792436235708,0.297273526824978
0.2055094009619589,0.2190642763445562,0.275032794053345,0.3003935286401399
0.20827829150154117,0.22280933509467196,0.2712461470717745,0.29766622633201234
0.21306444541867603,0.21394125383603682,0.26961858833844804,0.3033757124068391
0.21359223300970873,0.21359223300970873,0.2731685789938217,0.2996469549867608
0.2145054945054945,0.21186813186813186,0.27516483516483514,0.29846153846153844
0.21319353429445173,0.21013543031891654,0.2800349497597204,0.2966360856269113
0.21256038647342995,0.21299956082564778,0.2779973649538867,0.2964426877470356
0.21602787456445993,0.2147212543554007,0.2787456445993031,0.2905052264808362
0.21634615384615385,0.21765734265734266,0.2757867132867133,0.2902097902097902
0.21293444786625604,0.22393312802463705,0.2776066871975363,0.2855257369115706
0.2218804920913884,0.22627416520210897,0.26757469244288223,0.28427065026362036
0.21585903083700442,0.22378854625550662,0.27004405286343613,0.29030837004405285
0.2144760213143872,0.2180284191829485,0.2713143872113677,0.29618117229129665
0.21817383669885865,0.21817383669885865,0.2726075504828797,0.291044776119403
0.21596452328159646,0.22838137472283815,0.26252771618625276,0.29312638580931266
0.21212121212121213,0.22397891963109354,0.26570048309178745,0.2981993851559069
0.21631205673758866,0.22384751773049646,0.26684397163120566,0.2929964539007092
0.21438023820026467,0.22408469342743714,0.26643140714600794,0.2951036612262902
0.21570357300397,0.22408469342743714,0.2651080723423026,0.2951036612262902
0.21349801499779444,0.22055580061755625,0.2651080723423026,0.30083811204234673
0.21425428948526176,0.22217333919929608,0.26616805983282005,0.2974043114826221
0.21641791044776118,0.22300263388937663,0.2603160667251975,0.30026338893766463
0.2184873949579832,0.21539141972578504,0.26448474126492705,0.30163644405130474
0.21903922432789774,0.21551344204495373,0.26399294843543414,0.3014543851917144
0.2276923076923077,0.21142857142857144,0.2589010989010989,0.301978021978022
0.224977856510186,0.2187776793622675,0.25863596102745795,0.2976085031000886
0.21746801940891045,0.22099691221879136,0.26246140273489194,0.2990736656374063
0.2218804920913884,0.218804920913884,0.26362038664323373,0.29569420035149385
0.22173144876325088,0.22173144876325088,0.2667844522968198,0.28975265017667845
0.21613327487943884,0.21876370013152127,0.26786497150372646,0.29723805348531346
0.22187776793622674,0.2178919397697077,0.26439326837909655,0.295837023914969
0.21798848028356224,0.22153300841825432,0.26406734603455917,0.29641116526362427
0.22251655629139072,0.22428256070640176,0.2596026490066225,0.293598233995585
0.22364924712134632,0.23029229406554472,0.2537643932683791,0.29229406554472986
0.22295514511873352,0.22251539138082674,0.2532981530343008,0.30123131046613894
0.22709338009644892,0.2244629548443665,0.2538360368259535,0.29460762823323106
0.22713212549712772,0.22315510384445428,0.2571807335395493,0.29253203711886877
0.22119205298013245,0.22560706401766004,0.25916114790286976,0.29403973509933773
0.22655565293602103,0.22962313759859773,0.2563540753724803,0.287467134092901
0.2288888888888889,0.2262222222222222,0.2511111111111111,0.2937777777777778
0.22998673153471916,0.2344095532950022,0.24944714727996462,0.286156567890314
0.23751095530236635,0.2318141980718668,0.2462751971954426,0.28439964943032425
0.24122612172367836,0.2252332296756997,0.24877832074633496,0.28476232785428696
0.24145486415425066,0.22787028921998248,0.24890446976336547,0.2817703768624014
0.24669020300088262,0.22594880847308033,0.25198587819947044,0.27537511032656664
0.24462011418533158,0.22573561703996486,0.25120772946859904,0.2784365393061045
0.24800354924578527,0.22892635314995563,0.2453416149068323,0.2777284826974268
0.24063464081092992,0.22873512560599382,0.24107536359629794,0.2895548699867783
0.23685373398144058,0.2337604949182501,0.24436588599204595,0.28501988510826337
0.235950044603033,0.23684210526315788,0.23773416592328278,0.2894736842105263
0.2379690949227373,0.23532008830022075,0.2335540838852097,0.29315673289183225
0.23380035026269702,0.24387040280210157,0.22942206654991243,0.29290718038528896
0.23221300742034046,0.24618070711479703,0.22784810126582278,0.2937581841990397
0.23283450704225353,0.24163732394366197,0.230193661971831,0.2953345070422535
0.23531970421922574,0.24706394084384514,0.22749021313614615,0.29012614180078294
0.23474801061007958,0.2493368700265252,0.22325375773651635,0.2926613616268789
0.24416042309387395,0.24636403702071397,0.21595416483032173,0.29352137505509035
0.24139452780229478,0.24624889673433362,0.21579876434245365,0.2965578111209179
0.23763250883392226,0.25265017667844525,0.21643109540636044,0.29328621908127206
0.24187884108867427,0.24582967515364354,0.2177348551360843,0.29455662862159787
0.2392638036809816,0.2537248028045574,0.21954425942156003,0.287467134092901
0.2403376277210129,0.25721901377165707,0.2132385606397157,0.2892047978676144
0.2371088585279859,0.25870427501101806,0.2150727192595857,0.2891141472014103
0.23557483731019524,0.2559652928416486,0.21865509761388285,0.2898047722342733
0.23670212765957446,0.26063829787234044,0.21320921985815602,0.2894503546099291
0.23549934583515045,0.25207152202354993,0.2211077191452246,0.291321412996075
0.23876651982378855,0.24493392070484582,0.21894273127753303,0.2973568281938326
0.2384310268840899,0.24151608638166594,0.22168356104010578,0.2983693256941384
0.23803249890206413,0.23978919631093545,0.2231005709266579,0.29907773386034253
0.24151608638166594,0.24548259144997797,0.21551344204495373,0.2974878801234024
0.2419850680720246,0.24725516029863856,0.21519543258673693,0.29556433904259993
0.2375933245498463,0.25120772946859904,0.21212121212121213,0.29907773386034253
0.24177270732777534,0.2566915313734094,0.20842474769635805,0.2931110136024572
0.23918799646954986,0.2546337157987643,0.21668137687555164,0.28949691085613416
0.23895759717314488,0.25574204946996465,0.20936395759717313,0.2959363957597173
0.24040582267313632,0.25584472871636527,0.2055580061755624,0.29819144243493606
0.24670184696569922,0.2594547053649956,0.20536499560246263,0.2884784520668426
0.24286341677646026,0.256477821695213,0.207290294246816,0.2933684672815108
0.2460456942003515,0.2570298769771529,0.2038664323374341,0.29305799648506153
0.24307692307692308,0.2558241758241758,0.2043956043956044,0.2967032967032967
0.23987676056338028,0.2557218309859155,0.2108274647887324,0.2935739436619718
0.24533217542336083,0.2548849326964828,0.20755536257056015,0.29222752930959617
0.24371970030850595,0.251211987659762,0.20758043190832967,0.2974878801234024
0.2459800086918731,0.24989135158626685,0.21338548457192524,0.2907431551499348
0.24118165784832452,0.24867724867724866,0.21693121693121692,0.2932098765432099
0.24525805028672254,0.25363917071018965,0.21305690339655933,0.28804587560652845
0.2543936731107206,0.24956063268892795,0.2157293497363796,0.28031634446397186
0.24912280701754386,0.25219298245614036,0.21403508771929824,0.28464912280701754
0.2509907529722589,0.25407309555262,0.21136063408190225,0.28357551739321885
0.2479010163499779,0.2509942554131684,0.20813079982324348,0.29297392841361025
0.24141008478357875,0.2556894243641232,0.20526550647032574,0.29763498438197233
0.24051191526919682,0.2559576345984113,0.20476610767872905,0.29876434245366285
0.2508880994671403,0.24955595026642985,0.19849023090586146,0.30106571936056836
0.24352786309784993,0.25186485300570427,0.19745502413339183,0.307152259763054
0.2442781690140845,0.2517605633802817,0.18794014084507044,0.3160211267605634
0.24,0.25555555555555554,0.19066666666666668,0.31377777777777777
0.24450307827616535,0.2510993843447669,0.18865435356200527,0.31574318381706246
0.239647577092511,0.2515418502202643,0.1907488986784141,0.3180616740088106
0.24239753195240193,0.255178492728074,0.1864257382106655,0.31599823710885855
0.23651635720601238,0.2564102564102564,0.1861184792219275,0.3209549071618037
0.23891843971631205,0.25132978723404253,0.18617021276595744,0.32358156028368795
0.24089512944273805,0.2479157525230364,0.18736287845546293,0.3238262395787626
0.23930131004366811,0.24585152838427948,0.18427947598253275,0.33056768558951966
0.24428822495606328,0.2438488576449912,0.17926186291739896,0.3326010544815466
0.2424778761061947,0.24646017699115044,0.18053097345132743,0.3305309734513274
0.24151608638166594,0.24812692816218598,0.17849272807404143,0.3318642573821067
0.24670184696569922,0.24450307827616535,0.17678100263852242,0.33201407211961304
0.24714661984196665,0.2467076382791923,0.18129938542581212,0.32484635645302895
0.24333770205329838,0.2525120139799039,0.18042813455657492,0.3237221494102228
0.24274406332453827,0.25065963060686014,0.18249780123131046,0.32409850483729113
0.25010969723562965,0.24703817463799913,0.1834137779727951,0.31943835015357613
0.25229558373414956,0.2470485351989506,0.1845212068211631,0.31613467424573677
0.24211908931698775,0.24211908931698775,0.19264448336252188,0.3231173380035026
0.2561029738126942,0.24189968930315137,0.18153573013759433,0.32046160674656016
0.25209343323049804,0.24283825473776993,0.18334067871308946,0.32172763331864257
0.24857268335529206,0.2463768115942029,0.1800614844093105,0.32498902064119456
0.2488986784140969,0.24669603524229075,0.18061674008810572,0.3237885462555066
0.2513134851138354,0.25569176882662,0.18213660245183888,0.3108581436077058
0.25485008818342153,0.25617283950617287,0.17548500881834214,0.3134920634920635
0.25208974923009236,0.2595688517377915,0.17465904091509019,0.31368235811702594
0.25197541703248466,0.2546093064091308,0.18437225636523266,0.3090430201931519
0.24285714285714285,0.2554112554112554,0.18528138528138527,0.3164502164502164
0.23931247245482593,0.25253415601586604,0.1873071837814015,0.3208461877479066
0.23748338502436864,0.25520602569782896,0.1909614532565352,0.3163491360212672
0.23283450704225353,0.2601232394366197,0.18441901408450703,0.3226232394366197
0.230566534914361,0.2621870882740448,0.18401405357927098,0.32323232323232326
0.2323943661971831,0.2596830985915493,0.18661971830985916,0.32130281690140844
0.22870939420544337,0.2603160667251975,0.19051799824407376,0.32045654082528535
0.23236331569664903,0.2570546737213404,0.1882716049382716,0.322310405643739
0.23190932868352224,0.2528334786399303,0.1857018308631212,0.3295553618134263
0.23124448367166814,0.25419240953221534,0.1884377758164166,0.3261253309796999
0.23978919631093545,0.24769433465085638,0.18796662274923145,0.3245498462889767
0.24338624338624337,0.24735449735449735,0.19091710758377425,0.318342151675485
0.23894967177242887,0.25339168490153174,0.19299781181619255,0.3146608315098468
0.23591087811271297,0.25338575797291396,0.19047619047619047,0.32022717343818263
0.2367382726874178,0.2516440157825515,0.1867601928978518,0.3248575186321789
0.23761061946902653,0.25486725663716814,0.1831858407079646,0.32433628318584073
0.23043095866314864,0.256816182937555,0.18865435356200527,0.32409850483729113
0.23746701846965698,0.2541776605101143,0.1917326297273527,0.316622691292876
0.23847517730496454,0.26152482269503546,0.18617021276595744,0.31382978723404253
0.2431718061674009,0.2616740088105727,0.18502202643171806,0.31013215859030835
0.2422522915757311,0.2610213880401571,0.18681798341335662,0.30990833697075515
0.23780487804878048,0.2643728222996516,0.18684668989547037,0.31097560975609756
0.2365451388888889,0.2651909722222222,0.18663194444444445,0.3116319444444444
0.2401242787394585,0.26498002663115844,0.18952507767421217,0.30537061695517087
0.2373029772329247,0.26532399299474607,0.19001751313485113,0.3073555166374781
0.23640350877192984,0.25877192982456143,0.19078947368421054,0.3140350877192982
0.23813708260105448,0.2592267135325132,0.18629173989455183,0.3163444639718805
0.24396665204036858,0.2606406318560772,0.18955682316805617,0.305835892935498
0.2420774647887324,0.258362676056338,0.19014084507042253,0.30941901408450706
0.2401402278702892,0.26292725679228746,0.18492550394390886,0.31200701139351444
0.24001755155770074,0.26195699868363315,0.18560772268538833,0.31241772707327775
0.23794916739702016,0.2633654688869413,0.18624014022787028,0.3124452234881683
0.24118165784832452,0.25970017636684306,0.18959435626102292,0.30952380952380953
0.24202708606378331,0.2616863259065094,0.182175622542595,0.31411096548711226
0.24231782265144863,0.2603160667251975,0.18305531167690958,0.31431079894644426
0.24031690140845072,0.2676056338028169,0.18529929577464788,0.3067781690140845
0.2372278987116837,0.26699244780097736,0.185250999555753,0.31052865393158596
0.23539668700959024,0.26591107236268524,0.1896251089799477,0.3090671316477768
0.2294143549097314,0.2677234698370762,0.1950682518714223,0.30779392338177014
0.23209549071618038,0.2639257294429708,0.19363395225464192,0.3103448275862069
0.23296703296703297,0.2641758241758242,0.19736263736263737,0.3054945054945055
0.22952961672473868,0.26742160278745647,0.19599303135888502,0.30705574912891986
0.2324561403508772,0.2719298245614035,0.18859649122807018,0.30701754385964913
0.22753430721558213,0.27047366091190794,0.18946436476316955,0.31252766710934043
0.23568575233022637,0.2747447847314691,0.18641810918774968,0.3031513537505548
0.23919685726756876,0.27149716281099956,0.18769096464426016,0.30161501527717155
0.24193548387096775,0.2724498692240628,0.1857018308631212,0.2999128160418483
0.24462954844366505,0.2621657167908812,0.1832529592284086,0.30995177553704517
0.25396825396825395,0.2601410934744268,0.17989417989417988,0.30599647266313934
0.25451343020695727,0.25935711140466755,0.18361955085865259,0.30250990752972257
0.24967263203841117,0.2536010475774771,0.18856394587516367,0.30816237450894807
0.24867957746478872,0.2522007042253521,0.18441901408450703,0.3147007042253521
0.24944812362030905,0.25298013245033113,0.18322295805739514,0.3143487858719647
0.24966916629907365,0.2514336127040141,0.18262020291133657,0.3162770180855756
0.24249116607773852,0.2513250883392226,0.18330388692579505,0.32287985865724383
0.23992917220008853,0.2501106684373617,0.18946436476316955,0.32049579459938027
0.23798932384341637,0.24822064056939502,0.19083629893238435,0.32295373665480426
0.24139452780229478,0.24757281553398058,0.1884377758164166,0.32259488084730803
0.24594476106970628,0.24594476106970628,0.18851380973257342,0.319596668128014
0.2445916114790287,0.24900662251655628,0.19337748344370861,0.3130242825607064
0.24456280514869064,0.2436750998668442,0.19307589880159787,0.3186861961828673
0.2383053839364519,0.24536628420123566,0.19196822594880847,0.32436010591350395
0.2392449517120281,0.25021949078138717,0.1874451273046532,0.3230904302019315
0.2358117025956885,0.25604927408710954,0.1900571931368236,0.31808183018037833
0.24156071898290224,0.2507672073651907,0.19421306444541866,0.3134590092064884
0.2458442694663167,0.2484689413823272,0.19203849518810148,0.3136482939632546
0.2418645558487247,0.25857519788918204,0.19085312225153914,0.3087071240105541
0.23807420494699646,0.25618374558303886,0.19302120141342757,0.3127208480565371
0.23219814241486067,0.2636001769128704,0.19548872180451127,0.3087129588677576
0.23881258307487815,0.26229508196721313,0.19051838723969872,0.30837394771821003
0.2314487632508834,0.2628091872791519,0.19081272084805653,0.31492932862190814
0.23328964613368283,0.25731760594145914,0.19528178243774574,0.31411096548711226
0.23630742049469966,0.2539752650176678,0.18860424028268552,0.321113074204947
0.23692307692307693,0.2501098901098901,0.18813186813186814,0.32483516483516484
0.23446452181577787,0.25253415601586604,0.19083296606434552,0.32216835610401057
0.2338638373121132,0.248894783377542,0.19230769230769232,0.3249336870026525
0.2399647110719012,0.24702249669166298,0.19144243493603882,0.321570357300397
0.23554976097348979,0.24902216427640156,0.1912212081703607,0.32420686657974795
0.2318141980718668,0.2506573181419807,0.19456617002629273,0.3229623137598598
0.23555359505955006,0.24614027348919276,0.19761799735333038,0.3206881340979268
0.23736933797909407,0.24738675958188153,0.19425087108013936,0.320993031358885
0.2368881118881119,0.24388111888111888,0.19755244755244755,0.32167832167832167
0.23300970873786409,0.2528684907325684,0.19461606354810237,0.3195057369814651
0.23144488361879667,0.2490118577075099,0.1976284584980237,0.32191480017566976
0.2328527741371778,0.25207514198339886,0.20052424639580602,0.3145478374836173
0.2326710816777042,0.25165562913907286,0.1955849889624724,0.3200883002207506
0.229010989010989,0.25758241758241757,0.1912087912087912,0.3221978021978022
0.22912111937035418,0.2606034105815479,0.18933100131176214,0.3209444687363358
0.2286343612334802,0.26387665198237886,0.18590308370044054,0.32158590308370044
0.22992540587977184,0.2566915313734094,0.19043440105309345,0.3229486616937253
0.22470433639947437,0.25405168637757336,0.19579500657030224,0.32544897065265005
0.22592099422991566,0.2507767421216156,0.19840213049267644,0.3249001331557923
0.22778745644599302,0.25261324041811845,0.1946864111498258,0.3249128919860627
0.22560706401766004,0.2582781456953642,0.19514348785871966,0.32097130242825606
0.2294792586054722,0.2559576345984113,0.19196822594880847,0.32259488084730803
0.23110720562390158,0.2557117750439367,0.18980667838312829,0.3233743409490334
0.22507618632999565,0.2564214192424902,0.1911188506747932,0.32738354375272094
0.22345624167036873,0.2594402487783207,0.19013771657041315,0.3269657929808974
0.22343681679055533,0.2584171403585483,0.1915172715347617,0.32662877131613466
0.22808547754034017,0.25556040122110774,0.18621892716964675,0.33013519406890535
0.22320247022496692,0.25584472871636527,0.18659020732245257,0.33436259373621524
0.2202038103677448,0.26229508196721313,0.18697385910500663,0.33052724856003546
0.2261904761904762,0.26587301587301587,0.18606701940035272,0.3218694885361552
0.2273924495171203,0.26865671641791045,0.18173836698858647,0.3222124670763828
0.23488168273444346,0.26292725679228746,0.18141980718667836,0.32077125328659073
0.23562966213251427,0.25976305397103994,0.18385256691531374,0.32075471698113206
0.22961657117672984,0.26840017628911417,0.18466284706919348,0.31732040546496254
0.2322695035460993,0.27349290780141844,0.17952127659574468,0.3147163120567376
0.2381584772023019,0.2625055334218681,0.1845949535192563,0.3147410358565737
0.23202470224966917,0.2646669607410675,0.1905602117335686,0.31274812527569473
0.23006134969325154,0.2712532865907099,0.18886941279579317,0.3098159509202454
0.23524229074889869,0.2647577092511013,0.19515418502202644,0.3048458149779736
0.2366812227074236,0.2633187772925764,0.19388646288209607,0.30611353711790396
0.23893805309734514,0.2610619469026549,0.19690265486725664,0.3030973451327434
0.24286341677646026,0.256477821695213,0.19806763285024154,0.3025911286780852
0.24339788732394366,0.2548415492957746,0.19278169014084506,0.3089788732394366
0.25044091710758376,0.2570546737213404,0.19047619047619047,0.3020282186948854
0.25229157573112176,0.25796595373199477,0.19292885202968135,0.2968136185072021
0.25342163355408387,0.2560706401766004,0.19646799116997793,0.29403973509933773
0.25426695842450764,0.2603938730853392,0.19474835886214442,0.29059080962800876
0.2603757099169943,0.26299694189602446,0.18829183049366535,0.28833551769331583
0.2542894852617686,0.2630884293884734,0.18609766827980642,0.2965244170699516
0.25507502206531335,0.26434245366284204,0.19020300088261252,0.2903795233892321
0.2545374059318282,0.2656042496679947,0.19123505976095617,0.2886232846392209
0.2598669623059867,0.2727272727272727,0.17694013303769401,0.29046563192904656
0.2563876651982379,0.27180616740088104,0.18061674008810572,0.2911894273127753
0.2597228430934287,0.28028609745194455,0.17255252570406795,0.2874385337505588
0.2594381035996488,0.2791922739244952,0.17295873573309922,0.2884108867427568
0.2596660808435852,0.27152899824253074,0.17486818980667837,0.29393673110720564
0.2588495575221239,0.270353982300885,0.17212389380530974,0.29867256637168144
0.26005244755244755,0.2666083916083916,0.17132867132867133,0.30201048951048953
0.26378473753859727,0.2620202911336568,0.16982796647551832,0.3043670048522276
0.26336898395721925,0.2606951871657754,0.17602495543672014,0.2999108734402852
0.26730937773882557,0.26555652936021035,0.16958808063102543,0.29754601226993865
0.2648482182138143,0.2688077430708315,0.16717993840739112,0.29916410030796303
0.26366418889374726,0.27240926978574553,0.16921731526016615,0.29470922606034106
0.2577680525164114,0.26958424507658646,0.16761487964989058,0.3050328227571116
0.2626041209995616,0.26698816308636564,0.16790881192459448,0.3024989039894783
0.2687224669603524,0.2629955947136564,0.16123348017621145,0.3070484581497797
0.27440633245382584,0.26649076517150394,0.1565523306948109,0.30255057167985927
0.2785368003525782,0.26443367122080214,0.15733803437637725,0.2996914940502424
0.2739606126914661,0.26258205689277897,0.15711159737417943,0.3063457330415755
0.27116402116402116,0.2588183421516755,0.16313932980599646,0.30687830687830686
0.26887417218543047,0.2582781456953642,0.16423841059602648,0.3086092715231788
0.2615923009623797,0.2646544181977253,0.1679790026246719,0.30577427821522307
0.26877470355731226,0.26701800614844096,0.16556873078612208,0.29863855950812473
0.2674315975286849,0.27140335392762577,0.16372462488967343,0.2974404236540159
0.26875,0.27232142857142855,0.15892857142857142,0.3
0.2672831351827389,0.26904447380008806,0.16292382210479964,0.3007485689123734
0.257529463116543,0.27848101265822783,0.16586643387167177,0.2981230903535574
0.25925925925925924,0.27469135802469136,0.16843033509700175,0.2976190476190476
0.2563989408649603,0.2744924977934687,0.16725507502206532,0.30185348631950576
0.25363917071018965,0.2726069695632995,0.17071018967798854,0.3030436700485223
0.2540659340659341,0.26857142857142857,0.16835164835164834,0.309010989010989
0.2515230635335074,0.27023498694516973,0.16884247171453437,0.3093994778067885
0.25296964364276286,0.2701275846898372,0.1658600967883854,0.3110426748790145
0.2639616055846422,0.2709424083769634,0.16361256544502617,0.30148342059336825
0.25599651112080246,0.27300479720889664,0.1639773222852159,0.30702136938508506
0.25021758050478676,0.2741514360313316,0.16840731070496084,0.3072236727589208
0.25326370757180156,0.27458659704090516,0.16405570060922542,0.30809399477806787
0.2530647985989492,0.271015761821366,0.17162872154115585,0.3042907180385289
0.25055041831792163,0.2813738441215324,0.17173051519154559,0.29634522236900046
0.2588389349628983,0.27149716281099956,0.17546922741161064,0.29419467481449146
0.25673327541268465,0.2693310165073849,0.17245873153779323,0.3014769765421373
0.25785050862450243,0.27156125608137993,0.17293233082706766,0.29765590446705
0.25778167470407715,0.27005699254712845,0.17360806663743972,0.2985532661113547
0.26073483842408146,0.2695883134130146,0.17131474103585656,0.29836210712704736
0.25574204946996465,0.27296819787985865,0.17137809187279152,0.2999116607773852
0.2644736842105263,0.2719298245614035,0.17280701754385966,0.29078947368421054
0.26378473753859727,0.27040141155712394,0.1689457432730481,0.2968681076312307
0.2652881654201496,0.269687637483502,0.1680598328200616,0.29696436427628686
0.26681318681318683,0.26989010989010986,0.16131868131868132,0.301978021978022
0.2695883134130146,0.2718016821602479,0.16113324479858343,0.29747675962815406
0.26821773485513606,0.2721685689201054,0.16066725197541704,0.2989464442493415
0.2667257421355782,0.2778023925564909,0.1595037660611431,0.2959680992467878
0.2654945054945055,0.2826373626373626,0.1564835164835165,0.2953846153846154
0.26278659611992944,0.2874779541446208,0.15961199294532627,0.29012345679012347
0.2600976475810031,0.28806036395916557,0.1584553928095872,0.2933865956502441
0.2585981715280801,0.29473225946887244,0.1584675663909447,0.28820200261210277
0.26380368098159507,0.29666958808063104,0.15556529360210342,0.2839614373356705
0.26711111111111113,0.2902222222222222,0.1608888888888889,0.2817777777777778
0.26522506619594,0.2925860547219771,0.15931156222418358,0.2828773168578994
0.2657894736842105,0.2969298245614035,0.1587719298245614,0.27850877192982454
0.2643171806167401,0.30572687224669604,0.15418502202643172,0.2757709251101322
0.2738770170082861,0.296118621892717,0.1552551242913214,0.27474923680767555
0.2727272727272727,0.2953436807095344,0.1574279379157428,0.2745011086474501
0.27624066754501536,0.28809837505489677,0.15942028985507245,0.27624066754501536
0.2780445220427761,0.29070274989087735,0.15233522479266695,0.2789175032736796
0.28375387339530767,0.2868525896414343,0.14962372731297033,0.27976980965028775
0.27649367640645445,0.28783253379851725,0.1530745747928478,0.28259921500218055
0.27437943262411346,0.2907801418439716,0.15070921985815602,0.2841312056737589
0.2779482683033757,0.2906619903551074,0.14993423936869793,0.28145550197281893
0.286784140969163,0.2894273127753304,0.14625550660792952,0.2775330396475771
0.2889767237593325,0.2854633289415898,0.1497584541062802,0.27580149319279756
0.2884955752212389,0.2827433628318584,0.1508849557522124,0.2778761061946903
0.2828282828282828,0.28809837505489677,0.15151515151515152,0.27755819060166886
0.28251318101933215,0.28866432337434095,0.15817223198594024,0.27065026362038663
0.28797886393659183,0.2915015411712902,0.15279612505504184,0.2677234698370762
0.2849604221635884,0.2911169744942832,0.15435356200527706,0.2695690413368514
0.28269484808454426,0.2862175253192426,0.15235579040070454,0.27873183619550856
0.283311199645861,0.2877379371403276,0.1553784860557769,0.2735723771580345
0.29117259552042163,0.2784365393061045,0.155467720685112,0.27492314448836186
0.2927042376583661,0.27741371778069024,0.1564001747487986,0.27348186981214506
0.29210526315789476,0.2767543859649123,0.15964912280701754,0.27149122807017545
0.2857768052516411,0.27964989059080964,0.16236323851203502,0.2722100656455142
0.28833551769331583,0.27741371778069024,0.16164263870685888,0.272608125819135
0.2847740236946029,0.2759982448442299,0.1671785870996051,0.2720491443615621
0.2877379371403276,0.267817618415228,0.16865869853917662,0.27578574590526783
0.290437890974084,0.2645218945487042,0.17068811438784628,0.2743521000893655
0.29295154185022027,0.2616740088105727,0.173568281938326,0.27180616740088104
0.2962962962962963,0.2553376906318083,0.17777777777777778,0.27058823529411763
0.29331574318381703,0.25725593667546176,0.17941952506596306,0.2700087950747581
0.29973591549295775,0.25528169014084506,0.17869718309859156,0.2662852112676056
0.297273526824978,0.26033421284080915,0.17766051011433598,0.2647317502198769
0.2957012592270951,0.25618758141554493,0.177594442032132,0.270516717325228
0.2846458424989001,0.2622085349758029,0.17993840739111305,0.2732072151341839
0.28965819456617004,0.2572304995617879,0.18536371603856266,0.2677475898334794
0.292693661971831,0.2592429577464789,0.18309859154929578,0.2649647887323944
0.28928884986830555,0.26251097453906935,0.18129938542581212,0.266900790166813
0.28565121412803535,0.2578366445916115,0.18675496688741722,0.269757174392936
0.28804587560652845,0.25937362152624616,0.18835465372739302,0.2642258491398324
0.2875498449268941,0.2565352237483385,0.18608772707133364,0.26982720425343376
0.2898550724637681,0.256477821695213,0.1844532279314888,0.2692138779095301
0.2892416225749559,0.25308641975308643,0.1900352733686067,0.26763668430335097
0.29036515618125824,0.24857017157941047,0.1913770347558293,0.269687637483502
0.2885964912280702,0.24780701754385964,0.18596491228070175,0.2776315789473684
0.28558797524314766,0.248894783377542,0.1870026525198939,0.27851458885941643
0.29219920669898636,0.24768620537681799,0.18510356985456147,0.2750110180696342
0.2906057945566286,0.24934152765583845,0.18568920105355574,0.27436347673397715
0.2887723896898209,0.2525120139799039,0.1799912625600699,0.27872433377020533
0.2906057945566286,0.2559262510974539,0.18086040386303776,0.2726075504828797
0.2911336568151742,0.25011027790030876,0.17909131010145568,0.27966475518306133
0.289925208974923,0.2547294324681038,0.17949846018477783,0.27584689837219534
0.2912621359223301,0.2599293909973522,0.17519858781994704,0.2736098852603707
0.28031634446397186,0.2587873462214411,0.18189806678383127,0.2789982425307557
0.2830605926581159,0.2565236620964175,0.17956656346749225,0.28084918177797435
0.287341217696014,0.2566798072711345,0.1809023215067893,0.2750766535260622
0.28633975481611207,0.2574430823117338,0.1777583187390543,0.27845884413309985
0.28232189973614774,0.25857519788918204,0.17985927880386984,0.27924362357080035
0.2801762114537445,0.2616740088105727,0.1762114537444934,0.28193832599118945
0.280794701986755,0.26225165562913905,0.18322295805739514,0.2737306843267108
0.2858411007545495,0.2596537949400799,0.18242343541944075,0.2720816688859299
0.291005291005291,0.25617283950617287,0.17592592592592593,0.2768959435626102
0.2838738338516215,0.258996001776988,0.17725455353176367,0.2798756108396268
0.27970188513809735,0.25822007891275756,0.1832529592284086,0.27882507672073653
0.28907637655417406,0.26154529307282415,0.17273534635879217,0.2766429840142096
0.2860927152317881,0.2556291390728477,0.18322295805739514,0.2750551876379691
0.2829610162067455,0.2558037669732808,0.18177836180464302,0.2794568550153307
0.28180633955709944,0.2553191489361702,0.1836734693877551,0.27920104211897523
0.2821869488536155,0.25925925925925924,0.1882716049382716,0.27028218694885364
0.2812914639540027,0.2605042016806723,0.18398938522777533,0.27421494913754973
0.2787905735882614,0.25789239662072033,0.18230324588706093,0.2810137839039573
0.2778761061946903,0.26238938053097344,0.17743362831858406,0.28230088495575223
0.28111209179170343,0.2581641659311562,0.17917034421888792,0.2815533980582524
0.2756043956043956,0.26285714285714284,0.18373626373626373,0.2778021978021978
0.27947019867549666,0.2640176600441501,0.18322295805739514,0.27328918322295803
0.2801231310466139,0.26649076517150394,0.17766051011433598,0.2757255936675462
0.2738147984049623,0.2614089499335401,0.18121400088613204,0.2835622507753655
0.2759669708822251,0.2598870056497175,0.18122555410691005,0.28292046936114734
0.28046078865750995,0.2565352237483385,0.18608772707133364,0.2769162605228179
0.2838254737769943,0.2626707800793301,0.17761128250330543,0.27589246364037023
0.28232189973614774,0.2752858399296394,0.17810026385224276,0.2642919964819701
0.2826278659611993,0.26940035273368607,0.17857142857142858,0.26940035273368607
0.28125,0.2676056338028169,0.17517605633802816,0.27596830985915494
0.27153476169654567,0.2728465238303454,0.17927415828596416,0.2763445561871447
0.2773593265396544,0.26938413823659724,0.1741249446167479,0.27913159060700043
0.27440633245382584,0.27924362357080035,0.17502198768689534,0.27132805628847845
0.27639071397284276,0.2794568550153307,0.1721419185282523,0.2720105124835742
0.2728471001757469,0.28075571177504394,0.16695957820738136,0.27943760984182775
0.2739244951712028,0.28314310798946446,0.1646180860403863,0.2783143107989464
0.2775098640946953,0.2770714598860149,0.16089434458570803,0.28452433143358175
0.2762577228596646,0.2793468667255075,0.15798764342453664,0.28640776699029125
0.27525363917071016,0.2818703131892369,0.15924128804587562,0.28363475959417733
0.28324468085106386,0.2708333333333333,0.1622340425531915,0.28368794326241137
0.2882172579938677,0.26938239159001315,0.15856329391151994,0.28383705650459923
0.28171478565179353,0.26815398075240593,0.15923009623797024,0.2909011373578303
0.2808249232119351,0.2685388328214129,0.1553312856516016,0.29530495831505044
0.278674225904928,0.26777147841255994,0.1587440034888792,0.2948102921936328
0.2801590808661069,0.2615996464869642,0.16261599646486966,0.2956252761820592
0.28484054172127565,0.25688073394495414,0.15334207077326342,0.30493665356050675
0.2847740236946029,0.2602018429135586,0.1570864414216762,0.29793769197016234
0.2881654201495821,0.2630884293884734,0.1561812582490101,0.29256489221293447
0.28045574057843997,0.261612620508326,0.15731814198071867,0.3006134969325153
0.27901883486640383,0.2619360490582567,0.15593517301795884,0.30310994305738065
