R,A,S,N
1.0,0.0,0.0,0.0
0.6,0.0,0.0,0.4
0.5454545454545454,0.0,0.0,0.45454545454545453
0.5217391304347826,0.0,0.08695652173913043,0.391304347826087
0.4418604651162791,0.0,0.13953488372093023,0.4186046511627907
0.38461538461538464,0.0,0.16666666666666666,0.44871794871794873
0.3253968253968254,0.0,0.19047619047619047,0.48412698412698413
0.2857142857142857,0.010582010582010581,0.2328042328042328,0.4708994708994709
0.2631578947368421,0.014035087719298246,0.2771929824561403,0.4456140350877193
0.233502538071066,0.012690355329949238,0.31725888324873097,0.4365482233502538
0.22648752399232247,0.02495201535508637,0.3378119001919386,0.4107485604606526
0.22286541244573083,0.03328509406657019,0.3458755426917511,0.3979739507959479
0.21052631578947367,0.04143337066069429,0.3583426651735722,0.3896976483762598
0.20972097209720972,0.04770477047704771,0.36993699369936994,0.3726372637263726
0.21012849584278157,0.05139833711262283,0.37339380196523053,0.36507936507936506
0.2151815181518152,0.05148514851485148,0.3782178217821782,0.3551155115511551
0.22399527186761228,0.05319148936170213,0.37884160756501184,0.34397163120567376
0.23431635388739946,0.054691689008042894,0.38123324396782843,0.3297587131367292
0.23212536728697356,0.05582761998041136,0.3844270323212537,0.3276199804113614
0.2383134738771769,0.054995417048579284,0.383134738771769,0.3235563703024748
0.24259581881533102,0.05574912891986063,0.38153310104529614,0.3201219512195122
0.24373673036093418,0.05562632696390658,0.3821656050955414,0.3184713375796178
0.24095394736842105,0.057154605263157895,0.3770559210526316,0.3248355263157895
0.23793949304987735,0.06050695012264922,0.374897792313982,0.32665576451349143
0.24206672091131,0.060211554109031735,0.3738812042310822,0.32384052074857606
0.240973630831643,0.06247464503042596,0.37038539553752536,0.3261663286004057
0.24016227180527383,0.06450304259634888,0.37079107505070996,0.32454361054766734
0.2413793103448276,0.06734279918864097,0.36957403651115617,0.32170385395537526
0.24230145867098865,0.07090761750405186,0.3695299837925446,0.3172609400324149
0.2407108239095315,0.07350565428109855,0.36591276252019383,0.3198707592891761
0.23598700243704304,0.07676685621445979,0.3688058489033306,0.31844029244516653
0.23438767234387672,0.07907542579075426,0.3682076236820762,0.31832927818329276
0.23298217179902755,0.08022690437601297,0.3666936790923825,0.320097244732577
0.2313915857605178,0.08211974110032362,0.3661003236245955,0.32038834951456313
0.22765871411241406,0.0841083704003235,0.36595228467448443,0.322280630812778
0.22578029995946494,0.0867450344548034,0.36522091609241997,0.3222537494933117
0.2248687928946306,0.09002825999192572,0.3617278966491724,0.3233750504642713
0.2224465078724263,0.08922083165119096,0.36213161081953976,0.32620104965684293
0.22163907953169157,0.09245054501413,0.3617278966491724,0.32418247880500606
0.22092084006462034,0.09531502423263329,0.35864297253634897,0.32512116316639744
0.2191670036393045,0.0978568540234533,0.35705620703598867,0.3259199353012535
0.21872477804681195,0.09887005649717515,0.3579499596448749,0.324455205811138
0.21563885530028215,0.10197501007658202,0.35630794034663443,0.3260781942765014
0.21428571428571427,0.10290556900726393,0.3563357546408394,0.3264729620661824
0.21169354838709678,0.10443548387096774,0.3540322580645161,0.32983870967741935
0.20918984280532044,0.10600564288593309,0.354695687222894,0.3301088270858525
0.2071745264006449,0.10640870616686819,0.3538895606610238,0.33252720677146314
0.20940514469453375,0.10691318327974277,0.3508842443729904,0.3327974276527331
0.21141479099678456,0.11012861736334405,0.3492765273311897,0.3291800643086817
0.20885311871227363,0.11348088531187123,0.3476861167002012,0.3299798792756539
0.20925553319919518,0.11468812877263582,0.3476861167002012,0.3283702213279678
0.20883534136546184,0.11646586345381527,0.3477911646586345,0.3269076305220884
0.20668815471394036,0.11925866236905722,0.34810636583400484,0.3259468170829976
0.20434432823813356,0.12107803700724054,0.3471440064360418,0.3274336283185841
0.20514883346741755,0.12188254223652453,0.34553499597747384,0.3274336283185841
0.20522088353413653,0.12289156626506025,0.3449799196787149,0.3269076305220884
0.20530333467255926,0.12334270791482523,0.3467255926074729,0.3246283648051426
0.20393416298675232,0.1260537936571658,0.34524287434765155,0.32476916900843034
0.20272982737856282,0.12685668406262546,0.3444399839421919,0.32597350461661984
0.2056936647955092,0.12830793905372895,0.34242181234963914,0.3235765838011227
0.20466425412143144,0.12907117008443908,0.34298351427422596,0.3232810615199035
0.2067442794058611,0.13006824568446407,0.3392211963067041,0.32396627860297067
0.20681362725450902,0.1314629258517034,0.3366733466933868,0.3250501002004008
0.20858403529883673,0.13036502206177297,0.33774568792619336,0.32330525471319693
0.20851747689835276,0.1297709923664122,0.33788670148654076,0.32382482924869427
0.20826645264847513,0.1312199036918138,0.33587479935794545,0.32463884430176565
0.20778178900922584,0.13317288407541114,0.33373445647813876,0.32531087043722423
0.2096192384769539,0.13306613226452907,0.33186372745490983,0.3254509018036072
0.20858403529883673,0.13437625350982751,0.3333333333333333,0.3237063778580024
0.20923694779116467,0.13815261044176708,0.3325301204819277,0.3200803212851406
0.2083500602167804,0.1405058209554396,0.3319951826575672,0.3191489361702128
0.2080482897384306,0.1420523138832998,0.3323943661971831,0.3175050301810865
0.20714572460859093,0.14452027298273787,0.33038940184664795,0.3179446005620233
0.2069795427196149,0.14560770156438027,0.3281187324508624,0.3192940232651424
0.20801603206412825,0.14589178356713428,0.32625250501002007,0.31983967935871743
0.20634283420313126,0.146527498996387,0.3243677238057005,0.3227619429947812
0.20601202404809618,0.14869739478957916,0.3246492985971944,0.32064128256513025
0.20761523046092184,0.14949899799599198,0.32344689378757513,0.319438877755511
0.20786516853932585,0.15248796147672553,0.32223113964687,0.31741573033707865
0.20816653322658127,0.15252201761409126,0.3210568454763811,0.31825460368294634
0.20875150541951024,0.1537535126455239,0.3191489361702128,0.3183460457647531
0.20816653322658127,0.1533226581265012,0.32025620496397117,0.31825460368294634
0.20896717373899118,0.15372297838270615,0.31865492393915135,0.31865492393915135
0.20873397435897437,0.15544871794871795,0.31650641025641024,0.3193108974358974
0.20858403529883673,0.15724027276373848,0.31448054552747695,0.31969514640994784
0.20873397435897437,0.1578525641025641,0.3145032051282051,0.3189102564102564
0.2078494193031638,0.15698838606327592,0.31758109731678014,0.31758109731678014
0.20704845814977973,0.15738886663996796,0.3195835002002403,0.315979175010012
0.20793269230769232,0.15905448717948717,0.31810897435897434,0.31490384615384615
0.2066479775730877,0.16299559471365638,0.315979175010012,0.3143772527032439
0.2068827531012405,0.1636654661864746,0.3165266106442577,0.3129251700680272
0.20641282565130262,0.16352705410821644,0.319438877755511,0.3106212424849699
0.20673076923076922,0.16266025641025642,0.3193108974358974,0.3112980769230769
0.20576461168935148,0.16253002401921537,0.3210568454763811,0.31064851881505207
0.20464557468962755,0.16499799759711653,0.32038446135362436,0.30997196635963153
0.20376301040832667,0.16533226581265012,0.32265812650120096,0.3082465972778223
0.20400801603206412,0.16633266533066132,0.3210420841683367,0.30861723446893785
0.2042450941129355,0.16780136163396075,0.32038446135362436,0.3075690828994794
0.20344413295955147,0.17060472567080498,0.32078494193031637,0.3051661994393272
0.20568227290916366,0.17006802721088435,0.31892757102841135,0.30532212885154064
0.20656525220176142,0.1709367493995196,0.3178542834267414,0.30464371497197756
0.2076,0.1704,0.3168,0.3052
0.2064825930372149,0.1720688275310124,0.3161264505802321,0.30532212885154064
0.20713141025641027,0.17427884615384615,0.3137019230769231,0.30488782051282054
0.2077662129703763,0.1745396317053643,0.3122497998398719,0.30544435548438753
0.2068,0.1744,0.3132,0.3056
0.2068827531012405,0.17486994797919167,0.3153261304521809,0.302921168467387
0.2066479775730877,0.17541049259110933,0.315979175010012,0.3019623548257909
0.20576461168935148,0.1765412329863891,0.31505204163330663,0.3026421136909528
0.2064,0.1756,0.3156,0.3024
0.20704845814977973,0.17701241489787745,0.31397677212655184,0.3019623548257909
0.2064,0.1812,0.3124,0.3
0.2068,0.1816,0.3108,0.3008
0.20801603206412825,0.18356713426853707,0.3098196392785571,0.2985971943887776
0.2084,0.1836,0.3084,0.2996
0.20808323329331732,0.18487394957983194,0.3089235694277711,0.29811924769907966
0.20928371348539415,0.18607442977190877,0.30692276910764305,0.297719087635054
0.20976781425140112,0.18855084067253802,0.3050440352281825,0.2966373098478783
0.21008403361344538,0.18887555022008803,0.30532212885154064,0.29571828731492594
0.21048419367747098,0.18927571028411364,0.30652260904361744,0.29371748699479794
0.212,0.1884,0.3052,0.2944
0.2121697357886309,0.18975180144115292,0.3034427542033627,0.2946357085668535
0.21122244488977956,0.18957915831663327,0.3034068136272545,0.29579158316633264
0.2121697357886309,0.19055244195356286,0.3034427542033627,0.29383506805444354
0.21208483393357344,0.1912765106042417,0.3033213285314126,0.2933173269307723
0.2121697357886309,0.1921537229783827,0.3034427542033627,0.2922337870296237
0.21016813450760607,0.1921537229783827,0.3058446757405925,0.29183346677341876
0.20976781425140112,0.1921537229783827,0.3050440352281825,0.2930344275420336
0.21016813450760607,0.19495596477181745,0.30304243394715774,0.29183346677341876
0.20793269230769232,0.1971153846153846,0.30488782051282054,0.2900641025641026
0.21008403361344538,0.19807923169267708,0.3037214885954382,0.28811524609843936
0.20976781425140112,0.19815852682145715,0.30384307445956765,0.28823058446757405
0.21,0.1988,0.3044,0.2868
0.21096877502001601,0.19815852682145715,0.3050440352281825,0.28582866293034426
0.20968387354941978,0.2000800320128051,0.3045218087234894,0.2857142857142857
0.21025230276331597,0.2002402883460152,0.30316379655586706,0.28634361233480177
0.21008403361344538,0.1996798719487795,0.3033213285314126,0.28691476590636256
0.20888355342136855,0.20168067226890757,0.3045218087234894,0.2849139655862345
0.21,0.202,0.3036,0.2844
0.20968387354941978,0.20208083233293317,0.3041216486594638,0.2841136454581833
0.2096,0.2024,0.3032,0.2848
0.20976781425140112,0.20376301040832667,0.3018414731785428,0.2846277021617294
0.21,0.2036,0.3016,0.2848
0.21008403361344538,0.2064825930372149,0.30012004801920766,0.28331332533013204
0.21048419367747098,0.20768307322929172,0.30012004801920766,0.28171268507402963
0.20945134160993192,0.20865038045654785,0.2975570684821786,0.2843412094513416
0.21,0.2088,0.2952,0.286
0.2108843537414966,0.20928371348539415,0.2933173269307723,0.28651460584233696
0.21208483393357344,0.21048419367747098,0.2929171668667467,0.2845138055222089
0.2124,0.2096,0.2932,0.2848
0.2128,0.2096,0.2928,0.2848
0.21345614737685223,0.2090508610332399,0.29114937925510614,0.28634361233480177
0.2136,0.2096,0.2912,0.2856
0.2156,0.2092,0.29,0.2852
0.21288515406162464,0.21008403361344538,0.2913165266106443,0.2857142857142857
0.212,0.2116,0.2916,0.2848
0.2112845138055222,0.2116846738695478,0.2917166866746699,0.2853141256502601
0.2116,0.2096,0.2928,0.286
0.2132,0.2092,0.2896,0.288
0.2144,0.2104,0.2876,0.2876
0.21265518622346816,0.2130556668001602,0.28714457348818584,0.28714457348818584
0.21096877502001601,0.21297037630104082,0.2866293034427542,0.28943154523618897
0.2112845138055222,0.21368547418967587,0.2857142857142857,0.2893157262905162
0.2108,0.214,0.2868,0.2884
0.208,0.2164,0.2868,0.2888
0.2076,0.2156,0.286,0.2908
0.20968387354941978,0.2144857943177271,0.2853141256502601,0.290516206482593
0.20888355342136855,0.21568627450980393,0.2861144457783113,0.2893157262905162
0.2068,0.2176,0.2864,0.2892
0.2064,0.2168,0.288,0.2888
0.206,0.2176,0.2876,0.2888
0.20616493194555643,0.2177742193755004,0.28823058446757405,0.2878302642113691
0.2064825930372149,0.21768707482993196,0.2889155662264906,0.28691476590636256
0.204,0.2192,0.2888,0.288
0.2068,0.2192,0.2864,0.2876
0.20888355342136855,0.21728691476590636,0.2857142857142857,0.28811524609843936
0.20848339335734295,0.21608643457382953,0.28651460584233696,0.2889155662264906
0.2104,0.2164,0.284,0.2892
0.2096,0.2172,0.2844,0.2888
0.2108,0.2172,0.2836,0.2884
0.2112845138055222,0.21688675470188076,0.28291316526610644,0.2889155662264906
0.2128,0.2168,0.2824,0.288
0.21408563425370147,0.21728691476590636,0.28331332533013204,0.2853141256502601
0.21408563425370147,0.21728691476590636,0.28251300520208084,0.2861144457783113
0.21176941553242595,0.21857485988791034,0.28342674139311447,0.2862289831865492
0.2112,0.22,0.284,0.2848
0.212,0.2208,0.2804,0.2868
0.21208483393357344,0.21968787515006002,0.2809123649459784,0.28731492597038816
0.2130556668001602,0.22026431718061673,0.2807368842611133,0.28594313175810976
0.21208483393357344,0.21968787515006002,0.28251300520208084,0.2857142857142857
0.214,0.2208,0.2784,0.2868
0.214,0.222,0.2764,0.2876
0.21425710853023627,0.22226672006407688,0.275931117340809,0.28754505406487785
0.2152,0.224,0.2756,0.2852
0.21608643457382953,0.22048819527811125,0.2781112444977991,0.2853141256502601
0.2156,0.22,0.2804,0.284
0.21648659463785513,0.2180872348939576,0.2809123649459784,0.2845138055222089
0.216,0.218,0.2812,0.2848
0.21688675470188076,0.2180872348939576,0.2797118847539016,0.2853141256502601
0.21768707482993196,0.21728691476590636,0.281312525010004,0.28371348539415764
0.2172,0.218,0.2824,0.2824
0.2156,0.2188,0.2812,0.2844
0.21617293835068055,0.21857485988791034,0.2822257806244996,0.2830264211369095
0.2148,0.2176,0.2828,0.2848
0.21568627450980393,0.21968787515006002,0.2781112444977991,0.28651460584233696
0.2152861144457783,0.21968787515006002,0.2789115646258503,0.2861144457783113
0.2172,0.2196,0.278,0.2852
0.216,0.2216,0.2792,0.2832
0.2152,0.222,0.2808,0.282
0.2184,0.2208,0.28,0.2808
0.2208,0.2196,0.2784,0.2812
0.2208,0.2184,0.2792,0.2816
0.22,0.218,0.2804,0.2816
0.2208,0.2184,0.2796,0.2812
0.22088835534213686,0.2188875550220088,0.2805122048819528,0.2797118847539016
0.22088835534213686,0.22008803521408563,0.2805122048819528,0.2785114045618247
0.21977582065652523,0.22057646116893515,0.2822257806244996,0.27742193755004
0.22,0.2224,0.2824,0.2752
0.2208,0.222,0.2824,0.2748
0.2208,0.222,0.2836,0.2736
0.222,0.2236,0.2812,0.2732
0.222,0.2252,0.2808,0.272
0.222177742193755,0.22497998398718974,0.2798238590872698,0.27301841473178545
0.22146575891069284,0.22587104525430515,0.27873448137765316,0.27392871445734884
0.2216,0.2252,0.2792,0.274
0.2188875550220088,0.22529011604641858,0.28171268507402963,0.274109643857543
0.2196,0.2252,0.2808,0.2744
0.2228,0.2236,0.2792,0.2744
0.2228,0.2228,0.2812,0.2732
0.22128851540616246,0.22168867547018808,0.28211284513805523,0.27490996398559425
0.22168867547018808,0.22168867547018808,0.2805122048819528,0.27611044417767105
0.2208,0.222,0.2816,0.2756
0.222,0.2212,0.2812,0.2756
0.2212,0.2228,0.2788,0.2772
0.2236,0.2208,0.2804,0.2752
0.22168867547018808,0.22088835534213686,0.281312525010004,0.27611044417767105
0.2216,0.2228,0.2796,0.276
0.22168867547018808,0.2224889955982393,0.2809123649459784,0.27490996398559425
0.22146575891069284,0.22306768121746096,0.2815378454144974,0.27392871445734884
0.22208883553421369,0.22448979591836735,0.2805122048819528,0.2729091636654662
0.22328931572629052,0.2264905962384954,0.279311724689876,0.27090836334533813
0.2228,0.228,0.28,0.2692
0.2248,0.2256,0.2796,0.27
0.22698158526821458,0.22538030424339472,0.27822257806244993,0.26941553242594074
0.2264,0.2264,0.2764,0.2708
0.2272,0.226,0.2772,0.2696
0.22698158526821458,0.22858286629303443,0.27622097678142515,0.2682145716573259
0.2284,0.2304,0.2736,0.2676
0.22769107643057224,0.2304921968787515,0.2737094837935174,0.26810724289715887
0.22738190552441953,0.23138510808646917,0.27381905524419536,0.2674139311449159
0.22818254603682947,0.23018414731785428,0.2742193755004003,0.2674139311449159
0.2272,0.2316,0.276,0.2652
0.2272909163665466,0.2336934773909564,0.27571028411364545,0.26330532212885155
0.22849139655862344,0.234093637454982,0.274109643857543,0.26330532212885155
0.2276,0.2328,0.2744,0.2652
0.22769107643057224,0.23209283713485393,0.27531012404961985,0.264905962384954
0.22849139655862344,0.23249299719887956,0.2733093237294918,0.2657062825130052
0.22769107643057224,0.23209283713485393,0.2729091636654662,0.26730692276910767
0.2268,0.234,0.2736,0.2656
0.22448979591836735,0.23529411764705882,0.2733093237294918,0.266906762705082
0.22408963585434175,0.23569427771108442,0.2729091636654662,0.26730692276910767
0.2232,0.238,0.2724,0.2664
0.2252,0.2376,0.2724,0.2648
0.2236,0.2396,0.272,0.2648
0.22128851540616246,0.2416966786714686,0.27170868347338933,0.2653061224489796
0.2216,0.2404,0.2712,0.2668
0.2208,0.2412,0.2716,0.2664
0.2188,0.2412,0.2728,0.2672
0.2184873949579832,0.2420968387354942,0.2733093237294918,0.2661064425770308
0.22,0.2412,0.2744,0.2644
0.2210652783340008,0.23908690428514218,0.275931117340809,0.2639167000400481
0.22128851540616246,0.2392957182873149,0.27571028411364545,0.26370548219287715
0.2224889955982393,0.23809523809523808,0.274109643857543,0.2653061224489796
0.2212,0.238,0.2756,0.2652
0.22128851540616246,0.2388955582232893,0.27611044417767105,0.26370548219287715
0.222,0.2412,0.2744,0.2624
0.2228,0.24,0.2736,0.2636
0.2224,0.2396,0.2744,0.2636
0.224,0.2396,0.2732,0.2632
0.224,0.2392,0.276,0.2608
0.2232,0.2392,0.2756,0.262
0.2224,0.2384,0.2788,0.2604
0.2224889955982393,0.23729491796718688,0.2781112444977991,0.2621048419367747
0.2224889955982393,0.23569427771108442,0.2797118847539016,0.2621048419367747
0.22,0.2372,0.2808,0.262
0.218,0.24,0.2816,0.2604
0.21648659463785513,0.24089635854341737,0.2809123649459784,0.2617046818727491
0.21728691476590636,0.24049619847939174,0.2797118847539016,0.26250500200080035
0.2172,0.2412,0.2792,0.2624
0.216,0.2424,0.278,0.2636
0.2176,0.2416,0.2776,0.2632
0.21617293835068055,0.24139311449159329,0.2790232185748599,0.2634107285828663
0.2164,0.2424,0.2788,0.2624
0.2168,0.2432,0.276,0.264
0.21648659463785513,0.2452981192476991,0.27490996398559425,0.26330532212885155
0.21768707482993196,0.2452981192476991,0.274109643857543,0.26290516206482595
0.2172,0.246,0.2728,0.264
0.2180872348939576,0.24689875950380152,0.27170868347338933,0.26330532212885155
0.21688675470188076,0.24689875950380152,0.272108843537415,0.26410564225690275
0.2172,0.246,0.2732,0.2636
0.2172,0.246,0.2732,0.2636
0.2180872348939576,0.24449779911964786,0.27450980392156865,0.26290516206482595
0.21968787515006002,0.2456982793117247,0.2737094837935174,0.2609043617446979
0.22,0.2424,0.276,0.2616
0.2208,0.2416,0.2748,0.2628
0.22,0.2424,0.2748,0.2628
0.22128851540616246,0.2416966786714686,0.2729091636654662,0.26410564225690275
0.21928771508603442,0.24289715886354543,0.2737094837935174,0.26410564225690275
0.2172,0.244,0.2768,0.262
0.21608643457382953,0.24369747899159663,0.2769107643057223,0.26330532212885155
0.2168,0.2424,0.2792,0.2616
0.21857485988791034,0.24259407526020815,0.2766212970376301,0.2622097678142514
0.218,0.2424,0.2756,0.264
0.2188875550220088,0.2416966786714686,0.27490996398559425,0.26450580232092835
0.21728691476590636,0.24329731892757103,0.27450980392156865,0.264905962384954
0.21648659463785513,0.24369747899159663,0.27450980392156865,0.2653061224489796
0.2176,0.2428,0.2752,0.2644
0.2176,0.242,0.2752,0.2652
0.2184,0.2424,0.2764,0.2628
0.22,0.2412,0.2756,0.2632
0.2196,0.2424,0.2748,0.2632
0.2204,0.2424,0.2752,0.262
0.22048819527811125,0.2424969987995198,0.27531012404961985,0.2617046818727491
0.2196,0.2428,0.2756,0.262
0.218,0.2456,0.2732,0.2632
0.21688675470188076,0.24809923969587835,0.272108843537415,0.26290516206482595
0.21648659463785513,0.24649859943977592,0.27531012404961985,0.2617046818727491
0.2176,0.2452,0.2756,0.2616
0.21928771508603442,0.24289715886354543,0.27490996398559425,0.26290516206482595
0.2212,0.242,0.2736,0.2632
0.22088835534213686,0.24329731892757103,0.27130852340936373,0.26450580232092835
0.22168867547018808,0.2420968387354942,0.27170868347338933,0.26450580232092835
0.22008803521408563,0.24129651860744297,0.2733093237294918,0.2653061224489796
0.2180872348939576,0.24289715886354543,0.272108843537415,0.266906762705082
0.21665999199038846,0.24309171005206248,0.2719263115738887,0.2683219863836604
0.21728691476590636,0.24449779911964786,0.27050820328131253,0.26770708283313327
0.21737389911929544,0.24179343474779824,0.27181745396317053,0.2690152121697358
0.218,0.242,0.2712,0.2688
0.21728691476590636,0.24329731892757103,0.27050820328131253,0.2689075630252101
0.21648659463785513,0.24489795918367346,0.2693077230892357,0.2693077230892357
0.21608643457382953,0.24409763905562226,0.26970788315326133,0.27010804321728693
0.2145716573258607,0.24539631705364293,0.2702161729383507,0.2698158526821457
0.2152,0.244,0.2696,0.2712
0.2148,0.2436,0.2708,0.2708
0.2152861144457783,0.2456982793117247,0.26970788315326133,0.2693077230892357
0.2144,0.2468,0.2696,0.2692
0.21368547418967587,0.2460984393757503,0.27050820328131253,0.26970788315326133
0.2132,0.2456,0.27,0.2712
0.2136,0.2436,0.2696,0.2732
0.2152,0.244,0.2688,0.272
0.2148859543817527,0.24289715886354543,0.27050820328131253,0.27170868347338933
0.2148,0.2424,0.2716,0.2712
0.2144,0.2432,0.272,0.2704
0.2144,0.2424,0.2716,0.2716
0.21608643457382953,0.2424969987995198,0.27010804321728693,0.27130852340936373
0.21728691476590636,0.24089635854341737,0.26970788315326133,0.272108843537415
0.2172,0.2404,0.2696,0.2728
0.2184,0.2408,0.268,0.2728
0.2192,0.2408,0.2684,0.2716
0.2188875550220088,0.24089635854341737,0.2665066026410564,0.2737094837935174
0.22,0.2396,0.2668,0.2736
0.2204,0.2412,0.2656,0.2728
0.2224,0.2416,0.2644,0.2716
0.22288915566226492,0.24329731892757103,0.26330532212885155,0.27050820328131253
0.224,0.2428,0.2648,0.2684
0.222,0.2448,0.2644,0.2688
0.2216,0.2444,0.2656,0.2684
0.2216,0.2436,0.2656,0.2692
0.22168867547018808,0.2456982793117247,0.26410564225690275,0.26850740296118447
0.222,0.2448,0.2644,0.2688
0.2208,0.2452,0.266,0.268
0.224,0.2436,0.2648,0.2676
0.22288915566226492,0.24449779911964786,0.2653061224489796,0.26730692276910767
0.2232,0.2452,0.2644,0.2672
0.2208,0.2468,0.2632,0.2692
0.2188875550220088,0.24649859943977592,0.26450580232092835,0.27010804321728693
0.21648659463785513,0.24809923969587835,0.26730692276910767,0.26810724289715887
0.2176,0.2476,0.2684,0.2664
0.216,0.2484,0.2704,0.2652
0.2152,0.248,0.2712,0.2656
0.2148859543817527,0.24889955982392958,0.27130852340936373,0.264905962384954
0.2156,0.2488,0.2712,0.2644
0.216,0.25,0.2704,0.2636
0.2156,0.2496,0.2704,0.2644
0.2153722978382706,0.24899919935948758,0.2714171337069656,0.2642113690952762
0.21417133706965572,0.24939951961569257,0.2698158526821457,0.266613290632506
0.21368547418967587,0.24969987995198079,0.27090836334533813,0.2657062825130052
0.21408563425370147,0.250500200080032,0.2689075630252101,0.2665066026410564
0.2132,0.2516,0.2672,0.268
0.2104,0.2528,0.2664,0.2704
0.21208483393357344,0.25250100040016005,0.2657062825130052,0.26970788315326133
0.21176941553242595,0.2530024019215372,0.2654123298638911,0.2698158526821457
0.2132,0.2508,0.2656,0.2704
0.21248499399759904,0.2501000400160064,0.26770708283313327,0.26970788315326133
0.21008403361344538,0.24929971988795518,0.2689075630252101,0.27170868347338933
0.212,0.2484,0.2696,0.27
0.2116846738695478,0.24809923969587835,0.2689075630252101,0.27130852340936373
0.2128,0.2504,0.2664,0.2704
0.2108843537414966,0.24969987995198079,0.26850740296118447,0.27090836334533813
0.2090508610332399,0.25190228273928716,0.2683219863836604,0.27072486984381255
0.2068,0.2536,0.2684,0.2712
0.2072,0.2552,0.268,0.2696
0.2072,0.2556,0.2676,0.2696
0.2068,0.2568,0.2668,0.2696
0.2068,0.2556,0.2668,0.2708
0.20568227290916366,0.25610244097639057,0.2689075630252101,0.2693077230892357
0.2028,0.2552,0.2712,0.2708
0.2036,0.2544,0.2708,0.2712
0.2052,0.2568,0.2708,0.2672
0.2036,0.258,0.27,0.2684
0.2036,0.2572,0.2704,0.2688
0.2036,0.2568,0.2692,0.2704
0.20624749699639566,0.2567080496595915,0.2695234281137365,0.2675210252302763
0.2056,0.256,0.2692,0.2692
0.206,0.2568,0.2688,0.2684
0.20696557245796637,0.25420336269015215,0.2710168134507606,0.2678142514011209
0.20584701641970365,0.2543051661994393,0.2711253504205046,0.2687224669603524
0.20728291316526612,0.25170068027210885,0.27170868347338933,0.2693077230892357
0.20856685348278622,0.25180144115292236,0.2698158526821457,0.2698158526821457
0.2072,0.2528,0.2708,0.2692
0.20968387354941978,0.25130052020808324,0.27170868347338933,0.26730692276910767
0.2096,0.252,0.2704,0.268
0.20848339335734295,0.2533013205282113,0.27090836334533813,0.26730692276910767
0.20736589271417133,0.24939951961569257,0.2746196957566053,0.26861489191353083
0.20728291316526612,0.25090036014405764,0.274109643857543,0.26770708283313327
0.20928371348539415,0.24929971988795518,0.27450980392156865,0.266906762705082
0.2092,0.2508,0.2732,0.2668
0.2096,0.2512,0.2728,0.2664
0.21008403361344538,0.2541016406562625,0.27170868347338933,0.26410564225690275
0.2096,0.2544,0.272,0.264
0.2084,0.254,0.2724,0.2652
0.2078494193031638,0.2551061273528234,0.27392871445734884,0.263115738886664
0.2076,0.254,0.2772,0.2612
0.2068,0.2556,0.278,0.2596
0.20728291316526612,0.25610244097639057,0.2769107643057223,0.25970388155262103
0.2068,0.2572,0.2772,0.2588
0.20728291316526612,0.25570228091236497,0.2797118847539016,0.25730292116846737
0.2064825930372149,0.25650260104041617,0.2797118847539016,0.25730292116846737
0.20568227290916366,0.25570228091236497,0.281312525010004,0.25730292116846737
0.20496397117694154,0.2578062449959968,0.2814251401120897,0.25580464371497197
0.2068,0.258,0.2804,0.2548
0.2064,0.2564,0.2812,0.256
0.2068,0.256,0.28,0.2572
0.21,0.2544,0.2784,0.2572
0.21,0.2564,0.278,0.2556
0.21,0.2556,0.2772,0.2572
0.21,0.2556,0.2772,0.2572
0.20736589271417133,0.25580464371497197,0.277822257806245,0.25900720576461167
0.2068827531012405,0.25610244097639057,0.2781112444977991,0.25890356142456983
0.2076,0.254,0.278,0.2604
0.2088,0.2552,0.2768,0.2592
0.2116846738695478,0.2533013205282113,0.27490996398559425,0.2601040416166467
0.21248499399759904,0.25290116046418565,0.2733093237294918,0.2613045218087235
0.21096877502001601,0.25420336269015215,0.2722177742193755,0.2626100880704564
0.212,0.252,0.2736,0.2624
0.2116846738695478,0.25250100040016005,0.2737094837935174,0.2621048419367747
0.2132,0.2512,0.2756,0.26
0.21345614737685223,0.25310372446936324,0.27392871445734884,0.2595114136964357
0.21257005604483586,0.25380304243394713,0.2722177742193755,0.26140912730184146
0.2112845138055222,0.2541016406562625,0.274109643857543,0.2605042016806723
0.21328531412565027,0.2537014805922369,0.27170868347338933,0.2613045218087235
0.21208483393357344,0.2545018007202881,0.2725090036014406,0.2609043617446979
0.2128,0.2544,0.2724,0.2604
0.2116846738695478,0.2545018007202881,0.2725090036014406,0.2613045218087235
0.2104,0.2564,0.2728,0.2604
0.2112,0.256,0.2728,0.26
0.2116846738695478,0.25730292116846737,0.2725090036014406,0.2585034013605442
0.2108,0.2588,0.2732,0.2572
0.2116,0.2608,0.2728,0.2548
0.21408563425370147,0.2585034013605442,0.27130852340936373,0.25610244097639057
0.21568627450980393,0.25890356142456983,0.27130852340936373,0.2541016406562625
0.2152,0.2596,0.2704,0.2548
0.21568627450980393,0.25890356142456983,0.27090836334533813,0.2545018007202881
0.21497197758206565,0.25980784627702164,0.27061649319455566,0.2546036829463571
0.2148,0.2576,0.2704,0.2572
0.2152,0.256,0.2696,0.2592
0.21408563425370147,0.25690276110444177,0.26970788315326133,0.25930372148859543
0.2152,0.2584,0.2684,0.258
0.214,0.2596,0.268,0.2584
0.2132,0.2592,0.268,0.2596
0.2136,0.258,0.2684,0.26
0.2152,0.256,0.2696,0.2592
0.21648659463785513,0.2537014805922369,0.26810724289715887,0.2617046818727491
0.21648659463785513,0.2537014805922369,0.2693077230892357,0.2605042016806723
0.218,0.2536,0.2684,0.26
0.2184,0.2524,0.268,0.2612
0.2204,0.2516,0.2672,0.2608
0.22057646116893515,0.2510008006405124,0.266613290632506,0.2618094475580464
0.22088835534213686,0.250500200080032,0.26730692276910767,0.2613045218087235
0.22048819527811125,0.24969987995198079,0.2689075630252101,0.2609043617446979
0.222,0.2484,0.2704,0.2592
0.2208,0.25,0.2704,0.2588
0.22088835534213686,0.2501000400160064,0.27010804321728693,0.25890356142456983
0.22128851540616246,0.25210084033613445,0.2693077230892357,0.25730292116846737
0.2196,0.2516,0.2708,0.258
0.21768707482993196,0.25210084033613445,0.27010804321728693,0.2601040416166467
0.218,0.2516,0.268,0.2624
0.2184,0.252,0.2692,0.2604
0.2188,0.252,0.2676,0.2616
0.2188,0.252,0.2668,0.2624
0.2188,0.252,0.2672,0.262
0.2204,0.2528,0.2636,0.2632
0.22177742193755004,0.255404323458767,0.2626100880704564,0.2602081665332266
0.2216,0.2544,0.264,0.26
0.2232,0.2544,0.2628,0.2596
0.22168867547018808,0.2549019607843137,0.26330532212885155,0.2601040416166467
0.2224889955982393,0.25650260104041617,0.26250500200080035,0.2585034013605442
0.22137710168134508,0.25820656525220176,0.2610088070456365,0.2594075260208166
0.2228,0.2584,0.2604,0.2584
0.22208883553421369,0.25770308123249297,0.2621048419367747,0.2581032412965186
0.22177742193755004,0.2610088070456365,0.2622097678142514,0.25500400320256206
0.2204,0.2632,0.2604,0.256
0.2208,0.2624,0.26,0.2568
0.22088835534213686,0.25890356142456983,0.2609043617446979,0.25930372148859543
0.2204,0.26,0.2628,0.2568
0.222,0.2608,0.26,0.2572
0.2232,0.2588,0.2612,0.2568
0.22448979591836735,0.25770308123249297,0.2621048419367747,0.25570228091236497
0.2236,0.2552,0.2636,0.2576
0.2232,0.256,0.2644,0.2564
0.22609043617446978,0.25690276110444177,0.26250500200080035,0.2545018007202881
0.2268,0.2564,0.2624,0.2544
0.2312,0.256,0.2604,0.2524
0.2316,0.2552,0.2612,0.252
0.23289315726290516,0.2545018007202881,0.2605042016806723,0.25210084033613445
0.2332,0.2564,0.2592,0.2512
0.2316,0.2576,0.2596,0.2512
0.2316,0.2584,0.2584,0.2516
0.2312,0.26,0.2596,0.2492
0.23298638911128902,0.26060848678943155,0.25820656525220176,0.24819855884707767
0.234093637454982,0.2609043617446979,0.25690276110444177,0.24809923969587835
0.23529411764705882,0.25930372148859543,0.25770308123249297,0.24769907963185275
0.23529411764705882,0.25890356142456983,0.25970388155262103,0.2460984393757503
0.23508209851822187,0.2603123748498198,0.2607128554265118,0.24389267120544653
0.23378702962369896,0.25900720576461167,0.2618094475580464,0.24539631705364293
0.2328,0.2588,0.262,0.2464
0.2324,0.2596,0.2604,0.2476
0.23138510808646917,0.2594075260208166,0.26140912730184146,0.2477982385908727
0.2332,0.258,0.2612,0.2476
0.23329331732693076,0.2585034013605442,0.2609043617446979,0.24729891956782712
0.23329331732693076,0.2609043617446979,0.25970388155262103,0.2460984393757503
0.2332,0.2592,0.2616,0.246
0.2353883106485188,0.2594075260208166,0.2594075260208166,0.24579663730984788
0.2392,0.2588,0.2572,0.2448
0.23868642370845014,0.2579094913896676,0.25710853023628355,0.24629555466559871
0.23969587835134054,0.25770308123249297,0.2545018007202881,0.24809923969587835
0.2412,0.2592,0.2512,0.2484
0.24329731892757103,0.25890356142456983,0.24969987995198079,0.24809923969587835
0.2409927942353883,0.2594075260208166,0.2502001601281025,0.24939951961569257
0.2420968387354942,0.2585034013605442,0.24969987995198079,0.24969987995198079
0.24289715886354543,0.25890356142456983,0.24849939975990396,0.24969987995198079
0.244,0.2596,0.2472,0.2492
0.24409763905562226,0.25890356142456983,0.24729891956782712,0.24969987995198079
0.24369747899159663,0.25930372148859543,0.24809923969587835,0.24889955982392958
0.2432,0.2604,0.248,0.2484
0.24259407526020815,0.26060848678943155,0.2477982385908727,0.24899919935948758
0.23969587835134054,0.2617046818727491,0.24929971988795518,0.24929971988795518
0.2408,0.2624,0.248,0.2488
0.2404,0.2616,0.248,0.25
0.2432,0.2616,0.2472,0.248
0.244595676541233,0.2642113690952762,0.24619695756605284,0.24499599679743794
0.244,0.2656,0.2468,0.2436
0.24489795918367346,0.26730692276910767,0.24649859943977592,0.24129651860744297
0.2448,0.2676,0.2452,0.2424
0.24369747899159663,0.26810724289715887,0.2460984393757503,0.2420968387354942
0.24289715886354543,0.27050820328131253,0.24449779911964786,0.2420968387354942
0.242,0.27,0.2448,0.2432
0.2408,0.2716,0.2444,0.2432
0.2408,0.272,0.244,0.2432
0.24049619847939174,0.27130852340936373,0.2452981192476991,0.24289715886354543
0.2392957182873149,0.27090836334533813,0.24689875950380152,0.24289715886354543
0.238,0.2728,0.246,0.2432
0.2364,0.2736,0.2472,0.2428
0.23489395758303322,0.27490996398559425,0.24649859943977592,0.24369747899159663
0.2364,0.2724,0.2484,0.2428
0.2364,0.274,0.2464,0.2432
0.236,0.2752,0.2464,0.2424
0.23578863090472377,0.277822257806245,0.24379503602882305,0.24259407526020815
0.23569427771108442,0.2789115646258503,0.24369747899159663,0.2416966786714686
0.234093637454982,0.2805122048819528,0.24329731892757103,0.2420968387354942
0.2328,0.2788,0.2444,0.244
0.2328,0.2816,0.2432,0.2424
0.23249299719887956,0.281312525010004,0.24369747899159663,0.2424969987995198
0.234093637454982,0.2809123649459784,0.24289715886354543,0.2420968387354942
0.2352,0.2824,0.2416,0.2408
0.23289315726290516,0.281312525010004,0.24329731892757103,0.2424969987995198
0.2352,0.2824,0.2412,0.2412
0.2345876701361089,0.2822257806244996,0.24139311449159329,0.24179343474779824
0.23529411764705882,0.281312525010004,0.24129651860744297,0.2420968387354942
0.2344937975190076,0.2809123649459784,0.24289715886354543,0.2416966786714686
0.233386709367494,0.2830264211369095,0.2421937550040032,0.24139311449159329
0.2345876701361089,0.27942353883106485,0.2433947157726181,0.24259407526020815
0.236,0.2804,0.2428,0.2408
0.236,0.2816,0.2424,0.24
0.2368,0.2812,0.242,0.24
0.2356,0.2808,0.2432,0.2404
0.23298638911128902,0.28342674139311447,0.24299439551641314,0.24059247397918335
0.2356,0.2828,0.2404,0.2412
0.23569427771108442,0.28211284513805523,0.24129651860744297,0.24089635854341737
0.2352,0.2816,0.2408,0.2424
0.23809523809523808,0.279311724689876,0.24049619847939174,0.2420968387354942
0.23939151321056845,0.27862289831865494,0.2401921537229784,0.24179343474779824
0.2392,0.2768,0.2424,0.2416
0.24,0.2784,0.2416,0.24
0.2397918334667734,0.27822257806244993,0.24299439551641314,0.2389911929543635
0.2392,0.276,0.246,0.2388
0.24049619847939174,0.2769107643057223,0.24329731892757103,0.2392957182873149
0.23809523809523808,0.2769107643057223,0.24329731892757103,0.2416966786714686
0.2372,0.276,0.244,0.2428
0.2384,0.2748,0.2444,0.2424
0.2388,0.276,0.2432,0.242
0.2376,0.2764,0.2436,0.2424
0.23578863090472377,0.27702161729383507,0.244595676541233,0.24259407526020815
0.234,0.2772,0.2452,0.2436
0.2364,0.2768,0.2444,0.2424
0.2364,0.276,0.2444,0.2432
0.236,0.2772,0.2444,0.2424
0.23729491796718688,0.2777110844337735,0.24369747899159663,0.24129651860744297
0.2372,0.2776,0.2436,0.2416
0.2372,0.2772,0.2444,0.2412
0.2364,0.2768,0.2432,0.2436
0.23708450140168202,0.27553063676411693,0.24349219062875452,0.24389267120544653
0.2372,0.2764,0.2436,0.2428
0.23769507803121248,0.2769107643057223,0.24369747899159663,0.2416966786714686
0.23689475790316125,0.2769107643057223,0.24329731892757103,0.24289715886354543
0.23649459783913565,0.2781112444977991,0.2416966786714686,0.24369747899159663
0.2345876701361089,0.27702161729383507,0.2433947157726181,0.24499599679743794
0.2328,0.2776,0.2448,0.2448
0.23129251700680273,0.27571028411364545,0.2456982793117247,0.24729891956782712
0.2304,0.274,0.2476,0.248
0.23169267707082833,0.2729091636654662,0.24809923969587835,0.24729891956782712
0.2316,0.2736,0.2464,0.2484
0.2304921968787515,0.27490996398559425,0.24689875950380152,0.24769907963185275
0.2308,0.2744,0.248,0.2468
0.22969187675070027,0.27531012404961985,0.24849939975990396,0.24649859943977592
0.2288,0.2772,0.2488,0.2452
0.22929171668667467,0.27651060424169666,0.24969987995198079,0.24449779911964786
0.23018414731785428,0.277822257806245,0.24899919935948758,0.24299439551641314
0.2308,0.2768,0.2512,0.2412
0.2316,0.2744,0.2508,0.2432
0.2316,0.2728,0.2508,0.2448
0.2308,0.2728,0.2504,0.246
0.2304,0.2732,0.2508,0.2456
0.2296,0.272,0.2512,0.2472
0.23,0.2708,0.2512,0.248
0.22889155662264907,0.2693077230892357,0.25250100040016005,0.24929971988795518
0.2316,0.2684,0.2524,0.2476
0.2332,0.2676,0.2528,0.2464
0.2316,0.2688,0.2532,0.2464
0.2308,0.2664,0.2552,0.2476
0.22809123649459784,0.26810724289715887,0.2545018007202881,0.24929971988795518
0.2284,0.2664,0.2532,0.252
0.2288,0.266,0.252,0.2532
0.2284,0.2668,0.252,0.2528
0.2304,0.2636,0.2532,0.2528
0.2332,0.2648,0.2504,0.2516
0.2344937975190076,0.26450580232092835,0.24969987995198079,0.25130052020808324
0.2348,0.266,0.2492,0.25
0.234,0.2676,0.2488,0.2496
0.23529411764705882,0.26450580232092835,0.24969987995198079,0.250500200080032
0.23418734987990392,0.2634107285828663,0.2522017614091273,0.2502001601281025
0.2336934773909564,0.26410564225690275,0.25250100040016005,0.24969987995198079
0.232,0.2648,0.252,0.2512
0.23329331732693076,0.2653061224489796,0.25090036014405764,0.250500200080032
0.2324,0.2648,0.2516,0.2512
0.2308923569427771,0.264905962384954,0.25290116046418565,0.25130052020808324
0.23,0.2652,0.2524,0.2524
0.23258606885508407,0.26301040832666134,0.25260208166533227,0.25180144115292236
0.2324,0.2632,0.2524,0.252
0.2336934773909564,0.26370548219287715,0.25090036014405764,0.25170068027210885
0.23489395758303322,0.2653061224489796,0.250500200080032,0.24929971988795518
0.2364,0.2632,0.2512,0.2492
0.23689475790316125,0.26250500200080035,0.2533013205282113,0.24729891956782712
0.2376,0.26,0.2544,0.248
0.2388,0.2596,0.2532,0.2484
0.2392,0.2588,0.2516,0.2504
0.238,0.2584,0.2544,0.2492
0.23689475790316125,0.2601040416166467,0.2537014805922369,0.24929971988795518
0.23689475790316125,0.25890356142456983,0.25290116046418565,0.25130052020808324
0.2384,0.258,0.2524,0.2512
0.23738991192954365,0.2578062449959968,0.2534027221777422,0.2514011208967174
0.2368,0.258,0.2524,0.2528
0.2364,0.2592,0.2508,0.2536
0.236,0.2596,0.252,0.2524
0.2364,0.2604,0.2524,0.2508
0.2368,0.2596,0.2524,0.2512
0.23729491796718688,0.25890356142456983,0.25130052020808324,0.25250100040016005
0.238,0.2572,0.2516,0.2532
0.236,0.2588,0.252,0.2532
0.23529411764705882,0.2585034013605442,0.2501000400160064,0.25610244097639057
0.23489395758303322,0.2613045218087235,0.24889955982392958,0.2549019607843137
0.2364,0.2604,0.2476,0.2556
0.23498799039231386,0.26301040832666134,0.2477982385908727,0.25420336269015215
0.23489395758303322,0.264905962384954,0.2460984393757503,0.2541016406562625
0.2348,0.2644,0.246,0.2548
0.2332,0.264,0.246,0.2568
0.2348,0.2632,0.2464,0.2556
0.23489395758303322,0.26330532212885155,0.2460984393757503,0.25570228091236497
0.2336934773909564,0.26370548219287715,0.2460984393757503,0.25650260104041617
0.2336,0.2632,0.246,0.2572
0.2328,0.2624,0.248,0.2568
0.23178542834267413,0.2602081665332266,0.24939951961569257,0.2586068855084067
0.2324,0.2588,0.25,0.2588
0.23209283713485393,0.2601040416166467,0.24889955982392958,0.25890356142456983
0.23209283713485393,0.2585034013605442,0.24889955982392958,0.2605042016806723
0.23169267707082833,0.2601040416166467,0.2456982793117247,0.26250500200080035
0.2296,0.2592,0.2472,0.264
0.2296,0.2592,0.248,0.2632
0.2316,0.2576,0.248,0.2628
0.23289315726290516,0.25690276110444177,0.24729891956782712,0.26290516206482595
0.23267921505806968,0.2579094913896676,0.24669603524229075,0.26271525830997194
0.23329331732693076,0.25690276110444177,0.24689875950380152,0.26290516206482595
0.2332,0.2576,0.2456,0.2636
0.2332,0.2584,0.2452,0.2632
0.23129251700680273,0.25930372148859543,0.24729891956782712,0.2621048419367747
0.2332,0.258,0.2472,0.2616
0.2344,0.2588,0.2464,0.2604
0.2356,0.2584,0.2452,0.2608
0.236,0.258,0.2456,0.2604
0.2376,0.2568,0.2444,0.2612
0.23809523809523808,0.25650260104041617,0.24369747899159663,0.2617046818727491
0.2384,0.2572,0.2432,0.2612
0.2372,0.258,0.2428,0.262
0.2384,0.2588,0.24,0.2628
0.238,0.2596,0.2392,0.2632
0.2396,0.258,0.2372,0.2652
0.2388,0.2572,0.2376,0.2664
0.23738991192954365,0.2566052842273819,0.2377902321857486,0.2682145716573259
0.2372,0.2552,0.2384,0.2692
0.23649459783913565,0.2585034013605442,0.23809523809523808,0.266906762705082
0.2396,0.2568,0.2364,0.2672
0.24049619847939174,0.25770308123249297,0.23689475790316125,0.264905962384954
0.24,0.2564,0.2376,0.266
0.24,0.2572,0.2372,0.2656
