R,A,S,N
0.0,1.0,0.0,0.0
0.0,1.0,0.0,0.0
0.0,0.7142857142857143,0.0,0.2857142857142857
0.0,0.7333333333333333,0.0,0.26666666666666666
0.0,0.68,0.0,0.32
0.0,0.5918367346938775,0.0,0.40816326530612246
0.024390243902439025,0.5853658536585366,0.0,0.3902439024390244
0.024,0.52,0.016,0.44
0.034482758620689655,0.5229885057471264,0.028735632183908046,0.41379310344827586
0.0379746835443038,0.5021097046413502,0.03375527426160337,0.42616033755274263
0.05806451612903226,0.4806451612903226,0.04516129032258064,0.4161290322580645
0.07616707616707617,0.4520884520884521,0.04914004914004914,0.4226044226044226
0.08366533864541832,0.4262948207171315,0.055776892430278883,0.4342629482071713
0.10668789808917198,0.40764331210191085,0.06050955414012739,0.4251592356687898
0.11803713527851459,0.3885941644562334,0.06763925729442971,0.42572944297082227
0.1326644370122631,0.36454849498327757,0.07023411371237458,0.43255295429208473
0.14814814814814814,0.34283000949667614,0.0788224121557455,0.4301994301994302
0.1622296173044925,0.32945091514143093,0.08236272878535773,0.4259567387687188
0.16519823788546256,0.32158590308370044,0.09397944199706314,0.41923641703377384
0.16943521594684385,0.3122923588039867,0.1009966777408638,0.41727574750830565
0.18635809987819732,0.2971985383678441,0.11632155907429964,0.40012180267965897
0.19090909090909092,0.2852272727272727,0.1215909090909091,0.4022727272727273
0.19167111585691404,0.2872397223705286,0.12493326214628937,0.396155899626268
0.20677270395074396,0.2806567470497691,0.13288866085171883,0.3796818881477681
0.2048371174728529,0.2788746298124383,0.1372161895360316,0.3790720631786772
0.21263554926921263,0.27345591702027344,0.1390853371051391,0.37482319660537483
0.21477742083524554,0.2721431849472235,0.14226709499770537,0.3708122992198256
0.2191288729232151,0.27166591827570724,0.14054782218230805,0.3686573866187696
0.224977856510186,0.271036315323295,0.14437555358724535,0.3596102745792737
0.22687224669603523,0.273568281938326,0.13964757709251102,0.35991189427312775
0.22972380534853135,0.26698816308636564,0.14686540990793512,0.3564226216571679
0.23005729396209784,0.2626707800793301,0.14455707360070516,0.3627148523578669
0.22995126273814798,0.26451041205139564,0.15241470979175897,0.3531236154186974
0.22817025010969724,0.26371215445370777,0.15313734093900833,0.35498025449758663
0.22040636042402828,0.2667844522968198,0.15901060070671377,0.3537985865724382
0.22098710538016897,0.2658959537572254,0.1627389951089373,0.3503779457536683
0.22033158813263526,0.2648342059336824,0.16841186736474695,0.34642233856893545
0.22154115586690018,0.2640105078809107,0.16768826619964974,0.3467600700525394
0.22701275846898372,0.2622085349758029,0.16542014958205015,0.3453585569731632
0.22948661693725317,0.25976305397103994,0.16805616498464238,0.3426941641070645
0.22966507177033493,0.26359286646367985,0.16485428447150935,0.34188777729447584
0.22378854625550662,0.260352422907489,0.1696035242290749,0.34625550660792953
0.23111309789897183,0.2601698703620921,0.17165847116674118,0.3370585605721949
0.2312087912087912,0.2567032967032967,0.1687912087912088,0.3432967032967033
0.2300923889133304,0.2507699076110867,0.17729872415310163,0.3418389793224813
0.23595994775794515,0.2477144101001306,0.17588158467566392,0.34044405746626033
0.23849933005806165,0.2474318892362662,0.17597141581062975,0.33809736489504244
0.24112231477422183,0.24813678211310827,0.17536168347216133,0.33537921964050854
0.24323144104803493,0.24148471615720524,0.1777292576419214,0.3375545851528384
0.24136403897254208,0.24534986713906112,0.17847652790079716,0.33480956598759964
0.24106364428945073,0.24193548387096775,0.1822144725370532,0.33478639930252835
0.24267968056787934,0.24001774622892635,0.17613132209405502,0.3411712511091393
0.25010893246187366,0.2344226579520697,0.18213507625272332,0.3333333333333333
0.2494510320597277,0.23012736056214317,0.18269653052261747,0.3377250768555116
0.25011008366358434,0.23249669749009247,0.18229854689564068,0.33509467195068254
0.25295404814004374,0.2350109409190372,0.18074398249452955,0.3312910284463895
0.24669020300088262,0.23433362753751102,0.18402471315092675,0.33495145631067963
0.24758135444151275,0.23790677220756376,0.18161829375549693,0.33289357959542654
0.24569155987627045,0.23994697304463103,0.18382677861246133,0.3305346884666372
0.23931996512641673,0.24062772449869224,0.1891891891891892,0.3308631211857018
0.2395787626151821,0.2395787626151821,0.18385256691531374,0.3369899078543221
0.2375933245498463,0.23539745278875715,0.18050065876152832,0.3465085638998682
0.2414398595258999,0.23222124670763827,0.17559262510974538,0.35074626865671643
0.24338624338624337,0.23500881834215168,0.17945326278659612,0.3421516754850088
0.2438380281690141,0.23767605633802816,0.17913732394366197,0.33934859154929575
0.2437636761487965,0.2363238512035011,0.18336980306345732,0.33654266958424506
0.24231782265144863,0.23880597014925373,0.17866549604916593,0.3402107111501317
0.23664459161147902,0.24503311258278146,0.17880794701986755,0.33951434878587194
0.23529411764705882,0.24546660769570985,0.17779743476337903,0.3414418398938523
0.22671353251318102,0.2478031634446397,0.18233743409490333,0.3431458699472759
0.22324159021406728,0.24290083005679336,0.18872870249017037,0.34512887723896896
0.2267313630348478,0.23820026466696073,0.1905602117335686,0.34450816056462286
0.22924901185770752,0.24154589371980675,0.1919191919191919,0.3372859025032938
0.23107569721115537,0.23683045595396193,0.19344842850818947,0.3386454183266932
0.23046181172291297,0.2291296625222025,0.19538188277087035,0.3450266429840142
0.23154657293497363,0.23330404217926187,0.1937609841827768,0.3413884007029877
0.22369584438549955,0.24005305039787797,0.19230769230769232,0.34394341290893016
0.22803163444639718,0.2398945518453427,0.19332161687170474,0.3387521968365554
0.23087129588677577,0.23706324635117204,0.19062361786819992,0.3414418398938523
0.22486772486772486,0.24514991181657847,0.19268077601410935,0.3373015873015873
0.22558037669732808,0.24266316250547526,0.19491896627244854,0.33683749452474815
0.22457067371202113,0.24614707177454867,0.19594892118009688,0.3333333333333333
0.22119205298013245,0.24856512141280354,0.1969094922737307,0.3333333333333333
0.22620628596724215,0.24656927844178841,0.1952191235059761,0.33200531208499334
0.225,0.25043859649122807,0.193859649122807,0.3307017543859649
0.2250987275120667,0.250987275120667,0.193505923650724,0.33040807371654235
0.22275922671353252,0.25,0.1968365553602812,0.3304042179261863
0.22465993856954805,0.2549363756033348,0.19262834576568671,0.32777534006143044
0.22378854625550662,0.2533039647577093,0.1881057268722467,0.33480176211453744
0.23211935059236508,0.25537516454585346,0.17946467749012726,0.33304080737165426
0.22723292469352013,0.25569176882662,0.18257443082311733,0.3345008756567426
0.22843309859154928,0.25880281690140844,0.17869718309859156,0.3340669014084507
0.2294792586054722,0.2563989408649603,0.1822594880847308,0.3318623124448367
0.22789871168369613,0.2567747667703243,0.17414482452243446,0.3411816970235451
0.23049645390070922,0.2526595744680851,0.1777482269503546,0.3390957446808511
0.2288840262582057,0.25339168490153174,0.17943107221006566,0.33829321663019696
0.2320730117340287,0.24858757062146894,0.18122555410691005,0.3381138635375924
0.23266022827041263,0.2537313432835821,0.18305531167690958,0.3305531167690957
0.23348017621145375,0.2555066079295154,0.18546255506607928,0.32555066079295153
0.22867194371152155,0.2620932277924362,0.18337730870712401,0.3258575197889182
0.22520934332304982,0.26399294843543414,0.18245923314235346,0.32833847509916264
0.22621657167908812,0.2639193336256028,0.1850065760631302,0.3248575186321789
0.22935779816513763,0.2608125819134993,0.18829183049366535,0.3215377894276977
0.22466960352422907,0.2669603524229075,0.18546255506607928,0.3229074889867841
0.2192324658138509,0.27393030436700483,0.18835465372739302,0.31848257609175123
0.21929824561403508,0.2679824561403509,0.1899122807017544,0.32280701754385965
0.2200873362445415,0.26768558951965066,0.18908296943231442,0.3231441048034934
0.2194260485651214,0.2653421633554084,0.19337748344370861,0.3218543046357616
0.22134733158355205,0.268591426071741,0.19072615923009623,0.3193350831146107
0.21908127208480566,0.267226148409894,0.19213780918727916,0.3215547703180212
0.22120017520805957,0.2724485326325011,0.18878668418747263,0.31756460797196673
0.2195015303891561,0.2693484914735461,0.1915172715347617,0.31963270660253607
0.22294654498044328,0.2737940026075619,0.1864406779661017,0.31681877444589307
0.22091503267973855,0.27233115468409586,0.1877995642701525,0.31895424836601305
0.22081329252295584,0.270222999562746,0.18933100131176214,0.31963270660253607
0.21694764862466726,0.2701863354037267,0.18855368234250222,0.32431233362910383
0.21522887323943662,0.2680457746478873,0.18970070422535212,0.32702464788732394
0.2170849845882871,0.27344782034346105,0.18494055482166447,0.3245266402465874
0.21335646140503037,0.27840416305290544,0.18950563746747615,0.31873373807458805
0.20844444444444443,0.27466666666666667,0.19511111111111112,0.3217777777777778
0.21119929453262787,0.2760141093474427,0.1984126984126984,0.31437389770723106
0.21406457319770014,0.2750995134896064,0.19725785050862452,0.31357806280406897
0.21742957746478872,0.27024647887323944,0.19718309859154928,0.31514084507042256
0.21899736147757257,0.27088830255057167,0.19832893579595426,0.3117854001759015
0.22319474835886213,0.26827133479212256,0.19299781181619255,0.31553610503282276
0.21905179982440737,0.2704126426690079,0.1957857769973661,0.3147497805092186
0.21796565389696168,0.2716864817261119,0.19726992514310876,0.3130779392338177
0.21519543258673693,0.26570048309178745,0.1985068072024594,0.32059727711901626
0.21729490022172948,0.2656319290465632,0.20133037694013303,0.31574279379157427
0.21456779289161912,0.2641509433962264,0.20579201404124617,0.3154892496709083
0.2203991130820399,0.26297117516629714,0.20620842572062084,0.31042128603104213
0.2253397632617273,0.25778167470407715,0.2104340201665936,0.30644454186760195
0.22397891963109354,0.25691699604743085,0.21519543258673693,0.3039086517347387
0.22090469916556874,0.26130873956960915,0.21563460693895475,0.3021519543258674
0.225692916849978,0.25824901011878576,0.21601407831060274,0.30004399472063353
0.2240245506356861,0.2542744410346339,0.21262604120999562,0.30907496711968435
0.2262323943661972,0.258362676056338,0.20862676056338028,0.3067781690140845
0.225,0.2596491228070175,0.21228070175438596,0.3030701754385965
0.22804718217562253,0.26256006989951947,0.21100917431192662,0.2983835736129314
0.22663755458515283,0.25676855895196504,0.21965065502183406,0.29694323144104806
0.23433362753751102,0.24624889673433362,0.21932921447484555,0.3000882612533098
0.23137598597721298,0.24934268185801928,0.21910604732690622,0.30017528483786154
0.23754448398576514,0.2513345195729537,0.21085409252669038,0.30026690391459077
0.22854640980735552,0.2539404553415061,0.2097197898423818,0.30779334500875655
0.23097112860892388,0.2532808398950131,0.210411198600175,0.30533683289588803
0.23100570926657882,0.25296442687747034,0.20641194554238032,0.3096179183135705
0.2317765168048887,0.25229157573112176,0.2073330423395897,0.3085988651243998
0.23367392270102177,0.2501110617503332,0.21101732563305198,0.3051976899155931
0.24145486415425066,0.24846625766871167,0.20990359333917616,0.30017528483786154
0.2384310268840899,0.25341560158660204,0.20890260026443366,0.29925077126487437
0.24128804587560654,0.24834583149536832,0.21261579179532422,0.29775033083370095
0.24150268336314848,0.2522361359570662,0.21243291592128802,0.2938282647584973
0.24136403897254208,0.25155004428697963,0.22099202834366696,0.2860938883968113
0.23554976097348979,0.2503259452411995,0.2242503259452412,0.2898739678400695
0.23209549071618038,0.2484526967285588,0.22811671087533156,0.29133510167992926
0.23851203501094093,0.24770240700218818,0.224945295404814,0.2888402625820569
0.2329495128432241,0.2466784765279008,0.22143489813994685,0.29893711248892824
0.23339160839160839,0.24694055944055945,0.21896853146853146,0.3006993006993007
0.23933128024637043,0.24065112186537616,0.22261328640563133,0.2974043114826221
0.23716814159292035,0.24336283185840707,0.22168141592920354,0.297787610619469
0.2367957746478873,0.24515845070422534,0.2205105633802817,0.2975352112676056
0.23807420494699646,0.25265017667844525,0.21863957597173145,0.29063604240282687
0.23638778220451528,0.24922532093846836,0.22576361221779548,0.2886232846392209
0.24460114587924195,0.24680475980608196,0.2265315116791538,0.28206258263552225
0.24200710479573712,0.2468916518650089,0.23268206039076378,0.2784191829484902
0.23407079646017698,0.2513274336283186,0.22654867256637168,0.28805309734513274
0.2334075723830735,0.2543429844097996,0.2289532293986637,0.28329621380846326
0.23628318584070795,0.25,0.2261061946902655,0.28761061946902655
0.23939393939393938,0.24935064935064935,0.22467532467532467,0.2865800865800866
0.23728813559322035,0.24754683318465656,0.2256913470115968,0.2894736842105263
0.23834652594547054,0.24318381706244502,0.2233948988566403,0.29507475813544415
0.2395104895104895,0.24737762237762237,0.22202797202797203,0.2910839160839161
0.2398409893992933,0.24602473498233215,0.2226148409893993,0.2915194346289753
0.248562582927908,0.23573639982308714,0.22423706324635118,0.2914639540026537
0.2505513895015439,0.2399647110719012,0.21879135421261578,0.2906925452139391
0.24211908931698775,0.24737302977232925,0.22285464098073554,0.28765323992994746
0.2483281319661168,0.24431564868479716,0.21890325456977264,0.2884529647793134
0.2486888111888112,0.24213286713286714,0.21984265734265734,0.2893356643356643
0.2512098548174219,0.24373075230972283,0.21821381434227893,0.28684557853057635
0.2551693796744391,0.25164980202375714,0.21381434227892654,0.27936647602287723
0.25393356643356646,0.2521853146853147,0.2097902097902098,0.2840909090909091
0.25320371188687585,0.2483429076447194,0.20813079982324348,0.2903225806451613
0.25319805910895454,0.24922805469783854,0.20820467578297308,0.2893692104102338
0.2545213939126599,0.25319805910895454,0.20820467578297308,0.28407587119541244
0.255178492728074,0.24856765094755398,0.20669898633759365,0.2895548699867783
0.26130873956960915,0.24462011418533158,0.20202020202020202,0.2920509442248573
0.2565236620964175,0.248562582927908,0.20698805838124723,0.28792569659442724
0.25398230088495577,0.24867256637168142,0.20619469026548673,0.2911504424778761
0.2628091872791519,0.24690812720848057,0.2058303886925795,0.284452296819788
0.26547884187082404,0.24365256124721604,0.20935412026726058,0.2815144766146993
0.2595048629531388,0.2493368700265252,0.21087533156498675,0.28028293545534927
0.26359649122807016,0.24473684210526317,0.20921052631578949,0.2824561403508772
0.2608125819134993,0.24333770205329838,0.2127566622979467,0.28309305373525556
0.26605504587155965,0.24246395806028834,0.20969855832241152,0.2817824377457405
0.2610989010989011,0.24483516483516485,0.21142857142857144,0.2826373626373626
0.25957257346393586,0.2466607301869991,0.20970614425645592,0.2840605520926091
0.2633889376646181,0.247585601404741,0.20588235294117646,0.28314310798946446
0.2623239436619718,0.2482394366197183,0.20202464788732394,0.28741197183098594
0.2629955947136564,0.24713656387665198,0.20881057268722467,0.28105726872246695
0.26208097518502393,0.24902046147148454,0.20983892033086635,0.27905964301262515
0.2620932277924362,0.25065963060686014,0.20976253298153033,0.2774846086191733
0.2612732095490716,0.24624226348364278,0.21308576480990274,0.27939876215738285
0.2591943957968476,0.2456217162872154,0.2119089316987741,0.28327495621716287
0.26023778071334214,0.24966974900924702,0.2073976221928666,0.28269484808454426
0.258362676056338,0.24779929577464788,0.21038732394366197,0.2834507042253521
0.2560706401766004,0.24326710816777042,0.21545253863134659,0.28520971302428255
0.2579787234042553,0.23714539007092197,0.2176418439716312,0.2872340425531915
0.25686448184233834,0.24402125775022143,0.21922054915854738,0.27989371124889284
0.2566489361702128,0.2398049645390071,0.2198581560283688,0.28368794326241137
0.2564438619484491,0.24814329401485366,0.2166885102664919,0.27872433377020533
0.2592429577464789,0.25044014084507044,0.21742957746478872,0.272887323943662
0.25916114790286976,0.2467991169977925,0.2163355408388521,0.27770419426048565
0.254919108001749,0.25229558373414956,0.21687800612155664,0.27590730214254483
0.258719646799117,0.2520971302428256,0.22163355408388521,0.2675496688741722
0.2541998231653404,0.2493368700265252,0.22015915119363394,0.27630415561450045
0.2566021126760563,0.24691901408450703,0.21786971830985916,0.27860915492957744
0.25937227550130776,0.24542284219703575,0.2192676547515257,0.2759372275501308
0.2545931758530184,0.24540682414698162,0.22659667541557305,0.27340332458442695
0.26146384479717816,0.2464726631393298,0.22178130511463845,0.27028218694885364
0.2581786030061892,0.2409372236958444,0.23032714412024757,0.27055702917771884
0.25385632437197003,0.24107536359629794,0.23402379903040987,0.27104451300132215
0.2539612676056338,0.23987676056338028,0.23283450704225353,0.2733274647887324
0.25780553077609275,0.2350579839429081,0.23461195361284568,0.27252453166815344
0.2578366445916115,0.23487858719646798,0.23620309050772628,0.2710816777041943
0.25978021978021976,0.22945054945054946,0.23692307692307693,0.27384615384615385
0.2541630148992112,0.22611744084136723,0.2401402278702892,0.27957931638913236
0.2556490917146655,0.22463447053610988,0.2410279131590607,0.2786885245901639
0.26015901060070673,0.22217314487632508,0.24249116607773852,0.2751766784452297
0.2647317502198769,0.21635883905013192,0.2418645558487247,0.2770448548812665
0.2644880174291939,0.21742919389978213,0.2440087145969499,0.2740740740740741
0.2650285212812637,0.21237384817902588,0.24659938569548048,0.2759982448442299
0.2580502867225408,0.2161446846052051,0.24614027348919276,0.27966475518306133
0.262719298245614,0.2149122807017544,0.24780701754385964,0.27456140350877195
0.2584024443474465,0.21824530772588388,0.2492361414229594,0.27411610650371016
0.2505513895015439,0.22452580502867225,0.2518747243052492,0.2730480811645346
0.2621145374449339,0.22070484581497798,0.24713656387665198,0.27004405286343613
0.2572944297082228,0.22723253757736517,0.2493368700265252,0.2661361626878868
0.26238938053097344,0.22123893805309736,0.25663716814159293,0.2597345132743363
0.26102449888641427,0.2182628062360802,0.25701559020044545,0.26369710467706015
0.2717247463608293,0.21041023378914867,0.25408028231142477,0.26378473753859727
0.2699602999558888,0.20732245258050286,0.25540361711513015,0.26731363034847816
0.2765957446808511,0.19946808510638298,0.2566489361702128,0.26728723404255317
0.27908005307386113,0.20256523662096418,0.25210084033613445,0.26625386996904027
0.27176314626601855,0.20415377817057004,0.25497127706584183,0.2691117984975696
0.27060379021595415,0.20229175848391362,0.25914499779638606,0.26795945350374617
0.26810004387889425,0.21017990346643264,0.24659938569548048,0.27512066695919263
0.26505494505494503,0.2087912087912088,0.250989010989011,0.27516483516483514
0.2664024658740643,0.21003963011889035,0.25011008366358434,0.27344782034346105
0.27128363475959416,0.2051168945743273,0.24702249669166298,0.27657697397441555
0.2712532865907099,0.20157756354075373,0.24890446976336547,0.2782646801051709
0.26845342706502634,0.20518453427065025,0.2543936731107206,0.2719683655536028
0.26420079260237783,0.20123293703214443,0.25847644209599296,0.2760898282694848
0.2657777777777778,0.20577777777777778,0.25822222222222224,0.2702222222222222
0.26246140273489194,0.20423467137185708,0.2620202911336568,0.27128363475959416
0.26430155210643014,0.20443458980044346,0.258980044345898,0.2722838137472284
0.2623093681917211,0.20827886710239651,0.2596949891067538,0.26971677559912854
0.26044874615046193,0.20633523977122745,0.2652881654201496,0.267927848658161
0.26173604960141716,0.20593445527015058,0.26439326837909655,0.2679362267493357
0.2665788317962231,0.20772946859903382,0.25823451910408435,0.26745718050065875
0.26808142052836725,0.205716760502382,0.2555218709398008,0.27067994802945
0.26494980357922304,0.2016586643387167,0.25927542557835004,0.27411610650371016
0.2630884293884734,0.20105587329520458,0.26176858776946765,0.2740871095468544
0.2636165577342048,0.20130718954248367,0.26492374727668844,0.2701525054466231
0.26518847006651886,0.1951219512195122,0.2647450110864745,0.2749445676274945
0.2675438596491228,0.1969298245614035,0.26973684210526316,0.2657894736842105
0.26784140969162995,0.19647577092511012,0.26563876651982377,0.27004405286343613
0.2662565905096661,0.19859402460456943,0.2671353251318102,0.2680140597539543
0.2683355292050944,0.2015810276679842,0.2608695652173913,0.2692138779095301
0.26850635129215944,0.1979851073149365,0.2619360490582567,0.2715724923346474
0.26522506619594,0.19505736981465135,0.26522506619594,0.2744924977934687
0.2615996464869642,0.19575784357048165,0.26513477684489617,0.27750773309765797
0.25164980202375714,0.2023757149142103,0.2732072151341839,0.27276726792784867
0.2508756567425569,0.20183887915936952,0.27408056042031526,0.2732049036777583
0.24779541446208111,0.2054673721340388,0.27116402116402116,0.27557319223985893
0.24539069359086918,0.21290605794556627,0.26514486391571557,0.276558384547849
0.25054945054945055,0.2123076923076923,0.2624175824175824,0.27472527472527475
0.24867957746478872,0.21390845070422534,0.258362676056338,0.2790492957746479
0.24857518632178868,0.21744848750548004,0.25515124945199474,0.27882507672073653
0.2534398579671549,0.21837549933422104,0.25122059476253883,0.2769640479360852
0.24900662251655628,0.21456953642384105,0.25298013245033113,0.28344370860927154
0.2504416961130742,0.21598939929328623,0.2588339222614841,0.2747349823321555
0.2519893899204244,0.21441202475685234,0.26480990274093724,0.268788682581786
0.2503311258278146,0.21677704194260486,0.25695364238410595,0.27593818984547464
0.24967032967032968,0.22505494505494505,0.24923076923076923,0.27604395604395604
0.2564102564102564,0.22236958443854996,0.2458001768346596,0.27541998231653403
0.2553657468243539,0.219886114761279,0.24529128339903636,0.2794568550153307
0.25578350065473593,0.21649934526407683,0.2505456132693147,0.27717154081187256
0.2612137203166227,0.21372031662269128,0.24802110817941952,0.2770448548812665
0.25972890249234803,0.21425448185395715,0.24267599475295146,0.28334062090074336
0.2588495575221239,0.2079646017699115,0.24336283185840707,0.28982300884955753
0.263901147396293,0.20741394527802295,0.2440423654015887,0.2846425419240953
0.2650285212812637,0.20579201404124617,0.24879333040807372,0.2803861342694164
0.2587260034904014,0.20986038394415357,0.2513089005235602,0.2801047120418848
0.25411659991099245,0.2109479305740988,0.253671562082777,0.28126390743213175
0.26065934065934065,0.21626373626373627,0.250989010989011,0.2720879120879121
0.25539409951563186,0.21972699251431088,0.2536327608982827,0.2712461470717745
0.2574823943661972,0.21742957746478872,0.2566021126760563,0.26848591549295775
0.2633201232937032,0.21136063408190225,0.2567151034786438,0.26860413914575076
0.2626707800793301,0.21022476862053768,0.25165271044513,0.2754517408550022
0.26420079260237783,0.21488331131660063,0.25539409951563186,0.2655217965653897
0.2696530522617479,0.21256038647342995,0.25120772946859904,0.2665788317962231
0.2672831351827389,0.2144429766622633,0.2509907529722589,0.2672831351827389
0.27912087912087913,0.210989010989011,0.24703296703296704,0.26285714285714284
0.27758164165931154,0.21006178287731686,0.24669020300088262,0.265666372462489
0.2745011086474501,0.21152993348115298,0.24833702882483372,0.2656319290465632
0.2756494936151475,0.21224130339057684,0.24614707177454867,0.265962131219727
0.26877470355731226,0.21299956082564778,0.24593763724198506,0.2722880983750549
0.2712532865907099,0.21560035056967572,0.24583698510078877,0.26730937773882557
0.2600700525394046,0.21760070052539404,0.24737302977232925,0.27495621716287216
0.25850640742377373,0.2213875386654883,0.2479010163499779,0.27220503756076003
0.25823451910408435,0.2204655248133509,0.25252525252525254,0.26877470355731226
0.25501307759372277,0.22188317349607672,0.25806451612903225,0.26503923278116825
0.25719267654751526,0.23321708805579774,0.24760244115082825,0.2619877942458588
0.25296964364276286,0.23493180818301804,0.24857017157941047,0.2635283765948086
0.2520107238605898,0.23949955317247543,0.24664879356568364,0.26184092940125114
0.25232403718459495,0.23550243470562196,0.249667994687915,0.2625055334218681
0.25209343323049804,0.23931247245482593,0.24548259144997797,0.2631115028646981
0.24736379613356765,0.24077328646748683,0.2451669595782074,0.2666959578207381
0.24453193350831146,0.2462817147856518,0.2440944881889764,0.2650918635170604
0.2434325744308231,0.24299474605954466,0.2434325744308231,0.2701401050788091
0.2434936038817821,0.24261138067931187,0.24172915747684165,0.2721658579620644
0.24293286219081273,0.23895759717314488,0.24072438162544169,0.2773851590106007
0.24554367201426025,0.2428698752228164,0.23975044563279857,0.2718360071301248
0.237928007023705,0.24539069359086918,0.24100087796312555,0.27568042142230026
0.23413566739606126,0.24507658643326038,0.24726477024070023,0.2735229759299781
0.2347252747252747,0.24263736263736263,0.25142857142857145,0.2712087912087912
0.23542402826855124,0.24381625441696114,0.24911660777385158,0.27164310954063603
0.23485183547103053,0.24723573639982308,0.25386996904024767,0.26404245908889873
0.23994697304463103,0.2496685815289439,0.24922669023420238,0.26115775519222273
0.24072438162544169,0.24602473498233215,0.25,0.26325088339222613
0.23771929824561402,0.24605263157894736,0.24912280701754386,0.26710526315789473
0.2360928602715725,0.24791940429259746,0.2474813841436706,0.26850635129215944
0.23430592396109637,0.25596816976127323,0.23784261715296198,0.2718832891246684
0.2343132953049583,0.25537516454585346,0.24221149627029398,0.26810004387889425
0.23966207203201423,0.2552245442418853,0.2383281458425967,0.2667852378835038
0.24150110375275938,0.25474613686534214,0.23487858719646798,0.26887417218543047
0.23396727111897392,0.25210084033613445,0.24502432551968156,0.2689075630252101
0.23387450636243967,0.25976305397103994,0.2360684510750329,0.2702939885914875
0.24110671936758893,0.25559947299077734,0.2349582784365393,0.2683355292050944
0.23865619546247818,0.2513089005235602,0.24040139616055847,0.2696335078534031
0.23809523809523808,0.24867724867724866,0.24118165784832452,0.27204585537918874
0.24231782265144863,0.2550482879719052,0.23222124670763827,0.2704126426690079
0.24318381706244502,0.25285839929639403,0.22823218997361477,0.2757255936675462
0.24541484716157205,0.24890829694323144,0.23100436681222708,0.27467248908296943
0.25021949078138717,0.25417032484635643,0.2247585601404741,0.2708516242317823
0.2609078889378581,0.25297487880123404,0.2243278977523138,0.2617893345085941
0.25824901011878576,0.24681038275406952,0.23141223053233612,0.2635283765948086
0.26205083260297984,0.24539877300613497,0.23049956178790534,0.26205083260297984
0.26371681415929205,0.24424778761061947,0.23539823008849559,0.25663716814159293
0.26851851851851855,0.2429453262786596,0.23015873015873015,0.2583774250440917
0.25995623632385123,0.24507658643326038,0.23763676148796498,0.25733041575492344
0.2569048662867163,0.24813678211310827,0.2367382726874178,0.25822007891275756
0.2611973392461197,0.24567627494456762,0.23636363636363636,0.2567627494456763
0.2585301837270341,0.25240594925634297,0.23097112860892388,0.25809273840769903
0.2598844957796535,0.26077298978231894,0.23011994669035984,0.2492225677476677
0.26247288503253796,0.26073752711496745,0.22906724511930585,0.24772234273318872
0.26672496720594663,0.2579798863139484,0.22606034105815478,0.24923480542195015
0.27053140096618356,0.25911286780852,0.2261747913921827,0.24418093983311376
0.25975177304964536,0.2632978723404255,0.23404255319148937,0.2429078014184397
0.2679195804195804,0.26005244755244755,0.2298951048951049,0.24213286713286714
0.2667836770513383,0.25537516454585346,0.23080298376480912,0.24703817463799913
0.25882352941176473,0.2601307189542484,0.23224400871459694,0.24880174291938997
0.26154529307282415,0.2531083481349911,0.2353463587921847,0.25
0.25863596102745795,0.2546501328609389,0.23693534100974314,0.24977856510186006
0.2584070796460177,0.26238938053097344,0.23185840707964603,0.24734513274336284
0.2627416520210896,0.2627416520210896,0.23154657293497363,0.2429701230228471
0.2679362267493357,0.262621789193977,0.23383525243578387,0.23560673162090345
0.2702108963093146,0.2702108963093146,0.22451669595782073,0.23506151142355008
0.27135900841080124,0.2647189021691014,0.2288623284639221,0.2350597609561753
0.26991150442477874,0.26194690265486725,0.2331858407079646,0.23495575221238937
0.2744227353463588,0.25177619893428066,0.2357904085257549,0.23801065719360567
0.27580149319279756,0.25691699604743085,0.2274923144488362,0.23978919631093545
0.27971718957136543,0.24701723376049492,0.23243482103402563,0.24083075563411402
0.27763041556145,0.24447391688771,0.23209549071618038,0.2458001768346596
0.27719756309834637,0.24281984334203655,0.23585726718885988,0.24412532637075718
0.27628684557853056,0.24285085789705235,0.23845138583369996,0.2424109106907171
0.2741652021089631,0.24560632688927944,0.23242530755711774,0.2478031634446397
0.2671322566564819,0.24443474465298995,0.23876036665211697,0.24967263203841117
0.2731685789938217,0.2444836716681377,0.23609885260370697,0.24624889673433362
0.2683887915936953,0.24211908931698775,0.24124343257443082,0.24824868651488616
0.2653965440850687,0.2454585733274258,0.23659725299069562,0.25254762959680993
0.25888547608600265,0.249670908293111,0.24221149627029398,0.24923211935059236
0.2577953447518665,0.24462011418533158,0.24110671936758893,0.256477821695213
0.25789239662072033,0.2436638506002668,0.24588706091596266,0.25255669186305024
0.2566915313734094,0.24221149627029398,0.24440544098288722,0.2566915313734094
0.2543429844097996,0.24498886414253898,0.23875278396436525,0.2619153674832962
0.2560386473429952,0.23978919631093545,0.24242424242424243,0.26174791392182695
0.25850043591979077,0.23670444638186575,0.24062772449869224,0.26416739319965127
0.25233229675699687,0.2416703687250111,0.24078187472234563,0.26521545979564637
0.2581786030061892,0.24049513704686118,0.23474801061007958,0.26657824933687
0.25983208130799823,0.2412726469288555,0.23729562527618206,0.2615996464869642
0.2550839964633068,0.23872679045092837,0.24005305039787797,0.2661361626878868
0.2589676290463692,0.24278215223097113,0.2331583552055993,0.2650918635170604
0.25574204946996465,0.24558303886925795,0.23233215547703182,0.2663427561837456
0.2626041209995616,0.24682156948706707,0.22139412538360367,0.26918018412976763
0.2658677319130049,0.2472259209942299,0.2241455836662228,0.26276076342654237
0.2608695652173913,0.24578527062999111,0.22759538598047915,0.2657497781721384
0.26142355008787344,0.2504393673110721,0.22539543057996486,0.2627416520210896
0.26399294843543414,0.24416042309387395,0.22829440282062582,0.2635522256500661
0.26407682234831953,0.24312527280663465,0.22741161065037102,0.2653862941946748
0.2736098852603707,0.24315975286849073,0.22330097087378642,0.2599293909973522
0.2703881378107283,0.24160488443087658,0.22721325774095072,0.2607937200174444
0.2661361626878868,0.2409372236958444,0.23076923076923078,0.26215738284703805
0.26831421006178285,0.2436010591350397,0.23300970873786409,0.25507502206531335
0.26616805983282005,0.24637043554773427,0.23405191377034756,0.2534095908490981
0.26006191950464397,0.24546660769570985,0.22998673153471916,0.26448474126492705
0.259825327510917,0.248471615720524,0.23013100436681222,0.26157205240174675
0.2617893345085941,0.24856765094755398,0.22873512560599382,0.2609078889378581
0.25735617039964864,0.24725516029863856,0.23232323232323232,0.26306543697848045
0.2613486117232261,0.255619215513442,0.2234464521815778,0.25958572058175405
0.2648861646234676,0.2539404553415061,0.22154115586690018,0.2596322241681261
0.26773356401384085,0.2556228373702422,0.21885813148788927,0.2577854671280277
0.26205083260297984,0.261612620508326,0.22085889570552147,0.25547765118317267
0.2616946160635481,0.263459841129744,0.21977052074139453,0.25507502206531335
0.25921052631578945,0.268859649122807,0.218859649122807,0.2530701754385965
0.26643447975620377,0.26338702655637786,0.21767522855899,0.2525032651284284
0.26794471689701294,0.26437806509139544,0.21622826571555953,0.2514489522960321
0.2680229986731535,0.26581158779301195,0.21362229102167182,0.25254312251216277
0.2717678100263852,0.2678100263852243,0.218117854001759,0.2423043095866315
0.2764835164835165,0.2672527472527473,0.2153846153846154,0.2408791208791209
0.2775330396475771,0.26607929515418505,0.21101321585903085,0.24537444933920705
0.27441449403446755,0.2677861246133451,0.20989836500220946,0.2479010163499779
0.2765301629238221,0.2672831351827389,0.21003963011889035,0.24614707177454867
0.27633318642573823,0.2613486117232261,0.2128691053327457,0.24944909651829
0.27353463587921845,0.2633214920071048,0.2113676731793961,0.25177619893428066
0.27296819787985865,0.27296819787985865,0.20892226148409895,0.24514134275618374
0.2720425343376163,0.2715994683207798,0.20735489587948605,0.24900310146211785
0.2689443714410863,0.2724485326325011,0.2067455102934735,0.2518615856329391
0.27049539675580886,0.27224901359053044,0.21262604120999562,0.24462954844366505
0.27179715302491103,0.2682384341637011,0.20951957295373666,0.25044483985765126
0.27034120734908135,0.268591426071741,0.2099737532808399,0.2510936132983377
0.2780678851174935,0.25935596170583114,0.21583986074847694,0.24673629242819844
0.27328918322295803,0.26048565121412803,0.2185430463576159,0.247682119205298
0.27627494456762747,0.2518847006651885,0.2221729490022173,0.24966740576496674
0.2759526938239159,0.24967148488830487,0.2233902759526938,0.25098554533508544
0.27881205673758863,0.24867021276595744,0.2198581560283688,0.2526595744680851
0.27168141592920353,0.25088495575221237,0.22035398230088496,0.2570796460176991
0.2680457746478873,0.25044014084507044,0.22359154929577466,0.2579225352112676
0.26403508771929823,0.2513157894736842,0.22149122807017543,0.2631578947368421
0.2620932277924362,0.25549692172383465,0.22251539138082674,0.2598944591029024
0.26716222125054656,0.2514210756449497,0.2229995627459554,0.2584171403585483
0.2628797886393659,0.25803610744165567,0.22324966974900926,0.25583443416996915
0.25942156003505695,0.254601226993865,0.22787028921998248,0.2581069237510955
0.26225919439579687,0.2526269702276708,0.23161120840630472,0.2535026269702277
0.262071992976295,0.2532923617208077,0.22783143107989465,0.25680421422300265
0.2682819383259912,0.2555066079295154,0.22951541850220264,0.24669603524229075
0.26875,0.253125,0.22544642857142858,0.2526785714285714
0.2698763250883392,0.254416961130742,0.2332155477031802,0.24249116607773852
0.2719298245614035,0.24868421052631579,0.23903508771929824,0.24035087719298245
0.2760121898127993,0.24727905964301264,0.2411841532433609,0.23552459730082717
0.2789775231379462,0.24416042309387395,0.24283825473776993,0.23402379903040987
0.28012449977767895,0.23699421965317918,0.24588706091596266,0.23699421965317918
0.28403141361256545,0.23865619546247818,0.23865619546247818,0.23865619546247818
0.2782685512367491,0.23895759717314488,0.23851590106007067,0.24425795053003532
0.28833551769331583,0.23547400611620795,0.236784622105723,0.23940585408475318
0.29302736098852605,0.22727272727272727,0.2383053839364519,0.24139452780229478
0.2900964066608238,0.2357581069237511,0.2326906222611744,0.24145486415425066
0.2989872302950242,0.23249669749009247,0.23425803610744167,0.23425803610744167
0.29396209784045835,0.23314235345967388,0.23137946231820186,0.24151608638166594
0.30550621669627,0.22690941385435168,0.23001776198934282,0.23756660746003552
0.3074547860608734,0.22893692104102337,0.22761358623731803,0.23599470666078518
0.3139586085424923,0.2311756935270806,0.22545134302069572,0.2294143549097314
0.3154602323503128,0.2287756925826631,0.22654155495978553,0.2292225201072386
0.31132487975513773,0.22780935723655443,0.22999562745955401,0.23087013554875382
0.30376940133037694,0.23325942350332593,0.2270509977827051,0.23592017738359203
0.2968197879858657,0.23586572438162545,0.22924028268551236,0.23807420494699646
0.3023461708720673,0.23904382470119523,0.22487826471890218,0.2337317397078353
0.2992091388400703,0.23857644991212654,0.22671353251318102,0.23550087873462214
0.3066141042487954,0.2378449408672799,0.22163819535698642,0.23390275952693823
0.30776014109347444,0.23544973544973544,0.21957671957671956,0.23721340388007053
0.31036016007114275,0.23432636727434417,0.2254335260115607,0.22987994664295242
0.3176831943835015,0.23913997367266346,0.21632294866169371,0.2268538832821413
0.3121951219512195,0.23991130820399112,0.21729490022172948,0.23059866962305986
0.3120284065690191,0.2334664891256103,0.21571238348868177,0.23879272081668887
0.309010989010989,0.23956043956043957,0.21494505494505495,0.23648351648351648
0.31161971830985913,0.2442781690140845,0.20950704225352113,0.23459507042253522
0.30596026490066225,0.2423841059602649,0.21059602649006623,0.2410596026490066
0.30644454186760195,0.24375274002630426,0.20341955282770716,0.24638316527838666
0.306401766004415,0.23841059602649006,0.20750551876379691,0.247682119205298
0.30962897526501765,0.23409893992932862,0.21201413427561838,0.24425795053003532
0.3092511013215859,0.23700440528634362,0.21233480176211453,0.24140969162995596
0.30803373280071017,0.24145583666222814,0.2108300044385264,0.2396804260985353
0.30178571428571427,0.2392857142857143,0.21160714285714285,0.24732142857142858
0.3062032556093269,0.23273207215134184,0.2133743950725913,0.24769027716674
0.3009158307893589,0.24116877453118185,0.2119494112516354,0.2459659834278238
0.3006134969325153,0.23794916739702016,0.21384750219106047,0.24758983347940403
0.2950242184059885,0.23866138265081463,0.21400264200792601,0.2523117569352708
0.2951251646903821,0.23978919631093545,0.21651295564339043,0.24857268335529206
0.29530495831505044,0.24001755155770074,0.21369021500658184,0.250987275120667
0.29419467481449146,0.23657791357485813,0.214316892186818,0.25491051942383236
0.29213973799126636,0.2366812227074236,0.21441048034934498,0.25676855895196504
0.2936753648827952,0.23529411764705882,0.21760283060592658,0.25342768686421935
0.2907801418439716,0.2402482269503546,0.2127659574468085,0.25620567375886527
0.28880070546737213,0.24382716049382716,0.21252204585537918,0.25485008818342153
0.28779840848806365,0.23607427055702918,0.21662245800176835,0.2595048629531388
0.2923617208077261,0.2295873573309921,0.2221246707638279,0.2559262510974539
0.2978723404255319,0.23187147199305255,0.2188449848024316,0.25141120277898393
0.2973928413610252,0.22978347326557666,0.2191780821917808,0.25364560318161733
0.30455740578439966,0.2283085013146363,0.21691498685363717,0.2502191060473269
0.3051663747810858,0.23423817863397547,0.21409807355516638,0.24649737302977234
0.30352422907488985,0.23039647577092512,0.22422907488986785,0.24185022026431718
0.30511463844797176,0.2292768959435626,0.22486772486772486,0.24074074074074073
0.3075230972283326,0.23273207215134184,0.22305323361196655,0.23669159700835898
0.3014121800529568,0.23124448367166814,0.22683142100617829,0.24051191526919682
0.3013215859030837,0.23259911894273128,0.22290748898678414,0.2431718061674009
0.3035635723713154,0.2344918609766828,0.21777386713594368,0.24417069951605808
0.31010452961672474,0.22952961672473868,0.2186411149825784,0.2417247386759582
0.3096802452912834,0.22996057818659657,0.21857205431449847,0.24178712220762155
0.3066432028156621,0.22701275846898372,0.22305323361196655,0.2432908051033876
0.30916370106761565,0.22820284697508897,0.2255338078291815,0.23709964412811388
0.30052724077328646,0.23154657293497363,0.22144112478031636,0.24648506151142355
0.29903677758318736,0.23161120840630472,0.22810858143607707,0.24124343257443082
0.29995627459554003,0.22431132487975514,0.22780935723655443,0.2479230432881504
0.30052724077328646,0.22759226713532513,0.22759226713532513,0.24428822495606328
0.30725274725274726,0.229010989010989,0.22241758241758242,0.2413186813186813
0.3092738407699038,0.2331583552055993,0.2152230971128609,0.24234470691163604
