R,A,S,N
0.0,1.0,0.0,0.0
0.0,0.8,0.2,0.0
0.0,0.7142857142857143,0.2857142857142857,0.0
0.0,0.75,0.16666666666666666,0.08333333333333333
0.0,0.75,0.125,0.125
0.0,0.631578947368421,0.15789473684210525,0.21052631578947367
0.0,0.5,0.25,0.25
0.0,0.48484848484848486,0.18181818181818182,0.3333333333333333
0.022727272727272728,0.5,0.13636363636363635,0.3409090909090909
0.017543859649122806,0.45614035087719296,0.12280701754385964,0.40350877192982454
0.06493506493506493,0.38961038961038963,0.1038961038961039,0.44155844155844154
0.09523809523809523,0.37142857142857144,0.09523809523809523,0.4380952380952381
0.1103448275862069,0.31724137931034485,0.1310344827586207,0.4413793103448276
0.13297872340425532,0.28191489361702127,0.13829787234042554,0.44680851063829785
0.13733905579399142,0.2446351931330472,0.14163090128755365,0.47639484978540775
0.15693430656934307,0.22262773722627738,0.13138686131386862,0.48905109489051096
0.1716867469879518,0.2289156626506024,0.12650602409638553,0.47289156626506024
0.18796992481203006,0.21804511278195488,0.13533834586466165,0.45864661654135336
0.2095435684647303,0.1970954356846473,0.14315352697095435,0.45020746887966806
0.2281303602058319,0.19039451114922812,0.13036020583190394,0.451114922813036
0.24553571428571427,0.17261904761904762,0.13988095238095238,0.4419642857142857
0.24967824967824967,0.16859716859716858,0.138996138996139,0.44272844272844275
0.25141562853907135,0.15175537938844846,0.1506228765571914,0.44620611551528877
0.25863770977295164,0.14807502467917077,0.14511352418558737,0.4481737413622902
0.26268922528940336,0.14870881567230632,0.14692787177203917,0.4416740872662511
0.26506024096385544,0.1493975903614458,0.14859437751004015,0.43694779116465865
0.2568265682656827,0.15055350553505534,0.16236162361623616,0.43025830258302583
0.2598752598752599,0.1469161469161469,0.1683991683991684,0.4248094248094248
0.2648578811369509,0.14599483204134367,0.15891472868217055,0.43023255813953487
0.2731117824773414,0.14501510574018128,0.1607250755287009,0.42114803625377645
0.2766439909297052,0.14682539682539683,0.16156462585034015,0.41496598639455784
0.27660723933009185,0.14748784440842788,0.16693679092382496,0.4089681253376553
0.27404343329886244,0.14322647362978283,0.1752843846949328,0.4074457083764219
0.277,0.1435,0.176,0.4035
0.28236980410893453,0.14237935977066413,0.1705685618729097,0.40468227424749165
0.29041353383458646,0.14097744360902256,0.17528195488721804,0.3933270676691729
0.29270544783010155,0.14219759926131118,0.17636195752539244,0.38873499538319484
0.2808783165599268,0.14501372369624885,0.17612076852698993,0.3979871912168344
0.2883928571428571,0.1455357142857143,0.178125,0.3879464285714286
0.29270462633451955,0.14501779359430605,0.17215302491103202,0.39012455516014233
0.29223946784922394,0.14944567627494457,0.1720620842572062,0.38625277161862526
0.2883082373782108,0.15323294951284322,0.1767050487156776,0.38175376439326836
0.2826855123674912,0.15282685512367492,0.17977031802120141,0.3847173144876325
0.28887904297740363,0.1497563136907399,0.17323881258307489,0.38812583074878154
0.2887103971441321,0.14859437751004015,0.18027666220437305,0.3824185631414547
0.2916666666666667,0.1524822695035461,0.1777482269503546,0.37810283687943264
0.2953229398663697,0.15367483296213807,0.17906458797327393,0.37193763919821826
0.2976085031000886,0.15279007971656333,0.1824623560673162,0.3671390611160319
0.2998661311914324,0.15082552431950022,0.18072289156626506,0.3685854529228023
0.2924988903683977,0.151797603195739,0.18375499334221038,0.3719485130936529
0.29523389232127095,0.15048543689320387,0.18181818181818182,0.37246248896734335
0.29302736098852605,0.15666372462488967,0.18093556928508384,0.36937334510150044
0.2875931608943446,0.15563349408154317,0.17843051293292417,0.3783428320911881
0.2950530035335689,0.15503533568904593,0.1793286219081272,0.370583038869258
0.29445933869526364,0.15862377122430743,0.17828418230563003,0.36863270777479895
0.2943800178412132,0.15744870651204282,0.17573595004460305,0.37243532560214093
0.2956058588548602,0.15446071904127828,0.16999556147359077,0.37993786063027074
0.29481546572934975,0.15905096660808435,0.16520210896309315,0.38093145869947276
0.29282254513430206,0.15896081021576397,0.16732716864817263,0.3808894760017613
0.2883163038649489,0.15459795646379387,0.1701466015104398,0.38693913816081743
0.28779197884530633,0.15645658880564126,0.16923754958131335,0.38651388276773907
0.2848242100578549,0.155318202047174,0.17311971517578995,0.38673787271918114
0.289532293986637,0.15857461024498887,0.17461024498886416,0.37728285077951
0.2914837576821773,0.1575943810359965,0.17866549604916593,0.3722563652326602
0.29229406554472986,0.1545615589016829,0.17759078830823738,0.3755535872453499
0.29789103690685415,0.15070298769771528,0.1726713532513181,0.37873462214411246
0.30115146147032773,0.15190434012400356,0.16651904340124005,0.3804251550044287
0.30246913580246915,0.15520282186948853,0.167989417989418,0.37433862433862436
0.3028953229398664,0.15679287305122494,0.1688195991091314,0.3714922048997773
0.303886925795053,0.15591872791519434,0.17226148409893993,0.3679328621908127
0.30460026797677536,0.15364001786511836,0.17329164805716837,0.3684680661009379
0.3051976899155931,0.15904042647712127,0.17147934251443803,0.36428254109284763
0.30622222222222223,0.16355555555555557,0.16933333333333334,0.36088888888888887
0.30857142857142855,0.1578021978021978,0.16967032967032966,0.363956043956044
0.3106060606060606,0.15819964349376114,0.1715686274509804,0.35962566844919786
0.31546300398759414,0.15507310589277803,0.16614975631369075,0.3633141338059371
0.3260772989782319,0.14882274544646823,0.16303864948911595,0.3620613060861839
0.32711111111111113,0.14755555555555555,0.16933333333333334,0.356
0.3272484416740873,0.15449688334817455,0.1616206589492431,0.3566340160284951
0.3298199385155907,0.15239350021958717,0.15766359244620115,0.360122968818621
0.32844444444444443,0.152,0.16266666666666665,0.35688888888888887
0.3305346884666372,0.1506849315068493,0.15687140963323024,0.36190897039328324
0.3324420677361854,0.14884135472370766,0.15463458110516934,0.3640819964349376
0.3319964349376114,0.15240641711229946,0.1532976827094474,0.3622994652406417
0.33966431095406363,0.14531802120141343,0.15503533568904593,0.35998233215547704
0.3350993377483444,0.14701986754966886,0.15938189845474612,0.35849889624724063
0.3358507330075522,0.14393602843180808,0.15948467347845402,0.3607285650821857
0.3431111111111111,0.13822222222222222,0.16311111111111112,0.35555555555555557
0.3434878587196468,0.13951434878587196,0.16600441501103752,0.3509933774834437
0.3443708609271523,0.14172185430463577,0.16777041942604856,0.34613686534216337
0.34452296819787986,0.14266784452296818,0.16475265017667845,0.3480565371024735
0.34573304157549234,0.1422319474835886,0.15798687089715535,0.35404814004376367
0.3530721282279608,0.14559216384683882,0.1558325912733749,0.3455031166518255
0.3563876651982379,0.14713656387665197,0.15991189427312774,0.3365638766519824
0.35168738898756663,0.14742451154529307,0.16341030195381884,0.33747779751332146
0.35346358792184723,0.14698046181172292,0.15763765541740674,0.3419182948490231
0.3501757469244288,0.14850615114235502,0.15641476274165203,0.34490333919156413
0.3484646194926569,0.14686248331108145,0.1606586559857588,0.3440142412105029
0.34363957597173145,0.15061837455830387,0.16210247349823323,0.34363957597173145
0.34884751773049644,0.1524822695035461,0.15824468085106383,0.3404255319148936
0.34683098591549294,0.15669014084507044,0.15625,0.3402288732394366
0.35048372911169745,0.1517150395778364,0.16314863676341249,0.33465259454705365
0.34847161572052404,0.15240174672489082,0.1611353711790393,0.33799126637554583
0.3510022271714922,0.15367483296213807,0.1621380846325167,0.333184855233853
0.3513876454789615,0.1504028648164727,0.1647269471799463,0.3334825425246195
0.3518189884649512,0.14729370008873113,0.16282165039929014,0.3380656610470275
0.35495495495495494,0.1436936936936937,0.16531531531531532,0.33603603603603605
0.3544415127528584,0.14160070360598065,0.1693051890941073,0.33465259454705365
0.349647266313933,0.14594356261022928,0.1675485008818342,0.3368606701940035
0.36323464427750773,0.1453822359699514,0.1590808661069377,0.3323022536456032
0.35841495992876227,0.1464826357969724,0.16340160284951025,0.3317008014247551
0.3660477453580902,0.14279398762157383,0.15738284703801944,0.3337754199823165
0.3634759594177327,0.145125716806352,0.15968239964711073,0.3317159241288046
0.3614404918752745,0.1497584541062802,0.15502854633289415,0.33377250768555117
0.3683281870313189,0.14336127040141156,0.15659461843846492,0.3317159241288046
0.3658210947930574,0.13796172674677348,0.16243880729862037,0.33377837116154874
0.3721754541426673,0.13424900310146212,0.16260522817899867,0.3309703145768719
0.3742819266460451,0.13566062748563854,0.1581970835174547,0.3318603623508617
0.37804338202744575,0.13457281983178399,0.1571491810535635,0.33023461708720675
0.37824746807573756,0.13562307353588726,0.1576398062527521,0.3284896521356231
0.38427365615282094,0.1310528653931586,0.15415370946246112,0.3305197689915593
0.39025480554313813,0.13097898971837282,0.15288332588287887,0.3258828788556102
0.3871256146624944,0.13053196244970944,0.15645954403218595,0.3258828788556102
0.38331854480922806,0.13176574977817213,0.1574977817213842,0.32741792369121564
0.3835015357612988,0.12988152698551997,0.15313734093900833,0.3334795963141729
0.3925859758820902,0.12773559624832515,0.15096025011165698,0.32871817775792767
0.38952464788732394,0.12984154929577466,0.1483274647887324,0.332306338028169
0.3935369632580788,0.12749003984063745,0.14209827357237717,0.3368747233289066
0.3934715483017203,0.1274812527569475,0.141155712395236,0.3378914865460962
0.3909131803868646,0.1273054430949168,0.14215024741340532,0.3396311291048133
0.3929684023141967,0.12327547841566533,0.13840676457498888,0.3453493546951491
0.39215686274509803,0.12388591800356506,0.13770053475935828,0.3462566844919786
0.398576512455516,0.11921708185053381,0.13834519572953738,0.34386120996441283
0.4017621145374449,0.11497797356828193,0.1378854625550661,0.345374449339207
0.3988566402814424,0.11961301671064203,0.1345646437994723,0.3469656992084433
0.4078656650463986,0.11179849756959788,0.13300927971718957,0.347326557666814
0.40153222172149616,0.10410094637223975,0.1333934204596665,0.36097341144659756
0.4019477644975653,0.10402833111996458,0.13501549358123063,0.35900841080123946
0.3975373790677221,0.10334212840809147,0.1376429199648197,0.36147757255936674
0.4100177304964539,0.10638297872340426,0.12987588652482268,0.3537234042553192
0.40874944763588156,0.10472823685373397,0.12461334511710119,0.36190897039328324
0.4084257206208426,0.10997782705099779,0.12638580931263857,0.3552106430155211
0.3986784140969163,0.1092511013215859,0.12687224669603525,0.3651982378854626
0.3986899563318777,0.11179039301310044,0.12096069868995633,0.3685589519650655
0.3975373790677221,0.11257695690413369,0.12313104661389622,0.36675461741424803
0.4052143172779496,0.11489173663278833,0.12152010605391074,0.3583738400353513
0.4135039717563989,0.11165048543689321,0.12444836716681378,0.3503971756398941
0.4067871308946673,0.11458792419568092,0.124724548259145,0.3539003966505068
0.4123348017621145,0.11541850220264317,0.11938325991189427,0.35286343612334803
0.40895129442738043,0.11627906976744186,0.11452391399736726,0.36024572180781045
0.41278295605858856,0.11495783399911229,0.11407012871726586,0.3581890812250333
0.4087688219663419,0.112488928255093,0.1191319751992914,0.3596102745792737
0.4129287598944591,0.11301671064204045,0.11653474054529464,0.3575197889182058
0.41699691765741964,0.11184500220167327,0.11404667547335975,0.3571114046675473
0.4182459233142353,0.11458792419568092,0.10929925077126487,0.35786690171881885
0.42079859587538393,0.11759543659499781,0.10838086880210619,0.35322509872751207
0.4221149627029399,0.11671785870996051,0.10881965774462483,0.3523475208424748
0.4227859368046284,0.11704494882064975,0.10903426791277258,0.35113484646194926
0.42436235708003517,0.10817941952506596,0.11257695690413369,0.3548812664907652
0.4194690265486726,0.11283185840707964,0.11283185840707964,0.3548672566371681
0.43312666076173606,0.11071744906997343,0.10761736049601417,0.34853852967227633
0.4326584507042254,0.11003521126760564,0.10651408450704225,0.35079225352112675
0.43064729194187584,0.11580801409070894,0.10127697049757815,0.3522677234698371
0.44063324538258575,0.11081794195250659,0.10466138962181179,0.3438874230430959
0.4420866489832007,0.10919540229885058,0.10300618921308577,0.34571175950486294
0.4424778761061947,0.1088495575221239,0.10398230088495575,0.34469026548672566
0.4415295686971988,0.11027123165851489,0.1036016007114273,0.3445975989328591
0.44320712694877507,0.110913140311804,0.10155902004454342,0.3443207126948775
0.44474272930648767,0.11140939597315436,0.10604026845637583,0.3378076062639821
0.4435127978817299,0.10723742277140336,0.10856134157105031,0.3406884377758164
0.4461538461538462,0.10461538461538461,0.10813186813186813,0.3410989010989011
0.44810905892700087,0.10554089709762533,0.1090589270008795,0.33729111697449426
0.4548641542506573,0.1016652059596845,0.10955302366345311,0.3339176161262051
0.4477282752536392,0.10454344949272165,0.10939567710630789,0.3383325981473313
0.45754509458864934,0.10250769907611086,0.10998680158380994,0.32996040475142985
0.4599644128113879,0.10409252669039146,0.10854092526690391,0.3274021352313167
0.45695364238410596,0.10198675496688742,0.10905077262693157,0.33200883002207504
0.45768719539211344,0.10456357997341603,0.10633584404076207,0.33141338059370845
0.4564537740062528,0.10719071013845467,0.1045109423849933,0.3318445734702992
0.46068904593639576,0.10821554770318022,0.10159010600706714,0.3295053003533569
0.4585344449319877,0.1039929793769197,0.10355419043440105,0.33391838525669154
0.45607064017660043,0.10772626931567329,0.10463576158940398,0.3315673289183223
0.4579273693534101,0.1054030115146147,0.10584588131089459,0.3308237378210806
0.4539795464650956,0.10404624277456648,0.10449088483770565,0.3374833259226323
0.4625220458553792,0.10449735449735449,0.10493827160493827,0.328042328042328
0.4584240313452329,0.10796691336525903,0.09925990422289943,0.3343491510666086
0.45986696230598667,0.1082039911308204,0.09933481152993348,0.3325942350332594
0.46126447016918964,0.10507569011576136,0.09661620658949244,0.3370436331255565
0.4591971768857521,0.10674900749889722,0.09880899867666519,0.33524481693868546
0.45446468236339405,0.10839626832518881,0.09418036428254109,0.34295868502887605
0.45831475702184576,0.11012037449843959,0.09763709317877842,0.33392777530093626
0.4584805653710247,0.11086572438162544,0.09231448763250884,0.338339222614841
0.4542656112576957,0.11433597185576078,0.09630606860158311,0.33509234828496043
0.45506861443116425,0.11243913235945109,0.09783089862771138,0.3346613545816733
0.4547061422889969,0.11312417145382236,0.09942554131683606,0.33274414494034465
0.4575971731448763,0.11395759717314488,0.09628975265017668,0.3321554770318021
0.461369622475856,0.11457418788410886,0.0996488147497805,0.3244073748902546
0.4598155467720685,0.11462450592885376,0.09793588054457619,0.32762406675450156
0.46351172047766476,0.11278195488721804,0.09862892525431226,0.32507739938080493
0.46775618374558303,0.11484098939929328,0.09717314487632508,0.3202296819787986
0.4637938693913816,0.11550422034651266,0.10217681030653043,0.3185250999555753
0.4661016949152542,0.11775200713648529,0.09768064228367529,0.3184656556645852
0.4715660542432196,0.11504811898512686,0.10017497812773403,0.3132108486439195
0.47665198237885464,0.11365638766519824,0.0960352422907489,0.3136563876651982
0.4731277533039648,0.1145374449339207,0.09911894273127753,0.313215859030837
0.4795373665480427,0.11209964412811388,0.09875444839857651,0.3096085409252669
0.4823896567097637,0.11101203744984396,0.10031208203299152,0.3062862238074008
0.48781568453699603,0.11253876827647319,0.0974745237040319,0.3021710234824989
0.4903169014084507,0.10915492957746478,0.0977112676056338,0.3028169014084507
0.4904993371630579,0.1095890410958904,0.0967741935483871,0.3031374281926646
0.49537241075363597,0.10973997355663288,0.09784045835169679,0.2970471573380344
0.48768689533861037,0.10861917326297274,0.0998240985048373,0.3038698328935796
0.4813664596273292,0.10825199645075421,0.10070984915705412,0.30967169476486245
0.4853852967227635,0.10761736049601417,0.10230292294065545,0.3046944198405669
0.4912673533363189,0.10792655620241827,0.09762651141961487,0.303179579041648
0.49274725274725273,0.10857142857142857,0.09406593406593407,0.3046153846153846
0.48963387737097486,0.10763123070136744,0.09307454786060873,0.30966034406704895
0.4896247240618102,0.1130242825607064,0.09006622516556291,0.3072847682119205
0.5013380909901873,0.10972346119536129,0.08876003568242641,0.30017841213202495
0.5053003533568905,0.10291519434628975,0.08789752650176678,0.303886925795053
0.5041979673000442,0.103844454264251,0.08749447635881573,0.3044631020768891
0.508,0.10311111111111111,0.08488888888888889,0.304
0.5077262693156733,0.10375275938189846,0.08344370860927153,0.3050772626931567
0.5141718334809566,0.10717449069973428,0.08148804251550044,0.2971656333038087
0.5158311345646438,0.10817941952506596,0.08311345646437995,0.2928759894459103
0.5148690634709276,0.1114070128717266,0.08477585441633377,0.28894806924101196
0.5241043785935426,0.11012826183104821,0.08403361344537816,0.28173374613003094
0.5203180212014135,0.1073321554770318,0.08392226148409894,0.2884275618374558
0.5276801405975395,0.10413005272407733,0.08567662565905097,0.28251318101933215
0.5255896751223854,0.10903426791277258,0.08722741433021806,0.27814864263462397
0.5206684256816183,0.11081794195250659,0.0853122251539138,0.2832014072119613
0.5201238390092879,0.11057054400707651,0.08447589562140646,0.2848297213622291
0.5151781786185657,0.1117465904091509,0.08446986361636603,0.2886053673559173
0.5146406388642414,0.11047027506654836,0.08562555456965394,0.28926353149955636
0.5205540661304736,0.11036639857015192,0.08310991957104558,0.28596961572832885
0.5265251989389921,0.10919540229885058,0.08311229000884174,0.28116710875331563
0.5232609658839167,0.11120957022596367,0.08462560921577315,0.2809038546743465
0.5262230057293962,0.11106214191273689,0.08417805200528868,0.2785368003525782
0.5204936095196122,0.11150286469810489,0.08329660643455267,0.2847069193477303
0.518760907504363,0.10907504363001745,0.08464223385689354,0.287521815008726
0.5175746924428822,0.11072056239015818,0.0852372583479789,0.28646748681898065
0.5251894783771734,0.11145786892554614,0.08247882300490414,0.2808738296923763
0.5283939662821651,0.1095829636202307,0.07852706299911269,0.2834960070984916
0.5247436469014712,0.11190370040124833,0.08024966562639323,0.2831029870708872
0.5279007971656333,0.10496014171833482,0.08015943312666077,0.2869796279893711
0.5359823399558499,0.10154525386313466,0.08256070640176601,0.27991169977924946
0.5345054945054946,0.10153846153846154,0.07956043956043957,0.2843956043956044
0.5356200527704486,0.10334212840809147,0.08003518029903255,0.28100263852242746
0.5416116248348745,0.10039630118890357,0.08366358432408631,0.27432848965213563
0.5367679436371643,0.10259797446059005,0.08542492294143549,0.2752091589608102
0.5294894366197183,0.10387323943661972,0.08626760563380281,0.28036971830985913
0.533717834960071,0.10425909494232476,0.08873114463176575,0.2732919254658385
0.5398854120758043,0.10224768620537682,0.0872631115028647,0.27060379021595415
0.5396193005754759,0.099601593625498,0.08764940239043825,0.2731297034085879
0.5426666666666666,0.10355555555555555,0.08622222222222223,0.26755555555555555
0.5389725420726307,0.10274579273693533,0.08724534986713905,0.271036315323295
0.54673721340388,0.1009700176366843,0.08465608465608465,0.26763668430335097
0.552212389380531,0.10176991150442478,0.08672566371681416,0.2592920353982301
0.5485287659200703,0.10276679841897234,0.08519982433025912,0.2635046113306983
0.5565749235474006,0.10222804718217562,0.08300567933595457,0.2581913499344692
0.5595238095238095,0.09832451499118165,0.08465608465608465,0.25749559082892415
0.5635799734160389,0.10057598582188747,0.08373947718210013,0.2521045635799734
0.5623353819139596,0.10359964881474978,0.08252853380158033,0.2515364354697103
0.5593145869947276,0.10325131810193322,0.0804042179261863,0.2570298769771529
0.5587975243147657,0.11052166224580018,0.07736516357206012,0.253315649867374
0.5627476882430648,0.1087626596213122,0.07573756054601496,0.2527520915896081
0.5514964788732394,0.10915492957746478,0.07966549295774648,0.2596830985915493
0.5516185476815398,0.1111111111111111,0.08136482939632546,0.2559055118110236
0.5568487018800358,0.10608773500447627,0.08146821844225605,0.25559534467323186
0.5527128363475959,0.10807234230260256,0.08160564622849581,0.2576091751213057
0.5473269062226117,0.10648553900087643,0.08063102541630149,0.26555652936021035
0.5446902654867256,0.1075221238938053,0.07964601769911504,0.268141592920354
0.5430083811204235,0.10719011910013233,0.08248786943096603,0.26731363034847816
0.5466666666666666,0.10622222222222222,0.08044444444444444,0.26666666666666666
0.5462184873949579,0.10570544007076514,0.08314904909332153,0.2649270234409553
0.5459744830620326,0.10426748790145182,0.08271007479102507,0.26704795424549055
0.5449712007089056,0.10810810810810811,0.08462560921577315,0.26229508196721313
0.5522586359610274,0.10097431355181577,0.08503100088573959,0.26173604960141716
0.5473032714412025,0.10698496905393456,0.08664898320070734,0.25906277630415564
0.5601933216168717,0.09885764499121265,0.0804042179261863,0.26054481546572933
0.5572315882874889,0.10514640638864241,0.08207630878438332,0.25554569653948533
0.5596452328159646,0.10687361419068736,0.08248337028824834,0.25099778270509976
0.5614574187884109,0.1057945566286216,0.08384547848990342,0.2489025460930641
0.5584988962472406,0.10905077262693157,0.08123620309050773,0.25121412803532006
0.5622525296964365,0.10690717113946327,0.08007039155301364,0.2507699076110867
0.5664765247915753,0.10355419043440105,0.07810443176831944,0.25186485300570427
0.5627476882430648,0.10656098634962571,0.07529722589167767,0.25539409951563186
0.5642951833848873,0.10163499779054352,0.07556341140079541,0.25850640742377373
0.5759185480301018,0.1018149623727313,0.0765825586542718,0.2456839309428951
0.5710514738231413,0.09898812142542895,0.07655081390233172,0.2534095908490981
0.5726269315673289,0.09580573951434879,0.07770419426048565,0.25386313465783666
0.5680393912264996,0.09758281110116383,0.0774395702775291,0.25693822739480754
0.5691489361702128,0.09530141843971632,0.07934397163120567,0.25620567375886527
0.5724412937527692,0.09525919361984936,0.07886575099689853,0.2534337616304829
0.5742617893345086,0.09299250771264875,0.07888937858087264,0.25385632437197003
0.575197889182058,0.0932277924362357,0.08179419525065963,0.2497801231310466
0.5716168717047452,0.09578207381370826,0.08084358523725835,0.2517574692442882
0.5629728526924789,0.09657320872274143,0.08411214953271028,0.25634178905206945
0.5660542432195975,0.09536307961504811,0.08398950131233596,0.2545931758530184
0.568653421633554,0.09713024282560706,0.08344370860927153,0.2507726269315673
0.5760821062025882,0.09058456046407853,0.0856760374832664,0.24765729585006693
0.5749782040104621,0.09067131647776809,0.08761987794245858,0.24673060156931126
0.5791319596668129,0.08987286277948268,0.08636562911003946,0.24462954844366505
0.5760631302060499,0.0911880754055239,0.08768084173608066,0.24506795265234546
0.5786442179884803,0.09038546743464776,0.08772707133362871,0.24324324324324326
0.5803610744165566,0.095112285336856,0.0845442536327609,0.2399823866138265
0.5822222222222222,0.09466666666666666,0.08,0.2431111111111111
0.5803452855245684,0.09871624612660469,0.07835325365205843,0.24258521469676847
0.5737704918032787,0.10146211785556047,0.08373947718210013,0.2410279131590607
0.5679442508710801,0.09886759581881534,0.085801393728223,0.24738675958188153
0.5708022797018851,0.09601052170100834,0.08329679964927664,0.2498903989478299
0.5721854304635762,0.09933774834437085,0.08256070640176601,0.24591611479028697
0.5804042179261862,0.10193321616871705,0.0804042179261863,0.23725834797891038
0.5736842105263158,0.10570175438596491,0.08157894736842106,0.23903508771929824
0.580122591943958,0.10814360770577934,0.07749562171628721,0.23423817863397547
0.5701058201058201,0.11155202821869488,0.07804232804232804,0.24029982363315697
0.5713660245183888,0.10770577933450087,0.08056042031523643,0.2403677758318739
0.5768383971818583,0.10523998238661382,0.07881990312637605,0.23910171730515192
0.5797356828193833,0.1052863436123348,0.0801762114537445,0.23480176211453743
0.5827050997782706,0.1033259423503326,0.07982261640798226,0.23414634146341465
0.5867142220240749,0.09942041908158716,0.07846633972358448,0.23539901917075345
0.5924627519719544,0.09728308501314636,0.07800175284837861,0.2322524101665206
0.5942156003505696,0.09333917616126206,0.0775635407537248,0.23488168273444346
0.5923453493546952,0.09657320872274143,0.08055184690698709,0.23052959501557632
0.5950812472551603,0.09354413702239789,0.08036890645586298,0.23100570926657882
0.5998240985048373,0.09586631486367635,0.07695690413368514,0.22735268249780125
0.5888547608600263,0.09916630100921457,0.07722685388328214,0.23475208424747696
0.5788775961113566,0.09986743261157756,0.07954043305346885,0.241714538223597
0.5859340659340659,0.1010989010989011,0.07560439560439561,0.23736263736263735
0.5830762450418686,0.10136624063464081,0.08021154693697664,0.2353459673865139
0.5816102067751869,0.10162780466344039,0.07831060272767268,0.23845138583369996
0.5795053003533569,0.10247349823321555,0.07862190812720848,0.2393992932862191
0.5756768752774079,0.09942299156679982,0.07811806480248558,0.2467820683533067
0.5769230769230769,0.09814323607427056,0.08222811671087533,0.2427055702917772
0.5807164971251658,0.09907120743034056,0.08270676691729323,0.23750552852720036
0.582115980522355,0.09384683488269145,0.08145196989818504,0.24258521469676847
0.5790400704535447,0.09687362395420519,0.08014090708938794,0.24394539850286218
0.5837742504409171,0.09611992945326278,0.07716049382716049,0.2429453262786596
0.5879218472468917,0.09369449378330373,0.07726465364120781,0.2411190053285968
0.5823008849557522,0.09292035398230089,0.07787610619469026,0.24690265486725663
0.5873015873015873,0.08994708994708994,0.07407407407407407,0.24867724867724866
0.58285461776403,0.09368095448519664,0.07688908528501988,0.2465753424657534
0.5862676056338029,0.09198943661971831,0.0761443661971831,0.24559859154929578
0.577924944812362,0.09403973509933775,0.07902869757174392,0.24900662251655628
0.5785968028419183,0.09369449378330373,0.08259325044404973,0.24511545293072823
0.5817137809187279,0.09452296819787986,0.0799469964664311,0.24381625441696114
0.5859929078014184,0.09352836879432624,0.08200354609929078,0.23847517730496454
0.587245349867139,0.09521700620017715,0.08060230292294066,0.23693534100974314
0.5937090432503277,0.09392747924858016,0.07776321537789428,0.2346002621231979
0.5951219512195122,0.10022172949002217,0.07139689578713969,0.23325942350332593
0.5950486295313882,0.10212201591511937,0.07471264367816093,0.22811671087533156
0.598069328652918,0.10267661254936375,0.07371654234313295,0.22553751645458534
0.5958203646064918,0.10271231658514896,0.07425522454424188,0.2272120942641174
0.5944148936170213,0.09973404255319149,0.07402482269503546,0.23182624113475178
0.6006191950464397,0.09862892525431226,0.07430340557275542,0.22644847412649272
0.5889328063241107,0.09881422924901186,0.07992973210364515,0.23232323232323232
0.5851818988464951,0.09982253771073647,0.08251996450754215,0.23247559893522626
0.5897321428571428,0.09821428571428571,0.08303571428571428,0.22901785714285713
0.5866489832007074,0.09814323607427056,0.08178603006189213,0.23342175066312998
0.5831111111111111,0.09777777777777778,0.08488888888888889,0.23422222222222222
0.5905685323931247,0.0987219039224328,0.08417805200528868,0.2265315116791538
0.5891371003066141,0.09811651335961455,0.08147174770039421,0.23127463863337713
0.5910278745644599,0.09886759581881534,0.07970383275261324,0.2304006968641115
0.5853550948389943,0.09660344067048963,0.08204675782973092,0.23599470666078518
0.5909893992932862,0.09231448763250884,0.08436395759717315,0.23233215547703182
0.5934163701067615,0.08763345195729537,0.08274021352313167,0.2362099644128114
0.5933184855233853,0.0930957683741648,0.08463251670378619,0.2289532293986637
0.5978882534095908,0.09678838539375274,0.0818301803783546,0.2234931808183018
0.5936952714535902,0.09807355516637478,0.0840630472854641,0.22416812609457093
0.6004395604395605,0.0945054945054945,0.08307692307692308,0.22197802197802197
0.6047027506654836,0.09671694764862467,0.08207630878438332,0.21650399290150843
0.6104471004869412,0.09428950863213811,0.08233731739707835,0.2129260734838424
0.6165849308961213,0.0922871154703522,0.08559964333481944,0.20552831029870708
0.6128456735057984,0.0936663693131133,0.08206958073148975,0.21141837644959857
0.6109395677106307,0.09131010145566829,0.08160564622849581,0.2161446846052051
0.6102067751869775,0.08974923009238892,0.07919049714034315,0.22085349758029035
0.6173760421237385,0.088635366388767,0.08029837648091268,0.21369021500658184
0.6215978928884986,0.08560140474100088,0.07901668129938542,0.21378402107111502
0.6198237885462555,0.0881057268722467,0.08149779735682819,0.2105726872246696
0.6288840262582057,0.08140043763676148,0.08227571115973742,0.2074398249452954
0.6322241681260946,0.08975481611208407,0.08056042031523643,0.19746059544658495
0.6320212295444494,0.0871295886775763,0.07872622733303848,0.20212295444493586
0.6286215978928885,0.08867427568042142,0.08033362598770852,0.20237050043898155
0.6289252543122512,0.09022556390977443,0.07651481645289694,0.2043343653250774
0.6329951477723864,0.08954565505072784,0.07587119541243935,0.2015880017644464
0.6345470692717584,0.08658969804618118,0.07726465364120781,0.20159857904085257
0.6251661497563137,0.08639787328311918,0.0824102791315906,0.2060256978289765
0.6246112838738338,0.0866281652598845,0.08218569524655708,0.20657485561972458
0.6223005729396209,0.0872631115028647,0.08505949757602468,0.20537681798148966
0.622791519434629,0.08436395759717315,0.08568904593639576,0.20715547703180212
0.621071270473661,0.08366533864541832,0.08543603364320496,0.2098273572377158
0.6147032772364924,0.08680248007085917,0.08503100088573959,0.21346324180690876
0.6160281814178776,0.08806693086745927,0.0845442536327609,0.21136063408190225
0.6183104820875719,0.08624502432551968,0.08314904909332153,0.21229544449358692
0.620903454384411,0.08680248007085917,0.0841452612931798,0.20814880425155005
0.6203703703703703,0.09082892416225749,0.08156966490299823,0.2072310405643739
0.6183406113537118,0.09213973799126637,0.08864628820960699,0.20087336244541484
0.6166148378498445,0.09107063527321191,0.0888494002665482,0.20346512661039537
0.6252204585537919,0.08641975308641975,0.08686067019400352,0.20149911816578484
0.6239542051959489,0.08278291501541171,0.08586525759577279,0.2073976221928666
0.6288113124171454,0.08130799823243483,0.0830755634114008,0.206805125939019
0.6259406817175741,0.08233731739707835,0.08277999114652501,0.2089420097388225
0.6275033377837116,0.08366711170449488,0.08411214953271028,0.20471740097908322
0.631252766710934,0.0818946436476317,0.08366533864541832,0.20318725099601595
0.630822812363953,0.08445798868088812,0.08837614279494993,0.19634305616020897
0.6314636283961438,0.08326029798422437,0.08501314636283962,0.2002629272567923
0.635407537248028,0.0845749342681858,0.07887817703768624,0.2011393514460999
0.6312997347480106,0.08664898320070734,0.07471264367816093,0.20733863837312114
0.6403702071397092,0.08550022036139268,0.07227853680035258,0.20185103569854562
0.6353251318101933,0.08787346221441125,0.070298769771529,0.20650263620386644
0.6392794376098418,0.08787346221441125,0.070298769771529,0.20254833040421794
0.6363234644277508,0.0901458241272647,0.07070260715863898,0.20282810428634557
0.6336851363236587,0.08927000879507475,0.07519788918205805,0.20184696569920843
0.6303484781649757,0.08778120864578738,0.07851786501985002,0.20335244816938686
0.6304920913884007,0.09050966608084358,0.07688927943760984,0.20210896309314588
0.6321634828964905,0.09018214127054643,0.07818747223456242,0.19946690359840072
0.6252220248667851,0.09902309058614565,0.07504440497335702,0.20071047957371227
0.6261599646486964,0.10119310649580203,0.0760053026955369,0.19664162615996464
0.6240601503759399,0.10305174701459531,0.07607253427686864,0.1968155683325962
0.624070021881838,0.10284463894967177,0.07264770240700219,0.20043763676148796
0.6225252969643643,0.10514738231412231,0.07215134183897932,0.2001759788825341
0.6193633952254642,0.11096374889478337,0.07029177718832891,0.19938107869142352
0.619152691968226,0.10988526037069726,0.06884377758164166,0.20211827007943514
0.6186025812194037,0.1081441922563418,0.06720071206052515,0.2060525144637294
0.6125166444740346,0.11051930758988016,0.06790945406125166,0.20905459387483355
0.6202924235711121,0.10456357997341603,0.06911829862649535,0.2060256978289765
0.6231947483588621,0.10284463894967177,0.06958424507658643,0.20437636761487965
0.6224580017683466,0.10389036251105217,0.07382847038019452,0.19982316534040673
0.6256006989951944,0.09916994320664045,0.07426823940585409,0.20096111839231107
0.6180616740088106,0.10308370044052863,0.07665198237885462,0.20220264317180617
0.6229074889867842,0.1026431718061674,0.07400881057268723,0.20044052863436124
0.623182018510357,0.0991626267078008,0.07624504186866461,0.20141031291317762
0.6232394366197183,0.09991197183098592,0.07790492957746478,0.198943661971831
0.619743249225321,0.1049136786188579,0.0765825586542718,0.19876051350154936
0.6150131694468832,0.10623353819139596,0.08077260755048288,0.19798068481123793
0.615791795324217,0.1023378914865461,0.08072342302602559,0.2011468901632113
0.6194651468654099,0.09907935116177115,0.08154318281455503,0.1999123191582639
0.6127753303964758,0.10044052863436123,0.08370044052863436,0.20308370044052865
0.6184384649316277,0.09792677547419497,0.07984119982355536,0.20379355977062197
0.618006993006993,0.10139860139860139,0.07910839160839161,0.20148601398601398
0.6264848218213814,0.09898812142542895,0.07919049714034315,0.19533655961284646
0.629223343571742,0.09960508995173321,0.0741553312856516,0.1970162351908732
0.6252204585537919,0.10229276895943562,0.07716049382716049,0.195326278659612
0.621172353455818,0.10804899387576553,0.07917760279965004,0.19160104986876642
0.6261640798226165,0.11219512195121951,0.0762749445676275,0.18536585365853658
0.6278245458573327,0.10810810810810811,0.07886575099689853,0.18520159503766062
0.6215034965034965,0.11232517482517483,0.07954545454545454,0.1866258741258741
0.6290893015030946,0.11229000884173299,0.07869142351900972,0.1799292661361627
0.625934065934066,0.11428571428571428,0.07692307692307693,0.18285714285714286
0.6260448746150462,0.11262648482182139,0.0796304443466784,0.18169819621645403
0.6264367816091954,0.11450044208664899,0.07559681697612732,0.18346595932802828
0.6294483985765125,0.11076512455516015,0.07873665480427046,0.18104982206405695
0.6283457656867047,0.10969723562966213,0.07898200965335674,0.18297498903027642
0.6303109943057381,0.11125711782742007,0.07709154621112571,0.18134034165571616
0.6304829419583518,0.10899424014178112,0.07797961896322551,0.18254319893664156
0.6290109890109891,0.10505494505494506,0.08131868131868132,0.18461538461538463
0.630405706642889,0.10298707088720464,0.08024966562639323,0.18635755684351316
0.635309852875613,0.10031208203299152,0.08024966562639323,0.18412839946500223
0.6268325188804975,0.10217681030653043,0.08218569524655708,0.18880497556641493
0.630083078268474,0.09881941407958024,0.08439003060778312,0.18670747704416266
0.6320212295444494,0.0950906678460858,0.0880141530296329,0.18487394957983194
0.6353251318101933,0.09622144112478032,0.08919156414762741,0.17926186291739896
0.6386554621848739,0.09641751437417072,0.0875718708536046,0.17735515258735074
0.6499333629498001,0.09107063527321191,0.08396268325188805,0.17503331852509996
0.6454626334519573,0.09163701067615658,0.08540925266903915,0.17749110320284697
0.6489125610297382,0.0887705281846427,0.08788282290279627,0.1744340878828229
0.6450065416484955,0.09332751853467074,0.08416921064108156,0.1774967291757523
0.6491306286223807,0.09050378956754347,0.08515381185911726,0.17521176995095855
0.653896386591206,0.0892468437091859,0.08184588593818024,0.17501088376142795
0.6530249110320284,0.09163701067615658,0.07784697508896797,0.17749110320284697
0.6523851590106007,0.09275618374558305,0.07332155477031801,0.18153710247349825
0.6537949400798935,0.09276520195295163,0.0754549489569463,0.1779849090102086
0.6440455341506129,0.09457092819614711,0.07355516637478109,0.18782837127845883
0.6472937000887311,0.09272404614019521,0.0771960958296362,0.18278615794143743
0.6480422349318082,0.09106907171139464,0.0774307083150022,0.18345798504179497
0.6480990274093722,0.09283819628647215,0.07603890362511052,0.1830238726790451
0.658980044345898,0.08691796008869179,0.07671840354767184,0.17738359201773837
0.6640176600441501,0.08741721854304636,0.07461368653421634,0.1739514348785872
0.6613475177304965,0.08732269503546099,0.0749113475177305,0.17641843971631205
0.6668141592920354,0.08584070796460178,0.07212389380530973,0.1752212389380531
0.6687306501547987,0.08447589562140646,0.07474568774878372,0.17204776647501105
0.6654740608228981,0.07960644007155634,0.0778175313059034,0.1771019677996422
0.6691531373409391,0.07898200965335674,0.08073716542343133,0.17112768758227292
0.6733977172958736,0.07638279192273925,0.08121158911325724,0.16900790166812993
0.670753064798599,0.07793345008756568,0.08362521891418565,0.16768826619964974
0.6696269982238011,0.07548845470692718,0.08436944937833037,0.1705150976909414
0.6703345070422535,0.07526408450704225,0.08318661971830986,0.17121478873239437
0.6668143553389455,0.076650420912716,0.08639787328311918,0.17013735046521933
0.6725429704715734,0.07933010136624064,0.08594094314676069,0.1621859850154253
0.6706560283687943,0.07668439716312057,0.08687943262411348,0.16578014184397163
0.674459638288487,0.07631230701367446,0.08689898544331716,0.1623290692545214
0.6694468832309043,0.07857769973661106,0.08823529411764706,0.16374012291483758
0.6698901098901099,0.07868131868131868,0.08395604395604396,0.16747252747252747
0.6700574966828837,0.08093763821318001,0.08270676691729323,0.16629809818664307
0.671353251318102,0.07820738137082602,0.0843585237258348,0.16608084358523725
0.6772321428571428,0.07991071428571428,0.08169642857142857,0.1611607142857143
0.6715103478643769,0.083223249669749,0.08542492294143549,0.15984147952443858
0.6669626998223801,0.08126110124333925,0.08614564831261101,0.16563055062166962
0.6762240846934274,0.08072342302602559,0.0846934274371416,0.1583590648434054
0.6720879120879121,0.0778021978021978,0.08835164835164835,0.16175824175824177
0.6806908768821966,0.08060230292294066,0.08680248007085917,0.15190434012400356
0.6824833702882483,0.08337028824833703,0.08425720620842572,0.14988913525498893
0.6795265234546252,0.08417360806663744,0.08680403331871986,0.14949583516001755
0.6787610619469027,0.08495575221238938,0.08761061946902655,0.1486725663716814
0.6815174239082488,0.08822232024702249,0.08822232024702249,0.14203793559770622
0.6813186813186813,0.08879120879120879,0.08967032967032967,0.1402197802197802
0.6805864060417592,0.08573967125721901,0.08485117725455353,0.14882274544646823
0.6837909654561559,0.08547387068201949,0.08591674047829938,0.14481842338352524
0.6831330663106364,0.08678237650200267,0.08589230084557187,0.14419225634178906
0.6881862099253404,0.08519982433025912,0.08300395256916997,0.14361001317523056
0.6897923110914715,0.08395934600088378,0.08572691117984976,0.14052143172779497
0.6925795053003534,0.08259717314487633,0.08701413427561837,0.13780918727915195
0.6945791097399736,0.08021154693697664,0.08461877479065667,0.14059056853239313
0.6929824561403509,0.08333333333333333,0.08464912280701754,0.13903508771929823
0.6986001749781278,0.08092738407699038,0.08180227471566054,0.13867016622922135
0.6925795053003534,0.08613074204946997,0.0803886925795053,0.14090106007067138
0.689594356261023,0.0873015873015873,0.08245149911816578,0.140652557319224
