R,A,S,N
0.0,0.0,1.0,0.0
0.6666666666666666,0.0,0.3333333333333333,0.0
0.6666666666666666,0.0,0.3333333333333333,0.0
0.5833333333333334,0.0,0.4166666666666667,0.0
0.6521739130434783,0.0,0.34782608695652173,0.0
0.6428571428571429,0.0,0.30952380952380953,0.047619047619047616
0.5882352941176471,0.0,0.3235294117647059,0.08823529411764706
0.5096153846153846,0.019230769230769232,0.3557692307692308,0.11538461538461539
0.47904191616766467,0.029940119760479042,0.3652694610778443,0.12574850299401197
0.45374449339207046,0.03524229074889868,0.3568281938325991,0.15418502202643172
0.44089456869009586,0.04153354632587859,0.3738019169329074,0.14376996805111822
0.4188235294117647,0.04,0.3764705882352941,0.16470588235294117
0.4,0.044859813084112146,0.37383177570093457,0.18130841121495328
0.38596491228070173,0.054093567251461985,0.37280701754385964,0.1871345029239766
0.37722419928825623,0.06287069988137604,0.3748517200474496,0.18505338078291814
0.3698224852071006,0.05917159763313609,0.3796844181459566,0.1913214990138067
0.36562763268744736,0.060657118786857624,0.37320977253580456,0.2005054759898905
0.3645137342242019,0.05716406829992576,0.3734224201930215,0.20489977728285078
0.35494433529796987,0.06221349050425671,0.3798297314996726,0.20301244269810084
0.3513674197384067,0.06777645659928656,0.3745541022592152,0.20630202140309156
0.3505211190345584,0.07131102578167856,0.37849698299506307,0.19967087218869994
0.34146341463414637,0.06910569105691057,0.3826219512195122,0.2068089430894309
0.3388030888030888,0.07287644787644787,0.37886100386100385,0.20945945945945946
0.33192488262910796,0.06995305164319249,0.38497652582159625,0.2131455399061033
0.33692722371967654,0.07008086253369272,0.38409703504043125,0.20889487870619947
0.33452115812917593,0.07216035634743875,0.3866369710467706,0.2066815144766147
0.3373386737872719,0.07387627948375612,0.3796172674677348,0.2091677792612372
0.3337719298245614,0.07631578947368421,0.3828947368421053,0.20701754385964913
0.33553500660501984,0.07573756054601496,0.3808894760017613,0.20783795684720388
0.33451957295373663,0.07873665480427046,0.3798932384341637,0.20685053380782917
0.33539823008849556,0.08008849557522124,0.3765486725663717,0.2079646017699115
0.3415061295971979,0.0862521891418564,0.37040280210157617,0.20183887915936952
0.3275785745905268,0.08543603364320496,0.3798140770252324,0.20717131474103587
0.32717678100263853,0.08443271767810026,0.38258575197889183,0.20580474934036938
0.3279120879120879,0.08571428571428572,0.3802197802197802,0.20615384615384616
0.3260105448154657,0.08611599297012303,0.37653778558875217,0.21133567662565905
0.33421284080914687,0.09146877748460862,0.36807387862796836,0.20624450307827616
0.33289703315881325,0.09424083769633508,0.36736474694589877,0.2054973821989529
0.33796698523023455,0.09817549956559514,0.3622936576889661,0.20156385751520417
0.3413990321161461,0.0985481742190937,0.35679718433787944,0.20325560932688078
0.33377135348226017,0.10074463425317565,0.35830048182216384,0.20718353044240034
0.33391838525669154,0.10838086880210619,0.3527863097849934,0.20491443615620886
0.33816425120772947,0.10935441370223979,0.3456302151954326,0.20685111989459815
0.3312775330396476,0.1066079295154185,0.3475770925110132,0.2145374449339207
0.3350970017636684,0.10405643738977072,0.3492063492063492,0.21164021164021163
0.3359477124183007,0.10588235294117647,0.34553376906318084,0.21263616557734205
0.33217088055797733,0.1059285091543156,0.34655623365300786,0.2153443766346992
0.32778264680105174,0.10604732690622261,0.34574934268185803,0.22042068361086767
0.3261348611723226,0.10533274570295284,0.34596738651388276,0.22256500661084178
0.3281045751633987,0.10196078431372549,0.3437908496732026,0.2261437908496732
0.33260201842913556,0.10092145677928917,0.3426941641070645,0.22378236068451074
0.3336279275298277,0.103844454264251,0.3367211665930181,0.22580645161290322
0.333480370533745,0.10410233789148654,0.33524481693868546,0.22717247463608292
0.3368606701940035,0.10141093474426807,0.3390652557319224,0.222663139329806
0.3389010989010989,0.10197802197802198,0.3331868131868132,0.22593406593406593
0.3426208097518502,0.09969525468001741,0.33347845015237265,0.2242054854157597
0.3409691629955947,0.1013215859030837,0.333920704845815,0.22378854625550662
0.3359858532272325,0.10610079575596817,0.33510167992926615,0.22281167108753316
0.33509467195068254,0.10435931307793923,0.3390576838397182,0.22148833113166005
0.3337736679876706,0.10568031704095113,0.3368560105680317,0.22369000440334655
0.3333333333333333,0.10466138962181179,0.3368513632365875,0.22515391380826738
0.3308435852372584,0.10764499121265378,0.3374340949033392,0.22407732864674867
0.33082039911308203,0.11086474501108648,0.3370288248337029,0.2212860310421286
0.3289646133682831,0.10878112712975098,0.3438182612494539,0.218435998252512
0.328941589811155,0.10979358805445762,0.34299516908212563,0.21826965305226176
0.33024282560706403,0.1130242825607064,0.33774834437086093,0.21898454746136867
0.32752613240418116,0.1136759581881533,0.3405923344947735,0.218205574912892
0.3230904302019315,0.11457418788410886,0.34460052677787534,0.2177348551360843
0.3237378210806023,0.1191319751992914,0.34012400354295835,0.21700620017714792
0.32073813708260107,0.12082601054481547,0.335676625659051,0.22275922671353252
0.32571428571428573,0.12,0.3301098901098901,0.22417582417582418
0.32409850483729113,0.12225153913808268,0.3280562884784521,0.22559366754617413
0.3280212483399734,0.12129260734838423,0.32713590084108013,0.22355024347056218
0.33377718597425654,0.12028406569019086,0.3271193963604083,0.21881935197514424
0.3275938189845475,0.12494481236203091,0.3205298013245033,0.2269315673289183
0.33274570295284267,0.125605993829881,0.31776112825033054,0.2238871749669458
0.3288948069241012,0.12649800266311584,0.3195739014647137,0.22503328894806923
0.3270824247710423,0.12734409071085914,0.32054077627562144,0.2250327082424771
0.32685512367491165,0.13162544169611307,0.31448763250883394,0.22703180212014135
0.3290579389650597,0.13224237063246352,0.31711632021229547,0.22158337019018134
0.320249776984835,0.13514719000892061,0.31266726137377343,0.231935771632471
0.3231574356737898,0.13257740950719582,0.3139991277802006,0.23026602703881377
0.32492253209384686,0.13147410358565736,0.31341301460823373,0.23019034971226207
0.31397379912663753,0.13842794759825328,0.311353711790393,0.23624454148471616
0.31509267431597526,0.13768755516328332,0.31332744924977934,0.23389232127096204
0.3129637712789175,0.13574858140549978,0.3173286774334352,0.23395896988214754
0.3045774647887324,0.1426056338028169,0.32350352112676056,0.22931338028169015
0.30776014109347444,0.1388888888888889,0.3236331569664903,0.22971781305114639
0.3032679738562091,0.13594771241830064,0.32592592592592595,0.23485838779956428
0.30463286713286714,0.13286713286713286,0.3269230769230769,0.23557692307692307
0.2951754385964912,0.13464912280701755,0.3333333333333333,0.23684210526315788
0.3013157894736842,0.13728070175438598,0.3254385964912281,0.23596491228070177
0.3007518796992481,0.13799203892083148,0.32684652808491815,0.2344095532950022
0.3010226767452201,0.14006224988883947,0.318808359270787,0.2401067140951534
0.30365799911855446,0.14499779638607316,0.3080652269722345,0.24327897752313796
0.29509632224168125,0.14842381786339756,0.3156742556917688,0.24080560420315236
0.3003109729009329,0.14971123944913373,0.3145268769435806,0.23545091070635274
0.30453944468929045,0.15204936095196123,0.30718378140149843,0.2362274129572499
0.30365799911855446,0.1502864698104892,0.30630233583076244,0.23975319524019392
0.30837394771821003,0.1484271156402304,0.307487815684537,0.2357111209570226
0.29991204925241866,0.15391380826737028,0.306948109058927,0.23922603342128407
0.2985468956406869,0.15323645970937913,0.30779392338177014,0.2404227212681638
0.2929427430093209,0.1611185086551265,0.3022636484687084,0.2436750998668442
0.2959363957597173,0.15636042402826855,0.3030035335689046,0.24469964664310953
0.3019366197183099,0.15889084507042253,0.2992957746478873,0.23987676056338028
0.3074547860608734,0.16056462284958095,0.2959858844287605,0.23599470666078518
0.30480811645346273,0.16718129686810762,0.29554477282752534,0.23246581385090428
0.30697467792092403,0.16748111950244335,0.28876055086628166,0.23678365171035096
0.30833333333333335,0.16535087719298244,0.2833333333333333,0.24298245614035088
0.305913739439751,0.16718541574032902,0.2832369942196532,0.2436638506002668
0.3056521739130435,0.16956521739130434,0.28304347826086956,0.2417391304347826
0.30096660808435854,0.1656414762741652,0.28383128295254834,0.24956063268892795
0.2936542669584245,0.16936542669584245,0.2844638949671772,0.2525164113785558
0.2859048465984882,0.16851934192974655,0.28457092040907067,0.26100489106269453
0.29290718038528896,0.16987740805604204,0.287215411558669,0.25
0.28928884986830555,0.16900790166812993,0.2884108867427568,0.2532923617208077
0.2831111111111111,0.1751111111111111,0.28933333333333333,0.25244444444444447
0.2791005291005291,0.1763668430335097,0.28835978835978837,0.25617283950617287
0.2803861342694164,0.18121983326020183,0.28345765686704694,0.2549363756033348
0.28294402820625825,0.18025561921551345,0.2789775231379462,0.25782282944028206
0.28439964943032425,0.17703768624014024,0.27651183172655563,0.26205083260297984
0.2790286975717439,0.17660044150110377,0.280794701986755,0.2635761589403974
0.27312775330396477,0.18105726872246697,0.2806167400881057,0.26519823788546254
0.27549668874172184,0.1770419426048565,0.28565121412803535,0.2618101545253863
0.2732506643046944,0.17891939769707707,0.28299379982285205,0.26483613817537643
0.27627494456762747,0.1787139689578714,0.2842572062084257,0.2607538802660754
0.27569475077194533,0.1768857520952801,0.2853992059991178,0.2620202911336568
0.27065026362038663,0.18145869947275922,0.28339191564147626,0.26449912126537783
0.2711715664765248,0.18473014480035102,0.27555945590171127,0.2685388328214129
0.27240618101545255,0.19161147902869757,0.269757174392936,0.2662251655629139
0.26985519964896887,0.1961386573058359,0.27292672224659936,0.26107942079859586
0.2740511915269197,0.19549867608120036,0.27007943512797883,0.26037069726390116
0.2764475402699173,0.1976491075315629,0.2699172834131476,0.2559860687853722
0.27541998231653403,0.20247568523430592,0.2639257294429708,0.2581786030061892
0.26891123742894624,0.19895059029296022,0.2684739833843463,0.26366418889374726
0.2702702702702703,0.20691182986264953,0.2631812140008861,0.25963668586619404
0.2636165577342048,0.21220043572984748,0.26318082788671027,0.26100217864923747
0.26130873956960915,0.2090469916556873,0.2692138779095301,0.2604303908651735
0.25995623632385123,0.212253829321663,0.2673960612691466,0.2603938730853392
0.2609841827768014,0.21309314586994726,0.2697715289982425,0.2561511423550088
0.26434245366284204,0.2091791703442189,0.27007943512797883,0.2563989408649603
0.26834659593280286,0.21441202475685234,0.26480990274093724,0.2524314765694076
0.271960958296362,0.21339840283939662,0.25998225377107365,0.2546583850931677
0.2666957660410301,0.2130074203404627,0.2553470100392842,0.26494980357922304
0.2675496688741722,0.20618101545253864,0.258719646799117,0.2675496688741722
0.26820758831225466,0.21107719145224596,0.25207152202354993,0.2686436982119494
0.2692476902771667,0.20721513418389792,0.24901011878574572,0.2745270567531896
0.27492314448836186,0.20333772507685552,0.24549846288976723,0.27624066754501536
0.27217125382262997,0.2018348623853211,0.24814329401485366,0.2778505897771953
0.27643703378674855,0.20140412461605967,0.24528301886792453,0.2768758227292672
0.27324561403508774,0.20526315789473684,0.24649122807017543,0.275
0.27349290780141844,0.20966312056737588,0.24069148936170212,0.27615248226950356
0.27391874180865006,0.21537789427697684,0.2328527741371778,0.2778505897771953
0.27162103433289875,0.21251629726205998,0.22946544980443284,0.2863972186006084
0.2730102267674522,0.22098710538016897,0.2249888839484215,0.2810137839039573
0.2704126426690079,0.218612818261633,0.22695346795434593,0.2840210711150132
0.27237185056472635,0.21980886185925283,0.22502172024326672,0.28279756733275413
0.27114210985178727,0.21970357454228423,0.22711421098517873,0.2820401046207498
0.26955002184359983,0.2214941022280472,0.22586282219309742,0.28309305373525556
0.2719298245614035,0.21842105263157896,0.21754385964912282,0.29210526315789476
0.2728077945084145,0.21966341895482727,0.2187776793622675,0.2887511071744907
0.28033658104517273,0.22143489813994685,0.2121346324180691,0.2860938883968113
0.27931488801054016,0.22090469916556874,0.21651295564339043,0.28326745718050067
0.2789775231379462,0.21771705597179375,0.21771705597179375,0.2855883649184663
0.27677390921110623,0.22036139268400176,0.2150727192595857,0.28779197884530633
0.2769028871391076,0.21916010498687663,0.2174103237095363,0.28652668416447946
0.27804663440387156,0.21601407831060274,0.21821381434227893,0.2877254729432468
0.27699736611062337,0.21817383669885865,0.21729587357330993,0.28753292361720806
0.28206258263552225,0.21903922432789774,0.21903922432789774,0.27985896870868227
0.2839451570101725,0.21539141972578504,0.21362229102167182,0.28704113224237066
0.28884986830553117,0.21466198419666374,0.20763827919227393,0.28884986830553117
0.28558875219683655,0.2148506151142355,0.20826010544815465,0.29130052724077327
0.2845779938135219,0.21961997348652232,0.20901458241272647,0.28678745028722935
0.2852760736196319,0.21691498685363717,0.2081507449605609,0.28965819456617004
0.28880070546737213,0.20899470899470898,0.20987654320987653,0.2923280423280423
0.2923076923076923,0.21626373626373627,0.20747252747252748,0.28395604395604396
0.2978723404255319,0.2149822695035461,0.20567375886524822,0.28147163120567376
0.29581151832460734,0.2181500872600349,0.20506108202443282,0.28097731239092494
0.2990736656374063,0.21570357300397,0.20247022496691663,0.2827525363917071
0.3028169014084507,0.21742957746478872,0.19982394366197184,0.27992957746478875
0.3025618374558304,0.21643109540636044,0.20008833922261485,0.28091872791519434
0.2960352422907489,0.22202643171806166,0.1947136563876652,0.2872246696035242
0.2990325417766051,0.21372031662269128,0.20008795074758134,0.28715919085312225
0.29481546572934975,0.2157293497363796,0.20123022847100175,0.28822495606326887
0.2989601386481802,0.21273830155979204,0.2045060658578856,0.2837954939341421
0.2996500437445319,0.2169728783902012,0.2020997375328084,0.28127734033245844
0.2993799822852081,0.2174490699734278,0.19973427812223207,0.283436669619132
0.2970950704225352,0.22359154929577466,0.19674295774647887,0.28257042253521125
0.29133858267716534,0.2226596675415573,0.19641294838145232,0.289588801399825
0.29854046881910656,0.2260061919504644,0.19637328615656788,0.27908005307386113
0.29210526315789476,0.23157894736842105,0.19736842105263158,0.2789473684210526
0.2908296943231441,0.22882096069868996,0.20131004366812227,0.2790393013100437
0.28818061088977426,0.23638778220451528,0.19743249225320939,0.2779991146525011
0.28552803129074317,0.23033463711429814,0.19947848761408082,0.2846588439808779
0.2794894366197183,0.2363556338028169,0.2011443661971831,0.2830105633802817
0.2831779849090102,0.23435419440745672,0.19485130936529071,0.28761651131824234
0.281983178397521,0.24081451969898185,0.19344842850818947,0.28375387339530767
0.2890453145622525,0.23933128024637043,0.19049714034315882,0.28112626484821823
0.29543459174714665,0.237928007023705,0.18964003511852504,0.27699736611062337
0.2928540113985094,0.24156071898290224,0.1845681718544498,0.2810170977641385
0.28938053097345134,0.24380530973451328,0.18716814159292036,0.27964601769911507
0.28728070175438597,0.24605263157894736,0.18771929824561404,0.2789473684210526
0.2859042553191489,0.25,0.1870567375886525,0.2770390070921986
0.2929203539823009,0.25088495575221237,0.18805309734513273,0.268141592920354
0.2875931608943446,0.25252082419991234,0.18895221394125383,0.27093380096448927
0.285336856010568,0.25055041831792163,0.19682959048877147,0.2672831351827389
0.28799291094373064,0.24856003544528135,0.1958351794417368,0.2676118741692512
0.28408592722490134,0.2538360368259535,0.19596668128014028,0.2661113546690048
0.28870475359790665,0.25381596162232883,0.19624945486262538,0.2612298299171391
0.2925229558373415,0.25623087013554874,0.1954525579361609,0.25579361609094886
0.2979467016164264,0.2516382699868938,0.19047619047619047,0.2599388379204893
0.29793769197016234,0.25010969723562965,0.19087318999561212,0.26107942079859586
0.2999108734402852,0.25133689839572193,0.18672014260249553,0.2620320855614973
0.2957871396895787,0.2501108647450111,0.18492239467849225,0.26917960088691795
0.29429960229783475,0.24524966858152894,0.19089703932832522,0.2695536897923111
0.29754601226993865,0.24890446976336547,0.18886941279579317,0.26468010517090274
0.2985803016858917,0.25554569653948533,0.1850044365572316,0.2608695652173913
0.2957559681697613,0.2484526967285588,0.1896551724137931,0.2661361626878868
0.29308065226972235,0.249008373732922,0.19039224327897752,0.2675187307183781
0.2968818620992534,0.2481335090030742,0.1901624945103206,0.2648221343873518
0.2995126273814798,0.25033229951262737,0.1891891891891892,0.2609658839167036
0.28982300884955753,0.2535398230088496,0.18761061946902655,0.26902654867256637
0.29568251199302226,0.25381596162232883,0.18011338857392062,0.2703881378107283
0.29943007452871545,0.2569048662867163,0.17843051293292417,0.265234546251644
0.30167844522968196,0.2504416961130742,0.18021201413427562,0.2676678445229682
0.30157342657342656,0.2513111888111888,0.1778846153846154,0.2692307692307692
0.3027765535478184,0.24592331423534597,0.1745262230057294,0.27677390921110623
0.2957249889819304,0.25738210665491407,0.1767298369325694,0.27016306743058616
0.2926722246599386,0.258446687143484,0.1763931548924967,0.2724879333040807
0.29246935201401053,0.25,0.1786339754816112,0.2788966725043783
0.29626373626373625,0.24747252747252746,0.1824175824175824,0.27384615384615385
0.29372791519434627,0.2508833922261484,0.18153710247349825,0.27385159010600707
0.2995575221238938,0.252212389380531,0.18230088495575222,0.265929203539823
0.29473684210526313,0.2578947368421053,0.181140350877193,0.2662280701754386
0.29600351339481773,0.256477821695213,0.18050065876152832,0.26701800614844096
0.3035479632063075,0.24923346473937802,0.18265440210249673,0.2645641699518178
0.30915524104378594,0.248562582927908,0.18443166740380362,0.25785050862450243
0.305835892935498,0.24835454146555508,0.18473014480035102,0.26107942079859586
0.3127498889382497,0.24389160373167482,0.18613949355841847,0.25721901377165707
0.312967032967033,0.24043956043956044,0.18681318681318682,0.25978021978021976
0.3048458149779736,0.2431718061674009,0.19339207048458149,0.25859030837004404
0.3054704595185996,0.24332603938730854,0.19168490153172865,0.25951859956236323
0.3102987070887205,0.2456531431119037,0.18858671422202408,0.25546143557735174
0.3138815207780725,0.242263483642794,0.1865605658709107,0.2572944297082228
0.3098716246126605,0.25143868968570166,0.18636564851704293,0.25232403718459495
0.30666666666666664,0.24933333333333332,0.18577777777777776,0.25822222222222224
0.31541850220264317,0.24273127753303964,0.18546255506607928,0.2563876651982379
0.31355181576616475,0.24534986713906112,0.18290522586359612,0.258193091231178
0.3116542994325622,0.24050632911392406,0.18463553033609778,0.26320384111741596
0.31214379658044716,0.24638316527838666,0.18895221394125383,0.25252082419991234
0.31371681415929203,0.24778761061946902,0.18716814159292036,0.2513274336283186
0.3073861123396727,0.25077399380804954,0.19195046439628483,0.24988942945599293
0.3050022133687472,0.2478972996901284,0.1921204072598495,0.2549800796812749
0.29969284774023697,0.24923211935059236,0.19394471259324264,0.25713032031592803
0.2993827160493827,0.2508818342151676,0.19400352733686066,0.25573192239858905
0.2998236331569665,0.24603174603174602,0.19444444444444445,0.25970017636684306
0.2932396839332748,0.25197541703248466,0.1957857769973661,0.2589991220368745
0.29445676274944566,0.2541019955654102,0.19645232815964522,0.2549889135254989
0.2908853030963803,0.255124291321413,0.20191888355865678,0.25207152202354993
0.2886734244160423,0.250330542089026,0.20537681798148966,0.255619215513442
0.28996447602131437,0.24955595026642985,0.20115452930728242,0.25932504440497334
0.2870981946279172,0.25055041831792163,0.202113606340819,0.26023778071334214
0.2963780918727915,0.24911660777385158,0.19964664310954064,0.25485865724381623
0.2846458424989001,0.25384953805543337,0.19885613726352838,0.26264848218213815
0.2824561403508772,0.2530701754385965,0.19956140350877194,0.2649122807017544
0.28174603174603174,0.2526455026455027,0.1970899470899471,0.26851851851851855
0.2742782152230971,0.25765529308836393,0.20166229221347332,0.2664041994750656
0.27672679278486584,0.2542894852617686,0.1979762428508579,0.2710074791025077
0.2722902097902098,0.2556818181818182,0.194493006993007,0.27753496503496505
0.2749125874125874,0.25655594405594406,0.19143356643356643,0.2770979020979021
0.276623950508175,0.25629695095006627,0.19089703932832522,0.2761820592134335
0.2819947043248014,0.25728155339805825,0.18358340688437777,0.27714033539276256
0.286281429201588,0.25408028231142477,0.18173797970886635,0.2779003087781209
0.28596724214254093,0.25675077467906154,0.17884019477644975,0.2784417884019478
0.2820284697508897,0.26023131672597866,0.17793594306049823,0.27980427046263345
0.2830105633802817,0.25440140845070425,0.17913732394366197,0.2834507042253521
0.2737676056338028,0.2596830985915493,0.1800176056338028,0.28653169014084506
0.2754069511658601,0.2608886933567972,0.17289925208974924,0.29080510338759347
0.2791411042944785,0.2668711656441718,0.16783523225241018,0.28615249780893953
0.2828773168578994,0.263459841129744,0.1615180935569285,0.2921447484554281
0.2776315789473684,0.27324561403508774,0.15833333333333333,0.29078947368421054
0.2786666666666667,0.2693333333333333,0.15466666666666667,0.29733333333333334
0.2703296703296703,0.27472527472527475,0.1564835164835165,0.29846153846153844
0.26906222611744085,0.26906222611744085,0.16038562664329536,0.30148992112182293
0.2648221343873518,0.27316644707949056,0.1585419411506368,0.30346947738252084
0.2607361963190184,0.27607361963190186,0.16389132340052587,0.2992988606485539
0.25519681556833257,0.2724458204334365,0.16364440513047324,0.3087129588677576
0.2541630148992112,0.26906222611744085,0.16695880806310254,0.3098159509202454
0.2523036419482229,0.26941641070645017,0.17025010969723564,0.3080298376480913
0.2463768115942029,0.27316644707949056,0.16952129995608256,0.310935441370224
0.24813678211310827,0.2766330556773345,0.1687856203419553,0.30644454186760195
0.24603174603174602,0.2830687830687831,0.16666666666666666,0.30423280423280424
0.247585601404741,0.2787532923617208,0.16374012291483758,0.3099209833187006
0.2396109637488948,0.28558797524314766,0.16578249336870027,0.3090185676392573
0.24221149627029398,0.28170250109697237,0.1645458534444932,0.31154014918824047
0.24690812720848057,0.28136042402826855,0.16607773851590105,0.30565371024734983
0.24658138509042787,0.27966475518306133,0.16453462726069695,0.30921923246581384
0.24495171202809482,0.28665496049165934,0.16374012291483758,0.30465320456540823
0.2424507658643326,0.2862144420131291,0.16061269146608315,0.31072210065645517
0.24148606811145512,0.28527200353825743,0.16408668730650156,0.30915524104378594
0.23381770145310435,0.2915015411712902,0.16600616468516072,0.3086745926904447
0.2363238512035011,0.2910284463894967,0.16367614879649892,0.30897155361050327
0.2429701230228471,0.29042179261862916,0.1594903339191564,0.3071177504393673
0.24988962472406182,0.28962472406181017,0.15894039735099338,0.30154525386313463
0.25066430469441986,0.28565101860053144,0.15899025686448184,0.3046944198405669
0.2495583038869258,0.2831272084805654,0.16166077738515902,0.30565371024734983
0.24482606781153676,0.2796125055041832,0.16776750330250992,0.30779392338177014
0.2465934065934066,0.2756043956043956,0.16483516483516483,0.312967032967033
0.24469964664310953,0.27385159010600707,0.1691696113074205,0.3122791519434629
0.23745089480576168,0.27848101265822783,0.16892186817983412,0.31514622435617634
0.2410480349344978,0.27117903930131004,0.17860262008733624,0.3091703056768559
0.2443458980044346,0.2709534368070953,0.17649667405764966,0.3082039911308204
0.24521739130434783,0.2773913043478261,0.17173913043478262,0.3056521739130435
0.24175824175824176,0.2703296703296703,0.17934065934065935,0.30857142857142855
0.24766562916851934,0.2743441529568697,0.17474433081369498,0.303245887060916
0.2505513895015439,0.27128363475959416,0.1689457432730481,0.30921923246581384
0.2483429076447194,0.273972602739726,0.17543084401237297,0.30225364560318163
0.2542147293700089,0.271960958296362,0.1730257320319432,0.3007985803016859
0.26054481546572933,0.27372583479789103,0.17003514938488576,0.29569420035149385
0.2560386473429952,0.2736056214317084,0.17347386912604304,0.2968818620992534
0.254737769942706,0.27633318642573823,0.17276333186425738,0.2961657117672984
0.2506654835847382,0.27817213842058564,0.17391304347826086,0.2972493345164153
0.25142606406318563,0.27906976744186046,0.17244405440982888,0.29706011408512506
0.2531138790035587,0.27402135231316727,0.17259786476868327,0.30026690391459077
0.25655594405594406,0.2727272727272727,0.17744755244755245,0.2932692307692308
0.2554131683605833,0.2682280159080866,0.17543084401237297,0.30092797171895713
0.25630983463881635,0.26457789382071367,0.17885117493472585,0.3002610966057441
0.25725593667546176,0.26868953386103783,0.17458223394898856,0.2994722955145119
0.26404245908889873,0.2631578947368421,0.17779743476337903,0.2950022114108801
0.2649270234409553,0.26625386996904027,0.17293233082706766,0.29588677576293676
0.26660761736049604,0.26395039858281666,0.1771479185119575,0.29229406554472986
0.26909569798068483,0.2607550482879719,0.17471466198419666,0.29543459174714665
0.2688219663418955,0.2599645704162976,0.17183348095659876,0.2993799822852081
0.2692307692307692,0.26617132867132864,0.17482517482517482,0.2897727272727273
0.26950043821209463,0.26643295354951796,0.1722173531989483,0.2918492550394391
0.26912811387900354,0.2637900355871886,0.1748220640569395,0.29225978647686834
0.2795604395604396,0.2610989010989011,0.17494505494505494,0.2843956043956044
0.2738147984049623,0.27071333628710675,0.17013735046521933,0.28533451484271155
0.27161035541904344,0.26590609916630104,0.16981132075471697,0.2926722246599386
0.27066025360734586,0.2710975076519458,0.17184083952776563,0.2864013992129427
0.27113447218572057,0.26982041173894,0.16732369689005694,0.29172141918528255
0.27074235807860264,0.2759825327510917,0.1707423580786026,0.28253275109170306
0.2751971954425942,0.2712532865907099,0.1656441717791411,0.28790534618755476
0.27399650959860383,0.2718150087260035,0.16797556719022688,0.2862129144851658
0.2750439367311072,0.2702108963093146,0.16695957820738136,0.28778558875219684
0.27839643652561247,0.27260579064587975,0.16703786191536749,0.2819599109131403
0.2733333333333333,0.2768888888888889,0.16311111111111112,0.2866666666666667
0.2680140597539543,0.2820738137082601,0.1647627416520211,0.2851493848857645
0.2633187772925764,0.2838427947598253,0.16375545851528384,0.28908296943231443
0.26713843432109685,0.28217602830605926,0.16629809818664307,0.2843874391862008
0.26350752878653677,0.28033658104517273,0.16519043401240036,0.29096545615589015
0.2677861246133451,0.2801590808661069,0.16349977905435262,0.28855501546619533
0.27045951859956235,0.27964989059080964,0.16761487964989058,0.28227571115973743
0.2681958535509484,0.282311424790472,0.1658579620644023,0.28363475959417733
0.26513477684489617,0.28678745028722935,0.1657092355280601,0.28236853733981443
0.26716222125054656,0.2864013992129427,0.16265850459116746,0.28377787494534323
0.2686369651521835,0.28451698279664756,0.1623290692545214,0.28451698279664756
0.2664298401420959,0.2810834813499112,0.16474245115452932,0.2877442273534636
0.26439326837909655,0.27989371124889284,0.1691762621789194,0.2865367581930912
0.26104240282685515,0.286660777385159,0.16696113074204946,0.28533568904593637
0.2637900355871886,0.2900355871886121,0.16681494661921709,0.2793594306049822
0.26840017628911417,0.28779197884530633,0.16571176729836934,0.2780960775672102
0.2660228270412643,0.2901668129938543,0.16637401229148377,0.2774363476733977
0.2678729037952339,0.2881729920564872,0.1650485436893204,0.27890556045895853
0.2660753880266075,0.28558758314855875,0.17073170731707318,0.2776053215077605
0.26663747810858146,0.28152364273204905,0.17075306479859895,0.28108581436077057
0.2684095860566449,0.28061002178649236,0.1690631808278867,0.281917211328976
0.2638522427440633,0.28408091468777485,0.16666666666666666,0.2854001759014952
0.26015901060070673,0.28533568904593637,0.1700530035335689,0.284452296819788
0.2667257421355782,0.2875498449268941,0.1648205582631812,0.2809038546743465
0.2622085349758029,0.28024637043554773,0.17113946326440826,0.2864056313242411
0.2658504591167468,0.28334062090074336,0.16484477481416704,0.2859641451683428
0.2639437856829161,0.28502415458937197,0.1642512077294686,0.2867808519982433
0.26515481901439164,0.28347143480157,0.1639773222852159,0.28739642389882253
0.26555652936021035,0.28089395267309375,0.16476774758983348,0.2887817703768624
0.2628797886393659,0.27873183619550856,0.16424482606781154,0.29414354909731394
0.2612533097969991,0.2850838481906443,0.16593115622241836,0.28773168578993824
0.2628345765686705,0.2843352347520842,0.16761737604212373,0.28521281263712156
0.26698816308636564,0.283647523016221,0.16396317404647084,0.28540113985094256
0.26453617399023527,0.2862849533954727,0.16378162450066577,0.28539724811362627
0.2600087989441267,0.2890453145622525,0.16278046634403873,0.2881654201495821
0.26722246599385696,0.2904782799473453,0.16059675296182535,0.28170250109697237
0.2646288209606987,0.28908296943231443,0.1589519650655022,0.2873362445414847
0.26557666813963765,0.2894387980556783,0.1590808661069377,0.28590366769774633
0.27312775330396477,0.27841409691629954,0.16651982378854627,0.28193832599118945
0.2706299911268855,0.2870452528837622,0.16282165039929014,0.2795031055900621
0.2720105124835742,0.2820849759088918,0.16469557599649584,0.2812089356110381
0.2732072151341839,0.27584689837219534,0.16630004399472062,0.2846458424989001
0.27140974967061926,0.277119016249451,0.16469038208168643,0.2867808519982433
0.27217125382262997,0.2686762778505898,0.16688510266491918,0.29226736566186107
0.27276746242263483,0.27055702917771884,0.16666666666666666,0.29000884173297964
0.27344434706397897,0.27300613496932513,0.16432953549517967,0.2892199824715162
0.27252843394575677,0.27077865266841644,0.16447944006999124,0.2922134733158355
0.27009222661396576,0.2784365393061045,0.16337285902503293,0.28809837505489677
0.27180616740088104,0.28193832599118945,0.1590308370044053,0.2872246696035242
0.2675438596491228,0.28157894736842104,0.16228070175438597,0.2885964912280702
0.2695536897923111,0.28060097216084845,0.16040653999116217,0.2894387980556783
0.26590609916630104,0.2847740236946029,0.16103554190434402,0.2882843352347521
0.27525363917071016,0.2787825319805911,0.16056462284958095,0.2853992059991178
0.2795414462081129,0.2716049382716049,0.16049382716049382,0.28835978835978837
0.2780725022104332,0.27011494252873564,0.16534040671971706,0.2864721485411141
0.2762192490289167,0.27017695295640914,0.1614156236512732,0.29218817436340094
0.2752982766239505,0.27132125497127707,0.16217410517012815,0.29120636323464427
0.2769640479360852,0.2720816688859299,0.1615623612960497,0.2893919218819352
0.26904447380008806,0.27344782034346105,0.15808014090708938,0.2994275649493615
0.27137870855148344,0.2700698080279232,0.15663176265270506,0.3019197207678883
0.2737676056338028,0.2711267605633803,0.15580985915492956,0.2992957746478873
0.2754255783500655,0.2680052378873854,0.1615015277171541,0.29506765604539503
0.27028218694885364,0.27204585537918874,0.16534391534391535,0.2923280423280423
0.2650066696309471,0.27834593152512227,0.164517563361494,0.29212983548243665
0.26887417218543047,0.2763796909492274,0.16247240618101547,0.2922737306843267
0.26360392506690455,0.2859054415700268,0.1623550401427297,0.288135593220339
0.2651813018785496,0.2835299257317606,0.16033202271734381,0.290956749672346
0.2694530902623388,0.2832369942196532,0.16318363717207648,0.2841262783459315
0.26436781609195403,0.28779840848806365,0.16534040671971706,0.28249336870026526
0.26420079260237783,0.2870981946279172,0.15808014090708938,0.2906208718626156
0.26256006989951947,0.28833551769331583,0.15683704674530363,0.29226736566186107
0.2640176600441501,0.2878587196467991,0.15584988962472407,0.2922737306843267
0.2656042496679947,0.28065515714918104,0.15803452855245684,0.2957060646303674
0.25958572058175405,0.27589246364037023,0.16835610401057735,0.2961657117672984
0.2611184500220167,0.2804931748128578,0.16160281814178776,0.29678555702333775
0.2665198237885463,0.2779735682819383,0.16123348017621145,0.29427312775330394
0.25628794449262793,0.28274067649609713,0.16175195143104942,0.2992194275802255
0.2546174142480211,0.2862796833773087,0.16358839050131926,0.2955145118733509
0.2546337157987643,0.2855251544571933,0.16195939982347748,0.2978817299205649
0.25394736842105264,0.28771929824561404,0.15921052631578947,0.29912280701754385
0.2549450549450549,0.28527472527472525,0.16043956043956045,0.29934065934065934
0.2530013339261894,0.28546020453534904,0.16184971098265896,0.2996887505558026
0.25623087013554874,0.29383471797114125,0.15566243987756886,0.2942719720157411
0.2509821038847665,0.2937581841990397,0.15800960279353993,0.29725010912265387
0.25,0.29203152364273205,0.1606830122591944,0.29728546409807355
0.25066430469441986,0.2949512843224092,0.16209034543844109,0.29229406554472986
0.24419114423498467,0.29943007452871545,0.16703200350723366,0.2893467777290662
0.24253075571177504,0.29789103690685415,0.1695957820738137,0.28998242530755713
0.2427873945849978,0.29161118508655126,0.1739902352418997,0.29161118508655126
0.2359402460456942,0.29525483304042177,0.16915641476274165,0.29964850615114236
0.2371766768960982,0.2928540113985094,0.17229285401139852,0.29767645769399387
0.24070021881838075,0.29715536105032825,0.1711159737417943,0.2910284463894967
0.2425438596491228,0.3013157894736842,0.16885964912280702,0.28728070175438597
0.24571428571428572,0.3010989010989011,0.16967032967032966,0.2835164835164835
0.24640835872877667,0.305180670439704,0.16978667827601218,0.2786242925555072
0.2402111746590409,0.30136383633963926,0.16937967443906732,0.2890453145622525
0.2421978021978022,0.29934065934065934,0.1687912087912088,0.2896703296703297
0.2477797513321492,0.2984014209591474,0.16962699822380106,0.2841918294849023
0.24802458296751537,0.29455662862159787,0.16769095697980685,0.2897278314310799
0.24259832081307997,0.30004418912947417,0.17145382235969953,0.28590366769774633
0.247585601404741,0.2932396839332748,0.16988586479367868,0.28928884986830555
0.24800354924578527,0.2968056787932564,0.1668145519077196,0.2883762200532387
0.25163256421419244,0.29865041358293426,0.16369177187636047,0.2860252503265128
0.24890061565523308,0.29683377308707126,0.16182937554969218,0.29243623570800353
0.2483429076447194,0.29783473265576665,0.15996464869642069,0.2938577110030932
0.2482363315696649,0.3002645502645503,0.16005291005291006,0.2914462081128748
0.252863436123348,0.29779735682819386,0.15859030837004406,0.2907488986784141
0.24834874504623514,0.289740202553941,0.1690885072655218,0.29282254513430206
0.24734982332155478,0.2884275618374558,0.17137809187279152,0.2928445229681979
0.24704336399474375,0.2952255803766973,0.16819973718791065,0.2895313184406483
0.2464476021314387,0.294404973357016,0.1660746003552398,0.29307282415630553
0.24759405074365703,0.2922134733158355,0.16229221347331582,0.2979002624671916
0.24822380106571937,0.2966252220248668,0.16296625222024866,0.2921847246891652
0.24690812720848057,0.3003533568904594,0.1603356890459364,0.2924028268551237
0.250987275120667,0.29574374725756913,0.1619131197893813,0.2913558578323826
0.2528334786399303,0.2911944202266783,0.16129032258064516,0.2946817785527463
0.25579361609094886,0.2894621775251421,0.1609094884127678,0.29383471797114125
0.25287356321839083,0.29000884173297964,0.16047745358090185,0.29664014146772766
0.25874125874125875,0.28321678321678323,0.15996503496503497,0.2980769230769231
0.25891677675033026,0.28753852928225454,0.16380449141347425,0.289740202553941
0.25524475524475526,0.29545454545454547,0.15865384615384615,0.2906468531468531
0.25616197183098594,0.2984154929577465,0.15713028169014084,0.28829225352112675
0.26455026455026454,0.2940917107583774,0.1574074074074074,0.2839506172839506
0.26593406593406593,0.29626373626373625,0.1556043956043956,0.2821978021978022
0.25756910925844667,0.2931110136024572,0.16059675296182535,0.28872312417727075
0.25559947299077734,0.29600351339481773,0.16073781291172595,0.287659200702679
0.2555066079295154,0.28854625550660795,0.16387665198237886,0.2920704845814978
0.2602739726027397,0.28546177640300485,0.16747680070702606,0.28678745028722935
0.26522506619594,0.2833186231244484,0.16328331862312445,0.2881729920564872
0.2646140116019634,0.2838018741633199,0.1677822400713967,0.2838018741633199
0.26733977172958734,0.28094820017559263,0.17383669885864794,0.2778753292361721
0.27104451300132215,0.2780960775672102,0.17055971793741737,0.28029969149405026
0.26840017628911417,0.28206258263552225,0.16659321286910533,0.28294402820625825
0.2708971553610503,0.27702407002188184,0.16892778993435448,0.2831509846827133
0.2720524017467249,0.27729257641921395,0.1663755458515284,0.2842794759825327
0.27887571365832237,0.2766798418972332,0.16381203337725078,0.28063241106719367
0.27384615384615385,0.2725274725274725,0.16703296703296702,0.2865934065934066
0.27055702917771884,0.27144120247568526,0.16799292661361626,0.29000884173297964
0.2659667541557305,0.27034120734908135,0.1714785651793526,0.2922134733158355
0.26458973233874505,0.2738043001316367,0.17200526546731024,0.28960070206230804
0.26448474126492705,0.2693498452012384,0.17160548429898276,0.29455992923485186
0.26150442477876107,0.27477876106194693,0.16327433628318583,0.3004424778761062
0.26148409893992935,0.2756183745583039,0.16475265017667845,0.29814487632508835
0.2607361963190184,0.2773882559158633,0.16476774758983348,0.2971078001752848
0.2624175824175824,0.2764835164835165,0.16483516483516483,0.29626373626373625
0.2747688243064729,0.2769704975781594,0.16380449141347425,0.28445618670189343
0.27508802816901406,0.27992957746478875,0.15933098591549297,0.28565140845070425
0.27080581241743723,0.28753852928225454,0.15808014090708938,0.28357551739321885
0.2707501109631602,0.29161118508655126,0.15889924545051043,0.27873945849977805
0.2740088105726872,0.28105726872246695,0.16387665198237886,0.28105726872246695
0.27196467991169976,0.2803532008830022,0.16467991169977925,0.28300220750551874
0.2714285714285714,0.2794642857142857,0.16294642857142858,0.28616071428571427
0.26948775055679286,0.28106904231625834,0.16302895322939867,0.2864142538975501
0.26845342706502634,0.28163444639718804,0.16695957820738136,0.28295254833040423
0.2726473175021988,0.28188214599824096,0.16842568161829374,0.2770448548812665
0.27264692885550157,0.27971718957136543,0.172779496243924,0.27485638532920903
0.27633928571428573,0.27589285714285716,0.17232142857142857,0.2754464285714286
0.2785368003525782,0.2772146319964742,0.17188188629352139,0.2723666813574262
0.2874725274725275,0.27824175824175823,0.16923076923076924,0.26505494505494503
0.28740675734971477,0.2803861342694164,0.16849495392716105,0.26371215445370777
0.29292929292929293,0.2810715854194115,0.16512955643390426,0.2608695652173913
0.29192006950477845,0.28540399652476106,0.16377063423110338,0.25890529973935705
0.29424681598594643,0.2854633289415898,0.16820377689942909,0.2520860781730347
0.2946113074204947,0.2848939929328622,0.1691696113074205,0.2513250883392226
0.2924988903683977,0.2862849533954727,0.1739902352418997,0.2472259209942299
0.2928666371289322,0.27957465662383696,0.1745680106335844,0.25299069561364645
0.28646748681898065,0.28558875219683655,0.17398945518453426,0.2539543057996485
0.28257042253521125,0.27816901408450706,0.17913732394366197,0.2601232394366197
0.27417218543046357,0.28344370860927154,0.18101545253863136,0.26136865342163357
