R,A,S,N
0.0,0.0,1.0,0.0
0.0,0.4,0.6,0.0
0.1,0.2,0.6,0.1
0.0,0.2777777777777778,0.6111111111111112,0.1111111111111111
0.0,0.3125,0.59375,0.09375
0.034482758620689655,0.3275862068965517,0.5689655172413793,0.06896551724137931
0.03333333333333333,0.37777777777777777,0.5333333333333333,0.05555555555555555
0.04580152671755725,0.366412213740458,0.4961832061068702,0.0916030534351145
0.041884816753926704,0.36649214659685864,0.4712041884816754,0.12041884816753927
0.0711743772241993,0.35587188612099646,0.4306049822064057,0.1423487544483986
0.09243697478991597,0.3165266106442577,0.42296918767507,0.16806722689075632
0.11038961038961038,0.30735930735930733,0.41125541125541126,0.170995670995671
0.11979166666666667,0.2934027777777778,0.3888888888888889,0.19791666666666666
0.13746223564954682,0.2930513595166163,0.3716012084592145,0.19788519637462235
0.14904458598726114,0.27388535031847133,0.36050955414012736,0.21656050955414013
0.14988814317673377,0.2639821029082774,0.35906040268456374,0.22706935123042504
0.15151515151515152,0.24926686217008798,0.34408602150537637,0.25513196480938416
0.1671018276762402,0.2410791993037424,0.3289817232375979,0.2628372497824195
0.17727272727272728,0.23712121212121212,0.32651515151515154,0.2590909090909091
0.17093425605536333,0.23044982698961938,0.3217993079584775,0.2768166089965398
0.18300248138957817,0.23076923076923078,0.3076923076923077,0.27853598014888337
0.1878230901780586,0.22286042504307868,0.3130384836300976,0.27627800114876505
0.1889550622631294,0.2181916621548457,0.30644288034650785,0.28641039523551703
0.194129763130793,0.21163748712667355,0.3079299691040165,0.286302780638517
0.19547021171836534,0.21073362875430823,0.2949286065977351,0.29886755292959133
0.1893158388003749,0.21180880974695407,0.29662605435801315,0.3022492970946579
0.19260611592879964,0.20766773162939298,0.3039707895937928,0.2957553628480146
0.18899733806566105,0.21206743566992015,0.3007985803016859,0.2981366459627329
0.195326278659612,0.20767195767195767,0.3011463844797178,0.2958553791887125
0.19630281690140844,0.207306338028169,0.3001760563380282,0.2962147887323944
0.2003491924923614,0.2034046268005238,0.29768659973810563,0.29855958096900914
0.2000875656742557,0.20052539404553416,0.29816112084063046,0.30122591943957966
0.19548872180451127,0.2034498009730208,0.29721362229102166,0.3038478549314463
0.19315188762071994,0.20851624231782265,0.29499561018437226,0.3033362598770852
0.19085312225153914,0.2119613016710642,0.29507475813544415,0.3021108179419525
0.1977924944812362,0.21236203090507727,0.2900662251655629,0.2997792494481236
0.19631901840490798,0.2085889570552147,0.2953549517966696,0.2997370727432077
0.19261213720316622,0.20844327176781002,0.2928759894459103,0.30606860158311344
0.19541243934715483,0.2112924569916189,0.290251433612704,0.3030436700485223
0.193051890941073,0.2119613016710642,0.29331574318381703,0.3016710642040457
0.19771025979744605,0.2175253192426244,0.2809335094671951,0.3038309114927345
0.19361888111888112,0.21197552447552448,0.28234265734265734,0.3120629370629371
0.19850352112676056,0.2108274647887324,0.28257042253521125,0.30809859154929575
0.20130434782608694,0.20956521739130435,0.28304347826086956,0.3060869565217391
0.1978845306302336,0.2115469369766417,0.28338475099162624,0.30718378140149843
0.2002652519893899,0.20866489832007074,0.28603006189213087,0.3050397877984085
0.19885613726352838,0.20721513418389792,0.2864056313242411,0.3075230972283326
0.20168067226890757,0.20256523662096418,0.28836797877045556,0.3073861123396727
0.20159857904085257,0.20648312611012434,0.2784191829484902,0.31349911190053287
0.20256523662096418,0.20831490490933216,0.27908005307386113,0.3100398053958425
0.205218929677134,0.20698805838124723,0.2781954887218045,0.30959752321981426
0.20747252747252748,0.2153846153846154,0.2742857142857143,0.3028571428571429
0.20350109409190373,0.21137855579868708,0.28533916849015317,0.29978118161925604
0.20430579964850615,0.21616871704745166,0.27943760984182775,0.30008787346221444
0.2069116360454943,0.21566054243219598,0.28083989501312334,0.29658792650918636
0.20651695288419197,0.21136063408190225,0.285336856010568,0.29678555702333775
0.2067435669920142,0.20585625554569653,0.290150842945874,0.2972493345164153
0.20721513418389792,0.20545534535855697,0.28508578970523535,0.3022437307523097
0.20254833040421794,0.2038664323374341,0.29173989455184535,0.30184534270650265
0.20245937637241984,0.20421607378129117,0.2907334211682038,0.3025911286780852
0.20566121185316233,0.20654577620521894,0.28659885006634234,0.3011941618752764
0.20899470899470898,0.20855379188712522,0.2839506172839506,0.2985008818342152
0.20906690140845072,0.207306338028169,0.2834507042253521,0.3001760563380282
0.2120682116309576,0.2094446873633581,0.2829033668561434,0.29558373414954087
0.2082965578111209,0.21359223300970873,0.2815533980582524,0.2965578111209179
0.2102049716528565,0.2154382904491932,0.2782381160052333,0.296118621892717
0.2125984251968504,0.21872265966754156,0.2747156605424322,0.29396325459317585
0.2162280701754386,0.2236842105263158,0.2719298245614035,0.2881578947368421
0.2125880281690141,0.22843309859154928,0.2720070422535211,0.2869718309859155
0.21557413110426749,0.225692916849978,0.2740871095468544,0.2846458424989001
0.21790393013100437,0.2240174672489083,0.2781659388646288,0.27991266375545854
0.21233480176211453,0.22819383259911893,0.27841409691629954,0.28105726872246695
0.21741051701281486,0.22403888643393724,0.27308882015024305,0.28546177640300485
0.21645402551693796,0.2278926528816542,0.2710074791025077,0.2846458424989001
0.2175253192426244,0.22501100836635843,0.26904447380008806,0.2884191985909291
0.2171628721541156,0.2224168126094571,0.276707530647986,0.28371278458844135
0.22300884955752212,0.22300884955752212,0.27256637168141595,0.2814159292035398
0.22236842105263158,0.225,0.27456140350877195,0.27807017543859647
0.2219298245614035,0.2236842105263158,0.2657894736842105,0.2885964912280702
0.22104799647732276,0.22016732716864817,0.2712461470717745,0.28753852928225454
0.22397891963109354,0.2231005709266579,0.27009222661396576,0.2828282828282828
0.23178807947019867,0.21986754966887417,0.2706401766004415,0.27770419426048565
0.22600349040139617,0.2198952879581152,0.2774869109947644,0.2766143106457243
0.22840859272249014,0.22314774221832528,0.27356422621657167,0.2748794388426129
0.23268206039076378,0.2202486678507993,0.2682060390763766,0.27886323268206037
0.22965244170699517,0.2212934447866256,0.2657281126264848,0.2833260008798944
0.2280933509467195,0.22148833113166005,0.2664024658740643,0.28401585204755614
0.2210944395410415,0.2294792586054722,0.26037069726390116,0.2890556045895852
0.22163120567375885,0.22783687943262412,0.2637411347517731,0.28679078014184395
0.2224168126094571,0.22635726795096323,0.26663747810858146,0.28458844133099825
0.22544353093898745,0.22630895716140198,0.26438771094764174,0.28385980095196883
0.22838427947598253,0.22532751091703057,0.2646288209606987,0.2816593886462882
0.2239858906525573,0.2328042328042328,0.25617283950617287,0.28703703703703703
0.22515391380826738,0.23350923482849603,0.25857519788918204,0.2827616534740545
0.21851689337428698,0.23124177270732776,0.26371215445370777,0.2865291794646775
0.22055580061755625,0.23467137185707984,0.2571680635200706,0.28760476400529333
0.21723834652594548,0.23922603342128407,0.2563764291996482,0.28715919085312225
0.218804920913884,0.23374340949033393,0.2662565905096661,0.281195079086116
0.21845742309407043,0.22781988408381632,0.26972804279982165,0.2839946500222916
0.2269722344645218,0.22785368003525783,0.26443367122080214,0.28074041427941826
0.22504378283712784,0.2276707530647986,0.266199649737303,0.28108581436077057
0.22319093286835223,0.22842197035745423,0.2646033129904098,0.28378378378378377
0.22725274725274724,0.229010989010989,0.26681318681318683,0.27692307692307694
0.2243278977523138,0.23490524460114587,0.2661965623622741,0.2745702952842662
0.21984265734265734,0.23164335664335664,0.2701048951048951,0.2784090909090909
0.22060766182298547,0.2285336856010568,0.26948480845442535,0.2813738441215324
0.2212467076382792,0.23397717295873574,0.2647058823529412,0.2800702370500439
0.2228521587440035,0.22590492804186654,0.262974269515918,0.2882686436982119
0.21760283060592658,0.22865988500663423,0.26758071649712517,0.286156567890314
0.2163846838824577,0.2350845948352627,0.26313446126447015,0.28539626001780943
0.21621621621621623,0.23482498892334958,0.2658396101019052,0.28311918475852904
0.2215909090909091,0.23033216783216784,0.2652972027972028,0.28277972027972026
0.2204655248133509,0.23583662714097497,0.2639437856829161,0.279754062362758
0.22123500666370502,0.23500666370502,0.26565970679697914,0.27809862283429587
0.21940364931019138,0.2394303515798843,0.2634623943035158,0.27770360480640854
0.2108994240141781,0.2512184315463004,0.2609658839167036,0.2769162605228179
0.21409807355516638,0.2539404553415061,0.2548161120840631,0.27714535901926446
0.21110621419127368,0.25253415601586604,0.25738210665491407,0.2789775231379462
0.21514476614699332,0.25033407572383076,0.25478841870824054,0.2797327394209354
0.22236900044033464,0.25011008366358434,0.2575957727873184,0.26992514310876264
0.21596858638743455,0.25043630017452007,0.25392670157068065,0.27966841186736474
0.22040636042402828,0.25265017667844525,0.25530035335689044,0.27164310954063603
0.22114962702939886,0.25274243089074155,0.2549363756033348,0.2711715664765248
0.2215884159719175,0.250987275120667,0.2566915313734094,0.27073277753400615
0.22451669595782073,0.24736379613356765,0.2552724077328647,0.2728471001757469
0.2254335260115607,0.2387727879057359,0.25566918630502444,0.28012449977767895
0.22721268163804492,0.2426243945398503,0.2518714222809335,0.27829150154117127
0.2244268077601411,0.23412698412698413,0.2552910052910053,0.2861552028218695
0.22330527248560036,0.23393885688967656,0.25520602569782896,0.2875498449268941
0.2269722344645218,0.2379903040987219,0.249008373732922,0.2860290877038343
0.22412280701754386,0.2412280701754386,0.25701754385964914,0.2776315789473684
0.22971781305114639,0.24779541446208111,0.24382716049382716,0.2786596119929453
0.23421052631578948,0.24736842105263157,0.24342105263157895,0.275
0.23524229074889869,0.25022026431718064,0.24537444933920705,0.2691629955947137
0.23744493392070484,0.2515418502202643,0.24713656387665198,0.26387665198237886
0.24154589371980675,0.2481335090030742,0.24681598594642074,0.2635046113306983
0.2350597609561753,0.2518813634351483,0.2536520584329349,0.2594068171757415
0.2369460289600702,0.2523036419482229,0.25142606406318563,0.2593242650285213
0.23878627968337732,0.2515391380826737,0.25241864555848725,0.25725593667546176
0.23209549071618038,0.253315649867374,0.2471264367816092,0.26746242263483644
0.229010989010989,0.25054945054945055,0.25054945054945055,0.26989010989010986
0.23342175066312998,0.24624226348364278,0.24491600353669318,0.27541998231653403
0.23248686514886166,0.24649737302977234,0.24824868651488616,0.27276707530647987
0.23002633889376647,0.24934152765583845,0.24582967515364354,0.27480245829675154
0.2339489885664028,0.25021987686895336,0.24318381706244502,0.2726473175021988
0.2346442775077331,0.2496685815289439,0.23906319045514804,0.276623950508175
0.23809523809523808,0.24566088117489987,0.2372051624388073,0.27903871829105475
0.24185631414547076,0.24408746095493083,0.23159303882195448,0.2824631860776439
0.24253075571177504,0.2429701230228471,0.23550087873462214,0.2789982425307557
0.24253075571177504,0.2482425307557118,0.22539543057996486,0.28383128295254834
0.2413491020586947,0.2474813841436706,0.2290845378887429,0.2820849759088918
0.24473684210526317,0.24342105263157895,0.22807017543859648,0.2837719298245614
0.24273127753303964,0.24140969162995596,0.23171806167400882,0.2841409691629956
0.24373075230972283,0.24153101627804663,0.23273207215134184,0.2820061592608887
0.23763676148796498,0.25164113785557984,0.23063457330415754,0.2800875273522976
0.2408791208791209,0.2523076923076923,0.22945054945054946,0.2773626373626374
0.24298245614035088,0.2530701754385965,0.22894736842105262,0.275
0.24572180781044317,0.250987275120667,0.23080298376480912,0.2724879333040807
0.24944812362030905,0.25165562913907286,0.23178807947019867,0.2671081677704194
0.24608695652173912,0.2543478260869565,0.2326086956521739,0.2669565217391304
0.2470485351989506,0.2584171403585483,0.22999562745955401,0.2645386969829471
0.24430823117338005,0.2561295971978984,0.2276707530647986,0.27189141856392296
0.2503311258278146,0.25298013245033113,0.23134657836644593,0.2653421633554084
0.24480777728678746,0.25231992929739283,0.23110914714980116,0.27176314626601855
0.24867256637168142,0.2517699115044248,0.2243362831858407,0.2752212389380531
0.24273127753303964,0.2431718061674009,0.2330396475770925,0.28105726872246695
0.24536628420123566,0.24227714033539277,0.22859664607237423,0.28375992939099737
0.24315975286849073,0.24051191526919682,0.22462488967343336,0.29170344218887906
0.25549692172383465,0.23526824978012312,0.218117854001759,0.2911169744942832
0.24966916629907365,0.24128804587560654,0.21835024261138067,0.2906925452139391
0.2409269785745518,0.24529951902055094,0.22168780061215565,0.29208570179274157
0.2349109856708641,0.24880590534085975,0.2236213634389926,0.29266174554928354
0.24185022026431718,0.2497797356828194,0.22202643171806166,0.28634361233480177
0.24649737302977234,0.24956217162872155,0.2158493870402802,0.28809106830122594
0.24966916629907365,0.24878694309660343,0.21658579620644022,0.28495809439788267
0.24956063268892795,0.2535149384885764,0.2218804920913884,0.2750439367311072
0.2476780185758514,0.25342768686421935,0.22556390977443608,0.27333038478549315
0.25308098591549294,0.24911971830985916,0.2266725352112676,0.2711267605633803
0.24292035398230089,0.2482300884955752,0.2345132743362832,0.2743362831858407
0.24183006535947713,0.24749455337690632,0.2357298474945534,0.27494553376906317
0.23985890652557318,0.24735449735449735,0.23765432098765432,0.2751322751322751
0.24446412754650132,0.25022143489813997,0.23693534100974314,0.2683790965456156
0.23893805309734514,0.25442477876106195,0.23849557522123893,0.268141592920354
0.23940585408475318,0.2577544779379642,0.2472695500218436,0.25557011795543905
0.23161602818141788,0.26067811536767943,0.25451343020695727,0.2531924262439454
0.23600867678958784,0.2559652928416486,0.25162689804772237,0.2563991323210412
0.2387994780339278,0.25097868638538495,0.2531535450195737,0.2570682905611135
0.23752759381898456,0.26445916114790285,0.25121412803532006,0.2467991169977925
0.24314765694076038,0.25906277630415564,0.2506631299734748,0.2471264367816092
0.24614027348919276,0.2695191883546537,0.2474636082928981,0.2368769298632554
0.24582967515364354,0.266900790166813,0.2515364354697103,0.23573309920983318
0.247585601404741,0.26733977172958734,0.2537313432835821,0.23134328358208955
0.24559082892416226,0.26631393298059963,0.25925925925925924,0.22883597883597884
0.24648506151142355,0.2640597539543058,0.2552724077328647,0.23418277680140598
0.2466171977302488,0.25971191619380185,0.2601484068092536,0.23352247926669575
0.25142606406318563,0.25537516454585346,0.2593242650285213,0.23387450636243967
0.24955752212389382,0.25265486725663716,0.26238938053097344,0.23539823008849559
0.24760244115082825,0.25937227550130776,0.26242371403661724,0.23060156931124673
0.25055629728526924,0.253671562082777,0.2607921673342234,0.2349799732977303
0.239647577092511,0.25242290748898677,0.26519823788546254,0.24273127753303964
0.23719081272084805,0.25574204946996465,0.2663427561837456,0.24072438162544169
0.2371088585279859,0.254737769942706,0.25914499779638606,0.249008373732922
0.23529411764705882,0.2598770851624232,0.25548726953467954,0.24934152765583845
0.23851590106007067,0.25220848056537104,0.26060070671378094,0.24867491166077738
0.23336291038154391,0.2511091393078971,0.2675244010647737,0.24800354924578527
0.23769771528998243,0.2526362038664323,0.2631810193321617,0.24648506151142355
0.23851203501094093,0.24901531728665208,0.2660831509846827,0.24638949671772428
0.2344918609766828,0.2542894852617686,0.26132864056313243,0.2498900131984162
0.23211935059236508,0.2615182097411145,0.2602018429135586,0.2461605967529618
0.2360684510750329,0.26985519964896887,0.25142606406318563,0.24265028521281265
0.24313551815766166,0.26350752878653677,0.25110717449069975,0.24224977856510185
0.23462712603576102,0.2703881378107283,0.24640209332751853,0.24858264282599216
0.23608017817371937,0.266369710467706,0.2516703786191537,0.24587973273942093
0.2368769298632554,0.2602558447287164,0.25275694750771943,0.25011027790030876
0.2396804260985353,0.2561029738126942,0.25388371060807813,0.25033288948069243
0.2375886524822695,0.26063829787234044,0.2504432624113475,0.25132978723404253
0.23956043956043957,0.2589010989010989,0.24923076923076923,0.2523076923076923
0.2310070671378092,0.26899293286219084,0.2513250883392226,0.24867491166077738
0.23261915172715347,0.275032794053345,0.24967205946655008,0.24267599475295146
0.2311756935270806,0.27212681638044917,0.25451343020695727,0.242184059885513
0.23342059336823734,0.27399650959860383,0.24956369982547993,0.2430191972076789
0.2388717496694579,0.27148523578669015,0.24151608638166594,0.24812692816218598
0.2373107747105966,0.27292965271593944,0.2413178984861977,0.24844167408726625
0.2365544381285527,0.27590730214254483,0.2435505028421513,0.2439877568867512
0.243006993006993,0.2744755244755245,0.2403846153846154,0.24213286713286714
0.24416042309387395,0.2736888497135302,0.24151608638166594,0.24063464081092992
0.2446106467223933,0.27276726792784867,0.2388913330400352,0.24373075230972283
0.2413339183852567,0.27643703378674855,0.23913997367266346,0.2430890741553313
0.24061810154525387,0.2772626931567329,0.2392935982339956,0.24282560706401765
0.2395787626151821,0.2685388328214129,0.24879333040807372,0.2430890741553313
0.23847517730496454,0.2703900709219858,0.2557624113475177,0.23537234042553193
0.23654957759004003,0.2730102267674522,0.2605602489995554,0.22987994664295242
0.24089512944273805,0.26941641070645017,0.2615182097411145,0.22817025010969724
0.24201312910284464,0.26389496717724287,0.26389496717724287,0.2301969365426696
0.24581497797356827,0.2647577092511013,0.2581497797356828,0.23127753303964757
0.2528786536758193,0.2599645704162976,0.25110717449069975,0.23604960141718334
0.2503299604047514,0.26176858776946765,0.25384953805543337,0.23405191377034756
0.2570929725010912,0.2588389349628983,0.2588389349628983,0.22522915757311218
0.254458460200087,0.2614180078294911,0.2496737712048717,0.23444976076555024
0.255124291321413,0.26559092891408637,0.24422154382904493,0.23506323593545572
0.2528533801580334,0.26953467954345917,0.2467076382791923,0.2309043020193152
0.2538994800693241,0.27253032928942805,0.24350086655112652,0.23006932409012132
0.2495567375886525,0.2730496453900709,0.24822695035460993,0.22916666666666666
0.24566859173700578,0.2687694358063083,0.2492225677476677,0.2363394047090182
0.23734037868780272,0.27256715103478646,0.25055041831792163,0.23954205195948922
0.23680709534368072,0.2753880266075388,0.24611973392461198,0.24168514412416853
0.24081451969898185,0.27003098716246127,0.24878264718902168,0.2403718459495352
0.24331433581762385,0.27312582200789126,0.2494519947391495,0.2341078474353354
0.24433585073300756,0.2687694358063083,0.24833407374500222,0.23856063971568192
0.2402111746590409,0.269687637483502,0.24901011878574572,0.2410910690717114
0.2430191972076789,0.2683246073298429,0.24912739965095987,0.2395287958115183
0.23653088042049936,0.2689443714410863,0.25799386771791505,0.23653088042049936
0.23273207215134184,0.2701275846898372,0.2542894852617686,0.24285085789705235
0.23851590106007067,0.26855123674911663,0.24867491166077738,0.24425795053003532
0.23895759717314488,0.27164310954063603,0.2495583038869258,0.2398409893992933
0.23863636363636365,0.26835664335664333,0.24694055944055945,0.24606643356643357
0.24060150375939848,0.2693498452012384,0.24900486510393632,0.2410437859354268
0.24139452780229478,0.26654898499558694,0.24845542806707854,0.2436010591350397
0.24601063829787234,0.2641843971631206,0.24157801418439717,0.24822695035460993
0.24738675958188153,0.2643728222996516,0.23867595818815332,0.2495644599303136
0.24515845070422534,0.2636443661971831,0.23459507042253522,0.2566021126760563
0.2478031634446397,0.27152899824253074,0.22759226713532513,0.2530755711775044
0.24736379613356765,0.273286467486819,0.22715289982425307,0.2521968365553603
0.248562582927908,0.2750995134896064,0.22821760283060594,0.24812030075187969
0.25296442687747034,0.27053140096618356,0.22705314009661837,0.2494510320597277
0.25739514348785875,0.27019867549668874,0.22472406181015453,0.247682119205298
0.26593406593406593,0.26945054945054947,0.22285714285714286,0.24175824175824176
0.26200873362445415,0.27336244541484717,0.2205240174672489,0.2441048034934498
0.26033421284080915,0.27616534740545295,0.22119613016710643,0.2423043095866315
0.25250763192324466,0.2769297863061492,0.21761883994766681,0.2529437418229394
0.2530594405594406,0.2770979020979021,0.2194055944055944,0.2504370629370629
0.248547161376844,0.278497988377291,0.2172552525704068,0.2556995976754582
0.24242424242424243,0.27887571365832237,0.22485726833552921,0.25384277558190604
0.2510822510822511,0.2753246753246753,0.21948051948051947,0.2541125541125541
0.2528533801580334,0.276558384547849,0.21685689201053557,0.2537313432835821
0.2556291390728477,0.28123620309050773,0.21236203090507727,0.2507726269315673
0.2532981530343008,0.2858399296394019,0.2119613016710642,0.24890061565523308
0.2581641659311562,0.2797881729920565,0.21270962047661077,0.24933804060017653
0.25386313465783666,0.280794701986755,0.21766004415011037,0.247682119205298
0.25688073394495414,0.2761031017911752,0.2197466142420271,0.2472695500218436
0.25935711140466755,0.27873183619550856,0.21532364597093792,0.24658740642888596
0.2556291390728477,0.2790286975717439,0.22030905077262694,0.24503311258278146
0.25346446133214123,0.27268663388466696,0.22798390701832813,0.24586499776486365
0.25414123801220573,0.27419354838709675,0.22667829119442023,0.24498692240627726
0.25263157894736843,0.2723684210526316,0.23157894736842105,0.24342105263157895
0.25,0.27807017543859647,0.23114035087719298,0.24078947368421053
0.2495567375886525,0.27437943262411346,0.24069148936170212,0.23537234042553193
0.24988962472406182,0.2772626931567329,0.23487858719646798,0.2379690949227373
0.25799386771791505,0.2728865527814279,0.23215067893123084,0.23696890056942618
0.2577092511013216,0.27180616740088104,0.23215859030837005,0.23832599118942732
0.2571428571428571,0.27164835164835166,0.22637362637362637,0.24483516483516485
0.25557986870897154,0.274835886214442,0.22450765864332603,0.24507658643326038
0.2544975866608161,0.2759982448442299,0.2242211496270294,0.24528301886792453
0.25921052631578945,0.2723684210526316,0.2236842105263158,0.24473684210526317
0.25596816976127323,0.2692307692307692,0.22546419098143236,0.2493368700265252
0.25937362152624616,0.2655491839435377,0.2262902514336127,0.24878694309660343
0.25861317051897076,0.26559092891408637,0.22590492804186654,0.24989097252507633
0.2552910052910053,0.26631393298059963,0.22883597883597884,0.2495590828924162
0.2532808398950131,0.2668416447944007,0.2331583552055993,0.24671916010498687
0.2580502867225408,0.25893250992501105,0.23026025584472873,0.25275694750771943
0.2539543057996485,0.2557117750439367,0.2359402460456942,0.2543936731107206
0.2508710801393728,0.259581881533101,0.2382404181184669,0.25130662020905925
0.247791519434629,0.2592756183745583,0.2411660777385159,0.25176678445229683
0.24548259144997797,0.2613486117232261,0.24460114587924195,0.24856765094755398
0.24187884108867427,0.2603160667251975,0.2440737489025461,0.2537313432835821
0.24533333333333332,0.26311111111111113,0.24488888888888888,0.24666666666666667
0.2439772229522558,0.2566798072711345,0.24441524310118265,0.25492772667542707
0.24536628420123566,0.26257722859664606,0.24315975286849073,0.24889673433362755
0.2466171977302488,0.25491051942383236,0.24006983849847227,0.2584024443474465
0.24715162138475022,0.2541630148992112,0.2401402278702892,0.25854513584574934
0.2548245614035088,0.2442982456140351,0.24517543859649124,0.25570175438596493
0.2556093268807743,0.24681038275406952,0.24065112186537616,0.25692916849978004
0.25833333333333336,0.25263157894736843,0.2307017543859649,0.25833333333333336
0.2557522123893805,0.2513274336283186,0.23495575221238937,0.2579646017699115
0.26443367122080214,0.24812692816218598,0.23005729396209784,0.25738210665491407
0.26334208223972005,0.24496937882764655,0.23709536307961504,0.2545931758530184
0.25583443416996915,0.25451343020695727,0.23425803610744167,0.25539409951563186
0.2604074402125775,0.25642161204605846,0.23383525243578387,0.24933569530558017
0.25666812418014867,0.2531700918233494,0.2374289462177525,0.25273283777874944
0.25591586327782645,0.261612620508326,0.2353198948290973,0.24715162138475022
0.26067811536767943,0.26067811536767943,0.2311756935270806,0.24746807573756055
0.26545936395759717,0.26060070671378094,0.22747349823321555,0.24646643109540636
0.2588389349628983,0.26887821911828896,0.22915757311217808,0.24312527280663465
0.26162018592297476,0.2687029659141213,0.22576361221779548,0.24391323594510844
0.26387665198237886,0.2643171806167401,0.22687224669603523,0.24493392070484582
0.2565674255691769,0.2670753064798599,0.22723292469352013,0.2491243432574431
0.25197541703248466,0.2704126426690079,0.22036874451273047,0.257243195785777
0.2572062084257206,0.25942350332594233,0.22394678492239467,0.25942350332594233
0.2580787959274015,0.2580787959274015,0.2213368747233289,0.2625055334218681
0.25981473312748127,0.25319805910895454,0.22452580502867225,0.26246140273489194
0.25769059295586266,0.25813642443156487,0.22157824342398574,0.2625947391885867
0.26115775519222273,0.25673884224480775,0.21608484312859036,0.26601855943437913
0.2594713656387665,0.2511013215859031,0.2211453744493392,0.2682819383259912
0.25743006993006995,0.2548076923076923,0.21984265734265734,0.2679195804195804
0.2621359223300971,0.25375110326566636,0.21624007060900266,0.2678729037952339
0.2603938730853392,0.25470459518599564,0.21838074398249452,0.26652078774617066
0.2603890362511052,0.2546419098143236,0.21662245800176835,0.26834659593280286
0.2612533097969991,0.2533097969991174,0.22065313327449249,0.264783759929391
0.2629955947136564,0.252863436123348,0.21938325991189428,0.2647577092511013
0.2615182097411145,0.25186485300570427,0.21632294866169371,0.2702939885914875
0.26136363636363635,0.2486888111888112,0.21984265734265734,0.2701048951048951
0.25547765118317267,0.25766871165644173,0.21691498685363717,0.26993865030674846
0.2632042253521127,0.24559859154929578,0.21654929577464788,0.2746478873239437
0.25364560318161733,0.2527618205921343,0.21961997348652232,0.273972602739726
0.2547993019197208,0.2534904013961606,0.22294938917975568,0.268760907504363
0.2552539404553415,0.2574430823117338,0.22066549912434325,0.26663747810858146
0.2513111888111888,0.25917832167832167,0.22377622377622378,0.26573426573426573
0.24822695035460993,0.26152482269503546,0.22739361702127658,0.262854609929078
0.2479157525230364,0.2676612549363756,0.2198332602018429,0.26458973233874505
0.2465753424657534,0.2708793636765356,0.22182942996022978,0.2607158638974812
0.25417032484635643,0.2664618086040386,0.22344161545215102,0.2559262510974539
0.24780701754385964,0.26403508771929823,0.22543859649122808,0.262719298245614
0.25087260034904013,0.2661431064572426,0.2325479930191972,0.25043630017452007
0.24789356984478936,0.2607538802660754,0.2319290465631929,0.25942350332594233
0.2543046357615894,0.26490066225165565,0.22869757174392935,0.2520971302428256
0.25055236411842685,0.2620415377817057,0.2350861688024746,0.25231992929739283
0.24857017157941047,0.2644082710074791,0.22877254729432467,0.25824901011878576
0.24615384615384617,0.26681318681318683,0.2276923076923077,0.25934065934065936
0.24606643356643357,0.2687937062937063,0.22683566433566432,0.2583041958041958
0.2465034965034965,0.26092657342657344,0.2277097902097902,0.26486013986013984
0.24733570159857904,0.26287744227353466,0.22646536412078153,0.2633214920071048
0.25032822757111595,0.2673960612691466,0.22932166301969364,0.25295404814004374
0.24813678211310827,0.26698816308636564,0.23235423060061378,0.25252082419991234
0.24845542806707854,0.27140335392762577,0.22727272727272727,0.2528684907325684
0.2524314765694076,0.259946949602122,0.22900088417329797,0.25862068965517243
0.25867369345630215,0.2608695652173913,0.2261747913921827,0.25428194993412384
0.25917735515258733,0.26138876603272887,0.226890756302521,0.25254312251216277
0.2628318584070796,0.2584070796460177,0.22699115044247786,0.2517699115044248
0.27015057573073514,0.2612931798051373,0.22320637732506643,0.24534986713906112
0.2668141592920354,0.2606194690265487,0.22787610619469026,0.24469026548672565
0.2649647887323944,0.2636443661971831,0.22403169014084506,0.24735915492957747
0.2620202911336568,0.2681958535509484,0.22805469783855314,0.24172915747684165
0.2645133129637713,0.2614578786556089,0.22653862941946748,0.24749017896115233
0.271015761821366,0.2631348511383538,0.2202276707530648,0.2456217162872154
0.26945054945054947,0.2681318681318681,0.21626373626373627,0.24615384615384617
0.2732072151341839,0.2630884293884734,0.22261328640563133,0.2410910690717114
0.2678963548528766,0.2665788317962231,0.2235397452788757,0.2419850680720246
0.2648861646234676,0.271015761821366,0.21935201401050788,0.2447460595446585
0.2697715289982425,0.265817223198594,0.21924428822495606,0.2451669595782074
0.27439824945295405,0.2708971553610503,0.21400437636761488,0.24070021881838075
0.2694023193577163,0.2694023193577163,0.21944692239072258,0.24174843889384479
0.2651909722222222,0.265625,0.22916666666666666,0.2400173611111111
0.26436781609195403,0.2639257294429708,0.22855879752431477,0.24314765694076038
0.2682280159080866,0.2571807335395493,0.23243482103402563,0.2421564295183385
0.26378473753859727,0.2514336127040141,0.23908248786943095,0.24569916188795765
0.2577544779379642,0.25338575797291396,0.24683267802533856,0.24202708606378331
0.25696594427244585,0.24900486510393632,0.2503317116320212,0.24369747899159663
0.2598597721297108,0.25109553023663456,0.24934268185801928,0.2397020157756354
0.25630810092961487,0.2536520584329349,0.249667994687915,0.2403718459495352
0.26016615653694797,0.2505465675557499,0.24529951902055094,0.2439877568867512
0.2594713656387665,0.2533039647577093,0.24537444933920705,0.24185022026431718
0.2588699080157687,0.2558037669732808,0.2387209811651336,0.24660534384581692
0.25569176882662,0.2552539404553415,0.24080560420315236,0.24824868651488616
0.25133214920071045,0.2553285968028419,0.2455595026642984,0.2477797513321492
0.25011008366358434,0.2536327608982827,0.2426243945398503,0.2536327608982827
0.248562582927908,0.25696594427244585,0.24413976116762495,0.2503317116320212
0.25055236411842685,0.25187803800265135,0.2421564295183385,0.2554131683605833
0.24618070711479703,0.25578350065473593,0.24050632911392406,0.257529463116543
0.24253075571177504,0.2539543057996485,0.2460456942003515,0.25746924428822493
0.23696890056942618,0.2527376259307928,0.24441524310118265,0.2658782303985983
0.23991228070175438,0.24912280701754386,0.23640350877192984,0.27456140350877195
0.2434936038817821,0.2518747243052492,0.23820026466696073,0.26643140714600794
0.23864137626819584,0.2505513895015439,0.24172915747684165,0.2690780767534186
0.23936869793950022,0.2538360368259535,0.2389302937308198,0.26786497150372646
0.24068391056554142,0.2595352915387988,0.2384918895221394,0.26128890837352037
0.24062772449869224,0.2611159546643418,0.23931996512641673,0.25893635571054924
0.23674911660777384,0.267226148409894,0.23630742049469966,0.2597173144876325
0.23991228070175438,0.2644736842105263,0.23903508771929824,0.2565789473684211
0.23686514886164622,0.2591943957968476,0.24080560420315236,0.2631348511383538
0.23617868199911543,0.25961963732861565,0.2419283502874834,0.2622733303847855
0.23740053050397877,0.25862068965517243,0.242263483642794,0.26171529619805484
0.23859649122807017,0.2535087719298246,0.24210526315789474,0.2657894736842105
0.24395604395604395,0.25362637362637364,0.24043956043956044,0.261978021978022
0.24024550635686104,0.25471284524331433,0.24156071898290224,0.2634809294169224
0.24901531728665208,0.25470459518599564,0.23676148796498905,0.25951859956236323
0.24934152765583845,0.257243195785777,0.23046532045654083,0.26294995610184374
0.255619215513442,0.25914499779638606,0.23005729396209784,0.255178492728074
0.2621272808188696,0.25634178905206945,0.22874944370271474,0.25278148642634624
0.26522506619594,0.25507502206531335,0.22418358340688438,0.25551632833186233
0.2643728222996516,0.25653310104529614,0.22168989547038329,0.257404181184669
0.2676612549363756,0.2566915313734094,0.23080298376480912,0.2448442299254059
0.27208480565371024,0.2588339222614841,0.23056537102473498,0.23851590106007067
0.26449912126537783,0.2623022847100176,0.23066783831282953,0.24253075571177504
0.26537785588752194,0.2583479789103691,0.23374340949033393,0.24253075571177504
0.25978021978021976,0.2562637362637363,0.23164835164835165,0.2523076923076923
0.2576632607729898,0.2585517547756553,0.22878720568636163,0.25499777876499335
0.2590149516270888,0.26033421284080915,0.22207563764291996,0.25857519788918204
0.26205083260297984,0.24934268185801928,0.23093777388255915,0.25766871165644173
0.2612137203166227,0.24538258575197888,0.2339489885664028,0.2594547053649956
0.26631625054752517,0.24441524310118265,0.23215067893123084,0.25711782742006134
0.2668711656441718,0.24408413672217352,0.23049956178790534,0.25854513584574934
0.2645620275678079,0.24811027123165852,0.22810137839039574,0.25922632281013785
0.2616534740545295,0.24274406332453827,0.23087071240105542,0.2647317502198769
0.263668430335097,0.2482363315696649,0.22663139329805995,0.26146384479717816
0.27065026362038663,0.24428822495606328,0.22407732864674867,0.2609841827768014
0.2646544181977253,0.2458442694663167,0.22528433945756782,0.2642169728783902
0.26544021024967146,0.25098554533508544,0.22426631625054752,0.25930792816469556
0.25758241758241757,0.2523076923076923,0.2276923076923077,0.2624175824175824
0.2556093268807743,0.2564892212934448,0.22393312802463705,0.2639683238011439
0.2617273125822008,0.2542744410346339,0.2235861464270057,0.2604120999561596
0.2580078982009653,0.24703817463799913,0.22948661693725317,0.26546731022378234
0.2562637362637363,0.24879120879120878,0.22945054945054946,0.2654945054945055
0.2607361963190184,0.2432077125328659,0.22787028921998248,0.26818580192813324
0.25930851063829785,0.24867021276595744,0.22872340425531915,0.2632978723404255
0.26513477684489617,0.25011047282368537,0.22801590808661068,0.25673884224480775
0.2606406318560772,0.24879333040807372,0.23168056164984643,0.25888547608600265
0.25854513584574934,0.25153374233128833,0.2357581069237511,0.2541630148992112
0.25694138386954607,0.25297487880123404,0.23402379903040987,0.2560599382988101
0.25486725663716814,0.2575221238938053,0.2323008849557522,0.2553097345132743
0.258719646799117,0.25739514348785875,0.23620309050772628,0.247682119205298
0.2644230769230769,0.25393356643356646,0.23907342657342656,0.24256993006993008
0.2648861646234676,0.2561295971978984,0.23336252189141857,0.2456217162872154
0.26276076342654237,0.26276076342654237,0.22769640479360853,0.2467820683533067
0.2628318584070796,0.2606194690265487,0.22699115044247786,0.24955752212389382
0.2527520915896081,0.261558784676354,0.23513870541611626,0.25055041831792163
0.25261324041811845,0.2587108013937282,0.23344947735191637,0.25522648083623695
0.2550306211723535,0.2515310586176728,0.23403324584426946,0.2594050743657043
0.2507699076110867,0.24725032996040475,0.2331720193576771,0.2688077430708315
0.2464726631393298,0.2526455026455027,0.22883597883597884,0.27204585537918874
0.24501300954032956,0.25498699045967044,0.22810060711188204,0.27189939288811793
0.2454585733274258,0.25431989366415597,0.23482498892334958,0.2653965440850687
0.2395970214629873,0.2614980289093298,0.22470433639947437,0.2742006132282085
0.2474636082928981,0.2576091751213057,0.2223202470224967,0.2726069695632995
0.2445916114790287,0.2618101545253863,0.22251655629139072,0.2710816777041943
0.2493368700265252,0.25862068965517243,0.21794871794871795,0.27409372236958446
0.25604927408710954,0.2622085349758029,0.2190937087549494,0.26264848218213815
0.25384277558190604,0.26262626262626265,0.22090469916556874,0.26262626262626265
0.24923211935059236,0.26371215445370777,0.22817025010969724,0.25888547608600265
0.2531868131868132,0.2549450549450549,0.23164835164835165,0.2602197802197802
0.2621489077128845,0.25546143557735174,0.22692822113241196,0.25546143557735174
0.25920994229915667,0.2547714158899245,0.22991566799822458,0.2561029738126942
0.2594713656387665,0.26255506607929513,0.22599118942731278,0.25198237885462554
0.2565789473684211,0.256140350877193,0.23201754385964912,0.25526315789473686
0.25682819383259914,0.2599118942731278,0.23348017621145375,0.2497797356828194
0.2608503100088574,0.25863596102745795,0.2263064658990257,0.254207263064659
0.2583041958041958,0.2556818181818182,0.23033216783216784,0.2556818181818182
0.2574430823117338,0.2535026269702277,0.22679509632224168,0.26225919439579687
0.2608886933567972,0.25736911570611526,0.22393312802463705,0.2578090629124505
0.25874125874125875,0.2548076923076923,0.22377622377622378,0.26267482517482516
0.25579361609094886,0.25229558373414956,0.22912111937035418,0.26278968080454745
0.25164113785557984,0.25470459518599564,0.23107221006564552,0.26258205689277897
0.24891020052310375,0.25196163905841323,0.23103748910200522,0.2680906713164778
0.2537248028045574,0.2506573181419807,0.23006134969325154,0.26555652936021035
0.25218150087260033,0.25785340314136124,0.23472949389179756,0.25523560209424084
0.2535026269702277,0.2609457092819615,0.22810858143607707,0.2574430823117338
0.2542744410346339,0.2498903989478299,0.23366944322665498,0.2621657167908812
0.2519788918205805,0.25065963060686014,0.2326297273526825,0.2647317502198769
0.2490118577075099,0.2534036012296882,0.2318840579710145,0.26570048309178745
0.2540445999125492,0.24879755137735024,0.22868386532575427,0.2684739833843463
0.25758241758241757,0.2501098901098901,0.22241758241758242,0.26989010989010986
0.25906509392747923,0.2512013979903888,0.22018348623853212,0.26955002184359983
0.25394736842105264,0.25043859649122807,0.225,0.2706140350877193
0.25925925925925924,0.2508818342151676,0.2222222222222222,0.26763668430335097
0.25850640742377373,0.2558550596553248,0.21961997348652232,0.26601855943437913
0.2536327608982827,0.25055041831792163,0.22589167767503301,0.26992514310876264
0.2550482879719052,0.24539069359086918,0.22914837576821773,0.2704126426690079
0.258148631029987,0.24554541503694047,0.22946544980443284,0.26684050412863974
0.25888547608600265,0.24265028521281265,0.23255813953488372,0.26590609916630104
0.2563989408649603,0.2436010591350397,0.23345101500441306,0.26654898499558694
0.2552539404553415,0.24299474605954466,0.23380035026269702,0.2679509632224168
0.25130662020905925,0.25043554006968644,0.22996515679442509,0.2682926829268293
0.257243195785777,0.24363476733977174,0.228270412642669,0.2708516242317823
0.2501095050372317,0.24441524310118265,0.23215067893123084,0.2733245729303548
0.2494519947391495,0.24287593160894344,0.22840859272249014,0.27926348092941694
0.2532981530343008,0.24494283201407213,0.227792436235708,0.27396657871591906
0.256477821695213,0.2437417654808959,0.22837066315327184,0.27140974967061926
0.25419240953221534,0.24933804060017653,0.2290379523389232,0.2674315975286849
0.25197541703248466,0.2497805092186128,0.22914837576821773,0.26909569798068483
0.25937362152624616,0.23820026466696073,0.2329069254521394,0.2695191883546537
0.2576632607729898,0.24566859173700578,0.2305641936916926,0.26610395379831187
0.25309734513274335,0.24778761061946902,0.2323008849557522,0.2668141592920354
0.2548330404217926,0.2451669595782074,0.23330404217926187,0.2666959578207381
0.249008373732922,0.24239753195240193,0.2353459673865139,0.2732481269281622
0.24590888987173817,0.2476780185758514,0.22821760283060594,0.2781954887218045
0.24450307827616535,0.24670184696569922,0.22823218997361477,0.2805628847845207
0.2498903989478299,0.24682156948706707,0.22314774221832528,0.2801402893467777
