R,A,S,N
0.0,0.0,0.0,1.0
0.0,0.0,0.0,1.0
0.0,0.14285714285714285,0.0,0.8571428571428571
0.0,0.18518518518518517,0.0,0.8148148148148148
0.0,0.20408163265306123,0.02040816326530612,0.7755102040816326
0.0,0.21333333333333335,0.013333333333333334,0.7733333333333333
0.0,0.23636363636363636,0.01818181818181818,0.7454545454545455
0.0,0.24836601307189543,0.032679738562091505,0.7189542483660131
0.009302325581395349,0.28837209302325584,0.037209302325581395,0.6651162790697674
0.014545454545454545,0.32,0.04,0.6254545454545455
0.020172910662824207,0.3256484149855908,0.04899135446685879,0.6051873198847262
0.02810304449648712,0.3185011709601874,0.06557377049180328,0.5878220140515222
0.03954802259887006,0.3295668549905838,0.06779661016949153,0.5630885122410546
0.051118210862619806,0.3226837060702875,0.06869009584664537,0.5575079872204473
0.0636604774535809,0.3116710875331565,0.07427055702917772,0.5503978779840849
0.07390817469204927,0.3068309070548712,0.08062709966405375,0.5386338185890257
0.0791295746785361,0.3036597428288823,0.0840751730959446,0.533135509396637
0.09336823734729494,0.306282722513089,0.07242582897033159,0.5279232111692844
0.09576138147566719,0.30847723704866564,0.07770800627943485,0.5180533751962323
0.09449929478138223,0.3032440056417489,0.0846262341325811,0.5176304654442877
0.10549872122762148,0.30115089514066495,0.07864450127877237,0.5147058823529411
0.1086318261890781,0.30299471520845567,0.07692307692307693,0.5114503816793893
0.11794019933554817,0.2901439645625692,0.08084163898117387,0.5110741971207088
0.12362493452069147,0.2891566265060241,0.0785751702462022,0.5086432687270822
0.12405446293494705,0.29702471003530007,0.07665153807362582,0.5022692889561271
0.13058252427184466,0.28446601941747574,0.08349514563106795,0.5014563106796116
0.12996219281663515,0.2887523629489603,0.08223062381852551,0.499054820415879
0.12610516519311307,0.28943694741740345,0.08143322475570032,0.5030246626337832
0.13669391462306993,0.2924613987284287,0.07811080835603997,0.4927338782924614
0.13543516873889877,0.2988454706927176,0.0741563055062167,0.49156305506216696
0.13125548726953468,0.30114135206321335,0.07023705004389816,0.49736611062335384
0.13674832962138084,0.30645879732739423,0.06993318485523385,0.48685968819599107
0.1375497567448032,0.2998673153471915,0.07386112339672711,0.48872180451127817
0.14385658067337123,0.30170529077393965,0.07083515522518584,0.4836029733275033
0.1436054124836316,0.3003055434308162,0.07202095154954169,0.48406809253601046
0.14462627156125607,0.3011941618752764,0.07164971251658558,0.4825298540468819
0.14140969162995595,0.29955947136563876,0.07665198237885462,0.48237885462555063
0.14380530973451328,0.2942477876106195,0.07610619469026549,0.48584070796460177
0.14266958424507659,0.29452954048140045,0.08358862144420132,0.47921225382932164
0.14373626373626375,0.29494505494505496,0.08483516483516483,0.4764835164835165
0.1453822359699514,0.2951833848873177,0.08484312859036677,0.4745912505523641
0.14348206474190725,0.29396325459317585,0.08705161854768154,0.47550306211723536
0.1412180052956752,0.2921447484554281,0.08914386584289496,0.47749338040600176
0.14107142857142857,0.303125,0.08660714285714285,0.46919642857142857
0.14631996474217718,0.30365799911855446,0.08153371529308065,0.46848832084618774
0.14982425307557118,0.30272407732864676,0.08172231985940245,0.46572934973637964
0.15167785234899328,0.30201342281879195,0.0796420581655481,0.4666666666666667
0.15053285968028418,0.2988454706927176,0.08392539964476022,0.466696269982238
0.15509666080843584,0.29964850615114236,0.08391915641476275,0.46133567662565905
0.1537444933920705,0.2894273127753304,0.08458149779735682,0.4722466960352423
0.1601750547045952,0.2888402625820569,0.08796498905908097,0.463019693654267
0.16133333333333333,0.288,0.09155555555555556,0.45911111111111114
0.1571366215626364,0.2928852029681362,0.09166302924487124,0.45831514622435615
0.15411712901805372,0.29722589167767505,0.09687362395420519,0.45178335535006603
0.15411558669001751,0.2968476357267951,0.10026269702276708,0.44877408056042034
0.1570175438596491,0.2986842105263158,0.09912280701754386,0.4451754385964912
0.16234051913770348,0.2921249450065992,0.1007479102507699,0.44478662560492743
0.16305788775961114,0.2845779938135219,0.10826336721166593,0.44410075121520104
0.16248348745046234,0.2857771906649053,0.10700132100396301,0.4447380008806693
0.16629613161405069,0.28546020453534904,0.10404624277456648,0.44419742107603377
0.16977777777777778,0.2866666666666667,0.10355555555555555,0.44
0.173663278833407,0.28590366769774633,0.10472823685373397,0.4357048166151127
0.17423908248786943,0.2946625496250551,0.10498456109395678,0.42611380679311867
0.17677869925796597,0.29244871235268444,0.1030117852466172,0.4277608031427324
0.18189806678383127,0.28778558875219684,0.09885764499121265,0.4314586994727592
0.17709251101321585,0.28634361233480177,0.10616740088105726,0.4303964757709251
0.17660044150110377,0.2860927152317881,0.10375275938189846,0.4335540838852097
0.18389793224813022,0.2828860536735592,0.09986801583809943,0.4333479982402112
0.18153846153846154,0.2874725274725275,0.10329670329670329,0.4276923076923077
0.1836108676599474,0.2936021034180543,0.10341805433829973,0.4193689745836985
0.18137687555163284,0.29170344218887906,0.10150044130626655,0.42541924095322153
0.183547103051747,0.2848297213622291,0.10482087571870853,0.4268022998673153
0.1763157894736842,0.2855263157894737,0.10482456140350878,0.43333333333333335
0.18008003557136504,0.2841262783459315,0.10449088483770565,0.43130280124499776
0.18233743409490333,0.28251318101933215,0.10325131810193322,0.4318980667838313
0.18312937062937062,0.28321678321678323,0.10708041958041958,0.42657342657342656
0.1856634016028495,0.2769367764915405,0.11353517364203028,0.4238646482635797
0.18345798504179497,0.2776066871975363,0.11570611526616806,0.4232292124945007
0.18617021276595744,0.2779255319148936,0.11702127659574468,0.41888297872340424
0.18722271517302574,0.2795031055900621,0.1126885536823425,0.42058562555456963
0.189010989010989,0.2821978021978022,0.10989010989010989,0.4189010989010989
0.19474835886214442,0.2818380743982494,0.11203501094091904,0.4113785557986871
0.1993006993006993,0.2731643356643357,0.1145104895104895,0.4130244755244755
0.20458553791887124,0.27645502645502645,0.11243386243386243,0.40652557319223986
0.20518453427065025,0.27460456942003514,0.11247803163444639,0.4077328646748682
0.20502645502645503,0.27028218694885364,0.11375661375661375,0.4109347442680776
0.20703472840605522,0.27382012466607303,0.10774710596616206,0.41139804096170973
0.20935314685314685,0.2701048951048951,0.10664335664335664,0.4138986013986014
0.2116820377689943,0.26745718050065875,0.10452349582784365,0.4163372859025033
0.21152154793315744,0.2647317502198769,0.10290237467018469,0.420844327176781
0.20927152317880796,0.26666666666666666,0.1055187637969095,0.4185430463576159
0.21601407831060274,0.2600087989441267,0.10426748790145182,0.41970963484381874
0.21019955654101996,0.26031042128603105,0.10509977827050998,0.424390243902439
0.20949844651575678,0.2667554371948513,0.10563692853972481,0.4181091877496671
0.2178304787000439,0.26262626262626265,0.10408432147562582,0.41545893719806765
0.21529619805481875,0.26171529619805484,0.10831122900088418,0.4146772767462423
0.21756225425950196,0.25557011795543905,0.109217999126256,0.41764962865880295
0.21892967713401149,0.25121627598407786,0.1096859796550199,0.42016806722689076
0.2202118270079435,0.2563989408649603,0.11253309796999117,0.41085613415710504
0.21597892888498682,0.2594381035996488,0.11325724319578578,0.4113257243195786
0.2142226148409894,0.26501766784452296,0.10998233215547704,0.4107773851590106
0.2100656455142232,0.2608315098468271,0.11072210065645514,0.41838074398249453
0.218435998252512,0.2529488859764089,0.1109654871122761,0.41764962865880295
0.21739130434782608,0.25735617039964864,0.10935441370223979,0.41589811155028544
0.2119089316987741,0.2618213660245184,0.10901926444833625,0.4172504378283713
0.21281263712154452,0.26590609916630104,0.10267661254936375,0.4186046511627907
0.2179261862917399,0.26362038664323373,0.101493848857645,0.4169595782073814
0.22314774221832528,0.2626041209995616,0.09425690486628671,0.4199912319158264
0.2204515272244356,0.26117751217352814,0.09694555112881806,0.4214254094732182
0.22114962702939886,0.25976305397103994,0.10092145677928917,0.418165862220272
0.2218804920913884,0.2583479789103691,0.101493848857645,0.4182776801405975
0.2261747913921827,0.25428194993412384,0.10320597277119016,0.4163372859025033
0.22478898267436695,0.2558862727676588,0.10262105730786317,0.4167036872501111
0.22149122807017543,0.2543859649122807,0.10438596491228071,0.41973684210526313
0.2262902514336127,0.25319805910895454,0.10630789589766211,0.4142037935597706
0.22601839684625494,0.2514235654840123,0.1029347349978099,0.4196233026719229
0.2292225201072386,0.25067024128686327,0.09964253798033959,0.4204647006255585
0.22905759162303665,0.25392670157068065,0.10078534031413612,0.4162303664921466
0.23168578993821712,0.2511032656663725,0.10679611650485436,0.41041482789055606
0.24187884108867427,0.24934152765583845,0.10228270412642669,0.4064969271290606
0.2345462516440158,0.2507672073651907,0.09995615957913195,0.4147303814116616
0.23155555555555554,0.2511111111111111,0.108,0.4093333333333333
0.2328527741371778,0.25382262996941896,0.10659676714722587,0.40672782874617736
0.23333333333333334,0.25087719298245614,0.10701754385964912,0.4087719298245614
0.23080298376480912,0.24659938569548048,0.11496270293988592,0.4076349275998245
0.22334801762114537,0.2550660792951542,0.11629955947136564,0.4052863436123348
0.22914837576821773,0.25065847234416155,0.11808604038630377,0.40210711150131695
0.23456241670368724,0.25188804975566415,0.11328298533984896,0.40026654820079965
0.23243482103402563,0.25673884224480775,0.11489173663278833,0.3959346000883783
0.2285839160839161,0.26092657342657344,0.11101398601398602,0.3994755244755245
0.22339955849889626,0.2631346578366446,0.11081677704194261,0.40264900662251657
0.22788671023965143,0.25882352941176473,0.10893246187363835,0.40435729847494556
0.22958057395143489,0.26445916114790285,0.11214128035320088,0.3938189845474614
0.230837394771821,0.26007975188303056,0.11253876827647319,0.3965440850686752
0.22950819672131148,0.2653965440850687,0.11032343819229065,0.3947718210013292
0.2350861688024746,0.2615996464869642,0.10782147591692444,0.39549270879363674
0.2357080035180299,0.2620932277924362,0.1090589270008795,0.39313984168865435
0.2366812227074236,0.2633187772925764,0.10436681222707424,0.3956331877729258
0.23472099202834368,0.26660761736049604,0.10584588131089459,0.3928255093002657
0.23299692847740236,0.2711715664765248,0.1075032909170689,0.3883282141290039
0.22628372497824195,0.27458659704090516,0.10835509138381201,0.3907745865970409
0.23226090788893786,0.2736888497135302,0.10841780520052886,0.3856324371970031
0.23093971631205673,0.27615248226950356,0.10948581560283688,0.38342198581560283
0.23203194321206744,0.2701863354037267,0.11047027506654836,0.3873114463176575
0.23097345132743363,0.270353982300885,0.11194690265486726,0.38672566371681416
0.23158359064843406,0.2774591971768858,0.11116012351124835,0.37979708866343187
0.23719081272084805,0.2769434628975265,0.10821554770318022,0.37765017667844525
0.2315377932232841,0.2775847089487402,0.1103388357949609,0.3805386620330148
0.22824661128115434,0.2780935723655444,0.11193703541757762,0.38172278093572365
0.22699386503067484,0.27344434706397897,0.10999123575810692,0.3895705521472393
0.2362998684787374,0.27356422621657167,0.10828583954405963,0.3818500657606313
0.23330404217926187,0.27065026362038663,0.11247803163444639,0.3835676625659051
0.23490813648293962,0.27252843394575677,0.11198600174978128,0.3805774278215223
0.23454063604240283,0.2712014134275618,0.11749116607773852,0.37676678445229683
0.23349579087284006,0.26938413823659724,0.1129818342933097,0.384138236597253
0.2357049323439546,0.2710606721955478,0.10999563509384548,0.3832387603666521
0.23729562527618206,0.26513477684489617,0.1179849756959788,0.379584622182943
0.24231782265144863,0.26514486391571557,0.1141352063213345,0.3784021071115013
0.2461605967529618,0.2641509433962264,0.11627906976744186,0.3734093900833699
0.24487123526844173,0.26582278481012656,0.12003491924923614,0.36927106067219556
0.2380114386273647,0.26704795424549055,0.11922569291684998,0.37571491421029474
0.2420774647887324,0.2671654929577465,0.12279929577464789,0.36795774647887325
0.2410596026490066,0.2675496688741722,0.12406181015452539,0.3673289183222958
0.24669603524229075,0.26343612334801764,0.12334801762114538,0.36651982378854625
0.24638949671772428,0.26827133479212256,0.12691466083150985,0.3584245076586433
0.2476983779044279,0.27005699254712845,0.12889083735203857,0.35335379219640506
0.24547461368653423,0.2728476821192053,0.1271523178807947,0.3545253863134658
0.2490118577075099,0.2722880983750549,0.13087395696091347,0.34782608695652173
0.2553191489361702,0.2632978723404255,0.12987588652482268,0.35150709219858156
0.25863596102745795,0.2555358724534987,0.13197519929140833,0.3538529672276351
0.25624178712220763,0.2680683311432326,0.12746386333771353,0.34822601839684625
0.25341560158660204,0.27016306743058616,0.12648743940061702,0.3499338915821948
0.26449912126537783,0.26537785588752194,0.12697715289982425,0.3431458699472759
0.2577092511013216,0.2629955947136564,0.13127753303964756,0.34801762114537443
0.26704795424549055,0.25604927408710954,0.12758468983721954,0.34931808183018037
0.2682280159080866,0.25629695095006627,0.1316836058329651,0.343791427308882
0.2622439893143366,0.26268922528940336,0.12956366874443456,0.3455031166518255
0.2623169107856192,0.26142920550377274,0.12561029738126941,0.3506435863293387
0.26175687666370895,0.26663708961845606,0.12156166814551908,0.3500443655723159
0.25920994229915667,0.26542387927208166,0.12072791833111407,0.3546382600976476
0.2594381035996488,0.2607550482879719,0.11852502194907814,0.3612818261633011
0.25894829871851527,0.2602739726027397,0.12107821475916924,0.3596995139195758
0.25573192239858905,0.25925925925925924,0.11728395061728394,0.36772486772486773
0.2572062084257206,0.258980044345898,0.11707317073170732,0.3667405764966741
0.25971191619380185,0.2671322566564819,0.11741597555652554,0.35573985159319077
0.2582781456953642,0.26887417218543047,0.11346578366445915,0.35938189845474616
0.25888547608600265,0.26722246599385696,0.11671785870996051,0.3571741992101799
0.2598770851624232,0.2655838454784899,0.11633011413520632,0.3582089552238806
0.2546337157987643,0.26963812886142985,0.11650485436893204,0.3592233009708738
0.2507767421216156,0.27030625832223704,0.11939636040834443,0.3595206391478029
0.2534036012296882,0.27140974967061926,0.11945542380324989,0.3557312252964427
0.2573203194321207,0.26796805678793256,0.12111801242236025,0.3535936113575865
0.25878168074699864,0.26722987994664293,0.11738550466874166,0.3566029346376167
0.2462686567164179,0.26997366110623355,0.11852502194907814,0.3652326602282704
0.24734513274336284,0.2646017699115044,0.12212389380530973,0.365929203539823
0.2556093268807743,0.258688957325121,0.11922569291684998,0.3664760228772547
0.25588491717523976,0.2611159546643418,0.12074978204010461,0.36224934612031384
0.2581641659311562,0.264783759929391,0.11562224183583407,0.3614298323036187
0.2595688517377915,0.2688077430708315,0.1117465904091509,0.3598768147822261
0.26146384479717816,0.2751322751322751,0.11155202821869488,0.35185185185185186
0.2652613087395696,0.2683355292050944,0.1137461572244181,0.3526570048309179
0.26415929203539823,0.27256637168141595,0.11106194690265486,0.35221238938053095
0.26821773485513606,0.2712906057945566,0.1141352063213345,0.3463564530289728
0.2656319290465632,0.2687361419068736,0.11662971175166297,0.3490022172949002
0.2656729504603244,0.2626041209995616,0.1179307321350285,0.35379219640508547
0.26936619718309857,0.26100352112676056,0.1192781690140845,0.3503521126760563
0.2727272727272727,0.2599293909973522,0.11650485436893204,0.35083848190644307
0.2702108963093146,0.2640597539543058,0.11862917398945519,0.3471001757469244
0.26587301587301587,0.26102292768959434,0.11904761904761904,0.3540564373897707
0.26065934065934065,0.25978021978021976,0.11868131868131868,0.3608791208791209
0.2674677347574544,0.25278148642634624,0.11615487316421896,0.3635959056519804
0.2703768624014023,0.24934268185801928,0.11349693251533742,0.366783523225241
0.26652078774617066,0.25339168490153174,0.11422319474835886,0.36586433260393875
0.27076923076923076,0.25054945054945055,0.11428571428571428,0.3643956043956044
0.26415929203539823,0.25442477876106195,0.11902654867256637,0.36238938053097347
0.26371215445370777,0.249670908293111,0.11978938130759105,0.3668275559455902
0.25704225352112675,0.24691901408450703,0.11751760563380281,0.3785211267605634
0.259094942324756,0.24933451641526175,0.11668145519077196,0.3748890860692103
0.2602921646746348,0.2527667109340416,0.11420982735723771,0.37273129703408586
0.26135351736420304,0.25200356188780054,0.11353517364203028,0.37310774710596617
0.26019503546099293,0.25354609929078015,0.11613475177304965,0.3701241134751773
0.2581069237510955,0.2467134092900964,0.11787905346187555,0.3773006134969325
0.25826355222565006,0.249008373732922,0.11414720141031291,0.378580872631115
0.26154529307282415,0.2531083481349911,0.11545293072824156,0.36989342806394315
0.26023131672597866,0.2513345195729537,0.1152135231316726,0.373220640569395
0.26085050416483996,0.2503288031565103,0.1179307321350285,0.3708899605436212
0.26115775519222273,0.2496685815289439,0.1171011931064958,0.37207247017233763
0.26373147340889275,0.25152571926765477,0.11769834350479512,0.36704446381865735
0.25930792816469556,0.25624178712220763,0.11870346035917652,0.3657468243539203
0.261645624727906,0.2498911623857205,0.11841532433609055,0.370047888550283
0.26660761736049604,0.25066430469441986,0.11780336581045173,0.3649247121346324
0.2647961420429636,0.2503288031565103,0.1183691363437089,0.3665059184568172
0.26973684210526316,0.24868421052631579,0.11228070175438597,0.36929824561403507
0.26845342706502634,0.2460456942003515,0.11599297012302284,0.3695079086115993
0.26672496720594663,0.2470485351989506,0.12243113248797552,0.36379536510712723
0.26877470355731226,0.2450592885375494,0.12428634167764603,0.3618796662274923
0.2762577228596646,0.24007060900264784,0.12268314210061783,0.3609885260370697
0.27971718957136543,0.24304021210782148,0.1232876712328767,0.35395492708793636
0.28096280087527353,0.2525164113785558,0.11903719912472648,0.3474835886214442
0.2828773168578994,0.2524271844660194,0.11738746690203,0.3473080317740512
0.2786885245901639,0.25476295968099244,0.11696942844483828,0.34957908728400533
0.2803861342694164,0.2580078982009653,0.11803422553751645,0.3435717419921018
0.2836411609498681,0.2598944591029024,0.11609498680738786,0.3403693931398417
0.2827525363917071,0.26290251433612705,0.11116012351124835,0.3431848257609175
0.28078602620087334,0.262882096069869,0.1091703056768559,0.3471615720524017
0.290407358738502,0.25229960578186594,0.1116951379763469,0.3455978975032852
0.2915194346289753,0.25485865724381623,0.10998233215547704,0.34363957597173145
0.28704113224237066,0.2560813799203892,0.10703228659885007,0.3498452012383901
0.29056437389770723,0.25440917107583777,0.10890652557319223,0.3461199294532628
0.29760348583877994,0.2496732026143791,0.10718954248366012,0.34553376906318084
0.2946625496250551,0.2571680635200706,0.10410233789148654,0.34406704896338774
0.2921249450065992,0.2564892212934448,0.10602727672679278,0.3453585569731632
0.2926297426951592,0.25425207152202356,0.1094635848233755,0.3436546009594418
0.288135593220339,0.2569134701159679,0.10838537020517396,0.34656556645851916
0.28806036395916557,0.2561029738126942,0.10918774966711052,0.34664891256102975
0.2888102609464839,0.25829279080053075,0.10659000442282177,0.34630694383016364
0.28065515714918104,0.2602921646746348,0.11155378486055777,0.3474988933156264
0.28067078552515445,0.2563989408649603,0.10370697263901148,0.3592233009708738
0.27201394943330426,0.25850043591979077,0.10723626852659111,0.36224934612031384
0.27587719298245617,0.256140350877193,0.10614035087719298,0.3618421052631579
0.27184466019417475,0.26081200353045014,0.10547219770520741,0.36187113857016767
0.2711189739053516,0.25696594427244585,0.10791685095090668,0.3639982308712959
0.26906028368794327,0.25398936170212766,0.11037234042553191,0.36657801418439717
0.2700087950747581,0.26033421284080915,0.10993843447669305,0.3597185576077397
0.2776053215077605,0.25853658536585367,0.10687361419068736,0.35698447893569846
0.2770448548812665,0.25813544415127526,0.1077396657871592,0.357080035180299
0.2808249232119351,0.25625274243089075,0.104870557261957,0.3580517770952172
0.28295254833040423,0.2601054481546573,0.1023725834797891,0.3545694200351494
0.2820401046207498,0.25719267654751526,0.1041848299912816,0.35658238884045335
0.2756183745583039,0.2619257950530035,0.10159010600706714,0.36086572438162545
0.27768014059753954,0.2592267135325132,0.10325131810193322,0.35984182776801404
0.2770979020979021,0.26005244755244755,0.10620629370629371,0.35664335664335667
0.2776553547818422,0.25826355222565006,0.10709563684442486,0.35698545614808286
0.2786885245901639,0.2583074878156845,0.11032343819229065,0.3526805494018609
0.27631578947368424,0.25570175438596493,0.10833333333333334,0.35964912280701755
0.2755905511811024,0.2589676290463692,0.1062992125984252,0.35914260717410323
0.27320954907161804,0.2639257294429708,0.10565870910698497,0.3572060123784262
0.2765301629238221,0.2633201232937032,0.10479964773227653,0.35535006605019814
0.27775340061430454,0.2615182097411145,0.1039929793769197,0.35673541026766126
0.275022143489814,0.2657218777679362,0.09654561558901682,0.36271036315323296
0.27665198237885463,0.26387665198237886,0.09779735682819383,0.3616740088105727
0.27860915492957744,0.2574823943661972,0.10035211267605634,0.363556338028169
0.2728074041427942,0.2617893345085941,0.10401057734684883,0.3613926840017629
0.2717247463608293,0.2659902955447728,0.10322011468901632,0.3590648434053816
0.2768686421937196,0.26581158779301195,0.10084033613445378,0.3564794338788147
0.27045951859956235,0.26695842450765866,0.10196936542669584,0.36061269146608316
0.26563876651982377,0.2709251101321586,0.10308370044052863,0.360352422907489
0.26860413914575076,0.2760898282694848,0.10039630118890357,0.35490973139586085
0.27320954907161804,0.26790450928381965,0.09770114942528736,0.36118479221927496
0.27701200533570475,0.26233881725211206,0.09959982214317474,0.36104935526900844
0.2768758227292672,0.26327336551118913,0.09784993418165862,0.362000877577885
0.2852112676056338,0.25616197183098594,0.09683098591549295,0.3617957746478873
0.27276746242263483,0.25906277630415564,0.09814323607427056,0.37002652519893897
0.27212681638044917,0.26023778071334214,0.095112285336856,0.3725231175693527
0.26974267968056787,0.2675244010647737,0.09361135758651287,0.3691215616681455
0.27550130775937226,0.26634699215344376,0.09328683522231909,0.36486486486486486
0.2754700480979449,0.2675994752951465,0.09575863576738085,0.36117184083952775
0.2789382071366406,0.2654482158398607,0.09225413402959094,0.36335944299390777
0.2796985815602837,0.2650709219858156,0.08820921985815602,0.3670212765957447
0.2825112107623318,0.2713004484304933,0.08744394618834081,0.35874439461883406
0.27612272120942644,0.2694530902623388,0.09115162294353046,0.36327256558470433
0.27377266696152147,0.26448474126492705,0.08978328173374613,0.37195931003980537
0.2777047744196233,0.25405168637757336,0.09242225142356549,0.37582128777923784
0.27957931638913236,0.25766871165644173,0.09333917616126206,0.3694127957931639
0.27949499346974316,0.25729212015672615,0.09316499782324772,0.370047888550283
0.2740740740740741,0.25925925925925924,0.0915032679738562,0.37516339869281046
0.2708333333333333,0.2632978723404255,0.08909574468085106,0.37677304964539005
0.2742857142857143,0.2602197802197802,0.09142857142857143,0.3740659340659341
0.26790450928381965,0.26480990274093724,0.09283819628647215,0.374447391688771
0.2728081886960392,0.2643524699599466,0.09167779261237205,0.3711615487316422
0.27036547776309994,0.2633201232937032,0.0959929546455306,0.3703214442976662
0.27079646017699116,0.2646017699115044,0.09513274336283185,0.3694690265486726
0.2708971553610503,0.262144420131291,0.09584245076586433,0.37111597374179434
0.27480245829675154,0.26119402985074625,0.09701492537313433,0.3669885864793679
0.2753940455341506,0.26882661996497376,0.09719789842381786,0.3585814360770578
0.27701808557565066,0.2620202911336568,0.09704455227172475,0.3639170710189678
0.2785368003525782,0.255619215513442,0.09828118113706479,0.36756280299691496
0.2723330442324371,0.2623590633130963,0.09757155247181266,0.3677363399826539
0.2698624056813138,0.26187305814469597,0.09942299156679982,0.36884154460719043
0.27256637168141595,0.2663716814159292,0.09601769911504425,0.36504424778761063
0.2717247463608293,0.26775474194971327,0.0992501102779003,0.36127040141155714
0.2672566371681416,0.2721238938053097,0.09557522123893805,0.36504424778761063
0.2666083916083916,0.2692307692307692,0.09746503496503496,0.3666958041958042
0.2726069695632995,0.26775474194971327,0.09748566387295986,0.36215262461402736
0.2662251655629139,0.26666666666666666,0.0988962472406181,0.36821192052980134
0.26666666666666666,0.26445916114790285,0.09757174392935983,0.3713024282560706
0.27149122807017545,0.26666666666666666,0.09342105263157895,0.3684210526315789
0.2697512003491925,0.2671322566564819,0.09690091663029245,0.36621562636403315
0.2659947414548642,0.2708150744960561,0.09684487291849254,0.3663453111305872
0.26631393298059963,0.27116402116402116,0.09964726631393298,0.3628747795414462
0.26914660831509846,0.26652078774617066,0.0949671772428884,0.36936542669584244
0.2749021313614615,0.2662026968247064,0.09177903436276642,0.3671161374510657
0.27340989399293286,0.26369257950530034,0.09187279151943463,0.3710247349823322
0.27890556045895853,0.2594880847308032,0.09267431597528684,0.36893203883495146
0.2708150744960561,0.26906222611744085,0.09290096406660824,0.3672217353198948
0.26891123742894624,0.26541320507214694,0.09269785745518146,0.3729777000437254
0.27056753189617244,0.2657281126264848,0.09194896612406511,0.3717553893532776
0.27465723131357805,0.2636001769128704,0.0946483856700575,0.367094206103494
0.26897470039946736,0.2623169107856192,0.09454061251664447,0.374167776298269
0.27080581241743723,0.25935711140466755,0.09731395860854249,0.3725231175693527
0.2780249110320285,0.2584519572953737,0.09430604982206406,0.3692170818505338
0.27792436235708,0.2616534740545295,0.09542656112576957,0.3649956024626209
0.28213028169014087,0.2623239436619718,0.09507042253521127,0.36047535211267606
0.2845849802371542,0.2577953447518665,0.09881422924901186,0.3588054457619675
0.2891141472014103,0.25341560158660204,0.1000440722785368,0.35742617893345086
0.287677304964539,0.25930851063829785,0.09796099290780141,0.3550531914893617
0.28790534618755476,0.2572304995617879,0.09947414548641542,0.35539000876424187
0.2849015317286652,0.2551422319474836,0.10196936542669584,0.35798687089715536
0.282560706401766,0.25342163355408387,0.10066225165562914,0.363355408388521
0.2804931748128578,0.25583443416996915,0.09995596653456627,0.36371642448260677
0.2890453145622525,0.2542894852617686,0.10118785745710515,0.3554773427188737
0.28868258178603007,0.2608311229000884,0.09814323607427056,0.35234305923961096
0.28527472527472525,0.26153846153846155,0.1010989010989011,0.35208791208791207
0.28451698279664756,0.25981473312748127,0.1027790030877812,0.35288928098808997
0.28407079646017697,0.2570796460176991,0.10530973451327434,0.35353982300884956
0.28596568411790585,0.2564892212934448,0.10778706555213374,0.3497580290365156
0.2834507042253521,0.2596830985915493,0.1034330985915493,0.3534330985915493
0.2867163524769838,0.2634809294169224,0.10346339324857519,0.3463393248575186
0.2869179600886918,0.2598669623059867,0.09977827050997783,0.3534368070953437
0.28458844133099825,0.2692644483362522,0.09851138353765324,0.3476357267950963
0.29101221640488656,0.2674520069808028,0.1012216404886562,0.3403141361256545
0.29080510338759347,0.26616805983282005,0.10030796304443466,0.3427188737351518
0.2887912087912088,0.2641758241758242,0.09758241758241758,0.34945054945054943
0.2919805050952592,0.2702702702702703,0.09481612760301285,0.3429330970314577
0.293569844789357,0.2687361419068736,0.09401330376940133,0.3436807095343681
0.2919772029811486,0.2661113546690048,0.09294169224024551,0.3489697501096011
0.29969284774023697,0.26195699868363315,0.08995173321632295,0.34839842035980695
0.30013106159895153,0.26124945391000437,0.08868501529051988,0.34993446920052423
0.2964757709251101,0.26607929515418505,0.09251101321585903,0.3449339207048458
0.29473684210526313,0.2657894736842105,0.08903508771929824,0.35043859649122805
0.28940455341506127,0.2648861646234676,0.09194395796847636,0.35376532399299476
0.28209606986899566,0.2698689956331878,0.0925764192139738,0.3554585152838428
0.27929515418502204,0.27048458149779736,0.0947136563876652,0.35550660792951544
0.2768758227292672,0.26546731022378234,0.09828872312417727,0.35936814392277316
0.28742780986228345,0.27143491781430473,0.09817858729453577,0.34295868502887605
0.29440069991251094,0.26334208223972005,0.09536307961504811,0.3468941382327209
0.29251101321585904,0.2621145374449339,0.09823788546255506,0.347136563876652
0.29388297872340424,0.25930851063829785,0.09707446808510638,0.3497340425531915
0.29603831084022636,0.2590335219851981,0.09577710056595559,0.34915106660861994
0.2904782799473453,0.25756910925844667,0.09828872312417727,0.3536638876700307
0.2944542253521127,0.2535211267605634,0.09330985915492958,0.3587147887323944
0.2929602098819414,0.2571053782247486,0.09269785745518146,0.3572365544381286
0.29795737122557725,0.2539964476021314,0.09191829484902309,0.3561278863232682
0.2914997774810859,0.25189141076991545,0.09078771695594126,0.3658210947930574
0.2948717948717949,0.2572944297082228,0.08620689655172414,0.3616268788682582
0.2860915492957746,0.2592429577464789,0.08538732394366197,0.3692781690140845
0.2871726586773191,0.26276076342654237,0.08610741233910342,0.36395916555703506
0.2884108867427568,0.2642669007901668,0.08867427568042142,0.35864793678665496
0.292415607189829,0.25602805786935556,0.0925032880315651,0.35905304690925033
0.2895313184406483,0.26325010950503724,0.09329829172141918,0.3539202803328953
0.29308836395450566,0.26334208223972005,0.09492563429571303,0.34864391951006124
0.2924988903683977,0.26054150022192635,0.09276520195295163,0.35419440745672437
0.28736141906873613,0.2665188470066519,0.09268292682926829,0.3534368070953437
0.2896703296703297,0.26461538461538464,0.09538461538461539,0.35032967032967033
0.28775055679287304,0.27037861915367484,0.09398663697104677,0.34788418708240537
0.2901668129938543,0.2647058823529412,0.09920983318700614,0.34591747146619845
0.29091706888986396,0.26897762176393153,0.09916630100921457,0.3409390083369899
0.290251433612704,0.27040141155712394,0.10057344508160565,0.3387737097485664
0.2854020979020979,0.26835664335664333,0.10052447552447552,0.34571678321678323
0.28357551739321885,0.26992514310876264,0.09555261999119331,0.3509467195068252
0.2822193097422455,0.27304499781564,0.09785932721712538,0.3468763652249891
0.2763445561871447,0.26891123742894624,0.10100568430257979,0.3537385220813293
0.27481252756947505,0.2699602999558888,0.10454344949272165,0.3506837229819144
0.26850635129215944,0.27025843188786686,0.1011826544021025,0.3600525624178712
0.2635522256500661,0.27148523578669015,0.10268840899074483,0.3622741295724989
0.27232732072151344,0.2692476902771667,0.09986801583809943,0.35855697316322044
0.27692307692307694,0.2654945054945055,0.10021978021978022,0.35736263736263735
0.2820288587669436,0.2623524267599475,0.10100568430257979,0.3546130301705291
0.2801762114537445,0.26255506607929513,0.10572687224669604,0.3515418502202643
0.2761946514686541,0.26742656729504605,0.10653222270933801,0.34984655852696184
0.281305114638448,0.2689594356261023,0.10317460317460317,0.34656084656084657
0.2773146116717859,0.26590609916630104,0.10838086880210619,0.34839842035980695
0.28180633955709944,0.2687798523664785,0.1033434650455927,0.34607034303082934
0.27846425419240955,0.2687555163283319,0.10238305383936452,0.3503971756398941
0.2842881944444444,0.2647569444444444,0.09852430555555555,0.3524305555555556
0.2820849759088918,0.266754270696452,0.10249671484888305,0.3486640385457731
0.2857771906649053,0.2655217965653897,0.09731395860854249,0.3513870541611625
0.2917771883289125,0.2692307692307692,0.09372236958443855,0.34526967285587973
0.29188712522045857,0.27204585537918874,0.08994708994708994,0.3461199294532628
0.2950530035335689,0.2698763250883392,0.09143109540636042,0.34363957597173145
0.29096545615589015,0.2679362267493357,0.09344552701505757,0.34765279007971656
0.287467134092901,0.26730937773882557,0.09246275197195443,0.35276073619631904
0.2900130832969908,0.26951591801133884,0.09027474923680767,0.3501962494548626
0.28507795100222716,0.26859688195991094,0.09220489977728286,0.35412026726057905
0.2885964912280702,0.2710526315789474,0.09385964912280702,0.34649122807017546
0.2820061592608887,0.26748790145182577,0.09590849098108227,0.35459744830620327
0.28565140845070425,0.2676056338028169,0.09375,0.3529929577464789
0.28787205686361617,0.2687694358063083,0.09595735228787206,0.3474011550422035
0.29354553492484525,0.2634836427939876,0.09283819628647215,0.35013262599469497
0.29321663019693656,0.26520787746170676,0.09277899343544858,0.3487964989059081
0.2928852029681362,0.26625927542557837,0.09515495416848538,0.3457005674378001
0.2879581151832461,0.2591623036649215,0.0968586387434555,0.35602094240837695
0.29036515618125824,0.26132864056313243,0.0950285965684118,0.35327760668719754
0.28949691085613416,0.2678729037952339,0.09311562224183584,0.34951456310679613
0.29683377308707126,0.2642919964819701,0.09454705364995603,0.34432717678100266
0.2972972972972973,0.26982720425343376,0.09570225963668587,0.3371732388125831
0.30097517730496454,0.26817375886524825,0.09574468085106383,0.3351063829787234
0.3046909250328803,0.2590968873301184,0.0933800964489259,0.3428320911880754
0.3084029916410031,0.2595688517377915,0.09326880774307084,0.33875934887813464
0.31310894596988487,0.2524357838795394,0.09654561558901682,0.3379096545615589
0.31338028169014087,0.2574823943661972,0.09463028169014084,0.3345070422535211
0.3147985989492119,0.25569176882662,0.09281961471103327,0.3366900175131349
0.31625441696113077,0.25530035335689044,0.09363957597173145,0.33480565371024734
0.31782265144863914,0.2550482879719052,0.09306409130816505,0.3340649692712906
0.31507449605609117,0.25766871165644173,0.09377738825591586,0.3334794040315513
0.31932773109243695,0.2560813799203892,0.09066784608580274,0.3339230429013711
0.3188405797101449,0.2463768115942029,0.0992534036012297,0.33552920509442247
0.3245382585751979,0.24318381706244502,0.10158311345646438,0.3306948109058927
0.3244798583444002,0.2412571934484285,0.10004426737494466,0.33421868083222667
0.32255244755244755,0.23994755244755245,0.10096153846153846,0.33653846153846156
0.32427695004382123,0.23444347063978965,0.1021034180543383,0.33917616126205086
0.3206881340979268,0.23820026466696073,0.10145566828407587,0.33965593295103663
0.31984161900571934,0.24197096348438188,0.09370875494940607,0.34447866256049275
0.3131046613896218,0.2423043095866315,0.09718557607739665,0.34740545294635006
0.312967032967033,0.24043956043956044,0.09802197802197803,0.3485714285714286
0.31115028646981047,0.2357866901718819,0.1004847950639048,0.35257822829440283
0.30971128608923887,0.23403324584426946,0.1010498687664042,0.3552055993000875
0.31117957746478875,0.23591549295774647,0.10079225352112677,0.352112676056338
0.32022717343818263,0.22935779816513763,0.10091743119266056,0.34949759720401924
0.31714785651793526,0.2331583552055993,0.10411198600174978,0.3455818022747157
0.3137254901960784,0.23618538324420676,0.10383244206773619,0.3462566844919786
0.30870135548753824,0.2334936598163533,0.10362920857017928,0.35417577612592915
0.3098901098901099,0.2347252747252747,0.10197802197802198,0.3534065934065934
0.3030035335689046,0.23719081272084805,0.10379858657243816,0.35600706713780916
0.3044434667839859,0.2432908051033876,0.10118785745710515,0.3510778706555213
0.30898627711376714,0.23948649845064188,0.10048694112439133,0.35104028331119963
0.309114927344782,0.24174372523117568,0.0977542932628798,0.3513870541611625
0.3144488361879666,0.2375933245498463,0.09793588054457619,0.3500219587176109
0.31492932862190814,0.23719081272084805,0.09319787985865724,0.3546819787985866
0.3065083553210202,0.2436235708003518,0.09630606860158311,0.35356200527704484
0.30114135206321335,0.24539069359086918,0.09657594381035997,0.3568920105355575
0.30221238938053097,0.25663716814159293,0.09734513274336283,0.3438053097345133
0.30105170902716916,0.2581069237510955,0.09465381244522349,0.3461875547765118
0.29558373414954087,0.264975951027547,0.09575863576738085,0.34368167905553126
0.30436681222707423,0.26506550218340613,0.09519650655021834,0.3353711790393013
0.3013698630136986,0.26557666813963765,0.09765797613787008,0.33539549270879365
0.30149647887323944,0.2720070422535211,0.0977112676056338,0.3287852112676056
0.3071177504393673,0.265817223198594,0.09314586994727592,0.3339191564147627
0.3130779392338177,0.26816380449141347,0.09335094671950682,0.325407309555262
0.31269079808111644,0.26820758831225466,0.09158307893589185,0.32751853467073705
0.30772626931567326,0.2671081677704194,0.09315673289183223,0.33200883002207504
0.29747675962815406,0.27578574590526783,0.09738822487826472,0.3293492695883134
0.3037135278514589,0.27320954907161804,0.09416445623342175,0.32891246684350134
0.30817051509769094,0.26287744227353466,0.09547069271758436,0.33348134991119005
0.31266490765171506,0.2647317502198769,0.0932277924362357,0.32937554969217236
0.3111888111888112,0.2652972027972028,0.09527972027972027,0.32823426573426573
0.31252766710934043,0.26073483842408146,0.09606020362992475,0.33067729083665337
0.3142353459673865,0.25870427501101806,0.09519612163948876,0.3318642573821067
0.3112379280070237,0.2581211589113257,0.09482001755926252,0.3358208955223881
0.30253940455341505,0.26225919439579687,0.09544658493870403,0.3397548161120841
0.29713024282560707,0.26048565121412803,0.09977924944812362,0.3426048565121413
0.30295024218405986,0.2628797886393659,0.095112285336856,0.3390576838397182
0.3050397877984085,0.25862068965517243,0.09460654288240496,0.34173297966401417
0.30963802878325336,0.2568687309201919,0.09027474923680767,0.34321849105974706
0.30830741892492225,0.2554420257663261,0.09462461128387384,0.34162594402487784
0.3048458149779736,0.25682819383259914,0.09162995594713656,0.34669603524229076
0.3029244871235268,0.2544740288083806,0.08860759493670886,0.3539938891313837
0.29871851524524967,0.2607158638974812,0.0897039328325232,0.35086168802474593
0.3024989039894783,0.25865848312143797,0.09601052170100834,0.3428320911880754
0.29775033083370095,0.2615791795324217,0.09131010145566829,0.3493603881782091
0.30924222514235655,0.25229960578186594,0.09680245291283399,0.3416557161629435
0.3054448871181939,0.2527667109340416,0.09738822487826472,0.34440017706949977
0.31082858395440593,0.24813678211310827,0.09864094695309075,0.342393686979395
0.3089788732394366,0.24867957746478872,0.10035211267605634,0.3419894366197183
0.3077597544936431,0.24199912319158265,0.09864094695309075,0.3516001753616835
0.31208499335989376,0.2478972996901284,0.09384683488269145,0.3461708720672864
0.31037527593818987,0.25165562913907286,0.09359823399558499,0.3443708609271523
0.316651904340124,0.24534986713906112,0.08945969884853854,0.34853852967227633
0.30459518599562363,0.25207877461706785,0.0936542669584245,0.34967177242888403
0.3098901098901099,0.258021978021978,0.09230769230769231,0.33978021978021977
0.30565371024734983,0.25176678445229683,0.09363957597173145,0.3489399293286219
0.3077597544936431,0.2503288031565103,0.0911880754055239,0.35072336694432266
0.30735358872743285,0.25055041831792163,0.09731395860854249,0.34478203434610305
0.3093873953283385,0.24151608638166594,0.10136624063464081,0.3477302776553548
0.30375275938189844,0.247682119205298,0.10022075055187638,0.3483443708609272
