R,A,S,N
0.0,0.0,1.0,0.0
0.0,0.0,0.0,1.0
0.0,0.0,0.5,0.5
0.0,0.0,0.0,1.0
0.0,0.3333333333333333,0.0,0.6666666666666666
0.0,0.6,0.0,0.4
0.2,0.4,0.0,0.4
0.2,0.4,0.0,0.4
0.2857142857142857,0.42857142857142855,0.0,0.2857142857142857
0.14285714285714285,0.42857142857142855,0.14285714285714285,0.2857142857142857
0.14285714285714285,0.42857142857142855,0.14285714285714285,0.2857142857142857
0.2222222222222222,0.4444444444444444,0.1111111111111111,0.2222222222222222
0.2727272727272727,0.2727272727272727,0.18181818181818182,0.2727272727272727
0.35714285714285715,0.21428571428571427,0.14285714285714285,0.2857142857142857
0.35714285714285715,0.21428571428571427,0.21428571428571427,0.21428571428571427
0.3076923076923077,0.15384615384615385,0.3076923076923077,0.23076923076923078
0.5294117647058824,0.11764705882352941,0.23529411764705882,0.11764705882352941
0.6,0.08,0.2,0.12
0.625,0.09375,0.15625,0.125
0.6285714285714286,0.11428571428571428,0.14285714285714285,0.11428571428571428
0.7380952380952381,0.07142857142857142,0.11904761904761904,0.07142857142857142
0.7547169811320755,0.05660377358490566,0.09433962264150944,0.09433962264150944
0.7846153846153846,0.046153846153846156,0.07692307692307693,0.09230769230769231
0.7777777777777778,0.04938271604938271,0.06172839506172839,0.1111111111111111
0.801980198019802,0.0297029702970297,0.04950495049504951,0.1188118811881188
0.7899159663865546,0.025210084033613446,0.04201680672268908,0.14285714285714285
0.8188405797101449,0.014492753623188406,0.043478260869565216,0.12318840579710146
0.8083832335329342,0.011976047904191617,0.04790419161676647,0.1317365269461078
0.8118811881188119,0.009900990099009901,0.034653465346534656,0.14356435643564355
0.8132780082987552,0.016597510373443983,0.029045643153526972,0.14107883817427386
0.8118466898954704,0.013937282229965157,0.03484320557491289,0.13937282229965156
0.8,0.015384615384615385,0.033846153846153845,0.15076923076923077
0.7944444444444444,0.019444444444444445,0.030555555555555555,0.15555555555555556
0.7857142857142857,0.019704433497536946,0.027093596059113302,0.16748768472906403
0.7690631808278867,0.023965141612200435,0.02832244008714597,0.1786492374727669
0.7729941291585127,0.023483365949119372,0.025440313111545987,0.1780821917808219
0.7739130434782608,0.02608695652173913,0.020869565217391306,0.1791304347826087
0.7681388012618297,0.022082018927444796,0.02050473186119874,0.1892744479495268
0.759656652360515,0.024320457796852647,0.02145922746781116,0.19456366237482117
0.7509778357235984,0.02216427640156454,0.01955671447196871,0.20730117340286833
0.734207389749702,0.026221692491060787,0.017878426698450536,0.22169249106078665
0.750278706800446,0.022296544035674472,0.020066889632107024,0.20735785953177258
0.7482376636455186,0.022155085599194362,0.02014098690835851,0.2094662638469285
0.7462825278810409,0.022304832713754646,0.01858736059479554,0.2128252788104089
0.7515364354697103,0.02370500438981563,0.019315188762071993,0.2054433713784021
0.7376116978066612,0.025995125913891144,0.020308692120227456,0.21608448415922016
0.739097169089518,0.02754399387911247,0.020657995409334353,0.2127008416220352
0.7463872832369942,0.024566473988439308,0.023121387283236993,0.20592485549132947
0.7520380434782609,0.02377717391304348,0.024456521739130436,0.19972826086956522
0.7436708860759493,0.024050632911392405,0.024050632911392405,0.20822784810126582
0.7530339805825242,0.023058252427184466,0.025485436893203883,0.19842233009708737
0.7466973004020678,0.02469844916714532,0.026995979322228605,0.2016082711085583
0.7569939659901261,0.024136039495337356,0.024684585847504114,0.19418540866703238
0.7604442094130089,0.020624008461131677,0.02168164992067689,0.19725013220518245
0.7580071174377224,0.02338586680223691,0.020335536349771224,0.19827147941026946
0.7594687653713723,0.024102311854402363,0.02115100836202656,0.19527791441219872
0.7579496915045087,0.023730422401518746,0.019933554817275746,0.19838633127669672
0.7558356676003735,0.026143790849673203,0.0196078431372549,0.1984126984126984
0.7580348943985308,0.027548209366391185,0.019742883379247015,0.19467401285583102
0.7602862254025045,0.026386404293381037,0.020125223613595707,0.19320214669051877
0.7577528089887641,0.025168539325842697,0.023370786516853932,0.19370786516853933
0.757454383622608,0.024922118380062305,0.021361815754339118,0.19626168224299065
0.753014738722644,0.026351049575703438,0.022778025904421618,0.1978561857972309
0.7536617842876165,0.027075011096316024,0.0230803373280071,0.19618286728806036
0.749003984063745,0.027445772465692783,0.02257636122177955,0.20097388224878265
0.7597173144876325,0.022968197879858657,0.022968197879858657,0.19434628975265017
0.7570546737213404,0.026455026455026454,0.022486772486772486,0.19400352733686066
0.7582562747688243,0.025979744605900485,0.023778071334214,0.1919859092910612
0.7605321507760532,0.0270509977827051,0.02350332594235033,0.18891352549889134
0.7601066192803199,0.03065304309195913,0.021768103065304308,0.1874722345624167
0.7599293909973521,0.03398058252427184,0.022506619593998235,0.18358340688437777
0.7639257294429708,0.03183023872679045,0.022546419098143235,0.1816976127320955
0.7619047619047619,0.032932799287939477,0.023141967067200713,0.18202047174009792
0.7675341861490957,0.030436700485222762,0.022055580061755623,0.1799735333039259
0.7686864219371959,0.030959752321981424,0.022114108801415303,0.17823971693940735
0.7662108513453904,0.032201146890163214,0.024261138067931187,0.1773268636965152
0.7642348754448398,0.032473309608540925,0.025800711743772242,0.17749110320284697
0.756152125279642,0.03445190156599553,0.025950782997762864,0.18344519015659955
0.7574147853032315,0.038069942452412575,0.02611775121735281,0.1783975210270031
0.7606951871657754,0.0374331550802139,0.022727272727272728,0.17914438502673796
0.7618006993006993,0.0388986013986014,0.023164335664335664,0.17613636363636365
0.7590523021904336,0.041573535985695124,0.022798390701832812,0.17657577112203846
0.7580213903743316,0.04367201426024955,0.024955436720142603,0.17335115864527628
0.7677935943060499,0.041370106761565835,0.020462633451957295,0.17037366548042704
0.7595725734639359,0.04363312555654497,0.0213713268032057,0.17542297417631345
0.7567084078711985,0.04561717352415027,0.022808586762075134,0.17486583184257604
0.758266309204647,0.045576407506702415,0.02323503127792672,0.17292225201072386
0.751219512195122,0.048337028824833705,0.024390243902439025,0.17605321507760532
0.7562166962699822,0.04884547069271759,0.021314387211367674,0.1736234458259325
0.7516688918558078,0.0520694259012016,0.021806853582554516,0.17445482866043613
0.7528684907325685,0.0498676081200353,0.023389232127096204,0.17387466902030008
0.7576700755891508,0.04535349044019564,0.026678523788350377,0.17029791018230325
0.751221679253665,0.04620168813860506,0.028876055086628164,0.17370057752110174
0.75625,0.045089285714285714,0.027678571428571427,0.17098214285714286
0.7580135440180586,0.04469525959367946,0.028893905191873587,0.16839729119638827
0.7554179566563467,0.0437859354268023,0.026536930561698365,0.1742591773551526
0.7615658362989324,0.04181494661921708,0.027135231316725978,0.16948398576512455
0.7629464285714286,0.038392857142857145,0.029910714285714287,0.16875
0.7598932859048466,0.040017785682525564,0.031124944419742107,0.16896398399288573
0.765929203539823,0.03761061946902655,0.026991150442477876,0.16946902654867257
0.7682441397611677,0.038920831490490936,0.026094648385670056,0.1667403803626714
0.7672759696834597,0.03789567543468569,0.023629068212215783,0.17119928666963888
0.7635881573133009,0.038886433937251434,0.023862129916040652,0.173663278833407
0.760352422907489,0.04537444933920705,0.02378854625550661,0.17048458149779736
0.7606687197536296,0.04575450945886494,0.02243730752309723,0.17113946326440826
0.7601950354609929,0.044326241134751775,0.02526595744680851,0.1702127659574468
0.7627721012883163,0.0422034651266104,0.023989338071968014,0.17103509551310528
0.767577250335871,0.04075235109717868,0.0219435736677116,0.16972682489923868
0.7664884135472371,0.039661319073083776,0.0213903743315508,0.17245989304812834
0.7685102586975915,0.03791257805530776,0.02096342551293488,0.1726137377341659
0.7691622103386809,0.03787878787878788,0.02094474153297683,0.17201426024955438
0.7691629955947137,0.04008810572687225,0.022026431718061675,0.16872246696035242
0.7673179396092362,0.03996447602131439,0.022202486678507993,0.1705150976909414
0.761353517364203,0.041852181656277826,0.02404274265360641,0.17275155832591274
0.7622624834290764,0.04197967300044189,0.023862129916040652,0.171895713654441
0.766740576496674,0.041685144124168516,0.02350332594235033,0.16807095343680709
0.7697426796805679,0.03948535936113576,0.023957409050576754,0.1668145519077196
0.7727879057358826,0.0377945753668297,0.024899955535793685,0.164517563361494
0.7696754112939084,0.03912850155624722,0.023566029346376166,0.1676300578034682
0.7705281846426987,0.040834442964935644,0.023524189968930315,0.16511318242343542
0.7706219673577415,0.04058226731363035,0.023820026466696075,0.16497573886193206
0.7666666666666667,0.04078947368421053,0.028070175438596492,0.16447368421052633
0.7715422006186479,0.04021210782147592,0.025187803800265134,0.16305788775961114
0.7765486725663717,0.03805309734513274,0.027876106194690265,0.15752212389380532
0.7736351531291611,0.03905903240124279,0.027518863737239236,0.15978695073235685
0.775975449364314,0.03857957036387549,0.028057869355545814,0.15738711091626478
0.7800625838176128,0.03799731783638802,0.029056772463120252,0.15288332588287887
0.7779743476337904,0.03582485625829279,0.0291906236178682,0.15701017249004864
0.7769467663880334,0.034755829300483945,0.030356357237131544,0.15794104707435108
0.7773851590106007,0.037102473498233215,0.03180212014134275,0.15371024734982333
0.778858911985847,0.034055727554179564,0.03051747014595312,0.15656789031402035
0.7774336283185841,0.034070796460176994,0.030530973451327433,0.1579646017699115
0.7821302816901409,0.03169014084507042,0.030369718309859156,0.15580985915492956
0.7797961896322552,0.03322995126273815,0.03145768719539211,0.15551617190961453
0.7786702365015618,0.03168228469433289,0.03257474341811691,0.1570727353859884
0.7717198581560284,0.034131205673758866,0.03634751773049645,0.15780141843971632
0.7727272727272727,0.03431372549019608,0.03431372549019608,0.1586452762923351
0.7798657718120805,0.03534675615212528,0.035794183445190156,0.14899328859060404
0.7712742008104457,0.037370553804592525,0.034218820351193155,0.15713642503376857
0.7798408488063661,0.036251105216622455,0.03183023872679045,0.15207780725022105
0.7830357142857143,0.03214285714285714,0.033035714285714286,0.15178571428571427
0.7845673505798394,0.03256021409455843,0.034344335414808205,0.14852809991079394
0.7863134657836645,0.031788079470198675,0.03443708609271523,0.14746136865342163
0.7793468667255075,0.03089143865842895,0.03265666372462489,0.15710503089143865
0.7824175824175824,0.03164835164835165,0.02989010989010989,0.15604395604395604
0.7809187279151943,0.03356890459363958,0.02871024734982332,0.15680212014134276
0.7823371989295272,0.032114183764495985,0.026761819803746655,0.15878679750223015
0.7891699955614736,0.03062583222370173,0.02663115845539281,0.15357301375943186
0.7843833185448092,0.03194321206743567,0.025732031943212066,0.15794143744454303
0.7798853109836789,0.03440670489633877,0.027790030877812087,0.15791795324217026
0.7816091954022989,0.03669319186560566,0.026967285587975242,0.15473032714412024
0.7815989280928987,0.03974988834301027,0.029477445288075034,0.14917373827601607
0.7793987621573828,0.03934571175950486,0.028293545534924844,0.15296198054818744
0.7782258064516129,0.04121863799283154,0.0264336917562724,0.15412186379928317
0.7697426796805679,0.04480922803904171,0.026619343389529725,0.15882874889086068
0.7703306523681859,0.045576407506702415,0.025915996425379804,0.1581769436997319
0.7732739420935412,0.040979955456570155,0.026280623608017816,0.15946547884187082
0.7705357142857143,0.04241071428571429,0.026339285714285714,0.16071428571428573
0.7662047384890478,0.04336164506034868,0.02682163611980331,0.16361198033080018
0.7711640211640212,0.03968253968253968,0.024250440917107582,0.16490299823633156
0.7646009808292465,0.04057066428889879,0.024966562639322336,0.1698617922425323
0.7607825700311249,0.03868385949310805,0.023121387283236993,0.17741218319253002
0.7448706512042819,0.041480820695807316,0.02408563782337199,0.1895628902765388
0.7557829181494662,0.0400355871886121,0.023576512455516015,0.1806049822064057
0.75,0.04380530973451328,0.023451327433628318,0.1827433628318584
0.7549107142857143,0.04107142857142857,0.021875,0.18214285714285713
0.752017937219731,0.04170403587443946,0.025112107623318385,0.18116591928251122
0.7580500894454383,0.03622540250447227,0.0259391771019678,0.17978533094812166
0.7632743362831859,0.03672566371681416,0.026106194690265486,0.1738938053097345
0.7664884135472371,0.03253119429590018,0.025846702317290554,0.1751336898395722
0.7657015590200446,0.03162583518930958,0.023608017817371936,0.17906458797327393
0.7681352914997774,0.032487761459724075,0.023141967067200713,0.17623497997329773
0.7711751662971175,0.03148558758314856,0.025720620842572064,0.17161862527716187
0.7719840919133893,0.03093239063190455,0.02562969509500663,0.17145382235969953
0.7739634418189925,0.028533214444939812,0.024966562639322336,0.17253678109674542
0.7711864406779662,0.027653880463871544,0.026761819803746655,0.1743978590544157
0.7717584369449378,0.028419182948490232,0.02797513321492007,0.17184724689165187
0.7708978328173375,0.027421494913754976,0.028748341441839895,0.17293233082706766
0.7742643829600351,0.02766798418972332,0.02854633289415898,0.16952129995608256
0.7741508601676224,0.0282311424790472,0.02867225408028231,0.1689457432730481
0.772887323943662,0.028169014084507043,0.028609154929577465,0.17033450704225353
0.7741652021089631,0.02680140597539543,0.027240773286467488,0.171792618629174
0.7800884955752212,0.02654867256637168,0.02743362831858407,0.16592920353982302
0.7789145907473309,0.02802491103202847,0.027580071174377226,0.16548042704626334
0.7845132743362832,0.027876106194690265,0.025221238938053097,0.16238938053097346
0.7835420393559929,0.027728085867620753,0.025044722719141325,0.16368515205724507
0.7868199911543565,0.02697921273772667,0.027421494913754976,0.15877930119416186
0.793800539083558,0.027403414195867025,0.02336028751123091,0.1554357592093441
0.7960819234194123,0.029385574354407838,0.0213713268032057,0.15316117542297417
0.7961980548187445,0.030061892130857647,0.02431476569407604,0.14942528735632185
0.7919821826280624,0.030734966592427616,0.024498886414253896,0.15278396436525613
0.7977031802120141,0.02959363957597173,0.023851590106007067,0.14885159010600707
0.7938325991189428,0.032158590308370046,0.02290748898678414,0.1511013215859031
0.7967081850533808,0.030249110320284697,0.02402135231316726,0.14902135231316727
0.8006258381761288,0.030397854269110416,0.0232454179704962,0.14573088958426464
0.7963458110516934,0.031194295900178252,0.02406417112299465,0.1483957219251337
0.7915367483296214,0.032071269487750555,0.024944320712694878,0.1514476614699332
0.7934105075690115,0.030276046304541407,0.026714158504007122,0.1495992876224399
0.7902004454342985,0.031180400890868598,0.025835189309576838,0.15278396436525613
0.7885739991003149,0.03148897885739991,0.024291497975708502,0.1556455240665767
0.7882404951370469,0.03094606542882405,0.026525198938992044,0.15428824049513704
0.7810154525386314,0.033112582781456956,0.025607064017660046,0.16026490066225166
0.7802491103202847,0.03202846975088968,0.02491103202846975,0.16281138790035588
0.7826475849731663,0.03220035778175313,0.022808586762075134,0.16234347048300538
0.7876106194690266,0.031415929203539826,0.022123893805309734,0.1588495575221239
0.7822222222222223,0.03333333333333333,0.023555555555555555,0.1608888888888889
0.7866962305986697,0.03636363636363636,0.02394678492239468,0.15299334811529933
0.7883853937527496,0.03695556533216014,0.024197096348438186,0.150461944566652
0.7913315460232351,0.040214477211796246,0.021894548704200177,0.14655942806076855
0.7908322207387628,0.04183355585224744,0.02091677792612372,0.14641744548286603
0.7906976744186046,0.042486583184257604,0.019230769230769232,0.1475849731663685
0.7893333333333333,0.041777777777777775,0.020444444444444446,0.14844444444444443
0.7852081488042516,0.04118689105403012,0.023029229406554472,0.15057573073516387
0.7901726427622842,0.03851261620185923,0.023461708720672863,0.1478530323151837
0.7875555555555556,0.03866666666666667,0.025333333333333333,0.14844444444444443
0.7865470852017937,0.039013452914798206,0.025560538116591928,0.14887892376681613
0.7816964285714286,0.04017857142857143,0.02544642857142857,0.15267857142857144
0.7850425436632333,0.039856695029108824,0.02821316614420063,0.14688759516345723
0.7919254658385093,0.03948535936113576,0.023957409050576754,0.14463176574977818
0.7904085257548845,0.03641207815275311,0.023534635879218474,0.14964476021314388
0.7935024477080552,0.035603026257231864,0.023141967067200713,0.14775255896751224
0.788546255506608,0.039647577092511016,0.022466960352422908,0.14933920704845816
0.7872903795233892,0.04236540158870256,0.02118270079435128,0.14916151809355693
0.7896382313532827,0.04198302813756141,0.022331397945511387,0.1460473425636445
0.7933481152993348,0.04124168514412417,0.022172949002217297,0.14323725055432374
0.7964365256124721,0.03830734966592428,0.02093541202672606,0.1443207126948775
0.8005342831700801,0.036064113980409616,0.020480854853072127,0.1429207479964381
0.7977678571428571,0.03526785714285714,0.020535714285714286,0.14642857142857144
0.7950200088928413,0.03646064917741218,0.020898176967541128,0.14762116496220543
0.7956560283687943,0.03590425531914894,0.02171985815602837,0.14671985815602837
0.7965348733896046,0.03820524211461573,0.024877832074633496,0.14038205242114615
0.7970057243505064,0.03963011889035667,0.02553940995156319,0.13782474680757376
0.7878919860627178,0.041811846689895474,0.02700348432055749,0.14329268292682926
0.7856514084507042,0.04357394366197183,0.027288732394366196,0.14348591549295775
0.7883928571428571,0.04285714285714286,0.028125,0.140625
0.7882562277580071,0.04359430604982206,0.027580071174377226,0.14056939501779359
0.7893813075910487,0.04168494953927161,0.025449758666081616,0.14348398420359806
0.7913508693713777,0.04012483281319661,0.024966562639322336,0.14355773517610343
0.7911646586345381,0.03792949576082106,0.0249888442659527,0.1459170013386881
0.7949977668602054,0.03796337650736936,0.0241179097811523,0.14292094685127288
0.7966326982720425,0.03898980948161276,0.02525476295968099,0.13912272928666372
0.7929359823399559,0.037969094922737305,0.026048565121412803,0.14304635761589404
0.7937777777777778,0.03911111111111111,0.026222222222222223,0.1408888888888889
0.796271637816245,0.03905903240124279,0.02574345317354638,0.13892587660896583
0.7955145118733509,0.03913808267370272,0.025505716798592787,0.13984168865435356
0.7956043956043956,0.04131868131868132,0.024615384615384615,0.13846153846153847
0.7954946996466431,0.04372791519434629,0.023409893992932862,0.13736749116607774
0.7966786355475763,0.04398563734290844,0.02378815080789946,0.1355475763016158
0.7950782997762863,0.04429530201342282,0.025950782997762864,0.13467561521252797
0.797496647295485,0.042914617791685296,0.02548055431381314,0.13410818059901655
0.8000892458723784,0.041499330655957165,0.027219991075412762,0.13119143239625167
0.8012477718360071,0.04233511586452763,0.026292335115864526,0.13012477718360071
0.8023925564909171,0.042977403633141335,0.02658396101019052,0.128046078865751
0.8052820053715309,0.04252461951656222,0.025067144136078783,0.12712623097582812
0.806899641577061,0.04032258064516129,0.0264336917562724,0.12634408602150538
0.8095238095238095,0.04019222367846221,0.024464831804281346,0.1258191349934469
0.8063943161634103,0.040408525754884544,0.02708703374777975,0.1261101243339254
0.8056537102473498,0.04151943462897526,0.02561837455830389,0.127208480565371
0.8060035842293907,0.042114695340501794,0.025985663082437275,0.12589605734767026
0.8118545127974854,0.042209250112258644,0.022002694207453974,0.12393354288280198
0.809732573432705,0.04296361245067953,0.023235423060061378,0.12406839105655414
0.8066783831282952,0.04525483304042179,0.024165202108963092,0.12390158172231985
0.8065083553210203,0.040457343887423045,0.025505716798592787,0.12752858399296393
0.8125824901011879,0.039595248570171576,0.02375714914210295,0.12406511218653761
0.8175376439326838,0.04030115146147033,0.021700620017714792,0.1204605845881311
0.8169702354509107,0.03909373611728121,0.021768103065304308,0.12216792536650378
0.8105924596050269,0.03859964093357271,0.02423698384201077,0.12657091561938957
0.8147651006711409,0.03803131991051454,0.02237136465324385,0.12483221476510067
0.815512708150745,0.03768624014022787,0.022348816827344433,0.12445223488168274
0.8164079822616408,0.03813747228381375,0.02350332594235033,0.12195121951219512
0.8168888888888889,0.036,0.023555555555555555,0.12355555555555556
0.8178173719376391,0.03429844097995546,0.024944320712694878,0.12293986636971047
0.8148974130240857,0.03479036574487065,0.025869759143621766,0.12444246208742195
0.8253333333333334,0.03288888888888889,0.024,0.11777777777777777
0.8257408226448474,0.030959752321981424,0.02697921273772667,0.1163202122954445
0.8230008984725966,0.03099730458221024,0.027403414195867025,0.11859838274932614
0.8209821428571429,0.033035714285714286,0.026339285714285714,0.11964285714285715
0.8236617183985605,0.0310391363022942,0.025191183085919926,0.12010796221322537
0.8221431747443309,0.03201422854602046,0.024455313472654512,0.12138728323699421
0.8197879858657244,0.03136042402826855,0.02429328621908127,0.12455830388692579
0.8236068451075033,0.031592803861342694,0.023255813953488372,0.12154453707766565
0.8235294117647058,0.03143242029636282,0.025145936237090254,0.11989223170184105
0.8266666666666667,0.03244444444444444,0.025777777777777778,0.11511111111111111
0.8294538943598926,0.02999104744852283,0.026410026857654433,0.11414503133393017
0.8286479250334672,0.03034359660865685,0.028112449799196786,0.11289602855867917
0.8284444444444444,0.028888888888888888,0.029333333333333333,0.11333333333333333
0.8314657104437472,0.026445540116539667,0.029134917077543704,0.11295383236216944
0.8304856115107914,0.026079136690647483,0.02922661870503597,0.11420863309352518
0.828988068935042,0.0273972602739726,0.027839151568714096,0.11577551922227132
0.8253968253968254,0.028659611992945325,0.027336860670194002,0.11860670194003527
0.82560706401766,0.027373068432671083,0.029580573951434878,0.11743929359823399
0.8250218722659668,0.02668416447944007,0.02799650043744532,0.12029746281714786
0.8260097647581003,0.027518863737239236,0.02574345317354638,0.12072791833111407
0.8331862312444837,0.028684907325684024,0.02206531332744925,0.11606354810238305
0.8291479820627803,0.026905829596412557,0.027354260089686097,0.11659192825112108
0.8258351893095769,0.025389755011135856,0.028953229398663696,0.11982182628062361
0.8246869409660107,0.0259391771019678,0.02996422182468694,0.11940966010733453
0.8306131451257168,0.025143361270401413,0.027790030877812087,0.1164534627260697
0.8323036187113857,0.0264783759929391,0.026037069726390114,0.11518093556928509
0.8315649867374005,0.026083112290008842,0.026083112290008842,0.11626878868258178
0.8343010272443055,0.029030817329164807,0.026797677534613668,0.10987047789191604
0.8317962231005709,0.02766798418972332,0.028107158541941152,0.11242863416776461
0.8338461538461538,0.025934065934065935,0.027252747252747254,0.11296703296703296
0.8279947345326898,0.02720491443615621,0.028082492321193506,0.11671785870996051
0.8325167037861916,0.024944320712694878,0.029398663697104678,0.11314031180400891
0.8352575488454707,0.02708703374777975,0.02664298401420959,0.11101243339253997
0.8370860927152318,0.026931567328918323,0.0282560706401766,0.10772626931567329
0.8382809038546744,0.026140894993354008,0.027913159060700046,0.1076650420912716
0.83772910147519,0.027268663388466695,0.029056772463120252,0.10594546267322306
0.8363880196691998,0.02637460885113992,0.03173893607510058,0.10549843540455968
0.8366622281402575,0.02663115845539281,0.032845095428317796,0.10386151797603196
0.8368606701940036,0.026455026455026454,0.03262786596119929,0.10405643738977072
0.8391515687140964,0.026513477684489615,0.03137428192664605,0.10296067167476801
0.8375499334221038,0.027075011096316024,0.03151353750554816,0.10386151797603196
0.8394898856640282,0.023746701846965697,0.02990325417766051,0.10686015831134564
0.8354148082069581,0.024977698483496878,0.03256021409455843,0.10704727921498662
0.8362676056338029,0.025528169014084508,0.03345070422535211,0.10475352112676056
0.8369325694138386,0.027324812692816218,0.03437637725870427,0.10136624063464081
0.8353982300884956,0.02654867256637168,0.031415929203539826,0.10663716814159292
0.8358407079646017,0.024778761061946902,0.031415929203539826,0.1079646017699115
0.8342198581560284,0.02526595744680851,0.03102836879432624,0.10948581560283688
0.8354767184035476,0.025277161862527715,0.02926829268292683,0.10997782705099779
0.8367528991971455,0.024977698483496878,0.026761819803746655,0.11150758251561106
0.838150289017341,0.024455313472654512,0.024455313472654512,0.11293908403734994
0.8337789661319073,0.027629233511586453,0.026737967914438502,0.11185383244206773
0.8329631274988893,0.028431808085295423,0.028876055086628164,0.10972900932918703
0.8253968253968254,0.03130511463844797,0.031746031746031744,0.11155202821869488
0.8284444444444444,0.03111111111111111,0.033777777777777775,0.10666666666666667
0.8320070733863837,0.02961980548187445,0.03183023872679045,0.10654288240495137
0.8390652557319224,0.029541446208112873,0.03130511463844797,0.10008818342151675
0.8433303491495077,0.02820053715308863,0.02775290957923008,0.10071620411817368
0.8460176991150442,0.026991150442477876,0.029646017699115044,0.09734513274336283
0.8503311258278146,0.02781456953642384,0.0282560706401766,0.09359823399558499
0.851044908848377,0.02712316585148955,0.026678523788350377,0.09515340151178302
0.8481349911190054,0.02708703374777975,0.027531083481349913,0.09724689165186501
0.8497988377291015,0.027715690657130084,0.028609745194456863,0.09387572641931158
0.8529676258992805,0.02877697841726619,0.02697841726618705,0.09127697841726619
0.8526924788607032,0.02892745883400089,0.027147307521139297,0.09123275478415666
0.8575244879786287,0.02983081032947462,0.02715939447907391,0.0854853072128228
0.8552218735992828,0.03182429403854774,0.026445540116539667,0.08650829224562977
0.8589857651245552,0.032473309608540925,0.025355871886120998,0.08318505338078291
0.8600089166295141,0.034329023629068214,0.0231832367365136,0.08247882300490414
0.8656319290465632,0.03503325942350333,0.021286031042128603,0.07804878048780488
0.8675819309123117,0.03454384410983171,0.022143489813994686,0.07573073516386182
0.8676207513416816,0.03354203935599284,0.022808586762075134,0.07602862254025045
0.8675880517164511,0.03566651805617477,0.02050824788230049,0.07623718234507357
0.8683859493108048,0.035126722987994664,0.020453534904401955,0.07603379279679857
0.8655985758789497,0.036048064085447265,0.021361815754339118,0.07699154428126391
0.8611111111111112,0.03942652329749104,0.01881720430107527,0.08064516129032258
0.8572056239015817,0.03866432337434095,0.02240773286467487,0.08172231985940245
0.8591611479028698,0.039735099337748346,0.02207505518763797,0.07902869757174392
0.8540564373897708,0.04056437389770723,0.024250440917107582,0.08112874779541446
0.8522474410324877,0.040498442367601244,0.027147307521139297,0.0801068090787717
0.8505338078291815,0.04181494661921708,0.027135231316725978,0.08051601423487545
0.8466696468484578,0.04202056325435852,0.029503799731783638,0.08180599016540009
0.8465585269618588,0.0398947829899167,0.030688294607628234,0.08285839544059623
0.8450022016732717,0.04051078819903126,0.031704095112285335,0.08278291501541171
0.8484581497797357,0.04052863436123348,0.030837004405286344,0.0801762114537445
0.8453654188948306,0.0427807486631016,0.03208556149732621,0.07976827094474154
0.8477970627503337,0.04316866933689364,0.029817534490431688,0.0792167334223409
0.8491150442477876,0.04026548672566372,0.02831858407079646,0.08230088495575222
0.8528622540250447,0.04114490161001789,0.028622540250447227,0.07737030411449015
0.8465259454705365,0.04133685136323659,0.029023746701846966,0.08311345646437995
0.8528501988510826,0.037560760053026956,0.0273972602739726,0.0821917808219178
0.8511298183429331,0.038546743464776254,0.027913159060700046,0.0824102791315906
0.8541574032903513,0.03601600711427301,0.026678523788350377,0.08314806580702534
0.8514234875444839,0.03603202846975089,0.02802491103202847,0.08451957295373666
0.8561310314298363,0.03629924745462594,0.025675077467906152,0.0818946436476317
0.8542131074453856,0.036558181007579134,0.02630405706642889,0.08292465448060633
0.8539626001780944,0.03873552983081033,0.02804986642920748,0.0792520035618878
0.8481981981981982,0.04279279279279279,0.02972972972972973,0.07927927927927927
0.8409595735228788,0.04620168813860506,0.03198578409595735,0.08085295424255887
0.8450830713964975,0.04176021553659632,0.03188145487202514,0.081275258194881
0.8467087466185753,0.0387736699729486,0.032912533814247066,0.08160504959422904
0.8479789103690686,0.03998242530755712,0.028119507908611598,0.08391915641476275
0.851321092700403,0.040304523063143756,0.026869682042095836,0.08150470219435736
0.8524444444444444,0.03911111111111111,0.025333333333333333,0.08311111111111111
0.8502006241640659,0.04012483281319661,0.025858225590726706,0.0838163174320107
0.8511586452762924,0.040998217468805706,0.02406417112299465,0.08377896613190731
0.8512433392539964,0.041740674955595025,0.024422735346358793,0.08259325044404973
0.8463922089420097,0.041168658698539175,0.027445772465692783,0.0849933598937583
0.8465259454705365,0.04309586631486367,0.029023746701846966,0.08135444151275285
0.8451584114234717,0.0428380187416332,0.0285586791610888,0.08344489067380634
0.8505385996409336,0.0381508078994614,0.026929982046678635,0.0843806104129264
0.847585290208241,0.03633141338059371,0.02658396101019052,0.08949933540097474
0.849039749888343,0.034836980794997766,0.027244305493523895,0.08887896382313533
0.848780487804878,0.03636363636363636,0.02616407982261641,0.08869179600886919
0.8558718861209964,0.03291814946619217,0.025800711743772242,0.08540925266903915
0.8570151921358355,0.034405719392314564,0.025022341376228777,0.0835567470956211
0.8610987047789191,0.03439035283608754,0.02456453774006253,0.07994640464493077
0.8663101604278075,0.03609625668449198,0.02406417112299465,0.07352941176470588
0.8658645276292335,0.03342245989304813,0.022727272727272728,0.07798573975044563
0.8713398402839396,0.03371783496007098,0.022626441881100266,0.07231588287488909
0.8717834960070985,0.034161490683229816,0.022626441881100266,0.07142857142857142
0.8685840707964602,0.035398230088495575,0.022123893805309734,0.07389380530973451
0.8633733867378727,0.036048064085447265,0.02358700489541611,0.07699154428126391
0.8678492239467849,0.03370288248337029,0.025277161862527715,0.07317073170731707
0.8653421633554084,0.03664459161147903,0.024724061810154525,0.07328918322295806
0.8618565772107347,0.03695556533216014,0.024637043554773426,0.07655081390233172
0.8614699331848552,0.03608017817371938,0.025835189309576838,0.07661469933184856
0.8580843585237259,0.03866432337434095,0.02680140597539543,0.07644991212653779
0.8618857901726428,0.038069942452412575,0.02434705621956618,0.07569721115537849
0.8655311519497983,0.03809950694755715,0.02285970416853429,0.07350963693411026
0.8678237650200267,0.03515798842901647,0.023141967067200713,0.07387627948375612
0.8684326710816777,0.03620309050772627,0.02207505518763797,0.07328918322295806
0.8707964601769912,0.03584070796460177,0.02168141592920354,0.07168141592920355
0.8652135231316725,0.03692170818505338,0.023576512455516015,0.074288256227758
0.8667258996001777,0.03598400710795202,0.02265659706796979,0.07463349622390049
0.8654867256637168,0.03716814159292035,0.020353982300884955,0.07699115044247788
0.8654945054945055,0.035164835164835165,0.02065934065934066,0.07868131868131868
0.8630926007975188,0.03633141338059371,0.01905183872396987,0.0815241470979176
0.8624551971326165,0.035842293906810034,0.01881720430107527,0.08288530465949821
0.8651183564091112,0.03707012058954891,0.01786511835640911,0.07994640464493077
0.8737734165923283,0.03256021409455843,0.0191793041926851,0.07448706512042819
0.8749441715051363,0.0321572130415364,0.019205002233139794,0.07369361322018758
0.8710255261979399,0.033139274518584866,0.02104791759964174,0.0747872816838334
0.8652734548688306,0.03601600711427301,0.02267674522009782,0.07603379279679857
0.8661311914323963,0.03792949576082106,0.020526550647032574,0.07541276215975011
0.8688524590163934,0.0358883473637572,0.022153300841825433,0.07310589277802393
0.8724534986713907,0.03587245349867139,0.022586359610274578,0.06908768821966342
0.8717834960070985,0.03682342502218278,0.022626441881100266,0.06876663708961846
0.8698539176626826,0.035413899955732624,0.02434705621956618,0.0703851261620186
0.8707964601769912,0.034513274336283185,0.024778761061946902,0.06991150442477877
0.8702726473175022,0.03342128408091469,0.024626209322779244,0.07167985927880387
0.869411243913236,0.03408587870739265,0.025232403718459494,0.07127047366091191
0.8719753629564452,0.03607567091948966,0.024197096348438186,0.06775186977562693
0.8707964601769912,0.03672566371681416,0.023451327433628318,0.06902654867256637
0.8763345195729537,0.03692170818505338,0.022686832740213523,0.06405693950177936
0.8744454303460515,0.03771073646850044,0.022182786157941437,0.06566104702750665
0.871498443752779,0.03912850155624722,0.02267674522009782,0.06669630947087594
0.8693156732891832,0.040176600441501106,0.024724061810154525,0.06578366445916115
0.8682688028482421,0.04138851802403204,0.0258121940364931,0.06453048509123276
0.8719892952720785,0.03969669937555754,0.0231935771632471,0.06512042818911686
0.8777041942604856,0.03664459161147903,0.023399558498896248,0.06225165562913907
0.8766032728881026,0.0367094206103494,0.02344095532950022,0.06324635117204777
0.8796992481203008,0.03759398496240601,0.020787262273330383,0.06191950464396285
0.8784798939460893,0.039770216526734424,0.019001325673884226,0.0627485638532921
0.8740609809986744,0.0410958904109589,0.019443216968625717,0.06539991162174105
0.8729946524064172,0.0427807486631016,0.0196078431372549,0.06461675579322639
0.8761692650334075,0.042761692650334075,0.0200445434298441,0.06102449888641425
0.8770675011175681,0.042914617791685296,0.019669199821189094,0.06034868126955744
0.8800178412132025,0.0383586083853702,0.02230151650312221,0.059322033898305086
0.8833922261484098,0.036219081272084806,0.022968197879858657,0.05742049469964664
0.8827433628318584,0.03761061946902655,0.02168141592920354,0.05796460176991151
0.8844621513944223,0.038955289951305885,0.023461708720672863,0.05312084993359894
0.8839050131926122,0.04001759014951627,0.022427440633245383,0.05364995602462621
0.8837719298245614,0.03903508771929825,0.0206140350877193,0.056578947368421055
0.8842386464826358,0.0396260017809439,0.019590382902938557,0.05654496883348174
0.8850626118067979,0.03935599284436494,0.020125223613595707,0.055456171735241505
0.8864142538975501,0.0378619153674833,0.020489977728285078,0.055233853006681516
0.8846153846153846,0.03669319186560566,0.022104332449160036,0.05658709106984969
0.8856137263528376,0.03695556533216014,0.02155741311042675,0.05587329520457545
0.8837106080781181,0.037283621837549935,0.023968042609853527,0.05503772747447847
0.8799107142857143,0.03571428571428571,0.02544642857142857,0.05892857142857143
0.881484794275492,0.03577817531305903,0.025044722719141325,0.057692307692307696
0.8841544607190412,0.03595206391478029,0.02529960053262317,0.05459387483355526
0.8854213107445386,0.036558181007579134,0.023629068212215783,0.05439144003566652
0.8846153846153846,0.03404067197170645,0.025198938992042442,0.05614500442086649
0.8884514435695539,0.031933508311461065,0.024496937882764653,0.05511811023622047
0.8888888888888888,0.032,0.021777777777777778,0.05733333333333333
0.8900709219858156,0.03324468085106383,0.02349290780141844,0.05319148936170213
0.8891820580474934,0.03210202286719437,0.023306948109058926,0.055408970976253295
0.8865248226950354,0.03280141843971631,0.02304964539007092,0.057624113475177305
0.882039911308204,0.03237250554323725,0.02483370288248337,0.06075388026607539
0.880920761398849,0.03497122620628597,0.025675077467906152,0.05843293492695883
0.8814229249011858,0.034255599472990776,0.026350461133069828,0.057971014492753624
0.8788958147818343,0.033392698130008905,0.024487978628673197,0.06322350845948353
0.873058144695961,0.03417665335108744,0.027518863737239236,0.06524633821571238
0.8808359270787016,0.030680302356602934,0.02712316585148955,0.06136060471320587
0.882145998240985,0.02990325417766051,0.025505716798592787,0.06244503078276165
0.8788410886742757,0.02897278314310799,0.025460930640913083,0.06672519754170325
0.8786256135653726,0.030789825970548863,0.023650156180276664,0.06693440428380187
0.8778966131907309,0.035204991087344026,0.02540106951871658,0.06149732620320856
0.8760035682426405,0.036574487065120426,0.02408563782337199,0.06333630686886708
0.8787205686361617,0.0368725011106175,0.025322079075966238,0.05908485117725455
0.8756108396268325,0.037316748111950244,0.02665482007996446,0.060417592181252776
0.8743386243386243,0.03571428571428571,0.02821869488536155,0.06172839506172839
0.8722271517302573,0.0354924578527063,0.02883762200532387,0.06344276841171251
0.8758344459279038,0.03159768580329328,0.03159768580329328,0.060970182465509566
0.8810474922325788,0.031069684864624945,0.03062583222370173,0.05725699067909454
0.8815672306322351,0.029385574354407838,0.030721282279608193,0.05832591273374889
0.8863037752414399,0.027216856892010536,0.028533801580333626,0.05794556628621598
0.8817777777777778,0.028888888888888888,0.028444444444444446,0.06088888888888889
0.8823266219239374,0.02774049217002237,0.031767337807606266,0.058165548098434
0.8824843610366399,0.028150134048257374,0.031724754244861486,0.057640750670241284
0.8866071428571428,0.03080357142857143,0.03125,0.05133928571428571
0.8907152376721457,0.029764549089293647,0.029764549089293647,0.04975566414926699
0.8874172185430463,0.029580573951434878,0.031346578366445915,0.051655629139072845
0.88706091596265,0.030680302356602934,0.031124944419742107,0.05113383726100489
0.8898267436694802,0.029764549089293647,0.03198578409595735,0.04842292314526877
0.8898305084745762,0.030330062444246207,0.032114183764495985,0.047725245316681535
0.8909973521624007,0.032215357458075904,0.03089143865842895,0.04589585172109444
0.8923487544483986,0.03113879003558719,0.03158362989323844,0.0449288256227758
0.8941964285714286,0.02857142857142857,0.033035714285714286,0.044196428571428574
0.8964747880410531,0.027666220437304774,0.03168228469433289,0.04417670682730924
0.8972542072630647,0.030558015943312665,0.030115146147032774,0.0420726306465899
0.896155545735749,0.03137428192664605,0.02828104286345559,0.04418912947414936
0.8958891867739053,0.029490616621983913,0.032171581769437,0.04244861483467382
0.8947841726618705,0.03192446043165468,0.030575539568345324,0.042715827338129495
0.8949227373068432,0.030022075055187638,0.031788079470198675,0.04326710816777042
0.8918439716312057,0.03102836879432624,0.031471631205673756,0.04565602836879433
0.8907563025210085,0.029632905793896505,0.03140203449800973,0.04820875718708536
0.896551724137931,0.026967285587975242,0.026967285587975242,0.04951370468611848
0.8992007104795737,0.026198934280639432,0.02575488454706927,0.04884547069271759
0.8995065051592642,0.02736653207716465,0.02557200538358008,0.04755495737999103
0.8960285586791611,0.027219991075412762,0.027219991075412762,0.049531459170013385
0.8983200707338639,0.026083112290008842,0.026525198938992044,0.04907161803713528
0.8964589870013447,0.027790228597041687,0.024652622142536978,0.051098162259076645
0.8917225950782998,0.030425055928411632,0.024161073825503355,0.053691275167785234
0.8923349579087284,0.03190075321222862,0.02525476295968099,0.05050952591936198
0.8915555555555555,0.03333333333333333,0.028,0.04711111111111111
